,#10,#11,#12,#13,#17,#18,#26,#49,#50,#51,#52,#53,#54,#58,#101,#102,#201,#202,#301,#302,#401,#402,#501,#502,#601,#602,#701,#702,#801,#802,#901,#902,#1001,#1002,#1101,#1102,#1201,#1202,#1301,#1302,#1401,#1402,#1501,#1502,#1601,#1602,#1701,#1702,#1801,#1802,#1901,#1902,#2001,#2002,#2101,#2102,#2201,#2202,#2301,#2302,#2401,#2402,#2501,#2502,#2601,#2602,#2701,#2702,#2801,#2802,#2901,#2902,#3001,#3002,#3101,#3102,#3201,#3202,#3301,#3302,#3401,#3402,#3455,#3501,#3502,#3601,#3602,#3701,#3702,#3801,#3802,#3901,#3902,#4001,#4002,#4101,#4102,#4201,#4202,#4301,#4302,#4401,#4402,#4501,#4502,#4601,#4602,#4701,#4702,#4801,#4802
#10,1.0,0.153393254118603,0.3374118420391935,0.17897994677427453,-0.09658780190535315,-0.1412408076068052,0.07752514071037628,0.6501481281982224,0.10802357269693746,0.5002022212382513,0.45860033688323665,-0.10416082750939211,-0.1632623809154277,-0.08784435811874906,-0.2900035149063985,0.12455915313579864,0.2891124633103115,0.2331186349381696,-0.08648313073169396,0.005739796500613967,0.020014881292024816,0.15442398900792909,-0.1956908160517102,-0.25698256697722616,0.29639425381276047,-0.07951539939835758,-0.04696188837205056,0.22107300506237818,0.018162479971880748,-0.092652932664436,0.17022828632336226,0.0594010051719337,0.13295201924525374,0.053530655005089765,-0.017888591161608094,-0.22838218444585445,0.007680755202746191,-0.13559961107788943,-0.029799102557665005,0.09110546088639548,0.01171422441536151,0.04884989523753007,-0.35497541847927805,-0.3495496811477767,-0.44031825879753683,-0.302628876097267,-0.05626954310781633,-0.040269871774388656,-0.04719743274888504,-0.09031666111281024,-0.06234622284506566,0.09162037184970807,-0.062042206265663015,-0.008993595566653124,-0.009455554693313004,0.11558929459936915,-0.11879105479145649,-0.3932468149013772,0.011048674606398955,-0.018836246445151483,0.17087557687830662,0.10694992856066865,-0.4565863411650317,-0.17019998447963408,0.4246865114325754,0.1445356899943853,-0.35785855468874816,-0.26021993271464894,0.03232709627648162,0.05959181437642365,0.13938749332396025,0.07324425860581465,0.14366928839122278,0.3204243450633824,-0.12136743553342129,0.2394071220220298,0.34952594411755306,0.33493040941812324,-0.3997635426604646,-0.3047579051157865,-0.07983402338097477,-0.1571902659916829,,-0.35779099544888093,-0.17792091004122026,0.24711983091930778,0.10543988825336541,-0.11873171221589741,-0.24689067728137967,-0.39521881433534034,-0.2312534521402128,0.015142399357274258,-0.1634157586491804,0.15356397814367295,0.04085416790297033,0.3678198907183647,0.2967137907580786,0.24235233969516176,0.16677363546312315,-0.003740408185623576,0.1871327036933906,-0.11371680809980508,-0.06853154514372316,0.0014762606873696175,0.11371954698790782,0.1885131032971648,0.074012060237279,0.1670137446534622,0.08201965608695057,0.11801138464488033,0.040391295813609535
#11,0.153393254118603,1.0,0.16239050153605974,0.030827098558888377,0.0047811856646596705,0.021036486554341823,0.1276687040950942,0.059817316163548136,0.22143088644113446,0.1464246098225657,0.07233951256921399,0.04017218476539141,-0.08558386247129873,-0.074022102826989,-0.17026024001789408,0.023485965480880278,0.03216641484112166,0.21117101160832075,0.027359666220836548,-0.021828938178730706,0.02394701164483925,-0.011049587569099864,-0.198607731881114,0.10091524510766113,-0.06697037892516901,-0.12094838565370412,-0.020316158983324735,0.05456595470792041,-0.03315789233430868,-0.042006326831517296,-0.1363738034482601,0.005381915121857697,-0.04179817133571008,-0.08915172070645054,-0.02067130147397828,-0.1327119100549147,-0.018358766952576152,-0.0691550986684439,-0.19557213090059206,0.065618281165123,-0.06307111522958729,-0.02745461434173107,-0.10013831384918769,-0.07694814828340188,-0.3060771362185998,0.06139217682261591,0.0117854355060324,-0.05386206046551968,-0.02839313999826537,-0.039731223780852434,-0.06258176722190015,-0.07875033665499596,-0.06203398960135484,-0.04384685963654955,-0.1257213546540556,-0.10068883035783573,-0.12586742868620102,-0.19928423724248745,-0.04108971227980481,-0.09117484605166457,0.06648194388018278,0.07423208424819804,-0.12870765564872846,-0.020956145836661843,0.14480318806575157,0.0969119036641758,-0.08459329794081263,-0.11045661829485956,0.16551283397316802,0.22552552415471067,0.19130494323654407,0.109801111075607,0.020063268315172984,0.04343693938384147,-0.10820890412522197,0.11519032989907198,0.10332911848886414,0.08016634180410559,-0.20698416466195274,0.04364692080505051,0.0032948823875800556,-0.23213537410929078,,0.10662126198834147,-0.17494830348706103,0.18187769038695925,0.14103539099910073,-0.07068522415516713,-0.1938338499180616,-0.12405245883679422,-0.09861457910137081,-0.185205439431772,0.026646642351426733,0.03754102626137209,0.12635768965658908,0.1446324640406816,-0.0032273231477128,0.20649938146777014,0.11300378423039527,0.03087913743284018,0.024031004213322864,-0.08203882830366965,-0.12807953731050317,0.008058721760922458,0.017509711640730917,-0.044719651978618415,0.05901664787485107,0.17018902892722318,0.11291613981110801,0.1384562713690332,0.08822232467692533
#12,0.3374118420391935,0.16239050153605974,1.0,0.23964631824966792,-0.1529093838871213,0.08931696695531505,-0.16049245208087023,0.3257085731762429,-0.030691980079153865,0.2637120150456253,0.3055110993440363,-0.050678559527450505,-0.06274062273185829,-0.01338768504612744,-0.32283274066837997,0.15086343447438455,0.5536315373835402,0.4737153473594836,-0.34166533526272785,-0.03259368138514701,-0.08153030807926342,0.07099197962267252,-0.014754390209387996,-0.14912058867834954,0.18125961463844395,-0.0024239159709130084,-0.016038928729566755,0.38921151976336005,-0.17526966635778096,-0.19720816006062072,0.3110692162671694,0.1527149228318277,0.3510241159097445,-0.1635609197186249,-0.15924899688223237,-0.30997092213797606,-0.3838013027977742,-0.47159362204257144,-0.18498450245815207,-0.1490128590796423,-0.0004546554250526095,-0.15412271131662916,-0.37835913213765654,-0.32067175795532876,-0.34741882620385545,-0.1863594242857208,0.06998772065167277,0.15913852839542242,0.14872710175425782,0.1376300401247107,0.24809304915847663,0.479330980932774,0.3151392039878211,0.35423409276614004,-0.01104593571829623,-0.003452824934837287,-0.07084225373972346,-0.19666403429087906,0.06595333847635655,0.24257601555688443,0.009931208260486518,0.04747406044726043,-0.22901943241108885,-0.22149114197939443,0.21081313022956447,0.21891750012553238,-0.18611292435647542,-0.30231207804005167,-0.14695960596529828,0.13942948960820206,0.2718337312329105,0.1736254205334441,0.03354955333299858,0.18323891777401435,-0.0358712174814098,0.1389173175329922,0.07340767892927734,0.12869487417091574,-0.17503412198094648,0.01338768504612744,-0.14251439057457307,0.09353120278271031,,-0.34994773288537295,-0.08508994965010705,-0.056788105921932557,-0.01789772078861718,0.0038024896492853785,-0.028756499153227096,-0.18655936311721985,-0.15508406104068617,-0.10720555811692313,0.027291194018268385,-0.10561700301734173,-0.25268707746944996,0.4998680768897187,0.0768057261020601,0.524815695654754,0.49932577704537884,0.11748916997996046,0.5710326064628629,0.2251393409322262,-0.04813321951731662,0.35007372173809836,0.4160727083495004,0.32475270122839134,0.4398508218946715,0.059584510674816384,0.1884218070270739,-0.18303532709171166,-0.25913350710056743
#13,0.17897994677427453,0.030827098558888377,0.23964631824966792,1.0,-0.06810701748780054,-0.062481341324800176,-0.15955575234973776,0.2503371114773106,0.006604372178374653,0.20991660085727198,0.07940219202344488,0.08106834895260354,0.06401511866232705,-0.07973177155847298,0.1444142659551644,0.09241282347409696,0.14148091679714425,-0.10987049624087608,0.10546636417169176,0.14757311690030903,0.15464127413074538,0.19373981475986798,0.22172759931892982,0.1092432908653517,0.23649477100613053,0.250583611406556,0.24055928095057677,0.14456125295001074,-0.0013950070069887294,0.09749437386735565,-0.2185787909634952,0.17448451843499935,-0.14365376802530733,0.03319167195424231,0.23224584259610073,-0.12794076697996504,0.12298703136483359,-0.08769098038499637,0.24906261554684184,0.11395143951393866,0.02534110568912707,0.1949869218093095,-0.012667357475110354,0.019378546289491344,0.003535904540619993,-0.002915089904001972,0.07462648413499066,-0.055682508091131934,-0.038543459306970014,-0.06783312867752787,-0.026291499860773188,0.09339243245217217,-0.11367298589016146,0.09953028069038239,0.06305742078907366,0.1338868930509844,-0.12101320600546865,-0.03945003126897251,-0.20999785453765285,-0.10552753267265266,-0.23363902367768766,-0.1845125007417822,-0.04188490279229642,-0.08725641013936376,0.0004628720893607892,-0.009439121364696646,-0.09778287008084284,-0.14284853492310573,-0.0007248923845216303,-0.10170952265745183,-0.02506356502805078,0.042294823045004495,0.07797431835922343,0.17311598734633696,-0.004722756051801504,-0.10948066116758799,-0.08429841098841907,-0.15931107834589417,-0.025394970488480693,0.10831206891042466,-0.0715990998187769,0.10617025841409249,,-0.2986647920499208,-0.09772991824419014,-0.21081952096847084,-0.09732091095418297,-0.10282607604066336,0.09301172700589318,0.003221845371507347,-0.04491776488471563,-0.10966781852127432,-0.026917792273596662,-0.1651677340722245,-0.179616281776808,0.03271327949896607,0.1633153327520804,-0.09305281032743408,0.10048523967553305,-0.06610854213551105,0.0185285780149452,-0.015063884564996096,-0.1564699384206658,-0.16148392957405724,-0.1665298744219805,-0.18411718789228865,-0.16495866561371636,-0.051643561102311164,-0.013781171970219157,-0.19608339001310102,-0.17255634121067984
#17,-0.09658780190535315,0.0047811856646596705,-0.1529093838871213,-0.06810701748780054,1.0,0.46499564060310317,0.3277928670224178,0.07143659245801513,0.22697530892375392,-0.1803457389748342,-0.06168249896150493,0.4766194817110747,0.43496738440751004,0.5822017921457819,-0.1547946518644981,-0.5134630044689524,-0.22953525633710234,-0.17846777469906466,-0.2703492538812327,-0.365553004332008,-0.37894160234083635,-0.4663888216846901,-0.13697453290545814,0.07508296548544509,-0.37257003565119345,-0.05897099973980563,-0.18962600482957268,-0.3968466268310608,0.23441321604805837,0.23621814330775517,0.0015182569716114247,0.19970328712220461,0.06871870249740947,-0.0025736418538620603,0.05479328242044671,0.43108364107784375,0.04405227624425404,-0.10258414092492252,-0.1600971392313767,-0.310151688752756,0.007838697750003424,-0.2711499221699297,0.5704574399612904,0.30415534973318664,0.28046396764460185,0.2766213076364765,0.3431069033674629,0.12388264777442518,0.1737258464305441,-0.057614337166255074,-0.011657620727905162,-0.11357621184386511,-0.0537817197478397,-0.1432995384973547,-0.20132744776712147,-0.34049948189366724,0.017464976468386385,0.09467970986045365,0.03976774228888879,0.1015616226999046,0.15208863041900422,0.281124039677359,0.5861549206407172,0.09710088694326394,-0.460750364043877,-0.2818891024207206,0.5844020322549722,0.3996713334276728,-0.15447237603107725,0.05440344734715863,0.08044205653978007,-0.2906745424915665,0.08128746000082167,0.06726983069106712,0.21905992230687416,0.2206420866675492,-0.20638069631665198,-0.016930893288354704,0.2832357224045612,0.01351549982425468,0.314940178119023,0.3292974295535156,,0.2827509392103786,0.4357543582556935,0.15296690053727854,0.11370128773388963,0.12772165593174692,0.2374479040658794,0.4172431265320655,0.49665992595872493,0.24060766797372493,0.39103196738897233,-0.08728014716958739,0.01180917253625603,-0.32471161790685044,-0.3469787781820174,-0.07527925246614049,-0.03587578229491434,0.05387666786873422,-0.11615715739933445,0.12997119602678633,0.2128882944487303,0.09256620120784965,0.21413357557276996,0.2120136761812596,0.05510825455226027,0.09711092953297393,-0.06797828974697238,-0.012387077925931337,-0.07553579498509588
#18,-0.1412408076068052,0.021036486554341823,0.08931696695531505,-0.062481341324800176,0.46499564060310317,1.0,0.16956638836520335,-0.21729699133141916,-0.00764241076930802,-0.16774320185148836,-0.13528098709527223,0.5482788370681115,0.5802736149214623,0.26406715753627885,-0.3128403639069326,-0.4120428909876887,0.006149716753322043,0.029953393254118603,-0.2665768920010773,-0.21627538606910215,-0.3678509314501956,-0.37510624603431825,-0.12727795605910522,-0.18708431667024245,-0.37908402452217815,-0.18313849187691436,-0.015783299173312275,-0.16863881826107993,0.3712252415927547,0.3152131539665947,-0.042638097020546224,0.26824122300483416,0.1381851214468633,0.049158476630437264,-0.041760739864972814,0.1402904134351591,0.10344323882647774,-0.09577617806424518,-0.15255515435916867,-0.20303742690592375,0.03957875900980065,-0.16630802448565965,0.3207274486800842,0.05574185066669101,0.06841103406720318,0.017720606024640862,0.2884505653521525,0.2090940214637531,0.2884971264498989,0.2694728096883602,0.1732529317514733,0.11545143723153191,0.048553182359734694,0.07582703008668581,-0.2557591969580083,-0.2635787224912926,0.11622197775109898,0.046310945966302544,0.12106341895401863,0.31662094245139616,0.20506055225113778,0.21224830759539318,0.35418479278029097,-0.25969589212432725,-0.1596214856642032,0.13940392665257662,0.4125395426969831,0.18848936626694116,-0.21988615355119667,-0.07954278827938485,0.07095454815193525,-0.19991052965531092,-0.06078140477570789,0.15095838259527908,0.20665732401502737,0.23513263065637455,-0.12340242939374711,0.042461895219270816,0.22246070836775964,-0.029719674802685937,0.3715036952165319,0.5665673058927178,,0.27185107752422777,0.3787243172180201,0.00991386196916925,0.04324795610475334,0.07032460388830815,0.32631386744694546,0.3247180086457568,0.29696942031433304,0.10670890640762871,0.2164744119379003,-0.04646523666275614,-0.04224187120835178,-0.19894278919234754,-0.1700383900815732,0.09663984077930496,0.17081714726544847,0.09679047962495492,0.13245901938676297,0.06514993129955676,0.2660628940004656,0.25695061328269436,0.2561307727772782,0.2530130051536744,0.1646345638548937,0.08325580758398116,0.1233284794149735,0.002777232536164735,-0.0710111518393916
#26,0.07752514071037628,0.1276687040950942,-0.16049245208087023,-0.15955575234973776,0.3277928670224178,0.16956638836520335,1.0,0.07329173266626192,0.10877311507438364,0.29570131512277065,0.31938539350974815,0.37622919015643613,0.22648504795336585,0.34320002556295565,-0.28482519046684346,-0.11295722313264892,-0.08781149146151634,0.001021605262317008,-0.2117032688629506,-0.09146425522785266,-0.2617555359775776,-0.16343127901509583,-0.3923521114544865,0.09553880776200889,-0.3235366349107807,-0.03449720861654197,-0.26011768089214715,-0.13975906914323016,0.2062583593147302,0.17703259733323595,0.04884533042402553,-0.055695289568944664,0.05780605933344593,0.10390611091583854,-0.0671757955328735,0.02322942296192489,0.028893443558363423,-0.08850169126340343,-0.35503110920403347,-0.055117384179269355,0.05318555510414622,-0.09993837501768865,0.2913729589577618,0.11466081153254484,-0.006264750053636559,0.12085161160740777,0.19201431525515025,0.1016647874851073,0.15363884108514747,-0.2405538031743713,-0.06860732104789859,-0.19621303071663007,-0.14125632797272067,-0.10875485582036545,-0.18409801567556958,-0.11802142723459033,-0.10740367102302036,-0.07234864219622307,0.13693253662121635,0.05082645948499774,0.17519480341630642,0.15940328757868596,0.1307298680312416,-0.08425824062957908,-0.10575668631058079,-0.12114923744790407,0.28119251187992717,0.3947623329848859,-0.07188577010686228,-0.05735596872189787,0.10908078350458993,-0.2531316903047926,-0.06933221343242021,0.027878229034952778,0.010493593284246372,0.23079331893895474,0.11327310822716338,0.13066778656757977,0.11902294731748735,0.007751053330716174,0.3273409504854679,0.21505201604988428,,0.17152469335865284,0.210156710047611,0.0694015985976893,0.014004847831941825,0.07695088717150461,-0.10624968616907156,0.16401922699448115,0.14602108030876398,0.013971981174709108,0.10871103361072183,-0.001397745895091456,0.06342990957104447,-0.20965366759941023,-0.24954648577832353,0.08165538396928794,-0.06911949312310846,0.0620714210720921,-0.18874956063670018,-0.017274167263896432,0.2195474443891595,0.08234740969657685,-0.040723614236740355,0.11921832133548184,0.007612283000178028,0.07433433607069984,-0.0930865899473677,0.15224383407815872,0.088736322677537
#49,0.6501481281982224,0.059817316163548136,0.3257085731762429,0.2503371114773106,0.07143659245801513,-0.21729699133141916,0.07329173266626192,1.0,0.07040129275518449,0.49211063282009615,0.48677984360948934,0.042710221073918024,-0.12059780797655512,0.08589700867771047,-0.05779875563183866,0.05606230057471002,0.14770914834274446,-0.03970109601172244,0.04016761995188686,0.051017268689487694,0.21408792743772453,0.15668813650618305,6.755923986725522e-05,-0.13007436081198903,0.2918294403082162,0.07430877311507439,-0.16125295001072731,-0.005750752053024874,-0.13153418817074228,-0.10082394883757025,0.1549306833069335,0.05699443549233796,0.03936238684968526,-0.05214751651321285,-0.033500253347149504,-0.08479323677231167,-0.082486180027115,-0.22827810669795084,0.050112522652887015,0.06260276536402105,0.08652330109053395,0.06640525501330644,-0.11281388798860623,-0.12559445283862927,-0.2156016195958314,-0.05253278677299639,-0.11401169505219864,-0.20240383079149302,-0.265688579293093,-0.3028616815859988,-0.10613921768226159,0.07933006797007308,-0.010760178392911757,0.012167966877713212,0.18093186102881767,0.13053084216244346,-0.2305833375177457,-0.30198249850502357,-0.16284698288651417,-0.09824939402100727,0.07614747999470482,0.0038590933367417275,-0.2303541838798176,-0.18425961007363045,0.13373716716803535,0.01703131918545468,-0.26965631519124283,-0.22797135123044548,0.060121332742950784,0.018410805826527956,0.09360058794797939,0.044664874216563885,0.3715812970461092,0.38974742886879354,0.1068412859992605,0.12821374282753678,0.13274660263754925,0.06279448753121192,-0.3192411454030046,-0.2226013046236996,-0.17139231376702105,-0.04299780432470431,,-0.3360633961299511,-0.0317574075511145,0.1826975308923754,0.06380787612922074,0.054368754764524095,-0.1416297297173924,-0.19598387707870196,-0.021807940036609803,-0.023183774826879448,0.01648993230381573,-0.034037988377984815,-0.10615747693627976,0.416787558144312,0.15604632372744412,0.07739458704414631,0.016966498833690148,-0.07427773238324348,0.06167336933449584,-0.16021856327059758,-0.1502197957702438,-0.1464045246431457,0.03794638170057562,0.06268401904440193,-0.03937516832749798,0.023351759963846676,0.01804105593265987,-0.1233485645943935,-0.2472147790402023
#50,0.10802357269693746,0.22143088644113446,-0.030691980079153865,0.006604372178374653,0.22697530892375392,-0.00764241076930802,0.10877311507438364,0.07040129275518449,1.0,0.12680869323083804,0.02157148269707441,-0.01971725545152853,-0.002918741754805607,0.17768445270168487,-0.07348254187075187,-0.20894612150620587,-0.1040677053138994,0.015036495683968832,-0.12958136095349823,-0.2736925232919609,-0.11440883382709399,-0.1544066427166118,-0.004222452491703451,-0.058856879402192024,-0.09752997941269109,-0.10420556268173664,0.07372721587459545,0.01902888157504325,0.04999292453906796,0.01726138578608371,-0.03321906083526958,0.03346373483911315,-0.11800134205517034,-0.06610854213551105,-0.007255314584122666,0.10025517307490403,-0.007828655160293426,-0.17539291632240364,0.1075424413535585,0.014622010617756212,-0.16062574463520293,-0.2828897095409167,0.15884272848032793,0.062464907996183816,0.09577435213884337,-0.05521324526286479,0.11312338234421433,-0.04130425851451839,0.07543719501339773,-0.02035450341676291,0.06128444722390867,-0.08699347688150201,-0.059102466368736506,-0.04474338900884205,-0.0703611223963445,-0.15700767345150113,0.044776255666074766,-0.15328369859449392,0.19217773557861292,0.09454185249261642,0.18715004998470788,0.2177050856587254,0.06657415311297457,0.07523177840569324,0.0009549589851506617,-0.09919613634184975,0.06014141792237078,-0.19077907672082056,-0.08618641785389858,0.17950581328999804,0.18579430037385822,0.015319514121250577,-0.08854733939844887,0.028144814143618163,-0.09776004601332013,0.02288614898638316,0.027473786558450154,0.11426367275764948,-0.10266082979179886,-0.06707993444927808,0.1144407875216258,-0.11754486070471591,,-0.10290824268374515,-0.16960016798513697,0.22413416899852556,0.1444873029712371,-0.0836100371119338,-0.0724636754965376,-0.041053193771768456,0.12116019300031497,0.09490886349838178,0.2807971990304336,0.13099280128910334,0.1463333135524748,0.08903486148073421,-0.16640114668115233,0.027355101407332005,-0.07933371982087672,-0.03413476242428116,0.03106172997302195,-0.06933860417132658,-0.014403812532238996,-0.09034039814303386,-0.13795322892083245,0.04652457923831522,-0.07984315300798386,0.18399119903956324,-0.13042767737724076,0.184514326667184,0.10047702301122488
#51,0.5002022212382513,0.1464246098225657,0.2637120150456253,0.20991660085727198,-0.1803457389748342,-0.16774320185148836,0.29570131512277065,0.49211063282009615,0.12680869323083804,1.0,0.6140459311534827,-0.004840528240218746,-0.0009056589993015835,0.0036335915496172404,-0.10447853852930838,0.06961614483240287,0.41315305363199384,0.0927871381814696,-0.0772795537438318,0.010916295014767171,0.1049541920964819,0.0584834776575203,-0.07727498893032725,-0.15978308006226405,0.30237781135451713,-0.03587669525761525,-0.00032136287071991674,0.21332469061976472,-0.055207767486659336,-0.18930464195885277,0.11520767619038924,-0.07513135250859326,0.06529509236900126,-0.05379084937484879,-0.07892653845627137,-0.40820662171846966,-0.12214436679189472,-0.31757681439924773,-0.06730543623640256,0.03954589235256794,-0.032524296219877936,-0.048083006568766636,-0.16839323129453546,-0.36569086169984527,-0.2562147653457618,-0.1964220991751382,0.0334582570629077,-0.008095240268958812,-0.019467103671479503,-0.13715073470673356,-0.06030940305933801,0.02508730205827441,0.004913565256291454,-0.00651855368448922,0.15775995471705004,0.08623845672785038,-0.08305130393897757,-0.2723212533151958,0.04173791579745009,-0.031228802147288272,0.07577042639922946,0.09032487777711841,-0.3446151177493644,-0.2598237069024545,0.2680832804575769,0.10054184336298941,-0.24782646404981123,-0.10779624498441116,-0.04950357653138081,0.003196282415881899,0.0309841281434447,-0.012159750213405032,0.01204106506228688,0.021691080810893472,-0.08524424034656064,0.10385407204188672,0.19852373931263037,0.11938082869624361,-0.17232353572194808,-0.23494638626538913,0.050829198373100466,-0.004416913546997038,,-0.2956200614423898,-0.20569232244016672,0.0671958807122935,0.02020203864571113,-0.033455518174804966,-0.2479643214176485,-0.15795441577234362,-0.08832001168592257,-0.11805885870532759,-0.026763501577143065,0.1137807154888687,0.00947472691003209,0.24404040772914223,0.024706596611995417,0.21052006920257274,0.23343269410728223,0.22411956159531102,0.09001081860800576,-0.1527961765122086,-0.04245276559226173,0.02376350614195657,0.06037422341110254,0.18630282059826445,0.08770832667631363,0.020076962755686618,0.021419930888723543,0.0638133539054262,0.002821967708509269
#52,0.45860033688323665,0.07233951256921399,0.3055110993440363,0.07940219202344488,-0.06168249896150493,-0.13528098709527223,0.31938539350974815,0.48677984360948934,0.02157148269707441,0.6140459311534827,1.0,0.12269123144973912,-0.038360866766788244,0.16081016310078652,-0.08884770412704789,0.14409746789794903,0.2089899437158495,0.12716200979608977,-0.10361213692614588,0.03447438454901925,-0.08107839154231354,0.005987209392560267,-0.11316081381495159,0.029593685949960515,0.026509697946290406,-0.015269301172700589,-0.26946094117324837,-0.026836538593215775,-0.09529778560896894,-0.11932513797148818,0.09718579247444846,-0.0555857340448356,0.1542925223789982,-0.16950339393884062,-0.1563256903139222,-0.201392268118886,-0.15675113093254575,-0.2008353608713316,-0.25640374862484994,-0.0598237069024545,-0.06414841121665975,-0.02691961819899848,-0.17759133050619216,-0.12094564676560139,-0.21289194629953392,-0.017411111669032763,-0.008784527108144997,-0.03277627392532878,-0.01726777652499007,-0.19047506014141793,-0.0494095413731872,-0.0158581621147868,-0.024885537301373554,-0.1335454450008445,-0.12224935750249924,-0.024016396810108323,-0.1655813061757362,-0.21582164360675044,0.012410814956154967,-0.10542710677555268,0.11162064573851835,0.09917879005053248,-0.09402785449200472,0.0029625639644492324,0.11542039649970101,0.017010321043333776,-0.03417401982042024,-0.0169820191996056,0.03382618103137396,0.1425673424112258,0.21853405579115065,0.08877284118557337,0.17761871938721943,0.05704190955278522,-0.15017688652330108,0.1478798723678144,0.07417365463533987,0.12108167820803681,0.04989249864196798,-0.0662883957875901,-0.028970132425239766,-0.002118986428809451,,-0.2705245427198072,-0.050621955839994154,0.06665814568145818,0.0968087388789731,-0.3430128682092693,-0.20904746036600674,-0.14179954077976145,-0.005747100202221239,-0.031424176165282765,0.05897008677710472,0.06079236032811879,0.022304591745904222,0.2502248170650988,-0.05192840546499473,0.22322759703652306,0.15235795441577235,0.07114261846832248,0.1194301286820927,-0.07526008024942141,-0.044191959537493095,0.14249065354434945,0.15877425627775976,0.2632391003665545,0.1536854021828938,0.0385425463442691,-0.04680851063829787,-0.016929067362952886,-0.026298803562380457
#53,-0.10416082750939211,0.04017218476539141,-0.050678559527450505,0.08106834895260354,0.4766194817110747,0.5482788370681115,0.37622919015643613,0.042710221073918024,-0.01971725545152853,-0.004840528240218746,0.12269123144973912,1.0,0.6168715507127956,0.28075885459699546,-0.2298611840213268,-0.3490548553638841,0.07391985100448721,-0.14603660067467944,-0.17478214427549563,-0.15866926556715524,-0.3464428690765839,-0.379936731684827,-0.16622859673068058,0.05508908233554118,-0.31744352184491503,-0.004619591266598803,-0.15934029315232326,-0.39607517334879283,0.3659455782933988,0.43998320148630327,-0.13071982544153157,0.23242660921088068,0.059423829239456424,0.05355074018450976,-0.01694184884076561,0.25456321581981767,0.1425262590896849,0.01134721340959615,-0.15606184409335958,-0.10044141746588943,0.01684598775717018,0.06638516983388644,0.4496578672278344,0.1616537406364263,0.21722395431534644,0.24041503284383317,0.3163269684617035,0.07316026603733104,0.17370210940032044,-0.022317373223716946,-0.054685552821739467,-0.11814011238570848,-0.05730575577334788,-0.0657424440924466,-0.1619431498126144,-0.1997836278398846,-0.11698247568095606,-0.009910210118365613,-0.09529778560896894,-0.04670899770389881,0.13134429192895325,0.1428987478716557,0.39874376332354944,-0.23057785974154027,-0.2195593129042713,-0.09278257336796505,0.4265918645893722,0.2803041991719428,-0.1435688624941228,-0.1559112052477096,0.04310462096071065,-0.2689597246504494,0.029943350664408605,0.09969735286464872,0.15147968429749803,0.18049911670858687,-0.18211779957729826,-0.08296548544509214,0.33788293079286247,0.07667425947312922,0.5008805525250266,0.6612114102078359,,0.23687547645240953,0.4960162872545842,0.062053161818073924,0.10098828212373384,0.07136264247924151,0.3860243669744873,0.4107355283999872,0.40837825870624056,0.005815572404789402,0.2236740357972675,-0.13292463036422647,-0.045747647979841786,-0.13292006555072192,-0.1770764195428796,0.04568008873997453,-0.013449766509789242,0.09897702529363163,-0.09784312561910283,-0.02319107852848672,0.10347701844641137,0.07400566949837264,0.05506899715612119,0.11783426988090402,0.022102826989003364,-0.03415758649180388,-0.15087256410139363,-0.013073625877014794,-0.06329387812860905
#54,-0.1632623809154277,-0.08558386247129873,-0.06274062273185829,0.06401511866232705,0.43496738440751004,0.5802736149214623,0.22648504795336585,-0.12059780797655512,-0.002918741754805607,-0.0009056589993015835,-0.038360866766788244,0.6168715507127956,1.0,0.20531800773279407,-0.1418178000337796,-0.47525642839861776,0.08716054905576832,-0.3061602158243825,-0.29771804972907834,-0.20749268488635897,-0.26185870076278034,-0.43260554990025885,-0.05651147822355718,-0.06555619970146119,-0.2138989441586364,-0.09232426609210881,0.031374876179433686,-0.3492913127034195,0.5593393801896224,0.4510190946148895,-0.11015351467815783,0.0561535968448009,-0.07476160261472517,-0.040269871774388656,0.11977796747113896,0.2910333368330237,0.11111395143951394,-0.1049961883807237,-0.06993202992691734,-0.2492862914085645,0.011594626301542451,-0.12056676724472422,0.4801398658857792,0.18027178899606056,0.334211907772508,0.14302930153788568,0.3424377017076967,0.21772060602464086,0.27555222831371223,0.26371840578453165,0.09452450620129915,0.007986597707550658,0.12268118886002913,-0.03425070868729658,-0.07608357260564119,-0.1780386822296375,0.08091223233074812,0.034687104858331014,0.027577864306353762,0.12320979426385535,0.09617149091373872,0.09068732396937923,0.5050299680006574,-0.18732625178598328,-0.28576828093688234,-0.027120469993198427,0.5367636385215482,0.3636220882195858,-0.24761100485239676,-0.11668484984045976,-0.03150086503215911,-0.22243423244943328,0.0002547165935535704,0.07930541797714855,0.2829883095126149,0.09884373273929893,-0.20298264914386924,-0.20687552210054458,0.4214564493967599,-0.04883437487161462,0.47100384813778434,0.6253949704884807,,0.222076351070677,0.4498404597680162,-0.06766696946596247,-0.09647276860503864,0.0032501472152355214,0.32566657689200107,0.5107058571122077,0.46472631660633507,0.10899222612260176,0.29206954949855524,-0.22032528861033382,-0.019565703643177657,-0.33802626593690516,-0.3783490895479465,-0.12870765564872846,-0.004298228395878886,0.2765875280165429,-0.04074735126696399,0.031036167017396504,0.22852917144070078,0.07014566319893001,0.03659428394052961,0.1611287870834037,0.015255606732186957,-0.006878260988647309,-0.009349651020007578,-0.11038632016688958,-0.1120889956040846
#58,-0.08784435811874906,-0.074022102826989,-0.01338768504612744,-0.07973177155847298,0.5822017921457819,0.26406715753627885,0.34320002556295565,0.08589700867771047,0.17768445270168487,0.0036335915496172404,0.16081016310078652,0.28075885459699546,0.20531800773279407,1.0,-0.1730164744119379,-0.3915249672474631,-0.16064856870272565,-0.146311402447653,-0.3278786855163032,-0.2761976929432548,-0.3781409340521393,-0.45328871988934893,-0.06858723586847859,0.03652215988715781,-0.2677756120273706,-0.18235243099143184,-0.2788644569926096,-0.2331396330802905,-0.05236297571062734,0.08656164552397212,0.12171618728516846,0.03989373114161421,0.0611748916997996,-0.11589331117877179,-0.07641223917796838,0.18495254876362027,-0.2760032318879612,-0.1930596575476909,-0.3717246321901519,-0.45250996270547367,0.0774347574029863,-0.21810131147091985,0.42813751044201087,0.20786608663103068,0.1555898423769897,0.08518489777100156,0.37435944254497483,0.30296667229660335,0.1968959268169099,0.02310252114649856,-0.0016022495400950395,-0.07740736852195904,-0.11187536233207192,-0.1506835808223055,-0.28923297438683143,-0.35743220110742374,0.06664262531554273,0.09227953091976428,0.19980188709390279,0.16188380723705534,0.21197167989701782,0.33111696421642695,0.5326854341365883,0.17242670050715078,-0.37406272966717946,-0.24105136784636663,0.6465820958884725,0.43344182373429135,-0.16378642150574937,0.11497030588815293,0.08129202481432621,-0.08089671196483268,0.02119077725079542,0.04855044347163197,0.15370913921311743,0.20928209178014032,-0.229528865598196,0.058059862964298596,0.32655215071188265,0.03156751130932546,0.0845385201787581,0.23459489562553923,,0.03451729379596197,0.42989587660396134,0.15216440632317968,0.16147114809624452,0.04103310859234846,0.14199856664855956,0.2958793428494479,0.41664331003756844,0.30337111477310597,0.41550210666143234,0.08873267082673338,0.04353919120634327,-0.20720510163557268,-0.37568962920019905,0.03631583031675241,-0.001580338435273227,0.12169427618034666,-0.078259162721907,-0.03554255090908261,0.09420405629328014,0.17373132420674953,0.15209684708331242,0.30620586395942795,0.11307225643296342,0.1689035774443435,0.07817151830261974,0.06254250982576107,0.0032200194461055294
#101,-0.2900035149063985,-0.17026024001789408,-0.32283274066837997,0.1444142659551644,-0.1547946518644981,-0.3128403639069326,-0.28482519046684346,-0.05779875563183866,-0.07348254187075187,-0.10447853852930838,-0.08884770412704789,-0.2298611840213268,-0.1418178000337796,-0.1730164744119379,1.0,0.3860462780793091,-0.15508771289148982,-0.3149812614405638,0.5068120711928314,0.3592398672552233,0.6593626607384955,0.3956899030890093,0.502459065034898,0.21257788713042128,0.27743749629108905,0.333700648659999,0.05157874075054664,-0.2925552456554387,-0.12210784828385836,0.028694417689565294,-0.2459530645875463,-0.2133000406268402,-0.285341014392857,-0.08885683375405698,0.14472193438537068,0.11082545522602674,0.03104803553250832,0.27699653530655005,0.2964298593580959,0.0036390693258226935,-0.1372575513427399,0.21416096445379723,0.02338097477027576,0.3749556071886683,0.2641146315967261,0.3922745096249093,-0.2244993540788891,-0.37720788617181045,-0.3716497692486773,-0.22848352330565536,-0.23154560020450365,-0.21603892872956676,-0.04542719807182278,-0.052692555245655436,0.46300812080322457,0.3760055142947135,-0.02850452144777625,0.21924160188435501,-0.46763592873413157,-0.49944993997270243,-0.5207219709038787,-0.40965366759941024,0.03843390378286095,0.41045616181350913,-0.25054070215961327,-0.24276317291057073,-0.09274788078533051,-0.10565169559997627,0.41770052084522086,0.12524387516148028,-0.028244327078017228,0.09261276230559601,0.22507908539396623,-0.052688903394851806,-0.0031752842737609956,-0.43011133580137584,-0.3058753714616989,-0.44913108774941,0.23112563736208558,0.11549434647847462,-0.07891193105305683,-0.322421907452971,,-0.1312657771366751,-0.14651316720455385,-0.4969109907014749,-0.3550082851365107,-0.12870674268602755,-0.007220622001488129,-0.041929637964640956,-0.11644291472471892,-0.43203038339868627,-0.197906576526816,-0.403896524807479,-0.32017784513413705,-0.08188362464451515,0.02164451971314712,-0.5107871107925885,-0.31299100275258257,-0.2002574554816563,-0.31459690414348124,-0.1069754915162941,-0.18241725134319636,-0.2624293024508484,-0.18430799709677861,-0.2934033880045831,-0.26462223885843145,-0.40902646222388583,-0.13552383517371397,-0.41503558272126795,-0.34450191037445166
#102,0.12455915313579864,0.023485965480880278,0.15086343447438455,0.09241282347409696,-0.5134630044689524,-0.4120428909876887,-0.11295722313264892,0.05606230057471002,-0.20894612150620587,0.06961614483240287,0.14409746789794903,-0.3490548553638841,-0.47525642839861776,-0.3915249672474631,0.3860462780793091,1.0,0.18601158549667454,0.23137670210483552,0.35150159540231984,0.6369092560723432,0.532599615642703,0.8208995421492055,0.10646423240378515,0.2309220466797829,0.2511313890271013,0.4692491338266375,-0.12334126089278623,0.22268986200568774,-0.23349203668284133,-0.19225990222169473,-0.026636599761716735,-0.14855637772918787,0.009900167528655617,-0.09712644989888938,-0.15596963486056778,-0.2290039120451734,-0.14388200870053455,0.1283406446429631,0.04690893653539785,0.21195615953110236,-0.1412179835392825,0.21775621156997632,-0.4858769234982905,0.013240698051281115,-0.17306212254698333,0.2031679805721537,-0.370531389940064,-0.37048208995421494,-0.3779145193023139,-0.2749195451619824,-0.12787046885199504,0.15858709892407347,0.04608544417917806,0.22509186687177896,0.31585496674533364,0.5493616108313895,-0.3422560221302159,-0.00976961386242565,-0.40375958040234267,-0.32922804438824654,-0.44463383348473295,-0.4211487809665536,-0.4212099494675145,0.23451911972136377,0.2679134693952079,0.10138998571213373,-0.470466113106949,-0.3034076332811423,0.3947157718871396,0.27497523588673783,0.19628332884460006,0.3652882451487445,0.25900295343433744,0.07999105296553109,-0.1755837255268936,-0.29031392222470753,0.1044904070444202,-0.15935581351823871,-0.13784184747132155,0.23233713886619162,-0.1291321833046511,-0.3432191977796747,,-0.28121533594744985,-0.2892366262376351,-0.46393112609384346,-0.3956515586555711,-0.2072178831133854,-0.12652932664435995,-0.3816375811966202,-0.45979723098412817,-0.48663376957734394,-0.39197231897090845,-0.3254109473357466,-0.4311265503247865,0.27525642839861775,0.28065295092369,-0.028233371525606323,-0.019322855564735904,-0.2685826710549741,0.10459996256852926,-0.002564512226852972,-0.22109948098070453,-0.020167346063076592,-0.05847799988131485,-0.21091720797746807,-0.07767212770522261,-0.3086726891772837,-0.061619504535142214,-0.35118205845700173,-0.34028584862165456
#201,0.2891124633103115,0.03216641484112166,0.5536315373835402,0.14148091679714425,-0.22953525633710234,0.006149716753322043,-0.08781149146151634,0.14770914834274446,-0.1040677053138994,0.41315305363199384,0.2089899437158495,0.07391985100448721,0.08716054905576832,-0.16064856870272565,-0.15508771289148982,0.18601158549667454,1.0,0.4172066080240292,-0.3297749090460909,-0.06769344538428883,0.02377263576896566,0.09254155121492512,0.12369640338343978,-0.08420072397942183,0.3798846928108752,0.008293353175056034,0.08563224949444691,0.2675555880164516,-0.032168240766523484,-0.21851123172362794,0.23149173540515003,-0.011522502248170651,0.2536776419999361,-0.07565539309891495,-0.15228583036240054,-0.34667750049071744,-0.3260801489955128,-0.39386580361259343,0.013995718204932738,-0.07264444211131754,-0.08449652389451628,-0.1320207972903267,-0.33015196264156627,-0.444043146617245,-0.1956168660729366,-0.09124240529153181,0.10326521109980051,0.0963230427220896,0.12675482843148445,0.16361021970447398,0.09395664340133383,0.2974788535014402,0.2925415512149251,0.2612798824104041,0.24333103571053605,0.15959957455938137,0.028126554889599985,-0.26769709723509244,0.02115151985465634,0.04436359652526396,-0.06804493602413873,-0.024754070672442677,-0.2697393947970256,-0.33682845887331275,0.2605750752053025,0.13565438883994393,-0.261320965731945,-0.2616268082367495,-0.24827746762406022,-0.01911743895703141,-0.04940132470887902,0.02072699219873372,-0.11540213724568282,0.13024143298625535,-0.21118014123532983,0.0990244993540789,0.09618883720505599,0.06865205622024312,-0.09538999484176074,-0.011071498673921676,-0.05799960742603861,0.10093715621248293,,-0.3236461904348898,0.05463625283589039,-0.10416539232289665,-0.133640393121739,0.005565420624740376,0.0500495282265243,-0.08510364409062068,-0.1842669137752377,-0.12295599063300269,-0.01705323029027649,-0.08909968183249874,-0.2891252447881242,0.3999424833498427,0.18235425691683366,0.46764323243573885,0.4111673597575171,0.18252132909109997,0.38771243500846775,0.23047104310553393,-0.006222753769394751,0.3155116927697919,0.25432401959217954,0.2870473416808556,0.2990162826897707,-0.010274482236028247,0.13651987748040553,-0.12191247426586387,-0.21009188969584647
