,#10,#11,#12,#13,#17,#18,#26,#49,#50,#51,#52,#53,#54,#58,#101,#102,#201,#202,#301,#302,#401,#402,#501,#502,#601,#602,#701,#702,#801,#802,#901,#902,#1001,#1002,#1101,#1102,#1201,#1202,#1301,#1302,#1401,#1402,#1501,#1502,#1601,#1602,#1701,#1702,#1801,#1802,#1901,#1902,#2001,#2002,#2101,#2102,#2201,#2202,#2301,#2302,#2401,#2402,#2501,#2502,#2601,#2602,#2701,#2702,#2801,#2802,#2901,#2902,#3001,#3002,#3101,#3102,#3201,#3202,#3301,#3302,#3401,#3402,#3455,#3501,#3502,#3601,#3602,#3701,#3702,#3801,#3802,#3901,#3902,#4001,#4002,#4101,#4102,#4201,#4202,#4301,#4302,#4401,#4402,#4501,#4502,#4601,#4602,#4701,#4702,#4801,#4802
#10,1.0,0.1403634504512318,0.3712334582570629,0.3330204914478219,0.010393167387146398,0.10953087411613799,0.027114992216992973,0.7034395869756741,0.14539843974674416,0.38330008627497525,0.36277029401963784,-0.17062086028475307,-0.17100886943263932,0.1433305792291856,-0.15533969059694067,0.04956565799504261,0.4389926369558172,0.27775794619910804,0.1856902226259546,0.11777766619344766,0.23332222562047228,0.09722596283328845,0.058148420346286755,0.10198249850502358,0.24467126495547026,-0.23204225191379807,0.40717862571724633,0.24710796240419597,-0.12678952101411897,-0.27169952571587686,-0.09774269972200286,-0.09559815033756795,0.20953863429909572,-0.07700931678436278,-0.08100900637704446,-0.24516335185126012,-0.2858157549973296,-0.29174270885162984,0.08354795564827198,-0.2711553999461352,0.10690519338832412,-0.14510081390624785,-0.0770631815837164,-0.20769627556866163,-0.10241159097445074,-0.21875407980206968,0.3234325571628771,0.22629697763697865,0.1437624105867155,0.02005231276276208,0.08497309042439072,-0.04777442517585944,0.30528011978070635,0.09684708331241128,-0.01671999890444476,-0.03478387890462735,-0.145630332272775,-0.3558253867538242,-0.16057279279855022,-0.1919887522995248,-0.1034697147448041,-0.08852542829362707,-0.33844896766742594,-0.2951106282552826,0.36823254985917553,0.2558349728621837,-0.03728630966781852,0.11156221612566018,0.1684069257350491,0.09695937772462306,0.24263900998324714,0.18403136939840323,0.2942935266379692,0.4063113111513829,0.01029548037814915,-0.024171600469262828,0.1282055261632286,0.03660615245564142,-0.11718606636325873,-0.13934458407701752,0.08104735081048264,-0.06109546394482054,0.11974875266470988,-0.22121268835561722,-0.28177772097120973,0.24411709659601857,0.026447616482628604,0.1968776675628917,0.07064596675902805,-0.15661236060200762,-0.21738554871340732,-0.18755997023741594,-0.019354809259267712,-0.15842824341411532,-0.23542477872066536,0.39588801599510653,0.24466213532846115,0.19856573559687218,0.21824555957766345,0.12403693847087877,0.18934481231769276,0.27294480683991656,0.23353951074328858,-0.030302145005865786,0.10929624270200441,0.3774297361081313,0.30144385051148737,-0.07256501435633847,-0.02612260176110505,-0.13358652832238538,-0.17630222717250887
#11,0.1403634504512318,1.0,0.21984233134155304,0.294365650691341,0.15529678134999794,0.24449780204229757,0.23803402611986288,0.15328552451989574,0.16698726873513584,0.3539729854336801,0.12337777940082258,0.07130421286638335,0.1213071799951613,-0.0826012133274295,0.03331035710536046,0.24730972716109684,0.2790032273231477,0.25280758854596996,-0.13080655689811793,0.04692993467751875,0.11796117169633034,0.1660880004747406,-0.13891457864488946,-0.00907667517243583,0.033265621933015924,0.04042324950814134,0.09720222580306481,0.11581114453569,0.15288564685689765,0.23247043142052431,0.25013352079500795,0.07347797705724733,0.19595557523497378,0.139690596940662,0.20232622896191577,0.055734546965083745,0.08939548174759321,-0.012077583570323234,0.18532960235909562,0.046134744165027136,0.10039120451733945,-0.013393162822332893,-0.039896470029716934,-0.07494602108030876,-0.18319692148977254,-0.13275664522725925,0.17196656730589271,0.26686082340105993,0.044880333413978374,0.17421519443823122,0.18671456677637435,0.0642670963677779,0.13517690934736862,0.06345090771316537,0.10532394199034999,0.05256656639293002,-0.21053102475498364,-0.08909237813089146,-0.2728151661363875,-0.06497646838638407,-0.02914359533841245,-0.006756836949426431,0.01668165447100659,0.028891617632961605,0.006062985296735702,-0.10384494241487764,0.1077286857445439,0.18201372182939465,0.2508848890978559,0.14585400813449767,0.36635093373260236,0.2834566593781811,0.0010754700616706304,0.08473572012215441,-0.05777593156431594,0.03708180602281494,-0.09528591709385713,0.0383462593635737,0.08822688949042987,0.04761648262860221,0.2840792999402009,0.39032624722116976,-0.07945696978549942,0.22332802293362305,0.05150752965987575,-0.16865068677619177,-0.1731817206608024,0.24393632998123863,0.16780345738974833,0.19023951576458345,0.029952480291417696,-0.08115234152108716,0.17328397248330418,-0.3873938110258505,-0.39580037157581927,0.15958953196967138,0.09334130654092127,0.1793889540642817,0.1662222059917742,0.15851223598259892,0.03696129494629497,0.15712179378911476,0.21154350039029154,0.2136314460872701,0.22179333263339526,0.24608179232837443,0.04651910146210977,-0.0023180122976075813,-0.04761283077779857,-0.2927953548457778,-0.26430726672661786
#12,0.3712334582570629,0.21984233134155304,1.0,0.5756111144079209,-0.14991760511624297,0.2683416489019341,0.11357255999306148,0.2830513039389776,0.11590974450738815,0.653127125491288,0.3697772827491133,-0.19986762040836822,-0.07367335107524182,-0.10629168245331337,0.09878621608914168,0.13781719747839702,0.7744817795468966,0.6482153861603984,0.060072945719802616,-0.1007271747912739,0.13999826537086826,-0.16467929902723824,0.1699954808346305,0.2670726307476708,0.43191991491187626,-0.10298858340142514,0.4213971068212008,0.3953393254118603,0.14667932641611928,0.03091383001547472,0.25431123811436684,0.13891549160759037,0.5932312945354618,0.18877512359232562,-0.17564763291595722,-0.07157627575125418,-0.18378578243185875,-0.2188691131023842,0.2539825715420396,-0.2206311311151383,0.08221137825414143,-0.19149757836643583,-0.24438550763008576,-0.2654813367599867,-0.16939018656392793,-0.2110313283150817,0.3540624557783692,0.45128111491005035,0.16779524072544016,0.36710504092355306,0.4481131343378966,0.2543030214500587,0.5969899619751035,0.337526875339508,0.07563439495679404,0.1207703579270269,-0.21002706934408194,-0.37637069937507706,-0.24599232198368537,0.08983370384402946,-0.20302281950270923,-0.052338325717702805,-0.23347286446612223,-0.08552908470924421,0.33764829937872887,0.033267447858417745,0.031276276207735536,0.07247097919814487,0.3710572564557875,0.2181469596059653,0.5106364719469386,0.23605837483509612,-0.1647468582671055,0.07635107067700748,-0.2592896237224228,-0.15220457668201964,-0.22961924890558597,0.036295745137332414,0.2504411892252142,-0.04591472015410811,0.10036472859901309,0.10674268602756234,-0.23015424504831855,-0.06731639178881346,-0.22426928747826008,-0.043132009841737914,-0.12546755102320295,0.03482770111427098,-0.04192050833763187,-0.15908009878256424,-0.10013740088648679,-0.33661299967589825,0.21153437076328246,-0.276256122556113,-0.40983808606499383,0.5690304792597698,0.36868994417233086,0.5993536224077566,0.5635883085996521,0.32364984228569343,0.5518083508698252,0.5818548663194365,0.47117183327475154,0.441518804749232,0.5607590371895356,0.582951334523228,0.5362076442366948,-0.23507237511811455,-0.1508670863251882,-0.30384950722838217,-0.33885067125582585
#13,0.3330204914478219,0.294365650691341,0.5756111144079209,1.0,-0.29179200883747897,0.18703501668439335,-0.144187851205339,0.2335413366686904,0.07271474023928752,0.452116475781382,0.22792935494620367,-0.08107656561691172,0.02160434935430713,-0.27815234608590067,0.14182692966078872,0.13630259235758924,0.5518686064080852,0.4242811559933719,0.018897414946112377,0.07413987501540624,0.09516997083084171,-0.02080002921480643,0.17240478940232898,0.1227414443982891,0.2897816649700776,0.04569469614318907,0.14006673757343643,0.10085590253210205,0.18613574842399813,0.07506927104493145,0.14971857924744483,0.037295439294827606,0.3331747821442755,0.17851342283411012,-0.08399622033441824,-0.036318569204855135,0.04649810331998886,-0.02282406752272136,0.35324718008645756,0.04022878845284776,0.0649892498641968,-0.10286807232490516,-0.14117598725504069,-0.170511304760644,-0.22857755846384897,-0.15061510861973734,0.1938119388132398,0.2418812509414928,-0.09018610744658027,0.03291413129316602,0.1569108994052048,0.09284282890622504,0.28412859992605,0.10760908763072485,0.13570642771389574,0.2457796016743736,-0.1690669977678062,-0.15698119753317477,-0.27197341452614954,-0.09206041987154615,-0.030439089411002113,0.04658757366467793,-0.16181350910908535,-0.22912259719629155,0.11057712937137953,0.06420318897871427,-0.09062341658031561,-0.13776515860444521,0.4514591426367276,0.35734729557623923,0.48543231066294784,0.2997996046871505,-0.06874243952763309,-0.026684073822163996,-0.07216513669334039,-0.017350856130772776,-0.03234809441860253,0.10283155381686881,-0.054645382462899475,-0.11654516654722072,0.10944688154765438,0.012158837250704123,-0.1094596630254671,0.012676487102119443,-0.23831887048254644,0.04614752564283986,-0.04780729183309216,0.12851867236964035,-0.026737938621517618,-0.11669945724367431,-0.1859367225552,-0.26985899291084464,0.0347583159490019,-0.1733880502312078,-0.2422226989916327,0.2506064354740787,0.2910360757211264,0.31083641077843766,0.32498276782902036,0.14804329269127708,0.1145649504489494,0.2657625292718666,0.25870350166843936,0.24823821022792114,0.296579585241045,0.3450442102187915,0.18395285460612507,-0.025543783408728836,0.06379052983790347,-0.08147461735450798,-0.11914984913291367
#17,0.010393167387146398,0.15529678134999794,-0.14991760511624297,-0.29179200883747897,1.0,0.30588541405140895,0.1357922462077812,0.05328780692664801,0.08157595621430887,-0.11208351782787915,0.09279991965928232,0.38604719104200996,0.06824122300483414,0.07549379870085407,-0.2027754066107629,-0.1372995476269817,-0.1335071005674063,-0.15275235430256498,-0.023146343356142185,-0.05004405045031885,-0.16181533503448717,-0.017974409655493524,-0.18038225748287054,-0.18892211058717195,-0.20558459284145947,-0.10382120538465402,-0.11008321655018784,-0.05998712722591718,-0.08675701954196662,0.05202974432479561,-0.02960464150237142,0.12358137008312525,-0.09601080947837876,-0.1578713361665609,0.20317163242295735,0.06816362117525689,0.007657018172522562,0.0401813143924005,-0.1337033875481017,-0.009488421350545723,0.11386744694545504,0.23567127864991075,0.20094765528354339,0.2687442654530349,0.11740152556067322,-0.02757969023175558,-0.05055622252552872,-0.033134155304085054,-0.06888029689547033,-0.04550936471490457,-0.06905284684594211,-0.09525031154852169,-0.18552771526519285,-0.09537538743854619,-0.34956428855099125,-0.20005842961285816,-0.10598857883661163,-0.0751468728745087,-0.007036203535904541,-0.0027781454988656438,0.07294024202641201,0.046965540222854193,0.06685260673675177,0.04106414932417936,-0.03674492278617957,-0.0385726741133991,-0.011702355900249695,0.1598086430178895,-0.30243076319116985,-0.054295717748451384,-0.15877243035235794,-0.029345360095313307,-0.10465382736788288,0.1309471531540579,-0.13035737924927077,-0.03632861179456513,-0.23556537497660532,-0.08779597109560089,0.03827504827290281,-0.09345268799043215,0.06385169833886437,0.21466674579010075,0.22665029420223037,0.13256035824656384,0.16246171262673065,-0.03245764994271159,-0.07664960948020469,0.1586747433433607,0.24911282849539182,0.16253474964280334,0.13007983858819447,0.10186929113011088,-0.14934700342817495,-0.08373328707655649,-0.13181903253342583,-0.09774909046090922,-0.18894584761739558,-0.14126454463702887,-0.25386753824172514,-0.023261376656456702,-0.054812454637165796,-0.06580909036961295,-0.021749510423751638,0.04487850748857655,-0.08770467482551,-0.1556318386612315,-0.10920768532001625,0.02342114512911575,0.09002999082472486,-0.08046944542080733,-0.09904001971999433
#18,0.10953087411613799,0.24449780204229757,0.2683416489019341,0.18703501668439335,0.30588541405140895,1.0,0.09971287323056416,0.14667019678911017,0.09499103014146357,0.22179241967069435,0.22496587801905354,0.09409267484376926,0.027925703095400038,-0.005176498514153204,-0.11760968105648044,-0.13255305454495656,0.22297561933107224,0.23407541984872207,-0.06674852898884816,-0.14326667184012198,-0.026188335075570487,-0.21953283698594495,-0.21283077779857304,0.0702168742896009,0.010221530399375534,-0.08865689492255793,0.21289559815033757,0.10091159325685749,0.0326548498861079,0.17391848156043585,0.09316693066504768,0.08094144713717721,0.19701187307992532,-0.10341037216924502,-0.18290020861197714,-0.04593754422163083,-0.21631555642794215,-0.08885592079135607,-0.0012827125947769405,-0.061128330602053256,0.1929866205316182,-0.03930304427412618,-0.02980275440846864,0.09921348263316702,0.0802914176941301,-0.028746456563517098,0.12504667521808396,0.2053097910684859,0.023695033939388405,0.19805630240976504,0.35059958825382187,0.2684685507173604,0.3226665814568146,0.2848288423176471,-0.02990683215637225,0.042349600807059025,-0.003848137784330821,-0.10338298328821775,-0.16372251411668576,0.10144476347418827,-0.060128636444558056,-0.019202344488215933,-0.06119406391651869,0.1502900938982138,0.02945308969402055,-0.019537401799449485,0.02446466149625457,0.08259573555122406,-0.13239693792310114,0.16144375921521725,0.12442768650686777,-0.01204928172659506,-0.08918823921448689,0.026948833005427563,-0.15441851123172362,-0.12249768335714645,-0.1668694965467186,-0.06889581726138579,0.18325808999073342,0.10768029872139574,0.1079039745831184,0.28276645957629404,0.06285656899487371,-0.030491128284953917,-0.10714165072785951,-0.14173654635339875,-0.1400603468345301,0.23046373940392664,0.17021459188284863,0.006440951854911968,0.1838104324247833,-0.10057927483372667,-0.021796984484198898,-0.254079345588336,-0.27159270907987054,0.06485321842176138,-0.03816823163689648,0.18203198108341284,0.1673579315917048,0.07266726617884027,0.24066335869848038,0.3515216805817398,0.14727731698521457,0.18179826263198018,0.20969018610744658,0.19039745831184066,0.219662477689474,-0.11102356813212397,-0.06947828746456564,-0.13522347044511496,-0.13918025079085394
#26,0.027114992216992973,0.23803402611986288,0.11357255999306148,-0.144187851205339,0.1357922462077812,0.09971287323056416,1.0,0.27305984014023105,0.11575636677363546,0.28978075200737674,0.33521160193000316,0.10808291527249654,0.28715963609306744,0.2673930806556898,0.09381696010809479,0.14649490795053569,0.05784440376688411,0.2359442544974825,0.1353722833653631,-0.1178324439555022,0.0662874828248892,-0.12029926917335793,-0.017176480254899186,-0.013658834968297371,0.02573276668781697,-0.06141682681554045,0.2809277526966636,0.28343840012416294,0.15168601386790342,0.06790342680549787,0.2033423564480273,0.1318455084517522,0.33506370197245594,0.2077747903609398,0.0964070352905732,0.1803466519375351,0.02500696134059443,0.010644232129896333,0.1306778291572898,-0.009559632441216614,0.1578494250617391,-0.06815266562284598,-0.22416155787955283,-0.18570300410376733,-0.2783933682389406,-0.0373045689218367,0.24668434771097428,0.31070403118680584,0.09838451250074179,0.3077323375953475,0.19669690094811176,0.010029808232184674,0.20816097358342425,-0.043149356133055185,-0.22351335436190756,-0.29782212747698195,-0.3655283543390835,-0.361656479524529,-0.21991171650682212,0.005907781637581197,-0.1528372598337495,-0.06980604107419192,0.260179762355809,0.27365509182122366,0.29231604942780065,0.030794231901655658,0.3492630108596913,0.486022084567735,0.07058205936996444,-0.219622307330634,0.21290655370274847,-0.04793601957392031,0.14807342046040708,0.2841203832617418,-0.18955935855240635,-0.15103689738755724,-0.17689017515189417,-0.0814563581004898,0.26298620969840275,0.30660939347322963,0.009677404629633856,0.04117279188558751,-0.08028228806712102,0.12871678527573757,0.03170993349066724,-0.1408783614145444,-0.04882889709540917,-0.04335112088995604,-0.010403209976856396,0.0019181346346095031,0.06472905549443778,-0.21488676980101978,0.24305988578836613,-0.35999853925967856,-0.14681900970935832,0.1750176886523301,0.13098732351289788,0.1779674711389666,0.21900149269401598,0.1418762296466378,0.13474416502713782,0.28362007970164377,0.31633974993951625,0.1854418967713074,0.2879612173444654,0.2907457535822374,0.3569318975473257,-0.17047478625260765,-0.1580447990797336,-0.3213491762794031,-0.336154692400042
#49,0.7034395869756741,0.15328552451989574,0.2830513039389776,0.2335413366686904,0.05328780692664801,0.14667019678911017,0.27305984014023105,1.0,0.36439901947805925,0.3549498555236526,0.4744694545504343,0.07055193160083445,0.13908895452076306,0.2685443266215359,-0.2124774612333213,-0.018068444813687138,0.33838506027836235,0.33567721290746666,0.07576951343652855,0.011392861544641593,0.17800398964700298,-0.024442750391432757,0.09312402141810497,-0.004361222822241597,0.25228902573185374,-0.20056055909835804,0.34779131498582627,0.2000721240533718,0.09895967900231437,-0.022173125116973346,0.20093213491762793,-0.022514573167113257,0.24851757681439926,-0.06641621056571734,0.1282886057690113,-0.08202148201235239,-0.09932212519457517,-0.2383645186175919,0.23174371311060088,-0.1724906078962144,0.19022947317487343,-0.11535101133443193,-0.09915231413220613,-0.27843901637398605,-0.1594982356995805,-0.15428887052819457,0.27382033807008815,0.2126947463561376,0.07622508182428207,0.026615601619595832,-0.009041069627100384,-0.19671242131402722,0.23723427079386672,-0.04080395495442034,-0.10035012119579854,-0.1472179744096555,-0.18432260449999316,-0.35938046351116326,-0.17740782500330948,-0.16809925730484282,-0.024163383804954648,0.0037814915071644746,-0.19896835214797298,-0.14203508515659594,0.32309202207543813,0.09055129252694381,0.10233946692107894,0.17325567063957603,0.1179876476146567,-0.16066682795674384,0.3249215993280595,0.14800312233243712,0.28320285574732845,0.2990664956383207,-0.04674642917463607,-0.047262253100649576,0.12505489188239213,0.0826934225602213,0.014377336613912639,-0.027355101407332005,0.15495807218796076,0.09590947061857788,0.12705701908548525,0.023664906170258414,-0.016468934161694825,0.21854592430626246,0.16319208278745773,0.21219444279603958,0.14529344903613964,-0.058701675743037515,-0.03973487563165607,-0.17525962376807094,0.05195031656981654,-0.18264275313032086,-0.1937936795592216,0.4278727512587473,0.26322997073954546,0.2485340101430156,0.24327990979928515,0.23366732552141584,0.0754965375889568,0.3387137268506895,0.3475877243035236,0.11804972907831851,0.1863493816960108,0.42543970566082523,0.31999433963125434,-0.025295457554081628,-0.02858577512815714,-0.1485262499600579,-0.21151611150926428
#50,0.14539843974674416,0.16698726873513584,0.11590974450738815,0.07271474023928752,0.08157595621430887,0.09499103014146357,0.11575636677363546,0.36439901947805925,1.0,0.13630350532029015,0.08628958263910128,0.12386073666960336,0.32544563991838116,0.2557089840094583,-0.024811587322599936,0.009682882405839309,0.08277924105410674,0.21171605034076332,-0.0792296420729731,-0.023989920891781966,-0.05528171746543295,-0.047726951115412176,-0.0823939707943232,-0.18292029379139715,0.002042297561933107,-0.11189636047419282,0.041524282525437425,-0.031186805863046466,0.37202408395604997,0.23600724892384523,0.2919545161982407,0.13975724321782834,0.17579644583620535,0.03741503740864667,0.2892320614241305,0.10880232988081272,0.004560248691039727,0.031602203891959994,0.055728156226177376,-0.07291924388429111,0.07510852844107054,0.05304678477360807,0.008584588276645957,-0.01301337033875481,-0.11629501476717169,-0.10454518480647473,0.15021431799403837,0.09850958839076629,-0.06411919641023066,0.025027046520014425,0.09700137400886487,-0.11394961358853684,0.06600811623841107,-0.11940273980106543,-0.17963180214272345,-0.2755385338731986,-0.20199482350148584,-0.15743311407012467,-0.104572573687502,-0.06816362117525689,-0.027256501435633847,-0.02755777912693377,0.06571414224871842,-0.1300204960126354,0.04334199126294695,0.010051719337006486,0.31989665262225714,0.007081851670949983,0.10449405889522384,-0.06335595959227086,0.32768148557290694,0.15360232257711112,-0.026285109121866827,0.18737829065993508,-0.1937717684543998,-0.10295115193068788,-0.13678920147717366,-0.06027927529020802,0.15071644747953822,0.11929866205316182,0.03983804041685877,0.2058676112787412,-0.034132936498879336,0.11961089529687265,0.1708600565123912,-0.015047451236379737,0.09246029753454423,0.03049751902386028,0.050390063313963306,-0.06803763232253146,0.17038257701981585,-0.25366303459672157,0.06510519612721222,-0.13915651376063032,-0.08485166638516983,0.10539241419291814,-0.009981421209036504,0.2695403689282274,0.10859600031040732,0.2703492538812327,0.03595977486339796,0.2277778031378528,0.11403086726891773,0.22411590974450737,0.2478018140568867,0.1988140614515194,0.13215135095655667,-0.13945687848922933,0.031235192886194633,-0.08872080231162156,-0.15443768344844272
#51,0.38330008627497525,0.3539729854336801,0.653127125491288,0.452116475781382,-0.11208351782787915,0.22179241967069435,0.28978075200737674,0.3549498555236526,0.13630350532029015,1.0,0.4191466537634605,-0.06705528445635353,0.10638297872340426,0.0642680093304788,0.18467500810254397,0.2461630460087553,0.6913382663751273,0.5563476014187441,0.14523410646058055,-0.08306043356598666,0.316913090515687,-0.11608412038326174,0.17179584328082276,0.17578457732109354,0.4504914021737642,-0.18943793451318547,0.5498527847644784,0.44930546362528356,0.20565854282023308,0.1007573025604039,0.29851324024156994,0.146972387443111,0.5114280106086266,0.2134643739130038,-0.041489589942802885,-0.03742051518485212,-0.06615145138245376,-0.17198756544801364,0.29306011402904136,-0.24099111230810666,0.06421779638192882,-0.21631007865173668,-0.18800001825925403,-0.3400229153637928,-0.2538976660108551,-0.2353252657862663,0.4491831266233618,0.559462630154245,0.2362528358903897,0.31333336376542337,0.3238835607371261,0.0215084882707117,0.49534799855751893,0.1321860435391912,0.09224757722523247,-0.051289331574358527,-0.31186805863046463,-0.4597515828490827,-0.33824720291052507,-0.09151629410180447,-0.2570090428955525,-0.19374346661067163,-0.14621645432675848,0.0682996526176923,0.45875645350509203,0.13893283789890765,0.1537566132735647,0.20360163785508542,0.41292207406866394,0.19711503786512802,0.5476525446552881,0.15575965343935874,0.055394924840345645,0.25044575403871877,-0.21537885669680965,-0.1327310822716338,-0.21986698133447757,0.01731707651083915,0.23711193379194492,0.03654680988008235,0.1702839770481177,0.16733328159878028,-0.12846115571948308,0.014771736500705264,-0.14395230682850452,-0.059668503243299996,-0.1822428754673228,0.14655607645149657,0.028089123418862723,-0.013715438655753719,-0.06854432662153588,-0.22506082613994804,0.3359282776502166,-0.42160343639160625,-0.4430699283780761,0.5088005039554109,0.338929186048104,0.5120798659770756,0.5394367933098093,0.30751048765902667,0.36551192101046714,0.4845476498057672,0.40030310361670174,0.3792848763163781,0.5460758580708185,0.5856683115211329,0.4842609795176818,-0.2701036669146882,-0.29314136770942223,-0.45295366257811537,-0.42221512140121514
#52,0.36277029401963784,0.12337777940082258,0.3697772827491133,0.22792935494620367,0.09279991965928232,0.22496587801905354,0.33521160193000316,0.4744694545504343,0.08628958263910128,0.4191466537634605,1.0,0.04589828682549175,0.17926296521155627,0.06109911579562417,-0.022740987916938654,0.10194963184779086,0.3887002606508511,0.2306527226830148,0.05759242606143326,-0.04508209817087923,0.06519923128540583,-0.0628246153003419,0.11414590056923224,0.12757923375040514,0.1267201358488499,-0.1732419761990624,0.22588066664536421,0.1812860905567703,0.0332318423130823,0.09244477716862877,0.18965978444950632,0.03651576914825145,0.25004222452491703,-0.012971374054513003,-0.031652416840509984,-0.04171326580452556,-0.1371123902732954,-0.14004482646861463,0.062241232134461144,-0.1854711115777365,0.26878808766267853,-0.0687944784015849,0.00734752381691446,-0.21047168217942455,-0.12516809925730485,-0.06904645610703575,0.34269607015205394,0.38535333938931926,0.1667142928875641,0.24953096541240807,0.07758265736053353,-0.05398439746744147,0.19933079834023382,-0.11195113823624736,-0.15339781893210752,-0.2255300889682152,-0.18252589390460452,-0.35466957597447357,-0.06566210337476662,-0.06323179666494726,-0.046488973692979774,-0.06848954885948134,-0.04962317464519987,0.07888362920932865,0.21427508479141086,0.04919408217577271,0.07404857874531535,0.1966914231719063,0.11733579224620778,0.012577887130421286,0.30710513221982316,0.10263891868697704,0.17578640324649536,0.19637462511469095,-0.08094144713717721,-0.047128047583615974,-0.0450483185509456,0.11987839336823894,0.21129334861024252,-0.005856655726330301,0.2902719259404657,0.20252251594261117,0.0682886970652814,-0.004714539387493324,-0.1255761935846111,0.18097659620116222,-0.0012443681613387686,0.3509036048332245,0.29883369014958894,0.09983794912058867,0.006348742622120173,-0.029823752550589545,-0.002051427188942196,-0.17142791931235649,-0.18731347030817055,0.3255862361743211,0.16489384526195183,0.1853387319861047,0.14187988149744143,0.14304756079190384,-0.03864662409217271,0.24488215933938018,0.2508547613287259,0.14256277759772124,0.2878498358949545,0.3640082714420702,0.19961290381481464,-0.07359301035756184,-0.18618687433524903,-0.12082057087557688,-0.16551374693586893
#53,-0.17062086028475307,0.07130421286638335,-0.19986762040836822,-0.08107656561691172,0.38604719104200996,0.09409267484376926,0.10808291527249654,0.07055193160083445,0.12386073666960336,-0.06705528445635353,0.04589828682549175,1.0,0.6078167866451816,0.14111938356758436,0.08016908069220832,0.02117616984758088,-0.049481665426559,-0.06590038663970384,-0.013950983032588203,0.005427563256903139,-0.17758676569268764,-0.0382020112568301,-0.013338385060278362,-0.2636362391414499,-0.07423299721089895,0.15585460156025327,-0.3239182533197606,-0.37763880456663945,0.40852433273838595,0.48276006883738765,0.3649851415320427,0.24091807529203393,0.09927830298493155,-0.11570158901158094,0.4587409331391766,0.4924776438258615,0.4902500148356439,0.36969876795683515,0.11747364961404502,0.27639945770015567,0.07108784070626795,0.3016054449095482,0.2910433794227337,0.22701913113339756,-0.02039193488750017,0.2235380043548321,-0.23851880931404548,-0.1614483240287218,-0.3006842655443312,-0.15122314177854262,-0.09947367700292604,-0.17342822059004778,-0.23769075214432114,-0.44704314205243145,-0.2410604974733757,-0.22971145813837776,-0.3699142271542496,-0.23998959222520963,-0.10029990824724856,-0.22578024074826422,0.012528587144572209,-0.008530723477292335,0.33210752874691307,0.0697530892375392,-0.16509561001885267,-0.30730141920051857,0.13634824049263466,0.03297073498062237,0.012153359474498669,-0.07350262705017187,0.050278681864452425,0.09048829810058111,-0.1652718118201281,-0.13204909913405488,-0.31581388342379274,-0.2845211738874408,-0.3435999032259537,-0.2928802603769623,0.08177498208310699,0.0696599670420465,0.18762935540268502,0.35389447064140195,0.02830458261627721,0.5436099458156637,0.563179301309645,0.012674661176717625,0.08619372155550585,0.20856176420912323,0.1837711750286442,0.3653558043886117,0.1882857755846385,0.11742800147899958,0.13047058662418348,-0.058606727622142994,0.029919613634184977,-0.06167428229719675,-0.026754371950133977,-0.04247558965978445,-0.1256793583698138,0.05095427426312498,-0.27411887687328534,0.11524328173572469,0.10892831873353814,0.25158056667594847,-0.027385229176461995,-0.052416840509980966,-0.2207123847955192,-0.02465729662614634,0.05295548850351719,-0.08502695522374433,-0.11764346067641407
#54,-0.17100886943263932,0.1213071799951613,-0.07367335107524182,0.02160434935430713,0.06824122300483414,0.027925703095400038,0.28715963609306744,0.13908895452076306,0.32544563991838116,0.10638297872340426,0.17926296521155627,0.6078167866451816,1.0,0.13264708970315017,0.21898962417890416,0.18123496464551941,0.05990952539633993,0.13353357648573266,-0.00718045164264814,-0.13057922918559162,-0.2321107241163662,-0.2206320440778392,0.04341502827901966,-0.05706747250841067,0.05830910178164671,0.18613757434939995,-0.1355968721897867,-0.20393213035281443,0.6852688903394851,0.5859714151378346,0.602123551242314,0.3713466656319756,0.26886021171605035,0.006434561116005605,0.3969141860709281,0.4348706103612137,0.48530723477292337,0.3049222384019501,0.20524040590321682,0.14802959825076348,0.06189065445731215,0.15194803416306427,0.07486659332532969,0.022069960331770645,-0.09962066399777238,0.19876476146567032,-0.11280384539889622,-0.01563448625306413,-0.17842121360131832,0.0131256647509666,0.021200819840505414,-0.1486741499176051,-0.05267520895433817,-0.4308270985588884,-0.16786919070421377,-0.33626150903604834,-0.406199929701872,-0.26231335618783297,-0.10967420926018068,-0.08231819489014776,-0.16257035518813878,-0.1671388205434867,0.35118662327050626,0.13331720432561728,-0.05685110034829527,-0.24000146074032144,0.39198966526222573,0.2126399685940831,0.20993212122318744,-0.1690879959099271,0.3322243879726294,0.1099955721309006,-0.09143412745872267,0.030607987510670252,-0.410026156381381,-0.28203882830366966,-0.3406711188814381,-0.2762241688615812,0.1801932742037824,0.3252046177653412,-0.0028310973355183573,0.4198898054020003,-0.11719154413946418,0.4580726444421113,0.47329264562896284,-0.03415667352910297,0.11871436592458015,-0.024389798554780046,0.15651193470490762,0.09980690838875778,0.26500294430471044,-0.07608631149374392,0.39008613803083075,-0.16144010736441364,0.1171723719227451,0.0541423400146987,0.09739212204485385,0.037855085430484735,0.027433616199610166,0.1072019062661195,-0.17449456102470934,0.21370539606604372,0.19444827381577326,0.26589764775160113,0.14395504571660725,0.15782203618071183,-0.045451848064747315,-0.21761835420213907,0.06243295430165201,-0.17347569465049506,-0.09427435442125012
#58,0.1433305792291856,-0.0826012133274295,-0.10629168245331337,-0.27815234608590067,0.07549379870085407,-0.005176498514153204,0.2673930806556898,0.2685443266215359,0.2557089840094583,0.0642680093304788,0.06109911579562417,0.14111938356758436,0.13264708970315017,1.0,0.026579996074260388,0.013550192406889216,-0.017518841267740008,0.022124738093825178,-0.03225314629770801,-0.14229619248905587,0.04518708888148375,-0.04573577946472997,-0.12598428791191735,-0.14321280704076836,0.13566260550425213,0.011059630158809862,0.0339841235786312,-0.14993677733296207,0.14543587121748142,0.034321006815266564,-0.01194520397869145,0.04362227081212597,0.15417931500408552,-0.0073265256747935565,0.22358547841527934,0.18048907411887688,0.0910242072060146,0.03494456033998731,0.012280261289925,0.0633185281215336,0.036502074707737815,-0.07981393820155477,-0.1837291787444024,-0.014381901427417182,0.11275911022655169,0.12443590317117594,-0.02019199605600113,-0.06733099919202801,-0.11899281954835735,-0.09783308302939284,0.08009878256423834,-0.154044196524351,-0.01745949869218093,-0.16260413480807243,-0.22041475895502288,-0.24099202527080757,-0.14470550105675434,-0.15891941734720427,-0.07941679942665943,0.07261431434218756,0.01601884355014676,-0.022793939753591366,0.1970392619609526,0.18954201226108908,0.04936206731273994,-0.051207164931276736,0.3970073082664208,0.3431169459571729,-0.006330483368101996,-0.042055626817366375,-0.05163625740070389,-0.239004505470929,0.03344364965969315,0.06635230317665372,-0.1475384243176745,-0.2767290372351838,0.025910794414494197,-0.03893512030565991,0.3494036071156313,0.26203490256405576,-0.07611643926287391,-0.025281763113567994,-0.21805748926127624,-0.03144334838200186,0.2157011325302305,0.0849420496925598,0.12428435136282508,-0.05264234229710545,-0.11576914825144818,-0.10534311420706907,0.11195387712435008,-0.005176498514153204,0.11301200089470345,-0.021033747666239097,0.09489425609516723,0.09624270200440961,-0.06343995216075447,0.005814659442088493,0.069825213290911,0.16130042407117456,-0.03630030995083696,0.14325389036230926,0.17071124359214304,0.027661856874837378,0.042839861777447086,0.07172600163420323,0.1682635905910064,-0.06737482140167163,-0.20718592941885358,-0.0739499787736172,0.052432360875896415
#101,-0.15533969059694067,0.03331035710536046,0.09878621608914168,0.14182692966078872,-0.2027754066107629,-0.11760968105648044,0.09381696010809479,-0.2124774612333213,-0.024811587322599936,0.18467500810254397,-0.022740987916938654,0.08016908069220832,0.21898962417890416,0.026579996074260388,1.0,0.549797094039723,0.11202234932691825,0.10482455139295284,0.4415525843691656,0.0521109980051765,0.1694878735729252,0.03972665896734789,0.29713284063779577,-0.06230513952352477,0.23513719546987907,0.21471513281324892,-0.004188672871769824,-0.08742439527633099,0.36888897004112897,0.2952220097047935,0.1107798070909813,0.304221996010353,0.12067449684343146,0.2112604819530098,0.11473110966051482,0.1661993819242515,0.4371776671064104,0.3665718707062223,0.23742051518485213,0.2439637188622659,-0.2212811605581854,-0.00043274432023079695,-0.1549936777332962,0.04642780519201888,-0.25394331414590054,0.11925849169432183,-0.01799358187221261,-0.03374949216449762,-0.13343954132753907,-0.05493935645259213,0.07976372525300479,0.0307987967151602,-0.005143631856920485,-0.07478260075684608,0.08667393993618391,0.106655954570976,-0.37950855217810076,-0.25689035774443436,-0.3830882789283644,-0.17013333820246773,-0.4257345926132188,-0.4227108601478087,0.3786558450154519,0.253638384603797,-0.05647861156632446,-0.1456522433775968,0.3252073566534439,0.20883017524319045,0.5804498167227378,0.25201331099617924,0.13835767139733507,-0.012031022472576883,0.09721865913168118,-0.000708459055905271,-0.13967690250014836,-0.40861562900847687,-0.31655794802503345,-0.44059671242131404,0.3137186340252069,0.38820999968046305,-0.023568132123962075,-0.18144220717862572,-0.22796952530504366,0.08904033925693966,0.043820383718223194,-0.35534699429854794,-0.4927424030091251,-0.1300935330287081,-0.11301017496930163,-0.14556459895830956,-0.08853638384603797,-0.3179639105844331,0.22600117772188416,-0.4096208009421775,-0.2532658958218262,0.04489585377989382,0.17232353572194808,-0.07164474795382235,0.09329109359237128,-0.03631035254054696,-0.04440376688410395,0.03764236512117297,0.1884601514605121,0.006133283424705684,0.07457261933563704,-0.002945217673131964,0.011963463232709628,-0.4106944450784463,-0.22731127919768837,-0.4533818420848416,-0.323804132982147
#102,0.04956565799504261,0.24730972716109684,0.13781719747839702,0.13630259235758924,-0.1372995476269817,-0.13255305454495656,0.14649490795053569,-0.018068444813687138,0.009682882405839309,0.2461630460087553,0.10194963184779086,0.02117616984758088,0.18123496464551941,0.013550192406889216,0.549797094039723,1.0,0.2759776689323358,0.31331236562330245,0.4413873381203011,0.32001351184797344,0.034127458722673885,0.3529842468285958,0.142745370137903,-0.017097052499920117,0.16481533046967367,0.4460452738203381,0.04829207502727476,0.027640858732716475,0.40260285666029116,0.38054111299282867,0.17029767148863134,0.4767509483400056,0.20709645907416452,0.3006285748195757,0.1862343483956963,0.2780665275920152,0.4065979814394683,0.43266124062501427,0.3655201376747753,0.37918536338197906,-0.10785284867186751,0.1708527528107839,-0.06333130959934632,0.13963764510400928,-0.3928250261335573,0.08768458964609001,0.1505676345592901,0.1908037267137451,-0.12023901363509794,-0.10765199687766756,-0.07784467765569437,-0.2849530052449707,-0.04781276960929761,-0.16327698831864224,-0.12199281498354385,0.16622403191717602,-0.5909014137227424,-0.355476635002077,-0.2652786590403849,-0.28438605540770634,-0.3284027261066249,-0.42979271181875867,0.2668863863566854,0.15309288939000398,0.1655110080477662,0.027849014228523695,0.2584798258067167,0.2803014602838401,0.6070590276034272,0.35089904001972,0.2817868505982188,0.19558034756490023,0.09490338572217633,0.08392957405725189,-0.19473311817845682,-0.35731808076981014,-0.19414973501257607,-0.4112239634449735,0.18440111929227132,0.5004834137501313,0.03510250288724454,0.017913241154532633,-0.017518841267740008,0.030674633787836598,-0.06368371320189714,-0.2564950448949408,-0.3795870669703789,-0.045508451752203666,0.03812440942725285,-0.12034126545759972,-0.05666759484541259,-0.3313123382344214,0.132538447141742,-0.43664267096367776,-0.29420314333057923,0.1889549772444047,0.40414119881132254,0.030161548749925823,0.18665431123811438,0.08618185304039404,-0.11183245308512921,0.08042379728576189,0.40785056626511523,0.04199719720450821,0.06935777638804566,0.17482687944784017,0.032778099850730595,-0.32891307225643296,-0.33034094592065444,-0.4625123820566311,-0.49245481975833877
#201,0.4389926369558172,0.2790032273231477,0.7744817795468966,0.5518686064080852,-0.1335071005674063,0.22297561933107224,0.05784440376688411,0.33838506027836235,0.08277924105410674,0.6913382663751273,0.3887002606508511,-0.049481665426559,0.05990952539633993,-0.017518841267740008,0.11202234932691825,0.2759776689323358,1.0,0.6347847918673283,0.04469043717218933,-0.10854304847375461,0.03728813559322034,-0.03943633682845887,0.12610479898843732,0.162798595863366,0.47365417885852273,-0.0611849342895096,0.38045620746164416,0.30132973017387377,0.281424404405958,0.1305783162228907,0.28949408171929136,0.22222790287902788,0.6113928615446416,0.21511501047624698,-0.06192169518914305,0.09226583647925064,-0.005159152222835936,-0.041906813897118235,0.33181081586911765,-0.0910232942433137,0.04960491539118169,-0.17672675482843148,-0.13527642228176767,-0.21655201376747754,-0.24086694938078304,-0.1800608946121506,0.3409778743489435,0.4063943907571656,0.1919695800828057,0.22139893274660263,0.3768335714644378,0.09231787535320245,0.4785202700543669,0.19214852077218386,-0.013122012900162964,0.1826582734962363,-0.3483217463150543,-0.39178607457992304,-0.32293955730438634,-0.02521420387370074,-0.2306655041608275,-0.15876330072534886,-0.2211076976450127,-0.07401662505078355,0.3678828851447274,0.03944090164196342,0.12742859490475517,0.00262202887701023,0.44940497655968265,0.2233335007098285,0.5893886345273364,0.24474338900884204,-0.10428772932481843,0.10449405889522384,-0.2768449834981992,-0.15088899743001,-0.24599323494638625,0.003958606271140793,0.17281836150584068,0.0022011530718912477,0.16820242209004552,0.13408591891978253,-0.13771677158129705,0.00014150921864087242,-0.16427576951343653,-0.04746219193214861,-0.18205663107633738,0.1360013146662893,-0.09388451934796203,-0.11420706907019314,-0.11641826473179438,-0.33635645715694285,0.14823592782116887,-0.35206398042607967,-0.4579877389109268,0.6289847398284543,0.38667348345483343,0.6122446557445895,0.5358506758206394,0.362618742211287,0.38802375528947763,0.6495245746735017,0.477708646213259,0.3576120547595028,0.535744772147334,0.6318048816115618,0.49609936686036693,-0.26295699489197366,-0.22558577969297064,-0.3341680855628643,-0.34787713347971166
