,#10,#11,#12,#13,#17,#18,#26,#49,#50,#51,#52,#53,#54,#58,#101,#102,#201,#202,#301,#302,#401,#402,#501,#502,#601,#602,#701,#702,#801,#802,#901,#902,#1001,#1002,#1101,#1102,#1201,#1202,#1301,#1302,#1401,#1402,#1501,#1502,#1601,#1602,#1701,#1702,#1801,#1802,#1901,#1902,#2001,#2002,#2101,#2102,#2201,#2202,#2301,#2302,#2401,#2402,#2501,#2502,#2601,#2602,#2701,#2702,#2801,#2802,#2901,#2902,#3001,#3002,#3101,#3102,#3201,#3202,#3301,#3302,#3401,#3402,#3455,#3501,#3502,#3601,#3602,#3701,#3702,#3801,#3802,#3901,#3902,#4001,#4002,#4101,#4102,#4201,#4202,#4301,#4302,#4401,#4402,#4501,#4502,#4601,#4602,#4701,#4702,#4801,#4802
#10,1.0,0.25333345506169347,0.2543075862635632,0.5308914624293024,0.11239483810888906,0.062224798805844785,0.23605289705889065,0.6622804895306003,-0.10285437788439153,0.35984698745132765,0.3969689638329826,-0.06404981124496159,0.00102799600122337,-0.229107989793077,-0.1115010476246993,-0.008457686461219627,0.1348053335280987,-0.020412020066920167,0.1650673081751245,0.2651910146210977,0.19884327625794848,0.2097221398019784,0.12133182998808584,0.21371817754385644,0.07760091661455171,0.2078788681088434,0.13890362309247856,0.009392560266950293,-0.018414457677331592,0.11238479551917907,-0.09221379760529884,-0.2921462383654316,-0.12741763935234426,-0.20760680522397257,0.01563448625306413,-0.01191416324686055,-0.32704423760767254,-0.26416667047067793,-0.23507967881972183,-0.12741033565073698,-0.022171299191571528,0.09643077232079683,-0.05925036632628374,-0.18796441271391856,-0.2587838423861193,0.29380235270488025,-0.013383120232622897,-0.04003615332295599,-0.21048172476913457,-0.05278841632925087,-0.11866689186413289,0.04818617135396933,-0.11729562188736779,0.1012530413069974,-0.17413667964595306,-0.09598159467194968,-0.380437948207626,-0.19298296868081455,0.030269278348633067,-0.1735313853752505,-0.1232043164876499,-0.3013607709057046,-0.2243450633824355,-0.12748063377870697,0.26621535877151736,0.21249024271113404,-0.3027667334651043,-0.17028123816001497,-0.045784166487878135,0.06463958514974871,0.17298817256820972,0.1019742818407154,0.05852821282986483,0.1026142686940525,-0.3560244126226223,-0.07520165063656324,-0.37203869135926454,-0.289888481606084,-0.034326484591472015,-0.03584017674957889,-0.2619974710933185,0.025329237174015255,,-0.09066815175266014,-0.11857650855674291,0.041629273236041944,-0.15813153053631993,-0.1254310325151666,0.09663801485390314,-0.16837314611511547,-0.17704537881104868,-0.11871162703647742,-0.007175886829143595,0.086983434291792,0.05274642004500906,-0.017989017058708066,0.29722778875869027,-0.08344661678847111,0.2735154085279846,-0.1154815650006619,-0.018020970753239877,-0.20936517138592303,-0.16440997503047014,-0.2657972218545011,-0.06541834233362397,-0.17535822373976911,-0.16026786325644665,-0.07181821086699502,-0.2548772749889303,-0.061060771362185996,-0.04643237000552342
#11,0.25333345506169347,1.0,0.29442590622960096,0.1795249855067171,-0.0630300319080464,0.10524725312347365,0.13513308713772498,0.1924543632769883,0.10236229098860167,0.3247727864078113,0.23868222963750815,-0.028684375099855296,0.071578101676656,0.1490840701703132,0.047321595676208646,0.05208452208685014,0.04155441029456741,0.14233453692249404,-0.004460735756640663,0.08300291691582941,0.08716967868277742,0.20202586423331675,-0.0006299442636271095,0.12154637622279942,0.06966361889285014,-0.02053618299424377,0.06807506379326872,0.023329848859024865,0.19544888093596935,0.04646706258815796,-0.15966804676194954,-0.20113663856263153,-0.16414521584720657,-0.2663322179972337,0.1525788913893923,0.03283287761278513,-0.18244920503772818,-0.1673688871441157,-0.18649454276545532,0.024899231741887184,0.19789927282520872,0.035653019395892584,0.12309202207543811,-0.06965448926584104,0.064175800097687,0.05112043347469039,-0.13797605298835516,-0.18341785846339248,-0.14128462981644885,-0.13270825820411108,-0.12914496478246382,-0.11111577736491576,-0.10210209661884263,-0.07179264791136958,-0.06604463474644744,-0.2892831873353814,-0.17100886943263932,-0.18812509414927853,0.007498162662564421,-0.1846476192215167,-0.09889759753865256,-0.23953676272555885,0.05358360684174248,0.0860640808519768,0.10016844161831769,0.06312680595434274,0.13774781231312794,-0.1124085325494027,0.09996576389871592,0.12141764848197127,0.06445881853496875,0.09925365299200702,0.006099503804772056,-0.1694166624822543,-0.34864493511117606,-0.16210839606147892,-0.24212683790803727,-0.2248691039727572,0.030941218896501983,0.20981982681097563,-0.10281238160014973,-0.033976819877023924,,0.0953032633851744,0.05304495884820626,-0.06535352198185942,0.08659268625580302,0.16530833032816444,0.20606937603564207,0.12654302108487359,-0.027408966206685627,-0.04558331469367819,-0.005457691026033131,0.03358607184103493,0.05422176776967777,0.06751633062031251,0.1683749720405173,-0.09719766098956027,0.18823008485988305,-0.20464698014762606,-0.05767824455531869,-0.014458590294293527,-0.0721751792830504,-0.12090912825756504,0.027320408824697467,-0.10994901103315424,-0.15837163972665896,-0.16036098545193936,-0.20635604632372745,-0.010181360040535544,-0.09893046419588528
#12,0.2543075862635632,0.29442590622960096,1.0,0.3892142586514628,0.19835392825026132,0.19070603970474787,0.23835812787868552,0.12871678527573757,-0.06267762830549557,0.48808629323448993,0.3006212711179685,0.0012717570423660342,0.14226241286912222,0.07131882026959789,-0.07422478054659076,-0.13008805525250267,0.42582954073411333,0.5440089105159609,-0.09277070485285324,-0.039991418150611455,0.03230883702246345,-0.07469678226296064,0.11421163388369768,-0.051333153784002154,0.07782459247627438,0.06842016369421228,0.32422683471266783,0.2438742485175768,0.23682526350385955,0.02301305080180949,0.27533585615359685,0.07754339996439445,0.19697626753458988,0.116842792387717,0.06551602934262121,0.061709887842532195,-0.01236060200760498,-0.12933212213615014,0.011718789228866055,-0.18889837355694833,-0.062330702479150214,0.14340909402146376,0.024102215303993757,-0.09090826094299917,-0.28144266365997617,0.30483824583346647,0.2817886765236206,0.2853474051317633,0.09604185021020967,0.06724061588463803,0.016213304605440345,0.2793839327694267,0.13556400553255396,0.12987442198048998,0.027930267908904582,-0.22925588975062425,-0.09963983621449146,-0.14313064039768655,-0.16247358114184246,-0.07950535680864758,-0.019744644332555794,0.1290801444306993,-0.0611739787370987,-0.18072644442111319,0.27855313671159965,0.2054010873385768,0.07321230491128285,-0.08214929679047962,-0.1004167674729649,0.006365175950736533,0.2276938105693692,0.2802594639995983,0.045690131329684525,0.08187175612940334,-0.3060031862398262,-0.21990623873061665,-0.024922055809409906,0.09358963239556847,0.10696636188928502,0.023638430251932057,-0.10190854852624996,0.17121702492844654,,0.0032318879612173446,-0.09457563211255005,-0.1779528637357521,0.0155075844376378,-0.0035760748994599825,0.030620768988482976,-0.24726316606335047,0.0668872993193863,-0.23844485933527185,0.11374419698083235,0.10346697585670138,-0.031890700105447194,0.3522566155559715,0.2077720514728371,0.2888458782016461,0.6042525802608334,0.21252950010727312,0.30108140431922653,0.31396422099175136,0.0599679550091981,0.27388607138455356,0.4510574390483277,0.2619892544290103,0.3427426312498003,-0.009845389766601086,-0.2719359830554123,-0.14216746474822772,-0.18674834639630797
#13,0.5308914624293024,0.1795249855067171,0.3892142586514628,1.0,0.11994686557080711,0.13996722463903738,0.1984342689679413,0.3336367412709354,-0.15521370174421523,0.39510743288582945,0.20270602144549385,-0.13764008271442071,-0.10277586309211337,-0.07583981156449854,0.006182583410554761,-0.06377774836009074,0.21645250083307846,-0.04164479360195739,0.11938630647244906,0.09841007545636724,0.2925935900888769,0.26496368690857136,0.15386525583497287,0.19491205886783494,0.15872769518001342,0.22612168879840414,0.22537397234635978,0.07598679855934486,-0.02648139610256223,-0.015702045492931388,-0.05753764829937873,-0.046782947682672424,-0.06893416169482396,-0.08172020432105247,-0.030627159727389337,0.09852328283127992,-0.25500417680435666,-0.21074009321349177,-0.15044164570656465,-0.19215582447379112,0.03899263695581717,-0.11452021527660487,0.060904654740330584,-0.2164150693623412,-0.34014981717921916,0.2252388538666253,0.0909940794368846,0.057691938995832324,-0.03530791949494903,-0.020003012776913,-0.04652001442481067,0.06729174179588893,0.011287870834037076,0.05078720208885866,0.029027649075397025,-0.16682567433707496,-0.1471677614611055,-0.09227953091976428,-0.19430128682092693,-0.3707523269136839,-0.24350541158640965,-0.1671589057229067,-0.10018122309613041,-0.01668804520991295,0.2555391729470892,0.11159599574559381,-0.2851885496218052,-0.20939073434154848,-0.04270839514851621,0.1107588089488604,0.06627378838437556,0.06975947997644556,0.10501901244824642,0.11031967388972323,-0.21946071293257313,-0.0685972784581886,-0.24837241574495475,-0.17313333363765424,0.009503941716461174,-0.0741654379710317,-0.10027799714242674,0.09714562211560847,,-0.20438678577786704,-0.1479711686379053,-0.10773964129695482,-0.0727950809569675,-0.14072954849429625,-0.13605609242834385,-0.2194369759023495,-0.0031287231760146438,-0.21485025129298344,0.2454317628853273,0.02307969707897584,-0.01994640908945665,0.14375236799700547,0.2968945573728585,-0.042461895219270816,0.2721468774393222,-0.00405629328013804,0.04952731356160444,-0.0924876864155715,-0.1390104397284849,-0.16852469792346633,0.12697393947970256,-0.06436569633947604,0.015395290025426011,-0.12137656516043037,-0.1858947262709582,-0.12421770508565873,-0.13613917203412654
#17,0.11239483810888906,-0.0630300319080464,0.19835392825026132,0.11994686557080711,1.0,0.11633153327520804,0.2625288153852474,0.1256483176379829,0.14024020048660912,0.31689300533626696,0.13829102512016872,0.16543523214359077,0.2581210314652595,-0.0036536767290372353,-0.2625151209447338,-0.17339170208201143,0.15923895429252238,0.1495487681850758,-0.04022878845284776,-0.020430279320938344,-0.24219713603600726,-0.422146649198647,-0.10752965987574578,-0.10794049309115476,-0.08561946801663418,-0.20277084179725838,0.026475918326356776,0.10042315821187126,-0.18444768039001766,-0.04889006559637006,0.22837853259505084,0.11199404748319007,0.12738385973241062,0.3054791456495045,-0.028325580758398115,-0.019576659195588566,-0.047155436464643236,-0.05764446493538507,-0.15864005076072618,-0.1327840341082865,-0.19652708988574272,-0.13718907914017173,-0.16467199532563098,-0.19660377875261906,-0.13239328607229753,0.1441586363989099,0.09756923680883017,0.2006281183382253,0.14583392295507766,0.09057411659446653,0.08206073940849147,-0.06941438007550202,0.06855893402475041,0.01104593571829623,-0.15686616423286026,-0.0740011046848681,-0.23193087046428718,-0.08340918531773385,0.10146302272820644,0.06207963773640028,-0.11172289756102015,-0.12793346327835775,-0.07002880397321368,-0.20538647993536224,0.025936357370119643,0.02330154701529669,0.07413348427649988,0.12128526889033948,-0.21613113796235855,-0.08294357434027033,-0.02530184829298799,0.024306718948997337,0.021957665919558857,-0.16418538620604656,0.03514084732068271,0.009850867542806539,-0.002593727033282055,-0.007099197962267252,0.03283287761278513,-0.22453222073612183,0.1009435469513893,0.219982927597493,,-0.12637229705980363,0.13447849288117333,0.021821634477123437,0.10451597000004564,-0.28841769869491984,0.06057416224260158,-0.17926022632345356,-0.00040261655110080476,-0.03444973455609471,0.3172362793118087,0.06240465245792383,0.07971899008066026,0.09450076917107551,0.01040777479036094,0.06897889686716849,0.10736897844038581,0.13940118776447388,0.2979535941059128,0.05016638745224064,0.18324165666211706,0.19283232983516457,0.3935517444434808,0.2809377952863736,0.2333678737555177,-0.09253789936412148,0.005122633714799582,0.04426134470276217,0.1834936343675679
#18,0.062224798805844785,0.10524725312347365,0.19070603970474787,0.13996722463903738,0.11633153327520804,1.0,-0.06146156198788499,0.017352682056174594,0.07038029461306358,0.14961632742494305,0.05975249581178361,0.15503841290564074,0.16657826144512866,-0.01625530088968215,-0.05662377263576897,0.06827043781126323,0.13890179716707673,0.08203426349016511,-0.08420254990482363,-0.004927259696805087,-0.0010389515536342762,0.01997836278398846,-0.011304304162653435,0.11103908849803941,-0.09139213117448086,-0.08318277056790845,-0.08453030351444991,-0.044753431598552045,-0.0884879968228898,0.12494351043288127,-0.016847813682572,-0.08317637982900208,0.0016898939593822894,-0.10172595598606819,-0.19296288350139454,-0.08576828093688232,-0.09817453107953275,-0.18507762465364477,-0.05622024312196725,-0.017359985757781866,-0.1337316893918299,0.04721569200290322,0.12081691902477325,-0.05307508661733625,0.06375948910607257,0.1404675281991354,-0.08666846215997845,-0.10273843162137611,0.014585492109719857,-0.0089497733570095,-0.1401863356872555,0.08970132425239767,0.071958807122935,0.10990975363701516,0.09758384421204472,-0.06564840893425299,-0.01439285697982809,0.013896205270533672,0.05613716351618454,-0.0482756416986584,-0.006361524099932897,-0.03254712028740066,-0.17481592389542924,-0.3086023910493137,0.021615304906718036,0.0899414334427367,0.24278325808999074,-0.23796737984269653,-0.16445653612821648,-0.1780605933344593,0.018645437240661533,-0.2222698991632697,0.20541752066719315,-0.1041087886354403,-0.0491831266233618,-0.07513500435939689,-0.08921197624471053,-0.0510903057055604,-0.08713042128663834,0.1667590280599086,-0.0535443494456034,0.18649636869085714,,0.16786736477881195,0.17974135766683252,0.0962728297735396,0.16179251096696445,0.03237822218773252,0.027641771695417382,0.06334682996526177,0.07507840067194055,0.051943925830910176,0.0680513267630451,0.21792967448314898,0.17423984443115575,0.08273724476986492,0.07519982471116142,0.040701703131918544,-0.027209940337887494,0.08304673912547303,-0.056993522529637054,0.007080025745548166,-0.060544947436172496,0.07946336052440578,0.025092779834479863,0.10919490384220353,-0.01872942980914515,-0.059667590280599085,-0.10984493328525063,0.08606316788927589,0.0796925141623339
#26,0.23605289705889065,0.13513308713772498,0.23835812787868552,0.1984342689679413,0.2625288153852474,-0.06146156198788499,1.0,0.17402073338293764,-0.021541354927944418,0.31829896789566664,0.3793679559221608,-0.09268214747086508,0.08908416146658328,0.07296306609393473,0.019674346204585812,-0.19971789452541916,0.07952361606266575,0.13154057890964865,0.15448333158348815,0.12260449999315277,0.03225405926040892,-0.05279572003085814,-0.037195013397727635,-0.05361738646167611,0.04467126495547025,0.053158166223118954,0.19257030954000373,0.17958797993307984,0.0798878881803284,-0.05108117607855131,0.15131626397403533,0.17291422258943612,0.18333295293220794,0.22399448570528652,0.09670831298187313,0.07173421829851141,0.11457134118785577,0.08915537255725417,0.009564197254721159,0.3483107907626434,-0.19310439272003543,-0.18751614802777233,-0.044065057722066765,-0.15001437916253932,-0.2734779770572473,0.10306162041749785,0.24211496939292546,0.14756581319870177,0.04886085078994098,0.07507018400763237,0.24298319692148979,-0.01744397832626548,0.0719807182277568,0.07155071279562873,-0.03192630565078264,-0.02363569136382933,-0.0810528285866881,0.09001264453340758,-0.24205653978006728,-0.07191407195059046,-0.07598953744744759,0.1464255227852666,0.19585423637517288,0.2262924128234741,0.10988053883058607,-0.04479999269629839,0.11027311279197688,0.26476557400247414,0.06753732876243342,-0.013254392491794748,0.05027776890175152,0.06206229144508301,-0.20503407633281143,-0.027450049528226526,0.055866926556715525,0.02318468778958036,0.04660218106789247,0.0682165730119096,0.27403397134210083,0.11668667576586159,0.08915537255725417,-0.12312397576996992,,-0.1924954465985292,-0.07012831690761274,-0.32919882958181745,-0.05400996042306692,-0.24136268812737655,0.01811957072493803,-0.1844915025996613,-0.1369398403228236,-0.28082367494876,-0.08982640014242219,-0.19169477830983214,-0.2765473576577029,0.2611401991171651,-0.059247627438181016,-0.03213720003469258,0.1616254387926981,0.11882666033679194,0.015591577006121415,0.07832580899907335,0.14398973829924178,0.01449602176503079,0.2770239241875773,0.2464497162968407,0.2345209456467656,0.0058082687031821316,-0.08367942227720286,-0.14655607645149657,-0.08998160380157669
#49,0.6622804895306003,0.1924543632769883,0.12871678527573757,0.3336367412709354,0.1256483176379829,0.017352682056174594,0.17402073338293764,1.0,0.05463351394778766,0.3096623407450689,0.30209387995453446,-0.12987716086859272,0.047444845640831346,-0.1745949869218093,-0.25279389410545633,-0.13100375684151425,0.10710239333172043,0.007465296005331702,0.15131535101133442,0.23506141956570364,0.09666814262303314,0.2547777620545313,0.18217531622745553,0.2927250567178078,0.21124039677358983,0.21927355557888684,0.17826874883026653,0.06007751053330716,0.06821748597461051,-0.047860243669744874,-0.012892859262234841,-0.11348217668567151,-0.0471207438820087,0.020737947751144625,-0.08906225036176146,-0.08845786905375981,-0.22894639539501613,-0.1731525058543733,-0.05600113207374913,0.04708057352316871,-0.08210730050623782,0.01762748382914816,0.001974738322065852,-0.22706751815654572,-0.20141417922370783,0.1275856244893115,0.03365819589440673,-0.07116452957314429,-0.2085279845891896,-0.0027124121844002065,0.002570902965759334,0.12389999406574244,0.00565762985753217,0.1753344867095455,0.00891690669977678,0.09834069029109815,-0.31212460114942003,0.051898277695864733,-0.001954653142645857,-0.0739399361839072,-0.16978184756261783,-0.37855541911835194,-0.18446046186783038,-0.2694673319121547,0.11782879210469856,0.18377391391674694,-0.20387004888915264,-0.1693354088018734,0.08809724878690081,-0.023058698936854936,0.12816626876708953,0.033595201468044025,-0.025329237174015255,0.10531024754983635,-0.26919070421377933,0.048542226807323785,-0.3471020281466401,-0.2846955497633144,-0.036157887769495176,0.02717250886715023,-0.06797098604536511,-0.09165962924584715,,-0.004101028452482574,-0.13046510884797802,0.07425399535301985,-0.2510702205261404,-0.1600770540519567,0.06281092085982827,-0.25034258925351605,-0.3038841998110167,-0.12406250142650423,0.07985502152309568,0.009408993595566652,0.04317583205138154,0.030221804288185806,0.12949097764610826,-0.12145051513920399,0.19279672428982914,-0.14212729438938773,-0.03693025421446407,-0.17262572637594892,-0.12031296361387156,-0.14120520206146978,0.02698900336426755,-0.10556587710609083,-0.01679851369672292,-0.11324845823423885,-0.2710650166387452,-0.14777031684370534,-0.08965932796815586
#50,-0.10285437788439153,0.10236229098860167,-0.06267762830549557,-0.15521370174421523,0.14024020048660912,0.07038029461306358,-0.021541354927944418,0.05463351394778766,1.0,-0.061164849110089604,-0.12676669694659626,0.25630880050395544,0.02269625274459412,0.2415936676907065,-0.16726937420971666,-0.2768230723933774,-0.19824985050235772,0.13795322892083245,-0.1250302418894676,-0.013221525834562028,-0.22274281384234046,-0.009113193680472184,-0.12155733177521032,-0.048903760036883695,-0.20210072717479127,-0.19217590965321113,-0.34414859380919993,-0.10962308334892978,0.05527167487572295,-0.24795062697713485,0.005684105775858528,-0.2219804899870816,-0.25842596100736304,-0.2632418392546573,0.13510661121939863,-0.3089611853907709,-0.10573294928035715,-0.22042297561933108,-0.2519128850990793,-0.1688296274655699,0.06795637864215058,-0.20360437674318815,0.1567146124245094,0.1587249562919107,0.18984968069129535,-0.07580238009376127,-0.4148137327849471,-0.1925566150994901,-0.16905147740189075,-0.37105451756768476,-0.15325813563886848,0.016721824829846577,-0.09186504585355165,-0.15150433429042257,-0.06450172778191147,-0.21223552611758045,0.12361423674035797,0.04295763396586433,0.22267799349057593,-0.14110112431356617,0.24293937471184615,-0.10015200828970132,0.059062296009896514,-0.09583095582629972,-0.35358862813659747,-0.07693810569369189,0.36841696832475906,-0.018650915016866988,0.2265708664472513,0.04647527925246614,0.22765090132242646,0.028595817717867136,0.09656862968863407,-0.1016136615738564,0.14129558536885975,-0.07638302437153931,0.2341283716853748,-0.015377943734108742,0.06962801334751469,-0.06551876823072393,0.1803886482217769,-0.2184865817307034,,0.3631327402118986,0.4249430539515308,0.14765071872988628,0.1811108017181958,-0.2341886272236348,0.01905992230687415,0.29150716447479535,0.0011695052198642424,0.11324571934613611,0.19726293782267526,0.18436642670963677,0.17703168437053504,-0.1540651946664719,-0.14108742987305253,-0.19217864854131383,-0.0612470157531714,-0.09202846617701434,-0.007670712613036194,0.22804986602272365,-0.191245600660985,0.2141445311251809,0.2097732657132293,-0.14239022764724948,-0.08605403826226679,0.07473603965909972,-0.013073625877014794,0.31345022299113967,0.2878470970068518
#51,0.35984698745132765,0.3247727864078113,0.48808629323448993,0.39510743288582945,0.31689300533626696,0.14961632742494305,0.31829896789566664,0.3096623407450689,-0.061164849110089604,1.0,0.547213409596151,0.008800047474060447,0.39401370357014065,0.074753385950417,0.10372990911456312,-0.09119036641758001,0.5768070955461114,0.20298173618116833,-0.06847585441896771,-0.07673816686219284,0.056838318870482546,-0.12489968822323765,0.20798933659565338,-0.02852917144070079,0.11432575422131129,-0.0101046711736592,0.2715187591010969,0.07372995476269817,0.01497441422030703,-0.06800385270259783,0.26594329588664656,0.06538364975098943,0.1976600765975706,0.12136195775721582,0.002431219672520279,-0.14973318665065938,0.01562535662605504,-0.0977874348943474,-0.05969315323622453,-0.011584583711832453,-0.03765332067358388,0.03356324777351221,0.034415954936161085,-0.29925821780551154,-0.19204353006157934,0.20977783052673382,0.22959003409915688,0.16489749711275545,0.030684676377546596,0.12703693390606527,0.05512286195547481,0.11223050482272547,0.16618294859563512,0.11414863945733497,-0.06160215824382495,-0.12574235279617652,-0.22273003236452774,-0.04169226766240465,-0.18198633294836739,0.0026238548024120475,-0.12332117571336623,0.050235772617509715,-0.13331537840021546,-0.1543217371854273,0.2460279275290208,0.08286323362259035,-0.13103388461064422,0.029056863881826107,-0.08703638612844472,-0.11920736578307094,0.04133438628364838,0.07029538908187906,-0.12695111541217985,-0.18885729023540743,-0.21603618984146403,-0.07699014456764369,-0.12273140180857911,-0.02938187860334966,0.12373657374227975,-0.051550438906818465,0.1276157522584415,0.1412262002035907,,-0.06168432488690675,-0.15178917865310612,-0.21879242423550785,-0.07795240725440163,-0.11199404748319007,0.052977399608339,-0.22624585172572775,-0.15268935987620225,-0.1342885966393843,0.11099161443759215,0.08423724248745817,-0.18272491977340266,0.24871568972049646,0.1531476671520585,0.17199213026151816,0.25374611420250426,0.11902386028018826,0.33863338613300953,0.05552091369307107,0.15018510318760928,0.13505731123354955,0.2874298730525364,0.18397293978554508,0.2947226191073964,-0.027368795847845635,-0.004353006157933418,-0.11455216897113668,-0.08060273797514003
#52,0.3969689638329826,0.23868222963750815,0.3006212711179685,0.20270602144549385,0.13829102512016872,0.05975249581178361,0.3793679559221608,0.30209387995453446,-0.12676669694659626,0.547213409596151,1.0,-0.0923032679499879,0.29742224981398385,-0.0048542226807323785,-0.006281183382252918,-0.06686721413996631,0.3259660286578992,0.2893306613958287,-0.1345652243377597,0.03781491507164475,0.006568766633039207,-0.12335495533329986,0.11385740435574504,-0.007252575696019939,0.0033624416274473106,-0.02448292075027275,0.32708532092921344,0.06093934732296512,0.03811345387484194,0.04338398754718876,0.15743220110742376,0.1053768938270027,0.21386972935220733,0.2079792940059434,0.007520986730087142,-0.09731178132717389,0.05988122355261176,0.010960117224410797,0.028749195451619823,0.12433456431137506,-0.05841683138035396,0.025263503859549816,-0.026947007080025745,-0.2234896173316839,-0.22525893904604527,0.25767185381641233,0.2961705779510378,0.21563448625306414,0.09372383791260208,0.24601788493931082,0.20359068230267452,0.04441837428731849,0.2702278298420118,0.17475384243176745,0.0876325507721382,-0.04097102712868666,-0.14112851319459344,0.0510592649737295,-0.0995403232800924,0.1631783883469441,0.12061880611867602,0.2328922201883442,-0.08944752062154501,-0.02146101421026444,0.135072831599465,0.09197460137766071,-0.007206014598273588,-0.040574801316492215,-0.11331966932490974,-0.1936074351682362,0.049164867369343626,0.05865602760799207,-0.1459717803229149,-0.09191617176480255,-0.06666636234576637,0.03394030136898757,0.0638544372269671,0.10462187367335107,0.17387465935079222,0.030773233759534755,0.13954817475932021,0.08079354717962997,,-0.009359693609717576,-0.07989701780733748,-0.25893448123176926,-0.09208415690176978,-0.0374588596182903,0.21938858887920135,-0.09632121679668777,0.017008495117931958,-0.22085845882766458,-0.055738198815887374,-0.048886413745566425,-0.18943336969968091,0.18869113102384202,0.06175279708947491,0.09665901299602404,0.31810541980307394,0.2027096732962975,0.16279311808716054,0.003460128636444558,0.22596831106465146,0.03966914231719063,0.2275623439404383,0.16815220914149553,0.2295626452181296,0.13233211757133662,0.004699019021577874,-0.20165428841404684,-0.25208634801225194
#53,-0.06404981124496159,-0.028684375099855296,0.0012717570423660342,-0.13764008271442071,0.16543523214359077,0.15503841290564074,-0.09268214747086508,-0.12987716086859272,0.25630880050395544,0.008800047474060447,-0.0923032679499879,1.0,0.21864908909146516,-0.10719825441531586,0.16031442435419302,-0.13042950330264258,0.08333614830166114,-0.1894835826482309,-0.19154596538958402,-0.3830800622640562,-0.05232463127718917,-0.12641611926944724,-0.10976550553027156,-0.2271286866575066,0.06928747826007568,-0.1176051162429759,-0.017717867136538137,-0.19161626351755398,-0.10865442992326549,-0.05116882049783856,-0.06680878452710814,0.007280877539748113,0.00307577133936193,-0.04442293910082304,-0.020978056941483657,-0.1575910566173819,0.19147201541081038,0.1715109989181392,0.10422929971196027,-0.01823916883875709,-0.02950056375446781,-0.10967329629747977,0.022240684356840602,0.30142011348126374,0.056932354028676156,0.34034884304801727,-0.16840327388424545,-0.14403995124779176,0.05147101115183939,-0.24499171486348925,-0.13899491936256944,-0.07487298406423605,-0.08835105241775347,-0.31133854026393754,-0.03116124290742102,-0.23953767568825976,-0.025073607617760778,-0.3218841724221357,0.26502211652142954,0.310993440362994,0.002983562106570136,-0.038089716844618315,0.16347601418744037,-0.15612209963161955,-0.09914409746789794,-0.08009147886263107,0.018740385361556054,-0.029698676660565033,-0.3135652562914542,-0.05861677021185299,-0.336485184897771,-0.16411143622727292,0.14792278161475714,-0.014697786521931646,0.0405318920695495,-0.2032172805580028,-0.07845179785179876,-0.3001264453340759,-0.17433753144015302,-0.17296808738878974,0.3628122903038796,0.04672634399521607,,0.45387940675683697,0.2882935357675962,0.21339224985963198,0.12383243482587519,-0.020781769960788253,-0.11197304934106916,0.19479976445562316,0.12015045625310979,0.12672926547585897,0.23176105940191813,0.21769869491981905,0.20471727827559605,-0.05551269702876289,-0.14770914834274446,0.12735738381408426,-0.11339453226638425,0.10657013607709057,0.007996640297260655,-0.044720564941319325,-0.23430000867314565,0.09888299013543801,0.012764131521406694,0.04668617363637609,-0.06573057557733479,-0.2564110523264572,0.07439550457166072,0.24251941186942808,0.19628698069540368
#54,0.00102799600122337,0.071578101676656,0.14226241286912222,-0.10277586309211337,0.2581210314652595,0.16657826144512866,0.08908416146658328,0.047444845640831346,0.02269625274459412,0.39401370357014065,0.29742224981398385,0.21864908909146516,1.0,0.008400169811062369,0.18579977815006368,0.04471600012781478,0.22244427503914327,0.06105803247408327,-0.1697179401735542,-0.1647359027146946,-0.0195392277248513,-0.25966485139249634,0.021617130832119854,-0.1839364212775087,-0.02727019587614748,-0.19946409089456651,-0.0184564539615734,-0.054441791780596806,-0.04390072443590317,-0.07594754116320578,0.2385197222767464,0.1488695239355996,0.23903280731465715,0.10568364929450808,-0.01977933691519033,-0.08240583930943501,0.19349787964412715,0.05131945934348852,0.13351349130631268,0.1488786535626087,-0.091901564361588,-0.034205060552251136,0.08593626607384955,0.04895032113463004,-0.012111363190256862,0.18762022577567594,-0.012960418502102097,0.07232946997950399,-0.023051395235247664,0.17065007509118216,-0.221755901162658,0.10767390798248938,0.07038851127737177,0.070907074091488,0.087003519471212,0.18630464652366627,-0.007332003450999009,0.09082609429991738,-0.151910602692327,0.3947093811482332,-0.08105648043749172,0.16116256670333734,-0.1093263704711344,-0.14019363938886276,0.04384503371114773,0.07234681627082125,0.021575134547878048,0.1927720742969046,-0.15702045492931385,-0.09515445046492625,-0.2136104479451492,0.0048551356434332876,-0.13309900624010007,-0.07172782755960505,0.038287829750715534,0.17300186700872336,0.03465149931299557,0.03586847859330707,0.10967968703638613,-0.13270917116681197,0.385105013534672,0.2807844175526209,,0.17182597104995276,-0.04011558107793506,-0.10022687123117585,-0.1029338056393706,0.02781066979508552,0.014317994038353562,0.046383982982375255,-0.12454271980718228,-0.0752171710024787,0.14568419707212862,-0.0998607731881114,-0.1490950257227241,0.1960486974304665,-0.1527560061533686,0.07716543340621819,-0.07873481628908051,0.008004856961568834,0.226333496145015,-0.020972579165278202,0.13532389634221495,0.05127107232034035,0.07553488202239497,0.09625457051952142,0.14343830882789282,-0.18560257820666737,0.2600829883095126,-0.09085165725554283,-0.1010047154523502
#58,-0.229107989793077,0.1490840701703132,0.07131882026959789,-0.07583981156449854,-0.0036536767290372353,-0.01625530088968215,0.07296306609393473,-0.1745949869218093,0.2415936676907065,0.074753385950417,-0.0048542226807323785,-0.10719825441531586,0.008400169811062369,1.0,0.13574294622193211,-0.24220535270031543,-0.10459539775502472,0.250533398458006,-0.023187426677683084,0.0983552976943127,-0.0687524821173431,-0.05567155253872103,0.10950805004861526,-0.001460740321454167,-0.016887984041411987,-0.0834146630939393,0.006241013023412929,0.22622485358360683,-0.026063259185545976,-0.13322408213012457,0.08905129480935056,0.03846494451469185,-0.02023307937754203,0.0762689040339257,0.10572929742955352,-0.0030246454281110343,0.023233987775429434,-0.07088059817316164,0.04061497167533221,-0.0364281247289642,-0.06109728987022235,-0.19155692094199492,0.1584775433999644,-0.12508410668882122,0.15352380778483296,-0.11739330889636504,0.07470591188996974,-0.006745881397015525,0.05427198071822776,-0.09902723824218161,0.014828340188161612,7.121109067089064e-05,0.18062510556131228,-0.04638580890777707,0.1475384243176745,-0.0667430512126427,0.2487266452729074,0.15028370315930742,0.013646966453185555,-0.2213742827536781,0.020357242304865634,0.13573564252032483,0.19637553807739186,0.04609274788078533,-0.1096669055585734,-0.11907316026603733,0.4497674227519435,0.11583396860321271,0.3228309147429782,0.0727019587614748,0.2780528331515016,0.13695718661414089,0.03857997781500637,-0.10066874517841573,0.19706573787927895,-0.11058717196108953,0.3432082422272638,0.26843933591093133,0.34287227195332937,0.10190124482464269,0.09713557952589846,-0.21509949011033155,,-0.042505717428914444,0.16705208908690036,-0.11910785284867187,0.1516522342479698,-0.15661692541551214,-0.21564726773087686,-0.11589148525336998,-0.1158421852675209,0.0701337946838182,0.13184185660094858,-0.22320386000629944,-0.02972423961619048,0.010078195255332843,0.10271286866575066,-0.11422989313771587,0.04310462096071065,-0.019083659337097783,-0.0001342055170336016,0.2568775762666216,0.05620107090524817,0.18574408742530824,0.3233458257062908,0.05437240661532773,0.0982000940351582,0.2570902965759334,-0.13749583460767711,-0.17173467477986187,-0.2272208958902984
#101,-0.1115010476246993,0.047321595676208646,-0.07422478054659076,0.006182583410554761,-0.2625151209447338,-0.05662377263576897,0.019674346204585812,-0.25279389410545633,-0.16726937420971666,0.10372990911456312,-0.006281183382252918,0.16031442435419302,0.18579977815006368,0.13574294622193211,1.0,0.32974752016506365,0.013950070069887294,-0.26280179123281916,-0.00045100357424897406,-0.17991847243080883,0.32102416155787955,0.1947431607681668,0.21005171933700648,-0.004903522666581457,0.083517827879142,-0.008075155089538816,0.10483641990806465,-0.27584072452719943,-0.12484217157308038,0.05639553196054175,-0.09681786850598219,0.14367933098093277,0.009863649020619262,0.024272026366362803,0.09056316104205563,0.20069841646619527,0.17525962376807094,0.33713156249001447,0.09020436670059845,0.14170550562156783,0.08885683375405698,-0.018499363208516115,0.0532558532321162,0.24654009960423068,-0.15550402388310425,0.086983434291792,0.20141874403721235,-0.03791625393144563,0.1431041644793602,-0.10079473403114116,-0.07466665449383066,-0.13441184660400698,-0.12005550813221526,-0.20768623297895164,0.09696394253812761,-0.061509949011033155,0.1407971077341635,-0.1362359460804229,-0.24812682877841025,0.07563622088219586,-0.18730342771846056,0.09840824953096541,0.2779816220608307,0.22458243368467182,-0.0686283191900195,-0.16910260331314164,-0.0004911739330889636,0.08772658593033182,0.09287386963805594,0.11706555528673876,-0.2665412864557419,-0.15109806588851812,-0.02826532522013813,0.0012808866693751228,0.14592339329976675,-0.11808259573555123,-0.05442627141468135,-0.1384124491593896,0.07070074452108259,-0.13746935868935076,0.1271355338777634,0.062297835821917495,,-0.09503120050030356,-0.0009750441645706565,-0.25290801444306993,-0.04657570514956611,0.19388680175471432,-0.08981087977650673,-0.05198683507785289,-0.09777191452843194,-0.29524483377231625,-0.11911972136378368,-0.18373556948330877,-0.2997886491347396,0.07050628346578901,-0.09832516992518271,-0.02444183742873185,-0.17121337307764292,-0.02899843426896794,-0.13816138441663967,-0.20798111993134522,0.004817704172696025,-0.10509570131512277,-0.1004998470787476,-0.07712891489818184,-0.040845951238662144,-0.20813175877699516,0.002211195661601245,-0.20731283123427993,-0.19347049076309988
#102,-0.008457686461219627,0.05208452208685014,-0.13008805525250267,-0.06377774836009074,-0.17339170208201143,0.06827043781126323,-0.19971789452541916,-0.13100375684151425,-0.2768230723933774,-0.09119036641758001,-0.06686721413996631,-0.13042950330264258,0.04471600012781478,-0.24220535270031543,0.32974752016506365,1.0,-0.23630030995083695,-0.1301337033875481,-0.21834415954936162,0.04935932842463721,-0.0827135077396413,-0.02537397234635979,-0.2783933682389406,0.013225177685365665,-0.26795272679134696,-0.04721204015209959,-0.19399270542801975,-0.23846950932819638,-0.22574463520292878,0.15091364742293453,0.08475124048806985,-0.12681873582054806,-0.026286935047268645,-0.034111025394057526,-0.02083928661094551,0.10769490612461027,-0.09500746347007993,0.0035578156454418057,-0.19937462054987742,-0.13133881415274778,0.18489046729995845,0.24364692080505052,-0.13652352933120918,0.0855190421195342,0.10483276805726102,-0.11049496272829773,0.07100384813778433,-0.00027023695946902087,0.15071918636764095,0.08026311585040193,-0.16037285396705117,-0.19449848676432324,-0.2445553186924548,-0.09144325708573177,-0.3171541126687269,-0.06083526957506151,-0.13114617902285602,-0.17767806196277852,0.06490069248220864,0.11009417210259875,0.0059643853250375455,0.062354439509373846,-0.03277627392532878,0.2626109820283292,0.03045643570231938,0.1363290682759156,-0.06859362660738495,-0.020714210720920997,-0.1560225866972205,0.21785937635517902,-0.1287204371265412,-0.04221448232732452,0.035802745278841634,0.06820105264599415,-0.07445667307262162,0.10977280923187883,-0.17133844896766742,-0.04378112632208411,-0.2826952484856231,-0.06936325416425113,-0.2322914907311462,0.1699836123195187,,-0.18794067568369494,0.050728772476000494,0.12393286072297516,0.16549183583104712,0.2278727512587473,0.20458307275856244,-0.009492986164050268,-0.011924205836570547,0.028394052960966278,-0.20711197944007997,0.2540400881921969,0.08774393222164908,-0.14751103543664723,-0.0022303678783203314,-0.014491456951526245,-0.26676587528016543,-0.08144266365997617,-0.062241232134461144,-0.2912971830535864,0.11691309051568698,-0.23003282100909767,-0.334522315090817,-0.13368238940598082,-0.08561672912853145,-0.13331720432561728,0.10861152067632276,0.11187536233207192,0.14571706372936133
#201,0.1348053335280987,0.04155441029456741,0.42582954073411333,0.21645250083307846,0.15923895429252238,0.13890179716707673,0.07952361606266575,0.10710239333172043,-0.19824985050235772,0.5768070955461114,0.3259660286578992,0.08333614830166114,0.22244427503914327,-0.10459539775502472,0.013950070069887294,-0.23630030995083695,1.0,0.24511496482811196,0.05711768545696066,-0.35026544390528924,0.08620011229441221,-0.19647596397449182,0.38566465967032915,-0.0010188663742142815,0.3424623517006213,0.11791461059858399,0.4472732086530605,0.17371489087813316,0.1941625164903888,0.014421158823556263,0.13913095080500487,0.2190444019409587,0.2743507693993162,0.2514929222566612,-0.07888636809743138,-0.11924844910461183,0.11494200404442477,-0.021489316053992614,0.1675323074675784,-0.08836931167177164,-0.0058283538826021265,0.2222698991632697,0.07954096235398303,-0.055728156226177376,-0.25699534845503885,0.2462935996749853,0.26851054700160226,0.3445009974117507,0.15132082878753988,0.21743941351276094,0.10014105273729042,0.3729133096267352,0.398136643127445,0.1995480834630501,0.2441189225214204,0.007573938566739856,-0.1295256702287428,-0.05003400786060885,-0.3294544591380719,0.13388141527477895,-0.14994316807186842,0.15303628570254763,-0.2556505543966001,-0.37233266534895715,0.27288181241355386,0.15674017538013485,-0.2235197451008139,-0.14766350020769903,-0.17749820831069946,-0.29896150492771617,-0.006347829659419264,0.007711795934577093,-0.11198309193077917,-0.009006377044465849,-0.2751167451053787,-0.18411627492958776,-0.17320728361642784,-0.005476863242752217,0.09073388506712558,0.021382499417986277,0.11711029045908329,0.32307284985871904,,0.053147210670708045,-0.1952799828363012,-0.2725047588180785,-0.2247978928820863,0.10404579420907759,0.07687511126732917,-0.24701301428330147,0.04831124724399385,-0.2584752609932121,0.006776009166145517,-0.07385229176461995,-0.2887974911784979,0.40807789397764155,0.16972524387516147,0.39703926196095257,0.32199646683434746,0.29294964554223135,0.4258605814659442,0.1665700447808205,0.15505119438345347,0.23917796838410166,0.3145202152766049,0.29707258509953577,0.38062054074780777,-0.07281699206178932,-0.021082134689387265,-0.25353065500508976,-0.2369430356922768
