,#10,#11,#12,#13,#17,#18,#26,#49,#50,#51,#52,#53,#54,#58,#101,#102,#201,#202,#301,#302,#401,#402,#501,#502,#601,#602,#701,#702,#801,#802,#901,#902,#1001,#1002,#1101,#1102,#1201,#1202,#1301,#1302,#1401,#1402,#1501,#1502,#1601,#1602,#1701,#1702,#1801,#1802,#1901,#1902,#2001,#2002,#2101,#2102,#2201,#2202,#2301,#2302,#2401,#2402,#2501,#2502,#2601,#2602,#2701,#2702,#2801,#2802,#2901,#2902,#3001,#3002,#3101,#3102,#3201,#3202,#3301,#3302,#3401,#3402,#3455,#3501,#3502,#3601,#3602,#3701,#3702,#3801,#3802,#3901,#3902,#4001,#4002,#4101,#4102,#4201,#4202,#4301,#4302,#4401,#4402,#4501,#4502,#4601,#4602,#4701,#4702,#4801,#4802
#10,1.0,0.43516549731360726,0.5565995791241949,0.7052143864662409,0.02052157559102923,0.2089479474316077,0.025251635344438004,0.7318838528851904,-0.10866082066217185,0.7251023659428394,0.5355247481364149,-0.0602774493648062,-0.03210981115366532,-0.22471207438820087,-0.25016730041494156,-0.09012950375912392,0.48328410942770933,0.27441741567648253,-0.14408833827093995,0.2071466720227145,0.056520607850566264,0.19446014233088507,0.02214573623594608,0.1976098636490206,-0.058602162808638454,0.033177977513728675,0.07743019258948175,0.3028224241898597,-0.053375451345935264,0.24091807529203393,0.09204763839373342,-0.1329675396111692,0.09627009088543688,-0.1429197460137766,-0.19405661281708336,-0.059189197825322844,-0.2163849415932112,-0.3924397558737738,-0.27749044812774176,-0.3336294375693281,0.04037212359689045,0.35374109290764927,0.041086060429001175,-0.21641324343693938,-0.11212368818671913,-0.19750943775192065,-0.03703980973857313,-0.030957652225118343,-0.021059310621864544,-0.06275066532156828,0.009241921421300333,-0.084930181177448,0.11985922115151985,0.14971584035934213,-0.1153784002154592,0.2129102055535521,-0.0033487471869336777,0.02376350614195657,-0.3275564096828824,-0.2668042197136036,0.13055092734186344,0.001335664431429654,-0.36542336362847894,-0.10419369416662483,0.27743293147758447,0.3246467975550859,-0.22969776369786413,-0.09536351892343438,-0.0675364157997325,0.04486481304806292,0.37744525647404675,0.05826162772119945,0.08704368983005199,0.22180154929770343,-0.12091278010836867,0.030452783851515747,0.07457809711184249,-0.010130234129284647,-0.17921001337490358,-0.15859440262568072,0.16809104064053462,0.2562987579142454,,-0.008682275285643205,-0.11556190571834188,0.060200760497929856,-0.10853026699594188,-0.062823702337641,0.4563571875271036,0.10071895812696573,0.06550689971561212,-0.03169441312475179,-0.04182008244053189,-0.2969949832699585,-0.26794633605244056,0.28510912186682613,0.20102890896392428,0.3260007212405337,0.3714845229998128,0.04747406044726043,0.022109217727909726,0.12387351814741608,0.1725106930756344,0.04952640059890353,0.14708194296722008,0.19859129855249763,0.15843554711572258,0.11110208292440213,-0.09338878060136853,-0.2560915153811391,-0.288085380271789
#11,0.43516549731360726,1.0,0.4385087667243355,0.42999904138916406,0.153332998580343,0.21598780281831587,0.2714329406072115,0.3693582328693961,0.2907831850529747,0.44305532097486156,0.4344259975258711,-0.06502394244683134,0.01834415954936161,0.032734277641086974,-0.04033286620075137,0.09201842358730435,0.30927798344798624,0.18989806771444354,0.12932481843454285,0.3813381294307221,0.25873545536297116,0.2639804260796925,0.022379454687378748,0.3299136793766291,-0.1036660017254995,0.22683288674241214,0.09867939945313534,0.22942022303678783,-0.04503188522232924,0.08663559550274573,-0.05964111436227273,-0.00018715735368631515,-0.15718113636467382,-0.0811368211551717,-0.22693879041571757,0.10497701616400462,-0.1787991801594946,-0.1978125413686224,-0.17545134593526182,-0.14150282790196606,0.08387205740709464,-0.036869085713503176,-0.143506781030461,0.01086243021541355,-0.15155637316437437,-0.1638713270369339,-0.08694874170915748,-0.11277097874166352,-0.12288751843043452,-0.043697133753600494,0.14847968886231153,0.10597305847069619,0.1416616834119242,0.25514751194839935,-0.04391350591371589,0.1785234654238201,-0.021457362359460806,0.004077291422258943,-0.17270424116822708,-0.13356005240405902,-0.08173846357507064,-0.11884218070270738,-0.0661030643593056,0.10324147406957689,0.10014196569999133,0.3487097554629406,0.031436044680394584,0.14093405213929985,0.04597132384156445,0.21605992687168765,0.37631957346382616,0.1646035231230628,0.07916025690770404,0.2724207662495949,0.10443745520776748,0.010157623010311914,0.009463771357621184,-0.019530098097842213,-0.10698188225520046,0.10211487809665536,0.0988199957090753,0.02703282557391118,,-0.0335824199902313,-0.03598168596821977,-0.10983032588203609,-0.12109902449935409,-0.05713046693477338,0.11185071233914738,-0.21068531545143723,0.04960400242848079,-0.04660857180679883,-0.10412065715055212,-0.17910867451510268,-0.17560928848251905,0.15764857326753914,0.25358634572984523,0.12621800636335004,0.281043698959679,-0.18804566639429945,0.020905932888111857,0.15897784696006245,0.14729466327653185,-0.13520247230299406,-0.015163397499395163,-0.01599419355722222,-0.1220192909018702,-0.130094445991409,0.014494195839628972,-0.26741864361131523,-0.1694184884076561
#12,0.5565995791241949,0.4385087667243355,1.0,0.6912579256574473,-0.06326192443407724,0.43064724490680933,0.09780752007376739,0.3224146037513637,-0.20154929770344232,0.5855103689738755,0.384213961938585,-0.14526606015511237,-0.03574157677788074,-0.3068102452674296,-0.23121693363217646,-0.040291782879210467,0.6322695796263244,0.7440929030844445,-0.06094026028566603,-0.002599204809487508,-0.009119584419378546,0.156558495802654,0.32377583113841885,0.3491370220069659,0.3327639489288665,0.05793935188777862,0.38285638640233355,0.4106561006450081,-0.010361213692614588,-0.030854487439915642,0.30903513536954447,-0.03907389063619806,0.25335445320381433,0.09133552748702452,-0.3586884377838743,-0.007741923703707085,-0.24366426709636776,-0.26392656128033887,-0.3019934540574345,-0.16378276965494576,0.01676838592759293,0.11530171134858286,0.011927857687374182,-0.1601080947837876,-0.09453363582830823,-0.3817526144969347,0.2225693509291678,0.18918778273313644,0.14116046688912526,-0.003800663723883561,0.2575632112550042,0.15915496172403876,0.26962344853401016,0.2655452441490503,-0.08771197852711728,0.3322353435250403,-0.20314241761652826,-0.24431064468861124,-0.26602820141783107,-0.23100877813636925,0.0069795998484481914,-0.1479930797427271,-0.39549818092181843,-0.05619741905444453,0.47397462876654173,0.5283753372255976,-0.12916139811108018,-0.16150401475347725,0.19176416347510122,0.22273368421533138,0.6903522666581456,0.38937128823601913,0.0032875786859727844,0.2888677893064679,-0.25039371516476694,-0.072269214441244,-0.11710207379477511,-0.05033985036541332,0.02846435108893626,0.053507830937567044,0.03927839428120164,0.24260705628871532,,-0.27284346798011566,-0.27234590330812036,-0.045674610963769076,-0.1719318747232582,-0.06676587528016543,0.19739349148890523,-0.0895187317122159,-0.006595242551365564,-0.08864046159394158,0.0415215436373347,-0.25734318724408517,-0.11463159672611575,0.6756709134648304,0.5028388575184761,0.5247472234521858,0.728281302067404,0.2521831220585483,0.38310379929427985,0.4654073867812131,0.3873554665924124,0.2506484317583205,0.44079482532741127,0.3749857349577983,0.40136944405136327,-0.04111071042192571,-0.2371183245308513,-0.24437090022687122,-0.19580950120282836
#13,0.7052143864662409,0.42999904138916406,0.6912579256574473,1.0,-0.0883337061264362,0.23884838884907358,0.04959030798796715,0.39777967471138964,-0.26720866219010625,0.6754280653863887,0.42637914428006046,-0.20675957583752916,-0.06303916153505548,-0.33597392578526203,-0.11376702104835507,0.028373967781546286,0.5287642593361849,0.36308070133794684,0.0458937220119872,0.21336212209050198,0.2080322458425961,0.2573988779688406,0.17485518129156832,0.18040508155039325,0.20270054366928839,-0.01773977824135995,0.19739349148890523,0.2679837675231778,-0.07294480683991655,0.19602404743754193,0.091591157043279,-0.09003729452633212,0.10482181250485012,-0.08862676715342795,-0.20746712193073352,-0.029503302642570537,-0.14206612588842682,-0.3002259582684749,-0.20973766016789383,-0.25026955223744335,0.13973441915030563,0.33671525149840004,0.07191498491329137,-0.2474621919321486,-0.28874819119264883,-0.38882898839167923,0.010497245135050008,-0.03228783888034254,0.07936476055270762,-0.09649650563526227,0.03470079929884465,-0.08142896921946254,0.1550228925397253,0.047378199363665,-0.00238283264937211,0.19712599341753892,-0.023877626479570178,-0.03311224419926324,-0.3619915368357626,-0.2782929423418406,0.11909324544545732,-0.01308640735482752,-0.2857673679741814,-0.09778469600624466,0.3970429138117562,0.44857874531536013,-0.12429439395253507,-0.13237593978098025,0.17899911899099363,0.15412179835392825,0.5277390022230641,0.26876069878165126,0.20047291467907077,0.2668042197136036,-0.05280119780706359,0.0383873426851146,0.07590371895356215,0.02795400493912821,-0.001704501362596831,-0.10045419894370215,0.13814951590152785,0.3129152268484071,,-0.2646395851497487,-0.20243121967252029,0.05832736103566489,-0.06348925214660354,-0.028341101124313567,0.39174225237027943,0.03192630565078264,-0.027305801421482926,-0.12130900592056311,-0.20870783824126865,-0.34765893539419446,-0.3934111481875408,0.4570510391797943,0.2982795217901373,0.3075415283908576,0.4387972629378227,0.049851415320427084,0.02330154701529669,0.1492584460461868,0.20083079605782705,0.027623512441399208,0.1894105456321582,0.19845435414736132,0.1854501134356156,0.13967690250014836,-0.11948125459334359,-0.2995667991984188,-0.3389419675259167
#17,0.02052157559102923,0.153332998580343,-0.06326192443407724,-0.0883337061264362,1.0,0.31480505963928845,-0.1441056845622572,0.21837063546768798,0.4975098942332711,0.01781920599633902,-0.05048409847215692,0.4727969068823693,0.32450528833644504,0.2150018031013343,0.011766263289313315,-0.05671506890585985,-0.008811915989172263,-0.08272628921745402,-0.01721482468833736,-0.08224880972487869,-0.03946281274678523,-0.06642899204353006,-0.05342840318258798,0.033156979371607775,-0.1694577458037952,0.16770942223155472,-0.22677628305495579,-0.27460092117936524,0.2664271661181282,0.3433534032967083,-0.08254734852807588,-0.09935042703830335,-0.10196971702721086,-0.061415000890138634,0.20260742147379568,-0.004922694883300543,0.04871021194429102,0.06654950312005004,-0.05176954995503659,0.010323782221877326,0.2371064560157395,-0.033465560764514964,0.09363345460521211,-0.0021208123542112685,0.19354261481647167,0.024870929898159012,-0.232643894333697,-0.2275915587468674,-0.37146352485769196,-0.31890973994257465,-0.2591490274664829,-0.28520315702501975,-0.3089347094724445,-0.3185162530184829,-0.20920905476406762,-0.2458425961007363,-0.13561239255570215,-0.21646893416169483,0.24978659496866257,0.0922101457544952,-0.10723659884875403,-0.09452450620129915,0.16950887171504608,-0.09823843846859637,-0.10247732428891618,-0.14847877589961062,-0.017009408080632865,0.188100444156354,-0.22809551415776907,-0.0056494131932239905,-0.18380221576047512,-0.17123437121976381,-0.0041831950955643704,-0.07373451957620271,-0.035457645377898084,-0.16855847754339998,-0.012768696334911237,-0.13703022363021358,0.032790881328543325,-0.0103110007440646,0.2847165479054353,0.11569976308617912,,0.31332423413841426,0.4621873673351075,-0.08253000223675862,-0.04654922923123976,0.04175252320066464,0.14877183692660237,0.25740435574504605,0.23041991719428304,0.2629277800855446,0.21393911451747638,0.15806123240834996,0.11958259345314447,-0.10820981708792288,-0.08688483432009385,-0.2791556920941995,-0.1238534329679961,-0.28833096723833346,-0.14169363710645602,0.07833585158878334,-0.09345816576663761,-0.0398928181789133,-0.15709714379619022,-0.26422236119543335,-0.22924402123551244,-0.1265457599729763,0.1558810774785796,0.14958163484230852,0.14188444631094596
#18,0.2089479474316077,0.21598780281831587,0.43064724490680933,0.23884838884907358,0.31480505963928845,1.0,-0.13146936781897775,0.08759694522680275,-0.048869067454249154,0.17675505667215965,0.04661131069490156,0.32407436994161604,0.4109372931568881,-0.02030611639361474,-0.26258085425919925,-0.13485098166314416,0.3891932605093419,0.3604157632139939,-0.1899574102900026,-0.1922060374223411,-0.15720304746949562,-0.09656954265133498,-0.01075743950480903,0.12180383170445572,0.010035286008390128,-0.04380760224041047,-0.050855674291426824,-0.13015835338047263,0.35761388068490463,0.326048195300981,0.2673538232595507,0.003957693308439884,0.220343547864352,0.1540149817179219,-0.04001515518083509,-0.07811856646596703,-0.1131306860458216,-0.11537200947655284,-0.17717593247727864,-0.06699411595539265,0.09803210889819096,0.11033519425563869,0.12916687588728562,-0.21638311566780938,0.0033962212473809383,-0.2634454299369599,0.007899866250964317,-0.0187759909068915,-0.19036276572920613,-0.3942364664691624,-0.14146174458042518,-0.23043087274669394,-0.1675934759685393,-0.17396869450898583,-0.28153213400466526,-0.09815170701201002,-0.22190471408290613,-0.3913998913574386,0.0006363350025334715,-0.009162493666321263,0.08939548174759321,0.048353243528235654,-0.1912483395490877,-0.09594964097741787,0.035808223055047085,-0.00855902532102051,-0.015383421510314197,-0.061726321171148554,-0.12017054143252977,0.055333756339384754,0.3055667900687917,0.051739422185906596,-0.0015009106802941566,0.22218225474398243,-0.01380125714963915,-0.07129143138857062,0.03346008298830951,0.007491771923658059,-0.0131256647509666,0.025849625913533302,0.3391647304249385,0.47933463278357763,,0.2548334527792867,0.3065025768372233,0.12682877841025805,0.08611155491242406,0.10619582136971795,0.26737390843897074,0.23294608498769784,0.2732296512026001,0.2886614597360625,0.08541679029703242,0.13017387374638809,0.03483500481587825,0.21080856541605994,0.19155965983009765,0.04905987665873911,0.2516462999904139,0.029185591622654255,0.2758726782217312,0.4137282201335664,0.3080865671233002,0.2434506338243551,0.18010745570989697,0.10602966215815253,0.25994239205357267,0.052631386744694544,-0.010835954297087192,-0.017831987474151743,-0.011707833676455148
#26,0.025251635344438004,0.2714329406072115,0.09780752007376739,0.04959030798796715,-0.1441056845622572,-0.13146936781897775,1.0,0.027004523730183003,0.12070005979905692,0.1807611370037477,0.19564699384206657,-0.23786695394559657,-0.07045241866643538,0.3121300789256255,0.1989811336257857,0.21779090415261085,0.10528924940771545,-0.04398197811628406,0.2381801001520083,0.29131818119570724,0.21636668233919304,0.14546143417310686,-0.011322563416671611,0.00941173248366938,0.007971077341635208,-0.03685995608649409,0.1914318450519704,0.07653640210529199,0.03418497537283114,-0.27314657159681743,-0.04175526208876736,-0.015447328899377817,0.06836173408135411,0.08415051103087183,-0.13843162137610868,0.18966161037490814,0.006679235119849179,0.04681398841450333,-0.03443421419017926,-0.006481122213751957,-0.21562170477525142,-0.2695065893082938,-0.19796226725157143,0.2028356621490229,-0.16475507493141367,0.028741891750012554,0.23481948444996278,0.15379404474430197,0.1526208876736341,0.09985529541190595,0.2679353805000297,0.09833156066408907,0.09125975158284909,0.09602450391889239,-0.13669790520708278,0.011250439363299813,-0.09873052536438624,-0.013951895995289112,-0.12683882099996804,-0.11318089899437159,-0.027842623489617333,-0.13423107998922704,0.24304071357164703,0.24149689364441015,0.11564315939872276,0.1544687241802736,0.3074821858152985,0.2911784979024682,0.3041188312251503,0.320038161840898,0.24562165912711637,0.1513847361766035,0.2487485563777292,0.09248677345287058,0.10783641534325115,0.08190279686123424,-0.06174366746246582,0.009471075059228454,0.10340124254223594,0.32617601007910824,-0.2486152638233965,-0.37768536566438576,,-0.3671671223872149,-0.09430813404118375,-0.1575490603331401,-0.11844321600241021,-0.29121319048510275,-0.2747305618828943,-0.352641885815755,-0.16651344109336413,-0.1910200988738605,-0.30581785481154167,-0.09132731082271633,-0.16260322184537152,0.04360675044621052,0.062042206265663015,0.037632322531462974,0.013207831394048396,0.061177630587902335,0.054774110203727626,0.1843792081874495,0.06380513724111801,-0.0244573577946473,-0.059856573559687216,0.15748150109327283,0.04816791209995116,-0.025321020509707075,0.05949230144202459,-0.11735039964942233,-0.1504051271985283
#49,0.7318838528851904,0.3693582328693961,0.3224146037513637,0.39777967471138964,0.21837063546768798,0.08759694522680275,0.027004523730183003,1.0,0.20020085179419994,0.5614894073502628,0.5245865420168259,-0.09832060511167816,-0.07147037207794875,-0.02562868893991336,-0.21887276495318783,-0.11110756070060758,0.30361852766505226,0.19923493725663838,-0.16942214025845975,0.15774169546303185,0.07145028689852877,0.09115019605874002,-0.03992751076154784,0.1753755700310864,-0.007684407053549828,0.05544696371429745,0.040026110733245995,0.26225401361227385,-0.12501746041165487,0.19668229354489722,-0.009780569414836557,-0.17292700406724884,0.05586966544481825,-0.08100718045164265,-0.3308932883547043,-0.1329383248047401,-0.17144435264097285,-0.3081952096847083,-0.282576563334505,-0.36033633545901483,-0.18108249987446762,0.15401589468062282,-0.24676468842865426,-0.16049153911816932,-0.15016410504548836,-0.1318455084517522,-0.01132438934207343,-0.01181830216326512,-0.11199404748319007,-0.060690108505617006,-0.01672912853145385,-0.015223653037655147,-0.0005906868674880288,0.04980394125997983,-0.21064605805529815,0.03776926693659931,0.09274240300912506,0.03273153875298425,-0.2724618495711358,-0.24522543331492191,0.15950006162498231,0.09014137227423574,-0.3069371470828559,-0.08927588363377414,0.21994732205215756,0.17954872253694076,-0.05460064729055494,0.06047921412170706,-0.09692924995549307,-0.003277536096262787,0.24196159165917278,0.031786622357543586,0.15258436916559773,0.16314186983890774,-0.14277823679513574,0.06468249439669142,0.12301807209666449,0.06805680453925055,-0.17713758804384047,-0.10563800115946263,0.019490840701703132,0.0023043178570939485,,0.030127769129992193,-0.02738979398996654,0.04455531869245482,-0.05951329958414549,-0.1932860722975163,0.3019532836985945,-0.008005769924269743,-0.08394692034856915,-0.032695933207648804,-0.011366385626315237,-0.21302523885386662,-0.07702848900108186,0.28084923790438543,0.05176589810423295,0.16604326530239608,0.21696375994558742,-0.05188093140454747,-0.004531946847311553,0.027155162575832965,0.08962098353471769,-0.02218408066938425,0.1352380778483295,0.035869391556007976,0.06926008937904841,0.1547572203937608,0.041978024987789124,-0.11971223415667354,-0.08349956862512382
#50,-0.10866082066217185,0.2907831850529747,-0.20154929770344232,-0.26720866219010625,0.4975098942332711,-0.048869067454249154,0.12070005979905692,0.20020085179419994,1.0,0.011365472663614328,0.10151780049026098,0.25256108861672455,0.2501134356155879,0.3837793916929524,0.01848840765610521,-0.01895949640977418,-0.23788064838611017,-0.16521703405807356,0.06079692514162334,-0.01339590171043562,-0.15251498400032867,-0.06168523784960765,-0.1490338572217632,-0.05545974519211018,-0.3026772631204152,-0.017160959888983737,-0.10566447707778899,-0.17215189873417722,0.012334126089278622,0.09383430639941205,-0.1711805064204102,-0.03861375743493999,-0.2092291399434876,-0.014751651321285269,0.029292408258660592,0.15881990441280522,-0.03544577686278627,0.12907831850529747,-0.09107259422916276,-0.05764355197268416,0.00691660542208548,-0.13142463264663323,-0.166344542993696,0.058064427777803136,0.04440376688410395,0.19192393194776028,-0.08580936425842323,-0.15056306974578554,-0.2759813207831394,-0.10793684124035112,-0.10454974961997927,-0.08530449588482063,-0.19955173531385376,-0.07946883830061123,-0.3000132379591632,-0.21770691158412722,-0.14427732155002806,-0.1587559970237416,0.1204416913546997,-0.010740093213491763,-0.14738504658392182,-0.04835050464013293,0.24833589723691837,-0.01737276723559459,-0.09532517448999621,-0.008986291865045853,0.23640164881063785,0.26891316355270306,-0.17915340968744722,-0.03561467496245441,-0.10839606147890828,-0.10875576878306636,-0.0225602213021587,-0.09061246102790471,-0.11022198688072599,-0.17949577070028805,-0.08129476370242894,-0.11542404835050464,-0.13586345729845206,0.026590951626671293,-0.003010038024896493,-0.2979106848589701,,0.20250151780049025,0.3502590531663829,-0.07899592362154044,0.02355078583264481,-0.10668790826550781,-0.08371502782253831,0.010123843390378286,-0.08228715415831686,0.16673072621618043,0.15676482537305939,0.20400151551808351,0.19441905900934417,-0.12441490502905504,-0.22334810811304304,-0.22027051084827928,-0.2850744292841916,-0.23307298680312416,-0.11513281324891471,-0.009444599140902099,-0.1326826952484856,-0.05968037175841181,-0.10651444535233513,-0.26152820826505135,-0.15501193698731439,-0.13870459722368042,0.14652229683156295,0.1748506164780638,0.1565813198701767
#51,0.7251023659428394,0.44305532097486156,0.5855103689738755,0.6754280653863887,0.01781920599633902,0.17675505667215965,0.1807611370037477,0.5614894073502628,0.011365472663614328,1.0,0.5047944236238229,-0.10634006947646153,0.014898638316131594,-0.10019217864854131,-0.15936037833174327,-0.0805169194812546,0.583933682389406,0.2674140787978107,-0.034648760424892844,0.13843892507771596,0.11615441851123172,0.08412951288875092,0.09035500554624841,0.08659268625580302,0.1660478301159006,-0.04040590321682408,0.25394240118319966,0.16386767518613027,-0.0882606691103635,0.009094934426454006,0.08344296493766747,-0.14209260180675318,0.18575413001501823,-0.04331368941921878,-0.27308814198395925,0.03186605011252265,-0.1561595311023568,-0.282446009668275,-0.2767920316615465,-0.3200089470344689,0.03361893849826765,0.18877238470422292,-0.019426020349938605,-0.15984424856322496,-0.2713124295306915,-0.40742147379568805,0.1291769184769956,0.08405282402187458,0.11129106620349026,-0.003666458206849959,0.14219941844275952,-0.04487668156317474,0.1366403885569255,0.03108820589134831,-0.2061150241706875,0.01571482697074411,-0.10963312593863977,-0.23160768166816545,-0.35715374748364653,-0.39122095066806045,0.16144010736441364,0.04323700055234243,-0.2350148584679573,-0.14827244632920522,0.3820684995914492,0.3510423751637627,-0.017631135679951795,0.03681613387685046,0.08833096723833347,0.10235316136159257,0.4265498683051304,0.18281439011809172,0.12735555788868247,0.21178178365522876,-0.08891708929231697,-0.03056873011453117,0.07861704410066327,-0.022823154560020452,-0.024370626338060957,-0.10737445621659127,-0.05634531901199177,0.06173636376085855,,-0.22607695362605962,-0.16371247152697577,0.12734734122437427,0.029667635928734132,-0.052055307280421056,0.23383531065838306,0.016382202705108484,-0.1065527897857733,0.10259235758923069,-0.1658515431352052,-0.15915222283593602,-0.23268589061793882,0.397495743311407,0.17768901751518942,0.267501723217098,0.25603217280558005,0.1562818681042786,0.06442686484043694,0.2611118972734369,0.09392468970680203,0.11079167560609311,0.2543066733008623,0.24473152049373023,0.25467551023202945,0.18088895178187495,-0.0489046729995846,-0.19024955835429344,-0.2745908785896552
#52,0.5355247481364149,0.4344259975258711,0.384213961938585,0.42637914428006046,-0.05048409847215692,0.04661131069490156,0.19564699384206657,0.5245865420168259,0.10151780049026098,0.5047944236238229,1.0,-0.18865735140390838,-0.2155504936845805,-0.12528861033382482,-0.008939730767299502,0.1097070759174134,0.2951325393601044,0.2376469299346775,0.05299109404885263,0.26934590787293383,0.132598702680002,0.25060187066057416,0.1521872303907024,0.2959131224693815,0.02910342497957246,0.20742786453459444,0.0031113768846973756,0.18606362437062635,-0.025713594471097882,0.07405862133502536,0.008685014173745932,-0.11315624900144705,-0.007457079341023522,-0.01655383969287935,-0.20302373246541014,3.743147073726303e-05,-0.08074972496998635,-0.19286337056699548,-0.08583127536324503,-0.15250037659711413,-0.005056900400334145,0.015251041918682413,-0.10197519480341631,0.017406546855528216,-0.0671547973907526,-0.10756983023458577,-0.034404999383750176,-0.08651234553812304,-0.08026950658930829,0.01888554643100056,0.02365942839405296,0.003164328721350089,0.05218586094665102,0.1469815170701201,-0.11115594772375574,0.17016255300889682,-0.07722477598177727,0.014474110660208978,-0.24495884820625655,-0.2415854510263983,0.10871103361072183,0.0020715123683621908,-0.22954164707600871,-0.07067609452815805,0.19778150063679148,0.204617765341197,-0.21689437478031834,-0.04167766025919011,0.09976673802991778,0.20360255081778633,0.38075657219024317,0.26077775292490424,0.09585651878192517,0.25243966457750366,-0.10741280065002945,-0.009879169386534712,0.006464688885135598,-0.011597365189645176,-0.010273569273327338,0.05572906918887829,-0.01589102877201952,-0.07533585615359685,,-0.10026521566461402,-0.12798276326420685,-0.045946673848639916,-0.09778195711814194,-0.1346190891371133,0.1231221498445681,-0.18792059050427495,-0.12099129490064683,-0.12143499477328853,-0.07880237552894777,-0.17513272195264462,-0.10226003916609987,0.3130275212606189,0.17303199477785336,0.0671849251598826,0.1203896524807479,-0.056888531819032535,-0.03060890047337116,0.11739787370986958,0.13707130695175448,-0.07207840523675406,0.0939210378559984,0.040192269944811405,0.019121090807835046,0.09466145060643548,-0.016077273163004925,-0.13632815531321468,-0.12211515198546563
#53,-0.0602774493648062,-0.06502394244683134,-0.14526606015511237,-0.20675957583752916,0.4727969068823693,0.32407436994161604,-0.23786695394559657,-0.09832060511167816,0.25256108861672455,-0.10634006947646153,-0.18865735140390838,1.0,0.5735249946363441,0.22587701479456057,-0.105934714037258,-0.25643661528208267,0.02160434935430713,-0.05951512550954731,-0.1494547330268822,-0.2562649782943118,-0.3408646669740308,-0.28191375241364514,-0.1915140116950522,-0.16004783924552762,-0.32113645597009133,-0.06130635832873048,-0.2741946527774608,-0.36532750254488355,0.4228468915902441,0.3180990290641676,0.09945176589810423,0.09379961381677751,0.06429448524880516,0.07029082426837452,0.3252320066463685,-0.07955100494369302,0.14059534297726267,0.07685046127440463,-0.14842856295106063,-0.06028657899181529,0.16643401333838506,0.07430786015237348,0.24120018076661479,-0.07551297091757317,0.15673287167852756,0.0013027977741969351,-0.13691062551639452,-0.020778118109984617,-0.3047789032579074,-0.2635230317665372,-0.19549909388451936,-0.3237749181757179,-0.27201632377309226,-0.37483874796295197,-0.2324576499427116,-0.324795610475334,-0.3540095039417165,-0.39883140774283665,0.20594795199642119,0.047134438322522336,-0.024654557738043613,-0.0011768089214715134,0.12299342210373995,-0.1906686082340106,-0.21593758986976588,-0.30710787110792587,-0.033799705113047605,0.008688666024549567,-0.3152752354302565,-0.29850319765185995,-0.1648098526934682,-0.336455057128641,-0.07109788329597794,-0.005353613278129522,-0.09440216919937736,-0.262402826532522,-0.11464711709203121,-0.28561581616583054,0.13387137268506896,-0.09892681234508165,0.22620568136688776,0.23314511085649595,,0.4360684174248061,0.47322417342639467,0.15121675103963628,0.11489544294667842,0.2505790465930514,0.15829860271058627,0.3519270360209434,0.2432333487015388,0.38932198825017006,0.27962495492246664,0.2762880762506448,0.22109126431639636,-0.2633870003241018,-0.2635887650810026,-0.19510834584853035,-0.21757088014169182,0.01075835246750994,0.040214181049633216,0.2299442636271095,0.08630784189311946,0.14577823223032224,-0.10522899386945546,0.0012452811240396774,-0.011915076209561459,-0.0990044141746589,-0.05232919609069372,0.19113878402497866,0.10098371731022929
#54,-0.03210981115366532,0.01834415954936161,-0.03574157677788074,-0.06303916153505548,0.32450528833644504,0.4109372931568881,-0.07045241866643538,-0.07147037207794875,0.2501134356155879,0.014898638316131594,-0.2155504936845805,0.5735249946363441,1.0,0.24072635312484308,-0.07743749629108902,-0.17316620029488694,0.08366390191128742,-0.06639521242359643,-0.061981037764702124,-0.24397102256387315,-0.262473124660492,-0.30847731515928917,-0.18051828892530597,-0.2012261089073206,-0.21814148182975984,-0.1702721085330059,-0.10645327685137423,-0.4046707171778497,0.5335545746278536,0.3925958724956292,0.10924602975345442,0.12203024645428111,0.143116032994472,0.033777794008225795,0.3079459708673602,0.06364993358196351,0.09705889065902212,0.08206530422199601,-0.1142025042566886,-0.04972177461689803,0.11733031447000233,0.21134903933499796,0.30451597000004565,-0.11586957414854816,-0.05818950366782765,-0.052286286843751,-0.03794820762597744,-0.10606161585268434,-0.17490448127741742,-0.3469331300469719,-0.11200591599830188,-0.31372228587601053,-0.2344259975258711,-0.3264298137099609,-0.3026215723956598,-0.3055421400758672,-0.2939274285949048,-0.4971164073091794,-0.07283251242770476,-0.12453906795637865,-0.0812080322458426,-0.013943679330980932,0.12720309311763067,-0.23194730379290354,-0.10466934773379834,-0.19502617920544857,0.039786001542906964,0.008967119648326768,-0.2574427001784842,-0.2208575458649637,-0.11843773822620476,-0.380828696243615,0.023792720948385655,-0.1571500956328429,0.06960336335459015,-0.1821844458544646,-0.058114640726353126,-0.1837401342968133,0.08863041900423158,-0.12200194461055294,0.25567337846412286,0.24241442115882356,,0.3486659332532969,0.4689889394568785,0.12086074123441687,0.016717260016342033,0.16162361286729632,0.18288925305956624,0.3518393916016561,0.17065920471819124,0.2862402826532522,0.06067367517700065,0.10369065171842404,-0.07847188303121876,-0.14026119862873002,-0.12468057717501951,-0.057964914843404075,-0.08899834297269785,-0.009272049190430325,0.08348587418461019,0.2228898008371868,0.019017013059931438,0.26468249439669145,-0.011396513395445229,0.020947929172353663,0.0571633335920061,-0.03491717145896005,-0.15801649723600542,0.016896200705720166,-0.16988501234782052
#58,-0.22471207438820087,0.032734277641086974,-0.3068102452674296,-0.33597392578526203,0.2150018031013343,-0.02030611639361474,0.3121300789256255,-0.02562868893991336,0.3837793916929524,-0.10019217864854131,-0.12528861033382482,0.22587701479456057,0.24072635312484308,1.0,0.07844997192639695,-0.12390455887924699,-0.21048811550804092,-0.22197957702438068,-0.031496300218654565,-0.03881734811724267,-0.10979380737399974,-0.2378194798851493,-0.32323992203298535,-0.2140924922512291,-0.36144375921521726,-0.25149383521936214,0.03923365910885711,-0.23092843741868926,0.30248371502782256,-0.08139975441303346,0.006039248266512072,-0.06012954940725897,-0.13072621618043795,0.043632313401835966,0.1576220973492128,0.1912364710339759,0.04307266726617884,0.05974793099827907,-0.13107588089488603,-0.08900108186080058,-0.19412599798235244,-0.23561923977595894,-0.11001839619842331,0.029337143431005127,-0.10941218896501984,0.0645145092597242,0.2037011507894845,0.07574942825710855,-0.086713197332323,-0.12374661633198976,0.031104639219964668,-0.056166378322613626,-0.30756617838378214,-0.17594160690564986,-0.4252635038595498,-0.35033026425705377,-0.23617249517270972,-0.2793939753591367,0.01923521114544865,-0.07567639124103585,0.09776643675222649,0.14263672757649487,0.3738207945514386,0.12211880383626927,-0.018282991048400716,-0.13947878959405113,0.4384895945076164,0.4380988464716274,-0.14487257323102065,-0.0752911209812523,-0.10300410376734058,-0.15904997101343424,0.15886555254785065,0.02491840395860627,0.1622608608325307,0.09392012489329749,0.14237014246782947,0.08095422861498994,0.14533270643227872,0.11984917856180986,-0.07281607909908841,-0.25988031058991085,,0.05413321038768961,0.3754632144503736,0.11632879438710532,0.23802854834365741,-0.034216929067362956,-0.2247759817772645,-0.005874914980348478,-0.135844285081733,0.050346241104319685,-0.059734236557765434,0.13380107455709897,0.00953863429909571,-0.3499732958409984,-0.3244021235512423,-0.11558290386046279,-0.23539556391423627,0.06669557715219544,0.09920252708075611,0.05301209219097354,-0.03763780030766843,0.08988756864338307,0.04541167770590732,0.020198386794907493,0.021324982767829022,0.138197902924676,0.1931007408692318,0.12829225761981494,-0.012767783372210328
#101,-0.25016730041494156,-0.04033286620075137,-0.23121693363217646,-0.11376702104835507,0.011766263289313315,-0.26258085425919925,0.1989811336257857,-0.21887276495318783,0.01848840765610521,-0.15936037833174327,-0.008939730767299502,-0.105934714037258,-0.07743749629108902,0.07844997192639695,1.0,0.6014169181118105,-0.08262586332035404,-0.31937352499463634,0.5742425833192585,0.2647637480770723,0.4610991157956242,0.21232773535037225,0.06783951941643424,-0.08752664709883277,0.02201700849511793,0.1704172696024504,-0.11787261431434219,-0.2497290783185053,0.0007367608996334455,-0.0994371584948897,-0.17263759489106073,0.1244934198213332,0.01909461488950869,-0.0010855126513806279,0.281204380395039,0.1774836009074849,0.3627365143997042,0.321420387370074,0.41366705163260553,0.3197113211939726,0.09949650107044877,-0.23244943327840342,0.056710504092355306,0.4670123752094108,0.02122912168423359,0.3052107346154373,-0.15771704547010731,-0.16698635577243492,-0.06392199646683434,-0.01720386913592645,-0.13799522520507423,0.03948837570241068,-0.1412170705765816,-0.13357192091917083,0.12059050427494784,-0.14673136529007108,-0.14068663924735356,0.006304920412476548,-0.08386657963088918,0.03923457207155802,-0.16729767605344484,-0.1373944957478762,0.45737605390131786,0.3440865123455381,-0.12134278554049674,-0.1496327607535594,0.15492246664262532,-0.028698982503069837,0.5704747862526076,0.33315926177836,-0.04210766569131818,0.15253233029164592,-0.01700575622982923,-0.20596438532503755,0.10535498272218088,-0.26455102776776057,-0.09666814262303314,-0.26255255241547104,0.5075305728384467,0.20636882780154017,-0.0028794843586665265,-0.3230710239333172,,-0.22054622558395376,-0.05297192183213355,-0.2310872929286474,-0.15040604016122922,-0.01369078866282918,-0.2551639452770157,-0.21641324343693938,-0.02552643711741157,-0.18009467423208425,-0.17471184614752563,-0.2272802384658575,-0.20982073977367655,-0.13900131010147582,-0.10554487896396993,-0.18586003368832366,-0.22528085015086707,-0.11355064888823967,-0.1375980864301789,-0.14841669443594882,-0.10500257911963007,0.02433867264352915,-0.05258482564694819,-0.02385115056124382,-0.0754554542674159,-0.16096171490913738,0.06179935818722126,-0.14654420793638476,-0.12191064834046204
#102,-0.09012950375912392,0.09201842358730435,-0.040291782879210467,0.028373967781546286,-0.05671506890585985,-0.13485098166314416,0.21779090415261085,-0.11110756070060758,-0.01895949640977418,-0.0805169194812546,0.1097070759174134,-0.25643661528208267,-0.17316620029488694,-0.12390455887924699,0.6014169181118105,1.0,-0.1412262002035907,-0.09236717533905152,0.5291787444023974,0.4941483655685247,0.4016716347053641,0.6142011348126373,0.26795820456755237,0.2973053905882675,0.11728466633495689,0.3661610374908133,-0.1010457987738911,0.029122597196291546,-0.14368937357064276,-0.018178913300497108,-0.18287738454445443,0.06026284196159166,-0.13686589034405,-0.08890795966530787,0.09318153806826222,0.15146142504347984,0.16240784782737702,0.18859344401484476,0.3588199044128052,0.17751098978851218,0.1485600295799915,0.05798226113472134,-0.01151519854656338,0.31147913651987746,0.06640525501330644,0.2875412545020473,-0.3176261143850968,-0.36674076880589046,-0.12039786914505608,-0.05804708148648587,-0.3097061629547125,-0.11264498988893809,-0.012209050199254109,-0.06149808049592134,0.22757603838095194,0.03928752390821073,-0.03735204298228396,0.22054074780774832,-0.0899003501211958,0.017964367065783526,-0.1961555140664728,-0.2546371657985913,0.11907955100494369,0.3257514824231856,-0.06509971835100677,0.06778200276627698,0.012667357475110354,-0.009818913848274729,0.5546577074593617,0.49272688264320963,0.01612109537264855,0.19068412859992606,-0.16382202705108484,-0.2706797463789617,-0.18933111787717913,-0.39200609859084207,-0.2618888285319103,-0.29494629496911906,0.16770120556724655,0.2857664550114805,0.12284278325808999,-0.09264106414932417,,-0.2084120383261742,-0.1108208904125222,-0.2954283392751989,-0.2990865808177407,-0.1545399352709445,-0.13531567967790675,-0.14772649463406173,0.09406072114923744,-0.18629460393395628,-0.25234289053120734,-0.23810158535973014,-0.22238858431438785,0.053130777342091685,0.27004523730183005,-0.24555775173805275,-0.08145179328698526,-0.3112764588002757,-0.39506634956428854,-0.14758863726622448,-0.028793930623964358,-0.23353768481788675,-0.18025170381664057,-0.24821538616039843,-0.2846809423600999,-0.21901610009723052,0.03989373114161421,-0.28024759548448647,-0.17579644583620535
#201,0.48328410942770933,0.30927798344798624,0.6322695796263244,0.5287642593361849,-0.008811915989172263,0.3891932605093419,0.10528924940771545,0.30361852766505226,-0.23788064838611017,0.583933682389406,0.2951325393601044,0.02160434935430713,0.08366390191128742,-0.21048811550804092,-0.08262586332035404,-0.1412262002035907,1.0,0.44746766970835405,-0.10367330542710677,0.019267164839980463,0.187369161032926,0.012954027763195734,0.2086932308380541,0.0592047181912383,0.380988464716274,-0.005114417050491402,0.3686096034546509,0.18257884574125724,0.14936982749569766,0.02715242368773024,0.23789342986392292,0.13252201381312567,0.5037992942798322,0.14205608329871683,-0.23532800467436904,-0.1201422395888016,0.00895707705861677,-0.1860809706619436,-0.24465209273875116,-0.11887687328534192,-0.0707527833950344,0.024490224451880017,-0.020644825555651922,-0.1606129631573902,-0.18044616487193416,-0.3588628136597479,0.27032734277641085,0.3156148575549946,0.21967799805538946,0.008111673597575171,0.2563316245714781,0.12211697791086745,0.22794396234941822,0.03220293334915802,-0.12445781427599775,0.012687442654530348,-0.17532079226903186,-0.321360131831814,-0.2557290691888783,-0.269234526423423,0.049908019007883435,-0.11106647737906668,-0.253768938270027,-0.2427595210597671,0.3095719574376789,0.2945044210218791,-0.03630670068974332,-0.12862731493104848,0.17425901664787485,0.0958190873111879,0.45698256697722617,0.2515705240862385,0.09852236986857901,0.30371164986054494,-0.029550776703017798,-0.02815668265872998,-0.10516417351769093,-0.13208744356749305,0.23922361651914711,-0.06500933504361679,-0.020077875718387525,0.11093318482473398,,-0.25136236859043126,-0.2265115238716922,-0.027578777269054673,-0.14665558938589565,-0.014088840400425441,0.1751199404748319,-0.08880388191740426,-0.03407359392332026,0.09200016433328616,-0.17142518042425375,-0.20397595256245807,-0.17718506210428772,0.40622092784399294,0.19097353777611414,0.33896387863073857,0.46526039978636674,0.3105880849237904,0.3635828308234467,0.4022897104538794,0.32037230618943063,0.32144777625110127,0.45961098659314276,0.471527888728106,0.3667782002766277,0.003001821360588313,-0.19394157951676885,-0.24815878247294207,-0.18976933997361536
