,#10,#11,#12,#13,#17,#18,#26,#49,#50,#51,#52,#53,#54,#58,#101,#102,#201,#202,#301,#302,#401,#402,#501,#502,#601,#602,#701,#702,#801,#802,#901,#902,#1001,#1002,#1101,#1102,#1201,#1202,#1301,#1302,#1401,#1402,#1501,#1502,#1601,#1602,#1701,#1702,#1801,#1802,#1901,#1902,#2001,#2002,#2101,#2102,#2201,#2202,#2301,#2302,#2401,#2402,#2501,#2502,#2601,#2602,#2701,#2702,#2801,#2802,#2901,#2902,#3001,#3002,#3101,#3102,#3201,#3202,#3301,#3302,#3401,#3402,#3455,#3501,#3502,#3601,#3602,#3701,#3702,#3801,#3802,#3901,#3902,#4001,#4002,#4101,#4102,#4201,#4202,#4301,#4302,#4401,#4402,#4501,#4502,#4601,#4602,#4701,#4702,#4801,#4802
#10,1.0,0.4841870295389082,0.6484335842459157,0.6311347669890947,0.13390058749149802,0.4216344771234371,-0.15376026512436836,0.40050212948549985,0.15683421053832847,0.46297251525788913,0.4554323563110829,0.16001132073749127,0.08255191334158044,-0.2241369078866283,-0.3748131850073265,-0.0876015100403073,0.6061971908137693,0.4967576129677222,-0.21271848338636126,-0.10758352467509939,-0.31532270949070373,0.14203964997010046,0.2635960687826099,0.25477593612912947,0.27220074223867585,0.3886719588071229,0.18653197423619258,0.31009508506529965,0.19873554665924123,0.29092743315971825,0.2880890321225926,0.22369138208858477,0.11200591599830188,0.2541815974108378,0.12151168364016487,0.18672460936608434,-0.03608302482802065,0.015264736359196045,0.23635965252639604,0.06143052125605408,0.05218129613314648,0.25493113978828397,-0.0882314543039344,-0.16027334103265212,-0.19970511304760644,-0.0432753449857806,-0.11797760502494671,-0.09038330738997659,-0.03660615245564142,-0.10499892726882643,0.2250964316852835,0.12091734492187321,0.2288587509757289,0.3664778355480287,0.15619513664769225,0.3492721404867004,-0.4946623635691364,-0.18313575298881163,-0.13550740184509763,-0.20350029899528455,0.01330004062684019,0.10211305217125355,-0.1476014187440372,-0.301157180223402,0.1542614816471673,-0.05731305947495515,-0.25618007276312726,-0.31055065345305316,0.3012329561275774,0.070476155696659,0.4728133402109857,0.3825185902029973,-0.20156390510665687,0.17193826546216454,-0.46358237434209626,-0.2732396937923101,-0.16979736792853328,-0.08882396709682426,-0.08629323448990492,0.11264498988893809,-0.022422363934321465,0.030295754266959424,0.17599181985419984,0.013626881273765561,-0.1239264699840688,0.0008189275427152423,-0.03241382773306797,0.1472617966192991,0.20391660998689898,0.009676491666932947,-0.10648796943400878,-0.0445014538931012,0.2705802334445626,-0.13931902112139208,-0.04459548905129481,0.3847754339996439,0.32087900048843504,0.3718104506840373,0.4749286747889915,0.13629528865598195,0.26173545079815763,0.41557605664020597,0.29116023864845003,0.056288715324535415,0.09002999082472486,0.22129941981220358,0.10443745520776748,0.08535927364687515,0.08189549315962696,-0.14198487220804595,-0.21276139263330396
#11,0.4841870295389082,1.0,0.6467464291746361,0.45710672990454976,0.23484961221909278,0.2745196674989843,0.041978937950490035,0.12504758818078487,0.22460434478949362,0.4539980919079551,0.21878146868309695,-0.09091647760730735,0.07745666850780811,0.013981110801718195,-0.3456431137505877,-0.013885249718122767,0.48434953689967,0.4495108802329881,-0.045374246235170064,-0.06659971606860002,-0.30670342863142325,-0.023630213587623877,0.11244322513203724,0.003909306285291714,0.22393240424162472,0.25513746935868936,0.10057653594562393,0.2297762784901423,0.061371178680495006,0.11337718597506699,0.23777839656360839,0.1260089379048419,0.21228482610342955,0.2505060095769787,0.08634709928925854,0.08759603226410186,0.0037166711553999463,0.2173225542870446,0.026407446123788612,0.12487138637950947,-0.028627771412398948,0.1884519347962039,0.018149698494068025,-0.024578781833868177,-0.17962084659031255,0.10003332313858318,-0.1515408527984589,-0.13132511971223415,-0.1589951932513797,-0.22910433794227336,0.13221251945751755,0.09115293494684275,0.1697590234950951,0.15805484166944359,-0.06177653411969854,0.2231865137149822,-0.2862704104223822,-0.18334208255921705,0.02487184286085992,-0.2253338019875198,0.12226213898031196,0.15547115722587154,-0.10032364527747219,-0.208814654877275,0.38246381244094274,0.14463702885418617,-0.001835967991527706,-0.11793743466610672,0.40083809975943435,0.2849110089607289,0.5242660921088069,0.42344396919663846,-0.08114138596867625,0.19929336686949656,-0.25113777976600765,-0.1289057685548257,0.008769919704930455,0.06523848868154491,-0.14742065212925726,0.17083540651946666,-0.09234161238342607,0.013600405355439204,0.11928405464994728,-0.296569542651335,-0.0755777912693377,0.02244975281534873,0.026349016510930447,0.055229678591481146,0.14879374803142417,-0.2488124637667928,0.04674095139843062,-0.1517763971752934,0.1503339161078574,-0.06793811938813239,0.025800325927684224,0.2671064103676044,0.4215440938160471,0.451925666576892,0.35264827655466136,0.18294950859782624,0.10501079578393825,0.128001022518225,0.31606312224114086,0.039419903499842514,0.09150077373588902,0.2660245495670274,0.00847868460334053,0.13165652517266407,0.22839313999826538,-0.01574678066527592,-0.05553186924548197
#12,0.6484335842459157,0.6467464291746361,1.0,0.6559929154094409,0.41948262403739495,0.4836365130302602,0.03174827792410541,0.20546042991413585,0.050573568816845986,0.441438464031552,0.34455394924840343,0.15404602244975282,0.22401730977280923,-0.08258295407341133,-0.5064815786951025,-0.14098426508784984,0.6127604796706031,0.6937612693833394,-0.34976787923329394,-0.32648824332281906,-0.4632518818443673,-0.08764624521265184,0.11785983283652947,-0.11303026014872163,0.1859558947719191,0.10013283607298223,0.24949992468057716,0.29969096212574237,0.14048030967694816,0.19798235243099144,0.32668453030351446,0.24272300255173074,0.3186175918782838,0.2385005500600273,0.1695545198500915,0.09133278859892179,0.01953101106054312,0.013768390492406433,0.14031871527888728,0.02772485130120009,-0.05362469016328338,0.12411362733775512,0.0010069978591024664,-0.19825258939046045,-0.1997535000707546,-0.1522922211013069,0.009763223123519288,0.0033761360679609434,0.04937119693974903,-0.12092099677267686,0.36217139048784164,0.30824816152136103,0.4051655429617423,0.31577280010225184,0.008851173385311344,0.2905385110491311,-0.5422596739810195,-0.4436140541478178,0.113687593293376,-0.05122085937179036,0.1790383763871327,0.20209068458508128,-0.1645304861069901,-0.21017040448812463,0.2513769759936458,0.0734131567054828,-0.06314689113376273,-0.12235982598930921,0.18812509414927853,0.11771558472978587,0.56844800905659,0.45039645405286965,-0.10289911305673606,0.2768842408943383,-0.3850694079893366,-0.19494036071156312,-0.06916696718355572,0.009176188106834895,-0.1338668078715644,0.008283310585346036,0.040424162470842254,0.10124117279188559,0.11760329031757408,-0.044990801900788344,0.01706144695458467,0.11916628246153003,0.08432488690674543,0.14637530983671662,0.18173618116831836,-0.11636987770864621,-0.043255259806360614,0.04164114175115376,0.1197706637695317,-0.0716301405506078,0.024869103972757194,0.3239255570213679,0.2705774945564599,0.5927547280055874,0.5984406597068477,0.34522954164707603,0.2869040065368129,0.3554428553821434,0.5102375072466414,0.2528112403967736,0.2940762415151529,0.36854752199098906,0.20079701643789344,0.26070654183423336,0.15435186495455727,-0.03784139098997111,-0.12748793748031423
#13,0.6311347669890947,0.45710672990454976,0.6559929154094409,1.0,0.08300017802772668,0.3933335463579635,-0.12973839053805455,0.11704273121921605,0.043848685561951366,0.5811007591284858,0.24742202157330861,0.07380846955497633,0.10719825441531586,-0.22778054202595552,-0.4502558577969297,-0.2994691121894215,0.6087078382412686,0.4206119588984192,-0.09480569871317908,-0.10576307704948715,-0.22364847284164205,-0.009251051048309422,0.2035888563772727,0.110862886696764,0.4159083750633368,0.17008221229121684,0.27010823172819276,0.2916249366632126,0.21153163187517973,0.24591745904221082,0.3651713859230281,0.20094309047003886,0.28050231207804005,0.19447931454760417,0.1992550224360584,0.20289591768728288,0.12341703679696166,0.012825300022367586,0.3658405875827943,-0.08944569469614319,0.006418127787389246,0.1989062706843112,-0.037929035409258356,-0.1274231171285497,-0.22793026790890458,-0.22046405894087198,0.08163438582716703,0.1373397179858217,0.08668033067509028,-0.022864237881561347,0.3782030155158011,0.1978545376528642,0.36937101434720887,0.2629314319363482,0.13548914259107944,0.2720400608033159,-0.4360547229842925,-0.18070362035359044,-0.006993294288961825,-0.13047697736308983,0.02926319345223151,0.08357169267849562,-0.002402917828792105,-0.3745347313835493,0.0993148214929679,0.0007979294005943387,-0.1240917162329333,-0.21223004834137502,0.2465629236717534,0.1227916573468391,0.428587601053559,0.3484166944359488,-0.11101261257971305,0.21546102333989145,-0.221395280895799,-0.10584250480446622,-0.14538474530623052,-0.08424272026366363,-0.08157321732620613,-0.015586099229915962,-0.10696271003848137,0.09115110902144093,0.28456317017168264,-0.14237744616943676,-0.20402890439911078,0.0050422929971196025,-0.054773197241026715,0.04053919577115677,0.18926994937621824,0.040796651252813065,-0.1342392966535352,0.07487572295233878,0.06285748195757462,-0.20990381937945926,-0.06832156372251412,0.29267301784385596,0.22336545440436031,0.4994380714575906,0.5619550183277262,0.34656611904120654,0.2496368690857135,0.2651663646281731,0.3042840774740148,0.1768436140541478,0.251264681581434,0.44324886906745425,0.14175571857011782,0.11717876266165146,0.13535402411134492,-0.2569670466113107,-0.3072429895876604
#17,0.13390058749149802,0.23484961221909278,0.41948262403739495,0.08300017802772668,1.0,0.49552511332149524,0.2555784303432283,0.09855706245121355,0.035691363829330754,0.039625320107547005,0.010336563699690049,0.2826231244322513,0.3152651928405465,0.20401520995859715,-0.28549347916390877,-0.06364354284305715,0.15055394011877646,0.3524994636344132,-0.2600400790625699,-0.24925890252753724,-0.42306874152656493,-0.2106816636006336,0.18933111787717913,-0.03622088219585789,0.06087635289660241,-0.09391829896789566,0.043205959820511536,0.04923973031081815,0.30363861284447224,0.26955132448063834,0.09489790794597086,0.32405245883679423,0.18299241784476894,0.3481911926488243,0.341623338978486,0.3454468267698923,0.11833366047830116,0.23837273528190006,0.22672059233020034,0.09582182619929062,0.153773959564882,0.19335180561198173,0.19128029324361953,0.10333368330236868,-0.11686926830604336,-0.025345670502631614,0.024893753965681734,0.04677655694376606,0.06188517668110669,-0.06593051440883382,0.0900044278690994,0.23345460521210407,0.08737966010398646,0.1473823076958191,-0.1715210415078492,-0.029826491438692274,-0.4055562909977313,-0.37174106551876823,-0.12342616642397075,0.009039243701698568,-0.05261951822958273,-0.10685498043977414,0.058968260851702904,0.20019354809259268,-0.030420830156983936,-0.2336645866333131,0.20975226757110838,0.2708349500381162,-0.14917993125390863,0.037895255789324726,0.060516645592444324,-0.03618710257592426,-0.06564567004615027,0.11682544609639973,-0.2261171239848996,-0.22747104767034743,-0.2459128942287063,-0.1729525670228743,0.1859677632870309,0.2125377167715813,0.0849922626411098,0.28784435811874903,0.03572240456116165,0.13715256063213538,0.34043009672839813,-0.054219941844275955,-0.06830239150579503,0.29133644044972545,0.28765720076506274,0.04267005071507803,0.34235918691541856,0.05145183893512031,0.2581310740549695,-0.15845198044433895,-0.0891581114453569,0.13538780373127857,0.09998858796623863,0.14757129097490723,0.19651065655712635,0.1251836196232203,0.2631322837305482,0.24412713918572856,0.5115485216851465,0.045906503489799924,0.24312653206553247,0.12466505680910406,0.3085412225483528,-0.07768764807113805,-0.07312100864119196,-0.12340699420725167,-0.08329506498012024
#18,0.4216344771234371,0.2745196674989843,0.4836365130302602,0.3933335463579635,0.49552511332149524,1.0,0.0409856345319012,0.2310982484810583,-0.028688026950658932,0.19763360067924424,0.09700959067317305,0.4201499997717593,0.38728151661363874,-0.024507570743197288,-0.42406934864676105,-0.25771293713795324,0.4298064062592723,0.4319555204572117,-0.3235366349107807,-0.2808775397481136,-0.3999068778045073,-0.23036696535763032,0.33923320262750667,0.10110970616295471,0.2541651640822214,0.08934800768714594,0.17730283429270496,0.14906398499089318,0.538018049272597,0.5070613100101795,0.3213354818388895,0.2803115028735501,0.06220197473832206,0.16275294772832055,0.2914167811674054,0.34243222393149125,-0.08999986305559486,0.0229829230326795,0.13614008499682745,0.02412321344611466,0.37324927990066964,0.24242537671123446,0.13053266808784528,-0.06184683224766852,-0.31545508908233555,-0.06580817740691204,0.10767390798248938,0.006925735049094569,0.06200751368302848,-0.09952480291417694,0.2429338969356407,0.25465268616450676,0.1428266238182839,0.3467897949029292,-0.05239584236786006,0.19586975674108834,-0.5541555779738618,-0.3534325115147421,-0.16119269447246734,-0.07917486431091858,-0.04528203700237827,0.08326676313639206,-0.015255606732186957,-0.06618796989049013,0.002297014155486678,-0.13833210844170962,-0.007504553401470783,-0.033634458864183106,-0.03402429393747119,-0.02483075953931902,0.2187349075853506,0.09728895725965116,-0.27079021486577165,0.23962258121944427,-0.3326379600761411,-0.19111504699475504,-0.2052495355302259,-0.06463319441084235,0.18069540368928227,0.19172399311626123,0.1440207790310727,0.49175457736674166,0.15113367143385356,0.06801754714311146,0.10475425326498286,-0.059374529253607346,-0.10397367015570579,0.4257245500235088,0.4134570702113965,0.12105337636430864,0.08878836155148881,0.12176274838291481,0.24978294311785892,-0.2565142171116599,-0.15959318382047502,0.33775968082823976,0.1819151218576965,0.30393167387146397,0.4321901518713453,0.15504023883104256,0.3631619550183277,0.45203065728749653,0.49805128111491004,0.09587386507324243,0.2537059438436643,0.22321390259600943,0.28468915902440806,-0.0015155180835086982,0.0410887993171039,-0.21780459859312448,-0.15457188896547633
#26,-0.15376026512436836,0.041978937950490035,0.03174827792410541,-0.12973839053805455,0.2555784303432283,0.0409856345319012,1.0,0.07756165921841263,0.09750806830786929,0.05463351394778766,-0.07565813198701767,-0.003241017588226433,0.2492652932664436,0.5017661263449081,-0.013147575855788412,-0.04352458380312872,-0.14566958966891408,-0.012269305737514094,-0.013072712914313885,-0.15452258897962723,-0.2736231381266918,-0.28878379673798427,-0.22085845882766458,-0.07274486800841752,-0.15737103260646287,-0.22554652229683156,-0.15636038289655677,-0.08210182273003236,0.005432128070407684,0.11352782482071695,-0.008873084490133156,0.15982964116001042,0.13236954904207388,0.24080486791712125,0.23666914688200413,0.13319212843559278,0.2936681471878466,0.1411659446653307,0.07653457617989017,0.0011503330031451566,0.049748250535224386,0.12604363048747644,0.13350801353010722,0.23426622905321204,0.07498893032725149,0.11890426216636919,0.1021294854998699,0.012076670607622325,-0.0033514860750364045,-0.04425038915035126,-0.015253780806785138,-0.028741891750012554,-0.07784924246919891,-0.07128321472426244,-0.27709878712905184,-0.288586596794588,0.08617181045068403,-0.11745539036002683,-0.05073607617760777,-0.0511313890271013,-0.02520598720939256,-0.20334600829883095,0.21207940949572504,0.30421743119684846,-0.08006956775780925,-0.21543819927236874,0.5188513103297164,0.5467322782527719,-0.14639722094153843,0.04679664212318606,-0.13366595607736445,-0.19159161352462944,0.06175279708947491,0.05149840003286666,0.137546960518928,-0.05768463529422505,-0.04683498655662423,-0.10724846736386585,0.3320801398658858,0.19997169815627183,0.014098882990135437,0.05687575034121981,0.05966485139249636,0.07789945541774891,0.21675377852437838,-0.1524757266041896,-0.11319641936028703,-0.07691345570076734,0.16533754513459353,-0.16342945308969403,0.2236822524615757,0.03415849945450478,-0.09086352577065464,-0.0661952735920974,-0.06781030461000516,-0.15416288167546915,-0.22866246399503348,-0.03861740928574363,-0.017082445096705576,0.16274107921320874,-0.0956428855099125,0.005344483651120433,0.22780427905617917,0.0513276760077967,0.14115681503832161,0.025367581607453428,0.12881538524743572,-0.036157887769495176,-0.067351084371448,0.008759877115220457,0.03890681846193174
#49,0.40050212948549985,0.12504758818078487,0.20546042991413585,0.11704273121921605,0.09855706245121355,0.2310982484810583,0.07756165921841263,1.0,0.42258852314588685,0.2124555501284995,0.4181980855172162,0.04938763026836539,0.21228482610342955,0.08746913044867552,-0.2389524665969772,-0.031918088986474455,0.2789091921649541,0.29912675117658066,-0.12001259888527255,0.00718045164264814,-0.18018870939027787,0.13351896908251815,0.16259683110646514,0.09231148461429609,0.07171687200719415,0.21582894730835772,0.3909488877831896,0.2966672296603322,0.13034368480875713,0.08435866652667905,0.18471243957328123,0.07965416972889573,0.20266493812395295,0.04081582346953215,0.08508903668740614,0.14207160366463228,-0.02322120629761671,-0.008960728909420406,0.14959624224552306,-0.07745392961970539,-0.050829198373100466,0.04202915089904002,-0.06083618253776242,-0.07442745826619253,0.047554401164940405,-0.0104552488508082,0.12059415612575149,0.09243108272811515,0.05943295886646551,0.23611406555985157,0.1533959930067057,0.16940114211633883,0.21640228788452848,0.43100147443476194,0.18420574527427683,0.17326571322928602,-0.2846206868218399,-0.0852396755330561,-0.34524506201299143,-0.27579416342945307,-0.23605107113348883,-0.16622585784257785,-0.13998913574385918,-0.1991746817183784,0.15620517923740226,-0.13502170568821412,-0.08109026005742535,-0.14247878502923764,0.17567228290888176,-0.033099462721450514,0.2606207233403479,0.16654539478789593,-0.1684270109144691,0.05213382207269922,-0.3156139445922937,-0.202454043740043,-0.28537114216198695,-0.20501399115339142,-0.050328894813002414,0.11497852255246112,-0.10238967986962892,0.06038609192621435,0.016810382211834736,-0.06359241693180626,0.08910972442220873,-0.1815125053065957,-0.23476288076250645,0.09955766957140966,0.06332400589773905,-0.09470162096527546,0.026052303633135068,-0.03018528578014945,0.24726042717524777,-0.31876457887313014,-0.3320618806118676,0.334892977947386,0.12128526889033948,0.09676582963203038,0.26134378979946776,0.03321997379797048,0.1361556053627429,0.34582296740266677,0.25954799216678004,0.24824733985493022,0.17807702666307568,0.26807962860677326,0.22714968479962752,-0.17108555829951566,-0.17536278855327367,-0.37016529189699954,-0.32004363961710347
#50,0.15683421053832847,0.22460434478949362,0.050573568816845986,0.043848685561951366,0.035691363829330754,-0.028688026950658932,0.09750806830786929,0.42258852314588685,1.0,0.23096130407592197,0.25363929756649795,-0.07364322330611182,0.10193776333267904,0.3088817576357918,-0.0037577544769408448,0.04400480218380678,0.19794218207215145,0.02595552958683873,-0.011127189398677116,0.048225428750108414,0.0444503279818503,-0.08701903983712746,0.09319249362067313,0.047760730735345806,0.010069065628323754,-0.05833740362537489,0.057020911410664316,-0.07098193703296252,-0.1195542916094163,-0.10541341233503905,0.08448922019290901,0.06632856614643008,0.2015876421368805,0.1485700721697015,0.1621065701360771,0.1528390857591513,0.11773840879730858,-0.02081372365532006,0.03322545157417594,-0.23134840026110734,-0.18243642355991546,-0.149136109044265,0.06780665275920152,0.20829335317505604,0.11771193287898223,-0.07964412713918573,-0.05755225570259327,-0.10486289582639101,-0.0425632340790717,0.057715676026055956,-0.10118365614172833,-0.09814714219850548,0.029805493296571367,0.002428480784417553,0.13669334039357822,-0.07417365463533987,0.06722874736952622,-0.03221023705076529,-0.13207101023887668,-0.2437382170751414,-0.16361752340608124,-0.19349057594251987,0.14796295197359713,-0.09251051048309421,-0.02221694732661697,-0.16023773548731668,0.08984739828454308,-0.1438984420291509,0.21813965590435802,0.09064167583433379,0.18745680545221324,0.15421948536292548,-0.07601510040307304,-0.14552168971136684,-0.06771992130261519,-0.06437391300378423,-0.1283899446288122,-0.19710773416352076,0.10916568903577445,-0.10647336203079423,-0.041068714137683905,-0.21837702620659433,-0.051006313137076785,-0.1045944847923238,-0.025412316779797963,-0.18098937767897494,-0.19377815919330615,-0.05018099485545518,-0.06284378751706099,-0.010143015607097372,0.12180930948066117,0.11097700703437761,0.1073260691934431,-0.1773886527865904,-0.09400503042448201,0.06193356370425486,-0.0642999630250106,0.11269428987478716,-0.018622613173138812,0.1007481729333948,-0.1682307239337737,-0.020925105104830942,0.0709791981448598,0.2067321869565019,0.11106373849096395,0.1759553013461635,0.13171860663632587,-0.013392249859631986,-0.038759831467085414,-0.12308654429923266,-0.13475512057954872
#51,0.46297251525788913,0.4539980919079551,0.441438464031552,0.5811007591284858,0.039625320107547005,0.19763360067924424,0.05463351394778766,0.2124555501284995,0.23096130407592197,1.0,0.36216226086083253,0.03177566680513268,0.3145320837917167,0.025427837145713412,-0.2982338736550918,-0.32763583743786145,0.6510400927570104,0.27402758060319443,-0.049761944975738014,-0.09650289637416863,-0.14921644976194498,0.0020076049792985707,0.1466628930875029,0.09016967411796391,0.25140436487467305,0.13429772626639339,0.26683069563192996,0.2845175220366372,0.03844303340987004,0.04752975117201587,0.30284524825738246,0.08416055362058183,0.2933550009814349,0.07532763948928867,0.15766865844695915,0.14435857523040896,0.07485015999671334,0.047454888230541344,0.18328365294635887,-0.17946016515495258,-0.11497943551516203,0.07058571122076808,0.021720295617322555,-0.07561430977737404,-0.011764437363911497,-0.20593151866780482,0.043770170769673204,0.10117087466391561,-0.04725221051093958,-0.01897410381298872,0.1812860905567703,0.13441458549210972,0.31643743694851345,0.24555957766345457,0.16593644866638974,0.2652987442198049,-0.25714963915149247,-0.07775885916180894,-0.04945518950823264,-0.3532873504452976,0.025009700228697158,0.05545700630400745,-0.01718743580731009,-0.24984593754422163,0.10282881492876608,0.013457983174097422,-0.014236740357972675,-0.15596141819625958,0.26423149082244246,0.15846202303404894,0.4183432465866607,0.3821497532718301,-0.09047369069736656,0.1454678249120132,-0.21174617810989332,-0.15824838976203628,-0.05869893685493479,-0.036852652384886816,-0.03627657292061333,-0.12737290417999972,0.0657214459503257,-0.10569369188421807,0.3145914263672758,-0.04275404328356165,-0.10652996571825057,-0.03496190663130458,-0.033665499596014004,-0.054290239972245934,0.015083969744416092,-0.008580023463141413,-0.12403328662007514,0.035286921352828134,0.15025448835287836,-0.17447904065879388,-0.11347761187216696,0.2539770937658342,0.1781409340521393,0.5341270022413235,0.37362450757074317,0.35040330127312647,0.22193940666554068,0.3284246372114467,0.21866095760657697,0.12237260746712193,0.3607763834808529,0.3492000164333286,0.22972697850429322,0.1473649614045018,0.15420852981051458,-0.17515737194556916,-0.3037299091145631
#52,0.4554323563110829,0.21878146868309695,0.34455394924840343,0.24742202157330861,0.010336563699690049,0.09700959067317305,-0.07565813198701767,0.4181980855172162,0.25363929756649795,0.36216226086083253,1.0,0.0813212396207553,0.18402589162219776,-0.035036769572779104,-0.12602628419615916,0.011254091214103448,0.3640657880922275,0.2045264690711061,-0.23951393865803614,-0.12474631048948495,-0.10043593968968398,0.026802758973282145,0.13268726006199016,0.046123788612616234,0.064927168400535,0.08491466081153254,0.2682147470865078,0.28776584332647087,-0.033687410700835814,0.06126253611908686,0.12135647998101037,0.1281744854313977,-0.02090228103730822,0.00367376190845723,-0.027399836579676536,-0.02306235078765857,-0.10612643620444887,-0.14159138528395424,0.027960395678034575,0.0009878256423833803,-0.025275372374661632,0.007756531106921627,-0.10229016693522987,-0.12602354530805643,0.004363048747643415,-0.06814627488393962,0.003798837798481743,0.09742224981398385,-0.035780834174019824,0.08206347829659419,0.15094651408016727,0.08192470796605604,0.17235548941647988,0.2935056398270849,0.2375099855295412,0.2342854012699311,-0.1787699653530655,-0.012414466806958601,-0.09650289637416863,-0.07067883341626077,0.010675272861727234,0.10129229870313648,-0.17162146740494916,-0.17090753057283845,0.025814933330898765,-0.027060214454938444,-0.1374428827710244,-0.28318185760520753,0.11843591230080296,-0.07513317843399508,0.36238045894634974,0.16454235462210193,0.04042598839624407,0.19684753979376174,-0.3022609521288008,-0.1554857646290861,-0.09222201426960701,-0.025811281480095132,-0.17493734793465013,-0.14005852090912826,-0.03883286848315812,-0.1257925657447265,0.10405583679878759,-0.020307942319016555,-0.09808414777214276,0.027003610767482096,0.04637028854186162,0.03655411358168962,-0.11244231216933633,-0.036579676537315066,-0.2312297151099892,-0.12434643282648687,0.1549927647705953,-0.0533791031967389,0.002137245682827628,0.32962153131233823,0.04104406414475937,0.17481135908192472,0.23268132580443426,0.05156413334733209,0.14171828709938056,0.21819625959181438,0.13244806383435204,-0.037006943081340414,0.16790023143604468,0.05231093683667554,0.10321682407665235,0.05242414421158824,0.11386927287085687,-0.1727279781984507,-0.1984123578631195
#53,0.16001132073749127,-0.09091647760730735,0.15404602244975282,0.07380846955497633,0.2826231244322513,0.4201499997717593,-0.003241017588226433,0.04938763026836539,-0.07364322330611182,0.03177566680513268,0.0813212396207553,1.0,0.5239794218207215,-0.09717118507123391,0.009646363897802955,-0.23509428622293635,0.2758060319445649,0.05551452295416471,-0.24109427709330936,-0.20951489726887207,-0.011930596575476909,-0.22983653402840226,0.3154733483363537,0.04972816535580439,0.004715452350194233,-0.19628424180730097,0.17484879055266198,-0.0038079674254908316,0.47467761004624154,0.33101471239392516,0.2768760242300301,0.12382604408696883,0.030237324654101255,-0.041388251083002,0.20974861572030476,0.017446717214368208,-0.1839373342402096,-0.307467578412084,0.05160430370617208,-0.3105451756768477,0.28748465081459096,0.06071567146124245,0.3019596744375009,-0.030646331944108422,-0.0048131393591914805,-0.18303989190521622,-0.010648796943400877,0.11847790858504476,0.018093094806611677,0.10882880579913908,0.1347213409596151,0.1663974948303487,0.10761913022043484,0.12003359702739344,0.09611214833817965,0.06909666905558573,-0.3873061666065633,-0.23061163936147389,-0.10560878635303354,-0.14030410787567274,-0.13316108770376187,-0.055061693454513914,0.2097020546225584,0.16327516239324041,-0.12723230792405976,-0.08797308585957721,0.049858719022034356,-0.020495099672702872,-0.021336851282940834,0.06140678422583045,0.009282091780140323,0.10440641447593658,0.03894151104456627,0.14852259810925425,-0.16518690628894356,-0.24787941588646395,-0.17842121360131832,-0.1713448397065738,0.276415891028772,-0.11666659058644159,0.5273783819562052,0.5549398129339426,0.15301437459772582,0.41900697047022145,0.1277928670224178,-0.07646975582812564,-0.08217668567150689,0.6253986223392843,0.12455184943419137,0.5173211848429933,-0.047588180784874035,0.09477922279485272,-0.002445827075734821,-0.19448205343570688,-0.24027900140139774,0.3473594836282964,-0.19438710531481238,0.1490019035272314,0.10101110619125656,0.0008353608713316018,0.25269712005916,0.3085540040261655,0.08480419232472257,0.028674332510145298,0.2756508282854104,0.03314693678189778,0.3072302081098477,-0.12569213984762653,-0.14687104858331013,-0.14578279704382677,-0.22095705879936275
#54,0.08255191334158044,0.07745666850780811,0.22401730977280923,0.10719825441531586,0.3152651928405465,0.38728151661363874,0.2492652932664436,0.21228482610342955,0.10193776333267904,0.3145320837917167,0.18402589162219776,0.5239794218207215,1.0,0.09236626237635061,0.011876731776123287,-0.14391578832046817,0.3251909233248276,0.16469025457964914,-0.1327931637352956,-0.130896027242807,-0.07598314670854123,-0.23202855747328444,0.36511021742206723,0.11977248969493351,0.16944131247517882,-0.06408906864110067,0.25199048692865655,0.13771038084239068,0.47648162434323743,0.3510569825669772,0.2042991413585798,0.17933052445142353,0.10213405031337444,0.13026243112837624,0.4196515221370631,0.29989729169614776,0.039824345976345134,-0.04226560823857541,0.10826824670078104,-0.20481953009809784,0.10526459941479091,0.1269876339202162,0.3954160142787366,0.13802717889960606,0.06927104493145933,-0.1049843198656119,0.1655201376747753,0.1478378760835726,0.06640981982681098,0.11587231303665088,0.1990733428585775,0.20521392998489046,0.1378263271054061,0.1886372662244884,0.030775059684936573,-0.007312831234279923,-0.32832695020244945,-0.30055006002729756,-0.20787156440723614,-0.2626894968206074,-0.21769230418091268,-0.17689108811459509,0.2989943715849489,0.12825208726097495,0.02927780085544605,-0.07021230947609636,0.25155043890681844,0.017046839551370128,0.06085991956798605,0.15577243491717147,0.13741823277809986,0.06761219170390793,-0.008180145800143335,0.08485257934787074,-0.2175279708947491,-0.3379313178160106,-0.30912277978883174,-0.3588975062423825,0.381389255341973,0.09664988336901496,0.47899683658424136,0.2597506698863818,0.2148776401740107,0.22692053116169938,0.22520142239588803,-0.2279120086548864,-0.17696047327986414,0.43815271127098104,0.14943921266096674,0.2932052750984859,0.1066039156970242,0.1861001428786627,0.08739061565639736,-0.36146293143193636,-0.35100494369302543,0.1188010973811665,-0.0028009695663883654,0.17431835922343392,0.24390620221210862,0.3166538091086289,0.20320176019208736,0.32383791260208067,0.2679764638215706,0.12604545641287826,0.269434465254922,0.19202527080756115,0.27445119529641615,-0.1670137446534622,-0.15187043233348702,-0.33366504311466355,-0.33634550160453197
#58,-0.2241369078866283,0.013981110801718195,-0.08258295407341133,-0.22778054202595552,0.20401520995859715,-0.024507570743197288,0.5017661263449081,0.08746913044867552,0.3088817576357918,0.025427837145713412,-0.035036769572779104,-0.09717118507123391,0.09236626237635061,1.0,0.17281105780423342,0.10663039161535055,-0.055485308147735626,-0.08156591362459886,0.029690459996256854,0.019090050076004145,-0.04017766254159686,-0.2196204814052322,-0.12805853916838228,-0.20187522538766678,-0.21855048911976702,-0.24446493538506484,-0.22642387945240497,-0.23888399439440902,-0.1682407665234837,-0.14417963454103083,0.049141130339119994,0.07107871107925885,0.21359310165383194,0.03276623133561878,0.24749871044018495,0.17030680111564042,0.3128193657648117,0.12327552757832079,0.008489640155751437,-0.07183464419561139,-0.13262152674752473,-0.07812495720487339,0.2672196177425171,0.31844230303970933,0.1393089785316821,0.08442257391574268,-0.08528349774269972,-0.11613342036911083,-0.1411157317167807,-0.14112212245568706,-0.2252498094190362,-0.09072110358931286,-0.20444247650262248,-0.16327516239324041,-0.2362318377482688,-0.21326626100690657,0.23988551447730602,-0.04917034514554908,-0.03674400982347866,0.043926287391528616,0.002496952986985717,-0.08250078743032953,0.22672241825560216,0.380458033387046,-0.20878270118274317,-0.12400498477634696,0.5204179543244761,0.3614209351476945,-0.04697375688716238,0.10373173503996494,-0.134742339101736,-0.17954780957423985,-0.017487800535909107,-0.1954132753906339,0.20075410719095071,0.07087968521046073,0.042639922945948046,0.022510008353608713,0.2535123957510716,0.011035893128586232,-0.09697946290404305,-0.06617975322618194,-0.0749597155208224,0.06927287085686114,0.219982927597493,0.03497286218371549,-0.023859367225552,-0.177573071252174,-0.02667220530705218,-0.09786229783582191,0.15049185865511464,0.020745251452751898,-0.04038307914930136,-0.0018250124391168,0.05132128526889034,-0.22247988058447873,-0.11564042051062004,-0.00017254995047177348,-0.11507803548686019,0.007332003450999009,-0.217118050642041,-0.142845796035003,0.06660701977020729,0.1516412786955589,0.05759972976304053,0.013575755362514664,0.03174462607330177,0.027667334651042833,-0.03740316889353486,0.1136465099718351,0.15230682850452146
#101,-0.3748131850073265,-0.3456431137505877,-0.5064815786951025,-0.4502558577969297,-0.28549347916390877,-0.42406934864676105,-0.013147575855788412,-0.2389524665969772,-0.0037577544769408448,-0.2982338736550918,-0.12602628419615916,0.009646363897802955,0.011876731776123287,0.17281105780423342,1.0,0.3912748154674141,-0.35757005847526097,-0.3702830640854168,0.4904636481076566,0.39623950663495644,0.6277294161147047,0.019394979618107704,0.004479907973359749,0.034443343817188346,-0.1016766560002191,-0.12064893388780601,-0.27872751258747325,-0.39213665225707206,-0.1763186605011252,-0.08330602053253114,-0.2851492922256661,-0.20273797514002564,-0.31273993800983263,-0.10638389168610517,-0.06571322928601751,-0.016808556286432918,0.046322814481414364,-0.001467131060360529,-0.2658328273998366,-0.04152610845083924,0.034860567771503696,0.0641128056713243,0.2879493488293536,0.4327361035664888,0.14442156965677166,0.014275084791410847,-0.17993216687132246,-0.16884788671958806,-0.10108596913273109,-0.2051755855514523,-0.3347569465049505,-0.3554373776059379,-0.3663335874412851,-0.3695417383722788,0.06960518927999197,-0.26421049268032154,0.2898446593964404,0.0753632450346241,-0.22201792145781885,-0.11544869834342918,-0.30563617523406084,-0.3557404812226396,0.24337394495747877,0.3426212072105794,-0.20029123510158992,0.0816115617596443,0.10814682266156016,0.11334523228053518,-0.0016570273021495707,0.0747953822346588,-0.31766445881853494,-0.18292120675409806,0.345660460041905,-0.26167702118529945,0.33542523520201584,-0.04657753107496793,-0.06288121898779825,-0.21238160014972587,0.3097582018286643,-0.09323996768112039,0.11170555126970287,-0.045446370288541864,-0.08785531367115997,0.031309142864968255,0.017185609881908273,-0.21393181081586912,-0.2345510734158956,-0.04651636257400704,-0.03912045173394441,0.2272921069809693,0.10322412777825962,-0.23899263695581718,-0.2880680339804717,-0.03477201038951554,-0.10494688839487462,-0.15320335787681394,-0.14360264211405643,-0.3334824505744818,-0.4188791556920942,-0.1268233006340526,-0.2027954917901829,-0.29318245103096313,-0.37640356603230973,-0.2268593626607385,-0.2878169692377218,-0.23672118575595594,-0.16764003706628566,-0.3470445114964828,-0.2589764775160111,0.06394025572085252,0.014445808816480802
#102,-0.0876015100403073,-0.013885249718122767,-0.14098426508784984,-0.2994691121894215,-0.06364354284305715,-0.25771293713795324,-0.04352458380312872,-0.031918088986474455,0.04400480218380678,-0.32763583743786145,0.011254091214103448,-0.23509428622293635,-0.14391578832046817,0.10663039161535055,0.3912748154674141,1.0,-0.2876005970776064,-0.009658232412914771,0.0700835817352682,0.27747218887372355,0.16093889084161467,0.3419994796112605,-0.052782938553045416,0.1361154350039029,-0.054701073187654915,0.2500988282123734,-0.17914701894854085,-0.021561440107364414,-0.25927136446840465,-0.17915614857554996,-0.3455782933988232,-0.14658346533252384,-0.2776493036376999,0.04668526067367518,-0.21028269890033643,-0.155105972145508,-0.08865506899715613,0.0619992970187203,-0.20078697384818342,0.2825811281480095,-0.1841810952813523,-0.0023645733953539328,-0.03718497080801764,0.14990025882492572,0.11917632505124003,0.33272925634623196,-0.3453610082760069,-0.34347208844782645,0.00308398800367011,-0.09026005742535388,-0.059900395769330844,-0.07744114814189267,-0.18084512957223134,-0.06348651325850083,0.015297603016428764,-0.02770750500988282,0.2053006614414768,0.20998689898524195,0.023616519147110243,0.08325580758398116,-0.17000004564813503,-0.1887596032264102,-0.19018565096522982,0.2983397773283972,0.05582401730977281,0.1538396928793474,0.03697225049870587,0.13870642314908224,-0.05147922781614757,0.020151825697161143,-0.10863069289304185,-0.04915665070503544,-0.023821022792113827,-0.18657305755773348,-0.058929916418264734,0.0362217951585588,-0.07450323417036797,-0.10331907589915414,0.0780847868460334,0.15696476420455843,-0.027972264193146388,-0.32297151099891813,-0.2242409856345319,-0.06350933732602354,-0.10571195113823625,-0.153052719031164,-0.07136264247924151,-0.04984593754422163,-0.023854802412047457,-0.07971168637905299,0.23151273354727092,-0.3261340137948664,0.08351600195374018,-0.005629328013803996,0.07314931048492014,-0.047948801051733034,0.22488279841327083,-0.33104484016305513,-0.25602486910397276,-0.17129097490722017,-0.22913081386059972,-0.26289308750291007,-0.3050683124340955,-0.11537383540195466,-0.5041772608380085,-0.32936498879338283,-0.35719391784248655,-0.20208611977157673,-0.0480072306645912,0.16175142764542355,0.1624461922608152
#201,0.6061971908137693,0.48434953689967,0.6127604796706031,0.6087078382412686,0.15055394011877646,0.4298064062592723,-0.14566958966891408,0.2789091921649541,0.19794218207215145,0.6510400927570104,0.3640657880922275,0.2758060319445649,0.3251909233248276,-0.055485308147735626,-0.35757005847526097,-0.2876005970776064,1.0,0.4932518361962322,-0.1951229532517449,-0.22207908995877973,-0.14434853264069897,-0.033560508885409485,0.2245997799759891,0.0015903810249832243,0.31129745694239663,0.1080692208319829,0.3984233134155304,0.3089785316820881,0.257825231550165,0.1580055416835945,0.4916851922014726,0.14776027425399535,0.338889015689264,0.07861247928715873,0.23544029908658082,0.04679116434698061,0.006663714753933728,-0.1503941716461174,0.18227482916185458,-0.24188307686689461,-0.07820164607174974,0.04647527925246614,0.1429936959925502,-0.2062994426362711,-0.03396769025001484,-0.1425901664787485,0.05167642775954388,0.03693299310256679,-0.0743608119890262,-0.05779601674373593,0.29935681777720974,0.18246107355284,0.4047967060305751,0.2581045981366431,0.3065299657182506,0.2670799344492781,-0.44508392409628106,-0.3046583921813874,-0.04224826194725814,-0.36686767062131675,0.012020066920165976,0.10365322024768678,-0.09669918335486404,-0.24405045031885222,0.08145544513778889,-0.0685671506890586,-0.12689085987391985,-0.22923489160850333,0.2982430032821009,0.12528130663221754,0.504582616277212,0.3789342986392291,-0.01569748067942684,0.1671808168277285,-0.30091615807036204,-0.27902787731607226,-0.13128586231609507,-0.03698229308841587,-0.09615140573431873,-0.1492620978969904,0.12202202978997292,0.060894612150620586,0.19385210917207976,0.05035354480592696,-0.10658565644300602,-0.05058726325735962,-0.08611794565133042,0.20242026412010938,0.0872920156846992,0.11775575508862586,-0.20964636389780295,0.03677687648071138,0.10263161498536977,-0.18978212145142812,-0.1619422368499135,0.49680234814006674,0.19240049847763468,0.6464122848261035,0.45506078049181303,0.38444494150191494,0.20553620581831128,0.5359401461653284,0.19883871144444393,0.3332487321230491,0.34647573573381657,0.4192406889216541,0.19971332971191463,0.14823501485846796,0.061632286012954944,-0.211579105935627,-0.346031122898474
