,#10,#11,#12,#13,#17,#18,#26,#49,#50,#51,#52,#53,#54,#58,#101,#102,#201,#202,#301,#302,#401,#402,#501,#502,#601,#602,#701,#702,#801,#802,#901,#902,#1001,#1002,#1101,#1102,#1201,#1202,#1301,#1302,#1401,#1402,#1501,#1502,#1601,#1602,#1701,#1702,#1801,#1802,#1901,#1902,#2001,#2002,#2101,#2102,#2201,#2202,#2301,#2302,#2401,#2402,#2501,#2502,#2601,#2602,#2701,#2702,#2801,#2802,#2901,#2902,#3001,#3002,#3101,#3102,#3201,#3202,#3301,#3302,#3401,#3402,#3455,#3501,#3502,#3601,#3602,#3701,#3702,#3801,#3802,#3901,#3902,#4001,#4002,#4101,#4102,#4201,#4202,#4301,#4302,#4401,#4402,#4501,#4502,#4601,#4602,#4701,#4702,#4801,#4802
#10,1.0,0.4561389894415864,0.3248348678714731,0.36532750254488355,-0.09387447675825204,0.16776602591901107,0.2160444065057722,0.5640475288382093,-0.0019464364783376776,0.4611840213268087,0.2535744772147334,-0.033782358821730335,0.1725499504717735,-0.015583360341813235,-0.02861955474809077,-0.04673729954762698,0.2991176215495716,0.23464967338759374,-0.023894972770887445,-0.017903198564822635,0.00980156755695746,-0.024080304199171943,0.09089547946518645,0.07479264334655608,-0.038509679687036384,-0.046821292116110594,-0.02997165250813678,0.04606353307435625,-0.1723691838569935,-0.029122597196291546,0.06962801334751469,0.06304463931126093,-0.1348674149917605,0.10649253424751332,-0.08850534311420707,-0.03460585117795013,-0.18115553689054034,-0.09048190736167473,-0.22989313771585862,0.013463460950302875,-0.06544573121465122,-0.053317934695778,-0.05250631085467003,-0.10142467829476827,-0.04846188608964381,-0.04026713288628593,-0.15272861727234133,-0.17290052814892248,0.07166848498404597,-0.1679942665942383,-0.11991126002547166,-0.069124057936613,0.06136935275509319,-0.12654119515947176,-0.12276335550311092,-0.1335773986953763,0.04395641516065861,0.03453464008727923,-0.01355567018309467,-0.11472380595890755,0.11290518425869711,0.12003085813929072,0.038083326105711954,-0.0032766231335618783,0.030254670945418526,0.14338992180474466,0.019494492552506768,-0.06297251525788913,0.2070845905590527,0.12500650485924397,0.21144124856778976,0.22361651914711025,-0.0817959802252279,0.11861850484098473,-0.08430845357812906,0.07050810939119083,0.036485641379121456,0.13431324663230884,0.09104703127353732,0.10042681006267488,0.07584163748990035,-0.0024494789265384564,-0.025753764829937874,-0.0030264713535128524,-0.008091588418155176,0.05713594471097883,0.12341521087155984,0.09065537027484742,-0.053253114344013475,-0.14738504658392182,-0.05518585638183752,-0.04058849575700585,-0.20732652567479357,0.14039905599656727,0.029082426837451558,0.16728945938913667,0.1684087516604509,-0.08018003624461922,0.09203850876672434,0.022216034363916063,0.05724915208589153,0.0369339060652677,0.11394778766313503,0.14106643173093164,0.2645126833343224,-0.06862192845111313,-0.04398106515358315,0.029495998940963268,-0.03417219389501842,0.05868889426522479,0.0488115508040919
#11,0.4561389894415864,1.0,0.40681252767418186,0.39686762497318173,0.12323900907028443,0.01853770764195429,0.2646916240237005,0.23512715288016908,0.11169642164269379,0.37739139167469316,0.1960605659455783,-0.0934472102142267,0.043666093021769596,-0.06950202449478926,0.20383809519462082,0.14840208703273428,0.3629200199025869,0.28265051331327856,-0.004252580260833444,-0.07404127504370808,0.06930299862599114,0.0475124048806986,0.08425093692797181,0.12467875124961769,-0.004612287564991532,-0.12117662632893134,-0.22824524004071814,-0.2519795313762456,-0.03068102452674296,0.005632979864607632,0.07533220430279321,0.14320276445105834,-0.24645519407304614,0.18376204540163513,0.12671922288614898,0.05618737646473453,-0.22117343095947814,0.04229208415690177,-0.2711088388483888,0.11082454226332583,0.1092642890074726,-0.33584245915633115,-0.16420729731086836,-0.026031305491014164,-0.2441718743580731,0.050146302272820645,-0.3652252507223817,-0.4534840939073434,-0.30873477064094546,-0.3836378824743115,-0.3072019062661195,-0.38168596821976836,0.014946112376578854,-0.10197519480341631,0.05536023225771111,0.11109751811089758,-0.10429685895182753,-0.20464332829682244,-0.23002734323289223,-0.07971990304336116,0.18398024348715233,0.2526368645209,-0.02407482642296649,-0.1110071348035076,-0.2060228149378957,-0.05025950964773334,-0.02223338065523333,-0.11322654712941703,0.37659711412490243,0.28768550260879094,0.23651303026014872,0.24692263097591147,-0.030948522598109256,0.1007983858819448,-0.13177429736108132,0.0508018094920732,0.19077907672082056,0.22029881269200746,0.10453514221676473,0.041889467605800965,-0.08673145658634117,-0.07888089032122593,-0.21695371735587743,-0.1007271747912739,-0.08468550717360442,0.09604641502371421,0.03502946587117183,0.06819922672059232,-0.32756006153368605,-0.2511432575422131,-0.11049587569099864,-0.03264845914720154,0.01902066491073507,-0.008074242126837909,-0.013295475813335646,0.29314593252292676,-0.07647523360433109,0.01757179310439272,-0.19807912647728776,-0.03750176886523301,-0.14989386808601934,0.1280001095555241,0.28011886774365835,-0.00849511793195689,0.1157079797504873,-0.1471988021929364,-0.12328465720532987,0.21175256884879967,-0.0622677080527875,0.12432178283356234,0.011613798518261536
#12,0.3248348678714731,0.40681252767418186,1.0,0.4327260609767788,0.04315300798385882,0.31022107391802506,0.12928373511300195,0.04071631053513309,-0.11244687698284087,0.19533749948645848,0.15845015451893713,0.23398868839213574,0.2867944510127039,-0.011233093071982544,-0.003637243400420876,0.023243117402438524,0.5337079523616063,0.6592932755732265,-0.0266229053212031,-0.22959916372616596,-0.33042859033994165,-0.13976728580753833,-0.17992029835621065,-0.044614661268013896,-0.09887020865762529,-0.11711211638448511,-0.09001903527231395,-0.11544961130613009,0.1531275819726385,0.09296151405734318,0.4850844718739016,0.25666759484541257,0.04564539615733999,0.2907831850529747,0.15030287537602652,0.11296361387155528,-0.08158234695321523,0.08556925506808419,-0.27724668708659905,0.18334116959651614,0.08588057534909412,-0.0877968840583018,-0.115440481679121,-0.057219937279462445,-0.102449022445188,0.08550078286551603,-0.08713772498824561,-0.1789972930655918,-0.1513336102653526,-0.2160115398485395,-0.008172842098536064,-0.04090894566502486,0.13303327292563463,0.04856139902404287,-0.14694317263668194,-0.006495729616966499,-0.33005244970716724,-0.16936736249640522,-0.22625680727813866,0.12698215614401073,0.13305700995585826,0.17455938137647387,0.046416849639607974,-0.009273875115832143,0.24562896282872362,0.2483687638941511,0.011033154240483505,-0.0717853442097623,0.04714630683763415,0.12735281900057974,0.29957775475082965,0.338427969525305,-0.1976171673506279,0.20953041763478752,-0.447468582671055,0.04752792524661405,0.11159782167099563,0.15953384124491593,0.06766696946596247,0.39566707902148657,0.07838058676112787,0.06374579466555894,-0.06690373264800266,-0.16023682252461577,0.029474087836141454,0.015370640032501472,0.05749656497783783,0.1793177429736108,0.008832914131293166,-0.11378619326507415,0.005087028169464137,-0.07447858417744344,-0.08969584647619222,0.02337184514326667,0.015553232572683243,0.3975012210876125,-0.015509410363039619,0.36362847895849215,0.1626753458987433,0.19553926424335935,-0.1544577686278627,0.5003072119488559,0.47667791132393283,0.3038851127737176,0.23794546873787473,0.059350792223383714,-0.1044703218650002,0.1481665426558998,0.13971981174709108,0.15722769746242019,-0.022781158275778642
#13,0.36532750254488355,0.39686762497318173,0.4327260609767788,1.0,-0.19640201399571822,0.11266233618025535,0.20715762757512543,0.21092268575367354,-0.13157161964147954,0.6628008782701182,0.09985803430000867,-0.004703583835082418,0.19246075401589469,0.09573418178000338,0.2526158663787791,0.06938790415717566,0.3976911173294015,0.1890088420437583,0.21111714680896712,-0.08421533138263636,-0.1575381047807292,-0.13511574084640773,-0.13345780058155723,-0.03271327949896607,-0.0398617774470824,-0.1419100092665714,-0.06102060100334601,-0.12864648714776758,0.10714438961596225,-0.041229395573043864,0.024127778259619204,0.1350710056740632,-0.16248453669425336,0.07869829778104416,0.06653215682873276,0.12764405410216967,-0.0858997475658132,0.03981247746123332,-0.20827509392103785,0.12792159476324594,0.15103233257405269,-0.11626762588614442,-0.039092149890216234,0.03282100909767331,-0.08595269940246592,0.10881419839592453,-0.20460224497528154,-0.22027507566178384,-0.06862192845111313,-0.2670023326197008,-0.16434971949221014,-0.02233745840313694,0.05483162685388489,-0.05385658268931423,-0.10477616436980468,0.02644852944532951,-0.13571829622900755,-0.06792990272382422,-0.16387680481313935,-0.08258112814800951,0.0017008495117931957,0.01861804835963427,0.09481665426558998,-0.06630756800430919,0.10150684493785006,0.05640557455025175,-0.08987478716557035,-0.028708112130078924,0.18562357634878826,0.0524305349504946,0.2682384841167314,0.1714598730068883,-0.1922882040654229,0.13477885760977235,-0.25446918066162405,0.01920508337631866,-0.07593293375999123,0.09676126481852584,0.09683430183459854,0.17504142568255374,0.04769134557007673,0.040131101443850514,-0.2605750752053025,-0.1826874883026654,0.028894356521064334,0.012697485244240346,-0.02970780628757412,0.23609124149232882,-0.08203791534096874,-0.12708897278001707,-0.010649709906101786,-0.155486677591787,-0.18672734825418708,-0.1626315236890997,-0.034527336385671965,0.12439208096153231,-0.04843906202212109,-0.024601605901390898,0.15202289710453878,-0.04649992924539068,0.13159718259710498,0.10576764186299169,0.24263444516974259,-9.129627009088544e-05,0.33536224077565313,-0.06786051755855514,0.022677080527875034,-0.024398015219088225,0.028579384389250777,-0.010414165529267301,-0.008792743772453177
#17,-0.09387447675825204,0.12323900907028443,0.04315300798385882,-0.19640201399571822,1.0,0.13891001383138493,0.049195908101174524,-0.08996608343566123,-0.024862713233850833,-0.13863703798381316,-0.16784271478588741,0.029035865739705204,-0.035402867615843554,0.10869551324480638,-0.1445064751879562,-0.09814531627310366,-0.15213975633025512,0.09641160010407775,-0.13681567739550002,-0.044990801900788344,-0.12087534863763141,-0.05099992239817042,-0.008637540113298672,-0.029342621207210578,-0.11046757384727048,-0.020569962614177397,-0.1858308188818946,0.055556519238406515,0.06662071421072092,0.11000744064601241,0.11922014726088366,-0.00710832758927634,0.1393308896365039,0.18813787562709125,-0.0284479177603199,-0.1231842313082299,-0.10760634874262212,0.11188175307097828,-0.0780838738833325,-0.06770987871290518,0.16811295174535645,-0.22880579913907617,-0.03943998867926251,-0.11498947810487202,-0.15742946221932103,-0.03610767482094519,-0.0186938242638097,-0.06176010079108218,-0.0836310352540547,0.029980782135145868,-0.04166122693057375,-0.050949709449620434,-0.05940830887354097,0.007717273710782546,-0.08114412485677898,-0.13865621020053226,-0.14354238657579643,-0.20095222009704794,0.025519133415804297,-0.06543842751304395,0.008791830809752267,0.13906065267703488,0.10899405204800358,0.15820182866428992,-0.03751637626844755,0.08363560006755924,0.03590499710134343,0.06886295060415307,-0.082085389401416,0.06388821684690071,0.014021281160558185,0.11961272122227447,0.16721916126116668,0.10513495871126186,0.14632418392546573,-0.056199244979846345,0.22123825131124267,0.046212345994604394,0.07974729192438842,0.001209675578704232,0.1976591636348697,0.05141532042708395,0.14518298054932965,0.12014132662610069,0.1243080883930487,-0.06733191215472892,-0.08522415516714064,0.18245650873933544,-0.21027083038522462,-0.11692222014269607,-0.011703268862950604,0.058513605426650295,0.20325927684224462,0.014683179118717105,-0.05881579608065113,-0.01428786626922357,-0.032828312799280585,-0.0031186805863046467,-0.09107168126646185,0.041783563932495535,-0.040802129029018516,-0.08098800823492357,0.058296320303833984,0.07819069051933883,0.07222630519430129,0.09316510473964586,0.11037719053988049,0.14148182975984516,0.045123181492420124,-0.026388273907069527,-0.07820621088525428
#18,0.16776602591901107,0.01853770764195429,0.31022107391802506,0.11266233618025535,0.13891001383138493,1.0,-0.06051573262974341,0.10516326055499002,-0.10441737002834749,0.022747378655845016,-0.03660250060483779,0.25022846891590245,0.31323841564452887,0.37199304322421906,-0.25464173061209583,-0.1153583150360392,0.18036947600505782,0.4221475621613479,0.07914199765368586,-0.04105593265987118,-0.37894616715434093,-0.09331939543609946,-0.28455586647007536,-0.18175444042233654,-0.010517330314470002,0.1588080358976934,0.04253858408614716,0.1467952726791347,0.286673026973483,0.3167396276025143,0.3086352577065464,0.2946349746881091,0.2587199349970557,0.28054248243688,0.14239114060995037,0.25004496341301974,0.09296516590814682,0.20489074118876874,-0.0030739454139601125,0.2120730187568187,0.16400188070316388,0.007125673880593608,0.0451003574248974,0.08770193593740727,-0.007455253415621705,-0.008641191964102306,0.1178114458133813,0.08627497523588674,-0.023391017359985757,0.011566324457814275,0.13730502540318715,0.20510802631158503,0.0962828723632496,0.22097440509068003,-0.1333117265494118,0.04338033569638512,-0.2555099581406602,-0.07900140139774589,-0.039303957236827086,0.07448314899094798,-0.21719108765811374,-0.11693408865780788,0.22500422245249171,0.03387365509182123,0.18071366294330046,0.1048409847215692,0.10701109706162955,0.05786631487170592,-0.24348897825779328,-0.089117028123816,0.2530367421838981,0.11895356215221826,-0.0023600085818493884,0.1880830978650367,-0.16726389643351122,0.005758968717333053,-0.23734200039257397,-0.1277316985214569,-0.03881095737833631,0.3958049363893238,0.24184290650805462,0.2529052755549672,0.2608142714329406,0.08453212943985174,0.17007034377610503,-0.16729037235183755,-0.20627661856874838,0.1248348678714731,0.15284730242345948,0.009870952722226533,-0.06200203590682302,-0.07889367179903865,-0.001867921686059516,-0.09266936599305235,-0.11827431790274208,0.06852241551671406,0.16045867246093662,0.2996033177064551,0.18160836639019112,0.17950490032729713,-0.016853291458777453,0.22406387087055557,0.26077957885030606,0.2892585373424569,0.17929126705528445,0.2420483231157591,0.013056279585697526,-0.16635184669530326,-0.09098129795907188,-0.20582105018099486,-0.07022509095390908
#26,0.2160444065057722,0.2646916240237005,0.12928373511300195,0.20715762757512543,0.049195908101174524,-0.06051573262974341,1.0,0.11527797431835922,0.16062483167250202,0.37170454701073186,0.1931856464004163,-0.027379751400256544,0.04797436400735848,0.051244596402013995,0.06738029917787709,0.30152693011727005,0.22432954301652006,0.16280407363957144,-0.0630300319080464,-0.05536388410851475,-0.0942204896218965,0.02595644254953964,-0.023647559878941148,0.10207105588701174,-0.07436446383982982,-0.05504252123779483,-0.17239292088721717,-0.12013493588719433,-0.04652092738751158,-0.10136990053271373,-0.019513664769225853,-0.09297977331136137,-0.08837935426148165,-0.07382125103278905,-0.1217298817256821,-0.04824551392952841,-0.3281580521027813,0.06662619198692638,-0.3560627570560605,-0.04120657150552114,-0.039453683119776144,-0.07177073680654777,-0.2373474781687794,-0.09028470741827843,0.07207749227405315,0.1216157613880685,-0.18625260764971446,-0.2584113536041485,-0.23018345985474764,-0.319066769527131,-0.14030228195027092,-0.19370329625183164,-0.1522922211013069,-0.26933586528322384,-0.2241579060287492,-0.0328913072256433,-0.10556861599419355,-0.017294252443316428,0.017989017058708066,0.06897433205366395,0.16076086311493745,0.2544746584378295,0.15232600072124053,0.11325028415964065,-0.15646446064446037,-0.04455166684165118,-0.05656808191101353,0.14393496053718724,0.2893653539784632,0.12072197090387872,0.3191617176480255,0.3375880438404689,-0.13244076013274478,0.07906256989870679,-0.10011457681896406,0.04943784321691537,0.05192475361419109,0.20140961441020327,0.05692961514057343,0.24541806844481368,-0.08122172668635623,-0.15365892626456745,-0.2112595689903089,-0.23833347788576098,-0.06482582954073411,0.24281429882182162,0.178294311785892,-0.08182154318085334,-0.15976025599474133,-0.30885345579206364,-0.09022810373082207,0.002938826934225602,-0.02856751587413896,0.14435857523040896,0.14839478333112702,0.23133744470869644,0.13172499737523224,-0.05165908146822661,-0.2198076387589185,0.03715210415078492,-0.05075981320783139,0.15667809391647305,0.023663080244856596,-0.03083348929779474,-0.07227743110555218,-0.1696147753883515,-0.22632893133151044,0.06789064532768514,0.021912930747214322,0.3099599665855651,0.17720514728370773
#49,0.5640475288382093,0.23512715288016908,0.04071631053513309,0.21092268575367354,-0.08996608343566123,0.10516326055499002,0.11527797431835922,1.0,0.08029689547033556,0.33938931924936205,0.3598479004140286,-0.06897159316556122,0.1875974017081532,0.09803667371169551,-0.006455559258126509,-0.19787279690688236,0.30891827614382816,0.04584442202613812,0.07268096061935389,0.0265507812678313,0.061549206407172236,-0.04167492137108739,0.14425267155710353,-0.044431155765131215,0.12547941953831476,0.12928373511300195,0.0152601715456915,0.07977102895461206,-0.1504973364313201,0.07079934449278075,-0.3368878014488718,-0.1578311658077209,-0.15056398270848645,-0.20489621896497417,-0.11664924429512433,-0.042327689702237214,-0.19864333742644943,-0.13162274555273043,-0.14899003501211958,-0.13954178402041384,-0.037285396705117616,-0.10348432214801864,0.03393208470467939,-0.2382823519745101,0.011364559700913419,-0.12208593717903655,-0.07447219343853707,-0.1327630359661656,-0.020359068230267452,-0.12982238310653818,-0.07760365550265444,0.027758630921133717,0.045768646121962686,0.06021445493844349,-0.0011932422500878727,0.006618979581589194,0.035480469445420805,-0.06799107122478511,0.0230860878178822,0.006299442636271095,0.026787238607366697,-0.0034327397554172923,0.047360853072347726,-0.18239351431297274,-0.08081363235904997,0.05233284794149735,0.04037942729849772,-0.08118064336481533,0.2517293795961966,0.1009955858253411,0.20675318509862278,0.07897309955401773,0.07014657616163092,0.27603153373168937,0.18305723819653347,0.061694367476616746,-0.07858417744343055,0.047061401306449625,-0.05677075963061529,-0.0743617249517271,-0.010505461799358188,-0.1422176776967777,-0.0030009083978874045,-0.0035331656525172664,0.014153660752189968,0.027608905038184663,0.0011996329889942346,0.11951777310137994,-0.1156869816083664,-0.12608653973441916,-0.07495515070731786,-0.08399895922252096,0.1413311909141952,0.06720592330200349,0.10151871345296187,0.21780368563042357,0.036484728416420545,-0.09626643903463324,-0.05380636974076424,-0.1286893963947103,0.1119557030497519,-0.007736445927501632,-0.1444836511204335,-0.09134739600213633,0.11919641023066002,-0.049308202513386315,-0.18409710271286867,-0.0369339060652677,0.029251324937119693,0.012611666750354914,0.08656438441207484
#50,-0.0019464364783376776,0.11169642164269379,-0.11244687698284087,-0.13157161964147954,-0.024862713233850833,-0.10441737002834749,0.16062483167250202,0.08029689547033556,1.0,0.0834347482733593,0.32854697421336854,0.015503019624133255,0.14287409787873118,-0.01889376309530874,0.15562909977312878,-0.03045095792611393,0.016342032346268492,0.06257811537109652,0.04337394495747876,-0.1396294284397011,0.07194602564512227,-0.12263919257578731,0.2042178876781989,0.1630450957926114,0.18786216089141677,0.049258902527537236,-0.2407793049614958,-0.10525181793697819,-0.03268223876713517,0.00161776990601049,-0.02168651599738893,-0.16965038093368695,-0.22657908311155947,-0.24276225994786982,0.05220685908877193,-0.09866570501262172,-0.05739431315533604,-0.18699575928825427,-0.21048720254534,-0.23507876585702092,-0.1098823647559879,-0.028290888175763577,-0.1474124354649491,-0.20217467715356488,-0.11954698790780903,-0.04420474101530582,-0.2395842367860061,-0.2602464086329753,-0.20903924370169857,-0.2942478785029238,-0.025218768687205285,-0.09810423295156276,-0.16940114211633883,-0.38497537283114297,-0.03299082016004236,-0.22321481555871034,0.1470645966759028,0.05860398873404027,0.14558468413772954,-0.03148169281544003,0.15098029370010088,0.25563503403068466,0.1378345437697143,-0.056016652439664576,-0.4687314839752222,-0.2967247463104895,0.11697243309124605,-0.12152994289418306,0.48456864794788806,0.44862439345040556,0.07848192562092876,-0.002984475069271045,0.011162794944012563,-0.11629227587906896,-0.06466149625457052,0.045029146334226514,0.055639598844189224,0.10156983936421278,0.1882757329949285,-0.0794441883076867,-0.06099503804772056,-0.1568168642470112,-0.08744995823195643,0.2645893722011987,-0.18603988734040272,0.21840624101302342,0.16054631688022386,-0.002739801065427472,-0.11017359985757783,-0.16071156312908835,-0.23700420419323767,0.10685406747707323,-0.1355466592412367,0.15993919668411946,0.17782961377112938,0.1695307828198679,0.14771097426814628,-0.020395586738303807,-0.3066249138391451,-0.16428033432694109,-0.005935170518608463,-0.007071809081239986,-0.37649029748889606,-0.11236471033975907,-0.2073730867725399,-0.17507246641438465,-0.21581068805433953,0.0673090880872062,0.024890102114878097,0.22860859919567986,0.17625018829855707
#51,0.4611840213268087,0.37739139167469316,0.19533749948645848,0.6628008782701182,-0.13863703798381316,0.022747378655845016,0.37170454701073186,0.33938931924936205,0.0834347482733593,1.0,0.15578430343228328,-0.07335381412992373,0.2177653411969854,0.14585400813449767,0.22872271953329346,-0.006429083339800153,0.46929386899898207,-0.007100110924968161,0.016482628602208456,-0.09654215377030771,0.00472549493990423,-0.16644588185349687,-0.0029716935914583208,-0.05728384466852607,0.03881734811724267,-0.12628830449132,-0.10053453966138214,-0.12568027133251472,0.09568853364495794,-0.13765286419223344,-0.07947431607681668,-0.15350920038161842,-0.13119456604600419,-0.046185870076278036,-0.045286601815882815,-0.019754686922265792,-0.19647687693719273,-0.02306235078765857,-0.25703643177657975,-0.07855952745050601,0.10916842792387717,-0.1269383339343671,-0.05414873075360506,0.005821050180994856,-0.12336225903490713,-0.02757329949284922,-0.28705281945706107,-0.3000168898099668,-0.03819014274171829,-0.3226492351654973,-0.17494739052436012,-0.0936754508894539,-0.004738276417716954,-0.1495177274532449,-0.05304495884820626,-0.020777205147283706,-0.012655488959998538,-0.03466884560431283,-0.06884103949933125,-0.14085918919782534,-0.005752577978426691,0.11899190658565645,0.19773585250174605,-0.005054161512231418,-0.15513336102653527,-0.17136401192329287,-0.15254328584405685,0.0569679595740116,0.309871409203577,0.13827185290344962,0.25228263499294734,0.1541884446310946,-0.012119579854565042,0.12695933207648802,-0.06567214596447662,0.04534229254063825,-0.007401388616268083,0.14431566598346623,0.13100466980421516,0.07656470394902017,-0.03094487074730562,-0.10176064856870272,-0.21158732259993518,-0.10952904819073617,0.09067819434237014,0.07046154829344448,0.007646062620111655,0.2515358315036039,-0.07946701237520941,-0.1540022002401092,-0.08084376012817997,-0.03804589463497469,-0.189803119593549,0.0006673757343643726,0.06146156198788499,0.24277047661217802,-0.06298986154920641,-0.0635978947080117,0.05174855181291568,-0.1291960906937147,0.20950394171646117,0.01871025759242606,0.05462803617158221,-0.00953133059748844,0.21009280265854738,-0.06689551598369449,-0.06721048811550805,-0.020414758955022892,0.09990916021125956,0.07452149342438615,0.09458019692605459
#52,0.2535744772147334,0.1960605659455783,0.15845015451893713,0.09985803430000867,-0.16784271478588741,-0.03660250060483779,0.1931856464004163,0.3598479004140286,0.32854697421336854,0.15578430343228328,1.0,0.015704784381034113,0.16304326986720957,-0.058191329593229466,-0.004576682019656087,0.010980202403830791,0.32135647998101036,0.2774648851721163,0.06370288541861623,-0.11082910707683037,-0.11664833133242342,0.00867040677053139,0.19061383047195607,0.11843591230080296,0.23309489790794596,0.14455394924840345,-0.07407505466364171,-0.03859641114362273,0.10130142833014558,0.090168761155263,-0.07566269680052222,-0.10370343319623677,-0.19055996567260244,-0.14097604842354167,-0.09614045018190782,0.005716059470390337,-0.1714589600441874,-0.18422035267749137,-0.3189718214062364,-0.035880347108418885,-0.1390725211921467,-0.04381855779282137,-0.08997521306267033,-0.17187527103580183,-0.10870007805831093,0.034892521466035505,-0.2079309069827952,-0.2566767244724217,-0.13958651919275838,-0.20574436131411852,0.004235233969516175,-0.022992052659688587,-0.05715511692769792,0.023799111687292016,0.00996863973122378,0.13374538383234352,-0.10359479063482861,0.0001561166218554141,0.05130302601487216,0.05390131786165876,0.13235768052696206,0.21347167761461106,0.05629510606344178,-0.06343721327265174,-0.213271738783112,-0.18328365294635887,-0.007118370178986338,-0.10881785024672817,0.4378432169153729,0.24985871902203435,0.24666517549425518,0.13891001383138493,-0.06494086284104864,0.16186646094573806,-0.1828426919618199,0.1439194401712718,-0.008229445785992414,0.10736989140308673,0.20288952694837653,0.1152752354302565,-0.19700274345291624,-0.2047209301263997,-0.10627159727389338,-0.059794492096025414,-0.022516399092515075,0.12851593348153761,0.12195264462470386,-0.1274751560025015,-0.08232275970365231,-0.16153779437341087,-0.07392532878069266,0.04644789037143888,0.005824702031798491,0.13672803297621275,0.08473663308485532,0.33050345328141617,0.07202545340010134,0.002450391889239365,-0.1395974747451693,-0.012836255574778492,-0.025898012936681473,0.15617596443097317,-0.13335372283365363,-0.05442809734008317,-0.1524455988350596,-0.1205859394614433,-0.2303642264695276,0.0667320956602318,-0.12784125404556596,0.12148429475913762,0.09671105186997585
#53,-0.033782358821730335,-0.0934472102142267,0.23398868839213574,-0.004703583835082418,0.029035865739705204,0.25022846891590245,-0.027379751400256544,-0.06897159316556122,0.015503019624133255,-0.07335381412992373,0.015704784381034113,1.0,0.48407382216399547,0.1508670863251882,-0.08462525163534444,-0.19562508273724477,0.15925630058383966,0.26216819511838846,-0.019917194283027566,-0.11484066518462388,-0.1938959313817234,-0.16159348509816632,-0.24454710202814664,-0.045756777606850874,-0.2750227099471851,-0.2028758325078629,-0.11908137693034551,-0.1448068399165552,0.2769499742088037,0.07358205480515094,0.35100859554382907,0.04852853236681015,0.16695714096600583,0.10165748378350002,0.30360209433643587,-0.028105556747479082,0.26883099690962126,0.04067340128819037,0.10823081523004377,0.2923251790548097,0.16735884455440572,0.3452806675583269,0.28142166551785525,0.13059474955150707,0.11125637362085572,0.18728516846444238,0.2390565443448808,0.2253538871669398,-0.1796774502777689,0.01050363587395637,0.08605221233686498,0.10726216180437949,0.05517490082942662,0.15163762684475526,-0.044869377861567465,-0.01867373908438971,-0.22694518115462392,0.0483678509314502,-0.10371256282324585,0.031824053828280845,0.08664563809245573,0.05410490854396144,0.2946641894945382,0.1493953904513231,0.11730931632788143,0.03987912373839967,0.29260271971588603,0.05119620937886583,-0.23470353818694736,-0.0041530673264343785,-0.020468623754376514,0.07832763492447516,0.1384964417278732,0.06834164890193412,-0.14961176261143852,0.028494478858066254,0.04848014534366198,-0.07423117128549712,0.06581182925771567,0.11701716826359058,0.24864082677902194,0.2531408199318017,0.1738007093720186,0.24744301971542954,0.34824597041087885,-0.048598830494780136,-0.10095176361569748,0.3235859348966298,0.3035619239775959,0.43132557619358464,0.15041151793743465,0.1380636974076424,0.11308412494807525,-0.12924995549306834,-0.13882876015100404,-0.26495455728156225,0.03026745242323125,0.23714571341187857,0.0028046214171920008,0.23124523547590464,0.1327210396819238,0.3112499828819494,0.15820548051509356,0.23084444485020564,0.11527432246755559,0.1929674483148991,0.1464045246431457,0.1397745895091456,0.039093975815618055,-0.18964609000899268,-0.3006605285141076
#54,0.1725499504717735,0.043666093021769596,0.2867944510127039,0.19246075401589469,-0.035402867615843554,0.31323841564452887,0.04797436400735848,0.1875974017081532,0.14287409787873118,0.2177653411969854,0.16304326986720957,0.48407382216399547,1.0,0.20133201258062602,-0.18443763780030767,-0.3944081034569333,0.4109062524250572,0.3197724896949335,-0.12901441111623385,-0.2266968552999767,-0.20032592768422447,-0.36573011909598435,-0.1579827176160718,-0.3012156098362601,-0.022237945468737873,-0.2158682047044968,0.11587779081285635,-0.14371584948896912,0.15293768573084945,0.15466044634746448,0.22685662377263577,0.08107017487800536,0.18081865365390498,0.08521319961472974,0.12885646856897662,0.029758019236124107,0.04253949704884807,-0.010778437646929935,-0.10756617838378213,0.06399685940830888,-0.004785750478164215,0.1031191370676551,0.08775214888595727,0.07732428891617633,0.01149967818064793,0.16220882195857889,0.15974382266612497,0.11955246568401448,-0.012922987031364833,-0.018397111386014325,0.14299460895525112,0.16066682795674384,0.12305641653010266,0.08231089118854049,-0.040374862484993175,-0.023794546873787473,-0.22040380340261198,-0.12217175567292199,-0.17914519302313903,-0.2548772749889303,0.20273067143841839,0.18646624092172714,0.24742293453600953,0.04248745817489626,0.02929423418406241,-0.07974820488708934,0.28179415429982607,0.06045821597958615,-0.08711398795802197,-0.03682708942926137,0.27948435866652666,0.10796696900948112,0.19970054823410188,0.1926588669219919,-0.00606481122213752,0.2778903257907398,0.21396467747310183,0.0677838286916788,-0.012298520543943177,-0.01811957072493803,0.22156144010736442,0.030587902331250257,0.3464565635170975,0.16983479939927054,0.25799139076173044,0.11681449054398882,-0.10242345948956255,0.31164073091793837,0.11542404835050464,0.1425572998215158,0.18850214774475388,0.05878749423692295,0.1904193694166625,-0.21018227300323644,-0.23855076300857728,0.05260673675177001,-0.14905668128928592,0.3226172814709655,0.06140313237502682,0.21140929487325796,0.16412239177968385,0.26066089369918793,0.29208050505096617,0.34943190895935944,0.30227829842011805,0.2520187887723847,0.116842792387717,0.154054239114061,0.14812363340895707,-0.15796537132475452,-0.3189444325252092
#58,-0.015583360341813235,-0.06950202449478926,-0.011233093071982544,0.09573418178000338,0.10869551324480638,0.37199304322421906,0.051244596402013995,0.09803667371169551,-0.01889376309530874,0.14585400813449767,-0.058191329593229466,0.1508670863251882,0.20133201258062602,1.0,-0.17086736021399845,-0.07656561691172108,0.13995535612392557,0.14468724180273615,-0.01594489357137314,-0.1612931203695673,-0.36780437035244923,-0.29116754235005726,-0.1829275974930044,-0.21935663518466952,-0.03873426851145997,0.07902879027877316,-0.10899496501070449,0.14792917235366349,0.3118607549288574,0.12136743553342129,0.04961495798089169,-0.01859978910561609,0.260319445649048,-0.09451811546239279,0.037484422573915745,0.03493634367567913,0.01569930660482866,-0.001134812637229706,-0.0060912871404638766,0.022729119401826838,0.11252447881241812,-0.09892955123318437,-0.03625374885309061,0.12233791488448739,0.24911374145809273,-0.13034368480875713,-0.06130361944062775,0.08092501380856085,0.09418214518845833,0.044669439030068425,0.1300314515650463,0.34136040572062426,-0.01800088557381988,-0.026972570035651195,-0.31895356215221826,-0.14709015963152824,-0.08388209999680463,-0.30185742261499904,0.1554154665011161,-0.09389821378847567,-0.08173572468696791,-0.0024038307914930135,0.2976970515869574,0.14206338700032412,0.052176731319641935,-0.14061360223128083,0.1960112659597292,0.2759913633728494,-0.05813929071927766,0.004881611561759644,0.25127015935763947,0.07661674282297197,-0.034215103141961134,0.13362761164392628,-0.011601017040448813,0.12028283584474156,-0.12313036650887628,0.025059913177247144,0.025298196442184354,0.24662317921001337,0.0741143120597808,0.041028543778843914,0.15393646692564375,0.052610388602573645,0.16226816453413795,0.18519265795395928,-0.002889526948376524,0.0678239990505188,-0.021857240022458882,-0.03100786517366833,-0.13518786489977952,0.19989957410290002,-0.04200267498071366,0.049152998854231814,0.02915089904001972,-0.03999963481491964,0.05974245322207361,0.12405519772489695,0.32024357844860246,0.14226332583182313,0.2356749305007144,0.07950444384594667,-0.015890115809318612,0.13658104598136644,0.1949166236813395,0.23072028192288205,0.20027114992216993,0.05868432945172025,0.06726709180296439,-0.021649997489352573,0.01658214153660752
#101,-0.02861955474809077,0.20383809519462082,-0.003637243400420876,0.2526158663787791,-0.1445064751879562,-0.25464173061209583,0.06738029917787709,-0.006455559258126509,0.15562909977312878,0.22872271953329346,-0.004576682019656087,-0.08462525163534444,-0.18443763780030767,-0.17086736021399845,1.0,0.35155546020167344,0.1309699772215806,-0.17551616628702635,0.5112700680613693,0.14080988921197624,0.4366152820826505,0.16125660186153096,0.21235877608220316,0.07398101950544811,0.1505895456641119,-0.19533293467295393,-0.2502458152072197,-0.3699023586391378,0.08489183674400982,-0.21622608608325306,-0.13337837282657816,-0.13922407300049758,-0.3825441531586227,-0.15951284310279504,0.16216591271163616,-0.019480798111993134,0.09664714448091223,0.02111591430932089,-0.00994490270100015,-0.07264626803671936,0.13441184660400698,-0.06698224744028082,0.036447296945683286,0.07688058904353462,-0.3124623973487563,0.11635527030543168,-0.37295804479907974,-0.2570181725225616,-0.34982083106994666,-0.39222977445256474,-0.31838204750144933,-0.3345058817622006,-0.08433219060835269,-0.24417826509697946,0.20761867373908438,0.04780181405688671,-0.14304390894110022,-0.07559422459795405,-0.22453130777342092,-0.21626260459128943,-0.16928702177872523,-0.20779304961495798,0.10702387853944227,0.02292631934522315,-0.19241419291814832,-0.074002017647569,-0.0553483637425993,-0.15281900057973133,0.6022577567593476,0.4115151985465634,0.0590504274947847,0.050323417036796964,0.02118164762378633,-0.061908913711330324,-0.2645802425741896,-0.18300337339717987,-0.16289445694696142,-0.023752550589545663,0.1909671470372078,-0.15150889910392712,-0.20209798828668854,-0.1527970894749095,-0.3502910068609147,0.005448561399024043,-0.15017506059789928,-0.1098522369868579,-0.21548202148201234,-0.02329424331368942,-0.11924205836570546,-0.048537661993819245,-0.09922991596178338,-0.2810300045191654,-0.08027772325361647,-0.13386954675966714,0.023329848859024865,0.003386178657670941,-0.1265959729215263,-0.2827144207023422,-0.16975263275618874,-0.34415315862270446,-0.10468943291321833,-0.14254543130640399,-0.06610032547120287,-0.32470157531714045,-0.11420798203289405,-0.3323814175571857,-0.13644136268812737,-0.15834972862183716,0.08033706582917555,-0.06763501577143066,0.0035340786152181754
#102,-0.04673729954762698,0.14840208703273428,0.023243117402438524,0.06938790415717566,-0.09814531627310366,-0.1153583150360392,0.30152693011727005,-0.19787279690688236,-0.03045095792611393,-0.006429083339800153,0.010980202403830791,-0.19562508273724477,-0.3944081034569333,-0.07656561691172108,0.35155546020167344,1.0,-0.0023362715516257585,0.08958720391478406,0.10719460256451223,0.4051144170504914,0.07508113956004328,0.6640297260655416,0.19748022294549156,0.42569077040357517,-0.04603066641712353,0.13478707427408054,-0.2933047880328849,-0.14026576344223457,-0.09739120908215294,-0.1331127006806137,0.003983256264065331,-0.01043151182058457,-0.1163068832822835,0.0959834205973515,0.040302738431621375,-0.04753431598552041,-0.20919809921165672,0.14496569542651336,-0.14985278476447844,0.1574385918463301,-0.03989555706701603,-0.19991418150611456,-0.2667156623316154,0.05308421624434534,-0.2661322791657347,0.17651859933262426,-0.24593754422163083,-0.1453747027165205,-0.3348080724162014,-0.1601802188371594,-0.2623882191293075,-0.334151652234248,-0.1019441540715854,-0.08678349546029297,0.0131256647509666,0.285310886623727,-0.3298452071740609,0.12874508711946572,-0.23125527806561463,0.05220320723796829,-0.19783719136154693,-0.21626534347939214,-0.00020450364500358337,0.23847681302980367,0.04629907745119073,0.10807104675738473,-0.028249804854222682,0.09822565699078364,0.335433451866324,0.3103288035167323,0.22271542496131322,0.30500075319422826,-0.0665577197843582,-0.001660679152953206,-0.2250873020582744,0.03795916317838835,-0.04473791123263659,0.03147165022573003,0.1764583437943643,0.3589696302957543,-0.09489516905786814,-0.12219366677774379,-0.21481555871034888,-0.2167327803822575,-0.18095012028283586,-0.17033327703396678,-0.24865908603304013,-0.2499463634413216,-0.41747045424459184,-0.09374392309202208,0.022834110112431357,-0.21576138806849046,-0.09130539971789453,-0.12301989802206631,-0.07960213085494391,0.2508328502239041,0.081043698959679,-0.11010421469230874,-0.16593918755449247,-0.07668338910013832,-0.2807971990304336,-0.07031090944779451,0.04364692080505051,-0.258356575842094,-0.16138624256506,-0.23977869784129968,-0.03896707400019172,-0.10097823953402384,0.009511245418068444,-0.10297580192361241,-0.008225793935188777
#201,0.2991176215495716,0.3629200199025869,0.5337079523616063,0.3976911173294015,-0.15213975633025512,0.18036947600505782,0.22432954301652006,0.30891827614382816,0.016342032346268492,0.46929386899898207,0.32135647998101036,0.15925630058383966,0.4109062524250572,0.13995535612392557,0.1309699772215806,-0.0023362715516257585,1.0,0.3438025809455555,-0.06449716296840692,-0.19405569985438245,-0.05269438117105726,-0.15915130987323514,0.05204069987720652,-0.1883898533325421,0.19735971186897158,-0.1105533923411559,0.12563644912287109,-0.08020468623754376,0.0344899049149347,-0.18572400224588825,0.13699370512217723,-0.019740992481752158,0.06683891229623813,-0.0006874609137843674,-0.05377624197163425,-0.038859344401484475,-0.21240442421724862,-0.03317523862562595,-0.2643985629967088,-0.0059023038613757435,-0.11801229760758124,-0.08714594165255378,-0.09160850333459626,-0.08217303382070326,0.006256533389328379,0.05689127070713526,-0.03947376829919614,-0.11752934033880046,-0.07962130307166301,-0.14484974916349794,0.06468705921019596,0.04882433228190462,0.20635787224912927,0.14432296968507352,0.15044712348277012,0.20141052737290419,-0.19731406373392615,-0.20720236274746995,-0.16472038234877914,-0.056544344880789896,-0.009711184249567484,0.03415028279019661,0.07124395732812336,-0.12297059803621722,0.021853588171655246,0.04419652435099764,-0.17651859933262426,-0.05298561627264718,0.1890407957382901,0.22661834050769855,0.2663504772512519,0.16557035062332529,-0.1027174334792552,0.14359716433785097,-0.20956237132931935,0.25337453838323437,0.026307020226688637,0.09884190681389712,-0.031221498445681003,0.07960213085494391,-0.08389031666111281,-0.28989943715849487,-0.038071457590600134,-0.1840404990254123,0.16449305463625283,0.07500536365586784,-0.1151419428759238,0.11036623498746959,-0.1430311274632875,-0.10166387452240638,-0.033855395837803046,-0.028663376957734393,-0.020362720081071088,0.015525843691655978,-0.02395431534644652,0.46867670621316765,-0.171643378509771,0.4013594014616533,0.061948171107469405,0.1619212387077926,-0.009981421209036504,0.3473156614186527,0.38649728165355807,0.23619988405373699,0.21315396659469477,0.20812901988889243,-0.13642675528491283,-0.012112276152957771,0.10295480378149151,0.015202654895534243,-0.08394692034856915
