,#10,#11,#12,#13,#17,#18,#26,#49,#50,#51,#52,#53,#54,#58,#101,#102,#201,#202,#301,#302,#401,#402,#501,#502,#601,#602,#701,#702,#801,#802,#901,#902,#1001,#1002,#1101,#1102,#1201,#1202,#1301,#1302,#1401,#1402,#1501,#1502,#1601,#1602,#1701,#1702,#1801,#1802,#1901,#1902,#2001,#2002,#2101,#2102,#2201,#2202,#2301,#2302,#2401,#2402,#2501,#2502,#2601,#2602,#2701,#2702,#2801,#2802,#2901,#2902,#3001,#3002,#3101,#3102,#3201,#3202,#3301,#3302,#3401,#3402,#3455,#3501,#3502,#3601,#3602,#3701,#3702,#3801,#3802,#3901,#3902,#4001,#4002,#4101,#4102,#4201,#4202,#4301,#4302,#4401,#4402,#4501,#4502,#4601,#4602,#4701,#4702,#4801,#4802
#10,1.0,0.3818493885432311,0.4798641511501048,0.395462575376483,0.2174558468413773,0.20264759183263567,0.3633664586633313,0.6058447872112185,0.18588377071854728,0.4817037709924361,0.35445137788895636,0.3975870395814979,0.3620864849566571,0.02854469180661624,-0.19486093295658405,0.02271998977481775,0.3923320262750665,0.29163680517832447,-0.09655858709892408,0.17915888746365266,-0.24734624566913319,-0.13131142527172052,-0.12380595890754884,0.09616510017483236,0.08137601738280982,0.22386210611365473,-0.03545399352709445,-0.004950083764327809,0.3241455810322869,0.2662044032191065,0.2999182898382687,0.24835141760283383,0.3352682056174595,0.17914975783664358,0.06031944564904801,0.25626771718241453,0.09645177046291774,0.06193995444316122,0.14268785348774576,0.06637877909498008,0.289417392852415,0.2345921567374365,0.04542537214642096,0.13072347729233522,-0.26077683996220336,-0.05241318865917733,-0.022782071238479553,0.037811263220841114,0.00785786996672251,0.0397896533937106,-0.09269766783678053,-0.22615090360483323,0.0714247239429033,0.14652320979426386,-0.06344725586236175,0.2209013680746073,-0.2268712311758503,-0.17144161375287012,-0.3193278768595909,-0.22151579197231897,-0.20917071033062945,-0.012461027904704953,-0.09015415375204847,-0.12964161649175823,0.1102749387173787,-0.16565982096801435,-0.19940931313251198,-0.1413841427508479,0.11766263289313315,-0.17945286145334532,0.1904714082906143,0.17809528591709387,0.2775771795843281,0.23410098280434752,0.211548978166497,0.13908895452076306,-0.08718519904869286,-0.06422875193433972,-0.09385256565343023,0.17967562435236709,0.11483975222192297,0.42227720286487697,0.13392980229792711,0.25598378578243186,0.15656853839236398,-0.07340220115307189,-0.1746570683854711,0.04953918207671625,0.24768495483117037,0.07349806223666733,0.29619796683206506,0.04652092738751158,-0.06677044009366997,-0.3193333546357964,-0.3150205188367029,-0.10572473261604898,0.16310535133087137,0.18558158006454648,0.10269369644903158,0.06865023029484131,0.10768303760949846,0.05955255698028457,0.17524684229025822,0.12112367449227862,0.18287008084284717,0.22746191804333835,0.3220393760812902,-0.1021395280895799,0.0410066326740221,-0.42369777282749116,-0.3831530992801289
#11,0.3818493885432311,1.0,0.16578033204453432,0.2834685278932929,0.05351787352727704,0.1344848836200797,0.34648121351002203,0.2791821680125258,0.36538045438153627,0.5132539360104443,0.26942716155331475,0.13380837825870623,0.20103986451633518,-0.0050751596543523216,0.07210214226697768,0.15475082965485445,0.17736674168176858,0.039765003400786064,0.13571920919170846,0.19821059310621864,0.14464433255579343,0.22355078583264482,0.056654813367599866,-0.020962536575568205,0.22818772339056087,0.08537844586359425,0.08935531138875322,-0.042783258089990735,0.07027256501435634,0.049492620978969906,-0.18445954890512947,-0.1586126618796989,-0.03665362651608869,-0.06013228829536169,-0.09469979503987365,0.13420460407090068,0.08346396307978837,0.05065938731073142,0.10194597999698722,0.0032136287071991673,0.14943738673556492,0.007032551685100905,0.030746757841208398,-0.03812075757644921,-0.21784203006386174,0.024698379947687237,0.03449173084033652,0.03741412444594576,0.1041078756727394,0.1796993613825907,-0.009521288007778442,-0.05885048866328566,0.12786864292659322,0.04697923466336783,-0.03508880844673091,0.09280539743548777,0.030502083837364826,0.18812692007468035,-0.14482236028247067,-0.06550872564101394,-0.20918349180844217,-0.2132270036107675,0.03339800152464771,-0.08517302925588975,0.07201541081039134,0.007342959003409916,-0.01024800631770189,0.0341183290956648,0.2679372064254315,0.22199966220380066,0.03471905855286282,0.2332528404552032,0.2198888924392994,0.02362656173682024,0.022900756389597703,0.07395180469901902,-0.16841788128746,-0.138858887920134,0.028622293636193494,0.010678924712530869,-0.0031570250197428184,-0.024944879876932627,0.08004217887678199,-0.005431215107706775,-0.12646815814339904,-0.2659880310589911,-0.26658602162808637,-0.00877357155573409,0.04071083275892763,-0.06795637864215058,0.0374387744388703,0.005391957711567694,-0.056084211679531835,-0.20951124541806845,-0.194060264667887,0.02910342497957246,0.1279170299497414,0.051705642565972966,-0.18434999338102043,-0.10966142778236795,-0.04287364139738071,-0.02259400092209233,-0.16716803534991578,0.011303391199952526,0.04302336728032976,-0.004783924552762397,0.08428836839870907,-0.2770047519708582,-0.24980850607348437,-0.19022034354786435,-0.08678075657219024
#12,0.4798641511501048,0.16578033204453432,1.0,0.36417625657903746,-0.09002907786202395,0.26714384183834167,0.21562353070065324,0.3436601587642137,0.2390364591654608,0.47327347341224374,0.2550790397458312,0.2735263640803955,0.32442586058146594,-0.03894516289536991,-0.15333208561764208,-0.11302478237251617,0.45566424883711376,0.6523556720090201,-0.1275865374520124,-0.10885436875476452,-0.17245682827628078,-0.20491447821899236,0.0784664052550133,-0.020708732944715542,0.04639402557208525,0.046062620111655336,0.17640630492041248,0.17689656589080052,0.03261102767646428,0.054674597269328565,0.3508068307869282,0.1826162772119945,0.26558724043329207,0.21095646537360715,-0.01884720199756239,0.19502161439194401,-0.023599172855792976,0.02541505566790069,0.2177762967493963,0.06075675478278335,-0.012651837109194904,0.0473371160421241,-0.03189252603084901,-0.1253196510656557,-0.14304482190380113,-0.05952516809925731,0.12701502280124347,0.1089547946518645,0.1592289117028124,0.09892224753157709,0.1628825884318496,-0.05458877877544313,0.35367809848128656,0.206030118639503,0.06544207936384759,0.06323544851575089,-0.12895232965257206,-0.36786462589070923,-0.10183916336098088,-0.008645756777606851,0.028564776986036235,0.27294571980261745,-0.12540364363413933,-0.13945870441463115,0.3983228875184304,0.0314889965170473,-0.007260792360328119,-0.2804840528240219,0.016569360058794797,-0.12613127490676368,0.24017035883998958,0.23032588203608942,0.11050774420611045,0.18723860736669604,-0.021096742092601806,0.01969169249590308,-0.0347583159490019,-0.011312520826961615,-0.15914400617162786,0.10307348893260966,0.07416452500833079,0.1321960861289012,0.1668001113814495,0.19597200856359012,-0.032451259203805226,-0.09694568328410942,-0.04264174887134986,-0.06005742535388717,0.13659656634728187,0.08628958263910128,0.03688825793022226,-0.13532389634221495,-0.27205740709463316,-0.1769869491981905,-0.29876339202161895,0.14344013475329465,0.12306554615711175,0.38697567410883427,0.21607179538679946,0.36660108551265136,0.2190343593512487,0.2699375077031228,0.47881241811865777,0.4490197062998991,0.35148424911100257,0.45563138217988103,0.1484267370256588,0.05028781149146152,0.28270802996343586,-0.2143919440171272,-0.23775100768258112
#13,0.395462575376483,0.2834685278932929,0.36417625657903746,1.0,-0.09848676432324358,0.08322659277755207,0.4373009170710331,0.12278070179442818,0.05088032428435136,0.4843906202212109,0.24176439171577646,0.17648299378728882,0.36418629916874745,0.02656173682024221,0.28522324220443973,0.1967005527989154,0.12149798919965125,-0.08626219375807401,0.21528938635212058,0.0968817758950458,0.1510953270004154,-0.02123825131124268,0.11981905079267986,0.16754874079619478,0.2401813143924005,0.16467382125103278,0.16307248467363866,0.13738901797167077,0.20239926597798846,0.0925287697371124,0.012286652028831361,0.02460617071489544,-0.07919951430384312,0.07331181784568191,0.09543016520060073,0.27094267963682345,0.031346574335705514,0.17220758945893266,0.3091045205348136,0.20395495442033715,0.17991847243080883,0.21890928346122418,0.10260787795514614,0.058347446215084885,-0.18644432981690534,-0.024611648491100896,0.06344634289966083,0.06878169692377217,-0.043680700424984134,0.055478004446128354,-0.12311028132945628,-0.2641310649253425,0.0008262312443225133,-0.032295142581949814,0.12812701137095045,0.23189343899354992,-0.05894452382147927,-0.18406606198103775,-0.15347085594818025,-0.1417210259874833,-0.2219613177703625,-0.2422026138122127,0.05366212163402064,0.009051112216810382,0.13566625735505575,-0.0030885528171746544,-0.23627018218170698,-0.08481879972793711,0.247007536507096,0.038948814746173545,0.09656315191242862,0.1464026987177439,0.134752381691446,0.15289203759580403,0.004022513660204412,0.04333925237484423,-0.1925949595329283,-0.1381559066404342,0.02614542582862777,0.23916427394358802,-0.018084878142303498,-0.06707536963577353,-0.029658506301725042,0.0022294549156194224,0.06896246353855214,-0.2468413772955306,-0.2531289514166899,0.03997863667279873,-0.007741010741006176,-0.03574522862868437,-0.027101297776479343,-0.05783527413987501,-0.2019080920448995,-0.16260778665887604,-0.2793428494478858,0.054145991865502334,0.14561663783226136,0.04712348277011143,-0.15902166916970606,-0.08496578672278345,-0.11257925657447265,-0.10880232988081272,0.09501933198519175,0.10581146407263531,0.0346341530216783,0.03690377829613771,-0.09302542144640681,-0.2572254150556679,-0.13160174741060954,-0.30258870573842706,-0.188741343972392
#17,0.2174558468413773,0.05351787352727704,-0.09002907786202395,-0.09848676432324358,1.0,0.33899674528797125,0.017639352344259975,0.3758685698895772,-0.05599108948403913,0.03902824250115262,0.04474430197154295,0.36528459329794083,0.2943200025562956,0.35689629200199025,-0.07739002223064177,0.019991144261801184,0.152661970995175,0.08990947974820489,0.06130727129143139,0.05918372004911739,-0.2358830859965216,0.03888673328251174,-0.22886422875193435,0.05463899172399311,-0.017391026489612767,0.23389556619664303,-0.38584360035970733,-0.18009558719478516,0.32768605038641146,0.4705656260413481,0.22628876097267045,0.22330337294069852,0.2725376254753112,0.1964211862124373,0.24196798239807912,0.32287382398992087,0.19337280375410262,0.32545659547079203,-0.1929272779560591,0.13093437167624516,0.26503763688734494,0.3907087785928506,-0.08628958263910128,0.21588098618230953,-0.0017565402365486357,0.2889727800170724,-0.3065025768372233,-0.21886272236347784,-0.2557208525245701,-0.2617610137537831,-0.11701169048738513,-0.014962545705195214,-0.1997023741595037,-0.0783833256492306,-0.22274190087963958,-0.060072945719802616,-0.308028137510442,-0.14142705199779063,-0.3100266128627315,0.028807625064477992,-0.32074479497140146,-0.33360204868830085,0.2035979860042818,0.2690701931372594,-0.34471097883295976,-0.21121483381796435,0.19174955607188668,0.1759635180104717,-0.07749592590394719,-0.02800239196227638,-0.032444868464898864,-0.245875462757969,-0.11874814554451378,-0.10360939803804316,-0.12676487102119444,-0.23529239912903357,-0.38819265338914577,-0.33892279530919767,-0.012841733350983946,0.13410052632299707,0.15904905805073333,0.24638307001967436,-0.06875156915464219,0.2447187390159175,0.3111340366189339,-0.1337517745712499,-0.22676897935334853,0.06776100462415607,0.27184012197181684,-0.01862991687474608,0.25993600131466627,0.13059383658880616,0.24706048834374872,-0.27280238465857476,-0.09894781048720254,-0.23115850401931828,0.053553479072612487,-0.16104753340302283,-0.09034952777004296,-0.2271295996202075,-0.24335112088995603,0.1488686109728987,-0.015357858554688748,-0.1327128230176156,-0.11196118082595735,-0.0029570861882437793,0.1579635453993527,-0.29568396883145337,-0.04365787635746141,-0.2953160448629871,0.018198998479917104
#18,0.20264759183263567,0.1344848836200797,0.26714384183834167,0.08322659277755207,0.33899674528797125,1.0,0.0905905499230829,0.2655589385895639,0.18757457764063049,0.14496386950111154,0.2922402735236252,0.3804069074757951,0.411629318884177,0.3040658793884976,-0.16286980695403688,0.028189549315962695,0.20138039960377419,0.22439892818178914,-0.027392532878069267,0.05839674620093396,-0.028466177014338078,0.061471604577594985,-0.07703214085188549,0.12411636622585784,-0.08304126134926758,0.014117142244153615,-0.15386799472307558,-0.14504603614419334,0.25429206589764775,0.3084280151734401,0.29232609201751064,0.17290326703702522,0.14100252434186802,0.2765756595014311,0.13940575257797844,0.3016711782240137,0.05340649207776616,0.15478369631208716,-0.07621230034646935,0.052616779341480006,0.18227391619915367,0.26100416767472967,0.10127586537452013,0.08344661678847111,-0.048325854647208386,0.36394618997840844,-0.286232065988944,-0.08326585017369115,-0.1377304660218107,-0.12654119515947176,0.09311123994029225,0.15736920668106105,0.16568081911013527,0.08709298981590106,-0.16396536219512753,0.08270802996343585,-0.13104757905115785,-0.16076086311493745,-0.17476297205877653,0.08556377729187874,-0.14073502627050172,-0.0734341548476037,0.21648445452761028,0.19970693897300826,-0.14012608014899552,-0.1253716899396075,0.18646624092172714,0.029352663796920576,0.1704391807072722,0.12563279727206744,0.23791442800604382,0.004492689451172472,0.09629747976646415,0.00032501472152355216,-0.16644953370430052,-0.16343036605239494,-0.27895301437459774,-0.3206973209109542,-0.07592563005838396,0.26401694458772884,0.3739458704414631,0.15069818822552006,0.06544847010275395,0.1733268817302469,0.127319952343347,-0.26661980124802004,-0.1551379258400398,0.11953694531809902,0.2180958336947144,0.12884094820306116,0.1419693518421305,0.08928044844727868,-0.01526838820999968,-0.3099362295553415,-0.22215577882565607,-0.1807392258989259,0.012086713197332323,0.06384074278645346,-0.12867387602879485,-0.08431484431703543,0.01369078866282918,0.3016739171121164,0.18931103269775915,-0.11347761187216696,0.11667206836264704,0.037027941223461314,0.07158357945286145,-0.16959560317163241,-0.07714808711490093,-0.2827774151287049,-0.028827710243897985
#26,0.3633664586633313,0.34648121351002203,0.21562353070065324,0.4373009170710331,0.017639352344259975,0.0905905499230829,1.0,0.1699863512076214,0.0230860878178822,0.375038686794451,0.18533508013530106,0.11369215810688055,0.3097280740595343,0.17506698863817918,0.07417730648614351,-0.04865178233143285,-0.013788475671826428,0.012450072352294048,0.03285387575490603,-0.0046962801334751465,0.12363888673328251,0.05698895771613251,0.013926333039663664,0.005601026170075822,0.10383672575056946,0.011351778223100696,0.08841861165762073,0.08134588961367983,0.13842614359990324,-0.009907471230262888,-0.08075155089538817,0.03896342214938809,-0.0801471695873865,0.06419223342630337,0.047044055015132355,0.06868583584017675,-0.02356539323585935,0.019730036929341253,-0.028877010229747063,-0.06935412453724203,0.0987570012827126,0.06417214824688337,-0.10200988738605084,-0.0479351066112194,-0.2327169313497697,-0.10512309019615004,0.15957583752915774,0.1765021660040079,0.22128663833439086,0.18298237525505895,0.12433273838597324,-0.03237091848612525,0.08332884460005387,0.10448219038011201,-0.01986698133447758,0.12735281900057974,0.07476799335363153,0.02876928063103982,-0.03961253862973428,-0.0463374218846289,-0.043749172627552305,-0.05671233001775713,0.02220325288610334,0.019656999913268542,0.11727279781984506,-0.02741353102019017,0.13859138984876773,0.18404597680161777,0.2358602619289989,0.16565982096801435,0.10515139203987821,0.0620504229299712,0.013741914574080076,-0.023695033939388405,6.39073890636198e-06,0.14009047460366006,-0.018087617030406223,0.1240597625384015,0.12321983685356534,0.1219152131539666,-0.04661952735920974,-0.09658780190535315,-0.015933025056261325,-0.05430667330086229,-0.06662893087502911,-0.17649394933969972,-0.17234362090136807,-0.23237457033692888,-0.16281229030387964,0.005617459498692181,-0.021627173421829852,-0.021677386370379838,-0.06758115097207704,-0.08135867109149256,0.0023727900596621125,0.04845732127613926,0.09891129197916619,0.060212629013041676,-0.04966699685484349,0.05061556510108779,0.054258286277714125,-0.06332491886043996,0.04653644775342703,-0.04624977746534165,0.03234718145590162,0.058129248129567664,-0.060472823382800696,-0.14176850004793054,-0.019024316761538707,-0.0559472672743955,-0.10168761155263002
#49,0.6058447872112185,0.2791821680125258,0.3436601587642137,0.12278070179442818,0.3758685698895772,0.2655589385895639,0.1699863512076214,1.0,0.24235599154596538,0.3621339590171044,0.2627497523588674,0.4858449698037587,0.29087356836036465,0.12349829047734255,-0.14205608329871683,-0.0014589143960523493,0.4862110678468231,0.2928309603911132,-0.10468486809971378,0.012776000036518508,-0.3442198048998708,-0.11032423870322777,-0.10816051710207379,0.027320408824697467,0.1051504790771773,0.2641721482468834,-0.16899943852793894,-0.09338786763866762,0.21586181396559043,0.2973729498281348,0.14681079304505015,0.15749976034729102,0.24197802498778911,0.1987729781299785,0.19410682576563335,0.2603285752760571,0.24949901171787628,0.10524451423537091,-0.04614935156824168,-0.0315099946591682,0.21031830444567187,0.2653608256834667,0.0451514833361483,0.13255305454495656,-0.1840478027270196,-0.04041594580653408,-0.07444936937101435,-0.08585592535616958,-0.13049614957980893,-0.06446612223657602,-0.09589851506616698,-0.17805420259555296,-0.048287510213770216,-0.16526542108122172,-0.17990751687839793,0.007792136652257072,-0.22369868579019203,-0.14900920722883867,-0.3044155441029457,0.009616236128672963,-0.25711859841966156,-0.11012247394632692,-0.06500842208091588,-0.10378194798851494,-0.021677386370379838,-0.19554200313146206,-0.04974459868442075,-0.2547923694577458,-0.07889093291093592,-0.3022216947326617,-0.024149689364441014,-0.14266229053212032,0.12227126860732104,0.1859887614291518,0.08194935795898059,-0.04100937156212483,-0.21528938635212058,-0.19893365956533846,-0.016069969461397656,0.10629807319221973,0.11778770878315767,0.4420181953466291,0.032572683243026104,0.36366043265302395,0.18867469769522566,0.036723924644058666,-0.13982297653229378,0.07789762949234709,0.41915030561426414,0.0049482578389259905,0.3083659337097783,0.06612132361332378,0.14689752450163648,-0.2567899318473344,-0.181759918198542,-0.06285474306947189,0.0793629346273058,0.14764889280448448,0.0056192854240939985,0.0876316378094373,-0.11143714023563567,0.15400128727740828,0.1637572066993203,0.10584433072986803,-0.05605499687310275,0.20390200258368443,0.19368777588591618,-0.1287916482172121,0.08903942629423875,-0.24645336814764432,-0.251134127915204
#50,0.18588377071854728,0.36538045438153627,0.2390364591654608,0.05088032428435136,-0.05599108948403913,0.18757457764063049,0.0230860878178822,0.24235599154596538,1.0,0.3525259395527396,0.16803261102767647,0.1204709061611288,0.10878407062679454,-0.054745808359999454,-0.2578371000652768,-0.1493333089876613,0.2496140450181908,0.3027484742110861,-0.06371749282183077,-0.06486326101147137,-0.16886066819740078,-0.05362834201408701,-0.12475087530298949,-0.19616920850698644,-0.07389611397426359,-0.10876946322358,0.05995243464328265,0.024506657780496377,0.07503731735039965,0.01630277495012941,0.07253306066180666,-0.046127440463419864,0.19758338773069425,0.0342014087014475,-0.15739842148749014,0.20545860398873403,0.05051696512938964,-0.06507050354457769,-0.08071868423815545,-0.06376314095687621,-0.10849831330141008,0.09991920280096957,0.10411700529974847,-0.07666695577152195,-0.22401000607120197,0.09211245874549795,0.11069946637330132,-0.035491424997831714,0.15608284223548047,0.10530203088552817,0.13826272327644054,0.08367120561289469,0.05143814449460667,0.030299406117763057,0.05548622111043653,0.027408053243984716,-0.009114106643173093,0.001166766331761516,-0.049374848790552664,-0.18971638813696268,-0.20472823382800695,0.08892439299392424,-0.09411823779939471,-0.07555588016451588,0.09800289409176188,0.050873020582744094,0.14920458124683317,-0.16777241665791745,0.14822771115686068,0.13156979371607774,0.30709326370471135,0.2491119155326909,0.059267712617601005,0.1386105620654868,-0.1270907987054189,0.08548252361149786,-0.009691099070147488,-0.036490206192626,0.018095833694714403,-0.04948896912816627,0.05892261271665746,0.1391966841194703,0.0679280767984224,0.15851223598259892,-0.07571199678637129,-0.02685571080993486,0.11130567360670479,0.012264740924009549,0.01244824642689223,-0.03460037340174467,-0.024439098540629124,0.07244815513062214,-0.0899514760324467,0.0167346063076593,-0.07268461247015753,-0.1100275258254324,-0.14478949362523794,0.004861526382339649,-0.02738888102726563,0.06094573806187148,0.09268671228436962,0.22864603066641712,-0.00867862343483957,0.12323992203298534,0.05164082221420844,0.01800088557381988,0.15866196186554798,0.005165542961742298,-0.10532941976655544,-0.12594594347847918,-0.16832841094277093
#51,0.4817037709924361,0.5132539360104443,0.47327347341224374,0.4843906202212109,0.03902824250115262,0.14496386950111154,0.375038686794451,0.3621339590171044,0.3525259395527396,1.0,0.40365367672903724,0.1996813760173828,0.416477150826003,-0.02345948956255392,-0.056704113353448944,-0.08022385845426284,0.4062081463661802,0.14924109975486952,-0.017139048784161923,-0.07772873139267895,0.026387360944368617,-0.03743603555076758,-0.01859978910561609,-0.17438226661249753,0.14412668270437812,-0.017355420944277323,0.2530413069974026,0.13081933837593065,0.11123811436683755,-0.03749263923822392,0.16036737619084573,0.0049592133913368966,0.12245933892370828,0.10775242277476754,-0.16032903175740756,0.07900140139774589,-0.04936115435003903,-0.02044032191064834,0.0339841235786312,-0.09932669000807973,0.033703844029452174,0.07321869565018921,-0.07438728790735255,0.02870446027927529,-0.22945035080591783,0.014012151533549096,0.2346441956113883,0.1544568556651618,0.21674830074817295,0.2397394404451606,0.1987227651814285,-0.006534074050404671,0.23644090620677694,0.06744968434314616,0.12296146840920814,-0.006610762917281014,-0.05728932244473152,-0.20616980193274204,-0.14433757708828807,-0.08776219147566726,-0.14666380605020382,-0.0809505767641863,-0.10470130142833015,-0.06789886199199331,0.2767774242583319,0.03878995923621541,-0.04787393811025851,-0.16216226086083252,0.2025051696512939,0.12044808209360607,0.1641278695558893,0.27820621088525427,0.0988601660679153,0.11744443480761593,-0.11885131032971648,0.05249079048875458,-0.1536516225629602,-0.04768495483117037,0.11257469176096811,-0.08637722705838853,0.002553556674442066,0.012880077784422118,0.1826975308923754,0.040285392140304105,0.017974409655493524,-0.21981585542322668,-0.19150123021723947,-0.012072105794117782,0.04785567885624033,-0.1359784905987666,0.09521105415238261,-0.03539921576503992,-0.11964102306600263,-0.21647988971410573,-0.21951457773192676,-0.07453244897679705,-0.0544007084590559,0.18488590248645392,0.01773156157705177,0.16880862932344898,0.07812039239136885,0.09204855135643433,0.19418351463250969,0.15788503060707454,0.1754896903687,0.22108852542829363,0.11418515796537132,-0.18655205941561256,-0.0633513947787663,-0.24967521351915167,-0.08249987446762863
#52,0.35445137788895636,0.26942716155331475,0.2550790397458312,0.24176439171577646,0.04474430197154295,0.2922402735236252,0.18533508013530106,0.2627497523588674,0.16803261102767647,0.40365367672903724,1.0,0.17982352430991433,0.46503489799924225,0.162397805237667,-0.10988510364409063,-0.02707756074625571,0.2726462680367194,0.19693153236224534,-0.13888262495035766,0.07575034121980946,-0.0849931756038107,-0.048887326708267335,-0.10923233531294078,0.06450811852081784,-0.057503868679445104,0.1656643857815189,0.013170399923311133,-0.12056402835662149,0.13918572856705938,0.18209497550977555,0.0711544869834343,0.22521694276180346,0.050124391167998834,0.18694280745160158,0.10208657625292719,0.24254497482505352,0.11858381225835019,0.07349075853506006,0.21137186340252068,0.03681430795144865,0.10826733373808013,0.12533243254346843,0.0021235512423139953,-0.06311128558842728,-0.031658807579416345,0.04867643232435739,0.036307613652444226,-0.020849329200655506,0.03256355361601702,0.0964581612018241,0.035658497172098035,-0.09735195168601386,-0.03508880844673091,0.07632276883327932,-0.11351047852939967,0.0007787571838752527,-0.02464907996183816,0.023099782258395832,-0.09908384192963797,-0.03941351276093615,-0.20436578763574614,0.03936329981238616,0.06253246723605108,-0.04800814362729211,0.023842020934234733,-0.11535648911063738,-0.04317765797678336,-0.15465953338476357,0.2470787475977669,0.009553241702310252,0.23629848402543513,0.11000378879520877,0.1548795573956826,0.01388981453162731,0.018860896438076022,0.06325827258327361,-0.1935051833457344,-0.09717118507123391,-0.12232695933207649,0.13076729950197885,0.16475416196871276,0.126658967347889,-0.1538899058278974,0.17537739595648819,0.1078619782988766,-0.1417210259874833,-0.23308485531823597,0.16432598246198651,0.07434529162311074,-0.1262873915286191,0.13172317144983042,0.10504914021737642,0.06657689200107729,-0.2905576832658502,-0.3037070850470404,0.019577572158289473,0.1136465099718351,0.035991728557929765,-0.0221786028931788,-0.11329684525738701,-0.13713886619162174,0.08217668567150689,0.1991235558071275,0.0841158184482373,0.16776602591901107,0.1257295713183638,0.10910725942291628,-0.17246230605248622,-0.05094879648691953,-0.29151172928829994,-0.14157130010453423
#53,0.3975870395814979,0.13380837825870623,0.2735263640803955,0.17648299378728882,0.36528459329794083,0.3804069074757951,0.11369215810688055,0.4858449698037587,0.1204709061611288,0.1996813760173828,0.17982352430991433,1.0,0.4665577197843582,0.14200587035016685,-0.1851433579681102,-0.13220704168131212,0.28404004254406184,0.275414370945875,-0.27044876681563174,-0.1276276207735533,-0.1078619782988766,-0.15822830458261627,-0.1241008458599424,-0.004344789493625238,0.036834393130868635,0.045884592384978114,-0.3033829832882178,-0.2649782943117859,0.4532549402694153,0.36611447639306693,0.18138377756576754,0.2718757275171523,0.29353120278271033,0.1917212542281585,0.2868775306184866,0.3311635253141733,0.31594717597812544,0.08198678942971785,0.10571834187714262,-0.03623457663637152,0.25919924041503284,0.2686018432716931,0.19719903043361164,0.05746643720870784,0.1292691277097874,0.014786343903919806,-0.25562499144097467,-0.11655886098773435,-0.1796171947395089,-0.1254410751048766,-0.2569213984762653,-0.23692112458745498,-0.017581835694102717,-0.07899592362154044,-0.14754207616847814,-0.03727078930190307,-0.10659935088351966,-0.13722377172280625,-0.15510232029470436,-0.005229450350805918,-0.17703077140783413,-0.05513746935868935,0.17344191503056142,0.018306728078624348,-0.22025316455696203,-0.2184162836027334,0.06249320983991199,-0.2230970433702931,-0.006787877681257332,-0.1109350107501358,0.08084376012817997,-0.052648733036011815,0.017041361775164677,0.06445607964686603,-0.02854560476931715,-0.1318957214003022,-0.38408614716045775,-0.24672725695791697,0.05490648979535941,0.09992102872637139,0.3098777999424833,0.3547243537365281,0.2850415626269589,0.5534425541044521,0.18810957378336307,0.08500595708162342,-0.06019254383362168,0.2970260240017894,0.3810797609863649,0.2865671233001776,0.29579352435556244,0.26727713439267436,0.159613268999895,-0.09048190736167473,-0.0010334737774288232,-0.025897099973980563,-0.01360405720624284,0.08154308955707615,-0.2108861672456372,-0.06250599131772472,-0.198877968840583,0.08833644501453893,0.07685867793871282,-0.022413234307312374,-0.10295845563229514,-0.018614396508830632,-0.09893594197209073,-0.21535511966658602,0.08315172983607755,-0.2800887399745283,-0.14787256866620715
#54,0.3620864849566571,0.20103986451633518,0.32442586058146594,0.36418629916874745,0.2943200025562956,0.411629318884177,0.3097280740595343,0.29087356836036465,0.10878407062679454,0.416477150826003,0.46503489799924225,0.4665577197843582,1.0,0.22436697448725731,-0.11770006436387041,-0.0987579142454135,0.3285579297657794,0.14787439459160895,-0.03205412042890988,-0.06822296375081596,-0.14435492337960532,-0.18416009713923137,-0.11959537493095719,0.11238205663107634,0.014810993896844345,0.08586596794587957,-0.14508985835383695,-0.25156230742193025,0.511444443937243,0.28442987761734995,0.2780637887039125,0.2604655196811934,0.26725978810135714,0.2775963518010472,0.23389100138313848,0.3118114549430083,0.183112015958588,0.33050893105762164,0.012334126089278622,0.04529481848019099,0.18449606741316585,0.30911365016182263,-0.006188974149461124,0.2136414886769801,0.01657483783500025,0.044153615104054925,-0.11160877722340654,-0.1394650951535375,-0.16064035203841748,-0.2517211629318884,-0.033538597780587674,-0.1493132238082413,0.019769294325480333,0.18045438153624233,-0.06014872162397805,0.14349034770184463,-0.12267297219572094,-0.15980499116708588,-0.04403310402753496,-0.030152419122916732,-0.16726572235891302,-0.054895534242948504,0.03453920490078378,0.118936215860901,-0.08798678030009084,-0.08150109327283434,0.008246792077309682,-0.14221493880867497,0.07080756115708893,-0.034937256638380036,0.2141764848197127,-0.03876257035518814,0.05374428827710244,0.070836775963518,-0.09077040357516193,-0.06128627314931048,-0.2530814773562426,-0.2201171331145266,0.031139331802599205,0.1703761862809095,0.2776429128987935,0.2550763008577285,0.10080203773274843,0.4481103954497939,0.24912926182400819,-0.0710732333030534,-0.13338476356548454,0.006574244409244661,0.1965051787809209,0.11672684612470158,0.29062432954301654,0.14647482277111568,0.03764327808387388,-0.19028972871313343,-0.16497144709152908,-0.014513368056348059,-0.008202056904965147,0.09573235585460156,-0.11681631646939064,-0.0034190453149036595,-0.07568734679344676,0.2867551936165648,0.21473065317916437,0.05989856984392903,0.04053371799495132,0.1907096915555515,0.011010330172960783,-0.25699352252963703,-0.09672292038508767,-0.3290308444448502,-0.18402771754759958
#58,0.02854469180661624,-0.0050751596543523216,-0.03894516289536991,0.02656173682024221,0.35689629200199025,0.3040658793884976,0.17506698863817918,0.12349829047734255,-0.054745808359999454,-0.02345948956255392,0.162397805237667,0.14200587035016685,0.22436697448725731,1.0,-0.060600638160927936,-0.10843531887504736,-0.0685260673675177,-0.04798075474626484,-0.09098768869797824,-0.14754572801928179,-0.19070603970474787,-0.002020386457111295,-0.1767705770380751,0.042455504480364455,-0.05168007961034752,0.08894995594954969,-0.21528664746401785,0.005845700173919394,0.0788471107012923,0.23128814472284734,0.05722450209296699,0.26891133762730124,-0.07797157947112071,0.27889275883633774,0.3023403798837799,0.15204937302286514,0.0022915363792812243,0.18010471682179424,-0.1141413357557277,0.14392400498477634,0.23629026736112696,0.11248887326708268,0.09046456107035747,-0.05182889253059566,0.00827144207023422,0.34691213190485104,-0.1544979389867027,-0.07508753029894964,-0.1394440970114166,-0.10964316852834978,-0.03976682932618788,-0.031792100133749036,-0.19164000054777763,0.08428928136140998,-0.3022618650915017,0.009020071484979481,-0.13925237484422573,0.006165237119237494,-0.016470760087096643,0.2554195748332702,-0.1987419373981476,-0.19047414717871702,0.4104050359022582,0.21801640593973534,-0.26043539191206344,-0.21389164045702913,0.5078565005226712,0.3077058616770212,-0.11757590143654681,-0.05375433086681244,-0.004073639571455308,-0.3690651718424044,-0.18572856705939278,-0.2555072192525574,-0.12788416329250868,-0.1295977942821146,-0.252887016300949,-0.132228039823433,-0.07663774096509288,0.28350869825213293,0.057818840811258654,-0.06832612853601866,-0.06707628259847444,0.18760287948435866,0.24667521808396517,-0.07666695577152195,-0.10632272318514427,0.08573724020505143,-0.05600295799915094,-0.008376432780838739,0.04082130124573761,0.1989692651106739,0.16887984041411988,-0.059928697613059016,0.07337937708554917,-0.17364733163826593,-0.12451989573965956,-0.13741092907649258,-0.022850543441047717,-0.1864187668612799,-0.13518786489977952,0.15712909749072201,0.02689496820607394,-0.09744142203070294,-0.004622330154701529,-0.006472905549443777,0.1159462630154245,-0.1780605933344593,-0.0943136118173892,-0.09034952777004296,0.10199071516933175
#101,-0.19486093295658405,0.07210214226697768,-0.15333208561764208,0.28522324220443973,-0.07739002223064177,-0.16286980695403688,0.07417730648614351,-0.14205608329871683,-0.2578371000652768,-0.056704113353448944,-0.10988510364409063,-0.1851433579681102,-0.11770006436387041,-0.060600638160927936,1.0,0.40748629414745263,-0.05897282566520745,-0.2975199368229811,0.6115343707632824,0.07127043324644972,0.495337043005108,0.24293754878644433,0.3912319062204714,0.10090063770444659,0.5126066454554999,0.13643497194922102,0.1032944259062296,-0.14494195839628973,0.07324060675501103,-0.07576951343652855,-0.3043908941100211,-0.2682750026247678,-0.44471143531431023,-0.05931975149155281,0.007141194246509059,-0.034431475302076534,0.031216933632176456,0.018525839126842473,0.23724613930897853,0.01778725230180721,0.19905325767915752,0.10216509104520535,-0.03522757877726906,-0.029267758265736053,-0.1060168806803398,-0.23541838798175901,-0.13543710371712764,-0.22618742211286957,-0.39193214861206843,-0.21126139491571072,-0.32141947440737306,-0.31174298274044016,-0.09987903244212958,-0.3507000141509219,0.24806474731474845,-0.009891037901646528,0.06015237347478169,-0.07069709267027896,-0.07289733277946929,-0.17416315556427941,-0.1416397723071024,-0.4653635645715694,-0.09924726225310065,0.009561458366618432,-0.09541099298388164,0.12468057717501951,-0.24768951964467492,4.1083321540898446e-05,0.09516631898003806,-0.041612839907425585,-0.3496838866648103,-0.1137085914354969,0.112595689903089,-0.05826801846010581,-0.0665157235001164,-0.2132607832307011,-0.164591654607951,-0.09031483518740842,0.07203001821360588,-0.002405656716894831,-0.09705980362172303,-0.24194241944245368,-0.09278166040526414,-0.24668343474827337,0.006098590842071147,-0.26271871162703647,-0.27641771695417383,-0.023829239456422006,-0.07005162804073639,-0.1736655908922841,-0.3250841066888212,-0.19080829152724965,-0.05561768773936741,-0.10496606061159372,-0.11968575823834718,0.19822246162133045,0.25279663299355903,-0.10030629898615492,-0.1822757421245555,-0.25141166857628033,-0.4692190060575075,-0.11234645108574089,-0.1605718798358493,-0.16392427887358663,-0.11666293873563796,-0.23428631423263202,-0.4088210456161814,-0.26009850867542805,-0.23882830366965357,-0.09470344689067728,0.035808223055047085
#102,0.02271998977481775,0.15475082965485445,-0.11302478237251617,0.1967005527989154,0.019991144261801184,0.028189549315962695,-0.04865178233143285,-0.0014589143960523493,-0.1493333089876613,-0.08022385845426284,-0.02707756074625571,-0.13220704168131212,-0.0987579142454135,-0.10843531887504736,0.40748629414745263,1.0,-0.21456358100489806,-0.2117151373780624,0.3771101991628132,0.48020194734944105,0.22203891959993974,0.4917144070079017,0.1011809172536256,0.48099531193653083,0.14437866040982897,0.3790685041562627,-0.26695668448465537,-0.16877211081541263,-0.02772485130120009,0.12081418013667052,-0.22278207123847954,-0.24597406272966718,-0.30925789826856626,-0.1365363108090219,-0.013041672182482984,0.02804256232111637,0.037171276367504,0.23897620362720082,-0.052565653430229106,0.334401804014297,0.35563001273582967,0.2104652914405182,0.11268516024777808,0.2974049035226666,-0.11967480268593626,0.06730726216180438,-0.3014621097655055,-0.30635924169318063,-0.20827235503293512,-0.114749368914533,-0.22363569136382933,-0.1397955876512665,-0.18696471855642338,-0.09479565612346907,0.07793232207498163,0.2686018432716931,-0.09740764241076931,0.2907229295147147,-0.3084736633084855,0.02229728804429695,-0.2677555268479506,-0.3851196209378866,-0.009360606572418485,0.15117475475539446,-0.20174923653494137,-0.042050149041160924,-0.25232371831448824,0.13433333181172882,0.020828331058534603,0.018666435382782436,-0.40094582935814155,-0.03716579859129855,0.1569318975473257,0.058109162950147675,0.0908078350458992,-0.04129421592480839,-0.13507557048756774,-0.22406387087055557,-0.19915824838976204,0.24323973944044516,0.0345519863785965,0.08407929994020094,-0.21141933746296795,-0.1536726207050811,0.03586026192899889,-0.2123012594320459,-0.1655201376747753,-0.005289705889065902,0.10024513048519403,-0.16016287254584213,0.04600784234960081,-0.22433045597922097,0.08477406455559258,-0.20059251279288984,-0.19725106930756345,-0.10847275034578463,0.38412631751929777,-0.3660359616007888,-0.18433264708970315,-0.22577750186016152,-0.37092122501335206,-0.30276582050240336,-0.20682439618929369,-0.17114672680047657,-0.27787389246212346,-0.32057954872253697,-0.3103863201668896,-0.36604326530239606,-0.34488078989532883,-0.2306655041608275,-0.0734843677961537
#201,0.3923320262750665,0.17736674168176858,0.45566424883711376,0.12149798919965125,0.152661970995175,0.20138039960377419,-0.013788475671826428,0.4862110678468231,0.2496140450181908,0.4062081463661802,0.2726462680367194,0.28404004254406184,0.3285579297657794,-0.0685260673675177,-0.05897282566520745,-0.21456358100489806,1.0,0.3682946313228373,-0.1500527235959775,-0.10816690784098015,-0.21783655228765628,-0.274342552735008,0.01253497788347857,-0.21152250224817065,0.13691245144179634,-0.013901683046739126,0.0694435948819311,-0.06803489343442874,0.15628825884318495,0.14537652864192233,0.1885140162598657,-0.019538314762150392,0.3206909301720478,0.13832571770280325,-0.013903508972140943,0.11538387799166465,0.1180387735259076,-0.04524186664353828,0.17252712640425075,-0.12671739696074716,-0.0791666476466104,0.13867994723075588,-0.14133575572769974,-0.09568396883145339,-0.16896018113179986,-0.1219471668484984,0.11381905992230687,-0.004262622850543441,-0.018060228149378958,-0.00188070316387224,0.04708513833667326,-0.08686018432716931,0.1197195378582808,-0.04200450090611548,-0.08690765838761658,-0.11363098960591965,-0.04628173115987346,-0.208023116215587,-0.016796687771321102,-0.08792743772453177,-0.004006993294288962,0.12441490502905504,-0.1679833110418274,-0.23879087219891632,0.22044853857495653,-0.10184555409988724,-0.058184938854323104,-0.33445110400014605,-0.06854341365883497,-0.2878890932910936,0.08962828723632496,0.07639763177475384,0.16745287971259934,0.21697471549799832,0.05650782637275354,0.008035897693399735,-0.10034099156878945,-0.04822908060091205,0.08748099896378733,-0.0139299848904673,0.06665814568145818,0.2063743055777456,0.19004140285848622,0.2691687931089575,0.11583670749131544,-0.04062775315314493,-0.023212076670607623,0.08435866652667905,0.26970378925169014,0.11375423957054234,0.1373095902166917,0.09381513418269297,-0.05517763971752934,-0.11784613839601583,-0.23125527806561463,0.12711636166104434,0.028701721391172563,0.32203755015588836,0.0904463018163393,0.21890563161042056,0.08141983959245346,0.22589253516047603,0.24145124550936473,0.3462694061634112,0.21559157700612142,0.41273765560308034,0.23959793122651973,0.029329839729397855,0.15552867387602878,-0.212310389059055,-0.1386297342822059
