,#10,#11,#12,#13,#17,#18,#26,#49,#50,#51,#52,#53,#54,#58,#101,#102,#201,#202,#301,#302,#401,#402,#501,#502,#601,#602,#701,#702,#801,#802,#901,#902,#1001,#1002,#1101,#1102,#1201,#1202,#1301,#1302,#1401,#1402,#1501,#1502,#1601,#1602,#1701,#1702,#1801,#1802,#1901,#1902,#2001,#2002,#2101,#2102,#2201,#2202,#2301,#2302,#2401,#2402,#2501,#2502,#2601,#2602,#2701,#2702,#2801,#2802,#2901,#2902,#3001,#3002,#3101,#3102,#3201,#3202,#3301,#3302,#3401,#3402,#3455,#3501,#3502,#3601,#3602,#3701,#3702,#3801,#3802,#3901,#3902,#4001,#4002,#4101,#4102,#4201,#4202,#4301,#4302,#4401,#4402,#4501,#4502,#4601,#4602,#4701,#4702,#4801,#4802
#10,1.0,0.08174211542587427,0.23516732323900907,0.19893457252803937,0.0030173417265037636,-0.02460069293868999,0.22295644711435314,0.4375912392099221,-0.17630314013520978,0.4531937717684544,0.3309489790794597,0.1370831754668663,0.06299807821351458,-0.045695609105889975,-0.18889380874344378,-0.30549831786622356,0.37264033377916345,-0.10502266429905006,-0.055317323010768395,-0.25436692883912226,0.017551707924972727,-0.1643433287533038,-0.313377185975067,-0.13596570912095388,-0.1431050774420611,-0.1997105908238119,0.10879685210460727,0.24053006614414768,0.006547768490918303,-0.07110062218408067,-0.02142814755303172,0.1264617674044927,0.36797965919102377,0.16261143850967968,0.23016337467532763,-0.1539300761867374,0.26762132133091704,0.09529869857166985,0.2311795021614392,-0.09920344004345702,-0.008604673456065953,-0.020187431242496588,0.12076853200162507,-0.17369206681061045,-0.0981800088557382,-0.1186997585213656,0.3820821940319628,0.3151611150926429,0.37433296662664844,0.3056863881826108,0.4318532686347099,0.1945843052582087,0.3609635408345392,0.20710924055197724,0.1268862950604153,0.00024376104114266412,0.06490069248220864,-0.08379445557751738,0.2374186892594503,0.1351248704734168,0.17353868907685777,0.11451473750039942,-0.06950385042019108,-0.36023408363651305,0.02051153300131923,0.07666330392071832,-0.21985328689396394,-0.3259468564411801,-0.03913505913715895,-0.08953425207813134,-0.009319523250877586,0.2356639749483035,-0.05643478935668083,0.13893101197350582,0.15342064299963026,0.14260659980736487,0.05302487366878626,0.1265539766372845,-0.2753924598410532,-0.2145581032286926,-0.07659939653165469,0.08971319276750948,-0.00998507305984014,0.018876416803991474,0.010505461799358188,0.0009266571414224872,0.03400329579535028,0.11833092159019844,0.09373935827851754,-0.05898652010572108,-0.055423226684073824,0.2721222274463977,-0.3179027420834722,0.1720158672917418,-0.23771540213724568,0.18692820004838703,-0.15600615336860413,0.3670703483409185,0.21664239707486752,0.36833936649518184,0.3565475402502431,-0.09721592024357845,0.0686191895630104,0.08923480031223324,0.3476142002218499,0.3956880771636075,0.22274098791693867,0.21429516997083084,0.13589358506758206,-0.07131060360528971,-0.034782965941926446
#11,0.08174211542587427,1.0,0.1336887801448872,0.021823460402525256,0.09384161010101932,0.018052924447771686,0.18941784933376546,-0.04279512660510255,0.04582616277211995,0.00805780879822155,0.01988158873769212,0.18313666595151254,0.28523237183144884,0.10687597858189504,0.04869103972757193,-0.27685137423710554,0.019790292467601237,0.04644606444603706,0.048160608398343886,-0.2051427188942196,0.018524013201440655,-0.19460256451222685,0.0089086900354686,-0.2074762515577426,0.07661582986027106,-0.2572235891302661,-0.005341744763017707,-0.13094989204216062,0.2179817133571008,0.03067919860134114,0.03647742471481328,0.07624699292910388,-0.13907982489375398,-0.03506324549110546,-0.1117804142111774,0.12801562992143956,0.12047820986273605,-0.06591408108021747,-0.12753632450346242,-0.16063943907571657,0.17874988017364551,0.17407368521959035,0.032484125861037945,0.1254319454778675,-0.18474165437971032,-0.09773357009499377,0.0669694659624681,0.02285693417995408,-0.06867670621316765,0.018189868852908013,0.016700826687725673,-0.07350354001287278,-0.04871203786969283,-0.08424545915176636,-0.04451697425901665,-0.21422669776826267,0.03323914601468957,-0.21137916710412796,0.09812614405638458,-0.19780067285351058,0.1477529705523881,0.25694148365568525,0.0895406428170377,0.04244272300255173,-0.12720400608033158,0.07551388388027407,0.14715315405789098,0.16362482710768853,0.18447050445754037,-0.1433013644227565,0.14540117863484686,0.22034537378975383,0.05633984123578631,0.1073160266037331,0.09682882405839309,0.1895840085453309,0.09199742544518344,0.13106401237977422,-0.06608663103068924,-0.12742220416584882,-0.08161795249855067,0.17022828632336226,0.032607375825660645,0.18085060734843678,0.34366837542852186,0.059490475516622766,0.12246390373721282,0.18195164036573286,0.06904554314433484,0.26996489658415007,0.182190836593371,0.049020619262600026,-0.08786170441006633,0.16477059529732913,-0.08400808884953005,0.03355868296000767,-0.1727599318929825,0.02250544354010417,0.03718497080801764,0.2136405757142792,0.0975920608763529,-0.0279731771558473,0.03807602240410468,0.09241738828760152,0.2173325968767546,-0.04541715548211278,0.2261079943578905,0.19346136113609078,0.02667311826975309,-0.0012681051915623988,-0.02735144955652837
#12,0.23516732323900907,0.1336887801448872,1.0,0.42569624817978063,0.13400557820210254,0.4494606672844381,0.2341703679696166,-0.25315451437231534,-0.16596201162201518,0.4063615240999329,0.08831635983511893,0.049087265539766375,0.38501919504078663,0.19336276116439263,-0.36768203335052746,-0.2643401333838506,0.3153062761620874,0.42271177311050956,-0.3316099640749177,-0.09954580105629784,-0.18362510099649879,0.08775762666216272,-0.01977842395248942,0.14964736815677396,-0.053120734752381694,0.07478260075684608,0.06564201819534662,0.37914701894854086,0.07596580041722395,0.12792981142755414,0.1919887522995248,0.21841171878922885,0.16816499061930826,0.2868921380217011,0.018652740942268802,-0.1333409413558409,0.03533439541327539,0.005980818653653905,0.008071503238735182,0.3154486983434292,-0.008683188248344114,0.06595242551365564,0.14875083878448145,-0.11850894931687565,-0.07879872367814413,0.00788069403424523,0.35867839519416433,0.4077054051956707,0.22284323973944045,0.34999885879662385,0.22577111112125514,0.27689154459594556,0.2513769759936458,0.3082052522744183,0.062498687616117446,0.14878096655361145,-0.2879009618062054,-0.18901249389456193,0.3359867072630748,-0.012687442654530348,0.01487033647240342,0.07299958460197109,0.18868108843413203,0.1804717278275596,0.07001876138350367,0.11830353270917117,0.13479894278919236,0.05223698685790192,-0.10767847279599392,0.1471568059086946,0.13811025850538877,0.152531417328945,-0.3735642520324832,0.023936056092428343,-0.23443421419017926,0.012547759361291294,-0.04983315606640891,0.16329159572185678,0.05054070215961327,0.10106862284141381,-0.1775018601615031,0.2828577558463849,0.017776296749396302,-0.12317784056932354,0.09278531225606777,-0.0029141769413010632,0.2031442435419301,0.12695476726298346,0.12446511797760502,-0.011385557843034322,0.14656429311580477,0.17901007454340453,-0.10202358182656447,0.11471376336919756,-0.2348395696293828,0.44838428426006655,0.19434145717976692,0.3290071074146266,0.537437404994819,0.3378391085832188,0.40822122912168424,0.21827386142139163,0.36878763118132807,0.16460808793656734,0.2912615775082509,0.2228587601053559,0.3260098508675428,-0.0404287272843468,0.1007992988446457,-0.10813678007185017,-0.20037705359547536
#13,0.19893457252803937,0.021823460402525256,0.42569624817978063,1.0,0.03743603555076758,0.28968123907297766,0.1275865374520124,-0.2303961801640594,-0.16667960030492954,0.3782349692103329,0.13026060520297444,0.020384631185892902,0.2026494177580375,0.051138692728708565,-0.20528422811286046,-0.20902098444768039,0.2779706665084198,0.055261632286012954,0.039824345976345134,-0.05466729356772129,-0.27673999278759465,-0.11784157358251128,-0.01904622786636052,0.24169409358780647,0.08012343255716288,0.020652129257259195,0.0281484659944218,0.15884546736843067,0.14785978718839443,0.07958387160092574,0.07982124190316205,0.11158777908128563,0.13305518403045644,0.3915715283452095,0.33080016615921154,0.024854496569542653,0.2241889467605801,0.05019195040786609,0.1676135611479593,0.24125587149137023,0.2090931085010522,0.31656799061474344,0.1409915687894571,-0.11673688871441157,0.10328986109272506,-0.14406825309151994,0.25968676249731815,0.30782363386543843,0.08266055590298858,0.28930053362669866,0.08421441841993545,0.06298986154920641,0.09375579160713389,-0.008393779072156007,0.02261408610151232,-0.16927789215171615,-0.08871532453541611,-0.19101644702305687,0.34633696540327846,-0.02433684671812733,0.1267721747228017,0.07860061077204691,0.24381764483012047,0.0032747972081600607,0.008897734483057695,0.17608129019888893,0.012572409354215833,-0.10520434387653092,0.16474868419250732,0.21639498418292122,0.023639343214632968,0.23916518690628893,-0.30668060456390056,-0.005935170518608463,-0.087033647240342,-0.08565781245007235,0.0310151688752756,0.01910922229272323,0.051301200089470346,-0.015370640032501472,-0.16841149054855364,0.2115672374205152,-0.31311333975450434,-0.15986342077994403,0.03329574970214592,0.16746657415311297,0.07570560604746493,0.19272642616185914,0.14720610589454367,0.08930783732830595,0.12534430105858024,0.3292289573509474,-0.15414553538415188,0.20337704903066187,-0.11020007577590417,0.15745046036144195,0.006536812938507397,0.09155463853524265,0.13355183573975085,0.19480159038102499,0.17127728046670654,-0.07321595676208649,0.051850803635417476,-0.045990496058283536,0.2671036714795017,0.2427385229176462,0.32091278010836866,-0.03444060492908562,0.07879963664084504,-0.07626433922042115,-0.05225707203732192
#17,0.0030173417265037636,0.09384161010101932,0.13400557820210254,0.03743603555076758,1.0,0.27208479597566043,0.09898250306983708,-0.15429617422980185,0.2184354558194525,0.053779893822437884,0.03643268954246874,0.5289833703844029,0.24481551306221383,-0.01704775251407104,-0.04926711919184542,-0.2686401877051313,-0.10069522109674209,-0.1455262545248714,0.03209885560125441,-0.2275605180150365,-0.13678281073826729,-0.3067892471253087,-0.07232946997950399,0.16053536132781296,-0.12650193776333268,-0.015713001045342293,-0.1752121497076237,-0.26031122898473985,0.08190827463743969,0.2825373059383659,0.02937274897634057,0.20715032387351814,-0.08184254132297425,0.13264617674044926,0.24805653065044028,0.1400420875805119,0.1393619303683348,0.16259774406916605,0.0098572582817129,0.09474179132411545,0.39189015232782665,0.2682768285501696,0.24092994380714575,0.21257514824231857,0.2720418867287177,0.13283698594493923,-0.10030721194885583,-0.07026434835004816,-0.13397453747027166,-0.16596109865931427,-0.12112823930578316,-0.16410048067486202,-0.2825902577750186,-0.14466806958601705,-0.08791191735861631,-0.2936298027544085,-0.19769659510560697,-0.3268242135967535,0.01686242108578654,-0.15966256898574407,0.23533256948787357,0.22779332350376824,0.2147954735309289,0.1631163068832823,-0.1637069937507703,-0.1279781984507023,0.19074347117548512,-0.005359091054334975,-0.006293051897364733,-0.10893288354704268,-0.1848731210086412,-0.11710755157098057,-0.2534411846604007,-0.22332802293362305,-0.24239616190480537,-0.2818909283461224,-0.0763419410499984,-0.16205087941132165,0.12835799093428038,0.21817160959888984,0.34134579831740974,0.3075533969059694,0.06201299145923393,0.29474818206302184,0.3969872230870008,0.22484262805443084,0.1608822871541583,0.4441198354841213,0.30032181935207036,0.4097632231235193,0.3808451295722313,0.2194041092451168,0.190905065573546,0.09477648390674999,0.13940940442878205,-0.023362715516257584,0.07333190302510191,-0.15626086996215768,0.08523602368225246,-0.027607992075483756,0.00473371160421241,-0.013003327749044813,0.279991965928232,-0.09586564840893426,0.053474964280334325,-0.29991737687556774,0.004511861667891559,0.03648198952831782,0.17035792702689131,-0.0023481400667375732,-0.06862649326461767
#18,-0.02460069293868999,0.018052924447771686,0.4494606672844381,0.28968123907297766,0.27208479597566043,1.0,0.07851661820356329,-0.2107346154372863,-0.06216271734218298,0.19875015406245577,-0.10916386311037263,0.20075410719095071,0.29706071658442396,-0.0036573285798408707,-0.40099604230669156,-0.216837771092862,0.16929889029383705,0.2901815426330757,-0.2996663121328178,-0.06137300460589683,-0.24394637257094862,0.04709061611287871,0.04434807615934851,0.12110267635015771,-0.09319705843417767,-0.008244053189206955,-0.14672223566306197,0.05896460900089927,0.03350116630985041,0.25378719752404516,0.20321362870719917,0.11039271090579594,0.04199902312991003,0.13403479300853163,0.009156102927414901,0.08086293234489905,-0.10170495784394729,-0.16882414968936443,-0.03669744872573231,-0.06834621371543866,0.20092483121602067,0.1861823095217445,0.20101795341151338,-0.045784166487878135,0.2280042178876782,-0.043887029995389536,-0.0625762894456947,0.07850748857655421,-0.1290390611091584,0.03538917317532992,-0.05510368973875572,0.25125098714092037,-0.025672511149556983,0.23597164337850976,-0.07068248526706442,-0.11456129859814577,-0.27727316300492544,-0.15506306289856528,0.024088520863480123,-0.04832950649801202,0.031258016953717355,0.10381298872034583,0.11463159672611575,0.19271912246025188,-0.05422085480697686,-0.06602181067892471,0.11510725029328926,-0.019311900012324995,-0.1608822871541583,-0.023024919316921307,0.13293649887933828,-0.08557564580699055,-0.24981946162589527,-0.1122241140838191,-0.3238433903782861,-0.11162612351472381,-0.114749368914533,0.049446972843924464,0.17613698092364435,0.3871345296187924,-0.07127317213455245,0.39470755522283135,0.01571573993344502,0.15550493684580516,0.28917180588587055,0.11510268547978472,0.18863909214989022,0.30380385909333674,0.12040608580936425,0.1630040124710705,0.21179456513304148,0.11868149926734743,0.17391665563503403,0.04376743188157048,0.09878256423833805,0.24743297712571952,0.11774388657351403,0.2078158736824807,0.25886966088000474,0.1017268689487691,0.1697590234950951,0.2636490206192626,0.3368476310900318,0.06854889143504042,0.03446616788471107,0.009842650878498359,0.15870213222438798,-0.09000168898099668,0.09366997311324846,-0.03052308197948573,-0.24529847033099464
#26,0.22295644711435314,0.18941784933376546,0.2341703679696166,0.1275865374520124,0.09898250306983708,0.07851661820356329,1.0,0.1095427426312498,0.014660355051194384,0.38488590248645393,0.28213834123806875,-0.08185167094998334,0.1874832813705396,0.07909726248134133,0.047794510355279436,-0.11078163301638312,-0.056820972579165276,0.07422569350929167,-0.07678837981074284,-0.15547024426317063,0.006616240693486468,-0.0656812755914857,-0.011636622585784257,0.06893416169482396,-0.07958387160092574,-0.08853638384603797,-0.006077592699950243,0.025622298201006997,0.08798860622549266,0.07517426175553597,-0.049595785764172604,0.20064455166684164,0.1315652289025732,0.2883830061122853,-0.15734181780003378,-0.07662495948728015,0.0425632340790717,-0.07333829376400827,-0.02191658259801796,0.10201353923685448,0.05790100745434045,0.06660701977020729,0.04759548448648131,0.05813837775657676,-0.13103753646144786,-0.09460393395627821,0.09036139628515477,0.0027425399535301984,0.08484344972086165,0.005720624283894881,0.016396810108323025,-0.04882889709540917,-0.08272355032935129,0.027795149429170073,0.008914167811674053,-0.030527646792990273,-0.12841459462173674,-0.14983361254775937,0.10787475977668932,-0.07897583844212044,0.16562969319888435,0.1857203503950846,-0.03730365595913579,0.16580315611205704,0.08063651759507365,-0.08575002168286415,0.21285086297799302,0.23004468952420948,0.15444133529924636,0.0888787448588788,0.19757060625288153,0.16858495346172633,-0.005319833658195894,-0.11225971962915456,0.05917185153400558,0.13424842628054431,0.020837460685543693,0.18932198825017005,0.14011695052198642,0.022221512140121514,0.08708842500239652,0.22255291760055143,-0.1059328881118562,-0.07467304523273702,0.1766254159686306,0.07554675053750678,0.1439806086722327,-0.01306906106351025,0.01714178767226465,0.012122318742667768,0.06518097203138766,-0.053163643999324404,-0.0036993248640826777,0.0669174270885163,-0.006232796359104749,0.09753454422619563,0.04927168400534996,0.0668462159978454,0.15550128499500154,0.08103913414617446,0.07307079569264198,0.038437555633664584,0.17987830207196884,-0.22152400863662716,0.268442987761735,0.045175220366371935,0.11190275121309919,0.17427910182729484,0.16116347966603825,-0.07190037751007683,0.03440226049564745
#49,0.4375912392099221,-0.04279512660510255,-0.25315451437231534,-0.2303961801640594,-0.15429617422980185,-0.2107346154372863,0.1095427426312498,1.0,0.07691071681266462,0.09018793337198208,0.25190101658396746,-0.13947878959405113,-0.34313246632308836,-0.017486887573208196,-0.12731356160444066,-0.0027607992075483756,0.09145969041434812,-0.18124957204873396,-0.011181054198030739,-0.11080628300930766,0.05945578293398823,-0.0955506762771207,-0.31975696932901804,-0.09142043301820904,-0.1342803799750761,-0.18402589162219776,-0.01727781911470007,0.01757818384329908,-0.030797883752459294,-0.027461918043338338,-0.1889568031698065,-0.04035477730557318,0.1598506393021313,-0.08262951517115769,0.05546431000561472,-0.06203946737756029,0.07479812112276153,0.06661706235991728,0.11952507680298721,-0.28753303783773915,0.020868501417374594,-0.18584999109861366,0.01481373278494707,-0.15488594813458897,-0.03647742471481328,0.013698092364436452,0.005717885395792155,-0.07588272081144125,0.18075474626484134,0.0695677578092547,0.3681056480437492,0.09503211346300447,0.24598958309558264,0.15131261212323172,0.03702520233535859,0.0812509414927853,0.18560714302017192,0.005143631856920485,-0.04947253579954991,0.030699283780761137,-0.05446826769892316,0.050201992997576085,-0.1221626260459129,-0.30460635330743563,0.0208694143800755,-0.07553305609699315,-0.2718191238296959,-0.12474722345218586,-0.2054120428909877,-0.21319504991623567,-0.16733145567337845,-0.13516047601875225,0.27046976495775266,0.14435583634230623,0.25761251124085327,0.1655310932271862,0.05894817567228291,0.046583921813874295,-0.20958428243414115,-0.1545171112034218,0.03753372255976482,0.11871345296187924,-0.22313082299022674,-0.014461329182396253,-0.03686999867620409,-0.039714790452236075,-0.14989478104872025,0.05514386009759571,-0.0003021906540008308,-0.008982640014242219,-0.09639060196195684,-0.010897122798048086,-0.11173385311343105,-0.08242135967535047,-0.20190352723139496,-0.12269305737514094,-0.14385461981950728,0.15530408505160523,-0.08799773585250174,0.04720108459968868,0.1388780601368531,-0.1467030634463429,0.01169048738513788,-0.13113522347044512,0.025433314921918866,0.1761826290586898,-0.008191101352554242,0.15718570117817837,-0.10535133087137726,-0.018619874285036087,-0.06910305979449209
#50,-0.17630314013520978,0.04582616277211995,-0.16596201162201518,-0.16667960030492954,0.2184354558194525,-0.06216271734218298,0.014660355051194384,0.07691071681266462,1.0,-0.06731091401260801,0.10538876234211451,0.15576147936476056,0.03933864981946163,0.0674122528724089,0.28508903668740615,-0.0530385681092999,-0.05577015251041919,-0.10978741663509338,0.12207680755202746,-0.08636718446867853,0.033877306942624856,-0.04615482934444713,0.16167930359205174,0.021128695787133618,-0.06404159458065341,-0.17640447899501066,0.04629359967498528,-0.16626420227601602,0.07771777584026805,0.06688547339398448,0.07488120072854423,0.11424358757822949,-0.33726485504434717,-0.0009366997311324846,-0.0971693591458321,-0.013966503398503654,-0.15565648865415604,-0.04648258295407341,-0.1112645902851639,-0.2405839309435013,-0.12461575682325499,-0.09544203371571254,0.03170536867716269,0.19558034756490023,0.006850872107620043,0.15699580493638932,-0.10085864142020477,-0.1744699110317848,0.012373383485417703,-0.26119680280462143,0.03343725892078679,-0.13987501540624558,-0.10015383421510314,-0.052582999721546377,-0.10731785252913492,-0.07555588016451588,-0.003835356306518097,-0.12876060748538118,-0.17289870222352066,-0.10787202088858659,-0.13021221817982626,-0.03799111687292016,0.16053992614131748,0.27242167921229576,-0.09444690437172189,-0.09685347405131764,0.4143316884788672,0.22334902107574395,0.13024052002355443,0.010857865401909006,0.15622709034222407,0.07868095148972688,0.0670918029643899,0.1756978458645072,-0.15156550279138345,-0.10723568588605313,-0.03516732323900907,0.0010818608005769925,0.317153199706026,-0.04365148561855505,0.1561704866547677,0.028618641785389858,0.12584734350678103,0.24511952964161648,0.25174672588751384,-0.07287450871194658,0.04135173257496565,0.15828673419547445,-0.1166364628173116,0.08965476315465132,0.05357812906553703,-0.02061652371192375,0.06700963632130809,-0.1506826678596046,0.025408664928994327,0.004636024595215163,-0.07648071138053655,-0.2570802539862234,0.003855441485938092,-0.20649390369156467,0.01216887984041412,-0.05747465387301602,0.07604157632139939,-0.08744995823195643,-0.04453340758763301,-0.2994207251662733,-0.03483135296507461,-0.06271779866433556,-0.03723974857007217,-0.29126614232175546,-0.19139076173042952
#51,0.4531937717684544,0.00805780879822155,0.4063615240999329,0.3782349692103329,0.053779893822437884,0.19875015406245577,0.38488590248645393,0.09018793337198208,-0.06731091401260801,1.0,0.39304139829367274,0.10800348751751747,0.1363738034482601,-0.004848744904526926,-0.19420999055083604,-0.19431954607494512,0.33818877329766694,0.016421460101247565,-0.09062889435652106,-0.0017328032063250057,-0.04632372744411527,-0.02552461119200975,-0.17665280484965787,0.08483066824304893,-0.09235165497313608,-0.11111486440221485,-0.04879968228898009,0.11931509538177817,0.14643191352417298,0.04376286706806593,0.2578343611771741,0.09981695097846778,0.21671178224013657,0.2409463771357621,0.09736473316382659,-0.2232924173882876,0.14462607330177527,-0.1049341069170619,0.283898533325421,0.09901719565247162,-0.0005066942990044141,0.0874673045232737,0.1676354722527811,-0.0976952256615556,0.05038184664965513,-0.08451478314853447,0.10772229500563754,0.1293211665837392,0.26158207306440495,0.18129430722107848,0.12914952959596834,0.13929619705386936,0.22177872523018072,0.20994764158910287,0.041999936092610934,0.0411088844965239,-0.04067431425089128,0.008362738340325106,0.3086316058557428,-0.03848137784330821,0.09080509615779647,0.04454436314004391,0.086983434291792,0.0822917189718214,0.13068604582159796,0.043576622677080526,0.07037025202335359,-0.05765176863699233,0.05454769545390223,0.022022486271323385,0.1430740367102302,0.19879123738399668,-0.1063565028050779,-0.003950389606832613,0.046788425458877875,0.10321225926314781,0.17063638065066852,0.20653133516230193,0.08958994280288679,-0.07065235749793443,0.007550201536516226,0.21345067947249016,-0.008833827093994075,-0.05961555140664728,0.055134730470586625,0.09078227209027376,0.02512108167820804,0.16437254355973285,0.02339010439728485,0.035585460156025324,0.12544929176918476,0.16135154998242546,-0.1615104054923836,0.08672597881013572,-0.2607129325731397,0.15451985009152452,-0.060759493670886074,0.2651544961130613,0.19691144718282536,0.3190713343406355,0.3157700612141491,0.025249809419036186,0.026097038805479603,-0.022321025074520582,0.15822100088100902,0.19062204713626424,0.17434483514176027,0.027105862589983886,0.14694591152478464,-0.05197953137624562,-0.14301560709737204
#52,0.3309489790794597,0.01988158873769212,0.08831635983511893,0.13026060520297444,0.03643268954246874,-0.10916386311037263,0.28213834123806875,0.25190101658396746,0.10538876234211451,0.39304139829367274,1.0,-0.05366394755942246,-0.06099686397312238,-0.17758950458079034,-0.01861804835963427,-0.04274582661925347,0.12913948700625835,0.017863028205982644,-0.11238936033268361,-0.06994298547932824,0.08888330967238334,0.11644839250092437,-0.18921151976336006,-0.024876407674364463,-0.018899240871514195,-0.02778875869026371,0.1383101973368878,0.14193374629679503,-0.049159389593138175,-0.20591782422729119,-0.13548731666567762,0.10898400945829358,0.1427946701237521,0.13665317003473823,-0.15158284908270073,-0.1829449437843217,0.06276801161288556,-0.09478561353375908,0.1464775616592184,0.17132384156445288,-0.18012845385201787,0.11645204435172801,-0.02393788201783016,-0.009389821378847567,-0.054728462068682183,-0.051445448196213946,0.26584195702684565,0.18570483002916915,0.23030762278207123,0.12579530463282923,0.16892640151186622,0.05037271702264604,0.1512176640023372,0.22179881040960073,0.045724823912319065,0.12593863977687192,0.045124094455121035,0.05039736701557058,0.1411769002177416,0.019337462967950445,0.0210857865401909,0.05480423797285762,-0.1292170888358356,-0.03743694851346848,0.19070603970474787,0.026451268333432237,0.0003706628565689949,-0.004807661582986027,-0.0014990847548923389,0.030663678235425693,0.06344542993695992,0.15490603331400896,0.07263074767080391,-0.010995722769746242,0.13882328237479857,0.2654667293567721,0.12933486102425285,0.27933828463438126,0.013215135095655667,-0.12910662034902565,-0.08618002711499222,0.09986990281512048,-0.011353604148502512,-0.13565164995184123,-0.015920243578448602,-0.04407510031177676,0.019744644332555794,0.028214199308887234,-0.130885984653097,-0.1817708737509529,0.12064893388780601,-0.17656516043037063,-0.17467350171408746,0.0931386288213195,-0.13988870984675922,0.12748519859221152,-0.028094601195068177,0.09007290007166757,0.21507118826660337,0.14725449291769185,0.22093788658264366,0.04421843545581945,-0.06100142878662692,-0.001836880954228615,0.25791835374565775,0.12142586514627945,0.26015146051208077,0.012892859262234841,0.1194209990550836,-0.1879278942058822,-0.10719368960181132
#53,0.1370831754668663,0.18313666595151254,0.049087265539766375,0.020384631185892902,0.5289833703844029,0.20075410719095071,-0.08185167094998334,-0.13947878959405113,0.15576147936476056,0.10800348751751747,-0.05366394755942246,1.0,0.36561873764647346,-0.17382718529034497,0.09844659396440358,-0.3631327402118986,0.14258560166524398,-0.2111043653311544,0.23487700110012005,-0.25292170888358356,-0.009032852962792205,-0.44151789178653106,0.10565899930158354,-0.02866520288313621,0.07508661733624873,-0.156127577407825,-0.023862106113654726,-0.2839852647820073,0.20571788539579217,0.21587550840610406,0.2775260536730772,0.2827920225319195,-0.06190069704702214,0.10785467459726933,0.37212359689044905,0.20248691039727573,0.2552378952557893,-0.0027626251329501933,0.13684032738842455,-0.21724495245746736,0.31585131489453,0.25003674674871157,0.30217695956031715,0.20523036331350683,0.2253639297566498,-0.01581981768134863,0.005751665015725782,0.10028530084403402,-0.04752427339581041,-0.07289094204056293,-0.045163351851260115,-0.11798856057735761,-0.1518357397508525,-0.20809980508246337,0.003637243400420876,-0.3262956081929273,0.05779145193023139,-0.2942825710855583,0.01606631761059402,-0.12290212583364907,0.2405647587267822,0.2328803516732324,0.06882004135721036,-0.1486513258500824,-0.3564726773087685,-0.11296087498345254,0.2465638366344543,-0.16055453354453203,0.2299113969698768,-0.1864525464812135,-0.010297306303550968,0.02378815613488111,-0.15494437774744713,0.03371571254456399,-0.030785102274646568,-0.2188262038554415,0.0130224999657639,-0.13735249946363443,-0.04598136643127445,-0.05778871304212867,0.3055257067472508,0.13759443457937526,0.38550854304847376,0.6175708801416918,0.46661249754641276,0.1468792652476183,0.03057055603993299,0.481134082267069,0.18784937941360405,0.45553825998438835,0.27358022887974914,0.36294649582091326,-0.005606503946281274,0.09357685091775575,0.04767399927875947,-0.014828340188161612,-0.14913245719346135,0.08052148429475914,0.07333007709970009,0.014210264439646318,0.09813618664609457,0.04969347277316985,0.24113444745214935,0.2247148132763036,0.11367937662906782,-0.07593019487188851,0.06293964860065641,0.08666481030917482,0.21386333861330095,-0.15822282680641084,-0.10786745607508205
#54,0.06299807821351458,0.28523237183144884,0.38501919504078663,0.2026494177580375,0.24481551306221383,0.29706071658442396,0.1874832813705396,-0.34313246632308836,0.03933864981946163,0.1363738034482601,-0.06099686397312238,0.36561873764647346,1.0,0.22273185828992956,0.002915089904001972,-0.317864397650034,0.18495254876362027,-0.0446046186783039,-0.026313410965595002,-0.19441814604664326,-0.11889787142746283,-0.20814819210561153,-0.06036418082139254,-0.04472786864292659,-0.18663148717059164,-0.07053458530951719,0.044032191064834046,0.08490096637101892,0.07052271679440536,0.1256583602276929,0.10874846508145909,0.21581160101704044,0.06082705291075333,0.21256236676450582,0.06712284369622079,0.022977445256474046,0.052727247828289976,0.015914765802243148,0.04135538442576928,0.05856016652439665,0.043703524492506855,0.07377012512153816,0.15464766486965176,0.07657292061332835,0.12745689674848334,-0.12734642826167336,0.2320659889440217,0.25498043977413304,0.11696878124044242,0.016667047067792047,-0.030855400402616553,0.0846416849639608,-0.018927542715242367,0.025711768545696064,-0.03821387977194192,-0.1240716310535133,-0.1928012891033337,-0.3046602181067892,0.18869295694924385,-0.13626789977495468,0.018901066796916013,0.14871614620184692,0.3580228879749118,0.26182035632934214,-0.1348674149917605,0.014539843974674414,0.3914720154108104,0.23290956647966146,0.133630350532029,0.030429959783993026,0.18580434296356824,0.15105150479077178,-0.2442951243226958,0.025448835287834315,-0.17372036865433862,-0.15059319751491554,-0.02444822816763821,-0.04888915263366915,0.11708837935426149,-0.05381184751696969,-0.001623247682215943,0.15841089712279804,0.3152359780341174,0.3165250813678007,0.287924698836429,0.0517293795961966,0.18186034409564197,0.15605180150364956,0.17934330592923625,0.1218540446530057,0.3483226592777552,0.27618217257733935,0.06467701662048597,0.0241168227072083,0.08269433552292221,0.25894269789607743,0.017599181985419987,0.23808880388191742,0.35269848950321137,0.14526606015511237,0.24296858951827524,0.01808122629149986,0.19067591193561786,0.21883350755704875,0.15572039604321966,-0.021217253169121774,0.21030278407975642,-0.019226081518439565,-0.0010791219124742658,-0.08798130252388539,-0.0018971364924885994
#58,-0.045695609105889975,0.10687597858189504,0.19336276116439263,0.051138692728708565,-0.01704775251407104,-0.0036573285798408707,0.07909726248134133,-0.017486887573208196,0.0674122528724089,-0.004848744904526926,-0.17758950458079034,-0.17382718529034497,0.22273185828992956,1.0,0.04878872673656918,-0.14358438286003825,0.09026279631345661,0.25773667416817686,-0.03472362336636737,-0.17489717757581014,-0.02514116685762803,-0.05406291225971963,-0.13014739782806173,-0.23954863124067066,-0.19648052878799638,-0.2211971679897018,-0.08307777985730393,0.022898930464195884,0.1967325064934472,-0.061436911994960444,0.17465341653466748,0.1118927086233892,-0.14382905686388184,0.20917253625603127,0.11064194972314406,-0.07529385986935504,0.12527126404250755,0.25802517038166406,0.06090374177762967,0.11839391601656114,0.04092903084444485,-0.17279736336371979,0.16260048295726878,-0.24677564398106516,0.0501316948696061,-0.06825126559454414,0.06412741307453884,0.04697010503635874,0.014911419793944319,0.006817092487686416,0.12080139865885779,0.07193233120460864,0.03880091478862631,0.08702451761333291,-0.041162749295877515,-0.06935229861184021,-0.07324608453121648,-0.39519051249161213,0.2556469025457965,-0.1398257154203965,-0.22164543267584802,-0.0654849886107903,0.3222237945468738,0.22263873609443685,-0.13895657492913127,0.04869012676487102,0.28426737025658816,0.2409116845531276,0.047650262248535837,0.10581237703533622,0.1444060492908562,0.05233649979230098,-0.08022111956616013,0.018604353919120634,-0.027757717958432807,-0.011554455942702461,-0.17520028119251188,-0.1910922229272323,0.13179803439130494,-0.15713274934152566,-0.19024408057808798,-0.13828098253045873,-0.10316935001620509,-0.06938881711987657,-0.0682384841167314,0.04503918892393651,0.23516458435090634,-0.22843604924520808,0.02921571939178425,0.08552178100763694,-0.0593498792606828,0.1881323978508858,-0.0966854889143504,0.08704368983005199,0.040019719994339634,0.29895876603961347,-0.11960176566986355,-0.08115964522269442,0.138929186048104,0.08491739969963527,0.06680695860170632,-0.02362930062492297,0.11153391428193202,-0.050862065030333185,0.11232453998091908,-0.13606887390615657,0.2950019856938745,-0.00501307819069052,-0.15446324640406817,-0.020295160841203832,-0.023187426677683084
#101,-0.18889380874344378,0.04869103972757193,-0.36768203335052746,-0.20528422811286046,-0.04926711919184542,-0.40099604230669156,0.047794510355279436,-0.12731356160444066,0.28508903668740615,-0.19420999055083604,-0.01861804835963427,0.09844659396440358,0.002915089904001972,0.04878872673656918,1.0,0.18287008084284717,-0.10623873061666066,-0.34361268470376644,0.428577558463849,-0.064907083221115,0.4067623147256319,-0.05378445863594243,0.36936005879479794,-0.143196373712152,0.2803014602838401,-0.13677002926045456,0.3369179292180018,-0.19745739887796884,0.03063263750359479,-0.041596406578809225,-0.17278549484860797,0.1282557391117786,-0.3939890535772161,0.035797267502636176,-0.04319774315620335,-0.03439495679404018,0.0774457129553972,-0.08525428293627065,-0.014244957022280855,-0.05137058525473942,-0.06138396015830773,-0.22848717515645897,-0.18548754490635286,0.16840236092154456,-0.07320317528427377,0.06630026430270192,-0.13000588860942086,-0.0884049172171071,-0.1685301756996718,-0.4239470116448393,-0.16156427029173723,-0.36840236092154455,-0.23089648372415744,-0.3720669932029927,0.14978522552461118,-0.013848731210086411,0.23556720090200714,-0.18035030378833872,-0.263764966882278,-0.19220421149693928,-0.141753892644716,-0.11191005491470646,0.06994663733013187,0.11742434962819594,-0.21587733433150588,-0.256693157801038,0.2977070941766674,0.29918791967754155,0.48158873769212157,0.028963741686333404,0.11923658058950001,0.14764797984178357,0.1909972748063378,-0.03016885245153309,0.022428754673227826,-0.23049478013575755,-0.1697763697864124,-0.3372182939466008,0.3762054531262125,-0.3052645994147909,0.15347176891088116,-0.2446027927529021,0.2375738929186048,0.1776862786270867,0.04765391409933947,-0.1829038604627808,-0.13235676756426115,-0.11818028274454848,-0.27444845640831345,-0.01910374451651778,-0.104161740472093,-0.17902103009581544,-0.059794492096025414,-0.33768481788676524,0.11862398261719018,-0.13155062149935864,-0.29883277718688805,-0.33820155477547964,-0.04672360510711335,-0.31982635449428715,-0.32599341753892647,-0.3293942035998119,-0.036712969091647764,-0.15950188755038414,0.075774991212734,-0.25691957255086345,-0.19586610489028472,-0.12200377053595475,-0.167716725933162,-0.23954680531526884,-0.030557774562120263
#102,-0.30549831786622356,-0.27685137423710554,-0.2643401333838506,-0.20902098444768039,-0.2686401877051313,-0.216837771092862,-0.11078163301638312,-0.0027607992075483756,-0.0530385681092999,-0.19431954607494512,-0.04274582661925347,-0.3631327402118986,-0.317864397650034,-0.14358438286003825,0.18287008084284717,1.0,-0.11587231303665088,-0.1482377537465707,0.09295055850493228,0.590804639676446,-0.012904727777346657,0.3897410381298872,0.17832261362962015,0.23731095966074306,-0.024690163283379057,0.36967776981471423,-0.05625310977919997,0.02727019587614748,-0.3858372096208009,-0.2616605878566831,-0.1256081472791429,-0.35843280822761986,-0.07636750400562385,-0.16198788498495895,-0.25944391441887643,-0.1779053896753048,-0.2667019678911018,-0.13897300825774764,-0.3010649709906102,0.07090342224068436,-0.29246212345994604,-0.18884998653380017,-0.16611265046766516,0.15365801330186654,-0.013521890563161042,0.4237552894776484,-0.2103119137067655,-0.1382709399407487,-0.23194912971830536,-0.19570542345492475,-0.26651024572391097,-0.16507461187673178,-0.26375401132986714,-0.2275212606188974,-0.14582022851456403,0.11659355357036888,-0.12775634851438145,0.4068280480400973,-0.36702287428047126,0.15160476018752253,-0.21094550982119625,-0.3377843308211643,-0.015389812249220558,0.07274669393381933,0.15876969146425524,0.07657018172522562,-0.10439728484892749,0.10016478976751404,-0.07719830006345091,0.1486102425285415,-0.18780464424125953,-0.15299794126910946,0.11070220526140405,-0.2587710609083066,-0.13797605298835516,-0.13262152674752473,0.05371598643337427,0.025521872303907026,0.1869546759667134,0.1065637453381842,-0.03379240141144033,-0.1880310589910849,-0.09005190192954667,-0.2706897889686717,-0.20025928140705812,-0.12392555702136789,-0.31936622129302905,-0.37835000251064743,-0.3263321267009636,-0.17709193990879502,-0.17601190503361985,-0.3462995339325412,0.1564772421222731,-0.3022125651056526,0.021411714224415363,-0.2467893384215788,0.16418538620604656,-0.35612027370621774,-0.18934937713119732,-0.22771937352499463,-0.48451021833502994,-0.18016497236005424,-0.25536297114581386,-0.05539675076574747,-0.24566913318756362,-0.1439915642246436,-0.40466889125244787,-0.2626191986926374,0.012645446370288542,-0.06201573034733666,-0.14908315720761228
#201,0.37264033377916345,0.019790292467601237,0.3153062761620874,0.2779706665084198,-0.10069522109674209,0.16929889029383705,-0.056820972579165276,0.09145969041434812,-0.05577015251041919,0.33818877329766694,0.12913948700625835,0.14258560166524398,0.18495254876362027,0.09026279631345661,-0.10623873061666066,-0.11587231303665088,1.0,0.06811158230130508,-0.0852396755330561,-0.14194470184920596,-0.013080929578622065,0.062202887701022974,0.005186541103863201,0.018238255876056184,0.07611370037477119,-0.1220905019925411,0.2155495807218796,0.35000342361012843,0.09481665426558998,0.0018094920732013493,0.18004354832083336,0.04892110632820096,0.15701497715310841,0.15394650951535374,0.11685922571633336,-0.04662956994891974,0.020820114394226423,-0.12346724974551165,0.23830974085553736,0.020473188567881058,-0.1783463506598438,-0.15640876991970493,0.25744635202928784,-0.18948814746173545,0.016285428658812145,0.13182816216043494,0.271147183281827,0.35229404702670875,0.16324594758681135,0.26450081481921056,0.3085028781149146,0.23431735496446293,0.31281023613780257,0.16956821429060515,0.1888043383987547,-0.11863950298310562,0.055001437916253934,-0.1815554145535384,0.0699804169500655,0.1064487120378697,-0.15686707719556117,-0.13315743585295822,0.14246326466332218,-0.07841527934376241,0.16854843495368996,0.10345054252808501,0.11089757927939854,-0.08271533366504312,-0.07182916641940594,0.003862745187545363,0.05831640548325398,0.24298502284689158,-0.18594037440600364,0.13096267351997334,-0.1826792716383572,-0.09615231869701964,-0.16066865388214566,-0.09625548348222233,0.11639544066427165,-0.08536109957227697,-0.008162799508826066,0.1228546517732018,0.09982151579197232,0.08479962751121803,0.08825519133415805,-0.10609265658451524,-0.07279599391966841,0.08073968238027636,-0.1034478036399823,-0.06106990098919508,0.07728685744543906,0.2598839624407145,-0.11992951927948983,-0.21542815668265872,-0.29722596283328845,0.43971113860143246,-0.13772772713370796,0.3593740727722569,0.24270291737231076,0.2117151373780624,0.3228007869738482,0.033134155304085054,0.12393194776027426,0.1477128001935481,0.1290691888782884,0.3359867072630748,0.14703538186947374,-0.06796368234375784,-0.13119821789680783,-0.32426335322070415,-0.32385069407989336
