,#10,#11,#12,#13,#17,#18,#26,#49,#50,#51,#52,#53,#54,#58,#101,#102,#201,#202,#301,#302,#401,#402,#501,#502,#601,#602,#701,#702,#801,#802,#901,#902,#1001,#1002,#1101,#1102,#1201,#1202,#1301,#1302,#1401,#1402,#1501,#1502,#1601,#1602,#1701,#1702,#1801,#1802,#1901,#1902,#2001,#2002,#2101,#2102,#2201,#2202,#2301,#2302,#2401,#2402,#2501,#2502,#2601,#2602,#2701,#2702,#2801,#2802,#2901,#2902,#3001,#3002,#3101,#3102,#3201,#3202,#3301,#3302,#3401,#3402,#3455,#3501,#3502,#3601,#3602,#3701,#3702,#3801,#3802,#3901,#3902,#4001,#4002,#4101,#4102,#4201,#4202,#4301,#4302,#4401,#4402,#4501,#4502,#4601,#4602,#4701,#4702,#4801,#4802
#10,1.0,0.11382636362391414,0.1363610219704474,0.0592147607809483,-0.01868012982329607,-0.17550794962271815,0.04733529011672228,0.3675943889312402,0.024296676359287343,0.14148091679714425,0.14582935814157313,-0.05446552881082043,0.05566881365061831,0.03431644200176202,-0.05646948193931537,0.13884062866611585,-0.11672319427389793,0.017624744941045434,0.10404579420907759,0.17081806022814938,0.11932513797148818,0.2525473941762109,0.01132347637937252,0.09959418807944602,-0.16580133018665522,0.07452971008869433,-0.011050500531800773,-0.013893466382430946,-0.25391866415297604,0.041235786311950226,-0.1448880935969361,-0.04011192922713142,0.10891918910652905,-0.170581602888614,-0.14113125208269617,-0.1338448967667426,0.046023362715516256,-0.19396075173348792,0.05755042977719145,-0.055750067330999194,0.022498139838496897,0.07470591188996974,0.0008864867825824976,-0.025162164999748934,0.03369745329054581,-0.07235594589783034,0.23137031136592914,0.10942314451743074,0.11455125600843577,-0.0893224447315205,0.02750208840217833,0.004734624566913319,0.14796295197359713,0.13708865324307176,0.08432671283214724,0.1646838638407428,-0.0710622777506425,-0.0036454600647290556,-0.2821684690071987,-0.20696316651983182,-0.12417936065222056,-0.1418287555861905,-0.10421651823414754,-0.11795112910662035,-0.03694668754308043,0.10318030556861599,-0.001353923685447831,0.09438938772156463,-0.022526441682225073,0.0026092473991975056,-0.0306335504662957,-0.03472910114257282,-0.060600638160927936,0.07469678226296064,0.11820493273747301,0.1590454061999297,-0.0704743297712572,0.0871066842564147,-0.0746091378436734,-0.036397083997133296,-0.11134493100284387,0.06986081883624644,-0.03873609443686178,0.06701785298561627,-0.004293663582374342,-0.15658497172098035,-0.2609156102927415,0.28627223634778404,-0.13221251945751755,0.013272651745812925,0.14707007445210826,0.0678148694235097,0.019367590737080435,-0.18970178073374813,-0.09537903928934983,-0.08356347601418744,-0.10062309704337029,0.22310708596000312,0.16996991787900506,0.09185043845033711,0.030256496870820344,-0.19033172499737525,-0.09630934828157596,-0.04433438171883488,0.061809400776931256,0.10642680093304788,0.06585291257925657,-0.04638672187047798,-0.023728813559322035,-0.1522730488845878,-0.18802192936407583
#11,0.11382636362391414,1.0,0.023343543299538496,0.0460279275290208,-0.2600729457198026,-0.05398987524364692,0.03995124779177147,-0.008384649445146919,0.21234142979088588,0.1690578681407971,0.10338207032551686,-0.13919303226866667,0.04721843089100595,0.0028922658364792506,0.10000776018295772,0.12437473467021505,0.07145211282393057,0.02636179798874317,-0.009130539971789453,-0.06738029917787709,-0.1028927223178297,-0.10768303760949846,-0.12527126404250755,-0.11692404606809789,-0.17528062191019186,-0.12633760447716907,-0.302709216814947,-0.17851798764761465,0.23554528979718534,0.014230349619066314,0.08999529824209032,-0.060745799230372446,0.06763775465953338,-0.13742097166620257,-0.08936809286656594,0.03634230623507877,-0.141763935234426,-0.20644734259381833,-0.03103160220389196,-0.16846261645980454,-0.03397864580242574,0.1011288783796738,0.05433680106999229,-0.10093441732438022,0.029600076688866876,-0.05795943706719862,-0.2586697220485057,-0.15419574833270186,-0.18608553547544815,-0.11575271492283183,-0.23319714973044775,-0.09426431183154012,-0.055593950709143775,-0.058768322020203864,0.015019149392651563,-0.01592206950385042,-0.016085489827313105,-0.002242236393432146,0.21223461315487957,-0.014496934727731699,0.1934312333669608,0.13020856632902264,0.056255848667302696,0.030752235617413852,-0.1596123560371941,-0.11748825701725955,0.035895867474334334,0.15242094884213506,0.1501787124487029,0.06695303263385174,0.11593713338841542,0.26955041151793746,-0.016994800677418324,-0.006396216682567434,0.008449469796911448,0.006882825802151853,0.10794688383006112,0.09837446991103178,0.10610361213692615,-0.058368444357205784,-0.17039535849762857,-0.19976628154856732,-0.15683421053832847,0.10297397599821059,-0.04820260468258569,0.10018122309613041,0.1869692833699279,0.052777460776839966,0.16133602961651003,-0.05096249092743316,0.176851830718456,-0.008380084631642375,0.07602240410468031,0.2341082865059548,0.13099188832640243,0.03904467582976898,-0.12296238137190905,-0.12478465492292312,-0.10368517394221859,-0.11593256857491087,-0.15495533329985803,-0.12048460060164241,-0.14010325608147278,-0.2928117881743941,0.047715995563001275,-0.035347176891088114,-0.09320162324768222,0.1717885395792155,0.007246184957113577,0.20426079692514162,0.19106483404620503
#12,0.1363610219704474,0.023343543299538496,1.0,0.298893032725148,0.027067518156545713,0.14855546476648696,0.15737103260646287,-0.11596178338133996,-0.08326585017369115,0.49515171157682353,0.041656662117069206,-0.005330789210606801,0.04118648632610115,0.10685954525327868,0.09733004058119206,0.07021230947609636,0.29490703757298,0.3993636649974665,0.008087936567351541,-0.1781199359100184,-0.0940762415151529,-0.019568442531280386,0.34016077273163003,0.04259062296009897,0.15368722810829563,0.07403853615560536,0.11142527172052386,0.20576079464273486,0.21110619125655622,0.15775356397814366,0.006488425915359228,0.13289085074429285,0.14096235398302803,-0.025992048094875084,0.014664919864698927,-0.09919522337914885,-0.05029968000657333,-0.18045712042434506,-0.03344730151049679,-0.12013858773799796,0.21768500047930542,0.061761926716484,-0.008588240127449593,-0.07580785786996672,-0.38090264622238856,-0.28753486376314097,0.08901295037591239,0.18487859878484664,0.05330058840446074,-0.013170399923311133,0.1677906759119356,0.2787192959231651,0.254790543532344,0.2086923178753532,-0.010859691327310822,-0.06489977951950773,-0.2960564576134242,-0.32019701735085615,-0.10779624498441116,-0.13441823734291336,-0.07228656073256128,0.10793045050144476,-0.05195214249521836,0.0950147671716872,0.17414489631026125,-0.06665540679335545,-0.06681882711681814,0.03137213729133096,0.1987738910926794,0.12240090931085011,0.32937411842039194,0.28622476228733673,0.04859700456937832,-0.05401726412467418,-0.23736482446009669,-0.07862982557847599,-0.28655434182236483,-0.054463702885418616,0.14894256095167233,0.11278467318217714,-0.014995412362427933,0.14616532841550758,0.09245573272103969,-0.1171422441536151,-0.2811057804233408,-0.10947427042868163,-0.10238055024261984,0.16796231289970648,0.18622795765678993,-0.022781158275778642,-0.2090419825898013,0.06015785125098714,-0.0910753331172655,-0.033377003382526804,-0.2905403369745329,0.1629127162009796,0.1609005464081765,0.12537716771581298,0.3459078729338513,0.13472955762392327,0.18248481058306362,0.15810231572989086,0.08255373926698224,0.13703935325722266,0.36501800818927543,0.2406250142650422,0.32040517284666337,-0.08648860850789941,0.2023097956332994,-0.1160384722482163,-0.15499641662139893
#13,0.0592147607809483,0.0460279275290208,0.298893032725148,1.0,0.10832941520174193,0.09398951005856655,-0.038178274226606475,0.07231121072548581,-0.0135794072133183,0.23524127321778268,0.23283744242628968,-0.11764163475101225,0.011202052340151644,0.09205311616993887,-0.08955068540674771,0.11163981795523743,0.006857262846526405,0.38047537967836326,0.08856742457786887,0.07760822031615898,0.1428448830723021,0.05627502088402178,-0.14108012617144527,0.026805497861384874,0.11721162931888418,0.06458115553689055,0.11293074721432256,0.04675281991354243,0.06971291887869921,0.1242560495190969,0.28273267995636037,0.13583150360392027,0.2097212268392775,0.14660720236274746,0.12904271295996203,-0.01952279439623494,0.23664723577718233,0.042072060145982734,0.19803804315574688,0.22230550470860513,0.14579101370813496,-0.09800106816636006,-0.19272733912456005,0.11538570391706647,-0.34556368599560866,-0.1425463442691049,0.1455490785923941,0.1747164109610302,0.05466729356772129,-0.08671867510852845,0.006830786928200048,0.07337937708554917,0.15550311092040334,0.12218545011343561,0.019648783248960362,0.1476644131703999,-0.20960528057626204,-0.16882780154016808,-0.06144147680846499,-0.21401854227245545,0.06295060415306733,-0.044836511204334746,-0.021136912451441798,-0.05636357826600994,0.18169235895867475,0.02262504165392323,0.03744151332697303,-0.1802124464205015,-0.0029744324795610475,-0.037551981813783,-0.1793588262951517,0.032228496304783465,0.01341963874065925,-0.004873394897451464,-0.20885756412421771,0.000965001574860659,-0.14441244002976258,-0.026964353371343015,-0.04077291422258943,0.04023700511715594,-0.2337796199336276,-0.16493218969539,-0.1187289733277947,-0.08852360236822525,-0.2942926136752683,0.04283712288934435,-0.05927501631920828,0.18243094578371,-0.10980293700100882,-0.06890951170189942,-0.047200171636987774,-0.024038307914930137,-0.1767596214856642,-0.04964599871272259,-0.20165794026485048,0.09316510473964586,0.23824035569026827,0.24376195410536503,0.10109692468514199,0.04470047976189933,-0.050735163214906856,0.15904631916263062,-0.017209346912131905,0.04265909516266713,0.07377195104693998,0.34776118721669624,0.12383060890047337,-0.06605741622426016,0.14725540588039276,-0.03356963851241857,-0.10966964444667614
#17,-0.01868012982329607,-0.2600729457198026,0.027067518156545713,0.10832941520174193,1.0,0.34154938899971243,-0.09520648933887806,0.027147858874225692,-0.21685511738417926,-0.020842938461749144,-0.1540323280092392,0.22473855030652723,0.31571710937749636,0.02521420387370074,-0.12329287386963805,-0.15773256583602277,-0.06307933189389547,0.1966914231719063,-0.06851145996430316,-0.28253091519945955,-0.07372995476269817,0.014116229281452706,0.0481523917340357,0.08221137825414143,-0.06061433260144157,0.12805306139217681,0.13822437884300237,0.0627926616058101,-0.09820922366216728,0.09564836328611795,-0.04319591723080154,0.18442759521059768,0.07656379098631926,0.21283442964937668,0.16443097317259103,-0.016571185984196615,0.2502540318715279,0.1980088283493178,0.3079724467856866,0.1387119009252877,-0.05753034459777146,-0.13086224762287338,0.036280224771416965,0.054119515947175977,-0.07936019573920307,0.10667238789959237,-0.01710892101503193,0.05612894685187637,0.12394472923808698,0.08347491863219929,0.27718551858563817,0.19061017862115243,0.19621759553013463,0.1473311817845682,0.17311598734633696,-0.05009517636156975,-0.00041722395431534646,0.026493264617674046,-0.1181419383111103,0.011723354042370598,-0.22201609553241702,-0.01311744808665842,0.05498043977413303,-0.1873171221589742,-0.06166606563288857,-0.147763926104799,0.10013101014758043,0.10464926255437834,-0.296879949969644,-0.2554296174229802,-0.11953603235539811,-0.29412188965019836,-0.0707107871107926,-0.023559002496952988,-0.08654247330725304,0.020827418095833695,-0.05227898314214373,0.03328205526163228,-0.019122003770535956,0.3252630473781994,0.10509752724052458,0.16652257072037321,-0.08492379043854163,-0.02399448570528651,0.21853131690304792,-0.21364605349048466,-0.25596461356571276,-0.0848690126764871,0.04244637485335537,0.07211218485668767,0.2395933664130152,-0.18746684804192323,0.16386584926072845,-0.2029607380390474,-0.3120506511706464,0.08155313214678614,-0.03855532782208183,0.1086863836177973,0.032518818443672486,0.3918572856705939,0.18084786846033404,-0.006817092487686416,0.14551073415895593,0.07337846412284826,0.06930482455139295,0.041341689985255656,0.12374296448118612,-0.12610936380194188,0.10982941291933518,-0.19754413033455517,-0.18976477516011084
#18,-0.17550794962271815,-0.05398987524364692,0.14855546476648696,0.09398951005856655,0.34154938899971243,1.0,0.17798025261677936,-0.160004017035884,-0.08847156349427344,0.06450264074461239,-0.04498349819918107,0.33451318546380787,0.24761830855400402,0.1088525428293627,-0.02616459804534686,0.004434259838314305,0.05736875019971059,0.3543418223648473,-0.05517033601592207,-0.11921010467117366,-0.23277353503722606,-0.03907206471079624,0.020714210720920997,0.22596100736304417,0.008138149515901527,0.14281384234047118,-0.05327959026233983,-0.041028543778843914,0.4490370525912164,0.37507155345168375,0.260730278864457,0.4168359451674602,0.2748967210944597,0.2707637389474453,0.38210684402488737,0.36327424943053954,0.2735336677820028,0.27939945313534215,0.2438112540912141,0.22371238023070567,0.22827993262335267,-0.004847831941826017,0.02103831247974364,0.19142362838766222,0.016579402648504795,0.07190950713708591,-0.02563690560422154,-0.09392742859490476,-0.1367937662906782,-0.2328191831722715,0.16779341480003834,-0.13882967311370495,0.07046063533074357,-0.0346341530216783,-0.03518375656762543,-0.13106675126787695,-0.17188805251361455,-0.11086927743567036,-0.1305463625283589,-0.04622786636051984,-0.10621408062373612,0.02664025161252037,0.15319514121250577,0.14693678189777556,-0.014378249576613548,-0.07617212998762936,0.05328506803854528,-0.013386772083426531,-0.0019163087092076852,-0.0715872313036651,0.10874937804416,0.10523994942186637,0.02151579197231897,-0.027775977212450984,-0.13629528865598195,-0.026964353371343015,-0.11587505192475361,-0.048782335997662817,-0.008124455075387895,0.38441572669548585,-0.017601920873522713,0.20892421040138406,0.012541368622384932,-0.16718446867853215,0.09617331683914054,-0.15781290655370275,-0.1918837615889203,0.038615583360341814,0.18761200911136774,-0.04028265325220138,0.10985497587496063,-0.12901715000433658,-0.022395888015995107,-0.0753632450346241,-0.34829892224753156,0.06877165433406218,0.3533941670813039,0.04359853378190234,-0.0013904421934841853,0.24483559824163384,-0.12180839651796026,0.25683740590778165,0.3123172362793118,0.04858878790507014,-0.022606782399905052,0.12274235736099001,0.1681485572906919,-0.10791127828472567,0.09346181761744124,-0.13001319231102812,-0.12096755787042321
#26,0.04733529011672228,0.03995124779177147,0.15737103260646287,-0.038178274226606475,-0.09520648933887806,0.17798025261677936,1.0,0.10595297329127619,0.18060136853108866,0.21204654283849234,-0.10442649965535658,0.10227282064391259,0.18224561435542552,0.15554328127924333,-0.046273514495565285,-0.14395504571660725,-0.05482797500308125,-0.03974400525866516,-0.07551936165647953,0.04152519548813833,-0.060982256569907835,-0.01629729717392396,-0.012016415069362341,0.011532544837880649,0.09929838816435155,-0.15975477821853587,-0.019807638758918503,-0.06172814709655037,0.20190078834329223,-0.1124295306915236,-0.0874161786120228,-0.058130161092268574,-0.03770901139833932,0.0638964335112089,0.02180337522310526,-0.03559732867113714,0.026110733245993233,0.043320993120826046,-0.04111710116083207,-0.05019560225866972,-0.08550169582821694,-0.07290007166757202,0.12102233563247773,-0.019155783390469583,-0.05008330784645793,-0.010795783938247204,-0.021753162274555274,0.03590682302674524,-0.12891307225643298,-0.0821675560444978,0.06682978266922905,0.047888545513473046,0.03962988492105155,-0.004248928410029809,0.07118917956606882,-0.07844632007559331,0.04567826281457271,0.12636499335819634,0.1354416685306322,0.08296913729589578,-0.007639671881205293,-0.03238826477744252,0.015081230856313365,0.09498920421606176,-0.09962157696047327,0.008927862252187687,0.10384950722838218,0.01240716310535133,0.09241099754869515,0.03402429393747119,0.21226382796130863,0.164491228710851,-0.11028132945628506,0.05705651695599976,-0.052032483212898335,0.02326868035806397,0.02488736322677537,0.09625639644492325,-0.04624886450264074,-0.08828075428978349,-0.018126874426545304,-0.013629620161868286,0.07088881483746981,-0.10264987423938796,-0.03780852433273839,-0.02852917144070079,0.0758681134082267,0.09014045931153483,0.0030264713535128524,0.22383197834452473,0.06223758028365751,-0.014800951307134347,0.0163219471668485,0.018698389077314248,-0.05974336618477452,-0.03325557934330593,0.009637234270793866,-0.058806666453642034,-0.11297091757316255,0.00141052737290418,0.05605773576120548,0.13493132238082414,-0.10068152665622845,0.002243149356133055,0.08527893292919518,-0.04971812276609439,0.0539770937658342,-0.09353576759621486,-0.1421254684639859,0.026214810993896845,0.06636325872906462
#49,0.3675943889312402,-0.008384649445146919,-0.11596178338133996,0.07231121072548581,0.027147858874225692,-0.160004017035884,0.10595297329127619,1.0,0.4550388693869912,0.028549256620120787,0.1448972232239452,0.10934097787434895,-0.011723354042370598,-0.22973519516860139,-0.10403392569396577,-0.015314036345045124,-0.1819881588737692,-0.08834831352965075,0.0641237612237352,0.18571304669347735,-0.027811582757786432,0.11537657429005738,-0.09577435213884337,-0.03411467724486116,0.008944295580804047,-0.04544728325124277,0.08600108642561408,-0.11933518056119817,-0.21832590029534343,0.14461603071206525,-0.07473056188289427,-0.023903189435195624,0.24476073530015932,-0.04811404730059753,-0.10936197601646985,-0.1446936325416425,0.04423852063523945,0.021814330775516165,-0.028324667795697207,-0.16656730589271776,-0.16644223000269323,0.028263499294736313,-0.2546344269104886,0.24442567798892575,0.08714502868985288,0.025431488996517048,0.04405410216965586,-0.05631519124286177,0.03357329036322221,-0.10567360670479807,0.08397065737879279,-0.010632363614784517,0.16332811422989313,0.10008079719903043,-0.06328474850159997,0.0861581160101704,-0.1941333016839597,-0.15048455495350738,-0.2732889937781592,-0.02401000607120196,-0.2893626150903605,-0.19694613976545988,-0.19111322106935322,-0.2799554474201956,0.10006071201961043,0.049402237671579925,-0.1640365732857984,-0.062191932148612065,0.03266671840121972,-0.19723828782975072,-0.0055142947134894805,-0.001391355156185094,-0.017440326475461846,0.28605860307577136,0.002614725175402959,0.10741919138893581,-0.14658529125792566,-0.11858837707185473,-0.33886345273363855,-0.05713046693477338,0.21907909452359323,0.09475183391382545,-0.005469559541144946,0.22876562878023618,0.27303792903540924,-0.1613141185116882,-0.15598698115188503,-0.006790616569360058,-0.07045150570373447,0.055661509949011034,0.10786015237347478,-0.16272008107108785,0.00243852337412755,-0.1899975806488426,-0.09663710189120224,-0.08274089662066857,-0.029801841445767734,0.3433534032967083,0.13911269155098668,0.012706614871249435,0.12793255031565684,-0.10521895127974547,0.0050331633701105145,0.2580196926054586,-0.009580630583337517,0.25601482651426277,0.15826756197875536,-0.24915391181693272,-0.06270684311192466,-0.2666791438235791,-0.35824382494853174
#50,0.024296676359287343,0.21234142979088588,-0.08326585017369115,-0.0135794072133183,-0.21685511738417926,-0.08847156349427344,0.18060136853108866,0.4550388693869912,1.0,0.1766655863274706,0.07704492232969821,0.20078606088548254,0.08129019888892439,-0.1323905471841948,0.0304171783061803,-0.0004254406186235261,-0.050634737317806884,-0.23883560737126086,0.13184824733985492,0.08586414202047775,-0.018889198281804197,-0.059052253420186517,-0.05351878648997795,0.028996608343566124,0.05412316779797961,-0.03699142271542496,0.0074945108117607856,-0.1323795916317839,0.11607316483085084,0.0030182546892046727,-0.0629277800855446,0.04073456978915126,0.13735615131443804,-0.02413964677473102,-0.10021682864146585,0.015143312319975167,0.023752550589545663,0.05089310576216409,-0.048813376729493714,-0.06116941392359415,-0.05843874248517577,0.052814892247577225,-0.19032989907197342,0.031969214897725355,0.20748994599825624,0.1270834950038116,-0.028635988076707124,-0.12774447999926963,-0.052066262832831965,-0.18134086831882484,-0.10640032501472152,-0.16582324129147705,-0.08321107241163662,-0.14219028881575044,-0.17435031291796574,-0.02001670721742663,-0.06974487257323102,-0.03813719090506557,-0.14487166026831974,-0.014429375487864443,-0.06802667677012056,-0.009450076917107551,-0.015319514121250577,-0.10881511135862544,-0.08683005655803933,-0.15057585122359826,0.03265850173691154,0.0016323773092250316,0.06465693144106598,-0.12116384485111861,0.0707107871107926,0.038565370411791824,-0.030341402402004867,0.06934955972373749,0.05600387096185185,0.09898159010713617,-0.020929669918335485,-0.1366066089369919,-0.17891330049710819,-0.05658908005313443,0.11694960902372334,0.009820739773676547,0.023853889449346546,0.16787740736852197,0.10711334888413133,-0.0008344479086306929,0.09046456107035747,0.07902605139067044,0.12849128348861308,-0.07319039380646104,0.045574185066669104,-0.0888805707842806,0.017363637608585503,-0.08464716274016625,0.11931600834447909,-0.1706336417625658,-0.0117854355060324,0.09234252534612698,-0.08191101352554242,-0.1129042712959962,-0.06343903919805356,-0.01348445909242378,-0.21557514367750505,0.11842313082299023,0.023297895164493054,0.07654370580689926,0.0066299351340001,-0.08378441298780738,0.02001944610552936,-0.05321020509707076,-0.08682640470723568
#51,0.14148091679714425,0.1690578681407971,0.49515171157682353,0.23524127321778268,-0.020842938461749144,0.06450264074461239,0.21204654283849234,0.028549256620120787,0.1766655863274706,1.0,0.22456417443065363,0.12746693933819334,0.021830764104132525,0.14907585350600502,-0.015026453094258834,-0.10023143604468039,0.4359479063482861,0.22710129777647933,0.0970041128969676,0.009995115649550138,-0.1104191868241223,-0.20347564900236,-0.009345999169203941,-0.08548617546230149,-0.03584839341388708,-0.0813951895995289,0.08621745858572948,0.14190270556496415,0.275795076392154,0.05627593384672269,0.0651946664719013,0.09370740458398572,0.23771175028644204,-0.03474462150848827,0.0476155696659013,-0.015306732643437852,0.04178082504439281,-0.10166843933591094,0.14538748419433323,0.011137231988387114,0.05484806018250125,0.06784773608074242,-0.006589764775160111,-0.01776168934618176,-0.07374091031510907,-0.06003186239826172,0.1601172244107967,0.2125477593612913,-0.07077469449985621,-0.07860152373474781,0.21845462803617158,0.09979412691094505,0.0611128102361378,0.06879082655078127,-0.11646299990413891,-0.1157801038038591,-0.2160444065057722,-0.09876613090972168,0.024748592896237223,-0.1012119579854565,0.06051025485353796,0.1599008522506813,-0.01965882583867036,0.07475612483851972,0.029591860024558696,-0.08010060848964015,0.06772813796692335,0.011569063345917003,0.21961682955442854,0.03638065066851694,0.25125007417821943,0.09712188508538484,0.038871212916596294,-0.013080929578622065,-0.06693386041713266,0.020604655196811934,-0.09777739230463739,0.019377633326790433,0.07092715927090798,-0.11368394144257236,-0.12080687643506324,-0.07270287172417571,-0.04558240173097728,-0.019447018492059508,-0.17472280169993654,0.026380057242761348,-0.04250206557811081,0.07671990760817467,0.023224858148420346,0.036963120871696786,0.033394349673844075,0.03767797066650842,-0.09685803886482218,0.04498988893808743,-0.10858139290719278,0.05766272418940324,0.09927647705952973,0.23583287304797163,-0.05035993554483332,0.062108852542829364,0.13169760849420498,0.21930459631071772,0.011617450369065172,0.03300177571245327,0.26227501175439477,0.29641616491758227,0.17737313242067496,0.02802704195520092,0.10374086466697403,0.012628100078971274,-0.058947262709582
#52,0.14582935814157313,0.10338207032551686,0.041656662117069206,0.23283744242628968,-0.1540323280092392,-0.04498349819918107,-0.10442649965535658,0.1448972232239452,0.07704492232969821,0.22456417443065363,1.0,-0.0346441956113883,-0.043952763309854974,0.0038837433296662663,-0.014332601441568105,-0.007424212683790804,-0.03786604098289564,0.10425668859298753,0.05536297114581384,0.25254830713891185,0.10825455226026741,0.08847156349427344,-0.026700507150780355,0.17092578982685663,-0.030732150437993856,0.22245340466615238,0.2004829572687808,0.06792533791031967,0.030424482007787572,-0.006463775922434689,0.18821182560586489,-0.08097887860791447,0.3053759808643018,-0.042334080441143576,0.032644807296397904,-0.17788713042128665,0.08957259651156951,-0.006927560974496387,0.05820045922023856,0.004238885820319811,-0.1037992942798322,-0.17092852871495934,-0.17664184929724697,0.029232152720400608,-0.07455344711891795,-0.10096910990701474,0.022263508424363324,-0.05455956396901405,0.1309791068485897,-0.011678618870026065,0.23952580717314795,0.03766153733789206,0.07246824031004213,0.050245815207219706,0.03757024106780117,-0.06584743480305112,0.014800038344433438,0.13525268525154405,-0.07662495948728015,-0.15322709490703756,-0.014779953165013444,-0.12692372653115258,-0.07053458530951719,-0.14929313862882132,-0.031818576052075394,0.2678568657077515,-0.050828285410399555,-0.04528934070398554,0.09180113846448804,-0.08923753920033597,-0.04339676902500148,0.07704766121780095,0.030247367243811253,0.04409062067769221,-0.024107693080199208,0.043824948531727734,-0.09983155838168231,-0.001686242108578654,-0.06739399361839073,0.013860599725198227,-0.07081942967220074,-0.22863963992751077,-0.04831581205749839,-0.07639397992395021,-0.16544710065870258,-0.07195515527213135,-0.17792547485472482,-0.0731456586341165,-0.20219750122108762,0.013246175827486568,0.02619289988907503,0.031818576052075394,0.05093692797180771,-0.08279932623352673,-0.16058009650015748,-0.0560814727914291,0.2796003049295421,0.24768039001766584,-0.019719994339631255,0.15030378833872743,-0.03751363738034483,0.11030780537461142,0.009073023321632194,-0.021280247595484487,0.0182811651229989,0.19852282634992946,-0.02849813070886989,-0.04237151191188084,-0.0746401785755043,-0.06210793958012845,-0.1348062464907996
#53,-0.05446552881082043,-0.13919303226866667,-0.005330789210606801,-0.11764163475101225,0.22473855030652723,0.33451318546380787,0.10227282064391259,0.10934097787434895,0.20078606088548254,0.12746693933819334,-0.0346441956113883,1.0,0.22186636964946796,-0.0072735738381408425,0.0004911739330889636,-0.27370713069517544,0.08714959350335742,-0.005983557541756631,-0.0306956319299575,-0.14904937758767867,-0.12442586058146594,-0.22113052171253544,0.06711736592001534,0.09057320363176563,-0.017863028205982644,0.021454623471358077,0.04352001898962418,-0.08030146028384011,0.1279480706815723,0.05451574175937042,-0.08099805082463356,-0.033378829307928626,0.09048008143627292,0.06567123300177571,0.39457882748200324,-0.05631245235475905,0.09611306130088056,0.07465387301601793,0.15490785923941078,-0.03360615702045493,0.09473631354791,0.03735843372119032,0.14879466099412508,0.06471170920312051,0.24282525437423255,0.0832923260920175,0.03780304655653293,0.032628373967781545,-0.004161283990742558,-0.09307289550685406,0.00644734259381833,-0.00293243619531924,-0.060671849251598825,-0.11224237333783728,-0.16543431918088985,-0.08722536940753285,-0.18834329223479573,-0.012063889129809602,-0.08390309813892553,0.010725485810277222,-0.07558965978444951,0.022699904595397755,0.08815841728786171,-0.016441545280667557,-0.10066235443950937,-0.2680394582479333,0.029941524739006787,0.11236927515326361,-0.10896483724157449,-0.2321107241163662,0.0478218992363067,-0.11106739034176759,-0.06661067162101092,0.05806260185240132,-0.05281945706108177,-0.06728535105698256,-0.1420935147694541,-0.2275924717095683,0.01563631217846595,0.1398458005998165,0.32047820986273606,0.2193529833338659,0.18867195880712292,0.0938799545344575,0.23300268867515417,-0.0474923197012786,-0.09919157152834521,-0.010593106218645437,0.25134137044831034,0.19705752121497075,-0.05408299743913962,-0.06107811765350327,0.09377039901034843,-0.11151748095331565,-0.1514888139245071,-0.10181633929345817,0.13990149132457194,0.10417360898720483,0.04285081732985799,0.03746068554369211,0.10145937087740281,0.09013498153532938,0.12312306280726901,0.22750391432758016,-0.0579576111417968,-0.024461009645450935,0.10767390798248938,-0.10201719108765811,0.1339891448734862,-0.1184313474872984,-0.203836269269219
#54,0.05566881365061831,0.04721843089100595,0.04118648632610115,0.011202052340151644,0.31571710937749636,0.24761830855400402,0.18224561435542552,-0.011723354042370598,0.08129019888892439,0.021830764104132525,-0.043952763309854974,0.22186636964946796,1.0,0.30880963358242,0.04942323581370083,-0.13655365710033918,-0.08079811199313452,0.13234855089995298,0.0952101411896817,-0.2313547910000137,-0.10842345035993554,-0.15046538273678828,0.14809533156522892,0.07069709267027896,-0.18766678687342228,0.10376642762259948,0.05317094770093168,0.08115142855838625,0.13413795779373433,-0.018159741083778023,-0.11546239278394281,-0.0670625881579608,-0.20083627383403252,0.026924183012503024,0.10368060912871405,-0.05501148050596393,0.021465579023768985,-0.15274139875015405,0.11022472576882872,-0.12486043082709856,0.06257081166948925,-0.06178475078400672,0.2952320522945035,-0.17496382385297649,-0.07927346428261674,-0.08500047930541797,-0.016048058356575842,0.09554976331441979,0.11409751354608408,0.22499691875088443,0.1808515203111377,0.29034313703113657,0.10579503074401896,0.15707888454217203,0.012855427791497578,-0.028446091834918086,-0.0931386288213195,0.11152021984141838,-0.013760173828098254,0.17909771896269178,-0.19774589509145604,-0.20395495442033715,0.3088425002396527,0.2518234147543902,-0.10787841162749295,-0.12313310539697901,0.41882529089274056,0.5120460863571419,-0.09919613634184975,-0.21801914482783805,0.007152149798919965,-0.24360766340891143,-0.17701525104191868,-0.13756430681024526,-0.2550635193799157,0.0031323750268182795,-0.3268662098809953,-0.04432890394262942,0.344268191923019,0.35304906718036033,0.03966822935448972,0.18335303811162795,0.14700708002574556,0.4063122241140838,0.0839724833041946,-0.21457179766920623,-0.20877813636923864,-0.018668261308184254,0.23158942241414726,0.34398334756033544,0.040939986396855754,-0.05036541332103877,0.1480003834443344,-0.14400708459055905,-0.2603468345300753,0.04562804986602272,-0.09716753322043029,-0.05525980636061114,0.026039522155322344,-0.0844864813048063,0.226313410965595,-0.031224237333783728,-0.14944469043717218,-0.14147178717013517,0.12103603007299137,-0.2652859627419922,0.04926072845293906,-0.12635312484308453,0.02471390031360269,-0.206650933276121,-0.1792730078012663
#58,0.03431644200176202,0.0028922658364792506,0.10685954525327868,0.09205311616993887,0.02521420387370074,0.1088525428293627,0.15554328127924333,-0.22973519516860139,-0.1323905471841948,0.14907585350600502,0.0038837433296662663,-0.0072735738381408425,0.30880963358242,1.0,0.20058977390478713,0.06130179351522594,0.11365198774804056,0.2475945715237804,0.01608822871541583,-0.04794606216363031,0.01577051769549955,-0.1487745758147051,-0.0010015200828970131,0.05124094455121036,0.021599784540802587,-0.02863416215130531,0.0058694372041430245,-0.11543226501481282,0.04111253634732753,-0.15033848092136196,-0.0460690108505617,-0.020684082951791003,-0.0918075292033944,-0.014095231139331803,0.07268461247015753,0.04246463410737354,0.10141372274235737,-0.018972277887586902,0.30678468231180417,-0.023703250603696584,0.13691884218070272,-0.16251466446338333,0.14013064496250005,-0.2614761693910995,-0.043582100453285984,0.05155317779492119,-0.016499974893525726,0.0961075835246751,0.003587030451870889,0.05377715493433516,-0.18352102324859518,-0.019536488836748574,-0.010461639589714562,-0.08719158978759922,-0.005369133644044973,-0.17209529504672086,0.027192594046570227,0.14431384005806444,0.14300830339576476,-0.019122916733236864,-0.03803585204526469,-0.10560878635303354,0.4480903102703739,0.3853451227250111,-0.08405008513377187,-0.14758589837812175,0.5714288322750574,0.3401342968133037,0.2014844773516778,0.0016031625027959483,0.005215755910292285,-0.01925438336216774,-0.1816138441663966,-0.184224004528295,-0.001196894100891508,0.07651996877667563,0.007466208968032611,0.14221402584597406,0.27858235151802874,0.07866086631030689,-0.44417278732077403,-0.02079181255049825,-0.08642196223073306,0.021155171705459972,-0.05758968717333053,-0.013594927579233751,-0.05449930843075406,-0.03212076670607622,-0.1631080902189741,-0.035281443576622676,-0.11984917856180986,0.023261376656456702,0.02854743069471897,-0.0469043717218933,-0.10687780450729685,-0.06287391528619098,0.151990943410007,0.039497505329419764,-0.08119159891722624,0.01962230733063401,-0.06046917153199706,-0.047295119757882295,0.04910552479378455,0.04438002985388032,0.22398444311557653,-0.03094487074730562,0.003073032451259204,-0.05008604673456066,-0.01326078323070111,0.03274979800700242,0.06636417169176553
#101,-0.05646948193931537,0.10000776018295772,0.09733004058119206,-0.08955068540674771,-0.12329287386963805,-0.02616459804534686,-0.046273514495565285,-0.10403392569396577,0.0304171783061803,-0.015026453094258834,-0.014332601441568105,0.0004911739330889636,0.04942323581370083,0.20058977390478713,1.0,0.23541108428015173,0.110862886696764,-0.04236512117297448,0.39327968155860993,0.0766706076223256,0.31348582853647516,-0.28537296808738877,0.2548224972268758,-0.09310667512678769,0.28896365039006333,-0.0805077898542455,0.2644204741015306,-0.018395285460612507,0.19950152236530377,0.051888235106154736,-0.0977262663933865,-0.06220745251452752,-0.12635403780578544,0.02232011211181967,-0.1586847859330707,0.24809487508387845,-0.18256606426344452,0.006203581552675665,-0.04138368626949746,0.03050390976276664,-0.024237333783728266,0.25664385781518895,-0.1082445096705574,0.024245550448036446,0.008755312301715914,0.047093355000981434,0.04906626739764547,0.07420834721797441,0.055444224826194724,-0.085971871619185,0.018748602025864234,-0.16601770234677063,-0.006505772206676496,-0.20359159526537543,0.11044383681704684,-0.11980900820296987,-0.042205352700315425,-0.060228149378957124,-0.16625872449981055,-0.1991947668977984,-0.31075698302345856,-0.30606252881538526,0.5543153464465209,0.26874883026653945,0.09969461397654598,-0.06777378610196881,0.3031958259345314,0.06473818512144687,0.6043082709855889,0.2519366221293029,0.31186805863046463,0.3129471805429389,0.1281644428416877,-0.016186828687113988,0.30366052394929405,-0.11986287300232348,-0.11253726029023084,-0.3432520644369074,0.35977212450985313,0.08772019519142546,-0.0918184847558053,0.020594612607101936,0.06976313182724919,0.12489512340973309,-0.026660336791940364,-0.33983119319660193,-0.3066413471677615,0.21715639507547918,0.1558810774785796,-0.013245262864785659,0.10276216865159973,-0.18429886746976953,-0.028080906754554543,-0.31326032674935067,-0.3610210574846965,0.07620043183135752,0.0023590956191484797,-0.020317984908726553,-0.045253735158650096,-0.03227140555172618,0.022833197149730446,-0.13998913574385918,0.06366180209707532,-0.03689738755723135,0.0565653430229108,-0.08887326708267333,0.13521160193000314,-0.3384763565484532,-0.21577873435980774,-0.4370772412093104,-0.4064327351906038
#102,0.13884062866611585,0.12437473467021505,0.07021230947609636,0.11163981795523743,-0.15773256583602277,0.004434259838314305,-0.14395504571660725,-0.015314036345045124,-0.0004254406186235261,-0.10023143604468039,-0.007424212683790804,-0.27370713069517544,-0.13655365710033918,0.06130179351522594,0.23541108428015173,1.0,0.02445827075734821,0.1214934243861467,-0.15275965800417224,0.30828650595479923,0.02556569451355065,0.5156230742193028,0.11777401434264403,0.4631888874180045,0.037250704122483075,0.33673990149132454,-0.3323604194150648,-0.24725768828714503,0.16018387068796305,0.08143718588377072,-0.13203357876813943,-0.048924758179004595,-0.0427175247755253,-0.16480711380536547,-0.3463524857691939,0.09711458138377757,-0.19765459882136516,-0.10104397284848927,-0.114058256149945,0.13846996580954685,0.06526496459987127,0.04227108601478086,-0.3429927830298493,0.0823738856149032,-0.13024234594895626,0.21419200518562814,-0.21511227158814428,-0.2002382832649372,-0.3439650883063172,-0.23399142728023847,-0.23046373940392664,-0.26547312009567847,0.08438605540770631,0.1514468176402653,0.12321435907735989,0.21136912451441797,-0.1693262791748643,0.0356448027315844,-0.023179210013374904,0.08761246559271821,-0.006681974007951905,-0.06201299145923393,0.06931212825300022,0.16824898318779186,-0.07917212542281585,0.18388346944085598,0.06207872477369937,0.0017939717072858988,0.12556158618139657,0.20131740517741148,-0.019370329625183164,0.12262275924717096,-0.06640708093870824,0.09217362724645885,-0.004125678445407113,-0.14054969484221722,-0.05517946564293116,0.056793583698138014,0.0307677559833293,0.3424039220877631,-0.24512592038052286,-0.006513988870984676,-0.1456111600560559,-0.11492648367850931,-0.024836237315524475,-0.08080176384393815,-0.07781911470006893,-0.05258026083344365,-0.06668279567438272,-0.2941529303820292,-0.023560828422354806,-0.1581269657228154,0.11441705049140218,0.00619992970187203,-0.06385352426426619,0.07849014228523693,0.27884254588778773,-0.03771905398804932,-0.061737276723559456,-0.08303943542386576,-0.29321531768819586,-0.1782650969794629,-0.1693436254661816,-0.20735391455582083,-0.0970150684493785,-0.09867118278882717,-0.1617149091373872,-0.11499678180647929,-0.10988601660679152,0.06670288085380272,0.10075091182149754
#201,-0.11672319427389793,0.07145211282393057,0.29490703757298,0.006857262846526405,-0.06307933189389547,0.05736875019971059,-0.05482797500308125,-0.1819881588737692,-0.050634737317806884,0.4359479063482861,-0.03786604098289564,0.08714959350335742,-0.08079811199313452,0.11365198774804056,0.110862886696764,0.02445827075734821,1.0,0.1589833247362679,0.03981521634933605,-0.0635878521183017,-0.20911319368047218,-0.20912414923288308,-0.03290500166615693,-0.1195342064299963,-0.06743325101452981,-0.05662559856117078,-0.13454331323293786,-0.04441015762301031,0.319907608174668,0.13434885217764428,0.13756156792214255,0.11998155815344164,0.17378336308070133,0.12708805981731616,0.1459717803229149,0.09347642502065578,0.06901906722600848,0.07418004537424623,0.029523387821990533,0.11056434789356681,0.022911711942008608,0.16741179639105844,0.07078017227606166,0.03707267639580585,-0.08743078601523735,0.12416840509980964,-0.1601911743895703,0.011764437363911497,-0.20091113677550704,-0.042495674839204446,-0.09769431269885469,-0.07434985643661528,-0.0159613268999895,-0.07244085142901487,-0.23382800695677577,-0.12050468578106241,-0.3211711485527259,-0.19714699155965984,0.02707025704464844,0.005133589267210488,0.07446580269963071,0.1896068326128536,0.1345679632258624,0.2616459804534686,0.05010156710047611,-0.085951786439765,0.05333345506169346,0.10436350522899387,0.2506146521383869,0.14644013018848115,0.32198368535653477,0.2312306280726901,0.012499372338143125,-0.06968826888577467,0.0021545919741448962,-0.11785983283652947,-0.08253182816216044,-0.08262951517115769,0.06386904463018163,0.08431484431703543,-0.03207511857103078,-0.04004893480076872,0.08082276198605906,-0.033193497879644124,-0.13539602039558674,0.08977253534306856,0.06325462073246997,0.1438263179757791,0.08838757092578983,-0.0361505840678879,-0.048996882232376394,-0.014413855121948992,-0.17001374008864867,0.1558792515531778,-0.07643597620819201,0.16635915039691054,0.05524976377090114,0.10212035587286081,0.0001561166218554141,0.010498158097750917,0.054429923265484986,0.13943679330980932,0.06718675108528441,0.01915852227857231,0.11971223415667354,0.09617057795103781,0.05429297886034866,0.08732670826733374,0.09876704387242259,0.009383430639941206,0.017275080226597343
