,#10,#11,#12,#13,#17,#18,#26,#49,#50,#51,#52,#53,#54,#58,#101,#102,#201,#202,#301,#302,#401,#402,#501,#502,#601,#602,#701,#702,#801,#802,#901,#902,#1001,#1002,#1101,#1102,#1201,#1202,#1301,#1302,#1401,#1402,#1501,#1502,#1601,#1602,#1701,#1702,#1801,#1802,#1901,#1902,#2001,#2002,#2101,#2102,#2201,#2202,#2301,#2302,#2401,#2402,#2501,#2502,#2601,#2602,#2701,#2702,#2801,#2802,#2901,#2902,#3001,#3002,#3101,#3102,#3201,#3202,#3301,#3302,#3401,#3402,#3455,#3501,#3502,#3601,#3602,#3701,#3702,#3801,#3802,#3901,#3902,#4001,#4002,#4101,#4102,#4201,#4202,#4301,#4302,#4401,#4402,#4501,#4502,#4601,#4602,#4701,#4702,#4801,#4802
#10,1.0,0.16142002218499363,0.5342356448027316,0.46567579781528023,0.28906316332446236,0.27755435551680535,-0.0017218476539140994,0.4981699662660282,0.16237041635663976,0.31626762588614443,0.381008549895694,-0.04454892795354846,-0.0348404825920837,0.04463839829823753,0.040246134744165024,0.04774247148132763,0.2761392633303966,0.4764451058352011,0.022923580457120424,-0.020878544007084592,-0.17937343369836625,-0.06126344908178776,0.07375003994211816,-0.035792702689131636,0.09328744174156765,0.013080016615921156,0.27366148256013,0.08862402826532521,0.1481263722970598,0.01506205863959428,0.039481072000803405,0.06581730703392114,-0.12840546499472763,0.1749437386735565,0.08536109957227697,0.2053946965996704,-0.06159668046761949,-0.08090127677833722,-0.04498349819918107,0.13366230422656084,0.10836593370977829,0.1299584145489736,0.018318596593736164,0.19328059452131083,0.03931126093843436,-0.2590011275089356,-0.17437313698548845,0.10565443448807899,-0.1732940150730142,-0.0046962801334751465,-0.23700876900674223,-0.23431826792716384,-0.17116407309179382,-0.09535165040832257,-0.06905741165944665,-0.0650303331857377,-0.20536913364404497,-0.32249859631984734,-0.11163342721633107,-0.1397946746885656,0.013230655461571117,-0.20765975706062528,-0.058947262709582,-0.34958346076771035,0.3966165602304318,-0.006147890827920225,-0.05479784723395126,0.08267607626890404,0.05869254611602843,0.0038764396280589956,0.2363039618016406,0.2564676560139135,-0.023097956332994017,0.09170984219439715,-0.2542226807323787,-0.3583908119433781,-0.31389118397567867,-0.43291869610667055,0.0625361190868547,0.25054617993581874,-0.09535986707263075,0.1622535571309234,-0.021003619897109103,0.15654206247403762,-0.08452391277554355,0.13834488991952235,-0.08197583387730695,0.20396682293544896,-0.07306988272994107,0.11252082696161449,-0.04442020021272031,-0.2066189795815892,-0.05650143563384718,-0.30165109304459364,-0.16559865246705346,0.13283242113143467,0.24250754335431626,0.10495966987268734,0.2201801275408893,-0.13279133780989377,-0.0781149146151634,0.131587140007395,0.05103552794350587,0.15867565630606162,-0.1246477105177868,0.11009234617719693,-0.056411052326457205,-0.09714014433940302,-0.37376510382668315,-0.15834333788293078,-0.252106433191672
#11,0.16142002218499363,1.0,0.3568479049788421,0.3702456326146795,0.27261340137948664,0.24491867784741655,-0.0816407765660734,0.30485741805018557,0.25245701086882094,0.3064377564854588,0.1462292358045712,0.10467026069649925,0.04986967457444526,-0.0737746899350427,-0.15996841149054855,0.10186381335390543,0.2553154970853666,0.09616418721213145,0.14451195296416164,0.0992527400293061,-0.00600912049738208,0.16318569204855135,0.1272560449542834,0.13088781057849883,0.28823145430393443,0.2378797354234093,0.14883026653946052,-0.026765327502544883,0.16346140678422583,0.021862717798664336,-0.05174855181291568,0.01828938178730708,0.16645227259240325,0.1880082349235622,0.17281105780423342,0.12002446740038436,0.15380500029671287,0.24832128983370386,-0.10245632614679527,0.19198510044872116,0.08071777127545454,0.04838245833466474,0.10890366874061361,0.08759329337599912,0.1230600683809063,-0.06630665504160828,0.04569378318048816,0.08280389104703127,-0.1510734158955936,-0.08658081774069121,0.0015091273446023363,-0.17845408025855103,-0.02187367335107524,-0.08402726106624914,-0.18858887920134024,-0.072980412385252,-0.31900012324996463,-0.21325439249179476,-0.0519567073087229,-0.3284538520178758,-0.08669037326480027,-0.08282215030104945,0.25815937589869764,-0.18055845928414593,0.3233522164451971,0.10401749236534942,0.2481313935919148,0.005425737331501321,0.2273039754960811,0.17603564206384348,0.31732483669379685,0.21160193000314972,0.11565320198843276,-0.0019035272313949613,-0.04611374602290624,-0.024851757681439924,-0.18454901924981854,-0.10686502302948413,0.06833343223762593,0.1741731981539894,-0.11274541578603806,0.20501581707879324,-0.0175699671789909,0.09087356836036464,0.18973464739098084,-0.13185007326525675,0.06719679367499441,0.12322257574166808,-0.06806776009166146,0.20186426983525588,0.009262006600720327,-0.001988432762579485,-0.21897866862649326,-0.1600131466628931,-0.2038673100010499,0.20270510848279294,0.1651166081609736,0.1516321490685498,0.057193461361136094,0.12063067463378783,-0.015136008618367896,0.07183738308371411,-0.10907256684028174,0.11229167332368636,0.04507570743197287,0.0479351066112194,-0.08984465939644036,-0.19595192338417014,-0.09427709330935284,-0.2704396371886227,-0.3105616090054641
#12,0.5342356448027316,0.3568479049788421,1.0,0.4715598424226378,0.36692610023417493,0.4412933029621075,0.014107099654443617,0.4209086717762146,0.3010585802517038,0.41804744667156624,0.21455079952708533,0.15383330214044105,0.051922014726088365,-0.0927250567178078,-0.17960806511249983,0.06443508150474513,0.4570893836132325,0.5462840135666257,-0.098973373442828,-0.12865196492397304,0.0350668973419091,-0.05504799901400028,0.18363331766080696,0.09517179675624353,0.3147849744598684,0.07467030634463429,0.3966083435661236,0.163489708627954,0.01730064318222279,0.1503302642570538,-0.0397796108040006,-0.02120629761671087,-0.010196880406450995,0.22101001063601547,0.057992303724431336,0.09387173787014931,0.056143554255090905,-0.028036171582210008,-0.028615902897287132,0.07902970324147407,0.1155947723755746,-0.034677062268621016,-0.0033441823734291338,0.1324115453263157,-0.055390360026841105,-0.11887230847183738,0.026652120127632184,0.22658456088776494,0.026851145996430317,0.009680143517736583,-0.10514591426367276,-0.24744758452893406,0.011548978166497009,-0.15766044178265096,-0.11142618468322477,-0.14007586720044551,-0.19352070371164987,-0.2951188449195908,0.03221388890156893,-0.23824857235457644,-0.05051696512938964,-0.16966407537420058,-0.0910753331172655,-0.3328534192735556,0.35424870016935456,0.004013384033195324,0.06779204535598699,-0.05298652923534809,-0.07501905809638147,0.08556012544107511,0.2667211401078209,0.38774164981489684,0.06649837720879913,-0.07246184957113577,-0.17030954000374315,-0.3657492913127034,-0.16768203335052748,-0.11838569935225296,0.13866351390213952,0.3587806470166661,-0.004723669014502412,0.2367184468678532,0.08457412572409355,0.1308549439212661,0.11716689414653965,0.03377414215742216,-0.14893434428736413,0.14952959596835672,-0.038367257505694606,0.12904545184806474,0.008590066052851411,-0.015146964170778803,-0.16499061930824815,-0.19110865625584866,-0.30212126883556173,0.22904225647861157,0.42671237566589215,0.32967722203709365,0.31634340179031983,0.13627520347656197,-0.07967973268452118,0.22938826934225603,0.002802795491790183,0.26430270191311334,0.03152551502508365,0.2024723029940612,-0.05265055896141363,-0.1493844348989122,-0.31323202490562246,-0.23382800695677577,-0.4327452331934979
#13,0.46567579781528023,0.3702456326146795,0.4715598424226378,1.0,0.31468363560006757,0.3285159334815376,0.04134716776146111,0.29476278946623635,0.3402274190087964,0.36094893343132467,0.20642543148899653,-0.08540766067002332,-0.006934864676103658,-0.09107076830376094,-0.07016392245294818,0.01349906649563832,0.2469043717218933,0.3326598711809629,0.056400096774046296,0.014249521835785399,-0.03490073813034369,-0.014563581004898045,0.12517814184701484,0.06447068705008056,0.2322622759247171,0.0370060301186395,0.26198286369010393,0.11117055512697029,0.1935243555624535,0.08304765208817394,0.09328835470426856,0.16034729101142572,0.04747862526076497,0.2717871701351641,0.15461479821241902,0.11839391601656114,0.05867246093660843,0.21513326973026517,0.01275774078250033,0.13070886988912067,0.017402895004724583,0.18084421660953043,-0.02589892589938238,0.015327730785558756,-0.015828947308357717,-0.29735925538762115,-0.21626808236749487,0.1036349609936686,-0.16920941994914798,-0.13762364938580435,-0.22010435163671388,-0.2787028625945487,-0.06684895488594814,-0.20465428384923334,-0.19141906357415767,0.04211496939292545,-0.3665590892284096,-0.38635759836031897,-0.06404524643145704,-0.266309393929711,0.0702798687159636,-0.22408030419917194,0.1440627753153145,-0.05694787439459161,0.3180141235329831,0.03380609585195397,0.17978517987647616,0.11792374022559308,0.13725937726814172,0.06380787612922074,0.3643150269095756,0.30267908904581703,0.12448794204512775,0.03982799782714877,-0.11015442764085873,-0.1323814175571857,-0.15393372803754102,-0.32133182998808585,0.0745160156481807,0.24992810418730343,-0.00798477178214884,0.03350116630985041,-0.08308690948431302,0.046166697859558944,-0.013787562709125518,-0.034364829024910185,-0.25180606846307296,0.12471526975765405,-0.05070777433387959,0.06923543938612388,-0.05789370375273318,-0.02033624416274473,-0.20763328114229893,-0.04728051235466775,-0.23904284990436717,0.09222840500851338,0.22423276897022373,0.16445653612821648,0.18883811801868836,0.07850109783764785,-0.019869720222580305,0.12499281041873034,0.15425691683366277,0.1476927150141281,0.05116425568433402,0.19874011147274578,0.0353563065180972,-0.028349317788621747,-0.13680746073119182,-0.16633997818019144,-0.4106195821369718
#17,0.28906316332446236,0.27261340137948664,0.36692610023417493,0.31468363560006757,1.0,0.49461032469518457,0.030886441134447454,0.29406437300004107,0.06082613994805242,0.14369941616035276,0.25355074018450974,0.3226154555455637,0.3842979545070686,0.01917312968178685,-0.19685119164456535,-0.2499354078889107,-0.05251726640708094,0.29488421350545724,-0.08762707299593275,-0.26879721728968764,-0.10424025526437117,-0.167406318614853,-0.07103488886961523,0.2656246719040294,0.12897424075739386,0.10101475804206018,0.057691026033131414,-0.02799600122337002,0.16027425399535303,0.39021760465976163,0.030862704104223822,0.016531015625356627,0.040718136460534904,0.29897885121903345,0.2604518252406798,-0.03122241140838191,0.2870856861142938,0.20827052910753333,0.10190124482464269,0.1494757311690031,0.3372785494848608,0.11747912739025047,0.01668165447100659,0.04447315204937302,-0.048353243528235654,-0.24650814590969886,-0.1896387863073854,0.07205649413193224,-0.23291869610667057,-0.11761059401918135,-0.2113709504398198,-0.2595416014278737,-0.23081340411837475,-0.2982603495734182,-0.28803060250973445,-0.163810158535973,-0.26575431260755844,-0.2842271998977482,0.06588395331108747,-0.1312146512254242,-0.049341069170619034,-0.08058265279572004,0.2812984155532326,0.026435747967516788,-0.01632103420414759,-0.198297324562805,0.10466752180839652,0.07237055330104489,-0.020945190284250938,-0.10507196428489914,0.12050012096755787,-0.012703875983146708,0.08924758179004597,-0.0290148675975843,-0.21882255200463785,-0.25356260869962155,-0.4161813509109085,-0.3267183099234481,0.1224310370799801,0.21674282297196748,0.1387219435149977,0.48245879114608775,0.015277517837008769,0.19744644332555794,0.25901664787485107,0.11249343808058722,-0.0057124076195867015,0.2984566365541136,0.1463725709486139,0.29679413147575856,0.18879794765984836,-0.07910182729484587,-0.13284702853464922,-0.13127399380098326,-0.23743694851346847,-0.11848795117475476,0.16000675592398672,0.039004505470928985,0.15740846407720013,0.08420894064373,0.08951051504790772,-0.1136565525615451,0.2286414658529126,0.0075355941333016836,0.1999278759466282,-0.024227291194018268,0.08590248645391592,-0.15314310233855397,-0.14510994353325696,-0.13667690706496186,-0.25608877649303635
#18,0.27755435551680535,0.24491867784741655,0.4412933029621075,0.3285159334815376,0.49461032469518457,1.0,0.21860891873262517,0.2699201614118055,0.26035596415708434,0.1760155568844235,0.2715333665043115,0.2848671867510853,0.3277390022230642,0.054950312005003034,-0.00654320367741376,-0.16153322955990632,0.14587044146311404,0.29703697955420033,0.04113627337755116,-0.16261965517398785,-0.058698023892233886,-0.22416247084225374,0.14468724180273615,0.10494688839487462,0.10010727311735679,0.10377190539880493,0.04389524665969772,-0.0781979942209461,0.29159389593138174,0.45561220996316193,0.042017282383928205,0.20665641105232646,-0.03981795523743877,0.29952480291417694,0.2634061725408208,0.17068933248732124,0.23750633367873755,0.19848174302838859,-0.0814353599583689,0.1153062761620874,0.41461379395344805,0.16406213624142385,0.14192279074438413,0.17829978956209744,-0.06773361574312882,-0.1854382449205038,-0.22413964677473103,0.1359702739344584,-0.208383736482446,-0.1286483130731694,-0.2774584944332099,-0.29368823236726666,-0.32051016355726786,-0.3003966822935449,-0.09457471914984913,-0.24197985091319094,-0.40932865287788667,-0.47548101722304137,-0.08814654877274988,-0.14935613305518403,-0.11790821985967763,-0.15842367860061077,0.3732648002665851,-0.07597310411883122,0.07835502380550242,-0.21559157700612142,0.20433200801581253,0.015205393783636969,0.11937717684543998,-0.1036961294946295,0.24391715776451953,-0.021884628903486147,0.22224798805844787,0.20975318053380929,-0.17102256387315296,-0.2391003665545244,-0.2774995777547508,-0.32924265179146106,0.1781089803576075,0.11292618240081802,0.26861553771220675,0.46898437464337395,0.005467733615743129,0.37802316186372203,0.2962436149671105,0.03083348929779474,-0.08481423491443257,0.2657095774352139,0.2058256149944994,0.3519224712074388,0.22752308654429923,-0.18659222977445256,-0.07006714840665185,-0.2303350116630985,-0.2670379381650363,-0.08419342027781455,0.14489357137314154,0.15581717008951598,0.13423016702652613,0.01799358187221261,0.027807017944281885,-0.014884943875617961,0.15263914692765226,0.031211455855971005,0.15021431799403837,-0.2036491119155327,-0.06959058187677743,-0.1664267096367778,-0.17171458960044186,-0.20547960213085495,-0.4104342507086873
#26,-0.0017218476539140994,-0.0816407765660734,0.014107099654443617,0.04134716776146111,0.030886441134447454,0.21860891873262517,1.0,0.11022837761963235,0.2405720624283895,0.14671584492415563,0.05421081221726686,0.10227738545741713,0.1677386370379838,0.22432771709111823,-0.02707117000734935,-0.1997434574810446,0.041085147466300265,0.028815841728786172,-0.09155920334874719,-0.17197752285830362,0.0977883478570483,-0.05194118694280745,0.12600528605403827,0.19589258080861108,-0.006910214683179119,-0.07499623402885876,-0.017327119100549147,0.11390853026699595,0.2243642355991546,0.12801380399603773,0.04492872043712654,-0.009678317592334765,-0.17781591933061575,0.022993878585090406,0.114749368914533,0.051505703734473926,0.23220110742375621,-0.0007714534822679819,-0.02610616843248869,0.024253767112344626,0.046529144051819765,0.02598657031866963,0.046821292116110594,0.10425577563028662,-0.15370822625041655,0.0020158216436067505,-0.05234015164310462,0.03160037796655818,0.04558240173097728,0.07649166693294746,-0.25168281849845026,-0.16757065190101658,0.015526756654356886,-0.22513295019331986,0.07892197364276682,-0.014199308887235413,-0.08974149461123766,-0.08240036153322956,-0.17669114928309604,0.08817485061647806,-0.18606545029602817,-0.21914574080075958,0.11838204750144933,0.07570743197286675,0.13137259377268143,0.009738573130594749,-0.09019067226008481,0.08858750975728887,0.005757142791931236,0.026717853442097622,0.22926501937763333,0.21796254114038172,0.18830677372675939,0.12534064920777663,-0.005582766916057644,0.08353426120775835,0.025328324211314347,0.05167094998333843,0.08669676400370663,-0.010597671032149982,-0.006830786928200048,-0.04803005473211392,0.1490037294526332,0.23751181145494302,-0.07650079655995655,-0.1714699155965983,-0.10388876462452126,0.0314689113376273,0.11597821670995631,0.05295457554081628,0.17117320271880293,-0.017998146685717156,-0.0121049724513505,-0.04716456609165232,-0.032501472152355215,0.15789781208488726,0.013107405496948422,-0.04366974487257323,0.05467003245582402,-0.028323754832996297,0.027433616199610166,0.0975820182866429,-0.005117155938594129,-0.08135593220338982,-0.12341703679696166,-0.15716105118525384,0.12282634992947364,-0.16456883054042826,-0.05743448351417603,-0.24587454979526813,-0.14804785750478164
#49,0.4981699662660282,0.30485741805018557,0.4209086717762146,0.29476278946623635,0.29406437300004107,0.2699201614118055,0.11022837761963235,1.0,0.26020897716223806,0.21004624156080104,0.38807670712613035,0.16982566977226146,0.11243866031853268,-0.02468103365636997,0.08327132794989661,0.0805479602130855,0.2876261600332318,0.24967612648185258,0.3145941652553785,0.03627109514440788,-0.10988510364409063,-0.0008618367896579585,0.14937895712270674,0.08112951745356443,0.22973336924319956,0.1597456485915268,0.29941342146466604,-0.014685918006819832,0.12470614013064496,0.12304546097769176,-0.10149315049733643,0.027969525305043662,-0.08624849931756039,0.16812573322316918,0.04502823337152561,0.02336545440436031,-0.042256478611566325,-0.008413864251576001,-0.12126518371091949,0.1535804114722893,0.1597684726590495,0.2113937745073425,0.10184464113718635,0.16552561545098074,0.057180679883323364,-0.17702255474352596,-0.07991892891215929,0.14578005815572403,-0.0653087868095149,0.028006956775780925,-0.0630510300501673,-0.19704930455066258,-0.18958857335883542,-0.054275632569031396,-0.09753271830079382,-0.08378715187591011,-0.4539862233928433,-0.40667467030634463,-0.2163119045771385,-0.2949207320134936,-0.11832544381399297,-0.11522593544440742,0.09818092181843911,-0.2582588888330967,0.49567210031634157,0.22961742298018414,0.05893904604527382,0.011691400347838788,0.16085398531043013,0.17388013712699768,0.2835342612077584,0.38488772841185576,0.19622033441823733,0.13508743900267955,-0.152601715456915,-0.2738258158462936,-0.3609534982448292,-0.3754823866670927,0.04989797641817344,0.23358789776643676,-0.18402680458489867,0.2835917778579156,0.0924155623621997,0.1798216983845125,0.14555455636859957,0.07986049929930113,-0.035475904631916265,0.08505890891827614,0.10814590969885925,0.19446014233088507,0.06894329132183305,-0.1334021098568018,-0.11838569935225296,-0.21203832617418417,-0.2569907836415343,0.2196113517782231,0.17007034377610503,0.1919659282320021,0.04939219508186993,-0.03278540355233787,0.05334349765140345,0.12159202435784486,-0.03259185545974519,0.2143316884788672,-0.02008974423349934,0.1521881433534033,-0.12574326575887743,-0.18474348030511215,-0.27955648271989847,-0.3440518197629036,-0.3857833448214473
#50,0.16237041635663976,0.25245701086882094,0.3010585802517038,0.3402274190087964,0.06082613994805242,0.26035596415708434,0.2405720624283895,0.26020897716223806,1.0,0.2713370795236161,0.2145380180492726,-0.08958902984018588,-0.004694454208073329,0.18765309243290865,0.09473357465980728,0.10992983881643516,0.258286277714124,0.14750281877233906,0.15184943419136612,0.04332373200892878,0.06186143965088306,0.10530385681092999,0.09810331998886186,0.13556491849525487,0.12253876667868734,0.12025727288911611,0.08137053960660437,0.023319806269314867,0.23456659378181105,-0.021616217869418943,-0.05901117009864562,0.251945751756312,-0.06809697489809054,0.11828344752975117,0.012156098362601396,0.09152542372881356,0.02417616528276737,0.19736245075707431,-0.1648290249101873,0.060162416064491686,-0.15619604961039316,-0.01493424386146704,-0.1819352070371165,0.03138126691834005,-0.1251334066746703,-0.18603623548959908,-0.14981900514454483,-0.1692724143755107,0.09914501043059885,-0.25417520667193144,-0.24144576773315926,-0.2642817037709924,-0.27871564407236143,-0.3174489996211205,-0.02710494962728298,-0.07669708354065195,-0.2192178648541314,-0.32067267091802965,-0.135844285081733,-0.15565557569145513,-0.10558961413631446,-0.15090725668402818,0.19333354635796354,-0.05268068673054362,0.35969634860567773,0.2159823250421104,0.17766984529847032,-0.0960765427928442,0.19863146891133762,0.13895201011562672,0.29527678746684805,0.13046693477337984,0.10958200002738888,0.04765756595014311,0.03553798609557807,-0.11074237562024404,0.0826413836862695,-0.09463223580000639,0.03613141185116882,0.198567561522274,0.0586277257642639,-0.12267753700922548,-0.1525679358369814,0.21750240793912365,-0.04297863210798523,-0.14044653005701452,-0.1163379240141144,0.15852319153500985,-0.08855281717465432,-0.1825322846435109,0.12589116571642467,-0.16622494487987693,-0.0472038234877914,-0.06621901062232102,-0.11274815467414079,0.16716529646181305,0.3427846275340421,0.18084512957223134,0.12409993289724149,0.1215034669758567,-0.10685498043977414,0.19514851620737034,-0.03546221019140263,0.2534128828166725,-0.03040348386566667,0.022214208438514245,-0.08914898181834781,-0.20951033245536754,-0.15101681220813723,-0.27785198135730166,-0.267280786243478
#51,0.31626762588614443,0.3064377564854588,0.41804744667156624,0.36094893343132467,0.14369941616035276,0.1760155568844235,0.14671584492415563,0.21004624156080104,0.2713370795236161,1.0,0.22839040111016265,-0.09115476087224457,-0.008800047474060447,-0.0031287231760146438,-0.19714151378345438,-0.0190234037988378,0.46856075995015223,0.2623663080244857,-0.07484011740700333,-0.05386662527902423,-0.11183245308512921,0.06450629259541601,0.16749396303414024,0.13920855263458212,0.05034989295512332,0.04584442202613812,0.2708961185390771,0.14451377888956346,0.18402589162219776,-0.07541893575937955,0.06770622686210155,-0.15636038289655677,0.16729311123994028,0.0808583675313945,0.1313616382202705,0.11355247481364149,0.11498400032866657,0.11881570478438104,0.015015497541847929,0.16935640694399431,-0.05664020596438533,-0.07535411540761502,-0.11708929231696238,0.14888504430151506,-0.08047309727161096,-0.17897173010996636,0.01444854770458353,0.1865849260728453,0.003167067609452816,-0.030332272774995776,-0.14477762511012612,-0.1362058183112929,0.09792985707568917,-0.04265818219996622,-0.14738687250932364,-0.08830540428270803,-0.09574513733241428,-0.010986593142737153,-0.1936786462589071,-0.10012461940867406,-0.12309293503813902,-0.18021975012210875,0.026308846152090455,-0.2921334568876189,0.2636371521041508,-0.013274477671214743,0.1325877471275911,0.03524492506858632,0.03890864438733355,0.05798317409742225,0.2834201408701448,0.21714270063496555,-0.01711987656744284,-0.14692582634536466,-0.14588687479173038,-0.04431338357671397,-0.01763478753075543,0.03696859864790224,-0.023887669069280176,0.156417899546714,0.09025001483564389,-0.028754673227825277,-0.08498769782760525,0.03864205927866817,0.02944487302971237,-0.10509022353891732,-0.08042014543495825,0.08107839154231354,-0.10238237616802165,-0.04120839743092296,-0.04037121063418954,0.07117457216285429,-0.12380139409404428,-0.19379733141002525,-0.15504754253264982,0.19415338686337968,0.3433707495880256,0.32302172394746814,0.3827678290203454,0.031513646509971835,0.04260705628871533,0.23277262207452515,-0.046866940251156036,0.24105867154797392,0.09290582333258775,0.13869820648477407,0.1437514550343046,-0.03439039198053564,-0.16804721843089102,-0.362327507109697,-0.2302135876238776
#52,0.381008549895694,0.1462292358045712,0.21455079952708533,0.20642543148899653,0.25355074018450974,0.2715333665043115,0.05421081221726686,0.38807670712613035,0.2145380180492726,0.22839040111016265,1.0,0.09571227067518157,0.09545664111892709,0.12373474781687795,-0.05027137816284516,-0.08316907612739481,0.2423979878302072,0.2247577225232463,0.03733834854177032,0.015797906576526816,-0.38585638183752,0.04559153135798637,0.005488731757864032,-0.043555624534959626,0.024944879876932627,0.22950512856797237,0.0893224447315205,-0.0391396239506635,0.2103831247974364,0.06486508693687319,0.08187540798020697,0.005739796500613967,-0.015035582721267923,0.0453368147644328,0.033250101567100475,0.1739139167469313,0.18032017601920874,-0.05048501143485783,0.08314168724636754,-0.04456718720756663,0.11184340863754011,0.11852173079468838,-0.04902335815070275,0.15334669302085663,0.08123268223876713,-0.18280617345378355,-0.05297831257103991,0.1136866803306751,-0.13093163278814243,-0.2511113038476813,-0.2129503759123921,-0.1986415115010476,-0.1651503877809072,0.06126983982069412,-0.16818416283602733,-0.003547773055731808,-0.3357310777068203,-0.16746657415311297,0.03647103397590692,-0.1982042023673123,-0.1479529093838871,-0.04983863384261436,0.09656771672593316,-0.22289619157609317,0.3407633281142299,0.008250443928113317,-0.03697772827491133,-0.1225643296343128,0.19972611118972736,-0.04238064153888993,0.19868533371069125,0.1436592458015128,0.06888851355977851,0.31467907078656304,-0.152271222959186,-0.08586231609507594,-0.2762944669895511,-0.3033336833023687,-0.10767299501978847,0.06732095660231802,0.19457791451930231,0.17644556231655156,-0.0503270688876006,0.27458631377615067,0.02354256916833663,0.09913040302738432,-0.0148064290833398,0.2614944286451177,0.15175905088397615,0.014580014333514404,0.06075310293197971,-0.005393783636969512,-0.10158170787932459,-0.3125911250895845,-0.19321212231874266,0.12776639110409144,0.13826089735103872,0.21916308709207685,0.13868816389506405,0.0045401635116197325,-0.07506470623142691,0.14010782089497734,0.1625201422395888,0.058784755348820224,-0.060599725198227025,-0.06419040750090155,-0.12815896506548224,0.02741261805748926,-0.25746735017140876,-0.3011590061488038,-0.3066349564288551
#53,-0.04454892795354846,0.10467026069649925,0.15383330214044105,-0.08540766067002332,0.3226154555455637,0.2848671867510853,0.10227738545741713,0.16982566977226146,-0.08958902984018588,-0.09115476087224457,0.09571227067518157,1.0,0.4615985063930213,0.14175937042092146,-0.09485225981092542,-0.16760625744635202,-0.0010919033902869898,0.1410737354325389,-0.023210250745205805,-0.3268442987761735,-0.05176589810423295,-0.12715653201988433,0.04853035829221197,0.26114567689337054,0.201362140349756,0.21824282068956072,-0.08071959720085636,-0.06104616395897146,0.12011576367047525,0.36873194045657265,-0.08440066281092086,-0.1352371648856286,0.14940725896643492,0.3336979097718963,0.1524793784549932,-0.1373944957478762,0.15116471216568447,0.06884925616363943,-0.004335659866616149,0.17419054444530668,0.24863626196551739,0.013527368339366495,0.06473544623334414,0.05640466158755084,0.08725914902746648,0.021712078953014375,0.020709645907416453,0.21563813810386775,-0.03444060492908562,0.02401730977280923,-0.10319491297183053,-0.09835164584350907,-0.1032423870322778,-0.17581653101562536,-0.0607622325589888,-0.225271720523858,-0.18929277344374096,-0.27902331250256773,0.01805201148507078,-0.11615441851123172,-0.258566557263303,-0.07749775182934901,0.1577864306353764,0.0017985365207904432,-0.015392551137323284,-0.26879721728968764,0.00725166273331903,-0.04593845718433173,0.05734683909488878,-0.02787549014685005,0.006836264704405502,0.1308239031894352,0.10756435245838031,0.022614999064213232,-0.11957802863963993,-0.08482975528034802,-0.288095422861499,-0.18587098924073456,0.13403388004583072,0.2345629419310074,0.17079341023522485,0.36239141449876067,0.18880525136145562,0.35084882707117,0.23451729379596198,0.09416571185984196,-0.01163479666038244,-0.045024581520721974,0.22278298420118045,0.3333719820876718,0.04405501513235677,0.03521662322485815,-0.0037203230062035817,-0.21344246280818197,-0.23309398494524505,-0.0183532891763707,0.011456768933705213,0.07270652357497935,-0.04670991066659971,0.11129745694239662,0.044248563224949446,0.09337143431005127,-0.05352791611698704,0.13243619531924022,0.05883862014817385,0.018811596452226943,-0.047021230947609634,-0.19089867483463963,-0.07845818859070512,-0.2357908767637298,-0.2084156901769778
#54,-0.0348404825920837,0.04986967457444526,0.051922014726088365,-0.006934864676103658,0.3842979545070686,0.3277390022230642,0.1677386370379838,0.11243866031853268,-0.004694454208073329,-0.008800047474060447,0.09545664111892709,0.4615985063930213,1.0,0.22427841710526916,-0.08472019975623896,-0.24878872673656918,0.10589545664111892,0.21500636791483885,-0.014666745790100745,-0.4149789790338116,-0.0666188882853191,-0.17866314871705916,0.19432502385115055,0.367265722358913,0.09477283205594636,0.07956287345880483,-0.13565347587724302,-0.15770061214149095,0.3254301195524657,0.42420264120109374,0.11812459201979303,0.026529783125710398,-0.013759260865397345,0.29703880547960215,0.2871751564589829,0.024143298625534652,0.23398229765322937,0.16425659729671743,0.3369900532713736,0.26215176178977206,0.14152017419328333,0.04910095998028,-0.09221471056799975,-0.10025060826139948,0.11417694130106315,-0.07151875910109692,-0.2866958510410057,-0.0157549973295841,-0.24372908744813232,-0.08784253219334724,-0.4003715758192699,-0.2888878744858879,-0.24556231655155727,-0.23421327721655932,-0.02991504882068043,-0.09338695467596671,-0.19511747547553945,-0.2782883775283361,-0.08526432552598064,0.021877325201878878,-0.04121478816982932,-0.011884035477730558,0.40870875120396954,0.20931861028817667,0.035774443435113455,-0.3094286222936362,0.04123669927465114,0.03206781486942351,0.05118525382645492,-0.08717972127248741,0.05956168660729366,-0.1036970424573304,0.1942154683270415,0.15828034345656808,-0.07994631779318656,0.06482217768993048,-0.1428686201025257,-0.1313497697051587,0.21637763789160394,0.2197756850643867,-0.0344789493625238,0.2634618632655763,0.219251644474065,0.253638384603797,0.05121994640908946,0.13416991148826615,-0.038925990678650824,-0.02576472038234878,0.18305541227113167,0.1604988428197766,-0.012412640881556783,-0.1249882456052258,-0.1357411202965303,-0.15230682850452146,-0.18407153975724322,0.048243688004126595,0.07599227633555031,-0.10327251480140778,-0.07388698434725449,-0.07549745055165771,0.04535233513034825,0.10731967845453674,0.14656611904120656,0.05096522981553589,0.3172764496706487,-0.11209356041758914,-0.019026142686940525,-0.031178589198738286,-0.015376117808706926,-0.12880625562042664,-0.12535434364829026
#58,0.04463839829823753,-0.0737746899350427,-0.0927250567178078,-0.09107076830376094,0.01917312968178685,0.054950312005003034,0.22432771709111823,-0.02468103365636997,0.18765309243290865,-0.0031287231760146438,0.12373474781687795,0.14175937042092146,0.22427841710526916,1.0,0.10474238474987105,-0.13624142385662832,-0.09820191996056,-0.0522141627903792,-0.02565972967174426,-0.13166108998616863,0.06274975235886737,-0.005882218681955749,0.12308837022463447,-0.01818530403940347,-0.14292157193917843,0.11543226501481282,-0.16255483482222333,-0.10839697444160919,0.21593941579516768,0.1377825048957625,0.07128869250046789,0.022746465693144105,-0.2523483683074128,0.03950572199372795,0.140651946664719,0.06687451784157358,0.21519352526852514,-0.059906786508237206,-0.037850520616980195,-0.13370156162269992,-0.016879767377103807,-0.09515536342762716,-0.00473371160421241,0.0400270236959469,-0.06426253155427335,-0.0928172659505996,-0.037579370694810266,-0.08567881059219326,-0.040429640247047705,-0.1251343196373712,-0.18990263252794806,-0.0018323161407240707,-0.16824350541158642,-0.13559961107788943,0.1764692993467752,-0.06325096888166634,0.12057407094633149,0.017008495117931958,-0.031004213322864696,0.09994933057009955,-0.04443845946673849,-0.05039188923936513,0.1337417319815399,0.15833238233051988,-0.15409988724910645,-0.2073913460265581,-0.02059917742060648,0.02230550470860513,0.06702972150072808,-0.1415685612164315,-0.18733720733839418,-0.12193164648258295,0.011016720911867145,0.10881511135862544,0.0599478698297781,-0.0008572719761534142,0.05454039175229496,0.028538301067709878,0.0839414425723637,-0.059589988451021834,0.142054257373315,0.037811263220841114,-0.09583460767710335,0.24638215705697344,0.002006692016597662,-0.05435506032401046,-0.03739221334112395,0.07605618372461394,0.02511012612579713,0.16606152455641424,0.12941611470463374,0.06060155112362885,0.09927099928332428,-0.11528162616916286,0.08731575271492283,0.07299136793766291,-0.088085380271789,-0.17033327703396678,-0.12424874581748963,-0.23443604011558108,-0.08491192192342982,0.0750427951266051,0.08501782559673525,-0.13300679700730828,-0.11290609722139802,-0.22053435706884195,-0.17534452929925548,-0.08856742457786887,0.043482587518886916,-0.15113001958304995,-0.02401730977280923
#101,0.040246134744165024,-0.15996841149054855,-0.17960806511249983,-0.07016392245294818,-0.19685119164456535,-0.00654320367741376,-0.02707117000734935,0.08327132794989661,0.09473357465980728,-0.19714151378345438,-0.05027137816284516,-0.09485225981092542,-0.08472019975623896,0.10474238474987105,1.0,0.4231070859600031,-0.08214016716347054,-0.3101498628273542,0.6604006993294289,0.30368973875572314,0.1572423048656347,0.2616971063647195,-0.0022221512140121517,-0.22484445397983266,-0.005823789069097582,0.04272300255173075,-0.2727695180013421,-0.41793606522205534,0.08071503238735181,-0.1373716716803535,-0.225301848292988,0.06887481911926488,-0.2077547051815198,-0.03126075584182008,0.1613323777657064,0.1162137610867908,-0.05636540419141176,0.14522406387087056,-0.2782682923489161,0.2130827555040239,0.048050139911533916,0.2055152076761904,-0.1437432383699964,0.032090638936946234,-0.08460060164241989,-0.022012443681613387,-0.3297803868222964,-0.31587048711124904,-0.1655639598844189,-0.22043301820904107,-0.1209365171385923,-0.052809414471371774,-0.26471444809122324,0.04006719405478689,0.29440399512477916,0.21588189914501044,-0.17600368836931168,-0.21091264316396355,-0.23407085503521755,-0.3902477324288916,-0.0362327507109697,-0.0794660994125085,0.10183094669667271,0.19088224150602326,0.10484737546047557,0.08823419319203714,-0.12602445827075734,0.10802357269693746,0.5318564640041631,0.1092852871495935,0.03329301081404319,-0.04856961568835105,0.20394673775602898,0.2526396034090027,0.12820096134972406,-0.14677153564891107,0.020994490270100016,-0.32205215755910294,0.3710052175818357,0.0789822291810268,0.00544308362281859,-0.009842650878498359,-0.22975345442261957,-0.012293042767737725,-0.014787256866620715,-0.05536023225771111,-0.16840783869775,-0.09739668685835841,-0.03182679271638357,-0.09960970844536146,-0.17873162091962733,-0.14570702113965134,-0.1753153144928264,-0.10188937630953088,-0.15124505288336446,-0.12666353216139353,-0.11942191201778452,-0.1057274715041517,-0.26618157915158375,-0.2478100307211949,0.026965266334043923,-0.23701150789484496,-0.1716844618313119,-0.015425417794556003,-0.060634417780861566,-0.13508652603997864,-0.17692121588372506,-0.1414343556993979,-0.30749861914391485,-0.03602916002866703,-0.0832603723974857
#102,0.04774247148132763,0.10186381335390543,0.06443508150474513,0.01349906649563832,-0.2499354078889107,-0.16153322955990632,-0.1997434574810446,0.0805479602130855,0.10992983881643516,-0.0190234037988378,-0.08316907612739481,-0.16760625744635202,-0.24878872673656918,-0.13624142385662832,0.4231070859600031,1.0,-0.11895356215221826,-0.11514102991322289,0.21125591713950526,0.6413937288592074,-0.164180821392542,0.4221576047510579,-0.18732990363678692,-0.11578375565466273,-0.052120127632185584,-0.047022143910310545,-0.16419725472115837,-0.12302172394746813,-0.1641579973250193,-0.2540282196770851,-0.1835538899058279,-0.13146754189357593,-0.19397627209940338,-0.2048250078743033,-0.0466460032775361,-0.054618906544573124,-0.07548193018574226,-0.10348614807342046,-0.2547996731593531,0.05211373689327922,-0.11499860773188111,0.053474964280334325,-0.13532115745411222,0.14107830024604345,-0.15673104575312577,0.018007276312726243,-0.15929464501727783,-0.080372671374511,0.06656776237406821,0.05736875019971059,-0.0303861375743494,0.20781130886897617,0.014333514404269014,0.2567954096235398,0.16515495259441176,0.27549288573815317,-0.23189800380705447,0.051577827787845726,-0.23421327721655932,-0.22142266977682626,-0.05876101831859659,-0.1669845298470331,-0.18016405939735333,-0.16054814280562568,0.19462995339325412,0.3287569556345776,-0.020930582881036396,0.005197496656274108,0.22242053800891964,0.13606704798075475,-0.016054449095482204,0.17633509382974158,0.18299424377017076,0.034803964084047345,0.30272930199436704,0.0031497213181355477,0.21856235763487883,0.005223972574600465,0.041139925228354794,0.16568447096093888,0.00734752381691446,-0.006328657442700178,-0.07380025289066815,-0.14864676103657784,-0.08701173613552018,-0.25750660756754784,-0.2217778122674798,0.1504233864525465,-0.17617349943168073,-0.15370731328771564,-0.04905713777063638,-0.005364568830540428,-0.2068581758092273,-0.1458257062907695,-0.24155806214537104,0.008250443928113317,-0.09170619034359351,-0.04408514290148676,-0.15495807218796076,-0.04114266411645752,0.048325854647208386,-0.0692683060433566,-0.29963070658748236,0.02644031278102133,-0.12987259605508816,-0.11840121971816842,-0.09502115791059357,-0.1080372671374511,-0.09138665339827541,-0.06891590244080578,-0.06468432032209324
#201,0.2761392633303966,0.2553154970853666,0.4570893836132325,0.2469043717218933,-0.05251726640708094,0.14587044146311404,0.041085147466300265,0.2876261600332318,0.258286277714124,0.46856075995015223,0.2423979878302072,-0.0010919033902869898,0.10589545664111892,-0.09820191996056,-0.08214016716347054,-0.11895356215221826,1.0,0.370170769673205,0.08074059534297726,-0.22887974911784978,0.11534096874472194,-0.056067778350915476,0.35526939246897066,0.1189882547348528,0.17025476224168862,0.02038554414859381,0.40054503873244257,0.01123583196008527,0.26040435118023253,-0.036230924785567886,0.04901148963559094,-0.0063825222420538005,0.354564585263869,0.31285679723554893,0.11093957556364034,0.21276778337221033,-0.07074913154423076,0.14942917007125675,0.035658497172098035,0.03992842372424875,-0.09706071658442395,0.007933645870897944,-0.03848959450761639,-0.061642328602664935,0.11370767847279599,-0.10743014694134671,0.14296722007422386,0.13076090876307248,0.004296402470477068,-0.09989729169614775,0.02666490160544491,-0.2564119652891581,0.08875823378235882,-0.0584734350678103,-0.14642369685986478,-0.15232508775853962,-0.21895858344707328,-0.2959112965439797,-0.008206621718469692,-0.28365568524697926,-0.00737947751144627,-0.04789128440157577,0.07438820087005345,-0.1903791990578225,0.38026265936905146,0.014307951448643566,0.20467436902865332,0.13703661436911996,0.12398489959692696,0.21851214468632885,0.41692724143755105,0.26131366203033773,0.09029018519448388,-0.007655192247120744,-0.12490973081294764,-0.145980909949924,-0.10337933143741412,-0.08749195451619825,0.04905531184523456,0.17834452473444198,-0.1100896072890942,0.00716401831403178,-0.05674610963769075,0.060833443649659695,0.06591955885642292,-0.006976860960345465,-0.03990833854482875,-0.024650905887239977,-0.015917504690345877,-0.050367239246440584,-0.1042338645254648,0.03260098508675428,-0.058713544258149335,-0.13861603984169227,-0.13635919604504557,0.3615642702917372,0.412671009325914,0.4723942903312685,0.3094578371000653,0.20867588454673686,-0.04221083047652088,0.5054572345446827,0.07627072995932752,0.5109779199970785,0.12636225447009364,0.3639571455308193,0.04337394495747876,-0.06468523328479416,-0.3023842020934235,-0.28468459421090353,-0.27452149342438614
