,#10,#11,#12,#13,#17,#18,#26,#49,#50,#51,#52,#53,#54,#58,#101,#102,#201,#202,#301,#302,#401,#402,#501,#502,#601,#602,#701,#702,#801,#802,#901,#902,#1001,#1002,#1101,#1102,#1201,#1202,#1301,#1302,#1401,#1402,#1501,#1502,#1601,#1602,#1701,#1702,#1801,#1802,#1901,#1902,#2001,#2002,#2101,#2102,#2201,#2202,#2301,#2302,#2401,#2402,#2501,#2502,#2601,#2602,#2701,#2702,#2801,#2802,#2901,#2902,#3001,#3002,#3101,#3102,#3201,#3202,#3301,#3302,#3401,#3402,#3455,#3501,#3502,#3601,#3602,#3701,#3702,#3801,#3802,#3901,#3902,#4001,#4002,#4101,#4102,#4201,#4202,#4301,#4302,#4401,#4402,#4501,#4502,#4601,#4602,#4701,#4702,#4801,#4802
#10,1.0,0.2942186636964947,0.25087575947084684,0.21893849826765327,-0.054374232540729546,-0.08626401968347583,0.12076761903892416,0.4929213436985032,0.1565000661897958,0.3272487412526761,0.3301656570820799,0.08355799823798199,-0.153312913400923,-0.03906658693459079,-0.13275664522725925,-0.1162028055343799,-0.04018861809400777,0.09027740371667116,0.1904421934841852,0.15279435058680677,0.2190024056567169,0.09224575129983065,0.0029497824866365086,0.01490137720423432,-0.06564749597155209,0.027323147712800193,0.20294065285962742,0.14615345990039577,0.006339612995111084,0.06083709550046333,0.04211679531832727,-0.10130142833014558,-0.1621805201148507,0.044193785462894916,0.2807661582986027,0.14046570227373362,0.07090250927798344,0.07624607996640297,0.03803037426905924,0.1360323553981202,-0.09979869172444959,0.07640310955095929,-0.08161247472234522,-0.19351340001004258,-0.10372625726375949,-0.09456467656013913,0.18901340685726284,0.18626082431402266,0.18682503526318434,0.10333094441426595,0.15075205302487366,0.01766948011338997,0.03349751445904678,-0.1397325932249038,0.032551685100905205,-0.1955876512665075,0.051666385169833885,-0.37210625059913177,-0.017760776383480854,-0.03678691907042138,0.0542865881214423,0.1460548599286976,-0.12577795834151195,-0.10542436788744995,0.002150940123341261,-0.018730342771846056,-0.2626694116411874,-0.11386653398275413,0.020653042219960102,0.012934855546476649,-0.01408975336312635,0.03853798153076456,0.12009841737915797,0.2221804288185806,-0.07374182327780998,-0.005950690884523913,0.041657575079770116,-0.058686155377122066,-0.10857043735478188,0.04740376231929044,-0.21551853999004872,-0.10449588482062565,0.02264877868414686,-0.11258108249987447,0.1484376925780697,0.1510149862827354,0.1492191886500477,0.03509611214833818,-0.08004217887678199,0.046317336705208906,-0.10498705875371461,-0.23987821077569876,0.10034920823309763,0.046405894087197065,0.2112495264005989,-0.2499436245532189,0.16638014853903144,-0.23850237598542912,0.20323188796121736,0.11877279553743832,0.16552378952557895,-0.16230742193027703,-0.18470513587167398,-0.19964211862124373,0.21347715539081652,0.010027982306782856,0.058664244272300256,-0.024628081819717255,0.08165903582009157,-0.08443900724435903,-0.21717191544139464
#11,0.2942186636964947,1.0,0.22267434163977232,0.11383914510172687,-0.0572975391090397,0.0032510601779364304,0.1703469714744804,0.309069827952179,0.12138752071284127,0.1569611123537548,0.12495629191069399,0.03083166337239292,0.058935394194470185,-0.0035459471303299905,0.1268844691350135,0.028994782418164305,0.08862859307882977,0.09387447675825204,0.03846859636549549,-0.12540729548494295,0.05335993098001981,-0.015351467815782387,0.1709239639014548,-0.02734962363112655,-0.13168482701639225,-0.10481176991514012,-0.01805018555966896,-0.12953845170655554,0.2936754508894539,0.037489900350121196,0.034066290221712994,-0.1012210876124656,-0.06073575664066245,-0.09240004199628424,0.2121177539291632,0.11459599118078032,0.22453769851232727,-0.19057092122501335,0.060366919709495266,-0.1732045447283251,0.0706185778780008,-0.0865187362770294,-0.004484472786864292,-0.06147251754029589,-0.1069645359638832,0.006276618568748373,-0.24438094281658124,-0.2369549042073886,-0.19601674373593467,-0.2030602509734465,-0.21980398690811487,-0.17270150228012435,-0.11359173220978057,-0.19897382992417845,-0.09861640502677263,-0.16196597388013712,-0.18621700210437903,-0.34916258496259134,0.019308248161521362,0.06441956113882967,-0.019626872144138552,0.011582757786430635,-0.061187673177612326,-0.005146370745023212,-0.16104662044032192,-0.23907662952430078,0.021649997489352573,0.039265612803388916,0.13696357735304723,0.09230235498728699,0.15102776776054813,0.2324384777259925,-0.148374698151707,-0.2774347574029863,-0.13919029338056393,-0.2017839291175759,-0.1256300583839647,-0.3139094432296968,0.32638873038842,0.22302857116772495,-0.023019441540715856,0.0017967105953886253,0.014072407071809082,0.12085800234631414,0.010103758210958292,-0.07080756115708893,0.04134990664956383,-0.033300314515650464,-0.12853784458635942,0.019098266740312324,-0.12588203608941556,-0.07390159175046904,-0.01973094989204216,0.0159613268999895,0.2571779409952206,-0.0677637435122588,0.12789420588221867,-0.3208433949430996,-0.006066637147539337,-0.09943533256948787,-0.0520808702360465,-0.024160644916851923,-0.1057165159517408,-0.23096769481482834,0.05531275819726385,-0.14407920864393084,-0.11844504192781204,-0.2089004733711604,0.1033756795866105,0.04025069955766957,0.11794199947961126
#12,0.25087575947084684,0.22267434163977232,1.0,0.5055722678449972,0.03138126691834005,0.16711417055056216,0.0644013018848115,0.13867173056644772,-0.17875353202444913,-0.11804242537671124,-0.10133064313657465,-0.06976952256615555,0.008483249416845074,-0.1769358232869396,0.1415776908434406,0.17587861247928716,-0.1471257651768637,0.6530230477433845,0.3078638042242784,0.3161525925858299,0.3162749295877517,0.10605066030027344,0.20182683836451862,0.32466505680910407,0.07484285629510606,0.17223954315346446,0.33797514002565426,0.036541332103876896,0.234406825309152,0.09683430183459854,0.19503804772056038,0.08601112901532408,-0.030748583766610216,0.0841377295530591,0.17382535936494314,0.31246787512496177,-0.055444224826194724,0.22373246541012567,-0.14640817649394933,0.17069481026352668,-0.0742704286816362,-0.078599697809346,-0.011717876266165146,-0.12786864292659322,-0.22360282470659662,0.05590983580365824,0.06506411280567133,-0.08653151775484212,0.2920485513564343,0.07126312954484244,0.4223255898880251,0.1309699772215806,0.37897538196077,0.23635143586208784,0.10349345177502774,0.13119730493410692,-0.11339727115448699,-0.46134013794866413,-0.24601788493931082,0.0734861937215555,-0.3321896953899948,-0.2676487102119443,-0.3543016520060073,-0.10064592111089302,0.24684502914633422,0.30678468231180417,-0.2977363089830965,-0.35775447694084456,0.30639210835041336,0.20277631957346381,0.3342283411011243,0.3538899058278974,0.085230545906047,0.02478419844157267,-0.3410919946865571,-0.1976692062245797,-0.25778871304212864,-0.29717209803393485,-0.05936357370119644,0.37961810770220983,-0.2080541569474179,0.034653325238397384,0.10014196569999133,0.037761050272291125,-0.051772288843139315,-0.19656817320728362,-0.2230240063542204,-0.02176411782696618,-0.047293293832480474,0.006814353599583689,0.04347802270538237,-0.32139482441444855,0.009344173243802125,-0.32724965421537705,0.008642104926803215,-0.0563078875412545,0.4202303404894393,-0.07162009796089781,0.47618034665193754,0.47871655703506233,0.3059091510816326,0.10642953982115061,0.0895607279964577,-0.016158526843385812,0.49861823095217445,0.15416288167546915,0.41467039764090435,-0.4158353380472641,-0.22580032592768423,-0.4331505886327014,-0.47336294375693283
#13,0.21893849826765327,0.11383914510172687,0.5055722678449972,1.0,0.21898779825350234,0.28069586017063275,0.01663783226136296,0.09604915391181694,-0.17202043210524634,0.11144261801184113,-0.044990801900788344,-0.20994581566370105,-0.10698096929249956,-0.369018610744658,0.017081532134004665,0.10047154523501943,0.08391222776593463,0.34317354964462926,0.21756540236548635,0.24363687821534052,0.23479757334514098,0.18216801252584824,0.11466811523415212,0.15405058726325735,0.20988282123733834,0.1929793168300109,0.23310220160955325,0.12228587601053559,0.08476767381668622,0.010022504530577403,0.042185267520895436,0.05152944076469756,0.017040448812463766,0.12972560906024183,0.03525679358369814,0.17268050413800345,-0.049103698868382735,0.2551849434191366,0.0633294836739445,0.2081984050541615,0.23232892220188345,0.034016077273163005,-0.10153240789347551,0.06411828344752975,-0.01722304135264554,-0.01380125714963915,0.10170769673205002,0.07747401479912538,0.17894251530353728,-0.05810003332313858,0.29055585734044836,0.10223995398667987,0.20162050879411322,0.13619942757238654,0.047643871509629475,0.18989076401283625,-0.12413097362907238,-0.23932130352814435,-0.016106487969434008,-0.09049925365299201,-0.20439043762867068,-0.1282055261632286,-0.21033747666239097,-0.015538625169468702,0.22896191576093158,0.23635965252639604,-0.31670128316907614,-0.3798244372726152,0.0631131115138291,0.2107528746913045,0.07848740339713421,0.15934850981663143,0.14491183062715973,0.1694577458037952,-0.157139140080432,-0.07291194018268383,-0.11204882524524461,-0.1222758334208256,0.026485047953365867,0.26373666503854987,-0.06980877996229463,0.042876380285483434,0.044197437313698545,-0.041068714137683905,0.16519968776675628,-0.17857915614857556,-0.16597570606252882,0.03835904084138642,0.17306212254698333,-0.030982302218042882,0.17952042069321258,-0.05727380207881607,-0.1276486189156742,-0.1927538150428864,-0.05418159741083778,-0.04460187979020117,0.2897068020286031,0.07053002049601263,0.22522333350070983,0.3958095012028284,0.15996658556514673,0.09017058708066482,0.18463301181830216,0.11932513797148818,0.28951325393601046,0.21173522255748242,0.2155094103630396,-0.1999881314848882,-0.2101877507794419,-0.25424367887449956,-0.3177694495291395
#17,-0.054374232540729546,-0.0572975391090397,0.03138126691834005,0.21898779825350234,1.0,0.34078341329364986,-0.07121839437249791,-0.07479173038385517,0.022102826989003364,0.014314342187549928,-0.04269835255880621,0.019543792538355847,0.09408171929135835,-0.21920508337631867,0.07385776954082542,0.07381120844307906,0.1488777405999078,0.16516408222142084,-0.14072498368079173,-0.10070343776105027,0.08595452532786774,0.02372333578311658,0.12569670466113106,0.017299730219521883,0.18911748460516645,0.05975340877448452,-0.03725800782409035,-0.1518174804968343,0.21962778510683947,0.1177393217600095,0.10423934230167027,-0.09787416635093374,0.1833156066408907,0.3112472439938466,0.19062843787517061,0.012665531549708536,0.1355147055467049,0.2267032460388831,0.2631249800289409,0.15418570574299187,0.32051746725887514,0.2489256711417055,0.04304893023595521,0.2439244614661268,-0.10405218494798395,0.2065468555282174,0.01879242423550786,0.001599510651992313,-0.2096518416740084,-0.23321084417096138,0.07013014283301455,-0.15012484764934927,-0.06049929930112705,-0.05569163771814103,0.045429936959925504,0.1755234699886336,-0.24583803128723175,-0.028447004797618993,-0.05877745164721295,-0.06737390843897073,-0.16486736934362548,-0.05763350938297416,0.17590874024841716,0.021585177137588042,-0.01623247682215943,0.06029296973072165,-0.0843111924662318,-0.04098472156920029,0.08950503727170227,0.08157504325160796,-0.041557149182670144,-0.027805192018880067,0.03552246572966261,0.1138017136309896,-0.006002729758475717,-0.02107026617427545,-0.03955593494227793,-0.0759603226410185,0.20818471061364788,0.1839263786877987,0.14670580233444563,0.22198870665138976,-0.10015931199130859,0.05837666102151397,0.37726357689656587,-0.15788046579357,-0.16522433775968082,0.3954890512948093,0.3215372465957903,0.16634271706829418,0.39451309416753777,0.006547768490918303,-0.03992203298534239,-0.10027799714242674,-0.18021609827130514,-0.019410499984023152,0.10479077177301921,0.2226834712667814,-0.11900286213806735,0.027410792132087445,-0.2629652115562819,0.04632098855601254,0.21098750610543807,0.136525355256611,-0.0865388214564494,0.22617464063505685,0.132959322946861,-0.14568876188563315,-0.1476114613337472,-0.11494109108172386,-0.10994809807045333
#18,-0.08626401968347583,0.0032510601779364304,0.16711417055056216,0.28069586017063275,0.34078341329364986,1.0,0.20958428243414115,-0.0029424787850292375,0.12946084987697828,0.22955534151652235,0.11029228500869596,-0.12849037052591217,0.4474402808273268,-0.1471157225871537,0.21601062688583858,0.16234941821451884,0.2145298013849644,0.37534179041115273,0.06933586528322386,0.12434369393838415,0.09729899984936115,0.05979723098412815,0.14424262896739354,0.08472111271893987,-0.02614633879132868,0.07338394189905371,0.06979782440988373,0.1368348496122191,0.45020016707217425,0.4814298821821634,0.3469057411659447,0.10498158097750916,0.1838405601939133,0.0783212441855688,0.2871824601605901,0.25479693427125033,0.08208630236411692,0.4675592398672552,0.13179255661509948,0.2998580343000087,0.3175412088539123,0.4063679148388393,0.09218184391076703,0.4461913478524835,0.11925849169432183,0.16944313840058065,0.058463392478100305,0.14371584948896912,0.018384329908201602,-0.21456540693029985,0.07563713384489677,-0.05214112577430649,0.04745580119324225,-0.0358611748916998,0.10232212062976168,0.12670096363213082,-0.26210520069202575,-0.21331008321655018,0.022457056516956,-0.12894411298826386,-0.24053919577115676,-0.21820265033072073,0.2119515947175978,-0.03610402297014156,0.08549895694011421,0.15043890681846192,-0.04114814189266298,-0.069805128111491,0.3282356539323586,0.418300337339718,0.25277472188873723,0.27619130220434845,0.01869656315191243,0.03186513714982175,-0.16634180410559327,-0.2378203928478502,-0.3059255844102489,-0.25182706660519383,0.349607197797934,0.42813477155390817,-0.07932915500737217,0.5036422646952758,0.3150762095614584,0.05070594840847777,0.22376533206735838,-0.44869469157837555,-0.33190211213920856,0.2741517435305181,0.4715653201988433,0.02315912483395491,0.48845056535215253,0.11187536233207192,-0.32125970593471403,-0.22900756389597704,-0.21528938635212058,0.08410760178392912,0.3555095016593097,0.1940511350408779,0.13164648258295408,0.19508734770640945,0.14868875732081965,0.16366773635463122,0.3952763309854976,0.07434163977230711,0.19497322736879585,0.18554323563110828,0.3253406492077766,-0.3065327046063533,-0.25300204960126355,-0.15617322554287044,-0.1548275185217308
#26,0.12076761903892416,0.1703469714744804,0.0644013018848115,0.01663783226136296,-0.07121839437249791,0.20958428243414115,1.0,0.15460840747351268,0.25014630227282064,0.36689414653964314,0.3224894666928383,0.008153669881816978,0.22821602523428905,0.09827495697663272,0.12980594977792181,0.13086042169747156,0.12884642597926663,0.15689629200199026,0.05514659898569844,-0.06070928072233609,0.03746251146909393,-0.06799472307558875,0.07095272222653344,0.027304888458782015,-0.10474147178717014,-0.0197866406167976,0.06990372808318916,-0.06670379381650363,0.20597716680285028,0.292473079012357,0.18504475799641207,0.09979503987364596,0.025272633486558907,-0.0051901929546668375,0.1499093884519348,0.12996480528787996,0.13338293764008272,0.13544349445603399,-0.03835538899058279,0.08364290376916651,-0.07107140737765158,0.10856222069047369,0.1117082901578056,-0.005345396613821342,-0.03261741841537064,-0.07270561061227844,0.15044986237087285,0.16446110094172103,0.1313095993463187,-0.1247307901235695,-0.08014534366198468,-0.23906476100918897,-0.11334066746703063,-0.24558240173097728,-0.001969260545860399,-0.03281827020957059,-0.1741412444594576,-0.21610922685753672,-0.14392309202207543,-0.23745520776748666,-0.10202175590116266,-0.11607864260705629,0.05675341333929802,0.14943008303395766,-0.0018213605883131644,-0.07904522360738953,0.05306869587842988,0.2112604819530098,0.16105209821652736,0.20066737573436438,0.2799499696439902,0.1418369722504987,-0.034964645519407304,-0.13684489220192908,-0.123143147986689,0.007704492232969822,-0.09616510017483236,-0.1444763474188262,0.20682348322659277,0.12726152273048885,-0.02354074324293481,0.11854272893680928,0.11803238278700123,-0.00047017579096806,0.1380728270346515,-0.17815371552995202,-0.15242277476753688,0.16587254127732612,0.16929249955493067,-0.03855624078478274,0.051023659428394055,-0.0021956752956857947,-0.20517193370064865,-0.1278960318076205,0.0038444859335271856,0.10153332085617642,0.022278115827577865,0.11612794259290536,0.007111979440079975,0.13915377487252759,0.1035199276933541,0.10126125797130558,0.23538278243642355,0.08564503097225963,0.08273907069526674,0.11033062944213415,0.07103762775771796,-0.1348683279544614,-0.02928601751975423,-0.11158230130508018,-0.1340092300529062
#49,0.4929213436985032,0.309069827952179,0.13867173056644772,0.09604915391181694,-0.07479173038385517,-0.0029424787850292375,0.15460840747351268,1.0,0.27617304295033024,0.44839341388707565,0.47255588472932936,0.052071740609037416,-0.04392537442882771,0.18860531252995658,0.05975888655068997,-0.11905763990012189,0.23885660551338175,-0.04794149735012576,0.33304605440344737,0.07403397134210082,0.2731575271492283,0.19049697124623974,0.18919691236014552,-0.0388511277371763,0.2026275066532157,-0.0034062638370909357,0.22574920001643334,-0.051499312995567564,0.06475553141276413,0.0005395609562371329,-0.20803954954420337,-0.14285492566201208,0.2072799645770472,-0.10837962815029192,0.22543422788461978,-0.12840729092012945,0.16713425572998214,-0.010988419068138971,0.2769636686493173,-0.018642698352558808,-0.024364235599154595,0.11074602747104767,-0.02718346441956114,-0.11981905079267986,0.016342032346268492,-0.20164333286163594,0.08680540656511478,-0.007019770207288181,0.0731246604919956,-0.16906334591700256,0.003978691450560787,-0.1375049642346862,0.12612762305596004,-0.06804584898683964,0.1648728471198309,0.08002209369736199,-0.07639854473745475,-0.255521826655772,-0.018969538999484177,-0.2360465063199843,0.003860919262143545,0.10766751724358302,-0.030357835730621226,-0.20034875175174718,-0.0745790100745434,-0.11931692130718,-0.2116110596301588,-0.22289984342689678,0.13072895506854068,0.037139322672972194,0.07248923845216304,0.08092227492045813,0.12280991660085727,0.07322508638909557,-0.07033738536612087,-0.07336842153313826,-0.05273455152989725,-0.03387913286802668,-0.018015492977034423,-0.06397312237808524,-0.13399736153779437,-0.016143006477470363,0.1575189325640101,-0.054389752906645,0.22570811669489244,0.10934828157595622,-0.010400471088753669,0.06248499317560381,-0.009581543546038426,-0.010661578421213602,-0.0731867419556574,0.023810980202403832,-0.09685347405131764,0.08204795793067875,0.05863685539127299,-0.02137336979097719,0.2111463616153962,0.05268342561864635,-0.16655269848950321,0.09376948604764752,-0.05088854094865954,-0.2191156130316296,-0.02574920001643333,0.024907448406195364,-0.14257373315013216,0.19648235471339817,-0.214303386635139,-0.04803370658291756,0.1050062309704337,0.017757124532677217,-0.0562978449515445
#50,0.1565000661897958,0.12138752071284127,-0.17875353202444913,-0.17202043210524634,0.022102826989003364,0.12946084987697828,0.25014630227282064,0.27617304295033024,1.0,0.3644154528066756,0.30801900788343295,-0.1071818210866995,0.15731077706820287,0.168798586733739,0.12340151643104622,0.16790662217495103,0.13559048145088032,0.001259888527254219,0.13168391405369134,-0.041396467747310185,0.15223470445114964,0.08981179273920764,0.1767577955602624,0.06729995846019711,0.20311046392199647,0.20196286980695405,0.10469034587591924,0.050607348436779616,0.08127833037381257,0.05649687082034263,0.0849931756038107,-0.09445968584953461,-0.029258628638726965,0.033660934782509463,0.21157636704752428,-0.010094628583949203,0.0013776607156714613,0.09544294667841345,0.10376642762259948,-0.051200774192370374,-0.1249992011576367,0.1323805045944848,-0.1928743261194064,-0.07536233207192321,-0.0671757955328735,-0.051433579681102126,0.03088826705984927,0.06604280882104561,0.01142846708997704,-0.041950636106761856,-0.12780747442563234,-0.145610247093355,-0.07903700694308134,-0.1371050865716881,0.1980407820438496,0.07755344255410446,0.019185911159599573,-0.09194447360853072,-0.14599734327854036,-0.313687593293376,0.18044799079733598,0.129113011087932,0.09018245559577663,-0.06679600304929542,-0.09281635298789868,-0.011845691044292386,0.1310630994170733,0.25330058840446074,0.3123026288760973,0.2717433479255205,0.2886632856614643,0.16221156084668162,-0.01508579566981791,0.13559869811518852,0.024383407815873684,0.14367750505553095,0.1819872459110683,0.16401009736747205,0.05342201244368161,0.02666490160544491,-0.12977582200879184,0.0891261577508251,-0.012094929861640503,-0.06276801161288556,0.11002113508652604,-0.1244934198213332,0.059362660738495526,0.09514988565142171,0.10672990454974962,-0.08563042356904509,-0.012191703907936842,0.06244390985406291,-0.13409687447219343,0.1214313429224849,0.011924205836570547,0.14187896853474052,-0.007701753344867095,0.20489074118876874,-0.30888723541199725,-0.0844253128038454,0.009161580703620354,-0.14432936042397987,0.07931911241766218,0.15119757882291718,-0.1384745306230514,0.17753746570683854,-0.058846836812482026,0.17980526505589614,-0.04727229569035957,0.10812399859403744,0.10278773160722518
#51,0.3272487412526761,0.1569611123537548,-0.11804242537671124,0.11144261801184113,0.014314342187549928,0.22955534151652235,0.36689414653964314,0.44839341388707565,0.3644154528066756,1.0,0.535252685251544,0.07776159804991167,0.246626831060817,0.18192881629821014,0.11498856514217112,-0.020195647906804767,0.5381339955356124,-0.1421656388228259,0.1320427083951485,-0.12236439080281375,0.0528641922334263,0.1059958825382189,0.21466948467820346,-0.059174590422108306,0.048004491776488474,-0.04624338672643529,0.0759402374615985,0.13692158106880542,0.19558856422920842,0.06342443179483902,0.07729781299784998,-0.22220416584880426,0.21070722655625904,-0.10605339918837615,0.10820799116252106,-0.1593877672127705,0.023192904453888535,0.007919038467683402,0.21002615638138103,-0.07732063706537269,0.13790666782308608,0.2653434793921494,0.04188672871769824,0.02622667950900866,0.29556710960573707,-0.1664066244573578,0.08574910872016324,0.13552109628561126,0.04759000671027585,-0.17979613542888706,-0.07549471166355498,-0.14608224880972487,-0.003728539670511761,-0.11727462374524689,0.10520616980193274,-0.09644172787320773,-0.015439112235069637,-0.11398339320847047,0.04967064870564713,-0.3777100156573103,0.06752180839651796,0.03354955333299858,0.19432228496304785,0.027472873595749247,-0.04704040316432872,0.01568104735081048,0.04815695654754025,0.17499212569670466,0.10432972560906024,0.13961299511108474,0.07250019400457394,0.14020459494127369,0.041452158472065626,0.16923498290477343,-0.00647107962404196,0.081764939493397,0.025424185294909776,0.005658542820233079,0.3933116352531417,-0.05413868816389506,-0.03131735952927643,0.1565292809962249,0.19040476201344794,-0.08552360693303875,0.37777483600907485,-0.056814581840258914,0.01392176822615912,0.3486905832462215,0.3851424450054093,0.0011010330172960784,0.10375273318208585,0.1603025558390812,-0.135794072133183,0.048519402739801064,-0.10276216865159973,0.18283995307371717,0.05148014077884848,0.1780478118566466,-0.25201057210807654,0.022878845284775892,-0.0515440481679121,0.033229103424979575,-0.08813833210844171,0.14123259094249704,-0.02538857974957433,0.10821712078953015,-0.10917390570008262,0.0706404889828226,0.10465200144248107,-0.0004856961568835105,-0.07735989446151177
#52,0.3301656570820799,0.12495629191069399,-0.10133064313657465,-0.044990801900788344,-0.04269835255880621,0.11029228500869596,0.3224894666928383,0.47255588472932936,0.30801900788343295,0.535252685251544,1.0,0.18208219403196282,0.11383366732552141,0.21255415010019765,0.003121419474407373,0.020579092241186488,0.29069736655908923,-0.10754883209246487,0.02741535694559199,-0.0013803996037741878,-0.023300634052595783,0.17738226204768404,0.07120926474548882,0.05058178548115417,0.0751770006436387,-0.018817074228432398,0.009297612146055774,-0.01726960245039189,0.09125427380664362,0.09347368613255305,-0.0017181958031104638,-0.17335335764857326,0.13155062149935864,-0.1525706747250841,0.18098481286547038,-0.2395321979120543,0.09391008230358748,-0.12838720574070947,0.22308882670598493,-0.005415694741791324,-0.06500477023011225,0.30982758699393337,0.1789781208488727,-0.13663399781801913,0.08231910785284867,-0.21998475352289482,-0.03501851031876093,0.04998288194935796,0.0631961911196118,-0.06250781724312653,-0.01792419670694354,-0.06098043064450602,0.04411344474521493,-0.12076031533731689,0.1903801120205234,-0.0016497236005422998,0.05711585953155884,0.016222434232449432,-0.014538018049272596,-0.36799061474343464,0.02537214642095797,-0.02471207438820087,0.16759895374474476,-0.044014844773516776,-0.1398248024576956,-0.12468788087662679,0.1187600140596256,0.1490548553638841,0.13117174197848147,0.10849557441330734,0.13975998210593107,0.0984164661952736,0.021745858572948,0.07183007938210684,0.02619563877717776,0.10354640361168045,0.01723764875586008,-0.05577471732392373,0.2023919622763812,0.009776004601332013,0.0123113020217559,0.2164661952735921,0.11986835077852895,0.018880068654795107,0.25591622654256463,0.012342342753586802,-0.034626849320071026,0.20160316250279595,0.28737326936508006,0.21484020870327342,0.0386247129873509,0.06450629259541601,-0.14301012932116658,-0.0036646322814481414,-0.008706925278567744,0.09393747118461475,0.06392108350413343,0.16650887627985958,-0.17307216513669335,0.06312680595434274,-0.00667832215714827,-0.04509761853679468,0.003597986004281795,0.07497432292403694,-0.11806798833233668,0.06353398731894809,-0.1862334354329954,0.005638457640813084,0.15174992125696704,-0.04445489279535485,-0.11671497760958977
#53,0.08355799823798199,0.03083166337239292,-0.06976952256615555,-0.20994581566370105,0.019543792538355847,-0.12849037052591217,0.008153669881816978,0.052071740609037416,-0.1071818210866995,0.07776159804991167,0.18208219403196282,1.0,0.22372881355932203,0.15511327584711526,-0.13718268840126538,-0.24403584291563768,-0.028604947344876223,-0.11255825843235175,-0.2170742284323974,-0.224911100256999,-0.19026325279480708,-0.1975970821712079,0.006040161229212981,0.0714128554277915,-0.14548882305413413,-0.17495195533786467,-0.1649541008002118,-0.18468961550575852,0.1604888002300666,0.07360122702187002,0.02135054572345447,-0.0976139719811747,0.047681302980366734,-0.21549936777332962,0.24954192096481898,-0.05238306089004734,0.2118073466108542,-0.1706555528673876,0.0057133205822876105,-0.16579128759694522,0.07822447013927246,0.17375597419967406,0.48254643556537496,-0.0989012493894562,0.004993905973971434,0.002242236393432146,-0.1880392756553931,-0.08962554834822223,-0.1460019080920449,0.055906183952854606,-0.02324403036513943,-0.03972209415384335,-0.02152492159932806,-0.06465601847836507,-0.01874951498856514,-0.16649792072744868,0.05642931158047538,0.05967763287030908,-0.005205713320582288,0.11169185682918924,-0.03874065925036633,-0.06053399188376159,0.13595018875503842,-0.018442759521059768,-0.15665983466245487,-0.14151378345437698,0.07059118899697353,-0.007059940566128171,-0.17190539880493183,-0.23335965709120954,-0.09445512103603007,-0.09104337942273369,-0.09577617806424518,-0.1165433406218189,-0.09460028210547458,-0.10324329999497871,-0.2465437514550343,-0.12539360104442934,0.16811569063345916,-0.09081057393400192,0.279761899327603,0.2594913884793237,0.1665727836689232,0.45188001844184655,0.20042087580511897,0.2030301232043165,0.06430452783851516,0.2549959601400485,0.17347569465049506,0.6113161726777653,0.11137505877197387,0.04268557108099349,0.13202444914113035,-0.008493292006555072,0.2141372274235736,-0.13054362364025618,-0.10830659113421921,-0.13400740412750436,-0.05988761429151812,-0.1467961856418356,-0.08006043813080016,0.11369124514417964,-0.22727749957775475,-0.047088790187476894,-0.16797874622832284,-0.22822150301049451,-0.22522515942611165,-0.0738988528623663,0.045801512779195405,-0.02952703967279417,-0.06157933417630223
#54,-0.153312913400923,0.058935394194470185,0.008483249416845074,-0.10698096929249956,0.09408171929135835,0.4474402808273268,0.22821602523428905,-0.04392537442882771,0.15731077706820287,0.246626831060817,0.11383366732552141,0.22372881355932203,1.0,0.11683366276070792,0.19728119707669342,0.13589084617947933,0.1093464556505544,0.2617582748656804,-0.03868222963750816,-0.034992947363135476,-0.16850187385594362,-0.351239575107159,0.08138788589792165,0.1689218366983617,-0.18947719190932455,-0.016220608307047614,0.03360433109505311,0.059878484664509034,0.560735300159312,0.3342146466606107,0.43398960135483666,-0.15395746506776464,0.11773293102110313,-0.1466199838405602,0.2808072416201436,0.1582000027388881,0.054274719606330485,0.19928149835438475,-0.09883825496309348,0.08510181816521886,0.1573829011215747,0.3323613323777657,0.2377163150999466,0.30901596315282537,0.3381732529317515,0.12738294676970974,-0.07683950572199373,-0.03965727380207881,-0.010870646879721729,-0.01380947381394733,0.04782920293791397,0.15470061670630447,0.06566666818827117,0.09452541916400005,0.034987469586930026,-0.1377532900893334,-0.08413407770225548,-0.15622617737952316,0.06644725129754823,0.12222196862147197,-0.14346478474621918,-0.31077615524017765,0.37830800622640565,0.12988172568209727,0.0649582091323659,0.05568798586733739,0.19620937886582643,0.2624585172572775,0.0341703679696166,-0.01370630902874463,0.15934668389122963,0.033578768139427666,-0.2352421861804836,-0.24300875987711523,-0.2393879498053107,-0.3586765692687625,-0.4877667562891718,-0.34199582776045684,0.4996124473334642,0.26305833375177456,-0.11717784969895055,0.3796528002848444,0.2711499221699297,0.18878973099554017,0.203185326863471,-0.404287272843468,-0.23808150018031013,0.30145389310119736,0.3461278969447703,0.1830170678376935,0.39840505416151223,0.2285702547622417,-0.1679340110559783,-0.2419962842418073,-0.2074442978632108,0.17762328420072399,0.07439641753436163,0.16040389469888208,0.20465976162543878,0.09513436528550626,0.15165588609877342,0.3988040188618094,0.024071174572162853,0.1062642935722861,0.09339517134027489,0.03130457805146371,0.1016748300748173,-0.3224410796696901,-0.20216828641465853,-0.1265457599729763,-0.07986689003820749
#58,-0.03906658693459079,-0.0035459471303299905,-0.1769358232869396,-0.369018610744658,-0.21920508337631867,-0.1471157225871537,0.09827495697663272,0.18860531252995658,0.168798586733739,0.18192881629821014,0.21255415010019765,0.15511327584711526,0.11683366276070792,1.0,-0.027409879169386534,-0.036301222913537864,-0.09677222037093675,-0.29609115019605875,-0.1568497309042439,-0.035747967516787105,-0.24300145617550795,0.04935019879762812,-0.2348614807342046,-0.20269506589308295,-0.13501896680011138,-0.0720418867287177,-0.2211670402205718,-0.10604700844946979,-0.050440276262513295,0.01299784997283936,-0.13618025535566744,-0.028995695380865216,0.0370160727083495,-0.19577937343369836,-0.027194419971972045,-0.06829691372958958,0.05743996129038148,-0.018328639183446162,-0.03597803411741613,0.0904371721893302,-0.22731127919768837,0.012945811098887554,-0.05075798728242958,-0.09040795738290112,0.09291312703419502,-0.17391117785882856,-0.02236941209766875,-0.14689661153893557,0.036683754285218674,0.053724203097682444,-0.2003816184089799,-0.0991084919225625,-0.1138628821319505,-0.13064404953735614,-0.12228770193593741,0.08285227807017945,0.2544390528924941,0.24896310261244275,0.06531335162301945,0.0009020071484979481,0.2921243272606098,0.15533877763423976,0.23619440627753152,0.10427038303350117,-0.20312872317601463,-0.1405478689168154,0.4407436994161604,0.2444503279818503,-0.05170838145407569,0.10668243048930236,-0.08215112271588144,-0.033539510743288585,-0.05760520753924599,-0.09946637330131877,0.22683106081701032,0.1765432493255488,0.12734277641086975,0.07827377012512154,0.06417671306038791,-0.06814901377204234,0.07220895890298402,0.07175978125413686,0.09326826952484857,-0.13120369567301327,0.04686420136305331,0.14263764053919578,0.2229016693522986,-0.07770134251165169,0.04422117434392218,-0.05041653923228966,-0.1262673063491991,0.1767696640753742,-0.08020103438674013,0.06899441723308394,0.04593937014703264,0.0015584273304514143,-0.1978974468998069,0.024427230025517308,-0.18153898122492207,-0.136084394272072,-0.06680056786279996,-0.13303601181373734,-0.18046807597675596,-0.06389734647390981,-0.2057334057617076,-0.10906343721327265,-0.14903659610986594,0.31371406921170236,0.1614254999611991,0.17823131735952927,0.10347884437181319
#101,-0.13275664522725925,0.1268844691350135,0.1415776908434406,0.017081532134004665,0.07385776954082542,0.21601062688583858,0.12980594977792181,0.05975888655068997,0.12340151643104622,0.11498856514217112,0.003121419474407373,-0.13718268840126538,0.19728119707669342,-0.027409879169386534,1.0,0.41713813582146103,0.20564484837971944,0.15569026827408966,0.36601131160786426,0.018452802110769766,0.6021746771535649,0.15693920124893299,0.36632171892617327,0.19027329538451707,0.05688579293092981,-0.09346364354284306,0.16775415740389926,-0.010977463515728064,0.3150077373588902,0.104923151364651,-0.0630519430128682,-0.0033314008956164096,0.157519845526711,-0.061563813810386774,0.09203303099051888,-0.08728014716958739,0.07995636038289655,-0.0803836269269219,0.270997457398878,-0.07497340996133603,-0.018833507557048757,-0.06434561116005606,-0.06364810765656169,0.18044707783463507,0.015442764085873271,0.024174339357365553,0.1846695303263385,0.06441773521342785,-0.12195081869930204,-0.3668512372927004,-0.010875211693226272,-0.12650741553953812,-0.09026005742535388,-0.05039462812746785,0.18091177584939766,0.026565388671045843,-0.2723742051518485,-0.22702643483500481,-0.2652859627419922,-0.3008705099353166,-0.4250964316852835,-0.44448775945258756,0.08745269712005917,0.008499682745461434,0.02924767308631606,0.13486011129015324,0.12858075383330214,-0.006356046323727444,0.5541227113166292,0.23865301483107906,0.4933705213473504,0.39724285264325526,0.1613451592435191,-0.4081162384110797,0.01400941264544637,-0.25063382435510595,-0.2267881515700676,-0.23143604468039458,0.34844682220507883,0.20761410892557985,-0.05532006189887112,-0.05418251037353869,0.011589148525336997,-0.08495848302117617,-0.1064286268584497,-0.5711859841966156,-0.5526190617482323,0.09824482920750273,-0.05135232600072124,-0.19595283634687105,0.058130161092268574,-0.09327922507725947,-0.38503197651859933,-0.344969347277317,-0.42571359447109786,0.20577357612054759,0.11731935891759142,0.1413741001611379,0.06511523871692222,0.07178808309786504,-0.08976340571605947,-0.06236539506178475,0.09072019062661195,0.06089004733711604,-0.014786343903919806,0.16179433689236628,0.04176621764117827,-0.4209196273286255,-0.0243852337412755,-0.30098919508643474,-0.1766436752226488
#102,-0.1162028055343799,0.028994782418164305,0.17587861247928716,0.10047154523501943,0.07381120844307906,0.16234941821451884,0.13086042169747156,-0.11905763990012189,0.16790662217495103,-0.020195647906804767,0.020579092241186488,-0.24403584291563768,0.13589084617947933,-0.036301222913537864,0.41713813582146103,1.0,0.01887732976669238,0.36232933303509884,0.21472700132836073,0.3914208894995595,0.16009531330597487,0.40801946436478337,0.1624388885592079,0.2141764848197127,0.04223091565594088,0.34260477388196303,0.09354398426052303,0.10192133000406269,0.09915596598300977,0.1510661121939863,0.05891530901505019,0.09036961294946295,-0.000137857367837237,0.06685169377405085,-0.14206795181382864,0.11776214582753222,-0.12993559048145087,-0.017247691345570075,-0.11212460114942004,0.0508018094920732,-0.18364153432511515,0.1064194972314406,-0.2291372045995061,0.0975719756969329,-0.14732752993376455,0.03200116859225716,-0.024427230025517308,-0.06422966489704063,0.09762584049628652,-0.23541930094445992,0.052561088616724566,-0.0600099512934399,-0.06795820456755239,-0.03667645058361141,-0.0531837291787444,0.16129677222037095,-0.20646925369864014,-0.15364614478675473,-0.2952411819215126,-0.292032118027818,-0.162047227560518,-0.28614442156965675,0.04483285935353111,0.25550174147635196,0.17812267479812113,0.24470413161270296,0.16714429831969216,0.10394902016278125,0.5737477575353659,0.46042626228505434,0.47263805137241116,0.35435825569346363,-0.07662495948728015,-0.24153888992865197,-0.11654516654722072,-0.035882173033820706,-0.07173604422391323,-0.204938215249216,0.16952347911826063,0.3755946810793045,-0.08545513473047059,0.005678627999653074,-0.07041042238219357,-0.11460420784508848,-0.030299406117763057,-0.45457051952142496,-0.36326968461703496,-0.006104981580977509,0.13877854720245406,-0.1557861293576851,0.07455801193242251,-0.061542815668265874,-0.25953064587546276,-0.2348286140769719,-0.31438144494606673,0.34365833283881186,0.21479090871742434,0.23929939242332254,0.22825984744393268,0.1879461534599004,0.16428216025234288,0.08758233782358822,0.09679413147575856,0.24670351992769335,0.07263348655890664,0.2469956679919842,0.20609585195396843,-0.2088785622663386,-0.2036308526615145,-0.23408181058762845,-0.17632870309083523
#201,-0.04018861809400777,0.08862859307882977,-0.1471257651768637,0.08391222776593463,0.1488777405999078,0.2145298013849644,0.12884642597926663,0.23885660551338175,0.13559048145088032,0.5381339955356124,0.29069736655908923,-0.028604947344876223,0.1093464556505544,-0.09677222037093675,0.20564484837971944,0.01887732976669238,1.0,-0.06820835634760142,0.26741773064861435,-0.18689898524195794,0.01934111481875408,0.09262006600720328,0.4708459055905271,-0.026379144280060437,0.4570820799116252,0.08092227492045813,0.16818872764953188,0.10611730657743979,0.2703428631423263,0.042799691418607094,0.03051303938977573,-0.07949714014433941,0.5081075652654211,0.05461616765647039,-0.0665358086795364,-0.382060282927141,0.05449930843075406,-0.05686114293800527,0.28059908612433637,-0.2818635394650952,0.2578343611771741,0.15190877676692519,-0.01882985570624512,0.10806648194388019,0.11922653799979002,-0.19203713932267297,0.17465980727357383,0.013700831252539177,-0.003635417475019058,-0.32677034879739986,0.03991564224643602,-0.11271163616610444,0.08424363322636454,0.1735852501746041,0.25340375318966346,0.11756129403333226,-0.08191375241364514,-0.0432132635221188,-0.05921749966905102,-0.44267918034208714,-0.007185929418853593,-0.027498436551374694,-0.06577713667508114,-0.16475598789411458,-0.013932723778570027,0.01451245509364715,-0.13741001611379167,0.01940410924511679,0.1427946701237521,0.13990423021267467,0.18009376126938334,0.19767194511268243,0.05151392039878211,0.0440276262513295,-0.0841468591800682,0.00041265914081080215,0.060999602861225105,0.026915966348194844,0.31690761273948154,-0.20328392683516916,0.03296617016711782,0.04992080048569616,0.1603135113914921,-0.15291486166332674,0.1443320993120826,-0.130194871888509,-0.14581931555186312,0.29446698955114187,0.2580069111276459,-0.11647578138195164,0.10158627269282913,0.14416959195132084,-0.24233955821734904,0.03160494278006272,-0.3471138966617519,0.5285414964371631,0.18467135625174033,0.41091446908936535,-0.3018583355777,0.07237603107725034,-0.13959564881976746,0.22364664691624023,0.14289327009545025,0.39073616747387785,-0.043738217075141396,0.3171924571021651,-0.15451437231531906,-0.06829052299068322,0.21431890700105447,0.0073676089963344545,0.03775465953338476
