,#10,#11,#12,#13,#17,#18,#26,#49,#50,#51,#52,#53,#54,#58,#101,#102,#201,#202,#301,#302,#401,#402,#501,#502,#601,#602,#701,#702,#801,#802,#901,#902,#1001,#1002,#1101,#1102,#1201,#1202,#1301,#1302,#1401,#1402,#1501,#1502,#1601,#1602,#1701,#1702,#1801,#1802,#1901,#1902,#2001,#2002,#2101,#2102,#2201,#2202,#2301,#2302,#2401,#2402,#2501,#2502,#2601,#2602,#2701,#2702,#2801,#2802,#2901,#2902,#3001,#3002,#3101,#3102,#3201,#3202,#3301,#3302,#3401,#3402,#3455,#3501,#3502,#3601,#3602,#3701,#3702,#3801,#3802,#3901,#3902,#4001,#4002,#4101,#4102,#4201,#4202,#4301,#4302,#4401,#4402,#4501,#4502,#4601,#4602,#4701,#4702,#4801,#4802
#10,1.0,0.4613089593510188,0.25387245097179834,0.2642877064922025,0.13547801002478305,0.006336810397724104,0.13631633051502523,0.5000342659515974,0.48905641131892036,0.4214154228657492,0.5496896142291356,0.022376463275665597,-0.03576409087649117,-0.03163783279809386,-0.1517439775597861,0.03784554821538143,-0.0022918343440460915,0.015239582752273108,0.04632916032480935,0.1548103817864514,-0.06445345807202225,0.17389571994358072,-0.037866267162858895,0.024167855349871304,-0.1272764943540868,0.10008367267250516,-0.4589995935898764,-0.12052689877200393,-0.06468774155503669,-0.002929340420275881,-0.28934647658360496,-0.07640350947094965,-0.23819936408768896,-0.15179338428069392,0.04238459147813753,0.028106049135780825,0.03973415996621218,0.1201475826566472,0.052187841165361105,0.04709576138147567,0.028063017475635315,0.22308728255066182,0.03245543434085856,0.2639354843850856,0.016433312880013387,0.03579437241511208,-0.4092087752711393,-0.21675047215293772,-0.19895449003498314,-0.024110479803010624,-0.2451959932743109,-0.02148714229932504,-0.042022806779877124,0.1401078979034019,0.22711153965686234,0.11355895735881233,0.08865318872570505,0.37793910223206817,-0.0801902955637546,-0.09197618914805282,-0.006191777765381826,-0.05791742702547634,0.2010056658352525,-0.002618556208113859,0.013766943716182294,0.21989497087394114,0.05269306473077322,0.06636597630071162,0.24815083393763596,0.10908207093848864,0.2665094151678633,0.27886906422076835,0.2094334961630103,0.1468240244164827,-0.02824948800293253,0.10021595518332284,-0.06911681501964316,0.12066396257839332,-0.013489628573022336,0.1321725410195316,0.15706562211255704,0.013758974890229422,-0.0996246682976197,0.08285825849277625,0.18930264804086414,-0.204644231765334,-0.15953270804612357,0.10896094478400498,-0.008375236076468853,-0.11705886571731387,0.029516531329439235,-0.2678848345273291,-0.07837021571611855,-0.2263035007052411,-0.06129780299468479,0.08404720732494482,0.324380623002813,-0.20799591996111214,-0.06532046633569476,-0.30397245973750686,-0.06622731872913164,-0.1679653196694531,0.009707623775789114,-0.035053271601494955,-0.12351998979990278,-0.31494234554423095,-0.16776928655101245,-0.03753317023802883,-0.09108368064133111,-0.15001952362358453,-0.04674194550916813
#11,0.4613089593510188,1.0,0.21407613416315374,0.051977464160205274,-0.017622261712181946,-0.15192407302632102,0.2860569452302592,0.24405485739785956,0.2901417654137016,0.16196319996174963,0.2207221350078493,-0.07872084405804493,-0.09437321199467683,-0.05960044306672298,-0.07378335949764521,0.07562097076237757,-0.01832989345679701,-0.015947214496888174,0.10237550701655125,0.2170325685916694,-0.07731036186438651,0.0586441839523783,-0.16096390918725945,-0.3149280016575158,-0.19624668297619713,-0.018497238801807328,-0.24259815601367452,0.027678920064706868,-0.1184183474248739,-0.17803154061312146,-0.13035246117189556,-0.09633354317908342,-0.1471619026368845,-0.07269481787248284,-0.0860266636916383,-0.17887623616412593,-0.10831228235144116,-0.060435576026584004,-0.05004422698403844,-0.07759564583349934,-0.09024695391627952,0.18471260429200967,-0.14092549944616659,-0.002167520659181283,-0.13851891400839914,-0.13744471626995194,-0.21057144450908047,-0.03480305046657476,-0.09130840153320212,0.14327470933707337,-0.15897329646423192,0.06883631234610205,-0.04820024065854377,0.17044043701041525,-0.0833857947708564,0.14237741953477995,-0.12126321829004932,0.053234944895568535,-0.19339543705025938,-0.06519455888563938,-0.23823283315669103,-0.11426499533823682,0.09702683103698333,-0.17631505550287277,0.08724908159280893,0.2393628126768083,-0.1414817234976771,0.11812031333423646,0.17743069113627488,0.057646486943078674,0.17729681486026663,0.1877120703806708,0.03530189897122457,0.2252803034528923,0.01242499342571859,0.1156515710540366,-0.02719282168158165,0.04961391038258334,-0.08382567396345496,0.004228259050594076,0.0036043014145869887,-0.3136864585740583,0.07965160292934043,-0.09299779263521106,-0.04398791925985544,-0.2789806277841086,-0.21618787304066492,-0.16350915219660686,-0.14166022519902144,-0.22464439114185308,-0.12709799265274246,-0.27577397222067274,-0.21412713464925212,-0.35989608650957455,-0.20120648024926488,0.12114209213556566,0.1965032791718796,-0.022330244085138937,0.04779223676975671,-0.22579987090501957,0.08953135334571158,-0.001024791017539386,0.13445800030281538,-0.03457036074875089,-0.20591765015260302,-0.2563539433735228,-0.017038943652431686,-0.1533807744105061,-0.014224354325877169,-0.2651308082780164,-0.10737514841938338
#12,0.25387245097179834,0.21407613416315374,1.0,0.34699136976149303,-0.15717871685964507,0.265068651435584,0.13330411430483946,0.14465172246172972,-0.18447513327861406,0.06466542884236866,0.15708149718302003,-0.02064244674832057,0.038505367004279256,-0.13406115277036235,-0.1802149989242085,0.07008423049032186,0.5703639362812677,0.5565300544270813,-0.10122162101857533,0.016391874985058452,-0.057939739738144376,0.20947652782315582,0.22808533018830335,0.10948210600132283,0.17048506243575134,0.2094589964060595,-0.10628182549864928,0.25278390934663597,0.09493421734175904,-0.03125851668273713,0.16342468264150642,0.1270214919235949,0.11750990126624644,0.03808301922877702,-0.12490656551570258,-0.04762170389436524,-0.2729466327725936,-0.13659523942337576,-0.36521288718533096,-0.25091761030847326,-0.22135326602331679,-0.1370797440413104,-0.2532317573651874,0.10006135995983712,-0.023109595263329855,0.05469324004494418,-0.0758313477675334,0.14759540676872077,-0.19474535616667596,0.06120695837882205,0.08600753850935142,0.2956035987218003,0.15124991035070803,0.25038848026520255,-0.11133246738757979,0.12682227127477308,-0.2372239797910574,-0.0031779677900054984,-0.13971423790133,-0.2638892651945589,-0.12560941596474592,-0.07640191570575908,-0.01422116679549602,-0.08182071735371228,0.15679461944871662,0.20340428244706707,-0.053322601981050134,-0.06416817410290941,0.1347942847580266,-0.011412952529703799,0.2935380790348158,0.38718134657220954,0.10118815194957327,0.2364541912040099,-0.101342747173059,-0.08896716046824821,0.016004590043748854,-0.13863525886731107,0.0446461442835627,0.34301333184581917,-0.003494331572620815,0.0011475109372136203,-0.12130784371538542,-0.014414012383555531,-0.07086358166851278,-0.07678441935149695,-0.07098311405780586,-0.19111316529735675,-0.04273840735044506,-0.09048442492967511,-0.088406155121166,-0.11785574831260111,-0.06625122520699026,-0.14036768162946553,-0.09872259719975456,0.6568527918781726,0.4820438444803927,0.3376088740845811,0.5826136155360231,0.12337336340236993,0.2550821187514444,0.34159488082620787,0.5101753938592227,0.21140976499932265,0.1516324139964459,0.06132649076811513,0.16846098064372175,-0.06793264748304632,-0.0565085385970085,-0.18115213285626627,-0.336204766951685
#13,0.2642877064922025,0.051977464160205274,0.34699136976149303,1.0,0.08043095410753134,0.05072635848560431,-0.003840974109284479,-0.12766537306058698,0.0021563643028472616,0.2816278717656528,0.07338173066962045,-0.10508650160571843,-0.023520786682498067,-0.24772211110137143,-0.12482209596060212,0.006974316473953892,0.27749364486130257,0.2571093880738551,-0.04023938353162428,-0.14894851341551849,-0.14403812286335854,-0.11006542406107309,-0.04464773804875328,-0.05502633696977424,-0.06871359242642781,-0.11819681406338405,0.07601781829483062,0.1895863382447864,0.09548566009769781,-0.06224768704826718,0.15093912613854601,-0.07404314322370885,0.10588019667062451,-0.02277649833849979,-0.19759500832742313,-0.07341360597343194,-0.12855469403692754,-0.006273059790101124,-0.011959613990070842,0.160804532668202,-0.15018049390783256,-0.06319119604108726,-0.1078851532803672,0.03018591270948051,-0.03658169241925587,0.011615360708906756,0.1605240299946609,0.22192861525711416,0.17055837563451776,-0.021061606993441655,0.1639888755189698,-0.05905378160635594,0.17006112089505854,0.0072914757468782124,-0.09116336890085984,-0.11109021507861247,-0.10406011682298846,-0.1570336842273028,0.12267529424889831,-0.05103395516738519,-0.003927037429575501,0.15167225812621027,-0.004636262939381141,-0.181145757795504,0.29545378479388634,0.11399883655141088,-0.1911036027062133,-0.21288559156579462,-0.20087816462000654,-0.2254603989194272,-0.018729928519631203,0.21107826183968317,0.0132234697861964,-0.0848664026329001,-0.049076811513359735,-0.07290678864282925,-0.016264373769812494,-0.02332475356405741,-0.1410864697304146,0.10075464781773702,-0.14669020658792237,-0.032004398791925986,-0.03707257209795281,-0.15131844225390273,3.187530381148945e-06,0.11607551259472942,0.05516499454135422,0.0605917650152603,-0.13816828566647277,-0.05856768322323072,-0.0731538222473683,0.03416076309477325,0.06781311509375323,0.16288599000709225,0.04910071799121835,0.20852823753476402,0.03660719266230506,0.029752408577644256,0.06393389061989498,0.15712612260835612,0.21698475563595215,0.3408505924822096,0.27966913434643675,-0.04113029827315542,0.17255536341830757,0.20728988198168763,0.18124297747212903,0.04229055933189363,0.19906605359832336,0.09083824080198265,0.015698587127158554
#17,0.13547801002478305,-0.017622261712181946,-0.15717871685964507,0.08043095410753134,1.0,0.2028161830917451,0.0441967024998207,0.0725099411103762,0.12640151726446142,0.2268963813561348,0.18251639585939802,0.3462502689478759,0.10948051223613225,0.14127772155328355,-0.17549267266453633,-0.34247304544621443,-0.0006661938496601296,-0.22364669413255345,0.0024528046282941136,-0.2074428834399828,-0.08988038792244739,-0.24715473069352692,-0.04625425336085234,-0.031910366645682094,-0.08923810055064588,-0.21114838750806844,0.2546996151057065,0.03128879822135805,0.13219325996700906,0.2789965654360143,0.053030942951175004,0.18134816597470696,0.09986373307620589,0.1805082517192742,0.1803409063742639,0.28140474463897236,0.21488895441034672,0.003621034512985202,0.3074803369219613,0.14292408099514697,0.30844775239264,0.018911617751356694,0.43355035102678324,0.07825387085720661,0.21701184964419193,0.08244069201284575,0.2599781654168891,0.23447473483731643,0.3063551386974157,0.17358174820103753,0.1667668082461411,-0.18037915673883767,0.09231884866402633,-0.13345233446756288,0.1422865749189172,-0.05136067703145296,0.1520946059017125,-0.0951924073026321,0.11709711608188765,0.0913147765939644,-0.11490568894484776,0.022258524651563086,-0.0030903107045239025,-0.07497230832981377,-0.020519726828646334,-0.2861143207771199,0.12931492003283157,-0.09373570591844703,-0.14515535226195125,-0.19094422618715584,-0.165287794149288,-0.16099578449107094,-0.08645698029309341,-0.10845412745340229,-0.012458462494720653,0.1274773087680992,-0.17563451776649747,0.036653411852831726,0.1908788818143423,-0.04160045900437489,0.22375754996756472,0.3486409167337376,0.1559786116711425,0.08886994079162316,0.5508148124536812,-0.14315358318258972,-0.10846528380973632,0.4151025189458837,0.08563778498513815,0.281889249256907,0.46602650431511927,0.10685876849763724,0.24561196598905083,-0.047715736040609136,0.13449625066738918,-0.3170652407780762,-0.3038593024089761,-0.03288575094231367,-0.18565770705002033,0.04877718365753174,0.25280462829411343,-0.14515375849676068,-0.005621209827156165,0.008424642797376663,0.20756241582927587,0.1792412083927675,0.1858967718286065,-0.04491389683557921,0.09860465857565205,-0.06433711321311031,0.13143781526667675
#18,0.006336810397724104,-0.15192407302632102,0.265068651435584,0.05072635848560431,0.2028161830917451,1.0,-0.2302050378917674,0.363875718190439,-0.1592059861820558,-0.05609575341264971,0.04607893918988915,0.34403652909816795,0.37748806668313556,0.029784283881455743,0.10715999011865582,0.010549131796412434,0.15359433894604307,0.3632461809401621,0.05505024344763286,-0.18001259074500553,0.10104152555204042,-0.008432611623329535,0.15940361306568704,0.07329885487971058,0.10664839149248141,-0.08239128529193794,-0.14210966698276342,-0.18094972467706333,0.17973686936703615,0.3692993011339639,0.16038855995346205,0.025822183617687604,-0.18616293061543243,-0.10568735108256501,0.06585119014415607,0.17222067272828695,0.033477037828016795,-0.11428252675533314,-0.25301819282965043,-0.15767915912948546,0.07576600339471985,-0.21342747173058993,0.2617791200822383,0.11111252779128052,-0.01895624317669278,-0.0626588784674354,-0.042950378120791464,-0.07950338276661699,-0.2093394640167664,-0.23788857987552695,-0.18873845516340076,-0.062413438628086924,-0.1644446923634741,-0.1692961136035828,-0.016710628023173347,-0.09057367578034728,-0.160890595988493,-0.041412394711887096,-0.19736231860959924,-0.22692985042513686,0.2579875526938616,0.11632413996445903,0.0010136346612053646,-0.05624875487094486,-0.047396983002494245,-0.19383372247766736,0.0233438787463443,-0.07234100200017532,-0.002667962929021667,-0.09851700149017045,0.07286535074787431,-0.006105714445090804,0.20141526348923014,0.11039373969033142,-0.05196630780387126,-0.021531767724661127,0.04297747212903123,-0.018651834025293055,0.2203093498234905,0.25826008654144983,0.37300575070556985,0.5039182717210273,0.0481364900509208,0.3961669947166684,0.3786467339766832,0.32879854011108545,0.13323080110607305,0.3266692698164779,0.09099761732104009,0.2935189538525289,0.2423845914781375,-0.03925443664384926,0.02456310911713377,0.034092231191578545,-0.09925491477340644,0.08883169042704939,-0.007513009108368064,0.09281132210791385,0.0890866928575413,0.007571978420419319,-0.06320394616261187,0.25120926933834836,0.2537003243312163,0.18129079042784627,0.08515806166277522,-0.012925435695558974,-0.025675557220154754,0.1525137661468336,0.04144905131127031,-0.01180183123620397,-0.18356031205922432
#26,0.13631633051502523,0.2860569452302592,0.13330411430483946,-0.003840974109284479,0.0441967024998207,-0.2302050378917674,1.0,-0.1298807066754855,0.04336953836591255,0.193269529600204,0.19830423383722875,0.13428746742742392,0.2583971503478393,0.24904493620954823,-0.2487357457625768,-0.07805943150395653,0.0811258357306218,0.08879503382766617,-0.14825841308799975,-0.04665906971925826,-0.16570695439440908,0.0482799289180725,0.07400329909394449,-0.0037612858497557554,-0.011763580871630182,-0.009043023691319558,0.054973742718485284,0.11197316099419073,0.2111244810302098,-0.04341894508682036,0.15685996382153017,0.21297484241646678,0.15935739387516037,0.21130298273155415,0.13094693558797982,-0.03267218640677669,0.011492640789232523,-0.043940106304138214,0.1649562909896485,0.13126568862609472,-0.018699646981010287,0.13029667939022543,-0.03337822438620118,0.06163886874546773,0.3082214377355784,0.05074229613751006,-0.05630613041780554,0.04120361147192184,0.03179880308234188,0.07207006191777765,0.04152395827522731,0.11873072540222648,0.1877821960490561,0.2661842870689861,-0.14448597088190998,0.13774912542135168,-0.08818302799448557,-0.1714062587159034,0.1140291180900318,0.007227725139255233,-0.13939389109802452,-0.05385970085027373,0.12787734383093338,0.1477611583485405,0.13584616978380576,0.05418482894915092,0.09612635370430875,0.16873032696092885,0.04763445401588984,0.03165855174557133,0.10304966969216425,0.23290646988979113,0.047041573364996134,0.0212337336340237,0.05389954498003809,-0.0310545147383436,-0.044376797966355616,-0.1868944688379061,0.17413797225254804,0.13179959996493718,-0.18619248945824995,-0.12228800930758871,0.16590617504323088,-0.2483787423598881,-0.05099251727243025,-0.20339312609073304,-0.031009889313007515,-0.1832001211261545,-0.04592593773159401,-0.025909840703169203,0.15564392098112184,0.2041326331391596,0.13316226920287835,0.020897449178812484,0.07633497756775494,0.1935819075775566,0.11901282184095817,-0.01432794906326451,0.18249089561634885,0.12377339846520412,0.145257353234148,0.09230131724693001,0.086608387986198,-0.1266469571038099,0.04230171568822765,0.12048067958147726,0.0999689215787838,-0.011631298360812501,-0.01310234363171274,-0.08184940512714262,-0.07660591765015261
#49,0.5000342659515974,0.24405485739785956,0.14465172246172972,-0.12766537306058698,0.0725099411103762,0.363875718190439,-0.1298807066754855,1.0,0.5268573341089657,0.10950441871399087,0.4767366063957797,0.24438317302711793,-0.019718062937787377,-0.10347042370247592,0.07263425479524102,0.07422961375100606,-0.15570607782355425,0.010840790826287564,0.29926447736454986,0.26856696602889496,0.2633585413860976,0.2555618420738073,0.043184661603805914,-0.06807449258500745,0.04988325669979042,0.06957263186414746,-0.5340117460494546,-0.36171138506163886,-0.19384169130362025,-0.003933412490337799,-0.2727904437839173,-0.2573293276701544,-0.427959422738248,-0.37638836870163916,0.03224983863127445,0.0648311804221884,0.04039079122472886,-0.0748145255759469,-0.10748511821753301,-0.31933157487907304,0.07742670672329846,0.011580297874714119,0.2143661994278383,0.13265067057670393,-0.10174756353146491,-0.03457195451394146,-0.48781964953103457,-0.397913761365538,-0.5003896755890954,-0.2308361689072349,-0.5643092223222752,-0.12654814366199427,-0.39826757723784556,-0.10297316896301668,0.19847317294742967,0.08739092669477005,-0.01584202599431026,0.25054307548868826,-0.443026878849939,-0.3118679724916128,-0.006032401246324379,0.00040003506283419263,0.1737028743555212,-0.01219389747308529,-0.16452278685781224,0.09167656129222482,0.11482281315493788,0.11100415175832144,0.3028791368167728,0.17448222553371212,0.27972332236291625,0.0905290503550112,0.1986389245272494,0.27501693375514985,-0.03889105818039828,0.21059853851732024,-0.14328108439783566,0.10141765413701599,0.048154021468017116,0.0979528086127071,0.44526789012103807,0.19930033708133782,-0.3017842201308481,0.27647682266971607,0.32236291627154573,-0.06510212050458605,-0.2016925786323901,0.24156380240499167,0.01853230163599997,0.20165751579819746,0.1919339543705026,-0.30793774753165615,-0.13488512937388936,-0.3876387571819044,-0.23178127166524556,-0.06788324076213852,0.14624867518268533,-0.1343942496951924,-0.12701671062802317,-0.4420674322052132,-0.1903226577628318,-0.11437655890157702,-0.04058841810836009,0.17235614276948577,-0.15905457848895121,-0.4455529966769996,-0.3205093673549076,-0.10327279681884469,-0.1667540581246165,-0.33518475722971736,-0.16134003777223502
#50,0.48905641131892036,0.2901417654137016,-0.18447513327861406,0.0021563643028472616,0.12640151726446142,-0.1592059861820558,0.04336953836591255,0.5268573341089657,1.0,0.4012176366055989,0.5510602522930297,0.11246722820326881,0.08377786100773774,-0.05194240132601264,0.023925603040903985,-0.12443481101929253,-0.17506554359346238,-0.29318745069288943,0.2515455537935596,0.24109045414339106,0.20398600674162676,0.1118743475523751,-0.08399461307365585,-0.17818135454103548,-0.09159687303269609,-0.05656432037867861,-0.3817051693773956,-0.19397875511000964,-0.06781630262413439,-0.07952569547928504,-0.37307493087043486,-0.14674592992214458,-0.33256938855198465,-0.2096582170548813,0.12581979296990176,-0.036007936950649064,0.14020989887559865,0.13035883623265784,0.20310624835642965,0.002899058881654966,0.09734558407509822,0.1404011506984676,0.19630087099267665,0.08483612109427918,-0.038567523846711665,-0.12414474575460797,-0.33610754727506,-0.27091936345018286,-0.26127708404720734,-0.13931739036887694,-0.348392289364008,-0.141437098072341,-0.261409366558025,-0.01231502362756895,0.19181442198120952,0.0438970746439927,0.062269999760935224,0.11250388480265203,-0.25502952450015537,-0.09380264405645117,-0.11192375427328291,0.014727984126098702,0.23766226521846537,0.13892851166237677,-0.11685008247734861,0.04200368159759023,0.03860736797647603,0.0316665205715242,0.3078724031588426,0.20115229223278536,0.2117109866203412,0.16992086955828797,0.09727067711114122,0.10881431838647213,0.05601287762273984,0.21940568496043478,-0.09120161926543362,0.02275896692140347,-0.00515264286112727,-0.023975009761811793,0.11242981951798242,-0.08249488002932528,-0.05767198718612787,0.10851787806102527,0.24101554717943405,-0.23612109427917985,-0.22292153097084205,0.18124616500251017,-0.01279634071512244,0.05401270230856888,0.04028400895696037,-0.176138147566719,-0.2394329383451936,-0.24576018615177425,-0.1727609591278917,-0.23298615814931986,0.026638191395261735,-0.2980819035931436,-0.315563913968555,-0.39500992118831135,-0.14843053972858178,-0.3298918630318195,-0.19372375267951772,-0.10087258644183952,-0.2652057152419734,-0.39942146323582145,-0.2590888444405486,-0.14679055534748064,-0.1341631537425591,-0.22526595956617712,-0.023149439393094214
#51,0.4214154228657492,0.16196319996174963,0.06466542884236866,0.2816278717656528,0.2268963813561348,-0.05609575341264971,0.193269529600204,0.10950441871399087,0.4012176366055989,1.0,0.46422873718015123,0.1797097753587964,0.42943524930471993,0.16181976109459792,-0.09780140091960252,-0.15822900812023363,0.13856991449449751,-0.1630087099267665,-0.004110320426491565,-0.23206655563435838,-0.14681605559052985,-0.18570711377092813,-0.04121636159344644,-0.24785758114257025,-0.128114814844329,-0.25980285124592595,-0.10833618882929978,-0.06228912494322211,0.24644550518372127,0.036734693877551024,-0.09278104056929293,-0.13100271736964994,-0.09132752671548901,-0.09978882611224889,0.17438022456151536,-0.16162691550653843,0.1469881822311119,-0.011465546780992757,0.31107268366151614,0.1958976483994613,0.11050052195809991,0.12505797320880715,0.3609272525878762,-0.0069280972834272325,0.21272621504673717,0.16821075950880157,-0.015465897409334683,0.01624206105714445,0.07070898644502706,0.07312354070874738,0.061103363641434705,0.002744463658169242,0.19035134553626215,0.0927141024312888,0.12330164396879408,-0.0533433209285276,0.08249169249894413,-0.11002398616611815,0.17910892588194982,0.041579740056897414,-0.13643426913912773,0.0446461442835627,0.016439687940775684,-0.09381380041278518,0.020106941644287547,-0.13555929204950234,-0.07440492792196926,-0.12410808915522475,-0.06886978141510411,-0.24336953836591255,0.06690945023069751,0.13273195260142323,0.08125493071105834,-0.10540525464383332,-0.00015618898867629833,-0.07424395763772124,0.048146052642064244,0.0030807481133804555,0.10781980890755365,-0.07794308664504458,-0.05095986539054242,-0.11097546398489111,0.2263911577907227,-0.05188980707472368,0.14363649403533377,-0.13271601494951749,-0.023205221174764323,0.15849038561148787,-0.11469531193969193,-0.03132226729036011,0.0979464335519448,0.11722780482751476,0.10059049000310784,0.13678330371586353,0.12534325717791997,-0.0010933229207340882,-0.06493636892476631,-0.31075393062340123,-0.13312401883830455,-0.0789535337758688,0.004900827961016503,-0.17537314027524326,-0.1001808923491302,-0.2545131445784093,-0.06758201914111994,-0.052336061328084535,-0.0593805034704237,-0.11085911912597916,0.05237749922303947,0.07557156404146977,0.04047047948425758
#52,0.5496896142291356,0.2207221350078493,0.15708149718302003,0.07338173066962045,0.18251639585939802,0.04607893918988915,0.19830423383722875,0.4767366063957797,0.5510602522930297,0.46422873718015123,1.0,0.13103778020384257,0.18967080779988685,0.06101092526038139,0.012353273992142737,-0.06527265337997752,0.07983966722182821,-0.13111428093299013,0.34383252715377444,0.13000980165592202,0.25046019969877836,0.20186311150778155,0.13411693455203244,0.00796723218768179,0.03442054682083689,0.04997569508084374,-0.382119548326945,-0.22009419152276294,0.17222226649347752,0.0841109579325678,-0.3980173561029254,-0.017491572966554837,-0.27220871948935765,-0.07482886946266207,0.16924830064786556,0.0383093338858386,0.10646510849556534,0.09212600307596681,0.1422929499796795,0.020223286503199482,0.16723218768178885,0.17335065224840424,0.23035166428930026,0.18203507877184455,0.03251599741810039,-0.05132720796245089,-0.3749332610826447,-0.21381316290670896,-0.2847548390695599,-0.08981344978444326,-0.2240132601263856,-0.08724748782761836,-0.11025986341432317,-0.001078979034018918,0.30060005259425127,0.00036497222864155423,-0.045677310361864384,0.11848687932806859,-0.2720859995696834,-0.26151136753022175,-0.12119309262166406,-0.13234466766011363,0.247873518794476,0.1582561021284734,0.03569077767772474,0.09433496163010303,0.05002350803656097,0.03747579469116815,0.2932655451872276,0.07515399756153926,0.260210855134713,0.24054698021340515,0.04905609256588227,-0.011506984675947693,-0.1560838001737204,0.00986381276446541,-0.14100837523607646,-0.0470877925555228,0.3023978197292193,0.24181561730510243,0.21191586988338107,0.12801600140251337,-0.04323406832471372,0.13784475133278615,0.2584003378782204,-0.34338627290041357,-0.3018750647467109,0.17004358947796222,0.054487644335360075,0.018581708356907777,0.13302998669206065,-0.21201698953693152,-0.14562232546278955,-0.27242069025970406,-0.22367060061041208,0.03689725792698962,0.1774928479787073,-0.31556869526412673,-0.1390703567643379,-0.2952800643881137,-0.08705623600474942,-0.3137916470766362,0.030369195706396578,-0.0017037349887241112,-0.13065368279291412,-0.34884969997370285,-0.16604005131923913,-0.272098749691208,-0.25857246451880245,-0.28464486927141025,-0.19683159480113796
#53,0.022376463275665597,-0.07872084405804493,-0.02064244674832057,-0.10508650160571843,0.3462502689478759,0.34403652909816795,0.13428746742742392,0.24438317302711793,0.11246722820326881,0.1797097753587964,0.13103778020384257,1.0,0.5865852783909347,0.26912956514116776,-0.09644510674242364,-0.21418291643092224,-0.01749954179250771,-0.08413645817561699,-0.1766672776099897,-0.4004526293141232,0.08297779088206934,-0.26438970746439927,0.05911434468359777,-0.33065846408848587,0.0307612619432779,-0.4752767174812135,-0.0822621903115014,-0.2576815497772713,0.13341567786817968,0.02567396345496418,0.11587151065033588,0.010598538517320243,-0.11626198312202664,-0.050213166094239335,0.2608308297938465,0.13142506514515218,0.1146028735586386,-0.2481747404154946,0.07044442142339169,-0.21994437759484894,0.19744838192989028,-0.16680824614109604,0.6028544334563188,0.1311238435241336,0.37022209117930654,0.012654495613161313,-0.054428675023308816,-0.023321566033676258,0.09112033724071432,0.011240825889121757,0.024877080859676944,-0.029698220561164723,0.043909824765517295,-0.110545147383436,0.12419096494513464,-0.11356214488919347,0.17311318123500866,-0.14541672975320546,0.019094900748272758,0.10056020846448693,0.21337647124449155,0.14084899871701903,0.008292360286558982,-0.0253791168947079,-0.2407382320362741,-0.4754121875224123,0.2161081847811362,0.066042441967025,-0.10674561116910646,-0.163415120050363,-0.08218409581716325,-0.20789391898891535,0.08252356780275562,-0.02189036489254038,0.07742670672329846,-0.0446461442835627,-0.13276860920080644,-0.06224449951788603,0.36091450246635165,-0.20968212353273993,0.18288781601887516,0.4990238188207731,0.24888237216010964,0.3385667269641164,0.621797926511487,0.2759875367562097,0.057326140139773205,0.049403533377427505,0.049870506578265826,0.31215963152148796,0.49657420172286015,0.2926567268844281,0.24122751794978045,0.01593605814055415,-0.036073281323462617,-0.0476121413032218,-0.4220258349337392,-0.06397692228004048,-0.15797400568974174,0.11570894660089728,0.054889273163384836,-0.009713998836551411,-0.11752265138777104,0.092151503319016,-0.07206846815258708,0.05539449672879695,-0.11689470790268469,0.08081027022288806,0.042861127270119294,-0.025444461267521454,-0.016014152634892302
#54,-0.03576409087649117,-0.09437321199467683,0.038505367004279256,-0.023520786682498067,0.10948051223613225,0.37748806668313556,0.2583971503478393,-0.019718062937787377,0.08377786100773774,0.42943524930471993,0.18967080779988685,0.5865852783909347,1.0,0.36104359744678816,0.04060754329064699,-0.08966522962171983,0.24619847157918223,0.12194853732199636,-0.10773693311764378,-0.4244180764847915,-0.008346548303038513,-0.24243081066866418,0.09358270446015189,-0.2801345137820845,0.008110671054833492,-0.45064348269569443,-0.07733267457705456,-0.10120887089705073,0.40680059606818125,0.18270286638669525,0.12091577747850409,0.11236682099626262,-0.04006725689104224,-0.006349560519248699,0.2833555132322355,0.03221477579708182,0.052098590314688935,-0.20512873638326865,0.06063320291021524,0.023718413566129304,0.0819689375164357,-0.1912597916948896,0.5066547665532437,0.030657667205890558,0.2869032345464543,-0.02674337989783965,0.010370630095068093,0.07831284016925787,0.053351289754480474,0.021780395094390743,0.12564607256412913,0.17791997704978127,0.2200718788100949,0.1142219636780913,-0.02172939460829236,-0.08963494808309892,-0.10489843731323065,-0.3489421383547562,0.08308935444540956,-0.01003115810947573,0.1332212385149296,0.11109818390456534,-0.03407151224410108,-0.0662607877981337,-0.04361019690968929,-0.34885129373889345,0.0013260126385579612,-0.007071536150578935,-0.055992158675262374,-0.20376606714532747,0.058982062172780084,0.013677692865510124,0.2284072707567994,-0.031276048099833455,0.048154021468017116,-0.1464574584226506,0.031298360812501494,-0.21304656185004264,0.407404633075409,-0.051755930798715426,-0.12747417202870268,0.2752703424204512,0.5251790993632908,0.23296384543665183,0.2717401525233287,0.22539505454661365,0.1058435400712413,0.049985257671987186,-0.018631115077815584,0.10966857652862004,0.2769995776522245,0.23856114878594936,0.10894819466248037,0.15908964132314385,-0.05961956824900987,0.16493557204217102,-0.21799520276677636,-0.038505367004279256,0.011881519495732693,0.12462446907697089,-0.07317772872522692,0.1474806556749994,0.04915012471212616,-0.08154818350612404,-0.006443592665492593,0.06190502753229367,-0.036092406505749505,0.10265282215971121,0.081301149901585,0.014516013355752297,-0.15886013913570113
#58,-0.03163783279809386,-0.05960044306672298,-0.13406115277036235,-0.24772211110137143,0.14127772155328355,0.029784283881455743,0.24904493620954823,-0.10347042370247592,-0.05194240132601264,0.16181976109459792,0.06101092526038139,0.26912956514116776,0.36104359744678816,1.0,-0.06740511120496617,-0.13916757644096295,-0.05388360732813235,0.024848393086246603,-0.2007060379794245,-0.30561722541417974,-0.23601271824622078,-0.27509980954505975,-0.010039126935428603,-0.10491437496513639,-0.12129828112424197,-0.2412004239415407,-0.08798540111085434,-0.18831610738789853,0.24782570583875876,0.24812692745977735,0.10370470718549037,0.2834862019778626,-0.036615161488257934,0.2136904429870347,0.49341695288033216,0.3291380120966778,0.26118145813577287,-0.12494322211508578,0.1079664353050865,-0.09727227087633179,0.30584513383643186,-0.006805377363752999,0.29632398058793996,0.02804389229334842,0.25253687574209693,0.09742367856943636,-0.025928965885456096,-0.02028863087601304,0.028843962419016805,0.1132609232681749,0.08407430133318458,0.05766242459498442,-0.03146889368789296,0.001526827052570345,-0.07557953286742264,-0.1954163313119078,0.04351775852863598,-0.018449425846090096,0.02717050896891361,0.04317031771709074,0.10325526540174836,0.01819123588521703,0.2715871510650336,0.19540039366000206,-0.041909649451346336,-0.3326283578640359,0.4949804365322857,0.28390217469260254,0.024418076484791496,0.053647730079927326,0.07159511989098646,0.14150881750591685,0.2244117014240292,-0.0143534493063137,0.19572074046330754,0.09654232641904868,0.2809425527337057,0.18028034329702206,0.28905003625815806,-0.07371960889002223,0.08472618505454739,0.26149383611312543,0.34232801281387215,0.08480583955565826,0.2396082525161568,0.02643578321605878,0.034438078237933205,0.12621345297197364,0.036199188773518,0.05201093322920734,0.2760385372423081,0.10723330331742224,0.17416028496521607,0.0502338850417168,0.08294272804787671,-0.09203834599048522,-0.17268605216393468,-0.10312298289093068,-0.04255353058833842,-0.0013642630031317487,-0.08277378893767581,-0.05268987720039207,0.11412793153184742,-0.11327048585931834,-0.0005482552255576186,0.030624198136888492,-0.008051701742782236,0.07903162827020695,0.09912422602777933,0.041868211556391394,0.05972475675158779
#101,-0.1517439775597861,-0.07378335949764521,-0.1802149989242085,-0.12482209596060212,-0.17549267266453633,0.10715999011865582,-0.2487357457625768,0.07263425479524102,0.023925603040903985,-0.09780140091960252,0.012353273992142737,-0.09644510674242364,0.04060754329064699,-0.06740511120496617,1.0,0.5695128656695009,0.08383045525902669,-0.07179593430499885,0.644394329383452,0.3053287539146857,0.5271266804261728,0.21893393046402473,0.14805600490879678,-0.05420076660105667,0.17662743348022536,0.11799281211899051,-0.321781191976986,-0.5247758767700754,0.25378479388631675,0.3066181099538605,-0.23774514100837524,-0.02475436094000271,-0.21419247902206567,-0.000900477332674577,0.16736128266222539,-0.05043310569053861,0.3879017284383492,0.4306544796755094,0.16949214672202345,0.03852608595175673,0.35139175545266915,0.3576520651212457,0.14222760560686595,0.19683637609670968,-0.3530413024249137,0.09625226115436412,-0.21870761580696316,-0.30652885910318833,-0.3064523583740408,-0.3459936727521934,-0.3186478496123166,-0.14855007211787488,-0.24276231382830368,-0.11333742399732248,0.3130999529839269,-0.14144187936791272,-0.5132131103124576,0.1091585716676362,-0.4931268876156476,-0.4944529002542056,-0.22387300878961502,-0.5299412697527274,0.19561873949111078,0.1350827562575206,-0.1585891990533035,0.0841858648965248,-0.2352987114408434,0.2335344133748775,0.31973320370709785,0.266364382535521,0.07009857437703704,-0.04136298799097929,0.12646048657651268,-0.03790292376224211,-0.16842273027914798,-0.27426786411557985,-0.15256795416331312,-0.33396871438930903,0.15052474718899664,0.20112679198973615,-0.055377784259096535,-0.06290591207197443,0.22123692116440485,-0.036761787885790785,-0.10793137247089386,-0.22133254707583933,-0.4731028217612699,0.031245766561212536,0.1713249766911841,-0.12326179983902971,-0.20649459315159097,-0.3811824143948872,-0.29906844424610923,-0.35021236921164406,-0.4814764640725482,-0.004260134354405565,0.11332308011060731,-0.4281076429009714,-0.288181434229295,-0.37398497079425286,-0.33087680991959456,-0.18409741092844792,0.11559419550717592,-0.3379595024265075,-0.3453928232753468,-0.3820797041971806,-0.18768338260724046,-0.4744495533473053,-0.3486233853166413,-0.3204519918080469,-0.3862155248667214
#102,0.03784554821538143,0.07562097076237757,0.07008423049032186,0.006974316473953892,-0.34247304544621443,0.010549131796412434,-0.07805943150395653,0.07422961375100606,-0.12443481101929253,-0.15822900812023363,-0.06527265337997752,-0.21418291643092224,-0.08966522962171983,-0.13916757644096295,0.5695128656695009,1.0,-0.008660520045581684,0.09040951796571811,0.30460677828335553,0.5176485588378265,0.19754400784132473,0.5033508913131828,-0.18320171489134507,0.005648303835395931,-0.17165329232044244,0.19135382384113347,-0.36587270597422883,-0.2275036058937437,-0.03267537393715784,0.0677350205994151,-0.21562368016320155,-0.1121994756512523,-0.0823817227007945,-0.11229191403230562,-0.1366924591000008,-0.07665532437106042,-0.09669532787734383,0.25317916311389843,-0.17087394114225152,0.03421654487644336,0.06488536843866793,0.26013754193594657,-0.18483373044649332,0.28344635784809824,-0.28455561842073807,0.254465331622692,-0.2506355138697416,-0.3093131668911219,-0.41584999482026314,-0.2668409183275028,-0.34689733761524916,-0.044080357640908764,-0.17027787296097666,0.17744503502299006,0.1179306552765581,0.2422252149590801,-0.4033261879527289,0.36356174644789585,-0.3579947246372192,-0.28121508658129396,-0.2519200886133446,-0.4891934751253098,-0.04543346428770649,-0.04597056315693009,-0.069038720525305,0.43170158340571685,-0.3306297763150555,0.15175354015092957,0.1819314840344572,0.1942305700101204,-0.009256588226856537,0.013830694323805274,-0.023614818828741963,0.11657914239495096,-0.22170708189562432,-0.22371681980093872,-0.1479922543011738,-0.2730422586840281,-0.20916255608061265,0.18712715855572998,0.0161958483197139,-0.07282550661810995,-0.039287905712851325,-0.19444094701527623,-0.3645243806230028,-0.14259576536588864,-0.36243814198854085,-0.07071376774059877,0.19902461570336843,-0.19596299277227486,-0.22612499900389676,-0.2809393652033246,-0.1877758209882938,-0.34387555881391996,-0.385726238953215,0.1087840368478512,0.31709074102112533,-0.2492537194495135,0.011020886292822479,-0.26580815848401057,-0.23323478551904947,-0.12208400736319518,-0.010461474710930839,-0.19172835866091847,-0.16843069910510083,-0.2731458534214154,-0.21846376973280526,-0.429843253193507,-0.2891185681613528,-0.27080939365203327,-0.3229143590274845
#201,-0.0022918343440460915,-0.01832989345679701,0.5703639362812677,0.27749364486130257,-0.0006661938496601296,0.15359433894604307,0.0811258357306218,-0.15570607782355425,-0.17506554359346238,0.13856991449449751,0.07983966722182821,-0.01749954179250771,0.24619847157918223,-0.05388360732813235,0.08383045525902669,-0.008660520045581684,1.0,0.4025149614707265,0.14263879702603416,-0.09423774195347799,0.019643155973830376,0.058287180549689614,0.47664735554510756,0.0894739777988509,0.4085489564822415,0.12877782116360798,0.08069073783359498,0.14017802357178716,0.4422188398983178,0.1855907689120162,0.10125190255719625,0.39183195339830584,0.2219270214919236,0.23467714301651937,0.05002988309732327,-0.07740758154101156,0.02617281195961399,0.04564224752767175,0.05994629011307764,-0.049663317103491145,0.03782323550271339,-0.06574281411119699,-0.06836296408450143,-0.035835810310067016,-0.003844161639665628,0.04506211699830264,0.09683557921411438,0.16995274486209946,-0.019447122855389715,0.08542740797998231,0.1931069655507654,0.16731346970650815,0.2456948417789607,0.12417343352803831,-0.009871781590418283,-0.09158731044155265,-0.40778713672114686,-0.1853038911777128,-0.07353632589310617,-0.3953621432954283,-0.18241917618277298,-0.2141223533536804,0.027572137796938376,0.06259194032943126,0.261334459594068,0.05804014694515057,-0.13254866960450717,-0.015121644128170597,0.2527855031118265,0.060757516595080045,0.4104566934153591,0.3510076580417407,0.09525137661468336,-0.023865039963662155,-0.21573683749173234,-0.2595207548071943,-0.16771828606491407,-0.2828821649706349,0.350489684354804,0.45224840424260293,-0.22534494072985906,-0.016565595390831068,0.2364860665078214,0.07285100686115914,0.02877064922025038,-0.058789216584720576,-0.1723784554821538,-0.014920829714158214,0.09853134537688563,-0.04454254954617536,-0.12975479922543012,-0.028569834806237995,-0.07739483141948697,-0.027304385244921865,-0.09296272980101841,0.6969869869072189,0.3939389109802453,0.3013299970515344,0.29852497031612335,0.10315485819474217,0.021356453553697932,0.29733761524914537,0.5387053845356964,0.1464749898397469,0.17755978611671142,0.08624500952274701,0.2992501334778347,-0.1844352891488497,-0.09469993385874459,-0.20718150594872858,-0.3600379316115357
