,#10,#11,#12,#13,#17,#18,#26,#49,#50,#51,#52,#53,#54,#58,#101,#102,#201,#202,#301,#302,#401,#402,#501,#502,#601,#602,#701,#702,#801,#802,#901,#902,#1001,#1002,#1101,#1102,#1201,#1202,#1301,#1302,#1401,#1402,#1501,#1502,#1601,#1602,#1701,#1702,#1801,#1802,#1901,#1902,#2001,#2002,#2101,#2102,#2201,#2202,#2301,#2302,#2401,#2402,#2501,#2502,#2601,#2602,#2701,#2702,#2801,#2802,#2901,#2902,#3001,#3002,#3101,#3102,#3201,#3202,#3301,#3302,#3401,#3402,#3455,#3501,#3502,#3601,#3602,#3701,#3702,#3801,#3802,#3901,#3902,#4001,#4002,#4101,#4102,#4201,#4202,#4301,#4302,#4401,#4402,#4501,#4502,#4601,#4602,#4701,#4702,#4801,#4802
#10,1.0,0.5715401349919117,0.46871996748719014,0.4995354174469475,0.3912231350955064,0.10423064969837993,0.16635402306178232,0.6510929244794365,0.4377419534779941,0.6188494609089243,0.6313748615416491,0.23964969041111173,0.12507072333033173,-0.04773326745770546,-0.187052251591773,-0.12602698244467642,0.5369299301133964,0.18870339232920813,0.09796077743865997,0.010684601837611265,-0.1534429312529385,-0.1477436269314442,0.07403039310218426,-0.0030600291659029877,-0.05266437695734288,-0.017281195961399008,0.06970810190534628,0.08692873478950346,-0.10313095171688355,-0.10920797838854401,0.03662791160978253,0.07337376184366758,0.27911291029492624,-0.023388504171680386,-0.05479045972156922,-0.046673413605973435,0.05325725760823658,-0.03756185801145917,-0.015320864776992406,-0.01241861836495629,0.05208265266278319,-0.11992126799958562,0.07229318904445808,-0.0011522922327853438,-0.17759484895090405,-0.043940106304138214,0.276207476352509,0.17853676417853356,-0.1037270198981584,-0.14024974300536303,0.04613950226713098,-0.015118456597789447,-0.015676274414490512,0.05020041597271474,-0.0010200097219676624,0.03639522189195866,-0.17995202766776372,-0.1515527257369172,-0.15325805449083185,-0.04748942138354756,-0.056494194710293336,0.08790411908613505,0.13914366996310434,0.0655993752440453,0.3349249735036537,0.14415446772227047,0.051027580106622894,-0.056231223453848546,0.2546294894373212,0.1419869470630892,0.26046267003482376,0.38495804413135815,0.12829172278048276,0.17542892205691335,-0.03691478934408594,0.07315541601255887,-0.0914964658256899,-0.01663731482440692,0.18807704260931238,0.03401573046243097,-0.01278199682840727,-0.0008064451864306832,,0.21801751547944442,0.3155973830375571,0.005227549825084271,-0.04412498306624485,0.058027396823625975,-0.026968100789710653,0.14606061089019753,0.19960155870235638,-0.10549131796412435,0.14966889528165817,-0.16791431918335473,-0.1574942823673788,0.15427168915203723,0.006091370558375634,0.167385189140084,0.310470240419479,0.1993832128712477,0.21698953693152387,0.26468933532022726,0.13864163392807338,0.24347632063368105,0.13618245423901695,0.2704428276582011,0.21961924949597175,0.03470742455514029,0.09593988317701153,-0.15102359569364646,-0.19076253695543036
#11,0.5715401349919117,1.0,0.4109507606244372,0.31612491931563724,0.3183514092868698,0.03599996812469619,0.4161894668058555,0.5075058371650105,0.5315318474129207,0.57472607160787,0.6549068045804811,-0.005466614603670442,0.05758751763102742,0.13434962426985633,-0.11551769477802835,0.016812628995370112,0.35088812565244765,0.20884858433806947,0.16593326905147066,0.05818996087306457,-0.2921738160316841,-0.18834798269171002,0.04259178095291221,-0.09977288846034314,-0.006445186430683167,-0.026327407183099713,0.030700698866036068,-0.014192479022065678,-0.023219565061479493,-0.05864577771756887,-0.02373913251360677,0.0379284240052913,0.14717943405398082,-0.009994501510092518,0.04012781996828407,-0.052739283921299875,0.06734454812772435,-0.054884491867813114,-0.06182693303795552,-0.00027731514315995826,0.06636757006590219,-0.020961199786435465,0.017979265114870625,-0.095061718557005,-0.1414865047932488,-0.012702308568878547,0.2597104128648726,0.08458430619416842,-0.15431153328180158,-0.23251280988771925,-0.012264023141470567,-0.13998836551410881,-0.17671030927013523,-0.09111714971033318,-0.14215110487771837,-0.045940281618309174,-0.2854035015021237,-0.18463291603248094,-0.14387396504872937,-0.04201324418873367,-0.12401086947859971,0.012052052371124162,0.1475858441775773,0.12992692586601215,0.2794157256811354,0.23307222146961087,0.019818470144793567,0.07446867852959224,0.22660950362183138,0.1493899863733076,0.2815752775143638,0.32657523767023405,0.05569253081943437,0.10593597845229462,-0.10140968531106312,-0.023614818828741963,-0.07474280614237104,-0.12148634541672976,0.1792906151136753,0.2950425933747181,-0.11527384870387046,-0.12249679254755397,,0.07421048856871917,0.08065089370383062,-0.051024392576241744,-0.02250237072572098,-0.006338404162914678,-0.10083114854688459,-0.0559029078245902,0.047833674664711646,-0.11930129334045216,0.0719234355202448,-0.12160906533640399,-0.15387165408920303,0.09737745937890971,0.11919451107268367,0.24901306090573677,0.3328259847476671,0.16376574839228936,0.18137366621775614,0.16734534501031964,0.17086119102072692,0.24192718086844264,0.13257416984755635,0.2332698483532421,0.1294185147702189,-0.030264007203818662,0.06817011849644192,-0.12590266875981163,-0.15979567930256836
#12,0.46871996748719014,0.4109507606244372,1.0,0.496859485691973,0.3307078708093937,0.10709623951103284,0.1636876538979512,0.2973153025364773,0.3372805584553228,0.458476838607368,0.5015132800484504,0.08054251767087155,0.0278829220091004,0.08000063750607624,-0.26176477619552313,0.006360716875582721,0.6759205986182055,0.6103387547912567,0.23064651084955654,0.0200224720891871,-0.33849978882611226,-0.09063105132720796,0.18309652638876714,0.07975201013634661,-0.044343328897353554,-0.0229693439265593,0.03354875726159265,0.08901019212839373,-0.07220075066340476,-0.24738742041135078,0.03237096478575811,-0.11438134019714875,0.31582210392942806,-0.045997657165169854,-0.3692148315788635,-0.25881790435815094,-0.2527026273219167,-0.14354246188908987,-0.02878499310696555,0.2032767812318211,-0.17913601989018957,-0.14470591047820924,-0.1108702754823132,-0.1935133756743619,-0.1085099092350724,0.03204424292169035,0.171344101873471,0.05554431065671095,-0.16043159161360757,-0.17547673501263059,0.04800898883567484,-0.06319757110184956,0.005284925371944952,0.23889105818039827,-0.23659603630597104,0.032056993043214944,-0.39734478719250294,-0.2947047151543163,-0.03969909713201954,0.019906127230275163,0.0315103315828479,0.11728199284399429,-0.12389133708930664,-0.1422419494935811,0.4340428244706707,0.2362310640773295,-0.02597996637155448,-0.0425359991712421,0.46975432109587295,0.1666600259783726,0.6704125461195802,0.6744591159384488,0.1478504091992127,0.17657005793336467,-0.227757014559045,0.11132927985719863,-0.02581262102654416,0.13531385221015388,0.17316736925148818,0.22514323964650287,-0.024724079401381795,-0.06667994804325479,,0.18625536899648576,0.20411828925244443,0.08566647275856848,0.08238491023117564,0.16801791392074206,-0.16251623648287897,-0.0652614970236435,0.03817386384463977,0.10314529560359872,0.06255528373004805,0.0025723370175871987,-0.05533871494712684,0.5030369195706397,0.18141510411271108,0.4489174349943023,0.6297476272820726,0.2570137621624206,0.44490433424443576,0.41832033086565357,0.24609647060698547,0.36274733243551227,0.28197850010757913,0.37209635904342214,0.24492345942672267,-0.01099697981496386,0.11972523488114496,-0.1424427639075935,-0.24889512228163424
#13,0.4995354174469475,0.31612491931563724,0.496859485691973,1.0,0.2663739451266645,-0.07043326506705767,0.13052458781247758,0.3761238036800038,0.21106073042258683,0.578171791949892,0.40695678505685756,0.0854529082230315,0.13505247471889967,-0.07996876220226475,-0.18112982014359824,-0.009086055351465068,0.5642980659659412,0.3350014742328013,0.05080764051032361,-0.025436492441568585,-0.25731657754862974,-0.08290766521368406,0.24577453003848942,0.30631051327207964,0.04082588912175569,0.2555060602921372,0.050530325367163655,0.13867988429264716,-0.025461992684617775,-0.119972268485684,-0.012681589621401078,0.22520061519336357,0.38691040648981184,0.298046840758951,-0.057799488401373826,0.13237494919873455,0.09403055247870332,0.2574759540676872,0.0182868617966515,0.2992517272430253,-0.0051382989744121,0.03224346357051216,0.12656726884428118,0.21048538118878946,-0.05611965989050833,-0.08417789607057193,0.32948226537784187,0.2812007426945788,-0.2253105849915132,-0.24260771860481795,0.15797241192455116,-0.11903035325805449,0.020967574847197763,0.23520308552940894,0.017945796045868562,0.3240746200862227,-0.4729354764162596,-0.24269537569029956,0.023565412107834152,-0.16848169959119924,0.001459888914566217,0.07732311198591112,0.1810947573094056,-0.016482719600921195,0.2356684649650567,0.28171074755556264,0.13988317701153088,0.027718764194471227,0.23117085959725553,0.11135159256986668,0.18791129102949264,0.30491756249551755,0.09142952768768578,0.10412864872618317,-0.33944967287969463,-0.29510793774753163,-0.25397763947437624,-0.0846098064372176,0.3210384973981783,0.2788993457593893,-0.200674162675613,-0.05945700419957128,,0.14619926846177753,0.18331487221987586,-0.01644446923634741,0.03181155320386647,-0.00958490385611488,0.13168803640159696,0.06972403955725202,0.32315342380607065,-0.05926734614189291,0.09524818908430221,-0.00903664863055726,-0.08782602459179689,0.12495437847141981,0.4751077783710126,0.33803281562527393,0.31423790132999707,0.37988030823418784,0.31444668456996233,0.30778315230817044,0.2641155798516205,0.4265250340667309,0.3571277163735467,0.4333718493254389,0.3604985297516117,0.022999625465180216,-0.04635625433304911,-0.06039573189681964,-0.1082294065615313
#17,0.3912231350955064,0.3183514092868698,0.3307078708093937,0.2663739451266645,1.0,0.5614595701615281,0.11031564519599328,0.32519503701519653,0.21169504896843547,0.3596315214879392,0.10533512897544804,0.5960681812748527,0.3343161552008543,0.22197802197802197,0.03373841531927101,-0.015209301213652193,0.47418498832566996,0.58979034018918,-0.0012160428404083227,-0.1451840400353816,-0.31464909274916525,-0.29662520220895855,0.3753492337973846,-0.03515527257369172,0.26854784084660804,0.20116504235430993,-0.23879224473858265,-0.14987449099124225,0.342785423423567,0.34547888659563786,0.403734191841516,0.3568137446310035,0.5006606156714931,0.2251416458813123,0.20749388392608117,0.09839906286606795,0.36792547553968874,0.1317358493573142,0.21337487747930098,0.07168755827203978,0.21003434563985687,0.16842273027914798,0.18305030719824048,0.14787272191188072,0.16612452087433957,0.010445537059025093,0.12927985719863894,0.11928535568854641,-0.38340093554016685,-0.4831483237574608,-0.26434667580425375,-0.42394632198838145,-0.23290965742017228,-0.26271784777948665,0.01450645076460885,-0.03421176358087163,-0.196190901194527,-0.2460327199993625,-0.11415024424451546,-0.11737761875542876,0.01820079847636048,0.13828941182095641,0.3372088390217469,0.28189084302209755,0.14406840440197946,0.11762783989034896,0.31200344253281165,0.09936488457155607,0.214198854082828,0.1691957063965766,0.3320036019093307,0.46977025874777867,0.23825195833897791,0.22423479348787542,-0.08001338762760082,0.06276247320482273,0.0862402282271753,0.0784849668098399,0.28983895002749244,0.3521519814485732,0.12565722892046316,0.5684689494696746,,0.49903656894229775,0.6839786754217501,0.09270294607495477,-0.00862705097657962,0.3319701328403286,0.2727075679940074,0.40539170763971344,0.5754735474822494,0.15065702969981432,0.32522053725824573,-0.14890707552056356,-0.06276406697001331,0.28330770027651825,0.32713624301731625,0.19167895194001067,0.19176023396472996,0.16814222760560688,0.05988572703583581,0.5032664217580823,0.6631258516682738,0.34912064005610055,0.42349847396983004,0.2677398018949868,0.17562336141016344,0.21839683159480114,0.1596729593828941,-0.21445863780889163,-0.22044800739507048
#18,0.10423064969837993,0.03599996812469619,0.10709623951103284,-0.07043326506705767,0.5614595701615281,1.0,-0.043420538852010936,-0.07941094438556368,-0.04717226211062324,-0.0035923467395548615,-0.12760480998334514,0.575550048211397,0.24510514865844815,0.17767772474081395,-0.00456454350580529,-0.07538509351417255,0.18822366900684523,0.4289937763469308,-0.05034385483986644,-0.10738789854090797,-0.2581628668648248,-0.21894986811593048,0.21345775326921085,-0.1874076612292711,0.18072181625481118,-0.0012654495613161313,-0.21699750575747676,-0.09650885735004662,0.6442843595853023,0.653982420769948,0.6402776338961981,0.30145590450158977,0.2868506402951653,0.2204097570304967,0.31679748822605963,0.016551251504115898,0.22191427137039899,0.09531990851787805,0.22492170628501304,0.11072683661516149,0.12679517726653333,0.23588840456135599,-0.03192311676720669,-0.026075592282988946,0.1685263250165353,0.0903664863055726,-0.060759110360270624,0.06256006502561978,-0.21011881519495731,-0.31428412052052374,-0.222876905545506,-0.3446262222186805,-0.13779534461187834,-0.22456310911713379,-0.04521511845659779,-0.11695208344954539,0.018403206655563435,-0.13478472216688314,0.06453314633155097,-0.018103578799735436,0.04205946337926034,0.034936926742583016,0.11511606595000358,0.06962681988062698,-0.028644741770194996,0.04965853580791942,0.2302608196734375,0.06314497685056061,0.024762329765955583,0.035289148849699976,0.19637737172182423,0.21847014479356755,0.18485763692435195,0.2382918024687423,-0.06394982827180072,0.019847157918223907,0.13905601287762273,0.04270175075106185,0.147493405796524,0.2751890603957319,0.4955685358876077,0.6873510825650057,,0.2476185163639841,0.36632055399278024,0.14598411016104998,0.007471571213413128,0.35931595598020544,0.2125429320498211,0.117425431711146,0.22730438524492186,0.2399572870928926,0.23495764569006047,-0.07214656264692523,0.11715767915912949,0.35312895951039536,0.1457195451394146,0.029538844042107278,0.08772242985440955,-0.07351082565005698,-0.12916351233972698,0.312642542374232,0.48651754337033526,0.015258707934560002,0.20577261752026074,-0.056231223453848546,0.03582624771892357,0.08841571771230945,0.0010008845396807689,-0.10853222194774044,-0.062303468829937286
#26,0.16635402306178232,0.4161894668058555,0.1636876538979512,0.13052458781247758,0.11031564519599328,-0.043420538852010936,1.0,0.21640462510658304,0.3286232259401222,0.32416546470208546,0.5016057184295037,-0.0015029205747117277,0.500893305389317,0.6285220218505208,0.007010973073337105,0.21692897385428206,0.14780737753906717,0.15292177003562066,-0.17524723282518787,0.14844328985010638,-0.17316258795591646,0.1325407007785543,0.012636964196064993,0.10946616834941708,-0.25771820637665455,-0.019700531520691057,-0.02525002191427137,0.03515367880850114,0.006212496712859295,-0.05089051630023349,-0.0094462462845349,-0.0529687861087426,0.0703440142163855,0.010396130338117286,-0.015897807775980363,0.07019579405366208,-0.055558654543426116,0.00858401931643411,-0.11785734207779168,0.17886826733817307,0.17988827706014074,-0.04520236833507319,0.13850616388687453,0.10440596386934313,-0.11784618572145766,0.05857405828399302,0.014246667038545211,0.09589047645610373,-0.09367036154563348,-0.010313254548207413,-0.021453673230322975,-0.029591438293396236,-0.00668106367888819,0.21920327678123183,-0.0678657093450422,0.04388910581803983,-0.17627043007753668,0.055437528388942454,-0.1910350708030186,-0.004900827961016503,-0.15673405637147478,-0.03478233151909729,0.3456143566368367,0.20638302958825075,-0.024574265473467794,0.005756679868354995,0.5124210090127421,0.645251775055981,0.2679533664305238,0.314065774689415,0.27846265409717186,0.19258102303787583,0.06294256867135765,0.14538007315382226,-0.0962666050410793,0.1008486799639809,-0.10342739204233041,-0.09087011610579414,0.3743467554925133,0.35317836623130316,-0.0828869462662066,-0.05473467793989911,,-0.23057160388559952,0.045388838862370405,-0.14246826415064268,-0.10490640613918352,0.04263481261305772,-0.16894389149646583,-0.01570018089234913,0.02325781542605328,-0.12950935938608166,-0.033881854186422714,-0.16719393731721505,-0.23589956091769,0.11314457840926297,0.1580807879575102,0.23769573428746743,0.2142036353783997,0.05118695662568034,0.18750647467108672,0.20563714747906192,0.0757134091434309,0.07626007060379794,0.021136513957398656,0.06298400656631259,0.12439018559395644,-0.060732016352030856,0.002296615639617815,-0.22491533122425073,-0.2244180764847915
#49,0.6510929244794365,0.5075058371650105,0.2973153025364773,0.3761238036800038,0.32519503701519653,-0.07941094438556368,0.21640462510658304,1.0,0.5717584808230204,0.5555977017905952,0.6074731649786037,0.2181003912693543,0.2312298289093068,0.10067336579301771,0.07187084126895585,-0.11965510921275968,0.36427894078365436,0.11882316378327981,0.2520778713672115,-0.0170692251910526,0.03999872498784754,-0.11948298257217764,0.22487070579891463,0.1466949294360462,0.12622301556311707,-0.012589151240347759,0.2358613105531162,0.12046633569476209,-0.08361051566272741,-0.23845596028337146,-0.18509510793774753,0.06899250133477834,0.1342763110710899,-0.14001227199196742,-0.01624843611790675,-0.09921507064364207,0.06388129636860601,-0.264083704547809,0.10733211675923786,-0.10424977488066683,0.1427296416418969,-0.23184980356844026,0.3024695391627951,-0.1379834089043661,-0.035338555570607784,-0.1715608539393891,0.18748575572360923,0.11063439823410817,-0.09209890906772705,-0.07662982412801123,-0.09808668488871534,0.010525225318553818,-0.09444493142825268,0.07777414753484369,0.31017220632884157,-0.14370821346890963,-0.01980890755365012,-0.15867207484321336,-0.35352580704284836,-0.08392608117046116,-0.2510769868275307,-0.1753317023802883,0.17328530787559068,0.04384766792308489,0.22707807058786028,0.04130401867892804,0.12061136832710437,0.011967582816023715,0.3625720182645491,0.11033477037828017,0.2996374184191443,0.2558710325207787,0.23357425750464184,0.23801926862115405,0.17089625385491955,0.20173401652734502,-0.08197053128162628,-0.2036768162946553,0.20228386551809321,-0.011701424029197778,-0.10226713098359219,-0.04563427870171888,,0.3574815322458542,0.29404330260022793,-0.12132537513248173,-0.31969335957733347,0.01623727976157273,-0.09397317693184264,0.2708444564862259,0.24575381109101196,-0.25238387428380177,0.13367546159424332,-0.41366813027436666,-0.4697383834439672,0.18576130178740766,-0.04662719441544677,0.09473180916255608,0.2636996071368805,0.12837937986596434,0.251255488528875,0.22702547633657133,0.02406585437767454,0.24612197085003468,0.21077225892309287,0.2154531472878101,0.2879869948760449,-0.024207699479635664,-0.050498450063352164,-0.3872339408234985,-0.4564081313900023
#50,0.4377419534779941,0.5315318474129207,0.3372805584553228,0.21106073042258683,0.21169504896843547,-0.04717226211062324,0.3286232259401222,0.5717584808230204,1.0,0.47056076628230364,0.5949621082325941,0.13404362135326603,0.2789312210632008,0.26266684729338824,0.03685900756241583,-0.20207508227812795,0.32852122496792546,0.266727760998972,0.12074205707273147,-0.07163815155113197,-0.02029341217158476,-0.22173736343424524,0.13364996135119414,-0.0940688028432771,-0.01993003370813378,-0.23215102518945885,0.17175051199706748,0.07786977344627816,-0.04493780331343783,-0.19555180135310665,-0.11860322418698054,0.10223206814939954,0.190883663109914,0.02466192255894939,-0.10402027269322411,-0.11582210392942807,-0.09280813457753269,-0.17329965176230586,0.09363370494625027,0.07764027125883544,0.12673302042410092,-0.20730900716397452,0.07619313246579382,-0.10817999984062349,-0.02890133796587749,-0.10780705878602906,0.22280518611193012,0.17468782124329624,-0.05636191219947565,-0.12898979193395438,-0.0737403278374997,-0.09557331718317941,-0.014009196025149615,0.09323048235303492,0.12593295029843254,-0.044697144769661086,-0.04555299667699958,-0.18215779869151877,-0.10564272565722892,-0.06330116583923691,-0.23767023404441823,-0.09927722748607448,0.09486409167337376,-0.0585565268668967,0.2845285244124983,0.1512961295412347,0.05089051630023349,0.03981703575612205,0.29124305716038856,0.06842830845731498,0.35075424937643934,0.2692331598785551,0.06919172198360016,0.06988660360669062,0.009605622803592347,0.16920048769214832,-0.12596323183705344,-0.09313007514602874,0.2080102638478273,-0.03793161153567245,-0.06668632310401708,-0.18380734566376336,,0.1473499669293723,0.06358007474758744,-0.22935556104519123,-0.16802747651188552,0.03483970706595797,-0.11566113364518006,0.082724382216768,-0.06068898469188534,-0.15772856585039327,-0.018100391269354286,-0.27516037262230153,-0.29304879312130944,0.20777757413000342,0.051551928854321895,0.28416514594904735,0.30802859214751893,0.14238220083035166,0.31513837866267164,0.2740272055718031,0.0904796436341034,0.3230450477731116,0.38255305245878124,0.25729426483596174,0.32967829849628255,-0.04196543123301644,-0.037955518013531066,-0.24786873749890428,-0.24983544374407318
#51,0.6188494609089243,0.57472607160787,0.458476838607368,0.578171791949892,0.3596315214879392,-0.0035923467395548615,0.32416546470208546,0.5555977017905952,0.47056076628230364,1.0,0.6320968371729793,0.21576074396959097,0.3288830096661859,0.08883806548781167,-0.05072795225079489,-0.23262437345105946,0.6147694220210537,0.32003442532811643,0.3020679103347704,-0.043473133103299894,-0.2421439329343608,-0.35385252890691615,0.3759038640837046,0.12423718413566129,0.11291348245662966,-0.0371602291834344,0.24381738638446399,0.08434683518077282,0.03016359999681247,-0.21928455880595113,0.03256221660862705,0.16362230952513765,0.37068428308457313,0.08175856051127987,-0.07458183585812302,-0.0959287268206775,0.07080939365203325,-0.10564431942241949,0.2028910900557021,0.13532978986205962,0.1578895361346413,-0.19968921578783796,0.08195778116010168,-0.12230872825506618,0.09315398162388736,-0.028142705735164038,0.3106822111898254,0.19558845795248986,-0.04877240236196001,-0.14378630796324776,0.0345193602626525,-0.003906318482098032,0.04251049892819291,0.12046792945995266,0.045551402911809,-0.03002016112966077,-0.30881113085609097,-0.38683549952585483,-0.10484903059232284,-0.030292694977249002,-0.1552167919100479,-0.06031126234171919,0.13244348110192924,0.020575508610316443,0.4326913115890636,0.23012216210185754,0.20228227175290264,0.034559204392416866,0.27212584369944776,0.028099674075018528,0.4041756647993051,0.3852863597606165,-0.013156531648192272,0.06311628907713027,-0.17064762648518994,-0.0318163344994382,-0.2986094398712238,-0.20204480073950704,0.3190048530150053,0.10510881431838648,-0.30300185673644703,-0.07913522300759429,,0.18568958235383182,0.259686506387014,-0.13965526858927874,-0.12310401708516285,-0.04264915649977289,-0.11147431248954091,0.10745164914853095,0.18391572169672243,-0.21111810596944752,0.07108989632557436,-0.16571332945517137,-0.24286272103530987,0.22899218258174023,0.0898915442787814,0.4156396178151073,0.4236801632015555,0.26458255305245876,0.35405812461650027,0.47346938775510206,0.282627162540143,0.43515049127812,0.28499549761333665,0.42463960984628135,0.4072532253823044,-0.11211341233096128,0.01340197148754074,-0.216607033285786,-0.2361625321741348
#52,0.6313748615416491,0.6549068045804811,0.5015132800484504,0.40695678505685756,0.10533512897544804,-0.12760480998334514,0.5016057184295037,0.6074731649786037,0.5949621082325941,0.6320968371729793,1.0,-0.05486855421590737,0.15743531305532757,0.1200232689717824,-0.055475778753516246,0.027546637553889187,0.5187865071838966,0.18269808509112354,0.2608180796723219,0.11204169289738543,-0.10858162866864825,-0.015961558383603344,0.06807449258500745,0.03131907975997896,-0.0799958562105045,-0.18605614834766393,0.1430037692546757,-0.019952346420801823,-0.1814437918861414,-0.3083409701248715,-0.14120759588489828,-0.08562503486361354,0.16922439417000693,-0.0866514196463435,-0.17809529122074444,-0.13332164572193578,-0.08028751524037964,-0.13477197204535857,-0.05755404856202535,0.097833276223414,0.03311844066013754,-0.21115157503844958,0.05166189865247153,-0.07903640956577868,-0.2446716445266119,-0.04473220760385373,0.2151901760313653,0.04923459426722661,-0.07764983384997888,-0.11533600554630287,0.07751914510435177,0.021169983026400722,-0.023936759397238005,0.24218696459450628,0.01916343265146746,0.07730876809919594,-0.310930838559555,-0.14360940002709402,-0.24921387531974915,-0.0976213054530676,-0.24083067041732742,-0.14205866649666504,0.02399572870928926,-0.11718955446294098,0.34373530747714937,0.1792969901744376,0.06725848480743332,0.1549283204105539,0.4073855078931221,0.21439329343607808,0.4222330244085139,0.4216624564702882,0.1383292559507208,0.12967032967032968,-0.03796508060467451,0.1323669803727817,-0.12726055670218106,-0.1306297763150555,0.2164508442971097,0.1697009299619887,-0.26072245376088743,-0.2668584497445991,,0.056894229773127525,0.07001729235231774,-0.20790029404967766,-0.1611424108886038,-0.037724422060897767,-0.258338181035788,-0.06175840113476082,-0.026893193825753652,-0.19733203707097832,-0.015135988014885767,-0.2333845994469635,-0.33911020089410226,0.21922718325909044,0.04230809074898995,0.32967829849628255,0.42206567906350356,0.2655802500617584,0.39210608101108463,0.265742814111197,-0.013867350923188486,0.2926774458319056,0.1472320283052698,0.30734646064595306,0.27691510809712405,-0.14102750041836337,-0.012444118608005483,-0.24142195730303054,-0.3091824781454948
#53,0.23964969041111173,-0.005466614603670442,0.08054251767087155,0.0854529082230315,0.5960681812748527,0.575550048211397,-0.0015029205747117277,0.2181003912693543,0.13404362135326603,0.21576074396959097,-0.05486855421590737,1.0,0.5530572400768194,0.2912398696300074,0.10816246842352716,-0.18675421750113555,0.2750647467108671,0.29231884866402635,-0.17755181729075856,-0.24305237909298824,-0.17661468335870076,-0.28823402848058394,0.333410896572608,-0.004237821641737523,0.1717058865717314,0.1855525185474424,-0.1472639036090813,-0.025442867502330883,0.510170612563651,0.4175425734526532,0.3934065934065934,0.35813497597398974,0.3594418634302608,0.18754791256604164,0.34754121875224125,0.20272533847588234,0.2696762266015348,-0.0029914972627082853,0.1258468869781415,0.011757205810867885,0.3322410729227263,0.09863653387946354,0.24640566105395692,0.035421431360517654,0.222513527082055,0.05428682992134769,0.022953406274653556,0.20402266334100996,-0.1684960434779144,-0.24727904437839174,-0.11834184669572632,-0.25937731594004254,-0.09713680083513296,-0.22463164102032848,0.08215540804373292,-0.1846408848584338,-0.07527193618564176,-0.2130178740766123,-0.05249384408195141,-0.12326339360422028,0.04389548087880213,0.1148961263537043,0.44359425925778356,0.18864761054753804,0.010832822000334691,-0.07912406665126027,0.3833308098717816,0.2662097873120353,0.1126616675565189,0.03155017571261226,0.1631457737331559,0.2028400895696037,0.3140115866729355,0.31670504984500636,-0.017113850616388687,0.08463211914988565,0.07786817968108758,0.049570878722437824,0.4119930830590729,0.12148634541672976,0.5067296735172007,0.6858832248244866,,0.39271808684426524,0.5895018686896859,0.1346683773079712,-0.012083927674935652,0.359531114280933,0.26140617902764385,0.5149805959088047,0.43894205866649666,0.1697630868044211,0.3175322139789145,-0.08661316928176972,-0.004660169417239758,0.19040712731793225,0.09157615408521863,-0.0014742328012813872,-0.08184303006638032,0.08417630230538135,-0.021826614284917403,0.285185155671015,0.38394759700053394,0.10123437114009994,0.23435998374359507,0.08645698029309341,0.1096207635729028,0.1321151654726709,0.06911203372407143,-0.12089824606140777,-0.14514897720118894
#54,0.12507072333033173,0.05758751763102742,0.0278829220091004,0.13505247471889967,0.3343161552008543,0.24510514865844815,0.500893305389317,0.2312298289093068,0.2789312210632008,0.3288830096661859,0.15743531305532757,0.5530572400768194,1.0,0.7413494409868594,0.01346572209516372,-0.23599199929874332,0.23349297547992254,0.267551737602499,-0.27987154252563967,-0.2407446070970364,-0.27025954466128504,-0.29876881639028124,0.3474041549458518,0.17470216513001138,-0.0659547848815434,-0.00608977679318506,0.11837212823434723,0.17862123373363403,0.474409709217541,0.2034584704635466,0.3236458972499582,0.33863047757173936,0.35139334921785975,0.22310800149813928,0.1988891456621696,0.10505462630190694,0.14957964443098598,-0.057624174230410635,0.19261767963725904,0.19172038983496562,0.46685685597940857,-0.09375483110073393,0.3706763142586203,0.05891990533034768,0.2625680338515726,0.14097809369745556,0.27579150363776905,0.3783391372949023,0.0070332857860051475,-0.03600156188988676,0.09997370287435552,-0.07258484807433321,0.14398074731649785,0.06401517264461427,0.05374813728693351,-0.21023675381905985,-0.12632501653531386,-0.29258500745085225,-0.10199140960562281,0.013503972459737506,-0.088705782976994,-0.027108352126481206,0.4610969885806724,0.13600235877248204,0.058982062172780084,-0.06313700802460774,0.6615528054251767,0.5153790372064484,0.029518125094629807,-0.07909856640821109,0.15261417335383978,0.027800046219190525,-0.04044019794563667,-0.0005769429989879591,-0.18711122090382423,-0.03677453800731538,-0.19219214433137566,-0.1262596721625003,0.49131955788953613,0.1206097745619138,0.05650216353624621,0.2882499661324897,,0.24358629043183067,0.293863207133693,-0.10053152069105659,-0.1377300002390648,0.10807162380766441,-0.00900477332674577,0.28639482345066103,0.25373219963502774,-0.08646176158866514,0.02031094358868108,-0.13934129684673557,-0.18661874745993673,0.15094709496449887,0.11556710149893616,0.2860983831252142,0.09386161336850242,0.2253408665301341,0.24017403915881072,0.4638605774211286,0.3559594864888556,0.19520276677637083,0.3902238443210162,0.22116360796563841,0.3961446820040003,0.029548406633250722,-0.1431472081218274,-0.19942783829658375,-0.18689606260309669
#58,-0.04773326745770546,0.13434962426985633,0.08000063750607624,-0.07996876220226475,0.22197802197802197,0.17767772474081395,0.6285220218505208,0.10067336579301771,0.26266684729338824,0.08883806548781167,0.1200232689717824,0.2912398696300074,0.7413494409868594,1.0,0.037783391372949025,0.0035094709496449887,0.07197124847596204,0.2383029588250763,-0.31755930798715426,-0.13076046506068262,-0.20592721274374645,-0.07952728924447561,0.12326658113460144,0.06935906732861048,-0.18807704260931238,-0.06358485604315917,0.01654806397373475,0.09018639083903768,0.2821171576791591,0.11410561881917937,0.17219357872004717,0.0028751524037963485,0.14851341551849165,-0.0014726390360908128,0.005828399301930846,-0.051840400353815874,-0.026168030664042267,-0.14563029428874244,0.005756679868354995,0.1325837324386998,0.32514084899871704,-0.043033253910701334,0.21490967335782418,-0.04747826502721354,0.09460112041692897,0.17179035612683183,0.1267218640677669,0.20158898389500274,-0.042370247591422355,-0.01016981568105571,0.0266716604642638,-0.12317414275354811,0.08369020392225614,0.10325207787136721,-0.028305269784602634,-0.19279140004303166,-0.07878140713528675,-0.10457809050992517,-0.15400712413040188,0.015826088342404513,-0.11488018870179856,-0.05222927906031604,0.39487763867749365,0.20784929356357928,-0.0366550056180223,-0.059633912135725047,0.6294464056610539,0.6689319382575365,0.11466821793145215,0.06193212154053343,0.19729378670640454,0.046958697575086264,-0.025081082804070478,0.11293898269967885,-0.10084549243359976,0.12936751428412052,-0.08089155224760736,-0.04017722668919188,0.3736837491732343,0.1918160157464001,0.1878188526484393,0.14685111842472248,,0.12169990995226673,0.15813975726956148,-0.07172262110623241,-0.1427423917634215,0.10178740766122928,-0.1013363721122967,0.09609447840049726,0.03662631784459196,-0.01699750575747675,-0.02809011148387508,-0.12078030743730526,-0.1675031277641865,0.18222792435990406,0.013762162420610572,0.2299117850967017,0.09510315645195994,0.10427208759333488,0.19040553355274167,0.3372853397508945,0.19111316529735675,0.05286997266692698,0.2306114480153639,0.049693598642112057,0.16388049948601072,-0.027001569858712715,-0.04996613248970029,-0.2216831754177657,-0.20268708811130856
#101,-0.187052251591773,-0.11551769477802835,-0.26176477619552313,-0.18112982014359824,0.03373841531927101,-0.00456454350580529,0.007010973073337105,0.07187084126895585,0.03685900756241583,-0.05072795225079489,-0.055475778753516246,0.10816246842352716,0.01346572209516372,0.037783391372949025,1.0,0.31659667381204726,-0.13864960275402624,-0.1886619544342532,0.21845739467204298,0.16183729251169426,0.5384264756273458,0.23001059853851732,0.01346572209516372,-0.23205061798245263,0.1673166572368893,-0.0890994429790659,-0.10099052506594204,-0.2440707950497653,-0.007887543928153065,0.049774880666831355,-0.2491788124855565,-0.008984054379268303,-0.2526627831921523,-0.04566615400553037,0.1274342771079537,0.15573795312736574,0.07405429958004288,0.030052036433472255,-0.1535736199985656,-0.15037493326108264,-0.02199236586473715,0.0832184494258461,0.07741555036696443,0.07083967519065416,-0.028012016989536932,-0.2164699694793966,-0.3035198304233837,-0.24181242977472128,-0.2671517025396648,-0.23947437624014853,-0.44715951198909865,-0.26055032712030535,-0.28721561252380684,-0.18846273378543138,0.3776426619066213,-0.005249862537752313,0.09825403023372567,0.04990556941245846,-0.47577397222067275,-0.4677589270772737,-0.37948346070173483,-0.3548597885073592,0.13287857899895608,0.04700810429599407,-0.321032122337416,-0.10337320402585087,0.0738088597406944,0.1663731482440692,0.2977041812429775,0.2633410099690013,-0.01607790324251528,0.16020208942616485,0.24210249503940584,0.17180629377873757,0.28959669771852514,0.16288120871152054,0.01468495246595319,-0.1714795719146698,0.17142060260261854,0.1556773900501239,0.011672736255767438,0.07497868339057606,,0.11234450828359457,0.040827482886946265,-0.29523225143239645,-0.4189992748368383,-0.08399142554327471,-0.002865589812652902,0.05621369203675222,0.04328028751524038,-0.23618803241718397,-0.07005235518651037,-0.4688124058682434,-0.3274279020471914,0.08676935827044602,-0.01870761580696316,-0.3882029500593678,-0.3150905657069544,-0.3312784387476193,-0.3211532484918997,-0.2517128991385699,-0.1806835658902374,-0.2763158523854681,-0.11435105865852783,-0.3516260389356836,-0.1669867478424404,-0.06569340739028919,-0.1359497645211931,-0.41730828996963876,-0.3775071918654225
#102,-0.12602698244467642,0.016812628995370112,0.006360716875582721,-0.009086055351465068,-0.015209301213652193,-0.07538509351417255,0.21692897385428206,-0.11965510921275968,-0.20207508227812795,-0.23262437345105946,0.027546637553889187,-0.18675421750113555,-0.23599199929874332,0.0035094709496449887,0.31659667381204726,1.0,-0.06663851014829986,-0.02569468240244165,-0.10942154292408099,0.6479755197666728,0.1757699878076963,0.7644606300153798,-0.4967272031811553,-0.22949581238196176,-0.3781032600466973,0.01703575612205054,-0.5668273713233829,-0.4154563348181912,-0.24321175561204567,-0.01821992365864737,-0.24192877463363321,-0.36242061057144453,-0.2101459092031971,-0.14829028839181124,-0.14359346237518827,0.25006813346189705,-0.2254843053972858,0.4254093984333288,-0.5981783263871734,0.07487190112280757,-0.329313326267641,0.3243726541768601,-0.20467451330395492,0.4185833021220984,-0.41670425296241104,0.04279897042768689,-0.33890619894970875,-0.3610611288638845,-0.4131166875184279,-0.35033190160093713,-0.4071894747746814,-0.43717457307014956,-0.47855668624341574,0.09236188032417184,-0.15308592785024983,0.39821020169098487,-0.2185243328100471,0.47662026153686776,-0.27285738192192144,-0.3371116193451219,-0.015324052307373555,0.02831005108017436,-0.02565324450748671,0.25691176119022385,-0.4080517017427822,0.05101961128067002,0.13934767190749786,0.3483317262867662,0.446910884619369,0.7818151391755452,0.12962092294942187,0.3392695774131597,0.27536596833188565,0.2967176405900119,0.09085099092350724,0.18302161942481016,0.20327837499701168,0.06590697192582617,-0.019061431679270692,0.45076142131979696,0.011722142976675247,0.07756058299930671,,-0.118848664026329,-0.014839547689438915,0.010069408474049519,-0.035536182454239014,-0.03497677087234738,-0.03689885169218019,-0.14603989194272007,-0.13404202758807546,0.057185888803002655,0.027471730589932186,-0.06950888125652448,-0.05983472654973743,-0.01894986811593048,0.1997051534397437,-0.14349305516818206,-0.07549825084270334,-0.07416745690857365,-0.2130178740766123,-0.1334905848321367,-0.1925332100821586,-0.10858959749460112,-0.3033237973049431,-0.24775876770075464,-0.4541609224712923,0.14092071815059487,0.08152427702826542,-0.1485548534134466,-0.2104327869375005
#201,0.5369299301133964,0.35088812565244765,0.6759205986182055,0.5642980659659412,0.47418498832566996,0.18822366900684523,0.14780737753906717,0.36427894078365436,0.32852122496792546,0.6147694220210537,0.5187865071838966,0.2750647467108671,0.23349297547992254,0.07197124847596204,-0.13864960275402624,-0.06663851014829986,1.0,0.6336013515128817,0.09369267425830152,-0.18434285076779638,-0.23259568567762912,-0.22744782411207357,0.43793958036162534,0.11071089896325574,0.24452342436388846,0.07127636685287157,0.04217102694260055,-0.007508227812796341,0.14260373419184152,-0.1275824972706771,0.2957103809895688,0.1500083672672505,0.6411605798117763,0.12429137215214082,-0.08162149670489047,-0.187651507303429,0.09520196989377555,-0.005676991608826272,0.17813035405493707,0.11622373275745285,-0.004679294599526652,-0.18358899983265464,0.05661850839515814,-0.1217955358637012,-0.061426897975121325,-0.058954968164540315,0.25364613631473676,0.2134418156173051,-0.205842743188646,-0.30438683868705624,0.11585238546804899,-0.10901194527010336,0.07244937803313438,0.06743698650877766,-0.02747332435512276,-0.01597430850512794,-0.4093952457984365,-0.4530357242467467,-0.06705767039342093,-0.1482297253145694,0.014790140968531106,0.008776864904493621,0.032021930209022303,-0.032343870777518345,0.3088206934472344,0.17007227725139254,0.13983695782100422,0.021118982540302336,0.4052084246427974,0.07448620994668856,0.5180390313095171,0.5746176955749109,0.08267816302624134,0.06602172301954753,-0.3095777319127573,-0.04938918949071233,-0.10280104232243463,-0.012815465897409334,0.42469539162795145,0.2563650997298568,-0.13639442500936336,0.018274111675126905,,0.29224394170006934,0.29078724031588427,0.02823673788140793,0.016055590529847237,0.09113786865781065,-0.10293173106806175,0.13654742646765852,0.16483994613073655,0.06797408537800126,-0.053002255177744664,-0.03305469005251456,-0.0941245846249472,0.49796077743865996,0.1528930822621903,0.5580935380790348,0.5125835730621807,0.3972666926981648,0.38867151702539665,0.6411287045079649,0.5281004709576138,0.5609623154220689,0.41428013610754727,0.5365107698682753,0.3588426077186048,-0.032464996932002006,-0.12849094342930456,-0.17044203077560582,-0.19886045788873924
