,#10,#11,#12,#13,#17,#18,#26,#49,#50,#51,#52,#53,#54,#58,#101,#102,#201,#202,#301,#302,#401,#402,#501,#502,#601,#602,#701,#702,#801,#802,#901,#902,#1001,#1002,#1101,#1102,#1201,#1202,#1301,#1302,#1401,#1402,#1501,#1502,#1601,#1602,#1701,#1702,#1801,#1802,#1901,#1902,#2001,#2002,#2101,#2102,#2201,#2202,#2301,#2302,#2401,#2402,#2501,#2502,#2601,#2602,#2701,#2702,#2801,#2802,#2901,#2902,#3001,#3002,#3101,#3102,#3201,#3202,#3301,#3302,#3401,#3402,#3455,#3501,#3502,#3601,#3602,#3701,#3702,#3801,#3802,#3901,#3902,#4001,#4002,#4101,#4102,#4201,#4202,#4301,#4302,#4401,#4402,#4501,#4502,#4601,#4602,#4701,#4702,#4801,#4802
#10,1.0,0.5260253886794859,0.6248643307381524,0.5093099793607407,0.2915315286598825,0.27938225661213334,0.4036879726509893,0.7573970626907538,0.21468973376152492,0.5173951501725251,0.5839109404011507,0.26581453354477286,0.047889456446381755,0.28194821856895824,-0.2526245328275785,-0.19551355098853285,0.4208305110408084,0.20276996390121843,-0.01577190032592498,0.1648861653212632,-0.023351847572297173,0.005971838169082549,0.1288447593016121,-0.15689183912534166,-0.10504665747595407,0.0168508793599439,0.12047111699033382,0.3986437058228211,-0.08140474463897233,0.14402537274183394,-0.05092239160404498,-0.026231781271665245,0.10174596976627434,0.11548900700459801,-0.05801464670210138,0.13623186095992476,-0.22704460151885822,-0.09059917602339647,-0.1392265457530142,-0.02371681980093873,0.016567189156021643,0.03107204615543992,0.038272677286455385,-0.1544980038090988,-0.13815234801456702,-0.2014853891576154,0.051806931284813805,0.33793718971383946,0.030895138219286154,-0.011083043135254883,0.16079337631186796,0.1141470567141343,0.21558702356381834,0.23299253321008215,-0.07652622939062388,0.0071671620620134035,-0.2765867924678657,-0.08649841818804835,-0.20024225230896733,-0.05746479771135319,-0.06865302934918599,-0.0892556319677422,0.04406920128457474,-0.06846337129150762,0.14625664400863822,0.10775287076954952,0.1554590442190152,0.0582441488895441,0.2046697320083832,0.08985807520977934,0.5198591111571532,0.5594291133087362,0.2122688044370423,0.40251974276629826,0.10696236323502459,0.16194726230984388,0.04305237909298823,0.05433464287706492,-0.06850959048203428,-0.1657738925324132,0.0024416482719600923,0.36410522037788173,0.08113858585214641,-0.09359067328610476,0.0469252285060842,0.18591749077608397,0.01821514236307565,0.11776649746192894,0.2717799966530931,0.2022982094048084,0.14901385778833204,0.018090828678210838,-0.04764401660703329,-0.010797759166142052,-0.2074859151001283,0.3600299627855828,0.20067256891042243,0.30303691957063966,0.23459904852218122,0.16910486178071385,0.3790101124401342,0.18488632469778227,0.012322992453521822,0.26821793145215916,0.1719800141845102,0.2100710022392401,0.16482241471364023,-0.06364701288559156,-0.19227502012128553,-0.20956099737825626,-0.4275912629792253
#11,0.5260253886794859,1.0,0.5854887679398194,0.31378845954625506,0.3331431440205914,0.40271258835435775,0.54931348564416,0.43116448453649325,0.5082134689096256,0.3611950051398927,0.3608300329112512,0.27654694833810134,0.33137087712867264,0.3851222019459873,-0.25382463801608107,-0.10527615966339679,0.35415853182350643,0.40669062627003166,-0.08474687024360701,0.016831754177657005,-0.06835977655412027,-0.06190980882786539,0.03301165839236905,0.011849644191921204,0.017883639203436157,0.11994517447744424,0.034297826901162655,0.13002892683820894,0.19316752862800723,0.21976268836312346,0.10273888548000223,0.008394361258755747,0.06454908398345671,0.10239463219883814,0.12328251878650719,0.11580776004271291,0.05550924782251831,0.00474623273753078,0.10653842169433178,0.0466941325534509,-0.048794715074628056,-0.044113826709910826,0.10279944855724406,0.09800380909880547,0.0618157766816215,-0.00843101785813896,-0.0005928806508937038,0.010165034385483987,0.018267736614364604,-0.04308744192718087,-0.05468048992341958,0.004146977025874778,-0.008442174214472981,0.14829985098295467,-0.13246420004940673,-0.05057813832288089,-0.14500713209922783,-0.1373347464718023,-0.0011841675365968332,0.10964467005076142,-0.05853262038903808,-0.04950234681924312,-0.09583788220481476,-0.2069296910486178,0.15852863597606165,0.2345448605057017,0.05605750304807593,-0.15316720987496912,0.18964052626126593,0.19293802644056451,0.40361147192184177,0.42295500003984415,0.1741013156531648,0.32306417295539847,0.004150164556255927,0.11192056674290177,0.008764114782969025,-0.04479914574185785,0.15641211580297876,0.18585055263807984,-0.0873702077472926,0.26282941134282684,0.19474694993186653,0.030456852791878174,0.1250484106176637,0.04679932105602882,-0.03387388536046984,0.2063431854584864,0.030350070524109683,0.12130943748057599,0.220202567555722,-0.025836527504402778,0.07181505948728574,-0.01097147957191467,-0.09042704938281443,0.22380128935603918,0.23381810357879973,0.12059543067519862,0.15592920495023468,0.04136458175616986,0.11311270310545148,0.08234187857103013,0.17408856553164023,0.0848409023898509,0.10251416458813123,0.018827148196256246,0.005866649666504634,-0.07228203268812405,-0.2029229653595136,-0.14598411016104998,-0.37995680896333545
#12,0.6248643307381524,0.5854887679398194,1.0,0.6920463148164381,0.2580449282407223,0.3475061559180486,0.4611463953015802,0.31793224904174866,0.17015993433687415,0.5995585270422109,0.45241415582242267,0.12345464542708923,0.07989863653387946,0.21743897871526588,-0.3179513742240356,-0.18608483612109428,0.514695311939692,0.6210759508801569,-0.09026289156818526,0.05267393954848632,-0.21228792961932919,-0.005584553227772952,0.14196941564599289,0.03574018439863255,-0.0217580823817227,0.08875359593271123,0.17292989823809257,0.3407501852752034,-0.1104638653587167,0.06721704691247839,-0.03668528715664321,0.07040298352843676,0.3334889910669461,0.22875471156834465,-0.053697136800835134,0.21067982054203954,-0.08923491302026472,-0.08207253225382305,-0.07220234442859534,0.09306791830359633,-0.20052753627808015,-0.0777550223525568,-0.02086079257942927,-0.14300695678505687,-0.19118647849612316,-0.13269529600204003,0.1914223557443282,0.3256285411470328,0.14136537863876514,0.008078795751022001,0.17710237550701655,0.051755930798715426,0.20920080644518643,0.2261473117165648,-0.14213197969543148,-0.005329550797281037,-0.34659770975942117,-0.20924065057495078,-0.13445003147686252,-0.03398385515861948,-0.05940281618309175,-0.015394177975758832,-0.11293101387372598,-0.2709257385109452,0.251222019459873,0.2843245224681048,-0.031562925834136855,-0.11480368797265099,0.20181529855206432,0.054917960936815176,0.49115061877933525,0.580471595119891,0.1288065089370383,0.3621544517846186,-0.0666480727394433,0.14726709113946243,0.010514068962219797,0.02095960602124489,-0.08285985225796684,-0.048034489078724034,-0.07542653140912749,-0.010303691957063967,-0.027321916662018185,-0.06518021499892421,0.021302265537218402,-0.001976268836312346,-0.03193586688873128,0.10449362095482473,0.06991210384973982,-0.026756130019364246,0.005372582457426547,-0.11912757293467953,-0.23090948210600132,-0.031851397333630835,-0.11662536158547761,0.45416570376686405,0.4751014033102503,0.4825442867502331,0.4969694554901226,0.31692977073687734,0.4590059686506387,0.3435998374359506,0.25900278112025754,0.5040123038672712,0.34723043454007924,0.36002040019443937,0.25739307827777735,-0.11000007968825953,-0.15047534046808883,-0.27889456446381755,-0.3866075911036027
#13,0.5093099793607407,0.31378845954625506,0.6920463148164381,1.0,0.2338451975870395,0.3219039118966603,0.2927523527958626,0.2850337479779104,0.035338555570607784,0.6985664082110783,0.3397652383874284,0.17117197523288893,0.014584545258947,0.01180183123620397,-0.17637721234530518,-0.21280430954107532,0.4617185570049965,0.3004247384232881,0.04326594362852521,0.09908916319358668,-0.18565292575444858,-0.019485373219963503,0.21614802891090057,0.19186860999768904,0.14390743411773144,0.16891998501860722,0.10179537648718215,0.27304385244921864,-0.21491286088820535,0.07834630923825993,-0.1489548884762808,-0.029859190845412744,0.305249065655157,0.13641992525241256,0.18010343536086829,0.27692148315788634,0.022970937691749873,0.01224011666361195,-0.05560487373395278,0.10470877925555228,0.020259943102582695,0.011717361681103523,0.303515049127812,0.025163958593980348,-0.13634023699288383,-0.1099140163679685,0.3133007673979393,0.35297755181729074,0.06267800364972229,-0.14250970204559762,0.15618261361553604,0.13667174015252334,0.13881854186422715,0.16555554670130448,-0.1380105029126059,0.07693582704460152,-0.26829921347687846,-0.12024958362884396,-0.17797575883145136,-0.052272310720461554,-0.06615081799998407,-0.06184127692467069,0.1653132943923372,-0.07593813003530189,0.06207556040768514,0.21191180103435361,0.19183195339830583,-0.006222059304002742,0.15306999019834408,-0.046075751659508,0.1500705241096829,0.18978237136322706,-0.08768417948983576,0.1721983600156189,-0.11089736949055296,-0.12904557371562447,-0.14019874251926465,-0.11279554383252716,0.046608069233159875,-0.04189689932982174,0.03454007921012997,0.09784762011012918,-0.1426292344348907,-0.07757014559045015,0.07329726111452,0.02223461817370447,0.00039844129764361817,0.06966507024520077,0.20565149136577707,0.17675971599104304,0.140699184789105,0.026486783702157162,-0.11085911912597916,-0.047688642032369374,-0.10193244029357154,0.22675453625417366,0.3289563228649523,0.4009339464016766,0.4241216361593446,0.23630915857166765,0.22273027914797314,0.348766824183793,0.05925459602036832,0.5192423240284009,0.31072364908478034,0.3847795424300138,0.22823514411621737,-0.10636629505374973,-0.15265401748360413,-0.24209452621345298,-0.2662655690937054
#17,0.2915315286598825,0.3331431440205914,0.2580449282407223,0.2338451975870395,1.0,0.6195570926535393,0.2741276127788093,0.41889727386464154,0.3767565284606619,0.3174620883105292,0.31812668839499875,0.6641570177465754,0.3064300456613727,0.4076532604451386,-0.16242857939739738,-0.4361768760608499,0.3653069193315749,0.33156850401230387,0.054162516236482876,-0.16816772784865605,-0.09326076389165584,-0.24980197467507112,0.04030154037405669,-0.16793025683526047,0.0799400744288344,0.17525520165114072,-0.020234442859533505,-0.12069583788220481,0.19172517113053733,0.31970770346404864,0.2636996071368805,0.37261752026073997,0.3615599773685343,0.38244786395620334,0.27845627903640957,0.4945357760441154,0.37984365163480466,0.31565953987998946,0.24805680179139208,0.15052315342380607,0.07984126098701878,0.2161512164412817,0.19226705129533267,0.11737124369466646,-0.015169457083887831,-0.2420929324482624,0.13634342452326498,0.06017419853532979,0.1599614308823881,-0.22526277203579598,0.047800205595709584,-0.12409215150331901,-0.04113667333391771,-0.10863103538955605,0.03523814836360159,0.05865534030871232,-0.16270589454055734,-0.1973957876786013,-0.29331813943851653,-0.06357051215644399,0.08664982588115293,0.07803871255647905,0.08855596904908,-0.19633912135725043,-0.07225493867988429,-0.015132800484504619,0.19093785112639355,-0.30382583333997404,-0.11339958083975488,-0.059715194160444345,0.009256588226856537,0.16106909768983735,0.045968969391739514,0.19538764353847748,-0.011868769374208098,0.09306313700802461,0.024089760855533153,-0.19752328889384727,0.10975623361410164,-0.005745523512020974,0.26822271274773085,0.276870482671788,-0.019904533465084587,0.35755484544462063,0.5013443409382495,0.20015300145829515,0.1809831937460654,0.1564965853580792,0.1731785256078222,0.3111699033381412,0.2844552112137319,0.0447959582114767,-0.054973742718485284,0.03761445226274813,-0.06899728263035007,0.1534253998358422,0.1875702252787097,0.2955239104622716,0.296998143263553,0.270151168628326,0.1553522619512467,0.35824653953733,0.49609607216568785,0.2157639314999721,0.23819298902692665,0.2219078963096367,0.22895393221716645,0.11821115795009922,-0.0177497629274279,-0.10537975440078413,-0.22842161464351457
#18,0.27938225661213334,0.40271258835435775,0.3475061559180486,0.3219039118966603,0.6195570926535393,1.0,0.2755014383730845,0.2719824048322961,0.22573771406258716,0.29707464399270056,0.1348516603048873,0.5173760249902382,0.4843930543712995,0.2467260078572624,-0.11631457737331559,-0.1977384471945748,0.5404075257592299,0.5309596857095045,-0.004068882531536628,-0.13125771980014184,-0.028628804118289254,-0.18392209675748472,0.08573500466176318,-0.034184669572631866,0.03270406171058818,0.014982986556590618,0.04642478623624381,-0.23964490911554,0.18185498330530964,0.25840352540860156,0.4385340547777096,0.34462462845348996,0.3390878881814342,0.15991361792667086,0.19770338436038218,0.3686570137621624,0.38139757269561475,0.15968411573922814,0.1658296743140833,-0.021810676633011658,0.08815115269067408,0.18145972953804715,0.3078947158715106,0.19682043844480393,-0.0077170110527615965,-0.2782984962825427,0.25183561905824414,0.10425455617623855,0.09799424650766203,-0.2608005482552256,0.04636103562862084,-0.16042681031803585,-0.044053263632668996,-0.3083521264812055,-0.024752767174812135,-0.11649786037023166,-0.23290646988979113,-0.3237383356310115,-0.2082541099219852,-0.133796587748727,0.05089211006542406,0.018420738072659756,0.036970571125756045,-0.2553913091984158,0.11465706157511814,0.12555044665269466,0.07641466582728366,-0.34858194742168636,-0.03666297444397517,-0.05276000286877734,0.09630166787527193,0.18117444556893433,0.02006231621895146,0.09864131517503526,-0.12345305166189866,-0.10609694873654264,-0.08127564965853581,-0.28007395070484264,0.17197363912374788,0.11295810788196575,0.28050586107148834,0.2785965303731801,0.026502721354062907,0.5547211309357792,0.6266605041079297,0.045551402911809,0.0477364549880866,0.15532038664743522,0.17452525719385764,0.31300592083768297,0.2796563842249121,0.023120751619663874,-0.010995386049773287,0.08269250691295651,-0.007270756799400744,0.1286455386527903,-0.053993577126281986,0.2307979185426611,0.18966921403469628,0.35491397652383877,0.11493118918789695,0.49096414825203805,0.6082238283833643,0.11539019356278239,0.1245240618699647,0.17668480902708603,0.13276382790523472,0.08761564758664106,-0.17114009992907744,-0.10493350014742328,-0.23624540796404467
#26,0.4036879726509893,0.54931348564416,0.4611463953015802,0.2927523527958626,0.2741276127788093,0.2755014383730845,1.0,0.35255679780697907,0.3441385300703647,0.47542175011355575,0.49422817936233454,0.2855692530819434,0.12804309541075312,0.4535361665165871,-0.09946051048299054,-0.05106583047119668,0.2347934878754313,0.32941692100502834,-0.17952011730111803,0.09219931627473324,0.05191849484815402,0.060786204368510385,0.11890125827761795,-0.05241256205723211,-0.06727123492895791,-0.011460765485421033,-0.11253576010646352,-0.042282590505940756,0.06772705177346222,0.05966100614396481,0.03453689167974882,-0.0022025834933739213,0.04229693439265593,0.003396313621114201,-0.07573412809090836,-0.05867446549099921,-0.060408482018344235,-0.0591749077608396,-0.05249543784714198,4.781295571723418e-05,-0.04734757628158644,-0.17072890850990924,-0.14049677660990206,-0.16693255982596084,-0.05717154491628748,-0.01806532843516165,-0.007426945788077043,-0.11322107913841054,-0.11728358660918486,-0.01872514722405948,-0.11108065248746903,0.005606865940440995,-0.13332323948712635,0.1960155870235638,-0.21418929149168453,-0.038164301253496326,-0.09971391914829188,-0.0364302847261513,-0.16987305660257074,0.010399317868498435,-0.021817051693773955,-0.07422164492505319,0.07236968977360565,-0.14649092749165266,-0.06532843516164763,0.022014678577405192,0.15953589557650472,0.05691335495541442,0.1778291324339185,0.153935404696826,0.3590131405939963,0.32101299715512915,0.2746471802309366,0.15846488536843867,0.13696339918239847,0.18577883320450397,0.15899720294209055,-0.02846783383404123,0.11111252779128052,0.07519224792611305,0.04308744192718087,0.2726278797344787,0.04798986365338795,0.03489708261281865,0.13955326761708198,0.1073926798364797,0.11399405525583915,0.14952226888412531,0.13450900078891376,0.015784650447449578,0.0013706380638940465,-0.1810692570663564,-0.04786714373371371,-0.01672019061431679,0.007701073400855852,0.13282120345209542,0.18262795942273824,-0.051727243025285086,0.036352190231813145,-0.12142896986986908,-0.024139167576440964,0.1694459275314968,0.08531265688626094,-0.007229318904445808,-0.026808724270653204,-0.08574297348771605,-0.05781861358366072,-0.021774020033628445,-0.06846974635226992,-0.0573516403828224,-0.19904055335527418
#49,0.7573970626907538,0.43116448453649325,0.31793224904174866,0.2850337479779104,0.41889727386464154,0.2719824048322961,0.35255679780697907,1.0,0.5055231932679358,0.46537146682179314,0.6520810588975926,0.4439656065471874,0.17429256747603375,0.38966283897393394,-0.03913490425455617,-0.1755564232721593,0.4031715927292432,0.06653650917610308,-0.047191387292910135,0.048638526085951754,0.2202599431025827,-0.08337623217971296,0.33605495302377103,-0.18139916646080534,0.034053980827004754,-0.16743618962618237,0.16325574353130554,0.1784236068500028,0.09508721880005419,0.21095554192000893,0.031323861055550684,-0.06499852576719872,0.03299253321008216,-0.031121452876347728,-0.03785670457171545,0.08317541776570057,-0.20224561515351944,-0.11871478775032075,-0.25599215867526237,-0.24824008478830814,0.15708149718302003,0.13267935835013428,0.08344954537847939,-0.035429400186470526,0.005066579540836249,-0.2442413279251568,0.06549418674146738,0.15596904907999903,0.09445290025420555,-0.07146283738016879,0.18899505135908326,0.2351377411565954,0.2506100136266924,0.16805457052012526,-0.07997673102821762,-0.20501876658511903,-0.22844233359099203,-0.11458852967192344,-0.34215588617329007,-0.0639067966116552,-0.13575213763756186,-0.17398656455944345,0.18384559602833714,-0.040446573006398964,-0.01655922033006877,-0.0888364717226211,0.35591964235909124,0.1351066627353792,0.14145144195905618,0.0392209675748472,0.4184127692467069,0.385415454741053,0.28578441138267097,0.3815059487285738,0.13643267537393716,0.1415630055223964,-0.005219580999131398,-0.10438524492186566,0.1898620596227558,-0.14847516515391787,0.026737004837077354,0.6163839061591055,0.13562782395269704,-0.05455936376893592,0.14458319055853502,0.23360453904326275,0.002806620500601646,0.11680226952163138,0.39064459833132786,0.31525312975639297,0.2727984126098702,-0.02824630047255138,-0.02967112655292496,-0.2171441321550096,-0.4089968045007929,0.39390066061567147,0.12967670473109197,0.25133198925802264,0.17073847110105267,0.10909163352963208,0.18289571197475477,0.08831849803568441,-0.040357322155726794,0.1714923220361944,0.08624660328793758,0.10952195013108719,0.09153152865988254,-0.07545521918255783,-0.21832033086565356,-0.2770569531990852,-0.4560575030480759
#50,0.21468973376152492,0.5082134689096256,0.17015993433687415,0.035338555570607784,0.3767565284606619,0.22573771406258716,0.3441385300703647,0.5055231932679358,1.0,0.22397022846624007,0.3187657882364191,0.2661508179999841,0.3846520412147678,0.4874801775454422,0.13452812597120067,-0.16039493501422436,0.24193993098996724,0.25014941548661634,0.028445521121373187,-0.2606108901975472,0.11380917849373252,-0.2761708197531258,0.1252603813880101,-0.13410418443050787,0.2357306218074891,-0.1380407844512268,-0.04970475499844608,-0.26167393157966035,0.4224529640048132,0.2210090127421527,0.18714150244244515,-0.0877192423240284,0.13221716644486767,0.030165193762003044,0.191771390321064,0.11806771908294751,0.1196981408729052,-0.050326323422770124,0.028737180151248317,-0.18458988437233542,0.05346125955263011,0.1821689550478528,0.18578042696969455,0.13732996517623058,-0.07185171608666895,-0.1956410522037788,-0.038883089354445406,-0.17033206097745618,0.10641410800946696,-0.1918829538844042,-0.1443202193020902,-0.15769350301620064,-0.040680856489413414,-0.11221381953796747,-0.24359585302297412,-0.22707010176190742,-0.0660105666632135,-0.2046522005912869,-0.19119604108726662,-0.06913434643673948,-0.00038250364573787346,0.011986707998310609,0.19391978579795838,-0.09186303181952203,-0.10218903648925404,0.005372582457426547,0.2939078325590291,-0.026577628318019905,0.1949366079895449,0.17495876132569388,0.26145080445297997,0.3444540955780985,0.3645833499350541,0.4302783510905338,0.28331248157209,0.25781701981847016,0.1694507088270685,-0.06291069336754616,0.28430061599024614,0.08605694523025922,-0.12339248858465682,0.3855238307740121,0.3443345631888054,-0.04047366701463873,0.2179123269768665,0.1738463132226729,0.054621520611368324,0.06088023651475428,0.06955669421224171,0.1577588473890142,0.226172811959614,-0.06653332164572194,-0.19312927826343346,-0.19590242969503302,-0.2504474495772538,0.27132736733896995,0.14572432643498634,0.13741443473133103,0.04083545171289914,0.005192486990891632,-0.13838185020200974,-0.02822876905545506,0.03989353648526962,0.1698634940114273,0.1490855772219079,0.01856577070500203,0.059656224848393086,-0.04681844623831571,-0.19351815696993363,-0.13626533002892685,-0.33899544980038093
#51,0.5173951501725251,0.3611950051398927,0.5995585270422109,0.6985664082110783,0.3174620883105292,0.29707464399270056,0.47542175011355575,0.46537146682179314,0.22397022846624007,1.0,0.5899321852911411,0.40343775151606914,0.09935054068484091,0.18486241821992366,-0.053467634613392406,-0.2769852337655093,0.6660169417239759,0.31246722820326883,0.014468200400035063,0.00708747380248468,-0.009602435273211198,-0.06641219549123828,0.36946664647897426,-0.04567571659667381,0.13692036752225295,0.05308034967208281,0.0899728263035007,0.09779343209364964,-0.18976643371132132,-0.02233502538071066,-0.20135151288160716,-0.10533991027101977,0.27444795958211476,-0.0014790140968531107,-0.07294822653778418,0.13105371785574832,-0.14489875606626876,-0.1797018065328435,-0.1801576233773478,-0.05980603877630709,-0.03079473101227996,-0.06944991194447322,0.10384336475707034,-0.2217899576855342,-0.22191427137039899,-0.24942743985528612,0.30498290686833107,0.2152332076915108,0.13193666377132657,-0.13359896086509573,0.11333423646694132,0.04731570097777495,0.19728741164564226,0.11096112009817594,-0.13581588824518484,-0.04179489835762497,-0.1444955334730534,-0.18673190478846752,-0.19727944281968937,-0.11540613121468814,-0.023348660041916023,0.004293603423407629,0.05990325845293213,-0.20655993752440452,0.0072149750177306375,0.14207619791376136,0.17886986110336364,0.07226928256659947,0.0709177696849923,-0.10569213237813672,0.2749021826614285,0.27674457522173257,0.054543426117030176,0.16843069910510083,-0.07058626652535283,0.12046952322514325,0.031569300894899156,-0.016556032799687623,0.1870315326442955,-0.2361609384089442,0.1436221501486186,0.18761166317366462,-0.06645363338619321,0.008273235104272088,0.1008805552677924,0.12256213692036752,0.09302488664345082,0.14175266358007474,0.11090852584688699,0.1986325494664871,-0.03233590195156547,-0.0383969909713202,-0.2030026536190423,-0.0703312640948609,-0.11267282391285292,0.4079608571269195,0.25233606132808456,0.48350213962976835,0.4119452701033557,0.3032026711504594,0.2204782889336914,0.40480679581477264,-0.021810676633011658,0.503750926376017,0.3363944250093634,0.36874785837802515,0.2904652997473882,-0.008005482552255576,-0.08046123564615225,-0.144058841810836,-0.26381595199579244
#52,0.5839109404011507,0.3608300329112512,0.45241415582242267,0.3397652383874284,0.31812668839499875,0.1348516603048873,0.49422817936233454,0.6520810588975926,0.3187657882364191,0.5899321852911411,1.0,0.3494808309891704,0.10058411494234555,0.30244882021531766,-0.07198718612786778,-0.06777964602475117,0.46941006781470884,0.14963701997784667,0.022829092589788748,0.12184972388018073,0.038919745953828626,0.05098454844647738,0.19204870546422395,-0.1411805018766585,0.06823865039963663,0.01572886866577947,0.0789344085935819,0.20994509478918472,0.019770657189076335,0.10884778745547419,-0.05276319039915849,0.01680466016941724,0.13328498912255257,0.030219381778482577,-0.1275139653674824,-0.02349688020463945,-0.23623743913809178,-0.15933826869287349,-0.2143789495493629,-0.0497908183187371,0.0423112782793711,-0.16181657356421678,-0.16483994613073655,-0.22015156706962363,-0.18404003538158722,-0.28285825849277624,0.007962450892110066,0.092151503319016,-0.06396257839332531,-0.06506865143558399,0.052592657523767024,0.11557347655969846,0.17158157288686657,0.2883392169831619,-0.036326689988763955,-0.008091545872546598,-0.30740064866243255,-0.16254492425630931,-0.22451370239622595,-0.04860346325175912,-0.12345783295747037,-0.1343830933388584,0.018320330865653562,-0.07022129429671127,0.014590920319709298,-0.03204264915649977,0.1660304887280957,0.13220122879296192,0.15746240706356732,0.03643347225653244,0.4291738718134657,0.36681780873223946,0.1977209157774785,0.19859111157153217,0.06154643036441441,0.192820087816462,0.05667269641163767,-0.015464303644144108,0.10346882993728534,-0.21489214194072787,0.05490202328490944,0.34196941564599287,0.031064077329487048,-0.05361744854130641,-0.035341743100988934,0.07613735068412371,-0.03974372255735562,0.009090836647036792,0.11032202025675557,0.06567906350357401,-0.02653300289268382,-0.12008701957940536,-0.09210050283291762,-0.1042896190104312,-0.18333399740216275,0.45149933460303293,0.2763827905234722,0.30446015188582265,0.20294846560256277,0.14876363665341186,0.2896301667875272,0.17109388073855078,-0.08176015427647045,0.2782650272135406,0.22758010662289124,0.23770051558303915,0.2237486951047502,-0.06292344348907075,-0.09613272876507105,-0.23432332714421183,-0.2846815258707935
#53,0.26581453354477286,0.27654694833810134,0.12345464542708923,0.17117197523288893,0.6641570177465754,0.5173760249902382,0.2855692530819434,0.4439656065471874,0.2661508179999841,0.40343775151606914,0.3494808309891704,1.0,0.27912566041645087,0.5232251432396465,-0.05636191219947565,-0.2836057343671557,0.37409334682721196,0.20698866036066907,-0.009043023691319558,-0.19529998645299587,0.04712923045047773,-0.2573293276701544,0.10585310266238475,-0.17414912860888204,0.10523153423806071,0.01418929149168453,-0.14693240044944178,-0.34538007315382224,0.14431225047613735,0.27667763708372844,0.036199188773518,0.11707639713441019,0.13299333009267744,-0.0008000701256683853,0.05834296233135972,0.3049765318075688,0.11450724764720414,0.12290957773191276,-0.027119508482815226,-0.11567229000151408,0.2897289802293428,0.26519455888563936,0.2222330244085139,0.0593183466279913,-0.11717999187179753,-0.29983345153758495,-0.028965088573500466,-0.14462622221868052,-0.0670975145231853,-0.3528628007235694,-0.0038935683605734366,-0.11587629194590761,-0.06089298663627888,-0.11292623257815426,0.10256516507422961,-0.02040816326530612,-0.033108878068994096,-0.17452844472423878,-0.2735458884842496,-0.2901226402314147,0.17374112472009498,0.13551466662416625,0.019762688363123462,-0.21333025205396489,-0.16612611463953017,-0.1988955207229319,0.18573102024878674,-0.26201659109563386,-0.07681151335973671,-0.12242188558359697,0.04787351879447601,0.158557323749492,0.11249591597669915,0.08537481372869335,0.03894365243168724,0.11430643323319176,0.14250173321964474,-0.0699631043358382,0.2971176756528461,-0.06657157201029572,0.5764106814143072,0.5968602825745682,0.01587549506331232,0.45684163552183854,0.4851405302456789,0.3717042928065408,0.27180071560057056,0.3409063742638797,0.35194638573898906,0.5680991959454613,0.18538039190686037,0.20777598036481285,0.02209596060212449,0.0628708492377818,-0.06821952521734972,0.14090318673349855,0.03396472997633259,0.1758943014925611,0.06581453354477285,0.21553283554733882,0.021396297683462295,0.3161950449840225,0.2351759915211692,0.004693638486241822,0.018787304066491883,0.04322769326395142,0.0459386878531186,0.22786220306162294,0.03704866562009419,0.07339288702595446,-0.15379834089043662
#54,0.047889456446381755,0.33137087712867264,0.07989863653387946,0.014584545258947,0.3064300456613727,0.4843930543712995,0.12804309541075312,0.17429256747603375,0.3846520412147678,0.09935054068484091,0.10058411494234555,0.27912566041645087,1.0,0.20125269943979154,0.03186733498553658,0.06165640016256405,0.3827235853341727,0.21667875271936185,0.31173409621560455,-0.1297436428690961,0.006953597526476424,-0.14755078134338467,-0.06829443218130672,-0.05345807202224896,0.0917211867175609,-0.09150602841683335,-0.023986166118145812,-0.2820932512013005,0.47998629361936107,0.21331272063686857,0.5085322219477404,-0.012055239901505312,0.24173274151519256,-0.01589302648040864,0.22657444078763875,0.10060005259425128,0.17439456844823054,-0.017533010861509775,-0.06534118528317223,-0.17007068348620197,0.17969065017650948,0.15778594139725394,0.43017635011833705,0.4299994421821833,0.010799352931332627,-0.13827825546462238,0.20122241790117062,-0.009130680776801153,0.08989473180916256,-0.23760010837603296,-0.1547976316649268,-0.2291945907609432,-0.04535855732374949,-0.3345998454047765,-0.32357099028600117,-0.2228561865980285,-0.22752910613679286,-0.31672736255767436,-0.12202503805114392,-0.1995314330339711,0.19162635768872172,0.14186900843898667,-0.04926965710141925,-0.21494154866163567,0.3336133047518109,0.3439440907171146,-0.048901497342396544,-0.2655977814788547,0.09352532891329121,0.014508044529799424,0.0375538891855063,0.11488815752775143,0.14047287013204346,0.27847540421869643,-0.14209054180047653,-0.020127660591765014,-0.024454733084174708,-0.1351066627353792,0.36391715608539393,0.2069982229518125,-0.15476416259592474,0.35598498673190476,0.5997131222656966,0.3210384973981783,0.6336364143470743,0.0945246196877814,0.009635904342213262,0.08748655260620453,0.03189442899377635,0.36203013809975376,0.23581668512778012,0.17997593414562232,0.075244842177402,0.016866817011849645,0.009078086525512197,0.06308760130369992,-0.1040457729362733,0.19528404880109013,0.14652917785622643,0.21518061344022185,-0.11989258022615527,0.024135980046059814,0.35177425909840704,0.06857334108965726,0.17469260253886795,0.2161448413805194,0.20425216552845268,0.10492234379108926,-0.19072428659085658,-0.06901959534301812,-0.22368175696674608
#58,0.28194821856895824,0.3851222019459873,0.21743897871526588,0.01180183123620397,0.4076532604451386,0.2467260078572624,0.4535361665165871,0.38966283897393394,0.4874801775454422,0.18486241821992366,0.30244882021531766,0.5232251432396465,0.20125269943979154,1.0,0.1706763142586203,-0.04599606339997928,0.11472081218274112,0.19460829236028657,-0.04227302791479731,0.05443345631888054,0.16776928655101245,-0.013001936424706548,0.029145184040035382,-0.051492959542270636,0.1310600929165106,-0.05086820358756544,-0.24237821641737523,-0.23199324243559197,0.39235470838081427,0.3091952282670194,-0.06924750376527027,-0.013940664121954912,-0.005197268286463355,0.017313071265210495,0.09116974396162214,0.15072874913339018,0.1625082676569261,0.1455203244905928,0.04844727426308282,-0.08573659842695376,0.0627019101275809,0.2187235534588689,0.024628453489947327,0.09419949158890421,-0.11574082190470877,-0.13086246603287938,-0.21898971224569483,-0.26975432109587294,-0.2203220999450151,-0.21818326705926416,-0.12968945485261657,-0.08260644359266549,-0.20979528086127072,0.09114424371857294,-0.12251910526022201,0.044553705902509386,-0.21122807576759717,0.040798795113515925,-0.36867454517925874,-0.320646431161297,0.024247543609400027,0.0034680330546900525,0.26347329247981893,-0.11601176198710644,-0.18633027596044274,-0.180482751476225,0.4730151646757883,0.010756321271187115,0.3583947597000534,0.3393652033245942,0.4160428404083226,0.45922750201212853,0.3101514873813641,0.24991831953398305,0.28453968076883235,0.22611862394313445,0.1579389428555491,-0.04264278143901059,0.35655714843532105,0.24221405860274606,0.16981886858609122,0.4303612268804437,0.18792563491620778,0.05374654352174294,0.2434795081640622,0.20183920502992295,0.07957669596538341,0.26010088533656334,0.18076644168014727,0.14504378869861104,0.13790372064483739,-0.049899194351696166,-0.13225860433982262,-0.1272844631800397,-0.19616221342109666,0.0658432213182032,0.10035461275490282,-0.031223453848544493,-0.053732199635027775,-0.1602546836774538,-0.10790268469746352,0.003933412490337799,0.09150762218202392,-0.06448533337583374,-0.10008526643769573,-0.16539138888667532,-0.13080190295563754,0.0017834232482528349,-0.17020934105778196,-0.11069974260692172,-0.39217301914908875
#101,-0.2526245328275785,-0.25382463801608107,-0.3179513742240356,-0.17637721234530518,-0.16242857939739738,-0.11631457737331559,-0.09946051048299054,-0.03913490425455617,0.13452812597120067,-0.053467634613392406,-0.07198718612786778,-0.05636191219947565,0.03186733498553658,0.1706763142586203,1.0,0.5220091003992382,-0.08989313804397198,-0.13252954442222029,-0.0675533313676896,0.22438460741578944,0.581628668648248,0.2708667691988939,0.28441377331877693,0.31263935484385086,0.39554383252715375,-0.2550486496824423,-0.30993632908063656,-0.39020153160834814,0.19517567276813108,-0.1800460598140076,-0.2769756711743659,-0.44161480289109006,-0.22751316848488712,-0.3727338651196519,-0.1201906143167927,-0.3363450182884556,0.015429240809951469,-0.13054371299476447,-0.19339065575468767,-0.28975288670720145,-0.04226187155846329,0.01784538883886237,0.19577174094940591,0.1958737419216027,-0.024598171951326412,0.06070173481340994,-0.17790722692825667,-0.3289706667516675,-0.36834941708038155,-0.1677963805592522,-0.26212337336340236,0.11197953605495302,-0.2482050219541155,0.1332897704181243,-0.12479340818717179,0.0007697885870474703,-0.12090780865255121,0.09437958705543913,-0.27044123389301056,-0.2796723218768179,-0.3504450589294679,-0.38767860131166876,0.5367115842822877,0.3909059758225821,-0.4962522611543641,-0.3482361003753317,0.5384615384615384,0.34772131421877617,0.5822837061415742,0.5480448485524627,0.0014758265664719617,-0.023713632270557578,0.1647251950370152,-0.02811879925730542,0.23088557562814271,-0.20262014997330444,-0.30991720389834965,-0.3554271689152037,0.6180509845484464,0.3496529576297524,-0.14971989576775654,0.18559236267720677,0.014528763477276893,-0.17949461705806882,0.024771892357099028,-0.2754313127046992,-0.30810828040704763,-0.03058754153750528,-0.04566456024033979,-0.05234243638884683,-0.038913370893066325,-0.26977185251296926,-0.144572034202201,-0.4429344404688857,-0.19914574185785208,-0.14548207412601902,-0.02753707496274574,-0.2960434779143989,-0.2821155639139686,-0.42965837643140037,-0.4890229422499183,-0.07103411454390425,-0.31771390321063997,-0.1943134458000303,-0.36714453059630725,-0.3409621560455498,-0.365961956824901,-0.40083991425543275,-0.4534548844918678,-0.2654304361338444,-0.16565436014312013
#102,-0.19551355098853285,-0.10527615966339679,-0.18608483612109428,-0.21280430954107532,-0.4361768760608499,-0.1977384471945748,-0.05106583047119668,-0.1755564232721593,-0.16039493501422436,-0.2769852337655093,-0.06777964602475117,-0.2836057343671557,0.06165640016256405,-0.04599606339997928,0.5220091003992382,1.0,-0.29149487206049934,-0.23919706109698857,-0.17639793129278264,0.5925124911346811,0.2916446859884133,0.6481970531281627,-0.15282136282861447,0.4742041135079569,-0.023060188542422044,-0.07615328833602945,-0.4661109738702197,-0.13828941182095641,-0.022519902142817298,-0.1468319932424356,-0.21008693989114582,-0.3718636693255983,-0.3832351839603471,-0.37836941883352326,-0.20263290009482904,-0.4063830295882508,-0.2157591502044004,-0.054662958506323266,-0.31660623640319074,-0.18315390193562783,-0.07502490258110273,-0.16002040019443936,-0.010007251631617115,0.3368805233924886,-0.08384001785017013,0.27973129118886914,-0.2798444485173999,-0.3441959056172254,-0.3812126959335081,-0.06518499629449594,-0.420191411199388,0.018645458964530754,-0.33102024878674624,0.25327957032090465,-0.2724477842679438,0.13677852242029181,-0.2935077974961949,0.34078046681382435,-0.2806014869829228,-0.224599765716517,-0.3757444875646471,-0.4247432045836687,0.2100773773000024,0.34984580321781195,-0.2471626995194798,-0.18448788340013866,0.12219716469172597,0.19801098104216305,0.5439042465873503,0.5652224497764744,-0.017654137015993433,-0.08804596418809617,0.12193100590490002,-0.06830558853764075,0.1908964132314386,-0.159542270637267,-0.29019914096056226,-0.3022097554367315,0.24204511949254517,0.540774091753062,-0.2682705257034481,0.11838169082549067,0.09974898198248452,-0.23098438906995833,-0.09681326650144634,-0.40242571062005433,-0.45290344173592906,-0.19080716238076645,-0.1510586585278391,-0.2001816892317255,-0.12477428300488488,-0.22595605989369585,0.0695264126736208,-0.37433719290136985,-0.21365697391803265,-0.3560885814692921,-0.08406473874204114,-0.4544191124321654,-0.31300751460287357,-0.4574424849986851,-0.43740248149240174,-0.3488465124433217,-0.3049574066252819,-0.3206814939954896,-0.3140737435153679,-0.2862832598873208,-0.2914502466351632,-0.3891623967040936,-0.2764688538437632,-0.28372526675644877,-0.13189681964156222
#201,0.4208305110408084,0.35415853182350643,0.514695311939692,0.4617185570049965,0.3653069193315749,0.5404075257592299,0.2347934878754313,0.4031715927292432,0.24193993098996724,0.6660169417239759,0.46941006781470884,0.37409334682721196,0.3827235853341727,0.11472081218274112,-0.08989313804397198,-0.29149487206049934,1.0,0.5388599797591821,0.06344619847157919,-0.16762106638828903,0.009441464988963175,-0.24616659627537074,0.35761540852186247,-0.1906222856186598,0.2175186669747946,-0.06987385348516603,0.22059304002741276,-0.02996756687837181,0.12547075839316593,0.036992883838424084,0.2627560981440604,0.05211612173178526,0.48934169528803323,0.06304935093912614,0.01905665038369897,0.13178206854784086,0.06675804253759293,-0.21968937516435705,-0.04706069854728303,-0.14125540884061552,0.07622978906517702,-0.09500593677533489,0.1627887703304672,-0.18298336906023635,-0.16720668743873965,-0.4730916654049359,0.3369984620165911,0.2492664695710381,0.27162858895998854,-0.15277195610770666,0.14884173114775,-0.024167855349871304,0.30743889902700633,-0.11951167034560799,0.024975894301492562,-0.197827698045247,-0.19571277163735468,-0.4127660591765015,-0.06285491158587606,-0.17435950561403787,-0.012919060634796675,0.03219405684960435,-0.08942138354756193,-0.31149184390663726,0.16904748623385316,0.18002852839691127,0.08361370319310855,-0.0891360995784491,0.04907840527855031,-0.15747993848066363,0.4510020798635737,0.3810134752846863,0.2097028424802174,0.3056570695439441,-0.07800364972228642,0.1746718835913905,0.056138785072795225,0.0333830056817729,0.2871024551952761,-0.24681366494274398,0.09494856122847421,0.1956617711512563,-0.03195658583620875,0.31820956418490864,0.3196407653260445,0.04360063431854585,0.019375403421813864,0.09569125580728191,0.05322856983480624,0.30128218409581714,-0.0422985281578465,0.018602427304385244,-0.11030608260484982,0.010071002239240092,-0.07081576871279555,0.6269171003036123,0.14770697033206098,0.6048609838312522,0.41294296711265527,0.5145247790643005,0.311455187307254,0.5891257401047104,0.2666321350875376,0.4828869462662066,0.389299460510483,0.4602602618556208,0.3770864378551108,-0.002108551347130027,-0.13790053311445624,-0.18995609176899966,-0.3180677190829475
