,#10,#11,#12,#13,#17,#18,#26,#49,#50,#51,#52,#53,#54,#58,#101,#102,#201,#202,#301,#302,#401,#402,#501,#502,#601,#602,#701,#702,#801,#802,#901,#902,#1001,#1002,#1101,#1102,#1201,#1202,#1301,#1302,#1401,#1402,#1501,#1502,#1601,#1602,#1701,#1702,#1801,#1802,#1901,#1902,#2001,#2002,#2101,#2102,#2201,#2202,#2301,#2302,#2401,#2402,#2501,#2502,#2601,#2602,#2701,#2702,#2801,#2802,#2901,#2902,#3001,#3002,#3101,#3102,#3201,#3202,#3301,#3302,#3401,#3402,#3455,#3501,#3502,#3601,#3602,#3701,#3702,#3801,#3802,#3901,#3902,#4001,#4002,#4101,#4102,#4201,#4202,#4301,#4302,#4401,#4402,#4501,#4502,#4601,#4602,#4701,#4702,#4801,#4802
#10,1.0,0.35791503637769045,0.5464733960745564,0.6035174397755979,0.19992828056642414,0.1609925969606898,0.05286519137135526,0.3945811983520468,0.15937811282263784,0.49455330746121173,0.484136458175617,0.07159671365617704,0.15826247718923572,-0.12576241742304106,-0.23497836463753796,0.12633298536126672,0.36008893209763404,0.1714875407406227,0.17111619345121884,0.28304154148969235,-0.37513566926184766,0.2852903441735929,-0.07795902429695033,0.2984707822996438,-0.08867550143837308,0.4644725832543091,-0.08080548892731634,0.3662026153686777,-0.037107634932145445,0.2735793575532517,0.23740726278797344,0.09170524906565515,0.3242483404919953,0.2119070197387819,0.05479364725195037,0.15909123508833445,-0.12893401015228426,0.19452382280518613,-0.4464072548191475,0.2625935340946218,0.17564248659245033,0.27266931762943364,-0.011433671477181266,0.06698595095984508,-0.048407430133318455,0.02249918319533983,0.38605614834766394,0.30393102184255194,0.03239008996804501,0.0073536325893106165,0.061605399676465666,0.0720541242658719,-0.10520125269943979,0.2052753627808015,-0.41318840695200376,0.15370749627457386,-0.42305859477723146,-0.09138808979273083,0.06276725450039446,0.19083266262381562,-0.03592506116073919,-0.12653698730566026,-0.031641020328475,-0.1265959566177115,0.1499844607893919,0.2961677915992637,-0.08381770513750209,-0.07712070380670816,0.22555761859605225,0.38583620875136465,0.23550908844599924,0.26830399477245015,-0.14722884077488863,0.046353066802667965,-0.24451386177274503,-0.08467674457522173,-0.2659611599423057,-0.10469443536883712,0.1311780315406131,0.39508801568264945,-0.17897664337113214,0.20045422307931374,0.10924941628349895,0.02180111404186821,0.04122114288901816,0.022134210966698275,0.02390966538899824,0.15011355576982843,0.30445537059025096,0.04829746033516882,-0.040566105395692054,-0.06595637864673398,0.008558519073384918,0.1210400911633689,0.07336101172214297,0.10332857860051478,0.42274940433026004,0.4264469395723928,0.27410530006614126,0.2664871024551953,0.2573372964961072,0.22515598976802748,0.1809385683207293,0.3944170405374176,0.1575134075496657,0.2868825155989768,0.12947907784746074,-0.1043581509136259,-0.10307516993521344,0.012546119580202249,-0.13925682729163513
#11,0.35791503637769045,1.0,0.31193969192518867,0.21245208743395835,0.06391476543760807,-0.10818159360581406,0.6432850688108122,0.2379539242483405,0.43789973623186096,0.6261520930121365,0.26282941134282684,0.034610204878515245,0.3330634557610627,0.26299356915745603,0.07902365944425407,0.15119253480384734,0.2932017945796046,0.10886213134218936,0.24589406242778253,0.14393134059559004,-0.06947700595271299,0.14681764935572042,-0.1576759715991043,0.022276056068659403,-0.08340810748352445,0.1030783574655946,-0.13732837141104,0.22867502330881592,0.09017045318713195,-0.03337822438620118,-0.01284574743603025,-0.03919706109698858,0.20206551968698452,-0.00276518260564671,-0.027643857230514227,-0.0002215333614898517,-0.15286439448875996,0.0029691845500402427,-0.3970913785272016,-0.1589493899863733,0.1942879455569811,0.20292455912470417,0.12698961661978342,0.00444341735132163,-0.023936759397238005,-0.23133661117707527,0.14307070739267982,0.06672776099897203,-0.051841994119006446,-0.12556479053940983,-0.021185920678306464,-0.08979273083696579,-0.045101961128067004,0.017604730295085625,-0.29396998940146146,0.0570456374662321,-0.3239981193570751,-0.2562646925228506,-0.1113308736223892,-0.032664217580823815,-0.08668807624572672,-0.03175417765700579,0.1191052602220115,0.07452446031126234,0.1727290838240802,0.2117317055678187,0.4337575405015579,0.36965471077146206,0.2656360318434285,0.2419176182772992,0.3564089282725976,0.39680768832327934,0.006295372502769167,0.08261759994899952,-0.14443656416100217,-0.0436659786913594,-0.16642733626054873,-0.16460406888253154,0.14760337559467362,0.26357210592163455,0.026303500705241095,0.06961247599391182,0.2711265529249576,0.08889862856505351,-0.1863828702117317,-0.008204703201077385,-0.06443273912454478,-0.011251982245455776,0.07656129222481652,-0.015740025022113493,-0.15365330825809434,-0.25169058642590186,-0.15016296249073624,-0.06719951549538207,-0.046584162755301264,0.11158428228769056,0.18618205579771932,0.1820749229016089,0.13895719943580712,0.13657611424108887,0.028676617074006486,-0.0898851692180191,-0.015142363075648065,0.2181497979902621,0.07275538094972468,0.19006765533233988,0.043297818932336696,-0.12944560877845868,-0.257300639896724,-0.023355035102678324,-0.00710181768919985
#12,0.5464733960745564,0.31193969192518867,1.0,0.6792356302146004,0.10207428539553268,0.230805887368614,0.035861310553116206,0.07808971304257743,-0.04520236833507319,0.40992118831132607,0.04787033126409486,-0.014386918375315765,0.06283100510801744,-0.13866235287555084,-0.26538262317812716,0.17555801703734988,0.5296416418968993,0.595816366374742,0.04054698021340516,0.25128258253711483,-0.4228912494322212,0.21293818581708357,-0.01773860657109388,0.1599789622994844,-0.053238132425949686,0.3194032943126489,0.1966594681605559,0.609030273569795,-0.23857549267266454,0.2972531456940449,0.5287586959813211,0.04337431966148427,0.46558503135733015,0.025458805154236628,0.08471977623536725,0.055008805552677925,-0.25568774952386264,-0.04160205276956546,-0.4579652399811936,0.038245583278215624,0.17096637952330482,0.10320585868084055,-0.16066268756624086,0.09457721393907036,0.04272725099411104,0.034403015403740564,0.4174612914279339,0.5645227868578122,0.2763827905234722,0.2820422507152021,0.3951103283953175,0.37227645450995706,0.1639378750328714,0.059484098207811045,-0.4071225366366773,-0.0016160779032425153,-0.4440915139972428,-0.07132896110416052,-0.04948003410657508,0.2181370478687375,-0.11823665819314841,-0.20090844615862746,-0.25885934225310586,-0.4125572759365363,0.33465243965606545,0.4137621624206106,-0.1929523703272797,-0.081076429009714,0.10515025221334141,0.338152348014567,0.33267457705456255,0.3180262811879926,-0.26296010008845394,0.1806899409509997,-0.20040481635840593,0.011814581357728567,-0.30299388791049414,-0.11689630166787528,-0.014696108822287212,0.18861095394815483,-0.11715767915912949,0.06718835913904804,-0.07504243399819904,0.027616763222274462,-0.0012112615448365992,-0.06822271274773088,-0.10893225701057463,0.09511590657348452,0.3936376893592267,-0.1612093490266079,-0.024961550414777392,-0.17976715090565706,-0.02774107690713927,-0.05834296233135972,-0.04268262556877495,0.3761795854616739,0.4900110766680745,0.6811752424515296,0.6119835204679295,0.47945556981089976,0.48558040943827746,0.5214162197483445,0.3621974834447641,0.5061622931093562,0.47282391285291936,0.4681525870793456,0.23595215516897897,-0.13987839571595917,-0.13213269688976723,-0.17866904668935127,-0.2983002494242523
#13,0.6035174397755979,0.21245208743395835,0.6792356302146004,1.0,0.25005219580999133,0.32469300098016557,-0.04508602347616126,0.11729314920032831,0.09213875319749142,0.5644239734159966,0.14232801281387214,0.11592569866681542,0.17421925427726734,-0.2945915578257855,-0.10122002725338476,0.03468670560766282,0.5223151033158285,0.34132712827419137,0.0352062730597901,0.03842408497955996,-0.3865661532086478,0.16039015371865262,0.13494887998151234,0.27461689869231565,0.14269457880770425,0.3893934926567269,0.1240124632437903,0.3914845125867606,-0.03671397493007355,0.31657436109937925,0.3923515208504331,0.16570217309883734,0.37806500968212353,0.010627226290750583,0.13933014049040154,0.040808357704659376,-0.1405366207396664,-0.017931452159153392,-0.26727123492895793,0.18347584250412385,0.3102901449529441,0.2553403087123174,-0.016208591988142385,0.07528628007235694,-0.002097394990796006,0.016557626564878195,0.42304265712532574,0.4388783080588737,0.12030855294089522,0.0736096390918726,0.14823131907975998,0.14949836240626668,0.1300177704818749,0.04409629529281451,-0.281001522045757,-0.010749946210424818,-0.3830152443640478,-0.14999880467610707,0.052422124648375555,0.2342324825283491,-0.016852473125134475,-0.10908844599925092,-0.185340547777096,-0.2657874395365331,0.20084628931619505,0.19945811983520467,-0.21839364406442,-0.1752950457809051,-0.05093195419518842,0.16469013220282255,0.03381332228322801,0.06730789152834113,-0.2614284917403119,-0.09591438293396234,-0.3065559531114281,-0.24051829243997483,-0.33246101251902554,-0.13662552096199668,0.04787830009004773,0.17697168676138944,-0.07345823139876802,0.1483428826431002,-0.10449999601558703,-0.03271362430173162,0.006327247806580657,-0.012177959821179545,0.0009801655922033008,0.1846408848584338,0.34889113786865783,-0.06389404649013061,0.03358541386097586,-0.15796444309859828,-0.09299938640040163,0.06444230171568822,-0.022076835419837595,0.14163950625154395,0.41184008160077773,0.5143701838408148,0.3806357529345202,0.34603511064714837,0.3451314457840926,0.3775677549426643,0.3223501661500211,0.3903545330666433,0.39367912725418164,0.3994995577301596,0.2787590944226187,-0.09082389691526747,-0.1740965343575931,0.05170493031261704,-0.010502912605885775
#17,0.19992828056642414,0.06391476543760807,0.10207428539553268,0.25005219580999133,1.0,0.49037764266190664,-0.06783383404123071,0.17044521830598697,0.038299771294695154,0.00835929842456311,0.17328690164078125,0.5410721258436995,0.41976109459793287,-0.03358860139135701,-0.23497198957677565,-0.23003450501637593,0.10772577676130976,0.09121596315214879,-0.3389396680187108,-0.26336013515128814,-0.04830702292631227,-0.1918160157464001,0.13347305341504037,0.2282128314035493,-0.03655619217620668,0.1182621584361976,-0.1462996756687837,0.019588967957350843,0.2642303309453418,0.15453147287810087,0.11514953501900566,-0.0354995258548558,0.24660488170277872,0.07312035317836624,0.003134936129859988,-0.01974196941564599,0.08710883025603838,0.10141127907625369,0.10681573683749174,0.22482129907800683,0.19156101331590816,-0.017120225677150984,0.3381029412936592,0.01629465530843341,0.3023898509032664,0.29680529767549346,0.029094183553937,-0.011455984189849309,-0.029409749061670744,-0.027108352126481206,0.01824542390169656,0.15183800970603,-0.08637410450318354,-0.2472312314226745,-0.03180677190829475,-0.2656981886858609,0.015427647044760896,-0.008607925794292726,-0.11292304504777312,0.038420897449178815,0.02360047494202679,0.09333088956004112,0.0374789822215493,0.02811879925730542,-0.1696068978157448,-0.21064953900341862,0.19174110878244308,0.13051980651690587,-0.1411677517551339,-0.020245599215867525,-0.15737793750846688,-0.2041645084429711,0.14913020264724397,0.1855700499645387,0.15497294583589,0.05800827164133908,0.16311230466415383,-0.00824932862641347,0.21510411271107427,-0.02322594012224179,0.22109507606244372,0.5288559156579461,0.14180366406617312,0.36513319892580226,0.6135374415287396,0.023769414052227687,-0.028539553267617083,0.5805799711528501,0.26143805433145534,0.6190008686020289,0.5700961837292512,0.19496529576297525,0.2855517216648471,-0.07083011259951072,-0.09989242084963622,-0.16683693391452636,0.06246125158380416,0.12993011339639332,0.17292033564694914,0.11823506442795782,-0.04699535417446948,0.2189227741076907,0.3289324163870937,0.26037023165377043,0.056640821107826186,0.2209707623775789,0.07334188653985609,-0.005079329662360845,0.05668544653316227,0.02971734574345162,-0.01470248388304951
#18,0.1609925969606898,-0.10818159360581406,0.230805887368614,0.32469300098016557,0.49037764266190664,1.0,-0.11014192479022065,-0.08399780060403701,0.010364255034305795,0.03309294041708835,0.0568209165743611,0.31508737817657323,0.3895544629409749,-0.01668353401493358,-0.1175433703352485,-0.14187697726493956,0.10905657069543945,0.46791989736152173,-0.29305835571245287,-0.36026902756416895,-0.24752129668735906,-0.16610061439648097,0.24312091099618294,0.21911243216536908,0.07057989146459052,0.20628262238124456,0.04964259815601368,0.06635800747475874,0.17537314027524326,0.47390607941731944,0.34020033628445523,0.2028608085170812,0.32269601319637575,0.1625720182645491,0.04674353927435871,0.2742790204719139,0.13377268127086836,0.1989273960267434,0.05355051040330228,0.1656479850823578,0.20238586649028997,0.12840328634382298,0.27167162062013406,0.20488489030911075,0.29879750416371154,0.18611671142490577,0.21599343368741483,0.18572464518802445,0.05911593844878834,-0.029562750519965892,0.10489524978284949,0.03935325008566488,-0.1254611958020225,-0.21973240682450254,-0.0997569508084374,-0.12170947254341018,-0.0867518268533497,-0.20325128098877193,0.07219756313302361,0.08400258189960873,-0.11717839810660695,-0.20133876276008256,0.1310425614994143,0.014826797567914319,-0.1385523830774012,-0.2315167066436102,0.10876172413518316,0.03799854967367658,-0.11662217405509646,-0.05397763947437624,-0.1853708293157169,-0.2798428547522094,-0.0370916972802397,-0.04226984038441616,-0.003962100263768139,-0.2653746543521743,-0.12401405700898087,-0.1927085242531218,0.3210639976412275,0.18227733108081187,-0.01917458900780148,0.494664871024552,-0.017689199850186074,-0.05633481819123588,0.34594107850090444,-0.15220935699543386,-0.19484895090406332,0.47581541011562767,0.2041390081999219,0.22167361282662226,0.3927467746176956,0.14780419000868603,0.0478432372558551,-0.048123739929396205,-0.14188175856051127,-0.07820446413629879,0.24371857294264837,0.27995601208074017,0.15021874427240633,0.1759309580919443,-0.022154929914175746,0.47552056355537137,0.346208831052921,0.3081959374925292,0.2837682984165943,0.3980954505972635,0.08350851469053064,-0.21590577660193325,-0.2827339448079115,-0.016710628023173347,0.01172692427224697
#26,0.05286519137135526,0.6432850688108122,0.035861310553116206,-0.04508602347616126,-0.06783383404123071,-0.11014192479022065,1.0,0.17715815728868667,0.500518770569532,0.44677860210855136,0.26878690562519425,-0.013317501932440294,0.3055231932679358,0.4703503892771478,0.23098438906995833,0.1614723202830527,0.06614125540884061,-0.02200033469069002,0.14692921291906064,0.09614707265178621,0.12931970132840329,0.002221708675660815,-0.18539632955876612,-0.15955661452398218,-0.1548358820295006,-0.061718557004996455,-0.14406202934121715,-0.007495477691271745,0.1736279673915642,-0.05708707536118704,-0.15198144857318172,-0.11074914932782953,-0.021281546589740935,-0.10727155368199603,-0.09262485158061663,0.0330961279474695,-0.19230689542509702,-0.09037126760114432,-0.3633035564870228,-0.2533385396329559,-0.05534030871231741,0.12873638326865303,0.02986397214098447,0.049924694594745356,-0.13390496378168604,-0.20990365689422977,0.014257823394879233,-0.056376256086190825,-0.020067097514523187,-0.10829793846472599,-0.041675365968331886,-0.14506132011570735,-0.10857684737307652,-0.1048761246005626,-0.24678019587374192,-0.045476495947852004,-0.2073982580146467,-0.20414378949549364,-0.23691957063965766,-0.14807194256070252,-0.12365386607591104,-0.02306178230761262,0.3419789782371363,0.20753850935141727,-0.04278622030616229,-0.04304600403222593,0.4483739610643164,0.5265768314354247,0.1924519280574393,0.1400951477818773,0.34503741363784873,0.2656631258516683,0.16786809999282806,0.06929850425136865,0.09047167480815052,-0.01409685311063121,-0.08763636653411853,-0.21085354094781217,0.1470120887089705,0.24665906971925827,0.08267019420028847,-0.09157615408521863,0.30886213134218937,0.14507247647204138,-0.20654718740287994,-0.007887543928153065,-0.1340946218393644,-0.22943684306991052,-0.21625321741347847,-0.05301819282965041,-0.2963670122480855,-0.23339097450772578,-0.21370159934336874,-0.11845341025906653,-0.22120185833021222,0.04596259433097722,-0.0038345990485221812,-0.02880571205444302,-0.039432938345193604,-0.11902238443210161,-0.14253201475826566,-0.2164635944186343,-0.25129852018902055,0.021353266023316785,-0.06410282973009586,-0.0019778626015029208,-0.09046529974738822,-0.09768505606069058,-0.311593844878834,-0.11302504601996988,-0.028654304361338444
#49,0.3945811983520468,0.2379539242483405,0.07808971304257743,0.11729314920032831,0.17044521830598697,-0.08399780060403701,0.17715815728868667,1.0,0.46217118631911963,0.3778753516244452,0.5003147686251385,0.48735427009538684,0.35567579628493334,0.16489254038202553,0.06199746591334699,0.03416873192072612,0.24849986851437178,-0.18717178398106607,0.16185641769398115,0.23019706906581452,0.185640175632924,0.11481643809417559,-0.006013276064037485,-0.01042322434635705,-0.012399493182669398,0.02500139454454175,-0.13756106112886388,-0.15419996971846137,0.10351186159743085,0.024628453489947327,-0.11355895735881233,-0.007911450406011683,0.03936121891161775,0.04384288662751317,-0.12635689183912535,0.1099522667325423,0.12399493182669398,0.0979145582481333,-0.07989704276868889,0.1314840344572034,0.07416586314338308,0.06055829594625824,0.01841595677708803,0.11022639434532111,-0.18666656041565396,-0.19934018121110217,0.09280654081234212,-0.17552932926391954,-0.1316864426364064,-0.2036146594522229,-0.23862011809800063,-0.20662846942759924,-0.2111196997346381,-0.0032417183976284772,-0.0834240451354302,0.045648622588434044,-0.1265401748360414,-0.06071767246531568,-0.16634446047063886,-0.13846631975711018,0.016061965590609534,0.27453721043278695,0.3374973105212409,0.12079465132402044,-0.04976213054530676,0.13798659643474726,0.26942919299699575,-0.026969694554901228,0.34717943405398083,0.3386480089888357,0.28809855843938514,0.354961789479556,0.20989409430308634,0.09162715457131701,0.18723394082349848,0.26116392671867655,0.156620899042944,0.08834081074835244,0.04989760058650559,0.021738957199435808,0.03837467825865215,0.25230418602427307,0.23605096861079458,0.31232219557092655,0.2855835969686586,0.10421311828128361,0.10121524595781303,0.11077146204049758,0.08318976165241575,0.32320442429216906,-0.09587613256938855,-0.009698061184645666,-0.0699200726756927,-0.08222712747730877,0.06413629879909793,0.000961040409916407,-0.007677166922997235,0.1382463801608109,-0.11222019459872977,-0.07983647969144705,-0.07573253432571779,-0.09930272772912367,-0.15147781877296018,0.2698945724326435,-0.15800109969798148,0.0021691144243718573,-0.060472232625967216,0.07157599470869956,0.006016463594418635,-0.06572528269410068,-0.06538581070850831
#50,0.15937811282263784,0.43789973623186096,-0.04520236833507319,0.09213875319749142,0.038299771294695154,0.010364255034305795,0.500518770569532,0.46217118631911963,1.0,0.5189060395731897,0.3560471435743372,0.25287953525807044,0.36810716477141425,0.37018224704954217,0.2656742822080023,-0.0713990867725458,0.1682904477683303,-0.06616994318227096,0.1829929316513798,-0.05751898572783272,0.20077775741300033,-0.0725975981958578,0.06638191395261736,-0.05888643626134562,0.1413191594482385,0.07114886563762561,-0.006555156228832806,-0.09953222991656639,0.23463251759118328,-0.054685271218991305,-0.1972842241152611,-0.03589637338730885,0.015488210122002726,-0.062325781542605325,-0.21469770258747778,-0.07092255098056403,-0.0724286590856569,-0.14645905218784117,-0.044027763389619806,-0.18519870267513489,0.1891687717648559,0.08684745276478416,0.07553968873765828,-0.11458852967192344,-0.10125827761795855,-0.2385340547777096,0.04588928113221079,-0.28991385699144945,-0.1587501693375515,-0.3420044784801855,-0.25252253185538176,-0.23365553952936113,-0.19768266541290472,-0.12969901744376,-0.13364358629043183,-0.12132218760210058,-0.10713448987560663,-0.39993624939237704,-0.027235853341727165,-0.07598594299101913,-0.08328538756385022,0.052304186024273044,0.2785550924782252,0.0716859645068492,-0.05430595510363458,0.010606507343273116,0.2647993051183769,0.19513742240355728,0.20605630772418299,0.13371689948919827,0.23353281960968691,0.19939755675796286,0.12640789232522373,-0.05268987720039207,-0.05999091553841372,-0.07747770720939684,-0.12395986899250133,-0.0822191586513559,0.2601566671182335,0.04407238881495589,0.17589111396217996,0.0982954681286806,0.16968499231008297,0.2784483102104567,-0.10567778849142156,0.044195108734630124,-0.02067432205213206,0.09847396983002495,-0.05135430197069066,0.16390440596386935,-0.27039660846767444,-0.10655754687661867,-0.15766162771238915,-0.024470670736080453,0.006814939954896445,0.02213580473188885,0.1333774275036059,-0.01113563738654384,-0.11761190223844321,-0.25294487963088397,-0.22200352222107117,-0.06891918813601192,-0.2655914064180924,0.06507343273115572,-0.21032759843492257,-0.07147239997131223,-0.0873765828080549,-0.1088095370909004,-0.19836320314928002,0.08202471929810581,0.19792491772187204
#51,0.49455330746121173,0.6261520930121365,0.40992118831132607,0.5644239734159966,0.00835929842456311,0.03309294041708835,0.44677860210855136,0.3778753516244452,0.5189060395731897,1.0,0.40531680067575643,0.14301970690658145,0.4166628150674561,0.12779924933659523,-0.008566487899337791,-0.10455737156244771,0.5626182374550758,0.1505964666225725,0.10069089721011404,0.08407111380280344,-0.234112950139056,-0.0026870881113085607,-0.07591741108782443,-0.09281929093386672,-0.03852449218656615,0.08399461307365585,0.0660982237486951,0.14872379252364748,0.010083752360764689,0.0183617687606085,0.05159814804484855,0.08219047087792555,0.187426786411558,-0.02510020798635737,-0.0332586919969081,0.03483014447481453,-0.21630581166476742,-0.07380407844512268,-0.36698993537282154,-0.0937564248659245,0.1392265457530142,0.17854632676967702,0.007825387085720661,-0.08639641721585159,-0.040078413247376266,-0.1436524316872395,0.3374271848528556,0.10977535879638853,0.14432340683247138,-0.1588633266660823,-0.004202758807544884,-0.1320912589948123,-0.07871446899728263,-0.05127142618078079,-0.4167265656750791,-0.04398632549466487,-0.19834089043661196,-0.30379236427097195,0.12257010574632039,0.19664353050865016,0.12763509152196606,0.1855461434866801,0.0714739937365028,-0.12621185920678307,0.13487397301755533,0.189535337758688,0.1816318561786292,-0.011422515120847245,0.09396520810588976,0.15374734040433824,0.3154045374494976,0.2862274781056507,-0.15912948545290823,0.011774737227964203,-0.2513782084485493,-0.10067655332339887,-0.17925077098391093,0.06069376598745707,0.09333088956004112,0.14872538628883805,0.08670401389763246,0.020181848608244547,0.126478017993609,0.16463435042115246,-0.12897704181242978,0.24049757349249734,0.229243997481851,-0.064544302687885,0.09827474918120313,0.042741594880826204,-0.17543370335248507,-0.0797026034154388,-0.06931603566846496,0.17538110910119611,0.20448007395070483,0.1931643410976261,0.24572512331758162,0.3589446086908016,0.12866625760026776,0.19723641115954385,0.08849381220664759,0.11695527097992653,-0.010571444509080477,0.2905928009626342,0.0429105339910271,0.15279586258556527,0.0020782698085091123,0.06888731283220043,-0.1042019619249496,0.17327255775406608,0.19705472192781837
#52,0.484136458175617,0.26282941134282684,0.04787033126409486,0.14232801281387214,0.17328690164078125,0.0568209165743611,0.26878690562519425,0.5003147686251385,0.3560471435743372,0.40531680067575643,1.0,0.3985002669556694,0.34405406051526427,0.15673405637147478,0.05367801161854824,0.05960841189267585,0.21558064850305605,-0.005415614117572058,0.17858935842982254,0.18099913139797114,0.10620054347392999,0.16277920773932378,-0.06846815258707935,0.014482544286750233,-0.02157320561961606,0.119897361521727,-0.28807146443114534,-0.1830168381292384,0.11746049454533863,-0.050358198726581614,-0.1335320227270916,-0.04384288662751317,0.02595924742407701,0.018251798962458862,-0.31386974157097436,0.1083967519065416,-0.08413964570599813,0.19410944385563675,-0.23005522396385342,-0.03051582210392943,-0.13048314991752266,0.11670983114057806,-0.02872761756010487,0.1393333280207827,-0.23675063152945677,-0.11687239519001666,0.06293141231502362,-0.19661803026560096,-0.16972324267465674,-0.2330084708619879,-0.2653443728135534,-0.3049127811999458,-0.26733657930177146,-0.010231972523488115,-0.2001928455880595,0.14089203037716452,-0.13846950728749133,-0.09168771764855883,-0.07072811162731395,-0.1396648311804222,-0.005047454358549355,0.06667038545211135,0.2682195252173497,0.203146092486194,-0.08965726079576695,-0.003284750057773988,0.31140259305596507,0.06462717847779487,0.4085601128385755,0.3796906501765095,0.29301054275673566,0.32115006096151855,0.13939389109802452,-0.029749221047263106,-0.0023268971782387303,0.06502402601024791,-0.03924487405270582,0.0182868617966515,0.05121086310353896,0.21836655005618022,-0.029720533273832766,0.21857214576576434,0.2600801663890859,0.14350739905489723,0.22779845245399996,0.06605997338412131,0.11760871470806206,-0.018669365442389372,-0.09292447943644463,0.20680697112894358,-0.11043358382009578,-0.002519742766298241,-0.04886165321263218,0.1131923913649802,0.1051072205531959,0.023975009761811793,0.11102008941022719,0.06220306162293109,-0.2020846448692714,-0.07539306234012542,-0.13964889352851645,-0.01249990038967559,-0.07936631896022758,0.14335599136179267,-0.11529775518172908,-0.03919387356660743,-0.06160699344165624,-0.013652192622460932,-0.03374479038003331,0.07495318314752687,0.012770840472073249
#53,0.07159671365617704,0.034610204878515245,-0.014386918375315765,0.11592569866681542,0.5410721258436995,0.31508737817657323,-0.013317501932440294,0.48735427009538684,0.25287953525807044,0.14301970690658145,0.3985002669556694,1.0,0.6636278877033047,0.12228004048163583,0.009137055837563452,-0.1728597725697073,0.10545944266031286,-0.12189116177513568,-0.14460072197563134,-0.22058188367107873,0.301930846528381,-0.17471969654710773,0.07398258014646703,-0.032990939444891586,-0.039436125875574754,-0.11077305580568815,-0.22438141988540827,-0.36254173672592815,0.21389922622699997,0.026977663380854097,-0.10899122632262588,0.08059511192216051,0.13516722581262103,0.11210225597462725,-0.14555538732478543,0.037831204328666254,0.2344954537847939,0.13356549179609367,0.15843619759500832,-0.05163639840942234,0.02056435225398242,-0.10443624540796405,0.21984556415303333,0.05459123907274741,0.05855812063208728,-0.07296416418968993,0.004542230793137247,-0.3059184470351983,-0.23558877670552797,-0.32138753197491415,-0.24587174971511447,-0.3430388320888684,-0.34753165616109777,-0.43248252834909834,0.049025811027261355,-0.1790738630477572,0.07838137207245256,-0.13229844846958697,-0.15123237893361172,-0.22404832296057822,0.0858210679820542,0.29862218999274837,0.2632453840575668,0.22272868538278257,-0.1209715592601742,-0.2443273912454478,0.3157057590705161,-0.13400218345831108,0.08507996716843708,0.08559156579461148,-0.002899058881654966,-0.010689383133182987,0.38275864816836536,-0.10184318944289938,0.3316051606116871,0.12993808222234618,0.32363474089362415,0.04785598737737969,-0.02965837643140036,-0.1815059487285738,0.21829483062260438,0.4287068986126274,0.33497278645937095,0.4526866896700109,0.498207811043199,0.1437735578417232,0.10029564344285156,0.3273593701439967,0.10361386256962761,0.6086222696810079,0.13244507486711982,0.18820773135493948,0.08420977137438342,0.019749938241598864,0.07129708580034903,-0.257738925324132,-0.2027795264923619,0.02744782411207357,-0.25721138904605184,-0.116751269035533,-0.26979575899082786,0.039640127819968285,0.16761628509271728,0.254079640446573,-0.034176700746678994,0.034181482042250716,-0.05756839244874053,0.14115500163360933,0.06736845460558295,0.07750798874801776,0.0985393142028385
#54,0.15826247718923572,0.3330634557610627,0.06283100510801744,0.17421925427726734,0.41976109459793287,0.3895544629409749,0.3055231932679358,0.35567579628493334,0.36810716477141425,0.4166628150674561,0.34405406051526427,0.6636278877033047,1.0,0.3290121046466224,-0.02367378814079322,-0.3384201005665835,0.2532508825474743,0.07236172094765278,-0.18251639585939802,-0.3910478209245432,0.06215524866721386,-0.34336077265736437,0.2467865709345042,0.03163464526771271,0.08723633147128433,0.0033469069002063927,0.04496649108686817,-0.15664799305118376,0.3651698555251855,0.03986325494664871,-0.07425830152443641,-0.024717704340619498,0.1450198822207524,-0.019004056132410012,-0.13295029843253192,-0.05466136474113269,0.05048569994182757,-0.06121492720477492,0.06314178932017946,-0.0255353058833842,0.17351640382822398,-0.0338451975870395,0.34433615695399594,-0.14677302393038433,0.26758201914111995,-0.0274334802253584,0.1778434763206337,-0.12218441457020138,0.07022288806190184,-0.18205739148451258,-0.06561531289595104,-0.19719497326458893,-0.19245511558782044,-0.5300496457856864,-0.1112814669014814,-0.36887376582808057,0.10591525950481716,-0.3090836647036792,-0.014233916917020615,0.0752018105172565,0.08256978699328228,0.17055996939970833,0.18809138649602755,-0.024214074540397965,-0.008839021746926025,-0.08362804707982373,0.46082764226346534,0.04752607798293077,-0.06813346189705871,-0.11213413127843874,-0.03767342157479939,-0.11991329917363275,0.10449043342444357,-0.05985703926240547,0.08007554447003323,-0.07438261520930121,0.0967224218855836,0.011393827347416905,0.28913928710883025,-0.002956434428515647,0.06329319701328404,0.39512945357760443,0.5089689136099579,0.30306879487445115,0.20015140769310458,0.18243192630429758,0.09550000398441298,0.2877351799759341,0.1408952179075457,0.5364613631473675,0.19639330937372998,0.1747643219724438,0.192969901744376,0.026255687749523863,0.05130330148459227,0.0034186263337822437,0.03979472304345401,0.08963813561348007,-0.07711273498075528,0.012251273019945972,-0.22814270573516404,0.027670951238753995,0.14174150722374074,0.1426786411557985,-0.006049932663420699,0.10988373482934759,-0.09587453880419798,0.06163568121508658,-0.04294081552964802,0.09230131724693001,0.17305102439257625
#58,-0.12576241742304106,0.26299356915745603,-0.13866235287555084,-0.2945915578257855,-0.03358860139135701,-0.01668353401493358,0.4703503892771478,0.16489254038202553,0.37018224704954217,0.12779924933659523,0.15673405637147478,0.12228004048163583,0.3290121046466224,1.0,0.13325470758393165,-0.07274422459339065,-0.18715584632916032,-0.06897337615249145,-0.08863565730860873,-0.11504275275123715,0.17652065121245686,-0.24056451163050147,-0.03126807927388058,-0.1026974475850473,-0.14306911362748925,-0.06774617695574911,0.0011634485891193651,-0.12559507207803075,0.0289379945652607,-0.13544454095578098,-0.22683263074851182,-0.08489190287594929,-0.006865940440994828,0.019853532978986205,-0.11714971033317662,0.13544613472097156,0.03964969041111173,-0.021273577763788062,-0.028697336021483954,-0.1951740790029405,0.06936703615456334,-0.01853230163599997,0.1648622588434046,0.03060188542422045,0.055504466526946586,-0.2104566934153591,0.0679772729083824,-0.13796747125246037,0.06707201428013611,-0.15089768824359107,-0.029169090517894,-0.1680019762688363,-0.20346165799392776,-0.3790977695256158,-0.13922495198782364,-0.28664026329000947,0.09402895871351274,-0.12814828391333105,-0.06432436309158572,0.05011275888723314,-0.0660169417239758,0.024838830495103156,0.36159822773310807,0.055792938026440565,0.022840248946122767,-0.10718708412689558,0.5576297524085776,0.4792770681095554,0.046384942106479456,-0.015104112711074277,0.15427806421279952,0.09461705806883472,0.19159288861971965,-0.0755508450939923,0.2513096765453546,0.06646957103809896,0.04387316816613408,-0.02106320075863223,0.22767732629951629,0.04197658758935046,0.06828646335535385,-0.05430595510363458,0.3676720668743874,0.11668433089752887,-0.010346723617209477,0.03256381037381763,-0.04688857190670099,-0.09161281068460184,-0.11144243718572942,0.061141614006008496,-0.10641888930503869,0.002749244953740965,0.03851333583023213,-0.16817410290941837,-0.07897425272334627,-0.07451011642454718,-0.102915793416156,-0.09663635856529258,-0.19718859820382664,-0.1810517256492601,-0.25381348165974704,-0.16228673429543625,-0.15473388105730382,-0.13177728725226912,-0.1459012343711401,-0.08272756974714915,-0.17559307987154252,-0.03163145773733156,-0.14151519256667916,-0.0799400744288344,0.03625018925961638
#101,-0.23497836463753796,0.07902365944425407,-0.26538262317812716,-0.10122002725338476,-0.23497198957677565,-0.1175433703352485,0.23098438906995833,0.06199746591334699,0.2656742822080023,-0.008566487899337791,0.05367801161854824,0.009137055837563452,-0.02367378814079322,0.13325470758393165,1.0,0.32727490058889624,-0.22865430436133843,-0.11847572297173457,0.5924088963972938,-0.011514953501900564,0.6635609495653005,0.18004924734438876,0.1541170939285515,0.03418626333782244,0.4175393859222721,0.012063208727458183,-0.2587477786897656,-0.4229884691088462,0.33296782984962825,-0.17033524850783735,-0.2564272565722892,-0.05514586935906733,-0.15325327319526014,-0.11426180780785566,-0.11855859876164444,-0.07630310226394345,0.21183370654001546,0.060873861453991984,0.1946752304982907,-0.09272047749205109,0.1156149144546534,0.10409358589199054,0.07659794882419974,0.18659802851245927,-0.41009969001267044,-0.5898413406752783,-0.23646375379515336,-0.30929882300440675,-0.4589884372335424,-0.4328459068125493,-0.4698467594769263,-0.3527384870387046,0.027463761763979314,0.15217748169162237,0.5157599470869957,0.23306265887846744,-0.2445712373196057,-0.38886595637864674,-0.5619090119452701,-0.561234849269657,-0.36703934209372935,-0.2629521312625011,0.44819386559778146,0.2715919323606053,-0.3324673875797879,-0.143448429742846,0.22758488791846299,0.09058961343225302,0.39548805074548365,0.2198726581612731,0.17137278964690134,0.17738447194574825,0.2871454868554216,-0.3003833005283332,0.10989648495087219,-0.1160579811776331,-0.12406983879065098,-0.33886635481994437,0.09113149359704835,0.04244037325980763,-0.09977448222553371,0.041291268557403435,0.1445895656192973,-0.2788674704555778,-0.13261720150770187,-0.37274024018041424,-0.3441385300703647,-0.16014790140968532,-0.23059551036345816,-0.30399636621536547,-0.32808134577532694,-0.6130242491373746,-0.7036345815171051,-0.43026560096900923,-0.38078716062762474,-0.22784785917490777,-0.08039270374295755,-0.38475085465658343,-0.3416809441464989,-0.35457769206862755,-0.2078732000414379,-0.2887424395763772,-0.1643809417558511,-0.169568647451171,-0.008456518101188151,-0.121620221692738,0.052222903999553746,-0.33418068515965543,-0.3299619887002048,-0.2964243877949462,-0.1378160635593558
#102,0.12633298536126672,0.15119253480384734,0.17555801703734988,0.03468670560766282,-0.23003450501637593,-0.14187697726493956,0.1614723202830527,0.03416873192072612,-0.0713990867725458,-0.10455737156244771,0.05960841189267585,-0.1728597725697073,-0.3384201005665835,-0.07274422459339065,0.32727490058889624,1.0,-0.23635856529257546,-0.06998382328331566,0.4739698300249424,0.6126640582043048,0.18160954346596117,0.7981448573181713,-0.30110527615966337,0.3519400106782268,-0.09426961725728948,0.27988748017754544,-0.4378949549362892,-0.01298121747722908,-0.11397333630836169,0.16214967048904685,0.13059790101124402,0.018968993298217374,0.1544916287483365,0.1553841372550582,0.07174334005370989,0.28595016296249076,-0.0016128903728613664,0.39244874052705814,-0.36535154475691095,0.07517949780458845,0.022036991290073235,0.28541147032807657,-0.23383085370032433,0.595003546127549,-0.467551737602499,-0.3416044434173513,-0.2035285961319319,-0.03398385515861948,-0.4136888492218441,-0.029452780721816254,-0.16574998605455457,-0.030990764130720622,-0.09118727537871846,0.485795567739005,0.1516754456565914,0.6392145925140849,-0.6333080987178159,0.22134370343217333,-0.6136235048490306,-0.5951692977073688,-0.6351887416426938,-0.4682514005211612,0.306286606794221,0.36956227239040873,-0.20756400959446644,-0.05179099363290807,-0.06731904788467515,0.2747603375594674,0.6343982341081689,0.6911330873622389,0.2643689885169218,0.3490983273434325,0.27729123668209965,-0.02575205794930233,0.22014997330443306,0.23729410545944266,-0.21301468654623115,-0.48499231008295546,-0.08220162723425958,0.5147510937213621,-0.18337862282749884,0.11098183904565341,-0.07820765166667995,-0.26086111133246737,-0.12209675748471978,-0.6306560734407,-0.6508857350046617,-0.1735100287674617,-0.0010949166859246628,-0.36645921156436023,-0.35491397652383877,-0.6043956043956044,-0.618820773135494,-0.4880109013539035,-0.6297555961080255,-0.183179402178677,0.11674967527034243,-0.039224155105228344,0.023206814939954898,-0.07905394098287499,0.07067232984564384,-0.001260668265744408,-0.0460199698778379,0.2125811824143949,0.1168006757564408,0.10957295061718557,0.10803177967790005,-0.5339256827291635,-0.4312648917434994,-0.6293969989401461,-0.6145558574855167
#201,0.36008893209763404,0.2932017945796046,0.5296416418968993,0.5223151033158285,0.10772577676130976,0.10905657069543945,0.06614125540884061,0.24849986851437178,0.1682904477683303,0.5626182374550758,0.21558064850305605,0.10545944266031286,0.2532508825474743,-0.18715584632916032,-0.22865430436133843,-0.23635856529257546,1.0,0.39134904254556174,-0.057649674473459825,-0.023742320043987918,-0.3800747475874379,-0.11802787495318315,0.07198081106710548,-0.21015706555953112,0.11377570942473045,-0.04502705416411,0.4053885201093323,0.3380630971638948,0.07352676330196273,2.390647785861709e-05,0.3002557993130872,-0.03921299874889433,0.21422116679549602,-0.21076110256675884,-0.16445106742423637,-0.1914223557443282,-0.3271139303046482,-0.32120584274318864,-0.23966722182820804,-0.09051789399867717,0.05128736383268653,-0.04238140394775638,-0.10694164428754711,-0.11124002900652646,0.0936815179019675,0.07815346365020041,0.3575628142705735,0.33167528628007237,0.3227581700388082,0.12641426738598602,0.28047239200248625,0.15412825028488553,0.21014750296838766,-0.11996908095530286,-0.400835132959861,-0.2573707655651093,-0.14993027277291238,-0.26822430651292145,0.2291372152140825,0.2983512499103507,0.1655937970658783,0.1488289810262254,-0.23218927555403263,-0.3301691781749795,0.34360461873152226,0.37419694156459926,0.02263146570615751,-0.173302839292687,-0.017732231510331584,0.0439719816079497,0.3241686522324666,0.2913514331933476,-0.34316473953892374,0.07802914996533561,-0.4172620707791121,-0.1467953366430524,-0.25766879965574674,0.10514547091776968,-0.015026018216736128,-0.04538724509717983,-0.0007219756313302362,-0.04227621544517846,-0.050885735004661765,0.15022352556797808,-0.02425232490497175,0.18918470941676163,0.23235980842942408,0.08366310991401636,0.08390217469260254,0.06561850042633219,0.03910781024631641,0.06969694554901226,0.14549323048235305,0.2443465164277347,0.2630238506960769,0.5890540206711345,0.2895839475970005,0.6223111189028521,0.3429113308736224,0.44629728502099786,0.26803624222043365,0.3858075209779343,0.21905027532293667,0.3578767860131167,0.2673557044840584,0.2673461418929149,0.17260477013921538,0.04671166397054722,0.10532875391468575,0.21121691941126314,0.18251798962458862
