,#10,#11,#12,#13,#17,#18,#26,#49,#50,#51,#52,#53,#54,#58,#101,#102,#201,#202,#301,#302,#401,#402,#501,#502,#601,#602,#701,#702,#801,#802,#901,#902,#1001,#1002,#1101,#1102,#1201,#1202,#1301,#1302,#1401,#1402,#1501,#1502,#1601,#1602,#1701,#1702,#1801,#1802,#1901,#1902,#2001,#2002,#2101,#2102,#2201,#2202,#2301,#2302,#2401,#2402,#2501,#2502,#2601,#2602,#2701,#2702,#2801,#2802,#2901,#2902,#3001,#3002,#3101,#3102,#3201,#3202,#3301,#3302,#3401,#3402,#3455,#3501,#3502,#3601,#3602,#3701,#3702,#3801,#3802,#3901,#3902,#4001,#4002,#4101,#4102,#4201,#4202,#4301,#4302,#4401,#4402,#4501,#4502,#4601,#4602,#4701,#4702,#4801,#4802
#10,1.0,0.21319637577795664,0.6320298990349752,0.6951828447114886,0.12956514116775175,0.34351536788085013,-0.10023508036560974,0.6171329757986755,-0.10136665365091761,0.5559802054363331,0.3706603766067145,0.29245431870522515,0.047832080899521075,-0.27939819426403906,-0.1956920526898772,-0.2734518563380057,0.4743587087314426,0.32496872235813495,0.05330507056395381,0.05034544860505702,0.08701957940536621,0.08251400521161217,0.13607089067567676,-0.0712556479053941,0.3437894954936289,0.22638956402553212,0.011191419168213947,0.2708109874172238,0.02320840870514547,0.2138721322187602,-0.004226665285403501,0.04520555586545434,0.26389882778570234,0.1964347472686849,-0.013830694323805274,0.2167887225175115,0.190647785861709,0.04883455920439242,0.08508952975958052,0.06744336156953996,-0.1637944361657197,0.13894923060985426,0.058288774314880186,-0.12894038521304657,-0.2719935611886301,-0.5270230856887854,0.06005307238084613,0.3887814868235463,-0.14779622118273314,0.03044091513997243,0.4087959900867805,0.20689622197961574,0.2494290336204767,0.043619759500832744,0.0014312011411358764,0.18957677565364295,-0.19049956569898557,-0.22683741204408356,-0.0026249312688761566,-0.20921993162747332,0.3653387946353864,0.3431424268262557,-0.06933516085075186,-0.046290909960235556,0.0974029596219589,0.06966188271481963,-0.04140123835555307,-0.23878586967782037,0.24759142235574433,0.30177147000932353,0.08756464710054268,0.28752799050115946,-0.2621600299627856,0.4156938058315868,-0.08354357752472329,-0.09647698204623513,-0.06509096414825204,0.053496322386822746,-0.1279825323335113,0.015143956840838638,-0.0892365067854553,0.10506100136266924,-0.494013021061607,0.11046227159352613,0.300979368709608,0.14947764345878922,0.2983480623799696,0.12308967319844767,0.06696523201236762,0.22484361179067489,0.009196025149614708,0.20536142610109254,-0.14734677939899116,0.0979018081266087,0.08857350046617632,0.07383914127931532,0.2900716397453163,0.34397437225573557,0.49730733371052444,0.4469427599231805,0.37883320450398045,0.10705320785088733,0.15270979926527425,0.35323414801297326,0.36100215955183323,0.4728302879136817,0.32347058307899496,0.27472527472527475,0.28950744686785296,-0.09889791137071775,-0.34516013355752295
#11,0.21319637577795664,1.0,0.221378766266366,0.3378845954625505,0.10636629505374973,0.02010056658352525,0.26491086868171715,0.38156173051024395,0.28101267840209104,0.4699455729187419,0.3979201364263003,-0.12452724940034585,-0.07913203547721315,0.013228251081768123,-0.09796715249942226,0.015993433687414835,0.22502051972682865,0.2077233861135239,0.03662950537497311,0.012010614476169227,-0.12651148706261106,-0.22805345488449186,-0.28550072117874875,-0.2897640430635354,-0.0007666010566663214,-0.016490688426874067,-0.07661388647610548,-0.18660599733841213,0.14769740774091752,0.1063057319765079,0.021453673230322975,0.13118281283618485,0.08010741977384472,0.38184701447935676,0.11340914343089832,0.01662297093769175,-0.06960131963757779,0.2318035843779136,-0.09488799815123238,0.014600482910852744,-0.14224035572839053,0.10490003107842122,-0.3658217054881304,-0.0542613296782985,-0.10723967837818454,-0.02530261616556033,0.16469013220282255,0.15260779829307747,0.041790117062053246,-0.2921817848576369,-0.186089617416666,-0.23123779773525965,-0.10239941349440987,-0.04397516913833085,-0.03169202081457339,0.07753348899106695,-0.03840017850170135,-0.12427065320466335,-0.10784530915060284,0.010179378272199157,0.05130489524978285,0.10228944369626022,0.03267537393715784,-0.08778458669684196,0.18248930185115828,0.17773191275729347,0.2059367753348899,0.0990445377682506,0.20437329168293636,0.19282486911203373,0.20768513574895012,0.34752209356995434,-0.277919180167186,-0.08130911872753788,-0.15428125174318066,-0.18222792435990406,0.045833499350540687,0.06575237670234045,0.10272613535847763,0.014625983153901935,-0.13245623122345385,-0.061712181944234154,-0.07026113842647563,0.01101132370167903,-0.07871925029285436,-0.08926997585445737,0.12870450796484154,0.057855270183043934,0.21162173576966906,-0.13853803919068602,-0.0497971933794994,-0.005764648694307868,0.13743834120918966,-0.007004598012574807,0.06518499629449594,0.2047765142761517,0.015427647044760896,-0.044207858856154726,-0.05184677541457817,-0.027785702332475355,-0.10217628636772945,0.021463235821466423,0.16185641769398115,-0.06368207571978421,0.00979209333088956,0.18633824478639563,0.22283546765055104,0.06646000844695552,-0.007297850807640511,0.1987632382121142,0.17751516069137535
#12,0.6320298990349752,0.221378766266366,1.0,0.653607885950163,0.008496362230952514,0.3176246523599678,0.1825482711632095,0.24084342053885202,-0.2235685996382153,0.5175083075010559,0.3327957032090462,0.07916550454621521,0.06691263776107866,-0.22402282271752902,-0.24749101514873814,-0.017263664544302688,0.6251049892819291,0.7114392496553483,-0.010992198519392139,0.1407820605790149,-0.12714739937365027,0.3359386081648591,0.2172445393620158,0.09602435273211198,0.08211237638358741,0.1057064762648519,-0.0024257106200543475,0.34629330060802144,0.10280104232243463,0.19623233908948196,0.17260795766959655,-0.017775263170477094,0.3465658344556097,0.2782921212217804,0.22162898740128617,0.02268724748782762,0.0322721513439425,0.047771517822279244,-0.08495884101395342,0.33209444652519343,0.02617281195961399,0.06461442835627026,-0.07402401804142196,-0.21049813131031406,-0.18648646494911905,-0.2643673947517312,0.18621074357114967,0.1575134075496657,0.01845101961128067,0.03366669588569516,0.2323167767692786,0.31546350676154883,0.20254364924415685,0.3084222521495908,-0.10223684944497127,0.18557323749491988,-0.2864569802930934,-0.20367044123389302,-0.06006901003275188,-0.03513455362621425,0.13623345472511536,0.19173313995649022,0.12155806485030561,0.1059184470351983,0.345898046840759,0.44917084365960364,0.14269457880770425,0.008941022719122792,0.14351855541123126,0.22076038537242307,0.16886579700212767,0.44278781407135287,-0.3606897815744806,0.16970252372717928,-0.12755380949724676,0.026762505080126543,-0.08456199348150037,0.047075042433998196,0.018726740989250052,0.08033214066571571,-0.14822175648861652,0.13503653706699392,-0.2984771573604061,-0.05487492927666967,0.10199937843157568,-0.07646407254819147,0.0846161814979799,0.23814517607120944,0.2276837013602786,0.04891743499430229,-0.11101849564503662,0.06401995394018599,-0.08778299293165139,-0.01703575612205054,-0.06160699344165624,0.3916136075671971,0.475169935213445,0.5022288806190184,0.5827203978037916,0.4664679772729084,0.4038330052833316,0.4102096598108201,0.38411972364111596,0.4760927252587876,0.49922782076516664,0.49566416179904216,0.39500035859716787,0.09819027962610269,0.26156236801632016,-0.08260803735785607,-0.26307325741698473
#13,0.6951828447114886,0.3378845954625505,0.653607885950163,1.0,0.008732239479157536,0.28121668034648456,0.03086645044585581,0.4314465809752249,-0.19168692076596355,0.7520930121365219,0.3832017148913451,0.19576217835826248,0.15742415669899354,-0.27011451202894277,-0.10018248611432078,-0.16056228035923467,0.6025308991226322,0.4093713393205779,0.12687327176087146,0.008413486441042641,-0.07051773462215812,0.030189100239861662,-0.0557530938966762,-0.20431113484050395,0.19265752376702341,0.028775430515822105,0.021869645945062913,0.21856417693981145,0.06779877120703806,0.16916383109276512,0.03453689167974882,0.18509829546812867,0.2602809808030983,0.3280829395405175,0.05042673062977632,0.20317318649443378,0.10406011682298846,0.1437910892588195,-0.06980372781678075,0.10555188104136617,-0.1345870952832519,0.10504346994557291,-0.09057845707591901,-0.12406346372988868,-0.2142721672815944,-0.40136266923794117,0.21109260572639832,0.46764258221836175,0.07997194973264589,-0.09091474153113022,0.36241901680625394,0.0666289475571564,0.1320418522739045,-0.020978731203531782,-0.11048777183657532,0.0786539059200408,-0.23719529201762704,-0.3187673820016097,-0.14975177107156804,-0.10219063025444461,0.2252675533313677,0.19128688570312935,0.09247503765270262,-0.049201125198224546,0.29969001267043327,0.38105491317964124,0.13871016583126808,-0.10600769788587047,0.17918542661109738,0.036009530715839635,-0.0126927459777351,0.23641912836981727,-0.23177808413486442,0.2712413040186789,-0.0492728446318004,-0.15344133748774794,-0.14074699774482224,-0.025669182159392456,-0.020376287961494634,-0.005670616548063973,-0.00344572034202201,0.029154746631178827,-0.39824048322960576,0.0467690395174079,0.1580568814796516,0.01584999482026313,0.10372383236777726,0.09757349249735037,0.10437249480034107,0.09701089338507758,-0.033371849325438886,-0.029562750519965892,-0.21673772203141312,-0.008670082636725132,0.09899672481253337,0.20635752934520157,0.2760449123030704,0.37807457227326696,0.4530771621417017,0.4396018774553945,0.35802341241064956,0.14292089346476583,0.24519280574392974,0.3502075879160723,0.37148435321024154,0.4640964546693336,0.3828925244443736,0.1505088095370909,0.1825482711632095,-0.10368398823801289,-0.10320107738526883
#17,0.12956514116775175,0.10636629505374973,0.008496362230952514,0.008732239479157536,1.0,0.42419973065368277,-0.10805887368613983,0.2465570687470615,0.28384639291093244,-0.015781462917068428,0.06900525145630294,0.5805210018407988,0.42363553777621943,0.05029285435376806,-0.12121381156914152,-0.12910294926248517,0.042076994796356654,0.07179593430499885,0.01172373674186582,-0.05611965989050833,-0.05086023476161257,-0.16257520579493023,-0.22073169759899275,-0.05530524587812478,-0.12394871263616732,0.030190694005052237,-0.30191331511128466,-0.3322713544613472,0.09019117213460941,-0.049317470057136485,-0.043728135533791804,0.07944600721975631,0.04180924224434014,-0.0347440811545235,0.10121365219262246,0.023743913809178493,0.2351441162173577,0.22470336045390432,-0.02430173162587956,0.08595494425806247,0.07326379204551793,0.13286742264262205,0.09848671995154953,0.34403174780259627,0.1652304186024273,0.023006000525942514,-0.21604921546908493,0.006276247320482273,-0.17662902724541593,-0.2910087736773741,-0.2710197706571891,-0.06267640988453171,-0.34473778578202074,-0.14324602156364302,-0.12199635027771358,0.14075018527520342,0.02585246515630852,-0.004268103180358438,0.06667994804325479,0.12567794786794062,0.13162587955916455,0.02934440468885719,-0.0688394998764832,-0.112342914518404,-0.2739618611989896,-0.28275306999019834,0.06778920861589462,0.03083776267242547,0.07110902150786125,0.10530325367163655,0.15310345926734614,0.0069854728302879135,0.3319382575365171,0.20492792196925627,0.22596881001522046,0.12666448852090623,-0.06340316681143367,-0.1427041413988477,-0.06526946584959638,0.1314234713799616,0.21591055789750496,0.45782817617480415,0.12432643498633346,0.49282088469905727,0.5166110176987624,0.23363641434707424,0.09323366988341608,0.2503741363784874,0.23656416100215955,0.3073082102813792,0.41793623345472514,0.2677716771987983,0.2020177067312673,0.13500306799799186,0.09400983353122584,-0.16105475380312217,0.013272876507104209,-0.12732749484018518,-0.1422865749189172,-0.06471483556327647,0.0610539569205269,-0.05570846847134012,0.2580194279976731,-0.12491134681127429,-0.08639322968547045,-0.008499549761333663,-0.03323000422347776,0.17465435217429415,0.010721258436994478,-0.09960076181976109,-0.07543609400027095
#18,0.34351536788085013,0.02010056658352525,0.3176246523599678,0.28121668034648456,0.42419973065368277,1.0,-0.2213341408410299,0.40175951677039423,-0.01700866211381077,0.1774545976141335,0.26794699136976147,0.7130138896636359,0.6183585812302274,-0.0035493150794093506,-0.16148188287419615,-0.11317804747826503,0.3476910326801552,0.18124297747212903,-0.14578488951222815,-0.022738247973926002,-0.01660225199021428,-0.21171736168110353,0.12068149399548965,0.13359417956952402,0.19114185307078707,0.1965096542326419,0.03485405095267314,0.14843532102415352,0.06265728470224481,-0.041970212528588166,0.21659268939907084,0.37725218943493055,0.43802086238634463,0.1429416124122433,0.1497358334196623,0.16789360023587724,0.21034831738240006,0.030144474814525576,0.07367976476025787,0.11521328562662862,0.295383659125501,-0.011323701679031628,0.21007259600443068,0.1216520969965495,0.09980157623377348,-0.23113101546749118,0.10518531504753405,0.2050315167066436,-0.06210584194630605,-0.04940512714261808,0.23361569539959678,0.1900915618101985,0.10139534142434795,-0.14461187833196534,-0.3244937803313438,-0.030047255137900533,-0.05551562288328061,-0.15429400186470527,-0.15029365123636335,-0.1304863374479038,0.0950425933747181,-0.07507430930201053,-0.03997481850998892,-0.15103793958036163,0.006357529345201571,-0.10587222784467165,-0.03901855939564424,-0.08613185219421622,-0.08693829738064691,-0.01147351560694563,0.04023778976643371,-0.03099395166110177,-0.0009833531225844497,0.19159926368048197,0.08679167098311406,-0.0035556901401716484,-0.09319860704922343,-0.2580863661356772,0.02708763317900374,0.02302353194303883,0.2997824510514866,0.38699168851453114,-0.16163169680211015,0.5751547944441345,0.4387173377746257,0.06540812342117636,-0.025971997545601606,0.46321350875375533,0.23758576448931779,0.37977511973160993,0.21207755261417335,0.21203452095402783,-0.16728796946345895,-0.027635888404561357,-0.07765620891074118,-0.004515136784897481,0.09535337758688013,0.21190861350397247,0.22145367323032297,0.267079983106089,0.2827498824598172,0.15593239248061583,0.38367187562256455,0.27914478559873773,0.31627792077393235,0.3413127843874762,0.35736678115213283,0.08837587358254509,-0.06779398991146635,-0.2628708492377818,-0.2388289013379659
#26,-0.10023508036560974,0.26491086868171715,0.1825482711632095,0.03086645044585581,-0.10805887368613983,-0.2213341408410299,1.0,-0.2616723378144698,0.1169632398058794,0.2654113109515575,0.13342364669413256,-0.403146092486194,-0.15714684155583358,0.4208384798667612,0.03649403533377427,0.2043079473101228,0.05661053956920527,0.40036019093306985,-0.15386049773286903,0.09128768258572464,-0.18519870267513489,0.2653379977527911,-0.11291029492624852,-0.02248483930862466,-0.29965335607105004,-0.13338061503398704,-0.2434731331032999,-0.08664823211596236,0.16909848671995156,0.03747420092597758,0.1535560885814693,-0.10426571253257258,-0.05514268182868618,0.2183681438213708,0.07815665118058157,-0.27702189036489255,-0.2628373801687797,0.21019372215891433,-0.15678027556200144,0.19997928105252252,-0.27650710420833696,-0.22414554263720327,-0.3895417128194503,-0.4015985464861462,0.014490513112703106,0.328189721808286,-0.006548781168070508,-0.1239614627576919,-0.025257990740224244,-0.11846934791097227,-0.3846839165185793,-0.0515136784897481,-0.08694785997179036,0.29016407812636963,0.03666775573954689,0.07240315884260771,-0.13323717616683534,0.12327454996055431,-0.0575827363354557,0.0733976683215262,-0.2451210863103539,-0.15991521169186143,0.1847157918223908,0.3731721505470599,0.19302249599566496,0.24417917108272438,0.35158778857110984,0.4386950250619576,0.10386727123492896,0.22845827124289778,0.2967909537887783,0.3772139390703568,-0.020183442373435122,-0.3172453362446111,-0.06573803281562528,0.13670361545633483,0.117799966530931,0.09833212472806381,0.13095809194431385,0.09877997274661524,-0.14528125971200662,-0.2994573229526094,-0.10559650646670227,-0.33780809473340295,-0.3960984628134737,-0.30138099753763276,-0.1614404449792412,-0.3933922495198782,0.022223461817370446,-0.5045860593358781,-0.4318848664026329,-0.2863438229645626,0.1740455338714947,-0.09174190566503837,0.03482376941405223,0.2643179880308234,0.05562878021181139,-0.11070452390249344,0.016656440006693814,-0.2171999139366797,-0.051727243025285086,0.17998071544119404,0.18798301046306848,-0.19769382176923875,0.010504506371076349,-0.025586306369482583,0.0799894811497422,-0.22348891137868657,-0.09351576632214775,0.10633123221955709,0.14180366406617312
#49,0.6171329757986755,0.38156173051024395,0.24084342053885202,0.4314465809752249,0.2465570687470615,0.40175951677039423,-0.2616723378144698,1.0,0.18030424977488066,0.44360700937930814,0.4789344085935819,0.4211891082086876,0.179808588800612,-0.15907051614085696,-0.035478806907378334,-0.25554271689152036,0.34913657770800627,0.06711185840990047,0.18949389986373308,-0.015747993848066365,0.12841763023053812,-0.23972459737506874,-0.015183800970603002,-0.11875781941046626,0.39484576337368216,0.2096390918725944,0.05078851532803672,0.007571978420419319,0.058151710508490786,0.10943748057598673,0.04172317892404912,0.29680689144068406,0.3184661603805911,0.24136458175616987,-0.028201675047215293,0.14338946043079473,0.17278008431017858,0.10424818111547626,0.11291188869143909,0.047889456446381755,-0.2072994445728311,0.08812883997800604,-0.11376136553801529,0.051698555251854746,-0.05327638279052347,-0.377037031134203,-0.055475778753516246,0.33207372757771597,-0.14821538142785423,-0.1642582218361769,0.2336762584768386,-0.08764433536007141,-0.03165855174557133,-0.23914127931531848,-0.09813449784443258,0.0902166723776586,-0.12057949302329288,-0.30941198033293754,-0.14982986556590616,-0.19373331527066118,0.2549115858760529,0.21613527878937597,-0.03005681772904398,-0.12243463570512156,-0.021303859302408978,-0.09653595135828638,0.02852839691128306,-0.1970977535879639,0.2876363665341185,0.1921586752623736,0.1333646773820813,0.12801122010694163,-0.04227143414960674,0.23796189307429336,-0.0684028082142658,-0.2695327877343831,-0.19336037421606675,-0.19971630979607774,-0.028158643387069783,0.113316705049845,-0.09418514770218904,0.13111428093299013,-0.2773167369251488,0.361276287164612,0.33285467252109746,0.1722923921618628,0.20612005833180597,0.17321518220720541,0.16018137047868738,0.2124313684864809,0.050415574273442294,0.16353465243965606,-0.13908151312067193,-0.008909147415311302,0.0639067966116552,-0.0019906127230275164,0.061256365099729856,0.1289706667516675,0.09019914096056228,0.2320283052697846,0.10585947772314705,-0.08506881081210305,0.12515200535505103,0.18985887209237462,0.13196216401437577,0.3762433360692969,0.3060379794244914,0.20368797265098934,0.06114798906677079,-0.14087290519487763,-0.1898301843189443
#50,-0.10136665365091761,0.28101267840209104,-0.2235685996382153,-0.19168692076596355,0.28384639291093244,-0.01700866211381077,0.1169632398058794,0.18030424977488066,1.0,0.04878196495310346,0.3479858792404115,0.13081784060754328,-0.0594681605559053,0.28069233159878554,0.1636446222378057,-0.013148562822239399,-0.13299173632748687,-0.1635888404561356,0.181595199579246,0.06765851987026751,0.2392145925140849,-0.21902636884507806,-0.06300631927898062,-0.12157878379778307,0.04581756169863494,-0.0030966857652862004,-0.2482974603351688,-0.4541099219851939,-0.006489811856019253,-0.11038577086437855,-0.16471403868068119,0.06764258221836177,-0.07650232291276526,-0.06222378057040856,-0.016613408346548304,-0.0255353058833842,0.06963638247177044,-0.12656248754870944,-0.054478081744216623,-0.16505829196184527,-0.0903043294631402,-0.15315286598825395,-0.1269704914374965,-0.19313087202862403,0.019789782371363227,0.07255775406609344,-0.21845101961128066,-0.08247097355146667,-0.21699591199228618,-0.21769238738056723,-0.33671795934305,-0.22866227318729132,-0.41267521456063877,-0.2901975471953717,-0.09854728302879137,-0.08347026432595686,0.07562415829275873,-0.007847699798388704,-0.07053526603925443,-0.028541147032807655,0.10264325956856776,0.012735777637880611,-0.11852672345783295,-0.22698563220680698,-0.39291730749308706,-0.3810007251631617,0.15471316210982636,0.06843468351807729,0.25363976125397447,0.2138785072795225,0.3685231374861542,0.2945549012264023,0.20770904222680872,0.07567356501366654,0.06271784777948665,0.014109603232155807,0.03666456820916574,-0.08636294814684953,0.06902278287339926,0.036151375817800764,-0.0009180087497708963,-0.04092151503319016,0.02899855764250253,0.18524970316123326,0.10966538899823888,0.05035341743100989,0.1306170261935309,-0.01175879957605846,0.004288822127835906,-0.022628278175776364,-0.019850345448605058,0.16989696308042937,0.22933006080214202,0.06963478870657985,-0.016987943166333303,-0.12950457809050991,-0.16529098167966913,-0.20683725266756448,-0.31167034560798157,-0.24217580823817228,-0.1606053120193802,-0.1614659452222904,-0.08626254093984333,-0.25296878610874257,-0.24586059335878044,-0.23871415024424453,-0.1628206456342787,0.07313947836065313,-0.06893193825753652,0.04898277936711584,0.15314170963191992
#51,0.5559802054363331,0.4699455729187419,0.5175083075010559,0.7520930121365219,-0.015781462917068428,0.1774545976141335,0.2654113109515575,0.44360700937930814,0.04878196495310346,1.0,0.624910549928679,0.09592394552510579,0.08311326092326818,-0.04046729195387644,-0.04456326849365283,-0.1187801321231343,0.6363250962235734,0.3497485835411869,0.18061503398704268,0.047600984946887775,-0.012096677796460247,-0.10718867789208616,-0.07422323869024376,-0.20812023364597693,0.25749189171959297,0.06836774538007315,0.025740901592968306,0.019399309899672482,0.17186526309078884,0.19143988716142452,0.07891687717648559,0.24967447345982516,0.17878379778307263,0.4128871853309852,0.013330252053964889,0.1170811784299819,-0.08511343623743914,0.15956458334993506,-0.040043350413183625,0.07821402672744225,-0.23052060339950114,0.010745164914853094,-0.31660464263800014,-0.29231087983807347,-0.16279355162603892,-0.31277004358947796,0.16083322044163234,0.1967965319669453,0.048117364868633904,-0.17662743348022536,0.19193554813569316,-0.1915339193076684,0.015787837977830725,-0.17772872522691233,-0.17253305070563954,-0.07124130401867892,-0.17004358947796222,-0.2828805712054443,-0.14506610141127907,-0.19095538254348987,0.15260939205826807,0.10667229797034003,0.1677150985345329,0.018876554917164053,0.37287571022161303,0.29841021922240196,0.2669349504737467,0.018114735156069456,0.2814653077162142,0.18289093067918302,0.17864992150706435,0.4081106710548335,-0.1817003880818239,0.0793599438994653,-0.09765477452206967,-0.16327168118321128,-0.07431567707129709,-0.052710596147869535,0.1665484624150324,0.08978316824582235,-0.08839978006040371,-0.051990214281729875,-0.2727968188446796,-0.00958171632573373,-0.002471929810581007,-0.014088884284678338,0.10342579827713982,0.010195315924104902,0.21005347082214376,-0.06444070795049765,-0.18016081090772895,-0.11223294472025437,-0.0962283546765055,0.0034983145933109674,0.08462096279355162,0.37826263656575476,0.24276231382830368,0.31364023938353164,0.20205117580026935,0.2663117882842321,0.06540493589079521,0.07037270198981584,0.16941245846249472,0.14481269274597774,0.07518587286535075,0.3575962833395756,0.2387651507303429,0.05763054929117293,0.10868681717122616,-0.002883121229749221,-0.006907378335949764
#52,0.3706603766067145,0.3979201364263003,0.3327957032090462,0.3832017148913451,0.06900525145630294,0.26794699136976147,0.13342364669413256,0.4789344085935819,0.3479858792404115,0.624910549928679,1.0,0.20994509478918472,0.1190925101004869,0.06334579126457299,0.14725752854831897,0.10499246945947453,0.4661587868259369,0.288941660225199,0.29305835571245287,0.09041111173090868,0.022419494935811107,-0.10934185466455228,-0.08831849803568441,-0.08056961167911132,0.2776769278582186,0.21823267378017197,-0.08887631585238547,-0.06307963247774705,0.11599423057001013,0.12273266979575899,0.07752870769549522,0.18192192144331376,0.11822868936719554,0.2401071010208066,0.09164946728398506,-0.010378598921020965,0.002000175314170963,0.10516778363043773,-0.07286694451306489,0.11287523209205588,-0.09437958705543913,-0.05116942520858402,-0.17404712763668528,-0.25740582839930193,-0.21202814589326555,-0.33111428093299017,-0.1571022161304975,0.07928344317031771,-0.12026870881113086,-0.15786244212640152,0.06284534899473261,-0.15814931986070493,-0.2885495939883177,-0.2266525352819769,-0.3357728565850393,-0.10188462733785432,-0.2594809106774299,-0.32987273784953264,-0.28525687510459086,-0.26048817027787297,0.10979448397867542,0.08353082740319868,0.08189881184805042,-0.009768186853030943,0.22336778522420292,0.1428794555698109,0.23274709337073368,0.012627401604921547,0.3920789870028449,0.23742001290949805,0.2930631370080246,0.41887177362159234,-0.14305955103634582,0.15220138816948098,-0.119597733665899,-0.16614683358700763,-0.1861708994413853,-0.19523782961056346,0.26366135677230673,0.3141789320179458,-0.031738240005100046,0.059042625250021914,-0.07502490258110273,0.2179983902971575,0.18039350062555284,-8.606332029102152e-05,0.10391986548621791,0.1696132728765071,0.21591055789750496,0.10187187721632972,-0.1288256341193252,-0.0038361928137127556,-0.11603566846496506,-0.12666767605128737,-0.08634701049494378,0.3655109212759684,0.26015985464861463,0.06172015077018703,-0.033073815234801456,-0.00040481635840591606,0.06322944640566106,0.08580034903457674,0.15605511240029007,0.10773055805688148,-0.011068699248539713,0.04119245511558782,0.04352413358939827,0.08683629640845014,0.08156890245360152,-0.08330929404170884,-0.06301906940050522
#53,0.29245431870522515,-0.12452724940034585,0.07916550454621521,0.19576217835826248,0.5805210018407988,0.7130138896636359,-0.403146092486194,0.4211891082086876,0.13081784060754328,0.09592394552510579,0.20994509478918472,1.0,0.7401843986325495,-0.024798986365338796,-0.019123588521703098,-0.07883240762138514,0.29922144570440434,-0.04022982094048084,-0.059068125493071104,-0.09796874626461284,0.19737506873112384,-0.2860330387524006,0.06465108495565348,0.018282080501079778,0.23045685279187816,0.16227557793910224,-0.14922901608905959,-0.02231430643323319,0.0484918996884189,-0.18777422722310322,0.026780036497222864,0.19173792125206193,0.23030385133358303,-0.022064085298313,0.08026839005809275,0.06407254819147495,0.2853078755906892,-0.08737339527767374,0.03298297061893871,-0.10923188486640263,0.31979057925395854,-0.05093832925595072,0.37386225087457864,0.16538342006072246,-0.027800046219190525,-0.3351799759341456,-0.14606857971615042,0.19610643163942656,-0.24245790467690395,-0.12636964196064993,0.22363394401102885,0.041382113173266184,-0.02013403565252731,-0.26355616826972883,-0.3145980922630669,-0.0820374694196304,-0.08161671540931875,-0.21227517949780458,-0.13491700467770085,-0.22210871072364907,0.33746702898262,0.1465068651435584,-0.20083832049024217,-0.27289403852130467,-0.19046928416036465,-0.2888810971479572,-0.07868737498904287,-0.2222202742869893,-0.04232243463570512,-0.04249615504147774,0.10327439058403526,-0.06496665046338723,0.2252611782706054,0.37816541688912975,0.09286710388958394,-0.008050107977591661,-0.0238682274940433,-0.14143869183753158,-0.07260237949142953,-0.08282797695415535,0.5277705615631649,0.5324785439361219,0.030697511335654917,0.7988158324634032,0.6867072014280136,0.2823689725792699,0.13414880985584393,0.45889759261767965,0.0037851923276143724,0.6595159735116225,0.31534875566782744,0.3121994756512523,-0.254218298018153,0.11913713552582297,-0.07010335567260875,-0.07491971407852481,-0.06208831052920973,0.157583533218051,0.08234825363179243,0.21151017220632884,0.1778355074946808,-0.020879917761716167,0.1586672935476416,0.09433177409972189,0.09778068197212504,0.22131342189355244,0.1903226577628318,0.332182103610675,0.06196877813991664,-0.25420714166181896,-0.21084875965224043
#54,0.047832080899521075,-0.07913203547721315,0.06691263776107866,0.15742415669899354,0.42363553777621943,0.6183585812302274,-0.15714684155583358,0.179808588800612,-0.0594681605559053,0.08311326092326818,0.1190925101004869,0.7401843986325495,1.0,0.13651076986827532,0.027941891321151654,0.04357672784068723,0.2787208440580449,0.10694642558311884,-0.11383308497159114,-0.13074612117396744,0.007484321334937724,-0.2811369920869558,0.0896859485691973,0.14802891090055703,0.03800014343886715,0.10918088438030425,-0.07208440580449282,-0.007195849835443744,0.2290878084931747,-0.14337511654407956,0.18816629345998453,0.12382439895130251,0.16250508012654497,0.0013371689948919825,0.07876865701376216,0.019254277267330203,0.13767103092701352,0.022368494449712725,0.04950075305405255,-0.04406441998900302,0.3144610284566775,-0.07728008032576561,0.300230299070038,0.1529998645299588,0.10626907537712468,-0.07702985919084541,-0.06770792659117532,0.15509247822518307,-0.007168755827203978,-0.10739108607128911,0.11775852863597606,0.027635888404561357,0.03184980356844026,-0.15711018495645038,-0.359905649100718,-0.1752376702340444,-0.13499191164165783,-0.15851429208934648,-0.13702077472925914,-0.14517925873980986,-0.00837364231127828,-0.11963120273490106,-0.09094183553936998,-0.16592051892994605,-0.03233271442118433,-0.13757540501557905,0.11461243614978205,0.028388145574512507,-0.12065758751763103,-0.10450477731115874,0.10803974850385292,-0.10433424443576728,0.2602124488999036,0.23569077767772473,0.031217078787782196,0.07404792451928058,-0.062356063081226244,-0.18096725609415965,0.06766011363545808,0.10455577779725712,0.5485548534134466,0.44644072388814954,0.039461626118623944,0.6135454103546925,0.4528667851365458,-0.02951493756424866,-0.15744806317685214,0.3170174278223589,0.011382670991082883,0.4652758409103587,0.26826415064268583,0.060703328578600516,-0.20414857079106535,-0.054339424172636645,-0.10087896150260182,-0.07356182613615536,-0.004829108527440652,0.06584003378782204,0.03072301157870411,0.13062180748910263,0.06177433878666656,0.1319398513017077,0.23311047183418468,0.06887775024105698,0.04554184032066556,0.1644175983552343,0.1844735395134235,0.03710604116695487,-0.15816844504299182,-0.3333073018352206,-0.19085178780610254
#58,-0.27939819426403906,0.013228251081768123,-0.22402282271752902,-0.27011451202894277,0.05029285435376806,-0.0035493150794093506,0.4208384798667612,-0.15907051614085696,0.28069233159878554,-0.04046729195387644,0.06334579126457299,-0.024798986365338796,0.13651076986827532,1.0,0.11614882579349585,0.09242244340141367,-0.0621026544159249,-0.14410027970579095,-0.2716684330897529,-0.09161121691941126,0.16713018670959207,-0.14492585007450853,-0.016933755149853773,-0.024179011706205324,-0.01895305564631163,0.011644048482337098,-0.17364709257385108,-0.2967590784849668,0.1506968738295787,-0.054428675023308816,-0.03862011809800062,0.22814111196997347,-0.10510881431838648,0.03537680593518157,-0.012275179497804588,0.10260500920399397,-0.08735108256500569,-0.05095586067304704,0.08633107284303804,-0.03222274462303469,-0.1382591302823355,-0.2942855549091952,-0.08331407533728055,-0.2928766664807274,0.20027731514315997,0.3622150148618604,0.0028209643873168167,-0.12503884802652027,0.06538581070850831,0.01673453450103196,-0.2186916781550574,-0.12242666687916869,-0.2388336826335376,-0.16673812047271075,-0.21849405127142618,-0.2559618771366415,0.2345894859310378,0.33051502522133414,-0.08537481372869335,0.01181617512291914,-0.11952123293675143,-0.24225230896731983,0.12605248268772562,0.09541394066412195,-0.28422730279147973,-0.24277028265425654,0.5378096884985935,0.5086692857541298,0.03743913809178494,0.07172262110623241,0.2675023308815912,0.16905704882499661,0.18592545960203682,-0.08328698132904079,0.32846703695144597,0.36704412338930104,0.12800006375060763,-0.058782841523958275,0.26228115611726927,0.11202894277586083,0.14177657005793337,0.05880993553219804,0.03230880794332571,0.10149734239654472,0.10816724971909888,-0.21460048291085274,-0.18315230817043726,-0.17628318019906128,-0.014648295866569978,-0.10137781000725163,0.01630899919514858,-0.15158778857110983,0.17342555921236125,-0.21191339479954419,-0.12939142076197913,-0.016938536445425496,-0.2940002709400824,-0.3996079337631187,-0.3397572695614755,-0.25356963558558915,-0.23987919259855445,-0.07597000533911338,0.057155607264381736,-0.28657332515200534,-0.1509215947214497,-0.1508960944784005,-0.08146530771621417,0.04123229924535218,-0.1850839515814135,-0.16180541720788277,-0.019753125771980014
#101,-0.1956920526898772,-0.09796715249942226,-0.24749101514873814,-0.10018248611432078,-0.12121381156914152,-0.16148188287419615,0.03649403533377427,-0.035478806907378334,0.1636446222378057,-0.04456326849365283,0.14725752854831897,-0.019123588521703098,0.027941891321151654,0.11614882579349585,1.0,0.4538740447369889,0.05868402808214266,-0.12221310234363171,0.36212735777637883,0.05659460191729952,0.2382710835212648,-0.1620907011769956,0.05434101793782722,0.1538365912550104,0.3394002661587868,0.17297452366342866,0.05307556837651109,-0.37101259871383147,0.12867263266103005,-0.2258795591645483,-0.2521894349305517,-0.12811162731394785,-0.25549490393580315,-0.16972483643984732,-0.3475826566471962,-0.1448971623010782,-0.1769493740487214,-0.09063264509239853,-0.2127294025771183,-0.31144721848130114,-0.19748663229446406,-0.31846297285020997,0.14926886021882396,0.08227494043302601,-0.1303428985807521,-0.030710261457179512,-0.2391030289507447,-0.08451258676059256,-0.18930105427567356,-0.36474113268892094,-0.08599319462263624,-0.3724724876283977,-0.3441959056172254,-0.30275641689709853,-0.15701296527982533,-0.2754265314091275,-0.1542971893950864,-0.27252587876228196,-0.36295452191028693,-0.32086318322721513,-0.23741523161392633,-0.15802181864545897,-0.017263664544302688,0.04778904923937556,-0.22594649730255242,-0.14071034114543904,0.19110200894102272,0.16770075464781772,0.20564033500944306,0.03431535831825897,0.03579755994549323,0.014975017730637745,0.20404019475810628,-0.033132784546852714,-0.07986835499525854,-0.2033963136211142,-0.1945859796476185,-0.34706787049064064,0.44472423877790085,0.36884826558503137,0.07514762250077696,-0.05711576313461738,0.20013387627600826,-0.004315916136075672,0.09748264788148762,-0.231865741220346,-0.18498035684402617,-0.08885081560933628,-0.23055885376407495,0.015092956354740256,-0.04281650184478321,-0.2925324131995633,-0.3460255480560049,-0.35249782849492783,-0.1914956689430946,0.0501031962960897,-0.044662081935468445,-0.23558399540995625,-0.33805672210313253,-0.24922821920646432,-0.28980229342810926,-0.2929069480193483,-0.3086900047016073,-0.13904963781686044,-0.08874562710675836,-0.29379945652607004,-0.24084820183442374,-0.26695088812565243,-0.17555482950696874,-0.15345090007889137,0.20653284351616477
#102,-0.2734518563380057,0.015993433687414835,-0.017263664544302688,-0.16056228035923467,-0.12910294926248517,-0.11317804747826503,0.2043079473101228,-0.25554271689152036,-0.013148562822239399,-0.1187801321231343,0.10499246945947453,-0.07883240762138514,0.04357672784068723,0.09242244340141367,0.4538740447369889,1.0,-0.05955103634581517,0.17187163815155113,-0.11272541816414187,0.3305739945333854,0.0504028241519177,0.1918702037628796,-0.11260110447927707,0.14897241989337712,-0.008166452836503598,0.18472376064834367,-0.4181354541035469,-0.06193371530572401,-0.1931069655507654,-0.302028066205006,-0.08131230625791902,-0.3147160308871694,-0.09714158213070469,-0.13964251846775413,-0.003678410059845883,-0.36358565292575445,-0.2535250101602531,0.11694252085840193,-0.31216441281705964,-0.21146076548542103,0.04974141159782929,-0.35804094382774587,0.20585708707536118,0.12494800341065751,-0.3640048131708755,-0.06025548056004909,-0.3060252293029668,-0.17179513742240357,-0.38430619416841316,-0.11253735387165409,-0.17697328052658,-0.19607455633561507,-0.24986094398712239,0.026271625401429608,-0.2912478384559603,-0.02646128345910797,-0.3211022480058013,0.011690267672863757,-0.5546669429192997,-0.3479922543011738,-0.1799775279108129,-0.16360477810804133,-0.1952043605415614,0.05526062045278869,0.0932575763612747,0.26028576209867,0.10003904724716907,0.09227900453426197,-0.13428746742742392,0.0108009466965232,0.17311158746981808,0.040564511630501475,-0.0008271641339081513,-0.10877606802189833,-0.2977854632676968,-0.08941660225199022,0.043125692291754655,-0.029913378861892277,0.2146227956235208,0.2002932527950657,0.27352038824120045,0.01798404641044235,0.1332021133326427,0.09903497517710716,0.03218290049327033,-0.21214608451736805,-0.19195467331798005,-0.04950075305405255,-0.2684075895098375,0.1291380120966778,-0.1662791160978253,-0.15674202519742766,-0.39642677844273205,-0.1859780538533258,-0.2258986843468352,0.041707241272143376,-0.1308544972069265,-0.21877774147534843,-0.1031086390042155,-0.2523998119357075,-0.18221995553395118,0.011833706540015459,-0.03013491222338213,-0.1042832439496689,0.028223987759883336,-0.2543011738080629,-0.10618619958721481,-0.10711536469331974,-0.18897114488122466,-0.10256516507422961,0.18480026137749125
#201,0.4743587087314426,0.22502051972682865,0.6251049892819291,0.6025308991226322,0.042076994796356654,0.3476910326801552,0.05661053956920527,0.34913657770800627,-0.13299173632748687,0.6363250962235734,0.4661587868259369,0.29922144570440434,0.2787208440580449,-0.0621026544159249,0.05868402808214266,-0.05955103634581517,1.0,0.4445090804771733,0.11634804644231765,-0.1437528388942457,0.05115986261744057,-0.1571197475475938,0.23010303691957065,0.03534493063137008,0.4100470957613815,0.1713680083513296,0.1612220991481325,0.1410370630095068,0.2860665078214027,0.06696363824717705,0.20597661946465426,0.1888117683621672,0.32495278470622924,0.3043103379579087,0.021858489588728894,0.05924503342922487,-0.05859158970108934,-0.06024113667333392,0.04798826988819737,0.11367530221772426,0.015027611981926703,-0.08260484982747492,-0.08601231980492315,-0.1719226386376495,-0.14479834885926257,-0.29834328108439784,0.15600570567938227,0.25863940265680657,0.12770521719035136,-0.18212114209213556,0.2872650192447147,-0.15346843149598768,0.11712421009012743,-0.20928686976547745,-0.3167799568089633,-0.2846289316195045,-0.18831451362270796,-0.32505000438285425,-0.09691207994326195,-0.16999577652224498,0.18218489269975854,0.12531297563929905,0.11698236498816629,0.00397325662010216,0.22164333128800134,0.19159288861971965,0.2836551410880635,0.08212353273992143,0.2095721537345903,0.06578106447577078,0.12513925523352645,0.3295874538804198,-0.12464678178963894,0.22564049438596212,-0.14938201754735475,-0.07812636964196065,-0.014455450278510466,0.023232315183004087,0.26139980396688156,0.042542374232004396,-0.0064993744471627,0.20773294870466735,-0.08042139151638789,0.08616372749802771,0.18242714500872587,0.016283498952099386,0.06475467969304083,0.27908741005187704,0.1977272908382408,0.17624174230410633,-0.04569643554415128,-0.05225956059893696,-0.2641203611471922,0.009494059240252133,0.05559531114280933,0.6008112264820024,0.28384001785017016,0.5491971407852481,0.27852799846998544,0.47777096000446256,0.1720039206623688,0.21017300321143687,0.22200352222107117,0.24591637514045056,0.2794348508634223,0.4942871486743858,0.31072205531958974,0.1325407007785543,0.2225836527504403,0.018962618237455077,0.0745770545625513
