,#10,#11,#12,#13,#17,#18,#26,#49,#50,#51,#52,#53,#54,#58,#101,#102,#201,#202,#301,#302,#401,#402,#501,#502,#601,#602,#701,#702,#801,#802,#901,#902,#1001,#1002,#1101,#1102,#1201,#1202,#1301,#1302,#1401,#1402,#1501,#1502,#1601,#1602,#1701,#1702,#1801,#1802,#1901,#1902,#2001,#2002,#2101,#2102,#2201,#2202,#2301,#2302,#2401,#2402,#2501,#2502,#2601,#2602,#2701,#2702,#2801,#2802,#2901,#2902,#3001,#3002,#3101,#3102,#3201,#3202,#3301,#3302,#3401,#3402,#3455,#3501,#3502,#3601,#3602,#3701,#3702,#3801,#3802,#3901,#3902,#4001,#4002,#4101,#4102,#4201,#4202,#4301,#4302,#4401,#4402,#4501,#4502,#4601,#4602,#4701,#4702,#4801,#4802
#10,1.0,0.3719035134553626,0.46543999872498787,0.6309078883408108,-0.03860099291571373,0.07807218162548112,-0.11873869422817936,0.6893098199842217,0.2163520308552941,0.6721768441855461,0.7232012367617879,0.1020105347879097,0.19545936297205332,-0.2948465602562774,0.0386838687056236,-0.012917466869606101,0.4805345488449187,0.2158452135246914,0.3376789997529664,0.12401086947859971,0.10206950409996095,0.20075225716995115,-0.1761301787407661,0.09783486998860458,0.07782674178613265,0.22413757381125038,-0.13620317318649444,0.06425901871877217,0.5077130266397851,0.5186860999768904,0.2769836400003188,0.03785829833690602,0.28026839005809273,0.5663269290535425,0.4242443560790189,0.38010502912605887,0.30456852791878175,0.4567252906629266,0.1692451131174844,0.35268589278741563,0.1895050562200671,0.31184884730932594,0.037139510235956935,-0.11348883169042705,-0.2623640319071791,-0.19415406928097284,0.0502530102240037,0.06980532158197132,0.05978372606363904,-0.13862888380654878,-0.06674051112049662,-0.017846982604052944,-0.051532803672035,0.1802341241064954,-0.04228896556670306,0.3215261895464941,-0.35014543107363993,-0.19919674234395046,-0.2931093561985513,-0.22984644072388816,0.01877933524053901,0.052946473396074556,0.14282526755333136,-0.1741013156531648,0.316290670895457,0.2727330682370566,-0.07882125126505111,-0.03721441719991394,0.5538828104455371,0.41313103140514307,0.48412211428890184,0.4211986707998311,0.12972292392161863,0.05848958872889257,0.03627887703304672,-0.09362892365067854,-0.07983010463068477,-0.06789758464885369,0.05769111236841476,0.21451441959056172,0.3013060905736758,0.03192311676720669,-0.14227701232777376,-0.07719401700547458,-0.26977185251296926,-0.0716238076644168,-0.12137796938377068,0.1451951963917156,0.2720907808652551,-0.06734773565810549,-0.22984803448907873,-0.25540724685032157,-0.45026257281514714,-0.27027707607838136,-0.2642367060061041,-0.1208153702714979,0.3328419223995729,0.27315860354294,0.43866474352333673,0.21745491636717162,0.20698387906509733,0.29517646965072636,0.37811601016822194,0.1481994437759485,0.3017539385922272,0.30048370773533933,0.33974292567476033,0.006314497685056061,-0.1469865884659213,-0.24368669763883688,-0.3029667939022544
#11,0.3719035134553626,1.0,0.08777661787088908,0.21353266023316786,-0.20939365203324595,-0.22468264150642686,0.31041605240299946,0.3458805154236626,0.3569779024456327,0.498046840758951,0.33482456629664753,-0.08745148977201189,0.17374271848528555,0.12165050323135893,0.2570041995712772,0.028907713026639786,0.036771350476934236,0.020830511040808356,0.3442405310425615,-0.11187594131756569,0.009430308632629154,-0.008370454780897131,-0.24842496155041477,-0.1649546972244579,0.07265337997752791,-0.12238044768864204,-0.010171409446246284,0.14497206926503517,0.20536461363147368,0.155059009156181,-0.016154403971662856,-0.027129071073958674,0.1481994437759485,0.24209611997864355,0.19471348086286447,0.05753014208416674,0.2035015021236921,0.2948672792037549,0.28315151128784194,-0.04438636055749906,-0.024454733084174708,0.20994828231956586,-0.06759317549745396,-0.006218871773621592,-0.14038999434213356,-0.2146913275267155,-0.021848926997585446,-0.035721059216345656,-0.004497605367801162,0.2718549036170501,0.19471029333248333,0.22875471156834465,0.15465738032815626,0.05310903744551315,0.1567962132139072,-0.14266429726908333,-0.22016272342595766,-0.21424666703854522,-0.2882643100192049,-0.09915291380120966,-0.21119141916821393,-0.08524890627863797,-0.03998119357075122,0.01879208536206361,0.3071759277705616,0.06851437177760601,0.02257090262891568,0.07781558542979863,0.27647682266971607,-0.006730470399795998,0.16309158571667637,0.05552518547442405,-0.011757205810867885,-0.2704699216664409,-0.14310895775725363,-0.17300639896724015,-0.18558598761644446,-0.12088230840950202,-0.13531385221015388,-0.09486568543856434,-0.10596785375610611,-0.1769238738056722,0.030162006231621893,-0.24010391349042545,-0.27961813386033835,-0.21753460462670035,-0.1858951780634159,-0.15299189570400593,-0.12186566153208647,-0.22409135462072372,-0.2928208846990573,-0.2883615296958299,-0.21584202599431027,-0.2844536174485413,-0.3205013985289547,-0.012770840472073249,0.09707464399270055,0.12774984261568742,0.12535122600387286,0.12950139056012877,0.11926941803664066,0.02851724055494904,0.07483524452342437,0.11731546191299635,0.2829873534732128,0.19463538636852631,0.15831507144052467,-0.18273314792531617,-0.21936105953509868,-0.2621711863191196,-0.23446517224617297
#12,0.46543999872498787,0.08777661787088908,1.0,0.7608619082150627,0.073072540222649,0.24212162022169273,-0.38659165345169694,0.27183418466957265,-0.08068276900764211,0.5034481109898079,0.32282988947238406,0.07887703304672122,0.15650296041884149,-0.6019858314274558,-0.29752408577644257,-0.1394576417056475,0.7740311899847795,0.7597845229462343,0.06684091832750282,0.022610746758680043,-0.1319111635282774,-0.06574281411119699,-0.2637458263274072,0.25653085130967657,-0.13930942154292408,-0.053936201579421306,0.10339551673851892,0.08729689454852617,0.41633928073376947,0.398726581612731,0.38114575779550397,0.024135980046059814,0.4909577731912757,0.35669421224171044,0.3165871112209038,0.09051948776386774,0.13547322872921133,0.16273617607917826,0.17205492114846718,0.250506418889305,0.2405931994039318,0.3082772195172485,-0.05957175529329264,-0.13261879527289244,-0.47146443114535935,-0.3340229024057886,0.20246874228019987,0.1706938456757166,0.24230171568822764,-0.04682163376869686,0.050009164149845804,0.20233964729976334,0.2784403413845038,0.5072874913339018,-0.15532516794300696,0.38178007634135264,-0.29416602251990215,-0.43637769047486236,-0.19964618412769247,-0.11936026265250341,0.1810453505884978,0.28041023516005387,-0.2585182765023229,-0.4133541585318235,0.4905163002334866,0.5121691941126314,-0.45912550103993177,-0.42543808620675916,0.14527329088605376,0.09000629537250276,0.5073703671238117,0.5787471411836894,-0.17664177736694053,0.4311788284232084,-0.14358708731442596,0.25088414123947117,0.008781646200065345,0.3159511989098646,-0.32538310130768433,0.042488186215524866,0.3780363219086932,0.2658480026137749,0.013731880881989657,0.11529297388615735,-0.27938066284694274,0.15826247718923572,0.21026703535768076,0.07129071073958673,0.4357067153296305,-0.16633967917506715,-0.08475165153917873,-0.17653340133398146,-0.4389133708930663,0.036588067480018166,-0.051784618572145766,0.31471284335678823,0.3402290240578856,0.7142299325040442,0.7255886970172685,0.3686713576488776,0.61334459594068,0.48445521121373186,0.47722270477890494,0.4470336045390433,0.5508195937492529,0.50156746806493,0.5702380288312123,0.1607806261903434,0.09012742152698643,-0.02289124943222115,-0.1346572209516372
#13,0.6309078883408108,0.21353266023316786,0.7608619082150627,1.0,0.05088414123947119,0.26121970850034665,-0.3651108862131342,0.4772370486656201,0.018827148196256246,0.6960530405055423,0.530972435831029,0.18360015618898867,0.3540597183816908,-0.585651331989258,-0.15068571747324466,-0.2250794890388799,0.6269776633808541,0.45836686880921834,0.35309708420658387,-0.05204918359378113,-0.1662552096199667,-0.1345201571452478,-0.40653284351616475,0.034613392408896396,-0.17978149479237224,-0.05748392289364008,-0.07775980364812853,0.024179011706205324,0.5743802245615154,0.5972236610380193,0.2838097363115492,-0.015904182836742664,0.44641044234952865,0.5816828566647276,0.41526189546494113,0.2902660790985664,0.2798651674648774,0.49973463809576935,0.23083776267242548,0.2750774968323917,0.23179880308234188,0.439944536971368,-0.0681525870793456,-0.116751269035533,-0.48739730175553236,-0.42886786889687545,0.24587334348030504,0.28434524141558226,0.2363426276406697,-0.11949413892851166,0.028158643387069783,0.11348405039485533,-0.04342850767796381,0.19713919148291884,-0.28613503972459736,0.3343018113141391,-0.40006534437281355,-0.42699997609352214,-0.1414498481938656,-0.10860872267688801,0.1829052745658982,0.21012200272533849,-0.08743236458972499,-0.46788005323175735,0.618019109244635,0.48506881081210307,-0.34939636143406994,-0.41199786435464464,0.3925013347783471,0.1730972435831029,0.5034608611113325,0.49540119054259735,-0.07043964012781997,0.29322091976189146,-0.16925626947381842,0.021681581652575128,-0.07605128736383268,0.16209229494218616,-0.2167823474567492,0.07786021085513471,0.34356477460175794,0.19819745156946028,0.041503239327749845,0.09637019977846664,-0.3048251241144642,0.14296870642048307,0.13401015228426397,0.1720740463307541,0.4386758998796707,-0.13806628469427598,-0.2013786068898469,-0.22709082070938488,-0.5153487556678275,0.007264381738638447,-0.07434436484472742,-0.0950553434962427,0.3599725872387221,0.598288296185323,0.6665110089330539,0.3622373275745284,0.4044434173513216,0.4052259560598937,0.44817155288511346,0.4596833188566328,0.5772011889488322,0.47841165361107346,0.5235662089904295,0.11295173282120345,-0.020573914845125867,-0.02979703400298034,-0.06967463283634422
#17,-0.03860099291571373,-0.20939365203324595,0.073072540222649,0.05088414123947119,1.0,0.5603343719369825,-0.07974882260596547,0.16679708978476201,0.10538612946154644,-0.17407900294049677,0.11095155750703249,0.7205348675979568,0.443614978205261,0.006183808939428954,0.04090398361609384,-0.0772051733618086,0.02049582035078772,0.19640765326044513,0.053926638988277854,0.002164333128800134,-0.2389277147797815,-0.24394329383451935,-0.1962801520451992,-0.14733402927746655,-0.23958593980348875,-0.28287578990987255,-0.32858497557554844,-0.22353831809959437,0.05941078500904462,0.09026767286375698,0.0434476328602507,0.18486879328068595,0.08512937388934488,-0.07600188064292487,0.17644255671811873,0.046937978627608797,0.07392201706922519,0.02577755819235152,-0.18452453999952187,0.24410426411876737,0.47011132449856163,0.4067480018168923,0.37322793232873,0.4850528731601973,-0.15841547864753086,-0.15808716301827253,-0.09767549346954713,0.025036457378734393,-0.07148515009283682,-0.14053343320928527,-0.29386639466407416,-0.12386743061144802,-0.28207253225382306,-0.0736032640311103,-0.15092318848664027,0.008233390974507726,-0.2056387412442525,-0.1369920869558288,-0.14813888069870665,-0.12595526301110058,-0.13562304265712533,0.12231350955063791,0.1115061877933524,0.02487229956410522,-0.06866737323590115,0.03663906796611655,0.0767063248571588,0.011223294472025436,0.03417988827706014,0.0729099761732104,0.21892755540326245,0.12333033174222442,0.3137725218943493,0.4444198296265011,0.23400935540166867,0.2965168261759995,0.09513184422539027,0.07085083154698818,0.027970579094581994,0.036009530715839635,0.33554176063240604,0.6953645339432142,0.2638637649515097,0.46016622970937693,0.4416068340651372,0.05763533058674466,-0.022315900198423767,0.26963478870657986,0.4728956322864952,0.6305333535210258,0.7245989688339217,0.0716859645068492,0.06877415550366965,-0.09358429822534246,-0.11066627353791966,0.01595996461841277,-0.10921594721449689,0.04215030799512308,0.006328841571771231,0.08820534070715362,0.15348915044346517,0.19813051343145616,0.25205396488935283,0.13492816103403485,0.04416482719600921,0.11433990230219382,0.14524141558224227,-0.11206559937524405,-0.13047039979599806,-0.17901170620532478,-0.18059909633513693
#18,0.07807218162548112,-0.22468264150642686,0.24212162022169273,0.26121970850034665,0.5603343719369825,1.0,-0.08037995362143295,0.1378654702802636,-0.02813314314402059,-0.06512124568687296,0.21078819657499862,0.48142227605606863,0.4763365713329455,-0.15354652599032584,0.01489851700149017,0.0240993234466766,0.2787845946656679,0.4439464813649005,0.1640876889607854,-0.014257823394879233,-0.21851317645371307,-0.122882483723673,-0.20230777199595185,0.026306688235622246,-0.18591908454127454,-0.12749802771557667,-0.2065312497509742,-0.024645984907043644,0.26222856186598026,0.330201053478791,0.31101052681908375,0.16151057064762647,0.26795017890014267,0.08616532126321828,0.12945835889998328,0.10242172620707791,0.1068492059064938,0.12683502139629768,-0.17201507701870283,0.19113866554040593,0.3439185904740655,0.2456342787017189,0.22894755715640414,0.32730518212751714,-0.193044808708333,-0.054804803608284394,-0.03433767103092701,0.16776769278582188,-0.07657404234634112,-0.11809162556080613,-0.2342069822852999,-0.07279841260987019,-0.22345384854449393,0.036800038250364576,-0.20521479970355969,0.17848735745762576,-0.33951820478288935,-0.2648742120823339,-0.23245702810604912,-0.22176923873805673,-0.24096454669333567,-0.2216018933930464,-0.014680171170381468,-0.1548167568472137,0.1386782905274566,0.119897361521727,0.11096112009817594,-0.12567635410275005,0.0195666552446828,-0.056494194710293336,0.18347584250412385,0.0925515383818502,0.18985887209237462,0.28195618739491113,-0.023798101825658027,-0.014981392791400042,-0.25279665946816055,-0.15393699846201658,0.01982962650112759,0.103440142163855,0.09393492656726884,0.4746137111619345,-0.06635960123994931,0.2171266007379133,0.17535242132776577,-0.06689510634398234,-0.1813194782012766,0.4026042123213987,0.35787519224792613,0.3340452151184566,0.2993999474057487,-0.09423296065790628,-0.02678959908836631,-0.1090645395213923,-0.15795488050745485,0.06902756416897099,0.08526325016535313,0.15958370853222195,0.21325853262038905,0.060414857079106536,0.2100088453968077,0.4900604833889823,0.5435631808365673,0.18375315764728384,0.08351010845572122,0.24287865868721562,0.192820087816462,-0.3555275761222099,-0.27213381252540064,-0.20983671875622564,-0.19737666249631441
#26,-0.11873869422817936,0.31041605240299946,-0.38659165345169694,-0.3651108862131342,-0.07974882260596547,-0.08037995362143295,1.0,-0.04572990461315334,0.3527432683342763,0.06577947071058021,0.052571938576289556,0.0005705679382256612,0.1815059487285738,0.7681183211277482,0.41334300217548947,0.1190797599789623,-0.29772490019045494,-0.1829228059829945,0.1664608053295508,0.053987202065519685,0.015747993848066365,0.035955342699360106,-0.12417821482361004,-0.1438277458582027,-0.050904860186948654,-0.21378606889846918,-0.2232434715393381,-0.10664042266652854,-0.23627090820709384,-0.3024424451545554,-0.04157814629170684,0.09019276589979998,0.05380232530341305,-0.019828032735937015,-0.09520834495453785,0.04887121580377563,0.19416681940249744,0.1133422052928942,0.1521758879264318,-0.017534604626700347,-0.05391867016232498,-0.04112870450796484,0.13400537098869222,0.28005163799217464,0.1120624118448629,-0.0044147295778912896,-0.034581517105084905,0.018242236371315414,-0.1495780506657954,0.0014981392791400044,0.12803672034999083,0.0069520037612858495,-0.011914988564734757,-0.16857732550263368,0.1330762058825873,-0.21095235438962778,-0.15229860784610602,-0.08650957454438238,-0.20654718740287994,-0.12560144713879304,-0.45346285331782066,-0.36320314928001657,0.3033333598960865,0.3934480313015483,-0.14867597956793024,-0.11860003665659938,0.5736964992947589,0.7212950935938608,0.09273641514395684,0.17416666002597836,0.00610730821028138,-0.043331288001338765,0.16382949899991234,-0.34315198941739916,0.13915642008462892,-0.25728629601000885,-0.15869757508626253,-0.3445130648901497,0.2662432563810374,0.1594498322562137,-0.24800739507048428,-0.15926654925929762,0.041329518921977226,-0.1188853206257122,0.06550215556742026,-0.39828988995051356,-0.399689215787838,-0.1276398728175378,-0.3580807879575102,0.036275689502665576,0.017714700093235263,-0.18328937197682665,0.1131047342794986,-0.3577811601016822,-0.32988230044067607,-0.13151750352620548,-0.18403366032082494,-0.2012861685087936,-0.2947859971790356,-0.0027364948322163695,-0.12210313254548208,-0.12353592745180852,-0.06733817306696205,-0.11943995091203213,-0.08417470854019077,-0.022411526109858235,-0.12013164500474145,-0.3626453314633155,-0.26900525145630294,-0.3157854473300449,-0.24139805082517193
#49,0.6893098199842217,0.3458805154236626,0.27183418466957265,0.4772370486656201,0.16679708978476201,0.1378654702802636,-0.04572990461315334,1.0,0.3845038210520444,0.5334539282327535,0.6544350500840711,0.27374989042864317,0.2943620556383428,-0.03532899297946433,0.12999705153439745,-0.29446565037573014,0.3164388910581804,0.21342747173058993,0.5248491899688419,-0.07038385834614987,-0.08272597598195858,-0.10226553721840162,-0.29024057885551724,-0.11835300305206034,0.13504609965813735,-0.035132959861023674,-0.10328235940998813,-0.014635545745045383,0.5559706428451896,0.5457657643299413,0.22352238044768863,0.17251392552335265,0.2704699216664409,0.5444174389787153,0.5777558192351521,0.40414857079106536,0.47627760202089425,0.5075504625903465,0.30567460096104043,0.2691072524284997,0.2582329925332101,0.41415104112711076,0.08193546844743364,0.0006614125540884061,-0.27675095028249486,-0.3240937452685096,0.20164476567667286,0.15979727306775893,0.17593573938751603,-0.06112408258891217,0.03070866769198894,0.008059670568735109,-0.03180199061272303,-0.11698236498816629,-0.008489987170190215,0.026160061838089395,-0.3661962403079154,-0.3208759333487397,-0.36806253934607813,-0.2710133955964268,-0.07265337997752791,0.03327462964881384,0.20272055718031062,-0.1308433408505925,0.4370630095068094,0.18938871136115515,-0.0630270382264581,0.02046872634254795,0.6071400680537736,0.36399843811011323,0.5153471619026369,0.32260038728494134,0.22343950465777876,0.03607168755827204,0.1511463156133207,-0.0346627991298042,-0.06705448286303979,-0.1661723338300568,0.16594123787742351,0.21457020137223182,0.23909665388998239,0.020983512499103508,-0.14517925873980986,0.057938145972953804,-0.10770505781383229,-0.02807895512754106,-0.12992214457044043,0.09291013554972946,0.26588784674353927,0.04985456892636008,-0.09730095864976213,-0.28344476408290764,-0.39796635561682697,-0.3102885511877535,-0.3695813975726956,-0.12618795272892444,0.24671166397054722,0.3152834112950139,0.3381666919012822,0.38525607822199553,0.11851397333630836,0.31173568998079515,0.3487907306616516,0.2774665508530628,0.3308624660328794,0.4196606873909267,0.321245686872953,-0.10880794332570982,-0.20189817434197418,-0.32854672521097467,-0.39848751683414485
#50,0.2163520308552941,0.3569779024456327,-0.08068276900764211,0.018827148196256246,0.10538612946154644,-0.02813314314402059,0.3527432683342763,0.3845038210520444,1.0,0.42864792930057616,0.44274478241120735,0.41145439042465876,0.3182780960881033,0.38300886930328554,0.22878499310696554,-0.24680888364717227,0.11058658527839094,-0.032552654017483605,0.1619345121883193,-0.18012893560391746,-0.07471889966451242,-0.2060626827849453,-0.16419925252412562,-0.1548183506124043,0.07990819912502291,-0.2663659763007116,-0.2123676178788579,-0.2991146634366359,0.172029420905418,0.08706579859589286,0.26952960020400196,0.15431153328180158,0.20654718740287994,0.2481237399293962,0.1873885360469842,0.1734717784028879,0.24299500354612755,0.2614986174086972,0.2578377387659476,0.0802333272239001,0.08429583469467443,0.04710054267704739,0.06384942106479452,0.014712046474192957,0.03625975185075983,-0.13891894907123334,0.18822048147646409,-0.07813274470272295,0.0964913259329503,-0.07472208719489358,0.12882085282375347,-0.08075608220640854,-0.010447130824215669,-0.28696698515407726,0.08792802556399365,-0.18717975280701893,-0.07248762839770817,-0.16956545992078986,-0.16345337041493677,-0.17634852457187483,-0.2229948441696085,-0.12224657141263377,0.2814939954896445,0.05896293699049319,-0.0867390767318251,-0.25351385380391905,0.3568376511088621,0.35434500235080363,0.3229318904445808,0.242865908565691,0.2524014057008981,0.11303779614149448,0.43424842018025483,0.05911434468359777,0.3416681940249743,-0.07032967032967033,0.1290121046466224,-0.22743826152093014,0.20303771645323496,0.15564232721593127,-0.009130680776801153,-0.06303022575683924,0.06015826088342405,0.21422594809106774,0.2829443218130673,-0.10442349528643945,-0.18025484305397285,0.30069727227087634,0.031064077329487048,0.062150467371642135,-0.017888420499007882,-0.013561348006598188,-0.10321063997641228,-0.2718756225645276,-0.28527121899130603,-0.06589740933468272,-0.05372263704388432,0.2153399899592793,-0.10127262150467371,0.3846902915793416,0.10627385667269641,0.21883192949182798,0.11012279960793377,0.287432364589725,0.18121907099427043,0.23615137581780077,0.11240029006526468,-0.13279410944385564,-0.2192112456071847,-0.2209022304743842,-0.2808118639880786
#51,0.6721768441855461,0.498046840758951,0.5034481109898079,0.6960530405055423,-0.17407900294049677,-0.06512124568687296,0.06577947071058021,0.5334539282327535,0.42864792930057616,1.0,0.6530229741252221,0.14903457673580953,0.3762704300775367,-0.14672361720947652,-0.02479739260014822,-0.28203906318482097,0.581370478687375,0.2711424905768633,0.2618094016208592,-0.11636717162460454,-0.037981018256580255,-0.12131900007171943,-0.3104335838200958,-0.11730589932185291,-0.012509462980819036,-0.18172110702930136,0.0034409390464502864,-0.02925515383818502,0.4292997792635211,0.30513590832662624,0.390411908613504,-0.028279769541553444,0.4911298998318578,0.5161344819067807,0.3238929308544972,0.19981512323789336,0.3986851437177761,0.48656535632605247,0.49119205667429017,0.11193012933404521,0.11880403860099291,0.22793711002557993,-0.11327845468527122,-0.18677174891823187,-0.3012295898445282,-0.41511686283259885,0.30082636725131284,0.07280638143582306,0.3633928073376949,-0.03210480599893218,0.2442333590992039,0.16925308194343727,0.17178716859645068,0.051457896708078,-0.028341926383985847,0.07156324458717497,-0.2699057287889775,-0.3532676170819753,-0.16531966945309948,-0.1050068133461897,0.06538899823888947,0.08182231111890285,0.030230538134816597,-0.26094398712237726,0.40808198328140316,0.17230673604857796,-0.06700348237694141,-0.08395317517870092,0.4275147622500777,0.2763317900373738,0.48320888683470264,0.4393771565635235,0.031880085107061175,0.1524516093044012,-0.014412418618364956,-0.06062682784945294,-0.0043908231000326725,0.025948091067742988,-0.0849843412570026,0.03669644351297723,0.1863637450294448,-0.0268150993314155,0.03344356875901473,-0.019902939699894016,-0.20420754010311662,0.023275346843149598,0.033448350054586455,0.14878435560088932,0.19103028950744685,-0.23337344309062946,-0.3150124712126162,-0.2080660456294974,-0.4477826741786133,-0.1477563770529688,-0.18666018535489165,-0.06334738502976356,0.21757604252165527,0.5482711632095243,0.3305771820637666,0.5080668425120927,0.3362621424985457,0.42073010383380216,0.272087593334874,0.48852887504084025,0.5757062372000733,0.513103140514308,0.39586896062603094,0.08436755412825028,-0.018588083417670074,-0.13066643291443872,-0.2007187881009491
#52,0.7232012367617879,0.33482456629664753,0.32282988947238406,0.530972435831029,0.11095155750703249,0.21078819657499862,0.052571938576289556,0.6544350500840711,0.44274478241120735,0.6530229741252221,1.0,0.3483906955988174,0.427532293667174,-0.04036847851206082,0.1870809393652033,-0.1131047342794986,0.4636390440596387,0.24421901521248873,0.45372582457426547,-0.004226665285403501,0.07703782801679829,0.05761620540445776,-0.24104264118767382,-0.1688275466375539,0.07650551044314641,-0.0028369020392225615,-0.18070109730733372,0.000964227940297556,0.4944130561244412,0.4501526030169975,0.3570830909482106,0.10528890978492139,0.3976205085704723,0.5896835579214115,0.46153686777327096,0.39883655141088065,0.5045047773111587,0.6022679278661874,0.3758401134760816,0.4617775263170477,0.34564941947102934,0.35667030576385184,0.20804054538644823,0.06118783319653515,-0.25067217046912477,-0.27031692020814574,0.12600626349719896,0.09054498800691695,0.04787989385523831,-0.08700842304903218,-0.02789726589581557,0.04072229438436835,-0.0018981743419741969,0.10575428922056913,0.1302249599566496,0.32956035987218,-0.4835658902373913,-0.315777478504092,-0.3956729275075903,-0.333058674465491,-0.2295882507630151,-0.18031859366159583,0.15598658049709535,-0.1958609918000781,0.30257950896094477,0.20884858433806947,0.11285451314457841,0.04605343894683996,0.6143550430715042,0.40469841978181353,0.5634995896054634,0.4534596657874395,0.3011419327590466,0.10181290790427847,0.08517240554949039,-0.16780434938520508,-0.1705551881041366,-0.26307325741698473,0.18037278167807536,0.18704747029620125,0.26236243814198856,0.17968586888093777,-0.04641841117548152,0.03020025659619568,-0.09347751595757398,-0.23880977615567897,-0.2765628859900071,0.288469905728789,0.32394393134059557,0.048388304951031566,-0.04845843061941684,-0.2947477468144618,-0.3214576576432994,-0.4141542286574919,-0.39305915259504814,-0.015096143885121404,0.291016742503327,0.33214544701129184,0.2714213994852138,0.28891934751253096,0.17462247687048268,0.3640446573006399,0.38915283411295015,0.32645092398536923,0.4075050402824152,0.34953820653603107,0.3038274271051646,-0.24889352851644367,-0.40870673923610834,-0.4885942194136538,-0.5021842551936823
#53,0.1020105347879097,-0.08745148977201189,0.07887703304672122,0.18360015618898867,0.7205348675979568,0.48142227605606863,0.0005705679382256612,0.27374989042864317,0.41145439042465876,0.14903457673580953,0.3483906955988174,1.0,0.5700786523121548,0.11688355154635068,0.1473372168078477,-0.23254468519153074,0.2277522332634733,0.1133852369530397,0.13978914486528699,-0.05949525456414506,-0.15245320306959176,-0.2460135948170756,-0.16658193148403447,-0.1066802667962929,-0.1656049534222123,-0.2815067456111691,-0.36023874602554806,-0.3217971296288918,0.26994238538836074,0.22587637163416713,0.27272669317629433,0.1276637792953964,0.23063694825841308,0.12838416116153606,0.27693423327941097,0.21437416825379116,0.24424929675110965,0.24261568743077083,0.07009857437703704,0.22045119492545162,0.4422108710723649,0.3091537903720645,0.30654639052028465,0.2763891655842345,-0.20380112997952013,-0.19817992015236396,0.05983153901935628,-0.02413438628086924,0.06904350182087673,-0.1835124991035071,-0.13887591741108782,-0.11105993353999155,-0.28917275617783234,-0.23466917419056652,-0.14360621249671285,-0.040862545721138906,-0.2593103778020384,-0.24506689829387437,-0.22460135948170756,-0.19505614037883798,-0.1635330586744655,0.07813911976348524,0.3039692722071257,-0.0664297269083346,-0.06951047502171505,-0.09919913299173633,0.26288678688968753,0.08748017754544223,0.20645474902182662,0.1538812166803465,0.28419383372247764,0.11915307317772872,0.4819498123341488,0.4240499167257688,0.36022121460845175,0.17883161073878986,0.12469300098016559,-0.043329694236148186,0.25194240132601264,0.16277442644375203,0.4507407023723195,0.4675915817322634,0.23903449704754998,0.6437616046027939,0.5547514124744002,0.03357744503502299,-0.01659747069464256,0.39566814621201857,0.523129517328212,0.5712309445449402,0.5130601088541625,0.08492059064937962,-0.06323104017085163,-0.21406975910239145,-0.1690713927117118,-0.09728502099785638,-0.0774617695574911,0.22316856457538112,-0.02595446612850529,0.289144068404402,0.19091235088334435,0.3735020599415088,0.24006088183027993,0.39628812087115206,0.17866904668935127,0.20732653858107086,0.19698140872905195,-0.11071727402401804,-0.14445568934328906,-0.2756560335965702,-0.31742861924152715
#54,0.19545936297205332,0.17374271848528555,0.15650296041884149,0.3540597183816908,0.443614978205261,0.4763365713329455,0.1815059487285738,0.2943620556383428,0.3182780960881033,0.3762704300775367,0.427532293667174,0.5700786523121548,1.0,0.06986429089402259,0.22488664345082038,-0.25817402322115884,0.1785542955956299,0.21582449457721395,0.4161209349026608,-0.2106766330116584,-0.29045892468662593,-0.3790658942218043,-0.4775494266429727,-0.3414514419590562,-0.3393986723935963,-0.5014335917889218,-0.2187315222848218,-0.266866418570552,0.3393317342555921,0.29452143215740023,0.31113005920837683,-0.12985361266724574,0.4257106200543474,0.2639593908629442,0.35689821418610396,0.33425399835842184,0.4501271027739483,0.4613854600801664,0.20866211381077227,0.14974380224561515,0.3851732024320857,0.4615798994334165,0.2653874044736989,0.22002725338475881,-0.26415223645100366,-0.5155830391508419,0.1997051534397437,0.154148969232363,0.16374024814924018,-0.030640135788794237,0.10518372128234348,0.03327144211843269,-0.1638438428866275,-0.2757946911681502,-0.1722174851979058,-0.17200870195794055,-0.4562041294456088,-0.5299301133963933,-0.2986413151750353,-0.23063854202360365,-0.2278143901059057,-0.08666098223748694,0.30799352931332624,-0.18082222346181737,0.17049940632246652,0.033131190781662136,0.2859916008574457,0.06741626756130019,0.3661133645180056,0.20655196869845166,0.3737044681207118,0.2143853246101252,0.21742622859374128,0.17746256644008637,0.0708874881463714,-0.0933691399246149,-0.22798014168572545,-0.2340444182358613,0.06379045175274327,0.0006486624325638103,0.05306441202017707,0.4896221979615743,0.340388400576943,0.20183282996916063,0.10501318840695201,-0.07818693271920248,-0.2191299635824654,0.28138561945668544,0.36219270214919236,0.21641578146291707,0.2343504211524516,-0.27127158555729985,-0.1598179920152364,-0.25809911625720183,-0.33689486727920376,-0.12975798675581127,-0.06915028408864522,0.31117946592928464,0.12630589135302697,0.3526572050139853,0.28287578990987255,0.29207181505948726,0.2677398018949868,0.3941301628031142,0.47797177441847494,0.3977782913243392,0.30208066045629495,-0.26301269433974295,-0.21463713951023597,-0.276046506068261,-0.3193459187657882
#58,-0.2948465602562774,0.12165050323135893,-0.6019858314274558,-0.585651331989258,0.006183808939428954,-0.15354652599032584,0.7681183211277482,-0.03532899297946433,0.38300886930328554,-0.14672361720947652,-0.04036847851206082,0.11688355154635068,0.06986429089402259,1.0,0.4431049733442772,-0.022843436476503918,-0.41761110535584794,-0.3495413940664122,0.015944026966507024,-0.0064260612483962734,0.07806580656471881,0.0020718947477468145,0.0479053940982875,-0.2316904270493828,-0.002127676529416921,-0.23381650981360916,-0.12548828981026225,-0.1304114304839468,-0.36177672943445244,-0.43253193507000615,-0.09413574098128123,0.1500466176318243,-0.01890046139502267,-0.12980261218114736,-0.11655842344747348,-0.040218664584146815,0.12119787391723577,-0.04333606929691049,0.12167919100478926,-0.023610037533170238,0.03805751898572783,-0.08868347026432595,0.2549609925969607,0.2609057367578035,0.2785168421136514,0.11152371921044872,0.015285801942799767,-0.04680888364717226,-0.040856170660376605,0.05180214998924208,0.14198535329789863,0.001456701384185068,0.00909402417741794,-0.2885623441098423,0.245925937731594,-0.34531791631138986,0.00912271195084828,0.049550159774960356,-0.1849213875319749,-0.043648447274263084,-0.43480305046657475,-0.3483365075823379,0.3137725218943493,0.47160946377770163,-0.3666488696220386,-0.3971726605519209,0.5971949732645889,0.7071233335192726,-0.030348476758919107,0.0936815179019675,-0.1972220672728287,-0.3047390607941732,0.26092486194009035,-0.30146546709273325,0.4096247479858792,-0.09279697822119867,0.007527352995083235,-0.3909458199523464,0.3351736008733833,0.0038792244738582666,-0.1985321422594809,-0.1377921570814972,0.010225597462725817,-0.006247559547051933,0.3018479707384711,-0.33376630621010606,-0.3641896899329822,-0.12702308568878548,-0.2755173760249902,0.1937508466877575,0.23697057112575604,-0.03166173927595248,0.21741347847221668,-0.3442915315286599,-0.28515009283682236,-0.10817362477986119,-0.3871861278677812,-0.24496808485205876,-0.46818127485277594,0.05475539688737658,-0.19460988612547714,-0.11883910143518556,-0.1975344452501813,-0.0485173999314681,-0.1612730996342309,-0.05874618492457506,-0.16239989162396704,-0.329463140195555,-0.22833714508841413,-0.31828925244443734,-0.26738598602267927
#101,0.0386838687056236,0.2570041995712772,-0.29752408577644257,-0.15068571747324466,0.04090398361609384,0.01489851700149017,0.41334300217548947,0.12999705153439745,0.22878499310696554,-0.02479739260014822,0.1870809393652033,0.1473372168078477,0.22488664345082038,0.4431049733442772,1.0,0.2566328522818733,-0.22671309835921874,-0.2777725537696531,0.4838671118584099,0.09835603120592243,0.39819267027388855,0.13331048936560178,-0.09627776139741331,-0.09498840535823858,0.0745340229024058,-0.07151383786626717,-0.4376256086190822,-0.1786594840982078,0.1070117699559324,-0.0010933229207340882,-0.12209835124991035,-0.07576281586433871,-0.13936679708978475,0.012866466383507719,0.24502386663372885,0.2797089784762011,0.4212464837555483,0.3192901369841181,0.18763238212114208,0.08052498625377523,0.030930201053478792,0.18028193706221263,0.4352636486066508,0.27922766138864763,-0.1473419981034194,-0.10107180709066134,-0.3302695853819857,-0.08697814151041128,-0.4789774402537274,-0.14657380328156253,-0.17743387866665605,-0.11438771525791105,-0.2544637378575015,-0.2569818868586091,0.2649443377507192,-0.14937404872140186,-0.318410378598921,-0.08562503486361354,-0.5335399915530444,-0.4505956697399772,-0.5576201898174342,-0.4497047549984461,0.5731944632597279,0.39206145558574856,-0.24578409262963288,-0.11320036019093307,0.6442939221764458,0.6130545306759955,0.3757970818159361,0.2652248404242603,0.08224147136402393,0.030069567850568576,0.5201236761787886,-0.2910103674425647,0.1514379746431958,-0.3608937835188742,-0.2612340523870618,-0.5235853341727164,0.47081576871279557,0.1279076253695543,-0.203434563985688,-0.05989210209659811,0.0479675509407199,-0.17001808923491302,0.030745324291372153,-0.5633242754345003,-0.5672688442811721,-0.13002573930782776,-0.1346078142307294,0.16728159440269666,-0.02907027707607838,-0.4215317677246611,-0.1834551235566464,-0.5289467602738088,-0.5851811712580386,-0.23645100367362876,-0.23503255265401748,-0.223850696076947,-0.18868904844249296,-0.23000262971256444,-0.14494178772641428,-0.2838288614938361,-0.1535114631561332,-0.16798444485174,-0.057047231231422676,-0.17876307883559514,-0.21068460183761126,-0.50306560734407,-0.49710492553132146,-0.5471172772115485,-0.48970666751667474
#102,-0.012917466869606101,0.028907713026639786,-0.1394576417056475,-0.2250794890388799,-0.0772051733618086,0.0240993234466766,0.1190797599789623,-0.29446565037573014,-0.24680888364717227,-0.28203906318482097,-0.1131047342794986,-0.23254468519153074,-0.25817402322115884,-0.022843436476503918,0.2566328522818733,1.0,-0.20895536660583797,-0.08608085170811784,0.022454557770003745,0.6259735913107922,0.4034170325685917,0.6743029269497725,0.1971774418474926,0.14518882133095332,0.1305676194726231,0.3638135613480066,-0.3203404282447067,0.08194343727338652,-0.2185482392879057,-0.17042131182812836,-0.25061479492226413,0.05409557809847875,-0.3368964610443943,-0.3223453848544494,-0.18726581612730997,-0.22197164691725968,-0.10326323422770123,-0.06250268947875909,-0.30901353903529394,0.13581110694961313,-0.08592466271944155,-0.017365665516499453,0.33651395739865647,0.3560869877041016,-0.16085075185872866,0.4068292838416116,-0.522144570440437,-0.22846145877327892,-0.7039995537457466,-0.17433081784060755,-0.4746774617695575,-0.2513957398656456,-0.21293818581708357,0.2912032130306242,0.1864577771756887,0.3314808469268223,-0.27057989146459055,0.24074779462741755,-0.28207890731458535,-0.35266039254436643,-0.2864235112240914,-0.3536612770840472,-0.08264628772242985,0.4077743865996223,-0.2680250858640996,0.25757795503988395,0.180771222975719,0.22175489485134156,-0.06629425686713576,0.06782108391970611,-0.09614707265178621,0.06045788873925204,0.08512618635896374,-0.32634414171760073,-0.14775318952258765,-0.2726597550382902,-0.2950920000956259,-0.1991441480926615,0.03226896381356135,0.10884459992509303,-0.09035532994923857,-0.05831108702754823,-0.16314736749834646,-0.30814334324124026,-0.19204711169903338,-0.4161703416235686,-0.33463490823896913,-0.1339193076684012,-0.1270406171058818,0.08746902118910821,0.00607224537608874,-0.16450525544071593,0.10289348070348796,-0.19605861868370933,-0.2358119038322084,-0.02392082174533226,0.03381332228322801,-0.5090772896429169,-0.21261465148339695,-0.6371522603574815,-0.32120743650837924,-0.29176103084732524,-0.12959223517599153,-0.48794236945070885,-0.4895680099450948,-0.518612786778124,-0.3674505335128975,-0.3208791208791209,-0.32080740144554504,-0.23284271928216815,-0.18506960769469835
#201,0.4805345488449187,0.036771350476934236,0.7740311899847795,0.6269776633808541,0.02049582035078772,0.2787845946656679,-0.29772490019045494,0.3164388910581804,0.11058658527839094,0.581370478687375,0.4636390440596387,0.2277522332634733,0.1785542955956299,-0.41761110535584794,-0.22671309835921874,-0.20895536660583797,1.0,0.6734231685645754,0.0031747802596243497,-0.06485030560447529,0.011444827833515287,-0.02219636780913068,-0.1150841906461921,0.24336316330515026,0.05666791511606595,-0.014088884284678338,0.10030839356437617,0.09742686609981752,0.48772083608921896,0.42952768768577326,0.5780713847428859,0.11109180884380304,0.549429830503072,0.429416124122433,0.30700380112997955,0.18609758624261888,0.25066260787798134,0.22161304974938043,0.2941373347464718,0.19899752169512866,0.20144076373227932,0.13416952880332142,-0.07499143351210066,-0.1897855588936082,-0.35938130035301896,-0.20501717281992843,0.21432635529807392,0.11187594131756569,0.25727992094924657,-0.043709010351504915,0.10955701296527982,0.18518595255361028,0.30538134816597473,0.36311071089896324,-0.024378232355027132,0.3349855365808955,-0.26219987409254997,-0.3989704276868889,-0.22151901760313653,-0.21864067766895903,0.0694578807704261,0.07477468144618253,-0.18599558527042212,-0.4314864251049893,0.325279506570297,0.2562901927658998,-0.253918670162325,-0.3119333168644264,0.16709512387539943,0.10661332865828878,0.47187243503414644,0.5587023563818343,0.03972778490544988,0.38861573524372656,-0.059039437719640764,0.08435799153710684,0.07407820605790148,0.12951095315127223,-0.09081274055893346,0.10235638183426436,0.2997234817394353,0.1287953525807043,-0.07603375594673636,0.19142076197913763,-0.11218194423415598,0.06765533233988637,0.11001442357497469,0.3277323111985911,0.39458279211723735,-0.10741180501876658,-0.12784228099674075,-0.13124496967861726,-0.4160651531209907,-0.06016782347456749,-0.06147949222641028,0.4205276956545992,0.34674274239176345,0.6575046418411176,0.5203149280016575,0.3954099562511455,0.47970738471101054,0.619486966985154,0.5006781470885895,0.4529066292663102,0.5054020671134521,0.440918327502809,0.42789248460024387,0.07680354453378384,0.016482719600921195,-0.11058339774800978,-0.2360812501494155
