,#10,#11,#12,#13,#17,#18,#26,#49,#50,#51,#52,#53,#54,#58,#101,#102,#201,#202,#301,#302,#401,#402,#501,#502,#601,#602,#701,#702,#801,#802,#901,#902,#1001,#1002,#1101,#1102,#1201,#1202,#1301,#1302,#1401,#1402,#1501,#1502,#1601,#1602,#1701,#1702,#1801,#1802,#1901,#1902,#2001,#2002,#2101,#2102,#2201,#2202,#2301,#2302,#2401,#2402,#2501,#2502,#2601,#2602,#2701,#2702,#2801,#2802,#2901,#2902,#3001,#3002,#3101,#3102,#3201,#3202,#3301,#3302,#3401,#3402,#3455,#3501,#3502,#3601,#3602,#3701,#3702,#3801,#3802,#3901,#3902,#4001,#4002,#4101,#4102,#4201,#4202,#4301,#4302,#4401,#4402,#4501,#4502,#4601,#4602,#4701,#4702,#4801,#4802
#10,1.0,0.7524053901138745,0.5354349783646375,0.4992756337208839,0.0034010949166859246,-0.07387261034831738,0.4908541784538884,0.6770967973288495,0.27697885870474703,0.6799496370199778,0.7238419303683988,-0.053729012104646624,0.07444317828654304,0.25216234092231193,-0.2533863525886731,0.15146188112105444,0.4943955247073449,0.5150092836822351,-0.032933563898030906,0.06676760512873638,-0.2115436412753309,-0.06691582529145981,-0.1364916446859884,0.05243646853509072,0.06854305955103634,0.1217764106814143,0.015218863804795639,0.026163249368470542,0.007415789431743021,-0.17247726892396942,-0.07632860250699265,-0.07464239893536485,-0.1770673126728239,-0.32736255767437783,-0.22347934878754314,-0.43727179274677463,-0.27340404338228846,-0.5019914096056228,-0.303162827020695,-0.19080556861557588,-0.18473810453505884,-0.19565858362087513,-0.4597996637155448,-0.4319916486704014,-0.23230721417813513,-0.33914366996310435,-0.18968196415622085,-0.050625951278598126,-0.054165703766864026,-0.09390145749826678,-0.05719704515933668,0.24177099187976636,-0.08453330570807004,0.0326530612244898,-0.1477866585915897,-0.24235271617432605,-0.17063806389404648,-0.40120807401445546,-0.222962968865797,-0.1766178708890819,0.3098008590394377,0.2925961638071863,-0.09638613743037239,-0.11425065145152165,0.5789288304154149,0.5792922088788659,0.05388998238889464,0.18720844058044928,0.08120871152053168,0.0725912231350955,0.5585876052881129,0.5213939070356765,0.23176852154372096,0.21233893010542756,0.1619345121883193,0.31388249169249893,0.29665070245200775,0.3000980165592203,-0.06565037573014368,-0.012412243304193993,-0.022264899712325384,-0.3341217158476042,0.2381467698364,0.015088175059168533,-0.04582234299420666,0.36185801145917174,0.170167903162827,-0.22787176565276637,-0.09046529974738822,-0.26248197053128164,-0.12628835993593063,-0.2878754313127047,-0.2840456135597542,0.02289124943222115,-0.2188908988038792,0.27514921626596756,0.10475499844607894,0.1870012511056746,0.2737961096191698,-0.07565125230099849,0.03171273976205086,0.2512060818079672,-0.19211086230665636,-0.07327654216704253,-0.03088079433257098,-0.18070428483771486,-0.21978818860617266,0.359081672497191,0.2850385292734821,0.08978316824582235,0.029876722262509064
#11,0.7524053901138745,1.0,0.5778976643371132,0.4781168070508172,-0.004008319454294799,-0.1699750575747675,0.5824813330252054,0.4834814206822909,0.1628333957558033,0.5983871096271386,0.6145494824247544,-0.10396608467674458,0.03309772171266007,0.2580242092932448,-0.14248898309812016,0.3422164492505319,0.4454685271218991,0.4745005538334037,-0.02216289874012862,0.1125485102279881,-0.21381794420228067,0.031183609718780134,-0.30185753332961457,-0.06971925826168031,-0.01423551068221119,0.019222401963518716,-0.061509773765031195,-0.03266899887639554,-0.10616069934416562,-0.14895966977185252,-0.08103817864514021,-0.14419590561722542,-0.19658615496178947,-0.24742088948035285,-0.2199539401859924,-0.33149519081353745,-0.2889623791726765,-0.32453840575667986,-0.35235917092334784,-0.07785224202918184,-0.19092669477005952,-0.13846153846153847,-0.4367410689383133,-0.2283514889751293,-0.3426005466614604,-0.24414251448334118,-0.11543163145773733,-0.06306210106065073,-0.0705687351082565,-0.07324147933284988,-0.1026783224027604,0.18546326769677024,-0.1439648096645921,0.006854784084660807,-0.18304552590266876,-0.13890460518451817,-0.26471324179808586,-0.34963064491708434,-0.16697081019053464,-0.2936735490760146,0.18580114591717203,0.2291372152140825,-0.12497669118408784,0.004068882531536628,0.557392281395182,0.6507279522507949,-0.009372933085768474,0.12303070388639642,0.13453928232753468,0.19422897624492982,0.551932041852274,0.5844336953836591,0.1788284232084087,0.22746057423359817,0.11205763054929117,0.2953007833355912,0.21180342500139454,0.24303803520627307,-0.14141797289005412,-0.0004908796786969376,-0.13172150547059902,-0.1741586912000255,0.18888667532612421,-0.03557602658400338,-0.07279841260987019,0.22659515973511624,0.0890548175537298,-0.28525050004382857,-0.15324052307373554,-0.2997139191482919,-0.1916948895919164,-0.2673652670752018,-0.341459410785009,0.10117540182804867,-0.18921499095538255,0.3046577787694539,0.04255671811871957,0.2268214743921778,0.14573388902612977,-0.15316561610977855,-0.06919012821840959,0.11649945413542223,-0.26164205627584886,0.07583453529791456,-0.007025316960052276,-0.07381364103626613,-0.213910382583334,0.22329925332100822,0.2931842631625083,0.07982851086549418,0.04150802062332157
#12,0.5354349783646375,0.5778976643371132,1.0,0.5509630326164047,0.18299452541657038,0.11941604443417352,0.43109754639848913,0.27785064826399125,-0.06705767039342093,0.5220632884157177,0.5244905928009627,0.054364924415685835,0.161489851700149,0.07130027333073018,-0.21456223254627896,0.05529249575660018,0.7140402744463659,0.7649084780339312,-0.31664608053295507,-0.22899696387731194,-0.22000175314170964,-0.1135175194638574,-0.1733841213174063,-0.12864713241798087,0.04897959183673469,-0.07974244754520317,0.2791160978253074,0.32168556606555154,0.031295173282120343,-0.17528388942457107,-0.02635131366095833,0.06866896700109174,0.08500187267409892,-0.09794483978675422,-0.250506418889305,-0.3815696993361968,-0.20818239048840934,-0.4116934552032449,-0.455427965797799,-0.33208807146443114,-0.11153646933197332,-0.05638900620771542,-0.26082764226346533,-0.3151112846544319,-0.09677501613687256,-0.3634406202934122,0.3205667429017683,0.35383340372462924,0.25120926933834836,0.15572360924065057,0.26977982133892214,0.3899305915259505,0.17099666106192574,0.016717003083935644,-0.024803767660910518,-0.2632900094829029,-0.1123365394576417,-0.47169233956761153,-0.05818358581230227,0.0036815975902270317,0.23341647475077495,0.26454270892269444,-0.25594912701511685,-0.19722047350763813,0.5154188813362127,0.5075919004853015,-0.12982333112862482,-0.06772864553865279,-0.059420347600188064,-0.06023476161257162,0.42175489485134154,0.36785216234092233,0.02327215931276845,0.2942361481882874,-0.003915881073241479,0.3153375993114934,0.10939763644622238,0.26878690562519425,-0.17424794205069766,-0.12100980962474799,-0.22760720063113102,-0.08296504076054474,0.24360541561411758,-0.00930440118257377,0.09777908820693447,0.2652057152419734,0.19914096056228037,-0.05651810118815195,0.0015459522348572384,-0.06695885695160532,-0.05112479978324794,-0.06888731283220043,-0.08237694140522277,0.09026289156818526,-0.16104359744678817,0.43594418634302606,-0.05558096725609416,0.5068380495501598,0.4956673493294233,0.22622699997609352,0.29858553339336513,0.4483628047079824,0.07685613878507279,0.24860505701694968,0.2620149973304433,0.1811314139087888,0.09314920032831563,0.22605487333551147,0.15157185091920408,-0.004693638486241822,0.004794045693248014
#13,0.4992756337208839,0.4781168070508172,0.5509630326164047,1.0,0.20114432340683247,0.14111515750384496,0.2690084389866841,0.2755428762680394,-0.020044784801855144,0.5041174923698492,0.3537919658296743,0.054976930248866435,0.0891488496999737,-0.06459689693917395,-0.10409358589199054,-0.03660559889711449,0.5562049263282041,0.3931133406115277,-0.05673804078445123,-0.036181657356421676,-0.1303747738845636,-0.1814931986070492,-0.1948298257217764,-0.17198957677565363,0.003381969734399031,-0.06402951653132943,0.14222760560686595,0.25089211006542406,0.18262636565754767,0.066042441967025,0.09595741459410785,0.0867390767318251,0.1303062419813689,0.05272334626939413,0.09169728023970228,-0.1063439823410817,0.04218218329893457,-0.17387500099610326,-0.10382902087035517,-0.20525305006813346,0.19094422618715584,-0.0031747802596243497,-0.10404099164070157,-0.119597733665899,-0.20516539298265188,-0.37832001211261546,0.21275330905497694,0.2248117364868634,0.11108384001785017,-0.028313238610555506,0.09718142626046905,0.011130856090972117,0.03080429360342341,-0.10763333838025643,-0.0386966188271482,-0.1684163552183857,-0.18143582306018854,-0.2521687159830742,-0.0023444285953350495,-0.15275123716022918,0.12648120552399014,0.12595207548071943,0.11617910733211675,0.02531377252189435,0.4433424443576728,0.32809250213166097,0.14210966698276342,0.2358310290144953,-0.04264915649977289,-0.039614627576919095,0.245551402911809,0.32736255767437783,-0.08962060419638375,0.1172501175401828,-0.03886874546773024,0.08845715560726439,-0.02981456542007666,0.09143749651363865,0.0369546334738503,-0.02726294734996693,-0.05990007092255098,-0.035510682211189824,0.11652336061328085,0.08215540804373292,0.18448788340013866,0.10507056395381269,0.08242953565651173,0.01818804835483588,0.239195467331798,-0.04669094502306975,-0.0003793161153567245,-0.04692044721051247,-0.29227422323869023,0.0990764130720621,-0.12472806381435823,0.15166588306544795,-0.0816071528181753,0.2844169608491581,0.3036345815171051,0.15519607296257043,0.21974037565045543,0.4060164635944186,0.09650885735004662,0.23874443178286542,0.21749635426212657,0.10470877925555228,0.06032082493286264,0.05252731315095347,0.15009283682235097,-0.036500410394536574,-0.03404919953143303
#17,0.0034010949166859246,-0.004008319454294799,0.18299452541657038,0.20114432340683247,1.0,0.49016567189156024,0.07152021292702947,0.1458311087027548,0.05983472654973743,-0.0159456207316976,0.003605096861079457,0.5442931252938504,0.5659826757723785,0.31725968013132627,-0.30067177202782713,-0.25287953525807044,0.12028942775860832,0.04689335320227271,-0.24853174381818327,-0.04482783351528819,-0.26249950194837796,-0.403970069089721,-0.1579708181593606,-0.149515893823363,-0.17312752512172383,-0.10377323908868506,-0.20828757899098727,0.08010582600865415,0.23928631194766076,0.20248786746248676,0.04134705033907354,-0.07895672130624995,0.23122823514411622,0.14781215883463888,0.3536039015371865,0.10599176023396473,0.3122982890930679,0.02199395962992772,0.018081266087067394,-0.24351297723306425,0.18747141183689406,-0.046203252874753964,0.12386105555068572,-0.15518332284104583,-0.14900110766680744,-0.24091513997242786,0.14461984715791823,0.13827506793424124,-0.16570376686402793,-0.24897481054116297,-0.26431480050044226,-0.3142394950951876,-0.2717560901752345,-0.2981281227836703,-0.019960315246754696,-0.07252587876228195,0.05006175840113476,0.1563021460048291,0.23325550446652696,0.09356676680824615,0.12107834152794268,0.12824869112033724,0.4293683111667158,0.19890348954888476,-0.2501302903043295,-0.23619759500832743,0.3669293722955797,0.4422539027325104,-0.21494154866163567,0.05231215485022592,-0.029567531815537618,-0.15045621528580194,0.030753293117325026,0.38626971288320094,0.23346269394130162,0.18591111571532165,0.11634804644231765,0.033685821067982055,0.30415096143885123,0.180022153336149,0.12693064730773215,0.2913259329502984,0.18512538947636845,0.45764329941269755,0.6807258006677877,0.13038114894532588,0.26907218959430707,0.23826311469531194,0.1700133079393413,0.36665524468280086,0.2490178422013085,0.3254309142634016,0.1183498155216792,0.3295938289411821,0.32101140338993855,-0.2659882539505455,-0.11768043414163791,0.051116830957295065,0.10995067296735173,0.09464255831188391,0.23545171289913858,0.2923045047773112,0.21701663093976364,0.3722971734574345,0.3282311597032409,0.2340810748352445,0.2649315876291946,0.07274581835858122,0.0875375530923029,0.0153399899592793,0.18368621950927969
#18,-0.07387261034831738,-0.1699750575747675,0.11941604443417352,0.14111515750384496,0.49016567189156024,1.0,-0.06697001330793934,0.023936759397238005,0.24403254468519153,0.15023946321988382,0.022491214369386957,0.5095123875399438,0.6644757707846903,0.17892086158946202,-0.047981894827435076,-0.47895831507144054,0.20712094287148675,0.04962506673891735,-0.22006231621895145,-0.35034305795727116,0.012966873590513909,-0.32900413582066956,0.23352485078373403,-0.10513909585700738,-0.02981137788969551,-0.23763038991465388,0.16483516483516483,0.2706930487931213,0.2519551514475372,-0.03186414745515543,0.17060140729466328,0.22365785048888748,0.2970029245591247,0.2087290519487764,0.1827235853341727,-0.05489564822414714,0.2774729259138251,-0.13084174708540192,0.13640398760050682,-0.3945158539792332,0.1317916311389843,-0.14169528803321407,0.20590171250069728,-0.19043900262174374,0.2961359162954522,-0.042951971885982036,0.19696387731195564,0.16962124170245999,0.0707121739754082,0.027921172373674186,0.16947780283530828,-0.03169680211014511,0.10565228824837236,-0.2742391763421495,0.07120783494967686,-0.2471945748232913,0.24478002055957096,-0.02448342085760505,0.22125604634669174,0.3247216887535959,-0.0788037198479548,-0.11493597048346867,0.3007849293563579,-0.042027588075448846,-0.24896365418482894,-0.3248906278637968,0.13213907195052954,0.20938887073767423,-0.2104455370590251,-0.2162069982229518,-0.13241160579811775,-0.2405071360836408,-0.06320075863223071,0.16379124863533856,0.020106941644287547,-0.048786746248675184,-0.08983257496673015,-0.06820996262620628,0.23782642303309454,-0.1610165034385484,0.20982237486951047,0.31422674497366304,0.17697806182215176,0.39850186072085997,0.4432213182031891,-0.05973431934273123,0.025583118839101436,0.39502426507502647,0.15611248794715074,0.40438604180446097,0.29520675118934725,0.21651778243511383,0.17976077584489478,-0.056859166938934884,0.14672680473985766,-0.14366677557395469,-0.3197921730191491,0.03555371387133534,0.23823123939150045,0.1327717967311876,0.2376032959064141,0.28926360079369506,0.4466495071281148,0.100593677533489,0.32867263266103003,0.1703129357951693,0.3416235685996382,-0.13623345472511536,-0.3669676226601535,-0.19652718564973823,0.10025739307827777
#26,0.4908541784538884,0.5824813330252054,0.43109754639848913,0.2690084389866841,0.07152021292702947,-0.06697001330793934,1.0,0.4769979838870339,0.21550414777390847,0.5448891934751253,0.6471531369283363,0.10098574377037031,0.2401453513853804,0.39790738630477573,-0.07155208823084094,0.19781335415853182,0.4757134091434309,0.34865685438564337,0.04310178581389604,0.014729577891289276,-0.1252986317525839,-0.16662177561379882,-0.31974914135900356,-0.23978356668711998,0.0017403915881073241,-0.11000486098383125,-0.10700220736478895,-0.03389141677756616,0.11804540637027947,-0.07059104782092454,-0.07289403852130466,-0.07452924160683407,-0.14242842002087833,-0.11748599478838782,0.006405342300918806,-0.043509789702683106,-0.04818749053701918,-0.1018910023986166,-0.2189849309501231,-0.14866801074197739,-0.0571332945517137,-0.03991106790236595,-0.2219206464311613,-0.1235869279379069,-0.265753970467531,-0.30525862824630046,-0.06042760720063113,-0.055616030090286796,-0.041668990907569585,-0.17179035612683183,-0.06922519105260222,-0.08950585310266239,-0.23623903290328235,-0.18133700961837293,-0.07820924543187052,-0.14920510961120098,-0.1555594514260214,-0.26560256277442645,-0.12388336826335376,-0.28563619121994754,0.15048330929404172,0.21267202703025764,0.036393628126768086,0.045768154977727134,0.2965981082007188,0.30597741634724956,0.16785056857573175,0.2587971854106734,0.14246985791583325,0.21960490560925658,0.5816079497007706,0.5731562128951542,0.25213046561850044,0.24536333861932122,0.2091211181856577,0.26548781168070507,0.23717138553976844,0.27209396839563627,0.0022950218744272406,0.002741276127788093,-0.04188893050386887,-0.15132322354947444,0.2627943485086342,0.05690697989465212,0.06781630262413439,0.17922686450605232,0.09126855740343776,-0.17320561961606196,-0.09265513311923754,-0.15335846169783807,-0.1719114822813155,-0.08820374694196303,-0.21868052179872338,-0.05406529655985784,-0.15808556925308195,0.18913530269585382,0.00627146602491055,0.043009347432842716,0.0504777311158747,-0.09459155782578553,-0.12534006964753883,0.12238682274940434,-0.08126289953701121,0.03028153862091498,0.11211022480058012,-0.10156906183012057,-0.11040011475109372,0.181980890755365,0.156021643331288,-0.03131589222959781,0.07042210871072364
#49,0.6770967973288495,0.4834814206822909,0.27785064826399125,0.2755428762680394,0.1458311087027548,0.023936759397238005,0.4769979838870339,1.0,0.5789160802938903,0.5837930017770482,0.685323813242595,0.18152826144124187,0.25610690976898376,0.43903449704755,-0.2259911227278885,-0.13364836758600354,0.34794762887583774,0.1789352054761772,0.02905912071974436,0.037751516069137535,-0.2461681900405613,-0.2870944863693232,-0.1144100279705791,-0.008399142554327471,-0.03111189028520428,-0.08140474463897233,-0.11442277809210369,-0.08660679422100742,0.1705249065655157,-0.15616030090286798,-0.1564025532118353,-0.16491485309469356,-0.2740399556933277,-0.40323534333686617,0.008132983767501534,-0.26743379897839653,-0.07114089681167274,-0.42196686562168795,-0.05429798627768171,-0.28864521989975217,-0.06668313557363593,-0.334257185888803,-0.3087824430826606,-0.48390217469260255,-0.19579564742726455,-0.29717983249527846,-0.31405780586346216,-0.14460550327120306,-0.16170182247049542,-0.20929961988700205,-0.16906501765094947,0.11558303915084191,-0.26384782729960393,-0.27215771900325925,-0.08469427599231805,-0.31949573269370224,0.014468200400035063,-0.17838376272023843,-0.09821737363434245,-0.12131262501095713,0.3985448923810055,0.4020846448692714,0.1257480735363259,-0.09538206536031046,0.2803528596131932,0.21377650630732575,0.18318418347424875,0.2514499278821251,0.1073735546541928,0.1385970085027373,0.5711863191196042,0.44242124807752076,0.26590378439544504,0.25571484353210244,0.2945278072181626,0.32698961661978343,0.3299333009267745,0.33898748097442805,0.12347377060937612,-0.05852783909346636,0.19394209851062644,-0.29239694315836445,0.2347074245551403,0.22425391867016234,0.22983528436755413,0.411063917952968,0.2611989895528692,-0.040773294870466735,-0.1586131055311621,-0.14293683111667158,-0.10650176509494856,-0.12413518316346453,-0.23298137685374815,0.10059208376829841,-0.0065742814111196994,0.11385221015387803,-0.05284128489349664,0.026915506538421695,0.0867518268533497,-0.10460677828335552,-0.05357282311597032,0.17239439313405955,-0.26416020527695655,-0.1603407469977448,-0.12268485684004175,-0.23422451370239622,-0.333433209285276,0.37318011937301276,0.3536182454239017,0.19763007116161577,0.2207030098255624
#50,0.27697885870474703,0.1628333957558033,-0.06705767039342093,-0.020044784801855144,0.05983472654973743,0.24403254468519153,0.21550414777390847,0.5789160802938903,1.0,0.3398449266469571,0.3768569356676681,0.24922662544127375,0.32765581046944353,0.49007642104088806,0.11563403963694029,-0.21059216345655796,0.1179991871797528,-0.08383045525902669,0.12604292009658216,0.06428611272701193,0.1392217644574425,-0.11522922327853437,0.06215524866721386,-0.08696857891926782,0.009772968148602667,-0.20722931890444582,-0.2503486361354382,-0.3234355202448023,0.09075058371650105,-0.15174716509016725,-0.23921140498370375,-0.1357314186900844,-0.3304544621440923,-0.36340555745921954,0.09574544382376145,-0.12226729036011125,0.03495764569006048,-0.13744949756552366,0.10408561706603767,-0.18380734566376336,-0.06435623839539721,-0.314354246188909,0.10769549522268884,-0.10220975543673151,0.04009594466447258,-0.032780562439735754,-0.4531504753404681,-0.4033692196128744,-0.15813497597398976,-0.19253161631696802,-0.12853397508945008,-0.02103451298520189,-0.29224234793487874,-0.32092215253926637,0.027723545490042953,-0.17922686450605232,0.18683390576066428,0.053000661412554086,-0.010335567260875455,0.01732422762154452,0.24152395827522732,0.20595908804755794,0.18726262859692883,-0.08673588920144396,-0.202771557666409,-0.178524014057009,0.11898572783271841,0.0991321948537322,0.21685884818589676,0.1253799137773032,0.2883232793312561,0.1423726382392082,0.1997131222656966,0.054800022312712665,0.18138641633928074,0.06952481890843022,0.21045509965016854,0.10771143287459459,0.2227015913745428,-0.13185697551179784,0.14258460900955464,-0.019432778968674545,0.11004789264397677,0.11252938504570122,0.2412004239415407,0.21421319796954313,0.1573444684394648,0.12254779303365235,-0.12889575978771048,0.05596984596259433,-0.07279681884467962,0.02466511008933054,-0.07722270477890493,0.00013547004119883018,0.10796962283546765,0.04824008478830814,-0.09131158906358326,-0.2513288017276415,-0.1883384201005666,-0.09364486130258429,-0.24044179171082725,-0.17953605495302377,-0.09899672481253337,-0.17481532245854217,-0.1398513017077194,-0.166111770752815,-0.26114480153638964,0.24315119253480386,0.029914972627082852,0.11687398895520723,0.17029859190845412
#51,0.6799496370199778,0.5983871096271386,0.5220632884157177,0.5041174923698492,-0.0159456207316976,0.15023946321988382,0.5448891934751253,0.5837930017770482,0.3398449266469571,1.0,0.7174652758409104,0.10943110551522445,0.29323048235303495,0.3543529711767565,-0.15644399110679025,-0.17308608722676888,0.5209364964259816,0.4705862665253528,0.009882937946752305,-0.1729665548374758,-0.14395684083863924,-0.2946664647897425,-0.09382655053430979,-0.13969351895385254,-0.013621911083840019,-0.1568950266557228,0.26317366462399094,0.22770601407294663,0.19033381411916583,-0.11379961590258907,0.13023292878260245,0.10022711153965687,-0.0178374200129095,-0.12979783088557562,-0.029594625823777383,-0.3649068842687407,-0.022293587485755724,-0.42785582800086064,-0.14861382272549786,-0.35969049079999044,-0.05829674314083306,-0.2892253504291213,-0.3206719314043462,-0.42883280606268276,0.015081799998406234,-0.33065687032329527,0.04605184518164939,0.11014670608579238,0.07368135852544845,-0.11107427742670672,0.12236291627154572,0.15052474718899664,0.07762433360692969,-0.14195666552446828,0.013446596912876826,-0.35377124688219685,-0.11213891257401047,-0.49464415207707446,0.040741419566655244,-0.02104407557634534,0.33834997489819824,0.27539784363569714,-0.04536811991489294,-0.18975687112017786,0.5441799679653196,0.45873343480305045,0.004731888850815609,0.1593494250492075,-0.03508674067049702,-0.016042840408322642,0.4624676266445665,0.4532397261911403,0.06443592665492592,0.2617520260739985,0.025170333654742645,0.17960618062140904,0.14621042481811156,0.2760385372423081,-0.15218385675238466,-0.284372335423822,-0.06782745898046841,-0.22994525416570377,0.10815131206719314,0.0609726748958076,0.003735785606706564,0.33037158635418246,0.15069528006438812,-0.00961359162954522,0.013317501932440294,-0.17456350755843142,-0.03257656049534222,-0.013703193108559317,-0.18189163990469284,0.07803393126090732,-0.10210775446453474,0.17246451880244484,-0.1853166412992374,0.2709671764059001,0.41296846735570447,-0.0744336156953996,0.054862179155145074,0.2687199674871901,0.17348134099403134,-0.09066611416140061,0.09863653387946354,-0.11475587501693375,-0.043211755612045676,0.27884356397771914,0.1704244993585095,0.08440261696244292,0.13735865294966093
#52,0.7238419303683988,0.6145494824247544,0.5244905928009627,0.3537919658296743,0.003605096861079457,0.022491214369386957,0.6471531369283363,0.685323813242595,0.3768569356676681,0.7174652758409104,1.0,0.13636573723593304,0.2352572735458885,0.3974770697033206,-0.08615575867207484,0.013363721122966953,0.4699503542143136,0.44308903569237146,-0.08180796723218768,-0.0876634605423583,-0.13375993114934376,-0.13135015818119516,-0.0649124624469077,-0.025597462725816606,0.05369394927045398,-0.04635625433304911,0.14168891297245176,0.07575484703838584,0.12650670576703935,-0.11480209420746042,-0.05632525560009244,0.008596769437958706,-0.18124297747212903,-0.2583955565826487,-0.1337153057240077,-0.3037828016798285,-0.13590992039142874,-0.381359322331041,-0.25297197363912377,-0.32221150857844116,-0.17496194885607502,-0.29081911561969576,-0.27825227709201605,-0.3744216624564703,-0.05225956059893696,-0.21371434946489334,-0.12243782323550272,0.010874259895289626,0.09493262357656847,-0.006550374933261082,0.10793296623608443,0.23470583078994972,-0.047883081385619454,-0.1482042250715202,-0.07595566145239822,-0.3434133669086534,-0.13898110591366575,-0.3853357664815243,-0.20969168612388336,-0.19139207420570728,0.2733100112360446,0.30271816653252476,0.005512833794197101,-0.021013794037724423,0.4528157846504475,0.3814947923722398,0.10044067607519384,0.1882061375897489,0.18939668018710804,0.12347855190494784,0.602366741308003,0.5416363187211628,0.3104845843061942,0.20998493891894907,0.19658296743140832,0.3629385842583812,0.3113388424483421,0.3295619536373706,0.0740208305110408,-0.12757293467953365,-0.10294766871996748,-0.19401063041382113,0.24981153726621458,0.06641219549123828,0.0640884858433807,0.30421630581166476,0.11071089896325574,-0.02110623241877774,-0.07838774713321486,-0.15742893799456525,-0.14883694985217827,-0.1851174206504156,-0.13630039286311948,-0.061170301779438836,-0.2892906948019348,0.4339997928105252,-0.024201324418873366,0.09577731912757294,0.2192415271458056,-0.09095936695646631,-0.03827745858202711,0.2029149965335607,-0.1085784411382671,-0.15236713974930075,-0.025348835356086986,-0.15450916016543284,-0.20335487572615926,0.3217142538389819,0.20531042561499413,-0.007130505462630191,-0.03546286925547259
#53,-0.053729012104646624,-0.10396608467674458,0.054364924415685835,0.054976930248866435,0.5442931252938504,0.5095123875399438,0.10098574377037031,0.18152826144124187,0.24922662544127375,0.10943110551522445,0.13636573723593304,1.0,0.6559602833714508,0.32494640964546695,0.006972722708763318,-0.4237741953477994,0.1917347337216808,-0.046702101379403775,-0.1907163177649037,-0.11044633394162039,-0.028023173345870952,-0.46342388575891114,-0.11907497868339058,-0.27917984843293037,-0.12597120066300632,-0.2348189881184805,-0.14330817840607543,-0.10279944855724406,0.3669835603120592,0.2502848855278152,0.16286208352923365,0.24852377499223038,0.13907354429471905,0.19878395715959168,0.43983775470359954,0.12570185434579922,0.40228227175290265,0.08255863063694825,0.06552606204527887,-0.3044330578775829,0.2767254500394457,-0.07912725418164142,0.3658918311565157,-0.07559387675413781,0.013908788818143423,-0.14250332698483534,-0.08008510706117668,-0.034728143502617756,-0.08286782108391971,-0.2114703280765645,-0.15756600180095467,-0.26678832407621383,-0.28281044553705903,-0.4492569069798947,0.008988835674840026,-0.1894046490130609,0.11146793742877861,0.15806644407079504,0.18780929005729585,0.14045374494975654,0.05147383435998374,0.00888364717226211,0.4345257353234148,0.10798237295699224,-0.3161392632023524,-0.3825307397461132,0.31880403860099293,0.2727745061320116,-0.10183522061694651,-0.011330076739793925,0.018685303094295117,-0.09578369418833524,0.19071313023452255,0.3577397222067273,0.2932065758751763,0.16906661141614007,0.06080532955079728,-0.10229263122664138,0.37940217867701553,-0.017743387866665603,0.2524699376040928,0.2314672999227024,0.18920064706866738,0.6456804978922456,0.6560447529265513,0.046727601622452965,0.10535744168811609,0.39393412968467356,0.23919227980141686,0.5478073775390672,0.14317589589525775,0.29215309708420656,0.07294503900740304,0.09640845014304042,0.29482743507399056,-0.1648750089649292,-0.2130624995019484,-0.10259225908246938,-0.04361179067487987,0.18715265879877918,0.09073942736016703,0.3497756775494266,0.3490967335782419,0.10584194630605073,0.1637944361657197,0.1388838862370407,0.22089266788324077,-0.0019443935325008565,0.01485867287172581,-0.12565722892046316,0.10416849285594754
#54,0.07444317828654304,0.03309772171266007,0.161489851700149,0.0891488496999737,0.5659826757723785,0.6644757707846903,0.2401453513853804,0.25610690976898376,0.32765581046944353,0.29323048235303495,0.2352572735458885,0.6559602833714508,1.0,0.46891600060563077,-0.09145343416554438,-0.26455067774864727,0.2310911713377268,0.14835085146905305,-0.1682537911689471,-0.12563969750336684,-0.1029094183553937,-0.31648989154427876,0.04113189203834599,-0.1032409215150332,-0.14129684673557044,-0.21110854337830406,-0.027344229374686228,0.0646686163727498,0.4044593550032274,0.02890930679183036,0.09188375076699949,0.02232865031994836,-0.006260309668576529,-0.015115269067408298,0.2697686649825881,-0.05581046944353688,0.2440915139972428,-0.13598801488576687,0.05153439743722557,-0.38835435775247235,0.11201459888914567,-0.25685597940855376,0.1688020463945047,-0.19718859820382664,0.06995354174469476,-0.10417168038632868,-0.002164333128800134,-0.07044760895377285,-0.14014774203316627,-0.18482098032496871,-0.12043764792133176,-0.18732159790898006,-0.15307317772872522,-0.3731928694945374,-0.05230896731984477,-0.2965471077146204,0.134257185888803,-0.002019300496457857,0.14079481070053948,0.11103602706213293,0.10610810509287667,0.10486815577460973,0.40413741443473133,0.08003888787065001,-0.12283467076795576,-0.19876642574249537,0.2723553458868905,0.2811051167831443,-0.11480209420746042,0.0065073432731155715,0.1316338483851174,0.0006343185458486401,0.09918478910502115,0.41400760225995903,0.1336021483954769,0.0896731984476727,0.0630270382264581,0.06167871287523209,0.31515431631457735,-0.007584728541943916,0.14785837802516555,0.182205611647236,0.12550263369697742,0.5961446820040004,0.49628891775374734,0.08260963112304665,0.16903314234713798,0.4041676959733522,0.0883742798173545,0.21044075576345336,0.10354054937086118,0.23189283522858578,0.030828200081282026,0.011972364111595439,0.16293539672800006,-0.18120313334236468,-0.18653109037445514,-0.07992413677692865,0.05977735100287675,-0.06032082493286264,-0.03312800325128099,0.256551570257154,0.3234450828359458,-0.050767796380559255,0.07958944608690802,-0.12647642422841843,0.02042569468240244,0.036385659300815214,-0.02634653236538661,-0.04635625433304911,0.21177154969758305
#58,0.25216234092231193,0.2580242092932448,0.07130027333073018,-0.06459689693917395,0.31725968013132627,0.17892086158946202,0.39790738630477573,0.43903449704755,0.49007642104088806,0.3543529711767565,0.3974770697033206,0.32494640964546695,0.46891600060563077,1.0,-0.06304935093912614,-0.0977711193809816,0.07854234235670059,0.0482799289180725,-0.053059630724605344,0.04340619496529576,-0.05743451617273227,-0.2743889902700635,-0.22273346667835428,-0.20537258245742654,-0.17628318019906128,-0.3093450421949334,-0.25483349138171474,-0.2372781678075369,0.04340300743491461,-0.06169146299675669,-0.12965917331399565,-0.1646821633768697,-0.1512833794197101,-0.20311262341719194,0.02962968865797002,-0.053676417853357666,-0.038938871136115515,-0.09584585103076763,-0.15865773095649818,-0.2647753986405183,-0.029205747117277213,-0.2301301309278104,0.00908286782108392,-0.14417996796531968,-0.1479492226410283,-0.13589079520914182,-0.18628724430029725,-0.2090350548653667,-0.22397500976181178,-0.4241296049852975,-0.26229231247360324,-0.2094462462845349,-0.3947804190008686,-0.375699862139311,-0.08131868131868132,-0.21574321255249465,0.07239519001665484,-0.03404441823586131,0.0006566312585166827,-0.013292001689391103,0.37417462885193126,0.4108870100168142,0.20993234466766011,0.008577644255671812,0.010961916980771223,0.020604196383746783,0.22939062387938386,0.3069543944090717,0.14113428268613185,0.251693773956283,0.41650184478320806,0.307795902429695,0.4380336125078692,0.46565834455609656,0.3894970873941142,0.30336204766951685,0.4177848257616205,0.29763564933978276,0.08121668034648455,-0.07323032297651587,0.09838153144897162,0.06984197818135454,0.10253328977041812,0.18543298615814932,0.36874307708245346,0.3533568679326475,0.3221764457442485,-0.022051335176788405,-0.2246985791583326,0.12464837555482951,0.03133661117707528,0.15840910358676857,0.027393636095594035,0.07353154459753444,0.18641793304592436,-0.0815386209149806,-0.22834830144474816,-0.12103212233741603,-0.10868841093641674,-0.14611639267186766,-0.11106790236594442,0.008642988628485365,-0.04785598737737969,-0.0936129859987728,0.04816199029396999,-0.06342388575891114,-0.08816071528181753,0.42539027325104195,0.2621456860760704,0.11168787702507789,0.2319725234881145
#101,-0.2533863525886731,-0.14248898309812016,-0.21456223254627896,-0.10409358589199054,-0.30067177202782713,-0.047981894827435076,-0.07155208823084094,-0.2259911227278885,0.11563403963694029,-0.15644399110679025,-0.08615575867207484,0.006972722708763318,-0.09145343416554438,-0.06304935093912614,1.0,0.2697112894357274,-0.006661938496601296,-0.24182677366143646,0.4261648431336611,0.0956482241471364,0.6418235861310553,0.2827498824598172,0.15448365992238364,-0.043391851078580596,0.4001051885025779,-0.09394448915841229,-0.24077807616603847,-0.3584680728988198,-0.0013849819506092167,0.050241853867669675,-0.17030815449959757,-0.03078038712556479,-0.32386424308106687,-0.08507996716843708,0.000994509478918471,0.2204288822127836,0.10485540565308513,0.2792579429272685,0.10334611001761111,0.12171266007379133,0.138515726478018,0.2377292033564695,0.383071026145718,0.49226147311716567,-0.1542557515001315,0.1454326674051112,-0.4209452621345297,-0.32931173250245044,-0.015156706962363235,-0.08460502514164588,0.04058841810836009,-0.011615360708906756,-0.15229063902015316,0.0833300129891863,0.20096263417510699,0.20243049191562607,-0.28021260827642264,0.03265146745929922,-0.40904939875208185,-0.38569117611902237,-0.2635115428443927,-0.3341217158476042,0.14400624755954705,0.2992947589031708,-0.19630087099267665,-0.11664926806333623,-0.03247137199276431,-0.017612699121038498,0.6030568416355219,0.28146052642064245,0.1572456549976492,0.2101953159241049,0.11339001824861143,-0.30689064380144876,-0.1808827865390592,-0.37045318713193987,-0.19337790563316307,-0.44558646574600164,0.3401222417901171,0.003330969248300648,-0.15422228243112943,0.07039182717210274,0.00163201555514826,-0.045246993760409276,-0.09515893823363004,-0.32528906916144046,-0.3759198017356103,0.1134728940385213,-0.021389922622699998,-0.06402314147056715,-0.2534198216576752,-0.41162332953485964,-0.37716293858425837,-0.3337886189227741,-0.24622715935261258,0.21571293101387373,0.09568328698132904,-0.4072452565563516,-0.3492592976276805,-0.022132617201507703,-0.274196144682004,-0.36251145518730726,-0.15364693319733203,0.029068683310887806,-0.10980723410020002,-0.0030488728095689663,-0.09202878339934177,-0.2040641012359649,-0.21226242937627998,-0.24091992126799958,-0.37976236961008536
#102,0.15146188112105444,0.3422164492505319,0.05529249575660018,-0.03660559889711449,-0.25287953525807044,-0.47895831507144054,0.19781335415853182,-0.13364836758600354,-0.21059216345655796,-0.17308608722676888,0.013363721122966953,-0.4237741953477994,-0.26455067774864727,-0.0977711193809816,0.2697112894357274,1.0,-0.041903274390584035,0.07782036672537035,0.23258293555610451,0.4672345783295747,0.15435615870713768,0.7477579708181593,-0.047078229964379346,0.3047071854903617,0.2546996151057065,0.45921475189060396,-0.34749021826614285,-0.3375100606427655,-0.2789551275410594,-0.0074875088653188725,-0.1725171130537338,-0.3563834280295484,-0.4396146275769191,-0.19849389189490713,-0.3040760544748942,0.026376813904007524,-0.3763246180940162,0.21811632892126004,-0.08464486927141024,0.5415709743483492,-0.1253910701336372,0.33257576361274693,-0.12269920072675693,0.4217501135557698,-0.38644821458454526,0.22362756895026656,-0.3237128353879623,-0.36966746089298663,-0.26375220138816946,0.01728597725697073,-0.23973097243583102,0.08308457314983783,-0.13116209388870737,0.5286710388958394,-0.20489285913506364,0.40571842950378123,-0.4767238562742551,0.024033979073863048,-0.6030026536190423,-0.5802484679932106,-0.33779056331630664,-0.230004223477755,-0.13964251846775413,0.35609176899967326,0.19988524890627865,0.3723625178302481,-0.049803568440261695,-0.14373052618157767,0.41761748041661023,0.40670337639155624,0.21507383117245335,0.32486990891631934,0.17120863183227214,-0.19203914287308052,-0.1530636151375818,-0.11288479468319933,-0.09826199905967854,-0.2779128051064237,0.028091705249065655,0.4673477356581055,-0.29928041501645564,-0.03959390862944162,-0.10800149813927915,-0.2719903736582489,-0.3394879232442684,-0.3307317772872523,-0.37890492393755626,-0.34170006932878577,-0.054310736399206305,-0.3973973814437919,-0.3637769047486234,-0.5066436101969097,-0.3414355043071504,-0.28902612978029946,-0.4643673947517312,0.22536796053837388,0.5574018439863255,-0.14847038385834616,-0.33981783263871734,-0.3188056323661835,-0.4144650128696539,-0.30424180605471396,-0.5328578600514786,-0.05899162476392353,-0.30929882300440675,-0.2419112432165369,-0.4256851198112982,-0.19702762791957862,-0.018025484305397285,-0.18006199746591334,-0.3858664902899856
#201,0.4943955247073449,0.4454685271218991,0.7140402744463659,0.5562049263282041,0.12028942775860832,0.20712094287148675,0.4757134091434309,0.34794762887583774,0.1179991871797528,0.5209364964259816,0.4699503542143136,0.1917347337216808,0.2310911713377268,0.07854234235670059,-0.006661938496601296,-0.041903274390584035,1.0,0.6475659221126951,-0.23373204025850872,-0.30715202129270297,-0.007522571699511511,-0.1927770561563165,-0.19027643857230514,-0.27432364589724995,0.12305620412944561,-0.20922471292304504,0.17512132537513247,0.1839603471220585,0.14899632637123572,-0.10919522826701943,-0.10818318737100463,0.22636087625210177,0.02655053430978014,-0.02777295221095076,-0.07844352891488497,-0.13564694913498393,-0.03652112934201404,-0.26837890173640716,-0.2945501199308306,-0.27647682266971607,0.017313071265210495,-0.01840480042075401,-0.1654551394942983,-0.24290734646064596,-0.15516260389356837,-0.4463976922280041,0.17756456741228316,0.21887017985640175,0.23688928910103674,0.04095498410219223,0.1732661826933038,0.2036401596952721,0.05737076556510929,-0.044960116026105876,0.006298560033150316,-0.21451760712094287,-0.08007554447003323,-0.4207109786515153,-0.026701942002884716,-0.05335766481524277,0.10551203691160181,0.11216600658225023,-0.20532158197132816,-0.21696244292328412,0.3039517407900294,0.2781901202495836,-0.08292997792635211,-0.06709592075799473,-0.01059375722174852,-0.22876108662910694,0.38713193985130173,0.25696913673708455,0.10355648702276693,0.224311294217023,-0.049464096454669336,0.13467793989911467,0.07841484114145462,0.12785024982269363,-0.08109714795719147,-0.18820454382455834,-0.059074500553833405,-0.28362485954944255,0.35748631354142596,0.1486042601343544,0.14983942815704962,0.19920949246547506,0.11883113260923268,-0.03530508650160572,-0.08068595653802325,-0.05626628628804118,-0.13173106806174245,-0.020773135493947676,-0.26815099331415504,0.07967232187681789,-0.05283809736311549,0.47291475746878214,-0.11154284439273562,0.4012367617878858,0.34085218624740016,0.2711265529249576,0.22644534580720221,0.42248005801305294,0.16123963056522883,0.24765676672855788,0.3033158284789902,0.16421519017603137,0.10738311724533625,0.10553275585907929,0.01920646431161297,-0.024314481747404155,0.07992573054211922
