,#10,#11,#12,#13,#17,#18,#26,#49,#50,#51,#52,#53,#54,#58,#101,#102,#201,#202,#301,#302,#401,#402,#501,#502,#601,#602,#701,#702,#801,#802,#901,#902,#1001,#1002,#1101,#1102,#1201,#1202,#1301,#1302,#1401,#1402,#1501,#1502,#1601,#1602,#1701,#1702,#1801,#1802,#1901,#1902,#2001,#2002,#2101,#2102,#2201,#2202,#2301,#2302,#2401,#2402,#2501,#2502,#2601,#2602,#2701,#2702,#2801,#2802,#2901,#2902,#3001,#3002,#3101,#3102,#3201,#3202,#3301,#3302,#3401,#3402,#3455,#3501,#3502,#3601,#3602,#3701,#3702,#3801,#3802,#3901,#3902,#4001,#4002,#4101,#4102,#4201,#4202,#4301,#4302,#4401,#4402,#4501,#4502,#4601,#4602,#4701,#4702,#4801,#4802
#10,1.0,0.5235646152252389,0.5327032648279929,0.6139613830694324,0.2569834806237997,0.3568631513519113,-0.08524412498306624,0.6708747380248468,0.15975742893799458,0.46857493485484786,0.5181250946298082,0.16779956808963337,0.03689566416179904,-0.011223294472025436,-0.2654734677939899,-0.3802070300982556,0.4697272270876332,0.32848138083816114,0.2507152021292703,0.2228450302416945,-0.2769581397572696,-0.2324904971750512,-0.18410697351959135,-0.29405127142618076,-0.10798396672218281,0.10970682689319383,0.0011985114233120035,0.2726916303421017,0.07206368685701535,0.31751787009219934,0.10947891847094168,-0.03136370518531505,0.08808262078747937,0.366325335288352,0.2786857812238523,0.12168875359593272,0.2902740479245193,0.28851453115412506,0.175389077927149,0.125504227462168,0.2880284327709999,0.23722557355624796,0.05196949533425241,0.076593167528628,0.1015164675788316,-0.1642263465323654,0.13379818151391756,0.12190550566185084,0.04597056315693009,0.03918590474065456,0.2094956530054427,0.07928663070069887,-0.01654806397373475,0.11855222370088214,-0.10557897504960594,0.153624620484664,-0.08023492098909067,-0.03198208607925794,0.04795161328881416,-0.0005912868857031293,-0.1863207133692993,-0.05314728781008694,0.11602451210863103,-0.04807433320848839,0.3390894819466248,0.24787830009004774,0.15747515718509192,0.0024097729681486026,0.25646231940648184,0.13892213660161448,0.24731570097777494,0.30269426005466615,0.17002446429567533,0.3181553761684291,-0.0971846137908502,0.017743387866665603,-0.2470192606523281,-0.024567890412705497,0.28704826717879656,0.22443242037150665,0.0629887878618843,0.04032385308672473,-0.1206910565866331,0.1333200519567452,0.134931348564416,-0.0531249750974189,-0.06380638940464901,-0.051896182135485976,0.1571882794507885,0.02350484903059232,-0.024375044824645985,-0.026246125158380415,-0.023676975671174365,-0.04775398640518293,-0.09108368064133111,0.21865980285124592,0.13375674361896261,0.2714931189187897,0.37189554462940977,0.17682027906828487,0.29672560941596476,0.09842934440468885,0.39078963096367014,0.04494099084381898,0.3249065655157026,0.13839300655834377,0.08609519559483302,-0.23447792236769757,-0.08944688379061112,-0.3376981249352533,-0.22193817784825762
#11,0.5235646152252389,1.0,0.33635617464478956,0.15838519710890994,-0.046990572878897754,-0.01903911896660265,0.33663986484871183,0.38767063248571587,0.434476328602507,0.457439297468304,0.3362238921339719,-0.1316226920287834,-0.14425009363370495,0.14938361131254532,-0.025594275195435456,-0.07264700491676561,0.15515782259799663,0.24524539999521872,0.33071424587015597,0.38834001386575717,-0.17108431814740735,-0.07296735172007109,-0.2492712508666098,-0.26805536740272057,-0.14936289236506786,0.09652957629752408,-0.08483930862466033,-0.06775733331208313,0.10770983910940402,0.1369108049311095,0.19883177011530892,0.06855740343775152,0.044293922176445746,0.12504522308728255,0.28011698236498817,0.11345376885623441,0.22975081481245369,0.16836216720190614,0.16079337631186796,0.12888300966618588,0.08350851469053064,0.025935340946218393,-0.05811186637872642,0.12221628987401287,-0.14712205850712015,-0.21761429288622908,-0.1080222170867566,-0.042430810668664186,0.03367785224202918,-0.23620397006908972,-0.08555809672560942,-0.05748232912844951,-0.12537194495135032,0.04304122273665421,-0.08692395349393174,0.11355736359362176,-0.23919865486217914,-0.11181537824032385,-0.1226386376495151,0.06124361497820526,-0.06019332371761668,-0.029824128011220107,0.09617576042521656,0.02954043780729785,0.27272669317629433,0.2711504594028162,0.18317780841348644,0.2763748216975193,0.34060196511248,0.31430643323319174,0.4008191953079553,0.4040370072277251,0.15697471491525153,0.01214449075217748,0.02604531074436803,-0.01284574743603025,-0.16912876825857245,-0.0830367601941206,0.3716803863286822,0.2625648463211915,-0.1365171449290376,-0.11849325438883089,0.04538405756679868,-0.07748886356573086,-0.07611503797145566,-0.07854712365227232,-0.08456996230745324,-0.21250627545043788,-0.05729107730558057,-0.11419646343504211,-0.09051151893791488,-0.13978914486528699,-0.06862912287132737,-0.06922837858298336,-0.06826574440787639,0.21837930017770482,0.25340866530134115,0.1169138330849716,0.20007012566838528,-0.039115779072269284,0.12003761285849755,0.04969997370287436,0.150029086214728,-0.03323000422347776,0.32162978428388145,0.06592131581254133,0.26557706253137725,-0.0658990030998733,-0.039001027978547924,-0.18775032074524461,-0.06766489493102981
#12,0.5327032648279929,0.33635617464478956,1.0,0.6727617560104869,0.07484161958418666,0.3972826303500705,0.019471029333248333,0.17951374224035574,-0.06253775231295174,0.49444811895863383,0.4492808134577533,-0.042944003060029164,0.11077146204049758,-0.06833268254588051,-0.29753046083720486,-0.10421471204647419,0.6774538007315383,0.7316386296806892,0.015786244212640153,0.020416132091258993,-0.09932344667660113,-0.05270103355672609,-0.1390337001649547,-0.10866609822374869,-0.026156874307708244,-0.16715568695264127,0.1220266318163345,0.3330762058825873,0.15137263027038225,0.07980619815282615,0.10837762672425472,-0.08110671054833492,0.20319231167672067,-0.07241112766856059,0.021726207077911213,-0.0860649140562121,-0.17154651005267393,-0.14774681446182533,-0.12137478185338954,-0.05013188406952004,0.08419861501804939,-0.13417271633370256,-0.34117093928551506,-0.12143853246101252,0.15376327805624398,-0.07851843587884197,0.16366215365490203,0.28209484496649107,0.31321948537322,0.1086533481022241,0.35313533457115764,0.47613097562336143,0.2560351903354079,0.3510618460582202,-0.050648263991266165,-0.06326769677023485,-0.09616938536445425,-0.06818764991353823,0.002197802197802198,-0.07111061527305182,-0.1301755532357418,-0.008161671540931874,-0.3352357577158157,-0.27884515774290974,0.2213452971973639,0.2591956267083171,-0.17427822358931858,-0.18987799727466154,0.06508140155710859,-0.05667907147239997,0.33368502418538676,0.3716803863286822,0.05029444811895863,0.29732486512762074,-0.2045326682019938,0.13725187068189243,-0.3294886404386042,0.03912693542860331,0.2140283212074365,0.18094653714668218,-0.2357991537106838,-0.05653882013562942,-0.305612444118608,0.02151583007275538,-0.03102582696491326,-0.1436157750878563,-0.06333463490823897,0.05232171744136936,0.02966156396178151,-0.16722421885583597,-0.18241120735682012,-0.11075233685821068,-0.032264182517989626,-0.0142036353783997,-0.11732661826933038,0.5177314346277363,0.2436962602299803,0.6542533608523456,0.41642056275848877,0.5413478472216688,0.6360127182462207,0.19065416092247128,0.29389667620269505,0.4338388225262772,0.4923586927937907,0.43195021077544643,0.2323279331256126,-0.010039126935428603,0.16453394321414627,-0.32302114129525294,-0.21114041868211555
#13,0.6139613830694324,0.15838519710890994,0.6727617560104869,1.0,0.30566503836989695,0.502263943453211,-0.3255456653571229,0.37281355337918065,-0.12762393516563206,0.37883957956474273,0.41085991600857447,0.3101196120775526,0.22010056658352525,-0.1315238785869678,-0.23062101060650733,-0.24426682816820597,0.5400393660002072,0.4037851923276144,0.17863717138553978,0.15108256500569772,-0.1553283554733881,-0.25947612938185816,0.018631115077815584,-0.21704850624357513,-0.04074938839260812,-0.08024767111061527,0.11721505470599017,0.3859971790356127,0.02167201906143168,0.19173792125206193,0.08358501541967822,-0.009251806931284814,0.23889743324116058,0.2381340197148754,0.3085274406521687,0.1275330905497693,0.2379905808477237,0.1925379913777303,0.1717807935356884,0.04705591725171131,0.30166787527193617,0.13110949963741841,0.11159065734845285,-0.02016112966076708,0.276593167528628,-0.15275123716022918,0.3108256500569771,0.2860218823960666,0.1997991855859876,0.12658161273099633,0.3834296233135972,0.23149280016575158,0.2208703551705727,-0.04523583740407526,-0.10727792874275834,-0.033536007140068054,-0.06033676258476839,-0.14961789479555976,0.17958068037835986,0.0855341902477508,-0.23227852640470478,-0.04459355003227374,0.056424069041908054,-0.13641992525241256,0.21987425192646368,0.20039844129764361,0.025269147096558264,-0.18055925220537258,0.002814589326554519,-0.10345926734614189,-0.020106941644287547,0.08156093362764864,-0.1527623935165632,0.2922710357083091,-0.28877272111499813,-0.1211277482488505,-0.4087354270095387,-0.23694507088270686,0.21519495732693703,0.10761421319796954,0.12098271561650822,0.14474256707759245,-0.41338125254006325,0.3060459482504443,0.20539330140490403,-0.16944274000111564,-0.07376264055016775,0.11348405039485533,0.2510578616452438,0.1829626501127589,-0.00720859995696834,0.11989258022615527,0.09500274924495374,-0.015367083967519065,0.01648431336611177,0.13159559802054363,0.058875279905011596,0.5353457275139654,0.5240937452685096,0.3835172803990788,0.3871845341025907,0.19332053008630237,0.3805210018407988,0.3878921658472057,0.3224489795918367,0.2567221031325455,0.0705496099259696,-0.213460940799592,-0.0812071177553411,-0.37351959135860513,-0.31479412538150753
#17,0.2569834806237997,-0.046990572878897754,0.07484161958418666,0.30566503836989695,1.0,0.6324394966889528,-0.6055893345233446,0.3538557164372973,0.047863956203332565,-0.2150084867996398,0.076368446636757,0.8669381380041279,0.607446070970364,-0.1896229948441696,-0.25307397461132053,-0.4184111754815163,-0.0036290033389380742,0.05208743395835492,0.08804755795328674,-0.009087649116655643,-0.30200894102271914,-0.3107858059272127,0.1347687845149774,0.04304759779741651,0.0005020360350309589,0.025337678999752967,-0.15055343496242699,0.07677485676035349,-0.07160468248212991,0.16913673708452534,0.13136928336348205,0.4888731283220043,0.08491899688418905,0.22319725234881144,0.2845763373682155,0.5018511582688523,0.362291515591008,0.3391946704492027,0.24661444429392218,0.09617735419040713,0.3483572265298154,0.4764688538437632,0.46492202503805113,0.3837738765947613,0.45307078708093934,0.29926447736454986,-0.12745021475985943,-0.05205396488935285,-0.09788746423989354,0.3297468303994772,0.14020511758002693,0.00850592482209596,-0.030517415869120004,-0.2937803313437831,-0.2614970236435066,-0.1677645052554407,-0.08905322378853923,-0.05247312513447394,0.18983815314489716,0.13652192622460932,-0.10895616348843325,0.051110455896532764,0.42695056937261433,0.20247671110615273,-0.09277466550853063,-0.03277578114416403,0.013990070842862721,-0.2515073034289858,-0.11912438540429839,0.015641211580297874,-0.1827554606379842,-0.13714508841412396,0.1467379610961917,0.42557515001314855,-0.1206591812828216,-0.17971774418474926,-0.18325430914263402,-0.17401365856768322,-0.0028671835778434763,0.10521559658615497,0.446064595303174,0.823015563117086,-0.47778371012598714,0.7448047239200248,0.858135772856585,0.17809369745555387,0.19919833610914103,0.39216664408832647,0.6253615854776116,0.7589525775167545,0.7052283467076795,0.5600012750121525,0.3565906175043231,0.23386591653451697,0.2775542079385444,-0.2973232713624302,-0.04984978763078836,-0.0963478870657986,0.08673429543625338,-0.051314457840926295,-0.06207396664249456,0.1736709990517097,0.5186829124465092,0.058086366135677234,-0.04008319454294799,-0.24380144873255824,-0.1542493764393692,-0.10464343488273872,-0.019106057104606777,-0.13667811521328563,-0.11905585350110368
#18,0.3568631513519113,-0.01903911896660265,0.3972826303500705,0.502263943453211,0.6324394966889528,1.0,-0.3458422650590888,0.27759086453792764,-0.217794388352764,0.21582608834240452,0.27440652168715984,0.6287594928639164,0.531111093402609,0.028351488975129294,-0.39054578488951225,-0.377475316561611,0.3749125421351672,0.23540708747380248,0.043673947517312274,0.04268103180358438,-0.24860027572137797,-0.2425790308313876,0.05917012646526787,-0.022754185625831747,0.013795631489612636,-0.012683183386591653,0.05360469841978181,0.3035469244316235,0.04251049892819291,0.13369777430691135,-0.07249081592808931,0.13340611527703625,0.06310035142522452,0.18545848640119852,0.14940114272964164,0.26235925061160736,0.11743658806748002,0.1394640167664098,0.09659492067033763,0.07185968491262182,0.25948569197300164,0.1300002390647786,0.16016224529640047,0.08760767876068819,0.30141606037182544,0.07785064826399127,0.14985058451338365,0.19856083003291125,0.1268892094127772,0.30597741634724956,0.3285977256970731,0.19109563388026043,0.16553801528420817,-0.09808509112352477,-0.15315764728382567,-0.20273330730183522,-0.02066794699136976,-0.013500784929356358,0.12068149399548965,-0.07722270477890493,-0.14024177417941014,0.15051040330228146,0.1691128306066667,0.026802349209890906,0.15715481038178644,0.11700786523121548,0.055735562479579885,-0.29649610722852204,0.02499342571858888,0.04069520037612859,0.03460223605256237,0.057386703217015035,0.04848393086246603,0.30561722541417974,-0.13052458781247758,-0.048407430133318455,-0.1876068818780929,-0.06397214098446875,0.03896915267473643,0.14074859151001282,0.3736646239909474,0.4599941030687949,-0.3811903832208401,0.4124441186080055,0.4724716907458024,0.018685303094295117,0.13973973814437918,0.44466048817027787,0.4234187857103013,0.38493095012311834,0.38285905537537157,0.37927467746176957,0.308148124536812,0.21034034855644718,0.0575699862139311,0.028418427113133422,0.034911426499533826,0.29927882125126504,0.2609631123046642,0.20128138721322186,0.22425391867016234,0.057128513256141975,0.4315342380607065,0.15442469061033237,0.23295587661069894,0.0964355441512802,-0.05037254261329678,-0.13863685263250167,0.03932137478185339,-0.2454637458263274,-0.23236937102056754
#26,-0.08524412498306624,0.33663986484871183,0.019471029333248333,-0.3255456653571229,-0.6055893345233446,-0.3458422650590888,1.0,-0.20078891376933436,0.2868251400521161,0.3567308688410936,0.08800133876276008,-0.6334037246292503,-0.40898724190964947,0.4063240602761995,0.09090517893998677,0.39806198152826144,0.02930137302871168,0.1344691566591494,-0.1687829212122178,0.08575731737443122,0.03297659555817641,0.18902055160213246,-0.14037883798579956,-0.09133230801106074,-0.050213166094239335,-0.173153025364773,-0.06719792173019148,-0.2819673437512451,0.16225485899162476,-0.07693423327941094,0.002003362844552112,-0.31724693000980164,-0.08059829945254166,-0.2989999123429145,-0.16601614484138053,-0.3340069647538828,-0.2476742981456542,-0.32237247886268916,-0.16875263967359688,-0.047140386806811756,-0.1562718644662082,-0.44141717600745883,-0.3672545003944569,-0.18145972953804715,-0.4155949923897712,-0.11708277219517249,-0.09716708237375388,-0.13187131939851301,0.10941835539369985,-0.2846592131581254,-0.208003888787065,-0.056481444588768734,-0.07581700388081825,0.17889695511160342,-0.011304576496744734,0.05383420060722454,-0.03782482926790396,0.18340890436611973,-0.2356445584871981,-0.09231087983807346,0.15879957605845932,0.015886651419646344,-0.32281235805528774,-0.06161974356318084,0.08086764576974874,0.02679916167950976,0.14858832248244866,0.45881631059296035,0.06357369968682514,0.055007211787487346,0.3745842265059089,0.18815194957326936,0.15179975934145623,-0.2515264286112727,0.34144825442867505,0.40289905888165495,0.20931874506928894,0.2951716883551546,0.289282725975982,0.23908709129883896,-0.23875399437400888,-0.6278000462191905,0.5223947915753572,-0.6315517694778028,-0.6339057606642813,-0.11458056084597057,-0.15284845683685422,-0.17784028879025254,-0.4325191849484815,-0.5949477643458789,-0.4410808915522476,-0.46546868649841816,-0.278027556200145,-0.219667062451689,-0.28720286240228227,0.3300671772027827,0.08841571771230945,0.10839515814135103,-0.20707153615057894,0.07221828208050109,0.06815418084453617,-0.006194965295762975,-0.27110105268190837,0.03007116161575915,0.0886802827339448,0.1745332260198105,0.22153973655061399,0.13076524635625433,0.1732215572679677,0.021939771613448192,0.08686020288630876
#49,0.6708747380248468,0.38767063248571587,0.17951374224035574,0.37281355337918065,0.3538557164372973,0.27759086453792764,-0.20078891376933436,1.0,0.3556805775805051,0.33103937396903316,0.4894931029811378,0.3490154515535226,0.19705472192781837,-0.06950250619576218,-0.10240578855517217,-0.3576919092510101,0.17711353186335058,0.11947182621584362,0.2758600355409638,0.038218489269975855,-0.15311620938887074,-0.3172389611838488,-0.14300058172429456,-0.36795097578273794,-0.0759126297922527,0.08930503868865,0.043414163791248635,0.2452645251775056,-0.0513638645618341,0.31176597151941604,0.08131549378830016,0.09861581493198607,0.13266342069822853,0.5158491979376678,0.31359880148857666,0.09460749547769128,0.44919475013746224,0.2998892333192551,0.3309102789885966,0.03115810947573094,0.47679876323821213,0.33465562718644665,0.28534293842488184,0.01671540931874507,0.17106041166954872,-0.17644255671811873,0.07906509733920901,0.04888396592530023,-0.025801464670210137,0.10463387229159528,0.0955669421224171,-0.005933587804508761,0.016025308991226322,-0.15379674712524605,-0.11114280932990142,-0.06753261242021213,-0.1147781877296018,-0.2507231709552232,0.02340444182358613,0.04307628557084685,-0.15179019675031277,0.020808198328140314,0.2688379061112926,0.05918128282160189,0.3337934002183458,0.26634366358804357,0.2050315167066436,0.022696810078971064,0.17089466008972898,0.040360509686107944,0.03913171672417503,0.06508937038306147,0.05896771828606492,0.20473348261600618,-0.2551649945413542,-0.2076867295141407,-0.29116018137047867,-0.26832471371992767,0.23085848161990294,0.10752655611248794,0.20398122544605504,0.1762194295914383,-0.20416132091258996,0.3821179545617544,0.21579261927340246,-0.019799344962506675,0.015156706962363235,0.08958713512738169,0.2745324291372152,0.2770091402433679,0.10221453673230323,0.09918638287021173,0.11661420522914359,-0.117949780458845,-0.08361051566272741,0.01033397349568488,-0.15238945246196878,0.09554941070532079,0.3094661683494171,-0.05188024448358024,0.14240929483859144,0.08571269194909514,0.4402728526006264,0.0549354923539115,0.25311381874108485,0.019592155487731994,0.1453019786594841,-0.18360971878013213,-0.09693758018631116,-0.22732510419239935,-0.1661739275952474
#50,0.15975742893799458,0.434476328602507,-0.06253775231295174,-0.12762393516563206,0.047863956203332565,-0.217794388352764,0.2868251400521161,0.3556805775805051,1.0,0.1767804349385205,0.12373992939620206,-0.07637960299309103,0.01877774147534844,0.012668839499876483,0.2897640430635354,0.12674577054562552,-0.008421455266995514,0.11788284232084087,0.08141590099530636,0.04343169520834495,-0.05807202224896206,0.00015937651905744728,-0.12224179011706206,-0.06466542884236866,-0.0016479532070540048,0.06446461442835627,-0.2296376574839229,-0.18433806947222467,0.13564057407422164,0.18212592338770728,0.43770529687861087,0.2345002350803656,0.255555467013045,0.05803695941476942,0.24474973902095004,0.07888022057710238,0.2298416594283164,0.06736367331001124,0.1806835658902374,-0.010837603295906413,0.22673062977631506,0.08987720039206623,0.07909537887782993,0.13408665301341152,-0.016030090286798047,0.046639944536971366,-0.11740152523328738,-0.09793846472599192,-0.14498163185617863,-0.2083465483030385,-0.3041573364996135,-0.2882419973065368,-0.24327391245447808,-0.11540134991911642,-0.14133350333495368,0.0776737403278375,-0.16321271187116002,-0.0652614970236435,-0.18000780944943381,0.14838750806843629,-0.21441241861836496,-0.29902860011634486,0.09034098606252342,0.08862928224784643,-0.022857780363219088,-0.0020687072173656653,0.09962626206281029,0.43433926479611756,0.1297245176868092,0.11567229000151408,0.1902286256165879,0.07904437839173155,0.14072627879734478,-0.13779375084668777,-0.04226984038441616,-0.17012168397230037,-0.15919164229534064,-0.12305301659906447,0.4184844886802827,0.34099084381898015,-0.1319972268485684,-0.034962426985632206,0.07844831021045669,0.017682824789423773,0.0022073647889456448,-0.1933683430420196,-0.17051056267880052,-0.03530508650160572,0.0022169273800890913,0.0066077504801217634,-0.1247360326403111,-0.24568687295300784,-0.2539601080572799,-0.32563013491222337,-0.13319573827188042,-0.055094868872968945,0.09085417845388839,-0.001955549888834878,0.13489628573022336,-0.07145327478902533,-0.05573715624477046,0.4299755357043247,0.1596984596259433,0.0997123253831013,0.12044880427766577,-0.07353791965829674,0.3502904637059822,-0.16648471180740942,-0.17786419526811115,-0.2517128991385699,-0.016788722517511494
#51,0.46857493485484786,0.457439297468304,0.49444811895863383,0.37883957956474273,-0.2150084867996398,0.21582608834240452,0.3567308688410936,0.33103937396903316,0.1767804349385205,1.0,0.5579182239080717,-0.14037246292503724,-0.14556813744631003,0.19583230402664775,-0.1612906310513272,-0.047715736040609136,0.6480201451920089,0.36237439138091787,0.27490537019180966,0.10411749236984914,0.05258309493262358,-0.14514738343599837,-0.022218680521798723,-0.2836551410880635,0.10146546709273323,-0.059131876100694085,0.2916781550574154,0.22628915681852593,0.1874634430109412,0.08026520252771159,0.03219246308441377,-0.20099769700929962,0.03459904852218123,0.10661492242347935,0.13230641729553985,-0.28537003243312165,0.05148339695112719,-0.19193236060531202,0.1029412936592052,-0.08601231980492315,0.13077162141701662,-0.3297229239216186,-0.2155089290694802,-0.3935707512212226,-0.010920479085816287,-0.3762465235996781,0.2400465379435648,0.12769246706882675,0.1767501533998996,-0.07466789917841404,0.17996796531966947,0.07768489668417151,0.19617177601224012,0.08838384240849796,0.20000159376519058,-0.11902875949286391,0.016509813609160963,-0.12220035222210712,-0.05563196774219254,-0.04664472583254309,-0.08419542748766824,-0.04512268007554447,-0.23480942552733705,-0.25790308313876115,0.5074787431567707,0.4154403971662855,0.04836917976874467,-0.021139701487779806,0.20218186454589646,0.005723210799352931,0.2568496043477914,0.3349010670257951,-0.01811632892126003,-0.04827196009211963,-0.10153081146554678,0.0599048522181227,-0.15185554112312633,-0.025635713090390394,0.17591661420522914,0.03363960187745539,-0.22598315390193563,-0.31756568304791655,-0.07120464741929572,-0.18257377140625872,-0.3414514419590562,-0.22986556590617505,-0.1539624987050658,-0.0003968475324530437,-0.20449282407222943,-0.2957677565364295,-0.3908661316928177,-0.21769716867613895,-0.14222760560686595,-0.18803879224473857,-0.15737315621289516,0.5018941899289978,-0.018384081473276543,0.6442269840384416,0.29517646965072636,0.36379124863533857,0.4143885121405063,0.1042386185243328,0.16035509088445998,0.23112782793711004,0.38670002948465604,0.3776044115420475,0.2542868299213477,-0.07979663556168269,0.009502028066205006,-0.33523257018543456,-0.13323239487126362
#52,0.5181250946298082,0.3362238921339719,0.4492808134577533,0.41085991600857447,0.076368446636757,0.27440652168715984,0.08800133876276008,0.4894931029811378,0.12373992939620206,0.5579182239080717,1.0,0.15915339193076683,0.026638191395261735,0.15395931117468464,-0.23064491708436596,-0.08176812310242332,0.4117014240291978,0.3286455386527903,0.3697806182215174,0.13564854290017453,-0.052629314123150236,-0.0971160818876555,-0.21617193538875917,-0.4587047470296201,-0.06821474392177801,-0.07378495326283578,0.05414498481938656,0.14213357346062205,0.11790834256389006,0.1862697128832009,0.05250181290790428,-0.22465714126337766,0.19263042975878364,0.2410442349528644,0.194318227095602,-0.15526141733538398,0.15891592091737125,0.05174158691200025,0.056398568798858864,-0.09941747882284503,0.22634334483500546,-0.060261855620811385,-0.06205324769501709,-0.10308473252635689,0.011009729936488457,-0.40708747380248467,0.23604140601965112,0.11041923993338061,0.13912454478081746,-0.17475635314649093,0.14243320131645004,0.01472001530014583,0.007728167409095618,0.14354246188908987,0.10180334531313502,0.012839372375267952,-0.1938879104941469,-0.25038529273482135,-0.2019172995242611,-0.2628580991162572,-0.008215859557411406,0.020763572902804228,-0.07688960785407487,-0.23728294910310863,0.40245280462829414,0.1117627839890349,0.09189331335814295,-0.1180501876658512,0.28847946831993243,0.05774051908932257,0.3240602761995075,0.2752639673596889,0.23020344412657684,0.2113938273474169,0.06788005323175736,0.18302799448557244,-0.14910310863900422,-0.016495469722445793,-0.04667660113635458,-0.04650925579134426,0.051757524563906,-0.03137645530683964,-0.1928822446588944,0.06310194519041509,-0.0015013268095211533,-0.0327343432492091,-0.1442102495039406,0.06330435336961805,0.04432739124544781,-0.06509096414825204,-0.21181139382734743,-0.12756018455800908,-0.18464247862362437,-0.09373570591844703,-0.11185840990046936,0.28690004701607313,-0.06320075863223071,0.470750424339982,0.23441735929045573,0.19741172533050705,0.27359210767477626,0.12825665994629012,0.2053008630238507,0.36924670688267497,0.3780984787511256,0.3716532923204424,0.07618835117022209,-0.07432364589724996,-0.05693088637251074,-0.1797018065328435,-0.1649562909896485
#53,0.16779956808963337,-0.1316226920287834,-0.042944003060029164,0.3101196120775526,0.8669381380041279,0.6287594928639164,-0.6334037246292503,0.3490154515535226,-0.07637960299309103,-0.14037246292503724,0.15915339193076683,1.0,0.6025500243049191,-0.08934807034879551,-0.2496410043908231,-0.42321637753109836,-0.024432420371506666,-0.08825315366287084,0.20295802819370623,0.05592043924168652,-0.20096263417510699,-0.30946298081903595,0.18622827498824598,0.01894668058554933,0.015993433687414835,0.11641020328475006,-0.02366103801926862,0.10967973288495406,-0.1537361840480042,0.12146084517368057,-0.055443903449704755,0.352104168492856,0.06061248396273777,0.369194112631386,0.30090924304122274,0.43328737977033843,0.4169863494011427,0.40777757413000343,0.3038943652431687,0.09374048721401876,0.36577548629760376,0.44411382670991084,0.5725394257664018,0.2759014734359187,0.4176939811457578,0.16148188287419615,0.03863286821952522,-0.06778283355513232,-0.03563658966124521,0.285731817131382,0.18382487708085968,-0.10292376224210888,0.04078285746161018,-0.33537282152220516,-0.07973129118886914,-0.15510841587708882,-0.04062188717736216,-0.1842424435607902,0.14307230115787042,0.019660687390926693,-0.052332873797703384,0.12877303986803623,0.5484974778665859,0.24295037812079145,-0.03574018439863255,-0.0736462956912558,0.13201316450047415,-0.3086294416243655,0.02195730303054451,0.10224322450573357,-0.21417016630939764,-0.11802149989242085,0.02531855381746607,0.38124775876770073,-0.12672027030257632,-0.2412370805409239,-0.188175856051128,-0.30065902190630256,-0.16931205125548854,-0.07418817585605113,0.6089569603710285,0.8080453266820199,-0.43991744296312824,0.7896453075568377,0.8155949923897712,0.22741594880826208,0.2211779518523536,0.3713935085943788,0.5799854967367658,0.7874395365330826,0.6454860585389954,0.6064244674832057,0.3961845261337647,0.24427798452454,0.20411032042649158,-0.37710396927220713,-0.14788547203340532,-0.00873702077472926,0.10944704316713019,-0.09265353935404697,-0.16035987218003173,0.03389779183832846,0.4089218975368359,0.15427487668241838,-0.03735944983225621,-0.15513869741570974,-0.24756592211269512,-0.0632023523974213,-0.08369498521782785,-0.13484687900931555,-0.2357178716859645
#54,0.03689566416179904,-0.14425009363370495,0.11077146204049758,0.22010056658352525,0.607446070970364,0.531111093402609,-0.40898724190964947,0.19705472192781837,0.01877774147534844,-0.14556813744631003,0.026638191395261735,0.6025500243049191,1.0,-0.030249663317103492,-0.28462574408912333,-0.2621759676146913,0.0908908350532716,0.14805919243917792,-0.05299428635179179,-0.1648813840256915,-0.3043645259743882,-0.2766250428324395,-0.038192989026926666,-0.00045741060969487363,-0.2056945230259226,-0.2550598060387763,-0.017515479444413454,0.2931954195188423,0.22102973168963017,0.32882882164970634,0.23652272310720462,0.33576010646351473,0.32687486552606204,0.14531951007658042,0.25474583429623315,0.27394114225151206,0.214284917403119,0.10850672170469125,0.1708755349074421,-0.056599383212871245,0.19801098104216305,0.11207356820119692,0.27263744232562215,0.051722461729713363,0.24160364653475602,0.16790635035740184,0.20079688259528725,0.18385834614986174,-0.013674505335128975,0.24284040832264184,0.20628421614643513,0.20090366486305572,0.059020312537353875,-0.20130051239550878,-0.3132864235112241,-0.26420323693710207,-0.18625377523129516,-0.11057383515686633,0.14023699288383842,0.0692953167209875,0.008635019802532493,0.18507598275546064,0.2973790531441003,0.060206073839141276,-0.06475308592785024,0.005823618006359123,-0.0020304568527918783,-0.2745643044410267,-0.18372287610866292,-0.07317135366446462,-0.045798436516348046,-0.1164261409366558,0.0529624110479803,0.2846225565587422,-0.15667508705942354,-0.09826199905967854,-0.10057933364677382,-0.09540597183816908,-0.019121994756512523,0.03516961646040689,0.3659300815210895,0.4773406434030074,-0.3609097211707799,0.6328490943429305,0.6531648192271833,0.16016543282678164,0.31096749515893823,0.3900517176804341,0.37701471842153494,0.4935492353911498,0.40923586927937905,0.5674090956179426,0.39319940393181874,0.2106686641857055,0.175774769103268,-0.2598315390193563,-0.08240244164827196,0.07681948218568958,0.02247368295229064,0.05184836917976875,0.06776052084246428,0.356845619934815,0.2714676186757405,0.2577708006279435,0.014119165823299253,-0.15627027070101762,-0.11841515989449275,0.08197212504681685,0.16807688323279332,-0.024193355592920494,-0.02655372184016129
#58,-0.011223294472025436,0.14938361131254532,-0.06833268254588051,-0.1315238785869678,-0.1896229948441696,0.028351488975129294,0.4063240602761995,-0.06950250619576218,0.012668839499876483,0.19583230402664775,0.15395931117468464,-0.08934807034879551,-0.030249663317103492,1.0,-0.1758448947716533,-0.019461466742104885,-0.015410115627664577,-0.10151328004845046,0.1803026560096901,0.15438962777613974,-0.19490951398130513,-0.1472240594793169,-0.09971710667867303,-0.20400672568910422,-0.072847819330778,-0.013774912542135167,0.03460542358294352,0.004637856704571715,0.24375044824645986,0.1149774083784236,-0.1577572536238236,-0.23755548295069687,0.015590211094199492,0.12725099411103763,0.2696363824717704,0.18517479619727625,0.17335065224840424,0.1298057997115285,0.12161862792754743,0.19537011212138117,0.005074548366789121,-0.05609575341264971,-0.041412394711887096,-0.07847381045350589,-0.14969439552470734,-0.23737379371897138,0.1768378104853812,-0.0018965805767836225,0.18885480002231272,-0.11078580592721274,0.024204511949254517,-0.21778960705719227,-0.2036768162946553,-0.14399190367283188,-0.14068643466758043,-0.026563284431304734,0.03783917315461913,0.13181394385165235,-0.02621903115014065,-0.023992541178908113,0.10271179147176246,0.14218935524229215,0.14534022902405788,-0.14967367657722988,0.1460574233598164,-0.10800309190446972,0.5860354294001865,0.2129923738335631,0.10413502378694547,0.10769390145749827,0.24336953836591255,0.18456119659890508,0.25103873646295694,0.15560726438173864,0.44948800293252794,0.21079138410537976,0.20452151184565978,0.0980707472368096,0.12009339464016766,0.08538118878945565,0.04506371076349321,-0.25671572807178317,0.4900062953725028,-0.26878690562519425,-0.2032162181545793,-0.02552414952705018,0.027605606865940442,-0.1354987289722605,-0.16956545992078986,-0.2912111818565771,-0.080851708117843,0.034497047549984464,0.10235638183426436,0.06170580688347186,-0.06163886874546773,-0.001112448103020982,0.06319278980627784,0.1284319741172533,-0.12300998493891895,0.026684410585788396,-0.06562168795671333,-0.18439385125389476,0.05464383332403637,-0.01165520483867112,0.07588872331439409,0.06838846432755062,-0.17260158260883424,0.07066754855007212,-0.012560463466917419,0.061516148825793496,0.14647180230936577
#101,-0.2654734677939899,-0.025594275195435456,-0.29753046083720486,-0.23062101060650733,-0.25307397461132053,-0.39054578488951225,0.09090517893998677,-0.10240578855517217,0.2897640430635354,-0.1612906310513272,-0.23064491708436596,-0.2496410043908231,-0.28462574408912333,-0.1758448947716533,1.0,0.49271569619647937,-0.18941899289977607,-0.2707791121134123,0.17341121532564607,0.08074651961526508,0.45883224824486607,0.3577907226928257,-0.008120233645976938,0.07215134394249695,0.24549880866052004,0.2594123787742352,-0.0939062387938385,-0.43817705137502094,-0.1692387380567221,-0.11118743475523751,-0.10287435552120106,-0.02248802683900581,-0.15526141733538398,-0.01628509271728996,-0.11794021786770155,-0.11119859111157153,0.0919586577309565,0.06115436412753309,0.2543346428770649,-0.07003641753460463,0.12291754655786563,0.19865326841396458,0.09784443257974802,0.2968355792141144,-0.10157543689088287,-0.04443736104359745,-0.14228976244929833,-0.1994071193491063,-0.18792085362063607,-0.32751237160229185,-0.3461100176111054,-0.46025069926447737,-0.1712229757189873,-0.03381491604841859,0.2566631338204942,0.22911012120584273,-0.12101459092031971,-0.27829052745658983,-0.23610675039246468,-0.09532468981344978,-0.4318912414633952,-0.48224147136402395,-0.051516866020129254,0.1214528763477277,-0.22387141502442445,-0.2450844297109707,-0.0025739307827777735,0.41367609910031955,0.17655252651626835,0.09756871120177864,-0.20258668090430237,-0.09522109507606244,-0.3930814653077162,-0.39532548669604506,-0.19575102200192845,-0.37462407063567327,-0.3683382607240475,-0.4320346803305469,0.3867127796061806,0.2364749101514874,-0.034613392408896396,-0.10445855812063208,0.19141279315318474,-0.2747938066284694,-0.24756273458231398,-0.473222354150563,-0.4673652670752018,-0.021874427240634636,0.00545545824733642,-0.10382902087035517,-0.0865765126823865,-0.3850361386256963,-0.34701687000454223,-0.476357290280423,-0.18337862282749884,-0.15639458438588244,0.1395150172525082,-0.28781008693989113,0.0674911745252572,-0.2062252468343839,-0.34789822215492994,-0.11509694076771669,-0.08388145574512507,-0.10943110551522445,-0.18874164269378194,-0.1155702890293173,0.010303691957063967,-0.45479045972156923,-0.28100949087170984,-0.33649483221636955,-0.1740152523328738
#102,-0.3802070300982556,-0.07264700491676561,-0.10421471204647419,-0.24426682816820597,-0.4184111754815163,-0.377475316561611,0.39806198152826144,-0.3576919092510101,0.12674577054562552,-0.047715736040609136,-0.08176812310242332,-0.42321637753109836,-0.2621759676146913,-0.019461466742104885,0.49271569619647937,1.0,-0.1530636151375818,-0.068064929993864,-0.18360174995417924,0.19842535999171243,0.14618333080987178,0.5175306202137239,-0.05479683478233152,0.21568583700563396,0.03561108941819602,0.08709926766489492,-0.27505518411972363,-0.4074237582576959,-0.1291507622182024,-0.1739833770290623,-0.08814318386472121,-0.19372215891432715,0.027800046219190525,-0.21138585852146402,-0.19599964937165806,-0.3281275649658536,-0.1832495278470623,-0.13032855469403692,-0.03976603527002367,0.0902660790985664,-0.16139900708428628,-0.4063001537983409,-0.13475922192383397,0.12091896500888524,-0.35554351377411564,0.07433958354915571,-0.07193937317215054,-0.006333622867342954,-0.20693447234418952,-0.41749794802731716,-0.4019029556375459,-0.2389962466829762,-0.1965781861358366,0.1997258723872212,0.057742112854513146,0.24928559475332498,-0.3389269178971862,0.068739092669477,-0.28151790196750315,-0.13574098128122783,-0.12950457809050991,-0.24418235861310553,-0.3584585103076764,0.07551896979018081,-0.3814023539911865,-0.3600969009235869,-0.17216170341623568,0.3069751133565492,0.07954641442676251,0.03683191355417606,0.08178406075432906,-0.09028839181123445,-0.19170445218305987,-0.2619161838886277,0.01278199682840727,0.10713289611041606,-0.10756799400744288,0.03947756377052969,0.14321733379021268,0.23131429846440724,-0.09578847548390695,-0.25938847229637657,0.1737969065017651,-0.38602586680904305,-0.3274741212377181,-0.34721449688817346,-0.29871622213899224,-0.16545673325948887,-0.36008415080206235,-0.2501717281992844,-0.24283084573149838,-0.3838710962713863,-0.3484863215102519,-0.36189944935412666,-0.3076492760321622,-0.019697343990309906,0.3040154913976524,-0.17231151734414968,-0.050761421319796954,-0.13469547131621099,-0.26530293491859847,-0.006587031532644295,-0.36171297882682946,0.043122504761373505,-0.012823434723362207,0.07532453043693073,0.12114846719632796,-0.12482050219541155,0.13204982109985736,-0.12825984747667127,-0.07192821681581653
#201,0.4697272270876332,0.15515782259799663,0.6774538007315383,0.5400393660002072,-0.0036290033389380742,0.3749125421351672,0.02930137302871168,0.17711353186335058,-0.008421455266995514,0.6480201451920089,0.4117014240291978,-0.024432420371506666,0.0908908350532716,-0.015410115627664577,-0.18941899289977607,-0.1530636151375818,1.0,0.5783184183474249,0.15930320585868085,-0.0007395070484265553,0.14298623783757938,-0.15848241678553499,-0.048324554343408585,-0.24255353058833842,0.10425614994142914,-0.20808198328140315,0.19899752169512866,0.2698021340515902,0.2325781542605328,0.05071360836407972,0.15797241192455116,-0.14253042099307509,0.1935516260389357,0.03264349863334635,-0.04577453003848943,-0.2263672513128641,-0.06653650917610308,-0.20251974276629825,-0.02191905266597072,-0.19396600498848504,0.07497230832981377,-0.2486241821992366,-0.29653595135828636,-0.2880874020830511,0.09436205563834281,-0.29307429336435864,0.22283865518093218,0.16753819059837913,0.20948768417948985,0.029608969710492553,0.23597606164683757,0.13880419797751198,0.17767613097562335,0.19695750225119332,0.15748790730661652,-0.08449664910868682,0.049464096454669336,-0.18164938759572552,-0.05713648208209485,-0.18893130075146028,-0.02612659276908733,0.048091864625584714,-0.3285435376805935,-0.44077488863565734,0.2873622389213397,0.1887671429368311,-0.09751771071568026,-0.22365944425407805,0.11943038832088869,-0.18322880889958482,0.22802157958068037,0.27068348620197785,0.013685661691462996,0.14981870920957216,-0.16920048769214832,0.07813911976348524,-0.1861198989552869,0.07053367227406386,0.20454223079313724,0.09957844910709306,-0.10318513973336309,-0.2013355752297014,-0.2278080150451434,-0.027129071073958674,-0.010461474710930839,-0.051206081807967235,0.005767836224689017,0.1383579437241511,-0.13060586983719688,-0.22391763421495112,-0.37984365163480466,-0.17174094940592402,-0.297095362940178,-0.06870721736566551,-0.11096590139374767,0.5573986564559443,-0.04486608387986198,0.7187594131756568,0.3169361457976396,0.505814852297811,0.40946696523201237,0.3693471140896812,0.26316728956322866,0.40965343575930957,0.3494983624062667,0.35902110941994914,0.19018878148682355,0.012882404035413462,0.10106543202989904,-0.30234522547793036,-0.16365418482894914
