,#10,#11,#12,#13,#17,#18,#26,#49,#50,#51,#52,#53,#54,#58,#101,#102,#201,#202,#301,#302,#401,#402,#501,#502,#601,#602,#701,#702,#801,#802,#901,#902,#1001,#1002,#1101,#1102,#1201,#1202,#1301,#1302,#1401,#1402,#1501,#1502,#1601,#1602,#1701,#1702,#1801,#1802,#1901,#1902,#2001,#2002,#2101,#2102,#2201,#2202,#2301,#2302,#2401,#2402,#2501,#2502,#2601,#2602,#2701,#2702,#2801,#2802,#2901,#2902,#3001,#3002,#3101,#3102,#3201,#3202,#3301,#3302,#3401,#3402,#3455,#3501,#3502,#3601,#3602,#3701,#3702,#3801,#3802,#3901,#3902,#4001,#4002,#4101,#4102,#4201,#4202,#4301,#4302,#4401,#4402,#4501,#4502,#4601,#4602,#4701,#4702,#4801,#4802
#10,1.0,0.6177258564495692,0.7229988285825849,0.6700156985871272,0.2538804197977512,0.4154882101220027,0.39896086509574546,0.7051885025779152,0.4794332570982317,0.666192255894939,0.5843316944114624,0.2713066483914925,0.2195985305484943,0.1426738598602268,-0.351998979990278,-0.2153527400808039,0.6149638613743037,0.6072341002000176,-0.2710867087951932,-0.16050968610794572,-0.2548048036082844,-0.388187012407462,-0.06216321749316673,-0.08656376256086191,0.166197834073106,-0.012673620795448207,0.13463968953454086,0.34718899664512426,0.30810031158109474,0.08183027994485573,0.31082086876140536,0.11086549418674146,0.517200710819275,0.14450668982938744,0.18248452055558653,0.06502402601024791,-0.021286327885312657,-0.16649427439855286,0.1637450294448119,-0.006685844974459913,-0.03320450398042856,-0.014576576432994127,-0.12402680713050546,-0.08416992724461905,-0.05571643729729299,-0.19942943206177433,0.2960498529751612,0.34293683111667156,0.18353162428579398,0.08669445130648902,0.216382312393915,0.270697830088693,0.3123110392145925,0.19556614523982183,0.10884619369028362,0.16630142881049334,-0.13019627218321925,-0.4629585063232634,0.09854250173321964,-0.1386272900413582,0.10833937635968093,0.22517989624588608,-0.20009084461586274,-0.10728589756871121,0.46213134218935525,0.4140538214504857,-0.02597040378041103,-0.24142195730303054,0.14627736295611568,0.0996629186621935,0.5050466574759541,0.4761006940847405,0.10217309883734829,0.36982205611647234,-0.25733570273091666,0.12799050115946417,-0.04703997959980556,-0.011883113260923268,0.0032321558064850307,0.019762688363123462,-0.12444756114081712,0.16551570257154014,-0.1476495947852003,0.23803680003825037,0.08831052920973154,0.0876315852385468,0.10204400385691176,-0.10429280654081234,-0.015481835061240427,-0.034237263823920824,-0.21584680728988198,0.024324044338547603,-0.10311660783016838,0.030592322833077,-0.09938879104941468,0.5101738000940321,0.33683749173234306,0.48099195945461354,0.5046466224131199,0.4676967702348413,0.45533233988636457,0.4471483556327646,0.5539258421056825,0.4068930344492346,0.47759723959868994,0.44616659627537075,0.5207404633075409,0.05769111236841476,0.05119173792125206,0.08702276693574736,-0.07439855286120696
#11,0.6177258564495692,1.0,0.6974778665859159,0.6540286399604747,0.27491812031333424,0.2754839069559882,0.6394743762401486,0.5303572424674673,0.63276462478783,0.765812142896987,0.5026591972204735,0.1860274605742336,0.2542916112169194,0.40283690203922257,-0.029239216186279275,-0.01821514236307565,0.5669389348867231,0.41933715305724006,-0.1358621074357115,0.0731410721258437,0.004577293627329886,-0.12667564487724023,0.12632023523974212,0.04915171847731674,0.16418968993298216,0.20376606714532747,0.11659189251647555,0.1832814031508738,0.23137804907203022,0.026156874307708244,0.030788355951517663,0.022872124249934258,0.20384894293523736,0.18407669198097043,0.13430818637490138,0.233877072890851,0.14847197762353673,0.12292870291419965,0.28929706986269715,0.13318139438516524,-0.23304034616579938,0.02809011148387508,-0.2820996262620628,0.00343137645530684,0.17919020790666912,-0.07681310712492728,-0.042075401031166075,0.061798245264525174,0.015311302185848958,0.05268828343520149,0.07157918223908072,0.026255687749523863,0.13258213867350924,0.008832646686163728,0.18193626533002893,0.12015077018702834,-0.00627146602491055,-0.21464510833618883,0.04610603319812892,-0.032753468431495986,-0.024182199236586474,0.08449983663906796,0.12221788363920344,0.16909370542437982,0.12956992246332347,0.29703320609774564,0.15699543386272902,-0.131646598506642,0.42923443489070756,0.48154021468017116,0.42668281682059783,0.5474758743794277,0.14014136697240395,0.3184326913115891,-0.14774522069663476,0.17812557275936536,-0.06091370558375635,-0.004419510873463013,0.32543250802859214,0.3770991879766354,-0.03054450987735977,0.06578106447577078,-0.18458829060714485,0.19938958793200998,0.01747563531464909,-0.18569914494497525,-0.18779175864019954,-0.14313286423511223,-0.1169568647451171,-0.11410561881917937,-0.18041740710341145,0.08798061981528262,-0.04744638972340205,-0.16851198112982013,0.0006263497198957678,0.3562527392839213,0.37435472431846617,0.25739785957334904,0.1326474830463228,0.40040003506283417,0.21190861350397247,0.1457386703217015,0.3035277992493366,0.20965662328969073,0.13601989018957836,0.2730231335017412,0.1092526038138801,-0.06508140155710859,0.09198256420881512,-0.03161073878985409,0.04220608977679319
#12,0.7229988285825849,0.6974778665859159,1.0,0.8169799743403804,0.2113189203834599,0.39449672879694636,0.5191674170644439,0.467892803353282,0.4293507797496195,0.8534724159089642,0.5589095458566089,0.1478105650694483,0.22011172293985928,0.28009945094789185,-0.1726350516778363,-0.0906406139183514,0.8510562678800533,0.74121237718047,-0.26070014104821937,-0.15436572129828113,-0.13841850680139295,-0.3565204918359378,0.12631704770936097,0.09377555004821139,0.2949103108639004,0.12762234140044149,0.3198925802261553,0.3598243670759987,0.28272756974714913,-0.059909633513694424,0.22708763317900374,0.15207229318904447,0.4548303038513336,0.06641857055200058,0.09055295683286982,0.12547075839316593,-0.007173537122775702,-0.21133804556574678,0.15084190646192097,-0.07940616308999195,-0.08964769820462351,-0.178834798269171,-0.3230689542509702,-0.234026886818765,0.05263090788834081,-0.262435751340755,0.15374734040433824,0.2874100518770569,0.2669269816477938,0.21935787200471754,0.34678418028671837,0.35538094972467704,0.4186741467379611,0.3154459753444525,0.2719106853987202,0.24246587350285684,-0.04846161814979799,-0.5633768696857892,0.1123811648829778,-0.09342173417590387,0.03534652439656066,0.21746447895831508,-0.19885886412354867,0.02782554646223972,0.358793200997697,0.5714110400114751,0.00964227940297556,-0.22781279634071513,0.3248858465682251,0.3124433217254102,0.5270740861748838,0.632326339360422,0.0699567292750759,0.3996382153017396,-0.32362677206767126,0.10195953430181132,-0.20047175449641005,-0.027618356987465037,0.2852680314609249,0.19990756161894668,-0.15379834089043662,0.050968610794571635,-0.12760480998334514,0.14572273266979577,-0.08475643283475046,-0.055290901991409604,-0.033945604794045695,-0.17358652949660927,-0.09622676091131493,-0.044861302584290254,-0.2950298432531935,-0.009906844424610923,-0.15800906852393437,-0.044606300153798344,0.009994501510092518,0.6725832543091427,0.5940377244220609,0.5534445250181291,0.4402903840177227,0.6500681334618971,0.48559475332499263,0.46069535975264764,0.5569045892468663,0.39320896652296217,0.38037915673883765,0.4124552749643395,0.3045446214409231,-0.013864163392807338,0.23867908741005187,-0.049515096940767715,-0.0009371339320577899
#13,0.6700156985871272,0.6540286399604747,0.8169799743403804,1.0,0.18985568456199348,0.31092765102917386,0.4647180230936576,0.4012048864840743,0.265956378646734,0.8775462391125916,0.4263035007052411,-0.001992206488218091,0.18669365442389374,0.2035652527313151,-0.024384607415789433,-0.008418267736614365,0.6977264939556456,0.4292057471172772,-0.1327287650710421,0.01024472264501271,-0.046225565587422,-0.23297978308855757,0.11275251217238165,0.01411119699734638,0.30473746702898263,0.21413988477077672,0.2671469212440931,0.2660998175138857,0.16933117643777543,-0.16368127883718891,0.038706181418291644,0.032229119683796985,0.30035620652009337,0.10974826478814877,0.14319023978197293,0.11355736359362176,0.1477165329232044,-0.06666560415653962,0.2267146921244093,0.13467315860354295,0.014280136107547275,-0.022327056554757786,-0.11659348628166612,-0.0030807481133804555,-0.1610483787423599,-0.34195825928965884,0.14873176134960037,0.1890237391325136,0.1190239781972922,0.04965853580791942,0.20189498681159304,0.20432866625760027,0.2991561013315908,0.21246005625991124,0.28702276693574735,0.32318529910988214,-0.1564392098112185,-0.37083569077767775,-0.03218130672807975,-0.13578879423694507,-0.09551275410593757,0.03209683717297931,0.00494226585597144,0.02919777829132434,0.25060682609631124,0.5738781885264844,0.083847986676123,-0.09814724796595718,0.3476001880642925,0.26143327303588365,0.3969845962594331,0.5531034592673462,0.038593024089760855,0.3139940552558392,-0.3106710548334914,0.04703519830423384,-0.15739228139518205,-0.14308983257496674,0.30677748647291797,0.2831754177657006,-0.23042816501844784,0.04144745754607974,-0.20878642749563706,-0.06622253743355991,-0.09263760170214122,-0.25586943875558815,-0.09939675987536756,-0.2359378112822638,-0.08143024488202154,-0.05668544653316227,-0.2792643179880308,-0.12189913060108855,-0.2953039708659723,-0.11331192375427328,-0.18335312258444963,0.43305469005251457,0.5003833005283331,0.2976069615663524,0.37171385539768426,0.47426627035038926,0.3556327646247878,0.17365984269537568,0.41097944839786754,0.20228545928328379,0.23121548502259162,0.2673142665891034,0.18492776259273722,-0.05638741244252484,0.2039206623688132,-0.10423064969837993,-0.017929858393962817
#17,0.2538804197977512,0.27491812031333424,0.2113189203834599,0.18985568456199348,1.0,0.6137159432300839,0.10755524388591829,0.5414036290033389,0.30630254444612676,0.19613033811728517,0.4013658567683223,0.8003203468033054,0.6466542884236866,0.1145470917769685,-0.18776147710157862,-0.27779167895194,0.20032034680330546,0.18038553179959996,-0.18107085083154698,-0.25166508618285266,-0.3410115627664576,-0.3065575468766187,-0.009704436245407963,-0.00833857947708564,0.022986875343655618,0.03471061208552144,-0.0855405653085131,-0.07739164388910581,0.5125166349241767,0.6380463626293938,0.2977296814860267,0.15028886994079163,0.2319549920710182,0.3422658559714397,0.5260158260883424,0.2631370080246077,0.36404784483102104,0.20827482886946266,0.2518388065886253,0.14387077751834823,0.2172317892404912,0.5772936273298855,0.2637904517527433,0.47862521814661046,-0.052418937117994405,0.07286216321749317,-0.12409533903370017,-0.06712620229661564,0.08048036082843915,-0.11337408059670569,-0.04018519551514475,-0.21351831634645269,-0.20958649762130546,-0.27374510913307143,-0.275469563069273,-0.3263903609081274,-0.3777430691136275,-0.319811298201436,0.1439966849684036,0.04810302098191874,-0.006053120193801847,0.03620397006908972,0.20074588210918887,0.11328323598084294,-0.08009785718270128,-0.08659404409948282,0.13471778402887902,-0.2535935420634478,-0.19393253591948298,-0.003490345767358095,-0.0006151933635617465,0.023493692674258302,-0.006161496226760911,0.2503199483620078,-0.3006924909753046,-0.27543450023508037,-0.1973910063830296,-0.26752623735944986,0.07041732741515193,0.18462654097171863,0.16030887169393332,0.6525544071591932,0.04139486329479078,0.5231693614579764,0.6899154507566401,0.3497103331766131,0.016522563730685558,0.42196208432611626,0.5679414131915945,0.45212727808811926,0.475383499748982,0.2803480783176215,0.2558646574600164,-0.03041222736654209,0.07330841747085402,0.18066922200352223,0.1909155384137255,0.12550582122735857,-0.09650088852409375,0.17748328538756386,0.11569141518380097,0.1556407334507407,0.4638430460040322,0.11394464853493134,0.16746806492999386,0.12599510714086493,0.1665851190144156,-0.12379252364749102,-0.08356589023739132,0.015295364533943215,-0.10281379244395923
#18,0.4154882101220027,0.2754839069559882,0.39449672879694636,0.31092765102917386,0.6137159432300839,1.0,0.25882746694929437,0.42940496776609904,0.1456828885400314,0.3603710285363657,0.46769517646965075,0.6393628126768083,0.6664440707950497,0.21961446820040004,-0.3541553442931253,-0.3296894548526166,0.385115826885225,0.4816438094175585,-0.18640040162882804,-0.2674401740391588,-0.30521719035134554,-0.33168325510602525,0.14549482424754362,-0.05453067599550558,0.20252611782706054,0.053491541091251024,0.11809162556080613,0.1996573404840265,0.6299548167568472,0.56559857836145,0.41937699718700444,0.20599893217732232,0.32317254898835757,0.2783032775781144,0.3625640494385962,0.21251424427639076,0.14189769621241702,-0.04498721003434564,0.2518977759006766,0.0674035174397756,0.23728294910310863,0.3822868936719553,0.11508100311581095,0.24622875311780315,0.08776864904493621,0.0035078771844544144,-0.04802652025277116,0.11064714835563276,0.17099028600116345,0.039840942233980665,0.08762839770816566,0.04822255337121182,0.09425367960538374,0.06083879861979934,0.11195244204671326,0.0622588434046012,-0.24684872777693662,-0.4527823155814454,0.0653061224489796,-0.004884890309110759,0.09759739897520898,0.13634501828845555,-0.05153120990684443,0.015539210608101109,0.2036019093306983,0.14566854465331622,0.06735729824924894,-0.3585238546804899,-0.13775231295173282,0.005938369100080485,0.16619464654272487,0.2320091800874977,0.04508283594578011,0.3329534859629131,-0.3155989768027477,-0.1214465012869654,-0.1983695782100423,-0.20697591023914447,0.06769995776522245,0.18592864713241797,0.2813202750838719,0.5491572966554837,0.19796794938201756,0.47923244268421933,0.385052076277602,0.3592235175991521,0.030087099267664896,0.2692124409310776,0.35395931117468465,0.31517981655762656,0.2175186669747946,0.07398098638127645,0.07287013204344604,0.021286327885312657,0.03466758042537593,0.3897170269904135,0.3258277617958546,0.2092964323566209,0.11801671859684913,0.1440540605152643,0.1579819745156946,0.4644933022017866,0.5577652224497764,0.07467268047398577,0.195966180302656,0.061571930607463604,0.2697591023914447,-0.0800771382352238,0.05533393365155512,0.10719027165727674,-0.04325159974181004
#26,0.39896086509574546,0.6394743762401486,0.5191674170644439,0.4647180230936576,0.10755524388591829,0.25882746694929437,1.0,0.26364701288559156,0.33035246117189554,0.689795918367347,0.4456820916574361,0.009438277458582027,0.2567842599749779,0.5419359465769908,0.05692132378136729,0.035018208767302314,0.37880611049574064,0.4574600164157815,0.0022934281092366663,0.10098255623998917,0.05815967933444366,-0.12308648566806653,0.16124281809560997,-0.1522380447688642,0.24266987544725035,0.13703352485078374,0.07535321821036106,0.16556032799687623,0.22701272621504673,-0.11039373969033142,0.12134768784514978,0.22177880132920016,0.22536955430356445,0.19741013156531648,-0.014565420076660106,0.2058060865892628,0.11072843038035206,0.07607360007650073,0.2345384854449394,-0.07562256452756816,-0.3149168453011818,-0.11547306935269226,-0.3387452286654607,-0.11275888723314394,0.21009969001267043,-0.1667843396632374,-0.04186024273043852,0.1205842743188646,0.06521527783311684,0.06886978141510411,0.07491174525257194,-0.0016431719114822813,0.14780737753906717,-0.03837627202384273,0.17519941986947063,0.0614970236435066,0.11963120273490106,-0.207928981823108,-0.10686195602801839,-0.05287953525807043,-0.014181322665731657,0.03051582210392943,0.04627815983871096,0.10239622596402873,0.23582624771892358,0.3299109882141064,0.10140968531106312,0.0785726238953215,0.3888308935444541,0.468911219310059,0.5437114009992908,0.5882858258492776,0.3703129357951693,0.2944544940193961,0.14495453784793885,0.30433583820095783,0.09316513798022137,0.21949334204591636,0.3193124496967862,0.3305453067599551,-0.17003083935643762,-0.09359067328610476,-0.12885432189275553,0.042806939253639764,-0.059775757237686175,-0.13527400808038953,-0.1725091442277809,-0.25481755372980897,-0.3312115006096152,-0.2895919164229534,-0.27717489182318766,-0.04746870243607009,-0.12242985440954984,-0.2168142227605607,-0.06939731769318426,0.3066324538405757,0.26331072843038034,0.16595717552932926,0.08625935340946218,0.2540923905680976,0.1461195802022488,0.1637689359226705,0.2968403605096861,0.13255026336969775,0.12148156412115803,0.15701137151463476,0.04055176150897688,-0.004827514762250078,0.1492417662105842,-0.11620620134035653,0.055906095354971354
#49,0.7051885025779152,0.5303572424674673,0.467892803353282,0.4012048864840743,0.5414036290033389,0.42940496776609904,0.26364701288559156,1.0,0.6581278040306322,0.48919666265569095,0.558834638892652,0.5421813864163393,0.39929236825538494,0.20847404951828447,-0.20278749531831475,-0.24620644040513512,0.4559586896062603,0.3750751061846058,-0.10323932774984261,-0.1600427129071074,-0.21332228322801203,-0.28258253711480685,-0.001514076931045749,-0.14126656519694952,0.13387946353863686,0.024813330252053966,0.09475890317079584,0.09718142626046905,0.4690642207683542,0.3511781909171322,0.2847787455474185,0.050251416458813127,0.3954354564941947,0.3060204480073951,0.4635099490792022,0.23435360868283275,0.28246141096032323,0.13168325510602522,0.28030504665747596,0.12200272533847588,-0.056659946290113075,0.23458311087027547,0.025876371634167138,0.17390687629991472,-0.028082142657922207,-0.15023468192431208,0.06312744543346428,0.09439871223772602,0.17811601016822193,-0.0853222194774044,0.08996166994716669,-0.04852218122703982,0.06835658902373913,-0.11885822661747245,-0.012252866785136545,-0.10381786451402115,-0.2368414761453195,-0.3630087099267665,-0.026584003378782205,-0.16141972603176374,-0.09955932392480615,0.012893560391747484,0.005450676951764696,0.07270119293324515,0.2726852552813394,0.25945222290399955,-0.03681119460669859,-0.24345719545139416,0.13548279132035476,0.16209388870737673,0.34899632637123573,0.37945955422387617,0.09422658559714397,0.3664496489732168,-0.14171600698069153,0.018017515479444413,-0.08622429057526955,-0.09524500155392106,0.09261528898947317,0.10296201260668265,-0.007060379794244914,0.3571388727298807,-0.10140012271991967,0.4153001458295149,0.3191610420036816,0.09187896947142778,-0.11018176891998502,0.04746551490568895,0.152575922989266,0.14284758026599942,0.013089593510188144,0.06948497477866586,0.031207516196638748,-0.19130441712022567,-0.13087043485883224,0.37102216130497495,0.17606642813314313,0.33389699495573316,0.16357449656942044,0.3887878618843086,0.31530094271211023,0.24284359585302298,0.5409685311063122,0.2966299835045303,0.3369283363482058,0.3646646319597734,0.43309294041708835,-0.12442046713257736,-0.08161512164412817,-0.09497724900190455,-0.14298305030719824
#50,0.4794332570982317,0.63276462478783,0.4293507797496195,0.265956378646734,0.30630254444612676,0.1456828885400314,0.33035246117189554,0.6581278040306322,1.0,0.46132330323773396,0.42177242626843786,0.3223836352190232,0.17542414076134163,0.2963701997784666,0.05490521081529058,-0.12865828877431487,0.4130306241981369,0.3025476336571333,0.0542422044960116,-0.013526285172405549,0.021577986915187787,-0.02878499310696555,0.19171082724382216,0.17192582616803068,0.2175553235741778,0.24554343408585613,0.13638326865302935,0.11361314537529185,0.2137669437161823,0.19508801568264947,0.004166102208161672,0.15746240706356732,0.23233908948194662,0.38342802954840666,0.3645195993274311,0.3699559323924806,0.3329821737363434,0.31935229382655056,0.4339216983161871,0.20287355863860576,-0.319897361521727,0.08753595932711233,-0.18553498713034608,0.060963112304664155,0.20978731203531784,0.06986429089402259,-0.07600506817330603,-0.023547880690737835,-0.031029014495294407,-0.06163568121508658,-0.05107220553195898,-0.09001267043326507,-0.021256046346691742,-0.16411000167345344,0.13312880013387626,-0.05873343480305047,-0.1343336866179506,-0.1202782714022743,-0.13261401397732073,-0.01892436787288129,-0.11699033381411916,0.009256588226856537,0.13606610938010502,0.2930695120687869,-0.05037891767405908,0.10291419965096542,0.08025085864099642,-0.10534150403621034,0.38389022145367324,0.43587724820502194,0.29861103363641434,0.3541298440500761,-0.029087808493174702,0.08385914303245703,-0.09498681159304799,0.05374176222617122,-0.061573524372654176,0.04899871701902159,0.3031452956035987,0.2959526332985361,0.06259831539019356,0.10952035636589662,-0.17225095426690787,0.4270796643530509,0.17821322984484697,-0.10601566671182334,-0.211674330020958,-0.054076452916191856,-0.08313876116631737,0.060062634971989576,-0.056455944345719544,0.15830391508419064,0.1752456390599973,-0.29889791137071775,0.09248619400903665,0.2962634175106981,0.2673031102327694,0.2624405326363267,0.025879559164548288,0.34112950139056014,0.1411310951557507,0.08442174214472982,0.33040824295356563,0.343159958243352,0.1477484082270159,0.28641235486775735,0.11171975232888938,-0.1203101467060858,-0.057354827913203545,-0.1930575588298576,-0.1394528604100758
#51,0.666192255894939,0.765812142896987,0.8534724159089642,0.8775462391125916,0.19613033811728517,0.3603710285363657,0.689795918367347,0.48919666265569095,0.46132330323773396,1.0,0.5576026584003378,0.06333144737785781,0.2485429001745173,0.38883408107483525,0.01426419845564153,-0.07413876913514332,0.784303006638032,0.5671222178836393,-0.07145964984978763,-0.013360533592585804,0.011884707026113843,-0.2392767493565173,0.2285252093809019,-0.057880770426093124,0.41887017985640174,0.2453649323845118,0.32309126696363827,0.28232115962355264,0.2884842496155042,-0.13656336411956427,0.0914470591047821,0.15330108615097737,0.3525026097904996,0.17414753484369147,0.15747196965471078,0.2172126640582043,0.1827921172373674,-0.017918702037628798,0.32638717337774625,0.038881495589254834,-0.18469507287491335,-0.13280048450461793,-0.3226848568400418,-0.10621010606507343,0.0494848154021468,-0.37033684227302793,0.09352054761771948,0.16983958753356868,0.15207388695423504,0.06439130122958985,0.22302671947341998,0.14598729769143112,0.3386974157097435,0.16580736160141527,0.39083903768457795,0.2997553570432468,-0.02222824311294217,-0.4370406967941413,-0.07972650989329742,-0.15103793958036163,-0.021852114527966596,0.10411749236984914,-0.024859549442580623,0.034501828845556186,0.2701591374542789,0.5644144108248532,0.08999354525097818,-0.14911585876052882,0.47582337894158055,0.4179187020376288,0.5192933245144993,0.6834957645690061,0.11144721848130115,0.33409302807417385,-0.1856465506936863,0.15714365402545244,-0.05823936759397238,0.04036847851206082,0.405820430475978,0.30203922256134,-0.2039270374295755,-0.026212656089378353,-0.22818573739530956,0.07805305644319423,-0.1542159073703671,-0.20513033014845922,-0.10725402226489972,-0.2695391627951454,-0.23957318968196414,-0.11583644781614325,-0.36562248483930865,-0.06588147168277697,-0.2569085736598427,-0.17852242029181842,-0.08262556877495239,0.5820685478408466,0.4782172142578234,0.3801958737419216,0.30159456207316976,0.4991624763923531,0.3109993704627497,0.2593167528628007,0.45131127031054513,0.27162858895998854,0.21754894851341552,0.26653172788053137,0.13883607328132347,0.0013610754727505997,0.23684785120608182,-0.12482687725617385,0.0037820047972332237
#52,0.5843316944114624,0.5026591972204735,0.5589095458566089,0.4263035007052411,0.4013658567683223,0.46769517646965075,0.4456820916574361,0.558834638892652,0.42177242626843786,0.5576026584003378,1.0,0.47243981544199093,0.4015857963646216,0.1936121891161775,-0.17401843986325494,-0.06338722915952792,0.49996414028321207,0.5465849596378966,-0.05016057184295038,-0.029317310680617426,-0.2273027914797313,-0.20353018989712246,0.05452270716955271,-0.17280877208360892,0.3256237598514611,0.1713122265696595,-0.047396983002494245,0.0009052586282463005,0.45246196877813993,0.2699073225541681,0.1519192917307493,0.05491158587605288,0.3729139605861868,0.22496314417996796,0.2509781733857151,0.09220728510068611,0.0955541920008925,0.03540389994342134,0.2950553434962427,0.02426985632206807,-0.12800006375060763,0.18546964275753253,-0.1574002502211349,0.0840105507255616,-0.001641578146291707,-0.24190168062539347,-0.17358174820103753,-0.1777669755914861,-0.05765923706460327,-0.18464407238881494,-0.10336045390432627,-0.10863741045031836,-0.019412060021197077,-0.09135462072372877,0.08666735729824925,0.18465682251033955,-0.10431671301867096,-0.3316115356724494,-0.040081600777757416,-0.26349082389691525,0.12719999362493925,0.2266844105857884,-0.11184087848337304,-0.08775589892341161,0.16767684816995912,0.2733976683215262,-0.02082413598004606,-0.4579206145558575,0.3011977145407167,0.4074970714564623,0.5826948975607423,0.580130529369108,0.22886149383611312,0.37915036377690475,-0.04913259329502984,0.1754018280486736,0.016116153607089068,0.13739371578385356,0.13855397684259177,0.18613583660719266,-0.10607622978906518,0.3472320283052698,-0.08428308457314984,0.38046203252874755,0.1620397006908972,0.14443018910023986,0.051518459785319826,0.06668791686920766,0.10195794053662074,0.042690594394727825,-0.08296025946497303,0.005919243917793591,-0.06437058228211237,-0.016505032313589237,-0.04325956856776291,0.508672473284511,0.3729553984811418,0.2331519097291396,0.03993656814541514,0.1968411573922814,-1.75314170963192e-05,0.22239877598833363,0.36001561889886763,0.1654184828949151,0.17955996143088238,0.12755380949724676,0.14479197379850026,0.05524468280088295,0.1648367586003554,0.058875279905011596,-0.11645642247527671
#53,0.2713066483914925,0.1860274605742336,0.1478105650694483,-0.001992206488218091,0.8003203468033054,0.6393628126768083,0.009438277458582027,0.5421813864163393,0.3223836352190232,0.06333144737785781,0.47243981544199093,1.0,0.6925722573293277,0.12771637354668536,-0.28880778394919077,-0.3734351218035047,0.1625210177784507,0.2827339448079115,-0.2338818541864227,-0.34306911362748926,-0.3415502554008718,-0.2736670146387333,0.008074014455450279,-0.08264310019204871,0.0345193602626525,-0.016860441951087345,-0.15111125277912804,-0.14076452916191856,0.5538190598379141,0.7062053247695017,0.43825036457378735,0.18067878459466566,0.3192168237853517,0.32422762154451784,0.4673031102327694,0.17041015547179433,0.21530970842065839,0.1399708340970125,0.2088406155121166,0.07240156507741714,0.1417749762927428,0.48962697925714604,0.19978484169927244,0.3674808150515185,0.10096661858808342,0.06656997824510515,-0.12005514427559388,-0.10152284263959391,0.05690379236427097,-0.15796125556821713,-0.048552462765660734,-0.19702603415438805,-0.16035190335407884,-0.276742981456542,-0.24207221350078492,-0.296335136944274,-0.2576815497772713,-0.32636804819545934,0.20081122648200242,-0.05676672855788157,0.10264007203818662,0.17007387101658314,0.07760839595502395,0.04355441512801919,-0.006070651610898166,-0.1126489174349943,0.12087593334873974,-0.3749205109611201,-0.20727394432978188,0.008558519073384918,0.049778068197212505,0.08238809776155678,0.005452270716955271,0.23695782100423143,-0.1801894986811593,-0.15561363944250092,-0.13630358039350063,-0.17839970037214417,-0.002110145112320602,0.043908231000326724,0.34649570878722435,0.7069113627489262,0.17712628198487518,0.7103793958036162,0.6973822406744814,0.4551936823147846,0.04997091378527201,0.5265306122448979,0.5429687064204831,0.49780458844998365,0.41125995107140867,0.29371658073616014,0.3128465443186255,0.03137964283722079,0.13410896572607958,0.25048729370701817,0.09759580521001841,0.19595821147670314,-0.06410761102566759,0.16148666416976787,0.06722342197324069,0.2917674059080876,0.4637569826837412,0.1609097211707799,0.19410944385563675,0.16434587892165847,0.23768617169632397,-0.05821386735092319,-0.05254165703766864,0.14424849986851437,-0.057179513742240354
#54,0.2195985305484943,0.2542916112169194,0.22011172293985928,0.18669365442389374,0.6466542884236866,0.6664440707950497,0.2567842599749779,0.39929236825538494,0.17542414076134163,0.2485429001745173,0.4015857963646216,0.6925722573293277,1.0,0.2088469905728789,-0.23669325598259608,-0.3006207715417288,0.2708843006159902,0.3410864697304146,-0.03880818239048841,-0.25750464184111754,-0.340174836041406,-0.3446676601136355,0.031561332068946284,-0.1440715919323606,0.0969535178382169,0.0698881973718812,-0.008893209763405557,0.014743921778004447,0.6629090996023556,0.5287124767907944,0.4573516403828224,0.26945469324004495,0.30089649291969817,0.31730589932185294,0.2862195092796978,0.1712229757189873,0.17265098932974204,0.03750926376017021,0.19578767860131166,0.046963478870657986,0.034903457673580954,0.3688275466375539,-0.03842727250994111,0.24193993098996724,0.008179202958028193,-0.074495772537832,-0.009970595032233902,0.05547418498832567,0.11684370741658631,-0.014853891576154086,0.03825992716493079,-0.09753205460239543,-0.018117922686450606,-0.10086621138107722,-0.1315732853078756,-0.146006422873718,-0.2822303150076899,-0.33400218345831106,0.005068173306026823,0.02085601128385755,-0.007060379794244914,0.0688331248157209,0.15697152738487039,0.1393588282638319,0.16331630660854737,0.08352445234243638,0.15614276948577166,-0.14397118472535442,-0.16749834646861478,0.02848536525113755,0.18177688881097148,0.20755763453370416,0.1256237598514611,0.27945078851532806,-0.19265593000183284,-0.14752209356995433,-0.17236411159543866,-0.10224481827092415,0.12407302632103212,0.2102702228880619,0.21574161878730408,0.5170636470128855,0.27748567603534974,0.4389356836057344,0.4795225079489039,0.22975081481245369,-0.064619209651842,0.348178724828471,0.37102056753978435,0.2406330435336962,0.19023978197292193,0.06650782140267275,-0.004531074436803226,-0.14706149542987831,0.013864163392807338,0.33787184534102593,0.23181314696905705,0.1710875056777885,0.06731107905872227,0.14028161830917452,0.10898325749667301,0.31010526819083745,0.433749571675605,0.1009745874140363,0.20527217525042035,0.11551450724764721,0.2050761421319797,-0.14607176724653156,-0.04077807616603846,0.025135270820550008,0.06858130991561014
#58,0.1426738598602268,0.40283690203922257,0.28009945094789185,0.2035652527313151,0.1145470917769685,0.21961446820040004,0.5419359465769908,0.20847404951828447,0.2963701997784666,0.38883408107483525,0.1936121891161775,0.12771637354668536,0.2088469905728789,1.0,0.08814477762991178,-0.17725378320012114,0.2678704906406139,0.2861828526803146,-0.03986006741626756,0.06835180772816742,0.07807855668624342,-0.00418682115563914,0.3212409055773813,0.085110248707058,0.196939970834097,0.4176684809027086,0.1796157432125525,0.15283730048052022,0.2767382001609703,0.09423774195347799,0.11614085696754298,0.15480081919530794,0.08051701742782236,0.4108200718788101,0.13034130481556153,0.306638828901338,0.20236833507319366,0.2777327096398888,0.2579827713982899,0.2105379754400784,-0.4074094143709807,-0.024328825634119325,-0.20356206520093395,-0.04461905027532294,0.5220983512499103,0.04667978866673573,-0.10608579238020863,-0.0272023842727251,0.0790348158005881,-0.011714174150722375,0.027578512857700674,-0.1356995433862729,0.02395269704914375,-0.24543187052251592,0.11336770553594339,-0.09065495780506658,0.06877415550366965,-0.11444349703958116,-0.02133414084102989,0.07239519001665484,-0.1131732661826933,-0.08799815123237893,0.400737913283236,0.4109826359282487,0.055620811385858525,0.2262158436197595,0.5110025579931309,0.2818302799448557,0.22713225860433983,0.3666106192574648,0.3243487476990015,0.40444660488170275,0.20040800388878707,0.1253783200121126,0.07824271450087258,0.10597741634724955,-0.10031795615551961,-0.02992134768784515,0.42350963032616407,0.42262827817577636,0.03033094534182279,-0.09316832551060253,-0.13926638988277856,0.16691821593924566,0.24122911171497102,-0.19388472296376574,-0.3418658209086055,-0.14393612189116178,-0.3265449561316131,0.03573540310306082,-0.12869972666926982,0.1919020790666911,0.20309987329566734,-0.3324084182677366,0.0822621903115014,0.1550669779821339,0.24123867430611448,0.08866434508203906,-0.04643753635776841,0.2685287156643212,0.06990891631935867,0.032517591183290964,0.24413295189219772,0.07476511885503909,0.025468367745380072,0.1573205619616062,-0.009274119643952857,-0.15191610420036816,0.06734295436253376,-0.13904485652128873,0.1448286303978835
#101,-0.351998979990278,-0.029239216186279275,-0.1726350516778363,-0.024384607415789433,-0.18776147710157862,-0.3541553442931253,0.05692132378136729,-0.20278749531831475,0.05490521081529058,0.01426419845564153,-0.17401843986325494,-0.28880778394919077,-0.23669325598259608,0.08814477762991178,1.0,0.28232275338874324,-0.05030401071010208,-0.4379602993091028,0.5683095729506172,0.4309604825920997,0.8183219246308442,0.5609527528309254,0.4745467730239304,0.10339232920813776,0.25062913880897925,0.3526572050139853,-0.004059319940393182,-0.41843986325494664,-0.3086166915028409,-0.3070563953812685,-0.4943620556383428,-0.13610435974467883,-0.514642717688403,0.04298384718979353,-0.004738263911577907,0.30811943676338166,0.41130617026193533,0.48063495605192486,0.13361967981257322,0.1503271203053654,-0.285196312027349,-0.13537122775701457,-0.021557267967710316,0.17459857039262405,0.10738311724533625,-0.08203906318482099,-0.47895831507144054,-0.5110264644709895,-0.28245344213437035,-0.26658750966220146,-0.27565922112695135,-0.35374574663914765,-0.15871670026854942,-0.34687343113739055,0.31873391293260767,0.04088326466861637,0.2552701830439321,0.3470057136482082,-0.4954808788021261,-0.13150953470025262,-0.43430579572711553,-0.4041995712771637,0.4830686354979321,0.45145470917769687,-0.5376997187004439,-0.05837483763517121,0.2020479882698882,0.14335758512698324,0.5971854106734454,0.4702308568878547,-0.24430826606316092,0.06968578919267825,0.12022567715098535,-0.26368526325016534,0.3963072460534389,0.12994445728310847,0.08408705145470918,0.05530843340850593,0.6214855485341345,0.31302185848958874,0.07464239893536485,-0.18475563595215516,-0.09935054068484091,-0.28664982588115295,-0.2058299930671214,-0.6170660376606715,-0.42232546278956723,-0.1473929985895178,-0.19613033811728517,-0.2000557817816701,-0.1336834304201962,-0.11529297388615735,-0.21026066029691845,-0.5732550263369698,-0.12474240770107341,-0.24173592904557373,-0.11835459681725091,-0.4030185912709481,-0.47554765756361117,-0.28242156683055886,-0.35353377586880125,-0.5358493573141869,-0.37463044569643555,-0.32670433265067056,-0.5960968690482831,-0.47563372088390216,-0.6240483229605782,-0.17148435321024152,0.08184781136195204,-0.5874299739419392,-0.09685629816159186
#102,-0.2153527400808039,-0.01821514236307565,-0.0906406139183514,-0.008418267736614365,-0.27779167895194,-0.3296894548526166,0.035018208767302314,-0.24620644040513512,-0.12865828877431487,-0.07413876913514332,-0.06338722915952792,-0.3734351218035047,-0.3006207715417288,-0.17725378320012114,0.28232275338874324,1.0,-0.1777733506522484,-0.2575157981974516,0.0850225916215764,0.5621974834447641,0.18759253799137773,0.49229016089059596,-0.24878993377905634,0.015375052793471938,-0.36275530126146516,-0.0031381236602411365,-0.20721497501773065,-0.13825594275195435,-0.359703240921515,-0.3052458781247759,-0.25156149144546536,-0.36932958267258487,-0.4515758353321805,-0.37624811736486863,-0.39019356278239525,-0.24138530070364733,-0.2678720844058045,-0.050190853381571296,-0.35682968228290923,-0.06070970363936281,-0.09437639952505797,-0.13183785032951095,0.008786427495637067,-0.06738598602267928,-0.2602618556208114,-0.08816390281219869,-0.27996238714150246,-0.27526077982930774,-0.10913147765939644,0.011175481516308202,-0.11056108503534175,-0.053497916152013325,-0.15192885432189276,0.10165034385483987,-0.18073775390671692,0.1214018758616293,-0.022680872427065322,0.45536262142498546,-0.21505629975535703,-0.2184621759676147,-0.06599622277649835,-0.14861541649068843,0.06852552813394003,0.1002127676529417,-0.14300217548948513,0.03148961263537043,-0.1317230992357896,0.15740503151670665,0.2902214536732303,0.3574703758895202,-0.04527249400345847,0.018694865685438565,0.23042657125325725,0.008203109435886811,0.0964355441512802,0.18884523743116927,-0.01382591302823355,-0.13338699009474933,0.043817386384463974,0.20899521073560232,-0.23513614739140482,-0.2509016726565675,-0.015006893034449235,-0.5178398106606954,-0.3658934249217063,-0.38218011140418684,-0.049511909410386565,-0.1936568145415136,-0.06288838065487812,-0.2628357864035892,-0.29677501613687257,-0.32786937500498053,-0.32128871853309854,-0.087207643697854,-0.2099833451537585,-0.19615743212552494,-0.0672728286941485,-0.28636135438165894,-0.2552861206958379,-0.23563021460048292,-0.2148475165153918,-0.28303835395931115,-0.38742200511598623,-0.2549689614229136,-0.4289698698690722,-0.3274279020471914,-0.37203260843579916,-0.08109714795719147,-0.04834367952569548,-0.13058515088971942,-0.04302209755436732
#201,0.6149638613743037,0.5669389348867231,0.8510562678800533,0.6977264939556456,0.20032034680330546,0.385115826885225,0.37880611049574064,0.4559586896062603,0.4130306241981369,0.784303006638032,0.49996414028321207,0.1625210177784507,0.2708843006159902,0.2678704906406139,-0.05030401071010208,-0.1777733506522484,1.0,0.6796850719983425,-0.10079767947788253,-0.20310784212162022,-0.06981488417311478,-0.3131302345225478,0.19639968443449227,0.004529480671612652,0.3731785256078222,0.15442947190590411,0.4142657922208321,0.34191044633394163,0.32838416116153607,-0.04462223780570409,0.3236235845372901,0.2891855062993569,0.44946409645466934,0.1371403071185522,0.13315111284654432,0.24920271896341512,0.10800149813927915,-0.0954298783160277,0.194018599239774,-0.08375076699949796,-0.17529823331128624,-0.22871167990819913,-0.32847819330777994,-0.21412554088406155,0.04358150913625895,-0.38834479516132886,0.197913761365538,0.25844815083393763,0.3318888508156093,0.1831491206400561,0.3869948760449123,0.24888077839491907,0.48019507685932633,0.24210090127421527,0.3500848679963981,0.21484911028058237,-0.05286837890173641,-0.6268884125301819,0.012224179011706205,-0.22549546175361984,0.06637394512666449,0.23219883814517608,-0.07735498728972261,0.09174509319541951,0.29706508140155713,0.5813943851652336,0.05334172716333702,-0.2408450143040426,0.32206010088533654,0.26624644391141855,0.425809433496163,0.5955215198144858,0.008297141582130704,0.36165560327996876,-0.36200463785670456,0.005297675493469547,-0.17326299516292265,-0.06502243224505734,0.4554789662838974,0.2022217086756608,-0.06770473906079418,0.03847030417008662,-0.17261433273035884,0.1376487182143455,-0.15115906573484528,-0.04108248531743818,-0.01246483755548295,-0.16447975519766672,-0.15590051717680434,0.0483484608212672,-0.34313923929587453,-0.04235909123508833,-0.2853588760767876,-0.11417574448756465,0.053577604411542044,0.7504992469459475,0.49540756560335963,0.6063750607622979,0.36191219947565123,0.6493620954824726,0.48014726390360907,0.5423439504657779,0.5485484783526843,0.46108742598952895,0.31970929722923924,0.36784578728016004,0.22906708954569724,0.007984763604778108,0.2825554431065671,-0.10465459123907275,0.0019906127230275164
