,#10,#11,#12,#13,#17,#18,#26,#49,#50,#51,#52,#53,#54,#58,#101,#102,#201,#202,#301,#302,#401,#402,#501,#502,#601,#602,#701,#702,#801,#802,#901,#902,#1001,#1002,#1101,#1102,#1201,#1202,#1301,#1302,#1401,#1402,#1501,#1502,#1601,#1602,#1701,#1702,#1801,#1802,#1901,#1902,#2001,#2002,#2101,#2102,#2201,#2202,#2301,#2302,#2401,#2402,#2501,#2502,#2601,#2602,#2701,#2702,#2801,#2802,#2901,#2902,#3001,#3002,#3101,#3102,#3201,#3202,#3301,#3302,#3401,#3402,#3455,#3501,#3502,#3601,#3602,#3701,#3702,#3801,#3802,#3901,#3902,#4001,#4002,#4101,#4102,#4201,#4202,#4301,#4302,#4401,#4402,#4501,#4502,#4601,#4602,#4701,#4702,#4801,#4802
#10,1.0,0.4352572735458885,0.5580074747587438,0.6609870187825228,0.29757030496696923,0.1782419176182773,0.13183785032951095,0.3476177194813888,0.22781757763628685,0.5137884595462551,0.3791376136553802,-0.053583979472304345,-0.007607041254611958,-0.29988445202368336,-0.36328443130473587,-0.2275147622500777,0.48583700563395993,0.4274717305899322,-0.24131517503526206,-0.06151774259098407,-0.37734940911155557,0.08033692196128744,-0.2566599462901131,-0.09254675708627848,-0.2413008311485469,-0.16179904214712046,0.07484002581899608,0.343171114599686,-0.251147112495916,-0.10758074412896748,-0.0979145582481333,0.04191443074691806,0.23551546350676156,0.17544804723920024,-0.23758257695893664,-0.15834375921395502,-0.14639530158021818,-0.209576935030162,0.023509630326164047,0.02232068149399549,-0.19194829825721776,-0.13068715186191618,-0.10913785272015875,-0.3808222234618174,-0.2683502139629768,-0.31334061152770365,0.35529966769995774,0.2577819569842775,0.3354971352070699,0.06586872156125238,0.18239686347010495,0.3787407661229271,0.26621934990317875,0.21984875168341447,-0.06325813417909139,0.1345743451617273,-0.19033222035397526,-0.21949015451553522,0.09271091490090765,0.16272342595765366,0.2893863207133693,0.2898118560192527,-0.339189889153631,0.12828056642414873,0.32372080421391514,0.23363800811226482,-0.3078851532803672,-0.03802404991672577,-0.22005594115818916,-0.11345536262142498,0.1190112280757676,0.2749260891392871,-0.08078158244945773,0.36400800070125666,-0.1586561371913076,0.14618970587063407,0.27396823625975186,0.2728605694523026,-0.3794276789200647,-0.12071974436006343,-0.03584218537082932,0.09151080971240508,0.17682824789423773,0.19748663229446406,0.03808620675915817,0.25319031947023246,0.21848130114990158,-0.010998573580154436,-0.02984644072388815,0.0014551076189944934,-0.07894397118472535,-0.12023683350731937,-0.11645482871008614,0.21727322713544614,0.15827682107595087,0.3714237901329997,-0.007753667652144809,0.44110161049972507,0.5031787646726008,0.3286232259401222,0.479353568838703,0.10366008176015427,0.2686944672441409,0.379187020376288,0.4389946529177856,0.39797910573835155,0.4226059654631083,0.2720636868570154,0.03380535345727514,0.17367896787766257,0.10046936384862418
#11,0.4352572735458885,1.0,0.1699144944975257,0.30717274024018043,0.027607200631131014,-0.10848122146164206,0.43382925993513377,0.40624755954705194,0.4908541784538884,0.4941373347464718,0.43391691702061536,-0.102466351632414,0.030432946314019556,0.14894373211994677,-0.13065687032329526,0.19336993680721018,0.14632358214664234,0.11368964610443943,0.01777048187490537,0.14810700539489516,0.029349185984428913,0.19637099666106192,-0.055011993083059076,0.110245519527608,0.03238690243766386,0.24257584330100646,-0.09651363864561834,0.009451027580106623,-0.009906844424610923,0.07358732637920455,0.056957980380750506,0.08707854871741746,0.08720286240228227,0.26418570552000575,0.06497621305453068,-0.0123182111579501,0.0873383324434811,0.1347751595757397,0.23625337678999753,0.11490568894484776,-0.2751364661444429,-0.009006367091936345,-0.11193331686442637,-0.06408370454780897,-0.06524874690211892,-0.03964490911554001,-0.08542740797998231,0.10101283777861007,-0.07120464741929572,-0.003965287794149288,-0.06154961789479556,-0.07830327757811442,0.03274549960554311,0.20124473061383866,0.04954856600976978,0.33184581915546385,-0.22543967997194972,-0.005731179625305804,-0.317114647498984,-0.2561228474208895,-0.08885878443528915,-0.16302305381348167,0.028478990190375253,-0.03457514204432261,0.04217740200336285,0.15056777884914216,0.10853222194774044,-0.014678577405190893,0.27320641649865723,0.22437504482464599,0.39562033325630136,0.3707320960402904,0.0820565946019173,0.07801799360900158,-0.14406202934121715,-0.1949684832933564,-0.12096518419941191,-0.22952768768577325,0.04374885448126927,0.20974268660998174,-0.18383922096757485,-0.12922885671254053,-0.03650997298568002,0.1469499318665381,0.049604347791439886,-0.1862713066483915,-0.21964474973902096,-0.2071177553411056,-0.11192694180366407,-0.12812278367028185,-0.1384392257488704,-0.24799623871415025,-0.22975400234283483,-0.23595853022974125,-0.15920439241686524,0.09607854074859151,0.17054881304337433,-0.00023428348301444748,-0.04366757245654997,0.03501342747173059,0.11380280343297022,-0.12125206193371531,0.053117006271466025,0.10318195220298193,0.013081624684235271,0.11836256564320378,0.12743746463833483,-0.04189530556463116,-0.18872889257225733,-0.17876467260078574,-0.18106288200559412
#12,0.5580074747587438,0.1699144944975257,1.0,0.6708603941381316,0.06406617313071265,0.2778729609766593,-0.10808756145957016,-0.07854234235670059,-0.02505717632621186,0.3220967574847198,0.08529671923435521,-0.09797352756018456,-0.1307174334005371,-0.48096167791599265,-0.2626270031636239,-0.17680115388599799,0.7849070436452598,0.7435966499055694,-0.3125309788108918,-0.23846392910932432,-0.39741172533050706,0.20137541935946576,-0.1949605144674035,0.15351305692132378,-0.3588250763015085,-0.0003091904469714477,0.322283228012017,0.5481627871765653,-0.3287268206775096,-0.2479866761230068,-0.134770378280168,-0.28054251767087157,0.31132927985719866,-0.036471722621106234,-0.4909784921387532,-0.45922750201212853,-0.36075193841691305,-0.5535720262333751,-0.015332021133326428,-0.03353441337487748,-0.11785574831260111,-0.23676656918136252,-0.052654814366199426,-0.4887249081592809,-0.280776801153886,-0.17669755914861063,0.4491182494083147,0.41154045374494974,0.4652359967805943,0.22152379889870824,0.42533927276494354,0.666031285610691,0.5595964586537465,0.47464239893536486,0.002596243495445816,0.03610834415765525,-0.28260166229709377,-0.3174939636143407,-0.09090517893998677,0.019004056132410012,0.2553434962426986,0.19039278343121707,-0.5342508108280407,0.13219485373219964,0.569055455059806,0.402000175314171,-0.48125971200663004,0.11787327972969742,-0.40974268660998175,-0.25463267696770236,0.20040162882802476,0.4295723131111093,-0.13051343145614355,0.4037325980763254,-0.14156459928758697,0.18349974898198249,0.2883551546350676,0.3863860577421129,-0.399400744288344,-0.23887193299811138,0.08335870076261664,0.07353313836272501,0.30401230386727124,-0.09263600793695065,-0.11265848002613775,0.11647395389237304,0.04915490600769789,0.10803496720828121,0.03386272900413582,0.0193419343528118,-0.26353385555706077,-0.24343807026910724,-0.2060371825418961,0.0877256173847907,-0.027154571317007867,0.7541904071273179,0.10217947389811059,0.7334889910669461,0.7063376072803194,0.6230777199595183,0.7129804205946338,0.4831005108017436,0.18885958131788444,0.5679764760257872,0.5514220369912901,0.4392209675748472,0.5448891934751253,0.24189371179944058,0.13848225740901593,0.04226346532365387,-0.086833108878069
#13,0.6609870187825228,0.30717274024018043,0.6708603941381316,1.0,0.19056491007179913,0.24891265369873056,0.07824908956163489,0.17771597510538772,0.014616420562758489,0.6368143821370797,0.21383706938456756,0.051088143183864725,0.11689152037230355,-0.18375953270804612,-0.16260548733355115,-0.2107212584369945,0.5595135828638367,0.37546079736072485,-0.21308799974499756,-0.09156021643331289,-0.3949047326857334,-0.019550717592777055,-0.16542485795567738,-0.05168580513033015,-0.24277506394982828,-0.1459012343711401,0.09363848624182199,0.3668879344006248,-0.2119867079983106,-0.14652120903027357,-0.16330993154778506,-0.032543091426340154,0.23830614635545744,0.10438524492186566,-0.3059311971567229,-0.07881806373466997,-0.09531512722230634,-0.22171664448676776,0.10211412952529704,-0.09005570209341057,-0.03015244364047845,-0.05791902079066691,-0.020494226585597144,-0.4547107714620405,-0.22345225477930336,-0.28260166229709377,0.3730589932185291,0.3476161257161982,0.2811274294958124,0.04604387635569652,0.33922495198782365,0.4188510546741149,0.324530436930727,0.16143088238809777,-0.1260540764529162,0.004873733952776738,-0.10717433400537099,-0.18399540995625113,0.04145702013722318,0.12128553100271737,0.32471531369283363,0.2648184303006638,-0.17253783200121126,0.1658615496178948,0.19104463339416203,0.15793097402959622,-0.17430372383236778,0.0716238076644168,-0.14574663914765437,-0.012694339742925675,0.16348046442317654,0.30662129748424166,0.029502187442724065,0.4304249774880667,-0.12239319781016662,0.09175784331694412,0.3076843388663548,0.3346811274294958,-0.18768975766800278,-0.13206894628214425,0.09776952561579103,0.1498473969830025,0.3421670425296241,-0.020494226585597144,0.057499860545545824,0.1816270748830575,0.15322777295221096,-0.010353098677971774,0.0610539569205269,0.0102765979488242,-0.171355258229805,0.01076110256675884,0.09217859732725578,0.14884651244332173,0.10505940759747866,0.354662161623728,0.07595406768720764,0.49011307764027123,0.48469268222712747,0.4251543960028369,0.4998366390679661,0.18549514300058173,0.16503438548398663,0.40825251615679464,0.3876339758863327,0.31897616524157496,0.3708245344213437,0.3554606379842058,0.145631888053933,0.11840081600777758,0.021577986915187787
#17,0.29757030496696923,0.027607200631131014,0.06406617313071265,0.19056491007179913,1.0,0.4962474798587924,-0.17246611256763542,0.38035365649578845,0.008604738263911577,0.016044434173513217,0.15584473539513424,0.7254245392026393,0.552159950274526,0.07997991855859876,-0.20856170660376608,-0.3683605734367156,0.15460478607686728,-0.013908788818143423,-0.14324442779845245,-0.006646000844695551,-0.034497047549984464,-0.07312513447393795,-0.02503964490911554,-0.027243822167680037,0.03181155320386647,-0.11882794507885153,-0.06704492027189635,-0.09008917116241265,0.008105889759261768,0.17644255671811873,0.08939747706970332,0.444952147200153,0.4482289284319741,0.1870395014702484,0.0709305198065169,0.24388910581803983,0.3536039015371865,0.22433360692969104,0.13351767884037644,0.247199356118863,0.2865047932488107,0.13728693351608506,0.4517160866689511,0.25722892046314816,0.07716054793647252,0.16834941708038154,0.2332698483532421,0.13988317701153088,0.06245487652304186,-0.33778896955111604,-0.21661181458135773,-0.169793368343042,-0.08354676505510443,-0.09234116137669438,0.15026018216736128,0.060382981775295046,0.04485333375833738,0.062058028990588814,0.018261361553602307,-0.010588975926176797,-0.07339288702595446,-0.09356836057343672,0.10640135788794237,0.1084222521495908,-0.06322785264047048,-0.21342428420020879,0.2297364709257385,0.12131900007171943,-0.006469092908541784,0.11849325438883089,-0.05419917283586609,0.019692562694738184,0.3531146156236802,0.4145909203197093,0.1945556981089976,0.043439664034297824,-0.11655682968228291,-0.12353911498218967,-0.05215277833116847,0.018364956290989647,0.43543896277761396,0.5929874331614723,0.2465379435647746,0.4337639155623202,0.6531520691056587,0.04922025038051144,-0.013153344117811123,0.44167695973352245,0.4501541967821881,0.6754520316521767,0.48310847962769643,0.1949047326857334,0.24632916032480934,-0.1746830399477245,-0.1186733498553658,-0.09960076181976109,0.30822621903115016,0.13196216401437577,0.1560838001737204,0.16336890085983632,-0.012001051885025779,0.1549283204105539,0.5157535720262334,0.2715170253966483,0.29913378861892276,0.4346388926519456,0.19698140872905195,-0.13280048450461793,-0.03253990389595901,-0.16125556821713458,-0.1557283905362223
#18,0.1782419176182773,-0.10848122146164206,0.2778729609766593,0.24891265369873056,0.4962474798587924,1.0,-0.22030775605829994,0.21714094462462846,0.07783949190765725,0.0799831060889799,0.15131684848871216,0.5845516340077617,0.4646271784777949,-0.044022982094048084,-0.09292926073201635,-0.36352987114408436,0.4096805297675494,0.11352230075942911,0.07210671851716087,-0.25186749436205563,-0.006316091450246635,-0.2211508578441138,0.18056084597056316,-0.06161336850241854,0.1206161496226761,-0.3116129700611209,0.043846074157894314,-0.05635394337352278,0.14304042585405893,0.1785654519519639,0.17127078867470455,0.25635075584314165,0.37759644271609466,0.023654662958506323,-0.1000996103244109,0.07347098152029262,0.1520691056586633,-0.05836686880921834,0.08451099299540199,0.11517503526205485,0.2817187163815155,-0.08556128425599056,0.30218744272406345,0.06125795886492043,0.23826470846050252,0.2256675883942019,0.22504123867430612,0.18236020687072174,0.012173178525607823,-0.27410689383133185,-0.040856170660376605,-0.0021468017117038146,0.13574416881160897,-0.05665516499454135,0.2694562870052355,-0.07987951135159257,0.08146052642064244,-0.18648168365354734,0.04943381491604842,0.027718764194471227,0.05589972029420905,-0.012936592051892995,-0.023001219230370788,-0.08252516156794619,0.036879726509893296,-0.16478894564463817,0.008002295021874427,0.07651029173871814,-0.22080501079775916,-0.21710428802524523,-0.13555451075393063,-0.03737857501454311,0.2866099817513886,0.37747053526603924,0.15833419662281156,0.004829108527440652,0.04601518858226617,0.04599925093036043,0.09903338141191659,-0.07627600825570369,0.3826502721354063,0.5701487779805401,0.1851094518244627,0.19561873949111078,0.36691502840886453,0.06170421311828128,-0.018564176939811456,0.4667452924160683,0.3482058188367108,0.49396839563627093,0.3892691789718621,0.1650869797352756,0.22079863573699687,-0.024916924989441307,0.00033469069002063927,0.14818988118480506,0.06228753117803154,0.28649204312728604,0.1962674019236746,0.2533369458677653,0.04174389787152659,0.546070173481341,0.4065758751763103,0.239420188223669,0.3913283235980843,0.2734709815202926,0.36809760218027077,0.02016112966076708,0.1075169935213445,-0.034320139613830694,-0.07640669700133079
#26,0.13183785032951095,0.43382925993513377,-0.10808756145957016,0.07824908956163489,-0.17246611256763542,-0.22030775605829994,1.0,0.22558311883910143,0.5006175840113476,0.3622468901656719,0.2253169600522755,-0.21503876833826072,0.031590019842376624,0.5357011371514635,0.05528293316545673,0.4206663532261792,-0.15755643920981122,-0.25834774362693147,-0.142324825283491,0.20649618691678154,0.18762919459076094,0.2488919347512531,0.0020081441401238356,0.004712763668528716,-0.01590258907155209,0.05182765023229128,-0.2743587087314426,-0.2880603080748113,-0.14081074835244523,-0.2136904429870347,-0.21445385651331988,-0.03961303381172852,-0.29665707751277004,-0.06800596068181275,0.11038577086437855,-0.013703193108559317,-0.08140633840416292,0.004524699376040928,-0.041230705480161604,0.02482129907800684,-0.25559849867319046,-0.25930559650646673,-0.2797041971806294,-0.022491214369386957,0.06184446445505184,0.06333463490823897,-0.38605774211285454,-0.22110463865358718,-0.21043597446788165,0.07443680322578075,-0.1850727952250795,-0.24133430021754895,-0.1763947437624015,0.04965216074715712,-0.20539170763971343,0.023077719959518364,-0.05796205245081242,0.315788634860426,-0.20014184510196112,-0.15170572719521233,-0.0831116671580776,-0.18181673294073583,0.14367793193028872,0.001217636605598897,-0.22126082764226346,-0.05807680354453378,0.3628063017475635,0.20206870721736567,0.2074922901608906,0.28111786690466894,0.22935396728000063,0.1569444333766306,0.22252149590800788,0.07499302727729124,0.15760903346110017,0.0013228251081768123,-0.055882188877112736,-0.16181657356421678,0.2910980245280463,-0.019389747308529034,-0.32010136346612056,-0.23736901242339967,-0.10891950688905004,0.0072245376088740845,0.09673198447672704,-0.11170222091179306,-0.12551379005331145,-0.3512100662209437,-0.3218576927061336,-0.31263138601789797,-0.07902684697463523,-0.020996262620628103,-0.058199523464208015,-0.09467283985050483,-0.13015005299269258,-0.10929722923921618,-0.15254404768545451,-0.3099697981496386,-0.35320227270916177,-0.1894556494991593,-0.11051645961000565,-0.29444015013268093,-0.18237136322705577,-0.15601367450533513,-0.11854744240531043,-0.1711735689980795,-0.16662177561379882,-0.059275314967845785,-0.18064850305604474,-0.07217046912478385,-0.11695845851030767
#49,0.3476177194813888,0.40624755954705194,-0.07854234235670059,0.17771597510538772,0.38035365649578845,0.21714094462462846,0.22558311883910143,1.0,0.6035461275490283,0.4449489596697718,0.703975647267888,0.34692124409310776,0.4852281873311605,0.282361003753317,-0.04878196495310346,0.014924017244539362,0.18938711759596458,-0.1147654376080772,0.11682458223429942,0.10843818980149654,0.24581756169863495,-0.10822143773557842,0.07958944608690802,-0.09406242778251481,0.21084557212185928,-0.039876005068173306,-0.20732494481588026,-0.20503311047183417,0.28982460614077726,0.28391970610969886,0.16713018670959207,0.3743164739538924,0.11777924758345353,0.20371187912884794,0.25281578465044746,0.3846616038059113,0.3168532700077298,0.43763676497541615,0.09850903266421758,0.193344436564161,-0.060029165902987514,-0.04219971471603089,0.1899114663436636,0.2954553785590769,0.058562901927659,0.07521137310839994,-0.006245965781861359,0.04763126648550869,-0.263184820980325,-0.27597797416506625,-0.2742806142371044,-0.3538142785423424,-0.22283068635497932,-0.18378981424666704,0.016838129238419302,0.18099275633720885,-0.20216752065918128,-0.06355616826972882,-0.23357425750464184,-0.3017603136529895,-0.1144036529098168,-0.18069631601176198,0.300219142713704,-0.21008056483038354,-0.16653411852831723,-0.10028448708651755,0.2584864011985114,-0.16872235813497596,0.2724557530938967,0.13889344882818414,0.1864450270541641,0.07832559029078245,0.21920008925085066,0.09437639952505797,-0.0854592832837938,-0.3058116647674298,-0.21839523782961057,-0.37893679924136775,0.2629027245415933,0.23740726278797344,0.02855230338914168,0.05960363059710413,-0.03889265194558886,0.1858585214640327,0.35556263895640255,-0.08289650885735005,-0.1199292368255385,-0.01262102654415925,-0.04770617344946569,0.18381212695933508,0.2831594801137948,0.1254229454374487,-0.034434890707552054,-0.17154172875710222,-0.11448971623010781,-0.13812366024113668,-0.016948099036568944,-0.14713640239383532,-0.2595797241192455,-0.17136482082094845,-0.2147773908470065,0.06283419263839858,0.2239319781016663,-0.029063902015316084,0.01756329240013069,0.05600809632716812,-0.04810302098191874,-0.07686570137621625,-0.046318003968475324,-0.14952705017969703,-0.15609495653005442
#50,0.22781757763628685,0.4908541784538884,-0.02505717632621186,0.014616420562758489,0.008604738263911577,0.07783949190765725,0.5006175840113476,0.6035461275490283,1.0,0.4528986604403573,0.5185028169799744,0.004467323829180247,0.20903664863055726,0.4406872315501757,-0.0436851038736463,0.12466112567635411,0.1770418124297747,-0.09594466447258325,-0.004205946337926033,-0.044889990357720594,0.23434085856130815,-0.0636071687558272,0.0312107037270199,-0.052057152419734,0.033771884388273075,-0.11401955549888834,-0.19477723147048745,-0.211824143948872,0.13227932328730008,-0.03866633728852728,-0.021200264565021637,0.04685988413327064,-0.12198997521695129,-0.05531799599964937,0.3063710763493215,0.14067368454605583,0.16211938895042594,0.14858991624763923,0.03188805393301405,0.002577118313158922,-0.3251695367721474,-0.30183681438213705,-0.029185028169799742,0.16400481317087554,0.04680569611679111,0.12646686163727497,-0.07224537608874085,0.058344556096550294,-0.09897281833467475,-0.013802006550374933,-0.19834407796699313,-0.25613719130760465,-0.2040641012359649,-0.12410171409446247,-0.1336643052379093,0.012356461522523886,-0.10142402919777829,0.007294663277259361,-0.22946074954776913,-0.3068731123843524,0.015156706962363235,-0.05467730239303843,0.2175138856792229,-0.3991696483357107,-0.16519694953342523,-0.13581588824518484,0.2987512849731849,-0.15890795209141836,0.20719584983544376,-0.04029197778291324,0.19044219015212488,0.0332586919969081,0.19305437129947645,0.026918694068802842,-0.05533393365155512,-0.18372287610866292,-0.12223222752591861,-0.23712676011443234,0.33128800133876274,0.017561698634940115,-0.2760496935986421,-0.25992716493079077,-0.22523886555793735,0.18217692387380569,0.16294495931914352,0.03964172158515886,0.002816183091745093,-0.25394576417056475,-0.3983839220967575,-0.10413183625656432,0.10808278016399844,0.08307182302831324,-0.04975416171935389,0.022915155910079768,-0.030860075385093513,-0.0020384256787447505,-0.23741523161392633,-0.16525273131509535,-0.297061893871176,-0.04961391038258334,-0.11699830264007204,-0.08608882053407071,0.024046729195387643,-0.10796165400951478,0.12349130202647245,-0.08516603048872809,0.0066651260269824444,0.008845396807688323,0.08306863549793209,-0.017219039118966602,-0.03892930854497207
#51,0.5137884595462551,0.4941373347464718,0.3220967574847198,0.6368143821370797,0.016044434173513217,0.0799831060889799,0.3622468901656719,0.4449489596697718,0.4528986604403573,1.0,0.4787718445441433,-0.056256723696897735,0.21186080054825523,0.16903314234713798,-0.05258946999338587,-0.05194240132601264,0.41129660767079185,0.13802962809489278,-0.014304042585405892,0.11017539385922272,-0.05153599120241615,-0.00269027564168971,-0.020142004478480184,-0.04238140394775638,-0.03091585716676362,-0.07377539067169234,-0.04567093530110209,0.05999410306879487,0.01918415159894493,-0.01926383985847365,0.010600132282510819,0.07041413988477077,0.05346125955263011,0.1690315485819474,-0.0914964658256899,0.029020870355170574,-0.04335519447919738,0.004719138729291013,0.14672361720947652,0.07868737498904287,-0.25222768529512546,-0.19751213253751324,-0.18390137781000726,-0.22466032879375883,-0.07757333312083131,-0.07056395381268478,0.023359816398250046,0.058548558040943825,-0.009839906286606795,-0.08710564272565723,0.039703878427591266,0.0798715425256397,0.1437544326594363,0.13877391643889106,-0.02862402282271753,0.15047055917251712,-0.1359672959382894,-0.09371498697096957,-0.07082692506912956,-0.030729386639466408,0.2218584895887289,0.14709815202926152,0.054772928304472904,-0.16072006311310155,0.0018328299691606435,0.18667134171122568,0.012334148809855843,-0.022832280120169895,0.0775239263999235,0.04468758217851764,0.24230171568822764,0.20940002709400823,0.025964028719648733,0.18025484305397285,-0.1398385515861948,-0.00352062730597901,0.096859485691973,0.016422156523679367,0.0612914279339225,0.035807122536636676,-0.23290009482902885,-0.22765660735203883,-0.09075536501207278,0.061369522428260645,0.032230713448987564,0.026188749611519735,0.046531568504012306,-0.19323924806158307,-0.2256341193251998,-0.22012447306138386,-0.0986205962275578,0.0599048522181227,0.10183043932137478,0.08648566806652376,-0.0033500944305875414,0.08773039868036242,-0.06639307030895138,0.1437528388942457,0.07530221772426268,0.09832574966730151,0.19971949732645888,0.035250898485126185,0.1216584720573118,0.11449609129087011,0.14580401469451507,0.08366470367920695,0.17313708771286726,0.26170102558790015,0.20833379818151393,0.04113029827315542,-0.05248906278637968
#52,0.3791376136553802,0.43391691702061536,0.08529671923435521,0.21383706938456756,0.15584473539513424,0.15131684848871216,0.2253169600522755,0.703975647267888,0.5185028169799744,0.4787718445441433,1.0,0.07876068818780929,0.2444086732701671,0.09620444819864689,-0.23105292097315303,0.014528763477276893,0.3365298950505622,0.07589987967072812,0.11476862513845836,0.1267154890070046,0.06001004072070062,-0.06591653451696962,0.017775263170477094,-0.051257082294065615,0.12577038624899395,0.04885846568225104,-0.15317199117054084,-0.13147606563125055,0.2470511359561396,0.1989385523830774,0.18941261783901378,0.2374598570392624,0.17437384950075305,0.2754313127046992,0.1208902772354549,0.18605455458247336,0.07986835499525854,0.27144052466750074,0.04257743706619704,0.17286933516085076,-0.1466566790714724,-0.07621066388289013,-0.011119699734638095,0.09495812381961766,-0.017625449242563093,0.010122002725338477,0.06689032504841062,0.04961869167815506,-0.07894875248029708,-0.14569404489636542,-0.12824709735514667,-0.19536214329542828,-0.07004598012574807,-0.06103164420785886,0.008606332029102153,0.2731856975511798,-0.2821617831044952,-0.08343998278733594,-0.1328020782698085,-0.19475332499262885,-0.0006104120679900231,-0.03304034616579939,0.09589366398648487,-0.288331248157209,-0.030681573683749172,0.04408195140609934,0.05771183131589223,-0.21393110153081146,0.1685454501988222,0.024810142721672816,0.2763875718190439,0.17198320171489134,-0.030874419271808683,0.11980492314067369,-0.11523719210448724,-0.14534341655443903,-0.08948194662480377,-0.1855971439727785,0.06730629776315056,0.204932703264828,-0.20062794348508634,-0.12814350261775934,-0.060575827363354554,0.2520778713672115,0.1153216616595877,-0.03550430715042753,-0.05079967168437074,-0.00811704611559579,-0.09579963184024098,0.0027859015531241783,0.08110511678314435,0.1175688705782977,-0.05899481229430468,-0.034143231677676925,-0.052793471937779404,0.04976691184087848,0.06631656957980381,0.10639976412275179,-0.0823817227007945,-0.010944385563674905,-0.01586752623735945,0.049193156372271674,0.24722804389229336,0.1536804022663341,0.09644829427280478,0.19792969901744376,0.10061120895058531,0.032114368590075625,-0.010359473738734073,-0.03134458000302815,-0.07534684314959877
#53,-0.053583979472304345,-0.102466351632414,-0.09797352756018456,0.051088143183864725,0.7254245392026393,0.5845516340077617,-0.21503876833826072,0.34692124409310776,0.004467323829180247,-0.056256723696897735,0.07876068818780929,1.0,0.7055710062236531,0.24280693925363975,0.14167935038130833,-0.2743395835491557,0.06857652862003841,-0.2524253121787567,0.053003848942935236,0.0022201149104702405,0.27087314425965625,-0.1023978197292193,0.17648240084788308,0.0201037541139064,0.19079919355481356,-0.09454693240044944,-0.19033062658878466,-0.3298121747722908,0.1380535345727514,0.2238793838503773,0.17738447194574825,0.3688960785407486,0.37524723282518785,0.1663603981225446,0.18147726095514347,0.31230466415383024,0.55483428826431,0.3306281825498649,0.3240634637298887,0.2957279124066651,0.43669484974778666,0.18998637330762058,0.6355680577580505,0.35579851620460756,0.2604037007227725,0.3513726302703823,0.0035668464965056697,-0.028939588330451276,-0.14289220569133548,-0.46017738606571096,-0.25250500043828544,-0.34757946911681503,-0.15518651037142697,-0.2406011682298847,0.178160635593558,0.004464136298799098,0.2236626317844592,0.14825841308799975,-0.13426196718437472,-0.20244961709791295,-0.18651037142697766,-0.23992222425869997,0.35831666520571526,0.09822534246029532,-0.32280438922933485,-0.3587517631027421,0.40098335312258443,0.18074253520228864,0.1472113093577923,0.16895982914837157,-0.03707097833276223,-0.03485564471786372,0.5127365745204759,0.431427455792938,0.2704189211803425,-0.08156252739283922,-0.26085314250651453,-0.273671795934305,0.22148076723856275,0.003939787551100096,0.6062364031907179,0.6014200447848018,0.2805106423670601,0.368883328419224,0.708522659356597,-0.10515025221334141,-0.1288065089370383,0.5577237845548215,0.5018734709815202,0.7472718724350341,0.47177202782714023,0.23507239678378183,0.2431352548828981,-0.28953294711090216,-0.25893903051263456,-0.23510267832240275,0.30156268676935827,-0.05572121859286471,-0.08586409964219971,-0.022618715584632916,-0.2766664807273944,0.17134250810828042,0.317661308959351,0.07751436380878005,0.12104965375451235,0.24433057877582895,0.058990030998732956,-0.24902421726207077,-0.01303859302408976,-0.302380288312123,-0.29831937460653923
#54,-0.007607041254611958,0.030432946314019556,-0.1307174334005371,0.11689152037230355,0.552159950274526,0.4646271784777949,0.031590019842376624,0.4852281873311605,0.20903664863055726,0.21186080054825523,0.2444086732701671,0.7055710062236531,1.0,0.44936847054323487,0.18425678744750537,-0.13114456247161105,0.07891050211572329,-0.2176126991210385,0.09171799918717975,0.060261855620811385,0.2029835284367554,-0.14000589693120513,0.3238690243766386,0.15704484058363682,0.2330594713480863,0.06260628421614643,-0.1725043629322092,-0.25094151678633186,0.2915793416155998,0.3563483651953558,-0.008689207819012026,0.48065886252978346,0.19907561618946681,0.15757237686171696,0.11211500609615185,0.5023229127652623,0.43224505733570273,0.40848839340499965,0.23802404991672577,0.28287100861430087,0.36422315900198426,0.21407932169353489,0.5463634262764067,0.3870825331303939,0.3554526691582529,0.36545673325948885,-0.017947389811059138,0.03287937588155137,-0.2027030257632143,-0.3737395309549044,-0.16777566161177473,-0.3598100231892835,-0.16126672457346858,-0.21589780777598036,-0.0036337846345097977,0.037719640765326044,-0.07167799568089633,0.03054450987735977,-0.3094581995234642,-0.17501294934217343,-0.3031118265345967,-0.3196551092127597,0.46592769087330366,0.04103945365729267,-0.3482281315493788,-0.33958992421646517,0.49075217748169164,0.1467634613392409,0.2656296567826662,0.2971415821307047,0.04912781199945812,0.03955725203005841,0.2963032616404625,0.10828200081282024,0.03178764672600786,-0.23956203332563014,-0.3886826733817307,-0.4330084708619879,0.48429264716429327,0.36053040505542316,0.30508650160571843,0.3804094382774586,0.28179202958028193,0.2229709376917499,0.544036529098168,-0.22367856943636494,-0.25551721664847116,0.4285315844416642,0.4230315007689917,0.49326873271760874,0.5411071886778921,0.2591796890564113,0.341811632892126,-0.3719194511072684,-0.34487484958841014,-0.2927204774920511,0.42396385340547776,-0.08029707783152308,-0.18670959207579949,-0.028007235693965207,-0.22605009203993975,0.07740439401063041,0.3412713464925213,0.11835778434763207,0.15198941739913457,0.2534198216576752,-0.04468120711775534,-0.3244746551490569,-0.05997179035612683,-0.4219126776052084,-0.3943421335734606
#58,-0.29988445202368336,0.14894373211994677,-0.48096167791599265,-0.18375953270804612,0.07997991855859876,-0.044022982094048084,0.5357011371514635,0.282361003753317,0.4406872315501757,0.16903314234713798,0.09620444819864689,0.24280693925363975,0.44936847054323487,1.0,0.33774275036058937,0.2669158252914598,-0.36808803958912734,-0.5569476209070118,0.18664424770298593,0.21191498856473476,0.43963534652439656,-0.13749412299085975,0.2787734383093339,-0.07097195770147184,0.35341424347950817,-0.05652925754448597,-0.33979233239566814,-0.5820876730231335,0.32644295515941635,0.14314083306106512,-0.061712181944234154,0.31814581357728566,-0.17479619727625528,-0.027439855286120696,0.4127198399859749,0.5294870466734136,0.45732454637458264,0.40955621608268455,0.21249511909410387,0.06791352230075944,-0.055939564423973416,0.008093139637737173,0.11075233685821068,0.32839212998748896,0.3532692108471659,0.31882794507885154,-0.5078580592721275,-0.3017985640175633,-0.523065766720589,-0.3267282391285292,-0.4129381858170836,-0.5888420499007881,-0.4511200184876762,-0.41602849652160745,-0.058959749460112044,-0.08507359210767478,0.11496625202208959,0.29180406250747076,-0.30580369594147694,-0.24773804875327718,-0.28903409860625234,-0.3864944337750719,0.725856449569285,-0.20418203986006742,-0.5555403262437345,-0.4470415733649961,0.8739331734255592,0.07051773462215812,0.520249583628844,0.42911809003179563,0.14756512523009985,-0.03521424188574297,0.4364047844831021,-0.02623337503685582,0.21408250922391603,-0.2388575891113962,-0.37357856067065637,-0.5043629322091976,0.6691949095139813,0.20400353815872307,-0.20227430292694978,-0.09965494983624062,-0.1346875024902581,0.1099952983926878,0.3967869693758019,-0.2517638996246683,-0.2605407645291619,-0.23472654973742718,-0.14405087298488314,-0.043756823307222144,0.36061328084533306,0.17880770426093123,0.31574241566989936,-0.33368024288981507,-0.2494864091673374,-0.4540780466813824,0.04203555690140172,-0.5016073121946943,-0.6114304839468001,-0.32455434340858563,-0.4226474033580633,-0.29474455928408066,0.01772107515399756,-0.306222856186598,-0.17274661524117652,-0.17683621672019062,-0.30047095761381476,-0.27885312656886263,-0.20581724294559683,-0.3079281849405127,-0.24892540382025516
#101,-0.36328443130473587,-0.13065687032329526,-0.2626270031636239,-0.16260548733355115,-0.20856170660376608,-0.09292926073201635,0.05528293316545673,-0.04878196495310346,-0.0436851038736463,-0.05258946999338587,-0.23105292097315303,0.14167935038130833,0.18425678744750537,0.33774275036058937,1.0,0.31859047406545593,-0.2087720836089219,-0.17236889289101037,0.40021515830072757,0.1444955334730534,0.4822255337121182,0.026934631720708587,0.25570049964538727,-0.0013817944202280678,0.26723139079919356,0.046090095546223175,-0.19599327431089578,-0.31665404935890795,0.2015220457569986,0.01249990038967559,-0.07098152029261529,-0.0019475810628820057,-0.05394735793575532,-0.032962251671461246,0.15817960139932583,0.21330156428053454,0.3939803488752002,0.25222768529512546,0.3572520300584115,-0.019370622126242142,0.2530612244897959,0.28956482241471365,0.17527910812899936,0.21267680832582936,0.21105276159663397,0.1224633234785519,-0.40686594044099483,-0.20130848122146164,-0.3125054785678426,-0.12768609200806444,0.07854234235670059,-0.14394887201268636,-0.10818318737100463,-0.2715871510650336,0.02491214369386958,-0.09312210632007586,-0.08792961932918424,-0.09865406529655986,-0.4277809210369036,-0.38021021762863677,-0.44684235271617434,-0.45970244403891974,0.5394448915841229,0.2836376096709672,-0.22774745196790158,-0.06390201531608349,0.38837188916956866,0.29488162309047006,0.5549076014630765,0.4675485500721179,0.30502434476328605,0.1812636964196065,0.23048394680011794,-0.22492648758058476,-0.14752368733514493,-0.4240307915434819,-0.43234546454270895,-0.37705775008168047,0.4508968913609958,0.14349464893337266,0.15998374359505613,0.07462327375307796,0.028807305819633592,-0.254529082230315,-0.04552749643395038,-0.5418706022041773,-0.5047358732637921,-0.0508650160571843,0.10748352445234244,-0.03344197499382416,-0.01849405127142618,-0.23632031492800165,-0.09780777598036482,-0.4441472957789129,-0.46042441967025,-0.2787989385523831,0.03884324522468105,-0.1972650989329742,-0.27007148036879725,-0.1376853748137287,-0.1331702380288312,-0.1286455386527903,-0.19537011212138117,-0.07978547920534867,-0.15831188391014353,-0.16764178533576649,-0.16742025197427662,-0.4389133708930663,-0.35655555467013045,-0.45534349624269854,-0.4108694785997179
#102,-0.2275147622500777,0.19336993680721018,-0.17680115388599799,-0.2107212584369945,-0.3683605734367156,-0.36352987114408436,0.4206663532261792,0.014924017244539362,0.12466112567635411,-0.05194240132601264,0.014528763477276893,-0.2743395835491557,-0.13114456247161105,0.2669158252914598,0.31859047406545593,1.0,-0.2881878092900573,-0.10291260588577485,0.09041270549609925,0.40429838471897933,0.33240523073735545,0.5432922407541697,-0.1388392608117046,-0.042367060061041205,0.05566703057638518,0.29017682824789426,-0.4466989138490226,-0.40682769007642106,-0.056919730016176714,-0.1135669261847652,-0.12732271354461347,-0.3042784626540972,-0.4350357401843986,-0.20006056307724182,0.13664623990947414,-0.09268382089266788,0.03317262867661707,0.19145582481333026,-0.08355314011586673,0.08450780546502083,-0.17366303022575683,0.13350014742328012,-0.21394544541752664,0.22512730199459713,-0.15356246364223158,0.028654304361338444,-0.6229996254651802,-0.43714907282710036,-0.510459084063145,0.010286160539967646,-0.1914335121006622,-0.23948553259648256,-0.36464072548191473,0.1484608212672027,-0.1787232347058308,0.2305859477723147,-0.3333630836168907,0.3080668425120927,-0.5286869765477452,-0.4797711353186335,-0.34493063137008023,-0.38564336316330516,0.1796205245081242,0.11464112392321239,-0.15570607782355425,0.19157854473300448,0.27282550661810995,0.17790244563268492,0.41769716867613893,0.46426539377953446,0.4671835778434763,0.28970188622110304,0.11057064762648519,-0.15194319820860794,0.12002008144140124,-0.13677692865510124,-0.20056738040784453,-0.2834049199531433,0.09976491963439027,0.15761222099148134,-0.29503781207914637,-0.21224011666361195,-0.1198160794970077,-0.29876562885990005,-0.10485381188789455,-0.4974507725776761,-0.401520451991808,-0.47466789917841407,-0.23666616197435633,-0.44075895098375156,-0.37679477882523565,-0.45051598148044847,-0.3993194622636247,-0.4225183083776267,-0.3928535568854641,-0.014697702587477787,-0.13420618540270463,-0.3958418666177912,-0.40003984412976434,-0.4423861852433281,-0.277994087131143,-0.3319478201276606,-0.5065161089816638,-0.24519121197873917,-0.34564145064507645,-0.37354509160165433,-0.5140036178469826,-0.2597359131079218,-0.39334762409454216,-0.29803409063742636,-0.3021587549506331
#201,0.48583700563395993,0.14632358214664234,0.7849070436452598,0.5595135828638367,0.15460478607686728,0.4096805297675494,-0.15755643920981122,0.18938711759596458,0.1770418124297747,0.41129660767079185,0.3365298950505622,0.06857652862003841,0.07891050211572329,-0.36808803958912734,-0.2087720836089219,-0.2881878092900573,1.0,0.6391285291937939,-0.14650367761317726,-0.2356684649650567,-0.21726844583987442,-0.0011076668074492585,-0.08171074755556264,0.06522962171983201,-0.1830805887368614,-0.07467427423917634,0.22972850209978563,0.38045565746798526,-0.0029723720804213914,-0.012754902820167505,0.09566256803385158,-0.07762911490250142,0.46133286582887745,0.09249735036537067,-0.26791352230075943,-0.18294830622604372,-0.13333439584346038,-0.3134298623783758,0.06559618771366414,-0.01711544438157926,-0.0029659970196590935,-0.22597359131079217,0.06825140052116122,-0.3001410482193658,-0.18668727936313143,-0.1811011323701679,0.4343185458486401,0.40603399501151494,0.33933810931635444,0.005523990150531123,0.3794882419973065,0.4721035309867797,0.4708317063647013,0.2569579803807505,0.09700611208950585,0.059275314967845785,-0.24381260508889224,-0.4461219708500347,-0.02239558845795249,-0.05673485325407008,0.31963439026528223,0.22905274565898207,-0.3371403071185522,-0.0759445050960642,0.36612770840472075,0.24017085162842958,-0.36505829196184525,-0.010192128393723753,-0.27387579787869853,-0.21818007952888302,0.20849476846576193,0.3829498999912343,-0.06878849939038481,0.36030249663317104,-0.21242021213014686,0.014425168739889553,0.2094589964060595,0.24231287204456167,-0.1742447545203165,-0.09469037126760114,0.09801337168994892,0.05687510459084063,0.2078221995553395,-0.07753348899106695,-0.007426945788077043,0.14288423686538262,0.08866593884722963,0.2122496792547554,0.03629322091976189,0.12131262501095713,-0.08126768083258294,-0.0714739937365028,-0.1295316720987497,0.09793049590003905,-0.009551434787112815,0.6443959231486425,0.11006383029588251,0.7004598012574808,0.5038369896963081,0.5505709663795233,0.5247822518308377,0.5830519009634311,0.27407979982309205,0.5074612117396744,0.48282000812820247,0.46997904198774393,0.5229111714971033,0.2904876124600563,0.2632517591183291,0.09087967869693758,-0.04148889544103467
