,#10,#11,#12,#13,#17,#18,#26,#49,#50,#51,#52,#53,#54,#58,#101,#102,#201,#202,#301,#302,#401,#402,#501,#502,#601,#602,#701,#702,#801,#802,#901,#902,#1001,#1002,#1101,#1102,#1201,#1202,#1301,#1302,#1401,#1402,#1501,#1502,#1601,#1602,#1701,#1702,#1801,#1802,#1901,#1902,#2001,#2002,#2101,#2102,#2201,#2202,#2301,#2302,#2401,#2402,#2501,#2502,#2601,#2602,#2701,#2702,#2801,#2802,#2901,#2902,#3001,#3002,#3101,#3102,#3201,#3202,#3301,#3302,#3401,#3402,#3455,#3501,#3502,#3601,#3602,#3701,#3702,#3801,#3802,#3901,#3902,#4001,#4002,#4101,#4102,#4201,#4202,#4301,#4302,#4401,#4402,#4501,#4502,#4601,#4602,#4701,#4702,#4801,#4802
#10,1.0,0.343137645530684,0.5307620588258731,0.4556335615073831,0.20057534923379738,0.3372869335160851,0.24726629425686714,0.6077281674090956,0.18562105045063712,0.32525719385762897,0.26685526221421796,0.15073671795934304,0.23167130186709592,0.04346675804253759,-0.2025723370175872,-0.22304743842089744,0.3116512204256947,0.326788802205771,0.054309142634015733,-0.16536907617400728,-0.21856417693981145,-0.09844687582178517,0.02522452167122218,0.018535489166381116,0.0905912071974436,0.09540915936855023,0.2942664297269083,0.3058754153750528,0.07348691917219836,0.07776299117850967,0.1610722852202185,0.06532365386607591,0.34322211508578443,0.13158284789901903,-0.021417016630939763,0.0041852273904485655,-0.19504657778769455,-0.06606634844488361,0.20686275291061368,0.13809975376327804,0.15325805449083185,0.3343814995736678,-0.08367107873996923,0.11808206296966269,-0.2309110758711919,-0.008533018830335727,0.4337463841452239,0.4565882268565372,0.2607654854210329,0.15682490098733753,0.19523304831499175,0.13208329016885942,0.21706125636509974,0.02511455187307254,-0.14352333670680298,-0.12673302042410092,-0.4448963654184829,-0.30889241288081026,-0.22164173752281077,-0.17248364398473173,-0.26901640781263697,-0.2032464996932002,0.029795440237789766,-0.11486743858027397,0.3964299659731132,0.12818015921714254,-0.15959486488855598,0.008595175672768131,-0.10001195323892931,-0.066566790714724,0.15042274621679988,0.14394409071711464,-0.17170429280654081,0.15713409143430898,-0.2742216449250532,-0.2365561921762067,-0.47874475053590354,-0.3600857445672529,-0.04483420857605049,0.26100773773000024,-0.15961558383603344,0.08860218823960665,-0.0790284407398258,-0.046673413605973435,8.925085067217047e-05,-0.16694849747786658,-0.19941827570544032,0.06266047223262597,0.2481667715895417,-0.004918359378112823,-0.03950465777876946,-0.15712293507797495,-0.2342197324068245,-0.22149511112527792,-0.30125349632238685,0.12886547824908956,0.30858162866864824,0.3933492178597327,0.45361107348054414,0.36297364709257385,0.40399875686315134,0.2194853732199635,0.2992995401987425,0.32454637458263275,0.4039142873080509,0.44577453003848944,0.3492290160890596,-0.24605662647722112,-0.16830479165504547,-0.25074229613751003,-0.35907848496680983
#11,0.343137645530684,1.0,0.25972156922120665,0.21215405334332094,0.07406226840599575,0.27724820502195413,0.5943166333304114,0.3407342476232977,0.484971591135478,0.5125548852887504,0.320721338125254,0.12542613296782984,0.4282000812820247,0.22118113938273473,-0.02645012710277395,-0.12061774338786667,0.2454956211301389,0.2991146634366359,0.18072181625481118,0.14753803122186007,0.061020487851524835,-0.03167448939747707,0.011561172692427225,0.0020224880268390056,-0.13543975966020927,-0.1488799815123238,0.05171130537337934,-0.0011793862410251097,0.16047302950856251,0.12015873901298121,0.05740104710373021,-0.11673055008805552,0.09077767772474081,-0.20392863119476606,-0.1086039413813163,0.14865844815083393,-0.08527918781725888,0.048732558232195654,-0.12558391572169672,0.008050107977591661,-0.07097036393628127,0.18257377140625872,-0.24703519830423384,0.16828088517718684,-0.17293946082923603,-0.06455864657460017,0.05614834766393867,0.01686203571627792,-0.008105889759261768,0.002610587382160986,0.18142785423423566,0.1274071830997139,0.018780929005729585,0.10614635545745045,0.04776673652670752,0.10003267218640678,-0.0685398720206552,-0.16737562654894053,-0.13141231502362757,-0.1791471762465236,-0.010894978842767095,0.046611256763541026,0.054831897616524156,-0.039029715751978264,0.1459012343711401,0.24817633418068516,0.10140171648511025,0.10715520882308409,0.24112870450796484,0.21679669134346435,0.38229645626309877,0.44386201180980006,-0.055673405637147476,-0.24963781686044195,-0.1789479555977018,-0.14545498011777924,-0.08446477380487533,-0.0028815274645586464,0.066042441967025,0.10983114057805864,-0.13823841133485804,0.011991489293882333,0.2246045470120887,0.12555044665269466,0.0655993752440453,-0.12842878658687215,-0.0820374694196304,-0.09981910765086979,-0.052482687725617386,-0.17127078867470455,-0.3570512156443991,-0.14816278717656528,-0.2376399525057973,-0.11865741220346006,-0.10288551187753509,0.2739060794173194,0.21729553984811417,0.18270127262150468,0.031352548828981024,0.010488568719170605,0.06514833969511272,0.19669931229032026,0.13334395843460384,0.2226458095928727,0.08593263154539442,0.09830503071982405,0.10572400768194821,0.020032034680330546,0.060904142992612896,-0.11474949995617145,-0.2151152690674083
#12,0.5307620588258731,0.25972156922120665,1.0,0.6404880109013539,0.14950633123221957,0.36821872833475444,0.2554104343807027,0.3621703894365243,0.004666544478002056,0.6178453888388624,0.32775621767644975,0.14124265871909092,0.33052458781247757,-0.09256588226856537,-0.10311023276940608,-0.24261409366558026,0.7597829291810437,0.7120608180796724,-0.040918327502809014,-0.2706500171329758,-0.18364478161432476,-0.14767668879344006,0.19181920327678123,0.06364860665078215,0.18768338260724046,0.054809584903856116,0.3904836280470798,0.5048585931834663,0.1937428778618046,-0.01006622094366837,0.21544677222704778,-0.1498091466184287,0.6487453083537202,0.06963319494138928,-0.2624708141749476,-0.10485859318346628,-0.1853086724732845,-0.2638382647084605,0.27972332236291625,0.26569978245105147,0.06574600164157815,0.20745085226593565,-0.0547043964012782,0.09078724031588425,-0.14826319438357147,-0.21295252970379874,0.4478145494824248,0.5477739084700651,0.30105905696913676,0.32500219142713704,0.4365753173584936,0.4411191419168214,0.5034927364151439,0.18819657499860545,0.08420977137438342,-0.09976970092996199,-0.4724876283977082,-0.5002398616611815,-0.11693614579763964,-0.06797408537800126,-0.3676768481699591,-0.33354796037899737,-0.1221764457442485,-0.22166245647028823,0.4336093203388345,0.13337902126879647,-0.3296304855405653,-0.26434826956944435,-0.08542900174517289,-0.26282303628206455,0.39165982675772376,0.3296400481317088,-0.12516953677214737,0.02677206767126999,-0.4686084039238499,-0.39281849405127145,-0.4598554454972149,-0.2822924718501223,0.04594825044426205,0.19322809170524907,0.01432476153288336,0.0989632557435313,0.19819107650869797,0.10355967455314809,-0.23726223015563117,-0.32568910422427466,-0.33474328427192823,0.28932735140131804,0.03932137478185339,0.02194295914382934,-0.06313541425941716,-0.08980707472368096,-0.26305253846950727,-0.32361720947652783,-0.44935890795209144,0.4283658328618445,0.4604052944879631,0.6794986014710452,0.6630477571739356,0.5898748097442804,0.6370948848106208,0.5981097944839787,0.4327311557188279,0.7081911561969575,0.6380559252205372,0.6597901011244014,0.6409438277458582,-0.4033787822040179,-0.33061543242834035,-0.40325765604953423,-0.4869749539800301
#13,0.4556335615073831,0.21215405334332094,0.6404880109013539,1.0,0.37775103793958037,0.5157631346173768,0.15369633991823983,0.15774450350229902,-0.17567117436588067,0.5222896030727793,0.1969479396600499,0.19562192702149192,0.2879328068595654,0.011014511232060181,-0.31235407087473804,-0.20157623377347816,0.425723370175872,0.43786945469324007,-0.08072101937221589,-0.1859206783064651,-0.4146323582146642,-0.20837682984165942,0.023412410649539004,-0.038390615910557896,0.013330252053964889,0.15725999888436437,0.13356708556128424,0.4259464973025524,0.1923515208504331,0.1560598936958618,0.33197650790109096,0.25061479492226413,0.5855716437297293,0.30731139781176037,0.11552406983879066,0.1363912374789822,-0.053837388137605684,0.012099865326841397,0.20993553219804126,0.31302026472439815,0.20334531313501583,0.37689359226705127,-0.1120369116018137,0.1133103299890827,-0.15550207587916073,-0.13876116631736646,0.3363752998270765,0.4984930950123118,0.1099952983926878,0.25812302273506044,0.25802739682362597,0.24980038090988055,0.19592633617289165,0.13503334953661278,-0.13193825753651714,-0.04355600889320976,-0.5620428882212783,-0.2623337503685582,0.022217086756608148,0.20364972228641554,-0.06991688514531154,-0.00950043430101443,0.006701782626365657,-0.0717672465315685,0.31128465443186254,0.07483843205380551,-0.0470814174947605,-0.004905609256588227,-0.13269370223684945,0.045914781375259985,0.15571404664950714,0.20398600674162676,-0.24245949844209452,0.038245583278215624,-0.4459275314967846,-0.2847867143733714,-0.2739522986078461,-0.03576409087649117,-0.12930854497206926,0.2914709655826407,0.055294089521790754,0.3160085744567253,0.1529122074444772,0.1255424778267418,-0.12846384942106479,-0.10825012550900875,-0.05030401071010208,0.22098032496872236,0.32096837172979303,0.02387779008518675,0.013268095211532485,-0.044223796508060464,-0.20382503645737873,-0.15178700921993163,-0.2505462630190694,0.1349616301030369,0.4323215580648503,0.32974204910390553,0.5570320904621122,0.3176852154372096,0.4319661484273522,0.40936018296424387,0.45990644598331326,0.5577556598586331,0.5715592601741986,0.5064842336778522,0.5380152842081776,-0.10375730143677932,-0.08939747706970332,-0.13769334363968155,-0.19477723147048745
#17,0.20057534923379738,0.07406226840599575,0.14950633123221957,0.37775103793958037,1.0,0.5864753085927851,0.2284566774777072,0.2510817681231024,0.10451752743268335,0.16119819267027388,0.33224266668791685,0.6116137669437162,0.3632955876610699,0.33265863940265683,-0.3090820709384886,-0.220491039055216,-0.021539736550614,0.20533592585804333,-0.10167743786307963,-0.16956227239040872,-0.37599630246475785,-0.24868793280685955,-0.03749970116902677,-0.08176493557204217,-0.05980603877630709,0.1621719832017149,-0.39995218704428276,-0.13630039286311948,0.2288391811234451,0.27537393715783853,0.26156874307708244,0.5026400720381866,0.2783463092382599,0.47048585931834663,0.43230562041294457,0.37574767509502827,0.2916829363529871,0.40617584011347607,0.23245543434085855,-0.07045398401453513,0.4011060730422587,0.19683796986190025,0.1242244340141367,-0.02738088597406944,0.12619910908525847,5.100048609838312e-05,-0.07412920654399988,0.08761724135183163,-0.23759692084565182,-0.32756177832319966,-0.35158619480591924,-0.2691725968013133,-0.4082859852257967,-0.19510873463012696,-0.3216281905186909,-0.16199985656113286,-0.43147208121827413,-0.07596522404354167,0.11807409414370981,-0.04776673652670752,0.20761501008056482,0.2129859987728008,0.3319526014232323,-0.03932137478185339,-0.12432643498633346,-0.32537672624692204,0.4789710651929651,0.48638685462470815,0.11702380288312123,0.2907107395867367,-0.013167688004526293,0.08330291898094654,0.026177593255185712,0.07400489285913506,-0.19987409254994462,-0.18279849229812972,0.030072755380949726,0.04076054474894214,0.07326219828032736,0.47308529034417357,0.18071862872443004,0.6162611862394314,0.025772776896779797,0.4632246651100893,0.4797583851971089,0.31354301970690657,0.27299603949350143,0.21600937133932058,0.5335033349536613,0.4759891305214003,0.3944760098494689,0.38437153854122674,0.15530923029110122,0.183692594570042,0.11353026958538198,-0.1499605543115333,0.193632908063655,-0.12815944026966508,0.1537361840480042,-0.10917610308473252,-0.014382137079744041,0.24745435854935494,0.36922280040481636,0.2729418514770219,0.22790364095657786,0.10504984500633521,0.11844862896349481,0.21591215166269553,0.1794723043454008,0.11886460167823475,0.140313493612986
#18,0.3372869335160851,0.27724820502195413,0.36821872833475444,0.5157631346173768,0.5864753085927851,1.0,0.3773047836862195,0.3292097315302536,0.08816390281219869,0.4386695248189084,0.3734446843946481,0.6831786052960818,0.6945086820358757,0.3145168102383476,-0.2940448963654185,-0.31489293882332314,0.3117484401023197,0.4207396664249456,-0.10898644502705417,-0.26477221111013716,-0.3084573149837834,-0.29586975750862626,-0.024896206041963836,0.07387898540907968,-0.09613910382583334,0.0414187697726494,-0.03506602172301955,0.12954760975065543,0.4790603160436373,0.47951932041852274,0.5125803855317996,0.38855995346205646,0.4499422260118417,0.21391994517447743,0.15037493326108264,0.35009761811792267,0.06734136059734319,0.15038608961741667,0.146894150084868,-0.025324928878228372,0.17183338778697735,0.053290726677238644,-0.005951119221605081,-0.018945086820358756,0.17423837945955423,0.03849261688275466,0.1650072914757469,0.25699941827570544,0.01925905856290193,0.05536421519017603,0.051845181649387596,0.06078301683812924,-0.08780530564431942,-0.21139701487779805,-0.3422881686841078,-0.3628557084684713,-0.35749746989776,-0.15750065742814112,-0.07175290264485333,-0.005386926344141718,-0.05379754400784133,-0.04529799424650766,0.20833061065113276,-0.2121428969869869,0.12754902820167505,-0.12700714803687974,0.30497971933794993,0.3655922033006877,0.05533871494712684,0.005297675493469547,0.12281873311605002,0.10850034664392895,-0.03556008893209763,-0.1368103977241033,-0.2613025842902565,-0.2902469539162795,-0.1356820119691766,-0.1097897026831037,0.28408864521989974,0.5089991951485787,0.134481906780674,0.7056172254141797,0.31684689494696744,0.41019850345448605,0.4208831052920973,0.07941253815075425,0.0004908796786969376,0.20994509478918472,0.2762744144905131,0.4808086764576975,0.26796292902166724,0.1560407685135749,0.01281705966259991,-0.10090446174565101,-0.08265106901800158,0.10088374279817354,0.2828423208408705,0.20053231757365186,0.264929993864004,0.09845325088254747,0.1176437775422547,0.49532947110902154,0.612134928161034,0.40459323127923563,0.2658750966220147,0.21745332260198105,0.2519137135525823,-0.057216170341623566,-0.0552223700882149,-0.07167002685494346,-0.028931619504498404
#26,0.24726629425686714,0.5943166333304114,0.2554104343807027,0.15369633991823983,0.2284566774777072,0.3773047836862195,1.0,0.3350827562575206,0.3238913370893066,0.6022679278661874,0.4835387962291516,0.18465841627553012,0.4396465028807306,0.2389404649013061,-0.07868099992828056,-0.190722692825666,0.22164970634876363,0.25412745340229026,-0.007862043685103874,-0.13102821761269912,-0.03419263839858474,-0.21960809313963775,-0.001608109077289643,-0.11269354286033038,-0.10225916215763932,-0.11847891050211572,-0.05499127413558161,-0.034090637426387974,0.05199977687287332,0.04229215309708421,-0.12244897959183673,-0.10062555283730049,0.11507622182023923,0.0006263497198957678,-0.06274175425734527,0.0506275450437887,0.07082373753874842,0.11294057646486944,0.003890380830192288,-0.07631744615065862,0.00631768521543721,-0.0376287961494633,-0.11394464853493134,-0.023794914295276876,0.13332164572193578,-0.022440213883288575,0.06792467865709345,0.06660982237486951,0.07925156786650622,0.016970411749236986,-0.009234275514188494,-0.014707265178621233,-0.11402114926407893,-0.07555243885918288,-0.022639434532110383,-0.07017985640175634,0.004228259050594076,-0.15010718070906615,-0.021364422379650805,-0.1666409007960857,0.00031715927292432004,0.011854425487492928,0.09553666058379619,-0.0012192303707894716,0.06432914438715744,0.017883639203436157,0.10334132872203938,0.1928025563993657,0.15836607192662305,0.023508036560973472,0.21612252866785137,0.21256365099729857,-0.08494449712723824,-0.2912287132736734,-0.15031755771422195,-0.16527185649738224,0.03892293348420977,0.057856863948234506,0.14409549841021924,0.21266405820430476,-0.13785909521950132,0.01785335766481524,0.1567770880316203,0.11183450342261074,0.04885527815186989,-0.0034345639856879885,0.039871223772601584,-0.022924718501223216,-0.05572281235805529,0.026035748153224587,-0.16227398417391165,0.014978205261018894,-0.09645945062913881,-0.01109579325677948,-0.006614125540884062,0.20280662050060164,0.14575460797360726,0.11552247607360008,0.07645450995704803,-0.002964403254468519,0.040221852114527966,0.14576257679956012,0.08959988524890627,0.18591749077608397,0.04703041700866211,0.05888962379172676,0.03816748878387747,0.01707878778219605,0.009366558025006176,-0.059712006630063194,-0.07419773844719457
#49,0.6077281674090956,0.3407342476232977,0.3621703894365243,0.15774450350229902,0.2510817681231024,0.3292097315302536,0.3350827562575206,1.0,0.6073839141279316,0.4062443720166708,0.44270175075106183,0.3984189849309501,0.4700204798826989,0.3259345440636231,-0.0672473284510993,-0.43708372845428684,0.37786897656368285,0.3347464718023094,0.29558925483508514,-0.17995680896333544,-0.04626700348237694,-0.19639171560853938,0.22964562630987576,0.02782554646223972,0.30552797456350755,0.07511096590139375,0.270289826199906,0.09122552574329224,0.2614221166795496,0.15211213731880882,0.12194375602642463,0.13456637633577445,0.26111451999776875,0.18125094629808192,0.1302807417383197,0.09704436245407964,0.004916765612922249,0.017250914422778093,0.3343336866179506,-0.03342763110710899,0.2310051080174358,0.11147431248954091,0.05510921275968412,-0.09948919825642089,-0.0360429997848417,-0.04015332021133326,0.340066460008447,0.2856664727585685,0.2220879917761716,-0.09419471029333248,0.0661045988094574,-0.02863517917905155,0.12861047581859764,-0.12096677796460248,-0.1265226434189451,-0.20116504235430993,-0.26603925443664383,-0.437944361657197,-0.14929595422706374,-0.3709600044625425,-0.341875383499749,-0.3134872379252365,0.03558877670552797,-0.19494776434587893,0.29475252811003355,-0.08773358621074358,0.07585366048020145,0.07517790403939788,0.2748209006367092,0.06437376981249353,0.37712309445449405,0.2930647307732152,0.09503303078357465,0.0546167393157966,-0.2556654368111946,-0.24721051247519704,-0.3654216704252962,-0.28842368653826234,0.2085027372917148,0.15710540366087863,-0.13414880985584393,0.09306791830359633,0.045422307931372474,0.19535895576504714,0.1361489851700149,-0.14026089936169703,-0.3088286622731873,-0.11699989640526261,0.1562846145877328,0.1391325136067703,0.024096135916295454,-0.01869008438986684,-0.1065989847715736,-0.2600849476846576,-0.3991441480926615,0.19489676385978053,0.18976962124170246,0.30860712891169745,0.3422594809106774,0.27870012511056746,0.3429113308736224,0.22380766441680147,0.32738646415223643,0.3281020647228044,0.349130202647244,0.30500362581580853,0.3165950800468567,-0.2984309381698794,-0.2638207332913642,-0.34184032066555636,-0.47247647204137416
#50,0.18562105045063712,0.484971591135478,0.004666544478002056,-0.17567117436588067,0.10451752743268335,0.08816390281219869,0.3238913370893066,0.6073839141279316,1.0,0.2875471156834464,0.3847030417008662,0.39559483301325216,0.3892197722509543,0.4608913928710883,0.14377037031134202,-0.262682784945294,0.1384790698786348,0.21257161982325143,0.3918128282160189,0.02068547840846608,0.22083847986676122,-0.1473945923547084,0.25747276653730605,-0.09037604889671605,0.17838216895504785,-0.22095641849086375,0.01664847118074094,-0.25478408466080693,0.24357513407549666,0.15361665165871113,-0.031145359354206346,0.04276390759349425,0.015255520404178852,-0.04104104742248325,0.09349345360947972,0.15550685717473245,0.19192917307493088,0.19363450182884556,0.1643187849134187,-0.22641984556415304,0.11304576496744735,0.05159655427965798,0.09719417638199364,-0.02058188367107874,0.006080214202041613,-0.09177378096884986,0.0031811553203866475,-0.10298910661492243,-0.02344269218815992,-0.33705105626788007,-0.07695176469650726,-0.20649778068197214,-0.03245065304528684,-0.14908398345671733,0.04681207117755341,-0.053324195746240706,0.046176158866514196,-0.27394114225151206,0.001311668751842791,-0.32593295029843256,-0.06684091832750282,-0.08549434611798644,0.1232060180573596,-0.05654678896158229,-0.004948640916733737,-0.05391867016232498,0.3044968084852059,0.1198352046792946,0.5392010455099651,0.24466686323104017,0.4207524165464702,0.32808134577532694,0.18330849715911354,-0.025516180701097308,-0.11533281801592171,-0.20794332570982318,-0.05376407493883926,-0.09483540389994342,0.3480113794834607,0.04433854760178183,-0.0027285260062634973,0.06377929539640925,0.22327853437353073,0.24018997681071647,0.22889815043549633,-0.03058754153750528,-0.14559841898493095,-0.18435081959374924,-0.015239582752273108,0.04401182573771406,-0.15053271601494952,0.046461442835627025,-0.12032767812318211,-0.07888340810748352,-0.20827164133908152,0.24781136195204362,0.0016304217899576856,0.09722605168580513,-0.028749930272772912,-0.06560575030480759,0.037255855094868874,0.0892237566639307,0.2030903107045239,0.1861390241375738,0.14908398345671733,0.05685438564336316,0.08774633633226817,-0.043965606547187404,-0.04921068778936799,-0.11777127875750065,-0.2539553267617082
#51,0.32525719385762897,0.5125548852887504,0.6178453888388624,0.5222896030727793,0.16119819267027388,0.4386695248189084,0.6022679278661874,0.4062443720166708,0.2875471156834464,1.0,0.5455394496728797,0.28570631688833287,0.5633720883902175,0.21122329447202542,-0.0979018081266087,-0.30465618500426334,0.5770593438468711,0.5818039828192112,0.08438986684091833,-0.223487317613496,-0.13145694044896367,-0.25261018894086334,0.2095833100909243,-0.047685454501988224,0.11205444301891003,0.00689144068404402,0.2098080309827953,0.2013913570113715,0.3235502713385237,0.20671453274789026,0.10315645195993274,-0.025986341432316776,0.3230195475300624,-0.06938934886723139,-0.07562893958833045,0.045886093601829644,-0.0627959422738248,-0.10903903927834312,0.17594052068308777,0.14714437121978818,0.026327407183099713,0.186688873128322,-0.08216815816525751,-0.037231948617010256,-0.006971128943572743,-0.2186247400170533,0.22167839412219398,0.30098255623998915,0.1712421009012742,0.06916303421016981,0.30695280064388114,0.19277386862593535,0.18885161249193155,0.04965534827753827,-0.021796332746296488,-0.08519790579253958,-0.17080859676943796,-0.39736231860959925,0.050735921076747764,0.024475452031652176,-0.12152618954649412,-0.08872331439409031,-0.05177346221581174,-0.09522906390201531,0.30683167448939747,0.08340651371833388,-0.06380957693503016,-0.11276366852871567,0.06574281411119699,-0.10596147869534381,0.3725043629322092,0.301417654137016,-0.16697718525129693,-0.2116121731785256,-0.3805066579540836,-0.3338778697734463,-0.1694315836447816,0.021914271370399,0.25346604084820185,0.24416323343081864,0.04410107658838623,0.11607391882953884,0.40743810214441106,0.21518539473579357,-0.14559204392416866,-0.12491612810684602,-0.1155208823084095,0.07299444572831085,0.004531074436803226,-0.025785527018304392,-0.08632947907784747,0.0005052235654121078,-0.2073982580146467,-0.12666448852090623,-0.2608674863932297,0.45035979249177216,0.35430037692546756,0.4695136625520962,0.36391874985058453,0.3314425965622485,0.3819506092167441,0.4554709974579445,0.38028034329702204,0.5149805959088047,0.3539114982189674,0.3644367235375212,0.41042481811154763,-0.14908079592633616,-0.12691630342101698,-0.21712341320753215,-0.3099283602546837
#52,0.26685526221421796,0.320721338125254,0.32775621767644975,0.1969479396600499,0.33224266668791685,0.3734446843946481,0.4835387962291516,0.44270175075106183,0.3847030417008662,0.5455394496728797,1.0,0.47930097458741405,0.5010638382647085,0.29047645610372225,-0.10354533066643291,-0.23545808795990086,0.339189889153631,0.4085840193164341,-0.01844783208089952,-0.19834885926256485,-0.17850648263991267,-0.24364844727426307,0.12095721537345903,-0.11368805233924886,0.02369610085346126,0.026953756902995483,-0.12496394106256326,-0.03541505629975536,0.2737148275944505,0.19718700443863604,0.16647993051183768,0.14895966977185252,0.18720365928487756,0.08011060730422587,0.0857652862003841,0.17441369363051742,0.08919347512530978,0.09847556359521552,0.12832200431910368,-0.09671764059001188,0.21547386623528755,0.04815561523320769,0.048965247950019525,-0.05439042465873503,0.27353791965829677,-0.01778482576162054,0.01736725928169003,0.15892707727370525,-0.009522747013682473,-0.047226450127102776,-0.06500171329757987,-0.13510985026576033,-0.1281275649658536,-0.17610308473252637,-0.21934352811800237,-0.21679987887384553,-0.18688809377714383,-0.17452525719385764,0.1399134585501518,-0.017789607057192264,-0.006921722222664935,-0.015569492146722024,0.09801974675071122,-0.08544972069265035,0.04942425232490497,-0.06378407669198097,0.19539720612962092,0.14206185402704619,0.10000717194335758,-0.026018216736128266,0.15891592091737125,0.09105180533751962,-0.11118105969447521,-0.14573070149574863,-0.27333710524428434,-0.24128011220106943,-0.1311732502450414,-0.03344675628939588,0.274506928894166,0.2409438277458582,0.02207524165464702,0.24672919538764354,0.25954147375467174,0.3197045159336675,0.19983424842018024,0.1230004223477755,0.07025476336571333,0.12944879630883982,0.15850472949820302,0.3439169967088749,0.15415375052793473,0.31112209038242394,0.1521886380479564,0.07037429575500641,0.03443010941198033,0.20431750990126624,0.23718572942648358,0.16837491732343074,0.16079975137263028,0.029790658942218044,0.13799934655627186,0.31465068651435585,0.3116671580776004,0.35272733068237055,0.18253233351130377,0.1583501342747173,0.16478575811425702,-0.001045509965016854,0.0034170325685916694,-0.03913490425455617,-0.09016089059598849
#53,0.15073671795934304,0.12542613296782984,0.14124265871909092,0.19562192702149192,0.6116137669437162,0.6831786052960818,0.18465841627553012,0.3984189849309501,0.39559483301325216,0.28570631688833287,0.47930097458741405,1.0,0.7355672608754552,0.5222959781335416,-0.13494091115555945,-0.35499207101817687,0.2650814015571086,0.36146753898748096,0.06967463283634422,-0.20934902660790985,-0.1321151654726709,-0.3178621233733634,0.09478440341384504,-0.07968666576353306,0.010539569205268988,-0.12475356405740742,-0.1795264923618803,-0.1277641865024026,0.6355393699846201,0.5704978125572759,0.454753803122186,0.38126847771517824,0.26449330220178663,0.1452844472423878,0.23507877184454415,0.3904676903951741,0.25409557809847877,0.25454980117779247,0.18802922965359514,-0.2453952139231327,0.23896118384878356,0.014954298783160277,0.2131931882475755,-0.053289132912048065,0.2952689080317797,-0.02235574432818813,0.09159049797193379,0.15631648989154429,-0.08365195355768235,-0.23446676601136354,-0.17414912860888204,-0.24986094398712239,-0.2350309588888269,-0.33924885846568226,-0.3217652543250803,-0.3288622907187084,-0.27679238817744983,-0.2245806405342301,0.07589350460996581,-0.08156890245360152,0.006158308696379762,-0.0431352548828981,0.27727051773462214,-0.1787917666090255,-0.0877192423240284,-0.26069854728302877,0.4975543673150635,0.38960705719226385,0.26438970746439927,0.07513965367482409,0.19282965040760544,0.14339742925674762,0.13412968467355704,-0.1152961614165385,-0.17664815242770282,-0.31865263090788837,-0.05827602419335559,-0.09432380527376902,0.4442827658201117,0.3372056514913658,0.28302241630740543,0.667282391285292,0.4384479914574186,0.5110965901393748,0.47483683828861495,0.23173186494433776,-0.00420116504235431,0.15712931013873727,0.2408577644255672,0.5821147670313732,0.23341647475077495,0.39868992501334777,0.07481133804556575,0.07659635505900915,-0.038129238419303685,0.07813115093753237,0.0876379602993091,0.1439345281259712,0.13447075042433998,0.01222258524651563,0.004605981400760226,0.44289300257393077,0.5820701416060372,0.3404808389579963,0.25277275299030194,0.12995083234387078,0.17957271155240698,0.007160787001251106,-0.021883989831778083,0.03297500179298584,-0.0117874873494888
#54,0.23167130186709592,0.4282000812820247,0.33052458781247757,0.2879328068595654,0.3632955876610699,0.6945086820358757,0.4396465028807306,0.4700204798826989,0.3892197722509543,0.5633720883902175,0.5010638382647085,0.7355672608754552,1.0,0.523684147614532,-0.08638685462470815,-0.4868872968945485,0.4837045478089713,0.5153694746153049,0.1477053765668704,-0.22979065894221803,-0.1660910518053375,-0.44324522468104777,0.11826375220138817,-0.13548279132035476,0.09154268501621655,-0.17809369745555387,0.11777924758345353,0.05607025316960052,0.7399740216273937,0.6178788579078645,0.483687016391875,0.2547043964012782,0.32684458398744115,0.07674616898692316,0.08147965160292935,0.37825307397461133,0.09305038688650001,0.07602738088597406,0.18066125317756934,-0.17370446812071177,0.194842575843301,0.03584059160563874,-0.030519009634310576,-0.1255169775836926,0.15867366860840393,-0.20429200965821706,0.27578990987257845,0.22134848472774507,0.19405525583915723,-0.07229956410522038,0.1460877048984373,-0.027737889376758123,-0.01100016734534501,-0.3423152626923475,-0.33431137390528254,-0.40963112304664157,-0.15865773095649818,-0.4116695487253863,0.00497095362940178,-0.10744049279219693,-0.09899831857772394,-0.1114504060116823,0.25099251727243027,-0.2709878953533776,0.20591765015260302,-0.028106049135780825,0.32194694355680575,0.23695144594346915,0.2682131501565874,0.014712046474192957,0.4076915108097124,0.3730685558096726,-0.06796771031723896,-0.3683844799145742,-0.2573404840264884,-0.32519025571962484,-0.17742112854513145,-0.11669548725386289,0.4302608196734375,0.35151447537234337,0.016431719114822812,0.45099729856800197,0.5627027070101762,0.2878738375475141,0.2252803034528923,0.07596841157392281,-0.1379722525480321,0.20905418004765358,0.08968276103881614,0.3656368287260238,0.07119189729777112,0.19772569707305024,-0.11742861924152714,-0.05269625226115436,-0.17198957677565363,0.31339001824861146,0.19901664687741555,0.38840854576895184,0.20466813824319263,0.1959916805457052,0.22296137510060643,0.5125867605925619,0.5771788762361642,0.3808509112352477,0.25436970571125755,0.21029094183553937,0.27715098534532906,-0.13618882929977927,-0.12976754934695472,-0.05304528683789017,-0.1322856983480624
#58,0.04346675804253759,0.22118113938273473,-0.09256588226856537,0.011014511232060181,0.33265863940265683,0.3145168102383476,0.2389404649013061,0.3259345440636231,0.4608913928710883,0.21122329447202542,0.29047645610372225,0.5222959781335416,0.523684147614532,1.0,-0.23426117030177943,-0.5343783120432867,0.07988429264716429,0.13296145478886595,-0.018941899289977606,-0.22845508371251663,-0.23174939636143407,-0.4088740845811187,0.0633266660822861,-0.2517001490170453,0.15009921188311326,-0.11503000262971257,-0.031800396847532456,-0.05871112209038242,0.4215237988987083,0.4723617209476528,0.22439098247655173,0.5106391795296799,0.025721776410681414,0.18601789798309015,0.415921714253839,0.5125086660982238,0.1426786411557985,0.11978579795838679,0.07919578608483611,-0.4332602857620987,0.12558869701726844,-0.08882531536628709,-0.1553108240562918,-0.4283738016877973,0.055389715433225226,-0.24695869757508626,0.06990891631935867,0.05270103355672609,0.0702005753492338,-0.221165201730829,-0.13288495405971837,-0.2988532859453817,-0.27003323000422347,-0.4694068802843277,-0.4047860768672951,-0.4466064754679693,-0.006518499629449593,-0.10946776211460765,0.2093904645028648,-0.08967160468248213,0.2276263258134179,0.2243670759986931,0.45530524587812476,-0.02575205794930233,-0.0006661938496601296,-0.24989600682131502,0.6532014758265665,0.48552303389141677,0.2628341926383986,0.34653077162141704,0.062089904294400304,0.27727211149981273,0.022924718501223216,-0.09962307453242913,0.028847149949397955,0.17122935077974963,0.11598785550924783,0.08783080588736861,0.23384201005665836,0.19086931922319886,0.1271218991306011,0.28467196327965,0.24299500354612755,0.3527082055000837,0.3548677573333121,0.34014136697240394,0.169418833523257,-0.05633481819123588,0.21703575612205053,0.2430364414410825,0.15999330618619959,0.36896779797432444,0.12834112950139057,0.10176987624413295,0.08813362127357777,-0.018256580258030584,-0.07735020599415088,-0.010004064101235964,-0.09471905904103148,-0.10559969399708341,-0.01683653547322873,0.18625696276167633,0.4304680091482122,0.11786531090374455,0.08332204416323342,-0.044147295778912896,0.042513686458574056,0.22518308377626725,0.18478113619520437,0.1633083377825945,0.17690793615376646
#101,-0.2025723370175872,-0.02645012710277395,-0.10311023276940608,-0.31235407087473804,-0.3090820709384886,-0.2940448963654185,-0.07868099992828056,-0.0672473284510993,0.14377037031134202,-0.0979018081266087,-0.10354533066643291,-0.13494091115555945,-0.08638685462470815,-0.23426117030177943,1.0,0.3676593167528628,0.04792930057614612,-0.043677135047693424,0.5354365721298281,0.10982795304767748,0.6676250508012654,0.16528301285371627,0.38672552972770524,0.08560112838575493,0.36560495342221233,-0.11161137629593032,-0.09226466064754679,-0.4152124887440333,-0.062065997816541686,-0.2529895050562201,-0.314343089832575,-0.3910382583333997,-0.13708452533688212,-0.2793726940209899,-0.1770306560734407,-0.31469849947007306,0.3813194782012766,0.0694387555881392,0.1804636262939381,0.07021173170556781,-0.013972539425766402,-0.06800914821219389,0.4680633362286734,0.0983145933109675,0.047883081385619454,-0.0457203420220099,-0.24269059439472782,-0.39637737172182425,-0.17949780458845,-0.3514618811210544,-0.10784371538541226,-0.05592362677206767,0.13323080110607305,0.1821450485699942,0.5655826407095442,0.243828542740798,0.22377897664337112,-0.10869159846679789,-0.26139024137573813,-0.2453888388623704,-0.4013658567683223,-0.4308568878547124,-0.0024496170979129645,-0.03794276789200647,-0.19591358605136705,-0.12563650997298567,-0.14870307357617002,-0.23924328028751524,0.4403812286335854,-0.09928041501645563,0.23448429742845986,0.03559833929667142,0.36562248483930865,0.035260461076269636,0.027749045733092143,-0.23101307684338868,-0.15423025125708228,-0.2178182948306226,0.2530070364733164,-0.09554941070532079,0.0642000494067209,-0.21191498856473476,-0.019332371761668354,-0.039176342149511115,-0.2093203388344795,-0.417869295316721,-0.45480002231271266,0.039871223772601584,-0.3258357306218075,-0.14192000892508508,-0.0951238753994374,-0.4054506769517647,-0.30485221812270397,-0.32248722995641055,-0.3775980364812852,0.26737004837077355,-0.06053438946839962,-0.07270438046362629,-0.11102646447098949,-0.08632469778227574,-0.13439903099076414,-0.18661555992955559,-0.19842535999171243,-0.13878188526484392,-0.09883575452828534,-0.14241885742973487,-0.09486887296894549,-0.3966817808732239,-0.43002175489485134,-0.3572137796938377,-0.3221509455011993
#102,-0.22304743842089744,-0.12061774338786667,-0.24261409366558026,-0.20157623377347816,-0.220491039055216,-0.31489293882332314,-0.190722692825666,-0.43708372845428684,-0.262682784945294,-0.30465618500426334,-0.23545808795990086,-0.35499207101817687,-0.4868872968945485,-0.5343783120432867,0.3676593167528628,1.0,-0.36721784379507366,-0.3484719776235367,-0.010670257950896095,0.5711385061638868,0.41472001530014585,0.6900557020934106,-0.054540238586649026,0.40172764146658274,-0.1885679222880093,0.1030592322833077,-0.45113595613958196,-0.37818294830622606,-0.37412522213102345,-0.3167002685494346,-0.24145702013722317,-0.3467363673310011,-0.2987225971997546,-0.2635322617918702,-0.06522962171983201,-0.21270390233406913,0.22744941787726414,0.3315557538907793,-0.23694507088270686,0.24095817163257338,-0.15065543593462374,0.09475252811003355,0.2942983050307198,0.6377993290248548,0.06392273426356095,0.5137167401126792,-0.47232028305269785,-0.37093928551506505,-0.4909593669564663,-0.021254452581501167,-0.30376686402792274,0.018846273378543138,-0.15426690785646552,0.5049032186088024,0.36035030958888825,0.640285602722151,0.016372749802771557,0.519811298201436,-0.29617576042521654,-0.0218329893456797,0.013561348006598188,-0.007928981823108002,-0.17334427718764195,0.3949158890420674,-0.4419909314760656,0.14313764553068398,-0.21782307612619434,-0.05633322442604531,-0.025410992198519392,0.021577986915187787,-0.2916845301181777,-0.3252364749101515,-0.028152268326307486,-0.12342117635808716,0.049118249408314676,-0.15628142705735165,-0.025573556247957988,-0.14352333670680298,-0.11177712787575006,-0.09851222019459872,-0.03873168166134083,-0.21544677222704778,-0.11780474782650271,-0.1739515017252508,-0.023627568950266558,-0.18551745571324976,0.015059487285738192,-0.09228059829945254,-0.22266652854035016,-0.12514563029428874,-0.09045573715624478,-0.20696475388281044,-0.021662456470288232,-0.0064260612483962734,0.13309373729968363,-0.08537321996350278,0.0529002542055479,-0.4005594115818916,-0.31481803185936613,-0.3770864378551108,-0.4834176700746679,-0.34912701511686284,-0.45206193371530573,-0.30756958777263343,-0.29331813943851653,-0.31609782530739744,-0.42661109738702196,0.020683884643275505,0.01955549888834878,0.03131270469921667,0.10826925069129566
#201,0.3116512204256947,0.2454956211301389,0.7597829291810437,0.425723370175872,-0.021539736550614,0.3117484401023197,0.22164970634876363,0.37786897656368285,0.1384790698786348,0.5770593438468711,0.339189889153631,0.2650814015571086,0.4837045478089713,0.07988429264716429,0.04792930057614612,-0.36721784379507366,1.0,0.7643410976260867,0.016693096606077026,-0.36081568902453603,-0.03815633242754345,-0.2790093155575389,0.37437703703113423,-0.01771629385842584,0.36816135278789375,-0.010880634956051925,0.5030002629712564,0.42892205691335494,0.39627537074962743,0.1248236897257927,0.2717369649929476,-0.14630286319916486,0.4956800994509479,-0.06546071767246532,-0.2387077751834822,-0.06842033963136211,-0.15475938130035302,-0.35773494091115554,0.2521639346875025,0.06600419160245122,0.11371355258229805,0.08526006263497199,0.04491708436596036,-0.08538756385021795,-0.03738335631011483,-0.3630342101698157,0.46771908294750936,0.5226673254229455,0.4214664233518476,0.28320251177394035,0.5192024798986365,0.36390918725944105,0.5596108025404617,0.022119867079983105,0.14051749555737952,-0.2181561730510244,-0.3142171823825196,-0.6762473204822733,-0.03851652336061328,-0.14136697240395574,-0.3754129844050076,-0.37587836384065537,-0.16107547275059966,-0.3759755835172804,0.46959175704643435,0.09709217540979688,-0.2242172620707791,-0.29677023484130083,0.002964403254468519,-0.37188438827307574,0.48010582600865415,0.3401222417901171,-0.13734909035851747,-0.11753540150929563,-0.4358756544398314,-0.34711408968116725,-0.4181752982333113,-0.23562065200933946,0.24186024273043852,0.09326235765684641,0.036529098167966914,0.10998095450597263,0.4190056498976006,0.13592585804333449,-0.2675963630278351,-0.27579150363776905,-0.4099100319549921,0.22177402003362845,-0.14439512626604722,0.12700396050649856,-0.13572823115970323,0.026874068643466757,-0.21895146188112105,-0.26026344938600193,-0.44984022503964494,0.6698754472503566,0.41371753699527447,0.7600745882109189,0.5310059049000311,0.5732231510331582,0.5884260771860482,0.5754448597088191,0.43369697742431607,0.5917921092685414,0.49205428364239095,0.5586784499039756,0.5793973973814438,-0.41018097203738973,-0.3179354365721298,-0.37722190789630966,-0.4939158013849819
