,#10,#11,#12,#13,#17,#18,#26,#49,#50,#51,#52,#53,#54,#58,#101,#102,#201,#202,#301,#302,#401,#402,#501,#502,#601,#602,#701,#702,#801,#802,#901,#902,#1001,#1002,#1101,#1102,#1201,#1202,#1301,#1302,#1401,#1402,#1501,#1502,#1601,#1602,#1701,#1702,#1801,#1802,#1901,#1902,#2001,#2002,#2101,#2102,#2201,#2202,#2301,#2302,#2401,#2402,#2501,#2502,#2601,#2602,#2701,#2702,#2801,#2802,#2901,#2902,#3001,#3002,#3101,#3102,#3201,#3202,#3301,#3302,#3401,#3402,#3455,#3501,#3502,#3601,#3602,#3701,#3702,#3801,#3802,#3901,#3902,#4001,#4002,#4101,#4102,#4201,#4202,#4301,#4302,#4401,#4402,#4501,#4502,#4601,#4602,#4701,#4702,#4801,#4802
#10,1.0,0.5973926001482202,-0.055706874706149545,0.34711408968116725,-0.02210711695845851,0.07824112073568201,0.2765947612938186,0.9142697766338086,0.44457920614555857,0.6645060523233112,0.7778116010168222,-0.1051008454924336,0.113466518977759,-0.0275832941532724,0.16860441951087346,0.42302831323861056,0.03427232665811346,-0.3472511534875567,0.3090039764441505,0.3417526635800747,0.3151335973670999,0.5694124584624948,0.3006446780195874,0.3261911402593056,0.032267370048370776,0.46121970850034666,-0.42595605989369584,0.012648120552399014,-0.3379324084182677,-0.153999155304449,-0.5189729777111938,-0.39952983926878055,-0.4693670361545633,-0.416018933930464,-0.39946608866115757,-0.11670345607981576,-0.3615041955868642,0.19573827188040385,-0.35293930145271696,0.5339910271019771,-0.08821809082867821,-0.06557865629656782,0.07494202679119286,0.4110145112320602,-0.19766035270023669,0.41966865621687954,-0.5770099371259633,-0.4901863908390377,-0.6833507319366637,-0.476881639028122,-0.5469531193969193,-0.510683804955016,-0.5468096805297675,0.19031150140649777,-0.1549235391149822,0.27601622452964003,-0.5741029094183554,0.19913299173632748,-0.5042258684028083,-0.3570974348349258,-0.3323924806158309,-0.145021475985943,-0.26161974356318085,-0.027360167026591973,-0.213771725011754,-0.09126218234267545,-0.174276629824128,0.22899537011212137,0.3882587318410379,0.23120910996182933,0.31521806692220034,0.327215931276845,0.20394616261186238,-0.19327271713058516,-0.3418817585605113,-0.18214823610037534,-0.4874196144682004,-0.4459689693917395,-0.3498027715576664,0.2029277466550853,-0.12187522412322993,0.0957980380750504,-0.043823761445226275,-0.010777040218664585,-0.1652431687239519,-0.09539003418626334,-0.24391779359147017,0.007422164492505319,-0.062064404051351114,-0.29522587637163417,-0.05885934225310585,-0.2866689510634398,0.2955733171831794,-0.397805385332579,-0.1668783718094813,0.10964945134633315,0.10748033692196128,-0.5034959239455251,-0.43325550446652694,-0.5962578393325312,-0.6822845030241694,-0.2880188701798564,-0.50878084931747,-0.40489764043063536,-0.5073002414554264,-0.5613894444931429,-0.6460518451816494,-0.5199995696832684,-0.3308146530771621,-0.21423710444740177,-0.3609272525878762
#11,0.5973926001482202,1.0,-0.08871375180294687,0.222962968865797,0.07816462000653444,-0.0773486122289603,0.5991138665540406,0.5216393468750249,0.42907027707607837,0.6928718851851556,0.6228322801201699,-0.18299611918176095,0.14200766601056666,0.237547514124744,0.04987688163902812,0.2377849851381396,-0.22979862776817092,-0.20713847428858306,0.09449433814916049,0.17035756122050538,0.0909657420172286,0.38284630525384694,0.20724685032154214,0.09950354214313605,-0.016826972882085282,0.4375172325861231,-0.3264716429328467,0.06908972101140338,-0.2644757707846903,-0.19623712038505367,-0.3394385165233606,-0.2750025898684347,-0.16927380089091473,-0.13827984922981298,-0.2565722892046315,-0.03693391452637283,-0.2788897831682458,0.19764441504833094,-0.49934097809369743,0.4151407693104575,-0.07103411454390425,0.001641578146291707,0.06316728956322865,0.32164731570097777,-0.15016136872554567,0.3201587390129812,-0.3901154682880571,-0.32865828877431486,-0.5409956251145519,-0.33809815999808746,-0.4860266636916383,-0.43166811433671476,-0.4761612571619823,0.12062571221381954,-0.2651563085210656,0.1514698499470073,-0.3834312170787878,0.2935364852696252,-0.2881415900995306,-0.09913378861892277,-0.1803409063742639,0.04719298105810071,0.07409254994461666,0.22642462685972475,-0.13904804405166987,-0.11816015746400083,0.04523424363888468,0.4782554646223972,0.22306496983799376,0.1431344580003028,0.21551371036505193,0.03199164867040139,-0.061605399676465666,-0.40529767549346957,-0.23964809664592115,-0.13771406258715904,-0.26691263776107865,-0.22227764983384998,-0.2200224720891871,0.06442158276821076,-0.09450230697511336,0.0200224720891871,-0.0029723720804213914,0.09196981408729052,-0.1879877917586402,0.012369211644048483,-0.01684769182956275,-0.009438277458582027,0.010585788395795647,-0.014291292463881297,0.23186255368996486,-0.13343002175489485,0.369729617735419,-0.18336587270597424,-0.0422985281578465,0.05264206424467483,0.05376407493883926,-0.39214114384527726,-0.30028448708651756,-0.43052857222545404,-0.5479237223979792,-0.3208775271139303,-0.224910549928679,-0.25281578465044746,-0.2918168126289954,-0.32040736638271083,-0.38642430810668665,-0.28600207428624475,-0.3458024209293245,-0.09111714971033318,-0.13308098717815905
#12,-0.055706874706149545,-0.08871375180294687,1.0,0.5424124823689725,0.1896421200264565,0.1999123429145184,-0.2847867143733714,-0.15248029707783153,-0.06514037086915984,0.07526077982930775,0.02791479731291189,0.21191020726916304,-0.0712683980269187,-0.28026360876252104,-0.14370821346890963,0.09036489254038202,0.5232506434826957,0.7014829985098295,-0.4092279004534262,-0.3338252755221573,-0.3063137008024608,-0.10797121660065823,0.2417933045924344,0.3751149503143702,0.2071496306449171,0.19954577692068629,0.15754847038385836,0.2881830279944856,0.005970244403891975,0.02339328546725211,0.33250563794436166,0.11260907330522994,0.4467626644566456,0.31365617703543736,-0.12588991863828702,-0.2598490704364526,0.04031747802596244,-0.08902612978029947,0.05266118942696173,0.013985289547290997,-0.14671246085314252,-0.19368072101937223,-0.1584059160563874,-0.33997880292296534,-0.1544422220274287,-0.15081799998406234,0.14088406155121166,0.10163440620293412,0.197303349297548,0.2396959096016384,0.2609774561913793,0.34050155790547376,0.24572990461315333,0.13479109722764546,-0.04536493238451179,-0.06292344348907075,-0.05865852783909346,0.11065352341639506,0.0037389731370877127,0.10523153423806071,0.19641243455601687,0.20886611575516578,-0.1536740272055718,-0.19642996597311319,0.08424324044338548,0.14253201475826566,-0.20433504131836255,-0.23697535242132778,-0.14126497143175895,0.08384479914574186,0.21435185554112313,0.38481938655977815,-0.12352636486066508,0.21611774737227965,0.038798619799344965,0.22373435121803506,0.021635362462048467,0.09582353831809959,0.05301500529926926,0.05569412458462495,-0.16935030162006232,0.10557897504960594,-0.21773223151033158,-0.20841189267585206,0.2645682091657436,0.18602427304385244,0.0655802500617584,0.0025484305397285817,-0.02247049542190949,-0.08719648734151997,-0.05879877917586402,-0.031070452390249345,-0.0547665532437106,0.12294145303572425,0.025125708229406563,0.2894978842767095,0.36756050331104717,0.5028759492863917,0.47958625855652687,0.1650072914757469,0.34368590075624156,0.41325853262038903,0.2771717042928065,0.4736176079178255,0.42723744710691774,0.3910908525846887,0.4194056849604348,0.17190358194886254,0.1680912271195085,-0.2044577612380368,-0.07748886356573086
#13,0.34711408968116725,0.222962968865797,0.5424124823689725,1.0,0.1532182103610675,0.1727848656057503,-0.008835834216544877,0.23673310011236046,0.11902079066691104,0.4727362557674378,0.34556654368111944,0.04186343026081967,-0.04395445019085338,-0.18862848536525115,0.10682051813306345,0.33497916152013324,0.23868865000119532,0.14133190956976308,0.03867430611448015,0.0658432213182032,-0.07422483245543435,0.1548470383858346,0.24470351983042338,0.33521663253352885,0.1089402258365275,0.2063495605192487,-0.16042043525727354,0.18217214257823394,-0.11445943469148691,-0.09141199627058945,-0.14252723346269394,-0.23071982404832295,-0.03087601303699926,-0.09760696156635243,-0.16203013809975375,-0.1299364884571556,-0.024700172923523177,0.01517264461426898,-0.052562375985146105,0.2186613966164365,-0.07187562256452756,-0.15309389667620268,-0.05310106861956028,0.0009769780618221517,-0.05874140362900334,0.1152212544525815,-0.24638016081090772,-0.12081218274111676,-0.2308728255066181,0.029086214727984127,0.03979950433902573,0.06624325638103738,-0.1537489341695288,0.12424993425718589,-0.05264525177505598,0.15711337248683152,-0.32942807736136237,0.19071472399971312,-0.2264596896939174,0.016022121460845175,-0.1286646638350772,-0.05371307445274088,-0.20708906756767526,-0.10307038863964173,0.07273147447186606,0.10106543202989904,-0.1964347472686849,-0.19216664408832645,0.041641896899329824,0.10562678800532317,0.18204623512817855,0.29723083298137687,-0.036996071368805235,0.014253042099307509,-0.17117994405884182,-0.018403206655563435,-0.33072062093091825,-0.2827929141199627,-0.03970228466240069,0.019847157918223907,-0.1819075775565986,0.0017483604140601965,-0.3258452932129509,-0.04372494800341066,0.08599478838782681,-0.05130648901497342,-0.17543370335248507,-0.011063917952967989,-0.133433209285276,-0.24987528787383756,-0.05543912215413303,-0.25625034863613544,0.014893735705918447,-0.18581708356907778,-0.09995457769206863,0.0415558335790388,0.1318171313820335,0.10191172134609408,0.033249129405764646,-0.1267091139462423,-0.12503406673094852,0.05001872674098925,-0.22029500593677534,0.07343591868609997,-0.06807289881981687,-0.05025460398919427,-0.12600785726238953,-0.18508083779489623,-0.08911219310059049,-0.2947413717536995,-0.2525623759851461
#17,-0.02210711695845851,0.07816462000653444,0.1896421200264565,0.1532182103610675,1.0,0.536043796667437,0.0013435440556542803,-0.010182565802580305,0.1173250245041398,0.10130927810405693,0.014390105905696914,0.5393763596809282,0.38129079042784625,0.0020543633306504953,0.12939142076197913,-0.016162372797615728,-0.026180780785566862,0.18923889743324115,-0.11760233964729977,-0.1543991903672832,-0.433352724143152,-0.17715815728868667,0.23559674553148086,0.17581461323303238,-0.08545768951860322,0.029594625823777383,-0.27515559132672984,-0.2978906517702747,0.040626668472933884,0.35631967742192544,0.15834216544876442,0.3670265919722047,0.1630644917084366,0.2001004072070062,0.13455521997944042,0.23536564957884754,0.1239933380615034,0.3022113492019221,0.06690626270031637,0.12895313533457115,-0.04848393086246603,0.02248802683900581,-0.05520483867111858,-0.05368279291411996,0.13090231016264373,-0.07113452175091044,-0.20805807680354454,-0.22146642335184757,-0.0488042776657715,-0.27993529313326265,-0.13034608611113324,0.037196885782817615,-0.19113547801002478,-0.09263122664137892,-0.3369602116520173,0.03328419223995729,-0.06464311612970061,-0.13693789893934927,0.1461689869231566,0.04107611025667588,0.2880045262931412,0.3283953175178701,0.3900740303931022,0.1905601287762274,-0.27599550558216257,-0.24306194168413167,0.22522611543641274,0.24952465953191116,-0.11727721154842258,0.24385244921865662,0.0039461626118623945,-0.20339950115149535,0.1927643060347919,0.046585756520491836,0.30794412259241843,0.2563029428874244,0.21684769182956276,0.15792459896883393,0.4144729816956068,0.43865677469738384,-0.29179449991632733,0.03701519655109213,-0.15600729944457284,0.465154714755875,0.5402513367705536,0.378834798269171,0.40358437791360197,-0.05543274709337073,0.2098574377037031,0.2632358214664233,0.358171632573373,0.2072930695120688,0.2672154531472878,0.21661022081616715,0.18631274454334643,-0.04697144769661086,0.36645921156436023,-0.0083098917036553,0.12989186303181952,-0.05826805536740272,0.045827124289778386,0.11320673525169536,0.3589812652901848,-0.016372749802771557,0.08821809082867821,0.07654535457291077,0.12029420905418005,0.368946429147775,0.19176820279068285,0.06556590617504324,-0.051551928854321895
#18,0.07824112073568201,-0.0773486122289603,0.1999123429145184,0.1727848656057503,0.536043796667437,1.0,-0.06766648869622038,0.0652248404242603,0.1371403071185522,0.08961263537043088,0.05563196774219254,0.4090127421526986,0.4573372964961072,0.049432221150857845,0.14823450661014112,-0.005761461163926718,0.20500442269840385,0.23362366422554964,-0.05218146610459881,-0.18889783168245822,-0.24079560758313479,-0.20291818406394185,0.1975264764242284,0.07258484807433321,-0.09816637314824407,-0.1378096884985935,-0.27198877989305836,-0.2716254014296074,0.13530907091458216,0.4704587653101069,0.3005793336467738,0.4618157766816215,0.13625257990740225,0.050037851923276144,0.1740152523328738,0.24018997681071647,0.14926886021882396,0.16911123684147614,0.22366422554964976,-0.04238459147813753,0.08182071735371228,0.09689932982173736,0.04726629425686714,0.006832471371992764,0.1783901377810007,-0.17572058108678848,-0.12638876714293684,-0.08116089856481444,-0.0023587724820502195,-0.2921323781367291,-0.019407278725625355,0.03384679135223007,-0.045559371737761874,-0.3390878881814342,-0.09921666440883264,-0.1854521113404362,-0.09406720907808652,-0.34094303086326294,0.02210711695845851,0.018602427304385244,0.08099674075018527,0.007651666679948043,0.26669429192996996,0.07620907011769956,-0.21350715999011866,-0.2500330706277044,0.33329933300926773,0.192883838424085,0.03980587939978803,0.06688235622245775,0.2282208002295022,0.07950019523623585,0.10621648112583573,0.05139414610045502,0.15887607678760687,0.00405135111444031,0.0006390998414203636,-0.07351082565005698,0.4863326666082286,0.3553156053518635,-0.17753428587366224,0.0006693813800412785,0.053787981416697876,0.32920495023468194,0.40971081130617026,0.19841739116575954,0.1284128489349664,0.045474902182661425,0.20878483373044648,0.19738781885264844,0.35294886404386044,0.18177848257616205,0.1379658774872698,0.03544055654280455,0.14048402648837746,-0.10161209349026608,0.12621982803273593,0.08039907880371985,0.040888045964188095,0.013032217963327463,-0.0029325279506570295,0.3899305915259505,0.37537314027524327,0.09130999529839269,0.21598865239184312,0.09887400489285914,0.1500099610324411,0.07417625217200988,-0.027945078851532804,-0.05578337543529712,-0.06818605614834766
#26,0.2765947612938186,0.5991138665540406,-0.2847867143733714,-0.008835834216544877,0.0013435440556542803,-0.06766648869622038,1.0,0.26659388472296375,0.3907832559029078,0.5876068818780928,0.4043047597797417,-0.29380901911721347,0.2262222186805218,0.7193777940695997,0.08466558821888771,-0.02607718604817952,-0.5740997218879742,-0.3061861995872148,0.023020344412657684,0.09091952282670195,-0.039732566201021606,0.12357258405119174,0.09078086525512197,-0.1929252763190399,-0.1466008972898023,0.09776793185060045,-0.36211938895042595,-0.005047454358549355,-0.2002741276127788,-0.10190375252014121,-0.24466367570065903,-0.0768433886635482,-0.16615958370853223,-0.043439664034297824,-0.16018137047868738,-0.021955709265353937,-0.17020137223182907,0.06546390520284646,-0.37179513742240355,0.16338165098136093,0.056192973089274754,0.11858409900469363,0.059855445497214894,0.09961032441090455,-0.07700276518260565,0.06452995880116982,-0.1859589286710389,0.020081441401238357,-0.3113308736223892,-0.07713345392823276,-0.14197100941118346,-0.18584099004693638,-0.27155846329160327,0.0238682274940433,-0.30826287563053334,-0.003947756377052969,-0.27751755133916123,0.023665819314840346,0.04052466750073712,0.09083983456717322,-0.0020782698085091123,0.14905210815290584,0.3185474424053104,0.5248029707783153,-0.11360836407972014,-0.16551889010192128,0.3757811441640303,0.5153487556678275,0.011860800548255225,0.016621377172501176,0.037514045055741935,-0.0649746192893401,-0.12445871749715115,-0.3102885511877535,-0.14244435767278407,-0.15601686203571627,-0.07490218266142849,-0.0034042824470670737,-0.027336260548733355,-0.12547075839316593,0.11773143462773629,0.05465180214998924,0.11575675955661452,0.060322418698053215,-0.08730486337447904,0.17630230538134817,0.21821673612826623,0.01639825004582075,0.1565953987998948,0.011988301763501184,0.35285801942799766,0.12322195570926535,0.2620277474519679,0.1241431519894174,0.21456382631146953,-0.01738479069878635,0.023265784252006153,-0.3240491198431735,-0.2405390113874523,-0.2421726207077911,-0.34446843946481365,-0.2620229661563962,-0.12368574137972252,-0.2661109738702197,-0.217655730781184,-0.2273585732614014,-0.30534628533178204,-0.05953432553225279,-0.16075671971248476,0.13837388137605686,0.14582951493756424
#49,0.9142697766338086,0.5216393468750249,-0.15248029707783153,0.23673310011236046,-0.010182565802580305,0.0652248404242603,0.26659388472296375,1.0,0.47535799950593277,0.6428898150435496,0.7606690626270032,-0.09292288567125405,0.10955382543489868,-0.003088716939333328,0.2033963136211142,0.4180366406617313,0.030799512307851683,-0.3951597351162253,0.42899855764250255,0.37402003362844555,0.37834391859047406,0.5068922375666393,0.19529679892261473,0.302541258596371,0.007823793320530086,0.45405254643833326,-0.38462335344133747,-0.05808955366605838,-0.36286208352923366,-0.07745061320115708,-0.4862928224784642,-0.35876451322426667,-0.5137613655380153,-0.35995186829124465,-0.3468351807728167,-0.09505056220067097,-0.27905712851325615,0.2532174134784722,-0.291604841858649,0.49910828837587357,-0.1316051606116871,-0.033102503008231796,0.04372176047302951,0.3587677007546478,-0.14432340683247138,0.43614818828741964,-0.5936010327598434,-0.5141199627058946,-0.729130043270725,-0.5250500043828543,-0.5244045294806716,-0.5775295045780905,-0.5699591199228617,0.11603407469977448,-0.1483476639386719,0.17700196830001036,-0.5225398242076995,0.10992995401987425,-0.5036887695335847,-0.40313812366024115,-0.4313063296384544,-0.23642869096096072,-0.17005474583429622,-0.003750129493421734,-0.11411836894070397,-0.057877582895711974,-0.07044920271896342,0.24256468694467245,0.41146076548542104,0.29140562120982716,0.28604419510873463,0.2635880435735403,0.2644152077074485,-0.21651618866992325,-0.31964395285642566,-0.2111196997346381,-0.4814382137079744,-0.4681047741236284,-0.23096207635729027,0.27499302727729125,-0.06814143072301158,0.00763254149766115,0.032289682761038815,0.013685661691462996,-0.09673676577229877,-0.16960849158093538,-0.27627282072532255,-0.12187841165361107,-0.04745913984492665,-0.2914215588617329,-0.042783032775781146,-0.31961207755261417,0.35876291945907607,-0.43828223987759884,-0.14812931810756322,0.05580409438277459,0.14368908828662272,-0.5376726246922041,-0.4157336499613512,-0.6247097355146666,-0.7096446700507614,-0.32730677589270774,-0.481462120185833,-0.47612938185817083,-0.5485707910653523,-0.6403891974595383,-0.6791623170158341,-0.564915875063148,-0.35891592091737123,-0.19053303476798764,-0.381531448971623
#50,0.44457920614555857,0.42907027707607837,-0.06514037086915984,0.11902079066691104,0.1173250245041398,0.1371403071185522,0.3907832559029078,0.47535799950593277,1.0,0.5110822462526596,0.547224059479317,0.03847986676123007,0.38143901059056967,0.2690929085417845,0.3529695829913379,0.13648208209484497,0.014041071328961104,-0.08308138561945669,0.13879304162117795,0.03451776649746193,0.08615575867207484,0.11519097291396059,0.0484233677852242,-0.057506235606308125,-0.13050227509980955,0.07873678170995067,-0.3185315047534047,-0.14134465969128768,-0.03771485946975432,-0.034114543904246585,-0.09965494983624062,-0.17389571994358072,0.0491039055215995,-0.1426866099817514,-0.023933571866856854,0.1478998159201205,0.1355497294583589,0.1695080843739292,0.03633944011028855,0.1777175688705783,-0.13627011132449857,-0.07561778323199643,0.11981767326219828,0.2877574926886022,-0.10645395213923133,0.006763939468798062,-0.468641872992852,-0.24693638486241823,-0.3661420522914359,-0.3365394576417057,-0.21353266023316786,-0.2724175027293229,-0.34147853596729594,0.009470152762393517,-0.003864880587143096,0.09075377124688219,-0.2612547713345393,-0.10943588681079616,-0.2279514539122951,-0.13886794858513496,-0.22534405406051528,-0.04604865765126824,0.18292121221780394,0.25669979041987745,-0.02217883639203436,-0.17937030337320403,0.225798277139829,0.38884045613559753,0.36803066404226664,0.25968331885663287,0.23431854584864012,0.09786355776203493,0.0896429169090518,-0.2609647060698547,-0.08084692682227128,-0.09116974396162214,-0.2266780355250261,-0.27434277107953686,0.11012598713831491,0.05772139390703568,-0.18033612507869215,-0.027146602491054994,0.14744718660599734,0.1829993067121421,-0.08626891600060563,-0.012447306138386632,-0.04699535417446948,-0.12225454023858665,-0.13516085075185874,0.03149439393094215,0.15622564527568153,-0.10217469260253886,-0.00018806429248778778,-0.19608411892675853,-0.16471085115030001,0.14996852313748615,-0.048844121795535864,-0.264555459044219,-0.31584919793766786,-0.15139175545266917,-0.29845803217811917,-0.05061320115707353,-0.051057861645243806,-0.1343830933388584,-0.16357290280422984,-0.13717696371793545,-0.28513096765453544,-0.2681590689857766,-0.25913984492664693,-0.23577046593725345,-0.17764584943700246
#51,0.6645060523233112,0.6928718851851556,0.07526077982930775,0.4727362557674378,0.10130927810405693,0.08961263537043088,0.5876068818780928,0.6428898150435496,0.5110822462526596,1.0,0.8157750878563061,-0.04790858162866865,0.2943508992820088,0.2237486951047502,0.1601734016527345,0.33696977424316077,-0.07829052745658982,-0.12075480719425608,0.07759086453792763,0.11098502657603455,0.04029197778291324,0.34640805170174277,0.31970929722923924,0.1334013339814645,0.007446070970363936,0.42335822263305944,-0.44272884475930163,0.010938010502912605,-0.20964706069854727,-0.016811035230179537,-0.22120185833021222,-0.26619544342532014,-0.11658711122090383,-0.15271458056084597,-0.18147088589438118,-0.08604897640430635,-0.1292320442429217,0.2367554128250285,-0.26967463283634424,0.44887121580377565,-0.03840814732765422,-0.028123580552877146,0.19663237415231613,0.2862593534094622,-0.0710245519527608,0.33445003147686253,-0.5104463339416204,-0.34586139024137574,-0.5693056761947263,-0.28694148491102806,-0.3680290702770761,-0.3935117819091713,-0.4425599056491007,0.07385029763564933,-0.23937715656352349,0.1240937452685096,-0.5283761923355832,0.19891145837483765,-0.26581293977958226,-0.05295284845683686,-0.15038927714779782,0.012568432292870291,0.07368932735140132,0.1276589979998247,-0.19888755189697901,-0.1694395524707345,0.1316657236889289,0.33665739626580815,0.21057781956984278,0.16600339471985592,0.24470351983042338,0.19430228944369626,-0.08009785718270128,-0.39726191140259304,-0.32934201404107133,-0.18998477954243,-0.389010989010989,-0.3218624740017053,-0.046464630366008175,0.15425097020455977,-0.08918869382973807,0.11344420626509097,-0.14524141558224227,0.07769605304050554,-0.14689733761524915,0.0747459936727522,-0.01955549888834878,-0.09535656511726127,0.03041382113173266,-0.008161671540931874,0.3043581509136259,-0.16381834264357834,0.34227701232777374,-0.18352843675541283,-0.0477619552311358,0.11757046434348828,0.13945923547083808,-0.37624014853891574,-0.34833810134752846,-0.4092709321135717,-0.5783773876594761,-0.11214210010439161,-0.19359943899465293,-0.19962068388464327,-0.3133262676409885,-0.3368088039589127,-0.45264047047948425,-0.3027111152018008,-0.30996820438444805,-0.1796396496904111,-0.1746145080445298
#52,0.7778116010168222,0.6228322801201699,0.02791479731291189,0.34556654368111944,0.014390105905696914,0.05563196774219254,0.4043047597797417,0.7606690626270032,0.547224059479317,0.8157750878563061,1.0,-0.038792244738582664,0.29930432149431424,-0.007422164492505319,0.1713855397684259,0.42123692116440486,0.054431862553689966,-0.14630126943397428,0.16748081505151846,0.1668289650885735,0.18353162428579398,0.4920989090677271,0.2830271976029772,0.22939540517495557,0.03398226139342891,0.510769868275307,-0.42854114703280766,9.084461586274494e-05,-0.24856999418275705,-0.03526364860665078,-0.321481564121158,-0.2720652806222059,-0.15629895847444797,-0.12991736327486872,-0.25322060100885335,-0.06109698858067241,-0.14501031962960897,0.36971846137908504,-0.22981456542007667,0.600310784212162,-0.10213325470758393,-0.025415773494091114,0.18633186972563331,0.4095275283092542,-0.18051143924965535,0.4275179497804589,-0.6193913410737196,-0.4718485285562878,-0.6364796914470591,-0.3725473945923547,-0.4822287212424993,-0.5039788347982692,-0.5098263592824869,0.14272007905075346,-0.16043159161360757,0.2325781542605328,-0.5496147072651786,0.2722119070197388,-0.40892508506721703,-0.17849373251838807,-0.18461857214576577,-0.005128736383268653,-0.0551665883065448,-0.015107300241455426,-0.20597661946465426,-0.08731761349600363,-0.0004892859135063631,0.24983066244850147,0.41735769669054656,0.3433161472320283,0.2609726748958076,0.2909960235558495,0.08348938950824375,-0.28149240172445394,-0.2592689399070835,-0.025811027261353585,-0.39887958307102617,-0.32673620795448205,-0.15263489230131724,0.23968156571492322,-0.2049582035078772,0.08196096869048283,-0.02582696491325933,-0.04374885448126927,-0.20335965702173098,-0.019418435081959375,-0.12502291037461452,-0.12119149885647347,-0.06658113460143918,-0.11571850919204074,0.18943971184725356,-0.26517702746854305,0.34797791041445864,-0.2977153375993115,-0.15286120695837882,0.18109794483978675,0.1666488696220386,-0.5045541840320665,-0.44087848337304464,-0.5517312274382615,-0.6299356915745603,-0.1649546972244579,-0.24679135223007595,-0.24075257592298926,-0.34754759381300354,-0.41327606403748535,-0.5157966036863789,-0.356485571040347,-0.2963032616404625,-0.28403286343822964,-0.2861876339758863
#53,-0.1051008454924336,-0.18299611918176095,0.21191020726916304,0.04186343026081967,0.5393763596809282,0.4090127421526986,-0.29380901911721347,-0.09292288567125405,0.03847986676123007,-0.04790858162866865,-0.038792244738582664,1.0,0.35845213524691405,-0.2181625481117867,-0.08159759022703185,0.01242499342571859,0.26576512682386505,0.2999179210926854,-0.19974021627393637,-0.15709265353935406,-0.251382989744121,-0.1896915267473643,-0.09728980229342811,0.09540597183816908,-0.19743563180836568,-0.05717313868147806,-0.1036154563348182,-0.24816358405916056,0.1792858338181036,0.4033963136211142,0.3677103172389612,0.35593876754137815,0.37860529608172827,0.3126106670704205,0.37547832877782117,0.07243344038122863,0.31740949405924024,0.2453011817768888,0.19803807505040283,0.011263138601789797,0.01854345799233399,-0.09692483006478655,0.21431519894173992,-0.008501143526524237,0.08764274159488082,-0.04648853684386679,-0.10548016160779032,-0.16043159161360757,0.10942154292408099,-0.12393277498426157,0.017792794587573414,0.061248396273776984,0.050302416944911506,-0.11659348628166612,-0.21046625600650257,-0.09695670536859805,0.021232139868833124,-0.09649291969814087,0.07982691710030361,0.048613025842902564,0.1220457569986214,0.08036879726509893,0.22919140323056203,-0.23997959980556063,-0.1432109587294504,-0.00012112615448365992,0.1669596538342006,0.02986078461060332,-0.11573444684394649,0.11107905872227844,0.03884802652025277,-0.01634087449896007,0.21184645666154006,0.16585676832232307,0.3279697822119867,0.29299938640040163,0.22893002573930782,0.056263098757660036,0.3986277681709154,0.4862099466885544,-0.1110503709488481,0.1803887193299811,-0.16027540262493126,0.39573986564559444,0.3949987648319773,0.14842735219820063,0.16826654129047167,-0.07530859278502498,0.07491812031333424,0.4678274589804684,0.22390329032823594,0.09024217262070779,0.06015826088342405,-0.0026217437384950075,-0.11881200742694578,-0.023987759883336388,0.18556686243415757,-0.011596235526619864,0.12512172381643014,0.08701479810979448,0.10095386846655882,0.222876905545506,0.42269043501820874,0.13602148395476896,0.2701830439321375,0.246974635226992,0.3292942010853541,0.277994197895534,0.11124162277171705,-0.14845763373682155,-0.1511128465443186
#54,0.113466518977759,0.14200766601056666,-0.0712683980269187,-0.04395445019085338,0.38129079042784625,0.4573372964961072,0.2262222186805218,0.10955382543489868,0.38143901059056967,0.2943508992820088,0.29930432149431424,0.35845213524691405,1.0,0.19519161042003683,0.27437464638334835,-0.006644407079504976,0.008601550733530429,-0.012039302249599567,-0.15640733450740701,-0.25225477930336526,-0.23735626230187507,-0.12748687135924264,0.15008168046601694,-0.007637322793232873,-0.17070181450166946,-0.0333830056817729,-0.3498569595741459,-0.3785479205348676,0.1640016256404944,0.45244762489142476,0.1541680944146499,0.33251201300512395,0.19705631569300894,0.1156706962363235,0.2816135278789376,0.30333654742646765,0.25786483277418737,0.36574361099379227,0.161928137127557,0.12512013005123956,0.06819402497430054,0.05088414123947119,0.4834925770386249,0.24364047844831022,0.23546446302066318,0.07907784746073361,-0.2682960259464973,-0.15305245878124776,-0.1529568328698133,-0.24481348962857302,-0.20865095745443824,-0.1986580497095363,-0.1864211205763055,-0.1852098590314689,-0.1471698714628374,-0.02353194303883209,-0.1458008271641339,-0.12729880706675487,0.06153686777327096,0.10002629712564448,0.11965829674314084,0.011315732853078755,0.3545649419471029,0.019051869088127248,-0.3815075424937644,-0.3587740758154101,0.36217357696690544,0.313230641729554,0.027978547920534867,0.12594570041995712,0.11443712197881886,0.0037979424491389685,0.1366797089784762,-0.11794499916327328,0.16557307811840083,0.12795862585565268,0.05472192781837452,0.028063017475635315,0.3590673286104758,0.37678840376447337,-0.09275872785662488,0.22845030241694492,0.34444293922176444,0.2646112408258891,0.1427599231805178,0.15540644996772626,0.21453673230322975,-0.09786355776203493,0.11585557299843015,0.5703527799249336,0.6037405669022783,0.15967136561770354,0.19283443170317718,0.04276390759349425,0.09655667030576386,-0.05274725274725275,0.042921690347361124,-0.23130951716883552,-0.18088597406944035,-0.0412498306624485,-0.16622014678577404,0.119897361521727,0.35834216544876446,0.08368701639187498,0.12975479922543012,0.07969463458948593,0.02178995768553419,0.04947208499234788,-0.07165249543784714,-0.0378598921020966,0.0298496282542693
#58,-0.0275832941532724,0.237547514124744,-0.28026360876252104,-0.18862848536525115,0.0020543633306504953,0.049432221150857845,0.7193777940695997,-0.003088716939333328,0.2690929085417845,0.2237486951047502,-0.007422164492505319,-0.2181625481117867,0.19519161042003683,1.0,0.13466997107316178,-0.350500840711138,-0.56410043908231,-0.24516730550088056,-0.06229071870841269,-0.1176374024814924,-0.1105754289220569,-0.24485333375833737,0.02983528436755413,-0.4139151638789057,-0.126103483173824,-0.18374678258652152,-0.1359497645211931,-0.003136529895050562,-0.10150531122249759,-0.031148546884587493,0.020835292336380082,0.17751516069137535,-0.0953868466558822,0.060988612547713345,0.08565372263704388,0.1258102303787583,-0.0392767493565173,-0.0876188351170222,-0.13239407438102144,-0.22231590019842376,0.11889169568647451,0.17978786985313452,-0.028837587358254507,-0.08570791065352341,-0.041906461920965185,-0.2762266015347959,0.05104989281929093,0.2407509821577987,-0.02147279841260987,-0.010853540947812159,0.10132521575596268,0.054275673565013664,-0.0020384256787447505,-0.18783957159591677,-0.15781462917068428,-0.2520364334722565,0.04512268007554447,-0.31122249758943016,0.16218792085362063,0.059449035373618404,0.07929619329184232,0.20162564049438597,0.5333120831307924,0.6096056228035923,0.04863055725999888,-0.09618851054674114,0.6438891058180398,0.5293946082923603,-0.07762911490250142,-0.018363362525799076,0.044697144769661086,-0.15257751675445658,0.005673804078445123,-0.0547665532437106,0.14879073066165163,-0.05080604674513304,0.1948617010255879,0.1529122074444772,0.23911099777669756,-0.25079967168437073,0.2576305492911729,-0.10293013730287116,0.20886770952035635,0.13184263162508267,0.11428571428571428,0.24833411693455204,0.25561443632509623,-0.00890117858935843,0.17171385539768427,0.07672066874387397,0.3086103164420786,0.18819019993784317,-0.005531958976483994,0.1982341081688435,0.16553482775382702,-0.18504251368645858,-0.0007697885870474703,-0.10637904517527433,0.0499470073074134,0.05011435265242372,-0.004819545936297205,-0.09374526850959049,0.1248364398473173,-0.19553426993601034,0.002518149001107667,-0.049252125684322925,0.0024432420371506666,0.12846390060639826,-0.027415948808262078,0.21419247902206567,0.1866075911036027
#101,0.16860441951087346,0.04987688163902812,-0.14370821346890963,0.10682051813306345,0.12939142076197913,0.14823450661014112,0.08466558821888771,0.2033963136211142,0.3529695829913379,0.1601734016527345,0.1713855397684259,-0.08159759022703185,0.27437464638334835,0.13466997107316178,1.0,0.21078500904461744,0.08214903298297062,-0.19048044051669868,0.3319717266055192,0.0488106527265338,0.14005530365211294,-0.052941692100502834,0.2794013817944202,-0.12661986309557013,0.07561140817123413,-0.18920064706866738,-0.3099283602546837,-0.2534230091880563,0.282660631609145,0.24871821434548047,-0.10245041398050825,0.035190335407884354,-0.08982301237558671,-0.22033644383173026,0.32351202097394993,0.5278470622923125,0.3068810812103053,-0.024349544581596792,0.2513351767884038,-0.05342779048362805,0.09162556080612644,0.17785941397253943,0.15234482703663269,0.2112583573062181,-0.023434723362207047,-0.20432229119683798,-0.305912071974436,-0.17100144235749748,-0.18302161942481016,-0.3069336754615942,-0.13888229247185013,-0.19314043461976746,-0.3217238164301254,-0.06842033963136211,0.14501669469037126,0.19738622508745787,-0.2599877280080326,-0.39543226896381356,-0.18524332810047095,-0.29849947007307415,-0.13912932607638917,-0.24819067806740033,0.17772872522691233,0.3984954856600977,-0.16638271083521264,-0.27426786411557985,0.3178477794866482,0.24681685247312513,0.38517001490170455,0.3907465993035246,0.27092733227613575,0.23119635984030473,0.19316115356724495,0.07085242531217875,0.016557626564878195,-0.13279729697423678,-0.20870673923610836,-0.33207054004733483,0.33969670648423367,0.004841858648965248,0.06128824040354135,0.0649618691678155,0.20837842360685,-0.008062858099116258,0.10751539975615393,-0.029763564933978276,-0.11961845261337647,0.10937372996836377,0.08762042888221279,0.09269975854457363,0.05971997545601607,-0.011483078198089075,-0.17735259664193675,-0.13266820199380025,-0.12762234140044149,0.005525583915721697,-0.0634143231677677,-0.0710373020742854,-0.2380352062730598,0.01193411374702165,-0.09536772147359529,-0.045506777486472916,-0.1335527416745691,-0.04537290121046466,-0.0591749077608396,-0.05639378750328714,-0.21871717839810662,-0.2329041720406643,-0.28679326474830463,-0.19496370199778468,-0.2504235430993952
#102,0.42302831323861056,0.2377849851381396,0.09036489254038202,0.33497916152013324,-0.016162372797615728,-0.005761461163926718,-0.02607718604817952,0.4180366406617313,0.13648208209484497,0.33696977424316077,0.42123692116440486,0.01242499342571859,-0.006644407079504976,-0.350500840711138,0.21078500904461744,1.0,0.1715194160444342,-0.18070428483771486,0.4711026464470989,0.5672146562646925,0.472911569938401,0.6235462869255473,0.20256118066125317,0.4767477627521137,0.07933763118679725,0.41905983791408014,-0.2198041262580784,-0.1042019619249496,-0.05567978069790978,-0.10390711536469333,-0.34249057686331075,-0.3938703790770506,-0.2808708333001299,-0.3291587310441553,-0.1617655730781184,-0.1850839515814135,-0.12348492696571015,0.05577540660934425,-0.14257185888803003,0.44677860210855136,0.02755460637984206,-0.15118615974308505,0.19726988022854594,0.3355226354501191,-0.1639570002151583,0.4334563188805393,-0.47411964395285644,-0.5943261959215549,-0.5319605702491852,-0.3180581564918041,-0.36560176589183113,-0.2938600196033118,-0.30800627943485087,0.326414267385986,0.062236530691933155,0.3997497788650798,-0.5691670186231462,0.23135733012455276,-0.571238913370893,-0.4588752799050116,-0.414060196511248,-0.34352652423718416,-0.3453752918582505,-0.16438572305142282,-0.17991377730318991,0.04542549546175362,-0.30633441974993825,-0.019859908039748502,0.2882372160109651,0.23607009379308147,0.05850233885041717,0.21478695343814996,-0.18252277092016034,-0.23666934950473748,-0.5051725649260095,-0.2894707902684697,-0.652892285379595,-0.5449194750137463,-0.2715871510650336,0.3622150148618604,-0.1058754153750528,0.22588752799050116,-0.1424985456892636,-0.24354644630206632,-0.169632398058794,-0.4112057630549291,-0.4726470049167656,0.12310082955478169,0.05514427559387675,-0.2369673835953749,-0.21536549020232848,-0.4855724406123246,0.07537393715783854,-0.5113818741084876,-0.253030942951175,0.18320968371729793,0.05702491851875463,-0.32191666201818486,-0.28006916940927096,-0.4162388735267633,-0.3635713090390393,-0.28478830813856193,-0.5138617727450214,-0.26600897289802294,-0.3653993577126282,-0.3735179975934146,-0.3649068842687407,-0.49220668433359993,-0.3600235877248205,-0.4243081066866419,-0.5006542406107308
#201,0.03427232665811346,-0.22979862776817092,0.5232506434826957,0.23868865000119532,-0.026180780785566862,0.20500442269840385,-0.5740997218879742,0.030799512307851683,0.014041071328961104,-0.07829052745658982,0.054431862553689966,0.26576512682386505,0.008601550733530429,-0.56410043908231,0.08214903298297062,0.1715194160444342,1.0,0.5450645076460885,-0.12495119094103865,-0.25567340563714747,0.03817227007944919,-0.05331144562471611,0.16622492808134579,0.2899807951294536,0.22629871940966936,0.029113308736223892,0.17383834439672002,-0.03869821259233877,0.12480615830869637,0.03614659452222904,0.23391532325542477,-0.045331463315509725,0.34838750806843627,-0.012405868243431695,-0.015889838950027494,-0.04332013164500474,0.21651618866992325,-0.07796858688809377,0.34407637322793233,-0.024569484177896072,-0.2700778554295596,-0.20902389850903266,0.024018041421957303,-0.03755070165512515,0.0024432420371506666,0.053379977527910814,0.03431376455306839,-0.08034010949166859,0.15713727896469012,-0.021343703432173337,0.08404083226418252,0.0485986819561874,0.23863127445433463,0.06399285993194623,0.3706269075377125,0.09456605758273634,-0.023786945469324004,-0.01334778347106121,-0.09945413542222824,-0.05937890970523313,-0.07238722119070197,-0.2258907155208823,-0.3990325845293213,-0.39680131326251705,-0.05315366287084924,0.0015778275386687279,-0.36592211269513664,-0.3453784793886317,0.24579843651634806,0.07815983871096271,0.3910350708030186,0.46940369275394656,0.06626397532851484,0.21296209229494217,-0.08404083226418252,0.004719138729291013,-0.15830391508419064,-0.18125094629808192,0.10010917291555435,0.15584632916032481,-0.29633832447465513,0.005369394927045398,-0.11981448573181713,-0.13728055845532278,0.006295372502769167,-0.15258548558040944,-0.2277155766640901,-0.16147550781343384,-0.275169935213445,-0.03842727250994111,-0.1885806724095339,-0.11092127596841157,-0.12742949581238197,-0.12350405214799703,-0.1832049024217262,0.5132625170333655,0.07826183968315949,0.39108766505430753,0.17093291045430276,0.12139390703567643,0.13699686825140053,0.3921379563148961,0.10589454055733968,0.45096064196861874,0.2928097283427233,0.28562344109842297,0.21727800843101785,-0.141340731594307,-0.10213644223796509,-0.26275131684848874,-0.14906485827443042
