,#10,#11,#12,#13,#17,#18,#26,#49,#50,#51,#52,#53,#54,#58,#101,#102,#201,#202,#301,#302,#401,#402,#501,#502,#601,#602,#701,#702,#801,#802,#901,#902,#1001,#1002,#1101,#1102,#1201,#1202,#1301,#1302,#1401,#1402,#1501,#1502,#1601,#1602,#1701,#1702,#1801,#1802,#1901,#1902,#2001,#2002,#2101,#2102,#2201,#2202,#2301,#2302,#2401,#2402,#2501,#2502,#2601,#2602,#2701,#2702,#2801,#2802,#2901,#2902,#3001,#3002,#3101,#3102,#3201,#3202,#3301,#3302,#3401,#3402,#3455,#3501,#3502,#3601,#3602,#3701,#3702,#3801,#3802,#3901,#3902,#4001,#4002,#4101,#4102,#4201,#4202,#4301,#4302,#4401,#4402,#4501,#4502,#4601,#4602,#4701,#4702,#4801,#4802
#10,1.0,0.583029588250763,0.7307381523480145,0.6432133493772363,0.47930734964817634,0.44067129389827,0.25174636820757196,0.7899162476392353,0.412700714803688,0.6048291085274407,0.5675636908414283,0.317586401995394,0.26733817306696206,-0.1541680944146499,-0.30437249480034106,0.019129963582465395,0.4560527217525042,0.5620907011769956,-0.21950290463705982,0.10877925555227948,-0.4049199531433034,0.06117348930981999,0.2328586569340739,0.12096040290384018,0.11164643913012295,0.14616739315796604,0.20703487955119573,0.2881559339862458,0.03555530763652591,0.10049008279610165,0.30158818701240747,0.12343073894923061,0.3538732478543936,0.21796492122815544,0.04909434293045606,-0.08924288184621759,0.0965662328969073,0.021944552909019914,0.0562774426443752,0.09455808875678347,-0.10198344077966993,0.08488234028480585,0.20051478615655555,0.10057614611639268,-0.04491708436596036,-0.07867143733713712,0.07472368096008415,0.1450692889416602,0.05710301301309278,-0.10625154396002837,0.1164133908151312,0.029567531815537618,0.12159790898006996,0.3053510666273538,-0.19925093036042998,0.18672393596251463,-0.21143526524237183,-0.16716206201340356,0.06718198407828575,0.11286885703129358,0.07705217190351346,0.23124895409159368,-0.048474368271322586,0.04604547012088709,0.3736901242339966,0.2689940950999689,0.2131931882475755,0.18869542350325527,0.17260795766959655,0.2272645411151575,0.3314234713799616,0.21385938209723562,-0.06022201149104702,0.4218345831108703,-0.3055056618508395,0.08826909131477659,-0.08091864625584713,0.009728342723266581,0.08202153176772466,0.1309373729968364,0.18636215126425423,0.4063495605192487,0.03540549370861191,0.31219150682529945,0.2977599630246476,0.08918231876897577,0.1647554765756361,0.056256723696897735,0.27719082947509344,0.13545091601654327,0.0984946887775024,0.2862768848265585,0.16955589732964643,-0.012625807839730973,0.1877120703806708,0.4074333208488393,0.25937253464447085,0.4160635593558001,0.37071934591876576,0.4079146379363928,0.39515336005546303,0.4802652025277116,0.350714405246675,0.25138777103969273,0.32689877200392065,0.35763134617376824,0.2389962466829762,0.12219397716134482,0.06071129740455339,-0.1991393667970898,-0.1855158619480592
#11,0.583029588250763,1.0,0.6420993075090247,0.6217772075640096,0.4070795049765318,0.2932432324745595,0.4658049709536294,0.4904047366701464,0.5029859190845413,0.6126879646821634,0.5371403071185522,0.24855565029604187,0.3181569699336197,-0.004876921483157886,0.13415518491660625,0.325567978069791,0.3437034321733379,0.4191459012343711,0.22301715688227652,0.3908406314497685,-0.2221150857844114,0.3172054921148467,0.1959040234602236,0.20933627648638525,0.29284638494210646,0.2778490544988007,-0.12098271561650822,0.05117739403453689,0.41351194128569035,0.42824948800293255,0.3160818876554917,0.3249256906979895,0.22600546661460366,0.37391803265624873,0.3262692347536437,0.0012383555530763653,0.44724716907458023,0.3620237630389915,0.06513240204320697,0.4709161759198017,0.19997928105252252,0.22518467754145782,0.35026655722812355,0.3721059216345656,-0.2562774426443752,0.17163576090334612,0.08815593398624581,0.03689407039660847,0.011358764513224267,-0.2986508777661787,-0.22786379682681351,-0.30196909689295476,-0.13459825163958594,0.43686378885798755,-0.40065344372813555,0.37251392552335266,-0.5925236474910152,-0.13687574209691686,-0.1309740295962196,-0.2597486632294464,-0.2034600642287372,-0.12949023420379477,0.16667118233470662,0.3361983918909227,0.30525225318553817,0.2685605909681327,0.18659165345169695,0.17597877104766155,0.3959566177115126,0.42392879057128513,0.43627728326785614,0.4275036058937437,-0.0728095689662042,0.043736104359744676,-0.3577429097371084,-0.43721282343472334,-0.3764329941269753,-0.24860027572137797,0.4212767652941692,0.4775191451043518,0.1426053279570321,0.33277339049637816,-0.029008120233645976,0.14375762018981744,0.12729243200599255,-0.18945246196877813,-0.2033022814748703,-0.04261249990038968,0.3861087425989529,0.07292591382511615,0.15320705400473347,-0.08711520531680067,-0.14432978189323367,-0.20976659308784038,-0.10291738718134658,0.2989823809258182,0.5525679541633132,0.10067017826263656,0.10861350397245974,0.13020742853955328,0.10442987034720175,0.19520117301118026,0.3728103658487995,0.05650375730143678,0.17391325136067703,0.17048506243575134,0.12034999083585016,-0.179123269768665,-0.3066117348930982,-0.29179290615113673,-0.37432922407541697
#12,0.7307381523480145,0.6420993075090247,1.0,0.7661356772306736,0.3417431009889313,0.4161496226760911,0.16381196758281602,0.5848624182199237,0.27978069790977694,0.7221732582138674,0.5936600020718947,0.26239431344580005,0.28908509909235075,-0.22655690937054243,-0.12266254412737371,0.15950720780307437,0.5914223557443282,0.708736223892134,0.0028241519176979654,0.15258867311079058,-0.327612778809298,0.14189450868203587,0.28482496473794516,-0.015196551092127596,0.1814135103475205,0.016324936847054324,0.25651172612738965,0.32813553379180643,0.2066364382535521,0.31275251217238165,0.42411685486377293,0.31755930798715426,0.5094566057582737,0.3936695646630382,0.176374024814924,-0.05694682402441648,0.28257775581923517,0.13283554733881056,0.17976874467084764,0.2645745842265059,0.18727378495326283,0.21318203189124146,0.31797368693670364,0.17767931850600452,-0.22690753771246883,-0.12825347241590895,0.21805257831363706,0.24891265369873056,0.1425352022886468,-0.07295619536373706,0.2146833587007626,-0.00640693606610938,0.27567834630923826,0.3742750360589374,-0.171879606977504,0.2787909697264302,-0.42791160978253073,-0.3672959382894118,-0.0917897186207556,-0.11829403374000909,-0.13176294336555394,0.010349911147590625,-0.004309541075313374,0.04497286614763047,0.49913538238411337,0.45708707536118703,0.09398273952298608,0.09350939126138547,0.25621050450637106,0.16068818780929006,0.4687884993903848,0.3821753301086151,-0.027285260062634972,0.41584840105507254,-0.27423758257695896,-0.1452143215740025,-0.28129158731044157,-0.15349711926941803,0.14443018910023986,0.17353234148012972,0.1410864697304146,0.385715082596881,-0.09305038688650001,0.23603343719369826,0.15602961215724087,-0.04248181115476257,-0.07962450892110065,0.11712421009012743,0.399475651252301,-0.010745164914853094,0.045796842751157474,0.09118886914390903,-0.09047326857334109,-0.17725218943493054,-0.050418761803823445,0.5473451856338005,0.37477388456358723,0.5444094701527624,0.4612962092294942,0.4921260030759668,0.5284526930647307,0.5535592761118504,0.48461777526317046,0.37111141215564714,0.42221230546103644,0.5037477388456358,0.34784722166883153,-0.11602929340420276,-0.15624477045796842,-0.3734335280383141,-0.41323781367291157
#13,0.6432133493772363,0.6217772075640096,0.7661356772306736,1.0,0.35184916606236405,0.2857971615041956,0.2011618548239288,0.41742304106336015,0.28009307588712956,0.772917148116568,0.5072556160300903,0.22116679549601956,0.3504657778769454,-0.0491915626070811,0.10011395421112608,0.3887304863374479,0.5213253751324818,0.4797663540230618,0.2648248053614261,0.4676298320968372,-0.28280247671110614,0.3621974834447641,0.32191825578337546,0.2136490050920798,0.3633768696857892,0.24669253878826033,0.09097689837356263,0.29932185291141056,0.35952792675055184,0.4185673644701926,0.3124688219684594,0.33075249623472974,0.44464933181394384,0.5355146666241662,0.2984452820565946,-0.004314322370885098,0.4857971615041956,0.35025221334140844,0.18704268900062954,0.5057128513256142,0.27322554168094415,0.3209094024177418,0.465229621719832,0.40874817713106326,-0.2017101100494864,0.049865725282694104,0.28067798771207036,0.21416379124863533,-0.013175656830479165,-0.3200392066236881,-0.04054379268302401,-0.2515710540366088,0.03785670457171545,0.4551873072540223,-0.35882667006669905,0.40954665349154107,-0.5932392480615831,-0.15046418411175483,-0.11910685398720207,-0.16248595494425805,-0.27058467276016224,-0.1357999505932791,0.25972635051677834,0.2936193610595351,0.222075241654647,0.4506514515216473,0.31682617599949,0.2563937875032871,0.4436962602299803,0.33823044250890516,0.4238746025548056,0.3890827084445649,-0.025635713090390394,0.26196718437472605,-0.23148164380941755,-0.33391133884244834,-0.44020272693224105,-0.2526484393054371,0.35658583620875134,0.38097363115492194,0.16854066890325048,0.4537561061128864,-0.05707910653523417,0.1135111444030951,0.16140538214504857,-0.25847365107698683,-0.2380527376901561,0.11146156236801633,0.34753962498705065,0.07915594195507177,0.07547593813003531,0.0371793543657213,-0.05263090788834081,-0.3273274948401852,-0.13013889663635855,0.2817187163815155,0.5117595964586538,0.3262022966156396,0.3584871980811067,0.30640135788794237,0.28692554725912234,0.3483667891209588,0.41090294766872,0.12975958052100184,0.24754679693040824,0.2662065997816542,0.30074667899178414,-0.26579540836248594,-0.258723872211907,-0.4810222409932345,-0.48830893544454096
#17,0.47930734964817634,0.4070795049765318,0.3417431009889313,0.35184916606236405,1.0,0.4694260054666146,0.2985839396281746,0.30724445967375624,0.3503860896174167,0.28581150539091077,0.32258604339822616,0.5848863246977822,0.37488066683135574,0.24947525281100336,-0.2058507120145989,0.014441106391795296,0.11377570942473045,0.20289587135127382,-0.16273776984436883,0.14787750320745244,-0.4780323374957168,-0.011640860951955947,0.024375044824645985,0.16238554773725186,0.06214887360645156,0.3168708014248261,-0.21166795496019572,-0.08439624190168063,0.10322020256755572,0.279664353050865,0.13227135446134722,0.13851253894763685,0.07953047677485676,0.24503661675525346,0.18160635593558,0.19822135804731889,0.17233701758719888,0.318751444349704,0.10682211189825402,0.28366629744439753,0.14933898588720923,0.24311294217023005,0.5093386671341711,0.36421040888045964,0.20579174270254763,0.30802699838232833,-0.029548406633250722,-0.03435998374359506,-0.11904469714476966,-0.3475491875781941,-0.24127851843587883,-0.16334977567754944,-0.24730135709105977,0.046351473037477386,-0.43032457028106047,0.06942281793623345,-0.10534947286216322,0.21301309278104058,0.1539800301221621,0.23894365243168725,-0.021399485213843446,0.09316673174541194,0.3060459482504443,0.07894397118472535,-0.054858991624763924,-0.19834248420180256,0.4031317485994788,0.3604060913705584,0.07900453426196719,0.1938130035301899,0.12872363314712842,0.13571548103817865,-0.1478806907378336,0.07396345496418012,-0.38561945668544656,0.03683031978898549,-0.16846098064372175,-0.036640661731307124,0.1898668409183275,0.41658472057311796,0.36927858218648646,0.6252006151933636,0.003939787551100096,0.18942218043015724,0.598704268900063,0.03808780052434875,0.08695423503255266,0.20168779733681835,0.5017077194017006,0.43120273490106703,0.5309692483006478,0.18549833053096287,0.40432547872721913,-0.07820446413629879,0.17486791670983115,-0.10218106766330116,0.2948226537784188,0.09605622803592347,0.013774912542135167,0.006175840113476082,-0.029833690602363554,0.20312377977352597,0.0547793033652352,0.05948250444262047,0.031365298950505625,-0.017308289969638773,-0.042832439496688954,0.03245543434085856,0.08358023412410649,-0.037716453234944894,0.0576385181171258
#18,0.44067129389827,0.2932432324745595,0.4161496226760911,0.2857971615041956,0.4694260054666146,1.0,0.37662583971503477,0.3726047701392154,0.23796348683948393,0.3209269338348381,0.4274781056506945,0.45926415861151176,0.49260891392871087,0.12763031022639434,-0.17489182318768975,-0.1078979034018918,0.18883886237040698,0.2747587437942768,-0.25193602626525036,0.01168389261210146,-0.1968459386878531,-0.07247009698061185,0.017501135557698284,-0.06900525145630294,-0.06658750966220146,0.029840065663125852,-0.06640900796085712,-0.08048514212401087,0.08564416004590043,0.13627648638526085,0.3426005466614604,0.2761293818581708,0.1378096884985935,0.22654097171863669,0.16559539083106886,0.1385523830774012,0.05453705105626788,0.04235112240913546,0.08901975471953717,0.00850911235247711,-0.12231191578544733,0.1046641538302162,0.19840464104423494,0.1314983783439186,-0.045734685908725065,0.04309222322275259,-0.06754376877654615,-0.010569850743889903,-0.07404473698889942,-0.10098733753556088,-0.03506602172301955,0.06703057638518117,-0.03503095888882691,0.08935444540955781,-0.15605829993067122,-0.0017977671349680051,0.0016112966076707918,-0.029652001370638063,0.06475467969304083,0.03846392910932432,0.008501143526524237,0.021724613312720638,0.044427798452454,-0.12680155232729562,0.028223987759883336,-0.05830471196678593,0.29542190949007485,0.24223955884579526,0.14424531233813323,0.03266899887639554,0.25098773597685853,0.21943915402943684,0.059045812780403065,0.28563619121994754,-0.04536811991489294,0.273424762329766,-0.06456980293093419,-0.08656535632605249,0.1099586417933046,0.15349711926941803,0.3022177242626844,0.5198766425742495,0.1902652822159711,0.16784419351496943,0.3944600721975631,0.0764624787830009,0.06062842161464351,0.1646821633768697,0.2566535712293508,0.35147941253815074,0.3745921953318618,0.21584202599431027,0.178010821665644,0.003176374024814924,0.21885742973487715,-0.038849620285443344,-0.053289132912048065,0.01078979034018918,-0.08490784052785504,0.1538939668018711,0.13623186095992476,0.40314290495581284,0.16961486664169767,0.0719425607025317,0.1879941668194025,0.18849460908924287,0.12414155822422683,0.016509813609160963,-0.02464757867223422,-0.09033301723657054,-0.025984747667126204
#26,0.25174636820757196,0.4658049709536294,0.16381196758281602,0.2011618548239288,0.2985839396281746,0.37662583971503477,1.0,0.21091888532062572,0.4233757540501558,0.2893640080007013,0.40814414012383554,0.17377459378909704,0.38586170899441385,0.36768959829148373,0.08353242116838926,0.05272653379977528,0.024336794460072197,0.028939588330451276,0.02145048569994183,0.21229749221047264,-0.06853668449027404,0.11465546780992757,-0.04732048227334667,0.16119022384432102,-0.02004797233223629,0.247113292798572,-0.3902286256165879,-0.267551737602499,0.13399262086716765,0.021679987887384553,0.1389030114193276,0.10088374279817354,-0.08618604021069576,0.06876459291252619,0.1175497453960108,0.03518396034712206,0.1389030114193276,0.13435599933061862,-0.044663675700659024,0.10621488736064516,-0.20692331598785552,-0.10494784403413845,0.03183227215134394,0.16520332459418755,0.051783024806955194,0.2784722166883153,-0.20901911721346095,-0.17442484998685143,-0.2352620548414602,-0.1982388894644152,-0.3177664974619289,-0.17014718421534955,-0.38239686347010493,0.09453577604411542,-0.22937627999266869,0.07973288495405972,-0.19066372351361474,0.09455490122640231,0.03720485460877049,-0.1822677684896684,-0.07164771414227541,-0.09957685534190248,0.2281140179617337,0.1446533162269203,-0.18083975487891368,-0.14931029811377888,0.29045733092143533,0.442255496497701,0.4029149965335607,0.32955239104622713,0.3623504849030592,0.36324777470535263,0.21734813409940312,0.023568599638215303,0.06581931484034458,-0.07941094438556368,-0.013092781040569292,-0.15544948162787176,0.2677222704778905,0.34774203316625363,0.184067129389827,0.21749794802731715,0.25107220553195897,0.16833029189809465,0.2780419000868602,-0.07631425862027748,-0.11425065145152165,-0.018667771677198797,0.06340635434181482,0.2092342755141885,0.19589605463427073,-0.02860967893600236,0.051722461729713363,-0.017540979687462648,0.06425583118839101,-0.20980324968722358,0.09758305508849381,-0.25622644215827683,-0.2547490218266143,-0.12639354843850856,-0.21062085122998828,-0.007312194694355681,0.0393644064419989,-0.1379547211309358,-0.040539011387452285,-0.10864537927627123,-0.07684498242873877,-0.07188996645124274,-0.16506307325741698,-0.021621018575333297,-0.05896931205125549
#49,0.7899162476392353,0.4904047366701464,0.5848624182199237,0.41742304106336015,0.30724445967375624,0.3726047701392154,0.21091888532062572,1.0,0.5429192996995753,0.5632509622357338,0.5839858473651077,0.27622819529998643,0.25638103738176254,-0.1572329048761246,-0.16930567619472622,-0.09713520706994239,0.5114838750806844,0.5856911761190224,-0.2386217118631912,-0.07161902636884508,-0.17028424802173897,-0.046896540732653855,0.28609360182964244,-0.05256078221995553,0.1041955868641873,-0.05094789184709417,0.30036417534604626,0.18372287610866292,0.034267545362541736,0.11086708795193204,0.14389787152658798,0.12629951629226466,0.3847237606483437,0.09553187928822447,0.07728008032576561,-0.05804811577110344,0.0553913091984158,-0.03451617273227135,0.16664408832646685,0.038073456637633576,-0.13321964474973902,0.10519328387348692,0.16292583413685663,0.03937237526795177,-0.010627226290750583,-0.22265855971439727,0.1359370143996685,0.12040099132194854,0.11043836511566751,0.03264987369410865,0.179883495764569,0.10360111244810302,0.28463690044545736,0.2093777143813402,0.04358150913625895,0.11448174740415494,-0.20221852114527966,-0.350500840711138,-0.02823992541178908,0.04166739714237901,-0.0173816031684052,0.11702220911793065,-0.12153256460725641,0.016450844297109708,0.32925435695558974,0.1576775653642949,0.1743897871526588,0.04319741172533051,0.1677900054984899,-0.00305365410514069,0.31157153216616595,0.1427041413988477,0.058094334961630106,0.41012359649052904,-0.19051869088127246,0.059823570193403404,-0.09558128600913228,-0.1313485644160046,0.05704882499661325,-0.024397357537314028,0.24509399230211412,0.31738718134657223,0.08098080309827953,0.3348389101833627,0.2095211532484919,0.04069360661093801,0.08206615719306075,0.03465323653866076,0.222075241654647,0.06437855110806524,0.07567994007442884,0.1714429153152866,0.02239877598833364,-0.07113770928129158,0.1600474942026791,0.4043047597797417,0.08844281172054921,0.41874108487596523,0.31527703623425163,0.4024575859238658,0.34313286423511224,0.47050179697025235,0.39183673469387753,0.3930272772912367,0.4897465116464391,0.46695248189084304,0.2918773757062372,0.030319788985488767,-0.016108184781136195,-0.25747276653730605,-0.2444979241208393
#50,0.412700714803688,0.5029859190845413,0.27978069790977694,0.28009307588712956,0.3503860896174167,0.23796348683948393,0.4233757540501558,0.5429192996995753,1.0,0.4977647443202193,0.5492927666966826,0.23013969351895386,0.19847317294742967,0.1892181784857637,0.07355385731020249,-0.043151192534803845,0.2317095522316697,0.4461697838057519,-0.04953740965343576,-0.04782251830837762,-0.032343870777518345,-0.10032911251185363,0.3170190215875495,0.08713592426427814,0.20225836527504404,0.08152427702826542,-0.021402672744224593,-0.1362987990979289,0.12102893480703487,0.08813680880395891,0.2195666552446828,0.12257488704189212,0.27484640087975837,0.07740598777582099,0.1280956896620421,-0.07544087529584266,0.1473244666863231,0.06700666990732256,0.12629473499669294,0.10431671301867096,-0.050587700914024335,0.059944696347887065,0.2135485978850736,0.10601726047701392,-0.01870761580696316,0.09728183346747524,0.027041413988477078,0.028568241041047424,-0.08094733402927747,-0.13250563794436165,-0.09448318179282646,-0.013500784929356358,-0.020964387316816612,0.1264652678720844,-0.15669102471132929,0.014138291005586147,-0.2765628859900071,-0.26916781550574154,-0.013068874562710676,-0.12163297181426261,-0.14583429623313598,-0.09560678625218147,0.016036465347560345,0.10348476758919109,0.08783718094813091,-0.19180485939006606,0.26161814979799025,0.11594801137948346,0.19089800699662918,0.058808341767007465,0.31394464853493137,0.10418124297747212,0.16090175234482704,0.145470917769685,-0.13070946457458424,-0.171055630373977,-0.1344325000597662,-0.24987528787383756,0.22022806779877122,0.1590051717680434,0.3424124823689726,0.23163145773733157,0.10960641968618763,0.23384360382184893,0.3140115866729355,-0.10528412848934966,-0.04322450573357027,-0.1583820095785288,0.2154579285833818,0.04028400895696037,0.2095211532484919,-0.04691407214975018,-0.070750424339982,-0.09563228649523066,0.04232562216608627,0.09564025532118353,0.17398815832463402,0.12475675158778857,0.07116639705472193,0.20936974555538732,0.10421471204647419,0.39452701033556725,0.3054323486520731,0.3521934193435281,0.3679031628270207,0.33496481763341807,0.21905665038369898,-0.11939054419112433,-0.12487150268150993,-0.16678593342842798,-0.11978579795838679
#51,0.6048291085274407,0.6126879646821634,0.7221732582138674,0.772917148116568,0.28581150539091077,0.3209269338348381,0.2893640080007013,0.5632509622357338,0.4977647443202193,1.0,0.5780156029612157,0.2102335662886787,0.38627449417877263,0.024902581102726137,0.15480241296049854,0.18650080883583423,0.5708197531257719,0.5589812652901848,0.1889615822900812,0.17792157081497184,-0.0785104670528891,0.16737562654894053,0.4325654041390082,0.09861103363641435,0.33049111874347553,0.07241590896413232,0.1757763628684586,0.218768178884205,0.28308138561945667,0.24689494696746328,0.354748224944019,0.2742088948035286,0.45191690108296345,0.38009227900453424,0.17443122504761374,-0.0744081154523504,0.3576648152427703,0.15162444517049303,0.200374534819785,0.30221294296711265,0.19923339894333367,0.12188000541880165,0.35720421710269423,0.20701734813409942,-0.18899505135908326,-0.027350604435448525,0.2686657794707106,0.24283722079226067,0.02647562734582314,-0.21307843715385413,-0.023931978101666283,-0.13179322490417486,0.14180844536174486,0.4632501653531385,-0.14463897234020512,0.3738112503884803,-0.5241638709368949,-0.34509797671509057,-0.13910541959853054,-0.13999633434006167,-0.3481691622373276,-0.22703025763214305,0.12013005123955088,0.25284128489349667,0.19341934352811802,0.3081162492330005,0.2482926790395971,0.1947979504179649,0.4077855429559563,0.15106822111898255,0.4567906350357402,0.30353258054490834,0.11980492314067369,0.3594817075600252,-0.10180015778275386,-0.2606618906836456,-0.4061614962267609,-0.33133740805967055,0.3305182127517153,0.1852098590314689,0.27855828000860633,0.3598610236753819,0.061949652957629754,0.1822996437934799,0.16832869813290408,-0.2707376742184574,-0.27354429471905906,-0.009229494218616772,0.3566479930511838,0.05630613041780554,0.16261664368988518,-0.09786674529241607,-0.1392090143359179,-0.34482384910231173,-0.1275697471491525,0.3566894309461387,0.35890157703065606,0.29269338348381135,0.3092781040569293,0.2995688865159496,0.3223916040449761,0.417131382033485,0.47698364000031873,0.24531233813322284,0.32468503215421274,0.35526301110057457,0.35064427957828975,-0.33796109619169806,-0.3072588035604714,-0.5035931436221501,-0.446225565587422
#52,0.5675636908414283,0.5371403071185522,0.5936600020718947,0.5072556160300903,0.32258604339822616,0.4274781056506945,0.40814414012383554,0.5839858473651077,0.5492927666966826,0.5780156029612157,1.0,0.24952465953191116,0.294099084381898,-0.02846783383404123,-0.05676513479269099,0.08574137972252548,0.41012359649052904,0.5905856290192766,0.01792667086358167,0.155047852799847,-0.16211460765485422,0.10712811481484433,0.2879710572241392,-0.02677844273203229,0.19309421542924082,0.07757333312083131,0.003267218640677669,0.036470128855915655,0.18565451951963918,0.26161018097203736,0.3198415797400569,0.367609910031955,0.3447473483731642,0.31524356716524954,0.23837627202384273,0.10596147869534381,0.26337926033357506,0.20461713775709425,0.1355114790937851,0.21127748248850498,-0.013575691893313358,0.1540804373291683,0.16718278096088104,0.16519057447266294,-0.22307453242913722,-0.04976531807568791,-0.021495111125277914,0.023908071623807665,-0.05222768529512547,-0.10511200184876762,0.02520380272374471,-0.014321574002502212,0.03494808309891704,0.15612045677310363,-0.2214329542828455,0.09289897919339543,-0.37672784068723153,-0.25849118249408315,-0.1364231127827937,-0.2021228952338452,-0.10079608571269195,0.050712014598889146,0.014802891090055703,0.08642351122409135,0.3144020591446262,0.18573580154435848,0.08928910103674426,0.04955334730534151,0.3561220505382942,0.19293962020575509,0.4287626803942975,0.27719082947509344,0.10461155957892723,0.36435862904318306,-0.2001051885025779,-0.06102845667747771,-0.20291977782913243,-0.13468272119468638,0.1411884707026114,0.23613225063551388,0.15021236921164405,0.2320028050267354,-0.059538286224290575,0.24037804110320427,0.20164635944186343,-0.0951430005817243,-0.046141096032321555,-0.14235670058730246,0.22117317055678187,0.014286511168309573,0.14436325096223573,0.050732733546366614,-0.10490959366956466,-0.1136482082094845,-0.027269322410729227,0.2588386233056284,0.2278382965837643,0.2729912581979297,0.1817577636286846,0.3535815888245185,0.2524683438389022,0.5250037851923276,0.38000462191905265,0.43161233255504466,0.46442636406378246,0.4342532014758266,0.21539258421056826,-0.05914781375259983,-0.051720867964522785,-0.2411382670991083,-0.3032775781144164
#53,0.317586401995394,0.24855565029604187,0.26239431344580005,0.22116679549601956,0.5848863246977822,0.45926415861151176,0.17377459378909704,0.27622819529998643,0.23013969351895386,0.2102335662886787,0.24952465953191116,1.0,0.6450700858242555,0.3329885487971057,-0.21809401620859198,-0.18003012216210185,0.18913849022623497,0.23327941094438556,-0.18639402656806572,0.027285260062634972,-0.4242921690347361,-0.2971336133047518,-0.10501159464176144,-0.06796771031723896,0.03113898429344405,0.0706691423152627,-0.1417542573452653,-0.015940839436125877,0.24073982580146466,0.3686872953007833,0.29503940584433697,0.38418984930950123,0.2322466511008933,0.16698993537282153,0.3204296790953789,0.20420594633792602,0.16019093306983082,0.18301365059885727,0.014633951979854808,0.21289674792212862,0.08726501924471468,0.314343089832575,0.3514618811210544,0.3648574775478329,0.10267991616795098,0.13751324817314664,0.10972754584067129,0.053467634613392406,-0.08476440166070333,-0.3203547721314219,-0.18138163504370902,-0.2663787264222362,-0.25014941548661634,-0.20293571548103817,-0.47219596936783303,-0.22861605399676466,-0.07802914996533561,0.0577198001418451,0.12659914414809267,0.15447090980085904,0.06523280925021317,0.05467252109746671,0.2919777829132434,0.018251798962458862,-0.05917012646526787,-0.1654057327733905,0.4278701718875758,0.2730900716397453,-0.03365235199897999,0.04976691184087848,0.03833483412888779,0.07952888300966618,-0.0025245240618699647,0.09970116902676729,-0.166711026464471,0.10679661165520483,-0.05513471300273331,0.005367801161854824,0.07145168102383476,0.34255432747093373,0.40194598729769143,0.6283722079226067,-0.02574887041892118,0.6131437815266677,0.7221350078492935,0.27867621863270886,0.16968021101451122,0.28963813561348006,0.4193164341097626,0.5473244666863231,0.49151718477316736,0.4523009984938919,0.3478998159201205,0.09359226705129534,0.2495405971838169,-0.03523814836360159,0.16496107228522022,0.2163249368470543,-0.038656774697383836,0.22837858298336905,0.013172469300098017,0.3164133908151312,0.20689940950999688,0.05223884165145949,0.1593621751707321,0.21637593733315272,0.1282630350070524,0.010614476169225989,0.007513009108368064,-0.01133485803536565,0.028705304847436827
#54,0.26733817306696206,0.3181569699336197,0.28908509909235075,0.3504657778769454,0.37488066683135574,0.49260891392871087,0.38586170899441385,0.25638103738176254,0.19847317294742967,0.38627449417877263,0.294099084381898,0.6450700858242555,1.0,0.36490529050355014,0.031116671580776006,-0.005308831849803569,0.4500075703846552,0.17625767995601208,-0.002444835802341241,0.15679780697909776,-0.19081194367633816,0.006296966267959741,-0.03456717321836974,-0.00918646255847126,0.07824271450087258,0.14349624269856323,-0.1364438317302712,-0.08423686538262318,0.46357848098239685,0.3959072109906048,0.15884420148379538,0.33594817075600253,0.2382599271649308,0.18126847771517823,0.3762003044091514,0.20202567555722015,0.28937038306146357,0.18728494130959686,0.17063009506809362,0.24552590266875982,0.017010255879001346,0.16586314338308536,0.3819649531034593,0.34657858457713425,0.12192303707894715,0.15086103164420786,0.1492098909067727,0.008429424092948386,-0.051869088127246214,-0.281878092900573,-0.1433177409972189,-0.2834033261879527,-0.1327717967311876,0.00781423072938664,-0.2962889177537473,-0.026453314633155096,-0.19291730749308705,0.06769995776522245,0.056695009124305716,0.02356063081226243,-0.20623480942552733,-0.21886061726525832,0.4521017778450701,0.20303134139247264,-0.1476368446636757,-0.11342508108280407,0.5755643920981122,0.40292455912470415,0.22892205691335496,0.14641920805807682,0.24598968833921697,0.24491867813115092,0.22165608140952595,0.11956745212727808,0.05824255512435353,-0.03810851947182622,-0.16681940249743005,-0.24245790467690395,0.28372526675644877,0.38910183362685175,0.4418443050785328,0.6446445505183721,0.22596243495445817,0.4111643251599742,0.39417160069806917,-0.11244332172541019,-0.22470814174947604,0.26567587597319287,0.35095984508602346,0.45143558399540995,0.5019117213460941,0.13624461108144936,0.12085362063607169,-0.20658862529783487,-0.03232633936042203,-0.0769613272876507,0.07060698547283029,0.05398560830032911,-0.08705782976993999,0.1562591143446836,-0.08000701256683852,0.2618508395158141,0.20544908318657412,-0.12250476137350684,0.17552295420315725,0.13517041334300217,0.16723537521217,-0.2500251018017515,-0.1850648263991266,-0.2481922718325909,-0.1930464024735236
#58,-0.1541680944146499,-0.004876921483157886,-0.22655690937054243,-0.0491915626070811,0.24947525281100336,0.12763031022639434,0.36768959829148373,-0.1572329048761246,0.1892181784857637,0.024902581102726137,-0.02846783383404123,0.3329885487971057,0.36490529050355014,1.0,0.05292734821378766,-0.1223756663930703,-0.2214329542828455,-0.21376216242061058,0.006258715903385954,0.08139996334340062,-0.19683000103594736,-0.20500920399397557,-0.22189673995330267,0.02820645634278702,-0.08296025946497303,0.16571970451593368,-0.30994270414139885,-0.2250237072572098,0.08529353170397405,0.13631951804540637,0.05944744160842783,0.06060292137159432,0.015091362589549682,0.10205675397843636,0.23070707392679837,0.23178764672600785,0.12465953191116352,0.12801600140251337,-0.14009196025149614,0.0731904788467515,-0.00491039055215995,0.09318107563212712,0.09042067432205213,0.27099586417933047,0.19336993680721018,0.3004741451441959,0.08056961167911132,0.022618715584632916,-0.10168221915865136,-0.3063296384543665,-0.35687430770824535,-0.22389850903266423,-0.4091354620723729,-0.1997306536827929,-0.357456032002805,-0.15521201061447618,0.01954115500163361,0.250922391604045,0.029205747117277213,-0.03900740303931022,-0.1246420004940672,-0.17717250117540181,0.491488496999737,0.015747993848066365,-0.3794149287985401,-0.31497581461323304,0.5615599773685342,0.6034329702204975,0.12778809298026123,0.19108766505430755,0.09010670257950897,0.11453115412506275,0.26898134497844434,0.07201428013610754,0.1932264979400585,0.10838240801982645,0.036822350963032616,-0.08175856051127987,0.1994501510092518,0.3022846624006885,0.16786809999282806,0.2560351903354079,0.21417494760496936,0.2863517917905155,0.4315995824335201,-0.04041469770258748,-0.12677286455386527,0.17481213492816103,-0.023579755994549322,0.4649443377507192,0.36430922232227525,0.10390392783431217,0.17329008917116243,-0.08074651961526508,-0.006650782140267274,-0.6234777550223526,0.009256588226856537,-0.10927651029173872,-0.26821633768696856,-0.0460821267202703,-0.22036831913554175,-0.08532381324259497,-0.09094821060013228,-0.0761692259879352,-0.03613703193108559,-0.022519902142817298,0.07750161368725546,-0.17615567898381532,-0.0349751771071568,-0.05699144944975257,-0.005646710070205356
#101,-0.30437249480034106,0.13415518491660625,-0.12266254412737371,0.10011395421112608,-0.2058507120145989,-0.17489182318768975,0.08353242116838926,-0.16930567619472622,0.07355385731020249,0.15480241296049854,-0.05676513479269099,-0.21809401620859198,0.031116671580776006,0.05292734821378766,1.0,0.4587684976372431,0.009921188311326093,-0.17117994405884182,0.8116759237861486,0.3263489230131725,0.5891225525743292,0.2817075600251815,0.3017523448270366,0.057477547832877784,0.5704595621927021,0.07600506817330603,-0.2824422857780363,-0.3866793105371786,0.4229247185012232,0.24111117309086852,-0.084222521495908,0.03668528715664321,-0.1959056172254142,0.14686386854624708,0.3595868960626031,0.1076668074492585,0.6181816732940736,0.5041605240299947,0.20068531903194703,0.4700603240124632,0.327002366741308,0.32576719871861276,0.19846201659109564,0.4399142554327471,-0.27509184071910686,0.030627385667269642,-0.03390257313390018,-0.25180533751962325,-0.15914064180924226,-0.34875248029707784,-0.3773733155894142,-0.45555546701304495,-0.1356246364223159,0.22296775016136872,0.09585541362191108,0.38331168468949467,-0.5068539872020655,0.031942241949493584,-0.44190646192096517,-0.4725274725274725,-0.5093561985512675,-0.4900636709193634,0.4056020846448693,0.4684522149351736,-0.17554207938544414,0.13266979575899082,0.033277817179194986,0.02168636294814685,0.5781925108973694,0.10413661755213605,0.35755006414904894,0.38909705233128006,0.13499828670242014,-0.4290336204766952,0.18488632469778227,-0.5834646861477899,-0.3875176310274207,-0.4657412203460064,0.628528396911283,0.23885440158101506,0.0435846966666401,-0.13418706022041774,0.09364804883296544,-0.2453697136800835,-0.3283793798659643,-0.5608682832758249,-0.5247535640574075,-0.33891416777566163,0.06200224720891871,-0.14601757923005204,-0.0988325669979042,-0.5878634780737754,-0.4812676808325829,-0.5211516547267091,-0.34755396887376583,-0.038129238419303685,0.3047422483245543,-0.42420132441887337,-0.36706962363235024,-0.26209787312035315,-0.3684944497127238,-0.41346572209516375,-0.04663356947620907,-0.19550398839738942,-0.13472415908964133,-0.23166811433671478,-0.1560598936958618,-0.4811943676338165,-0.4997728884603431,-0.3588330451274614,-0.34182119548326945
#102,0.019129963582465395,0.325567978069791,0.15950720780307437,0.3887304863374479,0.014441106391795296,-0.1078979034018918,0.05272653379977528,-0.09713520706994239,-0.043151192534803845,0.18650080883583423,0.08574137972252548,-0.18003012216210185,-0.005308831849803569,-0.1223756663930703,0.4587684976372431,1.0,0.10472949820302975,-0.04921546908493971,0.5270740861748838,0.6930599494776435,-0.08684585899959359,0.6647116480328953,-0.00793216935348915,0.1636015905776602,0.23024169449115062,0.316975989927404,-0.2554646223971822,-0.02106001322825108,0.3683031978898549,0.4357784347632063,-0.007976794778825236,0.14147216090653364,-0.005659460191729952,0.2512044880427767,0.26415861151176595,0.02901927658998,0.3952872363314713,0.4538804197977512,-0.08367904756592211,0.5424188574297348,0.28020463945046975,0.39372056514913656,0.23713313517519463,0.5350986939094263,-0.4196160619655906,0.19592633617289165,0.1133422052928942,-0.13362764863852608,-0.173377746256644,-0.41630421789957683,-0.3789973623186096,-0.4677143016519376,-0.21888292997792635,0.3670664361019691,-0.3071185522237009,0.5213110312457666,-0.5654917960936815,0.1894046490130609,-0.3718429503781208,-0.4413327064523584,-0.19520117301118026,-0.21047422483245543,0.385715082596881,0.630315007689917,0.03218130672807975,0.36226760911314937,0.05504546215206114,0.06493796268995689,0.4950664998525767,0.4378790172843835,0.3588967957350844,0.4247001729235232,-0.022475276717481212,-0.09980954505972635,-0.05719067009857438,-0.39515176629027243,-0.29317151304098366,-0.19073066165161887,0.5159751053877232,0.49131955788953613,-0.0961980731378846,0.003675222529464734,-0.01920327678123182,-0.34396162213421094,-0.21948218568958236,-0.3469754321095873,-0.3141582130704683,-0.19796635561682696,0.2255034305795727,-0.14448915841229112,-0.04772689239694316,-0.3093928551506507,-0.25460717672465316,-0.27098630158818704,-0.4190486815577461,0.046262222186805216,0.4179250770983911,-0.15975105387723226,-0.03678091306807768,-0.060849954976133366,-0.10725720979528086,-0.1585079170285842,0.037603295906414105,-0.11356373865438404,-0.11537266214568608,-0.12714102431288798,-0.051899369665867126,-0.17938942855549092,-0.23098279530476776,-0.15023946321988382,-0.25298312999545775
#201,0.4560527217525042,0.3437034321733379,0.5914223557443282,0.5213253751324818,0.11377570942473045,0.18883886237040698,0.024336794460072197,0.5114838750806844,0.2317095522316697,0.5708197531257719,0.41012359649052904,0.18913849022623497,0.4500075703846552,-0.2214329542828455,0.009921188311326093,0.10472949820302975,1.0,0.5583278215620493,-0.014154228657491892,0.020943668369339145,-0.017158476041724772,0.13554016686721546,0.34703599518682915,0.01921283937237527,0.1714556654368112,-0.0023508036560973473,0.31153009427121103,0.2811561172692427,0.18958952577516755,0.19832495278470622,0.009892500537895752,0.16848807465196153,0.5676401915705759,0.17928902134848473,0.039547689438914964,-0.2287818055765844,0.1830120568336667,-0.039868036242220434,0.22604531074436804,0.10909163352963208,0.046200065344372813,0.025497055518810412,0.26029054339424174,0.08190359314362215,-0.027229478280964864,-0.11459171720230459,0.22089426164843134,0.2725290662926631,0.07333232394871264,-0.0016750472152937707,0.242405310425615,0.05827124289778387,0.3797464319581796,0.2749149327829531,0.08783718094813091,0.15741778163823125,-0.366722182820805,-0.35591964235909124,-0.18677174891823187,0.02010056658352525,-0.2615018049390783,-0.17714062587159035,0.01696084915809354,0.1561905824414889,0.2048259209970595,0.21142092135565668,0.1656479850823578,0.01964474973902095,0.22050697670712174,-0.05274884651244332,0.26800436691662216,0.07233303317422245,0.08341607630947732,0.21847333232394872,-0.07830965263887671,-0.22363713154141002,-0.29721808285985224,-0.3367259281690029,0.11329598610236753,0.03933890619894971,0.21402991497262708,0.3339766832152619,0.13213747818533894,0.20671612651308083,-0.017341759038640835,-0.16198073137884594,-0.28930503868865,0.04372335423822008,0.23432173337902126,-0.07585525424539202,0.03578959111954036,-0.0013244188733673868,-0.057160388559953465,-0.26316728956322866,-0.16858529432858657,0.4567890412705496,0.11673055008805552,0.47887543928153065,0.5123476958139758,0.4296679390225438,0.3826391157790723,0.5003721441719992,0.4510387364629569,0.30657029699814325,0.4998270764768227,0.48602985122201947,0.49101355497294585,-0.28724908159280893,-0.17130744527408776,-0.4613025842902565,-0.42340284805839556
