,#10,#11,#12,#13,#17,#18,#26,#49,#50,#51,#52,#53,#54,#58,#101,#102,#201,#202,#301,#302,#401,#402,#501,#502,#601,#602,#701,#702,#801,#802,#901,#902,#1001,#1002,#1101,#1102,#1201,#1202,#1301,#1302,#1401,#1402,#1501,#1502,#1601,#1602,#1701,#1702,#1801,#1802,#1901,#1902,#2001,#2002,#2101,#2102,#2201,#2202,#2301,#2302,#2401,#2402,#2501,#2502,#2601,#2602,#2701,#2702,#2801,#2802,#2901,#2902,#3001,#3002,#3101,#3102,#3201,#3202,#3301,#3302,#3401,#3402,#3455,#3501,#3502,#3601,#3602,#3701,#3702,#3801,#3802,#3901,#3902,#4001,#4002,#4101,#4102,#4201,#4202,#4301,#4302,#4401,#4402,#4501,#4502,#4601,#4602,#4701,#4702,#4801,#4802
#10,1.0,0.37821482361003755,0.4830734167935038,0.40708747380248467,0.20067894397118471,0.13822884874371458,0.2019667062451689,0.6122034600642288,0.14804484855246278,0.40418682115563914,0.4971511447218481,0.19855604873733954,0.18528795352580704,0.1821004231446581,-0.22242905752695455,0.047943644462861285,0.3080493110949964,0.3013475284686307,-0.10923188486640263,0.1393827347416905,-0.20326243734510593,0.08150833937635968,0.06778761485070404,0.018790491596873033,0.008072420690259704,0.0018216736128266223,-0.07054164110001673,0.07753189522587638,0.0015204519918080469,-0.11516706643610197,0.10603957318968196,-0.08859581317884437,0.3013778100072516,0.14985695957414594,-0.13073974611320513,0.04018519551514475,-0.046265409717186366,-0.150489684354804,0.06310991401636797,0.029389030114193276,0.05223724788626891,-0.009341057781956985,0.09426483596171777,0.047832080899521075,-0.10344332969423614,0.0932384511789878,0.24172796021962084,0.05549649770099371,0.07570544031747803,-0.06594681605559052,-0.02747969941588506,-0.0650001195323893,-0.03541505629975536,0.012284742088948036,0.030249663317103492,0.022432245057335702,-0.15104431464112392,-0.12683661516148825,-0.12121699909952267,-0.08394520635274805,0.0861525711416937,0.04622078429185028,0.11666520571524197,0.030546103642550344,0.3161440444979241,0.31312067193140436,0.19672162500298832,0.12192463084413774,0.09893456797010096,-0.01600618380893943,0.2553355274167457,0.19148610635195118,0.053619042306496986,0.26435305086501604,0.002161145598418985,0.05565587422005116,0.08792005673804078,0.020975543673150635,0.20044625425336085,0.013535847763548997,-0.481450963829499,-0.12869653913888868,-0.11960092119628016,-0.016795097578273792,0.03675541282502849,0.03710922869733602,-0.07544565659141439,-0.05151049095936696,-0.21193570751221222,0.03041700866211381,0.03931818725147224,-0.0878881814342293,-0.04677222704778905,-0.20773294870466735,-0.2466192255894939,0.18611193012933405,0.12299245352182263,0.38893926957741315,0.4071416618189642,0.3037270198981584,0.38408784833730447,0.20001593765190576,0.12936592051892995,0.3153136928336348,0.29855525185474424,0.305473786547028,0.38609918000780946,0.15066340476057663,0.054605582959462586,-0.12100343456398568,-0.12398377547035995
#11,0.37821482361003755,1.0,0.371141693694268,0.3737857501454311,0.1633019627218322,0.12465953191116352,0.3171959295237033,0.19407916231701583,0.33754671724214874,0.6153862091498059,0.2821171576791591,0.10065583437592139,0.14252245216712223,-0.0018152985520643243,-0.1414195666552447,-0.10010598538517321,0.26605200455816846,0.24571237319605702,0.12422284024894613,0.05957813035405494,-0.18309015132800485,-0.012284742088948036,0.06857493485484784,0.08608563300368957,-0.06864665428842369,0.007739323765429639,0.1330762058825873,0.12479181442198121,-0.03470901832033087,0.015392584210568256,0.20389356836057343,0.09721489532947111,0.07879575102200193,0.035078771844544145,-0.06930966060770266,0.11265051120018488,-0.1493899863733076,-0.1774051908932257,-0.05345329072667724,0.11736486863390416,-0.021606674688618127,-0.06672776099897203,-0.0014726390360908128,-0.16265011275888724,0.12721114998127325,0.09846918853445322,0.11066149224234793,0.07082214377355785,-0.008019826438970746,-0.11088143183864721,0.11172134609407997,0.1565698985568456,0.19888436436659787,0.18482576162054046,-0.03199483620078254,-0.015013268095211533,-0.17567117436588067,-0.2218521145279666,0.011594641761429289,0.05642247527671748,0.033454725115348756,0.03320450398042856,0.05406210902947669,-0.06357369968682514,0.2673668608403924,0.2916112169194113,0.03441735929045574,0.023131907975997897,0.062298687534365564,0.22691869406880286,0.15068571747324466,0.32219238339615425,-0.06708795193204185,0.09320338834479516,-0.07625369554303564,-0.05358876076787607,0.010129971551291347,-0.0624086573325152,0.14771334539282327,0.016111372311517345,-0.07741395660177386,-0.06210584194630605,0.09525297037987393,0.1006494593151591,-0.08391811234450829,-0.01369044298703472,-0.04830383539593112,0.012608276422634653,-0.07312354070874738,-0.017808732239479156,0.1259600443066723,-0.05120926933834838,0.026923475364374568,-0.08418108360095307,-0.1032712030536541,0.265956378646734,0.16175122919140322,0.2264899712325383,0.24630366008176016,0.29047645610372225,0.23627568950266556,0.1912024161480289,0.16491007179912184,0.1550414777390847,0.08542262668441059,0.17920773932376544,0.10515822103929429,0.020637665452748845,-0.13099474854369705,-0.015319271011801831,-0.07219118807226131
#12,0.4830734167935038,0.371141693694268,1.0,0.6809058961343225,0.21575277514363808,0.2978826829443218,0.10725720979528086,0.17018543457992333,-0.006247559547051933,0.6088565531640223,0.38797822916749675,0.2461012519025572,0.386389245272494,0.09376758122225852,-0.20998015762337735,-0.04605662647722111,0.781059694475213,0.8012702308568879,0.1777797257130107,-0.04305875415375053,-0.30921116591892517,-0.007567197124847596,-0.03631872116281108,-0.03598562423798102,0.13272239001027977,-0.12770681095554193,-0.017045318713193987,0.18674784244037326,0.08662751316848488,0.036092406505749505,0.5564121158029788,0.1669548725386289,0.6742678641155798,0.45865852783909344,-0.031301548342882644,-0.1404951828447115,0.10799034178294512,-0.12382121142092135,0.07204934297030019,0.28455721218592867,0.1697519304480871,0.006802189833371849,-0.20674800181689232,-0.13119237542732828,-0.3880626987225972,-0.18218489269975854,0.34264517208679646,0.186763780092279,0.04689335320227271,-0.09870347201746767,0.0850656232817219,0.09800540286399605,0.10262572815147145,0.2968499231008296,0.16421200264565022,0.05524627656607352,-0.3267011451202894,-0.3733235582401645,-0.30019204870546423,-0.22724063463729888,0.12842878658687215,0.23420857605049047,-0.14816438094175585,-0.09600204001944393,0.6108280407047629,0.5501008056483039,-0.0010279785479205348,-0.15583836033437193,0.1820812979623712,0.07890731458534214,0.4050442668281682,0.5343528118002375,0.16961805417207884,0.5324466686323104,0.1661850839515814,0.21916980771222977,0.1722668919188136,-0.10251257082294066,0.007202224896206042,-0.0648248053614261,-0.15728390536222298,-0.12960976659308784,0.1214210010439162,0.22653140912749326,0.018808023013969354,0.05362382360206871,-0.027385667269641163,0.1136418331487222,0.09333088956004112,-0.2146403270406171,-0.139564423973416,-0.20301380997537632,-0.08089792730836966,-0.2381212695933508,-0.33866713417112254,0.5905665038369897,0.26061726525830947,0.7097132019539562,0.6159009953063616,0.4961901043119317,0.46090095546223175,0.6458940624277825,0.612337336340237,0.6906517702746854,0.6067782833555132,0.654229454374487,0.6354517128991386,0.2067862521814661,0.05018925961638072,-0.30141446660663485,-0.3106471483556328
#13,0.40708747380248467,0.3737857501454311,0.6809058961343225,1.0,0.15357680752894676,0.13843285068810812,0.24459833132784548,0.15856369881025428,0.002224896206041964,0.7814788547203341,0.3934320936496426,0.18715584632916032,0.346231143765589,0.05449401939612237,-0.18051781431041763,0.07523368582106799,0.563950625154396,0.40707791121134124,0.09262485158061663,0.08020623321566034,-0.24482942728047877,0.022097554367315062,0.15995186829124466,0.10883503733394959,0.08455561842073807,-0.015088175059168533,0.06863709169728024,0.2949485612284742,-0.11725489883575453,-0.0018535489166381118,0.27565922112695135,0.11256444787989385,0.37685374813728695,0.31066627353791965,0.01604602793870379,0.0005578178167010654,0.016492282192064642,-0.037635171210225596,0.048001020009721965,0.1879766354023062,0.17026352907426148,0.11823506442795782,-0.05525583915721697,-0.07897106519296512,-0.25987616444469236,-0.015575867207484322,0.4625728151471444,0.28994573229526094,-0.02151104877718366,-0.05734367155686953,0.21172692427224696,0.1854345799233399,0.1517025396648312,0.06303181952202982,0.04664791336292424,-0.001804142195730303,-0.1953302679916168,-0.11721186717560901,-0.17942289762449298,-0.012933404521511845,0.042108870100168144,0.11085433783040745,0.09135462072372877,-0.0032656248754870947,0.3736709990517097,0.35977177282470973,0.12022727091617592,0.06447895831507144,0.12628995370112123,0.1866267162858896,0.2681876499135382,0.3425989528962698,0.07010813696818048,0.24574584226505908,0.09457562017387978,0.08926838208926678,0.016428531584441665,-0.11009570559969399,-0.018484488680282733,-0.1059248220959606,-0.23611312545322696,-0.043642072213500784,0.15704484058363682,0.23097801400919601,-0.01207277131860163,-0.042972690833459504,-0.09054498800691695,0.18855835969686585,0.07136083640797201,-0.1904166899090757,0.004892859135063631,-0.09427439855286121,-0.02652503406673095,-0.24958681637434357,-0.26685048091864627,0.318751444349704,0.11005904900031079,0.5464383332403637,0.48850337479779105,0.3607312194694356,0.345556981089976,0.37471810278191714,0.33787025157583533,0.4666289475571564,0.3632621185920678,0.3920965184199412,0.3573524372654177,0.07780761660384576,-0.03179242802157958,-0.28109077289642914,-0.2611655204838671
#17,0.20067894397118471,0.1633019627218322,0.21575277514363808,0.15357680752894676,1.0,0.46895584473539514,0.07687207643697853,0.13927595247392202,0.1869948760449123,0.1427168915203723,0.3761429288622907,0.7508116249233,0.5808923491302026,0.3488162309047008,-0.17500498051622054,0.011808206296966267,0.24685988413327065,0.21997465913346986,0.003273593701439967,0.13967917506713737,-0.3210974667102296,-0.04011825737714063,0.12358374040752576,0.2274637617639793,-0.08355632764624787,-0.22438141988540827,-0.11725330507056396,-0.09817593573938752,0.3183912534166341,0.23206655563435838,0.2849333407709042,0.3542716891520372,0.258274430428165,0.38052418937117993,0.18909864609647062,0.19493820175473547,0.23890540206711344,0.09005729585860116,0.031480050044226986,-0.03802564368191634,0.2176621058419463,0.23105770226872474,0.11231900804054538,0.14462940974906166,0.002608993616970412,0.17044043701041525,0.07826183968315949,0.059077688084214555,-0.13285467252109748,-0.13960426810318036,-0.02828295707193459,0.020505382941931164,-0.10128696539138889,-0.1650072914757469,-0.06352907426148906,-0.10991082883758736,-0.26851596554279655,-0.17618596052243624,-0.1517439775597861,-0.05673804078445123,-0.1642757532532732,-0.13578401294137335,0.3124002900652647,0.3029078245902031,-0.015897807775980363,-0.10377005155830392,0.39278343121707876,0.26053438946839963,0.23417670074667898,0.24850783734032464,0.2509271728996167,0.15396887376582807,0.3928376192335583,0.34082827976954155,0.09974738821729395,-0.019252683502139628,-0.15356724493780333,-0.2585692769884213,0.4415112081537027,0.26806811752424514,0.0977711193809816,0.3883177011530891,0.28542581421479174,0.4604658575652049,0.5343368741483318,-0.08860696953517838,-0.1729490234203795,0.29156181019850347,0.28230681573683747,0.43130154834288265,0.35794213038593026,0.20898724190964946,0.2595813178844361,-0.1940313493612986,-0.10582122735857326,-0.03192630429758784,-0.11009889313007515,0.14827275697471493,0.1560535186350995,0.2598936958617887,0.19300496457856864,0.2687884993903848,0.352414952705018,0.2164890946616835,0.2639434532110384,0.22859214751890605,0.25516977583692596,-0.16404146977025874,-0.06312744543346428,-0.2266844105857884,-0.1526062045278869
#18,0.13822884874371458,0.12465953191116352,0.2978826829443218,0.13843285068810812,0.46895584473539514,1.0,0.19901824064260612,-0.037901329997051536,0.060550327120305364,0.17019818470144793,0.08614938361131255,0.6259401222417901,0.716238076644168,0.3212329367514284,-0.05667588394201882,0.10237710078174182,0.4239829785877647,0.4260469045095586,0.21277721553283555,0.030479165504546216,-0.2614412418618365,0.055847126042920095,0.01975631330236116,-0.008576050490481237,0.025536899648574776,-0.2946919650327917,-0.22435113834678735,-0.20564671007020535,0.6417438978715266,0.35767915912948545,0.5235423025125708,0.188026042123214,0.5078309652638877,0.43482058188367106,0.43118042218839897,-0.07655969845962594,0.35469881822311117,-0.06234171919451107,-0.02558471260429201,0.1444588768736702,0.4235383180995944,0.07730398680362423,0.1843285068810812,0.09105658663309135,0.009494059240252133,-0.09108208687614054,0.11654248579556774,0.037490138577883324,-0.2871407055598499,-0.43208249328626414,-0.14405087298488314,-0.1097833276223414,-0.19862458064053423,0.1224011666361195,-0.07272828694148491,-0.022519902142817298,-0.43241080891552247,-0.329388233231598,-0.334234873176135,-0.2482926790395971,-0.23621672019061432,-0.05908406314497685,0.1636573723593303,0.18971383946003234,0.21426738598602268,0.16516507422961374,0.30338754791256606,0.16161416538501383,0.1305803695941477,0.19850504825124116,0.394157256811354,0.36206041963837465,0.26957900692490977,0.3645004741451442,0.2383523655459841,0.1552104168492856,-0.0640374853572823,-0.1797416506626079,0.3254962586362151,0.25024822892843196,-0.014646702101379404,0.45053191913235424,0.21848448868028272,0.3059168532700077,0.5575484703838584,-0.2187857103013013,-0.13234944895568537,0.256776291149025,0.19894333367864914,0.43080748113380457,0.34890707552056355,0.09940154117093929,0.25061160739188293,-0.2496792547553969,-0.13764712444915492,0.10492234379108926,-0.09908756942839611,0.34629330060802144,0.2684713401174605,0.20915936855023148,0.31244013419502903,0.5671955310824056,0.42551777446628786,0.32949023420379475,0.41511845659778945,0.4280199858154898,0.5286407573572186,-0.14049837037509263,-0.06759955055821626,-0.30675836129063105,-0.2447959582114767
#26,0.2019667062451689,0.3171959295237033,0.10725720979528086,0.24459833132784548,0.07687207643697853,0.19901824064260612,1.0,0.06667516674768306,0.20078891376933436,0.3706763142586203,0.24200686912797137,0.12629792252707409,0.2099642199714716,0.29102949262485156,-0.14557132497669117,0.14519838392209675,0.1520069488162309,0.04060913705583756,-0.024888237216010967,0.171130537337934,-0.20080803895162125,-0.05960681812748528,0.17632621185920677,0.1291810437568233,-0.0833921698316187,0.010405692929260732,-0.05148180318593661,0.07329247981894828,0.04607893918988915,0.15015658742997395,0.14146578584577135,0.09547131621098263,0.03399341774976293,0.042280996740750185,0.08886356573086088,0.1518013531066468,-0.03463889265194559,0.0341448254428675,-0.17019340340587621,0.050098415000517975,0.21637912486353386,0.11141215564710852,0.06281187992573055,-0.10198981584043224,0.05381348165974707,0.09142474639211405,0.22484679932105603,0.13383961940887248,-0.1936568145415136,-0.148766824183793,0.010894978842767095,0.002897465116464391,-0.0531122249758943,-0.14641761429288622,-0.2967909537887783,-0.17795663364916448,-0.12823434723362206,-0.0032544685191530733,0.07499143351210066,0.10872506753579995,-0.053647730079927326,-0.11419486966985154,0.3288511343623744,0.22456310911713379,0.08739730175553236,0.034127294025771186,0.30649539003418624,0.34837157041653055,0.14430428165018447,0.38946361832511217,0.3462805504864968,0.29841021922240196,0.12719839985974865,0.11230466415383021,-0.027270916175919802,-0.0028767461689869233,0.027247009698061184,0.031476862513845835,0.22520858401931643,0.18214823610037534,-0.08951541569380583,0.07283347544406282,0.00813139000231096,-0.04470192606523281,0.12157559626740193,-0.07320482273346668,-0.08597566320553993,0.051720867964522785,-0.023818820773135494,0.17733347145964984,0.20560845970563157,0.15111603407469978,0.1298679565539609,-0.05078532779765557,-0.022532652264341896,-0.01587868259369347,0.03768935922670513,0.07811043199005491,0.0020543633306504953,0.0713050546263019,0.01527942688203747,0.0902294224991832,0.025479524101714095,-0.07183418466957263,0.02491054992867901,0.04627497230832981,0.0395891273338699,-0.08547681470089012,-0.07288925722573293,-0.09582035078771844,-0.047156324458717494
#49,0.6122034600642288,0.19407916231701583,0.17018543457992333,0.15856369881025428,0.13927595247392202,-0.037901329997051536,0.06667516674768306,1.0,0.14539282327534683,0.29946688554375284,0.5093099793607407,0.13772521894349304,0.06491883750767,0.15529010510881433,0.06637872642223622,-0.1501470248388305,0.2506514515216473,0.0865892628039111,-0.20528970666751667,-0.055440715919323605,0.20426810318035843,0.023100032672186407,0.3902302193817785,-0.012797934480313015,0.41191498856473474,0.23638884683119635,0.2243989513025046,0.0015045143399023022,0.06457777175688706,-0.039813848225740904,-0.11465546780992757,-0.17599152116918615,0.11375817800763413,0.1026846974635227,-0.1667349329423296,-0.06547665532437107,0.003978037915673884,-0.2141590099530636,0.3015594992389771,-0.03686538262317813,-0.08505765445576903,-0.1920773932376543,0.21958099913139797,-0.03938512538947637,0.16554120281458934,0.04340141366972404,0.16349480830989171,-0.058291961845261336,0.03063376072803194,-0.14046171377570943,-0.07967710317238962,-0.10338117285180375,-0.02751954354564942,0.011685486377292033,0.2757946911681502,0.033918510785805926,-0.010364255034305795,-0.18389022145367323,-0.12091099618293237,-0.13215022830686354,-0.041296049852975164,-0.14674592992214458,0.07046035907529744,-0.07926909928360255,0.22791798484329304,0.2513112703105451,0.045858999593589876,0.07348851293738894,-0.01506586234650049,-0.3037588952019699,0.06868012335742575,-0.06866259194032943,-0.11822868936719554,-0.11291985751739196,-0.04263481261305772,-0.08677573333120832,-0.16168269728820853,-0.07151383786626717,0.16159822773310809,-0.22416307405429958,-0.3673708452533688,-0.06655563435838997,-0.3137247089386321,-0.07598116169544741,-0.2170756002518149,-0.03709966610619257,-0.1706763142586203,-0.17221907896309638,-0.16635083553140115,0.10163121867255297,-0.011157950099211883,-0.09646901322028226,-0.06493477515957574,-0.13896038696618826,-0.13609957844910708,0.28486321510251894,0.18842129589047646,0.2781088382248643,0.3585238546804899,0.04878196495310346,0.24271450087258645,-0.14001864705272973,-0.08959032265776283,0.2326339360422029,0.22049900788116886,0.147568312760481,0.33139000231095955,0.014842735219820064,0.042245933906557544,-0.18737259839507844,-0.09684036050968611
#50,0.14804484855246278,0.33754671724214874,-0.006247559547051933,0.002224896206041964,0.1869948760449123,0.060550327120305364,0.20078891376933436,0.14539282327534683,1.0,0.1119811298201436,0.005429958004287228,0.22410410474224832,0.1091521966068739,0.3235247710954745,-0.00013228251081768124,-0.004626700348237694,-0.058929467921491126,-0.09386639466407415,-0.15119253480384734,0.11576791591294855,-0.030786762186327088,0.014077727928344316,0.11418052578313637,0.18844838989871623,-0.19982946712460853,0.10740064866243257,-0.09192518866195444,-0.25732614013977323,0.012581182414394888,0.020309349823490506,-0.08197371881200742,-0.10549609925969607,-0.16573404840264883,-0.1533807744105061,-0.07630469602913403,0.10203603503095889,-0.1642056275848879,-0.07775980364812853,-0.09053383165058292,-0.11761030847325264,-0.03673150634716987,-0.08009945094789185,0.1183179402178677,-0.002148395476894389,0.03416713815553554,0.18360174995417924,-0.13537760281777686,-0.23338619321215406,-0.18987480974428037,-0.2298496282542693,-0.06274812931810757,-0.04496170979129645,-0.05257353234148013,-0.15830232131900007,-0.07270916175919802,-0.11752105762258047,0.052540063272478066,-0.021826614284917403,0.12374152316139263,0.044403891974595384,0.05110567460096104,0.06236721943756027,0.030361226880443706,0.11749077608395955,-0.13866235287555084,-0.17863079632477746,0.015096143885121404,0.10125827761795855,0.12620867167640193,0.34133987839571595,0.2983895002749245,0.16545035819872658,0.11133724868315151,0.07248922216289874,0.0742901768282479,0.0271211022480058,0.10868522340603559,0.03580074747587438,0.1321215405334332,0.03782642303309453,0.057158794794762886,0.03718094813091187,0.1138107722589231,0.06526627831921523,0.05873821609862219,0.01660225199021428,0.014582951493756425,0.09276032162181545,-0.1128736383268653,0.274720493429703,0.004038600992915714,0.11792746774617696,-0.014635545745045383,0.033743196614842735,0.053846950728749135,0.004355760265840034,0.09623791726764895,-0.0829746033516882,-0.038564336316330515,-0.018704428276582013,0.030367601941206003,-0.10339551673851892,-0.17778928830415414,-0.10150371745730702,-0.07379610961916981,-0.056599383212871245,-0.06797408537800126,0.07992094924654751,-0.04136776928655101,0.09054658177210752,0.050939923021141295
#51,0.40418682115563914,0.6153862091498059,0.6088565531640223,0.7814788547203341,0.1427168915203723,0.17019818470144793,0.3706763142586203,0.29946688554375284,0.1119811298201436,1.0,0.5320992278207651,0.15857007387101657,0.3090023826789599,0.016973599279618133,-0.13057877582895713,-0.06410601726047702,0.6156188988676299,0.43153742559108765,0.10939763644622238,-0.05659460191729952,-0.1285515065065464,-0.03842567874475054,0.22190470877925556,-0.009650248228928432,0.26367251312864076,0.05109929954019874,0.1872960976659309,0.1893982739522986,-0.03718413566129302,0.014984580321781193,0.28708811130856093,0.07398736144203874,0.3996079337631187,0.3213158125413383,-0.05920040800388879,-0.07044282765820112,-0.0016495469722445791,-0.175239263999235,0.1319908517878061,0.26931762943365556,0.17111938098159998,-0.1197347974722884,-0.17585923865836847,-0.24971750511997068,-0.06628469427599232,-0.01505470599016647,0.27110902150786126,0.16405900118735506,-0.0596179744838193,-0.19667062451688994,0.14901385778833204,0.10745802420929325,0.20408163265306123,0.1667540581246165,0.13129278263433447,-0.019019993784315757,-0.21083441576552525,-0.28329973145056536,-0.1301548342882643,-0.02079226067623457,0.06714532747890253,0.02745579293802644,-0.05418801647953207,-0.10130609057367577,0.41680466016941725,0.3778546326769677,-0.010308473252635689,-0.12934838910183363,0.05638900620771542,0.06034632517591183,0.24059798069950356,0.3788204543824558,-0.06161177473722797,0.1844050076102288,-0.01604602793870379,0.05944744160842783,0.0024830861669150285,-0.11045589653276383,0.00648184303006638,-0.25217987233940825,-0.19624349544581596,-0.12646845540246557,0.14812772434237265,0.21347050339073545,-0.1746192893401015,-0.03443648447274263,-0.0978651515272255,0.1797209317151304,-0.03165695798038075,-0.22775382702866387,-0.09451505709663795,-0.12751237160229184,-0.03277418737897345,-0.14209372933085768,-0.15277833116846895,0.5133724868315152,0.15226195124672282,0.5707161583883846,0.4150068930344492,0.3150347839252843,0.3227342635609496,0.3573492497350365,0.32267210671851715,0.45536421519017606,0.39783407310600927,0.4142482608037358,0.3900517176804341,0.07051773462215812,-0.08558837826423032,-0.19739738144379188,-0.16845141805257832
#52,0.4971511447218481,0.2821171576791591,0.38797822916749675,0.3934320936496426,0.3761429288622907,0.08614938361131255,0.24200686912797137,0.5093099793607407,0.005429958004287228,0.5320992278207651,1.0,0.3109467762114608,0.29703161233255504,0.09636382471770434,0.029274279020471913,-0.002438460741578943,0.38631115077815587,0.3023101626437377,-0.03436157750878563,0.055440715919323605,-0.01325215755962674,-0.07245097179832495,0.25049845006335214,0.12779287427583294,0.262446907697089,0.16361752822956593,0.06407732948704667,0.07449099124226027,0.10328235940998813,0.07471252460375014,0.22086238634461985,0.11027261353584776,0.32679995856210503,0.38794794762887586,-0.056522882483723676,0.12859135063631075,0.1073671795934305,0.07710795368518356,0.14228338738853605,0.025849277625927373,0.1520451991808047,0.0607670791862235,-0.034614986174086974,-0.028357864035891592,-0.1338252755221573,-0.008011857613017873,0.12237726015826088,0.036672537035118614,0.00320346803305469,-0.07074883057479142,0.052476312664855085,-0.029628094892779448,0.04743363960187746,-0.07102136442237965,0.1173377746256644,-0.013846631975711019,-0.1856593008152109,-0.26368048195459365,-0.1502028066205006,-0.09632876188351171,-0.11815378240323852,-0.2146961088222872,0.1655937970658783,0.07608953772840647,0.11925348038473492,0.06772227047789049,0.2292009658217055,0.009648654463737857,0.14913657770800628,-0.0244053263632669,0.17529663954609567,0.1771183131589223,-0.01856577070500203,0.10765883862330562,-0.19092350723967838,-0.14385483986644249,-0.1763692435193523,-0.16816135278789376,0.33698252436468534,-0.026756130019364246,-0.11769796555873423,0.10916972802397022,0.13353521025747275,0.09662998350453028,-0.034723362207046034,-0.12345942672266096,-0.19219373809656623,0.18546326769677024,0.15618739491110775,-0.044056451163050146,0.016162372797615728,-0.04700332300042235,-0.10998254827116322,-0.20676393946879806,-0.17517073209604028,0.2992118831132609,0.11990851787806102,0.36562726613488034,0.26408689207819014,0.278754313127047,0.2878977440253727,0.18641474551554318,0.18681637434356796,0.3354317908342564,0.317822279243599,0.32956514116775176,0.359231486425105,-0.12941373347464719,-0.2416355218385675,-0.2781980890755365,-0.14285236156157113
#53,0.19855604873733954,0.10065583437592139,0.2461012519025572,0.18715584632916032,0.7508116249233,0.6259401222417901,0.12629792252707409,0.13772521894349304,0.22410410474224832,0.15857007387101657,0.3109467762114608,1.0,0.8023077719959518,0.4588051542366263,-0.0010502912605885775,0.050710420833698575,0.29579325677947865,0.2685621847333232,0.08216178310449522,0.16595717552932926,-0.166860840392385,0.0006311310154674912,0.21372072452565563,0.15783534811816174,-0.046552287451489774,-0.26549418674146735,-0.17922527074086175,-0.23517758528635976,0.45822821123763835,0.30025101801751547,0.3282391285291938,0.2493413765349951,0.28191474949995615,0.30112758887233143,0.1934751253097881,0.16159504020272694,0.30847484640087974,-0.04769182956275052,0.03450661014112791,-0.12674258301524435,0.17972411924551157,0.1306489014973424,0.22561977543848466,0.1146969057048825,-0.07990341782945119,0.04107611025667588,0.13499828670242014,-0.005339113388424483,-0.1981528261441242,-0.26488536843866795,-0.09064539521392313,-0.13241319956330833,-0.17163576090334612,-0.20185673644701926,-0.07143574337192901,-0.15065543593462374,-0.31710189737745936,-0.25009522747013685,-0.33240044944178376,-0.2530054427081258,-0.1399007084286272,-0.09251328801727642,0.35737156244770457,0.23251440365290982,0.05527974563507559,0.0027125883543577525,0.5035931436221501,0.3141167751755134,0.32650670576703933,0.2960594155663046,0.4433982261393429,0.30223047438420897,0.46942281793623347,0.43480942552733703,0.29660767079186223,0.13189681964156222,-0.07802436866976388,-0.29126855740343777,0.48432611623329536,0.27232825187865073,0.12872044561674728,0.4485747754783288,0.280776801153886,0.5025651650742297,0.6167233781446979,-0.08738773916438891,-0.10005339113388424,0.2231303142108073,0.22074126019013618,0.4807369570241216,0.2829299779263521,0.20464104423495286,0.23806867534206186,-0.23627250197228442,-0.12829969160643562,-0.02114448278335153,-0.11066467977272908,0.17173776187554288,0.11753221397891449,0.10358198726581613,0.12115165472670911,0.33085768473730764,0.27440652168715984,0.1617910733211676,0.20844217421447298,0.21644606300153799,0.2804468917594371,-0.08361210942791798,-0.047078229964379346,-0.27555562638956405,-0.22811242419654312
#54,0.18528795352580704,0.14252245216712223,0.386389245272494,0.346231143765589,0.5808923491302026,0.716238076644168,0.2099642199714716,0.06491883750767,0.1091521966068739,0.3090023826789599,0.29703161233255504,0.8023077719959518,1.0,0.562752113731084,-0.005909681326650144,0.07157121341312785,0.4789360023587725,0.41597908980069964,0.13259807632541498,0.07142618078078557,-0.22742551139940553,0.013054530675995506,0.1453386352588673,0.1196041087266613,0.00020559570958410698,-0.3301229589844528,-0.20616149622676092,-0.1854776115834854,0.5287156643211756,0.3833164659850664,0.49490234203794753,0.3339256827291635,0.44143470742455515,0.43872371283538797,0.329152355983393,0.18075528532381324,0.4164094064021548,0.06468933532022728,0.08605535146506865,0.07551737602499024,0.16880045262931412,0.07732151822072054,0.1831618707615807,-0.00033628445521121373,-0.06806333622867343,-0.08967797974324443,0.20841508020623323,0.05855812063208728,-0.19530317398337702,-0.33257576361274693,-0.015209301213652193,-0.02082732351042721,-0.06964116376734215,-0.013190000717194336,0.014933579835682808,-0.05217668480902709,-0.44092789009395245,-0.2778123978994175,-0.3749205109611201,-0.22994844169608492,-0.23867908741005187,-0.10968292041533521,0.3642263465323654,0.21337647124449155,0.2517431806771908,0.19730016176716683,0.49733283395357364,0.317350524747189,0.2804452979942465,0.32298926599144145,0.46906740829873533,0.4144713879304162,0.38648805871430963,0.5260971081130617,0.3415486616356812,0.1743834120918965,-0.1213524691407215,-0.328275785128577,0.4647483046322785,0.2733785431392393,0.009886125477133453,0.39353568838702996,0.21885105467411486,0.5321693534891504,0.604097570304967,-0.17842520061519337,-0.1259903258452932,0.1679159129485453,0.2037708484408992,0.47190431033795793,0.32298448469586977,0.10171250069727227,0.25624875487094484,-0.3276844982428739,-0.20365290981679668,0.12073886954235033,-0.07202543649244157,0.34679852417343354,0.2347488624500952,0.291776968499231,0.28768258572464517,0.5243312162819052,0.47120464741929574,0.35097578273792923,0.3214385324610125,0.418854242204496,0.4370072277251393,-0.15499047725298631,-0.07074404927921969,-0.4032401246324379,-0.28052498625377525
#58,0.1821004231446581,-0.0018152985520643243,0.09376758122225852,0.05449401939612237,0.3488162309047008,0.3212329367514284,0.29102949262485156,0.15529010510881433,0.3235247710954745,0.016973599279618133,0.09636382471770434,0.4588051542366263,0.562752113731084,1.0,-0.17719162635768873,-0.08574934854847835,0.10568256978699328,0.057418578520826526,-0.11677676927858219,-0.042258684028082145,-0.2549052108152906,-0.07201587390129813,0.19859908039748503,0.18363840655356245,-0.08160396528779415,-0.1268158962140108,-0.1910271019770657,-0.2696395700021516,0.28497796619624033,0.3302361163129836,0.09510156268676936,0.1707432523966244,0.1378734391062165,0.1757317374431225,0.23247615328833604,0.17253942576640183,0.3418737897345584,0.16312346102048786,0.09900469363848624,0.04682482129907801,-0.023812445712373197,0.14309302010534788,0.2110702930137303,-0.030976420244005452,-0.03584856043159161,-0.08799655746718836,0.21210145909203196,-0.01393269529600204,-0.1372343392647961,-0.2045071679589446,-0.06212656089378352,-0.07536596833188566,-0.1728964291690905,-0.07719561077066515,-0.053619042306496986,-0.0624022822717529,-0.17437225573556248,0.08250922391604044,-0.07337535560885815,-0.06721864067766896,-0.07809927563372088,0.009994501510092518,0.3172373674186582,0.18302002565961956,0.09491349839428156,-0.0028815274645586464,0.4727984126098702,0.46336172891647875,0.18704747029620125,0.3314234713799616,0.35802978747141184,0.24270653204663356,0.3502091816812629,0.3510618460582202,0.360740782060579,0.19123907274741211,0.0089155224760736,-0.07675891910844775,0.2776179585461674,0.25858840217070816,-0.1791838328459068,0.19529998645299587,-0.05906015666711823,0.3432093649642598,0.4527058148522978,-0.029781096351074596,-0.03110073392887026,-0.13592267051295331,-0.057531735849357314,0.5053925045223088,0.3189936966586713,0.22831483237574607,0.269402098988756,-0.16811991489293882,-0.08932416387093689,-0.07180868442652344,-0.018610396130338117,0.0434412577994884,0.0470686673732359,0.09820462351281786,0.18749213078437155,0.06962203858505527,0.1284702244818271,0.05298950505622007,0.12006311310154674,0.17015196551092127,0.1951230785168421,0.0023492098909067725,0.03704547808971304,-0.14320617743387867,-0.04770617344946569
#101,-0.22242905752695455,-0.1414195666552447,-0.20998015762337735,-0.18051781431041763,-0.17500498051622054,-0.05667588394201882,-0.14557132497669117,0.06637872642223622,-0.00013228251081768124,-0.13057877582895713,0.029274279020471913,-0.0010502912605885775,-0.005909681326650144,-0.17719162635768873,1.0,0.36228673429543623,-0.12638079831698396,-0.13699368072101936,0.2594378790172844,0.1944807911450406,0.7114854688458749,0.3160085744567253,0.13984333288176654,0.25308513096765456,0.40010837603295907,0.25266597072253344,-0.04673875797878699,-0.2128425599056491,0.3025428523615616,0.2013307939341297,-0.14024814924017245,-0.1298679565539609,-0.11523878586967783,0.014807672385627425,0.19973543497836463,0.050648263991266165,0.31774737227964206,0.16490369673835953,0.3037078947158715,0.02741276127788093,-0.08813362127357777,0.06766170740064867,0.3228235144116217,0.3622692028783399,0.1963343400616787,-0.018763397588633268,-0.19347193777940697,-0.14746153049271252,-0.2523057797894636,-0.23053175975583517,-0.2971830200256596,-0.2775382702866387,-0.2883615296958299,0.08284072707567994,0.362677206767127,0.3392329208137765,-0.20207348851293738,-0.23132226729036012,-0.35284845683685423,-0.43780251655523594,-0.47138474288583065,-0.48390854975336484,0.23659444254078046,0.22912605885774848,-0.3441799679653197,-0.15168819577811601,0.024424451545553793,0.0732845109929954,0.3398879583071026,0.11993879941668194,-0.01267840209101993,-0.09948760449123031,-0.07530540525464384,-0.2486544637378575,-0.008553737777813195,-0.24421104638653587,-0.4206663532261792,-0.42535521041684926,0.2189546494115022,0.08634222919937205,0.13472256532445076,0.13129437639952507,-0.22532014758265664,-0.24437042290559333,-0.10223844321016184,-0.4292296535951358,-0.34815003705504066,-0.04008478830813856,0.20226952163137804,0.169194112631386,0.016895504785279986,-0.36936145797639636,-0.2820024065854378,-0.23160276996390122,-0.17361362350484902,-0.05053829419311653,0.05012869653913889,-0.19311971567229,-0.11841994119006446,-0.27593016120934905,-0.08740845811186639,-0.17759325518571348,-0.23528277378893767,-0.0997123253831013,-0.07469339942146323,-0.17633896198073137,-0.047279044378391734,-0.4513957398656456,-0.3651618866992326,-0.2688267497549586,-0.22439735753731402
#102,0.047943644462861285,-0.10010598538517321,-0.04605662647722111,0.07523368582106799,0.011808206296966267,0.10237710078174182,0.14519838392209675,-0.1501470248388305,-0.004626700348237694,-0.06410601726047702,-0.002438460741578943,0.050710420833698575,0.07157121341312785,-0.08574934854847835,0.36228673429543623,1.0,-0.13670839675190655,-0.04238937277370925,0.2016033277817179,0.7724884252803035,0.11321789160802939,0.7472431846616038,-0.20079369506490607,0.3994087131142969,-0.16139900708428628,0.0029723720804213914,-0.3288909784921388,0.009768186853030943,0.20012271991967423,0.14362055638342802,0.18240961359162955,0.1759819585780427,0.06170102558790014,0.04454095578098479,0.3467252109746671,0.04342850767796381,0.20963271681183213,0.266877574926886,0.08506881081210305,0.20351265848002614,0.16604802014519202,0.28780689940951,0.2406999816717003,0.5599550558216257,-0.036589661245208745,0.3922399572870929,0.0077313549394767665,0.046172971336133045,-0.3817115444381579,-0.23666616197435633,-0.013427471730589932,-0.02568033851572648,-0.12605088892253505,0.2883487795743053,0.08106208512299883,0.6064037485357282,-0.476754137812876,0.050828359457801085,-0.4251559897680275,-0.4765373857469579,-0.511421718238252,-0.4732669795758991,0.33845675716596674,0.5279920949246547,-0.3293738893448828,-0.23173983377029062,0.21556152332076914,0.21623727976157273,0.45899481229430467,0.3995824335200695,0.3123811648829778,0.09841021922240197,0.33250563794436166,0.07906509733920901,0.05050323135892389,-0.05604475292655133,-0.23687813274470274,-0.463184820980325,0.25768633107284306,0.40594793169122395,0.030946138705384537,0.060528014407637325,0.04924575062356063,-0.3047183418466957,0.25319828829618535,-0.5287156643211756,-0.4981647793830535,0.09520993871972842,0.29933460303293513,0.14827116320952435,0.1713488831690427,-0.38997681071647716,-0.0831674489397477,-0.3623425160771064,-0.4099419072588036,-0.3656081409525935,-0.14163791248635338,-0.13635776840998015,-0.012321398688331249,-0.13808062858099115,-0.18239048840934266,0.1017603136529895,0.030393102184255193,-0.09992748368382887,-0.023007594291133086,-0.08889544103467237,-0.11774896604483262,-0.5079967168437074,-0.3462693941301628,-0.34058443369538366,-0.41590577660193323
#201,0.3080493110949964,0.26605200455816846,0.781059694475213,0.563950625154396,0.24685988413327065,0.4239829785877647,0.1520069488162309,0.2506514515216473,-0.058929467921491126,0.6156188988676299,0.38631115077815587,0.29579325677947865,0.4789360023587725,0.10568256978699328,-0.12638079831698396,-0.13670839675190655,1.0,0.7525854855804094,0.11564041469770259,-0.1765684641681741,-0.21127110742774266,-0.12447306138386631,0.13830216194248102,-0.19477245017491573,0.312481572089984,-0.16693734112153255,0.07571022161304974,0.12665651969495334,0.26047701392153894,0.07671429368311167,0.6345751420443226,0.12551379005331145,0.6933834838113301,0.52179234833332,0.08240403541346253,-0.2150833937635968,0.1983392966714214,-0.15367880850114352,0.18966921403469628,0.25329550797281036,0.26912956514116776,-0.15501119620046377,-0.24179171082724382,-0.2491230307038864,-0.1551355098853286,-0.18521942162261235,0.2907346460645953,0.1520133238769932,-0.05027532293667174,-0.23801767485596348,0.08879822135804732,0.10105427567356501,0.07867143733713712,0.24720254364924416,0.2812597120066301,-0.05680338515726478,-0.35751818884523745,-0.5433894604307947,-0.3055566623369379,-0.21986309557012965,-0.019649531034592674,0.12041055391309198,-0.10380352062730598,-0.08026201499733045,0.6356684649650567,0.47457386703217014,0.0029899034975177105,-0.10856090972117077,0.15849676067225016,-0.03884483898987162,0.42189355242292154,0.560130369992589,0.08036082843914606,0.4101602530899123,0.11971407852481095,0.1413924726470049,0.021883989831778083,-0.18289730573994534,0.1426499533823682,-0.11202894277586083,-0.07862999944218219,-0.06033995011514953,0.11269513662552096,0.2734741690506738,0.008866115755165792,-0.04827196009211963,-0.09864131517503526,0.20107897903401892,0.026325813417909138,-0.1266087067392361,-0.0688952816581533,-0.05714763843842886,0.0891615998214983,-0.21053000661412555,-0.18682912446509256,0.7017985640175632,0.14016846098064373,0.748275944505096,0.49000788913769333,0.4613121468814,0.4351584601040729,0.6857079106535234,0.6165082198439704,0.7159113547801003,0.5938082222346182,0.6748272756974715,0.684480711456781,0.05645435058052897,0.04441026703535768,-0.3523655459841102,-0.2670289826199906
