,#10,#11,#12,#13,#17,#18,#26,#49,#50,#51,#52,#53,#54,#58,#101,#102,#201,#202,#301,#302,#401,#402,#501,#502,#601,#602,#701,#702,#801,#802,#901,#902,#1001,#1002,#1101,#1102,#1201,#1202,#1301,#1302,#1401,#1402,#1501,#1502,#1601,#1602,#1701,#1702,#1801,#1802,#1901,#1902,#2001,#2002,#2101,#2102,#2201,#2202,#2301,#2302,#2401,#2402,#2501,#2502,#2601,#2602,#2701,#2702,#2801,#2802,#2901,#2902,#3001,#3002,#3101,#3102,#3201,#3202,#3301,#3302,#3401,#3402,#3455,#3501,#3502,#3601,#3602,#3701,#3702,#3801,#3802,#3901,#3902,#4001,#4002,#4101,#4102,#4201,#4202,#4301,#4302,#4401,#4402,#4501,#4502,#4601,#4602,#4701,#4702,#4801,#4802
#10,1.0,0.5871478775032074,0.568272916351234,0.7172899616699472,0.2396720031237798,0.2074476647355545,0.2436341033875479,0.7563037397700196,0.19683000103594736,0.7032871407055599,0.6493955645514746,0.055499685231374864,-0.051666679948043255,-0.25873502856824104,-0.10863900421550893,0.2714198057200233,0.48948035285961317,0.18216576751747166,-0.088705782976994,0.04685988413327064,-0.11838487835587183,0.27146443114535934,-0.21584361975950084,0.07935516260389357,-0.20062156842432405,0.17637243104973344,-0.0993632908063655,-0.08067161265130808,-0.17249480034106576,-0.2077281674090956,-0.22713544613472098,-0.41827889297069865,-0.22763748216975194,-0.40029484656025627,-0.18798619799344962,0.045506777486472916,-0.20663484448836153,-0.06298560033150316,-0.3753635776840998,0.1456892636007937,-0.12829172278048276,0.00852345623919228,-0.22060579014893736,0.035317836623130316,-0.27645769748742915,-0.07312354070874738,-0.37212185928647135,-0.35177266533321644,-0.19473419981034193,-0.14240770107340087,-0.29504737467028985,-0.10701973878188527,-0.008682832758249727,0.09010829634469954,0.03604778108041342,0.1781781670106543,-0.0998127325901075,0.22088310529209731,-0.11250229103746145,0.08003888787065001,0.12130624995019484,-0.07110902150786125,-0.25837643140036176,-0.23776267242547156,-0.03847030417008662,0.16301827251790993,-0.22001290949804364,-0.22431288798221358,0.12619114025930558,0.0816693096606077,0.4321095872945039,0.33761206161496227,0.2402186645841468,0.1432157400250221,0.08626732223541506,0.10945660575827364,0.08722995641052204,0.14678896158229007,-0.3459060156667118,0.09561953637370606,-0.10539409828749931,-0.21830758074412895,-0.31109659013937474,0.09175624955175354,0.106136792866307,0.032498466001004075,0.028526803146092485,-0.2912653698730566,-0.1381459729538047,-0.10589135302695854,-0.14120281458932654,-0.10830112599510715,-0.02875630533353521,-0.08648407430133319,0.037338730884778744,0.08457952489859669,0.20780148060786205,0.14116934552032448,0.003997163097960777,0.1318474129206544,0.06618428706898613,0.18881973718812006,-0.16168269728820853,0.06969375801863112,-0.1338332443481102,-0.018484488680282733,-0.31395899242164654,0.06570775127700436,0.133657930177147,-0.0182868617966515,-0.004513543019706906
#11,0.5871478775032074,1.0,0.3637354668536685,0.4399461307365586,0.0027779327271713057,-0.01566033676258477,0.5610324410904541,0.5919753922654575,0.5512961295412346,0.616981568105571,0.6148969232362996,-0.1667429017682825,-0.06126911522125445,-0.06033516881957781,-0.06179027643857231,0.3828749930272773,0.2197037190510722,0.24492345942672267,0.10024464295675319,0.173902095004343,-0.11164006406936067,0.3105833977480098,-0.17471810278191713,0.24379188614141478,-0.12883997800604036,0.30064627178477793,-0.12090462112217007,0.013306345576106273,-0.1927898062778411,-0.25517615089768825,-0.10268788499390384,-0.3091665404935891,-0.17063009506809362,-0.30630254444612676,-0.23465483030385134,-0.13680242889815045,-0.09777271314617217,-0.05731657754862976,-0.2808708333001299,0.3648351648351648,-0.09805799711528501,-0.21524755157822598,-0.3877200392066237,0.07038704587653101,-0.2931460127979345,0.03825195833897792,-0.47152977551817293,-0.3481117866904669,-0.3761238036800038,-0.2670704205149455,-0.5033142347137997,-0.12516156794619449,-0.27743626931444193,0.25549331017061255,-0.08131390002310959,0.2526245328275785,-0.39448397867542173,0.24042107276334979,0.045388838862370405,0.12500219142713703,0.0007825387085720661,-0.16248117364868633,-0.17943246021563644,-0.08290607144849349,0.21095872945039007,0.28395955023946323,-0.12146243893887114,0.11331192375427328,0.19070675517376026,0.1476559698459626,0.3998581548980389,0.401936424706548,-0.006456342787017189,-0.07817099506729673,-0.2244117014240292,-0.16593167528628008,-0.08155137103650519,0.04523583740407526,-0.1292639195467332,0.35302217724262686,-0.1978962299484417,-0.4292184972388018,0.004712763668528716,-0.06135836607192662,-0.14064659053781606,-0.0530436930726996,-0.06036385659300815,-0.48484568368542263,-0.28637091697280237,-0.4718915602164333,-0.35411231263297976,-0.12907904278462654,-0.06422873718015125,0.1292623257815426,0.13186335057256016,0.12411287045079648,0.3929826518659006,-0.048466399445369714,-0.12935317039740535,-0.32446509255791345,-0.1746145080445298,-0.0006486624325638103,-0.1363673310011236,-0.24700172923523178,-0.25321581971328166,-0.21030528572225454,-0.2331965351544757,-0.11420921355656671,-0.15578576608308298,0.08106846018376113,0.16894389149646583
#12,0.568272916351234,0.3637354668536685,1.0,0.5983090151328004,0.02103132545482074,0.32045677310361864,0.29672401565077416,0.1685709504418714,-0.15234482703663269,0.5214496888173465,0.43140673684546055,-0.020704603590752973,0.24155423981384821,-0.13996924033182193,-0.5233924885846568,0.23477914398871613,0.5749906366295053,0.7568440261696244,-0.4498657252826941,-0.3565443983137964,-0.15165472670911395,0.1674218457394672,0.13131987664257425,0.4906836455784969,-0.1562399891623967,0.03297978308855756,0.3379738463132227,0.27675891910844774,-0.03457354827913203,-0.24969359864211205,0.21237877423519194,-0.05416889129724518,0.1950178900142642,-0.21538142785423423,-0.43916040449760535,-0.37823235502713387,-0.5274773087680992,-0.5381969734399031,-0.18096566232896907,0.10568416355218385,-0.09762927427902048,0.11154762568830734,-0.25450836328283755,-0.4172381643012535,-0.2970268310369833,-0.007892325223724789,-0.2632916032480935,-0.32225932153415837,-0.12964482942728048,0.09257863239008997,-0.26693176294336557,0.13781446979416523,0.21872514722405947,0.46216799878873843,0.4114065774689415,0.23871096271386336,-0.0030966857652862004,0.08618763397588633,0.017142538389819027,0.06314178932017946,0.07915275442469061,0.13999314680968053,-0.31514794125381507,-0.04938759572552176,0.4188351170222091,0.5242563093179482,-0.2757293467953366,-0.05708707536118704,-0.2850911235247711,-0.29034576735809514,0.39856083003291126,0.4243559196423591,0.014845922750201213,0.40062634971989575,-0.004234634111356374,0.29598132107196645,0.0710867087951932,0.35468925563196774,-0.053007036473316387,0.19235630214600483,-0.013067280797520101,0.019831220266318162,0.05371944951350317,0.004068882531536628,0.026445345807202224,-0.002919777829132434,0.09885647347576282,0.01741347847221669,0.11837531576472839,-0.20544270812581183,-0.2897401365856768,0.05315366287084924,0.04740654559363769,-0.20174517288367905,0.007267569269019595,0.5462662065997816,0.12471371992764306,0.5260014822016272,0.3387978229167497,0.22796898532939142,0.3648845715560726,0.6034297826901163,0.23175258389181522,0.17376662496314418,0.28166612213022657,0.07431408330610652,0.20149973304433058,0.026088342404513545,0.2181131413908789,0.010952354389627775,0.06709432699280415
#13,0.7172899616699472,0.4399461307365586,0.5983090151328004,1.0,0.25367004279259536,0.3990692411287045,0.26486624325638103,0.3485277594052068,-0.09462183936440645,0.8095068093617768,0.43291443871574403,0.15284526930647307,0.2074476647355545,-0.09505215596586154,-0.06864506052323312,0.12461809401620859,0.4381292384193037,0.1815266676760513,-0.09428874243957638,-0.07085242531217875,-0.16595080046856697,0.06957103809895689,-0.22508745786483278,0.010941198033293754,-0.15963311525312976,0.03586768561387851,-0.031677676927858216,0.029926128983416872,0.07795902429695033,0.06880762457267171,-0.16313142984644072,-0.1354620723728773,-0.0789662838973934,-0.14258142147917346,0.0359617177601224,0.19084860027572137,-0.10468009148212194,-0.04153670839675191,-0.12527472527472527,0.2005434739299859,0.15470838081425464,0.2139789144865287,-0.1288367904756592,0.0346627991298042,-0.42012447306138384,-0.1436476503916678,-0.22039541314378153,-0.17647283825673962,-0.10162484361179068,-0.07719879830104631,-0.17028584178692954,-0.019660687390926693,0.021447298169560678,-0.03417988827706014,0.002744463658169242,0.06123405238706182,-0.19395325486696044,0.034898676378009225,-0.10833618882929978,0.03348819418435082,0.08021260827642264,-0.0505462630190694,0.07808652551219629,0.05953987998948115,0.06453314633155097,0.17084525336882117,-0.01576393149997211,0.0005275362780801505,0.05394098287499303,0.02061375897489023,0.22059463379260333,0.261345615950402,0.07677007546478178,0.022896030727792876,-0.08990110686992485,-0.0203970069089721,-0.061017300321143685,0.036412753309054975,-0.13486122289603072,0.11200822382838337,0.08848424961550415,0.015956777088031622,-0.11032998908270844,0.06161974356318084,0.1563292400130689,-0.025428523615615713,-0.018836710787399694,-0.08343360772657364,0.047369888994254476,-0.020376287961494634,-0.024150323932774984,-0.02485795567739005,-0.07212584369944776,-0.1914016367968507,-0.06074636023874602,0.13164819227183258,0.1452398218170517,0.28648726183171436,0.09619488560750344,0.19932105602881528,0.20587621225764807,0.25119333168644264,0.033397349568488076,0.08168524731251345,0.0895552598235702,0.05780426969694555,-0.060875455219182556,0.054050952673142666,0.035142522452167126,-0.053289132912048065,-0.022526277203579595
#17,0.2396720031237798,0.0027779327271713057,0.02103132545482074,0.25367004279259536,1.0,0.43789176740590807,0.034728143502617756,0.18403206655563437,-0.06250587700914025,0.11686442636406379,0.014633951979854808,0.5874299739419392,0.04581437416825379,-0.07197602977153376,0.06445505183721283,-0.17568711201778642,0.14860266636916383,-0.11707320960402903,-0.15518810413661754,-0.060178979830901515,-0.11695367721473596,-0.2237502888699408,-0.0986014710452709,-0.290814334324124,-0.005407645291619185,0.004623512817856545,-0.2905720820151567,-0.22463323478551905,-0.00933946401676641,0.20468566966028895,0.025120926933834838,0.15768075289467604,0.09978563858186773,0.14312011411358763,0.25253687574209693,0.31548900700459803,0.23699607136880524,0.14878435560088932,0.1869502506195762,0.04345560168620357,0.1305676194726231,0.0474432021930209,0.015142363075648065,0.1847540421869646,-0.13989433336786491,-0.003789973623186096,-0.035630214600482914,-0.0430730980404657,-0.06380160810907728,-0.2733020424100917,-0.0022169273800890913,-0.21586115117659715,-0.28122464917243745,-0.2871805496896142,-0.3742750360589374,-0.20443544852536877,-0.10737036712381165,-0.07485118217533011,0.09559722366103802,0.08867709520356366,0.09661563961781511,0.07124130401867892,0.22232386902437665,0.16485110248707058,-0.2475802659994103,-0.2898453250882547,0.028668648248053614,-0.038618524332810045,0.01766051207675573,0.07488943253990389,0.0271211022480058,0.039351656320474306,0.19770497812557275,0.14808469268222713,0.2496218792085362,0.061026862912287136,0.1455777000374535,0.02002565961956825,-0.24057088669126378,-0.10564591318761007,0.36201260668265745,0.1914653874044737,-0.13805672210313255,0.29916088262716256,0.6553849341376535,0.17484082270159138,0.19913617926670862,0.13546366613806787,0.07822518308377627,0.4605312019380185,0.4250858640996422,0.21688594219413654,0.2164014375762019,0.1009618372925117,0.14930711058339774,-0.24888715345568138,-0.018242236371315414,0.083548358820295,0.08368701639187498,0.20830032911251187,-0.0024018041421957305,0.1571962482767414,0.35245798436516346,0.2627640669700133,0.10358198726581613,0.2099195945461355,-0.010614476169225989,0.1099076413072062,-0.0015857963646216003,0.05537377778131948,0.05781542605327957
#18,0.2074476647355545,-0.01566033676258477,0.32045677310361864,0.3990692411287045,0.43789176740590807,1.0,0.20690737833594977,-0.03767342157479939,-0.2599622277649834,0.24724557530938968,0.05966100614396481,0.5243997481850999,0.3669054658177211,0.06900525145630294,-0.08457314983783439,0.040159695272095564,0.1774737227964204,0.2630158818701241,-0.17193698252436468,-0.15358637012009022,-0.34291451840400355,-0.17453641355019164,-0.12806540812342118,-0.14758743794276788,-0.22043047597797416,-0.16749834646861478,-0.1904597215692212,-0.20586505590131407,0.33900341862633376,0.3282231908772881,0.13705265003307063,0.27876387571819045,0.1851779837276574,0.10992517272430252,0.16924192558710324,0.2837794547729283,0.09124624469076971,-0.02595924742407701,0.15085306281825497,0.1926511487062611,0.17283905362222984,0.31301548342882646,0.07480655674999402,0.11107746495708787,-0.17409812812278366,-0.05016375937333153,-0.0890117858935843,0.0004972547394592355,-0.008360892189753683,-0.15605829993067122,0.06699551355098854,-0.23074691805656272,-0.04263481261305772,-0.20575349233797385,-0.20150929563547404,-0.10951876260070603,-0.19112591541888133,-0.2343249209094024,0.014978205261018894,0.14101475029683877,0.07372917148116569,0.015016455625592682,0.26152889894731807,0.22604371697917747,-0.17693503016200623,-0.15896532763827906,0.17559945493230483,0.056341193251998184,-0.04968403605096861,-0.04003060029165903,0.109496449888038,0.18927236650224322,0.18590155312417822,0.23722716732143853,0.16895186032241868,0.10679183035963312,0.10693208169640367,0.05290184797073847,-0.09908916319358668,0.11004151758321447,0.331186000366566,0.5283634422140586,0.1467682426348126,0.25209859031468895,0.507998310608898,0.08095052155965861,0.020943668369339145,0.12907904278462654,0.2322099945015101,0.3796157432125525,0.4690180015778275,0.219592155487732,0.1484177896070572,-0.13360533592585805,-0.03887033923292081,-0.03934049996414028,-0.025701057463203947,0.08596769437958705,0.20180892349130203,0.28769852337655094,0.3133597367099905,0.48597885073592106,0.42554327470933706,0.055914064180924226,0.21155001633609322,0.11489931388408546,0.15377762194295913,0.07984126098701878,0.0930950123118361,-0.024172636645443026,-0.0313668927156962
#26,0.2436341033875479,0.5610324410904541,0.29672401565077416,0.26486624325638103,0.034728143502617756,0.20690737833594977,1.0,0.2703073576170023,0.34574185785208267,0.4893225701057463,0.39823570193403407,-0.03750926376017021,0.4324857158794795,0.5083186574122035,-0.022750998095450597,0.3760441154204751,0.10420514945533074,0.3535289945732295,-0.08911378686578106,-0.03936918773757062,-0.16173051024392576,0.142335981639825,-0.20630971638948434,0.05168102383475842,-0.16654527488465123,0.052600626349719896,-0.09842934440468885,-0.25623600474942027,0.08135852544844568,-0.04162914677780523,-0.06265409717186367,-0.15749587613256938,-0.16733737618436675,-0.12112456071846935,-0.13081465307716214,-0.17398018949868116,-0.15416331311907816,-0.12545003944568847,-0.21528102064722804,0.311616157591502,0.12686849046529974,0.05356963558558917,-0.14737706093761208,-0.057216170341623566,-0.256776291149025,-0.15898604658575652,-0.3417303508674067,-0.3143972778490545,-0.30341782945118695,-0.36180063591231104,-0.3299492385786802,-0.43196933595773335,-0.2992071018176892,0.1554048562025357,-0.0825936934711409,0.31914510435177584,-0.3158189163990469,-0.054398393484687904,0.016873192072611943,-0.008588800612005834,-0.06975910239144467,-0.089679573508435,0.08256500569771055,0.2560925658822686,-0.018784116536110736,0.11718636693255982,0.32924001306887457,0.5099379228458272,0.17094725434101793,0.2404258540589215,0.5034162356859964,0.5724645188024449,0.259911227278885,0.15264286112727013,0.06452039621002638,0.0702133254707584,0.2241359800460598,0.2625823777382878,0.11606754376877655,0.41060650734327314,-0.044317828654304364,0.031499175226513874,0.36570057933364675,-0.022322275259186064,0.008936241423551068,-0.1347496593326905,-0.09499637418419145,-0.1683462295500004,-0.015617305102439258,-0.260948768417949,-0.16499454135422228,-0.020773135493947676,-0.17866426539377953,-0.10647785861708994,-0.13604060913705585,0.1432045836686881,0.24831180422188398,0.07749683239168373,0.015108894006646001,-0.16196957502251194,-0.031441799679653194,0.06080054825522556,-0.09604029038401772,-0.3188869143909028,-0.08162468423527161,-0.17640430635354493,-0.035980842942409295,-0.07914319183354716,-0.01159145423104814,-0.06949613113499988,-0.06767445752217326
#49,0.7563037397700196,0.5919753922654575,0.1685709504418714,0.3485277594052068,0.18403206655563437,-0.03767342157479939,0.2703073576170023,1.0,0.5067089545697232,0.4763190399158492,0.611899050912829,0.04740654559363769,-0.23556965152324108,-0.1919594546135518,0.12302432882563412,0.3920550805249863,0.1408123421176358,-0.08192271832590904,0.1286646638350772,0.2950920000956259,-0.05467092733227614,0.3822629871940967,-0.29141837133135173,-0.006148746105236315,-0.11753699527448622,0.2821554080437329,-0.3839730972435831,-0.2684458398744113,-0.2929706986269713,-0.2878754313127047,-0.38328937197682666,-0.502627321916662,-0.3651443552821363,-0.5334762409454216,-0.17592458303118202,0.06063320291021524,-0.049542190949007484,0.09251169425208584,-0.5108224625265959,0.05843858824279419,-0.16912239319781017,-0.12793471937779408,-0.17572217485197905,0.104114304839468,-0.18505845133836432,-0.08675979567930257,-0.4692698164779383,-0.3421128545131446,-0.2722836264533146,-0.2995306361513758,-0.3262150467371642,-0.2644630206631657,-0.21709313166891123,0.0219078963096367,-0.18841332706452357,0.19336515551163846,-0.14381180820629696,0.31563563340213086,-0.14596817250914423,-0.03502458382806461,0.027591262979225272,-0.20888205340707153,-0.20624596578186136,-0.23102742073010382,-0.23127126680426172,-0.016014152634892302,-0.12044880427766577,-0.16499135382384114,0.3496210823259409,0.3145566543681119,0.4433296942361482,0.26051207675573157,0.37155926017419855,0.037726015826088345,0.10226394345321103,0.032001211261544836,0.2114878594936608,0.09959916805457052,-0.3097418897273865,0.12404752607798293,-0.0917211867175609,-0.33738096566232895,-0.24003378782204018,0.13122903202671152,0.07673501263058914,-0.01203292718883727,-0.0719425607025317,-0.445454183235184,-0.26530293491859847,-0.13424602953246897,-0.16624724079401382,-0.21482839133310488,-0.22289921825817402,-0.0018296424387794945,-0.009331495190813537,-0.18425997497788651,0.2958426635003865,-0.20621409047804987,-0.2538533257895114,-0.13144897162301078,-0.18905242690594395,-0.15069846759476926,-0.32591382511614564,-0.06740032990939444,-0.3878953533775869,-0.11096430762855708,-0.5272972133015643,-0.0032592498147247964,0.014485731817131382,-0.07216090653364039,-0.08005641928774633
#50,0.19683000103594736,0.5512961295412346,-0.15234482703663269,-0.09462183936440645,-0.06250587700914025,-0.2599622277649834,0.34574185785208267,0.5067089545697232,1.0,0.25942034760018806,0.5331590816724971,-0.2772864553865279,-0.2912366820996263,0.038272677286455385,0.3054753803122186,0.24408673270167106,0.06396257839332531,-0.06674051112049662,0.3435281180023747,0.328189721808286,0.20360509686107947,0.24478639562033325,-0.12793471937779408,0.0425487492927667,0.15337121181936264,0.2642526436580099,-0.18621871239710253,-0.21217636605598897,-0.23558240164476568,-0.41900405613241,-0.2047143574337193,-0.3157695096781391,-0.27790802381085195,-0.3276048099833452,-0.3210273410418443,-0.11071249272844631,0.032584529321295096,0.17150985345329073,-0.3051072205531959,0.10431193172309923,-0.2968802046394505,-0.3877566958060069,-0.31886300791304417,0.2834814206822909,0.004237821641737523,0.17540979687462646,-0.30165671891560214,-0.22376782028703712,-0.2708827068507997,-0.2609965813736662,-0.2934073902891887,-0.2386137430372383,-0.2877033046721227,0.06277362956115676,-0.13616332905673006,0.16906501765094947,-0.1370797440413104,0.2060180573596092,-0.051720867964522785,-0.03797145566543681,-0.15213604379666743,-0.27270597422881687,-0.22453760887408458,-0.19125182286893672,-0.1189426961725729,-0.06774139566017738,0.03501661500211174,0.06893990708348939,0.36199188773518,0.2753564057407422,0.22450254603989195,0.12380368000382504,0.05964028719648734,-0.2877033046721227,-0.1374861541649069,-0.181306728079752,-0.11291826375220139,-0.15623680163201556,0.002808214265792221,0.17569029954816756,-0.30370311342029976,-0.4291563403963694,0.029427280478767064,-0.07439695909601639,-0.072173656655165,-0.16581533042736812,-0.1756950808437393,-0.45107858059272127,-0.43323000422347774,-0.4034520954027843,-0.24475611408171233,-0.2726581612730996,-0.2393022495995665,0.10493828144299501,-0.046150658623465006,-0.0621966865621688,0.2720158739012981,-0.20660775048012175,-0.2538517320243209,-0.28149718302002563,-0.25919722047350763,-0.22926631019451904,-0.21480448485524628,-0.12332714421184326,-0.33439265593000184,-0.13421893552422923,-0.3487237925236475,-0.21431360517654935,-0.16548223350253807,-0.10924144745754608,-0.09460271418211955
#51,0.7032871407055599,0.616981568105571,0.5214496888173465,0.8095068093617768,0.11686442636406379,0.24724557530938968,0.4893225701057463,0.4763190399158492,0.25942034760018806,1.0,0.6934121715847604,0.03622947031213891,0.2617153694746153,0.051282582537114804,0.06439130122958985,0.14208416673971425,0.5171385539768426,0.1697630868044211,-0.018262955318792882,-0.06242778251480209,-0.02512889575978771,0.05534668377307971,-0.13933651555116386,0.0416371156037581,-0.014127134649252126,0.023971822231430642,0.00846289316195045,-0.019110838400178503,0.10009004773326746,-0.004126258078397309,-0.2296376574839229,-0.19799185585987616,-0.20900796085712692,-0.19948680760863502,-0.07437942767892007,0.06192734024496171,-0.1483301325215756,-0.0614412418618365,-0.1965032791718796,0.26513718333877867,0.10979926527424715,0.12914119962705894,-0.18412450493668767,0.04481667715895417,-0.4196830001035947,-0.1028153862091498,-0.27509024695391626,-0.24122751794978045,-0.24697782275737315,-0.17219676625042832,-0.22560224402138832,-0.07329566734932942,-0.09155065384216943,0.034063543418148205,0.040016256404943856,0.13316864426364064,-0.24143948872012685,0.05636350596466622,-0.145770545625513,0.01742463482855071,-0.004591637514045056,-0.14562551299317072,0.006936066109380105,0.04453458072022249,0.061892277410769074,0.14845125867605927,0.019681406338404164,0.07068986126274016,0.13182031891241464,0.0809138649602754,0.27247647204137415,0.3172517113053734,0.04938918949071233,-0.029288622907187083,-0.1786292025595869,-0.093713393205779,-0.11987504880905896,0.01886858609121118,-0.014967048904684872,0.13882491692498944,-0.07511734096215604,-0.08773199244555299,-0.05775486297603774,0.022005115986261745,0.012163615934464375,-0.08761564758664106,-0.07572456549976492,-0.1715927292432006,-0.01621337328371411,-0.21965749986054556,-0.21063519511670345,-0.14988724111276686,-0.1441289674792213,-0.15432587716851676,-0.07978069790977695,0.21680306640422667,0.12471850122321479,0.288256341193252,0.041326331391596076,0.029192996995752615,0.048848903091107586,0.20421710269426005,-0.09299619887002047,-0.012166803464845524,-0.05104192399333806,-0.09180725003785192,-0.1648240084788308,-0.06033198128919666,-0.004174071034114544,-0.09492624851580617,-0.03391213572504363
#52,0.6493955645514746,0.6148969232362996,0.43140673684546055,0.43291443871574403,0.014633951979854808,0.05966100614396481,0.39823570193403407,0.611899050912829,0.5331590816724971,0.6934121715847604,1.0,-0.11641498458032178,0.0069280972834272325,-0.03482855070962395,0.120346803305469,0.35368358979671527,0.6081632653061224,0.25065623281721905,0.17170110527615967,0.177411565953988,0.11154921945349791,0.31533600554630287,-0.055212807497071456,0.15660018009546653,0.06705607662823036,0.24658097522492012,-0.06280550486496825,-0.08016001402513367,-0.030354851819681405,-0.27142777454597616,-0.1124305716038856,-0.3238483054291611,-0.2474065455936377,-0.38346627991298043,-0.2410936416737722,-0.07735020599415088,-0.06123883368263354,0.0788913769334364,-0.40179457960458687,0.23212552494640964,-0.20087019579405366,-0.18835276398728176,-0.2999752966395461,0.14456565914143868,-0.2764688538437632,0.08862290718708413,-0.45867924678657096,-0.3942496951924073,-0.33080030919044695,-0.24489795918367346,-0.379059519161042,-0.16555554670130448,-0.1852847659954259,0.19775119731609941,0.08133461897058707,0.38054331455346685,-0.23411773143462775,0.26814939954896444,-0.2363729091792906,-0.10154037405669022,-0.20780626190343376,-0.299170445218306,-0.23159958243352008,-0.15587661069894573,0.05217668480902709,0.24476248914247464,-0.09289101036744256,-0.027242228402489462,0.3277705615631649,0.2658846592131581,0.49133708930663245,0.44879630883981864,0.23304990875694284,0.0707934560001275,-0.1698826191937142,-0.058636215126425424,-0.015601367450533513,0.04130720620930918,0.01707241272143375,0.2851915307317773,-0.31104240212289525,-0.3403915881073242,-0.0765501358684825,0.03108639004215509,0.054800022312712665,-0.2694323805273769,-0.22369769461865183,-0.3369235550526341,-0.29500274924495373,-0.32420212130146864,-0.20945421511048778,-0.3204041788523297,-0.22237805704085617,-0.23051104080835771,-0.10453187131939852,0.3304401182573771,0.3796970252372718,0.09402098988755987,-0.13941620381069256,-0.14031668114336715,-0.10471196678593343,0.12633617289164786,-0.06471164803289531,-0.06468933532022728,-0.2726772864553865,-0.1695208344954538,-0.35157185091920407,-0.2718756225645276,-0.06239590721099061,-0.22335503510267832,-0.1525456414506451
#53,0.055499685231374864,-0.1667429017682825,-0.020704603590752973,0.15284526930647307,0.5874299739419392,0.5243997481850999,-0.03750926376017021,0.04740654559363769,-0.2772864553865279,0.03622947031213891,-0.11641498458032178,1.0,0.3632573372964961,0.07616763222274463,-0.035658902373913254,-0.18516204607575165,-0.04982747491812031,-0.07031373267776458,-0.17546557865629656,-0.10353576807528947,-0.3636382471770434,-0.28417152100980964,-0.04961391038258334,-0.3599247742830049,-0.16857891926782428,-0.25212249679254756,-0.32498784754042187,-0.13770768752639673,0.2700443863605575,0.4010295723131111,0.14109762608674864,0.36883710922869734,0.23682394472822318,0.14781694013021063,0.3501167433002096,0.40185195515144756,0.20457410609694873,0.03854999242961534,0.26801871080333733,-0.1059997290599176,0.23272318689287508,0.20558614699296351,0.09046848727776936,0.0662607877981337,-0.17851445146586553,-0.17739403453689168,0.04400545067695177,0.18176413868944688,0.027685295125469165,-0.04695232251432396,0.21226721067185172,-0.04528843165536422,-0.07155368199603153,-0.3350891313182829,-0.3465339591517982,-0.24976213054530677,-0.12649554941070532,-0.1929332451449928,0.0075353218210361065,-0.02766935747356342,0.07436827132258604,0.08682992134768784,0.41369363051741587,0.2818446238315709,-0.23046322785264048,-0.35586386057742114,0.2558088756783463,0.03031022639434532,-0.07260875455219183,0.014935173600873384,-0.08293954051749555,-0.09600204001944393,0.1869948760449123,0.2327773749093546,0.20492473443887513,0.12199635027771358,0.16052721752504204,0.057557236092406504,-0.12935795169297706,-0.17690156109300417,0.6286064914056212,0.4393707815027612,-0.051027580106622894,0.6452342436388847,0.582685334969599,0.22041135079568727,0.13264110798556047,0.21747085401907737,0.2508873287698523,0.525556821713457,0.443090629457562,0.2338005721617034,0.1297484241646678,0.032543091426340154,0.0594681605559053,-0.21742144729816956,-0.21702778729609767,-0.0025404617137757095,0.1467746176955749,0.23248890340986061,0.16795735084350022,0.3268079273880579,0.37907545681294774,0.24917721872036594,0.17549745396010805,0.1782594490353736,0.11097387021970054,0.13837706890643803,0.10372861366334898,0.018701240746200862,0.003923849899194352
#54,-0.051666679948043255,-0.06126911522125445,0.24155423981384821,0.2074476647355545,0.04581437416825379,0.3669054658177211,0.4324857158794795,-0.23556965152324108,-0.2912366820996263,0.2617153694746153,0.0069280972834272325,0.3632573372964961,1.0,0.6947397779885089,-0.09623472973726781,-0.0386838687056236,0.03169998964052626,0.22493605017172819,-0.21557267967710317,-0.3118695662568034,-0.2222760560686594,-0.22448820215317677,0.12886229071870842,-0.13989752089824606,-0.019836001561889888,-0.35583039150841905,0.11296448294272805,-0.08782602459179689,0.5655188901019212,0.39298583939628173,-0.010493350014742327,0.15629098964849508,0.07565603359657022,0.0806206121652097,0.17413637848735747,0.03767023404441824,-0.1032345464542709,-0.20683884643275507,0.15210894978842768,0.07166205802899059,0.473832766218553,0.4499422260118417,0.21866458414681764,-0.13557682346659866,-0.1797958386790874,-0.2538995449800381,0.02225693088637251,0.025579931308720286,-0.03933412490337799,0.02701431998023731,0.08608882053407071,-0.12991576950967815,0.0972467706332826,-0.1117500338675103,0.07333551147909378,0.029138808979273085,-0.13075568376511087,-0.36977424316075513,-0.032206806971128946,-0.010165034385483987,-0.1592251113643427,-0.05549171640542199,0.4311979536054953,0.5670042792595367,0.03869980635752934,-0.024542390169656304,0.5418530707870809,0.5811473515606945,-0.10613360533592586,-0.034466766011363545,0.14978683390576067,0.2237486951047502,0.0590250938329256,0.16097665930878405,0.015241176517463682,0.07031692020814573,-0.003466439289499478,0.05839236905226753,0.4106415701774658,0.2149973304433058,0.30923507239678377,0.5399230211412952,0.3601670265919722,0.196853907513806,0.139114982189674,-0.10621488736064516,-0.14470431671301867,0.3961781510730024,0.3934320936496426,0.15119253480384734,0.13789893934926567,-0.018463769732805266,-0.024033979073863048,-0.33342364669413255,-0.31471284335678823,0.2811816175122919,-0.13067440174039158,0.32936113922335825,0.2823259409191244,0.2266716604642638,0.2487979026050092,0.3927133055486935,0.15566463992859933,0.026405501677437864,0.24152077074484615,0.10351823665819315,0.20914502466351634,-0.11295173282120345,0.0591749077608396,-0.20386009929157137,-0.15670696236323503
#58,-0.25873502856824104,-0.06033516881957781,-0.13996924033182193,-0.09505215596586154,-0.07197602977153376,0.06900525145630294,0.5083186574122035,-0.1919594546135518,0.038272677286455385,0.051282582537114804,-0.03482855070962395,0.07616763222274463,0.6947397779885089,1.0,0.1782594490353736,-0.10239463219883814,-0.23621353266023318,0.028960307277928744,-0.010318035843779137,-0.15035740184398633,-0.08503215421271984,-0.21856417693981145,-0.06937341121532564,-0.25888484249615507,0.1008120233645977,-0.21926383985847364,0.052685095904820345,-0.20455976221023356,0.5153344117811123,0.29335160850751857,-0.14406521687159832,0.06756767525440477,-0.03395676115037972,0.10996023555849517,0.20645953031739833,0.09688976723059392,0.04366279116097825,0.0087657085481596,0.08491421558861732,0.07855031118265346,0.41610499725075506,0.2312856106909769,0.11666839324562313,-0.012461650025101802,-0.14737227964204033,-0.20647865549968522,0.11974117253305071,0.08707695495222689,0.011564360222808373,-0.07205093673549076,0.10046458255305246,-0.25948569197300164,-0.03379100957055997,-0.1740025022113492,-0.09148690323454646,0.09993864004016288,-0.17781319478201277,-0.35294727027866984,-0.11229032026711505,-0.1682521974037565,-0.23584537290121046,-0.18352206169465052,0.5523719210448724,0.5533823681756966,-0.12658958155694922,-0.14401102885511877,0.8182231111890286,0.7409191243854043,0.12348811449609129,0.19368868984532508,0.15962514642717687,0.19838710962713862,0.14478081744216625,-0.017497948027317134,0.0393707815027612,-0.012761277880929803,0.06326769677023485,-0.01935946576990812,0.48399142554327473,0.22339328546725212,0.1039087091298839,0.34941389285116625,0.5578385356485429,-0.0237247886268916,0.017751356692618476,-0.18633505725601446,-0.28260803735785606,0.2050697670712174,0.15585748551665882,0.02763748216975193,0.15911354780100248,-0.11660464263800015,-0.27316179107332117,-0.28713592426427814,-0.3985783614500076,0.06283259887320801,-0.03503414641920806,0.14261489054817553,0.20373419184151598,0.10215078612468025,0.11385539768425917,-0.03312162819051869,-0.0017085162842958347,-0.19677581301946784,0.14224513702396227,0.06708476440166071,0.10873303636175283,-0.17579230052036435,-0.049714317589589524,-0.23974850385292734,-0.2431177234658018
#101,-0.10863900421550893,-0.06179027643857231,-0.5233924885846568,-0.06864506052323312,0.06445505183721283,-0.08457314983783439,-0.022750998095450597,0.12302432882563412,0.3054753803122186,0.06439130122958985,0.120346803305469,-0.035658902373913254,-0.09623472973726781,0.1782594490353736,1.0,-0.016125716198232515,-0.11988620516539299,-0.537852720158739,0.7738845635872467,0.5452701033556726,0.46770952035636587,0.08118002374710134,-0.10742774267067233,-0.4754775318952259,0.3691447059104782,0.2843914606061089,-0.3937731594004255,-0.35140928686976547,0.2589995935898764,0.27036632692905355,-0.4114990158499948,-0.15065543593462374,-0.312107037270199,0.045044585581206324,0.41467538987480973,0.4997075440875296,0.6393197810166629,0.7164771414227542,9.562591143446836e-05,0.14531632254619928,0.19621162014200447,0.0574074221644925,0.0914964658256899,0.5923212393118122,-0.1631218672552973,-0.1226386376495151,-0.023200439879192597,-0.00482113970148778,-0.1747085401907737,-0.35632445871749713,0.05202368335073194,-0.2901529217700356,-0.4054937086119102,-0.4307501055869439,-0.3708213468909626,0.13270326482799288,-0.3852050777358972,-0.027560981440604357,-0.4301237558670481,-0.1467315860354294,-0.42043685103873646,-0.5243248412211429,0.43206814939954896,0.22729163512339726,-0.42602459179689056,-0.3062180748910263,0.3879670728111627,0.18758456916542485,0.7501135557698284,0.6344922662544127,-0.034431703177170904,-0.09130680776801153,0.16622492808134579,-0.4359553426993601,-0.28426874068643465,-0.549096733578242,-0.2135103475204998,-0.5717154491628749,0.22150467371642135,0.12100502832917626,-0.23978516045231055,-0.050238666337288525,-0.05717313868147806,-0.12422284024894613,-0.10680936177672944,-0.410101283777861,-0.4998462016591096,-0.21852114527966596,-0.19598052418937117,-0.07666010566663213,0.17759644271609465,-0.5274279020471914,-0.3130744527408777,-0.2509829546812868,-0.33045924343966404,-0.38866992326020605,0.2600913227454199,-0.2574934854847835,-0.15503669644351298,-0.24391141853070786,-0.4134035652527313,-0.40971240507136086,-0.14214791734733723,-0.15058531026623848,-0.26226043716979175,-0.10404896046665445,-0.43097004518324317,-0.36484791495668945,-0.39661324897002925,-0.4281570496218792,-0.4146514833969511
#102,0.2714198057200233,0.3828749930272773,0.23477914398871613,0.12461809401620859,-0.17568711201778642,0.040159695272095564,0.3760441154204751,0.3920550805249863,0.24408673270167106,0.14208416673971425,0.35368358979671527,-0.18516204607575165,-0.0386838687056236,-0.10239463219883814,-0.016125716198232515,1.0,0.05786005147861566,0.25894540557339685,0.20309827953047677,0.37435313055327557,-0.03181155320386647,0.6992549147734064,-0.17370446812071177,0.2572751396536748,-0.24101554717943405,0.4243479508164062,-0.36816294655308435,-0.2514148650479325,-0.12765581046944355,-0.218030265600969,-0.13194941389285117,-0.34930711058339775,-0.3461992684617775,-0.45913506363107526,-0.2735952952051574,-0.22543171114599686,-0.053059630724605344,0.0797838854401581,-0.4989505056220067,0.22717369649929475,-0.15810788196574999,0.0754010311660783,-0.1768059351815697,0.023794914295276876,-0.16812469618851056,0.009546653491541091,-0.6537592936432676,-0.46435305086501605,-0.33084334085059247,-0.3156404146977026,-0.486095195594833,-0.3937380965662329,-0.26520412147678285,0.3021460048291085,-0.029263122664137893,0.5603630597104129,-0.32116759237861486,0.29644510674242364,-0.19853692355505265,-0.1297197363912375,-0.14459912821044077,-0.21988381451760713,-0.33336627114727185,-0.13181553761684292,0.0170692251910526,0.3599423057001012,-0.14079162317015834,0.07179752807018942,0.39448397867542173,0.45247153136928336,0.590434221326172,0.6170740064866244,0.3078787782196049,0.20975543673150635,-0.08669763883687016,-0.05990166468774156,0.2140155710859119,0.14303086326291548,-0.11377411565953988,0.5592442365466296,-0.2167632222744623,-0.17071934591876578,-0.017607917825466776,0.0039031309517168836,-0.07704739060794173,-0.20075225716995115,-0.17451728836790475,-0.29900469363848625,-0.08511184247224857,-0.2980452469937604,-0.24446126752145605,-0.16905704882499661,-0.2590745005538334,-0.16550295245001553,-0.10849875287873838,0.05323016359999681,0.6289523384519758,-0.2653236538660759,-0.2542422044960116,-0.33686299197539227,-0.13019467841802868,-0.029156340396369402,-0.07198718612786778,-0.3783710125987138,-0.40217708325032475,-0.3375817800763414,-0.31357489501071806,-0.1610977854632677,-0.12747252747252746,-0.14174788228450302,-0.15927770561563165
#201,0.48948035285961317,0.2197037190510722,0.5749906366295053,0.4381292384193037,0.14860266636916383,0.1774737227964204,0.10420514945533074,0.1408123421176358,0.06396257839332531,0.5171385539768426,0.6081632653061224,-0.04982747491812031,0.03169998964052626,-0.23621353266023318,-0.11988620516539299,0.05786005147861566,1.0,0.35005618022296775,-0.16312824231605957,-0.171055630373977,0.21227039820223287,0.10393261560774252,0.1925889918638287,0.2240801982643897,0.18375793894285555,0.18028512459259377,0.28566328522818735,0.16597630071161615,-0.07553331367689599,-0.22437663858983656,0.16700746678991785,-0.13030783574655946,0.06946425583118838,-0.10899282008781647,-0.30068930344492345,-0.17847779486648233,-0.2179171082724382,-0.09983345153758497,-0.18692793790690818,0.08103180358437792,-0.33622070460359077,-0.13467953366430524,-0.21634087449896006,-0.06563921937380966,-0.1657675174716509,0.2136490050920798,-0.12251751149503144,-0.20786363745029446,-0.08659404409948282,-0.03131907975997896,-0.11288320091800876,0.08303357266373945,0.006948816230904701,0.21460845173680562,0.27190590410314847,0.21059216345655796,0.07747930097458741,0.21011562766457617,-0.1592298926599144,-0.05914143869183753,-0.055792938026440565,0.05539290296360637,-0.36521448095052156,-0.2367362876427416,0.1656065471874029,0.268653029349186,-0.36495469722445795,-0.31022320681494,-0.03184980356844026,-0.08554375283889425,0.2286813983695782,0.31084636900445456,0.14776434587892165,0.3123620397006909,-0.016375937333152707,0.16679390225438087,0.017376821872833476,0.1918654224673079,-0.034959239455251055,-0.020180254843053972,-0.23710604116695488,-0.2230809074898995,-0.2316043637290918,0.06609344245312337,0.15071121771629387,-0.1622102335662887,0.05764011188231638,-0.05669979041987744,-0.13824319263042975,-0.07446230346882994,-0.20547298966443273,-0.07737251870681892,0.10967495158938234,-0.22463801608109077,0.018082859852257965,0.4930137302871168,0.09828112424196543,0.38124297747212904,0.18864601678234746,0.20293093418546646,0.13462853317820686,0.4095084031269673,0.1167066436101969,0.28026360876252104,0.10302895074468678,0.07614372574488601,0.012428180956099738,-0.04046410442349529,0.21577827538668728,-0.13703989991154603,-0.049864131517503525
