,#10,#11,#12,#13,#17,#18,#26,#49,#50,#51,#52,#53,#54,#58,#101,#102,#201,#202,#301,#302,#401,#402,#501,#502,#601,#602,#701,#702,#801,#802,#901,#902,#1001,#1002,#1101,#1102,#1201,#1202,#1301,#1302,#1401,#1402,#1501,#1502,#1601,#1602,#1701,#1702,#1801,#1802,#1901,#1902,#2001,#2002,#2101,#2102,#2201,#2202,#2301,#2302,#2401,#2402,#2501,#2502,#2601,#2602,#2701,#2702,#2801,#2802,#2901,#2902,#3001,#3002,#3101,#3102,#3201,#3202,#3301,#3302,#3401,#3402,#3455,#3501,#3502,#3601,#3602,#3701,#3702,#3801,#3802,#3901,#3902,#4001,#4002,#4101,#4102,#4201,#4202,#4301,#4302,#4401,#4402,#4501,#4502,#4601,#4602,#4701,#4702,#4801,#4802
#10,1.0,0.5574066252818972,0.5131637035915498,0.649413095968571,0.12993330092677446,0.20401150698467596,0.27398098638127644,0.36953995967774067,0.11397174254317112,0.7534317748966045,0.5231789240491198,0.0719361856417694,0.24406123245862188,-0.20567858537401684,0.14878276183569875,0.06433392568272917,0.5388870737674218,0.37024759142235575,0.226472439815442,0.21320912589948124,0.006816533720087019,-0.017287571022161306,-0.015663524292965917,-0.024743204583668688,0.15978771047661547,0.19036090812740558,0.37212185928647135,0.38494051271426183,0.1900788116886739,0.08938791447855987,0.1048330929404171,0.26410282973009586,0.26985472830287915,0.5089896325574353,0.23323159798866833,0.013472097155926017,0.08675501438373084,-0.0572767334188654,0.3144578409262963,0.2851277801241543,0.2794013817944202,0.06443273912454478,-0.13692674258301524,-0.4276087943963216,-0.18082222346181737,-0.42788132824390984,0.15840750982157797,0.136878929627298,0.08308935444540956,-0.1403565252731315,0.13430499884452024,0.16325096223573382,0.3287459458597965,0.24541274534022903,0.222513527082055,0.007103411454390425,-0.4075735721856099,-0.4606220465538812,-0.08479468319932425,-0.1814645108336189,5.418801647953207e-05,-0.055243089035692375,-0.15369633991823983,-0.2659723162986397,0.3539481548183506,0.3691271744933819,-0.192295739068763,-0.3885997975918208,0.2489907481930687,0.27154730693526924,0.38124297747212904,0.3700643084254397,0.04661603805911275,0.3483301325215756,-0.022099148132505637,0.061686681701184964,-0.06229390623879384,-0.06920287833993417,-0.1680083513295986,-0.0607670791862235,-0.17658280805488927,0.04915171847731674,-0.12839053622229837,-0.13142506514515218,-0.26572368892891013,-0.14253201475826566,-0.24535536979336833,0.09196822032209995,0.18908908350532716,-0.08376829841659428,-0.3623090470081043,-0.08719808110671055,-0.3853596729593829,-0.21218433488194186,-0.29021507861246804,0.35230338914167775,0.1406179027643857,0.4287706492202504,0.272334626939413,0.2282574568288854,0.3460191729952426,0.2593087840368479,0.07102295818757022,0.37227645450995706,0.3298281124241965,0.34632676967702347,0.35863223071344896,-0.024571077943086644,-0.05054148172349768,-0.1972969742367857,-0.20593836910008048
#11,0.5574066252818972,1.0,0.2580879599008678,0.3333407709042227,-0.12016192654336237,-0.02155089290694802,0.4305636350596467,0.25681135398321764,0.38565770705002034,0.5499079600602443,0.23076444947365904,-0.14746153049271252,0.05183083776267242,0.10078174182597678,0.28710564272565725,0.2541800476535792,0.24073504450589295,0.07841643490664521,0.2557594689574385,0.3216680346484552,0.1238865557937349,0.1793352405390114,-0.03691797687446709,-0.013021061606993442,0.16119022384432102,0.0605359832335902,0.2132856266286288,0.1491349839428157,0.05625831746208831,-0.1102885511877535,-0.16269633194941388,0.026297125644478798,-0.11544756910964307,0.27522890452549625,0.24176780434938522,0.18515726478017994,0.11337886189227742,0.07998151232378933,-0.03834280295484066,0.005641928774633633,0.06552606204527887,0.002258365275044028,-0.04292806540812342,-0.15438325271537745,-0.20564511630501478,-0.38599399150523156,0.08113380455657468,0.10713130234522548,0.08572384830542916,-0.14251767087155048,0.03986644247702986,0.04554821538142786,0.056744415845213524,0.10279147973129119,0.09894731809162556,0.16744415845213526,-0.2983161870761581,-0.17509263760170213,0.0011044792770681096,-0.18831451362270796,-0.025801464670210137,-0.022448182709241447,0.11438134019714875,0.08099355321980413,0.08474527647841644,0.06924750376527027,0.16818047797018065,-0.006556749994023381,0.45375769987807696,0.46148905481755376,0.31109659013937474,0.33044808708333,0.18058793997880293,0.18863804795639458,0.198052418937118,0.10376208273235105,-0.014759859429910191,-0.0702436070093793,0.21723338300568176,0.01812748527759405,-0.28856393787503287,-0.24299022225055583,0.08873925204599606,-0.19014415606148746,-0.1727657404234634,-0.2348062379969559,-0.16500410394536572,-0.13482456629664752,-0.19186223493692675,-0.23947437624014853,-0.2706930487931213,-0.029508562503486362,-0.2623305628381771,-0.08093299014256229,-0.1912836981727482,0.29581238196176557,0.1705249065655157,0.11749715114472185,-0.00689144068404402,0.10029086214727984,0.18555570607782357,0.0038345990485221812,-0.21252061933715305,0.05643522539824208,0.06812549307110584,-0.0461634087449896,0.030461634087449896,-0.037338730884778744,-0.08977998071544119,-0.18155216791910048,-0.11512403477595645
#12,0.5131637035915498,0.2580879599008678,1.0,0.6053263632668999,0.20221373984970795,0.40121285531002715,0.1270963988875519,0.020715759947086996,-0.2195108734630127,0.508811130856091,0.3390496378168604,0.030807481133804555,0.1224888237216011,-0.5635298711440844,-0.10364892540382026,0.11794499916327328,0.7443967200312378,0.7740040959765397,0.11336929930113396,0.36436500410394534,-0.21488098558439386,-0.21557905473786548,-0.31255807281913156,-0.18431894428993775,0.11976986030648104,-0.12306098542501734,0.4989823809258182,0.4194726230984389,0.21413829100558615,0.16498179123269768,0.22030775605829994,0.16231064077329488,0.43001537983408905,0.24322131820318912,-0.11976986030648104,-0.2950489684354804,-0.09271569619647937,-0.3480432547872722,0.21376375618580115,-0.013148562822239399,0.2018041421957303,-0.029562750519965892,-0.07039182717210274,-0.19490792021611456,0.08762680394297508,-0.33986564559443455,0.23986963000741102,0.13613464128329972,0.3254309142634016,0.27330682370566345,0.23156292583413685,0.5124465092557914,0.6236865382623178,0.4778697734462782,0.3978898548876794,-0.06378567045717154,-0.31178987799727464,-0.4360063431854585,0.0006614125540884061,0.010831228235144116,-0.15095187626007062,-0.10442827658201118,-0.4365482233502538,-0.36500091641498456,0.4642845189618214,0.5014909673357825,-0.46308600753850937,-0.47081258118241437,-0.008660520045581684,0.09486887296894549,0.4470511359561396,0.5865263090788834,-0.2211954832694499,0.2864506052323311,-0.3391851078580593,-0.049543784714198055,-0.28635497932089665,-0.11180262811879926,-0.15381109101196122,-0.3029843253193507,-0.06737642343153583,0.22937787375785926,-0.23970387842759125,-0.3132927985719864,-0.32246172971336134,-0.14517607120942871,-0.23434085856130815,0.23094295117500338,0.3322904796436341,0.18337543529711767,-0.149366079895449,-0.07363992063049352,-0.13500944305875415,-0.1356501366653651,-0.12617998390297158,0.6083465483030385,-0.07785702332475357,0.7488002932527951,0.5987026751348724,0.3887798930583557,0.49794962108232593,0.6358820295005937,0.551302504601997,0.549418674146738,0.5678043493852051,0.48088836471722624,0.47633338380256435,-0.19255392902963606,-0.15274008080389517,-0.32418937117994406,-0.21400919602514962
#13,0.649413095968571,0.3333407709042227,0.6053263632668999,1.0,0.15591167353313837,0.42498226936225486,0.09250372542613297,0.038651993401812114,-0.11814581357728565,0.7817721075153997,0.4485397126441361,0.022797217285977257,0.3117866904668935,-0.34262604690450954,0.02758488791846297,0.1782801679828511,0.6695582879774323,0.3546541927977751,0.06172333830056818,0.1689773605654679,-0.1100016734534501,-0.06797408537800126,-0.12655770625313773,-0.06202296615639618,0.009965813736662178,0.06774617695574911,0.2962363235024584,0.3576361274693399,0.26752623735944986,0.18831132609232681,0.06136792866307007,0.07103570830909482,0.26840280821426576,0.27672226250906456,0.124680250858641,-0.041413988477077675,0.05655953908310689,-0.08163743435679621,0.07996876220226475,0.12948385914303245,0.32829331654567334,0.1539545298791129,-0.04489477165329232,-0.17970021276765294,0.04762489142474639,-0.2367681629465531,0.16701224808548956,0.198715425256397,0.08280885177186845,-0.09058005084110958,0.19322331040967733,0.23045366526149702,0.24977488066683134,0.0693638486241822,0.05096064196861876,-0.10253647730079928,-0.38144697941652256,-0.355946736367331,-0.005721617034162357,-0.05871749715114472,-0.11231741427535481,-0.13715943230083913,-0.08295866569978246,-0.18046043876355697,0.26100136266923796,0.2886245009522747,-0.30344970475499844,-0.363737060618859,0.03529074261489055,0.06919172198360016,0.23773717218242235,0.29018160954346595,-0.13117006271466025,0.12489700292455913,-0.21672656567507909,-0.1367418658209086,-0.22708125811824145,-0.20735522635450118,-0.054165703766864026,0.043501820876730234,-0.1426611097387022,0.1838185020200974,-0.20866211381077227,-0.07808971304257743,-0.33186175680736957,-0.1949987648319773,-0.13215022830686354,0.18481460526420643,0.201947581062882,0.018662990381627075,-0.27093530110208863,0.007868418745866171,-0.15994708699567292,-0.07762752113731083,-0.022437026352907428,0.21444429392217645,-0.05728470224481827,0.34358230601885426,0.19161520133238769,0.2324347153933811,0.3294790778474607,0.35658902373913254,0.24396720031237798,0.38732797296974236,0.32485875255998536,0.32056196160619654,0.29940313493612986,-0.14574823291284494,-0.16341830758074413,-0.18580592721274375,0.04574265473467794
#17,0.12993330092677446,-0.12016192654336237,0.20221373984970795,0.15591167353313837,1.0,0.4189004613950227,-0.0365115667508706,0.24383173027117916,0.15310505303253671,0.12591223135095506,0.16894867279203754,0.7070053948951701,0.5138856792228801,-0.07699798388703392,-0.09109961829323686,-0.10477890492393756,0.01680466016941724,0.12460853142506514,-0.16667118233470662,0.06716445266118942,-0.11895385252890692,-0.08869143909027882,-0.07109467762114607,0.0894293523735148,-0.3611519734797472,-0.11036823944728223,-0.1028345113914367,0.04319422419494936,0.014425168739889553,0.14165385013825912,-0.011565953987998949,-0.06401517264461427,0.026024591796890564,0.004440229820940481,0.19507685932631547,-0.1397508945007132,-0.0584067129389827,-0.087207643697854,0.07256731665723688,0.06484233677852241,0.2224832455434341,0.21537505279347194,0.2022790842225215,0.21053956920526898,0.34069759102391445,0.16291149025014146,-0.012359649052905035,0.12395986899250133,-0.0795527894875248,0.13067440174039158,0.036498816629345995,0.17355465419279778,0.057393078277777336,0.08027795264923619,-0.05729267107077114,-0.23128242316059575,-0.03122504761373507,0.005511240029006526,-0.11103921459251409,0.19854329861581493,-0.1445401588983895,-0.15173441496864268,-0.007431727083648766,0.031080014981392793,0.04564702882324347,0.13296942361481884,-0.13568998079512945,-0.10798237295699224,-0.19667540581246165,-0.07515877885711097,-0.04764401660703329,-0.03683031978898549,0.06818286861796652,0.23115173441496864,-0.16341671381555356,-0.05879877917586402,-0.11558782044641364,-0.14833810134752848,0.02790045342619672,-0.035980842942409295,0.20026137749125422,0.4889177537473404,0.01518698850098415,0.0772864553865279,0.47403039310218426,-0.09479555977017906,-0.09791296448294273,0.37624174230410634,0.3800476535791982,0.40689144068404404,0.3666106192574648,0.11978579795838679,0.1900294049677661,-0.20835611089418196,-0.11377411565953988,-0.12220832104806,-0.14314402059144626,0.1134043621353266,0.22276534198216577,-0.03804955015977496,0.14687661866777169,0.08883487795743053,0.20953868466558823,0.06100933149519081,0.2759429113308736,0.11297245176868093,0.19398513017077193,-0.2131676880045263,-0.18968037039103028,-0.26134880348078315,-0.07226609503621831
#18,0.20401150698467596,-0.02155089290694802,0.40121285531002715,0.42498226936225486,0.4189004613950227,1.0,-0.022736654208735427,0.06211699830264007,-0.07650391667795584,0.34789662838973934,0.13156691024711328,0.44694913498394284,0.6242411685486378,-0.21906940050522355,-0.15691415183800972,-0.020938887073767423,0.38256580258030587,0.31251663492417664,-0.22495198782363393,-0.05805767836224689,-0.25594912701511685,-0.26484552430890357,-0.09530875216154404,0.04982588115292974,-0.18249089561634885,-0.1488608563300369,0.05438883089354445,-0.01871080333734431,0.27075679940074426,0.2911824940831467,0.23301962721832192,0.12298129716548861,0.19490792021611456,0.05596984596259433,0.17648399461307365,-0.04719616858848186,-0.08371889169568647,-0.1458884842496155,0.13132625170333656,0.046579381459729535,0.3553968873765828,0.33318617568073694,0.3216887535959327,0.08928910103674426,0.2897975121325375,0.09797671509056571,-0.07887225175114951,-0.09010351504912781,0.13738096566232896,0.18737897345584076,0.08475324530436931,0.33894763684466367,0.33413287220393817,0.2813186813186813,0.08548637729203357,0.005444301891002399,-0.14511232060180573,-0.10036417534604626,-0.04962028544334563,0.2018678928033533,-0.22399891623967041,-0.21177314346277362,0.03233271442118433,-0.014793328498912255,0.0033373443090629457,-0.02393835316242858,-0.3054450987735977,-0.21742941612412242,-0.26889209412777215,-0.17592777056156317,-0.025324928878228372,0.08866115755165792,-0.0937627999266868,0.17037031134202998,-0.29498840535823856,-0.1650997298568002,-0.26206918534692286,-0.1845851030767637,-0.030208225422148554,0.10473746702898262,0.30254444612675213,0.6022631465706157,-0.04543983934846879,0.09378989393492657,0.16536588864362614,-0.1232060180573596,-0.06918375315764728,0.5476782825586306,0.47424873893329295,0.5564376160460279,0.19868036242220433,0.1439536533082581,0.18351568663388823,-0.13734909035851747,0.07199356118863008,0.044690769708898785,-0.12694499119444733,0.15756122050538293,0.07789367992413677,0.17194495135031757,0.2648949310298114,0.4877813991664608,0.3585206671501088,0.2914008399142554,0.27695335846169783,0.19541951884228898,0.21523639522189195,-0.25093195419518843,-0.38103100670178264,-0.27269481787248284,-0.013570910597741634
#26,0.27398098638127644,0.4305636350596467,0.1270963988875519,0.09250372542613297,-0.0365115667508706,-0.022736654208735427,1.0,0.3649499159288862,0.2391030289507447,0.25612922248165176,0.2639817035756122,0.0987449099124226,0.08777343034050793,0.43018431894428993,0.24760257871207836,0.03141470567141343,0.0770936097984684,0.13499509917203897,0.20722453760887408,0.24675150810031157,0.20150132680952115,0.168134258779654,0.08261122488823722,0.03876196319996175,0.07936631896022758,0.11794021786770155,0.10560925658822685,0.1356867932647483,0.07959741491286089,-0.11524834846082127,-0.09229016089059598,0.047309325917012646,-0.01000565786642654,0.23012216210185754,0.30734646064595306,0.22925674760337558,0.24310019204870548,0.12736733896994956,-0.10347839252842879,-0.04080995146984995,-0.0077504801217636605,-0.05241096829204153,-0.08055208026201499,-0.20614077727928345,-0.2649539003418626,-0.24828471021364423,0.11280032512809887,0.2148459227502012,0.05708866912637761,-0.07812158834638892,0.20318115532038664,0.13966323741523162,-0.029277466550853063,0.0020623321566033675,0.07252109746671023,0.084522149351736,-0.14573548279132034,-0.17866426539377953,-0.1610786602809808,-0.2468184462383157,0.09385842583812128,0.060296918455004025,0.286994079162317,0.23993497438022457,0.03844480392703743,-0.03755070165512515,0.3874443178286543,0.21245208743395835,0.4678768657013762,0.49272207125724166,0.3211612173178526,0.2932384511789878,0.2980643721760473,0.17760281777685694,0.3327032648279929,0.25509327510777835,0.18084772370486657,0.09315398162388736,0.27216568782921213,-0.009568966204209134,0.03829020870355171,-0.25567340563714747,0.1742144729816956,0.08032576560495343,0.052073090071639745,-0.19113866554040593,-0.2440468885719067,-0.18427113133422052,-0.15327239837754703,-0.2039397875511001,-0.23749332610826446,-0.07002047988269888,-0.20684522149351736,-0.21544995975742895,-0.3014909673357824,0.09084302209755436,0.08780849317470057,0.07808493174700572,-0.13596410840790826,0.08994095099968921,0.038714150244244516,-0.07300241455426372,-0.2261154364127533,0.09515893823363004,-0.004312728605694523,0.15671652495437846,0.04683279012503088,0.14222441807648478,0.01104638653587167,-0.1118058156491804,-0.17450613201157072
#49,0.36953995967774067,0.25681135398321764,0.020715759947086996,0.038651993401812114,0.24383173027117916,0.06211699830264007,0.3649499159288862,1.0,0.5980061997465913,0.2374853572823116,0.29682920415335207,0.40079847636047783,0.2955621608268454,0.36681780873223946,0.25618659802851246,-0.05708548159599646,0.08613025842902565,0.030740542995800427,0.2741419566655245,0.06289316195044985,0.0784849668098399,-0.0034712205850712012,0.09104861780713848,0.0007076317446150659,-0.15186669747946036,0.010945979328865478,0.14276470447608955,0.1308433408505925,0.1009363370494625,-0.01892914916845301,-0.025830152443640477,0.06542565483827267,0.08885081560933628,0.26572050139852893,0.36402393835316244,0.1990070842862721,0.030973232713624302,0.010179378272199157,0.16978539951708915,0.08923969431583645,0.15758672074843214,0.18180079528883009,0.09878156651180582,-0.07955597701790595,-0.08482655850313574,-0.055582561021284733,0.1654933898588721,0.1901792188956801,0.10896253854919555,-0.0785917490776084,0.06668154180844536,0.06464949119046291,0.025522555761859606,0.06835021396297683,0.09079680290702771,-0.14013658567683224,-0.2683183386591653,-0.24592275020121285,-0.09892659914414809,-0.1442150307995123,-0.15634358389978403,-0.22920893464765835,0.1490600769788587,0.05453226976069615,0.12036752225294647,0.07302791479731291,0.3175385890396768,0.034611798643705824,0.2928575412984405,0.2704858593183466,0.24790380033309692,0.17194973264588928,0.2677732709639889,0.3904852218122704,0.1239184310975464,0.02824948800293253,-0.10596944752129668,-0.25333375833738414,0.04775717393556407,-0.059775757237686175,0.09194431384424133,0.02049741411597829,0.1323542302512571,0.17085959725553634,0.14761453195100765,-0.1510459084063145,-0.3365617703543737,0.05575628142705735,0.0914964658256899,-0.016788722517511494,-0.04776673652670752,-0.05165871112209038,-0.17215851588585454,-0.3069575819394529,-0.3029476687199675,0.013202750838718932,0.015805369394927046,0.06824183793001777,-0.03576727840687231,-0.016111372311517345,0.08018073297261115,0.015829275872785663,-0.07830009004773326,0.2092709321135717,0.18065009682123534,0.117200710819275,0.2165448764433536,-0.1699686825140052,-0.17313708771286726,-0.3369793368343042,-0.2720110926057264
#50,0.11397174254317112,0.38565770705002034,-0.2195108734630127,-0.11814581357728565,0.15310505303253671,-0.07650391667795584,0.2391030289507447,0.5980061997465913,1.0,0.14180047653579197,0.22234936926742582,0.21752185450517575,0.2208400736319518,0.36615002111738876,0.48043254787272194,0.21027978547920534,-0.1749444174389787,-0.2602172301954753,0.25109451824462703,0.09875925379913778,0.20071719433575852,0.2668170118496442,0.06665126026982444,0.13094056052721753,-0.20367522252946474,0.06313382049422658,-0.19241049016248435,-0.14818828741961446,0.06022838655180932,0.059192439177935915,-0.25441911243216536,-0.17331240188383046,-0.2050888922535043,0.10984389069958322,0.3468335870076262,0.37080859676943795,0.11984317350524747,0.16957183498155218,-0.07989544900349832,0.024292169034736112,0.2286877734303405,0.32993011339639333,0.3614611639267187,0.12824709735514667,-0.10112121381156915,-0.003920662368813203,0.03437273386511965,0.031360517654933896,-0.13895401190542597,-0.25913506363107525,-0.0485986819561874,-0.20697112894357275,-0.25295125469164625,-0.1713249766911841,-0.04659213158125414,0.0753388743236459,-0.25565746798524175,-0.08804915171847731,-0.1032839531751787,-0.18302958825076301,-0.18296424387794946,-0.20417885232968627,0.332609232681749,0.24065376248117365,-0.1851668273713234,-0.18314433934448437,0.43550271338523694,0.14801616077903243,0.39878555092478224,0.3528691757843317,0.09348070348795512,0.057416984755635954,0.1611965989050833,0.16148028910900558,0.13697614930392304,-0.15592601741985354,-0.10493668767780442,-0.2957741315971918,0.22391763421495112,0.14273761046784977,-0.02112057630549291,-0.007680354453378384,0.004121476782825586,0.18487676210663884,0.1643570352779925,-0.2667213859382097,-0.21173489309819984,0.09161918574536414,-0.012211428890181609,-0.0634573548279132,0.04009116336890086,-0.05696754297189395,-0.10737674218457395,-0.21938337224776674,-0.25055741937540343,-0.16101490967335783,0.14694036927539467,-0.23330012989186302,-0.15170891472559347,-0.03751085752536079,-0.008209484496649109,-0.24582871805496895,-0.35100925180693127,-0.050568575731737446,0.09446565037573014,-0.12824390982476552,-0.007571978420419319,-0.20254364924415685,-0.20135310664679773,-0.24637697328052657,-0.2117125803855318
#51,0.7534317748966045,0.5499079600602443,0.508811130856091,0.7817721075153997,0.12591223135095506,0.34789662838973934,0.25612922248165176,0.2374853572823116,0.14180047653579197,1.0,0.6138753197491413,0.060531201938018475,0.3882826383188965,-0.18683071823028313,0.14789503462454875,0.12515678665062277,0.6158117444556893,0.29892341161376695,0.14913976523838743,0.20807560822064086,0.0017276414665827284,-0.02977153375993115,-0.05487811680705082,-0.030393102184255193,0.09800859039437719,0.050994111037620825,0.3626533002892684,0.3382495676911921,0.2530213803600316,0.14297348771605478,-0.0354182438301365,0.03497198957677566,0.11555913267298329,0.3150634716987146,0.1741331909569763,0.0006311310154674912,0.034732924798189485,-0.09477643458789217,0.2019730813059312,0.08128521224967926,0.35001314856282223,0.1167448939747707,-0.03217652543250803,-0.23317900373737938,0.0029118090031795617,-0.32400130688745626,0.15551801353106648,0.21573683749173234,0.08088995848241678,-0.06448373961064316,0.10416371156037581,0.18578839579564743,0.2568416355218386,0.11544756910964307,0.19333487397301755,-0.061541649068842685,-0.36190104311931726,-0.3438357146841556,-0.017198320171489135,-0.14929276669668257,-0.10883663109914016,-0.0874945214321574,-0.04513861772745022,-0.13959311174684633,0.23952378296105634,0.2779542430013786,-0.15030799512307852,-0.2986413151750353,0.18290686833108877,0.25876531010686193,0.33499509917203896,0.38389022145367324,-0.0776737403278375,0.16342149511112528,-0.14648455243089037,-0.06374742009259776,-0.21912040099132196,-0.20113954211126076,-0.02566758839420188,-0.013545410354692443,-0.13883288575094233,0.11914032305620413,-0.10539409828749931,0.0072914757468782124,-0.23345153758496762,-0.2583509311573126,-0.15598658049709535,0.17057271952123293,0.15009283682235097,0.0032130306241981367,-0.25566384304600404,-0.06053438946839962,-0.2823259409191244,-0.1544119404888078,-0.146905306441202,0.28000063750607623,0.030836168907234895,0.33586051367052094,0.1889169568647451,0.19824048322960577,0.22767573253432571,0.31265369873056603,0.05162524205308832,0.3148817824669891,0.2999928280566424,0.1971105037094885,0.20454860585389956,-0.12397740040959765,-0.040594793169122394,-0.27474758743794275,-0.10697670712173975
#52,0.5231789240491198,0.23076444947365904,0.3390496378168604,0.4485397126441361,0.16894867279203754,0.13156691024711328,0.2639817035756122,0.29682920415335207,0.22234936926742582,0.6138753197491413,1.0,0.23063854202360365,0.34110400114751094,-0.14450987735976858,0.20111563563340212,0.03176374024814924,0.3855461434866801,0.1937317215054706,0.11096271386336651,0.09005410832822,0.24369944776036145,0.07406067464080517,-0.07448461618149799,0.019488560750344653,0.08443927356182614,0.10288391811234451,0.05856927698842129,0.011899050912829013,0.15593558001099697,0.12247766736526708,-0.12412880810270223,-0.09373411215325646,0.024210887010016814,0.1523129517328212,0.02449776474432022,-0.09914016367968508,0.0741897696212417,-0.12571141693694268,0.11317007865231216,-0.05395373299651762,0.28063017475635316,0.17071934591876578,0.017671668433089753,-0.22400847883081385,-0.04791336292424037,-0.24305716038855996,0.08949947804190009,0.09515575070324889,-0.05423423567005873,-0.15709743483492578,0.08140952593454406,-0.029674314083306105,0.11521328562662862,-0.04912781199945812,0.25951437974643193,-0.03970865972316299,-0.21910127580903505,-0.2371602291834344,-0.1710428802524524,-0.16045231056108503,0.047833674664711646,0.032321558064850306,0.0009323526364860666,-0.14552510578616454,0.02069504099960953,0.08884444054857397,-0.12206966347648002,-0.41734016527345025,0.2717178398106607,0.21331909569763086,0.22210233566288679,0.341051406896222,-0.03152786299994422,0.28457155607264384,-0.05223406035588777,-0.021767644972866148,-0.01822311118902852,-0.04589884372335424,-0.07804508761724135,-0.07066754855007212,-0.09220091003992381,0.2003251280988772,-0.19684434492266253,0.13368183665500563,-0.07200949884053583,-0.127215931276845,-0.017864514021149264,0.24586218712397104,0.25059248220959607,0.002848058395556583,-0.16207954482066156,-0.058081584840105505,-0.1989321773223151,-0.16297205332738326,-0.1428045486058539,0.10351026783224028,0.019931627473324356,0.26864824805361426,0.19558527042210871,0.14576735809513183,0.04842177402003363,0.22657762831801992,-0.04660328793758815,0.29780458844998364,0.2876809919594546,0.14251767087155048,0.12330801902955638,0.024257106200543475,-0.004633075408999992,-0.1280016575157982,-0.12433759134266749
#53,0.0719361856417694,-0.14746153049271252,0.030807481133804555,0.022797217285977257,0.7070053948951701,0.44694913498394284,0.0987449099124226,0.40079847636047783,0.21752185450517575,0.060531201938018475,0.23063854202360365,1.0,0.531912757293468,0.10905657069543945,-0.0013594817075600252,-0.12334308186374901,-0.059307190271657276,-0.027720357959661802,-0.20495979727306776,-0.0795719146698117,0.015571085911912598,-0.017956952402202582,0.07996079337631187,0.20563714747906192,-0.3290391986548622,-0.11414865047932488,-0.27560503311047185,-0.14205388520109333,-0.019649531034592674,0.13943054769740773,0.0017929858393962818,-0.019361059535098694,0.06578743953653308,0.04761054753803122,0.2404752607798293,0.014358230601885425,-0.08788658766903872,0.01830439321374782,0.010439161998262796,0.00917211867175609,0.2582999306712142,0.34709815202926153,0.31835619058244147,0.2343822964562631,0.26090892428818463,0.18651037142697766,-0.052651626835818276,0.09634469953541745,-0.09214194072787256,0.04552112137318809,0.06881559339862459,0.08416036465347561,-0.06288838065487812,-0.01709791296448294,-0.09867319047884675,-0.24713082421566832,0.03218130672807975,0.06677716771987983,-0.15919801735610292,0.10698148841731148,-0.14441743897871526,-0.13200519567452126,0.1898795910398521,0.17691590497971935,-0.17519623233908949,-0.14955095665755563,0.01996190901194527,0.01988381451760712,-0.07868418745866171,-0.0453394321414626,-0.15650774171441323,-0.11455187307254022,0.28990588816549656,0.2517654933898589,0.07539784363569715,0.08690642207683542,-0.034844488361529695,-0.13576488775908646,0.16183888627688484,0.04416801472639036,0.4879774322849015,0.5360613280845333,0.17956952402202583,0.3163576090334611,0.5515176629027245,-0.014697702587477787,-0.1032712030536541,0.4737833594976452,0.3219373809656623,0.5642104088804596,0.2567938225661213,0.19292208878865877,0.12132218760210058,-0.2727713186016304,-0.14523504052147998,-0.26790077217923486,-0.0563587246690945,-0.08482815226832631,-0.006472280438922933,-0.015649180406250747,0.03256699790419877,0.010298910661492243,0.05804014694515057,0.14843213349377235,0.2097394990796006,0.14517925873980986,0.16865382623178127,-0.14467881646996947,-0.09840703169202081,-0.32801122010694167,-0.11678473810453506
#54,0.24406123245862188,0.05183083776267242,0.1224888237216011,0.3117866904668935,0.5138856792228801,0.6242411685486378,0.08777343034050793,0.2955621608268454,0.2208400736319518,0.3882826383188965,0.34110400114751094,0.531912757293468,1.0,-0.08512459259377315,0.04102670353576807,-0.09422339806676282,0.17463203946162612,0.05167464877399613,-0.17537951533600554,-0.10342420451194925,-0.09419311652814191,-0.29402736494832216,0.08668010741977385,0.0708062061216521,-0.32483325231693616,-0.33357983568280886,-0.01747563531464909,0.04717704340619497,0.06106511327686092,0.08860696953517838,-0.023751882635131366,-0.05359672959382894,-0.08454446206440405,-0.13989114583748377,0.17723147048745308,-0.14016686721545316,-0.2006614125540884,-0.3312688761564759,0.11549538206536031,-0.23529711767565284,0.38940464901306093,0.3524946409645467,0.30601566671182334,0.11944473220760385,0.4063304353369618,0.17895433065846408,0.10453665261497024,0.23051104080835771,-0.03573540310306082,0.2688809377714381,0.17891448652869973,0.31250707233303315,0.17726334579126457,0.25898843723354237,0.07821243296225167,-0.14454175266358008,-0.13658727059742287,-0.0608913928710883,-0.06733339177139032,0.24573627967391565,-0.33173266182693306,-0.3674744399907562,0.05682251033955167,-0.0063686857015355924,-0.09242563093179482,-0.001719672640629856,-0.16632214775797083,-0.147493405796524,-0.19227980141685724,-0.12324904971750512,-0.08607925794292727,-0.03982181705169378,-0.02403876036943477,0.12266413789256429,-0.297810963510746,-0.2505159814804485,-0.3601351512881607,-0.32806222059304,-0.02943365553952936,0.039469594944576816,0.22835945780108216,0.4840918327502809,-0.07263266103005045,0.32045836686880924,0.19065097339209014,-0.3268557403437751,-0.21173011180262813,0.5777143813401971,0.37488226059654634,0.3009474934057965,0.29009554622317496,0.26470527297213303,0.1871335336164923,-0.20844217421447298,0.005297675493469547,-0.13800094032146243,-0.17492847978707296,0.04092948385914303,0.0432037867860928,-0.04932543888308936,0.08233869104064898,0.2874817713106328,0.024516889926607114,0.21222896030727792,0.2185689582353832,-0.005551084158770888,0.10418443050785328,-0.37161344819067804,-0.33468750249025814,-0.3364502067910335,-0.016154403971662856
#58,-0.20567858537401684,0.10078174182597678,-0.5635298711440844,-0.34262604690450954,-0.07699798388703392,-0.21906940050522355,0.43018431894428993,0.36681780873223946,0.36615002111738876,-0.18683071823028313,-0.14450987735976858,0.10905657069543945,-0.08512459259377315,1.0,0.21251583804158133,-0.030727792874275833,-0.508661316928177,-0.42076994796356654,0.12875391468574934,-0.039195467331798,0.21289674792212862,0.3032919220011316,0.21363147367498347,0.1912215413303158,-0.10300504426682817,0.24331535034943302,-0.27135127381682855,-0.2813840256914949,0.0020639259217939423,-0.06208831052920973,-0.137916470766362,-0.10255719624827674,-0.2574010471037302,0.11416458813123062,0.4210775446453474,0.5031484831339799,0.2903856114878595,0.4558646574600164,-0.23956043956043957,0.12806700188861175,-0.10009482902883918,0.10678864282925196,0.050005976619464654,0.03372566519774642,-0.2688873128322004,0.15661930527775342,-0.2420865573875001,-0.07341519973862251,-0.13325311381874108,-0.3716756050331105,-0.25583596968658606,-0.28807305819633594,-0.56129859987728,-0.3700754647817737,-0.3932822797217286,0.05142602140426651,0.04461745651013236,0.17093291045430276,-0.11569300894899155,-0.23418945086820359,0.2079911386655404,0.15528851134362373,0.613064093267139,0.4438237614452263,-0.22056594601917298,-0.3597797416506626,0.8464566615400553,0.5836272501972285,0.38661715369474614,0.32671389524181405,0.022824311294217022,-0.12423559037047072,0.39316752862800725,0.01453832606842034,0.485859318346628,0.24232084087051456,0.37287730398680363,0.13457912645729905,0.30995864179330457,0.21508179999840624,0.12825665994629012,-0.3354317908342564,0.30832025117739403,0.22412004239415406,0.3633928073376949,0.08911378686578106,0.00965662328969073,-0.3144482783351529,-0.2729530078333559,-0.15438484648056802,0.039992349927085245,-0.01744535377602818,-0.018699646981010287,-0.06657794707105802,-0.11842791001601734,-0.3758688012495119,0.10694642558311884,-0.4531186000366566,-0.5335654917960937,-0.23708850974985857,-0.300391269354286,-0.44794045693248014,-0.43408585613081624,-0.2065424061073082,-0.2912287132736734,-0.2607256412912686,-0.22949103108639005,0.25967056873510824,0.1323271362430173,0.11678473810453506,-0.016039652877941492
#101,0.14878276183569875,0.28710564272565725,-0.10364892540382026,0.02758488791846297,-0.09109961829323686,-0.15691415183800972,0.24760257871207836,0.25618659802851246,0.48043254787272194,0.14789503462454875,0.20111563563340212,-0.0013594817075600252,0.04102670353576807,0.21251583804158133,1.0,0.5138888667532613,-0.020559570958410697,0.04165305325566384,0.63828542740798,0.17874235988811768,0.4361848448868028,0.2860457888739252,0.3178732797296974,0.2638573898907474,-0.004641044234952864,0.341287284144427,-0.0799464494895967,-0.05490680458048116,0.4021483954768944,0.3290710739586737,-0.3053048474368271,-0.27939978802922966,-0.1213588442014838,0.1465562718644662,0.23488114496091292,0.31812828216018935,0.5527671748121349,0.323343081863749,0.03228171393508594,0.1180119373012774,0.1903178764672601,0.2333718493254389,0.22510817681231024,0.09455330746121174,-0.12004398791925985,-0.1303683988238013,0.15444062826223812,0.07499302727729124,-0.3366366773183307,-0.42880889958482415,0.08472137000055782,-0.21728597725697074,-0.17610308473252637,-0.1744774442381404,0.05554590442190152,0.13833084971591136,-0.47492290160890593,-0.41451441959056173,-0.2178437950736718,-0.35655555467013045,-0.2697925714604467,-0.34754600004781294,0.21428172987273786,0.12789965654360144,0.0005721617034162357,-0.06749436205563834,0.4520746838368303,0.26118145813577287,0.709069320816964,0.5761461163926719,0.3481739435328993,0.3302552414952705,0.1375849676067225,0.06390360908127406,0.1799329024854768,-0.16988102542852362,-0.14816916223732757,-0.4080740144554503,0.561886699232602,0.22539664831180423,-0.01687956713337424,0.03939309421542924,-0.10195315924104902,0.021764457442484998,-0.11915785447330045,-0.5099793607407821,-0.48718373721999536,-0.019592155487731994,-0.01782307612619433,-0.12879057128513255,-0.10520603399501151,-0.17443122504761374,-0.19231167672066873,-0.39087888181434227,-0.3893934926567269,-0.01052203778817267,0.45355369793368344,-0.07357617002287054,0.02331200344253281,0.013652192622460932,-0.024035572839053623,-0.1892054283642391,-0.20209898875598659,-0.031537425591087666,0.011806612531775694,-0.0029580281937062213,-0.004191602451210863,-0.27237606483436794,-0.26846974635226994,-0.4054267704739061,-0.3211946863868546
#102,0.06433392568272917,0.2541800476535792,0.11794499916327328,0.1782801679828511,-0.10477890492393756,-0.020938887073767423,0.03141470567141343,-0.05708548159599646,0.21027978547920534,0.12515678665062277,0.03176374024814924,-0.12334308186374901,-0.09422339806676282,-0.030727792874275833,0.5138888667532613,1.0,0.019504498402250395,0.08578919267824271,0.4080995146984995,0.5123508833443569,0.015779869151877852,0.553366430523791,-0.16294974061471523,0.21455745125070724,-0.2798603861693057,0.2384830542916112,-0.26867215453147286,-0.04849349345360948,0.19106375857644894,0.3809019117213461,-0.12400130688745627,-0.324167058467276,0.006910565866330914,0.02321478376590777,0.07091458215461116,0.1582816023715226,0.2242491373745906,0.26456502163536244,-0.37583533218050985,0.08135374415287396,0.13510506897018862,0.21438373084493462,0.26330594713480865,0.2991800078094494,-0.14418315549570082,-0.0945182446270191,0.04008638207332914,-0.05188024448358024,-0.3841292862322594,-0.23140833061065114,0.12055558654543426,0.008383204902421726,-0.06181896421200265,-0.08723633147128433,-0.1598801488576688,0.22191745890078016,-0.49565300544270813,-0.2585023388504172,-0.29365283012853716,-0.3703798739331734,-0.11992126799958562,-0.17377300002390647,0.17250755046259034,0.13943054769740773,0.08888906597391007,-0.053029349185984426,0.2017786419526811,0.23749332610826446,0.47250037851923277,0.5248651276207477,0.32948226537784187,0.40844376797966353,0.14186422714341496,0.08299372853397509,0.08856393787503287,-0.10572560144713879,-0.035692371442915316,-0.2048195459362972,0.2890468487277769,0.341598068356589,-0.1954784881543402,0.13190797599789622,-0.006502561977543848,-0.13987202065519688,-0.16966905465817722,-0.35293292639195467,-0.38395715959167737,-0.049483221636956225,-0.00258349337392122,-0.05925778355074947,-0.1156085393938911,-0.2502131660942393,-0.23657531735849358,-0.31951167034560796,-0.3826072404752608,-0.11478934408593582,0.4437345105945541,0.08981344978444326,0.19362175170732096,0.10835850154196783,0.2071783184183474,-0.015177425909840702,0.030939763644622236,0.06636597630071162,0.24955812860091323,0.12274860744766473,0.11695367721473596,-0.16732303229765158,-0.2519615265082995,-0.18816151216441282,-0.3159177298408625
#201,0.5388870737674218,0.24073504450589295,0.7443967200312378,0.6695582879774323,0.01680466016941724,0.38256580258030587,0.0770936097984684,0.08613025842902565,-0.1749444174389787,0.6158117444556893,0.3855461434866801,-0.059307190271657276,0.17463203946162612,-0.508661316928177,-0.020559570958410697,0.019504498402250395,1.0,0.6608148921419408,0.17707209396839563,0.1635139334921786,-0.16303421016981567,-0.2858274430428165,-0.24164667819490154,-0.2692012845747436,0.22396704093585892,-0.05437767453721043,0.5896500888524093,0.41638071862872444,0.40678465841627554,0.21638709368948672,0.22831483237574607,0.23165855174557132,0.42753707496274573,0.2907744901943597,0.0749515893823363,-0.21196439528564257,0.07019579405366208,-0.2623066563603184,0.2798970427686889,0.04106654766553244,0.24464136298799097,-0.07799249336595239,-0.08376192335583199,-0.20719584983544376,0.037373793718971385,-0.2577453003848943,0.25040919921268,0.13117643777542254,0.39442182183298935,0.1344133748774793,0.19308146530771622,0.3079791854266111,0.5432906469889791,0.2947174652758409,0.4354134625345648,-0.1085290344173593,-0.3849915132003602,-0.5354493222513527,0.02216768003570034,-0.08063495605192487,-0.26146992963526683,-0.17653499509917203,-0.3384854449393971,-0.30707552056355536,0.4428786586872156,0.4211349201922081,-0.4504777311158747,-0.4604499199132992,-0.010828040704762967,0.05190893225701058,0.40525464383332405,0.4803289531353346,-0.29714955095665757,0.0349130202647244,-0.31711783502936514,-0.14062905912071974,-0.3797081815936058,-0.2287005235518651,-0.11863191196041087,-0.1809146618428707,-0.08365673485325407,0.20503629800221534,-0.1968411573922814,-0.20915936855023148,-0.44948003410657505,-0.21943118520348398,-0.21049016248436117,0.2089458040146945,0.21299715512913484,0.07032648279928919,-0.29900309987329565,-0.05095586067304704,-0.1842472248563619,-0.13569157456032002,-0.04000669381380041,0.590018248611432,-0.11795774928479787,0.619067806740033,0.41782945118695664,0.2654415924901784,0.3320466335694762,0.6218568958235383,0.4727490058889624,0.4451928057439297,0.37692546757086276,0.4146737961096192,0.36858688809377715,-0.26172652583094935,-0.13522300759429112,-0.31300273330730183,-0.12036114719218417
