,#10,#11,#12,#13,#17,#18,#26,#49,#50,#51,#52,#53,#54,#58,#101,#102,#201,#202,#301,#302,#401,#402,#501,#502,#601,#602,#701,#702,#801,#802,#901,#902,#1001,#1002,#1101,#1102,#1201,#1202,#1301,#1302,#1401,#1402,#1501,#1502,#1601,#1602,#1701,#1702,#1801,#1802,#1901,#1902,#2001,#2002,#2101,#2102,#2201,#2202,#2301,#2302,#2401,#2402,#2501,#2502,#2601,#2602,#2701,#2702,#2801,#2802,#2901,#2902,#3001,#3002,#3101,#3102,#3201,#3202,#3301,#3302,#3401,#3402,#3455,#3501,#3502,#3601,#3602,#3701,#3702,#3801,#3802,#3901,#3902,#4001,#4002,#4101,#4102,#4201,#4202,#4301,#4302,#4401,#4402,#4501,#4502,#4601,#4602,#4701,#4702,#4801,#4802
#10,1.0,0.45352660392544364,0.4608356110894182,0.6536955430356446,0.21101610499725076,0.1824813330252054,-0.027353791965829675,0.7420060722453761,0.17366143646056625,0.5586991688514531,0.6843436476503917,0.2788324076213851,0.19500832742312074,0.030147662344906723,-0.26776211460765487,-0.07134808628644741,0.34345002350803655,0.09785080764051032,-0.11167990819912502,-0.1935819075775566,-0.1834312170787878,0.1800651849962945,-0.0072627879734478715,0.15635952155168978,0.10304488839659252,0.3496593326905147,0.11689311413749412,0.2356238395397206,-0.024328825634119325,-0.02677525520165114,0.2134975973989752,0.13654423893727738,0.15745921953318617,0.25920200176907937,-0.013115093753237335,-0.17143494648933372,-0.13371211819362652,0.052218122703982024,-0.14315198941739912,0.1766991529138012,-0.0585437767453721,-0.03392488584656823,-0.2272709161759198,-0.17783869502506197,-0.03675541282502849,-0.32155487731992444,0.09334045215118457,0.11511925348038474,-0.14752209356995433,-0.12591063758576448,0.12338611352389453,0.05878762281953,-0.04702404194789982,0.2244547330841747,-0.20972834272326657,0.1664241487301676,-0.11056427256572289,-0.037694140522276855,0.08126608706739236,0.0028879025253209446,-0.02806461124082589,0.07030257632143057,-0.0395955023946322,-0.2692299723481739,0.405029922941453,0.3671349680051638,-0.21641259393253592,-0.3932998111388249,0.08864043860418044,-0.09305835571245288,0.2824805361426101,0.17167082373753875,-0.10517097116081887,-0.03591549856959574,-0.1070053948951701,-0.046557068747061496,0.004773326745770546,0.05663922734263561,-0.2626764098845317,-0.17700674959558207,0.008153702714979002,0.07096717640590011,0.001075791503637769,-0.07511893472734663,0.033913729490234204,0.12281554558566886,0.01204727107555244,0.0982396863470105,0.2000063750607623,0.10844456486225884,-0.23864402457585923,0.10261775932551857,-0.02018981743419742,-0.002907027707607838,0.04142514483341169,0.13444684394648138,0.1947931691223932,0.26449170843659603,0.09609607216568783,0.19228298894723841,0.20801823267378017,0.24758504729498204,0.1570464343488274,0.13095171688355153,0.21559817992015237,0.16547904597215693,0.1969096892954761,-0.07409414370980723,0.1731036186438652,-0.060207667604331855,-0.08744511471124959
#11,0.45352660392544364,1.0,0.29181362509861425,0.06386217118631912,0.194318227095602,0.07760839595502395,0.4016798285108655,0.46212496712859297,0.3854329861581493,0.2663404760576624,0.3978834798269171,0.1280701894189929,0.22261712181944235,0.12114368590075625,-0.08922056913354956,-0.06876937420809792,0.13653148881575278,0.0037485357282311597,0.046112408258891215,-0.16620261536867773,-0.11025030082317971,0.08057439297468304,-0.0707057989146459,0.07126999179210927,0.02269202878339934,0.1322474479834886,-0.10377005155830392,-0.09747467905553475,-0.022582058985249703,-0.08449027404792452,0.022201149104702403,0.07417542573452653,-0.17503526205484146,-0.12433440381228633,-0.058472057311796256,0.056255129931707164,-0.10833459506410921,0.0643881136992087,-0.1307923403644941,0.09548247256731665,-0.09691686123883368,-0.00958171632573373,-0.1334826160061838,-0.01875064746710867,-0.07245575309389668,-0.16983480623799696,-0.1924264278143901,-0.13046561850042634,-0.04092629632876189,-0.15786562965678266,-0.050326323422770124,0.032149431424268266,-0.31389364804883296,0.03562383953972061,-0.1734287467427424,0.03054929117293149,0.09397795822741435,-0.027312354070874737,0.06360079369506491,-0.0005084110957932567,0.0065073432731155715,0.06237040696794141,0.04229055933189363,-0.137627999266868,0.12996676999577653,0.022492808134577533,-0.18530070364733164,-0.22434157575564392,0.13463490823896915,-0.02928384161161536,0.10547219278183745,0.04288025245240619,0.006566312585166828,-0.11127827937110026,0.08702914199650966,0.03132067352516954,0.14430746918056564,0.1751277004358948,-0.12180669222003522,0.040043350413183625,-0.04891265369873057,-0.015650774171441322,0.24581118663787263,0.054809584903856116,0.11219628812087115,0.07208440580449282,0.09571356851994996,-0.05177186845062117,0.02120504586059336,0.1658918311565157,-0.05653085130967655,0.08663388822924718,0.007505040282415192,0.061775932551857135,0.07859653037318012,0.10690180015778275,0.08136649427439856,-0.08126289953701121,-0.038070269107252426,0.00559092828853525,0.03933093737299684,-0.09331017061256365,-0.007122536636677318,-0.1517391962642144,-0.054513144578409264,-0.06623847508546565,-0.1690522675294249,0.06663213508753756,0.09902700635115429,0.083248730964467,0.08666735729824925
#12,0.4608356110894182,0.29181362509861425,1.0,0.48452852441249833,0.08172827897265895,0.20313015483428826,-0.02955478169401302,0.32088230840950205,-0.03823283315669102,0.5257544485970882,0.4433217254101953,0.04430826606316091,0.1533680242889815,0.06356891839125342,-0.03480305046657476,0.052828534771972045,0.6293699049319064,0.7103331766130896,-0.11284813808381611,-0.2515646789758465,0.2514339902302194,0.30208384798667615,0.13161950449840226,0.012915873104415526,0.3413685661691463,0.25613719130760465,0.2592051892994605,0.10848759652240435,-0.0004478480185514268,-0.01981528261441242,0.525418164141877,0.25975344452501814,0.3558112663261322,0.2664440707950498,0.1226386376495151,-0.1215708149718302,-0.08481699591199228,-0.1006494593151591,0.17828813680880395,0.16721784379507368,0.0565212887185331,0.05557459219533186,-0.1702125285881631,-0.40978253073974613,-0.284982747491812,-0.22744782411207357,0.08792961932918424,0.10314210807321757,-0.09655826407095443,-0.03893090231016264,0.38825554431065673,0.353774434412578,0.2799783247934082,0.455266995513551,0.22858577245814374,0.24050554231845023,-0.278091306807768,-0.35561363944250096,-0.23240443385476017,-0.16769756711743658,-0.2454270892269442,-0.19838551586194805,-0.31157950099211884,-0.35204360541561414,0.22447704579684274,0.3033716102606603,-0.17161344819067806,-0.17893361171098662,-0.006644407079504976,-0.012809090836647037,0.33433209285276,0.267990023029907,-0.07997991855859876,0.15616030090286798,-0.12686370916972803,-0.01916980771222976,-0.3994437759484895,-0.3897983090151328,-0.15300942712110224,-0.006908972101140339,-0.09502506195762178,-0.18424403732598077,0.024513702396225964,0.014943142426826256,-0.16760831626676442,-0.15881391994517446,-0.17934958442572657,-0.038012893560391746,0.05498968037039103,-0.26092486194009035,-0.461858808341767,-0.2650256197754385,-0.08465602562774427,-0.19793766784339664,-0.24780658065647188,0.375089450071321,0.20932352636486065,0.5161121691941126,0.19984221724613313,0.319373012774028,0.48299532229916564,0.5793623345472512,0.549280016575158,0.5077704021866458,0.529354764162596,0.30463068476121413,0.40224720891871,-0.2552797456350756,-0.21644606300153799,-0.24152395827522732,-0.312856106909769
#13,0.6536955430356446,0.06386217118631912,0.48452852441249833,1.0,0.15257911051964715,0.1150586904031429,-0.1696260229980317,0.45862824630047255,-0.0714739937365028,0.6557817816701066,0.5714253838981903,0.2095147781877296,0.02576321430563635,-0.22214855485341345,-0.2253089912263226,0.03980269186940688,0.45940919124385404,0.1588999832654655,-0.11526587987791759,-0.10060164635944187,-0.07138952418140235,0.22287053048474367,-0.019544342532014758,0.03454645427089227,0.1384790698786348,0.3609846281347369,0.10326004669732008,0.17686968578919268,-0.081151335973671,-0.038734869191721984,0.33715783853564857,0.16459769382176923,0.3785542955956299,0.2890372861366335,0.037692546757086276,-0.24549083983456718,-0.04200368159759023,-0.03152786299994422,0.10125827761795855,0.13734590282813633,0.12930376367649754,0.03446198471579182,-0.08217931452159154,-0.2341512005036298,-0.13936998462016592,-0.3345010319629609,0.22036672537035118,0.056051127987313626,-0.286480886770952,-0.19592633617289165,0.1310106861956028,0.07083967519065416,0.1639888755189698,0.4350931157312593,-0.056170660376606715,0.2158452135246914,-0.2517320243208568,-0.04096614045852624,0.1135972077233861,0.08048832965439202,-0.16497700993712597,0.008564894134147216,-0.30033230004223477,-0.40005737554686066,0.44868952657205013,0.38621074357114965,-0.2964355441512802,-0.38059909633513694,-0.05244603112623417,-0.10792021611455985,0.21299715512913484,0.15313055327558592,-0.11159703240921515,0.04792930057614612,-0.1854393612189116,-0.017630230538134818,-0.14601757923005204,-0.07877184454414331,-0.3271266804261728,-0.26214727984126096,-0.005133517678840376,0.023085688785471237,-0.16896301667875271,-0.07475396249870507,-0.10533991027101977,0.039326156077425116,0.021474392177800446,0.14075974786634685,0.17555961080254046,0.05684960434779144,-0.30525225318553817,0.06493955645514746,-0.03027038226458096,-0.028346707679557572,0.04898118560192527,0.014667421048856872,0.16169544740973313,0.3157583533218051,0.13933173425559212,0.14414331136593644,0.2542437982612022,0.4175680736957024,0.33480065981878887,0.2520762776020209,0.28128043095410754,0.19325359194829825,0.2914645905218784,-0.19307190271657276,0.092151503319016,-0.15622883280606267,-0.0753261242021213
#17,0.21101610499725076,0.194318227095602,0.08172827897265895,0.15257911051964715,1.0,0.4957613814756672,-0.1339384328506881,0.24483102104566934,0.21985353297898622,0.08638844838989872,0.21581811951645163,0.6181338603383564,0.39408553737777813,-0.048789933779056334,-0.1160516061168708,-0.4604562949740615,0.026367251312864076,0.00436532285698348,-0.08466399445369714,-0.2975766800277315,-0.27216409406402153,-0.20211970770346405,0.01396457059981353,0.04676744575221733,-0.003315031596394903,-0.027172102734104184,-0.2328028751524038,-0.2534548844918678,0.24781136195204362,0.016069934416562407,0.22223143064332332,0.3706619703719051,0.18380734566376336,0.15653483572265298,-0.01038019268621154,0.21648112583573062,0.1799647777892883,0.3059455410434381,0.12475197029221685,0.1516387890572082,0.05578178167010654,-0.01813386033835635,0.30665954784881544,-0.12319804923140673,0.18237773828781806,-0.22198439703878428,-0.22011809800062157,-0.11378686578106448,-0.024048322960578218,-0.18355712452884315,0.038192989026926666,-0.1646630381945828,-0.15149216265967536,0.016760034744081154,-0.22317812716652455,0.18950824375044825,-0.002481492401724454,-0.02691072524284997,0.37418259767788414,0.2848934966411399,0.13620636071687559,0.2828311644845365,0.028265425654838274,-0.14544222999625464,-0.03831411518141032,0.036390440596386936,-0.04894452900254206,-0.4224131198750488,-0.11313979711369124,-0.2769501709313167,-0.03307859653037318,-0.08910741180501877,-0.03657053606292185,-0.2452469937604093,-0.1700005578178167,-0.08489987170190216,0.12890372861366334,0.17825785527018304,-0.08239766035270024,-0.08428627210353098,0.1992764306034792,0.412475993911817,0.1855525185474424,0.15743690682051814,0.3295029843253193,0.2815944026966507,0.3061128863884484,0.3078054650208385,0.15875495063312323,0.5072699599168055,0.3244109045414339,0.37496354262126563,0.3839906286606794,0.21938815354333846,0.4022280837364231,-0.07240475260779829,0.018718772163297183,-0.023068157368374916,-0.3032823594099881,0.11237797735259664,0.1232123931181219,0.19574464694116617,0.3557618596052244,0.09486249790818319,0.34193435281180024,0.06637075759628334,0.15044187139908677,0.13141869008438986,0.2924941628349895,0.12436627911609782,0.23020344412657684
#18,0.1824813330252054,0.07760839595502395,0.20313015483428826,0.1150586904031429,0.4957613814756672,1.0,-0.04862099466885544,0.14331614723202832,0.07200790507534525,-0.022809967407501852,0.02860967893600236,0.543706619703719,0.6911569938400975,0.28960466654447803,-0.1654057327733905,-0.40757675971599105,-0.07164133908151311,0.1786594840982078,-0.09826518659005969,-0.3181649387595726,-0.23518236658193148,-0.14069759102391444,-0.04085457689518603,0.0969837993768378,-0.04176939811457578,0.02296137510060643,0.19475491875781942,-0.0355186510371427,0.3488210122002725,0.10638223270565547,0.10063352166325336,0.38582983369060236,0.05749667301516467,0.12831244172796022,0.06471483556327647,0.33490903585174797,0.10023508036560974,0.30355489325757634,-0.07518746663054132,0.17821482361003754,0.0010694164428754712,0.12884316553642153,0.018745866171536948,-0.10632804468917595,0.1737586561371913,-0.17946752304982908,0.12956035987218004,0.11841515989449275,0.054658177210751537,-0.13030783574655946,0.10384495852226092,-0.08907394273601671,-0.18921977225095427,0.07225334491469372,-0.17333949589207023,0.047019260652328095,-0.013330252053964889,-0.05789033301723657,-0.012676808325829356,0.0008112264820024066,0.046609662998350454,0.10363458151710508,0.16773581748201039,-0.1786228274988246,0.22672584848074334,0.18124138370693846,0.022964562630987576,-0.17612220991481325,-0.0877001171417415,-0.34268342245137023,-0.04089282725975982,-0.09659651443552822,0.09485612284742088,-0.052656408131390005,-0.040677668959032263,0.04166420961199786,0.05823777382878181,0.02099148132505638,0.08772402361960012,0.06436101969096893,0.5054243798261202,0.35177425909840704,0.1279697822119867,0.3493836113125453,0.2835005458645778,0.07998629361936106,0.01862155248667214,0.14818828741961446,0.23486042601343543,0.09263600793695065,0.2817633418068516,-0.0032385308672473285,0.23318697256333223,-0.037112416227717174,0.0459514379746432,-0.05820749229016089,-0.0026249312688761566,0.20715122441010766,-0.10057295858601152,0.2117125803855318,0.2589517806341592,0.1266899887639554,0.477705615631649,0.23549793208966524,0.3779869151877854,0.07854871741746289,0.27938225661213334,0.009752249201125197,0.11886300791304417,0.014979799026209469,0.03947915753572026
#26,-0.027353791965829675,0.4016798285108655,-0.02955478169401302,-0.1696260229980317,-0.1339384328506881,-0.04862099466885544,1.0,0.16388528078158246,0.21551849166062365,-0.03506761548821012,0.02789726589581557,-0.162677206767127,0.1862218999274837,0.17245654997649196,0.03038832088868347,0.02527074086174884,-0.08543218927555403,-0.183318059750257,-0.02701431998023731,-0.11382670991082884,0.188924925690698,-0.058961343225302616,-0.2855469403692754,-0.20952912207444477,-0.2761995075265561,-0.2591047820924543,-0.0482799289180725,-0.2242555124353529,-0.211449609129087,-0.3680944146498896,-0.27062132935954547,-0.27587278566248835,-0.16754934695471316,-0.24572193578720047,-0.2751332786140618,-0.1307222146961088,-0.1300368956641618,-0.19033859541473755,-0.10195953430181132,-0.2390775287076955,-0.2023603662472408,-0.20219939596299277,-0.13168166134083464,-0.007297850807640511,0.008270047573890939,0.06915028408864522,-0.26516108981663733,-0.15658583620875136,0.0011140418682115563,-0.1476926264453458,-0.08622747810565069,0.08012495119094104,-0.22199077209954657,-0.13219804126258078,0.07501533998995928,-0.26810158659324723,0.18025324928878228,-0.037751516069137535,-0.08451418052578313,-0.04658894405087299,0.054256548382726776,0.011157950099211883,0.02373594498322562,-0.027632700874180207,-0.08816709034257983,-0.1272143375116544,-0.06496983799376838,0.130287116799082,0.033778259449035376,-0.12827100383300527,-0.008392767493565174,-0.15667508705942354,0.22565005697710555,0.06825299428635179,0.3309214353449306,0.12664217580823817,0.09069798946521208,0.04273840735044506,-0.10879359943899465,-0.07713982898899505,0.04366119739578768,-0.03672034999083585,0.10862147279841261,0.09358429822534246,0.16341830758074413,0.1730478368621951,0.047076636199188775,-0.12295739068763,-0.22637681390400752,0.07873996924033182,0.10626588784674354,-0.015599773685342938,0.0007777574130003427,0.054831897616524156,0.053933014049040155,0.06182533927276494,-0.3888197371881201,-0.20943508992820087,-0.06972403955725202,-0.004194789981592012,0.025466773980189497,-0.20560208464486926,-0.18568480105826007,-0.12382280518611193,-0.024261887496115197,-0.081001522045757,-0.05755086103164421,0.08100630334132872,0.04192558710325208,0.11061846058220243,0.16347887065798597
#49,0.7420060722453761,0.46212496712859297,0.32088230840950205,0.45862824630047255,0.24483102104566934,0.14331614723202832,0.16388528078158246,1.0,0.3738526882834352,0.4558646574600164,0.6186358963733873,0.2974220848042458,0.27481293181075633,0.20562120982715618,-0.04702404194789982,-0.1829180246874228,0.3651188550390871,-0.034562391922798016,0.10129334045215119,-0.10116105794133351,0.03250643482695694,-0.03987919259855446,0.011964395285642566,0.022086398010981043,0.16761309756233614,0.10272294782809649,0.04063623106407733,-0.10178740766122928,0.15640414697702587,0.02495836288439624,0.1929571516228514,0.059801257480735365,0.07414833172628676,0.1269513662552096,0.1120369116018137,0.01670903425798277,0.03723991744296313,0.16406537624811737,-0.07803552502609791,0.05427089226944194,0.019675031277641863,0.06917737809688498,-0.19339224951987824,-0.1145725920200177,-0.0729418514770219,-0.3964108407908263,-0.06735092318848664,0.04316234889113787,-0.08993457593892691,-0.3378734391062165,0.02824311294217023,-0.1643936918773757,-0.15089928200878164,0.029510156268676938,-0.24219174589007803,0.05659460191729952,-0.12120584274318864,-0.1043645259743882,0.10502115723290488,-0.12227844671644526,-0.10661970371905108,0.044525018129079046,0.06050410792977871,-0.23219246308441377,0.29118568161352787,0.2165082198439704,-0.18452135246914073,-0.3935436572129828,0.25368279291411994,-0.03047438420897449,0.3420060722453761,0.17905155033508913,0.16689112193100591,0.04575699862139311,0.08306226043716979,0.04420626509096415,0.10344492345942673,0.06212337336340237,-0.20904461745651012,-0.12387699320259146,0.043820573914845125,0.09691048617807138,0.01606674688618126,-0.03802404991672577,0.18187729601797767,0.09082389691526747,0.007564009594466447,0.10142721672815944,0.19846679788666735,0.2006008494768466,-0.21206320872745818,0.05905856290192766,-0.24965216074715713,-0.04808708333001299,0.06654925929762769,0.10531600379316115,0.0823562224577453,0.03773557841723179,-0.18379459554223876,0.14800022312712668,0.0156396178151073,0.13309851859525537,0.13445800030281538,0.08307819808907553,0.1257161982325144,0.0010741977384471945,0.12111181059694476,-0.12839850504825123,0.10837443919387357,-0.04270015698587127,0.010451912119787393
#50,0.17366143646056625,0.3854329861581493,-0.03823283315669102,-0.0714739937365028,0.21985353297898622,0.07200790507534525,0.21551849166062365,0.3738526882834352,1.0,0.12771796731187593,0.19913299173632748,0.2594474416084278,0.19648096645921156,0.4941564599287587,0.14654192797775104,-0.33543497836463754,0.08216815816525751,-0.06632294464056611,0.13861135238945246,-0.24603590752974364,-0.12327933125612603,-0.27429336435862905,-0.05731976507901091,0.03214146259831539,0.01870761580696316,-0.11894907123333519,-0.22833555132322356,-0.2749834646861478,0.14006008494768465,0.08046123564615225,0.011956426459689693,-0.1109563388026042,-0.04985616269155065,-0.15981639825004582,-0.01599183992222426,0.1280462829411343,0.09572472487628397,0.2367601941206002,-0.06147789846121971,-0.07921969256269473,-0.2392034361577509,0.08503693550829157,-0.030992357895911194,-0.02421726207077911,0.03279331256126035,-0.2073743515367881,-0.320998653268414,-0.28026360876252104,-0.3178684984341257,-0.4106447577078469,-0.12471531369283363,-0.2700858242555124,-0.3693582704460152,-0.27478105650694484,-0.31199706747204936,-0.15952155168978954,-0.08584656822510339,-0.06508618285268031,0.22378853923451458,-0.054919554702005755,0.013711161934512188,0.08882531536628709,0.39212998748894323,0.162666050410793,0.012281554558566886,-0.19086294416243654,0.3180852505000438,0.03903768457793114,0.2693941301628031,0.04938600196033118,0.1283761923355832,0.04545737076556511,0.14332411605798118,-0.3896755890954586,0.04461905027532294,-0.14695311939691924,0.40031875303811487,0.16425503430579572,0.08820215317677246,0.007299444572831085,0.1562160826845381,0.012732590107499463,0.2337511654407956,0.21466742104885686,0.13771246882196847,0.12510897369490553,0.1146474989839747,-0.2495230657667206,0.07284303803520627,0.027771358445760185,-0.11770752814987769,0.08916319358668888,-0.20852664376957342,0.09430308632629154,0.20708269250691297,-0.08755508450939924,0.10769549522268884,-0.05197108909944298,-0.14627098789535337,0.05177664974619289,-0.04242124807752074,-0.016830160412466433,-0.13038433647570705,-0.06498896317605528,0.09630326164046252,-0.047607360007650076,-0.02971893950864219,0.009046211221700707,0.03616093840894421,0.18464247862362437,0.22832120743650838
#51,0.5586991688514531,0.2663404760576624,0.5257544485970882,0.6557817816701066,0.08638844838989872,-0.022809967407501852,-0.03506761548821012,0.4558646574600164,0.12771796731187593,1.0,0.4926838208926679,0.13937317215054706,0.011188231637832799,0.10400752257169951,-0.11358764513224266,-0.1042449935850951,0.6650845890874897,0.21746288519312448,-0.04552749643395038,-0.19743244427798454,0.09715433225222928,0.19550876969296113,0.26206121652097,0.05508211875144435,0.37707050020320504,0.2742774267067233,0.3175369952744862,0.16772306736048578,0.19627058945405573,0.20930599494776433,0.37134728940385214,0.15960283371450884,0.3313182828773837,0.15908007873200042,0.0235749746989776,-0.16423590912350883,-0.16744893974770697,-0.08147965160292935,-0.07064682960259465,-0.0596928814477763,0.08907234897082612,-0.001743579118488473,-0.20710819274996214,-0.3663572105921635,-0.025127301994597135,-0.38735984827355385,0.2146833587007626,0.07438739650487294,-0.052355186510371424,-0.09287188518515567,0.2797344787192503,0.07090342579827714,0.31905585350110366,0.25269306473077324,0.13709249416283498,0.12068627529106137,-0.10212687964682163,-0.08883328419223996,0.06211699830264007,-0.14040274446365816,-0.32238682274940433,-0.16584401820079847,-0.1385332578951143,-0.269840384416164,0.3341615599773685,0.3064555459044219,-0.03670600610412068,-0.2149782052610189,0.004217102694260054,-0.0366550056180223,0.30521559658615494,0.2987895353377587,-0.08146212018583301,0.16445903625018926,-0.08879184629728502,0.03506602172301955,-0.27618516363984097,-0.13703830614635545,-0.047127636685287154,-0.1625720182645491,-0.06329479077847461,-0.11229191403230562,0.09565619297308928,0.0005115986261744058,-0.05652607001410482,-0.054371299476448136,-0.06817808732239479,-0.048962060419638374,0.04776673652670752,-0.05655953908310689,-0.4431495987696133,0.06908493971583167,-0.16313621114201246,-0.0731968539075138,-0.018734709815202925,0.21343862808692396,0.11027420730103833,0.39046290909960235,0.14703440142163854,0.25643044410267035,0.20852026870881113,0.45308991226322626,0.19225111364342692,0.3046354660567859,0.09563228649523066,0.1964427160946378,0.22332794109443857,-0.28022376463275667,0.03136848648088677,-0.24259018718772163,-0.1533935245320307
#52,0.6843436476503917,0.3978834798269171,0.4433217254101953,0.5714253838981903,0.21581811951645163,0.02860967893600236,0.02789726589581557,0.6186358963733873,0.19913299173632748,0.4926838208926679,1.0,0.24328985010638382,0.0629951629226466,-0.0389898716222139,-0.0032528747539624986,-0.04137095681693216,0.47960697750400433,0.24491708436596035,0.08726820677509582,-0.09783646375379515,-0.011916582329925332,0.11299317071615839,-0.004017882045438246,0.08219047087792555,0.2598793519750735,0.34403652909816795,-0.07098630158818701,0.004921546908493972,0.03662472407940138,-0.012630589135302695,0.3770497812557276,0.1217891608029389,0.20700778554295596,0.15756759556614525,0.0839356437616046,-0.23165855174557132,-0.042135964108407906,0.043273912454478085,0.11598626174405725,0.1897361521727004,-0.010525225318553818,-0.060261855620811385,0.02672106718517161,-0.14305158221039294,-0.29151877853835795,-0.3993640876889608,-0.17358174820103753,-0.052685095904820345,-0.2166452836503598,-0.26699391978579795,0.20285762098670002,0.1575325327319526,0.0017021412235335368,0.37087394114225153,-0.08227015913745428,0.2397134410187347,-0.25934703440142165,-0.25677469738383446,0.10223684944497127,0.04891743499430229,-0.10714564623194064,-0.06905465817721075,-0.284649650566982,-0.4722342197324068,0.2641984556415303,0.14691646279753603,-0.23286662576002679,-0.4706245168899266,0.17935755325167943,-0.030724605343894686,0.4336842273027915,0.23663747420092598,-0.1522635450119134,-0.12483484608212672,-0.12025595868960626,-0.22496314417996796,-0.08472774506132011,-0.07000454223079314,-0.3617305102439258,-0.25978531982882963,0.04494099084381898,-0.07880690737833596,0.14841300831148546,-0.05319510076580417,-0.026619066212974843,0.06250906453952139,0.0361736885304688,0.06255368996485748,0.21939771613448192,0.19063184820980325,-0.312642542374232,0.1029715751978261,-0.06871518619161839,-0.006021244889990358,0.026716285889599886,0.2501605718429504,0.18543776745372104,0.18834798269171002,0.08820534070715362,0.22324506530452867,0.2561467538987481,0.3926399923499271,0.19004693638486242,0.2361816573564217,0.2184860824454733,0.1328530787559069,0.14715393381093164,-0.1714110400114751,-0.08763477276892795,-0.13312561260349512,-0.16056228035923467
#53,0.2788324076213851,0.1280701894189929,0.04430826606316091,0.2095147781877296,0.6181338603383564,0.543706619703719,-0.162677206767127,0.2974220848042458,0.2594474416084278,0.13937317215054706,0.24328985010638382,1.0,0.4137860688984692,0.048730964467005075,-0.08310688586250588,-0.5194287945556981,0.14102271912279163,-0.04050554231845022,0.005916056387412443,-0.3111858409900469,-0.23657212982811243,-0.24583031182015955,0.03573380933787025,0.11431440205914463,0.1560471435743372,0.045219899752169515,-0.09520196989377555,-0.20374375443265944,0.2324092151503319,0.18961502601821673,0.2064866243256381,0.1881439807473165,0.14108806349560518,0.06598187888978317,0.16464231924710532,0.1988445202368335,0.2543091426340157,0.3282694100678147,0.022252149590800786,0.1576950967813912,-0.0005386926344141717,0.10451912119787392,0.2872251751149503,-0.052101777845070085,0.1889121755691734,-0.2002310959526333,-0.11805815649180407,-0.07154411940488808,-0.13490425455617625,-0.21189267585206673,0.0072388814955892545,-0.2215206113683271,-0.22347137996159025,-0.052710596147869535,-0.25331144562471614,0.10537178557483126,-0.04075416968817984,0.00512395508769693,0.3650248228928432,0.14020352381483636,0.04974141159782929,0.1741395660177386,0.0983703750926376,-0.1521950131087187,0.033657133294551715,-0.04761692259879352,-0.04832614810859916,-0.4275896692140347,0.0024432420371506666,-0.135144913099953,0.04203555690140172,-0.0032289682761038815,0.039091872594410666,-0.18486241821992366,-0.13087840368478512,-0.08926997585445737,0.19552630111005745,0.2071990373658249,-0.09786196399684434,-0.17434994302289444,0.402011331670505,0.32317733028392925,0.13641514395684085,0.5277227486074476,0.376737403278375,0.24273203228968276,0.17782594490353737,0.30494943779932904,0.2580321781191977,0.4343456398568799,0.20833698571189507,0.3922080819832814,0.1908342563890062,0.14447959582114767,0.3103714269776634,-0.10557738128441536,0.10967654535457291,0.19789782371363226,-0.2580943349616301,0.21270708986445028,0.08271641339081513,0.21659906445983312,0.21900086860202886,0.11442437185729426,0.22597837260636391,-0.017292352317733028,0.1396329558766107,-0.005755086103164421,0.1513646614444294,0.09874331614723203,0.2040641012359649
#54,0.19500832742312074,0.22261712181944235,0.1533680242889815,0.02576321430563635,0.39408553737777813,0.6911569938400975,0.1862218999274837,0.27481293181075633,0.19648096645921156,0.011188231637832799,0.0629951629226466,0.4137860688984692,1.0,0.3778004446604882,-0.22018344237343512,-0.5035405493708612,-0.04688857190670099,0.06702579508960944,-0.1110758711918973,-0.40542198917833433,-0.11987504880905896,-0.13132625170333656,-0.07990501159464176,0.013452971973639124,-0.11332945517136961,-0.011183450342261075,0.1524324841221143,-0.051813306345576106,0.22529942863517918,0.042929659173314,-0.05859318346627991,0.19522667325422946,-0.09229334842097714,0.11657276733418866,-0.10001832829969161,0.17686012319804922,-0.06689988763955407,0.22985122201945987,-0.09526253297101737,0.03250484106176637,-0.12188159918399222,-0.0009227900453426197,-0.08710564272565723,-0.1474679055534748,0.18884523743116927,-0.18684984341257002,-0.05046816852473125,0.0076500729147574685,0.01249990038967559,-0.16226760911314936,0.04735873263792045,-0.062330562838177055,-0.3182924399748185,0.019308465283809736,-0.17758369259457005,-0.03447632860250699,0.17424634828550709,-0.018763397588633268,0.056398568798858864,-0.018731522284821778,0.15847444795958213,0.12870769549522268,0.22200989728183346,-0.2556463116289077,0.21232299245352182,0.1741029094183554,-0.015990246157033684,-0.17467985241734335,-0.0575014543107364,-0.39001346731586034,0.008577644255671812,-0.11331829881503558,0.1524436404784483,-0.06456980293093419,0.13588442014837954,0.08701479810979448,0.16017021412235335,0.10894181960171807,0.038677493644861304,-0.01612093490266079,0.3252476312664855,0.31961048378742357,0.1601112448103021,0.2283514889751293,0.29392217644574425,0.2823195658583621,0.10395333455521998,0.10420036815975903,0.13801369044298703,0.11564041469770259,0.23688769533584617,-0.0018360174995417926,0.16809441464988964,0.07411167512690356,0.09703798739331734,0.0003681597590227032,-0.1479858792404115,0.04206743220521321,-0.102466351632414,0.11179147176246523,0.16310433583820097,-0.033279410944385565,0.2379092988230044,0.09311732502450414,0.18985887209237462,0.0009801655922033008,0.11854425487492928,0.06465267872084406,0.09369745555387325,0.09639888755189698,0.09676704731091969
#58,0.030147662344906723,0.12114368590075625,0.06356891839125342,-0.22214855485341345,-0.048789933779056334,0.28960466654447803,0.17245654997649196,0.20562120982715618,0.4941564599287587,0.10400752257169951,-0.0389898716222139,0.048730964467005075,0.3778004446604882,1.0,0.08631991648670401,-0.2458701559499239,0.006437217604730295,0.13197013284032863,0.06707520181051725,-0.09632557435313055,0.004983703750926376,-0.12520778713672115,0.16812310242331996,0.15819713281642217,0.02854592832837938,-0.08641872992851964,0.1784475133278614,-0.06161655603279969,0.37482329128449504,0.27606722501573844,-0.08101586593247218,-0.10649220250380512,-0.200224720891871,-0.08609519559483302,0.05290822303150077,0.29035054865366683,0.05845293212950936,0.2671532963048554,-0.29437161822948626,-0.17556757962849334,-0.1315031596394903,0.21174604945453387,-0.28638685462470814,-0.09359226705129534,0.1689327351401318,-0.11321311031245766,-0.021780395094390743,0.15793416155997736,0.10402824151917699,-0.13179003737379372,0.1092844791176916,-0.1568392448740527,-0.19802213739849708,-0.28387826821474393,-0.11733458709528326,-0.14316473953892372,-0.03806389404649013,-0.11415661930527775,-0.16432675373937158,-0.3673612826622254,-0.09241766210584194,-0.15649817912326977,0.548392289364008,0.1597988668329495,0.015561523320769152,-0.05882587318410379,0.5453529791455825,0.2734518563380057,0.3199053303476799,0.14545019882220753,0.22347137996159025,0.1828239925411789,0.09467124608531426,-0.08299532229916566,0.21547864753085927,0.012045677310361864,0.14177816382312394,-0.09074580242092932,0.4172078827626326,0.2538597008502737,0.30497334427718764,-0.03764314003617847,0.15887129549203516,0.2206344779223677,0.11970292216847692,-0.09946529177856227,-0.19452063527480495,-0.2801265449561316,0.14343408585613082,-0.34363171273976206,-0.09994660886611575,-0.22102495039405845,-0.203295906414108,-0.10663882890133797,-0.1497772713146172,-0.006236403190717912,0.0735650136665365,-0.003236937102056754,-0.01821673612826622,0.06853190319470233,0.020734885129373888,-0.09969638773119556,-0.0011475109372136203,0.08516921801910925,0.07169233956761151,-0.012385149295954226,-0.00726916303421017,-0.09801974675071122,-0.1458629840065663,0.029887878618843088,-0.015462709878953533
#101,-0.26776211460765487,-0.08922056913354956,-0.03480305046657476,-0.2253089912263226,-0.1160516061168708,-0.1654057327733905,0.03038832088868347,-0.04702404194789982,0.14654192797775104,-0.11358764513224266,-0.0032528747539624986,-0.08310688586250588,-0.22018344237343512,0.08631991648670401,1.0,0.3013124656344381,0.1632637123572584,0.08341288877909618,0.7124656344380782,0.3853421415422866,0.3854776115834854,-0.1871829403374001,0.30068292838416116,0.008215859557411406,0.3172676489572791,-0.16975511797846823,-0.20546023954290815,-0.43258931061686684,0.25606387810883824,0.17364231127827937,0.2712556479053941,0.07982532333511304,-0.07421526986429089,-0.13100909243041223,0.2155344293125294,0.331871319398513,0.3935149694395525,0.37449338189004616,0.1350126305891353,0.1428985807520978,0.15786084836121095,0.3218019109244635,0.02261234052387062,0.3820127660591765,-0.22703185139733362,-0.012652901847970738,-0.36856138785072795,-0.11897457147638438,0.2279881105116783,-0.2268023492098909,0.06738279849229813,-0.1426372032608436,0.2023922415510523,-0.12488106527265339,0.1696706484233678,0.20834973583341967,-0.38449266469571036,-0.3486106351951167,-0.2701017619074182,-0.46016941723975807,-0.38142147917347335,-0.3793416155997737,0.22765660735203883,0.2913689646104439,-0.2996597311318123,-0.13641514395684085,0.12256373068555809,0.013735068412370805,0.6425009363370494,0.5561985512674418,0.4271434149606738,0.4359664990556941,0.08179999840623481,0.005735960920877527,0.09824446764258221,-0.11688673907673182,-0.1535799950593279,-0.4358119038322084,0.2949198734550439,0.4602538867948585,0.24465889440508728,-0.26144761692259877,0.18232355027133854,0.08664026329000948,0.00228067798771207,-0.40297396584561196,-0.32685095904820344,0.11199547370685876,0.02852839691128306,-0.05861708994413853,-0.20399875686315136,-0.3743324116057981,-0.3843524133589398,-0.36491963439026526,-0.3492847978707297,-0.002789089083505327,0.33142825267553333,-0.12832359808429425,-0.27654854210329194,-0.10395014702483883,-0.20224720891871,0.02275896692140347,0.009764999322649794,-0.15922670512953327,-0.14916367171624603,-0.346167393157966,-0.2206041963837468,-0.3608746583365873,-0.36618986524715313,-0.4106096948736543,-0.4372749802771558
#102,-0.07134808628644741,-0.06876937420809792,0.052828534771972045,0.03980269186940688,-0.4604562949740615,-0.40757675971599105,0.02527074086174884,-0.1829180246874228,-0.33543497836463754,-0.1042449935850951,-0.04137095681693216,-0.5194287945556981,-0.5035405493708612,-0.2458701559499239,0.3013124656344381,1.0,0.06795336643052378,0.1053255663843046,0.10037373793718972,0.6081664528365036,0.13683271043677134,0.3608188765549172,0.039555658264867836,-0.05074388990270064,-0.058577245814374165,0.029025651650742296,-0.19715034783925284,-0.00921833786228275,-0.3963709966610619,-0.18066922200352223,0.1251360677031453,-0.23970228466240068,-0.11319557889536135,-0.20859836320314928,-0.024018041421957303,-0.15814613233032376,0.044427798452454,-0.18944130561244413,0.010592163456557946,0.08334116934552033,0.2100646271784778,0.07943166333304115,-0.05150092836822351,0.21665962753707496,-0.27368295229063905,0.31250069727227087,-0.07285100686115914,0.009605622803592347,-0.07205571803106248,0.10985345329072668,0.03473929985895178,0.14275354811975552,0.24588131230625793,0.0466192255894939,0.14289539322171665,0.05853740168460981,-0.2357624971113006,-0.08523296862673223,-0.321747722907984,-0.24648694307867622,-0.17043565571484354,-0.15501597749603552,-0.17999346556271864,0.27567834630923826,-0.227596044274797,0.03440142163854999,-0.017953764871821435,0.2169385364454255,0.19658137366621775,0.4249233000502036,0.1508769692961136,0.22193499031787647,0.008861334459594068,0.17721075153997562,-0.030799512307851683,0.02890293173106806,-0.18240801982643898,-0.2408003888787065,0.02271274773087681,0.28144299500354614,-0.22678003649722286,-0.2621536549020233,-0.17009618372925117,-0.22767413876913514,-0.17354987289722607,-0.28308297938464727,-0.19253002255177745,-0.10131884069520038,-0.14036449409908439,-0.1430165193762003,-0.34068005960681813,-0.2732924798189483,-0.1744774442381404,-0.21892755540326245,-0.39446485349313487,0.08884125301819283,0.12115006096151854,0.03242993409780937,0.11471921841755055,-0.3112910294926248,-0.19483620078253872,-0.04209771374383412,-0.09897919339543705,-0.0369291332308011,-0.09823809258181992,-0.15110009642279404,-0.3408808740208305,-0.12016352030855294,-0.16889926607112973,-0.2455195276079975,-0.3704882499661325
#201,0.34345002350803655,0.13653148881575278,0.6293699049319064,0.45940919124385404,0.026367251312864076,-0.07164133908151311,-0.08543218927555403,0.3651188550390871,0.08216815816525751,0.6650845890874897,0.47960697750400433,0.14102271912279163,-0.04688857190670099,0.006437217604730295,0.1632637123572584,0.06795336643052378,1.0,0.5195706396576593,0.08672313907991935,-0.09199690809553028,0.42155408043732917,0.2568846671819841,0.3655268589278742,-0.18265345966578744,0.5730414618014328,0.15642964722007507,0.14009992907744903,-0.004272884475930161,0.1610420036815976,0.05845611965989051,0.5981464510833618,0.1455952314545498,0.3931372470893863,0.0665540405931994,0.20463945046976229,-0.1854521113404362,-0.010517256492600945,-0.13970467531018654,0.20661890683645578,-0.08902294224991832,0.13374239973224744,-0.00200973790531441,-0.060985425017332194,-0.3557156404146977,-0.2546852712189913,-0.30585469642757535,0.03019547530062396,0.009317151304098367,-0.19553426993601034,-0.12036911601813705,0.3300480520204958,0.1529807393476719,0.40062156842432406,0.30681414307230115,0.2831562925834137,0.26673413605973434,-0.25975344452501814,-0.2687247487827618,-0.10815768712795544,-0.23906159105578975,-0.41539736550614,-0.3443505008407111,-0.2661364741132689,-0.2107085083154699,0.1348070348795512,0.14523504052147998,-0.06461442835627026,-0.19163751404505575,0.1942241949493581,0.18541226721067186,0.5499717106678673,0.47424873893329295,-0.10457809050992517,0.09593669564663038,-0.06210584194630605,-0.08088995848241678,-0.4096709671764059,-0.34543744870068294,-0.0348317382400051,-0.08708014248260804,-0.029347592219238338,-0.21379881901999379,0.0895106343982341,0.049196343902652824,-0.1418992899776076,-0.1878316027699639,-0.2228322801201699,-0.027036632692905353,-0.0032480934583907755,-0.043471539338109315,-0.5492194534979161,-0.0714612436149782,-0.21529377076875264,-0.22214696108822288,-0.20029165902987514,0.49048283116448455,0.12708046123564615,0.5824590203125374,0.15058052897066676,0.3534126497143176,0.23379897839651284,0.6545848640119851,0.16985393142028385,0.48252834909832737,0.2962777613974133,0.17173935564073345,0.2416928973854282,-0.4573261401397732,-0.27397620508570475,-0.3892213660161448,-0.3369920869558288
