,#10,#11,#12,#13,#17,#18,#26,#49,#50,#51,#52,#53,#54,#58,#101,#102,#201,#202,#301,#302,#401,#402,#501,#502,#601,#602,#701,#702,#801,#802,#901,#902,#1001,#1002,#1101,#1102,#1201,#1202,#1301,#1302,#1401,#1402,#1501,#1502,#1601,#1602,#1701,#1702,#1801,#1802,#1901,#1902,#2001,#2002,#2101,#2102,#2201,#2202,#2301,#2302,#2401,#2402,#2501,#2502,#2601,#2602,#2701,#2702,#2801,#2802,#2901,#2902,#3001,#3002,#3101,#3102,#3201,#3202,#3301,#3302,#3401,#3402,#3455,#3501,#3502,#3601,#3602,#3701,#3702,#3801,#3802,#3901,#3902,#4001,#4002,#4101,#4102,#4201,#4202,#4301,#4302,#4401,#4402,#4501,#4502,#4601,#4602,#4701,#4702,#4801,#4802
#10,1.0,0.5955135509885329,0.6910231175640893,0.7167879256349162,0.4671118584099005,0.43118998477954246,-0.03863764951509694,0.6593406593406593,0.21464510833618883,0.7205221174764322,0.6076723856274255,0.4231287204456167,0.15904023460223604,-0.1871128146690148,-0.19399628652710596,-0.2680250858640996,0.5592187363035804,0.5409637498107404,-0.21531767724661124,-0.3046769039517408,-0.2758935046099658,-0.46005307238084614,0.12891010367442565,0.03529074261489055,0.18765947612938186,0.17241511208153704,-0.04258381212695934,0.15748631354142595,0.14948879981512322,0.11056108503534175,0.4301556311708596,0.34820103754113907,0.46955191291667,0.37507988748017757,0.2963542621265609,-0.059421941365378636,0.38084453617448544,0.09431583644781615,0.19299540198742518,0.16622014678577404,0.1462869255472591,-0.03269131158906358,-0.09629529281450964,-0.4140044147295779,-0.17607917825466773,-0.16331790037373795,0.0750822781279634,0.3488959191642295,-0.262843755229542,-0.21637593733315272,0.056687040298352843,0.012475993911816972,0.038677493644861304,0.03585334172716334,-0.04785120608180797,0.14644630206631656,-0.16315533632429935,-0.39121835379993464,0.05180533751962323,-0.28732398855676594,0.26722501573843127,0.2279387037907705,0.08694626620659979,0.23058754153750527,0.39669293722955795,0.14533544772848617,-0.04415207707448462,-0.09342173417590387,0.3444811895863382,0.18438110113237016,0.4320139613830694,0.3109515575070325,0.005500083672672505,0.42272231032202023,-0.07454836678912095,0.07556200145032632,0.18817744981631856,0.07443839699097132,-0.05229143590274845,0.2978093697455554,0.14269298504251368,0.311968379698619,-0.24900827961016503,0.3869072189594307,0.30395014702483886,0.21254771334539282,0.3433304911187435,0.1429607375945302,0.18072819131557347,0.23773239088685064,0.09577413159719178,0.3230944544940194,0.1170811784299819,0.4071623807664417,0.3420044784801855,0.4917514682561818,0.33246101251902554,0.4798237295699225,0.4391030289507447,0.40675278311246404,0.43439185904740657,0.5563754592035955,0.27855668624341573,0.4837603295906414,0.3507940935062037,0.37403756504554186,0.44842177402003364,0.28247734861222895,0.16667436986508777,0.004688857190670099,-0.1917267648957279
#11,0.5955135509885329,1.0,0.450087258644184,0.32470256357130906,0.1975471953717059,0.1442899377634693,0.35634199013459344,0.5055757875192248,0.5341312784387476,0.6391046227159353,0.5083792204894453,0.13095171688355153,0.13731243375913427,0.06304616340874498,-0.1310919682203221,-0.07847540421869646,0.31262022966156394,0.36010805727992096,-0.28558837826423034,-0.15281658153304273,-0.32064483739610644,-0.250847484640088,0.04122911171497103,0.012853716261983122,0.06896859485691972,0.18211476703137328,-0.03961303381172852,-0.055069368629919756,0.2309923578959112,0.023458629840065665,0.20370391030289509,0.09506649985257672,0.31408968116727365,0.1006430842543968,0.17636446222378058,-0.012055239901505312,0.24797711353186336,-0.04751651539178733,0.13153184741292065,0.12545322697606962,0.16924670688267499,-0.028088517718684505,-0.13284829746033516,-0.3219820063909984,0.009505215596586155,-0.08490465299747388,0.004773326745770546,-0.05917172023045845,-0.2299994421821833,-0.2320410553913092,0.09106933675461594,0.029323685741379724,-0.01267840209101993,0.05890874897401366,-0.14802572337017586,0.08187809290057296,-0.2119181760951159,-0.30413024249137377,0.10459084063144977,-0.0457075919004853,0.22652981536230268,0.21717919498920224,0.09048601869486568,0.15264126736207956,0.032025117739403454,-0.06546071767246532,0.02801520451991808,0.09368948672792038,0.13377746256644008,0.09574225629338029,0.3347496593326905,0.09305038688650001,-0.14113428268613185,0.17266533321645722,-0.15174557132497668,-0.1008423049032186,0.03713313517519464,-0.03346269394130163,0.2222951812509463,0.2767158874483022,0.1357186685685598,0.04728223190877288,-0.18793360374216067,0.16697559148610636,-0.006062682784945294,0.15513072858975688,0.32395986899250134,-0.07741395660177386,0.05434739299858952,0.028005641928774635,0.05819633593382687,0.19750097618117923,0.14933898588720923,0.2794189132115166,0.2417869295316721,0.3194845763373682,0.24720732494481587,0.3992875869598132,0.23734510594554104,0.24451864306831675,0.2473045446214409,0.335294727027867,0.044171202256771507,0.37060459482504443,0.23397429256747604,0.3050323135892389,0.22274143550430714,0.18447513327861406,0.053405477770960004,-0.012555682171345695,-0.11818406394185944
#12,0.6910231175640893,0.450087258644184,1.0,0.7282056594601918,0.44475452031652174,0.44714357433719293,-0.15219660687390926,0.3199053303476799,-0.04070316920208146,0.7317836623130314,0.44296472200750664,0.25715560726438175,0.07431408330610652,-0.21525552040417886,-0.20747475874379429,-0.373890938648009,0.8492457506235607,0.8428420020878324,-0.32826781630262414,-0.38206536031046545,-0.23071504275275123,-0.34207460414857077,0.3747722907983967,0.06717560901752345,0.32769087330363617,0.19366797089784762,0.10588975926176797,-0.009052586282463004,0.19260652328092503,0.13632589310616866,0.4891807250037852,0.2222378057040856,0.6889448477555802,0.40251974276629826,0.16486385260859518,-0.07401764298065966,0.39160404497605367,0.1884738901417654,0.31502362756895025,0.19020950043430102,-0.03506761548821012,0.018167329407358414,-0.14890707552056356,-0.24506052323311206,-0.3241304018678928,-0.1947055120369116,0.17277211548422572,0.15510682211189825,-0.19048840934265154,-0.20886133445959407,0.13222513527082055,0.0306050729546016,0.2503581987265816,0.2530691933157488,0.12220672728286941,0.3712181944234156,-0.20480520204958202,-0.3588505765445577,0.0846416817410291,-0.1392408896397294,0.1638199364087689,0.2213389221366016,-0.22359728741164564,-0.01060491357808254,0.30756321271187115,0.09196343902652822,-0.13020742853955328,-0.18695662568033852,0.3796986190024624,0.22400847883081385,0.4610093314951908,0.48313397987074563,-0.1524755157822598,0.37970340029803407,-0.2668265744407876,0.05059885727035836,0.08851612491931564,0.04115739228139518,0.011785893584298225,0.17990421471204648,0.032783749970116904,0.1893361171098662,-0.22934121715847605,0.3682155408043733,0.2631784459195627,0.14245710779430867,0.42180589533743995,0.06346851118424722,0.16891998501860722,0.06472439815441991,0.08330451274613711,0.1348628166612213,-0.006083401732422762,0.3404489636541848,0.4482225533712118,0.7181394385165234,0.423551068221119,0.749216265967535,0.6557674377833914,0.5645801624046729,0.5191865422467308,0.7041876180382344,0.3961096191698077,0.7085322219477405,0.6015889838950027,0.5978340731060093,0.479889073942736,0.12955557857660832,0.10666432914438716,-0.048381929890269265,-0.1889679573508435
#13,0.7167879256349162,0.32470256357130906,0.7282056594601918,1.0,0.34773247057511014,0.36545035819872657,-0.3091155400074907,0.39107332116759236,-0.15922351759915213,0.7525998294671246,0.41279474694993185,0.32594570041995713,0.047895831507144056,-0.35475619376997186,-0.21682219158651356,-0.2415494585182765,0.6358724669094502,0.5622851405302457,-0.08442652344030153,-0.18279849229812972,-0.15522794826638192,-0.215932870610173,0.19578289730573994,0.07449258500745085,0.2784610603319813,0.2871407055598499,0.04281650184478321,0.22282112376383587,0.15315924104901624,0.20296759078484966,0.45897887464239895,0.3856704571715449,0.6206679469913697,0.49259138251161455,0.362025356804182,-0.025095426690785648,0.5071870841268956,0.16244770457968427,0.27967550940719904,0.13526763301962721,0.11973639123747898,0.053467634613392406,0.018704428276582013,-0.2995146984994701,-0.13608204703201077,-0.16081090772896428,0.20524348747699,0.3564344285156468,-0.3157615408521863,-0.2035158460104073,0.08278653905920041,0.046528380973631156,0.10159456207316976,0.08901497342396544,-0.05699144944975257,0.1766672776099897,-0.30637585764489317,-0.421262421407454,-0.007364788945644638,-0.31980014184510197,0.10718230283132386,0.08643626134561595,-0.07970738471101052,0.059275314967845785,0.4553674027205572,0.24224115261098583,-0.20038250364573787,-0.2108439783566687,0.3455713249766912,0.26558343759213954,0.2572735458884842,0.4027094008239766,-0.09558128600913228,0.20088453968076883,-0.1546350676154882,0.042747969941588505,0.06788005323175736,-0.0628517240554949,-0.15140769310457491,0.29157615408521864,-0.04078445122680076,0.24003378782204018,-0.18235064427957828,0.29518443847667925,0.2874132394074381,0.06718357784347632,0.2020177067312673,0.2629425686713576,0.19364247065479842,0.2866099817513886,0.22251671461243616,0.20861430085505503,0.06893990708348939,0.2528683789017364,0.21832829969160644,0.48380176748559633,0.34095896851516866,0.5271298679565539,0.5980428563459745,0.36709353011020884,0.3633848385117421,0.5739897520898246,0.32415271458056083,0.47448620994668855,0.31930926216640504,0.49021985990803973,0.4221087107236491,0.1281562527392839,0.14139884770776723,-0.0812820247192981,-0.20221214608451737
#17,0.4671118584099005,0.1975471953717059,0.44475452031652174,0.34773247057511014,1.0,0.6024528046282941,-0.40638621711863193,0.3248029707783152,-0.09162874833650758,0.34148809855843937,0.2016240467291954,0.7586752623735945,0.08403445720342022,-0.482188877112735,-0.36413868944688377,-0.28171234132075323,0.43577046593725344,0.5289021348484728,-0.13818581708356908,-0.2376415462709879,-0.5477101578624421,-0.377711193809816,-0.11445624716110575,-0.16965630453665262,-0.11002876746168987,0.21669150284088645,-0.1434165544390345,-0.16908573659842696,0.27281913155734766,0.3627282072532254,0.26568384479914575,0.5097626086748639,0.5184597853198288,0.4614396480966459,0.33146172174453536,0.24556734056371474,0.4197228442333591,0.4658081584840105,0.3469084939715832,0.4477810804134227,0.03656894229773128,0.3037333949589207,0.28842209277307174,0.033797384631322265,0.06947859971790356,-0.0553721840161289,0.22781120257552454,0.0327901250308792,-0.17015515304130244,-0.3470869956729275,-0.19080078732000413,-0.3456701384185068,-0.11952123293675143,-0.22834192638398584,-0.24066810636788882,0.1574895010718071,-0.2009992907744902,-0.19021428172987273,0.36896620420913384,-0.04725991919610484,0.17491094836997664,0.2282128314035493,-0.33722796420403384,-0.2448517399931468,0.44279578289730576,-0.04581596793344436,-0.3921586752623736,-0.5169903338141192,0.08979113707177522,0.05452111340436214,0.20668265744407877,0.1679653196694531,-0.01878252277092016,0.3182621584361976,0.04270493828144299,0.036094000270940084,0.11040489604666545,0.09343607806261904,-0.4126210265441593,0.0823307222146961,0.1908406314497685,0.5038306146355458,-0.1310728430380352,0.621326172015077,0.6589948122943047,0.2629840065663126,0.35736199985656114,0.2985345329072668,0.18190279626102687,0.47963088398186293,0.45453864482145845,0.28440899202320524,0.1646566631338205,0.30701973878188527,0.4203029747627282,0.26463195977336657,0.3159894492744384,0.2256978699328228,0.49078245902031253,0.18496282542692985,0.04615543991903673,0.4870976738997044,0.5684482305221972,0.4886547824908956,0.3823936759397238,0.34139566017738604,0.31067424236387253,0.17642343153583182,0.07998469985417049,0.18156810557100622,0.07816302624134386
#18,0.43118998477954246,0.1442899377634693,0.44714357433719293,0.36545035819872657,0.6024528046282941,1.0,-0.14877798054012703,0.2498402250396449,-0.12761756010486974,0.3083521264812055,0.1424666703854521,0.5277020296599702,0.4714931189187897,-0.28472615129612955,-0.22160029962785582,-0.25880834176700745,0.5518364159408394,0.478293714986971,-0.12792993808222233,-0.23258134179091394,-0.2725306600578537,-0.24995178860298511,0.023294472025436493,-0.26614444293922174,0.007251631617113851,0.08046282941134282,-0.015569492146722024,0.13696977424316076,0.24869590163281244,0.506211699830264,0.5676864107611026,0.3137581780076341,0.5537361840480042,0.2949421861677119,0.2288630876013037,-0.1176374024814924,0.30444421423391693,0.17187801321231344,0.15222848217772075,-0.07243662791160978,0.08445042991816015,0.008862928224784643,0.16548542103291922,-0.26763620715759945,-0.1300544270812581,-0.2121556471085115,0.12698164779383053,0.26801233574257505,-0.2341448254428675,-0.23743116926583208,-0.010480599893217733,-0.08879503382766617,-0.0006853190319470232,0.06725051598148045,-0.07006988660360669,0.20405294487963088,-0.2495358158882452,-0.3738606571093881,0.023037875829754,-0.28508315469881823,0.06979257146044673,0.06528221597112098,-0.15483428826431003,-0.03602546836774538,0.539617018224705,0.07362398297858777,-0.33686936703615455,-0.23128401692578632,0.04843133661117707,0.06577309564981791,0.27255137900533116,0.32679358350134274,0.1605861868370933,0.3314027524324841,-0.01504833092940417,0.047428858306305735,0.16658671277960618,0.17622102335662887,-0.22361003753317024,0.21803504689654074,0.10368398823801289,0.3841053797544008,-0.02962968865797002,0.46441042641187674,0.4262716254014296,0.24571715449162876,0.17659555817641387,0.17301118026281187,0.18281602371522604,0.13087521615440398,0.14714118368940704,0.2111946066985951,-0.1073799297149551,0.15121325375132483,0.27531815537616844,0.36328443130473587,0.034444453298695506,0.22941453035724246,0.3428906119261449,0.2260724047526078,0.25022591621576395,0.5542669078564655,0.31903832208400734,0.4241232299245352,0.18567364470192607,0.15037971455665436,0.44373291682936356,0.05251615679461945,-0.059249814724796596,0.10763174461506586,0.028735586386057742
#26,-0.03863764951509694,0.35634199013459344,-0.15219660687390926,-0.3091155400074907,-0.40638621711863193,-0.14877798054012703,1.0,-0.026387970260341544,0.49176103084732525,0.030730980404656983,0.2118448628963495,-0.4733259488879503,0.27651666679948045,0.7303110232769406,0.18581070850831546,0.05557777972571301,-0.1627074883057479,-0.25578178167010657,-0.16971049255313214,0.01675844097889058,0.13200678943971184,0.03064491708436596,0.0643689885169218,-0.017964921228155455,-0.005474583429623313,-0.25990007092255096,0.07221031325454821,-0.00891871000645475,-0.016846098064372175,-0.20948130911872753,-0.12827100383300527,-0.2472121062403876,-0.2803401094916686,-0.3466742104885687,-0.17012805903306266,-0.29063105132720796,-0.3122935077974962,-0.2251177394034537,-0.11319079759978962,-0.2919841579740057,0.03439823410816884,-0.411138824916925,-0.3229366717401525,-0.34139725394257664,0.00531680067575644,-0.06513399580839754,-0.23045207149630645,-0.08833602945278073,0.0002613774912542135,0.06112567635410275,0.03349297547992254,0.19333646773820812,-0.044207858856154726,0.15668624341575757,0.09645626309875766,-0.03155176947780283,0.13658089553666058,0.10992357895911195,-0.029816159185267234,0.06175202607399852,0.04010231972523488,-0.020164317191148227,0.3456637633577445,0.21406657157201028,-0.31006701782626367,-0.063870140012272,0.4225422148554853,0.6610539569205269,-0.08000063750607624,-0.015840432229119683,0.19186382870211732,0.007360007650072915,0.21004231446580976,0.12843516164763447,0.07463443010941198,0.0725354413534254,-0.014272167281594403,0.043296225167146124,0.5778721640940641,0.18490066858449744,-0.02608674863932297,-0.3843269131158906,0.05429161121691941,-0.3337153057240077,-0.4085011435265242,-0.005560646749914335,-0.041173329933300924,-0.3170636470128856,-0.23841292862322594,-0.4933372646208034,-0.5356995433862729,-0.05542318450222729,-0.022985281578465046,-0.03597287411645642,-0.0989887559865805,-0.24545258946999338,-0.22765979488241997,-0.06420164317191149,-0.37417303508674066,-0.16022121460845173,0.07908103499111475,-0.24117173616811036,-0.4369020392225613,-0.11178190917132179,-0.2274143550430715,-0.22719919674234396,-0.28510706117667683,0.006902597040378041,-0.07291316370359155,0.032664217580823815,0.12619114025930558
#49,0.6593406593406593,0.5055757875192248,0.3199053303476799,0.39107332116759236,0.3248029707783152,0.2498402250396449,-0.026387970260341544,1.0,0.45911434468359774,0.5370143996684968,0.5115795009921188,0.416607033285786,0.0899664512427384,-0.17109706826893195,-0.0574265473467794,-0.054838272677286456,0.30392464678178965,0.2624612515838042,-0.052015714524779065,-0.17519304480870834,-0.27530381148945327,-0.3383914127931532,-0.04502864792930058,0.0010136346612053646,0.06230665636031844,0.16697718525129693,-0.017968108758536605,-0.07429495812381962,0.0013164500474145144,-0.09670170293810613,0.3511208153702715,0.23725585509486888,0.3227262947349967,0.19397716134481907,0.1603487158236977,-0.09880866052004558,0.31143446835977656,0.028592147518906038,0.07803074373052618,0.059974977886507984,-0.010469443536883711,-0.020148379539242485,-0.1547657563611153,-0.32151822072054126,-0.12679995856210505,-0.18195539051231582,0.2037150666592291,0.07733426834224513,-0.034524141558224225,-0.2886643450820391,0.15598817426228595,-0.08373323558240164,-0.11133884244834208,-0.2861637274980277,-0.29234913020264724,-0.0308983257496673,-0.28315469881822314,-0.4441600459004375,-0.08394998764831978,-0.33298536126672457,0.1684036050968611,0.08162787176565277,0.01705488130433743,0.07624572671708277,0.23268174899792013,-0.036997665133995807,-0.052774346755492516,-0.20597821322984486,0.18475244842177402,-0.015375052793471938,0.44218377706412515,0.12352158356509335,0.260596546310832,0.41464829586657,0.1454023858664903,0.07457386703217014,0.1035214241885743,-0.0758010662289125,-0.14348189881184806,0.022532652264341896,0.05682888540031397,0.15566145239821816,-0.030268788499390385,0.3436333065049526,0.306286606794221,0.23971822231430642,0.16803544533783837,0.01278199682840727,-0.0555347480655675,0.22421885583596968,0.13339814645108336,0.30141446660663485,0.09058164460630015,0.31492640789232523,-0.01897058706340795,0.19467682426348126,0.22872283626453316,0.22990859756632057,0.25945859796476184,0.36873351449131,0.24525496258636215,0.41453195100765805,0.15042912127756217,0.3657053606292185,0.33905441911243217,0.2597486632294464,0.45220377881726687,0.19064459833132785,0.005676991608826272,0.07678123182111579,-0.12091737124369467
#50,0.21464510833618883,0.5341312784387476,-0.04070316920208146,-0.15922351759915213,-0.09162874833650758,-0.12761756010486974,0.49176103084732525,0.45911434468359774,1.0,0.17599789622994844,0.3010176190741818,-0.07406704970156747,0.04549880866052004,0.45433464287706493,0.18321605877806021,-0.02643737698124935,-0.09746192893401015,-0.0819067806740033,-0.14298623783757938,-0.21251105674600962,0.007221350078492936,-0.310181768919985,-0.09718142626046905,-0.07825068332682546,0.1103268015523273,-0.11243535289945732,-0.21107985560487375,-0.3138314912064006,0.007938544414251448,-0.27921172373674186,-0.09311732502450414,-0.20548573978595733,-0.0727792874275833,-0.16219429591438295,-0.004994860107260397,-0.14379268302401008,-0.029432061774338786,-0.20914502466351634,-0.0974523663428667,-0.08465761939293484,0.14470591047820924,-0.08756145957016152,-0.22270318513973336,-0.23816430125349633,0.022119867079983105,-0.1661850839515814,-0.09449593191435106,-0.14221644925053192,-0.11467140546183331,-0.1501406497780682,0.12050299229414531,-0.056046346691741904,-0.08770489843731323,-0.22678003649722286,-0.12466909450230698,-0.16487819649531035,0.019407278725625355,-0.1768553419024775,-0.042951971885982036,-0.1440221852114528,0.19717903561268318,0.15433384599446964,0.20025978372606365,0.08480265202527712,-0.19954737068587686,-0.13305708070030042,0.3494648933372646,0.3285084748464009,0.016148028910900558,-0.08566169146299675,0.2853477197204536,-0.11400202408179202,0.06580337718843883,0.11037780203842568,-0.003962100263768139,-0.06788005323175736,0.14414490513112704,0.12606842033963137,0.27057989146459055,-0.09003338938074254,0.031876897576680024,-0.10708348938950825,0.09999601558702356,-0.13919307668401215,-0.11488656376256086,0.12933563898030903,0.18954968164540317,-0.15251217238164302,-0.09100877367737412,-0.08079911386655404,-0.2008813521503877,0.14249695192407302,-0.030888763158523853,0.2384830542916112,0.0063925921793942094,0.03207133692993011,0.03238849620285443,0.14574982667803552,-0.13150794093506205,0.2059559005171768,0.003723035485181968,-0.038016081090772896,-0.2553020583477436,0.12403477595645833,0.0710994589167178,0.08634860426013435,0.041678553498713036,0.2218345831108703,-0.027030257632143055,0.13103778020384257,0.1394273601670266
#51,0.7205221174764322,0.6391046227159353,0.7317836623130314,0.7525998294671246,0.34148809855843937,0.3083521264812055,0.030730980404656983,0.5370143996684968,0.17599789622994844,1.0,0.6171457259202002,0.27886906422076835,0.14611001761110537,-0.13535529010510883,-0.16054474894213835,-0.34018599239774006,0.6994509478918471,0.5774035971280351,-0.16286048976404308,-0.20665078214026728,-0.18641474551554318,-0.2763955406449968,0.2823450661014113,0.10164715632445871,0.2826988819737188,0.23341806851596555,0.1934384687104049,0.05775326921084717,0.12853397508945008,-0.0008064451864306832,0.43140036178469826,0.27917984843293037,0.6289093067918303,0.32347695813975724,0.2578074572273267,-0.10286319916486704,0.43562702707010176,0.05773095649817912,0.3150586904031429,0.1248236897257927,0.036066906262700316,-0.11512084724557531,-0.19333487397301755,-0.4728940385213047,-0.12627401604921548,-0.2121508658129398,0.26833905760664284,0.12348811449609129,-0.15337280558455324,-0.16216879567133374,0.2888125652447625,0.16775175513391613,0.14255113994055255,0.06092167440970922,-0.009078086525512197,0.16324299340978093,-0.2911809003179562,-0.4439624190168063,0.037316418172110705,-0.3116655643124098,0.10852584688697814,0.1290758552542454,-0.09761971168787703,-0.003578002852839691,0.37086756608148924,0.13639761253974453,-0.15948330132521576,-0.12082971415821307,0.3289993545250978,0.2148905481755373,0.42252946473396075,0.3322299165663923,-0.04624628453489947,0.359370143996685,-0.1551785415454741,0.08644263640637825,0.02309843890699583,-0.015631648989154426,0.06826893193825753,0.25772458143741683,0.09036808007076318,0.04230171568822765,-0.20547458342962333,0.39137613655380155,0.24870227669357473,0.0851405302456789,0.3138314912064006,0.10198662831005108,0.00022472089187100064,0.0675214560638781,0.06327885312656886,0.29805002828933214,0.08760449123030704,0.22165289387914477,0.21259552630111006,0.48052339248858467,0.3338252755221573,0.5971917857342077,0.5020790666911044,0.4186980532158197,0.355059009156181,0.5322283228012017,0.19926368048195459,0.5930272772912367,0.39724916128106846,0.49320338834479516,0.33914366996310435,0.13845675716596673,0.09802293428109236,-0.18822048147646409,-0.30251257082294064
#52,0.6076723856274255,0.5083792204894453,0.44296472200750664,0.41279474694993185,0.2016240467291954,0.1424666703854521,0.2118448628963495,0.5115795009921188,0.3010176190741818,0.6171457259202002,1.0,0.16731346970650815,0.1056188191793703,0.0392894994780419,-0.06753579995059328,-0.1830311820159536,0.4093139637737172,0.25782976993999474,-0.21449529440827483,-0.20527376901561092,-0.1390576066428133,-0.43126329797830887,0.20058331805975027,0.18378343918590473,0.19045175274326834,0.061632493684705435,0.03402210552319327,0.08491262182342675,0.026085154874132394,-0.17099028600116345,0.252806222059304,0.1786722342197324,0.3420236036624724,0.1719672640629856,0.14923698491501247,-0.160504904812374,0.30193881535433387,0.015351146315613321,0.18973774593789097,0.05516340077616365,-0.03290328235940999,-0.1851174206504156,-0.1125803855317996,-0.3525057973208807,-0.11626517065240778,-0.15142203699129006,-0.032812437743547244,0.16242857939739738,0.014608451736805616,0.07706970332060978,0.17826901162651707,0.17718843882730756,0.07335623042657126,-0.006465905378160636,-0.00017690793615376648,0.04645028647929301,-0.0930073552263545,-0.2018678928033533,-0.013016280311421718,-0.2632437902923762,0.1444285953350493,0.09058961343225302,-0.029304560559092828,-0.0364302847261513,0.07971694730215398,0.04386041804460949,0.03175258389181522,-0.010145909203197093,0.2338643227693264,0.07105961478695344,0.43758098319374605,0.19583867908741004,0.20257711831315892,0.4796723218768179,-0.08145255759468957,0.1681215086581294,0.03909027882922009,-0.016401437576201897,0.14087290519487763,0.13506522484042427,0.1707751277004359,0.015199738622508745,-0.12297651586991688,0.16927380089091473,0.1626835818278893,0.07890731458534214,0.21427694857716612,0.08354357752472329,-0.05149933460303294,0.061222896030727794,-0.08769374208097921,0.26542246730789154,0.16990493190638223,0.22213102343631713,0.18482416785534986,0.22438141988540827,0.24258221836176877,0.28901019212839374,0.1657802675931755,0.2576130178740766,0.33586529496609263,0.24232243463570513,-0.02414873016758441,0.340238586649029,0.29872897226051687,0.2373355433543976,0.1355927611185044,0.1408139358828264,0.1780554470909801,-0.011911801034353608,-0.13507956872713944
#53,0.4231287204456167,0.13095171688355153,0.25715560726438175,0.32594570041995713,0.7586752623735945,0.5277020296599702,-0.4733259488879503,0.416607033285786,-0.07406704970156747,0.27886906422076835,0.16731346970650815,1.0,0.21771629385842584,-0.45716198232514405,-0.3338204942265856,-0.1834312170787878,0.3188247575484704,0.29036329877519146,-0.0019667062451688994,-0.15187466630541321,-0.3525185474424053,-0.37044203077560584,-0.27463602387460256,-0.30828200081282026,-0.22104407557634534,0.05485261656400162,-0.08447114886563763,-0.09434771175162764,0.19342890611926145,0.3036999258899186,0.27880531361314537,0.3528197690634239,0.3706316888332842,0.24453776825060364,0.3084780339312609,0.1301755532357418,0.34081074835244524,0.16759875367562097,0.11980651690586426,0.2229757189873216,0.11901282184095817,0.25440954984102193,0.3354477284861621,0.02152220513351768,0.10289826199905967,-0.046851915307317776,0.22398457235295524,0.06540334212560464,0.009846281347369092,-0.21642853158444167,-0.0776864904493621,-0.2511455187307254,-0.09956569898556845,-0.2529576297524086,-0.31318920383459903,-0.07659954258939031,-0.1498458032178119,-0.294975655236714,0.27567834630923826,-0.11169265832064962,0.054863772920335646,0.08279450788515329,-0.18677971774418475,-0.15387006032401246,0.464480552080262,0.05438086206759158,-0.3172517113053734,-0.45814852297810965,-0.03373522778888986,-0.01233255504466527,0.08588800612005833,0.0522260915299349,-0.042159870586266524,0.310256675883942,0.005659460191729952,0.04944815880276359,0.024824486608387986,0.08377626724254715,-0.42234299420666355,-0.006808564894134147,0.32497669118408784,0.6792914119962706,-0.0370104152555204,0.6706149542987832,0.770916972802397,0.19956649586816375,0.1775996302464758,0.4124919315637227,0.21516626955350668,0.652015714524779,0.5242021213014687,0.34075337280558454,0.16356652774346755,0.12352955239104622,0.18777263345791265,0.24765676672855788,0.0647562734582314,0.029777908820693446,0.2485221812270398,0.18855995346205642,0.06968738295786882,0.40308712317414275,0.39967168437074163,0.26733657930177146,0.1685342938424882,0.1419981034194232,0.34768465761939293,0.13322442604531073,0.051343145614356635,-0.0067129389826996785,-0.02933006080214202
#54,0.15904023460223604,0.13731243375913427,0.07431408330610652,0.047895831507144056,0.08403445720342022,0.4714931189187897,0.27651666679948045,0.0899664512427384,0.04549880866052004,0.14611001761110537,0.1056188191793703,0.21771629385842584,1.0,0.09301691781749795,-0.04084660806923316,0.0016575157981974515,0.24696347887065798,-0.06529815362302673,-0.14682083688610156,-0.05344532190072437,-0.03172708364876603,-0.03302440851389365,-0.11043677135047693,-0.23195658583620876,-0.18826351313660958,-0.19234992708524254,0.051571054036608784,0.028910900557020933,0.15372502769167018,0.19044219015212488,0.33289292288567124,-0.19702444038919745,0.15411550016336092,-0.09958960546342707,-0.10053470822143773,-0.3115364693319733,-0.2313031421080732,-0.11736805616428532,-0.2571460446732383,-0.3817609511590657,0.0825060363856593,-0.28603782004797235,-0.09779980715441194,-0.24025532118353002,-0.1257098231717521,-0.10938648008988835,0.05942991019133151,0.006311310154674911,0.008305110408083577,-0.08961901043119318,-0.00832742312075162,-0.046461442835627025,0.016855660655515622,0.21833467475236873,-0.06786252181466104,0.20263290009482904,-0.011734893098199842,-0.08019985815489804,-0.012899935452509781,-0.16877495238626494,0.011165918925164756,-0.05162842958346947,0.17200232689717823,0.19201842392560303,0.10723808461299397,0.16155519607296256,-0.03486042601343544,0.23210002470336044,-0.16208113858585216,-0.0043828542740798,0.24051191737921251,0.20261536867773272,0.2742471451681024,0.3398130513431456,-0.10695758193945286,0.09805321581971328,0.08769374208097921,0.22783510905338317,0.1523257018543458,0.17286296010008845,-0.004272884475930161,0.33458868904844247,0.4037533170238029,-0.020282255815250737,0.2509128290129015,0.13372327454996055,0.0006375060762297891,0.10972276454509958,0.15145231852991098,-0.0393707815027612,-0.20352222107116957,0.16782506833268254,-0.15640414697702587,-0.040280821426579225,0.020696634764800104,0.05310744368032258,-0.23692594570041997,-0.06256325255600093,0.015078612468025086,0.08583859939915052,0.12038186613966165,0.18437472607160788,-0.259386878531186,0.13685183561905825,-0.16981568105571007,-0.20197945636669348,0.21302903043294633,-0.02917705934384687,-0.12901369841181298,-0.07407342476232977,-0.06328363442214059
#58,-0.1871128146690148,0.06304616340874498,-0.21525552040417886,-0.35475619376997186,-0.482188877112735,-0.28472615129612955,0.7303110232769406,-0.17109706826893195,0.45433464287706493,-0.13535529010510883,0.0392894994780419,-0.45716198232514405,0.09301691781749795,1.0,0.3033732040258509,-0.0895233845197587,-0.23811011323701678,-0.2889560041119142,-0.0716795894460869,0.00269027564168971,0.37268127086836295,-0.03168405198862052,0.12268485684004175,-0.04007681948218569,0.09861262740160492,-0.4319326793583501,0.020546820836886102,-0.056455944345719544,-0.06846655882188878,-0.26512283945206355,-0.2099020631290392,-0.34435528213628286,-0.3472097155926017,-0.3549984460789392,-0.27785224202918185,-0.20610252691470965,-0.41265130808278017,-0.28908350532716015,-0.23680800707631744,-0.3026831036983321,-0.04483420857605049,-0.3555259823570193,-0.3774498163185618,-0.17561698634940115,-0.07131461721744535,-0.05240778076166038,-0.21962721832192464,-0.0847229637657484,0.03447473483731642,0.07967232187681789,0.07590466096629983,0.22707488305747914,0.018691678155057415,0.15922829889472384,0.08093777143813402,-0.16903792364270973,0.28052179872339406,0.09032026711504594,-0.03643984731729474,-0.024394170006932878,-0.027994485572440612,-0.02113810772258923,0.49556534835722654,0.3079409350620373,-0.3015084987528787,0.03133661117707528,0.6714580560845971,0.734654033421256,0.07980301062244499,0.14241885742973487,0.1491604841858649,0.030294288742439578,-0.017281195961399008,0.017160069806915347,-0.026239750097618118,0.10033230004223478,-0.012477587677007547,0.1347002526117827,0.5703989991154603,-0.08056801791392074,0.11932679358350134,-0.29526412673620794,0.0018184860824454732,-0.3132848297460335,-0.30799352931332624,-0.0648805871430962,-0.06560893783518874,-0.238585055263808,-0.14798428547522094,-0.4040959765397764,-0.5020440038569117,-0.06115755165791424,-0.10680298671596714,-0.08679007721792348,-0.13404999641402832,-0.13123381332228323,-0.24141717600745882,-0.011945270103355672,-0.4219557092653539,-0.012683183386591653,0.13213269688976723,-0.2685319031947023,-0.3959566177115126,-0.12544525815011676,-0.18212273585732613,-0.18621074357114967,-0.23963534652439655,0.050063352166325334,0.006281028616053997,-0.049432221150857845,0.09364804883296544
#101,-0.19399628652710596,-0.1310919682203221,-0.20747475874379429,-0.21682219158651356,-0.36413868944688377,-0.22160029962785582,0.18581070850831546,-0.0574265473467794,0.18321605877806021,-0.16054474894213835,-0.06753579995059328,-0.3338204942265856,-0.04084660806923316,0.3033732040258509,1.0,0.4236992883838424,-0.04273362605487334,-0.23704069679414133,0.20474145144195904,0.08201675047215294,0.5412665651969495,0.05775645674122831,0.3579389428555491,0.2166628150674561,0.27697726493955643,-0.3581317884436086,-0.2184175505422786,-0.3862952131262501,-0.37328849540597187,-0.33098837348293475,-0.04250890516300233,-0.3443536883710923,-0.1281275649658536,-0.2255241495270502,-0.3612205053829419,-0.097983090151328,-0.1697328052658002,-0.0515949605144674,-0.018591270948051224,-0.09363529871144084,-0.08059989321773223,-0.31858250523950304,-0.1730972435831029,0.09299141757444876,-0.27350126305891354,-0.06926981647793831,-0.19771932201228792,-0.20591765015260302,-0.07739005012391524,0.027302791479731293,0.10231335017411884,0.09547450374136378,0.13105371785574832,-0.06565515702571541,0.17579230052036435,-0.061074675868004365,-0.1778976643371132,-0.0017882045438245584,-0.46753101865502156,-0.31679270693048794,-0.4040210695758194,-0.4059511192216051,0.4995593239248062,0.4366087864274956,-0.33764393691877376,-0.1967965319669453,0.3500609615185395,0.49242881846217595,0.30472312314226746,0.12937707687526398,0.08003570034026887,0.0877941492879854,0.07824271450087258,-0.002076676043318538,-0.12923045047773113,-0.18252914598092262,-0.3271968060945581,-0.2649539003418626,0.5274645586465746,-0.033394162038106925,-0.07895194001067822,-0.13476559698459625,0.24095179657181107,-0.309271728996167,-0.2390584035254086,-0.4630270382264581,-0.46315613320689464,-0.33042736813585255,-0.1288511343623744,-0.18895680099450948,-0.35987855509247824,-0.3618723553458869,-0.21071010208066046,-0.28255066181099536,-0.3876945389635745,-0.10101443154380065,-0.08488712158037756,0.007141661818964212,-0.3329216106591016,0.09127971375977177,0.004794045693248014,-0.24614587732789328,-0.3948170756002518,-0.008483612109427918,0.022231430643323318,0.03678888189403055,-0.10912988389420587,-0.30958570073871017,0.042363872530660054,-0.2808070826925069,-0.26627672545003944
#102,-0.2680250858640996,-0.07847540421869646,-0.373890938648009,-0.2415494585182765,-0.28171234132075323,-0.25880834176700745,0.05557777972571301,-0.054838272677286456,-0.02643737698124935,-0.34018599239774006,-0.1830311820159536,-0.1834312170787878,0.0016575157981974515,-0.0895233845197587,0.4236992883838424,1.0,-0.38080469204472106,-0.3807505040282415,0.09628732398855677,0.3469148690323455,-0.07267091139462423,0.4017356102925356,-0.19121676003474408,0.10143996684968404,-0.3614308823880978,0.033916917020615354,-0.33592745180852507,-0.23633147128433568,-0.2480934583907753,-0.10951079377475316,-0.19586896062603096,-0.17319286949453738,-0.28338898230123755,-0.2161081847811362,-0.17099506729673516,0.0643881136992087,-0.2463514730374774,0.1300942712110225,-0.18026121811473517,0.09543784714198057,0.06901800157782755,0.027902047191387294,0.04038122863358541,0.3507924997410132,-0.010958729450390075,0.2148475165153918,-0.15743531305532757,-0.24100279705790945,-0.09621719832017149,-0.14075018527520342,-0.3111699033381412,-0.30508650160571843,-0.23523336706802986,-0.2452836503597925,-0.22965359513582864,-0.05148658448150834,-0.23962578393325312,0.23666297444397516,-0.19618771366414586,0.13362446110814494,-0.2214202041613209,-0.30682211189825404,0.2862131342189355,0.30545944266031283,-0.29053223788539234,-0.20982237486951047,0.03869980635752934,0.14001864705272973,-0.0710181768919985,-0.005512833794197101,-0.18598761644446923,-0.13284510992995402,0.17093609798468393,-0.10764927603216218,0.09716070731299158,-0.20905099251727244,-0.1790467690395174,-0.31486903234546454,0.15529648016957662,0.18978715265879878,-0.2535839794723043,-0.02643259568567763,0.20451673055008807,-0.27404951828447116,-0.2633441974993824,-0.2617153694746153,-0.4329160324809346,-0.2191921204248978,-0.13067918303596332,0.017193538875917413,0.001976268836312346,-0.34378790172843837,0.013150156587429974,-0.2491118743475524,-0.32277092016033276,-0.41624046729195385,-0.15485341344659692,-0.3633115253129756,-0.29207978388544015,-0.3678712875232092,-0.39424013260126384,-0.32598873208010265,-0.2998127325901075,-0.25133198925802264,-0.20118257377140625,-0.15475938130035302,-0.20590171250069728,-0.2929133230801106,-0.034669174190566504,-0.038154738662352874,0.010238347584250412
#201,0.5592187363035804,0.31262022966156394,0.8492457506235607,0.6358724669094502,0.43577046593725344,0.5518364159408394,-0.1627074883057479,0.30392464678178965,-0.09746192893401015,0.6994509478918471,0.4093139637737172,0.3188247575484704,0.24696347887065798,-0.23811011323701678,-0.04273362605487334,-0.38080469204472106,1.0,0.7436938695821944,-0.14986174086971765,-0.26363745029444813,-0.06598187888978317,-0.27651029173871816,0.43653228569834807,0.05970563156930089,0.37613655380152844,0.05641291268557404,0.2601726047701392,-0.023493692674258302,0.21521248874403334,0.17286136633489788,0.6387890572082016,0.1750464184111755,0.7723131111093403,0.3333726462080342,0.1486664169767868,-0.16278717656527664,0.43282518786507185,0.15774290973710844,0.35422706372670115,0.06706563921937381,-0.01805098454844648,-0.15510044705113596,-0.1581875702252787,-0.3239885567659317,-0.3363274868713592,-0.19774960355090884,0.336002358772482,0.17966674369865088,-0.04996613248970029,-0.12073727577715974,0.3299093944489158,0.1334013339814645,0.35144913099952985,0.24296472200750663,0.1288877909617576,0.3541059375722175,-0.3550685717473245,-0.42117954561754417,-0.045855812063208726,-0.3303078357465595,-0.10944704316713019,-0.055470997457944524,-0.21844623831570895,-0.06068739092669477,0.4115292973886157,0.1287507271553682,-0.23863127445433463,-0.1513901616874786,0.41861198989552867,0.25469642757532535,0.5092047908581628,0.5470073074133988,-0.07932647483046323,0.41571771230944543,-0.3380854098765629,0.02651069018001578,-0.10024783048713433,-0.05338954011905426,0.07842759126297923,0.2269091314776594,0.08967638597805386,0.20619496529576298,-0.06314816438094176,0.43953015802181866,0.3684705432348652,-0.06602491054992868,0.16811832112774824,0.1319111635282774,0.17772713146172175,0.027041413988477078,-0.03028472615129613,0.04282447067073608,-0.1031341392472647,0.07225971997545602,0.25114233120034424,0.6751396536748241,0.3124560718469348,0.7278215620492633,0.5607280319390544,0.6426236562567237,0.5275203404282447,0.6854417518666974,0.3051502522133414,0.7307397461132051,0.5036393628126768,0.5280351265848002,0.4625983153901936,-0.09485931037780204,-0.09622357338093379,-0.22214058602746056,-0.32753468431495986
