,#10,#11,#12,#13,#17,#18,#26,#49,#50,#51,#52,#53,#54,#58,#101,#102,#201,#202,#301,#302,#401,#402,#501,#502,#601,#602,#701,#702,#801,#802,#901,#902,#1001,#1002,#1101,#1102,#1201,#1202,#1301,#1302,#1401,#1402,#1501,#1502,#1601,#1602,#1701,#1702,#1801,#1802,#1901,#1902,#2001,#2002,#2101,#2102,#2201,#2202,#2301,#2302,#2401,#2402,#2501,#2502,#2601,#2602,#2701,#2702,#2801,#2802,#2901,#2902,#3001,#3002,#3101,#3102,#3201,#3202,#3301,#3302,#3401,#3402,#3455,#3501,#3502,#3601,#3602,#3701,#3702,#3801,#3802,#3901,#3902,#4001,#4002,#4101,#4102,#4201,#4202,#4301,#4302,#4401,#4402,#4501,#4502,#4601,#4602,#4701,#4702,#4801,#4802
#10,1.0,0.3956856776291149,0.4420993075090247,0.470963988875519,0.4596243495445816,0.194093506203731,-0.005667429017682825,0.6134880348078318,0.07589987967072812,0.5164133908151312,0.38052418937117993,0.1762815864338707,0.07677804429073465,0.023469786196399684,0.07786021085513471,-0.14668696061009331,0.40501079775916615,0.3182302831323861,0.23482855070962394,0.11182015953589558,0.0779861183051901,-0.0648869622038585,0.2889097849213875,0.14153591151415662,0.15610770665157903,0.2334340061678713,-0.10231335017411884,0.058056084597056315,0.23520149176421837,0.1680338515726478,-0.14661524117651747,-0.01591374542788611,-0.15940998812644933,-0.0366358804357354,0.1016296249073624,0.027898859661006144,0.19718859820382664,-0.08033692196128744,0.13382368175696674,0.018364956290989647,-0.018355393699846203,0.08792802556399365,0.0036895664161799044,0.0908844599925093,-0.14102271912279163,-0.030012192303707896,-0.014603670441233892,0.018199204711169904,-0.2229183434404609,-0.2557228123580553,-0.16735012630589136,-0.16678912095880913,-0.19851301707719402,0.07399533026799161,-0.14719059041031485,0.06312744543346428,-0.32138593820972355,-0.08864043860418044,0.14857716612611463,-0.04485173999314681,0.04191921204248978,-0.0454079640446573,0.13396712062411845,0.14155981799201522,0.0600737913283236,0.08735108256500569,0.03345950641092048,0.13807425352022887,0.3011610579413335,0.2770346404864171,0.26907378335949766,0.3920805807680354,0.053298695503191516,0.25841627553012614,0.08496521607471572,0.11686123883368263,-0.0026886818764991355,0.10260819673437513,-0.0006375060762297891,0.2666464789742527,-0.08655101243933731,0.22970937691749874,-0.16698834160763096,-0.09394448915841229,0.19845723529552392,0.0469252285060842,0.0954298783160277,0.13988636454191203,0.3141661818964212,-0.10286957422562934,0.11436380878005244,0.017615886651419645,0.06578265824096136,-0.08039429750814812,0.11184884730932591,0.14615783056682258,0.44518164938759575,-0.0430667229797034,-0.08280885177186845,0.002369928838384241,0.11368327104367713,0.08530628182549865,-0.06170261935309071,-0.030418602427304386,-0.1847476671262023,-0.14939476766887935,-0.08254906804580481,0.02922327853437353,0.21016662815067455,0.02594490353736184,0.005100048609838313
#11,0.3956856776291149,1.0,0.41236602411366735,0.33010064627178476,0.1610037533170238,0.08180477970180654,0.23875080684362773,0.355710859119126,0.2936831116671581,0.5311254372893242,0.4207508227812796,0.1259233877072891,0.23745029444811896,0.25116783144339344,0.08550390870912988,-0.08984691885344533,0.17155447887862682,0.14918439066372352,0.08498912255257433,-0.09744120998653269,0.10282973009586498,-0.279589446086908,0.03748695104750217,0.0706308919506889,-0.13107762433360692,-0.1780474782650272,-0.08464327550621967,0.06607750480121764,-0.05569253081943437,-0.08593741284096613,-0.005068173306026823,0.08093458390775288,-0.06779717744184749,0.11434308983257496,-0.1892102096598108,-0.08728573819219214,-0.056312505478567844,0.0045629497406147156,0.12544685191530733,0.02573771406258716,0.06516905864259019,-0.0621090294766872,-0.05541043438070269,0.02460932830766043,-0.12765421670425298,-0.0014216385499924297,-0.01136673333917714,-0.0197977511973161,-0.144058841810836,-0.29818709209572153,-0.17042609312370008,-0.1417176007458821,-0.07003323000422348,-0.20004621919052665,-0.07283188167887225,-0.11227278885001872,-0.2753707496274574,-0.3410290941835539,-0.08160396528779415,-0.11216919411263139,0.07787455474184989,0.08321048059989322,0.05466933356708556,-0.031019451904150962,0.24161002159551834,0.27193937317215056,-0.017655730781184008,0.21331909569763086,0.002142020416132091,-0.006352748049629848,0.09301213652192622,0.14148969232362996,-0.15922033006877095,0.0519886205165393,-0.10463068476121413,-0.14254476487979026,-0.15774290973710844,-0.09209253400696475,0.01341631537425591,0.10506100136266924,-0.20489604666544478,-0.03829339623393285,0.07415789431743021,-0.20078891376933436,-0.09337870251575835,0.16771350476934233,0.11923913649801975,0.024276231382830367,0.06545593637689359,-0.16956067862521815,-0.15140450557419374,0.015040362103451298,-0.07077592458303118,0.2024097729681486,0.04343647650391668,-0.10184956450366167,0.11929173074930871,0.02691710030361227,-0.09532787734383093,0.09102630509447043,0.05635394337352278,0.13407230912669638,0.035799153710683804,0.0007522571699511511,-0.13963614340699185,-0.09219772250954267,0.018242236371315414,0.021431360517654933,-0.06445823936759397,0.22563890062077155,0.18711600219939598
#12,0.4420993075090247,0.41236602411366735,1.0,0.6575189857278327,0.1242244340141367,0.1005873024727267,0.37132338292599354,0.06555953111428094,0.05274884651244332,0.6223971822231431,0.3373044649331814,-0.02830686354979321,0.24499996015587022,0.2759572552175888,-0.22328331566910248,0.12270398202232866,0.41423232315183006,0.6883439982787336,-0.0785534987130346,0.3113818741084876,-0.12172381643012535,-0.10349114264995338,-0.07712229757189873,0.0318099594386759,-0.23345472511534876,-0.032136681302743664,-0.1241304018678928,0.38028193706221264,0.07676370040401947,0.1331272063686857,0.3364119564264597,0.18173545091601653,0.32032767812318214,0.44442461092207286,-0.005909681326650144,0.11009570559969399,-0.06373945126664489,0.2773661436460566,-0.0354437440731857,0.20581405541521566,-0.2749213078437154,-0.07250037851923276,-0.36823785351704136,0.049892819290933865,-0.34114543904246586,0.08319135541760632,0.1952489859668975,0.23472336220704604,-0.015284208177609193,-0.004715951198909865,-0.008242953565651173,0.10076261664368988,-0.11698874004892859,-0.24800102000972196,-0.38122863358541387,-0.07615328833602945,-0.451008454924336,-0.31960092119628014,0.06506387014001228,0.04107451649148531,-0.03126170421311828,-0.042684219333965524,0.22559905649100717,0.06445983313278454,0.3367609910031955,0.3035214241885743,0.31543163145773734,0.31864147455155434,0.251596554279658,0.3512961295412347,0.42819211245607186,0.4975894301492561,-0.003557283905362223,0.3129118886914391,-0.07375467172421488,-0.04137733187769446,-0.005610053470822144,-0.03466758042537593,-0.19838551586194805,0.14630923825992717,-0.15836607192662305,-0.09280813457753269,0.07626007060379794,-0.1634517766497462,-0.05058929467921491,0.06404704794842576,0.056481444588768734,-0.10071480368797266,0.10155790547378654,-0.37086756608148924,-0.17299364884571555,-0.0683709329104543,0.014420387444317829,0.08511981129820144,-0.0947557156404147,0.21456382631146953,0.2362995959805242,0.37222067272828696,0.19773525966419367,0.2747603375594674,0.4162787176565277,0.4084915809353808,0.43677613177250596,0.3943867589987967,0.12000095625911435,0.2875901473435919,0.4043621353266023,-0.029360342340762936,-0.07135924264278144,0.024612515838041582,-0.06601375419359466
#13,0.470963988875519,0.33010064627178476,0.6575189857278327,1.0,0.2088342404513543,0.06443592665492592,0.1467060857923802,0.13829259935133756,-0.011687080142482608,0.6105571006223653,0.17190829475093433,-0.07732311198591112,0.11220106941644288,0.06666401039134905,-0.15973192869494537,0.06958060069010033,0.3383595374893417,0.3162842958346947,-0.09711926941803664,0.14465969128768258,-0.08477555801703734,-0.1237558670481078,-0.0073823203627409574,-0.014069759102391445,-0.1604108726661301,0.07325263568918391,0.026890006295372502,0.4272772912366821,-0.07862043685103874,0.2192861525711417,0.10262732191666202,0.36524635625433305,0.16931842631625083,0.2915713727896469,-0.09899991234291451,0.020151567069623632,-0.14022424276231382,0.06393867191546669,-0.14258779653993578,0.033212472806381434,-0.15161169504896843,0.07815505741539099,-0.3396090493987521,0.003300687709679733,-0.45789830184318947,-0.09663157726972085,0.33086565356326053,0.3530317398337703,0.19047087792555523,0.033857947708564096,-0.047046354660567856,0.08251559897680275,-0.23514889751292942,-0.22859055375371545,-0.4120329271888373,-0.15602323709647858,-0.35501597749603553,-0.08535568854640646,0.13667811521328563,0.10869956729275077,0.008233390974507726,0.013363721122966953,0.22519424013260125,-0.004072070061917778,0.3473483731641817,0.3020710978651515,0.18169082549068047,0.20581086788483452,0.14705990166468774,0.17996318402409772,0.09266628947557157,0.2807799886842671,-0.08867709520356366,0.10476615480241296,-0.05948728573819219,-0.03802086238634462,-0.07107077114328746,-0.06255528373004805,-0.1617719481388807,0.19391022320681495,-0.1634645267712708,-0.04081154523504052,-0.09518284471148866,-0.1107507430930201,0.10473427949860147,0.1513582863836671,0.14827594450509607,-0.17444556893432892,0.23310409677342236,-0.24094701527623935,-0.18617249320657586,0.04342850767796381,0.015056299755357043,0.05731657754862976,0.056455944345719544,-0.025179896245886093,0.30252372717927467,0.21275968411573923,0.21339400266158787,0.2393022495995665,0.42724382216768003,0.2564161002159552,0.23194542947987473,0.3477547832877782,0.03247615328833603,0.18501701344340937,0.23533377427503605,0.01857533329614548,-0.09949716708237376,-0.03282518786507184,-0.09888834877957431
#17,0.4596243495445816,0.1610037533170238,0.1242244340141367,0.2088342404513543,1.0,0.4328714070555985,-0.14464375363577683,0.23861852433281006,-0.06358644980834974,0.16186916781550575,0.10898325749667301,0.4075241654647021,0.0626955350668186,-0.14352014917642184,-0.08476918295627506,-0.031148546884587493,0.20490242172620707,0.05182765023229128,0.14575620173879783,0.2790140968531106,0.010499725075504627,0.07225175114950315,0.14643355194479196,0.1410944385563675,0.023873008789615027,0.26092645570528095,-0.3636780913068078,-0.20739188295388442,0.17147000932352635,0.4768242634812613,-0.14895170094589963,0.1364996135119413,-0.259847476671262,0.027917984843293036,0.09294041708835038,0.09150602841683335,0.3586497621305453,0.11248635338555571,0.08968913609957845,0.3202591462199874,0.3621385141327128,0.27205890556144363,0.025192646367410688,0.2700826367251313,-0.04242284184271131,0.22216289874012862,-0.1530301460685797,-0.13477994087131143,-0.21608746583365873,-0.27017985640175635,-0.1678967877662584,-0.18094813091187276,-0.32992214457044045,0.12162181545792858,-0.15289786355776203,0.29900469363848625,-0.26317525838918154,0.22430970045183243,0.0959478520029644,0.05356326052482688,-0.04559921586752624,-0.07992254301173808,0.20118894883216856,-0.03183227215134394,-0.2489540915936855,-0.16057184295037813,-0.045705998135294724,-0.025760026775255202,0.2296998143263553,0.21762704300775368,0.04221565236793663,0.15988333638804994,0.10160253089912263,0.07269959916805457,0.1740327837499701,0.06734295436253376,-0.07425670775924582,-0.1295683286981329,-0.16765772298767223,0.2942170230060005,0.08890659739100638,0.3685741379722525,-0.4354294001864705,0.1606610938010503,0.592659117532214,-0.02290559331893632,0.049980476376415464,0.20305684163552185,0.5623074532429138,0.10829475093434485,0.44856361912199477,0.09395405174955573,0.39188136011921365,-0.16119341137470217,0.2383475842504124,-0.1275410593757222,0.3617018224704954,-0.18664106017260476,-0.2297555961080254,-0.019861501804939077,-0.13763437432763032,-0.017869295316720987,-0.06086270509765796,-0.3030799512307852,-0.3170811784299819,-0.2996995752615767,-0.286930328554694,-0.11351592569866681,0.20474463897234021,-0.0009961032441090454,0.18053853325789512
#18,0.194093506203731,0.08180477970180654,0.1005873024727267,0.06443592665492592,0.4328714070555985,1.0,-0.04804405166986748,-0.01607790324251528,0.13151431599582433,-0.04211843269131159,0.006234809425527337,0.2821187514443497,0.09198097044362454,-0.005753492337973847,-0.23482217564886165,-0.07552853238132426,-0.11220744447720517,0.07760839595502395,0.07066595478488154,0.19261289834168732,-0.10854178453888388,-0.04049119843173505,-0.21999537808094732,-0.005716835738590633,-0.12340205117580028,0.20468088836471723,-0.28088198965646394,-0.05275840910358677,0.03163145773733156,0.3350014742328013,0.25711735689980797,0.16455306839643316,-0.05917809529122074,0.06410442349528644,0.30967973288495404,0.15661930527775342,0.17357856067065638,0.2596737562654894,-0.23891177712787576,0.1763134617376822,0.08397867542175011,0.2572974523663429,0.21146873431137392,0.2518260564671007,-0.26224290575269543,0.12976276805138298,-0.05874937245495621,0.026182374550757437,-0.17999824685829036,-0.0976149303923053,0.04963781686044195,-0.11150459402816183,-0.20851229988285827,-0.08706739236108345,-0.2201404107132896,0.07476193132465794,-0.18946839962068387,0.25290981679669133,-0.009645466933356708,0.007426945788077043,0.03775948489509041,-0.02444835802341241,0.19282486911203373,-0.17154969758305508,-0.12193419343528118,-0.1493485484783527,0.0667723864243081,-0.07620907011769956,0.20782060579014894,0.13895719943580712,0.01953318617568074,0.16758600355409636,0.04923937556279833,0.0014630764449473658,0.01429926128983417,0.1876993202591462,-0.03857389890747396,-0.0862768848265585,-0.08240084788308139,0.20502992294145303,0.2739777988508953,0.32590107499462106,-0.18205739148451258,0.354448597088191,0.49072508347345184,0.04501589780777598,0.054227860609296435,0.2457394672042968,0.3911115715321662,0.28916638111707005,0.42442763907593495,-0.020632884157177123,0.2541194845763374,-0.08685860912111819,0.07283666297444398,-0.06328682195252174,0.251982245455777,0.12847978707297053,-0.0719983424842018,0.07965479045972157,-0.11151575038449585,0.15541123126329798,0.0614412418618365,-0.18319533983058275,-0.022449776474432023,-0.05115667508705942,-0.22327056554757788,-0.008410298910661492,0.09286551012439337,0.056132410012032924,0.1270963988875519
#26,-0.005667429017682825,0.23875080684362773,0.37132338292599354,0.1467060857923802,-0.14464375363577683,-0.04804405166986748,1.0,-0.12874275832941534,0.1561332068946282,0.41586115117659717,0.25594912701511685,0.06331550972595208,0.33917554526691585,0.769771055630374,-0.13273832766218552,0.3164803289531353,0.02245615153519432,0.22503805114392497,-0.25114233120034424,0.16034393452812598,-0.056022440213883286,-0.08270525703448112,-0.11345217509104384,0.03235821466423352,-0.2061184645666154,-0.11527225493867989,-0.1212903122982891,0.20788116886739078,-0.04665588218887711,0.051349520675118936,0.29614547888659565,0.08223509630326165,0.3475858441775773,0.3642996597311318,-0.025426929850425137,0.1143845277275299,-0.010571444509080477,0.22032050617982452,-0.20745244603112623,0.04160524029994661,-0.4244786395620333,-0.24294559682521974,-0.21586115117659715,-0.020557977193220122,-0.1368996485747755,-0.023613225063551388,0.16227398417391165,0.23166811433671478,0.005399676465666314,0.01740391588107324,0.13200519567452126,0.11182812836184845,-0.011913394799544183,-0.22201945987297692,-0.26445505183721285,-0.24265871909091632,-0.060738391412793157,-0.14970873941142251,-0.11056905386129462,0.020871948935763295,0.026438970746439926,0.03799854967367658,0.37770163121867256,0.39096016383906157,0.07882125126505111,0.11576632214775798,0.42289603072779286,0.6049661723338301,0.12262748129318107,0.27265656750790906,0.2286877734303405,0.272559347831284,0.06777964602475117,0.27070739267983646,0.05574671883591391,0.06178549514300058,0.1269402098988756,-0.024118448628963497,0.1868689685948569,0.13373761843667573,-0.018728334754440627,-0.03177808413486441,0.32861844464455053,0.03711879128847947,-0.1316545673325949,-0.0194917482807258,0.036414347074245554,-0.10855772219078963,-0.14054299580042873,-0.06550056180222968,-0.10434221326172015,0.07558112663261321,-0.07735020599415088,-0.012095084031269673,-0.34377674537210434,0.051577429097371084,-0.20419957127716373,0.1422865749189172,0.016782347456749197,-0.02782873399262087,0.08616691502840887,0.20289268382089268,0.31726446142689796,0.17684099801576234,-0.00456135597542414,0.19172995242610907,0.31326570456374664,0.10724445967375626,-0.025530524587812478,-0.05516340077616365,-0.21472479659571755
#49,0.6134880348078318,0.355710859119126,0.06555953111428094,0.13829259935133756,0.23861852433281006,-0.01607790324251528,-0.12874275832941534,1.0,0.2200160970284248,0.25951437974643193,0.40768194821856896,0.14793009745874142,0.08939588330451274,-0.018022296775016138,0.25894699933858745,-0.29622516714612435,0.33208966522962174,0.018143422929499796,0.29508562503486363,-0.18367825068332683,0.2600355409637498,-0.06160699344165624,0.21797129628891776,0.08654941867414674,0.20274446365816925,-0.12826144124186184,0.1328961104160524,-0.0075544470033230005,0.18603224186980533,-0.05374176222617122,-0.23700563395994867,-0.1256667915116066,-0.23290965742017228,-0.13349377236251783,-0.019614468200400036,-0.05758433010064627,0.036796850719983426,-0.21029731689630166,0.21774657539704675,-0.17275139653674823,0.08611272701192933,-0.016755253448509432,0.09247344388751205,-0.040328634382296454,0.16589023739132513,0.0074062268405995745,-0.0708747380248468,-0.057240076819482184,-0.19767629035214243,-0.22634971989576777,-0.16027699639012186,-0.10173800094032147,0.0375602642462686,0.10521559658615497,0.18347743626931445,0.02362119388950426,-0.17614292886229072,-0.22803592346739554,-0.012434556016862035,-0.1305309628732399,-0.18433169441146235,-0.16097347177840288,-0.11717361681103523,0.030903107045239023,0.09106933675461594,0.15231773302839294,-0.14177816382312394,0.0425359991712421,0.04104901624843612,-0.1479492226410283,0.072098749691208,0.04973025524149527,0.1612284742088948,0.09330220178661078,0.05513152547235216,-0.04508124218058954,-0.1920407366382711,-0.038542023603662476,0.16111850441074516,0.040677668959032263,-0.18026281187992574,0.03837945955422387,-0.23112623417191946,-0.12486194009036648,-0.028993776346930806,-0.09808509112352477,-0.12056036784100599,0.10169496928017595,0.12696730390711536,-0.06341910446333941,-0.03883846392910932,-0.06261265927690873,-0.025712213819537966,-0.22149032982970618,-0.10735761700228705,0.035139334921785975,0.13873407230912668,-0.22211189825403024,-0.26261744057248043,-0.21045031835459682,-0.111069496131135,0.06547665532437107,-0.23129676704731092,-0.11917060459482505,-0.25260222011491046,-0.3242228402489461,-0.141437098072341,-0.1693200200814414,0.005992557116560018,-0.07682266971607073,0.04784004972547395
#50,0.07589987967072812,0.2936831116671581,0.05274884651244332,-0.011687080142482608,-0.06358644980834974,0.13151431599582433,0.1561332068946282,0.2200160970284248,1.0,0.04037804110320427,-0.024290575269545537,0.3760074588210919,0.4412912685574034,0.27455314808469267,0.2096135916295452,0.17572854991274137,-0.09231725489883576,0.12378455482153815,0.21595518332284105,-0.012751715289786357,0.08396433153503495,-0.054282048625775965,-0.05539609049398752,-0.00962474798587924,-0.02688203746941963,0.059836320314928,-0.2638302958825076,-0.2062300281299556,-0.051346333144737785,-0.04545418323518396,0.06138386631497581,-0.06783861533680242,-0.05049048123739929,0.04703838583461498,0.09738064690929085,0.1213524691407215,0.18237933205300863,0.2696013196375778,0.07728486162133733,0.13277498426156875,-0.00817123413207532,0.09869709695670537,0.1627584887918463,0.23075329311732504,-0.2119564264596897,-0.2754759381300353,-0.2850162165608141,-0.2626748161193411,-0.3414562232546279,-0.38194264039079123,-0.30764608850178105,-0.4033580632565404,-0.2107085083154699,0.040919921267999586,0.02792914119962706,0.1111635282773789,-0.2870211731705568,-0.17001649546972245,-0.20528492537194495,-0.3255600092438381,-0.003568440261696244,0.06652535281976907,0.20419957127716373,0.06442955159416364,0.002757213779693838,-0.09919753922654576,0.11747802596243495,0.26668313557363593,0.2658910342739204,0.22292949979679494,0.20668743873965048,0.348253631792428,0.1919594546135518,0.21714094462462846,-0.0261409366558025,-0.020607383914127933,0.11027739483141949,-0.011852831722302353,0.05934544063623107,0.1082724382216768,-0.08358820295005936,0.017972890054108327,0.20685000278908908,-0.04908159280893146,0.03449067248922216,0.14467403517439775,0.09631123046641538,-0.0022344587971854105,-0.09704914374965136,0.020130848122146165,0.02604531074436803,-0.15923467395548613,-0.17881886061726526,0.04203555690140172,-0.10617663699607137,-0.0823434723362207,0.05882746694929436,0.013703193108559317,-0.20421710269426005,0.20575508610316443,0.002792276613886476,0.07090342579827714,-0.09621879208536206,0.12709958641793304,0.013178844360860314,-0.05761620540445776,-0.06116073918829539,0.05008566487899338,0.1657802675931755,0.09105021157232905,0.0561467538987481
#51,0.5164133908151312,0.5311254372893242,0.6223971822231431,0.6105571006223653,0.16186916781550575,-0.04211843269131159,0.41586115117659717,0.25951437974643193,0.04037804110320427,1.0,0.6005418801647954,-0.004352572735458885,0.15411868769374207,0.30696395700021517,0.1177872164094064,0.031707958466479134,0.49245591247041576,0.31913235423025127,0.01955549888834878,0.11375020918168126,0.17828335551323224,-0.1094900748272757,0.12431846616038059,0.05964347472686849,-0.01799520276677637,-0.11400361784698261,-0.06560415653961701,0.10660854736271705,0.0702882324347154,-0.06392751555913267,0.009623154220688665,0.02124807752073887,0.038014487325582325,0.27060379794244915,-0.1560088932097634,-0.06594044099482824,0.05069129565141168,0.058234586298400656,0.12936592051892995,0.03186892875072716,-0.17263345791264573,-0.21369681804779703,-0.2451577429097371,-0.036701224808548955,-0.14468041023516007,-0.003118998477954243,0.05958291164962666,0.005947931691223932,-0.08238969152674737,-0.15733012455274964,-0.19701169026767287,-0.16394903138920544,-0.12339567611503797,-0.12874913339017763,-0.19567770880316204,-0.12343233271442118,-0.2063750607622979,-0.3369155862266812,-0.07980779191801672,-0.1323271362430173,0.046260628421614644,0.032406027619950754,0.10550884938122067,0.12046952322514325,0.20571046067782833,0.2585310266238475,0.07169552709799265,0.3164213596410841,0.19764122751794977,0.19046131533441177,0.2806891440684044,0.33298536126672457,0.07465514905688944,0.2551634007761637,0.09381061288240404,-0.015330427368135852,0.04852218122703982,-0.01792667086358167,0.06751667476830639,0.07735339352453204,-0.2189546494115022,-0.11380120966777965,-0.02449776474432022,-0.08003729410545944,-0.05700101204089601,0.06527105961478695,0.09344723441895306,-0.0337830407446071,0.06409645466933357,-0.28176174804166104,-0.14069759102391444,0.053027755420793854,-0.0932512013005124,0.07991298042059464,-0.08343838902214537,0.23341488098558438,0.12867422642622062,0.09719258261680307,-0.1264047047948426,0.01013794037724422,0.08370773533935245,0.22764863852608594,0.18156173051024393,0.129612954123469,-0.19768585294328586,-0.08595335049287188,0.09949876084756433,0.05058291961845261,-0.03799536214329543,0.039931786849843415,-0.15914861063519511
#52,0.38052418937117993,0.4207508227812796,0.3373044649331814,0.17190829475093433,0.10898325749667301,0.006234809425527337,0.25594912701511685,0.40768194821856896,-0.024290575269545537,0.6005418801647954,1.0,-0.1079042784626541,-0.059135063631075235,0.28319613671317806,0.17510538772322673,0.020811385858521464,0.3460143916996709,0.09595582082891728,0.08813840256914948,0.034002980340906375,0.33537122775701456,-0.020825729745236634,0.14453219007243662,0.10685398720206551,0.09131637035915499,-0.17695096781391198,-0.029812971654886087,-0.031217078787782196,0.2048880778394919,-0.1124241965431233,-0.028604897640430636,-0.1146905306441202,-0.01707878778219605,0.14654989680370392,-0.16155200854258142,-0.0915586226681223,0.11055789750496059,0.032814031508737816,0.2829188215700181,0.12656567507909058,-0.14957167560503312,-0.24836439847317296,-0.089379945652607,-0.10077377300002391,0.2146785774051909,0.2152905832383715,-0.05338794635386369,-0.07775183482217565,-0.20466654447800206,-0.22699678856314098,-0.04888874722087195,-0.12495915976699153,0.0590808756145957,-0.1804205946337926,0.035199897999027806,-0.14330339711050372,-0.035775247232825186,-0.2362613456159504,-0.1636143406991848,-0.12272310720461554,-0.0019077369331176439,-0.05388838862370407,-0.02382041453832607,0.055327558590792816,0.018135454103546923,0.12535919482982572,-0.02479739260014822,0.16414665827283667,0.0868203587565444,-0.04403891974595383,0.19436604005131924,0.01626278000462192,0.14991274135581606,0.24043063535449322,0.0345384854449394,-0.03779932902485477,0.04044179171082724,-0.05797480257233702,0.24818908430220976,-0.0036560973471778404,-0.11184565977894477,-0.15151766290272453,-0.049516690705958294,-0.12935317039740535,-0.26120217708325033,-0.027012726215046738,-0.06525034066730949,-0.025879559164548288,0.05145630294288742,-0.20031715927292432,-0.15146506865143558,-0.026542565483827267,0.06228753117803154,-0.04749898397469101,-0.16176397931292782,0.11617432603654504,-0.08408386392432803,-0.14053343320928527,-0.31613129437639953,-0.2353258054490832,-0.23174461506586236,0.14604307947310122,0.03229924535218226,-0.10136984118129876,-0.42605646710070205,-0.23995091203213031,-0.12647483046322786,0.010624038760369435,-0.1652367936631896,0.040974109284479115,-0.0934073902891887
#53,0.1762815864338707,0.1259233877072891,-0.02830686354979321,-0.07732311198591112,0.4075241654647021,0.2821187514443497,0.06331550972595208,0.14793009745874142,0.3760074588210919,-0.004352572735458885,-0.1079042784626541,1.0,0.5126313860178979,0.25981878889783167,-0.03895321502283069,-0.0036274095737475,0.03422451370239622,0.028402489461227677,0.09464574584226505,0.02003044091513997,-0.095511160340747,-0.13479747228840774,0.12216210185753333,0.04500155392106081,0.005520802620149973,0.14263082820008127,-0.3110439958880858,-0.15335208663707575,0.11571691542685016,0.1440221852114528,0.09363051741586911,0.09357314186900843,-0.01127748248850497,0.13614420387444318,0.20421869645945062,0.0872634254795241,0.3811824143948872,0.17195132641107985,-0.024717704340619498,0.12249838631274454,0.07433798978396512,0.06491405621209827,0.010220816167154093,0.07579309740295963,-0.25279825323335114,0.01828367426627035,-0.17866267162858895,-0.13298854879710573,-0.24712923045047774,-0.28844759301612094,-0.1654742646765852,-0.2846560256277443,-0.24458239367593973,-0.07632222744623035,-0.12154531472878101,0.059162157639315,-0.17700356206520093,-0.03971503478392528,0.009180087497708963,-0.10303373204025851,0.04613790850194041,0.0690769708898788,0.28462096279355165,0.12411127668560591,-0.2525655635155273,-0.3256604164508443,0.03814517607120943,0.16095753412649713,0.24192080580768036,0.358782044641363,0.08896716046824821,0.2990270063511543,0.2318529910988214,0.2580321781191977,0.2351887416426938,0.21668672154531474,0.11573125931356533,0.006132808453330571,-0.11522922327853437,0.12264501271027739,0.21475507813433847,0.25310744368032256,0.10807481133804557,0.36253695543035647,0.5229589844528205,0.19353728215222052,0.2100949087170987,0.24790061280271578,0.15214082509223917,0.2076102287849931,0.20841189267585206,0.26745770545625513,0.2227828733992621,0.14369068205181332,-0.0020878323996525593,0.03439664034297827,0.15405015579054737,0.09831299954577692,-0.20419797751197316,0.17865151527225495,0.002940496776609902,0.09136099578449107,0.010918885320625711,-0.03095570129652798,-0.10727792874275834,0.01769557491094837,-0.10212209835124991,0.05553793559594865,0.4323821211420921,0.06546231143765589,-0.02051175800269346
#54,0.07677804429073465,0.23745029444811896,0.24499996015587022,0.11220106941644288,0.0626955350668186,0.09198097044362454,0.33917554526691585,0.08939588330451274,0.4412912685574034,0.15411868769374207,-0.059135063631075235,0.5126313860178979,1.0,0.47077751834822174,-0.03039150841906462,0.0762377578911299,-0.06084039238498992,0.1653929826518659,-0.06213293595454582,0.05130648901497342,-0.11961207755261417,-0.1746336332268167,-0.05858840217070819,0.1964841539895927,-0.19511510969088924,0.01894986811593048,-0.08066364382535521,0.1292320442429217,0.09142315262692348,0.17374431225047612,0.21602530899122632,0.07879096972643021,0.2531441002797058,0.27312672823912854,0.13099474854369705,0.3037381762544924,-0.06059335878045088,0.27199515495382065,-0.15100128298097842,0.048125333694586776,-0.012185928647132417,-0.03820573914845126,-0.14432181306728079,0.15038130832184493,-0.10431671301867096,0.08830734167935038,-0.007744105061001363,0.13865597781478856,-0.05518890101921284,-0.0762999147335623,0.0968722358134976,0.048523774992230394,-0.04475770784690292,-0.18757341280909084,-0.20643403007434916,-0.13668130274366677,-0.20295165313294392,-0.10329670329670329,0.10121843348819419,0.032031492800165755,-0.1335017411884707,-0.1258293555610452,0.2604977328690164,0.16773741124720096,0.05097817338571508,-0.09273960267433799,0.2688219684593869,0.36700746678991786,0.139938958793201,0.33407390289188693,0.17380009403214625,0.3643203786786093,0.14821060013228252,0.20662687566240867,0.021321390719505295,0.0013531066467977273,-0.06170261935309071,-0.0966092645570528,-0.1494728621632175,0.1272589629369905,-0.10146546709273323,0.0306736048577963,0.32926232578154263,-0.027696451481803185,0.13722796420403383,-0.010310067017826264,-0.06426858130991561,0.03689247663141789,0.008874084581118664,-0.1162014200447848,-0.01781351353505088,0.084896684171521,0.03818183267059264,0.052332873797703384,-0.05354413534253998,0.03274071830997139,0.09009713998836551,0.2944991194447322,0.02039222561340038,0.2613551785415455,0.2849285594753325,0.2336332268166931,0.2484297428459865,0.24808867709520357,0.11911163528277378,0.20088294591557826,0.2773852688283435,-0.14307548868825157,0.06431161297006112,-0.160130369992589,-0.08816549657738926
#58,0.023469786196399684,0.25116783144339344,0.2759572552175888,0.06666401039134905,-0.14352014917642184,-0.005753492337973847,0.769771055630374,-0.018022296775016138,0.27455314808469267,0.30696395700021517,0.28319613671317806,0.25981878889783167,0.47077751834822174,1.0,0.02367538190598379,0.35863223071344896,0.06638032018742679,0.1624588609360183,-0.12739762050857048,0.13112703105451473,0.10173481340994031,-0.015335208663707576,-0.033363880499486014,0.01343065926097108,-0.028549115858760528,-0.04274000111563563,-0.09349504737467029,0.08435002271115397,0.1390257313390018,0.06091370558375635,0.2290431830678386,0.09090517893998677,0.2748575572360924,0.3780283530827403,0.04621919052665971,0.15151766290272453,0.11138506163886874,0.2648407430133318,-0.1281275649658536,0.03678888189403055,-0.3053526603925444,-0.1439409031867335,-0.141298440500761,-0.04528843165536422,-0.15380312218600833,-0.07234578329574703,0.08549434611798644,0.1894428993776347,-0.08625775964427161,-0.1956362709082071,0.028792961932918422,-0.06108901975471954,-0.012434556016862035,-0.16203332563013492,-0.19988684267146922,-0.10312298289093068,-0.15728390536222298,-0.2556861557586721,-0.14469634788706578,-0.2052642064244675,-0.13259170126465267,-0.12562694738184224,0.3481054116297046,0.45440795607583134,-0.03206974316473954,-0.02792914119962706,0.5271840559730335,0.6968977360565468,0.30043748854481267,0.4279418913211517,0.351388567922288,0.388037198479548,0.12844313047358732,0.19971949732645888,0.14880029325279506,0.027486074476647356,0.0655483747579469,-0.17369968682514006,0.15431312704699215,0.17176485588378265,0.10235797559945493,0.002330084708619879,0.35805528771446105,0.05778355074946808,-0.05948887950338277,-0.11127827937110026,-0.07220553195897648,0.05507733745587263,-0.08730326960928847,-0.02606284216146435,-0.11518937914877002,0.01396457059981353,-0.10749308704348588,-0.10244563268493653,-0.325268350213963,0.11224410107658839,-0.10401549139765238,0.15894620245599217,-0.09803249687223581,0.014710452709002383,0.04602475117340962,0.14163313119078166,0.16128744352094607,0.11358923889743325,-0.022036991290073235,0.12442843595853023,0.2305365410514069,-0.034505016375937336,-0.009750655435934624,-0.1255663843046004,-0.2500888524093745
#101,0.07786021085513471,0.08550390870912988,-0.22328331566910248,-0.15973192869494537,-0.08476918295627506,-0.23482217564886165,-0.13273832766218552,0.25894699933858745,0.2096135916295452,0.1177872164094064,0.17510538772322673,-0.03895321502283069,-0.03039150841906462,0.02367538190598379,1.0,0.28667373235901156,0.25546143486680106,0.0102765979488242,0.3927388057917427,-0.1260222011491047,0.7284064738742041,0.384538883886237,0.3063376072803194,-0.1486536668552622,0.5301755532357417,-0.07676051287363833,0.0389149646582569,-0.47790643004566136,0.3247041573364996,-0.20172764146658273,-0.4066348444883615,-0.28064451864306833,-0.4714787750320745,-0.24574902979544025,-0.019885408282797695,-0.18002852839691127,0.22254540238586648,-0.2612850528731602,0.42981934671564836,-0.25594912701511685,0.1810198503454486,0.07236331471284335,0.2559029078245902,0.04079082628756305,0.21131413908788818,-0.30745961797448385,-0.4005323175736519,-0.3559021109419949,-0.4089792730836966,-0.29217859732725576,-0.41101132370167903,-0.3395628302082254,0.024814924017244538,0.5412936592051893,0.6622253743355991,0.3602403397907386,-0.036119500513989274,-0.29448955685358874,-0.3472878100869399,-0.5684625744089123,-0.35671014989361616,-0.2638781088382249,-0.3429814565420077,0.2600929165106105,-0.18855995346205642,0.007704260931237001,-0.17960458685621847,0.09038401772266892,0.3117643777542255,0.0497971933794994,0.2589836559379707,0.06890962554486847,0.25922272071655683,0.06004829108527441,0.21987425192646368,-0.05007132099227821,0.030738949230609856,-0.12866625760026776,0.3392775462391126,-0.08169321613846632,-0.010796165400951479,0.006633250723170955,-0.08842687406864347,-0.027592856744415844,-0.2776912717449338,-0.37546717242148714,-0.34223716819800937,0.07179434053980827,-0.12641107985560487,-0.013962976834622954,-0.09939038481460527,-0.48022057710237553,-0.516526548143662,-0.26245647028823244,-0.15050562200670975,0.24964419192120424,0.16585358079194193,-0.2032273745109133,-0.23874921307843716,-0.29593350811624924,-0.3458406712938983,-0.2571460446732383,-0.353913091984158,-0.14580401469451507,-0.21295412346898931,-0.4948417789607057,-0.32148475165153917,-0.2577628318019906,-0.1921507064364207,-0.2846560256277443,-0.2673668608403924
#102,-0.14668696061009331,-0.08984691885344533,0.12270398202232866,0.06958060069010033,-0.031148546884587493,-0.07552853238132426,0.3164803289531353,-0.29622516714612435,0.17572854991274137,0.031707958466479134,0.020811385858521464,-0.0036274095737475,0.0762377578911299,0.35863223071344896,0.28667373235901156,1.0,0.002551618070109731,0.013065687032329527,-0.1540166867215453,0.4672234219732407,0.18906677079265913,0.4737020774729259,-0.16083162667644177,-0.21020965981082007,-0.07431408330610652,0.17908820693447233,-0.3089657260795767,-0.23330491118743477,-0.11238435241335894,0.12764465411310952,0.13821131732661826,0.026223812445712372,0.19665628063017476,0.24017403915881072,-0.06446142689797513,0.1490919522826702,0.14587414036290033,0.31197794228976244,-0.10159137454278862,0.1511574719696547,-0.21847173855875815,0.06755492513288017,-0.10266875981161695,0.15344452501812908,-0.22386344619847157,-0.14729418514770218,0.00017690793615376648,-0.03578640358915921,-0.06100455019961909,-0.11931563722716731,-0.03351528819259059,-0.17780681972125048,-0.22387300878961502,0.13726302703822646,-0.07071376774059877,0.16845619934815004,-0.2607686729514141,0.08275306999019834,-0.2676728637569827,-0.3512738168285666,-0.2273155416012559,-0.1768425917809529,0.21975790706755174,0.21669787790164874,-0.25834455609655027,0.00909402417741794,0.20762138514132714,0.33895560567061656,0.4675102997075441,0.47588712954920354,0.20587302472726693,0.19857836145000757,0.27384392257488704,0.29553347305341504,0.24365800986540653,0.18628086923953494,0.16347249559722365,-0.1847221668831531,0.05081401557108591,0.16692777853038912,0.06760114432340683,-0.07468543059551036,0.12461012519025572,-0.052216528938791446,-0.08958394759700053,-0.1631075233685821,-0.14578648327741875,-0.07762911490250142,-0.1320338834479516,-0.07822837061415741,-0.059020312537353875,-0.2913339017762513,-0.13287857899895608,-0.17970499406322465,-0.16801632015555149,-0.00633202910215238,0.018382487708085968,0.17205651491365778,-0.11871319398513017,0.219078963096367,0.021281546589740935,-0.06257440891233494,-0.009439871223772602,0.11403230562041294,-0.12749484018519552,0.06254253360852345,-0.015373459028281364,-0.1332339886364542,-0.002602618556208114,-0.2748145255759469,-0.31792428021579583
#201,0.40501079775916615,0.17155447887862682,0.41423232315183006,0.3383595374893417,0.20490242172620707,-0.11220744447720517,0.02245615153519432,0.33208966522962174,-0.09231725489883576,0.49245591247041576,0.3460143916996709,0.03422451370239622,-0.06084039238498992,0.06638032018742679,0.25546143486680106,0.002551618070109731,1.0,0.4611463953015802,0.21358684824964738,-0.11645961000565787,0.24016288280247672,0.030439321374781853,0.35259186064117176,-0.15536979336834303,0.381980890755365,-0.0918024687422802,0.19725713010702134,-0.012330961279474695,0.28898469188534454,-0.03463570512156444,0.054223079313724706,0.10302895074468678,0.013264907681151336,0.23488911378686578,0.09087808493174701,-0.01000247033604539,0.2593438468710405,0.01869645945062914,0.4369163831092765,0.015110487771836576,0.0626588784674354,0.054317111459968606,-0.2923714429153153,-0.014579763963375276,-0.09712086318322721,-0.08437392918901258,-0.019338746822430652,-0.025846090095546222,-0.036825538493413766,-0.047715736040609136,-0.08011379483460701,-0.1141853070787081,0.1864832774187379,0.20784610603319814,0.20800707631744614,0.19417797575883144,-0.2197865948409821,-0.46466542884236867,-0.13219804126258078,-0.27392679836479694,-0.11056427256572289,-0.07365745204758983,-0.025736120297396584,0.1701758719887799,0.27357457625767995,0.25429001745172886,-0.006000525942512889,0.16979018081266087,0.2069249097530461,0.13740327837499702,0.27957828973057397,0.2830271976029772,-0.004280853301883034,0.07162858895998853,0.028914088087402083,-0.03208089952107356,0.012633776665683844,-0.059425128895759786,0.09260253886794859,-0.01995872148156412,-0.14487166205802898,-0.13707177521535752,-0.05292416068340652,-0.01565714923220362,-0.15472272470096982,-0.10501956346771431,-0.036121094279179845,-0.150778155854298,0.023159001984237662,-0.34441265768314355,-0.22397182223143064,-0.26545274884651243,-0.14927682904477682,-0.1326076389165584,-0.22816501844783207,0.5288096964674195,0.15076062443720167,0.2348142068229088,-0.05942831642614094,0.06691263776107866,0.11258357306218075,0.46927937906908174,0.1600921196280152,0.16839882380128934,-0.13539513423487318,-0.08961901043119318,0.09574544382376145,-0.07629194590760943,-0.05081242180589534,-0.08666576353305867,-0.21152929738861573
