,#10,#11,#12,#13,#17,#18,#26,#49,#50,#51,#52,#53,#54,#58,#101,#102,#201,#202,#301,#302,#401,#402,#501,#502,#601,#602,#701,#702,#801,#802,#901,#902,#1001,#1002,#1101,#1102,#1201,#1202,#1301,#1302,#1401,#1402,#1501,#1502,#1601,#1602,#1701,#1702,#1801,#1802,#1901,#1902,#2001,#2002,#2101,#2102,#2201,#2202,#2301,#2302,#2401,#2402,#2501,#2502,#2601,#2602,#2701,#2702,#2801,#2802,#2901,#2902,#3001,#3002,#3101,#3102,#3201,#3202,#3301,#3302,#3401,#3402,#3455,#3501,#3502,#3601,#3602,#3701,#3702,#3801,#3802,#3901,#3902,#4001,#4002,#4101,#4102,#4201,#4202,#4301,#4302,#4401,#4402,#4501,#4502,#4601,#4602,#4701,#4702,#4801,#4802
#10,1.0,0.20872745818358582,0.3109467762114608,0.5618181673294074,0.16905545505980604,-0.009715592601741985,0.1017666887137518,0.4137159432300839,0.24796914470591047,0.568422730279148,0.2500553833403725,0.1454964180127342,-0.031566113364518006,-0.07584728541943915,0.005751898572783271,0.06994876044912303,0.29964857477547835,0.25606079260367187,0.209052586282463,0.01092844791176916,-0.18672393596251463,-0.19976571651698555,-0.2818063734669971,-0.16550295245001553,-0.09379308146530771,0.16080134513782085,-0.04198455641530333,-0.05086182852680315,-0.08900700459801257,0.21519176979655588,-0.05822024241168549,0.14839388312919857,0.1741140657746894,0.2871980811067105,0.13225222927906033,0.21738638446397693,0.22317812716652455,0.06817171226163249,0.28755986580497095,0.14013021061606992,0.003372407143255584,0.34024336794460075,0.18662990381627076,0.19752328889384727,-0.14814047446389722,-0.11247360326403111,0.018049390783255903,0.0500282893321327,-0.07926113045764968,-0.1692196128744352,0.2846177752631705,-0.040859358190757755,0.1769939994740575,-0.16214329542828454,-0.09309182478145495,-0.0780546502083848,-0.28974969917682025,-0.34915092159472144,-0.1707862840567699,0.034175106981488415,-0.06784339663237415,-0.2794029755596108,,,0.1894237741953478,0.2650128696539139,-0.10743411773143463,0.18215939245670934,0.06757883161073878,0.13548279132035476,0.2348317382400051,0.24496808485205876,0.09835443744073186,-0.06581453354477285,0.11957223342284981,0.0253918670162325,-0.0819625624556734,-0.1270278669843572,-0.15515941636318722,-0.1125803855317996,-0.022792445071858736,0.22898421375578737,,-0.10074508522659356,0.05196312027349011,-0.1959741491286089,-0.0995067296735172,,0.4524587812477588,-0.13685821067982054,0.031299954577692066,-0.2453824638016081,0.030593916598267577,-0.21959534301811315,-0.2378343918590474,-0.0957167560503311,0.2303500705241097,0.21049016248436117,0.32188638047956397,0.3418180079528883,0.2784817792794588,-0.06958538198567205,0.2985919084541275,0.24767589191084477,0.3986118305190096,0.30479643634103387,0.36805457052012525,-0.2034967208281204,-0.39057766019332374,-0.17995521519814486,-0.28428627210353097
#11,0.20872745818358582,1.0,0.0987018782522771,0.23275187466630542,0.04442461092207285,-0.07804986891281307,-0.06144283562702707,0.04384129286232259,0.04202918184063942,0.33896994955733173,0.39692403318219127,-0.09939675987536756,-0.03392329208137765,0.03608762521017778,0.025173521185123796,0.02825426929850425,0.06483914924814127,0.07852404534423774,0.09725792698961662,-0.0808453330570807,-0.20693925363976126,-0.17367259281690028,-0.3326156077425113,-0.07695654599207899,-0.2511646439130123,0.12461012519025572,-0.25538652790284405,-0.10060164635944187,-0.03764792133175019,0.040068850656232814,-0.024488202153176774,0.11215485022591622,0.048907872403158845,-0.004990078811688674,0.07033923292081377,0.03434085856130816,0.20963590434221327,-0.003923849899194352,0.07012407462008623,0.09319541951884229,0.05452908223031501,0.03605574990636629,0.0790603160436373,-0.06922040975703049,-0.09964060594952545,0.028070986301588188,-0.2515136784897481,-0.060760704125461196,-0.23438707775183482,-0.07505837165010479,-0.010010439161998263,0.0990509128290129,-0.07218800054188017,0.05523033891416777,-0.12733546366613807,-0.13864482145845453,-0.24193993098996724,-0.056981886858609124,-0.02277809210369036,0.2730103833802166,0.020562758488791848,0.05461833308098718,,,0.02540302337256652,0.10202965997019658,0.005645116305014782,0.2579142394950952,-0.10360589374367475,-0.12051892994605105,0.09285116623767821,0.21824542390169657,-0.01340197148754074,0.018672552972770522,-0.06892715696196479,0.08965407326538581,0.11807090661332865,0.18821570018089234,-0.09964698101028775,0.06560734406999817,0.006597393635057634,-0.04230809074898995,,-0.19253958514292088,-0.16623927196806096,0.09642438779494616,0.15436890882866228,,0.20079847636047782,-0.10754727505996542,-0.015483428826431002,-0.05448923810055065,0.22179792651148705,-0.008759333487397302,-0.0037820047972332237,-0.18705065782658242,0.20947493405796525,-0.09641163767342158,0.035805528771446105,-0.05870315326442955,-0.06540652965598578,-0.019775438484648057,0.1617655730781184,-0.08160555905298472,0.031966148427352195,-0.0686896859485692,-0.07968347823315192,-0.028370614157416187,0.08783399341774976,-0.08081186398807863,-0.06372510737992972
#12,0.3109467762114608,0.0987018782522771,1.0,0.5079935293133263,0.16556351552725737,-0.052946473396074556,0.4070571922638638,0.19639490313892055,0.10572560144713879,0.4016240467291954,-0.24948481540214681,0.021321390719505295,-0.19650487293707017,-0.20679581477260955,-0.09486249790818319,0.28381929890269264,0.31905744726629426,0.4263785775560657,-0.06749276829044777,-0.10420674322052131,0.16741387691351434,0.2733657930177147,-0.04570440437010415,0.33063933890619895,0.12150706436420722,0.4243846074157894,0.2135549729458359,0.18637490138577884,-0.18422650590888445,-0.2772928304472902,-0.15305883384201005,-0.11278916877176486,0.18711122090382423,0.005831586832311995,-0.27010494943779934,-0.22511455187307253,-0.14718580911474313,-0.3246563443807824,0.014549482424754361,-0.24980516220545226,-0.05851030767637004,0.10590888444405486,0.056779478679406165,0.0008638207332913642,-0.04388591828765868,-0.028553897154332254,0.20723888149558925,-0.06155439919036728,-0.16866657635330587,-0.11537584967606722,0.15054068484090238,0.051057861645243806,0.10643642072213501,0.1483683828861494,0.1809019117213461,0.01700388081823905,-0.17366781152132857,-0.2472057311796253,-0.43142426826255686,-0.04313844241327925,-0.15070643642072212,-0.14060515264286114,,,0.4632581341790914,0.26046904509558605,-0.2818047797018065,0.15503988397389412,-0.03904565340388401,0.22000494067209078,0.3779630087099268,0.3718429503781208,0.025487492927666968,-0.15133119237542733,-0.05822183617687606,-0.07995441831554957,-0.0938313318298815,-0.09897281833467475,-0.09022623496880204,-0.05966259990915539,-0.11899215030487693,0.16886260947174653,,0.11203531783662313,0.12514563029428874,-0.1328275785128577,-0.29897919339543705,,0.05844655706874706,-0.0076835419837595325,-0.03793958036162532,-0.10662607877981337,-0.0998382328331567,-0.3534907442086557,-0.30844297109706825,0.046435942592577835,0.4011475109372136,0.5098837348293476,0.42279721728597724,0.11249591597669915,0.24080995146984996,0.11096112009817594,0.24405166986747842,0.39534142434795083,0.5589525775167544,0.2909211165918925,0.3496912079943262,-0.17220314131119063,-0.2769916088262716,-0.3277036234251608,-0.19853851732024322
#13,0.5618181673294074,0.23275187466630542,0.5079935293133263,1.0,0.22400688506562327,0.09360979846839165,0.07217206288997442,0.21865661532086478,0.1523384519758704,0.579606180621409,0.057796300870992676,0.21237558670481077,-0.19762528986604402,0.10288232434715393,-0.07323032297651587,-0.06732542294543745,0.6146307644494736,0.43704166781222054,-0.03596649905569412,-0.11100255799313087,-0.11515750384495853,-0.22849970913785272,-0.3604873733952777,-0.09923897712150069,-0.17967471252460376,0.12498306624485014,0.0779797432444278,-0.07063567324626063,-0.24080357640908764,0.15354493222513527,-0.03819617655730781,0.19291571372789648,0.39172357736534674,0.3412809090836647,0.02082732351042721,0.0988261919371419,0.057297452366342864,0.06250268947875909,0.28201356294177177,0.04411701424029198,0.09300416769597335,0.19045812780403062,0.15678505685757319,0.1983902971575198,-0.07942369450708828,-0.10479962387141502,0.21277721553283555,0.2912382758648168,0.17915673883766706,0.04167695973352246,0.4886627513168485,0.15261576711903035,0.46092008064451867,-0.08730326960928847,0.20529448796308838,-0.14058762122576482,-0.26566631338204943,-0.3925093036043,-0.26741945509168136,-0.04469873853485166,-0.008561706603766067,-0.2887743148801887,,,-0.030813856194566853,0.039761253974451946,-0.016382312393915004,0.11313501581811952,0.04956290989648495,-0.1171879606977504,0.1651061049175625,0.1759006765533234,0.00849158093538079,-0.022245774530038488,0.09133549554144188,-0.06490927491652655,-0.16148028910900558,-0.27853596729593827,-0.14758743794276788,0.053472415908964135,-0.03941223510118136,0.260798954490035,,-0.05798117763309932,0.12824869112033724,-0.16829204153352087,-0.18899027006351155,,0.27768170915379037,-0.03819936408768896,0.056022440213883286,-0.10107340085585191,-0.09314920032831563,-0.3939357234498641,-0.292761915387006,-0.03368741483317263,0.14790778474607336,0.326350516778363,0.4762313828303676,0.43762082732351043,0.48415080206233213,0.11893472734662003,0.44773804875327716,0.5493676736606395,0.5545282853477197,0.4066730948529353,0.4940799591996111,-0.21628668648248053,-0.36798285108654943,-0.37784666385101484,-0.287507271553682
#17,0.16905545505980604,0.04442461092207285,0.16556351552725737,0.22400688506562327,1.0,0.530223366191459,0.14093346827211947,-0.31708436596036305,0.16691980970443623,0.11470965582640709,0.10697033206097746,0.6610268629122872,0.032055399278024366,0.5219278183745188,-0.11759277705615631,-0.08550550247432046,0.3649658535807919,0.49671704162003866,0.009666185880834177,-0.09555259823570193,-0.21010447130824217,-0.17962211827331478,-0.14275832941532723,-0.1037270198981584,-0.1063439823410817,0.2824932862641347,-0.23282040656950012,-0.27121421001043916,-0.23490983273434324,0.225573556247958,0.3468176493557204,0.16788244387954324,0.6134991911641657,-0.001318043812605089,0.04753245304369307,0.13365952394233757,0.4306927300400832,0.10779112113412331,0.3390384814605264,0.04740017053287539,0.17243104973344278,0.4154069280972834,0.6532763827905235,0.26078939189889155,0.3249352532891329,0.032115962355266196,-0.26330594713480865,-0.2185307078708094,-0.17075440875295841,-0.2615416490688427,-0.03184980356844026,-0.09616460406888253,0.03816270748830575,-0.14617058068834718,0.05141964634350421,-0.056433631633051505,-0.004980516220545227,0.028198487516834146,-0.0780610252691471,0.17061734494656902,0.28673110790587225,0.09207181505948729,,,-0.05396329558766107,-0.2609105180533752,0.12458781247758768,0.07532453043693073,-0.04430507853277976,-0.30403621034512984,-0.013250563794436166,-0.24070954426284374,-0.18353959311174683,-0.18314433934448437,-0.17900533114456246,0.010074189769621242,0.07109149009076493,0.068439464813649,-0.048762839770816566,0.28764911665564313,-0.3169426471414667,0.7717871685964507,,0.18914008399142554,0.5641817211070294,0.09975535704324681,0.31245925937731595,,0.3913139797113691,0.1128114814844329,0.7203770848440899,0.25990963351369445,0.29764361816573565,-0.1473563419901346,0.12426427814390106,0.18987640350947094,0.07365107698682753,0.1836049374845604,0.2252803034528923,0.3094900748272757,0.12115643602228084,0.4969726430205038,0.6029644032544685,0.31514794125381507,0.3944999163273275,0.4523137486154165,0.1251870681892437,0.13269370223684945,-0.12057949302329288,-0.2831754177657006,-0.20670975145231854
#18,-0.009715592601741985,-0.07804986891281307,-0.052946473396074556,0.09360979846839165,0.530223366191459,1.0,-0.02487548709448637,-0.2706436420722135,0.04107929778705703,0.003354875726159265,0.2615655555467013,0.6478926439767629,0.34144666066348445,0.7210863103538956,0.08474527647841644,-0.048496680983990625,0.3814501669469037,0.5785330102770464,-0.20722135007849293,0.005884181083600953,-0.11007498665221653,-0.12471531369283363,-0.062086716764019154,-0.2428977838695025,-0.08165815330427369,-0.24091992126799958,-0.1261608587206847,-0.2744750535903545,0.14226585597143973,0.4568655419996972,0.8731299157695097,0.26816693096606076,0.47596044274796995,0.11736008733833245,0.017642980659659413,0.05792220832104806,0.16040609137055836,0.14526213452971973,0.16987943166333305,0.19992190550566186,0.08748177131063281,0.30180653284351616,0.41804142195730304,0.18135454103546925,0.3472352158356509,0.06385898365593796,-0.20707631744615065,-0.12407780761660385,-0.05289706667516675,-0.2191060571046068,0.10001354700411988,-0.1815457928583382,0.07615806963160118,-0.2672999227023883,-0.004330260022790842,-0.009253400696475388,0.24530277554207938,0.20621568424324044,0.34853413446596915,0.15281020647228044,0.3807903481580059,0.004478480185514268,,,-0.3395787678601312,-0.3526444548924607,0.4384846480568018,0.0583318059750257,-0.16660105666632136,-0.3422339806676282,-0.11575038449585223,-0.27073926798364795,0.13274470272294783,0.1057064762648519,-0.22435432587716853,-0.12317892404911984,0.035596745531480845,-0.01740391588107324,-0.0645251775055981,0.5820892667883241,-0.24523593511621894,0.6765453545729108,,0.021348484727745063,0.4595494425806246,0.17867064045454184,0.4506259512785981,,0.36470128855915657,-0.10453346508458909,0.6485429001745173,0.20706356732462605,0.24179171082724382,0.03813083218449426,0.18998318577723944,0.17054084421742144,-0.3531799599964937,0.34630923825992715,0.16317764903696738,0.37419694156459926,-0.07086676919889393,0.8717672465315685,0.6534644470830112,0.33297420491039054,-0.015932870610173004,0.5511144403095092,0.02345384854449394,0.01661181458135773,-0.1497597398975209,-0.18006677876148508,-0.08663070069886604
#26,0.1017666887137518,-0.06144283562702707,0.4070571922638638,0.07217206288997442,0.14093346827211947,-0.02487548709448637,1.0,0.11186637872642223,-0.11893153981623887,0.15535066818605614,-0.10945182446270191,0.12476472041374144,-0.10289985576425026,-0.0946808086764577,-0.049253719449513504,0.539500673365793,0.05910159456207317,0.11926149672940277,-0.057393078277777336,-0.038739650487293706,-0.0379347990660536,0.4030839356437616,-0.10957613814756671,0.49043342444357674,-0.010450318354596817,0.39800460598140075,-0.03669963104335838,0.3966323741523161,-0.03733713711958817,-0.23397748009785718,-0.10252532094446525,-0.09140402744463658,0.0006056307724182996,-0.0029086214727984125,-0.0783479030034505,-0.21246961885105467,0.03180836567348533,-0.0893926957741316,-0.06024910549928679,-0.1048267178796548,0.0412562057232108,0.07356182613615536,0.17278964690132204,0.051349520675118936,0.03299890827084446,0.19008678051462677,0.16302305381348167,-0.032724780658065646,-0.17639793129278264,-0.0727665373060587,-0.03044091513997243,0.1289005410832822,-0.051926463674106894,0.2991194447322076,0.042684219333965524,0.3293372327454996,-0.07761795854616739,-0.025468367745380072,-0.18412131740630652,0.0481301149901585,-0.22353034927364152,-0.2227191227916391,,,0.20425535305883386,0.008759333487397302,-0.10032273745109133,0.3966594681605559,0.008134577532692108,0.27818533895401193,0.13734909035851747,0.0553721840161289,0.020704603590752973,-0.04615862744941788,-0.11318761006940847,-0.1329152355983393,-0.25502155567420254,-0.25204918359378115,-0.060818079672321876,0.10520922152539267,-0.05756682162055363,0.15464622397182223,,0.2608897991058977,0.2441775773175338,-0.084522149351736,-0.1932950298432532,,-0.05277912805106424,0.18835754528285348,0.15654917960936815,0.09724517686809202,0.18188526484393056,-0.0355122759763804,-0.11045908406314497,-0.011943676338165099,0.26444708301125996,0.08227494043302601,0.25495780506657956,0.0031970929722923923,0.005643522539824208,0.08420339631362111,0.11997545601606516,0.055966658432213184,0.2544621440923109,-0.005232331120655994,0.10821028137924439,-0.15055662249280813,-0.31008773677374113,-0.16549657738925325,-0.09116018137047868
#49,0.4137159432300839,0.04384129286232259,0.19639490313892055,0.21865661532086478,-0.31708436596036305,-0.2706436420722135,0.11186637872642223,1.0,0.16568145415135987,0.4326769677023484,0.160879439632159,0.05503271203053654,-0.07958466479133629,-0.25357282311597035,0.07151543163145774,0.11608029389030114,0.16319199292368256,-0.0374973254617269,0.11604682482129908,0.035483588202950056,0.11073002414554264,-0.12327933125612603,-0.05582959462582378,-0.11318920383459904,0.030810668664185706,-0.02373594498322562,0.2044641362987991,0.03878268214743922,0.3071599901186558,0.11556550773374559,-0.21930209022304745,0.2551076189944935,-0.04837396106431639,0.4029930910278989,0.1061001362669238,0.12047589828590553,-0.06945309947485437,0.08210122002725338,0.06144761692259879,0.2787415630055224,0.20092438381053318,-0.32595685677629116,-0.09610722852202185,-0.028933213269688975,0.052956035987218,0.17114488122464916,0.2590745005538334,0.09465690219859908,0.18789057208201515,0.0553785590768912,0.1499780857286296,-0.08455880595111923,0.06284375522954203,-0.02831164484536493,-0.06371554478878627,0.012930216991130696,-0.2061806214090478,-0.22699678856314098,-0.1967981257321359,-0.20783654344205468,-0.45670457171544915,-0.5403071185522237,,,0.20406569500115548,0.26870562360047495,0.0021468017117038146,0.16887376582808056,0.2138115691415184,0.2619735594354884,0.28696539138888666,0.191097227645451,0.4028863087601304,0.31700945899640603,0.30133159081672495,-0.14956689430946138,-0.39780060403700723,-0.46499852576719874,-0.055450278510467056,-0.16297364709257386,0.24170096251504541,-0.12121381156914152,,0.1902971575197826,0.04381898014965455,-0.000900477332674577,-0.3887257050418762,,0.07135924264278144,0.10864856680665237,-0.13324036369721648,0.08532540700778554,-0.06404545418323518,-0.2958793200997697,-0.3597367099905171,0.0013467315860354295,-0.049656942042728844,0.1395516738518914,0.04953422212305461,0.020049566097426866,0.11666201818486083,-0.19407916231701583,0.0019507685932631546,-0.07213062499501949,0.06748639322968547,-0.07217206288997442,0.2339264796117588,-0.5524006088183028,-0.46389085895974946,-0.3098263592824869,-0.29630007411008136
#50,0.24796914470591047,0.04202918184063942,0.10572560144713879,0.1523384519758704,0.16691980970443623,0.04107929778705703,-0.11893153981623887,0.16568145415135987,1.0,0.27105323972619116,-0.014919235948967638,0.23209364964259815,0.0035317836623130314,0.20584752448421775,-0.08075608220640854,-0.25722892046314816,0.24695391627951455,0.19034903073140622,0.3049956569898557,0.16655324371060412,0.26939731769318426,-0.18181195164516412,0.008799177617161664,-0.28096008415080204,0.17615408521862475,0.03411135637386544,0.21492242347934878,-0.09696626795974149,-0.03754432659436285,0.0804580481157711,0.1404011506984676,0.07840687231550175,0.27751436380878003,0.11569300894899155,0.06757723784554821,0.053700324331216284,0.14983624062666848,0.027586481683653546,0.21716485110248707,-0.11253576010646352,0.09095458566089458,-0.04276550135868482,0.2797041971806294,-0.07865071838965965,0.11622851405302456,-0.2779988684267147,0.16800516379921746,-0.20245280462829413,-0.18729450390074032,-0.3289324163870937,-0.18245264525177507,-0.24721370000557819,-0.03636972164890947,-0.32988230044067607,-0.02751954354564942,-0.2937691749874491,0.11272223063376073,-0.10075783534811816,-0.0882499661324897,-0.20635912311039215,0.20875614595701616,0.06298400656631259,,,0.18512060818079673,0.2625186271306648,0.06919650327917189,-0.31254691646279753,0.3994820263130633,-0.2398632549466487,0.4580305843540071,0.010282973009586497,-0.03528436755412825,0.01062563252556001,0.2712907107395867,0.12855947533249926,0.1586672935476416,-0.007479540039366,-0.4339280733769494,0.019225589493899863,0.14659856505295057,0.20695997258723872,,0.1387149471268398,0.0985201890205516,0.016834941708038155,0.05418164141876977,,0.2475117340962156,0.10949166859246627,0.017129788268294432,-0.0010741977384471945,-0.22597518507598274,-0.19829785877646647,-0.062295500003984414,0.31869566256803383,-0.010439161998262796,0.21326968897672305,-0.1503095888882691,0.003088716939333328,-0.0891807250037852,0.10792340364494099,0.10145431073639921,0.0810636788881894,0.09267903959709616,0.21991409605622803,0.08314991752265138,0.10537816063559356,0.017252508187968668,-0.16464231924710532,-0.2362055638342803
#51,0.568422730279148,0.33896994955733173,0.4016240467291954,0.579606180621409,0.11470965582640709,0.003354875726159265,0.15535066818605614,0.4326769677023484,0.27105323972619116,1.0,0.32409693279889074,0.22663341009969,-0.20524348747699,-0.11737124369466646,0.17823235502713386,0.20662846942759924,0.5044840583636813,0.2619712731678973,0.07991298042059464,-0.11809640685637784,0.20197626883631234,-0.09880228545928328,-0.20706994238538837,-0.08215859557411406,-0.06903712676011443,0.0725912231350955,0.1876307883559515,0.04525336882117158,0.0006327247806580656,0.07322713544613473,-0.0043828542740798,0.11784937325183881,0.2489365601765892,0.16022599590402345,0.14238857589111395,0.036965789830184316,0.2979910589772809,-0.04037804110320427,0.3699894014614827,0.1379467523049829,0.19459554223876196,0.137852720158739,0.3818326705926416,0.10539728581788045,0.07753030146068579,-0.028091705249065655,0.22219318027874954,0.10452868378901736,0.057184295037812076,0.07446708476440166,0.1663157726972085,0.06550374933261083,0.1351624445170493,0.04651563085210656,0.08287578990987259,0.023801289356039174,-0.19125501039931786,-0.28721561252380684,-0.2648423367785224,-0.12891010367442565,-0.20849158093538078,-0.4144937006430843,,,0.14903138920542836,0.16570695439440908,-0.09239056809760218,0.2377913601989019,0.009307588712954921,0.06892396943158365,0.19866920606587032,0.20682928384161162,0.07604013100749867,0.12089824606140777,0.10922869733602149,-0.17246292503725427,-0.3432029899034975,-0.41941843508195936,0.026998382328331568,-0.03906955988174262,0.012276778154571557,0.2829873534732128,,0.02558790013467316,0.15103156451959932,-0.1694873654264517,-0.24513702396225964,,0.29176103084732524,-0.05836049374845604,0.096634764800102,0.006896221979615743,-0.01594880826207875,-0.375400234283483,-0.34689574385005856,0.02655372184016129,0.16551570257154014,0.2765676672855788,0.265914940751779,0.2224896206041964,0.17797575883145136,0.058640996421997146,0.27604172477268923,0.26301747563531463,0.2571779199770498,0.22408497955996143,0.18076644168014727,-0.38083497358334195,-0.5485564471786372,-0.4721178748734949,-0.4219318027874953
#52,0.2500553833403725,0.39692403318219127,-0.24948481540214681,0.057796300870992676,0.10697033206097746,0.2615655555467013,-0.10945182446270191,0.160879439632159,-0.014919235948967638,0.32409693279889074,1.0,0.21249193156372273,0.12738646415223645,0.19462741754257346,0.20292934042027588,0.08798380734566376,0.23756345177664975,0.050250639598151875,0.12074843213349377,0.17234339264796117,-0.13807106598984772,-0.21960012431368486,-0.12160428404083226,-0.40482113970148775,-0.27710795368518354,-0.1757142060260262,-0.2361497820526102,-0.24578568639482345,0.3253591948298257,0.3815760743969591,0.3207866824980676,0.2989823809258182,0.1194670449202719,0.22762951334379905,0.351002876746169,0.20328315629258342,0.37492847978707294,0.38713990867725456,0.1604236227876547,0.4447943644462861,0.23816908254906805,0.11670026854943462,0.29287347895034627,0.18860298512220194,0.06221581174445569,0.09123190080405454,-0.25916056387412445,-0.031940648184303005,0.0321223374160285,-0.07515081003115812,0.05961000565786643,-0.13303636175282296,-0.02140904780498689,-0.17232586123086485,-0.21742782235893185,0.11456462319406482,-0.14389787152658798,-0.08154340221055231,0.20212448899903576,0.05159336674927683,-0.0696571014192479,-0.2768545450198822,,,-0.24648056801791393,-0.07672863756982684,0.33992939620205753,0.12975161169504898,0.0699009474934058,-0.03676019412060021,-0.023289690729864768,-0.01285690379236427,0.08664026329000948,0.06947700595271299,0.03956203332563014,0.004857796300870992,-0.14597136003952538,-0.1156706962363235,0.1259600443066723,0.2278765469483381,-0.11158671739624175,0.2138036003155655,,-0.12874275832941534,0.10733530428961902,0.10811943676338165,0.12917785622644215,,0.2373849500753054,-0.14573707655651094,0.25493071105833975,0.10419399309899673,0.2621106232418778,0.04191921204248978,0.014449075217748169,-0.21217317852560783,-0.19098247655172965,-0.14620404975734924,-0.05685757317374431,0.1677278486560575,-0.11729633673070947,0.18218648646494912,0.25245559371737764,-0.1171752105762258,-0.148317382400051,0.00605790148937357,-0.10547059901664688,-0.24970794252882722,-0.2182804867358892,-0.10515343974372256,-0.1418801647953207
#53,0.1454964180127342,-0.09939675987536756,0.021321390719505295,0.21237558670481077,0.6610268629122872,0.6478926439767629,0.12476472041374144,0.05503271203053654,0.23209364964259815,0.22663341009969,0.21249193156372273,1.0,0.07083011259951072,0.6318832726374424,-0.04286750233088159,-0.10004542230793137,0.40199380025340864,0.5421433520641092,-0.11458215461116114,-0.12424674672680475,-0.09841021922240197,-0.2481556152332077,-0.035979249177218724,-0.2093028074173832,0.009415964745913984,0.02532174134784722,-0.06060292137159432,-0.25313135015818117,0.14056530851309676,0.3723720804213915,0.5793671158428229,0.3092047908581629,0.5977081656559539,0.2248483930862466,0.1563340213086406,0.0914151838009706,0.3516499454135422,0.20011793862410251,0.3926081170461156,0.25686076070412545,0.31698077122297574,0.18295786881718717,0.6426427814390105,0.16572767334188654,0.49298504251368647,0.13505247471889967,-0.10649379626899569,-0.09611997864354645,-0.029068683310887806,-0.19614786953438149,0.04642638000143439,-0.12591382511614563,0.10981839045653403,-0.22538389819027962,0.0195666552446828,-0.11406896221979616,-0.03195817960139932,-0.010670257950896095,0.04146339519798548,-0.10873781765732454,0.23212552494640964,-0.1823363003928631,,,-0.14910310863900422,-0.39967327813593223,0.29310457490297953,0.15358637012009022,-0.005707273147447187,-0.2809186462558471,0.006218871773621592,-0.3187004438636056,0.18652790284407397,0.1698061184645666,-0.1510634398234108,-0.196479372694021,-0.18175616986349402,-0.2881670903425798,-0.024075416968817983,0.4088469905728789,-0.07328294642676292,0.7809066930169178,,0.37497310521240906,0.6140346962681988,0.2498529751611695,0.2143040425854059,,0.37643777542254697,0.28978316824582234,0.6459960633999793,0.4163950625154396,0.14862019778626015,-0.16620102160348715,-0.01622771717042928,0.262907505837165,-0.19144307469180566,0.3626899568886516,0.21052203778817266,0.35877726334579124,0.09988604578887393,0.6319470232450654,0.6165273450262573,0.3268286463355354,0.21197395787678602,0.5174859947883879,0.17874235988811768,-0.12160428404083226,-0.33120034425328115,-0.3494553307461212,-0.30980404656981886
#54,-0.031566113364518006,-0.03392329208137765,-0.19650487293707017,-0.19762528986604402,0.032055399278024366,0.34144666066348445,-0.10289985576425026,-0.07958466479133629,0.0035317836623130314,-0.20524348747699,0.12738646415223645,0.07083011259951072,1.0,0.22513845835093116,-0.02928702914199651,0.024818111547625688,-0.055678186932719205,0.16170029313339232,-0.14973423965447172,0.08101108463690045,-0.1327462964881384,0.016578345512355666,0.038967558909545855,-0.18142785423423566,-0.0638446397692228,-0.3241909649451346,-0.1110376208273235,-0.07721473595295206,0.2076054474894214,0.12744862099466886,0.25278390934663597,0.15848879184629727,0.0854337830407446,-0.04212799528245503,-0.14504219493342047,0.024193355592920494,-0.026356094956530053,0.05377204376479213,0.0016224529640048132,0.09696945549012265,-0.08866753261242022,-0.11726127389651683,-0.09481468495246595,-0.02426985632206807,0.05870155949923898,0.14396321589940153,-0.15635474025611806,-0.1177872164094064,-0.07372598395078453,-0.14573707655651094,-0.09257225732932767,-0.11980014184510196,-0.13688530468806032,-0.03823602068707217,0.019216026902756415,0.02075241654647021,0.052485875255998536,0.240682450254604,0.24219174589007803,0.04598331327845469,0.21414944736192018,0.1415932870610173,,,-0.09433336786491246,0.025900278112025756,0.3459012343711401,0.10310704523902493,-0.09888675501438374,0.003986006741626756,0.07206846815258708,-0.07626007060379794,0.1690028608085171,0.15543991903672832,-0.11085433783040745,0.00125429320498211,0.07644016607033285,0.11901919690172047,-0.07433639601877455,0.25219580999131397,0.11825583049345124,-0.053789575181888455,,0.10880156826494752,0.07505996541529536,0.16859485691973003,0.2849349345360948,,-0.0917339368390855,0.01884308584816199,0.16222298368781327,0.058664902899855764,0.15988811768362168,0.16090812740558932,0.1838471897935277,0.06449011467140546,-0.26212974842416464,-0.04140442588593422,-0.07703782801679829,-0.03563977719162636,-0.21505151845978532,0.3467363673310011,0.19125022910374614,-0.03706938456757166,-0.20693128481380837,0.07663619918877351,-0.15599454932304824,0.13745109133071426,0.07321438532461012,0.1067982054203954,0.1314234713799616
#58,-0.07584728541943915,0.03608762521017778,-0.20679581477260955,0.10288232434715393,0.5219278183745188,0.7210863103538956,-0.0946808086764577,-0.25357282311597035,0.20584752448421775,-0.11737124369466646,0.19462741754257346,0.6318832726374424,0.22513845835093116,1.0,-0.19564423973415995,-0.26266684729338824,0.271810278191714,0.37907321720361653,-0.1334698658846592,0.062297093769174985,-0.3045223087282551,-0.25184199411900643,-0.19411422515120846,-0.31210225597462726,-0.2167935038130832,-0.13088956004111915,-0.15862266812230555,-0.2592609710811306,0.07574847197762354,0.4258397150347839,0.6470128855915658,0.29509678139119766,0.48041820398600676,0.16133047518109156,0.04354644630206632,0.05267075201810517,0.09956729275075903,0.2688793440062476,0.14411302982731555,0.19326156077425113,0.11835619058244148,0.11745411948457633,0.30190215875495063,0.16136394425009362,0.2989696308042936,0.09340420275880755,-0.19371259632318372,-0.021574799384806637,0.015175832144650129,-0.16408928272597598,0.03144020591446262,-0.20448007395070483,0.02660790985664082,-0.3478615655555467,-0.025516180701097308,-0.11951485787598913,0.16433472256532444,0.2543473929985895,0.17428141111969975,0.02906708954569723,0.3731020248786746,0.04343647650391668,,,-0.36416418968993297,-0.35819235152085044,0.6482353034927364,-0.036358565292575445,0.0380033309692483,-0.48735586386057744,-0.028230362820645633,-0.3954848632151025,0.14679214911267122,0.13673230322976515,-0.030874419271808683,0.0958171632573373,0.1084907840527855,-0.04061710588179043,-0.15345249384408194,0.6081871717839811,-0.19383140906033505,0.5089258819498124,,0.1103634581517105,0.411588266700667,0.2569388551984636,0.41300193642470656,,0.2670481078022775,0.06346691741905665,0.5371913076046506,0.23607806261903433,0.18440819514060994,0.04047366701463873,0.12918582505239504,0.1676401915705759,-0.2687821243296225,0.1155400074906964,0.04856521288718533,0.2668791686920766,-0.0016973599279618134,0.6374662321000247,0.5650519169010829,0.2057375546860681,-0.01975631330236116,0.40070763174461504,0.06310513272079625,0.07418817585605113,-0.011652017308289969,-0.18658527839093467,-0.1419996971846138
#101,0.005751898572783271,0.025173521185123796,-0.09486249790818319,-0.07323032297651587,-0.11759277705615631,0.08474527647841644,-0.049253719449513504,0.07151543163145774,-0.08075608220640854,0.17823235502713386,0.20292934042027588,-0.04286750233088159,-0.02928702914199651,-0.19564423973415995,1.0,0.2836742662703504,-0.0042330403461657996,-0.0031030620624368194,0.33166253615854774,0.20132123134298624,0.38196654686864984,0.05272334626939413,0.20864458239367595,-0.18051143924965535,0.24100439082310005,-0.36879726509893296,0.07648638526085952,-0.07554447003323,0.2151152690674083,0.16065790627066914,0.15893026480408642,0.0713114296870642,-0.16876857732550263,0.025058770091402435,0.23333519272605566,0.22477189235709902,0.13197491413590035,0.18520189020551603,-0.044257265577062534,0.1938066284694276,0.08255384934137654,0.008773677374112472,-0.001756329240013069,0.17062212624214074,-0.29958482416785537,-0.20036656599383212,-0.16545195196391715,-0.15921873630358038,-0.13532978986205962,-0.15920439241686524,-0.10230538134816597,-0.19233558319852737,-0.26130895935101883,0.018704428276582013,-0.09363529871144084,0.14928161034034856,-0.12808772083608921,-0.2341703256859167,0.19881583246340317,-0.05636031843428508,-0.02653619042306497,-0.08207890731458534,,,-0.039141279315318474,-0.00758632230713449,-0.12297014080915458,0.05519527607997514,0.12298926599144148,0.23774354724318467,-0.22701750751061847,0.16574042346341114,-0.1406944034935333,-0.09604347791439888,-0.1529998645299588,-0.29938719728422414,-0.14581835858123024,0.00977774944417439,0.23086963797623697,0.016318561786292027,0.008890822658091319,0.062093091824781455,,-0.1692068627529106,-0.1286248197053128,0.030877606802189834,0.03968475324530437,,0.24298384718979352,-0.24956769119205668,-0.01770194997171067,-0.21867255297277052,-0.17654774522069663,0.1418355393699846,0.1377156563523496,0.13407071536150578,-0.06629585063232633,-0.010941198033293754,-0.062207842918502815,-0.20642606124839627,-0.3145231852991099,-0.03087601303699926,0.08074811338045566,-0.20031556550773374,-0.30392942807736134,-0.1496418012734184,-0.21533202113332642,-0.09816796691343464,-0.1328514849907163,0.05423264190486816,0.0123118360971878
#102,0.06994876044912303,0.02825426929850425,0.28381929890269264,-0.06732542294543745,-0.08550550247432046,-0.048496680983990625,0.539500673365793,0.11608029389030114,-0.25722892046314816,0.20662846942759924,0.08798380734566376,-0.10004542230793137,0.024818111547625688,-0.26266684729338824,0.2836742662703504,1.0,0.036937102056753976,0.0678928304045948,-0.003176374024814924,0.17356102925356007,0.18957836941883352,0.7151001282980979,0.23551546350676156,0.5377284064738742,0.21417016630939764,0.20883264668616372,-0.002608993616970412,0.48748655260620455,0.215322458542183,-0.2852760002868777,-0.11868450621169983,-0.16712381164882978,-0.16648949310298114,-0.2164588131230626,-0.12995880116982364,-0.31178509670170296,-0.09935213445003148,-0.04778745547418499,-0.053209444652519346,0.03971503478392528,-0.008050107977591661,-0.08686498418188049,-0.06528380973631155,0.08565531640223446,-0.010512475197029221,0.20370709783327623,-0.028123580552877146,-0.2768752639673597,-0.2353497119269418,-0.09121915068252995,-0.3109738702197005,-0.061861995872148155,-0.3204472105124752,0.3636780913068078,-0.09245431870522516,0.6074412896747922,-0.1408250922391604,0.09527050179697025,-0.041120735682011966,-0.058529432858656937,-0.26916940927093214,-0.23535927451808525,,,0.21812589151240347,0.10130609057367577,-0.13606929691048616,0.44610125190255717,-0.0605232331120656,0.701503717457307,0.01812270398202233,0.34238379459554225,0.09302966793902255,0.04785598737737969,-0.1497358334196623,-0.17238483054291612,-0.34253838981902796,-0.18272836662974443,0.17670074667899177,0.14556176238554774,0.00042075417795753485,-0.04325478727219119,,0.13753077959024296,0.09836718756225646,-0.15706874706149543,-0.1622962968865797,,-0.13635936217517072,-0.049953382368175696,0.050326323422770124,-0.040417885232968624,0.06407095442628438,0.191921204248978,0.0135980046059814,-0.14645267712707888,0.37509423136689274,0.05437608077201986,0.022829092589788748,-0.20327040617105882,-0.2965168261759995,0.013304751810915698,0.038417709918797664,-0.17732072133812526,-0.06291706842830845,-0.12226569659492068,-0.2444405485739786,-0.21455426372032607,-0.3380360031556551,-0.026921881599183992,0.055733968714389306
#201,0.29964857477547835,0.06483914924814127,0.31905744726629426,0.6146307644494736,0.3649658535807919,0.3814501669469037,0.05910159456207317,0.16319199292368256,0.24695391627951455,0.5044840583636813,0.23756345177664975,0.40199380025340864,-0.055678186932719205,0.271810278191714,-0.0042330403461657996,0.036937102056753976,1.0,0.5550393082419252,0.0711313342205293,-0.015725681135398323,0.12232785343735307,-0.1314920032831563,-0.10853700324331217,-0.16322546199268462,0.031908772880491515,0.09021507861246802,0.2118735506697798,-0.18521782785742177,-0.0758823482536318,0.14994302289443695,0.2960912908701161,0.24199571277163737,0.5873152228482178,0.11010208066045629,0.1505024344763286,0.020330068770967973,0.2219652718564974,0.0820438444803927,0.48754711568344633,0.10342739204233041,0.2623799695590849,0.06606475467969304,0.3659173313995649,0.1769063423885759,0.2346516427734702,-0.02787973447871925,0.1943501023994135,0.0631641020328475,0.07739801894986811,-0.13778100072516317,0.2622253743355991,-0.057888739252046,0.2966841715210098,-0.10770187028345114,0.2748655260620453,-0.04084820183442373,-0.06015826088342405,-0.2798970427686889,-0.19493820175473547,-0.11509853453290726,0.022215492991417573,-0.33786228274988245,,,-0.016057184295037812,0.02064244674832057,0.17738287818055765,-0.02708444564862259,0.12873478950346245,-0.05248746902118911,0.2310178581389604,0.11396377371721825,-0.01317406306528859,-0.04467961335256477,-0.007648479149566894,-0.1771804700013547,-0.2543346428770649,-0.32890213484847275,0.042427623138283035,0.27444795958211476,-0.14197903480745847,0.4377817976077584,,0.2546247081417495,0.3106073042258684,-0.0936751428412052,-0.0886181258915124,,0.1745698826191937,0.15780506657954083,0.36540892030377164,0.07289403852130466,-0.0014551076189944934,-0.4787176565276638,-0.2302799448557244,0.268503215421272,-0.04066173130712652,0.4456326849365283,0.24772051733618086,0.4577198001418451,0.2710484584306194,0.46814143072301156,0.46512124568687296,0.6192239957287093,0.33176453713074455,0.515017252508188,0.21052841284893498,-0.2819211245607185,-0.38822366900684524,-0.5283777861007738,-0.3554192000892509
#202,0.25606079260367187,0.07852404534423774,0.4263785775560657,0.43704166781222054,0.49671704162003866,0.5785330102770464,0.11926149672940277,-0.0374973254617269,0.19034903073140622,0.2619712731678973,0.050250639598151875,0.5421433520641092,0.16170029313339232,0.37907321720361653,-0.0031030620624368194,0.0678928304045948,0.5550393082419252,1.0,-0.15128423658020493,-0.13525892120382987,0.02162262095587074,-0.04040993250800491,-0.10398445440814538,-0.02831962495502817,0.08162312299211057,0.03226578913920566,0.03096527622551873,-0.09115703016083017,-0.1978325581654956,0.1277993002571244,0.49117950225900286,0.3142380265354291,0.7218603709729597,0.08916960417631105,0.006645206609825536,-0.02887903675981262,0.1543570170919554,-0.021543729547503703,0.4959066116977227,-0.01593765825596723,0.07237689055491119,0.11830204970239355,0.29158025467583326,-0.012534968218318225,0.17061342851304198,-0.13488598000064025,-0.08697419175155156,-0.09695196270269985,-0.2054834310112727,-0.24464863240948656,0.0902127239091641,-0.014942351497882075,0.22441896278518736,0.0061359984285473835,0.24735404989843698,-0.16325979299373872,-0.1521679797304983,-0.1850457749467331,-0.15857969964687393,0.06700908725430142,0.4345075801495218,-0.03035805144596638,,,0.12621828455813247,0.07576523670012981,0.07286936419502056,0.20713696305532928,-0.21834113680927425,-0.14757235597239016,0.1845190353413734,0.09430949896386048,-0.0478073965875121,-0.12158122288855881,-0.3076844614605753,-0.2715035865707913,-0.04610127027121081,-0.011079860019548417,-0.15342864849854532,0.337499835642926,-0.16453646497817737,0.4634623207860502,,0.34381513272685305,0.1735642859391343,0.07884757980683388,0.13726626926116894,,0.20375339820758745,0.09422901378966785,0.40448342264401793,0.02329926260439849,-0.039530173772275516,-0.23336636413008735,-0.14292891923951412,0.2025596676042155,0.048948532918639355,0.7029814178858538,0.4671239977703587,0.42663118943942274,0.22295987017185356,0.7019080166023144,0.7459493445439414,0.5826098632589228,0.5044125399089324,0.8364521338333641,0.24806566633956592,0.012607484563382877,-0.2569636609438724,-0.4045248605554834,-0.22792604448441295
