,#10,#11,#12,#13,#17,#18,#26,#49,#50,#51,#52,#53,#54,#58,#101,#102,#201,#202,#301,#302,#401,#402,#501,#502,#601,#602,#701,#702,#801,#802,#901,#902,#1001,#1002,#1101,#1102,#1201,#1202,#1301,#1302,#1401,#1402,#1501,#1502,#1601,#1602,#1701,#1702,#1801,#1802,#1901,#1902,#2001,#2002,#2101,#2102,#2201,#2202,#2301,#2302,#2401,#2402,#2501,#2502,#2601,#2602,#2701,#2702,#2801,#2802,#2901,#2902,#3001,#3002,#3101,#3102,#3201,#3202,#3301,#3302,#3401,#3402,#3455,#3501,#3502,#3601,#3602,#3701,#3702,#3801,#3802,#3901,#3902,#4001,#4002,#4101,#4102,#4201,#4202,#4301,#4302,#4401,#4402,#4501,#4502,#4601,#4602,#4701,#4702,#4801,#4802
#10,1.0,0.4431304735873264,0.6010423224346357,0.6585358079194192,0.17528388942457107,0.4927109149009076,-0.0436659786913594,0.7759182079704198,0.16875582720397803,0.48460821267202703,0.535156069456287,0.04505255440715919,0.05248428149080796,-0.14332730358836232,-0.1460829236028656,-0.0840982078110432,0.577378096884986,0.5980731378845955,-0.07686570137621625,-0.04422060897767932,-0.20329271888372685,-0.10587700914024337,0.03150714405246675,0.2764066970013308,0.08867072014280136,0.0534995099172039,0.2912159631521488,0.28466080692331597,0.3657962052450812,0.4332953485962913,0.4621727800843102,0.19473579357553253,0.5286248197053128,0.3302424913737459,-0.04366279116097825,0.003193905441911243,0.1654742646765852,0.008096327168118322,0.045795248985966895,0.16967383595374894,-0.21746447895831508,0.10153399899592792,-0.16831913554176064,-0.05358557323749492,-0.3507829371498697,-0.05293531703974053,0.30384814605264204,0.3801464670210138,0.07184534102590666,0.1619711687877025,0.2491485309469356,0.13683749173234308,0.14033267470961705,0.3281180023747101,-0.14115181410322816,0.14046171377570943,-0.6159743085051279,-0.2844536174485413,-0.34713321486345416,-0.14710293332483326,-0.2745579293802644,-0.24384448039270373,-0.05155511638470304,-0.2000621568424324,0.21111013714349464,0.16878451497740837,-0.03928153065208903,-0.2213341408410299,0.10637904517527433,0.04029197778291324,0.2681892436787288,0.26113842647562735,0.04171680386328682,0.18674146737961095,-0.28655898126529017,-0.2952848456836854,-0.40776323024328825,-0.31059455410434383,0.0002279084222521496,0.10622126242140745,0.1119811298201436,-0.07829052745658982,,-0.007001410482193659,-0.18492457506235607,-0.2942759923180518,-0.17981018256580258,-0.2948462731834769,0.02686769358270446,-0.1628780211811394,-0.17931611535672448,-0.2920335646949135,-0.2703392329208138,-0.2793296623608444,-0.30103355672608756,0.13347624094542151,0.4045900437488545,0.3406449967726255,0.4253042099307509,0.4213277657802676,0.4522627481293181,0.5471427774545976,0.6014264198455641,0.49438436835101085,0.577014718421535,0.5458295149375643,0.5023356628867869,-0.18163344994381977,-0.23642231590019844,-0.41828526803146093,-0.20098175935739387
#11,0.4431304735873264,1.0,0.4357784347632063,0.38401453513853806,0.16838607367976477,0.3718381690825491,0.3118631911960411,0.3339750894500713,0.267529424889831,0.38289093067918306,0.522305540724685,-0.18356031205922432,0.0850225916215764,0.13706858768497637,0.19108288375873583,0.13773956283020822,0.2806094558088757,0.3095092000095626,0.06384942106479452,-0.19730016176716683,-0.14862179155145072,-0.1976284773964252,-0.11893950864219174,-0.03873008789615026,0.06483914924814127,-0.029993067121421,0.16471722621106233,0.13894126178390137,0.27828255863063694,0.07612938185817084,0.20503311047183417,0.1621974834447641,0.3781909171321789,0.20159695272095562,0.01690506737642343,-0.033190160093713394,0.13728693351608506,-0.08953135334571158,0.15233526444548925,0.03343878746344301,-0.022221868052179874,0.10802381085194718,-0.12246491724374248,0.05286997266692698,-0.27847699798388703,-0.227157758847389,0.23131270469921666,0.3732980579971153,-0.04267146921244093,0.09594466447258325,0.09317788810174597,0.09855365808955367,0.059758249630749126,0.13848703870458764,-0.1140912749324642,0.08811290232610029,-0.3622628278175776,-0.13989273960267434,-0.24990556941245845,-0.1530508650160572,-0.3828287738367506,-0.2803209843093817,-0.1229940472870132,0.0582568990110687,0.29216903473611233,0.00849476846576194,-0.1513566926184765,-0.0037310043111348406,-0.08807624572671709,-0.08681079616540095,0.04099482823195658,0.19633274629648814,-0.10750264963462933,-0.251255488528875,-0.24100120329271887,-0.33749571675605033,-0.4846879009315557,-0.20700937930814653,0.10221134920192208,-0.007965638422491214,-0.08213468909625544,-0.021678394122193977,,-0.0744081154523504,-0.2072930695120688,-0.1564392098112185,-0.24321972443799855,-0.02569766711453065,0.07885153280367203,-0.1421367609910032,-0.004591637514045056,-0.2404131039373969,-0.3273609639091873,-0.12349927085242532,-0.1666616197435632,0.07314266589103427,0.20013547004119883,0.25516818207173536,0.2477731115874698,0.1734717784028879,0.2715489007004598,0.14835403899943422,0.30735761700228703,0.28152268326307484,0.4371681980093873,0.3664161799042147,0.4424547171465228,-0.36890404736670146,-0.13837547514124743,-0.24131039373969032,-0.1069113627489262
#12,0.6010423224346357,0.4357784347632063,1.0,0.6229613751006065,-0.05688466718198408,0.43525249225031676,-0.07919578608483611,0.5114089681167273,-0.09747308529034418,0.5834646861477899,0.456937261433273,-0.2568081664528365,-0.11777127875750065,-0.1391835140928687,-0.18801169823649883,-0.12879694634589486,0.6864282925196631,0.8056785853740168,-0.1127365745204759,-0.28721720628899744,-0.23799217461291428,-0.30953470025261176,0.005406051526428611,0.05731817131382033,0.1726350516778363,-0.10567938225661214,0.4315979886683295,0.2570966379523305,0.49265513311923753,0.2030409039836161,0.4264278143901059,0.15032074524460312,0.6964403254468519,0.4420100566583525,-0.19186382870211732,-0.2164317191148228,0.06503358860139136,-0.1534062746535553,0.09418355393699847,0.016855660655515622,-0.1509821577986915,-0.08715664321175562,-0.311219310059049,-0.16033755946736367,-0.3858075209779343,-0.4171250069727227,0.4658798779175864,0.52534325717792,0.2741833945604794,0.39902939699894013,0.5908661316928177,0.4608658926280391,0.3439952282651455,0.4370215716118544,-0.2874084581118664,-0.018199204711169904,-0.572714739937365,-0.49440986859406005,-0.2482974603351688,-0.12060658703153264,-0.22564846321191498,-0.08589438118082063,-0.3739499079600602,-0.33263632668998877,0.39446325972794427,0.32088071464431145,-0.26370438843245225,-0.2607527352995083,-0.21373347464718023,-0.19648734151997385,0.24962666050410792,0.3028616053996765,-0.15234163950625154,0.23418945086820359,-0.3935866888731283,-0.35942273824797394,-0.32333351927260556,-0.16073918829538844,-0.10711695845851031,-0.05661691462996757,0.05133358302321319,-0.2250428324394967,,-0.0008941022719122792,-0.3782610428005642,-0.22652025277115923,-0.0769932025914622,-0.10113493931089378,-0.04409470152762394,-0.2374279817354509,-0.3147606563125055,-0.23032297651586991,-0.4200352222107117,-0.3383643187849134,-0.25631569300894896,0.07128433567882445,0.3993449625066739,0.6622078429185028,0.6911091808843803,0.5875319749141359,0.7756600180095466,0.7294551713696021,0.6410139534142435,0.6307325741698475,0.7088828502896668,0.6726454111515751,0.757852879535258,-0.09838153144897162,-0.05553952936113922,-0.3629385842583812,-0.19756632055399279
#13,0.6585358079194192,0.38401453513853806,0.6229613751006065,1.0,0.2543728932416387,0.5088701001681423,-0.009481309118727538,0.5464176142928863,0.18736462956912558,0.7367466471164803,0.35758034568766983,0.07573412809090836,0.10441074516491486,-0.03627090820709385,-0.15887288925722573,-0.12041533520866371,0.6070826925069129,0.46391635920279867,0.015813338220879918,-0.06690307516993521,-0.11395580489126537,-0.0872698005402864,0.017950577341440285,0.12726852552813395,0.045734685908725065,-0.039498282718007156,0.22495676911920567,0.16834144825442868,0.17468782124329624,0.20857445672529065,0.33780012590745007,0.23832686530293493,0.586089617416666,0.3493421734175904,0.01975631330236116,0.03980587939978803,0.21486026663691637,0.10179059519161042,0.04384766792308489,0.19989640526261265,-0.10287913681677278,0.08728573819219214,-0.13828303676019413,0.01243614978205261,-0.3321581971328164,-0.18065328435161648,0.3274900588896238,0.33949270453984015,0.07316497860370232,0.12905991760233965,0.32028783399341776,0.11717361681103523,0.14422704150446264,0.11117946592928464,-0.05531162093888707,0.17064284518961823,-0.48025563993656817,-0.2506673891735531,-0.322444198296265,-0.2023412410649539,-0.31140896811672736,-0.25933906557546876,-0.006991847891050212,-0.22121938974730854,0.13684386679310537,0.1606100933149519,0.029449593191435107,-0.09796715249942226,0.164913259329503,0.1292687008423049,0.2802715775884739,0.329463140195555,0.12984564384129285,0.22310800149813928,-0.13104893656017658,-0.18236498816629346,-0.307324147933285,-0.2826446939572393,-0.1250165353138522,0.0839483938831292,0.15870235638183428,0.05940440994828232,,0.07440492792196926,-0.0843484289459634,-0.300529926925866,-0.18995768553419023,-0.151827669894926,-0.04273521982006391,-0.11457737331558941,-0.12354708380814254,-0.3161759198017356,-0.21914111993879942,-0.36487182143454805,-0.3692435193522938,-0.01792667086358167,0.3398895520722932,0.3956235207866825,0.4249472065280622,0.4709448636932321,0.3477468144618253,0.5360900158579637,0.5279187817258884,0.5555578576608309,0.5971232538310131,0.6262525002191427,0.4795910398520986,-0.22116838926121016,-0.21260030759668178,-0.44704476089537726,-0.3187163815155113
#17,0.17528388942457107,0.16838607367976477,-0.05688466718198408,0.2543728932416387,1.0,0.22645809592872682,-0.20678306465108495,0.23255584154786477,0.3281339400266159,0.22202424116854863,-0.10054108328220003,0.6806429248778777,0.22413279251567866,-0.03837627202384273,-0.07110424021228952,-0.07922128632788532,0.1322904796436341,-0.2413741443473133,0.026754536254173674,0.2366055988971145,0.15018527520340427,0.03579755994549323,-0.04361019690968929,0.16628389739339702,-0.09050833140753373,0.20690737833594977,-0.45520005737554686,-0.07816621377172502,-0.10125668385276797,0.25205555865454343,0.15128019188932895,0.29692483006478654,0.0355122759763804,0.11029333248332523,0.5500179298583939,0.4246937978627609,0.47537871845341023,0.4274765118855039,0.19454135422228244,0.346272581660544,0.1587501693375515,0.216607033285786,0.4262317812716652,0.2597231629863972,-0.02415669899353728,0.45924822095960605,-0.018862211030448883,0.07461530492712509,-0.3826120217708325,-0.44658097522492013,-0.3358047318888508,-0.5124688219684593,-0.4471867841750565,-0.4676298320968372,0.23883527639872817,0.1612045677310362,-0.19562670831706364,0.19565220856011284,-0.3755133916120138,-0.3000757038465523,-0.23737060618859024,-0.27218959430707074,0.49294838591430323,0.11960570249185187,-0.0917211867175609,-0.22407860449919914,0.41122170070683484,0.13035246117189556,0.39286630700698866,0.32269123190080407,0.059160563874124425,-0.10611448015363896,0.5385683207293069,0.03840814732765422,0.32024639609846284,0.15296320793057558,-0.08088198965646391,-0.27213221876021004,0.0856967542971894,0.08371411040011476,0.3628206456342787,0.4908398345671732,,0.35648224147136404,0.518665381029413,-0.04526611894269617,-0.13892532413199563,0.07000984264573776,0.024153511463156134,0.2678545529887082,0.45774848791527545,-0.20471754496410044,0.2086844265234403,0.02079544820661572,-0.2386025866809043,-0.1077608395955024,-0.17461132051414865,-0.08302719760297715,-0.11812668839499876,-0.12262748129318107,-0.31272063686857016,-0.03011419327590466,0.11342508108280407,-0.007850887328769852,0.05937572217485198,0.07786339838551586,0.00793216935348915,-0.2387396504872937,-0.243603821848927,-0.10533353521025747,-0.17848576369243518
#18,0.4927109149009076,0.3718381690825491,0.43525249225031676,0.5088701001681423,0.22645809592872682,1.0,0.027285260062634972,0.4089410227191228,0.14154069280972834,0.37682027906828486,0.35299667699957765,-0.01251105674600961,0.21747882284503023,-0.029116496266605042,-0.0445712373196057,0.04305716038855995,0.393954848632151,0.40129413733474645,-0.03773398465204122,0.05958769294519838,-0.11862234936926742,0.0946744336156954,0.10839197061096989,0.33462056435225396,0.22900333893807426,0.029749221047263106,0.1050004382854274,0.3231327048585932,0.2400752257169951,0.3974451943995091,0.4684872777693662,0.266256006502562,0.5877455394496729,0.32189275554032626,0.07081736247798612,0.08313557363593621,0.2845157742909737,0.11858569276988422,0.18517001490170454,0.22081138585852148,-0.06794858513495207,0.04825124114464216,-0.08340491995314331,0.1058562901927659,-0.23862489939357234,0.022094366836933915,0.2762760082557037,0.32778809298026124,-0.08940703966084677,0.04351297723306425,0.08277697646805696,-0.05511080652487469,0.04549882678913524,0.13073337105244284,0.0657364390504347,0.2794332570982317,-0.5169090517893998,0.01660543952059543,-0.37733506522484045,-0.186089617416666,-0.4697272270876332,-0.3989688339216983,0.09528325191849485,-0.0011777924758345354,-0.07614372574488601,-0.13731721505470598,0.03567324626062842,-0.049781255727593655,0.14024177417941014,0.15522476073600078,0.024473858266461604,0.022786060929643234,0.07855509247822519,-0.1708564097251552,-0.19829467124608532,-0.3632334308186375,-0.47753827028663864,-0.437697328052658,0.29650248228928433,0.5775310983432811,0.029049558128600914,0.09310457490297955,,-0.08918231876897577,0.021906302544446126,-0.38825554431065673,-0.393741284096614,-0.12373902870381553,0.30366964435129773,-0.21556789838153145,0.014214791734733721,-0.4347903003450502,-0.1506203731004311,-0.33831172453362446,-0.27851206081807967,0.02123692116440485,0.3560551124002901,0.2738343599837436,0.29650088852409373,0.4029038401772267,0.21103523017953765,0.3821067982054204,0.5583007275538096,0.48150515184597853,0.5214975017730638,0.5681007897106519,0.3646965072635849,-0.38117763309931546,-0.41374941229908596,-0.5678107244459674,-0.3789925810230379
#26,-0.0436659786913594,0.3118631911960411,-0.07919578608483611,-0.009481309118727538,-0.20678306465108495,0.027285260062634972,1.0,-0.14206663532261793,0.16793822566121333,0.03498314593310967,0.1890301141932759,-0.3128481380838161,0.2885432189275554,0.5297085800349035,0.4721274374646383,0.37416506626078777,-0.25880993553219805,-0.15921873630358038,0.12213500784929357,0.06560893783518874,0.0778108041342269,0.2353624620484664,0.014643514570998255,-0.08404242602937309,0.08336188829299779,-0.02414873016758441,-0.14576098303436955,0.013178844360860314,-0.18143104176461683,-0.22539346078142308,-0.25958450541481726,-0.1691447059104782,-0.0017674855963470903,-0.06487261831714333,0.010560288152746455,-0.041063360135151286,0.03203627409573748,-0.09951629226466065,-0.042427623138283035,-0.1402879933699368,-0.03312481572089984,0.0762122576480807,0.008214265792220832,0.15221891958657732,-0.13911657595486457,-0.23009028679804605,-0.14740096741547068,-0.014237104447401764,-0.36233614101634404,-0.13052140028209644,-0.3094597932886548,-0.05199658934249217,-0.049900807999433396,0.025707432523966244,0.09597653977639474,0.07893281482839133,-0.13056443194224196,0.12026233375036856,-0.14632358214664234,-0.21402035238148365,-0.1794404290415893,-0.14418634302608196,-0.037930017770481876,0.40969168612388335,-0.06566631338204942,-0.3019340340587621,-0.019429591438293398,0.5116065950003585,0.07184374726071607,-0.0086908015842026,-0.16453713074452742,0.12291595279267506,0.003914287308050905,-0.3332913641833149,0.033682633537600905,-0.039262405469802135,-0.1253177569348708,-0.09024057885551721,0.16315374255910878,0.1280701894189929,-0.34362055638342803,-0.1582816023715226,,-0.11129899831857773,-0.15721856098940942,-0.12065758751763103,-0.17876307883559514,-0.09716902326578188,0.05461514555060603,0.066716604642638,-0.11797687446708477,-0.14605582959462582,-0.13725187068189243,-0.14360940002709402,-0.05348516603048873,0.03729569922463324,0.0546167393157966,-0.20261536867773272,-0.1004311134840504,-0.2933484209771374,-0.09711448812246491,-0.2762313828303676,-0.10653523416395062,0.015128019188932895,0.08945963391213572,-0.07336419925252413,0.07856146753898748,-0.1717680434141638,-0.02559108766505431,-0.10480918646255848,-0.05501358684824965
#49,0.7759182079704198,0.3339750894500713,0.5114089681167273,0.5464176142928863,0.23255584154786477,0.4089410227191228,-0.14206663532261793,1.0,0.21550733530428962,0.5225589493899864,0.3992955557857661,0.1285945381666919,0.0425296241104798,-0.10491437496513639,-0.17315621289515415,-0.23155176947780284,0.5415088175059168,0.4498513813959789,-0.06535871670026855,-0.0706372670114512,-0.21325853262038905,-0.1939883177011531,0.11663014288104934,0.2350628341926384,0.052069902541258595,0.05379754400784133,0.10604594825044426,0.12437265417686012,0.1961669947166684,0.18167966913434644,0.23023850696076947,-0.02634334483500546,0.4179410147502968,0.23639203436157752,-0.053349695989289896,-0.15245957813035405,0.16243176692777853,-0.031234610204878516,0.12850847484640088,0.06640741419566655,-0.12981058100710022,-0.07768330291898094,-0.12262748129318107,-0.09004135820669541,-0.3695351783821689,-0.15174716509016725,0.345920359553427,0.43297181426260467,0.08846034313764553,0.01776729434452422,0.27182621584361977,0.05852783909346636,0.0022376472191377988,0.17088350373339495,-0.13904166899090756,-0.018181673294073584,-0.5547832877782116,-0.41332706452358375,-0.36434109762608674,-0.3089386320713369,-0.06835340149335799,-0.022754185625831747,0.0708811130856091,-0.21595358955765048,0.20609296432356622,0.14137334746471802,0.13361649228219205,-0.11874028799336994,0.14695471316210984,0.183981066069536,0.3838280646112408,0.24321972443799855,0.0926136952242826,0.28697973527560183,-0.1459522348572385,-0.14294479994262446,-0.12742312075161966,-0.1534429312529385,0.07778849142155886,0.0917403118998478,0.15135350508809536,0.024607734542469856,,0.23151351911322904,-0.01897058706340795,-0.12077393237654296,0.01056506944831818,-0.15172403381720392,-0.056718915602164334,-0.0778299293165138,-0.10632485715879479,-0.16381834264357834,-0.3092701352309764,-0.1759309580919443,-0.33534732127915595,0.060763891655842346,0.3211516547267091,0.436446222378057,0.4120122082413598,0.3151447537234339,0.36275370749627456,0.4706627672545004,0.45162205452270715,0.4642701750751062,0.5594370821346891,0.5204137414434732,0.4241248236897258,0.025140052116121733,-0.015802181864545895,-0.2639864848711839,-0.2461076269633195
#50,0.16875582720397803,0.267529424889831,-0.09747308529034418,0.18736462956912558,0.3281339400266159,0.14154069280972834,0.16793822566121333,0.21550733530428962,1.0,0.16195682490098734,0.16983958753356868,0.266394664074142,0.2761198192670274,0.3055981002318928,0.2545529887081736,0.07127796061806214,0.006231621895146188,-0.0736845460558296,0.3191546669429193,0.13024089760855534,0.18132266573165776,0.09782849492784228,-0.24711648032895314,-0.26907856465506935,-0.209715592601742,0.1381348165974707,-0.24684554024655547,-0.10424339981990453,0.054078046681382434,0.2896253854919555,-0.03439026528221597,0.21213174063065288,-0.016112966076707917,0.1901600937133932,0.1850536700427926,0.30830909482106,0.19833610914104025,0.2635115428443927,0.07795105547099745,0.19593111746846337,0.08218250205197268,0.16088103339734958,0.12516316171138506,0.06318163344994382,-0.199400744288344,-0.024881862155248666,-0.00781104319900549,0.052444437361043594,-0.27530221772426267,-0.4389946529177856,-0.29505215596586154,-0.45817721075154,-0.40782315893155585,-0.4727856624883456,0.21040569292926073,0.1257050418761804,-0.1920216114559842,0.02199395962992772,-0.4041437894954936,-0.4063575293452016,-0.13322920734088248,-0.08628804118289253,0.3354190407127318,0.1445847843237256,0.06364701288559156,-0.01735610292535601,0.2924335997577477,0.12782953087521615,0.4312346102048785,0.28700682928384164,0.3017459697662743,0.31732980579971154,0.3476001880642925,0.023581349759739897,0.2309047008104296,0.12391364980197468,0.017612699121038498,-0.08941182095641849,0.06367570065902191,0.02900971399883655,0.023885758911139622,0.21842551936823149,,0.05260859517567277,0.23115173441496864,-0.10381627074883057,-0.18425997497788651,0.022336430861482102,0.04980516220545227,0.11330873622389213,0.10783255902907825,-0.24941150220338038,-0.2906517702746854,-0.04183474248738933,-0.28381929890269264,0.19710890994429792,-0.14654192797775104,-0.10070364733163863,-0.26376654527488463,-0.15112559666584321,-0.24615225238865557,-0.10946935587979822,0.08713433049908757,0.07488465124433218,0.08628804118289253,0.08747061495429878,-0.013692036752225295,-0.1106885862505877,-0.05345807202224896,0.013980508251719275,-0.20464741929571517
#51,0.48460821267202703,0.38289093067918306,0.5834646861477899,0.7367466471164803,0.22202424116854863,0.37682027906828486,0.03498314593310967,0.5225589493899864,0.16195682490098734,1.0,0.39176023396473,0.03956681462120186,0.2835069209253401,0.12844791176915904,-0.06077186048179522,0.021061606993441655,0.5843380694722247,0.38952099387197286,0.005219580999131398,-0.11922001131573286,-0.19892102096598108,-0.10276438572305142,-0.1260030759668178,0.09209890906772705,-0.12266891918813601,0.019110838400178503,0.10154356158707138,0.06939413016280312,0.21064794523822805,0.050450637107634935,0.22628915681852593,0.012083927674935652,0.5164707663619919,0.23204424292169035,-0.11875144434970396,-0.20734725752854832,0.10488728095689662,-0.04204352572735459,-0.08355314011586673,0.06489811856019252,-0.07325263568918391,-0.05756839244874053,-0.17466869606100932,-0.046177752631704774,-0.399037365824893,-0.28147646407254817,0.3130011395421113,0.2545466136474113,0.1392201706922519,0.06269394130162803,0.3065240778076166,0.09539800301221621,0.09157300304131091,0.09848990748193069,-0.18916399046928417,0.011986707998310609,-0.4768768577325503,-0.28272119468638685,-0.2622715935261258,-0.2978412450493669,-0.08923491302026472,-0.048437711671939374,-0.08076564479755198,-0.07307572775303015,0.2776864904493621,0.005060204480073951,0.010705320785088733,0.028893369139924616,0.024158292758727856,0.12683661516148825,0.23118679724916127,0.2821506267481612,0.031194766075114153,0.12530022551777448,-0.2806971128943573,-0.2579652399811936,-0.21336212735777638,-0.15079728103658488,-0.03404601200105189,0.054050952673142666,0.15268589278741562,-0.047688642032369374,,0.07640829076652136,-0.1318346627991298,-0.06356573086087226,0.0381595199579246,-0.08951627415651038,0.041498458032178116,-0.18719887798930585,-0.16284773964251847,-0.159306393389062,-0.4213277657802676,-0.009454215110487772,-0.3016726565675079,0.01899927483683829,0.29756233614101635,0.422674497366303,0.42318131469690573,0.4314593310967495,0.3761891480528174,0.47652144809505215,0.38218011140418684,0.48925403820255164,0.5373634342452327,0.560429997848417,0.4646670226075592,-0.06797886667357299,0.010153878029149965,-0.16038218489269976,-0.22887424395763772
#52,0.535156069456287,0.522305540724685,0.456937261433273,0.35758034568766983,-0.10054108328220003,0.35299667699957765,0.1890301141932759,0.3992955557857661,0.16983958753356868,0.39176023396473,1.0,-0.2590681254930711,0.24763923531146156,0.0034026886818764993,-0.0017882045438245584,0.09522747013682474,0.26253615854776113,0.4550582122735857,-0.017466072723505647,-0.237772235016615,-0.2112950139056013,-0.08256659946290112,-0.015526460486576512,0.011114918439066373,0.2193483094135741,-0.15512594729418513,0.362152858019428,0.1497772713146172,0.2396082525161568,0.07047310919682204,0.26975591486106354,0.09109483699766513,0.4163918749850585,0.18046522005912868,-0.28145255759468957,-0.2646861477898461,-0.028636772944242123,-0.2715026815099331,-0.09352851644367235,-0.181831076827451,-0.04499517886029851,-0.10461634087449896,-0.22814589326554519,-0.2548558040943828,-0.1765254325080286,-0.2686833108878069,0.18290846209627937,0.2312425790308314,0.1674919714078525,0.30106543202989905,0.33188566328522817,0.24853971264413613,0.34970648810117133,0.3220091003992382,-0.20078891376933436,0.00416928973854282,-0.36558901577030656,-0.19211883113260922,-0.14667899178414046,-0.14389468399620683,-0.264757867223422,-0.22341081688434844,-0.3009634310577023,-0.10236435066021723,0.13709408792802558,0.008247734861222896,-0.27005554271689153,-0.16282861446023159,-0.22528189721808287,-0.05799711528500506,-0.032136681302743664,0.1019786594840982,-0.16680983990628662,-0.10818318737100463,-0.3395947055120369,-0.3438914964658257,-0.4197579070675517,-0.238585055263808,0.0735347321279156,-0.01962403079154348,-0.13579038800213564,-0.25533233988636456,,-0.27117277211548424,-0.2909274916526548,-0.061744057248045645,-0.12922885671254053,-0.11251124292918699,0.185190733849182,-0.34713162109826357,-0.21714891345058132,-0.25925618978555887,-0.40038409741092845,-0.11143765589015771,-0.17449975695080844,0.18805472989664432,0.2923045047773112,0.1447712548510228,0.19668656216879568,0.3189554462940975,0.46113842647562736,0.27111380280343295,0.38276661699431824,0.17020296599701967,0.35992636804819544,0.31855222370088215,0.3912087912087912,-0.28383204902421727,-0.1610722852202185,-0.12943604618731522,-0.03628843962419017
#53,0.04505255440715919,-0.18356031205922432,-0.2568081664528365,0.07573412809090836,0.6806429248778777,-0.01251105674600961,-0.3128481380838161,0.1285945381666919,0.266394664074142,0.03956681462120186,-0.2590681254930711,1.0,0.20902867980460438,-0.018078078556686243,-0.11908294750934345,-0.24152873957079904,0.06744495533473054,-0.35009761811792267,-0.11052124090557738,0.0853094693558798,0.25669979041987745,-0.023216377531098342,-0.02479739260014822,0.035894779622118275,-0.2344635784809824,0.07326379204551793,-0.3963391213572504,-0.21253815075424937,-0.14311533281801592,0.27881168867390765,0.03648128521224968,0.23211118105969447,-0.17023165377045,-0.009761811792268645,0.4421375578735985,0.28898309812015394,0.35942273824797394,0.32307373554654195,-0.036588067480018166,0.18698371968857827,-0.09598610236753818,0.044284359585302295,0.4573580154435847,0.034874769900150614,0.09502984325319351,0.4154818350612404,-0.0026249312688761566,-0.07349648176334181,-0.20520364334722566,-0.3604841858648965,-0.3150204400385691,-0.49131158906358324,-0.4061409391026385,-0.502477507988748,0.22980340906374264,0.07135286758201914,0.014420387444317829,0.11896979018081266,-0.27319207261194206,-0.25413860975862423,0.05058610714883376,0.004848233709727546,0.39438835276398726,0.04964259815601368,-0.22407860449919914,-0.12017945796045869,0.5168915203723036,0.20247671110615273,0.46357369968682516,0.2633330411430484,0.2235861310553116,0.044027763389619806,0.47039820223286505,0.23843842886627514,0.31865900596865065,0.26964913259329504,0.21891002398616613,-0.022016272342595764,0.03887033923292081,-0.07772792834431703,0.5455537935595949,0.4680458048115771,,0.6304297587836384,0.5284973184900669,0.1727482090063671,0.09732327136243017,0.14683518545789007,-0.12861685087935995,0.48730645713966964,0.23548836949852178,0.02789407836543442,0.2262859692881448,0.07025795089609448,-0.12780721816254811,-0.028772242985440954,-0.3296177354190407,-0.15648064770617345,-0.26217278008431016,-0.11929332451449928,-0.3881136992086956,-0.005010797759166142,-0.015904182836742664,-0.1456828885400314,-0.11904469714476966,-0.11787646726007857,-0.20955780984787512,0.07842599749778865,-0.09280654081234212,0.09045254962586362,-0.03616890723489708
#54,0.05248428149080796,0.0850225916215764,-0.11777127875750065,0.10441074516491486,0.22413279251567866,0.21747882284503023,0.2885432189275554,0.0425296241104798,0.2761198192670274,0.2835069209253401,0.24763923531146156,0.20902867980460438,1.0,0.2876076787606882,0.2474432021930209,0.2738247973926001,-0.05797639633752759,-0.13609160962315422,-0.11696005227549824,-0.09566734932942329,-0.043648447274263084,-0.013809975376327806,-0.10198662831005108,0.06974316473953893,-0.17215851588585454,-0.0545545824733642,-0.18902533289770418,-0.1720421710269426,0.062005434739299856,0.10637107634932146,0.1843858824279419,0.2480488329654392,0.039582752273107605,-0.11497103331766131,0.08162468423527161,0.014018758616293061,0.00474623273753078,-0.12696092884635307,-0.2206711345217509,-0.11920407366382711,0.0981647793830535,-0.12800962634175106,0.22775063949828273,0.047985082357816226,0.177711193809816,0.011736486863390417,-0.001683016041246643,-0.06707838934089841,-0.18420897449178814,-0.12137796938377068,-0.20975384296631577,-0.15233685821067983,-0.02043606229871398,-0.15475141247440014,-0.01971328164221565,-0.15410753133740807,-0.04621122170070684,0.11203531783662313,-0.10672967351720071,-0.2223764632756656,-0.028343520149176422,-0.07063886077664178,0.07990341782945119,0.263795233048315,-0.1309373729968364,-0.39500832742312075,0.05843540071241304,0.22456470288232436,-0.020084628931619504,0.09202559586896063,-0.09043023691319559,-0.08804277665771502,0.026547346779398993,-0.12087433958354915,-0.06139024137573811,-0.11964235909123509,-0.044630206631656955,-0.06549099921108623,0.14636183251121612,0.07752711393030465,-0.09458199523464209,0.08768736702021691,,0.09807393476719074,0.10029883097323271,0.1109882141064157,-0.028445521121373187,0.08290314995289169,0.06158627449417877,0.21018415956777087,-0.022083210480599892,-0.041842711313342204,-0.10944704316713019,0.18301843189442898,-0.06542884236865383,0.01250786921562846,-0.18959908836631098,-0.2178437950736718,-0.15465738032815626,-0.19334762409454215,-0.1819506092167441,-0.030139693518953854,0.014085696754297189,-0.12490656551570258,0.018270924144745754,-0.03893090231016264,0.016755253448509432,-0.08140952593454406,-0.11596076150100805,0.1668927156961965,0.11168787702507789
#58,-0.14332730358836232,0.13706858768497637,-0.1391835140928687,-0.03627090820709385,-0.03837627202384273,-0.029116496266605042,0.5297085800349035,-0.10491437496513639,0.3055981002318928,0.12844791176915904,0.0034026886818764993,-0.018078078556686243,0.2876076787606882,1.0,0.31900963431057705,0.0925642885033748,-0.26930009801655924,-0.237098072341002,0.14174150722374074,0.09871622213899227,0.0451147112495916,0.09094342930456056,-0.136654208735427,-0.2105268190837444,-0.20997218879742446,-0.05342938424881862,-0.2438906995832304,-0.22135007849293564,-0.11033158284789901,-0.0646000844695551,-0.20696316011761987,-0.054744240531042564,-0.02601662297093769,-0.006475467969304083,0.021923833961542447,0.10683804955015977,-0.014614826797567914,0.0571954513941461,-0.16927858218648648,0.05663603981225446,-0.15876291945907609,0.17046593725346446,0.08897194176381994,0.08352604610762697,-0.26816055590529847,-0.22020097379053144,-0.10568575731737444,-0.058199523464208015,-0.17276733418865398,-0.3118615974308505,-0.2994126975272733,-0.25100526739395485,-0.37006126834277986,-0.2647259919196105,-0.03573859063344197,-0.02964722007506634,-0.10615751181378448,0.024086573325152006,-0.1561778323199643,-0.2533385396329559,0.07419773844719457,0.06025388679485851,0.131646598506642,0.28606172652583095,0.02585565268668967,-0.17112575604236227,0.3391946704492027,0.5441401238355553,0.273147447186606,0.02264899712325383,0.16583445560965504,0.14055893345233447,0.1705376566870403,-0.09087649116655643,0.13197650790109094,0.14404449792412083,0.1704882499661325,0.1363737060618859,0.11437655890157702,0.09371658073616014,-0.27043485883224827,0.029958004287228363,,0.061395022671309835,0.0661045988094574,0.1640510323614022,0.08897991058977281,-0.057676333364704575,0.08777821163607966,0.3374463100351425,-0.08099833451537584,0.04959637896548701,-0.11539497485835412,0.02081297962371204,-0.018588083417670074,-0.09251488178246699,-0.18941261783901378,-0.07140386806811752,-0.21594243320131645,-0.05312975639299062,-0.1050259385284766,-0.18150435496338324,-0.10337001649546972,0.057963646216002994,-0.0011076668074492585,-0.0015826088342404513,-0.007232506434826957,0.11899688418905242,0.17295061718557006,0.03864083704547809,-0.06687438739650488
#101,-0.1460829236028656,0.19108288375873583,-0.18801169823649883,-0.15887288925722573,-0.07110424021228952,-0.0445712373196057,0.4721274374646383,-0.17315621289515415,0.2545529887081736,-0.06077186048179522,-0.0017882045438245584,-0.11908294750934345,0.2474432021930209,0.31900963431057705,1.0,0.5669166221740551,-0.10220975543673151,-0.08973694905529568,0.39721409844687583,-0.08016320155551483,0.4497398178326387,0.16815019643155973,-0.20219461466742106,-0.29958960546342706,-0.15706874706149543,-0.17954243001378606,-0.14200288471499495,-0.23872211907019739,0.14125859637099666,0.0863772920335647,-0.1076923076923077,0.03114376558901577,-0.22924877877742272,-0.32930376367649755,-0.04505892946792149,0.128800133876276,-0.20981599980874818,-0.15200216752065918,-0.04654591239072747,-0.1859525536102766,0.08293794675230498,0.048238491023117565,0.1121436938695822,0.08636294814684953,-0.02327215931276845,-0.24921228155455857,-0.34477922367697567,-0.2834415765525265,-0.26670704205149454,-0.16324777470535265,-0.3525775167544566,-0.2199475651252301,-0.002654416982531342,-0.1931643410976261,0.348478352684299,-0.023042657125325727,0.031441799679653194,0.12673142665891035,-0.1833993417749763,-0.32850369355082915,-0.1710811306170262,-0.18693750049805163,0.014661045988094574,0.21371434946489334,0.024832455434340858,-0.06728398505048251,-0.07308050904860187,0.1505900915618102,0.0637569826837412,-0.1281450963829499,0.035343336866179506,0.14359346237518827,0.0809138649602754,-0.16775175513391613,0.1415502554008718,-0.06606953597526477,-0.041608427830327754,-0.13631951804540637,0.1451139143669963,-0.02380766441680147,-0.13350652248404243,-0.14822016272342595,,-0.029438436835101084,-0.08663388822924718,-0.13447393795472112,-0.2410697351959136,0.11942629901278334,-0.037719640765326044,0.08605694523025922,-0.0415558335790388,-0.1829674314083306,-0.3418690084389867,-0.13747499780857286,-0.1914096056228036,0.30482671787965476,-0.1964714038680681,-0.27055279745635075,-0.2696188510546741,-0.37158954171281944,-0.29252125684322927,-0.23174939636143407,-0.17382240674481428,-0.14185307078708093,-0.18912733386990094,-0.2651308082780164,-0.14155663046163408,-0.16746806492999386,-0.07456589820621728,-0.0234187857103013,-0.1140912749324642
#102,-0.0840982078110432,0.13773956283020822,-0.12879694634589486,-0.12041533520866371,-0.07922128632788532,0.04305716038855995,0.37416506626078777,-0.23155176947780284,0.07127796061806214,0.021061606993441655,0.09522747013682474,-0.24152873957079904,0.2738247973926001,0.0925642885033748,0.5669166221740551,1.0,-0.1243423726382392,0.008566487899337791,0.29757827379292207,0.15262054841460207,0.08852409374526851,0.4634557610627226,-0.3232076118225502,-0.02049741411597829,-0.0478368621950928,0.04162277171704293,-0.10492712508666098,0.2496346293300608,0.017874076612292712,0.09702523727179274,-0.09922303946959495,0.0017260477013921539,-0.10282973009586498,-0.20065344372813554,0.05759708022217087,0.16262780004621918,-0.09755117978468232,0.018074891026305096,0.07270119293324515,0.0770872347377061,0.12251910526022201,0.15962195889679573,-0.09007642104088805,0.2453569635585589,-0.02928384161161536,-0.027664576177991698,-0.3794882419973065,-0.31199547370685876,-0.3518937914877001,-0.01629146777805226,-0.28312919857517393,-0.09065655157025715,0.06494276986141527,0.00584752448421774,0.30256994636980133,0.2354007124130402,-0.10220656790635035,0.4232689717823873,-0.07956075831347767,-0.19276111850441074,-0.32254779303365233,-0.33315589414211605,-0.04301891002398617,0.41481723497677087,0.07486074476647356,-0.2519551514475372,-0.39450947891847093,-0.03290965742017229,-0.11594641761429289,-0.019936408768896078,-0.3966323741523161,-0.1433177409972189,-0.07766895903226578,-0.37353234148012976,-0.006787845946656679,-0.11911482281315494,-0.3109451824462702,-0.25811505390910755,-0.04723441895305565,0.11876419447122856,-0.1248236897257927,-0.21042163058116647,,-0.21719513264110799,-0.16711265529249575,-0.2408944210249504,-0.42785582800086064,-0.08142776390154141,0.06054076452916192,-0.23357425750464184,0.006910565866330914,-0.35893345233446755,-0.1837165010479006,0.13118918789694714,-0.1749571675605033,0.3075679940074429,0.17986755811266325,-0.36785056857573173,-0.1933683430420196,-0.318313158922296,-0.262094685589972,-0.2550167743786308,-0.14337989783965127,-0.14141478535967297,-0.19720772338611353,-0.23664384926168827,-0.156545992078987,-0.38990987257847304,-0.23136848648088676,-0.095586067304704,-0.19267505518411973
#201,0.577378096884986,0.2806094558088757,0.6864282925196631,0.6070826925069129,0.1322904796436341,0.393954848632151,-0.25880993553219805,0.5415088175059168,0.006231621895146188,0.5843380694722247,0.26253615854776113,0.06744495533473054,-0.05797639633752759,-0.26930009801655924,-0.10220975543673151,-0.1243423726382392,1.0,0.6921658472057312,0.07123652272310721,-0.2693574735634199,-0.11652336061328085,-0.23935006255528374,-0.1586943875558814,-0.0347440811545235,-0.03068794874451147,-0.09325279506570297,0.327676529416921,0.171130537337934,0.4876013036999259,0.27509024695391626,0.38797982293268735,0.17741475348436914,0.6059224314481747,0.3005793336467738,-0.08245503589956092,-0.07346141892914917,0.1350684123708054,-0.028847149949397955,0.07327654216704253,0.14069121596315215,-0.2460072197563133,-0.023449067248922217,-0.22870371108224624,-0.0959351018814398,-0.30957613814756674,-0.36949055295683286,0.4594315039565221,0.336815179019675,0.2832869813290408,0.1285833818103579,0.4339535736199986,0.14861382272549786,0.21782475668178092,0.19012662464439115,-0.1281769716867614,0.09408952179075457,-0.4891281307524962,-0.5121341312784388,-0.18581070850831546,-0.16086828327582497,-0.1948919825642088,-0.14225629338029627,-0.3023978197292193,-0.4095641849086374,0.35023627568950266,0.44341416379124865,-0.21710906932081697,-0.2699455729187419,-0.04575062356063081,-0.049521472001530016,0.4502721354062906,0.4479038003330969,-0.12009020710978652,0.1338651196519217,-0.3686570137621624,-0.4569213237813673,-0.3948553259648256,-0.3233813322283228,-0.12236610380192686,-0.029712564447879893,0.3253480384734917,-0.2123421176358087,,0.19135382384113347,-0.289615822900812,-0.24379507367179593,-0.0256165879081035,-0.11430732959900002,-0.04015013268095211,-0.2648136490050921,-0.29883575452828537,-0.09929954019874251,-0.3668895281658153,-0.15560088932097635,-0.15118615974308505,0.212797934480313,0.3770274685430596,0.6099195945461355,0.5980651690586426,0.5222258524651563,0.4697830088693033,0.6992979464335519,0.49386320713369297,0.5843014128728414,0.594726230984389,0.6310561085035342,0.4929324482623975,-0.1353935404696826,-0.13240204320697432,-0.2573691717999187,-0.10147821721425783
