,#10,#11,#12,#13,#17,#18,#26,#49,#50,#51,#52,#53,#54,#58,#101,#102,#201,#202,#301,#302,#401,#402,#501,#502,#601,#602,#701,#702,#801,#802,#901,#902,#1001,#1002,#1101,#1102,#1201,#1202,#1301,#1302,#1401,#1402,#1501,#1502,#1601,#1602,#1701,#1702,#1801,#1802,#1901,#1902,#2001,#2002,#2101,#2102,#2201,#2202,#2301,#2302,#2401,#2402,#2501,#2502,#2601,#2602,#2701,#2702,#2801,#2802,#2901,#2902,#3001,#3002,#3101,#3102,#3201,#3202,#3301,#3302,#3401,#3402,#3455,#3501,#3502,#3601,#3602,#3701,#3702,#3801,#3802,#3901,#3902,#4001,#4002,#4101,#4102,#4201,#4202,#4301,#4302,#4401,#4402,#4501,#4502,#4601,#4602,#4701,#4702,#4801,#4802
#10,1.0,0.5738443889601188,0.36583729382163827,0.416845169810957,0.2631428764231247,0.1780282070315136,0.17567601438307964,0.5411026385046225,0.1895346707412299,0.19018634378645174,0.23202838055392208,-0.20164653485390377,-0.05382472308715645,0.042410804661968705,-0.30876770169569956,-0.29205556573125235,0.29453115209239106,-0.23459651219958932,-0.1603906182217809,-0.06337231160768511,0.018746204197314258,-0.23000009640133806,-0.185508950864238,-0.13179798135598123,-0.03562415046320843,-0.09947268468086337,0.02404056568305168,0.1923303095446965,-0.1731888598613749,0.14227487877531741,-0.42964341145055096,-0.09879787531450937,-0.33143358429815006,-0.010467257285531124,0.1223429381199811,0.15886362102705986,-0.12483394869520789,0.09340325643719935,-0.41972178573838603,0.15831991748045462,0.26570329596174797,0.2065552909874389,-0.018912014498761242,0.054233464760490874,-0.17520943190691488,0.30444120964398985,0.23683687929588462,0.2701801741008165,0.09594439570821243,0.10927862878736756,0.039553469002149746,0.025567562877772742,0.0657283603096411,-0.1021564979321913,-0.29701059450705175,-0.2003046282282398,-0.03463314470804855,0.02804700529243346,-0.25493333847473804,-0.07898547231835577,-0.15038415933213153,-0.24996288548485052,-0.13181726162359134,-0.19787145845584336,-0.05537485660300965,0.11813598372745414,-0.2693973952358459,-0.2107661014334879,-0.13174785266019493,-0.1441450647334985,-0.215836811814948,-0.08200861827962172,0.19742801230081072,0.17207446039351026,0.07385306508054332,0.11321565943335293,0.08057802242295123,0.023431309226572064,-0.27005678038811176,0.004401685095389124,0.24095128840388305,0.30666229647267507,0.4703941850712888,-0.17279939845565057,0.05863322182911899,0.10500226543144418,-0.08245592048817638,0.2668176954296126,0.2640490490008001,0.08096362777515352,0.24753357176597612,0.01988373998631101,0.1717428397906163,-0.08420656878717477,-0.2585618848389616,-0.20052827933251713,-0.22275842788697908,-0.15271707171295537,-0.0109184155476078,0.12647662749558963,-0.0489468153817975,-0.3965623282851166,-0.2542855214830382,-0.32767007606065573,-0.11394830960253728,-0.03694677682126228,-0.17328526119942544,-0.03209971754407951,-0.08016156864257276,-0.1907994562964534,-0.2767971619446078
#11,0.5738443889601188,1.0,0.4076292018933223,0.5186989675416694,-0.10091484869809993,-0.21625326559532645,0.22499493892975234,0.2772676004742946,0.12572084100527314,0.3982782721024168,0.3132754282629443,-0.46737489516354486,-0.3140119344856507,0.010243606181253796,-0.32210964688189875,-0.21026867052914694,0.09660763691400037,-0.016070103053030377,-0.16147416926146935,-0.11443031629279014,-0.20883807467247645,-0.05689414169068667,0.014288606325855803,-0.02573722923274175,-0.025529002342552516,0.19313236867727723,0.23556052558009505,0.3199811053377421,-0.32045154386742886,-0.0791744189409349,-0.3358217732062121,0.022178091831914628,0.0602527643083686,-0.10677605005157471,-0.3239297041442935,0.08812431916555002,-0.14414892078702052,-0.10427732736930388,-0.015657505326173927,0.22602836127365447,0.01895057503398147,-0.07365640635092015,-0.2551299972043612,-0.3039322105790828,-0.11451900552379667,-0.09128242700008676,0.321824298921269,0.3552447147966414,0.12942265238641512,0.2949129013910713,0.2122815304676429,0.22373786548157287,0.3126121870571564,0.0031985963965179835,0.02987863071539433,-0.0169338590419635,0.1624767431771953,-0.12513472086992566,-0.03429381199811053,0.01727704780542354,0.24421736573703642,0.04696480387147774,-0.33667010498105715,-0.19670307423867042,0.2991082876230322,0.17922743967686272,-0.38423452517520945,-0.10922078798453723,-0.3236983409329722,-0.20215938997233282,-0.09458706486846037,-0.1692017005196032,-0.06096227815642081,0.0018605458243760424,-0.03717428397906163,0.0370354660522688,0.2701955983149046,0.061714208593215275,-0.2866378105328102,-0.020250065070903184,0.20545631573366238,-0.031154984431183905,0.31381527575602747,-0.3326482411575873,-0.09580557778141961,0.2026259724484976,0.07087619176154165,-0.042518774160585346,-0.026219235922994612,-0.14818235277105646,-0.0392758331485641,-0.014674211678058092,0.007663906375020485,-0.00851223814986552,-0.10853055440409513,0.02764597572614308,0.11009611213403642,0.11542132204795003,0.15296385913836483,0.09069630686473928,0.14582244801557845,-0.1182979379753791,-0.1102619224354834,-0.29109926445779066,0.007397838682000907,0.0755343044161453,0.12808460181427317,0.11685191790462052,-0.002550779404818139,0.05808566222899174,-0.03820385026944174
#12,0.36583729382163827,0.4076292018933223,1.0,0.6069948810889495,-0.010714044710940588,-0.004359268506646872,0.005519940616775761,0.1514252937830777,-0.17818630522591652,0.41671792004473024,0.35185524375078325,-0.2435541245312485,-0.1101770892579989,-0.023230794443426874,-0.5092092198239712,-0.39837467344046734,0.4583825783501875,0.17782383619484637,-0.2471286861461637,-0.13486354390598942,0.13745095581926678,-0.19598199223005217,0.13000106041471857,-0.11675937262009196,-0.11451900552379667,-0.06499571014045676,0.31312118612206336,0.3363269162175971,-0.3828617701213693,-0.1588404847059277,-0.16955645744362932,-0.10602411961478025,0.13398821975649022,-0.3138808286659019,-0.19410023811130497,-0.04682984199820694,-0.4902798530843608,-0.2895529869954595,0.12515014508401376,0.08134537707383378,0.08174640664012417,-0.01942872567071231,0.1148120655914704,-0.33720609642061833,0.17629683900012533,0.2570156073766304,0.19706554326974057,0.38934379609188974,0.15226976950440071,0.1335486296549796,0.4797258345945842,0.5113339053146058,0.3281675069649967,0.1796438934572412,-0.2546865510493286,-0.2633665275274021,-0.0386010237822101,-0.17849093345415634,0.09780686955934949,-0.005030221819478854,0.12221954440727638,-0.15882891654536166,-0.4083772762765947,-0.31973817396585463,0.22430084929578822,0.11303056886429584,-0.16570425997512844,-0.2671917326212488,-0.32335900822303415,-0.053570223554702937,0.28695015086809406,0.1468751506270907,-0.2309486855677557,0.07302015751978637,-0.17077111430306652,0.17013872152545478,0.046170456845941024,0.1862685934080765,-0.3778874610779598,-0.3390917065928875,0.23804382404827779,0.3322857721265171,0.45832473754735714,0.09089682164788447,0.1166629712820414,0.2915234303452132,0.06175662518195753,0.19782904186710112,0.15611425486585753,-0.01699555589831587,0.01675648057995045,-0.06648414679995758,-0.014292462379377827,0.10433131211861221,-0.06621036699989395,0.10964495387195974,-0.04086452719963753,0.40927959280074805,0.2933627678752181,0.19592800748074382,0.3321970828955106,0.10175546836590092,-0.15881734838479558,-0.1522157847550924,0.033572729989492255,0.13303191848302853,0.260995054611358,0.12615657505326175,-0.04155861683360165,-0.11910770921500391,-0.1056770747977982
#13,0.416845169810957,0.5186989675416694,0.6069948810889495,1.0,-0.10900870504082597,-0.08732226003296925,0.101936702881436,0.19777120106427076,-0.07958316061426933,0.4949109733643103,0.3845468655104933,-0.33672408973036544,-0.08591094444390888,0.2324332661737345,-0.3624516788293021,-0.27690513144322443,0.37958412462764984,-0.03958817348384796,-0.2038599095755449,-0.15703585165762102,0.00026028361273654476,-0.18004877907705358,0.03205730095533726,-0.14762708106388517,-0.1565152844321479,0.08238265547125793,0.3619773842460933,0.4647682029826574,-0.32472019511630823,-0.15695873058718054,-0.2596917085209143,-0.16606287295267658,0.023782210097076147,-0.12632624140823073,-0.1998110533774209,0.2153663732852612,-0.328391158069274,-0.17746907927082028,0.026142114852554153,0.1063673083782403,-0.0333953515274792,-0.14318876346003684,-0.06105482344094936,-0.2017005196032121,-0.18462591460769476,0.048969951702929636,0.39358931101963696,0.457117792794964,0.31106590959482516,0.23707595461425005,0.38860728986918336,0.408932547983766,0.3447523931632171,0.0703787608572007,-0.12349204206954392,-0.16268497006738453,0.02182333490788852,-0.008288587045588193,0.04051362632913345,-0.0766487038840099,0.15172992201131752,-0.02207783444034203,-0.2896532443870321,-0.28126247192311027,0.28526119942544803,0.11067837621586188,-0.11885320968255039,-0.1953303191848303,-0.26035880578022425,-0.15451784870774007,0.17624671030433903,0.10885831895346708,-0.06252012377931805,0.16454358786499956,-0.0005456315733662384,0.18890227796361814,0.08024640182005727,0.16608986532733075,-0.29818669083126875,-0.2179113686097963,0.14523632788023097,0.0726037037394079,0.48083252195540477,-0.09992769899646207,-0.05299952763344355,0.15869395467209085,0.018769340518446396,0.13983785294939893,-0.02327706708569115,-0.04694937965738964,-0.21720571081526613,-0.2505181571920218,-0.21929569182420253,-0.07496360849488591,-0.07401116327494625,0.06158310277346649,-0.06081574812258394,0.27439869665390954,0.18738684892946314,0.2549063461000839,0.2608678048451312,-0.005431251385769234,-0.2663742492745799,-0.20598459506617953,-0.09683514407179972,-0.13493295286938584,0.11068994437642794,0.20086375598893313,0.0023965372639372234,0.046698736178458156,0.018723067876182123
#17,0.2631428764231247,-0.10091484869809993,-0.010714044710940588,-0.10900870504082597,1.0,0.6073380698524096,-0.05263320254885138,0.4695651335640539,-0.0774546190701127,-0.21387022451871632,-0.26777785275659627,0.523002323272247,0.431174264698794,0.29166610432552803,0.08471942390560382,-0.16671454599789845,-0.048029074643556054,0.08765773668938524,-0.21543963830217963,-0.3120067866541988,-0.07993020543125139,-0.4130970857875507,-0.23413764183046862,-0.005716599346398928,-0.2124511968226119,-0.459304175141951,-0.39302632720542163,-0.2958460663434008,0.3091687312619899,0.5207465319618636,0.1397106031831722,-0.06747129650159545,-0.4075675050369699,-0.08996365669555494,0.39235151783906763,0.005115054996963358,-0.01256109434798955,0.1321643064405734,-0.36041568256967405,-0.163945899569086,0.535472800362469,0.31024842624815635,0.37094270868479656,0.3440081748334667,0.19643315049212884,0.3220672302931565,-0.27891799138172035,-0.18951539047361976,-0.3269759864266916,-0.310356395746773,-0.2346890574841179,-0.3820905594169647,-0.23522119287015703,-0.1899395563610423,-0.28841930725998477,-0.43143262028476953,-0.16068367828945465,-0.23374432437122228,-0.153495994524404,0.090985510878891,-0.5100961121340364,-0.35534111613469194,0.12689693732949014,0.0952657302883364,-0.4108528626377334,-0.5068570271755372,0.18105906509982359,-0.009391418352886738,0.025903039534188734,0.0214994264120386,-0.26330868672457175,0.05864478998968506,0.30859032323368646,0.13561161828926185,-0.03808045655673701,-0.3661804825850983,-0.4498105713707306,-0.2972766622000713,0.07214097731676515,0.3052895414188349,0.3230736602624044,0.5273211032169126,-0.00042994996770555176,0.3045183307144303,0.5318365418912014,-0.07723096796583537,-0.010822014209557229,0.4482989983900977,0.5556476723896928,0.43182208169049385,0.48206260302893006,0.22820317546007537,0.3733565981895829,0.12931082683427647,-0.009576508921943836,-0.12452546441344606,-0.13249207098994534,-0.2152005629838142,0.10733903386579005,0.031987891991940846,-0.05126430354853325,-0.10802541139271013,0.05299952763344355,-0.021252638986629133,0.02739147619368957,0.0969855301591586,-0.1686425727589099,-0.4435676207185756,-0.2434538671396759,-0.30664687225858694,-0.13586611782171537
#18,0.1780282070315136,-0.21625326559532645,-0.004359268506646872,-0.08732226003296925,0.6073380698524096,1.0,-0.04318972747341733,0.27384342494673825,-0.24757213230119635,-0.17865674375560334,-0.1619021912024139,0.5019906876307443,0.5291218802116974,0.24703614086163517,-0.07901632074653196,-0.23781246083695642,0.17603462736062778,0.030237243692942457,-0.1992249332420734,-0.18426730163014662,0.01141199039842673,-0.30275611425486587,-0.3541380274358208,-0.05486971359162465,-0.24356183663829253,-0.2532752354602682,-0.35119200254499533,-0.26127654651846566,0.2758100122429699,0.4999431232105502,0.13889697589002536,-0.15218879238043825,-0.4036728909797268,0.08635824665246354,0.4665921162985742,0.2940452893486162,-0.031035446772001197,0.3349811535384111,-0.41598526987554585,-0.029138268439165935,0.39318442539982457,0.3686830613208911,0.40440554114891114,0.25916342918839713,0.06134402745510108,0.2621403025073988,-0.15605255800950518,-0.18001407459535537,-0.2747110369891934,-0.4961140620631814,-0.17128782547501759,-0.39023454445547706,-0.359393828386338,-0.19895115344200978,-0.47796747418854174,-0.17713360261440428,-0.30461087599895886,-0.06739417543115499,-0.015923573019193508,0.09446367115575564,-0.34281279824163957,-0.3031070151253699,0.2925221482074171,0.036726981770506976,-0.5360434962837284,-0.26570715201526995,0.18505779260216132,-0.016413291816490413,0.06671551001127896,0.0800844475721323,-0.39781554567977406,-0.08681711702158426,0.05311520923910424,0.035354226716666826,-0.06537745943913702,-0.2639410795021835,-0.236563099495821,-0.13987641348461916,0.17247934601332265,0.21724427135048635,0.19190228760375194,0.46712039563109137,-0.027912043419162657,0.3655750821821407,0.5275717466958442,0.15036873511804344,0.10639430075289445,0.41903155215794397,0.3803861837602306,0.4268631968611724,0.5562260804179961,0.24346157924671993,0.27488841545120646,0.04374499918058863,0.04992625297639131,-0.29181649041288693,-0.2403883045896677,-0.07028621557267214,-0.011546952271697532,0.19135472800362469,0.007914549853951973,-0.1615165858502116,0.07881580596338678,-0.05694812643999499,-0.10797913875044586,-0.08500477186623351,-0.1499445692306209,-0.2418189004463382,-0.16897419336180386,-0.18082384583498018,-0.24037673642910162
#26,0.17567601438307964,0.22499493892975234,0.005519940616775761,0.101936702881436,-0.05263320254885138,-0.04318972747341733,1.0,-0.11416810465329259,0.3297292086414159,0.3900417417793759,0.23410679340229243,0.09229656907637877,0.03307144303162928,-0.09124001041134451,-0.047030356781352124,-0.12381209451187182,0.14603453095928973,-0.021996857316379553,-0.1570512758717091,0.11279149354593042,0.19266578620111247,0.13942525522254248,-0.22546537745943915,-0.2853074720677123,0.09621817550827605,0.047940385412549524,-0.034081729054399275,-0.13886612746184918,0.02663183364985106,-0.11154984431183905,-0.05491598623388893,-0.1202529571110447,-0.03899819729497846,-0.21505788900349937,-0.2307327465705224,-0.054086934726654004,-0.009703758688170592,-0.08794308465001494,0.00958036497546586,-0.20076349859736053,0.15697029874774662,0.07264997638167217,-0.07343275524664282,-0.19719664908948936,-0.058775895809433834,-0.02457270106909084,-0.07665255993753194,-0.19357195877878786,-0.019598392025681317,-0.14899983611772533,-0.06898286948222841,-0.07854202616332315,0.05411392710130817,-0.09071944318587143,0.020188368214550816,0.03332594256408279,-0.04900465618462784,-0.03214213413282176,-0.0020880529821753926,-0.18546653427549575,0.09821561123268391,0.18516576210077795,-0.26650921114785076,-0.04699565229965392,0.03481823527710565,0.18476087648096556,-0.03166783954961295,0.021183230023232722,-0.04805606701821021,-0.030838788042378027,-0.07118467604330347,0.005257728977278204,-0.09173744131568547,0.023689664812547598,0.04187481322240753,0.21117484310682233,0.14150752412443485,0.16133920738819854,0.07727338455457762,-0.35053647344625144,0.0442462861384516,-0.022320765812229474,0.06493786933762641,-0.062381305852525236,-0.08878370431781593,0.28041799620178726,0.11217452498240675,0.05151109097394272,0.018237205132407237,0.10350611666489931,-0.09940713177098898,0.08643151166938197,-0.13815661361379697,0.1007259020755208,-0.058571524972766624,-0.01012792457559311,-0.16013997474284944,-0.09606007731387312,-0.24256697482961065,-0.07147002400393318,-0.21829311790847658,-0.015244907599317478,-0.16828395978136176,-0.16334821127317248,-0.2144756249216739,-0.1913894324853229,-0.15244329191289174,0.13006661332459293,0.22108490065842115,-0.06458696846712232,-0.10946371935642467
#49,0.5411026385046225,0.2772676004742946,0.1514252937830777,0.19777120106427076,0.4695651335640539,0.27384342494673825,-0.11416810465329259,1.0,0.2934591692132687,-0.19706554326974057,0.0692335129611599,0.043289984864989924,0.03156372610451833,0.25822640818254555,0.07268468086337038,-0.04147763970963917,-0.10442385740314075,-0.12988152275553586,-0.27168403497440546,-0.3035581733874466,-0.14553324400142675,-0.34101973335389896,-0.07605872769514041,0.06300984257661496,-0.018992991622723724,-0.2177571264689154,0.017820751352028767,0.22594352809616997,-0.02055469329914299,0.28176375888097327,-0.21585223602903608,-0.035161424040565686,-0.3068512430952542,0.10816808537302498,0.24117493950816038,0.21159900899424483,-0.11248300926416858,0.08414101587730037,-0.35969845661457783,0.06222706371164432,0.28469435955771066,0.1416694783723598,0.20787791734549277,0.28282031754600756,-0.026439030973749916,0.22446665959723522,0.05235556669526573,0.20001542421408808,-0.07465126815960206,0.06683890372398368,0.08551377093114053,-0.010868286851821504,0.180962663761773,-0.1290139107130807,0.013968553883527903,-0.24903357658604303,0.14927361591778893,0.03737479876220682,-0.34803003865693655,-0.0006111844832406274,-0.4043129958643826,-0.5001629182613054,-0.027784793652935902,-0.0010006458889649389,-0.15339959318635343,-0.3050581782075135,-0.03759844986648415,-0.11871439175575757,-0.1316244589474902,-0.18098580008290516,-0.2399834189698553,-0.34730510059479625,0.44216016118303725,0.09715905256764965,0.30540136697097353,-0.05574118168760182,-0.0022538632836223765,-0.029843926233696125,-0.21493063923727262,0.22194865664735428,0.384492880761185,0.4411961478025315,0.2670104981057137,0.02055469329914299,0.0872451389625288,-0.27131385383629125,-0.28051825359335986,0.3116250373555185,0.35495551078248966,0.07919755526206704,0.28413137574349534,-0.11235190344441981,0.18179942737605198,-0.2557546778749289,-0.3706457925636008,-0.03547376437584954,-0.05364348857162137,-0.08548292250296434,0.24451042580471016,0.20016195424792496,0.054009813656213546,-0.2760066709725931,-0.10504468202018644,-0.16124666210367,0.09988528240771982,0.11781978733864826,0.00782971667646747,-0.38733864826043785,-0.4016677431482749,-0.15729420724359655,-0.02235547029392768
#50,0.1895346707412299,0.12572084100527314,-0.17818630522591652,-0.07958316061426933,-0.0774546190701127,-0.24757213230119635,0.3297292086414159,0.2934591692132687,1.0,-0.024098406485882025,0.145741470891616,-0.1317247163390628,-0.19399612466621036,0.022802772502482336,0.19545756895105704,0.2163265306122449,-0.08752663086963647,-0.23327002978801345,-0.05323860295180897,-0.0585175402234583,-0.0040739205460171785,-0.04317430325932924,-0.21412858010469185,-0.1772724205411971,0.0024273856921134067,-0.07585821291199522,0.044446800921596794,0.006931256205836137,0.007178043631245602,-0.07136205450531653,-0.18141767807737172,0.06171035253969325,-0.06295585782730664,-0.006568787174765986,-0.037382510869250866,0.18490740651480242,0.19605140119344858,0.08685567755680448,-0.12192262828608061,-0.06401241649234092,0.028833640210926128,-0.016282185996741635,-0.04932470862695574,0.0994264120385991,-0.2241967358506936,-0.06737875121706689,0.07024765503745192,-0.02937348770400933,0.1044469937242729,0.01707653302227835,-0.02322693838990485,-0.05056250180752509,0.13331726644365824,0.01382973595673508,0.1597466572836031,0.05888000925452845,0.08420271273365275,0.0927207349638013,-0.1288789488398099,-0.05708694436678781,-0.0019993637511688664,0.09926445779067414,-0.028347777467151242,0.10406524442559263,0.014462128734346833,-0.0380110475933406,0.009530236279679562,0.0984855349792255,0.08551377093114053,0.1008570078952696,-0.02520509384670259,-0.15382375907377593,0.22286639738559572,0.14859880655143493,0.26747708058187847,0.1410100932200939,0.06612553382240946,0.08648164036516827,-0.0620226928749771,0.017469850481524683,0.09523873791368224,-0.11586091214946063,-0.0961757589195338,-0.3164181118833929,-0.3742704828743023,-0.15187645204515438,-0.20060154434943556,-0.057133217009052085,-0.03857017535403391,-0.027757801278281743,-0.01902769610442193,-0.0820895954035842,0.0048682675715538935,-0.0979264072185322,-0.22002834199338686,-0.028178111112182238,-0.12799591258326665,-0.03523854511100614,-0.09686984855349792,0.07024765503745192,-0.08045848476376852,-0.18215804035360011,-0.1069765648347199,-0.15199984575785913,-0.07788649706457926,-0.11475036873511804,-0.11522851937184889,-0.023712801133679736,-0.03995835462196215,0.2411980758292925,0.21970443349753693
#51,0.19018634378645174,0.3982782721024168,0.41671792004473024,0.4949109733643103,-0.21387022451871632,-0.17865674375560334,0.3900417417793759,-0.19706554326974057,-0.024098406485882025,1.0,0.4127731772917008,-0.23628160758871333,-0.11566039736631545,-0.2324679706554327,-0.4381961381623977,-0.3463410872142905,0.48716801789208836,0.06599442800266067,-0.20677508603819422,0.11740333355826979,0.19301283101809452,0.21968900928344887,0.1920295373699787,-0.05426816924218908,-0.06916410399776349,0.25137805712743294,0.4725342947760115,0.38313940597495494,-0.17294978454300947,-0.21712858974482566,-0.15254354930446434,-0.3281906432861288,0.15639189071944318,-0.1790886217500699,-0.5659009187047517,-0.2542739533224721,-0.2660966134209943,-0.4040932008136273,0.16809501315878264,0.046718016446068274,0.07617440930080109,0.02973210068155746,-0.029523873791368224,-0.39977442086896164,0.09725159785217818,-0.034239827248802215,0.313063345319233,0.23930089749645725,0.2904128869308706,0.17637010401704376,0.3290119826863197,0.3222291845410814,0.3127934215726914,0.00501094155186874,-0.2075154483144226,-0.0782643903097375,-0.010552090463015626,-0.18991256398638814,-0.06280932779346977,-0.2950131587826439,0.3110736217018692,0.06521936124473408,-0.44489410313015143,-0.22202963377131674,0.48150733132175877,0.42214338735021645,-0.21183422825908824,-0.2018354814764829,-0.3799118891770218,-0.1137169463912159,0.18227757801278283,0.24186517308860248,-0.43019097105067816,-0.1656926918145624,-0.4168952985067433,0.013301456624217944,0.15414381151610385,0.1510165521097433,0.007436399217221135,-0.3078885214926783,0.014199917094849277,0.007324573665082472,0.23075588289165452,-0.00676158985086713,-0.20199743572440784,0.24456826660754052,-0.0391408712752933,-0.04414217269335698,0.05954325046031639,-0.012923563379059701,-0.2134961873270801,0.04293522794096382,-0.29729208641415944,-0.030291228442250778,-0.2204216594526332,0.34776011491039494,0.11968226118978531,0.3236250759160537,0.028243664022056626,0.04437739195820038,0.1360897689259927,0.15307954074402552,-0.15412453124849373,-0.010401704375656734,-0.23660166003104124,0.028806647836271966,-0.014207629201893323,0.32271504728485634,0.11252542585291084,-0.09931844253998245,-0.14013862512411673
#52,0.23202838055392208,0.3132754282629443,0.35185524375078325,0.3845468655104933,-0.26777785275659627,-0.1619021912024139,0.23410679340229243,0.0692335129611599,0.145741470891616,0.4127731772917008,1.0,-0.43459844022635036,-0.2745066661525262,-0.052189756393818745,-0.30007230100353793,-0.22152063470640973,0.4398658093374336,-0.14891114688671878,-0.1100922560805144,-0.021129245273924402,0.052590785960109125,0.19029816933859042,0.23276874283015048,0.029095851850423685,0.12637637010401703,0.1536965093075492,0.2696596068753434,0.34204544359075706,-0.17700635284817753,-0.23494741307009342,-0.24667752788408703,-0.052617778334763284,-0.05284914154608466,0.16214126652077931,-0.16302815883084457,-0.016243625461521406,-0.2769475480319667,-0.1301244541274233,0.08354718363490886,0.23414149788399063,0.09450994379801991,-0.20788948550605882,-0.2335630898556872,-0.25157085980353405,-0.15719394985202395,0.1973740275515024,0.3872962316716956,0.28403497440544473,0.24677007316861557,0.1649060568960697,0.29813656213548245,0.2978704944424629,0.21542421408809154,0.016251337568565453,-0.10640972496698255,-0.12708974000559128,-0.0024350977991574522,0.24933820481428282,-0.16023252002737798,-0.19417735918174545,0.18870176318047294,-0.036684565181764724,-0.3170659288750928,-0.30246691024071415,0.24016465348539037,0.29869183384265374,-0.21662344673344067,-0.29508642379956235,-0.26437681355017206,-0.1074470033644067,0.2019010343863573,0.07949061532974078,-0.14979032708974,-0.016378587334792208,-0.08261401868257931,0.33950044826622194,0.3084592174139377,0.4306382732592328,-0.14320804372764695,-0.27584857277819014,0.10433131211861221,0.14029286726499765,0.4702090945022317,-0.30796564256311876,-0.3101134643748855,0.08414872798434442,-0.10305110234930061,0.2484898730394378,0.15330319184830285,-0.0659134508786982,-0.1943585936972805,-0.27977403526360944,-0.20754244068907676,-0.14125302459198133,-0.08558703594805896,0.09171430499455333,-0.04066401241649234,0.1552119383417042,-0.17714517077497036,0.09388140707393018,-0.06489930880240617,-0.22371087310691873,-0.29934736294139763,-0.25569683707209856,-0.15424406890767645,-0.06189158705522833,0.02006111844832406,0.20806300791454985,0.12652675619137593,-0.01026288644886391,-0.17473899337722806
#53,-0.20164653485390377,-0.46737489516354486,-0.2435541245312485,-0.33672408973036544,0.523002323272247,0.5019906876307443,0.09229656907637877,0.043289984864989924,-0.1317247163390628,-0.23628160758871333,-0.43459844022635036,1.0,0.5784022442231498,0.20097172548754977,0.23466206510946372,0.020836185206250663,-0.0945562164402842,0.40690040777765996,-0.14681345377073834,-0.03414342591075164,0.05297639131231142,-0.1806541794800112,-0.07512941879633289,0.09536984373343102,-0.05279130074325432,-0.2807226244300271,-0.4991911927737557,-0.491826130546692,0.39060086954006923,0.44593909363461964,0.4957400248715452,-0.014824597765416983,-0.06117436110013207,-0.10089942448401183,0.3690301061378732,-0.08371299393635584,0.1447003364406698,0.0657283603096411,-0.055224470515650756,-0.4584095707248417,0.16118496524731762,0.26468915388545594,0.38642090752219643,0.2017892088342186,0.2987998033412704,0.04150463208429333,-0.5488378818698003,-0.5082259261758553,-0.5818881166070585,-0.5753521058872297,-0.41128088457867795,-0.4837554105250981,-0.38689520210540523,-0.31674587643276486,-0.12861288114679031,-0.17522100006748093,-0.2420888241928798,-0.25650275225820135,0.06471036217982705,-0.06334531923303095,-0.2412944771673431,-0.054487964292944384,0.37379233223757147,0.3376032699333867,-0.4940317931612891,-0.4197025054707759,0.6095360203599626,0.21665429516161686,0.3599336758794212,0.3090376254422411,0.008728177147098802,0.10515265151880308,0.0054081150646370976,-0.15168750542257525,-0.0900253535519073,-0.39525127008762884,-0.341709966934341,-0.2747303172568035,0.381126546036459,0.2510117320428408,0.20079434702553672,0.2735773572537187,-0.4606075212323947,0.6429294438606807,0.5838547039032902,0.11542517810147204,0.13392266684661583,0.09103949562819932,0.3412588086722644,0.3168846943595577,0.37913296636557314,0.41702254827297003,0.12972342456113292,0.17463487993213345,0.018476280450772656,-0.04078355007567505,0.05321161057715481,-0.010151060896725246,0.17276083792043034,-0.07664099177696586,-0.06108181581560352,0.3369323166205547,0.26417629876702686,0.4199338686820973,0.06477977114322347,0.005392690850549006,-0.05184271157683669,-0.2562251164046157,-0.08599963367491541,-0.2047545139926542,-0.08325412356723512
#54,-0.05382472308715645,-0.3140119344856507,-0.1101770892579989,-0.08591094444390888,0.431174264698794,0.5291218802116974,0.03307144303162928,0.03156372610451833,-0.19399612466621036,-0.11566039736631545,-0.2745066661525262,0.5784022442231498,1.0,-0.036110013206983316,0.06301755468365901,0.05181957525570455,0.011296308792766043,0.030792515400113754,0.06985819363172761,0.1276681480338947,0.10499840937792217,-0.042295123056308025,-0.23916593562318644,0.03230794443426875,-0.21270955240858744,-0.09724002969161212,-0.3058448131260062,-0.14424146607154908,0.42808556582765367,0.43150202924816594,0.013447986658054814,-0.2094858916641763,-0.18583285936008792,-0.12024910105752268,0.40840041259772686,0.13334040276479037,0.19979177310981078,0.282052962895125,-0.3266173734491435,-0.07348673999595115,0.4463979640037404,0.38497874350495986,0.46064608176761496,0.24374307115382762,0.03763701040170438,0.10508324255540667,-0.2691968804527007,-0.20793190209480109,-0.2605169039746272,-0.3685596676081864,-0.24637289965584722,-0.29008512238149864,-0.4435676207185756,-0.05586843145382858,-0.34273953322472117,-0.05473089566483183,-0.38553401521213115,-0.05029643411450551,-0.04528356453587576,-0.004027647903752904,-0.3070131973431791,-0.24743331437440352,0.3761560930465715,0.0781140042223786,-0.24398600252571506,-0.20084447572132302,0.16177494143618715,0.12642649879980333,0.16468240579179239,0.022906885947576953,-0.27413262896088997,0.13926715702813955,-0.0270598555907956,-0.12805760943961902,-0.09917191250614558,-0.3554452295797866,-0.3924787676052944,-0.2292520220180656,0.23265306122448978,0.34155572479346014,0.2469937242728929,0.4810908775413803,-0.030908197005774442,0.43000202442809904,0.3029257806098349,-0.01595442144736969,-0.1365447832415914,0.3428976314191241,0.41405724311453446,0.27458378722296667,0.31518417475634564,0.10177860468703305,0.035030318220816904,0.013505827460885158,-0.04098406485882024,-0.2863177580904823,0.012649783578996076,-0.27414419712145605,-0.13885841535480511,-0.025104836455129998,-0.04120000385605352,0.014616370875227748,0.022798916448960312,0.07054071510512566,-0.1936683601168384,-0.06817695429612564,-0.3673758591769254,-0.4442115816567534,-0.3001995507697647,-0.22027512941879634,-0.17466187230678762
#58,0.042410804661968705,0.010243606181253796,-0.023230794443426874,0.2324332661737345,0.29166610432552803,0.24703614086163517,-0.09124001041134451,0.25822640818254555,0.022802772502482336,-0.2324679706554327,-0.052189756393818745,0.20097172548754977,-0.036110013206983316,1.0,0.08492765079579305,-0.0063759844986648415,0.04495194393298179,0.2047853624208304,-0.19902827451245023,-0.33338860343381566,-0.34455573443359394,-0.3369323166205547,-0.17336238226986592,-0.07208313651393482,-0.058826024505220134,-0.22416974347603943,-0.20273394194711422,-0.14503195704356375,0.18127114804353484,0.3385287227786722,0.27208892059421785,0.24594487771490267,-0.11206269943026809,0.2530130238207706,0.21224296993242267,0.29586534661101094,-0.15835076590863081,-0.06467565769812884,0.059416000694089637,-0.17914646255290023,-0.016536685529195145,-0.12622598401665816,-0.14467334406601565,0.03575140022943518,-0.2668716801789209,-0.12143676554230573,-0.033757820558549353,0.022991719125061455,-0.11527479201411316,-0.12671570281395506,0.0576576402880472,-0.14315405897833863,0.061833746252397986,-0.05064733498500959,0.048137044142172694,-0.07580422816268689,-0.1294149402793711,-0.21050003374046833,0.12081979697878206,0.12238921076224538,-0.00733614182564854,0.12131337182960099,0.1869086982927323,0.12804218522553093,-0.2594989058448131,-0.38704558819276413,0.5039958354621962,0.2354679802955665,0.13084168008251953,0.15721708617315608,0.11343545448410824,-0.19900899424484012,0.016760336633472473,0.12854732823691592,0.2524808884347315,0.05333886034338157,-0.15369265325402717,-0.04173985134913673,0.004721737537717024,0.13384554577617538,0.27776503137863556,0.025787357928528046,-0.0652733459940424,0.14970163785873347,0.3227613199271206,0.052991815526399505,0.15100498394917722,0.09378500573587961,0.032331080755400886,0.0827451245023281,0.10174390020533484,-0.017766766602720446,0.07262298400701801,0.04638253978965228,0.1708328111594189,0.08348934283207851,-0.08232867072194962,0.2235065022702515,0.2539307645590121,0.12806146549314104,0.04821416521261315,0.0632874784302006,0.017257767537813426,-0.028706390444699373,0.0025854838865163447,-0.19835732119961824,0.13025555994717206,0.01714208593215274,0.14269133255569588,0.2270116549217703,0.2645966086009274
#101,-0.30876770169569956,-0.32210964688189875,-0.5092092198239712,-0.3624516788293021,0.08471942390560382,-0.07901632074653196,-0.047030356781352124,0.07268468086337038,0.19545756895105704,-0.4381961381623977,-0.30007230100353793,0.23466206510946372,0.06301755468365901,0.08492765079579305,1.0,0.5065215505191212,-0.35923573019193505,-0.14524018393375301,0.17303461772049397,0.030233387639420434,0.297053011095794,0.008947972197854107,-0.0422411383069997,-0.025262934649532935,0.20188175411874718,-0.1809973682434712,-0.17758090482295893,-0.3014142076292019,0.10868865259849807,-0.02987863071539433,0.07735821773206213,-0.10823363828289936,-0.14263349175286552,-0.04665246353619388,0.3412588086722644,0.05184271157683669,0.3351161154116819,0.1893148756904746,-0.14136870619764202,-0.40521145633501393,0.008361852062506628,-0.13088795272478382,0.08678241253988606,0.37692344769745406,0.02250200032776455,-0.021707653302227833,-0.4038348452276518,-0.255095292722663,-0.2314114119903984,-0.0016291826130546692,-0.3718990099582582,-0.32400296916121196,-0.05331958007577145,-0.2676660272044576,0.4615175498635921,0.018823325267754716,0.27184984527585243,0.16770940780658036,-0.04587354072474526,0.0038734057628719886,-0.17102561383552004,-0.06991217838103593,0.13247279072233523,0.22246536781930534,-0.2636480194345098,-0.26069813849016227,0.33686290765715826,0.20765812229473746,0.5209200543703547,0.16204100912920671,-0.06110880819025768,-0.20930465714864122,0.27168403497440546,-0.01198654237320814,0.2424281569028178,-0.20809000028920402,-0.2933704799822622,-0.39720628922329443,0.26668273355634176,0.044026491087696296,0.16635978907387233,-0.060137082702707914,-0.12869771432427482,0.06159852698755459,-0.16292790143927197,-0.418877310017063,-0.30622656242468643,0.06616795041115171,0.07504844167237042,0.08091735513288924,-0.13926715702813955,-0.20578408028303433,-0.09248937175247993,-0.2635978907387235,-0.09458320881493835,-0.0814494905189284,-0.2145218975639382,-0.278678916063355,-0.03694292076774026,-0.05501624362546152,-0.1331437440351672,-0.032936481158358476,0.023072696249023937,-0.030915909112818486,0.0890304917432254,-0.08711788919630205,0.03835038030327861,-0.4144467045202587,-0.2699758032641493,0.08269885186006382,0.16504101876934052
#102,-0.29205556573125235,-0.21026867052914694,-0.39837467344046734,-0.27690513144322443,-0.16671454599789845,-0.23781246083695642,-0.12381209451187182,-0.04147763970963917,0.2163265306122449,-0.3463410872142905,-0.22152063470640973,0.020836185206250663,0.05181957525570455,-0.0063759844986648415,0.5065215505191212,1.0,-0.44618973711355114,-0.022687090896821648,0.18525059527826246,0.4083734202230727,-0.16677238680072878,0.4064338253014952,-0.08712945735686811,0.32055951336604555,-0.04900080013110582,0.20047815063673083,-0.2726673286225213,-0.1030163978676024,0.006310431588790452,-0.0062487347324380865,0.06876693048499513,0.07182092487443725,0.07979138750445856,0.03857017535403391,-0.008728177147098802,0.11052799012850298,0.4086472000231363,0.20540233098435406,-0.09474130700934129,-0.10339043505923862,-0.21497691187953688,-0.198985857923708,-0.020666518851281655,0.39163429188397136,-0.07135434239827249,-0.013062381305852525,-0.25019810474969395,-0.2648048354911166,-0.16317854491820347,0.11833264245707731,-0.3316765156700375,-0.24265566406061717,-0.21637280325450917,-0.07962557720301158,0.16421582331562762,0.289140389268603,0.008022519352568614,0.30251703893650045,0.0006497450184608562,-0.01704182854058014,-0.14094068425669748,-0.15957313487511207,0.2641300261247626,0.34996192147147004,-0.015187066796487136,0.02469609478179557,0.08758447167246682,0.4395071963598855,0.20303085806830998,0.1490846692952098,-0.1389239682646795,-0.11327350023618328,0.13295094135906607,-0.16225309207291796,0.15131346823093905,-0.23260678858222553,-0.12430181330916873,-0.33267523353224143,0.19606682540753664,0.40284383947249186,-0.02328092313921317,-0.17372485130093607,-0.24775722287025345,-0.19572363664407663,-0.24997059759189458,-0.4471498944405348,-0.2660850452604282,-0.3392845092689887,-0.03879382645831124,-0.3149952281337665,-0.044770709417446715,-0.036314384043650526,0.051268159602055274,-0.16639449355557054,-0.07946362295508662,-0.1484252841429439,0.1801683167362363,-0.28683061320891134,-0.1595461425004579,-0.18729815969845662,-0.3197690223940308,-0.009522524172635516,0.11842133168808383,0.20185861779761502,0.08947008184473601,-0.10039428147262684,-0.09806522514532502,-0.3465570262115238,-0.3023782210097076,0.2211157490865973,0.21129438076600504
#201,0.29453115209239106,0.09660763691400037,0.4583825783501875,0.37958412462764984,-0.048029074643556054,0.17603462736062778,0.14603453095928973,-0.10442385740314075,-0.08752663086963647,0.48716801789208836,0.4398658093374336,-0.0945562164402842,0.011296308792766043,0.04495194393298179,-0.35923573019193505,-0.44618973711355114,1.0,0.046571486412231404,-0.21834324660426288,-0.1586515380833486,0.23500525387292376,-0.027761657331803767,-0.024591981336700954,-0.14662450714815922,0.16489834478902568,-0.055772030115778005,0.19226090058130008,0.11529021622820125,-0.020874745741470892,-0.1022413311096758,0.049251443610037304,-0.09724002969161212,0.022498144274242526,0.011732042840754629,0.07079135858405715,-0.023566271099842866,-0.18684700143637994,-0.10714623118968891,0.058532964437546395,-0.08774256986686975,0.1401694735522929,0.08860246980228086,-0.07497517665545197,-0.2236376080900003,-0.20676737393115016,0.03811130498491319,0.3075877493179605,0.21557074412192842,0.3042252706467566,-0.12518099351218995,0.3210260958422103,0.17788938910472077,0.1052220604821995,-0.023307915513867333,-0.2539307645590121,-0.1307992634937773,-0.20884964283304253,0.038103592877869144,0.04139666258567669,-0.2399834189698553,0.05468076696904553,-0.01646342051227671,-0.09852409551444574,-0.2791570667000858,-0.022976294910973364,0.22858106870523362,0.08065514349339169,-0.2837958990870793,-0.027707672582495443,0.23817492986802657,0.15185717177754426,0.12118997811689626,-0.1701927062747631,0.1500563947827596,-0.16098445046417245,0.2317584568073805,0.004791146501113435,0.16814128580104692,-0.04142751101385287,-0.3284759912467585,0.0984508304975273,0.2058110726576885,0.3661881946921423,0.01569992191491618,0.05321932268419886,0.2675117850635767,0.02053541303153288,0.24038444853614568,0.11203570705561393,0.05880288818408799,-0.06509211147850733,-0.005832280952059615,-0.3596830324004897,0.0018798260919861568,-0.1483597312330695,0.09704337096198895,-0.27645782923466977,0.3881869800352829,-0.0017294400046272641,0.40076928267764356,0.14897669979659317,0.06600214010970472,-0.15906413581020504,0.0033759748585310365,-0.06060366517887268,0.029743668842123528,0.07648289358256292,0.2446183953033268,0.10209865712936096,-0.2101607010305303,-0.2874977104682213
