,#10,#11,#12,#13,#17,#18,#26,#49,#50,#51,#52,#53,#54,#58,#101,#102,#201,#202,#301,#302,#401,#402,#501,#502,#601,#602,#701,#702,#801,#802,#901,#902,#1001,#1002,#1101,#1102,#1201,#1202,#1301,#1302,#1401,#1402,#1501,#1502,#1601,#1602,#1701,#1702,#1801,#1802,#1901,#1902,#2001,#2002,#2101,#2102,#2201,#2202,#2301,#2302,#2401,#2402,#2501,#2502,#2601,#2602,#2701,#2702,#2801,#2802,#2901,#2902,#3001,#3002,#3101,#3102,#3201,#3202,#3301,#3302,#3401,#3402,#3455,#3501,#3502,#3601,#3602,#3701,#3702,#3801,#3802,#3901,#3902,#4001,#4002,#4101,#4102,#4201,#4202,#4301,#4302,#4401,#4402,#4501,#4502,#4601,#4602,#4701,#4702,#4801,#4802
#10,1.0,0.6222725651432042,0.4801345762679186,0.5326154647026501,-0.018534121253603,0.4451370345020389,0.2681904504834527,0.6934784494808788,0.17295364059653148,0.6214589378500573,0.38934379609188974,0.3391418352886738,0.10793286610818158,0.15385846355547414,-0.134794134942593,-0.12092005437035466,0.6242892811352222,0.3196494847348481,-0.16976854038734057,-0.010980112403960168,-0.04102648144756249,-0.11852544513317845,0.07456257892859552,-0.10017448642187153,0.19571206848351055,-0.11320023521926484,0.1943932981789787,0.06548157288423163,0.1141025517434182,0.1484908370528183,0.12971571245408886,0.010417128589744825,0.2264872316427752,-0.03953804478806166,-0.06288644886391023,0.013733334618684508,-0.15583276295874987,-0.10368735118043439,0.14226331061475134,0.12312571698495176,0.0801345762679186,-0.08402147821811767,-0.1241629953823759,-0.21680468124897573,-0.035863225781573846,-0.143894421254567,-0.12148689423809203,-0.08827470525290891,0.04497893630763595,-0.1611271244444873,-0.05403680603086771,-0.3860237340094281,0.04686454647990514,-0.03748662431434548,-0.14752296761879055,-0.026759083416077814,-0.2702033104219487,-0.2369679851156334,-0.17045106186073863,-0.32458908929655944,-0.1682569674067076,-0.2734231151128378,0.06718594854096575,0.22420830401125968,0.12761030723106437,0.1499407131770989,0.15460268188522458,0.07572710709224643,-0.006838710921307588,-0.02349300608292443,0.29594246768145144,0.22297822293773437,-0.15850500804951173,0.12475682762476743,-0.1943585936972805,0.08428754591113724,-0.4096651981529504,-0.30139107130806975,0.19665294554288412,0.08780812277674414,0.0978107256128715,-0.02576422160739591,,0.2921326868016928,0.36654680766969044,-0.32699526669430173,-0.20161183037220556,0.0393259618443504,-0.14690214300174487,0.24127134084621094,0.13845738578851474,0.18794212063663443,0.03488764424050206,-0.38576923447697453,-0.4451408905555609,0.41886188580297495,0.032975041693578705,0.1854588221684517,-0.04637868373613026,0.2749925288963011,0.18480714912322982,0.42044286774700435,0.04620516132763923,0.36852881918001024,0.26535239509124386,0.3778257642216074,0.16663356887393596,-0.06531576258278465,-0.19248069563205536,-0.2796776339255589,-0.37960340489525995
#11,0.6222725651432042,1.0,0.6147378365611714,0.5781785931188725,-0.049135762004376624,0.419552119383417,0.43596733922666847,0.5240164653485391,0.36834758466447515,0.6122121215042465,0.3194798183798791,0.05279515679677634,0.1633674915407826,0.21882910934803776,-0.08031581078345368,-0.16000501286957863,0.5459844022635034,0.2710554982503157,-0.12042647951953574,-0.19870050996307828,-0.0364956185591856,-0.2625760365553874,0.15255511746503042,-0.24151812827162042,0.08943923341655982,-0.12815401077766958,0.14919263879382647,0.09724774179865617,0.08110630175546836,-0.2573009553372601,0.12943036449345918,-0.05383629124772252,0.10049839491772146,-0.10383773726779327,-0.09909093538218311,-0.21041905661650584,-0.22022885677653206,-0.23473147407286013,-0.003850269441739851,-0.10299711759999229,0.0592926069813849,-0.28809925481765686,0.13115787647132543,-0.07706130161086636,-0.18321074296511236,-0.3488282417359953,-0.0032795735204804643,0.07538006227526438,0.061398012204409394,-0.05061648655683341,0.014566242179441451,-0.12021825262934649,-0.06038387012811738,-0.1011616361235094,-0.07450473812576519,-0.06780677315801144,-0.20892290784996095,-0.1811130498491319,-0.11442646023926813,-0.16593176713292782,-0.01285415441566329,-0.2346235045742435,-0.03974627167825089,-0.012194769263397376,0.08545207407478816,0.16159370692065206,0.19505653938476666,0.18049608128560823,-0.1011462119094213,-0.12664629385055864,0.36869077342793516,0.3341675262452643,0.008947972197854107,0.10713851908264486,-0.13185582215881156,0.05518976603395255,-0.16469397395235846,-0.08161530082037538,0.11712569770468415,-0.09279014392719771,0.011543096218175508,-0.1034020032198047,,0.1123171989627216,0.12192262828608061,-0.22812605438963493,0.05373988990967195,-0.10499455332440014,-0.2967445268140322,0.10118477244464154,-0.22199492928961853,-0.06309853180762148,-0.34963030086857605,-0.2336132185514735,-0.19981876548446492,0.30687823546990833,-0.11173879093441817,0.1332247211591297,0.0628980170244763,0.07315126333953516,-0.040775837968631004,0.1397992924141787,1.7352240849102986e-05,0.2528626377334117,0.2518137911754215,0.18285984209460826,-0.018229493025363194,-0.04439667222581049,-0.11080948203561065,-0.09779530139878341,-0.0034376717148834027
#12,0.4801345762679186,0.6147378365611714,1.0,0.7664002776358536,-0.00231170408645272,0.5582967811593225,0.33407498096073573,0.3133795417080389,0.26241408230746244,0.7950546113580057,0.21247047709022202,0.12488793344451621,0.3800931236925569,0.03774497990032102,-0.3860622945446483,-0.3354554481216199,0.738497874350496,0.5813135646322771,-0.16976468433381856,-0.1693829350351383,-0.35883084457212266,-0.45473860777187586,-0.015989125929067895,-0.3328796043689086,0.003399111179663174,-0.15156411170987052,0.5074817078461049,0.46661910867322837,0.14378259570242835,0.004752585965893207,0.5369226764867496,0.08564873280441132,0.4304608947972198,0.06726306961140621,-0.015703777968438203,-0.17020041838180713,-0.26173927294110844,-0.25080350515265154,0.17136880259898007,-0.13857692344769745,-0.09888656454551589,-0.3643758495367916,-0.05596097673835713,-0.21684324178419598,0.29839877377498,-0.21871342774237706,0.34154030057937207,0.4007538584635555,0.3762640625451881,0.09776830902412925,0.28307481707846105,-0.15631862570252475,-0.1671618482064531,-0.1639767479972622,-0.3134065340826931,-0.17930841680082518,-0.3577588616930003,-0.25523411064945584,0.2897959183673469,0.277672486094107,0.010459545178487078,-0.08655876143560873,-0.07525281250903762,-0.17809761599491,0.16681094733594903,0.3704375656734116,0.07094174467141603,0.18826217307896234,-0.26422642746281316,-0.03580924103226553,0.2615696065861394,0.3679002824559205,-0.3863862030404982,-0.07518340354564121,-0.4129968283959781,-0.045522639854241174,-0.14904610875998958,0.07469754080186633,0.08520914270290071,0.040347816027686466,-0.011435126719558868,-0.012514821705725276,,-0.004251299008030231,0.1838431357427241,-0.12408587431193545,0.2618858029749453,-0.1783482594738415,-0.08728369949774903,0.05181957525570455,0.0057937204168393855,0.18587527594883016,0.005234592656146067,-0.004621480146144429,0.08132995285974569,0.39983997377883607,0.02664340181041713,0.5706168721621856,0.43350332102609584,0.3655403777004425,0.08301119219534767,0.4685278551666297,0.4388516672611416,0.5785641984710748,0.5752749848167893,0.40465618462784264,0.23805153615532185,0.08932355181089914,-0.051788726827528365,0.08833254605573926,0.09947654073438539
#13,0.5326154647026501,0.5781785931188725,0.7664002776358536,1.0,-0.033669131327542824,0.49060376158021074,0.24420579757647037,0.3081507331321759,0.18354621962152834,0.8011356077622357,0.2410978184377199,0.036773254412771246,0.2332931661091456,0.02358555136745298,-0.21673912833910133,-0.1990205624054062,0.6285193718488813,0.31670731589754464,-0.04420386954970935,0.0008116992663858174,-0.17857191057811883,-0.3202548851378057,0.025525146289030493,-0.24802329056327302,0.10809482035610654,-0.17764645773283333,0.35218686435367724,0.37640288047198095,0.09137882833813733,-0.0019839395370807745,0.2589436341376418,0.18281742550586602,0.29229849710313976,0.09756779424098407,0.13928643729574966,-0.1297889774710073,-0.13985713321700904,-0.20978666383889408,0.16320553729285764,0.02682849237947423,-0.0578427308571043,-0.19158223516142403,0.01054437835597158,-0.16068753434297667,0.09916805645262357,-0.3024129254914058,0.2984990311665526,0.2796467854973827,0.10528375733855186,-0.1225434529031263,0.157706804970453,-0.19259252118419404,-0.12994707566541022,-0.08297648771364946,-0.2092198239711567,-0.03229252022018066,-0.431170408645272,-0.3305351238275187,0.15377363037798963,0.20186632990465908,0.056358150251125484,-0.16708858318953468,0.015376013419066257,-0.1597119528019049,0.11505499696335784,0.3643064405733952,0.07163583430538016,0.20101799812981405,-0.14965922126999123,0.027395332247211593,0.2420232712830054,0.27102464982213953,-0.2331774845034849,0.009761599491000935,-0.3298564584076427,-0.055529098743890566,-0.18683543327581387,-0.034922348722200264,0.05616920362854636,0.05813964697830006,-0.0978762785227459,-0.20667482864662162,,0.012102223978868827,0.1204226234660137,-0.029766805163255666,0.18054235392787252,-0.042314403323918136,-0.008600927380872047,0.014624082982271793,-0.0738145045453231,0.015854164055797093,-0.11925038319531875,-0.1838932644385104,-0.07211398494211099,0.3001262857528462,0.06884405155543559,0.2846519429689684,0.3283101809453115,0.14585715249727665,-0.04484783048788717,0.24403227516797932,0.32401453732177804,0.4109724002969161,0.42228220527700927,0.21112471441103603,0.10672592135578841,0.17498963685615956,-0.053415981413822027,0.045923669420531554,0.021888887817762912
#17,-0.018534121253603,-0.049135762004376624,-0.00231170408645272,-0.033669131327542824,1.0,0.23104894295932826,0.0024235296385913836,0.05505094810715973,0.09015645937165608,-0.15552813473051005,-0.13634812451196823,0.32442713504863446,-0.2121504246478941,0.2169666354969007,-0.23367877146134788,0.011253892204023792,-0.09017959569278822,-0.11793546894430895,-0.3043448083059393,0.24867110755497288,-0.00601351546759469,-0.027638263619099032,-0.20233676843434587,-0.10127731772917008,-0.2968679205267369,-0.05955481862088246,-0.2517598064261132,-0.02011510319763238,-0.29299258673710393,-0.013903000973653514,0.01687987429265518,-0.13253063152516556,-0.08162301292741943,-0.2198316832637637,0.057349156006285366,0.08562945253680121,-0.16121966972901583,-0.15623379252504024,0.027063711644317624,-0.025239798328400797,0.2437237908862175,0.1625615763546798,0.0518118631486605,0.2383484522765176,-0.1974048759796786,0.3097240029691612,-0.06430162050649263,-0.057144785169618156,0.03627196745490827,0.14561807717891123,-0.15211938341704184,-0.10746628363201681,-0.13318616062390945,-0.17994466563195896,0.0855446193593167,0.08734154030057938,-0.002442809906201498,0.475997030838788,-0.10265392883653225,-0.030761666971937572,0.07849575352105888,0.09575930513915533,0.04495965604002584,0.013876008598999354,-0.09939941966394493,0.11535962519159766,0.12226196099601863,0.055918560149614875,0.02103284393587383,0.27118274801654246,0.058266896744526814,0.14145353937512653,0.13563475461039398,0.28840002699237466,0.13029026442887026,0.22769032034164635,-0.07264997638167217,0.007621489786278234,-0.1810629211533456,0.059647363905411005,0.3582447244367752,0.25176751853315726,,0.37865867178236434,0.2905594169647075,-0.004764154126459275,-0.003499368571235769,0.0011471759228018086,0.35978714584558436,0.13931728572392585,0.3217703141719607,0.2151967069302922,0.2867072194962066,-0.295869202664533,0.02632334936808923,0.004906828106774122,-0.1285936008791802,-0.024383754446511717,-0.12504217558539713,-0.0498568440129949,-0.20080977123962482,0.02586062294544648,0.09459863302902645,0.010108644307982995,-0.08340836570811602,-0.12491106976564835,-0.12215013544387997,-0.012217905584529513,-0.08495849922396922,-0.11009611213403642,-0.03085806830998814
#18,0.4451370345020389,0.419552119383417,0.5582967811593225,0.49060376158021074,0.23104894295932826,1.0,0.3727203493584491,0.46049569568025606,0.2336633472472598,0.4638967348866802,0.21487665448796428,0.3703874369776253,0.3515698957901536,0.18064646737296713,-0.38998775703006755,-0.3650198104749694,0.496376273702679,0.4256562521087793,-0.16266954585329643,0.0054659558674674405,-0.3693848630618993,-0.3205440891519574,0.1303789536598768,-0.03300203406823287,0.06857798386241601,0.19165164412482044,0.3345415634369005,0.32210193477485466,0.12354602681885224,0.03309072329923939,0.3949620660734771,0.20191260254692336,0.3883257979620757,0.014053387061012407,0.10831075935333982,0.17416444140244666,-0.22115816567533958,-0.11944704192494192,0.10298940549294824,0.10177474863351103,0.12060771403507081,-0.23852968679205266,0.11348943923341656,-0.004536646968659925,0.1834382501229117,-0.009584221028987882,0.25272767586014094,0.22397308474641628,0.22984971031397916,-0.05185813579092478,0.20297687331900166,-0.13874658980266646,-0.18522745895713033,-0.1292182815497479,-0.2864642881243192,-0.06767566733826265,-0.3121456045809916,0.04714603838701281,0.025729517125697706,0.062184647122902066,-0.020130527411720476,-0.09447523931632171,0.25916342918839713,0.047346553170158,0.05395582890690523,0.18619147233763605,0.3020697367279458,0.3215929357099477,-0.053894132050552865,-0.002481370441421727,0.09783771798752566,0.1271784292365978,-0.20740362276228394,-0.07156256928846172,-0.2283419933868682,-0.12774526910433517,-0.4247385113705378,-0.24742174621383745,0.18044980864334398,0.15374278194981347,0.18134055700693125,0.188539808932548,,0.16656415991053955,0.263524625721805,-0.14202809134990793,0.10121562087281771,0.06916410399776349,-0.03703932210579083,0.1599471720667483,0.1849382549429786,0.13232626068849834,0.2138355200370181,-0.14332758138682966,0.017180646467372968,0.33460711634677487,-0.05401752576325759,0.4562925973412511,0.3543693906471422,0.24412482045250788,0.06819623456373575,0.423088120463112,0.38298901988759604,0.39650063142876424,0.4937618694147475,0.3574696576788486,0.2607868277211688,-0.1225434529031263,-0.06600214010970472,-0.004563639343314085,-0.0609429978888107
#26,0.2681904504834527,0.43596733922666847,0.33407498096073573,0.24420579757647037,0.0024235296385913836,0.3727203493584491,1.0,0.1979948521685481,0.29239875449471237,0.459477697550442,0.32661351739562144,0.25110813338089133,0.36484628806647834,0.3563321218898518,-0.17533668167314162,-0.22614404287931517,0.3549285184078355,0.2541698398773775,-0.2628806647836272,-0.11190074518234314,-0.18368118149479915,-0.28381903540821146,0.10629018730779984,-0.116597418372167,0.012071375550692643,0.008762881628797008,0.18990485187934408,0.11217838103592878,0.09202278927631516,-0.10877734182950459,0.27438327243982147,0.06957284567109792,0.030160122622502,-0.14450753376456865,-0.17481997050119055,-0.1033518745240184,-0.2892329345531316,-0.13509105106378877,-0.11922724687418661,-0.040679436630580434,0.09771432427482094,-0.11973238988557161,0.14230187114997156,-0.13713090337693887,0.20572238342668198,-0.030271948174640663,0.08455361360415682,0.17213615724986261,0.1005562357205518,-0.018823325267754716,0.10299326154647026,-0.038300251607492314,-0.13267716155900244,-0.11535576913807563,-0.13996895876914772,-0.07877338937464452,-0.12841236636364511,0.04006632412057879,0.06332989501894286,-0.014315598700509963,-0.15364252455824087,-0.2187905488128175,0.11623880539461888,0.2674809366354005,0.024607405550789045,-0.0300251607492312,0.45986330290264427,0.6709051121629568,0.014396575824472443,-0.02935806348992124,0.3474631987891992,0.2504256119074933,0.038184570001831626,0.2036555387388777,-0.02896860208419693,0.0916256157635468,-0.14120289589619503,-0.01971021757781998,0.4007345781959454,0.11166938197102176,0.01627832994321961,0.09905237484696287,,-0.07154328902085161,0.25384593138152756,-0.1894999662595317,-0.008188329654015598,-0.13240338175893882,-0.03430152410515458,0.2124820452507881,-0.0637579169598874,0.004818138875767596,-0.10347912429024515,-0.02806242950652155,-0.006113772859167285,0.20914270290071627,-0.2356530708646236,0.23188570657360724,0.0550123875719395,0.06629134412385644,-0.062489275351141876,0.133614182564854,0.23792043033557306,0.1461347883508623,0.1256437199348327,0.07450859417928721,-0.06088130103245833,-0.11538661756625182,-0.3068820915234303,-0.16383021796342534,-0.11985578359827634
#49,0.6934784494808788,0.5240164653485391,0.3133795417080389,0.3081507331321759,0.05505094810715973,0.46049569568025606,0.1979948521685481,1.0,0.39810089364040374,0.4669738655972545,0.5177889389104721,0.4016099023454446,0.26107217568179847,0.22166716474024659,-0.10878505393654864,-0.20366710689944376,0.5048595914511294,0.29593089952088536,-0.09185697897486818,-0.09167574445933309,-0.11609227536078201,-0.11710641743707402,0.2518639198712078,0.08805105414863158,0.26035109367318016,0.06946873222600329,0.1656464191722981,0.052424975658662144,0.11645474439185216,0.0978608543086578,0.07020523844870967,0.031274522090366616,0.18708993280826738,-0.11591489689876895,-0.10298554943942621,0.06077718758736371,-0.15349985057792603,-0.04210232038020688,-0.057885147445846545,0.08790452411479471,0.13128512623755217,-0.06450984739668186,-0.005053358140610992,-0.2229820789912564,-0.15687389740969604,-0.24287160305785044,-0.05913065273345994,-0.05897641059257903,0.0438761050003374,-0.21970443349753693,-0.019370884867881966,-0.37285916728524193,0.09953438153721574,-0.007629201893322279,-0.1900089653244387,0.0011626001368899,-0.28995401656174985,-0.25857730905304965,-0.335979871400615,-0.31222272565143205,0.03354188156131607,0.012163920835221192,0.1226282860806108,0.14017718565933696,0.1328236915928393,0.07843791271822853,0.12917972101452768,-0.032504603163891914,-0.0035494972670220663,-0.09359991516682252,0.22405791792390078,0.15759883547183634,-0.026921037664002775,0.0002795638803466592,-0.2281723270318992,-0.01939016513549208,-0.3786933762640625,-0.2196118882130084,0.15882891654536166,0.056828588780812275,0.13775172799398455,-0.014296318432899848,,0.21744864218715357,0.30271755371964565,-0.2771287825475018,-0.1520653986677335,0.05074759237658219,-0.2609757743437479,0.2833640210926128,-0.10032872856275245,0.033730828183895195,-0.1177927949639941,-0.39185023088120463,-0.4514301138499802,0.3677344721544735,-0.026315637261045185,0.1617171006333568,-0.0019338108412944772,0.32446955163737673,0.1827634407565577,0.2850529725352588,0.056261748913074915,0.2375232568228047,0.2637714131472145,0.3748604590631718,0.164111709870533,-0.07966028168470979,-0.059138364840503985,-0.16072609487819692,-0.2528934861615879
#50,0.17295364059653148,0.36834758466447515,0.26241408230746244,0.18354621962152834,0.09015645937165608,0.2336633472472598,0.29239875449471237,0.39810089364040374,1.0,0.2735619330396306,0.3363539085922513,0.37121648848486016,0.19602826487231642,0.3831741104566531,0.011234611936413678,-0.12256658922425843,0.2937830777091186,0.18137526148862945,-0.11488918666191086,-0.17817473706535047,-0.06977336045424311,-0.007147195203069418,0.025220518060790682,0.014369583449818283,0.005631766168914425,-0.1230987246102976,-0.025208949900224615,-0.18433671059354304,0.0020340682328670724,-0.03622955086616602,0.029793797537909825,-0.050466100469474515,0.004405541148911147,-0.21421341328217636,-0.10541486315830063,-0.11684034974405445,-0.08604976237070171,-0.13488668022712155,-0.06516923254894778,-0.16996905517048577,0.1063673083782403,-0.04459333095543366,0.0326704134653389,-0.2873974530766487,0.004629192253188474,-0.08664745066661525,-0.15760269152535838,-0.09712820413947346,0.20627379908033122,0.03304830671049714,-0.061517549863592105,-0.15753328256196197,0.13022085546547385,-0.0200842547694562,-0.032635708983640696,-0.07450088207224316,-0.07881966201690879,-0.26197834825947386,0.09994697926407219,-0.09685828039293186,0.03702389789170274,-0.11432234679417351,-0.20574937580133612,0.02361254374210714,0.007224316273509876,-0.05617691573559041,-0.026654969970983197,-0.00789912563986388,-0.17355132889244504,-0.2075655770102089,0.17266443658237976,0.2524307597389452,-0.11933521637280325,-0.25863514985588,-0.15740217674221318,0.019216642727001052,0.14675946902143003,0.23727646939739525,-0.15350756268497007,-0.15242015559175962,0.05855995681220055,0.25671483520191263,,0.09939941966394493,0.06810754533272922,0.05299567157992153,0.17104875015665216,0.23872634552167585,-0.16103843521348077,0.3998669661534902,-0.13421187086076755,0.2685220710863467,-0.005234592656146067,0.018688363394483914,-0.00718961179181167,0.2389384284653871,-0.10195212709552409,0.16093046571486413,-0.06939161115556283,0.20298072937252368,-0.027013582948531324,0.1167825089412241,-0.005250016870234159,-0.09177600185090569,-0.014169068666673093,0.01031687119817223,-0.08165386135559562,-0.01797113743938766,-0.3519092285000916,0.05933887962364918,0.07699574870099198
#51,0.6214589378500573,0.6122121215042465,0.7950546113580057,0.8011356077622357,-0.15552813473051005,0.4638967348866802,0.459477697550442,0.4669738655972545,0.2735619330396306,1.0,0.3041944222185804,0.17420300193766688,0.5270511794703711,0.076664128098098,-0.18817348384795582,-0.1729729208641416,0.7700750966423414,0.4183991593803322,-0.1137169463912159,-0.10655239894729739,-0.2707045973798116,-0.34366113001648463,0.043594613093229734,-0.21143319869279786,0.06809983322568518,-0.16476338291575487,0.4532964437546393,0.3485930224711519,0.22571602093837062,0.024966018528337172,0.3824260360733807,0.11402157461945572,0.30964688189872075,0.03874755381604697,-0.0163940115488803,-0.1442607463391592,-0.20505914222089403,-0.20084061966780098,0.12128252340142481,-0.06678106292115335,-0.1317439966066729,-0.2585695969460056,-0.040725709272844704,-0.3473282369159284,0.3198692797856034,-0.3653552871313854,0.22679185987101502,0.2632855504034396,0.2109319117349349,-0.110867322838441,0.22292423818842605,-0.31720860285540764,-0.11099457260466775,-0.18033027098416127,-0.31219187722325586,-0.11760770439493701,-0.37673450107487494,-0.38796332893100555,0.22678800381749298,0.18492668678241253,-0.033885070324776105,-0.17564130990138144,0.026064993782113695,0.040667868470014364,0.24726750407295653,0.27538970240906946,0.15418237205132407,0.2712521569799389,-0.14371704279255396,0.050369699131423945,0.3492022789276315,0.38133862898017024,-0.28187944048663394,0.047709022201228156,-0.35684112095475884,-0.012476261170505046,-0.11156526852592714,0.06552013341945186,0.22307462427578495,0.09391611155562839,-0.10274261806753877,-0.10462822823980797,,-0.10276575438867092,0.1691862763055151,-0.11072464885812615,0.17153461290042707,0.0034878004106697,-0.13948309602537284,0.08904591595731348,-0.14909238140225387,0.06927207349638013,-0.08328111594188928,-0.09890198875960399,-0.07152015269971947,0.43084264409590006,-0.012217905584529513,0.3863245061841458,0.25955674664764344,0.24387417697357638,-0.03185293011867005,0.31782171536540926,0.2548986339930398,0.35423057272034936,0.3780802637540609,0.27710564622636963,0.09004848987303944,0.10624391466553555,-0.10396884308754205,-0.0011356077622357399,-0.04318587141989531
#52,0.38934379609188974,0.3194798183798791,0.21247047709022202,0.2410978184377199,-0.13634812451196823,0.21487665448796428,0.32661351739562144,0.5177889389104721,0.3363539085922513,0.3041944222185804,1.0,0.4334878968120078,0.14237513616689,0.3192561672756018,-0.06693144900851224,-0.08791223622183876,0.4541563436900504,0.46326434210906847,-0.2538305071674395,-0.2803524432919129,-0.1895346707412299,-0.05050851705821677,0.2548754976719077,0.17543693906471422,0.4360136118689327,0.0843800911956658,0.32349011404278294,0.17010016099023453,0.18811564304512546,0.1628276440476994,0.08652791300743254,-0.028895337067278495,0.07303558173387446,-0.014342591075164123,-0.263023338763942,-0.2289126893081276,-0.28604397829041867,-0.14176587971041038,-0.21478410920343574,-0.12400489718797297,0.10209480107583893,-0.2078663491849267,-0.22973017265479645,-0.1737826921037664,-0.11345087869819633,-0.1173724851300936,-0.08131838469917962,0.0797451148621943,0.14064762418902374,0.2343073081854376,0.06578620111247144,-0.03363442684584462,0.18392025681316457,0.19714652039370306,-0.2238766834083657,-0.14475817724350015,-0.3366354004993589,-0.16410785381701098,-0.2434885716213741,-0.046023926812104154,-0.18711692518292153,-0.24171478700124358,-0.0508170013399786,0.09643797055903136,0.3203937030645985,0.19957583411257748,0.10610509673874273,0.2773909941869993,-0.12815786683119162,-0.11324265180800709,0.4127770333452228,0.3527575602749366,0.09080427636335592,-0.06862040045115826,-0.40125128936789645,-0.10601255145421419,-0.2479538815998766,0.0020225000723010037,0.2671801644606827,0.15731348751120666,-0.06401627254586294,-0.26203233300878215,,0.10057551598816192,-0.04961005658758544,-0.15732891172529476,-0.2756172095668688,0.13354091754793557,-0.10581589272459102,0.13072214242333682,-0.1729883450782297,0.032261671792004475,-0.22657592087378173,-0.45392498047872903,-0.36300695053647347,0.47329393731985,0.23052837573385518,0.2893640403728804,0.19128531904022827,0.42731049906972707,0.36239769407999384,0.3686136523574947,0.12211928701570378,0.1521965044874823,0.21416328458639006,0.2473947538391833,0.16180964591788535,-0.18139454175623956,-0.1015163930475355,-0.2613151070536859,-0.24568266607540512
#53,0.3391418352886738,0.05279515679677634,0.12488793344451621,0.036773254412771246,0.32442713504863446,0.3703874369776253,0.25110813338089133,0.4016099023454446,0.37121648848486016,0.17420300193766688,0.4334878968120078,1.0,-0.003769292317777371,0.24993203705667436,-0.16779809703758689,-0.10772849527151437,0.4039659510474005,0.2911069765648347,-0.5809318153335968,-0.22746666923736902,-0.11697531161732524,-0.05636586235816953,0.17567601438307964,0.2046504005475596,0.15449471238660792,0.09667704587739678,0.042796410014171,-0.07738521010671628,0.0525869299065871,0.09099707903945707,0.17567601438307964,-0.29916227237234055,0.049263011770603375,-0.3269759864266916,-0.30388593793681856,-0.23091012503253544,-0.3673642910163593,-0.3179258288105039,-0.04676043303481053,-0.10407295653263668,0.1545255608147841,-0.16287391668996365,-0.02026163323146925,-0.291153249207099,0.07897776021131173,0.2117609632421698,-0.25962229955751787,-0.13419259059315744,0.28494885909016415,0.2854732823691593,-0.07468597264130027,-0.17179682453992462,0.13769388719115422,-0.07272709745211263,-0.07445460942997889,-0.20044344615503262,0.06536589127857095,0.09388526312745221,-0.10361794221703798,-0.14715278648067634,-0.23547569240261054,-0.12998563620063047,-0.1776927303750976,0.1782981307780552,0.19069534285135878,0.05675532376389384,0.04177841188435696,0.1553661804825851,-0.20720696403266078,-0.025525146289030493,0.31254277809375997,0.38939006873415405,-0.05855995681220055,-0.05009977538488234,-0.10239942930407873,0.21769542961256302,-0.1450550933646959,0.048283574176009564,0.22585869491868546,0.15304869231584933,0.25863514985588,0.09360762727386657,,0.4641165299374355,0.17716059498905845,-0.07679137786432476,-0.19210665844041916,0.14221318191896504,0.014705060106234274,0.408762881628797,0.29306199570050034,0.373036545747255,0.20403343198403595,-0.42555213866368463,-0.23924305669362692,0.5055691052991815,0.039592029537369976,0.2618009697974608,-0.09275158339197748,0.26868788138779365,0.19244213509683514,0.4268439165935623,-0.014631795089315839,0.05145325017111237,-0.018834893428320783,0.09050736024216016,0.10459737981163178,-0.13476328651441682,-0.19494856988615003,-0.29008512238149864,-0.2397829041867101
#54,0.10793286610818158,0.1633674915407826,0.3800931236925569,0.2332931661091456,-0.2121504246478941,0.3515698957901536,0.36484628806647834,0.26107217568179847,0.19602826487231642,0.5270511794703711,0.14237513616689,-0.003769292317777371,1.0,0.02613825879903213,-0.06778749289040131,-0.1405705031185833,0.28567379715230445,0.28467507929010055,0.04734269711663598,-0.009360569924710556,-0.15606798222359328,-0.07870398041124811,-0.16629809221751998,-0.09500737470236087,-0.21118641126738838,0.1282735484368523,0.2479037529040903,0.15954228644693588,0.29139232452546443,0.14308850606846424,0.3606509018345175,0.2758562848852342,0.21817358024929387,0.1535499792737123,0.13876587007027658,0.12104730413658142,0.11697145556380323,0.20214396575824473,0.15638032255887713,0.12957303847377402,-0.03769870725805674,-0.027834922348722202,0.11411797595750629,-0.11882621730789623,0.4836898576152237,-0.2746531961863631,0.230667193660648,0.2383330280624295,0.029982744160488947,-0.2512392392006401,0.24306054968042956,-0.06110880819025768,0.0009582293002226871,-0.14741499812017392,-0.048873550364879066,0.20504757406032795,-0.2577251212246826,-0.24900272815786684,0.30430239171719703,0.2774102744546094,-0.2036555387388777,-0.23485101173204284,0.16041761059643508,0.00750966423413957,0.06503041462215496,-0.07793662576036556,0.09684671223236578,0.2793961420184512,-0.02736833987255743,-0.010070083772762766,-0.007706322963762737,0.0527720204756442,-0.1417543115498443,-0.03031822081690494,-0.19973393230698042,-0.3186353426585561,0.019463430152410515,-0.016818177436302817,0.06086587681837024,-0.04850336922676487,0.11183519227246874,0.06693144900851224,,-0.23908495849922398,0.02929251058004685,-0.25695776657380004,0.09504593523758109,0.08834411421630532,-0.07219496206607348,-0.08964360425322704,-0.2336479230331717,-0.04344422700587084,0.026427462813183845,0.19259252118419404,0.21441778411884357,0.047589484542045445,-0.170852091427029,0.32305823604831635,0.2867072194962066,0.22322886641666587,-0.15569008897843503,0.22459005330993995,0.3074566434982118,0.15283275331861607,0.24729835250113272,0.1781130402089981,0.04901622434519391,-0.1319984961391264,-0.13815275756027492,-0.00624102262539404,-0.12098175122670703
#58,0.15385846355547414,0.21882910934803776,0.03774497990032102,0.02358555136745298,0.2169666354969007,0.18064646737296713,0.3563321218898518,0.22166716474024659,0.3831741104566531,0.076664128098098,0.3192561672756018,0.24993203705667436,0.02613825879903213,1.0,-0.1171179855976401,0.09931844253998245,0.24569809028949322,0.1566463902518967,-0.16730452218676795,0.16944077583796863,-0.1536810850934611,0.04007403622762284,0.11926580740940684,0.12906789546238903,-0.030692258008541157,0.04951365524953486,-0.18422488504140438,-0.034737258153143165,0.22068001503860873,0.1215832955761426,0.1501450840137661,0.07857673064502135,0.02793132368677277,0.0363606566859148,0.041816972419577186,0.1264496351209355,-0.06844687804266723,0.02540175257632576,0.06687360820568189,0.17889581907396876,-0.013956985722961834,0.09990456267532993,0.07510242642167873,0.15528520335862261,-0.0025584915118621846,-0.12096632701261893,-0.18890613401714015,-0.14049338204814282,-0.12221568835375435,0.009811728186787232,-0.3127124444487289,-0.18503080022750715,-0.1987891991940848,0.11301514465020775,-0.12390463979640037,0.06156382250585638,-0.14715278648067634,0.13759748585310363,-0.10260380014074595,-0.1810783453674337,-0.27493854414699276,-0.39000318124415567,0.19025575274984816,0.5356077622357398,0.18894469455236038,0.1898585792370798,0.43684651942968966,0.4009852216748768,0.32280373651586286,0.20234833659491194,0.5108866031060512,0.4394454995035331,0.19394213991690204,0.0740690040777766,0.005947962557720302,-0.03428224383754447,-0.13578514069775288,-0.19832647277144208,0.3348423356116183,0.2835568237687139,0.19722364146414353,0.2733267137747872,,0.17412973692074846,0.2723549882872374,-0.3846355547414998,-0.3709697010594507,0.22705407151051257,-0.056026529648231516,0.24738704173213924,0.1273133911098686,0.15075819652376776,-0.09225800854115855,-0.07877338937464452,-0.26767759536502367,0.1982994803967879,0.03416656223188378,-0.02958557064772059,-0.10152024910105752,-0.09019116385335428,-0.04266916024794424,0.09747910500997754,-0.0020996211427414613,-0.13052933974723568,-0.046081767614934495,-0.03900976545554452,0.012514821705725276,-0.13551521695121127,-0.3183654189120145,-0.30870214878582514,-0.30091677672486095
#101,-0.134794134942593,-0.08031581078345368,-0.3860622945446483,-0.21673912833910133,-0.23367877146134788,-0.38998775703006755,-0.17533668167314162,-0.10878505393654864,0.011234611936413678,-0.18817348384795582,-0.06693144900851224,-0.16779809703758689,-0.06778749289040131,-0.1171179855976401,1.0,0.5676592791107941,-0.18117089065196226,-0.5300550451640269,0.4083927004906828,0.024453163409908128,0.7142163053223178,0.39527440640876094,-0.08583767942699044,-0.022976294910973364,-0.03534651460962278,-0.0028746879006680613,-0.516747804459526,-0.6383098917412974,-0.10312822341974107,-0.04842624815632441,-0.6332854540021016,-0.12320669410891423,-0.6777727434856796,0.0022885677653205825,0.1277684054254673,0.027873482883942428,0.42411768675349215,0.30050417899800447,-0.060218059826670396,0.1413147214483337,0.21586380418960216,0.4328130874456537,0.3844466081189207,0.12405888193728129,-0.1855783598276344,-0.08141864209075222,-0.5976246710304339,-0.5569664426942246,-0.5622068194306536,-0.26694494519583933,-0.48314229801509645,-0.16378780137468307,0.1797942795446001,0.10578890034993686,0.5807582929251058,0.33783077709118603,0.2733421379888753,-0.16385335428455747,-0.08112558202307849,-0.21781882332526775,-0.12309101250325355,-0.2087262491203378,-0.2420194152294834,-0.04826814996192147,0.01037085594748055,-0.29731522273529154,-0.18941127702852514,-0.15192272468741866,0.2080205913258076,-0.09084669295209817,-0.019586823865115247,-0.09625287998997425,0.34027937107767053,-0.04246478941127703,0.331252349782615,-0.12188021169733836,0.30540136697097353,-0.12034164634205123,-0.11126835240473137,-0.17965160556428522,-0.16545361649619697,0.039291257362652196,,-0.2550605882409648,-0.38416511621181304,-0.05732601968515323,-0.2450040006555291,-0.03040305399438944,0.01928219563687544,-0.06444043843328545,-0.18727116732380245,-0.16182892618549546,-0.11703315242015559,0.051279727762621345,-0.14619262915369266,-0.14593427356771713,0.0017949929145016533,-0.601519285087677,-0.6268959733161096,-0.45628488523420707,-0.4024428099062015,-0.5093017651084997,-0.5622492360193959,-0.5982686319686117,-0.6152661158936886,-0.5930398233927487,-0.48654333722152066,-0.0377758283284972,-0.02585676689192446,-0.13424657534246576,-0.1522851937184888
#102,-0.12092005437035466,-0.16000501286957863,-0.3354554481216199,-0.1990205624054062,0.011253892204023792,-0.3650198104749694,-0.22614404287931517,-0.20366710689944376,-0.12256658922425843,-0.1729729208641416,-0.08791223622183876,-0.10772849527151437,-0.1405705031185833,0.09931844253998245,0.5676592791107941,1.0,-0.1367992827740449,-0.44773987062940435,0.10907425795070036,0.2907637878013747,0.4274069004077777,0.5843906953428514,-0.1460499551733778,0.12364628421042484,-0.007193467845333693,0.1432350361023011,-0.4242449365197189,-0.39417543115498443,-0.0921500390425419,-0.04972573819324612,-0.4798260919861568,-0.18553979929241418,-0.5362170186922195,0.06696229743668843,-0.0966307732351325,-0.08003817492986803,0.186187616284114,0.20011182555213866,-0.04686840253342717,0.1034212834874148,-0.05965507601245505,0.27057349156006283,0.004760298072937252,0.20770825099052376,-0.163945899569086,0.0247346553170158,-0.430831075935334,-0.41643642813762255,-0.3844658883865308,-0.09762177899029238,-0.4290881397433796,-0.12929540262018838,-0.12056915349985058,0.20644346543530023,0.2486248349127086,0.17926985626560496,0.22266973865597253,0.15690474583787223,0.04155476078007963,-0.12938794790471692,-0.1673276585079001,-0.08896108277982899,-0.1396643305409079,0.16152429795725565,0.1743418198644597,-0.015464702650072782,-0.17641252060578602,-0.14532116105771548,0.20082905150723493,0.24297957255646707,0.0736988229396624,0.09067702659712917,0.29214039890873683,0.0542373208140129,0.18681615300820376,0.06802271215524472,0.39612659423712804,0.048356839192928,-0.1011462119094213,0.08619629240453858,-0.10467835693559427,0.12449461598526987,,0.001598334184878486,-0.1878187269239297,-0.0007847068917316572,-0.20026606769301958,0.16194460779115613,0.10455110716936751,-0.1478661563822506,-0.006445393462061254,-0.09609478179557132,0.08644693588347006,-0.08435309882101164,-0.07486720715683534,-0.07883123017747487,0.3413822023849691,-0.5691824202519931,-0.46439416579102116,-0.5318596782123336,-0.45994428002660676,-0.4460123586515381,-0.5442646023926813,-0.5205305929646303,-0.5839511052413408,-0.5810397848322135,-0.5141681046532925,-0.15009881137150183,-0.05521290235508469,-0.061594670934032564,-0.09191481977769851
#201,0.6242892811352222,0.5459844022635034,0.738497874350496,0.6285193718488813,-0.09017959569278822,0.496376273702679,0.3549285184078355,0.5048595914511294,0.2937830777091186,0.7700750966423414,0.4541563436900504,0.4039659510474005,0.28567379715230445,0.24569809028949322,-0.18117089065196226,-0.1367992827740449,1.0,0.6418728851956466,-0.29295402620188365,-0.2981288500284384,-0.35814832309872463,-0.430163978676024,0.219037336238227,-0.07313198307192503,0.2897650699391708,-0.06914096767663135,0.4960755015279612,0.3003576489641676,0.3831239817608668,0.12349204206954392,0.44716917470814493,-0.09645725082664147,0.37608282802965304,0.065038126729199,-0.16422353542267168,-0.2383831567582158,-0.26588838653080504,-0.2961931111603829,0.14624661390300098,-0.0706988132995286,-0.14458079878148708,-0.35800564911840976,-0.13293166109145596,-0.33655827942891847,0.34794134942593,-0.263193005118911,0.026836204486518273,0.14990215264187867,0.309689298487463,0.1542710612823306,0.187868855619716,-0.32140784514089055,-0.016567533957371327,-0.050682039466707796,-0.3887923804382405,-0.3206597707576181,-0.2683986773736419,-0.34922927130228565,0.20528664937869337,0.11634677489323551,-0.1604368908640452,-0.2312725940636056,-0.03668842123528675,0.09382742232462186,0.43034135713803706,0.3272420541197112,0.1130922657206482,0.2832174910587759,-0.20257198769918927,-0.04379512787637493,0.43881310672592133,0.48956262712926457,-0.3960918897554298,-0.1946400856043882,-0.41516007442183295,0.01812152352674655,-0.15487646168528818,-0.006780870118477244,0.3893476521454118,0.21904890439879304,-0.010228181967165705,-0.05813579092477804,,0.1503455987969113,0.12844707084534332,-0.16004357340479886,-0.09129013910713081,-0.0314750368735118,-0.28096941185543656,0.22347565384207532,0.010671628122198335,0.3135492080630079,0.02978608543086578,-0.12156401530853249,-0.18016060462919226,0.7465184656763035,0.14209364425978233,0.5328506839674935,0.2670490586409339,0.33614182564854,0.2299229753308976,0.5515833919774806,0.1921336508150733,0.4011587440833679,0.45523989472973886,0.3882255405705031,0.2892637829813078,0.003217876664128098,-0.0035726335881542037,-0.05901111507427723,-0.09399323262606885
