,#10,#11,#12,#13,#17,#18,#26,#49,#50,#51,#52,#53,#54,#58,#101,#102,#201,#202,#301,#302,#401,#402,#501,#502,#601,#602,#701,#702,#801,#802,#901,#902,#1001,#1002,#1101,#1102,#1201,#1202,#1301,#1302,#1401,#1402,#1501,#1502,#1601,#1602,#1701,#1702,#1801,#1802,#1901,#1902,#2001,#2002,#2101,#2102,#2201,#2202,#2301,#2302,#2401,#2402,#2501,#2502,#2601,#2602,#2701,#2702,#2801,#2802,#2901,#2902,#3001,#3002,#3101,#3102,#3201,#3202,#3301,#3302,#3401,#3402,#3455,#3501,#3502,#3601,#3602,#3701,#3702,#3801,#3802,#3901,#3902,#4001,#4002,#4101,#4102,#4201,#4202,#4301,#4302,#4401,#4402,#4501,#4502,#4601,#4602,#4701,#4702,#4801,#4802
#10,1.0,0.35072542006883056,0.36784629770661215,0.5433160132262635,0.4198953081468771,0.3421842615175499,0.08890709803052066,0.7188705619233995,0.41229502665497,0.44865375531412377,0.44133882178284634,0.46167564805799505,0.34322539596849605,-0.1729266482218773,-0.07723482401935738,-0.29625480801673526,0.36705195068107543,0.2685490634610008,0.03305987487106321,-0.08218599674163478,0.21199232645349117,0.06593658719983034,0.3280055527170717,0.08072840851031013,-0.056388998679301666,-0.05758823132465079,0.2964321864787483,0.4322192552032622,-0.21619542479249612,0.04268844051555436,-0.03150202924816597,-0.06264737354554481,-0.1566155418237205,-0.06150598170302604,-0.09516932895028583,0.025185813579092477,-0.2237070170533967,-0.04649050928826892,-0.4076908987496746,-0.19110022847117117,-0.026134402745510106,,-0.0008733961227381836,0.19713495223313698,-0.30166099505461136,-0.07135819845179452,0.3377112394320033,0.22015944781313565,0.0046561846278426345,-0.28636017467922453,0.07660628729526765,-0.07758186883633945,-0.051808007095138484,-0.27629973104026684,-0.2012146568594372,-0.2877637781612409,0.008836146645715443,-0.043359393828386335,-0.4256254036806031,-0.5104701493256727,-0.21803476232250105,-0.28936018431935834,-0.15886747708058188,-0.16148573742203542,0.4122487540127057,0.2255116501017034,-0.002670317064000848,0.15929935507504844,0.19963367491540782,0.08505104450849778,0.031112567842441652,0.11311154598825832,0.012526389866291345,-0.039329817897872425,-0.11936992085450146,-0.18838556679166707,-0.3552485708501634,-0.3430210251318288,-0.023057272034935846,0.23717621200582265,-0.00905979774999277,0.23456951982493518,,0.13120800516711173,0.2662547116153972,-0.35086809404914543,-0.3584259589523103,0.11409098358285213,0.1301745828232096,0.2999334830767451,-0.1404393972988345,-0.22888184087995142,-0.33321893707884664,-0.31504150077603077,-0.4533658527180357,0.018422295701464336,0.12727097452112635,0.18317603848341416,0.17987140061504053,0.21049617768694628,0.12739436823383107,0.15863225781573848,0.09514619262915369,0.2789526958634186,-0.00836570811602865,0.10856911493931536,0.03064212931275486,-0.29579979370113657,-0.31598237783540434,-0.31215717274155763,-0.39126411074585715
#11,0.35072542006883056,1.0,0.30949263975783986,0.42421794414506475,0.17947422710227218,-0.09517704105732988,0.1389702409069438,0.18064261131944512,0.3505596097673836,0.5659009187047517,0.347763970963917,0.13161674684044614,0.12831596502559456,-0.0031253313795995487,-0.11623880539461888,0.015638225058563812,0.20522880857586304,-0.14583787222966654,0.3245042561190749,-0.05617691573559041,0.032693549786471036,0.14935459304175142,0.4492822920382135,0.262518195752557,0.02333490788852149,-0.24098213683205924,0.4211639497556226,0.24618009697974608,-0.18982773080890364,-0.3555454869713592,-0.24088959154753067,-0.24087031127992056,-0.36659693636547674,-0.3961805789864363,-0.20910799841901806,-0.25941407266732863,-0.3742627707672582,-0.17299605718527372,0.052718035726335884,0.12068097905198924,0.10127346167564806,,0.032720542161125195,0.15497286302333876,0.04533369323166206,0.19578147744690697,0.25107728495271514,0.07593147792891365,0.0007384342494673826,-0.017994273760519795,0.18209248744372572,0.13993425428744952,0.08054331794125302,-0.3805674182757657,-0.09393539182323851,-0.38220238496910336,-0.1002863119740102,-0.04656377430518736,-0.33170736409821366,-0.22865047766863003,-0.23028158830844572,-0.3181996086105675,-0.05606894623697377,0.28834989829658836,0.3066314480444989,-0.03585165762100778,0.05534786422835549,0.15515409753887385,0.0795793045607473,0.0681538179749935,-0.07136591055883856,-0.01238757193949852,-0.08303432851647981,0.07302015751978637,-0.07380679243827905,-0.0815150434288028,-0.43284779192735195,-0.28166350148940067,-0.16701917422613827,-0.12004858627437749,-0.07327465705223989,0.35286552977355323,,-0.019474998312976582,0.2310335187452402,-0.2673151263339535,-0.22588183123981762,-0.012672919900128215,0.10525290891037567,-0.07682993839954498,0.2834874148053175,-0.15743302517038937,0.17916574282051034,-0.3238101664851108,-0.2597919659124869,0.11350486344750466,-0.24551685577395815,0.11166938197102176,0.1720474680188561,0.007112490721371213,-0.0604378548774257,0.03874755381604697,-0.06282089595403584,-0.044446800921596794,0.08437623514214378,-0.2646968659925,-0.08530940009447331,-0.20064396093817782,-0.2115604484590246,-0.38398388169627795,-0.3055440409512884
#12,0.36784629770661215,0.30949263975783986,1.0,0.6676428908833255,0.13727743341077575,0.2823845834980189,-0.1447890256716763,0.38060983486450795,0.24445644105540185,0.5018711499715616,0.3964273664118458,0.22531884742560226,0.2220373458783608,-0.02367809665198153,-0.27634985973605314,-0.26565702331948365,0.7148139936182314,0.5868354332758139,-0.16971841169155427,-0.3691342195829678,-0.04599693443744999,-0.021665236713485584,0.02962413118294082,0.034552167584086066,0.27699382067423095,0.03991979408674192,0.25529195145228617,0.45134913672601773,0.228137622550201,0.3421842615175499,0.4051921760674038,0.15788032737894403,0.2854771384226813,0.17991767325730482,0.01296212391427993,-0.034216690927670074,-0.015549535827557286,-0.020519988817444785,-0.021457009823296347,0.01070247655037452,-0.0011278956551916942,,-0.340017159438173,0.0027358699738752375,-0.10798299480396788,-0.2073265016918435,0.23289599259637725,0.24596801403603483,0.01344413060453279,-0.27510049839491774,0.31539240164653487,-0.028112558202307847,0.018815613160710672,0.19542672052288085,-0.18869790712695092,0.043860680786249315,-0.3594439570821243,-0.31276642919803727,-0.19187915128261981,-0.1685924440631236,-0.35298121137921395,-0.10777091186025663,-0.12240077892281145,-0.17058987978753146,0.31572787830295085,0.27459921143705474,0.043968650284865955,0.23704125013255184,-0.0334801847049637,-0.08690580625259078,0.3064694937965739,0.45510878890999007,-0.07881580596338678,0.23823662672437892,-0.12176067403815564,-0.1081063885166726,-0.18612591942776166,-0.09377343757531355,0.03077323513250364,0.20339718315290217,-0.20648202597052048,0.3277819016127944,,0.03991979408674192,0.2277327369303886,-0.31962634841371595,-0.2173059682068387,-0.0016831673623629896,0.15189187625924247,-0.04925529966355933,0.12445605545004965,-0.06597900378857259,-0.04026298285020196,-0.25147831451900554,-0.3415171642582399,0.36988615001976227,0.24271736091696952,0.5278570946564738,0.3957988296877561,0.3999363751168866,0.5289792062313825,0.5487144881570957,0.40592097018306617,0.376406736525503,0.5543905989415133,0.32667907030549587,0.4960947817955713,-0.3232433266173734,-0.09406649764298729,-0.49225800854115853,-0.286772772406081
#13,0.5433160132262635,0.42421794414506475,0.6676428908833255,1.0,0.3763758880973268,0.28100026028361275,-0.029562434326588453,0.3659876799089971,0.19426604841275197,0.602514146896359,0.353663732852612,0.2831673623629896,0.3230620921018384,0.021522562733170738,-0.26945137998515417,-0.19854626782219736,0.6183432466042629,0.29616226273220675,-0.1991748045462871,-0.36644655027811784,-0.010420984643266849,0.06255097220749424,0.30125610943479897,0.17298448902470767,-0.02886448863910231,-0.005708887239354882,0.3214425496225888,0.43053415981413823,-0.05333114823633752,0.09172972920864142,0.11087503494548505,0.16116954103322953,0.042352963859138365,0.20760799359895116,-0.10168605940250451,-0.09039167863649948,-0.23416077815160075,-0.020462148014614445,-0.18029171044894104,-0.038967348866802275,0.09452151195858599,,-0.2429140196465927,0.19207195395872095,-0.11200485862743775,-0.09960764655413418,0.34715471450743735,0.184328998486499,0.034579159958740224,-0.2876403844485361,0.22553093036931351,-0.06632604860555465,0.09857422421023204,-0.025706380804565568,-0.14838672360772368,-0.1478854366498607,-0.10109222716011299,-0.06567051950681076,-0.37179104045964156,-0.35687196938293503,-0.3026520008097712,-0.17639709639169793,-0.19197555262067037,0.021125389220402378,0.30089749645725083,0.2147108441865173,-0.02457270106909084,0.2344769745404066,-0.08759989588655491,-0.0838248194884945,0.011018672939180395,0.11542517810147204,-0.057750185572575746,0.05807409406842567,-0.05060106234274532,0.04847637685211071,-0.248019434509751,-0.15942274878775317,-0.14347411142066652,0.0663684651942969,0.018005841921085865,0.3226302141073718,,0.13077612717264517,0.32721891779857903,-0.33651971889369825,-0.2663665371675359,0.025278358863621026,0.09004463381951741,0.0021266135173956214,0.16669526573028834,-0.09188782740304435,-0.09674259878727116,-0.3571149007548225,-0.3981780147108442,0.34631023878611433,0.231511669381971,0.23879575448507226,0.22626358053849788,0.22002062988634283,0.21266713581984517,0.2410939623841979,0.20404114409107998,0.19026346485689222,0.20083676361427896,0.16255000819411372,0.17589966548735697,-0.28069948810889495,-0.259144148920787,-0.4112268998293696,-0.3057638360020437
#17,0.4198953081468771,0.17947422710227218,0.13727743341077575,0.3763758880973268,1.0,0.4957862975138095,0.07564612996828396,0.15086230996886238,0.3041751419509703,0.21557845622897245,0.29006198606036654,0.7257613295672544,0.5341887345396354,0.12687765706188,0.015672929540262018,-0.1697569722267745,0.11060511119894344,0.04768974193361804,0.13195607955038416,-0.038967348866802275,0.26873415403005796,0.05832859360087918,0.5206848351055112,0.3398089325479838,-0.058043245640249486,-0.13492138470881976,0.15481476482893583,0.05702910356395747,-0.1316244589474902,-0.13171314817849672,-0.08601891394252552,-0.2205026365765957,-0.24217751342388633,-0.05070517578783994,0.052178188233252674,-0.01328217635660783,-0.048206453105569105,-0.007139483096025373,-0.23197439580461376,-0.1853238602951809,0.15791503186064224,,0.2845169810956976,0.29590005109270917,0.03237349734414314,0.1640962856564449,0.1457800314268362,0.08109858964842433,-0.08535181668321556,-0.17731098107641735,-0.1983650333066623,0.0013245543848148613,-0.19546913711162311,-0.42906114736872547,-0.05188898421910096,-0.37157124540888625,-0.05257536174602104,0.11235575949794183,-0.44870774006343206,-0.43018325894363413,-0.38510984932470865,-0.40878601794992914,-0.08611531528057609,0.0016446068271427608,-0.03665371675358854,-0.13060260476415414,0.2689616611878573,0.30472655760461953,0.22828029653051585,0.11450358130970859,-0.05709080042030983,-0.1706978492861481,0.22956436235334945,0.10231459612659424,0.10071818996847676,0.025166533311482362,-0.4674790086086395,-0.48263715500371146,-0.05927332671377479,0.2093702100585156,0.2741789016031543,0.42036189062304186,,0.2757097548513973,0.5072542006883055,-0.40722431627350986,-0.4623080408356068,-0.03410100932200939,0.06169878437912718,0.4799147812171633,0.10735445807987815,-0.24891018287333827,-0.28347970269827344,-0.4920497816509693,-0.39769600802059135,0.049263011770603375,-0.012140784514089056,-0.07402658748903435,0.1480512469513077,-0.09806136909180299,-0.27170717129553756,0.0673633270029788,0.16959501797884954,0.06562039081102446,-0.08598806551434934,-0.17237137651470602,-0.12642649879980333,-0.33665853682049107,-0.41667935950951,-0.37068435309882103,-0.36622675522736253
#18,0.3421842615175499,-0.09517704105732988,0.2823845834980189,0.28100026028361275,0.4957862975138095,1.0,-0.07518725959916324,0.31810706332603894,0.1387543019097105,0.07275794588028882,0.27586399699227826,0.4405560429178757,0.6036015539895694,-0.15285203358622618,-0.19968380361119412,-0.14513992654218041,0.19904755478006034,0.2756056414063027,-0.01769350158580201,-0.025648540001735224,0.020026413966625856,0.08997136880259898,0.15472221954440726,0.3609285376881031,-0.16346003682531113,-0.086605034077873,0.13365274310007422,0.28324448343343006,-0.11515525435493044,0.14685587035948058,0.22010931911734935,0.11449201314914251,0.08773100170630369,0.16860401222368968,0.1469407035369651,0.2062660869732872,0.029095851850423685,0.052521376996712714,-0.07178622039273905,-0.0004145257536174602,-0.02255598507707287,,0.1380486441151803,0.24283304252263022,0.007976246710304339,0.08321556303201488,0.19946400856043883,0.20616197352819257,0.04499050446820202,-0.10897785661264979,-0.07638263619099032,0.04693781149682358,-0.21554760780079626,-0.13669131327542827,-0.1643469291353764,-0.1759382260225772,-0.030453182690175738,-0.05276430836860015,-0.2956532636672997,-0.4784147763970964,-0.48240579179239007,-0.2977509567832802,0.027927467633250748,-0.1081063885166726,0.1750783260871661,0.03046475085074181,0.17341251096565222,0.42684777264708434,0.0658478979688238,-0.03459844022635034,0.017600956301273462,-0.08802791782749944,0.21874813222407527,-0.032574012127288325,0.14005764800015424,-0.19714266434018105,-0.34110456653138344,-0.39498905844813126,-0.17409888849257227,0.35048634475046514,0.33212381787859213,0.5472646120328151,,0.2711596116954103,0.1279689202086125,-0.546921423269355,-0.4987014739764588,-0.04542238246266858,0.20889205942178476,0.5962557720301158,-0.1375203647826632,-0.09157934312128252,-0.37079232259743766,-0.42945446482797184,-0.38212911995218496,0.016070103053030377,0.15491502222050843,0.05231315010652348,0.1414651075356926,0.06387359856554808,0.05437613874080572,0.30027281578668313,0.23286514416820106,0.247683957853335,0.1524317237523257,0.23095639767479972,0.1558906037615802,-0.3816933859041963,-0.47012426132474716,-0.2826776435656927,-0.4239133159168249
#26,0.08890709803052066,0.1389702409069438,-0.1447890256716763,-0.029562434326588453,0.07564612996828396,-0.07518725959916324,1.0,-0.031274522090366616,0.26350148940067286,0.3691573559040999,0.324010681268256,0.03273596637521329,0.1707171295537582,0.18710535702235548,0.29006584211388853,-0.061579246719944476,0.013679349869376188,-0.12693164181118835,0.2652405695391052,-0.07266154454223825,-0.016509693154540987,-0.2942573722923274,-0.09252407623417813,-0.07035562453606856,-0.0680381363693328,-0.0428311144958692,0.10740844282918646,-0.04271157683668649,0.10283130729854531,-0.23239470563851428,-0.13545737614838094,-0.10811024457019464,-0.17282639083030474,-0.20550258837592666,-0.2469937242728929,-0.19225318847425601,0.0800844475721323,-0.11604214666499571,-0.03664986070006652,-0.01891972660580529,-0.11030433902422565,,0.2048200669025286,-0.1779780783357273,-0.04850336922676487,0.025131828829784156,0.06135559561566715,0.06977336045424311,0.12174139377054553,0.06689674452681403,0.023890179595692788,-0.07035562453606856,-0.10639044469937242,-0.1317748450348491,-0.12231980179884896,-0.19563880346659213,-0.19680718768376504,-0.203370190778248,0.03820385026944174,0.08437623514214378,0.09746368079588945,0.038007191539818574,0.21865558693954673,0.29065581830275805,0.09077728398870176,0.05972448497585146,0.16881609516740093,0.26917760018509057,0.25522639854241175,0.16293946959983804,0.07464355605255801,0.014689635892146183,-0.06113965661843387,-0.17945880288818408,-0.044574050687823545,-0.2792418998775703,-0.007999383031436475,0.04139666258567669,0.28460567032670414,0.06346485689221366,-0.04935555705513193,0.044867110755497285,,-0.23359393828386338,-0.041805404259011116,-0.004852843357465802,0.07315126333953516,-0.1797441508488138,0.26563774305187354,-0.06775664446222514,0.27741798656165345,-0.23148853306083889,0.14059749549323744,0.04555348828241736,0.14969778180521146,-0.1869935314702168,-0.03296732958653466,-0.13215273828000731,0.09977731290910317,0.1495859562530728,-0.11618867669883258,-0.049945533244001424,-0.19754754995999343,-0.04187481322240753,-0.19635217336816635,-0.17472356916314,-0.13938669468732226,0.0386010237822101,-0.09518475316437393,0.1661014334878968,0.14337385402909392
#49,0.7188705619233995,0.18064261131944512,0.38060983486450795,0.3659876799089971,0.15086230996886238,0.31810706332603894,-0.031274522090366616,1.0,0.24932663665371677,0.27045009784735813,0.46337616766120715,0.22664147378365612,0.1456797740352636,-0.26378298130778055,-0.25003229444824693,-0.3308551762698466,0.37614066883248337,0.30553632884424436,0.045349117445750146,-0.12567071230948684,0.003422247500795311,0.02555213866368465,0.17929299258673712,0.05233243037413359,0.1305640442289339,-0.004953100749038397,0.44423857403140754,0.5682338310855755,-0.2528934861615879,0.15221192870157038,0.13531084611454408,0.08972458137718951,-0.04726943209971755,-0.0818042474429545,-0.10903955346900215,0.07082220701223332,-0.174388092506724,-0.1431849074065148,-0.1979447234727618,-0.031675551656656996,-0.04999951799330975,,-0.14015790539172684,-0.08091735513288924,-0.11471566425341984,-0.05547511399458224,0.16104229126700279,0.18418632450618413,0.07544175913161674,-0.16214512257430133,0.2240810542450329,0.11512440592675427,0.0609275736747226,-0.08669372330887953,-0.142544802521859,-0.15197670943672698,0.09965006314287643,-0.08282224557276854,-0.250714815921645,-0.42648530361601417,-0.23394098310084543,-0.21201931882814534,-0.08858704558819276,-0.2494538864199435,0.5637261045183307,0.3758707450859418,-0.14562193323243328,0.03332208651056077,0.11412954411807236,-0.08721043448083059,0.0618877310017063,0.21289849903116656,-0.026115122477899995,-0.022035417851599782,-0.04682212989116289,-0.2895221385672833,-0.21756432379281423,-0.26395264766274956,-0.10686473928258124,0.17884569037818246,0.03349175286552977,0.12156015925501046,,0.1862377449799003,0.17833669131327543,-0.34739378982580277,-0.31370345020388885,0.007802724301813309,0.20966712617971137,0.2498240675580577,-0.050928826892117265,-0.2160566068657033,-0.2554192012185129,-0.2499590294313285,-0.41994158078914134,0.27014932567264033,0.21537022933878322,0.17043178159312852,0.251054148631583,0.19911310768993473,0.32312764501171276,0.28005552717071713,0.1245833052162764,0.14122217616380514,0.2369332806339352,0.24063509201507716,0.27107477851792583,-0.29789748681711703,-0.31254663414728195,-0.29655558019145306,-0.37672293291430886
#50,0.41229502665497,0.3505596097673836,0.24445644105540185,0.19426604841275197,0.3041751419509703,0.1387543019097105,0.26350148940067286,0.24932663665371677,1.0,0.5255781670249583,0.5461502125649504,0.29298487463005984,0.10316678395496129,0.3860044537418179,0.15776850182680535,-0.1818688363394484,0.3514542141844929,0.07794819392093162,0.38003913894324853,0.004189602151677865,0.2730799263493777,-0.09519246527141796,0.1483905796612457,-0.13269258577309054,0.12341106494558145,-0.36491569702987475,0.20857200697945688,0.027453173050041933,0.11288018277693694,-0.06846615831027734,0.019714073631342,-0.1995488417379233,-0.19779048133188087,-0.20188175411874718,0.0843299624998795,0.012491685384593137,-0.09209991034675562,-0.08478112076195618,-0.09535441951934293,-0.024715375049405686,0.02417167150280046,,-0.09966548735696451,0.16416569461984132,-0.07808315579420243,0.012823305987487106,0.2619860603665179,0.2934321768386145,0.18792284036902432,0.004575207503880154,0.05668591480049743,-0.08065514349339169,-0.184837997551406,-0.31589754465791986,-0.09621046340123202,-0.2814282822245573,-0.23032014884366594,-0.2592366942053156,-0.413644645387678,-0.43967686271485446,-0.30491164817367666,-0.4081073525300531,0.1292645541920122,0.12507302401357331,0.1707171295537582,-0.06869752152159872,0.25660686570329594,0.2347237619658161,0.3481727126372514,0.16762071857557384,0.25883180858550314,0.11079791387504459,0.08199319406553363,0.19769793604735234,0.06245842692296569,-0.106991989048808,-0.39653919196398446,-0.42425264862676293,0.30782682463632594,0.002246151176578331,0.09718218888878177,0.3071828636981481,,0.014323310807554009,0.3275968110437373,-0.277167343082722,-0.38194788543664987,-0.27530101317806294,0.1249534863543906,0.15600242931371888,0.22615561103988124,-0.21919929048615194,-0.1590217192214628,-0.31595152940722815,-0.44868460374229996,0.11206655548379012,-0.13846124184203676,0.1885089605043718,0.24684333818553403,0.2061658295817146,0.06122063374239634,0.11723752325682281,-0.03244290630753955,0.16697290158387398,0.14458079878148708,-0.10177860468703305,-0.055772030115778005,-0.43077709118602564,-0.406241022625394,-0.37977307125022897,-0.453917268371685
#51,0.44865375531412377,0.5659009187047517,0.5018711499715616,0.602514146896359,0.21557845622897245,0.07275794588028882,0.3691573559040999,0.27045009784735813,0.5255781670249583,1.0,0.478179557132253,0.14420290553632883,0.24656184627842634,0.1153827615127298,-0.06783762158618761,-0.21334580123972122,0.536479230331717,0.15343815372157366,0.028687110177089258,-0.36174602103477194,-0.03743263956503716,-0.0658131934871256,0.2541698398773775,0.07903174496062006,0.009584221028987882,-0.22379570628440323,0.46226562424686457,0.3567447196167083,-0.020415875372350168,-0.0895549150222205,0.07092246440380592,0.01651740526158503,-0.049459670500226545,-0.13268487366604648,-0.28213779607260947,-0.24703228480811312,-0.26647836271967457,-0.2527546682347951,-0.1097374991564883,0.07401116327494625,-0.023593263474497025,,-0.06415509047265576,-0.014199917094849277,-0.11682492552996636,0.012256466119749742,0.35753521058872295,0.272115912968872,0.1113223371540397,-0.04901236829167189,0.28351055112644963,-0.0010237822100970762,0.12383908688652598,-0.19811824588125282,-0.20859899935411103,-0.3672833138923968,-0.1894189891355692,-0.2725169425351624,-0.26251433969903504,-0.2004858627437749,-0.2007056577945302,-0.1429149836599732,-0.05639671078634571,0.16181350197140737,0.3576586043014277,0.09794954353966433,-0.0017410081651933328,0.18629558578273067,-0.0022268709089682164,-0.04692624333625751,0.09641869029142125,0.11136860979630397,-0.015996838036111943,0.04768202982657399,-0.19344470901256108,-0.14330830111921952,-0.17453076648703883,-0.07479779819343893,0.07372967136783859,0.011662633877358218,-0.09047265576046196,0.301603154251781,,-0.08530168798742926,0.23763508237494335,-0.23290370470342128,-0.1520306941860353,-0.14976719076860787,0.26441923013891433,-0.05712550490200804,0.3192098946333375,-0.2042802194094454,-0.007447967377787204,-0.30604147185562935,-0.30364686261845314,0.17473899337722806,0.06152140591711413,0.20910414236549604,0.35531026770651575,0.2848023290563273,0.13561161828926185,0.20453471894189892,-0.01974877811304021,0.15062709070401897,0.21525454773312253,0.02864854964186903,0.12450618414583595,-0.18108605747447776,-0.11808585503166784,-0.3319618636306672,-0.1928431646631255
#52,0.44133882178284634,0.347763970963917,0.3964273664118458,0.353663732852612,0.29006198606036654,0.27586399699227826,0.324010681268256,0.46337616766120715,0.5461502125649504,0.478179557132253,1.0,0.2873627485949505,0.28833061802897825,0.024846480869154464,-0.15562068001503862,-0.22595509625673604,0.4659597235209625,0.41306238130585254,0.3576508921943837,-0.18966577656097866,0.051426257796458215,-0.005901689915456027,0.19939074354352038,0.05608051439753984,0.35537582061639017,0.04833755892531788,0.2897882062603029,0.18948068599192155,0.02953158589841227,0.030622849045144746,0.10334801847049636,-0.09321045376109821,-0.007652338214454417,-0.020180656107506773,-0.1111218223708945,-0.11839433931342967,0.11070536859051604,0.0012435772608523805,-0.11527479201411316,0.041628025796998064,-0.04002776358535857,,0.03317941253024592,0.05324245900533099,-0.06359981876548447,-0.033356790992258974,0.17311173879093442,0.1110524134074981,0.14002294351845604,-0.1529754272989309,0.18640741133486932,0.0031600358612977547,-0.07697261237985983,-0.0728389230042513,-0.19491386540445182,-0.21935353262703286,-0.17547935565345646,-0.3403911966298092,-0.36073187895847997,-0.3811458263040691,-0.3221674876847291,-0.32442713504863446,-0.09239297041442936,-0.1344046735368687,0.4964611068801635,0.31530756846905034,0.007247452594642013,0.15242015559175962,0.19764395129804402,0.03284779192735195,0.22610162629057293,0.2480849874196254,0.029577858540676544,0.10200225579131038,-0.1440756557701021,-0.36586814224981445,-0.3858810600291132,-0.3556765927911079,0.14444198085469426,0.23158493439888947,-0.0011086153875815795,0.2819218570753762,,0.026226948030038656,0.23129187433121573,-0.37567794240984065,-0.3896908409088718,-0.19477119142413696,0.19421591971696567,0.18699738752373882,0.08536724089730366,-0.31505692499011884,-0.1488455939768444,-0.33855571515332633,-0.4207397838682001,0.3825764221607396,0.2818370238978917,0.34111999074547156,0.3841304117301148,0.27028428754591116,0.19714652039370306,0.3060568960697174,0.1862878736756866,0.17379426026433248,0.2277520171979987,-0.008990388786596358,0.1485563899626927,-0.31868932740786443,-0.34656088226504583,-0.4233696123702197,-0.3998476858858801
#53,0.46167564805799505,0.13161674684044614,0.22531884742560226,0.2831673623629896,0.7257613295672544,0.4405560429178757,0.03273596637521329,0.22664147378365612,0.29298487463005984,0.14420290553632883,0.2873627485949505,1.0,0.43127837814388864,0.024194807823932594,0.022960870696885273,-0.18890613401714015,0.15070421177445942,0.11530564044228934,0.025555994717206675,-0.11999460152506916,0.21346919495242594,-0.04473600493574851,0.3463179508931584,0.17792409358641897,0.04903936066632605,-0.16888550413079734,0.011570088592829668,-0.04588125283178931,-0.020828473099206615,-0.047315704741981816,0.016544397636239192,-0.1375589253178834,-0.07526823672312571,-0.008034087513134683,0.11633520673266945,0.11232105501624362,0.05008049511727223,0.010305303037606161,-0.29193602807206964,-0.3328371877801664,0.0782643903097375,,0.1403854125495262,0.1434548311530564,0.10315135974087321,0.08453433333654671,0.27898740034511676,0.18995112452160837,-0.24449114553710005,-0.3213654285521483,-0.1891143609073294,-0.1570512758717091,-0.2951712569770468,-0.46110109608321365,-0.10291228442250779,-0.31675358853980895,-0.1373584105347382,-0.0645484079319021,-0.2026799571978059,-0.2915774150945215,-0.2067056770747978,-0.20482392295605062,0.003753868103689279,-0.15875950758196525,-0.12153702293387832,-0.20688305553681086,0.3164952329538334,0.29820982715240085,0.30354274917335855,0.11094444390888146,0.08909218859957777,0.039183287864035556,0.09915648829205749,0.11803187028235952,-5.7840802830343285e-06,-0.14967464548407933,-0.3207253236674925,-0.3458398002564276,0.027541862281048463,0.17799350254981539,0.2669295209817512,0.3594632373497344,,0.29021622820124743,0.4135829485313256,-0.2479384573857885,-0.3583257015607377,-0.01613951201642679,0.08655876143560873,0.4352501132715722,0.0028399834189698553,-0.0531923303095447,-0.2397289194374018,-0.26142693260582456,-0.22218773196571967,0.06501884646158888,-0.07414998120173907,0.006881127510049839,0.17650506589031456,-0.041354245996934436,-0.19270820278985473,0.08295720744603935,0.17647036140861636,0.2791532106465638,-0.07233763604638832,-0.03552389307163584,0.0272449461598527,-0.2133612254538093,-0.279195627235306,-0.22612861866522707,-0.20688305553681086
#54,0.34322539596849605,0.12831596502559456,0.2220373458783608,0.3230620921018384,0.5341887345396354,0.6036015539895694,0.1707171295537582,0.1456797740352636,0.10316678395496129,0.24656184627842634,0.28833061802897825,0.43127837814388864,1.0,-0.1818341318577502,0.1787030163978676,-0.0002564275592145219,0.14159235730191935,0.061390300097365354,0.2092815208275091,-0.028043149238911436,0.2974386164479963,0.11397915803071347,0.39720628922329443,0.30884482276614,0.07166282668003432,-0.10099196976854038,0.3349811535384111,0.1835192272468742,-0.11962442038695498,-0.15173763411836155,-0.1275331861606239,-0.13651007875989318,-0.11530178438876731,0.059003402967233186,-0.11783521155273635,-0.21650390907425796,0.11655114572990273,0.12088149383513443,-0.2829861278474545,-0.13822216652367134,0.03448661467421168,,0.4296318432899849,0.1633212188985183,-0.031860642225714095,0.2018894662257912,0.30567129071751514,0.3131134740150193,-0.024329769697203397,0.13202163246025855,-0.15402041780339912,0.1665217433217973,-0.03479124290245149,-0.1346591730693222,0.053647344625143395,-0.26106446357475444,-0.058895433468616545,-0.015638225058563812,-0.4387128493343488,-0.3939517800507071,-0.41566136137969595,-0.26318914906538904,-0.14510136600696016,-0.1441951934292848,0.18411691554278772,-0.0028708318471460386,0.052826005224952524,0.30068541351353956,0.0986860497623707,-0.15184945967050023,-0.14071317709889813,-0.11221308551762699,-0.08784668331196437,-0.3221366392565529,-0.14947798675445614,-0.31335254933338474,-0.5676824154319262,-0.477500891712377,-0.047315704741981816,0.13729285762486385,0.26472000231363213,0.38719597428012303,,0.14685201430595857,-0.10644828550220277,-0.6071684034974405,-0.5312966943981182,0.05136456094010585,0.1964292944386068,0.5928161722884714,0.06534275495743881,-0.2258471267581194,-0.3216816249409542,-0.5148814745548668,-0.39625770005687677,-0.0982464596608601,0.02998660021401097,-0.05918078142924624,0.23389085440505913,-0.1736978589262819,-0.18908736853267524,0.04337481804247443,0.11444188445335621,0.03794163862994419,0.009904273471315781,-0.1283236771326386,-0.13526071741875778,-0.2984681827383764,-0.40958036497546585,-0.34846962875844717,-0.4253554799340615
#58,-0.1729266482218773,-0.0031253313795995487,-0.02367809665198153,0.021522562733170738,0.12687765706188,-0.15285203358622618,0.18710535702235548,-0.26378298130778055,0.3860044537418179,0.1153827615127298,0.024846480869154464,0.024194807823932594,-0.1818341318577502,1.0,0.10020919090356974,-0.04675272092776648,0.06831577222291846,-0.147765898990678,0.2695053647344625,0.07608186401627255,0.023697376919591645,-0.34957631611926776,-0.0688479076089576,-0.16835336874475818,-0.21230466678877502,-0.3108306903299818,-0.08267185948540966,-0.13104219486566474,0.12982753800622754,-0.14458851088853114,-0.002678029171044894,-0.14833273885841536,-0.23204380476801018,-0.20391775037837526,0.029566290380110476,0.02541332073689183,-0.1564805799504497,-0.16306286331254277,0.06403169675995103,-0.015757762717746523,-0.03748276826082346,,-0.24423664600464653,0.10278889070980306,0.0381807139483096,0.006379840552186864,-0.037135723443841404,0.11457684632662701,0.2366132281916073,0.04967946555098185,0.027364483819035407,-0.006395264766274956,-0.11986349570532039,-0.14466177590544957,-0.06452912766429197,-0.09923360936249795,-0.37467922454763675,-0.24122506820394668,-0.014508401376611108,0.01769350158580201,0.021576547482479058,0.08506646872258587,0.24106697000954375,0.43581695313930957,-0.057191057811882426,-0.05532472790722335,0.3113396893948888,0.18218117667473224,0.21294862772695286,0.37588231324650784,0.3553334040276479,0.2962432398561692,0.15789575159303212,0.49658450059286824,0.1330242063759845,0.2617701213692846,0.05179643893457241,0.07108056259820886,0.2602431241745635,-0.13074527874446898,0.03400075193043679,0.11151128377661881,,-0.06329519053724465,0.28550027474381345,0.07979909961150261,0.008593215273828001,-0.23421861895443108,-0.04682984199820694,-0.13350621306623736,0.4422372822534777,-0.03895963675975823,0.07827595847030357,-0.037879941773591816,-0.07494818428079782,0.03608302083232915,-0.20588819372812894,0.021942872567071232,-0.07723868007287941,0.23764665053550943,0.047628045077265674,-0.003094482951423366,-0.07172837958990871,-0.09945340441325326,-0.21164913769003113,-0.20593446637039323,-0.137655326655934,-0.026091986156767857,-0.06750600098329365,0.10954855253390917,0.027248802213374723
#101,-0.07723482401935738,-0.11623880539461888,-0.27634985973605314,-0.26945137998515417,0.015672929540262018,-0.19968380361119412,0.29006584211388853,-0.25003229444824693,0.15776850182680535,-0.06783762158618761,-0.15562068001503862,0.022960870696885273,0.1787030163978676,0.10020919090356974,1.0,0.3786740959964524,-0.1411296308792766,-0.3769311598044981,0.3098898132706082,0.2779115614124724,0.5477042021343256,-0.053003383686965576,-0.12866686589609863,-0.21718257449413397,0.19585088641030338,-0.09006777014064955,-0.1447697454040662,-0.46118207320717614,0.2940375772415721,-0.02184647122902066,-0.16385335428455747,-0.11739176539770373,-0.2646158888685375,-0.06525406572643229,0.06836204486518273,-0.13725815314316564,0.3438269403179316,0.28560053213538605,-0.47909729787049443,-0.4996809115710526,0.2079049097201469,,0.16209884993203705,-0.10798299480396788,-0.27648867766284596,-0.19433160132262636,-0.15344972188213973,-0.11948174640664012,-0.34595548186208824,0.1297889774710073,-0.5031475036873512,-0.032782239017477566,-0.26057860083097956,-0.026161395120164268,0.31135896966249893,0.046405676110784416,-0.03416270617836176,0.16634050880626222,-0.20163111063981567,-0.17860275900629502,-0.09972718421331687,-0.1323995257054168,0.14851782942747246,0.1574214570098233,-0.3607087426373478,-0.2368638716705388,0.262510483645513,0.20488176375888098,0.46755612967907995,0.1256784244165309,0.11338532578832194,0.0351305756123895,0.10016291826130547,-0.31703893650043863,0.08584924758755652,0.03872827354843685,-0.17263744420772562,-0.2162224171671503,0.5954729931651451,-0.05460364589860507,0.17559889331263917,-0.12028380553922088,,-0.12560515939961248,-0.2725477909633386,-0.07952146375791697,-0.17628912689308127,-0.14157307703430924,0.07904331312118612,-0.10040970568671494,-0.05986715895616631,-0.15574792978126537,-0.25415827171681143,-0.031421052124203486,-0.06068078624931314,-0.33050813145286456,-0.2635554741499812,-0.39026924893717524,-0.28098098001600263,-0.44424628613845163,-0.4180636827239162,-0.42037345878360793,-0.1924305669362691,-0.3596830324004897,-0.1640615811747467,-0.24398600252571506,-0.3338474738029364,-0.15357697164836648,-0.09614491049135762,-0.02273336353908592,-0.09271302285675725
#102,-0.29625480801673526,0.015638225058563812,-0.26565702331948365,-0.19854626782219736,-0.1697569722267745,-0.14513992654218041,-0.061579246719944476,-0.3308551762698466,-0.1818688363394484,-0.21334580123972122,-0.22595509625673604,-0.18890613401714015,-0.0002564275592145219,-0.04675272092776648,0.3786740959964524,1.0,-0.0699738752373883,-0.3768656068946237,0.19726220199936376,0.2543857788746108,0.042634455766246034,0.38747746618723067,0.2836763614278966,0.35424214088091543,-0.018618954431087503,-0.0481717486238709,-0.013528963782017294,-0.4063644163380988,-0.06683119161693964,-0.17249477022741075,-0.19189843155022993,-0.10227989164489604,-0.22002062988634283,-0.06618723067876182,-0.32183201102831305,-0.1700616004550143,-0.0337655326655934,0.15328776763421476,0.08522071086346679,-0.029936471518224674,0.21179952377739003,,0.29700673845352976,-0.14909238140225387,0.23758495367915708,0.29501701483616594,-0.2029151764626493,-0.45348924643074046,-0.1633867718083927,0.18866320264525271,-0.2423587479394214,0.17733411739754948,0.1420203792428639,0.028143406630484032,0.1784485168654141,-0.20889205942178476,0.18656550952927226,0.16685336392469127,-0.07829909479143571,-0.09885957217086173,-0.12183393905507409,-0.20083290756075695,-0.012206337423963445,0.2874591499330011,-0.2877136494654546,-0.27293725236906285,0.04450078567090511,0.18292153895096064,0.019675513096121776,0.1048518793440853,-0.1716078779173455,-0.09868990581589272,0.1055768174062256,-0.2668562559648328,-0.06511910385316148,-0.0775394522475972,-0.20588433767460693,-0.17707576181157395,-0.10799070691101192,-0.10924006825214734,0.0006188965902846731,-0.03208814938351345,,-0.20830593928643729,-0.30479211051449395,0.050439108094820356,-0.1779780783357273,0.08551377093114053,-0.20391389432485324,-0.15850500804951173,-0.12738280007326502,0.15901786316794078,-0.0014556602045636394,-0.022945446482797182,0.07560756943306374,0.034374789122073014,-0.18077371713919388,-0.18184184396479422,-0.347266540059576,-0.46855484754128385,-0.34545033885070325,-0.1456951982493517,-0.2624256504680285,-0.33899916130835894,-0.04720387918984315,-0.16258856872933397,-0.15924922637926214,-0.09480300386569365,0.12011028313072986,0.04134653388989039,-0.05628874128772907
#201,0.36705195068107543,0.20522880857586304,0.7148139936182314,0.6183432466042629,0.11060511119894344,0.19904755478006034,0.013679349869376188,0.37614066883248337,0.3514542141844929,0.536479230331717,0.4659597235209625,0.15070421177445942,0.14159235730191935,0.06831577222291846,-0.1411296308792766,-0.0699738752373883,1.0,0.5681644221221791,-0.04582341202895896,-0.4146086587681837,-0.11471180819989782,-0.07852274589571304,0.10934032564371994,-0.0017988489680236762,0.3231006526370586,-0.11289175093750302,0.22165945263320255,0.16308599963367493,0.18550123875719396,0.1942891847338841,0.4289069052278446,0.1571708135308918,0.34954932374461356,0.19880076735465088,-0.17724542816654296,-0.14114119903984268,-0.09596367597582255,-0.0771345666277848,-0.0822592617585532,0.0481717486238709,0.019559831490461088,,-0.32937830777091187,-0.1935835269393539,-0.11382877194335457,-0.18228914617334888,0.32571891297851213,0.09663462928865453,-0.01862666653813155,-0.4008579719086501,0.3868180810349648,-0.130583324496544,0.12731724716339063,0.21470313207947325,-0.3221404953100749,-0.08330039620949939,-0.38154685587035947,-0.362424686454648,-0.22846538709957295,-0.24368137429747525,-0.30045405030221817,-0.13186353426585562,-0.1434856795812326,-0.17728013264824116,0.27392440207070073,0.06634532887316476,0.0026394686358246653,0.3170196562328285,0.012491685384593137,-0.13688797200505143,0.38897747100729757,0.3618539905333886,-0.08404075848572778,0.09010633067586978,-0.21187278879430846,-0.17926600021208294,-0.19064521415557248,-0.10315907184791726,0.052216748768472904,0.1337645686522129,-0.15630320148843665,0.23620063046475084,,-0.04726557604619552,0.16780580914463092,-0.21867101115363483,-0.1924652714179673,-0.16212969836021324,0.12070411537312138,-0.08179267928238844,0.20064781699169984,-0.0482218773196572,-0.08087108249062497,-0.2055912776069332,-0.3824183239663366,0.6149075029161405,0.2969681779183095,0.6187866927592955,0.3442973788476184,0.44917046648607484,0.46806127269046494,0.6056568305168075,0.28541929761985096,0.457954556409243,0.5957313487511207,0.4713234939700963,0.5385962037153076,-0.24297957255646707,-0.09916034434557952,-0.414998120173908,-0.28251954537128976
