,#10,#11,#12,#13,#17,#18,#26,#49,#50,#51,#52,#53,#54,#58,#101,#102,#201,#202,#301,#302,#401,#402,#501,#502,#601,#602,#701,#702,#801,#802,#901,#902,#1001,#1002,#1101,#1102,#1201,#1202,#1301,#1302,#1401,#1402,#1501,#1502,#1601,#1602,#1701,#1702,#1801,#1802,#1901,#1902,#2001,#2002,#2101,#2102,#2201,#2202,#2301,#2302,#2401,#2402,#2501,#2502,#2601,#2602,#2701,#2702,#2801,#2802,#2901,#2902,#3001,#3002,#3101,#3102,#3201,#3202,#3301,#3302,#3401,#3402,#3455,#3501,#3502,#3601,#3602,#3701,#3702,#3801,#3802,#3901,#3902,#4001,#4002,#4101,#4102,#4201,#4202,#4301,#4302,#4401,#4402,#4501,#4502,#4601,#4602,#4701,#4702,#4801,#4802
#10,1.0,0.24294101202124685,0.4742039659510474,0.42405213384361773,-0.09669247009148486,-0.011681914144968332,0.42791204341916267,0.891995796901661,0.6049473166687553,0.5617865095967532,0.8001985867563842,-0.09119373776908024,0.11259869086982928,0.12394705638514263,0.21069669247009148,0.37883990629789943,0.4118477244464153,0.06561653475750244,0.12713601264785554,0.05377845044489218,0.3059489265711008,0.4567167632286736,0.4785998669661535,0.37873964890632683,0.44494423182593773,0.17205132407237814,0.4037962846924315,0.10438915292144255,-0.22309776059691708,-0.3718874417976922,-0.2585734529995276,-0.2982445316340991,-0.1075819652376775,-0.42442231498173194,-0.34541949042252706,-0.11993676072223883,-0.2551608456325374,-0.08701763180472945,-0.24919553083396798,-0.361749877088294,-0.28406967888714296,-0.2234525175209432,-0.3915108981712666,-0.07130806975600822,-0.5771875873637126,0.45655095292722664,-0.28199512209229466,-0.4836821455081797,-0.3311559484445644,-0.33176906095456604,-0.3265055478970048,0.33523950912438666,0.03985809723038956,0.38175893881407075,0.37689645532279986,-0.039584317430325935,-0.2122005533436804,-0.08054717399477505,-0.6908524770323812,-0.5596078393568102,-0.09154463863958431,-0.1932441942294159,0.04150463208429333,-0.0014093875622993646,0.4123721477254104,0.3011095794009621,0.11003827133120608,0.3321855147349445,0.323497826149827,0.04379512787637493,0.3502087088968795,0.12550490200803988,0.38861500197622745,0.18106677720686762,0.3004887547839164,0.25224181311636606,-0.6609410698620497,-0.6617816895298507,0.16000501286957863,0.1352337250441036,-0.33832435194200494,0.03137477948193921,,-0.016629230813723694,-0.4198336112905247,-0.5170408645271997,-0.7391842518774161,-0.011893997088679591,-0.08940838498838363,-0.3785044296414834,-0.49622974366884215,-0.6161298718826217,-0.5015819459574099,-0.6235450628054717,-0.7334155958084698,0.46543530024196733,0.3428976314191241,0.0025045067625538643,0.013941561508873743,-0.09715519651412761,0.12045732794771191,0.03393134296704038,-0.24087416733344258,-0.18403593841882526,0.08964360425322704,-0.03314856410206974,0.005920970183066141,-0.3273461675648058,-0.13443552196504488,-0.3668321556303201,-0.5413378577694659
#11,0.24294101202124685,1.0,0.3074065148024255,0.14500882072243163,0.05913065273345994,-0.0028746879006680613,0.4377681162214532,0.2260823460229628,0.4850009158127115,0.44023984652906983,0.28219949292896185,-0.22223786066150597,-0.07491347979909961,0.15045742434904996,0.03800333548629655,0.1685615956349474,0.18835086230996886,0.20108740709321046,0.13441624169743477,0.16418497488745143,0.02995575178583479,0.1887750281973914,0.10291999652955183,-0.05085170582167681,0.27682415431926194,0.12801519285087676,0.041080466196870814,-0.06651499522813377,0.006684468780426672,0.041774555830834934,0.06326048605554645,-0.12884038830458966,0.009152343034521318,-0.11972467777852756,-0.01549940713177099,-0.15728263908303047,0.15906413581020504,0.05748026182603415,-0.1132619320756172,-0.22843453867139676,-0.2117416829745597,-0.12078123644356184,0.02217037972487058,0.04902393645223796,0.0275148699063943,0.17805905545968978,-0.1937300569731908,-0.1817724350013978,-0.09821561123268391,0.10933646959019791,-0.24301427703816528,-0.0014170996693434106,-0.15766053232818872,0.05457665352395091,0.08231710256138355,-0.029145980546209982,-0.13837640866455225,-0.04616274473889698,-0.0826101626290573,-0.10787116925182921,-0.26942824366402207,-0.21988566801307202,0.04024755863611387,-0.052286157731869315,0.22117358988942767,0.11257169849517511,0.1273095350563466,0.05818206356704231,0.0731088467507929,0.035431347787107284,0.3373680506685433,0.3460287468790067,0.07028235951915013,0.08976314191240975,0.02310354467720012,0.29520981751226705,-0.07153172086028554,-0.135129611599009,0.16174409300801096,0.06540830786731319,-0.14885330608388844,0.05240183933753,,-0.19895886554905381,0.05021931304406505,-0.12385451110061407,-0.1041115170678569,-0.155855899279882,0.012483973277549092,-0.13820674230958327,0.08121812730760702,-0.05271417967281386,0.08092892329345532,-0.002411961478025315,-0.010833582370123298,0.2042609391418353,-0.03894421254567013,-0.08738781294284365,-0.13797537909826188,-0.20531364175334754,-0.2689925096160335,-0.10560766583440179,-0.12827740449037434,-0.055517530583324495,0.01563436900504179,-0.14132243355537774,-0.2243316977239644,-0.31447080485477136,-0.06497642987284663,-0.09174129736920748,-0.07279650641550904
#12,0.4742039659510474,0.3074065148024255,1.0,0.6128483703353803,-0.011261604311067838,0.18807708250990524,0.307333249785507,0.42891076128136657,0.19329046687168017,0.7073872345348153,0.43043390242256563,0.06755998573260197,0.32595798829687755,-0.07763585358564777,0.06914096767663135,-0.003730731782557142,0.7572228702534392,0.5129920083290757,-0.23538700317160402,-0.21661959067991865,0.15003711451514948,0.12023753289695661,0.37810725612871504,0.024337481804247444,0.34285135877685985,-0.10164749886728427,0.44713832627996875,0.35497479105009977,0.06651499522813377,-0.15106668080552957,0.1811438982773081,-0.5247375473571573,0.16080707200215938,-0.30186150983775656,-0.4058284248985376,-0.3918425187741606,-0.18622232076581222,-0.24642688440515553,-0.09541226032217327,-0.38098772810966614,-0.13409233320158484,-0.31676515670037503,-0.15777235788032737,-0.16175951722209905,-0.23107593533398244,0.1976246710304339,-0.031968611724330735,-0.05222060482199493,-0.08970144505605737,0.03723212478189197,0.08374769841805405,0.558219660088882,0.3319155909884029,0.45557537138615484,0.18434056664706505,-0.22356434307308184,-0.059817030260380016,-0.3564516595490345,-0.2668215514831346,-0.2576094396190219,-0.3690262500843512,-0.3197497421264207,-0.32650940395052686,-0.1751670153181726,0.4631486605034078,0.29163525589735184,-0.2123509394310393,0.001301418063682724,-0.25498346717052434,-0.3097548513973374,0.17247548995980064,0.01810224325913644,-0.004205026365765957,0.08109087754138028,-0.2143907917441894,0.10894315213095158,-0.43229637627370265,-0.3289232934553132,-0.12214627939035794,-0.1522157847550924,-0.0810947335949023,0.12440207070074133,,-0.18667347902788892,-0.3539837852949399,-0.21371983843135742,-0.22002448593986484,0.047832415913932884,-0.08528240771981915,-0.14662836320168124,-0.36184242237282255,-0.1131076899347363,-0.14463863958431744,-0.08166542951616168,-0.22521087792698563,0.5009842576614963,-0.10558838556679166,0.4140880915427106,0.4031831721824299,0.03417427433892782,0.24700143637993696,0.4669738655972545,-0.13635583661901227,0.18453336932316622,0.07279650641550904,0.03077323513250364,0.21616072031079792,-0.499750320534449,0.048499513173242845,-0.18843183943393135,-0.12499204688961082
#13,0.42405213384361773,0.14500882072243163,0.6128483703353803,1.0,-0.15517337780648396,0.06962683042040624,0.06993145864864604,0.3490017641444863,0.1013814311742647,0.68524577521136,0.30358516576210076,0.034247539355846256,0.3369593089952089,-0.11062053541303153,0.29696046581126545,-0.12961545506251626,0.6741904697637203,0.1253236674925048,-0.16540348780041067,-0.3438076600503215,0.3044951943932982,0.055205190248040645,0.33128319821079116,-0.10544185553295479,0.44554577617537333,-0.13706149441354246,0.5381489015067529,0.3800198586756384,0.023909459863302902,-0.20294216883730345,0.014331022914598054,-0.36073573501200196,-0.05899954691371116,-0.3410158773003769,-0.293008010951192,-0.3144630927477273,-0.026477591508970146,-0.37288230360637403,0.1290987438905652,-0.2757174669584414,0.08043149238911436,-0.5324920709899453,-0.037945494683466204,-0.2999450512373112,-0.2568497970751834,0.0251896696326145,0.11246758505008049,-0.013598372745413706,-0.053805442819546336,-0.07071038146009466,0.24311453442973788,0.3784697251597852,0.34120096786943405,0.28444371607877916,0.19810282166716475,-0.20292288856969334,0.06641088178303915,-0.4752720927766477,-0.3104489410313015,-0.2607097066507283,-0.33159939459959703,-0.22113888540772947,-0.3477138422681307,0.007208892059421785,0.4983120125707345,0.22575458147359084,-0.30724841660802255,0.035481476482893584,-0.19406553362960677,-0.26050919186758315,-0.022235932634744972,-0.11837891509934158,-0.16558857836946778,-0.04044807341925906,-0.11433005890121754,0.0048142828222455724,-0.4255058660214204,-0.25337163679831876,-0.06317565287806194,-0.2121851291295923,-0.06845073409618925,-0.16203329702216268,,-0.13404606055932056,-0.3637588809732679,-0.16312070411537313,-0.14632759102696347,0.20059768829591354,-0.23532145026172963,-0.1546566666345329,-0.403210164557084,0.002489082548465773,-0.07571553893168037,-0.05543655345936201,-0.20951288403883045,0.343888637174284,-0.2255772030115778,0.36073187895847997,0.35397992924141786,-0.06032217327176501,0.2603009649773939,0.28260052249525225,-0.1798983929896947,0.03095061359451669,0.057368436273895485,-0.06026818852245669,0.16110398812335516,-0.3944723472761802,0.020080398715934176,-0.21051160190103438,-0.15067336334628326
#17,-0.09669247009148486,0.05913065273345994,-0.011261604311067838,-0.15517337780648396,1.0,0.3139116770940781,0.062273336353908595,-0.1047516219525127,-0.05048152468356261,0.0062063181436958345,-0.09689684092815208,0.5589638784186325,0.1729227921683553,-0.05613835520037018,-0.12996249987949832,-0.21373911869896753,0.02580278214261614,0.10398812335515217,-0.19741258808672266,-0.31902866011780245,-0.3392343805732024,-0.2769012753897024,-0.18977760211311734,-0.29913527999768635,-0.18356164383561643,-0.35086038194210134,-0.26258760471595344,-0.28727020331042197,0.03465628102918068,0.06470265007278302,0.02031176192725555,0.0011895925115440603,-0.09840841390878505,-0.16135077554876462,0.06510753569259542,0.06643016205064926,-0.16399988431839435,-0.04328227275794588,0.09021815622800844,-0.15692017005196032,0.12437893437960919,0.1641464143522312,0.14370161857846586,-0.0830497527305679,0.3197188936982445,-0.1598623388892638,-0.12192648433960264,0.05094039505268333,0.30911089045915957,0.08134152102031177,0.19473263088891674,-0.2085064540695825,-0.013073949466418594,-0.3448680747688778,-0.206235238545111,-0.3256225116404616,0.2865876818370239,-0.008080360155398958,0.2941725391148429,0.2684410939623842,0.2559898971397723,0.05828232095861491,-0.05387870783646477,0.10789430557296135,-0.2983833495608919,-0.41229502665497,0.13564246671743804,0.1294535008145913,-0.18387398417090028,-0.07763585358564777,-0.10634417205710815,-0.03196089961728669,-0.08795079675705898,-0.10547270396113098,-0.027106128233059874,0.0134287063904447,0.22387282735484368,0.18298709186083503,0.031089431521309517,0.038242410804661967,0.2920594217847744,0.37745943913701524,,0.2749925288963011,0.4906191857942988,0.3476791377864325,0.23333172664436583,0.30666229647267507,-0.16657572807110563,0.41635545101366006,0.4285945648925607,0.08293407112490721,0.3106610239750128,0.20561826998158733,0.22144351363596926,0.08152661158936886,-0.1478353079540744,-0.008570078952695863,-0.046617759054495674,0.17764645773283333,0.031810513529927795,0.1485409657486046,0.2287430229531586,0.251389625287999,0.14748440708357033,0.05665892242584327,-0.06726692566492823,0.05834016176144525,-0.09742897631419124,0.400834835587518,0.3660185283371733
#18,-0.011681914144968332,-0.0028746879006680613,0.18807708250990524,0.06962683042040624,0.3139116770940781,1.0,0.1595962711962442,-0.004424821416521262,-0.10623620255849152,0.06868980941455467,0.11245216083599241,0.5108133380891327,0.493688604397829,-0.028020012917779297,0.13711162310932876,0.04374499918058863,0.08592251260447495,0.19723135357118757,0.17468115257439773,-0.17411045665313835,-0.19458610085507988,-0.20955915668109473,-0.09082741268448806,-0.15019906876307443,0.18403979447234728,-0.2809732679089586,-0.0007422903029894055,-0.13875044585618848,0.14596897804941533,0.28041414014826527,-0.028066285560043574,-0.1530564044228934,-0.18676216825889544,-0.23131115459882584,0.03296347353301264,0.07865385171546181,-0.006364416338098772,0.12278252822149172,0.1413301456624218,-0.11269894826140187,0.4149479914781217,0.08577212651711606,0.2571852737315994,0.16266954585329643,0.05835558597553334,0.015341308937368051,-0.13187124637289965,-0.03808816866378106,-0.14453838219274484,-0.23537929106456,-0.09799967223545063,-0.03903290177667666,-0.01818707643662094,-0.08558317989453694,0.04367944627071424,-0.06483375589253179,-0.00788370142577579,-0.12744835298313942,0.08961661187857288,0.02683234843299625,0.036792534680381364,-0.10318992027609343,-0.011920989463333751,0.364113637897294,0.0648029074643556,-0.1269277857576663,0.09887885243847185,0.2966134209942834,-0.07582736448381903,0.031035446772001197,-0.16150116163612352,-0.11378635535461232,-0.2105810108644308,-0.26176240926224054,-0.27444496929617385,-0.4205007085498347,-0.10024775143878997,-0.11397915803071347,0.3578938235662711,0.31422787348288395,0.4837245620969219,0.5963945899569086,,0.23321218898518312,-0.026261652511736865,0.01969864941725391,-0.03531181012792457,0.48591094444390887,0.20653215466630676,0.42340431685191793,0.33825494297860853,-0.019394021189014104,-0.019378596974926013,0.048742444545130284,-0.014404287931516489,0.2547058313169387,9.061725776753781e-05,0.05201623398532772,0.031077863360743446,0.07287748353947153,0.13365274310007422,0.12835066950729276,0.12371183712029923,-0.04147378365611715,0.11458841448719308,-0.030522591653572153,0.07573481919929048,-0.17148448420464077,0.00016388227468597263,0.07424638253978966,0.10430817579748007
#26,0.42791204341916267,0.4377681162214532,0.307333249785507,0.06993145864864604,0.062273336353908595,0.1595962711962442,1.0,0.4924199627890835,0.48731840397944726,0.2234872220026414,0.5810012242969932,0.03230794443426875,0.20515168750542256,0.38246459660860094,0.2624295065215505,0.4265585686329326,0.06981963309650738,0.054873569645146676,0.43182208169049385,0.30248619050832426,0.15810783453674337,0.25267754716435464,0.21715172606595778,0.13367202336768436,0.23032400489718796,0.1084765696547868,-0.13268487366604648,-0.4324120578793634,0.017404297571650296,0.032223111256784245,-0.17382125263898662,-0.055205190248040645,-0.2127558250508517,-0.20960542932335902,0.004918396267340191,-0.028883768906712425,-0.04952522341010093,0.1907493276006671,-0.2930195791117581,-0.31544638639584316,-0.11224778999932519,0.07343275524664282,-0.12076966828299576,0.21090877541380273,-0.23697184116915543,0.19339072426325277,-0.5497016378587335,-0.5393905507408443,-0.28439358738299286,-0.23473918617990416,-0.454260457135145,0.06096227815642081,-0.19850385123345513,0.10353310903955347,0.28920979823199944,0.13463603674819005,-0.14224788640066324,0.15956927882159005,-0.2903781824491724,-0.3121687409021237,0.012888858897361495,-0.18256678202693452,0.22547308956648318,-0.05149952281337665,-0.02526679070305496,0.17534053772666364,0.29225608051439755,0.30557874543298663,0.33839376090540135,0.25539606489738076,0.4465483500910993,0.32711866040700643,0.4027127336527431,0.10581974877811304,0.1945552524269037,0.24938833351006912,-0.3319965681123654,-0.41001224296993244,0.34083849883836387,0.31453250171112374,-0.19489072908331967,0.03306758697810726,,-0.04131182940819218,-0.19847685885880095,-0.2876905131443224,-0.37050311858328594,-0.002670317064000848,0.08724899501605082,-0.3936780002506435,-0.13875815796323254,-0.34784494808787947,-0.1878495753521059,-0.28733575622029633,-0.3327523546026819,0.3072754089826767,0.21179566772386801,-0.2603356694590921,-0.3078808093856343,-0.11057426277076726,-0.25622126035109366,-0.16853074720677122,-0.16209499387851503,-0.09252407623417813,-0.07482093451457106,-0.13758206163901554,-0.23563379059701348,-0.280711056269461,-0.02877194335457376,-0.20254885137805712,-0.18967348866802272
#49,0.891995796901661,0.2260823460229628,0.42891076128136657,0.3490017641444863,-0.1047516219525127,-0.004424821416521262,0.4924199627890835,1.0,0.5816490412886931,0.472958460663434,0.7741278088939875,-0.09826188387494818,0.18376215861876163,0.15361938823710874,0.18794597669015645,0.4113464374885523,0.31948367443340114,0.006750021690301061,0.102276035591374,0.0633376071259869,0.28383060356877754,0.48605361842422373,0.547094945677846,0.4121446405676111,0.4641280980980016,0.1406244878678916,0.4373863669227729,0.09693154540985029,-0.23081372369448488,-0.4676640991776966,-0.18428272584423472,-0.34622926166215184,-0.09650352346890576,-0.49147908572970994,-0.3455968688845401,-0.06942631563726105,-0.3910520278021459,-0.154340470245727,-0.23789343796091889,-0.4321305659722557,-0.28723164277520175,-0.18906037615802107,-0.4660599809125351,-0.09183384265373604,-0.6233291238082385,0.4436177494143619,-0.2953023627967956,-0.4621229502665497,-0.27000279563880347,-0.2276864642881243,-0.23300396209499388,0.39541322433555376,0.1574908659732197,0.45901882718132125,0.39820115103197634,-0.05283371733199657,-0.22081883296540156,-0.05279901285029836,-0.6802753222214725,-0.49537755584047505,-0.07636335592338021,-0.2159563494741307,0.07318211176771133,-0.09963463892878834,0.4163824433883142,0.21963888058766257,0.08190064878100509,0.32805953746638006,0.3217664581184387,0.055382568710053696,0.3387677980970376,0.07240318895626272,0.41527575602749367,0.2586814224981443,0.2582418323966337,0.28923679060665364,-0.6528202211446695,-0.6128753627100344,0.14793942139916902,0.054194904225270644,-0.43897891702736835,0.08019627312427097,,-0.05735301205980739,-0.4037345878360792,-0.4735098763170833,-0.752985067432736,-0.005947962557720302,-0.10413850944251106,-0.45886458504044036,-0.5181321276739321,-0.6180077699478469,-0.4877155774922156,-0.6712058843376746,-0.7397240993704992,0.4600676737393115,0.3278667347902789,-0.04054061870378761,-0.004104768974193362,-0.030430046369043603,0.19779433738540292,0.07164354641242421,-0.313398821975649,-0.24152584037866445,0.05109849324708627,-0.024090694378837978,0.02119094213027677,-0.3110697656483472,-0.08252147339805077,-0.42122179055845294,-0.5165742820510348
#50,0.6049473166687553,0.4850009158127115,0.19329046687168017,0.1013814311742647,-0.05048152468356261,-0.10623620255849152,0.48731840397944726,0.5816490412886931,1.0,0.36109820404307214,0.6088689231006527,-0.1872750233773245,-0.17220556621325905,0.34453645416598383,0.2698292732303124,0.5535885398089325,0.16044460297108923,0.15987390704982984,0.3972332815979486,0.3257728977278205,0.3263050331138596,0.5220113175170872,0.2807611849652473,0.31205691534998503,0.3585185042368388,0.3815005832280952,0.09489169309670019,-0.25122767104007404,0.16903589021815624,-0.03916786364994746,-0.14427231449972525,0.037274541370634226,0.019648520721467614,0.01937474092140399,0.026597129168152853,0.004879835732119962,0.13453192330309544,0.3270068348548678,-0.26993724272892905,-0.07080678279814524,-0.4098849932037057,0.05783501875006025,-0.16243432658845305,0.2951442646023927,-0.23738443889601188,0.35370614944135426,-0.48026182603414536,-0.5542903415499407,-0.3529387947904717,-0.17840995633019385,-0.4273066430162051,0.03546605226880549,-0.22085739350062178,0.1263339535152748,0.3075684690503504,0.28405039861953285,-0.31848881262471923,0.28657611367645786,-0.6447957737653398,-0.5420820760992162,-0.2638986629134412,-0.37302883364021094,0.3567447196167083,0.024649822139531298,0.09145980546209981,0.31269702023464085,0.4185958181099554,0.161076995748701,0.5131963791657428,0.3487973933078191,0.5477504747765899,0.4482912862830536,0.4783337992731339,0.19280074807438327,0.3271109482999624,0.31383455602363763,-0.41074103708559473,-0.5235575949794183,0.25230350997271844,0.35062516267725796,-0.2277520171979987,-0.0015096449538719598,,0.05515891760577637,-0.04027455101076803,-0.6056298381421534,-0.6352443291912891,-0.20541775519844216,0.0966963261450069,-0.31492196311684806,-0.1669613334233079,-0.4644520065938515,-0.3503590949842384,-0.501774748633511,-0.5691245794491627,0.21198461434644714,0.4173387446617759,-0.23573019193506406,-0.2777264708434153,-0.10508324255540667,-0.20247173030761667,-0.10730047333056983,-0.03514214377295557,-0.08748421428089422,0.08027725024823344,-0.08101375647093982,-0.2024948666287488,-0.4040584963319291,-0.22548465772704926,-0.5238043824048277,-0.6118303722055662
#51,0.5617865095967532,0.44023984652906983,0.7073872345348153,0.68524577521136,0.0062063181436958345,0.06868980941455467,0.2234872220026414,0.472958460663434,0.36109820404307214,1.0,0.4689288847329201,0.11289560699102504,0.2403034714121832,-0.049556071838277115,0.20759256938486306,0.00903280537533861,0.7686136523574947,0.19977249284220064,-0.16677238680072878,-0.2233522601293706,0.305482344094936,0.16515284432147917,0.3813694774083464,-0.0964611068801635,0.25670712309486854,-0.15975051333712512,0.45681316456672416,0.2513240723781246,0.02009582293002227,-0.17367472260514977,0.03320254885137806,-0.3666239287401309,-0.06807669690455304,-0.4110148168856584,-0.314069775288481,-0.20766197834825947,-0.16824539924614154,-0.3404374692720735,-0.2152159871979023,-0.4504930928441287,-0.25119682261189785,-0.3558346909855109,-0.09222330405946035,-0.09985443397954363,-0.2612418420367675,0.17042406948608446,-0.03056115218879238,-0.13899337722807592,-0.09252407623417813,-0.04595837390222976,0.047176886815188994,0.42769224836840736,0.18973132947085306,0.31510319763238315,0.1997146520393703,-0.28287044624179386,0.1424946738260727,-0.3469734799919023,-0.3452922406563003,-0.33657370364300654,-0.26359403468520143,-0.21176867534921384,-0.25757087908380166,-0.10909739427183249,0.4480483549111662,0.22097307510628247,-0.13048306710497143,0.10979148390579661,-0.08542508170013399,-0.2182468452662123,0.16346389287883314,0.05178487077400634,0.0410958904109589,0.1721824298921269,-0.030885060684642304,0.23319676477109502,-0.31662633877358215,-0.2149460634513607,0.02758042281626869,-0.18107448931391168,-0.13453192330309544,0.060715490731011346,,-0.13591239046397963,-0.18568247327272902,-0.21800005784080284,-0.21742936191954346,0.017496842856178845,-0.05791985192754476,-0.14368619436437777,-0.2823228866416666,-0.1006757733797345,-0.1048518793440853,-0.24102069736727946,-0.2532868036208343,0.46831962827644047,-0.14696769591161926,0.300750966423414,0.24474950112307559,-0.10979148390579661,0.058347873868489296,0.3278975832184551,-0.2332276131992712,-0.008238458349801895,-0.07744690696306865,-0.14991757685596677,-0.026280932779346976,-0.4230032872856275,-0.009838720561441392,-0.16064897380775645,-0.10588915774150945
#52,0.8001985867563842,0.28219949292896185,0.43043390242256563,0.30358516576210076,-0.09689684092815208,0.11245216083599241,0.5810012242969932,0.7741278088939875,0.6088689231006527,0.4689288847329201,1.0,-0.11262182719096141,0.20448459024611262,0.18656550952927226,0.21478410920343574,0.41221019347748544,0.24769552601390107,0.0762939469599838,0.27673160903473343,0.08895337067278494,0.1899279882004762,0.3242806050147976,0.3133602614404288,0.33099013814311745,0.4220894026009081,0.195789189553951,0.19133159168249256,-0.065038126729199,-0.1640962856564449,-0.26715702813955056,-0.23163891914819779,-0.16970684353098822,-0.23485872383908687,-0.40276286234852937,-0.24875594073245735,-0.019960861056751468,-0.2499243249496303,0.07806773158011433,-0.3643141526804392,-0.33902615368301314,-0.2510888531132812,-0.11053570223554703,-0.2803023145961266,-0.008076504101876934,-0.516261941715751,0.44426556640606174,-0.36568690773427937,-0.4977451727029971,-0.38511370537823064,-0.38290804276363355,-0.3812306594815536,0.24305283757338553,-0.13467845333693232,0.2558125186777592,0.26958248580490296,-0.09338397616958924,-0.18314519005523797,0.021946728620593253,-0.5458957130324968,-0.4490817772550683,0.04505220132455438,-0.18400508999064907,0.0670934032564372,-0.1241938438105521,0.28349512691236156,0.18671203956310914,0.18532771634870293,0.3535596194075174,0.36802367616862525,0.1380794925433565,0.3911869896754167,0.16562328285116598,0.43099688623678095,0.17278011818804045,0.17837525184849565,0.1812634359364908,-0.60943576296839,-0.6225810494249661,0.27756451659549036,0.2337636046388324,-0.15325306315251655,0.019340036439705784,,-0.16142404056568305,-0.3083705281829312,-0.47809858000829053,-0.6423356116182892,0.017724350013978193,-0.010548234409493604,-0.3171854665342755,-0.31993868874899983,-0.6228895337067278,-0.4274300367289098,-0.5226437102946989,-0.6289088332546056,0.43832338792862446,0.3097702756114255,-0.15868238651152478,-0.14555252426903686,-0.0819700577444015,0.007791156141247241,-0.0741692614693492,-0.19748585310364108,-0.13725815314316564,0.0366807091282427,-0.019197362459390938,-0.09561663115884049,-0.3048576634243683,-0.08766930484995132,-0.2235720551801259,-0.3881060029113204
#53,-0.09119373776908024,-0.22223786066150597,0.06755998573260197,0.034247539355846256,0.5589638784186325,0.5108133380891327,0.03230794443426875,-0.09826188387494818,-0.1872750233773245,0.11289560699102504,-0.11262182719096141,1.0,0.514912322983043,-0.1381141970250547,0.13687640384448535,-0.11933521637280325,0.07377208795658084,-0.07554201652318934,-0.11713726586525021,-0.2537803784716532,-0.06750214492977162,-0.08937753656020746,-0.16182507013197342,-0.26474313863476423,-0.19865038126729198,-0.3358217732062121,-0.04330540907907802,-0.18385470390329017,0.07577337973451072,0.08553690725227266,0.029446752720927765,-0.002589339940038368,-0.2218059826670394,-0.10110379532067905,0.13915147542247885,0.03166783954961295,-0.11977095042079185,-0.06483761194605381,-0.0017757126468915389,-0.08940452893486162,0.23424561132908525,0.11173879093441817,0.1877493179605333,-0.05665892242584327,0.19689202086124954,-0.20748845593976845,-0.14686358246652464,-0.04651364560940106,0.1417890160315425,-0.044682020186440186,0.08904205990379147,-0.05045067625538643,0.08547521039592029,-0.11611541168191415,0.10762823787994177,0.0006844495001590622,0.3353860391582235,0.0342706756769784,0.12637637010401703,0.0069736727945783885,0.2249525223410101,0.04456248252725748,-0.04152391235190345,-0.02234004607983959,-0.0575573828964746,-0.12091234226331062,-0.061517549863592105,0.01531431656271389,-0.15962326357089837,-0.13106147513327485,-0.2271080562598209,-0.09447138326279969,-0.06917567215832955,0.004918396267340191,0.025544426556640607,-0.051572787830295085,0.13919389201122112,0.14520933550557683,-0.05501624362546152,-0.09444824694166755,0.3630570792322597,0.3306045327909151,,0.33015723058236046,0.17205518012590015,0.29065581830275805,0.08838267475152554,0.27211205691535,-0.05633886998351537,0.31329085247703237,0.18990485187934408,0.11229406264158946,0.027838778402244222,0.014720484320322367,-0.024746223477581868,0.12099331938727309,-0.15771066102397502,-0.025640827894691177,-0.035080446916603204,0.06974251202606692,0.11318095495165473,0.3087985501238757,0.04594294968814167,-0.008250026510367964,-0.03476810658131935,-0.12920671338918185,0.01077188551377093,0.06734019068184667,0.09503436707701503,0.15839318249737305,0.20068637752692006
#54,0.11259869086982928,-0.07491347979909961,0.32595798829687755,0.3369593089952089,0.1729227921683553,0.493688604397829,0.20515168750542256,0.18376215861876163,-0.17220556621325905,0.2403034714121832,0.20448459024611262,0.514912322983043,1.0,0.11001127895655191,0.3090954662450715,-0.1258095302362797,0.30013014180636827,-0.08677084437931999,-0.02870253439117735,-0.35480512469513076,-0.02922695767017246,-0.17736496582572567,0.04352520412983332,-0.16454358786499956,0.06046484725207986,-0.38725381508295337,0.12172596955645744,-0.0008541158551280692,-0.0026317565287806194,-0.18146009466611396,0.0475817724350014,-0.2550451640268767,-0.2285116597418372,-0.36033084939218957,-0.1445499503533109,-0.22686898094145547,-0.16686107603173533,-0.2151504342880279,0.11687891027927468,-0.2519873135839125,0.34393490981654823,-0.15524278676988038,0.00980787213326521,-0.22669160247944242,-0.1254123567235113,0.11618867669883258,-0.06258182063567043,-0.03774112384679899,0.05983631052799013,-0.11997532125745905,0.1527710564622637,0.21345377073833785,0.24239730847464164,0.1651027156256929,0.04222185803938959,-0.25000144602007074,0.18382771152863603,-0.257786818081035,0.006657476405772512,-0.04177841188435696,-0.00839270049068281,-0.013397857962268516,-0.2782354699083223,-0.07109598681229695,0.18283284971995412,-0.2040951288403883,-0.2690117898836436,0.14147667569625866,-0.17852949398937656,-0.2562289724581377,-0.1502067808701185,-0.12574012127288325,-0.18280200129177793,-0.026782219737209952,-0.1894189891355692,-0.10175161231237889,-0.13739311501643642,-0.015962133554413734,-0.01746599442800266,-0.2624179383609844,0.24823537350698427,0.2913383397761561,,0.1308840966712618,-0.15004868267571553,0.1711374393876587,-0.023435165280094088,0.2569114939315358,-0.21623784138123836,0.08984411903637222,0.04344037095234882,0.15187645204515438,-0.01679504111517068,0.1111526707990707,-0.09468732226003297,0.1140871275293301,-0.20960928537688103,0.09565904774758274,0.15380833485968784,-0.04241851676901275,0.2997021198654237,0.2481389721689337,-0.13906278619147233,0.01800969797460789,-0.016910722720831366,-0.11885706573607242,0.1494162898981038,-0.1551502414853518,0.20657842730857104,0.08984797508989424,0.09395081603732659
#58,0.12394705638514263,0.15045742434904996,-0.07763585358564777,-0.11062053541303153,-0.05613835520037018,-0.028020012917779297,0.38246459660860094,0.15361938823710874,0.34453645416598383,-0.049556071838277115,0.18656550952927226,-0.1381141970250547,0.11001127895655191,1.0,0.332428446106832,0.3957718373131019,-0.1494355701657139,-0.14868749578244145,0.6278715548571814,0.45381315492659036,0.2825426816924219,0.253410197333539,0.06373863669227729,0.18531229213461484,-0.005485236135077555,0.24838190354082115,-0.1654960330849392,-0.36432186478748324,-0.005870841487279843,0.016895298506743272,-0.17694465599182516,0.13243808624063702,-0.10125418140803795,-0.1391399072619128,0.16870426961526225,0.14030829147908572,0.23498982965883566,0.31524201555917597,-0.27074315791503184,-0.286101819093249,-0.21798463362671475,0.13329027406900407,-0.0736486942438761,0.321149489554915,-0.13035967339226667,0.2187866927592955,-0.31460191067452015,-0.40420117031224395,-0.2012609295017015,-0.04323600011568161,-0.254759816066247,-0.1545409850288722,-0.39780783357273,-0.17205518012590015,0.11383648405039862,0.05117947037104875,-0.23618520625066275,0.37379618829109346,-0.4103130151446502,-0.43612158136754936,-0.18779559060279757,-0.19416193496765735,0.4540483741914338,0.0910356395746773,-0.12011028313072986,0.2532945157278783,0.47925539606489737,0.31254663414728195,0.5987352144447765,0.44628999450512374,0.4256562521087793,0.3497575506348028,0.3513462446858762,-0.13679157066700084,0.22202577771779472,0.11734934880896147,-0.15869009861856884,-0.1670114621190942,0.35101076802946024,0.36253651200678666,-0.08760375194007693,0.03985424117686753,,0.012873434683273404,0.0006420329114168105,-0.34186420907522197,-0.30560188175411873,-0.30140649552215787,0.024144679128146298,-0.17026597129168153,0.203200524423279,-0.1687428301504825,-0.22718132127673932,-0.244313767075087,-0.34352616814321385,-0.1706014479480975,0.2436543819228211,-0.4240444217365737,-0.44110360251800296,-0.2658228336209307,-0.351647016860594,-0.22446665959723522,-0.08978627823354188,0.09868219370884868,-0.034640856815092595,-0.16659115228519372,-0.28934476010527027,-0.2533137959954884,-0.15623764857856226,-0.3503976555194586,-0.3860969990263465
#101,0.21069669247009148,0.03800333548629655,0.06914096767663135,0.29696046581126545,-0.12996249987949832,0.13711162310932876,0.2624295065215505,0.18794597669015645,0.2698292732303124,0.20759256938486306,0.21478410920343574,0.13687640384448535,0.3090954662450715,0.332428446106832,1.0,0.5030511023493006,0.2135308918087783,-0.20734963801297562,0.3360068637752692,-0.20322366074441114,0.4223284779192735,0.27490769571881657,0.3531470216806609,0.08291864691081913,0.37269721303731695,0.05104065244425593,0.21924941918193824,-0.1346051883200139,0.2408934476010527,0.11663597890738724,-0.26925857730905306,-0.2971494124338446,-0.41817165222253283,-0.23069032998178016,-0.1556361042291267,-0.30187307799832264,0.17620043766207474,0.15476463613314953,0.04426942245958374,-0.0760047429458321,-0.06310624391466553,-0.22641396662585678,-0.058895433468616545,0.1588057802242295,-0.10798299480396788,0.12133265209721111,-0.24329962499879498,-0.3786933762640625,-0.3706149441354246,-0.2819835539317286,-0.228808575863033,0.07231835577877821,0.07056770747977982,0.28395399728148224,0.49158319917480453,0.21299490036921712,0.084245129322395,-0.06620651094637194,-0.389386212680632,-0.45747640577251214,-0.17133795417080389,-0.2921211186411267,0.03348789681200775,0.1900745182343131,0.21856689770854018,-0.09900224615117657,-0.0974058399930591,-0.11606142693260582,0.09169116867342118,0.04367173416367019,0.024981442742425263,-0.047323416849025864,0.06224634397925443,0.007837428783511515,-0.1369997975571901,-0.21572884231633135,-0.2684757984440824,-0.147094945677846,0.30875227748161144,0.16656030385701753,0.04257275890989367,0.019193506405868914,,-0.09734028708318472,-0.4025970520470824,-0.21653861355595616,-0.2755902171922146,-0.1434856795812326,0.0626280932779347,-0.2039447427530294,-0.1507851888984219,-0.1401193448565066,-0.31242709648809924,-0.22547308956648318,-0.2969758900253536,0.25309014489121107,0.045036777110466296,-0.24675079290100546,-0.2585503166783955,-0.5040035475692403,-0.1976709436726982,-0.05935044778421524,-0.23564921481110157,-0.2950825677460403,-0.3507832608716609,-0.45588385566791667,-0.2937946458696847,-0.33346958055777814,-0.16561942679764396,-0.25995777621393384,-0.2955452941686831
#102,0.37883990629789943,0.1685615956349474,-0.003730731782557142,-0.12961545506251626,-0.21373911869896753,0.04374499918058863,0.4265585686329326,0.4113464374885523,0.5535885398089325,0.00903280537533861,0.41221019347748544,-0.11933521637280325,-0.1258095302362797,0.3957718373131019,0.5030511023493006,1.0,-0.103116655259175,-0.14379801991651645,0.5670076060655722,0.38363298082577385,0.21423654960330848,0.6485592820028342,0.24606827142760743,0.3880558742155341,0.23623147889292703,0.3504940568575092,-0.04754706795330319,-0.31579728726634726,0.0570676640991777,0.07195588674770806,-0.3418217924864797,-0.1573057754041626,-0.23340113560776224,-0.15445229579786568,-0.030167834729546046,0.012237185852139627,0.02987863071539433,0.5038531614818814,-0.4230148554461936,-0.11128377661881947,-0.26338195174149015,0.24923023531566618,-0.29475480319666836,0.5360820568189486,-0.38280778537206095,0.16162841140235026,-0.4290264428870273,-0.5814099659703277,-0.6455477042021344,-0.31465203937030645,-0.641120954758852,-0.13899337722807592,-0.34526910433516816,0.09015645937165608,0.4672784938254943,0.436730837824029,-0.395112452160836,0.42772695285010554,-0.5297542729893091,-0.6347931709292125,0.041709002920960546,-0.1454599789845083,0.5128069177600185,0.1401347690705947,0.062173078962335995,0.21302960485091532,0.357026211523816,0.10223747505615378,0.5063788765388063,0.4874263734780639,0.40251993097664196,0.28976892599269277,0.4904495194393298,0.09579786567437557,0.1400846403748084,-0.02881050388979399,-0.289803630474391,-0.3352163728032545,0.32410708260630655,0.5248069563205537,-0.18091253506598673,0.09695468173098243,,-0.04245322125071096,-0.3180800709513848,-0.3912101259965488,-0.5181089913528,-0.339342350071819,0.3495377555840475,-0.33291430885060685,-0.13565017882448208,-0.44211003248725095,-0.5225588771172144,-0.543547376437585,-0.5153557691380757,0.16394975562260805,0.3576431800873396,-0.49693540146337234,-0.49257420492996445,-0.4759738945176559,-0.40782586062294546,-0.21042291267002786,-0.31773302613440274,-0.3977422806628556,-0.2722547308956648,-0.34988480040102954,-0.4344133496572932,-0.14585329644375464,-0.1909652665979004,-0.36963550654083077,-0.5051757878399352
#201,0.4118477244464153,0.18835086230996886,0.7572228702534392,0.6741904697637203,0.02580278214261614,0.08592251260447495,0.06981963309650738,0.31948367443340114,0.16044460297108923,0.7686136523574947,0.24769552601390107,0.07377208795658084,0.30013014180636827,-0.1494355701657139,0.2135308918087783,-0.103116655259175,1.0,0.4105598025700597,-0.3034694841564401,-0.42073207176115607,0.2696056221260351,0.07036719269663463,0.48047390897785663,-0.009850288722007461,0.2572199782132976,-0.2287430229531586,0.45283371733199657,0.32292713022856756,0.24336132185514736,-0.15355383532723435,0.19262336961237023,-0.5124752971571246,0.06860112018354815,-0.28968023676168625,-0.4362141266520779,-0.4761474169261469,-0.13911677094078065,-0.3025633115787647,-0.012302738762014017,-0.33985520519024803,-0.03145190055237967,-0.37542344287738716,-0.024730799263493777,-0.0893852486672515,-0.22815690281781112,0.24689732293484234,0.02080533677807448,-0.04524500400065553,-0.028737238872875555,-0.0263349175286553,0.2046851050292578,0.5242208361852062,0.4125957988296878,0.40513047921105144,0.2026761011442839,-0.24680477765031378,0.1721477254104287,-0.3725892435387003,-0.27026886333182304,-0.25091533070479016,-0.3786856641570185,-0.30848620978859187,-0.4001330338465098,-0.05152651518803081,0.355688160951674,0.07953688797200505,-0.30059672428253303,-0.10922078798453723,-0.31138210598363103,-0.36043496283728416,0.06932220219216642,-0.06322578157384824,-0.057349156006285366,0.09097008666480291,-0.19258095302362796,0.12536222802772504,-0.3258153143165627,-0.1762081497691188,-0.13215273828000731,-0.2624603549497267,-0.059589523102580665,0.12437507832608717,,-0.03643777775635526,-0.29440004627264227,-0.21853604928036402,-0.1466206510946372,0.1587517954749212,-0.11567196552688151,-0.10799070691101192,-0.32506338387976824,0.03349175286552977,-0.07394946641859389,-0.05629645339477312,-0.14976719076860787,0.4572604667752788,-0.19092670606268014,0.5119778662527836,0.4357436881223911,-0.020022557913103835,0.1710680304242623,0.5555512710516421,-0.0421061764337289,0.2871390974906732,0.0018913942525522255,-0.09248937175247993,0.08740323715693174,-0.48538652116491376,-0.04381440814398504,-0.23338185534015213,-0.114912322983043
