,#10,#11,#12,#13,#17,#18,#26,#49,#50,#51,#52,#53,#54,#58,#101,#102,#201,#202,#301,#302,#401,#402,#501,#502,#601,#602,#701,#702,#801,#802,#901,#902,#1001,#1002,#1101,#1102,#1201,#1202,#1301,#1302,#1401,#1402,#1501,#1502,#1601,#1602,#1701,#1702,#1801,#1802,#1901,#1902,#2001,#2002,#2101,#2102,#2201,#2202,#2301,#2302,#2401,#2402,#2501,#2502,#2601,#2602,#2701,#2702,#2801,#2802,#2901,#2902,#3001,#3002,#3101,#3102,#3201,#3202,#3301,#3302,#3401,#3402,#3455,#3501,#3502,#3601,#3602,#3701,#3702,#3801,#3802,#3901,#3902,#4001,#4002,#4101,#4102,#4201,#4202,#4301,#4302,#4401,#4402,#4501,#4502,#4601,#4602,#4701,#4702,#4801,#4802
#10,1.0,0.36686686011201836,0.37617151726065956,0.2841467999575834,0.5385846355547415,0.27248995016050825,0.0861500197622743,0.47621682588954334,0.3175363674047796,0.4020841969286534,0.302270251511091,0.3921162985742242,0.3764491531142452,-0.09886728427790578,-0.0675484175720359,-0.3107188647778431,0.46320650130623814,0.2339988239036758,0.020909450223169097,-0.08232867072194962,-0.21433295094135907,-0.05721805018653659,0.0704635940346852,-0.09974260842740497,0.03115112837766188,-0.12044575978714585,-0.0813646573414439,-0.09574388092506723,0.27670461666007923,0.1981953669516933,0.16635978907387233,-0.0035842017487202724,0.13777872036863872,0.01322819160729951,0.07264226427462814,0.05073602421601612,-0.011940269730943866,-0.017230775163159264,-0.1215485910944444,-0.035080446916603204,0.14798955009495532,0.05161906047255936,0.37415865732216363,0.026292500939913047,-0.16447417890160315,0.15239316321710544,-0.11409098358285213,-0.03322568517251019,-0.3706110880819026,-0.17493565210685125,-0.21657717409117638,-0.14599982647759152,-0.18965035234689057,-0.06012551454214184,-0.2765272381980662,-0.1019868315772223,-0.41012406852207106,-0.09238140225386328,-0.12193034039312466,-0.05458436563099496,0.09386212680632007,0.17634311164238958,0.1774035263609459,0.14897669979659317,0.06343015241051546,0.024129254914058207,0.20854887065832473,-0.1256784244165309,0.07402273143551233,0.10791358584057147,0.11345859080524037,0.18762978030135058,-0.030260380014074596,0.18439069534285135,-0.32078316447032285,-0.22980343767171488,0.04652906982348915,-0.011917133409811728,0.2441942294159043,0.297889774710073,0.23115691245794492,0.3244811197979428,,0.2782084775336682,0.2642996924797316,0.17481997050119055,0.1699266385817435,0.04020899810089364,-0.03634523247182671,0.4514224017429362,0.2607174187577724,0.0551974781409966,-0.09359220305977847,-0.1776040411440911,-0.08502019608032159,0.21454888993859234,0.05115633404991661,0.3169926638581744,0.0010006458889649389,0.10454339506232346,-0.09289425737229233,0.1507157799350255,0.015198634957053203,0.2749115517723386,0.14674404480734193,0.03442877387138134,0.026716666827335565,0.0783993521830083,-0.030993030183258944,0.08001118255521386,0.08754591113724658
#11,0.36686686011201836,1.0,0.128389230042513,0.2962933685519555,0.07682222629250093,-0.06781062921153345,0.1693675108210502,0.11855629356135464,0.25397318114775436,0.437235980835414,0.08310759353339825,-0.06472578639391514,-0.14595740988884925,-0.39304560747303174,0.17195106668080554,-0.002442809906201498,0.13613604156825695,0.05554837901150068,0.016710207937686176,-0.049390261536830134,-0.02626936461878091,0.03379252504024756,0.300928344885427,0.00026413966625856767,0.3211803379830912,0.2063856246324699,0.13111931593610518,-0.06666923736901469,0.06117050504661005,-0.05326173927294111,0.05920391775037837,-0.033445480223265496,0.09746753684941147,-0.006194749983129766,-0.010471113339053146,-0.07711528636017467,0.17858347873868488,-0.032986609854144776,0.06452141555724794,0.07481707846104904,-0.149959993444709,-0.10827991092516365,0.07547260755979293,-0.0985356636750118,-0.1894536936172674,-0.08662431434548312,0.011489111468867188,-0.06129389875931478,-0.1306990061022047,-0.03864729642447437,-0.15175305833244965,-0.3670095340923332,-0.0371858521396277,-0.06573221636316312,-0.07461270762438182,-0.07757415672929541,-0.04745066661525262,-0.07021680660927573,-0.09596367597582255,-0.1887750281973914,0.05825147253043872,0.011940269730943866,0.1254624854192976,0.1751323108364744,0.3645802203734588,0.037791252542585294,0.006661332459294535,-0.03617942217037973,-0.040579179239007834,-0.009275736747226052,0.00018701859581810997,-0.08423741721535095,-0.20977509567832803,-0.11718739456103651,-0.2595258982194673,-0.16002814919071076,-0.07409599645243076,0.04455091436669141,0.28460952638022613,-0.009410698620496852,0.09097008666480291,-0.11249072137121263,,-0.12910645599760925,-0.19175575756991506,0.1939845565056443,0.10906654584365631,-0.15207311077477756,-0.18309506135945167,-0.003935102619224355,0.2218522553093037,-0.006931256205836137,-0.2874321575583469,-0.024831056655066373,-0.06314866050340778,0.2246170456845941,0.08031195472993165,0.21727511977866254,0.10062178863042619,0.03664986070006652,-0.13065658951346246,0.027248802213374723,-0.18705137227304716,0.004193458205199888,0.11308069756008213,-0.13570801962731244,0.06042628671685963,-0.004401685095389124,-0.1447196167082799,0.07306643016205065,0.03701232973113667
#12,0.37617151726065956,0.128389230042513,1.0,0.3719761310286987,0.26118400123393715,0.2916198316832638,0.10677605005157471,-0.1330049261083744,0.19350640586891346,0.3231315010652348,0.3428282224557277,0.3409657486045906,0.4602527643083686,-0.08525927139868701,-0.22372629732100682,-0.17569529465068975,0.7025787357928528,0.7594323889215582,-0.14084042686512488,-0.39392093162253095,-0.4982194672862059,-0.20386376562906694,0.12148303818457,-0.08521299875642274,0.02597630455110717,0.13297793373372022,-0.10814494905189284,0.16054871641618385,0.5298082577386174,0.2861133872538151,0.4517925828810504,0.12324525464413447,0.25578167024958304,0.15316437392151003,0.13377228075925693,-0.29377922165559656,-0.04435425563706824,-0.27318403979447237,-0.07315511939305717,0.41453153769774326,0.07441990494828069,0.23515563996028266,0.17829041867101114,-0.17321585223602903,-0.014720484320322367,-0.05574118168760182,-0.018688363394483914,0.2779154174659944,-0.0399660667290062,-0.027133120607714035,-0.17364387417697358,0.08103689279207195,-0.08425284142943903,0.2373420223072696,-0.4499108287623032,-0.015055960976738357,-0.42324236260399295,-0.4679648713524144,-0.02659327311463083,0.15216951211282811,-0.23349368089229078,-0.00606750021690301,-0.12613729478565164,0.04664860748267186,-0.0317102561383552,0.12433266173734492,0.06688517636624797,-0.15308725285106958,-0.07371039110022846,0.20467353686869175,0.5182285290119827,0.6235489188589938,0.07767827017439002,-0.05365505673218744,-0.2948087879459767,0.06580933743360358,0.2613999402311704,0.37365737036430063,0.20981365621354825,0.30656203908110247,-0.05763450396691506,0.38307770911860256,,-0.12944193265402523,0.06468722585869492,-0.1251038724417495,0.07548803177388103,-0.2627996876596647,-0.08910375676014383,0.1782480020822689,-0.06818081034964765,0.22654121639208352,-0.08386723607723676,-0.08153817974993494,-0.060665362035225046,0.5927429072715529,0.6093779221655596,0.5977364965825726,0.44503292105694425,0.20792418998775702,0.23296540155977366,0.44223342619995565,0.374393876587007,0.5771027541862281,0.3758360406042436,0.3250055430769379,0.12737508796622096,0.24954643170447205,-0.31139753019771915,-0.24034203194740342,0.08240193573886806
#13,0.2841467999575834,0.2962933685519555,0.3719761310286987,1.0,0.31119701541457395,0.26940896339641196,0.12480695632055373,0.0937811496823576,0.017138229878630715,0.5790230688401955,0.24900658421138885,0.2985761522369931,0.15522350650227026,-0.015341308937368051,-0.10520278021458938,-0.39732968293599913,0.4402167102079377,0.3351778122680343,-0.01979119470178246,-0.22969546817309824,-0.20241388950478634,-0.2542700972689501,0.20375579613045028,-0.08737238872875555,0.21291392324525465,0.07187105357022355,0.009387562299364716,-0.09870533002998082,0.2763614278966192,0.34254673054862,0.41754697155196513,0.08997908090964303,0.41235672351132235,0.10787502530535124,0.2290476511813984,-0.08066285560043573,0.14757695236809887,-0.10618221780918319,-0.023523854511100614,0.24666595972352096,0.09456007249380621,0.12063085035620294,0.22700394281472627,-0.05057021391456913,-0.16698832579796208,-0.16435078518889842,0.29719182902258684,0.2526351305756124,-0.03332594256408279,-0.1615165858502116,-0.03456373574465214,-0.21749877088293987,-0.13225685172510193,-0.14490856333085902,-0.23047053493102485,-0.22634455766246037,-0.31958778787849573,-0.509509991998689,0.14846770073168616,-0.013787319367992828,-0.11053184618202501,0.018985279515679677,0.07907801760288433,-0.04485554259493122,0.265205865057407,-0.08855234110649456,0.13855378712656533,-0.18263619099033093,0.09530429082355663,-0.0045829196109242,0.20133805057214194,0.234376717148834,-0.06638003335486296,-0.11652415335524857,-0.3443397954363607,-0.23355923380216517,-0.08535567273673758,-0.1167130999778277,0.010077795879806811,-0.0194441498848004,0.08280682135868046,0.2602932528703498,,-0.018310470149325672,0.10612437700635285,0.3054129351315396,0.2243779703662287,-0.042117744594294966,-0.008010951192002545,0.09806136909180299,-0.07401501932846828,0.24693973952358458,-0.2608369564169551,-0.007999383031436475,0.08813588732611609,0.30593735841053477,0.3519709253564439,0.5149855879999614,0.34853518166832154,0.426450599134316,0.1041462215495551,0.3408115064637097,0.26560689462369735,0.4151099457260467,0.44669488012493613,0.3377845044489218,0.1803572633588154,0.00311376321903348,-0.26556447803495514,0.11021564979321913,0.37520364782663185
#17,0.5385846355547415,0.07682222629250093,0.26118400123393715,0.31119701541457395,1.0,0.584005089990649,0.022451871631978253,0.3389606007731387,0.24760683678289455,0.18605651046436525,0.2502366652849142,0.5335139251732814,0.4838518118631487,0.16595104740053793,-0.10329788977471008,-0.511707942506242,0.4726962490239365,0.22453992461415365,0.25700789526958634,0.1081218127307607,0.0230495599278918,-0.14380958807708252,-0.008747457414708917,-0.15681991266038772,-0.005022509712434809,-0.3490326125726625,-0.19052567649638977,-0.36335399535345553,0.44236453201970444,0.40000578408028303,0.18162976102108297,0.03852004665824762,-0.05136070488658383,0.015368301312022211,0.39975514060135153,0.25395775693366623,0.07915513867332478,0.1100421273847281,-0.29274194325817243,-0.09783386193400365,0.24574050687823548,0.1412106080032391,0.35661746985048154,-0.13043293840918513,-0.11989434413349657,0.17336238226986592,-0.14161163756952946,-0.06189544310875035,-0.4415046320842933,-0.38183991593803324,-0.4184338638620304,-0.2068753434297668,-0.4209325865443012,-0.2778614327166861,-0.15334560843704512,-0.22415431926195137,-0.47254971899009957,-0.10576962008232674,-0.15191501258037463,-0.04497893630763595,0.13459747621296983,0.23311964370065458,0.3400364397057831,0.007274444969296173,-0.02606884983563572,-0.16034434557951666,0.448187172837959,0.05877203975591181,0.38183991593803324,0.13113859620371532,0.25392305245196806,0.17401405531508776,0.07150472848563139,0.16853074720677122,-0.29766226755227365,-0.2623909459863303,-0.13356790992258974,-0.20468896108277984,0.3036083020832329,0.40927959280074805,0.07089161597562973,0.4538979881040749,,0.27447581772435004,0.3815854164055797,0.11878380071915398,0.152316042146665,0.07143531952223497,0.07032092005437035,0.5024225656252109,0.2087918020302122,0.10063335679099226,-0.04367173416367019,-0.27680101799812984,-0.18897168692701455,0.1403699883354381,-0.03646862618453144,0.29781650969315454,-0.1367491540782586,0.015387581579632326,-0.23722248464808693,0.21395505769620082,0.1835886362102706,0.24091272786866283,0.19228789295595422,0.1181475518880202,-0.15989318731743996,0.11298429622203156,-0.08244435232761031,0.07181706882091524,0.014905574889379464
#18,0.27248995016050825,-0.06781062921153345,0.2916198316832638,0.26940896339641196,0.584005089990649,1.0,-0.05304965632922985,0.18670818350958712,0.1674471961670828,0.013922281241263629,0.1175382954315406,0.4575535268429526,0.5757724157211302,0.10883132657881292,-0.19576605323281887,-0.3245968014036035,0.3665005350274262,0.2717611560448459,-0.0016831673623629896,0.029627987236462844,-0.14161549362305148,-0.2204062352385451,-0.1121321083936645,0.05239027117696394,-0.04426556640606172,-0.17827113840340103,-0.12231208969180492,-0.08408317507447004,0.24671608841930726,0.41259194277616573,0.3462022692874977,0.21037278397424156,0.19664137738231807,0.30405174823826553,0.3625596483279188,0.1181629761021083,0.06510367963907339,0.1560564140630272,-0.03911387890063914,-0.00805722383426682,0.13912833910134673,0.21097818437719915,0.339508160373266,-0.09306777978078336,-0.08701763180472945,0.14386357282639084,-0.1384650978955588,0.10440072108200862,-0.2934206086780485,-0.058120366710689944,-0.11577607897197613,0.14277230967965834,-0.21414400431877995,-0.011473687254779097,-0.15053840147301245,-0.0604378548774257,-0.3726200919668765,-0.1589060376158021,0.01399169020466004,0.11689819054688479,-0.05719876991892647,0.07643276488677662,0.12521569799388815,-0.2684410939623842,-0.32933203512864756,-0.1047516219525127,0.2820221144669488,-0.1316900118573646,0.20867997647807351,0.11024649822139532,0.13439696142982466,0.2070951384805221,0.05156893177677306,0.015495551078248966,-0.13602807206964032,-0.14452681403217876,-0.11143801875970039,-0.10100739398262848,0.02075520808228818,0.3664195579034637,0.16448960311569125,0.5675937262009196,,0.24574050687823548,0.38806358632257815,-0.01985674761165685,-0.07850732168162494,0.11526322385354709,0.19094598633029025,0.48722200264139665,0.19506810754533274,0.11427607415190923,-0.008712752933010711,-0.3153808334859688,-0.1411296308792766,0.18083927004906827,0.05117947037104875,0.2701416135655963,0.060079241899877574,0.12113984942110996,0.008647200023136322,0.24002583555859755,0.39065871034289956,0.12140206106060752,0.11569895790153567,0.16515284432147917,0.18049993733913028,-0.01910867322838441,-0.2753280055527171,-0.03919485602460162,-0.021129245273924402
#26,0.0861500197622743,0.1693675108210502,0.10677605005157471,0.12480695632055373,0.022451871631978253,-0.05304965632922985,1.0,-0.039923650140263944,0.33283333172664437,0.3068011143994679,0.5336527431000743,0.14080186632990466,0.07859215485910945,0.07498674481601805,0.12001002573915726,0.056115218879238045,0.17362459390936347,0.1486412231401772,0.05842885099245178,0.03768328304396865,0.0019222426807284085,-0.23881117869916035,-0.048487945012676774,-0.1205383050716744,-0.22110032487250922,-0.15704741981818707,-0.06853171122015174,-0.08229782229377344,0.007926118014518042,0.011072657688488717,0.03137477948193921,0.02958557064772059,-0.016270617836175567,-0.31394252552225427,-0.2135964447186527,0.07345974762129698,-0.16654102358940742,-0.20988306517694466,-0.4116896262520124,-0.1135974087320332,-0.07327465705223989,0.028158830844572123,0.10740073072214243,0.15539317285723925,-0.02063181436958345,0.0535470872335708,-0.0015597736496582573,-0.002516074923119933,-0.04388381710738145,0.1025459593379156,0.021094540792226196,-0.024113830699970116,-0.11636219910732361,-0.1590371434355509,-0.381469734799919,-0.26153875815796324,-0.05843656309949582,-0.06573607241668514,-0.06056124859013043,0.038840099100575516,0.10047911465011135,0.1908650092063278,0.00788370142577579,0.15480319666836975,-0.05190826448671108,-0.08768858511756143,0.21716329422652386,0.5486335110331332,-0.026813068165386134,0.2086915446386396,0.11088660310605111,0.10351382877194336,0.04912033779028853,-0.40609449259155717,-0.03302131433584298,0.008319435473764377,-0.002920960542932336,0.20523266462938505,0.29668668601120185,0.10754340470245727,-0.004501942486961719,-0.0835047670461666,,-0.02927708636595876,0.0847348481196919,0.20315425178101473,0.19339072426325277,-0.3029759093056212,0.04571544253034232,0.08959347555744074,0.12977740931044124,0.09535441951934293,-0.04419230138914328,0.09890970086664803,0.07504072956532637,-0.029126700278599867,-0.02103284393587383,0.11040845246932027,-0.13132754282629444,-0.06109338397616959,-0.18298709186083503,0.05310749713206019,0.11613083589600223,0.13135067914742657,0.12280566454262386,-0.09450994379801991,-0.10224904321671985,0.22728543472183393,-0.13313603192812315,0.1893148756904746,0.31307105742627706
#49,0.47621682588954334,0.11855629356135464,-0.1330049261083744,0.0937811496823576,0.3389606007731387,0.18670818350958712,-0.039923650140263944,1.0,0.2536299923842943,0.15858984122699624,0.1872133265209721,0.28152468356260785,0.07784022442231499,0.3237099090935382,0.043274560650901836,-0.25535364830863855,0.22520702187346361,-0.10809096430258452,0.24006054004029576,0.08885696933473436,0.08659732197082895,0.17212073303577455,-0.26500149422073976,-0.14208207609921625,0.018777052625490443,-0.3444978936307636,-0.07040575323185486,-0.2719153981857268,0.06162937541573077,0.10336344268458446,0.11183904832599076,0.05154965150916295,0.0178091831914627,0.14066304840311183,0.26426884405155543,0.5382607270588916,0.0863004058496332,0.3359567350794829,-0.15242401164528163,-0.30069698167410563,0.3640557970944637,-0.14384043650525868,0.067058698774739,0.2866956513356405,-0.1657775249920469,-0.020041838180713947,-0.09449451958393182,-0.1453905700211119,-0.06525406572643229,-0.1692171247336913,-0.19989203050138335,-0.2059306103168712,-0.13562704250334995,-0.3250402475586361,0.07799832261671792,-0.23253737961882912,-0.16873897409696045,0.15208853498886565,-0.32667907030549587,-0.16372224846480868,-0.07691477157702949,0.05041597177368822,0.43328352597534053,0.07174765985751883,-0.04878871718739456,-0.26219814331022917,0.39367414419712143,-0.07035948058959059,0.36652752740208033,-0.08188522456691699,0.13258076022095186,-0.06647643469291353,0.2890285637164644,0.17957448449384478,-0.051376129100671915,-0.15794973634234044,-0.005708887239354882,-0.22295894267012425,0.014041818900446338,0.2462687862107526,0.36118689327407866,0.12194190855369072,,0.5769600802059133,0.2926185495454677,-0.010910703440563755,-0.21357330839752056,0.0896204679320949,0.23382144544166272,0.285087677016957,0.06554712579410603,-0.25575853392845094,-0.287108249062497,-0.1508854462899945,-0.24304126941281945,-0.10175161231237889,-0.36288741287729076,-0.08849835635718624,-0.21968900928344887,-0.04423086192436351,-0.2698716898190547,0.08795850886410303,0.11529021622820125,0.007339997879170563,0.054511100614076526,-0.13823759073775943,-0.016845169810956975,-0.19302054312513858,0.030167834729546046,-0.009472395476849218,-0.08493150684931507
#50,0.3175363674047796,0.25397318114775436,0.19350640586891346,0.017138229878630715,0.24760683678289455,0.1674471961670828,0.33283333172664437,0.2536299923842943,1.0,0.2947586592501904,0.41082972631660125,0.12699719472106272,0.1274984816789257,0.19322105790828376,0.13868103689279207,-0.19311694446318914,0.374212642071472,0.18129042831114495,0.2877136494654546,0.24762611705050466,0.15724022249428823,-0.22609005813000685,-0.22143965758244724,-0.429319502954701,-0.21380852766236397,-0.3832512315270936,-0.3528076889707229,-0.29533706727849385,0.01810609931265846,0.017381161250518157,0.12278252822149172,-0.024175527556322483,-0.10711923881503475,-0.2631544445836908,-0.13570030752026838,0.12631467324766468,-0.25204129833322086,-0.1472106272835067,-0.3527537042214146,-0.14479673777872037,0.24379705590313594,-0.10675291373044257,0.02592231980179885,-0.18818119595499985,-0.14019646592694707,-0.022829764877136494,-0.3513385325788322,-0.30016099023454446,-0.11732235643430731,-0.2495040151157298,-0.2495541438115161,-0.2477996394589957,-0.34573183075781094,-0.20468896108277984,-0.35850693607627276,-0.2673845352973499,-0.19271591489689877,-0.03572440785478102,-0.20876866570908004,-0.06951500486826757,0.1795976208149769,0.1405396546904071,0.2724706698928981,-0.013833592010257103,0.03218840677508604,-0.005377266636460914,0.36674732245283564,0.1968148997908091,0.2675464895452749,0.3499889138461242,0.40521145633501393,0.3910790201768001,0.417519979177311,0.08178111112182238,0.1405705031185833,0.022309197651663407,0.3369477408346428,0.2646236009755815,0.3601071982879122,0.12147532607752595,-0.1531412376003779,-0.06739417543115499,,-0.04427327851310576,0.18883672505374374,0.03294419326540252,0.03389278243182015,-0.06761397048191028,0.2514860266260496,0.06778749289040131,0.17034309236212197,-0.12465657023319483,-0.006723029315646901,-0.13977230003952454,-0.05699825513578129,0.075653842075328,-0.14565663771413148,0.17505518976603396,-0.3645879324805028,-0.00656107506772194,-0.1285280479693058,0.05979003788572585,0.05608437045106186,0.21315299856362005,0.22253477678270175,0.013660069601766073,-0.08801249361341136,0.040471209740391194,-0.05256764963897699,0.11502414853518167,0.10942130276768242
#51,0.4020841969286534,0.437235980835414,0.3231315010652348,0.5790230688401955,0.18605651046436525,0.013922281241263629,0.3068011143994679,0.15858984122699624,0.2947586592501904,1.0,0.35213673565789094,0.28199512209229466,0.12742521666200726,-0.0701936702881436,-0.02819353532627033,-0.37097355711297275,0.5664407661978348,0.21261700712405887,-0.015977557768501828,-0.27148352019126026,-0.055205190248040645,-0.19498713042137025,0.30735253005311713,-0.10140842354891885,0.19498713042137025,-0.04408433189052664,0.05019617672293292,-0.2062853672408973,0.22954893813926136,0.23810937695815218,0.34986166407989744,0.05534400817483347,0.38696461106880164,0.015322028669757936,0.0027011654921770315,-0.028656261748913076,0.15274406408760954,-0.09174900947625153,-0.031390203696027304,0.13253063152516556,0.14961294862772695,-0.02470766294236164,0.05973990918993956,-0.04067558057705841,-0.15222349686213646,-0.20317353204862484,0.17197034694841565,0.13853836291247723,0.12389692768935633,-0.12174910587758958,0.012125360300000963,-0.20311183519227247,0.03075781091841555,-0.12396248059923072,-0.12834681345377075,-0.2034357436881224,-0.17534439378018568,-0.37139772300039525,0.10955626464095322,-0.061166648993088026,-0.019957005003229444,0.06536589127857095,0.16109241996278909,0.12160257584375271,0.15933405955674665,-0.2360078277886497,0.23874562578928596,-0.016822033489824837,0.11277992538536435,0.08366286524056954,0.21510801769928567,0.2463497633347151,-0.10232230823363828,-0.09805365698475894,-0.40098907772839887,-0.2701300454050302,-0.12898691833842654,-0.13711547916285077,0.19907840320823653,-0.04057532318548582,0.08295335139251733,0.11684420579757647,,-0.008388844437160788,0.032574012127288325,0.24235103583237735,0.21153731213789248,-0.03422440303471412,-0.08347777467151245,0.029307934794134943,-0.1456450695535654,0.11636991121436766,-0.22993839954498568,-0.004891403892686031,0.07705744555734434,0.28282031754600756,0.187024379898393,0.38492861480917356,0.15306411652993743,0.3083011192195348,-0.022760355913740083,0.34572026259724487,0.1344740825002651,0.47621682588954334,0.5205036005899761,0.26431897274734173,0.19483674433401135,0.06053425621547627,-0.13178641319541515,0.09034926204775723,0.3979659317671329
#52,0.302270251511091,0.08310759353339825,0.3428282224557277,0.24900658421138885,0.2502366652849142,0.1175382954315406,0.5336527431000743,0.1872133265209721,0.41082972631660125,0.35213673565789094,1.0,0.27165704259975126,0.25689606971744766,0.24994746127076245,-0.0290650034222475,-0.23257208410052732,0.5160190103438635,0.24132532559551925,0.1351141873849209,-0.03753289695660976,-0.027615127297966897,-0.1834343940693897,0.03386964611068802,-0.03730924585233243,-0.023419741066005997,-0.21725969556457445,-0.0228644693588347,-0.11032361929183578,0.200505143011385,0.14506280547173994,0.2675811940269731,0.07642505277973258,0.19072233522601292,-0.14004993589311018,-0.021800198586756383,-0.005415827171681143,-0.16130450290650034,-0.08911146886718788,-0.24464153162445895,-0.04113059489265711,0.2232674269518861,-0.052602354120675196,0.28511852544513316,0.08561402832271311,-0.21120569153499852,-0.15326848736660464,-0.0819199290486152,-0.058895433468616545,-0.07028235951915013,-0.15622993647151823,-0.18545496611492968,-0.10783260871660899,-0.12140591711412954,-0.2270579275640346,-0.2807264804835491,-0.2815285396161299,-0.24263638379300706,-0.13884299114071702,-0.2613498115353841,-0.19736631544445837,0.0741037085594748,0.14082114659751477,0.2402880471980951,0.16152429795725565,0.05564863640307328,-0.01571534612900427,0.3555531990784032,0.25530351961285225,0.23335871901901997,0.378095687968149,0.3784157404104769,0.46708183509587115,0.2599192156787136,-0.16907445075337646,-0.01753154733787705,-0.03717428397906163,0.19549612948627726,0.10780561634195483,0.3864748922715047,0.16870426961526225,-0.10112693164181119,0.11075935333982435,,0.03561258230264236,0.266887104393009,-0.010590650998235855,0.15204226234660137,0.02379763431116424,0.006472385836715414,0.08906905227844562,-0.0173040401800777,-0.08482739340422045,-0.16642534198374673,-0.11003441527768405,-0.18554751139945821,0.15898315868624258,0.033561161828926184,0.2639063750204853,-0.08741866137101983,-0.02226292500939913,-0.0898903916786365,0.2610991680564526,0.2593408076504102,0.4115970809674838,0.32260322173271766,0.2837766188194692,-0.08329654015597736,0.19939074354352038,-0.10978377179875257,-0.05791985192754476,0.15693559426604842
#53,0.3921162985742242,-0.06472578639391514,0.3409657486045906,0.2985761522369931,0.5335139251732814,0.4575535268429526,0.14080186632990466,0.28152468356260785,0.12699719472106272,0.28199512209229466,0.27165704259975126,1.0,0.6336363548726056,0.23135357118756808,-0.21708231710256137,-0.5526862232847792,0.48999836117725315,0.23129958643825976,0.09508449577280133,-0.08124897573578321,0.011855436553459362,-0.3424233368359153,-0.12285579323841014,-0.12606402976873318,-0.04610490393606663,-0.3171507620525773,-0.029273230312436737,-0.16181350197140737,0.32385258307385306,0.42869096623061126,0.21443706438645369,0.14606923544098793,0.18313747794819393,0.05225145325017111,0.45512421312407814,0.23122632142134134,0.10471306141729247,0.18097423192233908,-0.12108200861827963,-0.05315762582784649,0.23232915272863988,0.1440101028602277,0.43471797788553307,0.029323359008223034,-0.14794327745269104,0.1334792206915832,-0.02263696220103535,0.2438934572411865,-0.2779616901082587,-0.24298342860998912,-0.18774160585348926,-0.09247009148486982,-0.38770497334503,-0.26753877743823085,-0.12640721853219322,-0.3233512961159901,-0.410444120964399,-0.16011683842171728,0.0471267581194027,0.017288615965989608,0.03853161481881368,0.28226890189235826,0.2867573481919929,-0.02565625210877927,-0.3446714160392546,-0.274140341067934,0.5292144254962259,0.06934148245977655,0.4012859938495946,0.11133390531460577,0.2647469946882863,0.3316302430277732,0.11527864806763517,0.13763604638832386,-0.2391235190344442,-0.2146105867949447,-0.08750735060202636,-0.19940231170408645,0.07885051044508498,0.21690879469407034,0.3752807688970723,0.6356337905970135,,0.264191722981115,0.48809347073737386,0.14927361591778893,0.11175421514850627,0.022220508420656877,0.006981384901622435,0.5837891509934158,-0.13010517385981318,0.18800767354650882,-0.11521695121128281,-0.35696065861394155,-0.02608427404972381,-0.010887567119431618,-0.03134778710728505,0.2660349165646419,-0.04912419384381055,0.16501017034116433,-0.1974087320332006,0.26653234746898286,0.3160132262635805,0.34512643035485335,0.36790413850944254,0.19089585763450398,-0.02639275833148564,0.010987824511004213,-0.09697781805211457,-0.10665265633886999,0.18467604330348106
#54,0.3764491531142452,-0.14595740988884925,0.4602527643083686,0.15522350650227026,0.4838518118631487,0.5757724157211302,0.07859215485910945,0.07784022442231499,0.1274984816789257,0.12742521666200726,0.25689606971744766,0.6336363548726056,1.0,0.1507504844167237,-0.10911281848592058,-0.28865452652482815,0.5021873463603674,0.4755651528443215,-0.15296385913836483,-0.23249110697656483,-0.16993820674230958,0.006630484031118352,-0.0200842547694562,0.1202529571110447,-0.09459477697550442,-0.17183152902162283,-0.04367944627071424,0.16012455052876134,0.5060896725246546,0.3909671946246614,0.3460287468790067,0.12516171324457984,0.07167053878707837,0.1384149691997725,0.16342533234361292,-0.05654709687370461,-0.11617710853826652,-0.05533629606778942,-0.03843135742724109,0.23415692209807873,0.11685191790462052,0.2582649687177658,0.31339110986860497,-0.09064617816895298,0.03878611435126719,0.15022220508420656,-0.1321180337983091,0.13415017400441517,-0.17145363577646458,0.05734144389924132,-0.027989164489603115,0.3227613199271206,-0.029512305630802156,0.22519545371289754,-0.15759497941831432,0.040698716898190546,-0.49624902393645226,-0.2375232568228047,-0.006217886304261903,0.31165202973017264,-0.17799350254981539,-0.0127886015057889,-0.07123094868556776,-0.04674115276720041,-0.36762264660233485,0.004232018740420117,0.18523131501065235,-0.013166494750947144,0.059539394406794365,-0.06191472337636046,0.2146221549555108,0.3102985549439426,-0.10627476309371174,-0.029685828039293184,-0.33558269788784667,-0.12025681316456673,-0.1745269104335168,-0.030688401955019137,0.1804073920546017,0.33260968062236707,0.23328931005562356,0.5674587643276489,,0.16115797287266348,0.390222976294911,-0.020531556978010856,0.10307038261691072,-0.07958701666779135,0.06949186854713543,0.4733132175874601,0.09977345685558116,0.1376206221742358,0.03968457482189853,-0.2727097452112635,-0.06692759295499022,0.3011635641502704,0.16580837342022306,0.2971339882197565,0.17972487058120368,0.07689163525589736,0.1306527334599404,0.40238111304984914,0.35343622569481264,0.2359538430393414,0.12653446829842,0.1701580017930649,0.16826467951375165,-0.11030433902422565,-0.20403728803755797,-0.16204100912920671,-0.007768019820115104
#58,-0.09886728427790578,-0.39304560747303174,-0.08525927139868701,-0.015341308937368051,0.16595104740053793,0.10883132657881292,0.07498674481601805,0.3237099090935382,0.19322105790828376,-0.0701936702881436,0.24994746127076245,0.23135357118756808,0.1507504844167237,1.0,0.004120193188281453,-0.12000231363211321,0.1304984913190595,-0.036753974145161135,0.21265556765927912,0.03194933145672062,0.14710265778489007,0.05465377459439137,-0.4919263879382646,-0.24971224200591904,-0.23544484397443435,-0.5380640683292685,-0.264866532347469,-0.2980131684227777,0.0756037133795417,0.11344702264467431,0.0398812335515217,0.30627669112047273,-0.17325441277124926,-0.04722315945745327,0.103452131915591,0.33773051969961343,-0.07485563899626926,0.15638417861239914,-0.34735137323706056,-0.217356096902625,0.03914858338233735,-0.07585821291199522,-0.13749722846153103,-0.01935160460027185,-0.18453336932316622,-0.014863158300637213,-0.1487414805317498,0.04142751101385287,0.07914742656628074,-0.13358719019019985,-0.11412568806455034,-0.10819122169415711,-0.2926262616525117,-0.3419606104132725,-0.08297648771364946,-0.2791416424859977,-0.16096517019656234,0.07392247404393973,-0.10741229888270849,0.15423635680063238,-0.12209615069457164,0.11743032593292395,0.28146298670625547,0.1403237156931738,-0.25883952069254723,-0.20829437112587124,0.38251472530438724,0.2812277674414121,0.4106523478545882,0.27970077024669104,0.25474824790568096,0.2434885716213741,0.4680034318876346,0.22225328487559406,0.22381884260553536,0.0788389422845189,0.08359345627717313,-0.10212564950401512,-0.05240955144457405,0.15690860189139424,0.002265431444188445,-0.04688768280103728,,0.17071327350023618,0.26405676110784415,-0.22483298468182739,-0.10281202703093519,-0.15401270569635506,0.15512710516421968,-0.08475798444082404,-0.1204534718941899,-0.20411826516152043,-0.08874514378259571,-0.1671965526881513,0.030592000616968564,-0.25030221819478854,-0.2829475673122343,-0.1870937888617894,-0.18734057628719886,-0.049116481736766505,-0.16169010825870264,-0.05895713032496891,0.38569596946005613,0.03318712463728996,0.10915523507466283,0.011751323108364744,-0.17290351190074518,-0.2147069881329953,0.10464365245389606,-0.021734645676881995,0.12385065504709206
#101,-0.0675484175720359,0.17195106668080554,-0.22372629732100682,-0.10520278021458938,-0.10329788977471008,-0.19576605323281887,0.12001002573915726,0.043274560650901836,0.13868103689279207,-0.02819353532627033,-0.0290650034222475,-0.21708231710256137,-0.10911281848592058,0.004120193188281453,1.0,0.389046879970694,-0.1990359866194943,-0.344058303529253,0.531921375068686,0.22137024861905083,0.35511746503041464,0.2835876721968901,0.09868219370884868,0.10617450570213914,0.1765667627466669,-0.020334898248387686,-0.16253458398002565,-0.23586900986185688,0.0342552514628903,-0.20614269326058246,-0.28486788196620166,-0.108846750792901,-0.43275910269634543,-0.1052721891779858,-0.054727039611309806,-0.01973720995247414,0.17860275900629502,0.321650776512778,-0.19899742608427404,-0.20914270290071627,0.023801490364686262,0.09249708385952397,0.1695333211224972,0.08112558202307849,-0.11111025421032844,0.01603539857133217,-0.4069274001523141,-0.5926850664687225,-0.06172192070025932,-0.03818842605535365,-0.22961063499561374,-0.16533022278349224,-0.06817695429612564,-0.13722730471498945,0.2608909411662634,0.08689809414554674,-0.03866657669208449,0.23603096410978183,-0.3936355836619012,-0.12698562656049667,-0.07104585811651065,-0.3102060096594141,0.18079685346032603,0.19921336508150733,0.15007181899684768,0.20958229300222686,0.03867814485265055,0.19537273577357253,0.11183519227246874,-0.04673344066015636,-0.1471604985877204,-0.2121002959521078,0.10586216536685529,-0.1381296212391428,0.204719809510956,-0.2533677807447967,0.04072185321932269,-0.03853932692585773,0.5127606451177542,0.13517588424127328,-0.024472443677518243,-0.3178872682752837,,-0.15379291064559977,-0.17630069505364734,-0.31601708231710257,-0.1997455004675465,-0.14720291517646264,0.27272516942535163,-0.10348298034376717,0.3086944366787811,-0.30043477003460806,-0.08942766525599376,-0.03556630966037808,-0.08247905680930852,-0.24462610741037086,-0.2627187105357022,-0.49852795156796775,-0.25823797634311163,-0.33742589147137364,-0.29269181456238613,-0.3241610673556149,-0.16153586611782172,-0.2606865703295962,-0.29829080427636334,-0.39485795262838247,-0.39780783357273,-0.24054640278407063,-0.23576875247028428,-0.05973990918993956,-0.17996780195309112
#102,-0.3107188647778431,-0.002442809906201498,-0.17569529465068975,-0.39732968293599913,-0.511707942506242,-0.3245968014036035,0.056115218879238045,-0.25535364830863855,-0.19311694446318914,-0.37097355711297275,-0.23257208410052732,-0.5526862232847792,-0.28865452652482815,-0.12000231363211321,0.389046879970694,1.0,-0.47626695458532964,-0.2263021410737181,-0.1465358179171527,-0.009198615676785593,-0.16062969354014633,0.42855214830381844,-0.10186729391803959,0.29335119971465207,-0.1171681142934264,0.21351161154116818,-0.1559214521897564,0.22365303230408837,-0.2641724427135049,-0.3937358410534738,-0.3081892936673961,-0.05321161057715481,-0.30570213914569133,-0.11532877676342147,-0.29974839250768803,-0.13781728090385895,-0.08771557749221559,0.05926947066025277,-0.06250469956522997,-0.17784311646245649,-0.3540840426865125,-0.02998660021401097,-0.11335062130662374,0.1664330540907908,0.25474824790568096,0.10719250383195318,-0.14802425457665352,-0.25717756162455535,0.07457029103563957,0.337321778026279,0.04032082365303231,0.184834141497884,0.2833717331996568,0.29810571370730626,0.12139434895356348,0.4150598170302604,0.30985510878891,0.2690503504188638,0.01813309168731262,-0.1487607607993599,-0.10057937204168393,-0.3595789189553951,-0.26324698986821937,0.27556322481756046,-0.08956262712926455,0.334290919957969,-0.43095446964803874,0.23129187433121573,-0.4293310711152671,-0.10457424349049965,-0.4024235296385914,-0.26586910626319493,-0.10673748951635449,-0.27895655191694063,0.2316080707200216,0.04459333095543366,0.20517482382655472,0.35889254142847504,0.0588375926657862,0.043505923862223204,-0.06744044807341926,-0.34701975263416657,,-0.11125678424416531,-0.315920680979052,-0.22344094936037712,-0.188879141642486,-0.2706159081488051,0.0914752296761879,-0.21784195964639988,0.25397318114775436,-0.035951915012580375,0.1735976015347093,0.384492880761185,0.05288770208130489,-0.0992258972554539,-0.09174515342272951,-0.4614481409001957,0.029890198875960398,-0.3685750918222745,-0.05987487106321036,-0.4347372581531432,-0.14476203329702217,-0.4142731821117677,-0.6197468500862792,-0.4238130585252523,-0.26059788109858967,0.11864112673883913,-0.09316418111883393,0.1276681480338947,-0.0856448767508893
#201,0.46320650130623814,0.13613604156825695,0.7025787357928528,0.4402167102079377,0.4726962490239365,0.3665005350274262,0.17362459390936347,0.22520702187346361,0.374212642071472,0.5664407661978348,0.5160190103438635,0.48999836117725315,0.5021873463603674,0.1304984913190595,-0.1990359866194943,-0.47626695458532964,1.0,0.5510782489660957,0.06769880365939479,-0.25618269981587344,-0.18804623408172905,-0.13328641801548205,0.17648964167622647,-0.04276170553247279,0.12250489236790607,-0.10971050678183414,-0.004332276131992712,-0.001532781275004097,0.5293879479047169,0.24169550673363346,0.5092554924662355,0.12137121263243134,0.34206857991188916,0.13328641801548205,0.1687582543645706,0.01913566560303857,0.0051111989434413346,-0.01411122786384275,-0.22651036796390733,0.24892175103390435,0.29168152853961615,0.054742463825397894,0.10809482035610654,-0.12108586467180164,-0.2065167304522187,-0.08904591595731348,0.04754321189978117,0.24583305216276402,-0.021457009823296347,-0.14529416868306133,-0.15574021767422133,0.0024929386019877956,-0.11296501595442145,-0.03610615715346129,-0.27030742386704326,-0.22772502482334456,-0.4526023541206752,-0.2544397636239191,-0.2388690195019907,0.07776695940539655,-0.20721467613970482,0.10528761339207388,0.1906529262626165,0.014269326058245688,-0.06408182545573733,-0.22120058226408182,0.38181292356337904,-0.01028987882351807,0.26950150868094047,0.16253458398002565,0.5391900359576991,0.5466862040045116,0.1427954460007905,0.07093403256437199,-0.3732293484233561,-0.10985318076214898,0.05248667251501451,0.02546730548620015,0.3234245611329085,0.2809655558019145,-0.02264853036160142,0.33968939488880107,,0.11219380525001688,0.30513529927795396,-0.12318355778778209,0.048194884945003034,-0.09247009148486982,-0.018055970616872162,0.2335630898556872,-0.13758591769253758,-0.07714999084187288,-0.264195579034637,-0.3490827412684488,-0.19395756413099013,0.470428889552987,0.31614818813685136,0.560741519092285,0.17572999913238796,0.21159900899424483,0.014693491945668206,0.5456450695535654,0.4013592588665131,0.5292799784061003,0.5472761801933811,0.33758784571929856,0.12718228529011982,0.0808248098483607,-0.2181620120887278,-0.30619185794298825,0.10248426248156324
