,#10,#11,#12,#13,#17,#18,#26,#49,#50,#51,#52,#53,#54,#58,#101,#102,#201,#202,#301,#302,#401,#402,#501,#502,#601,#602,#701,#702,#801,#802,#901,#902,#1001,#1002,#1101,#1102,#1201,#1202,#1301,#1302,#1401,#1402,#1501,#1502,#1601,#1602,#1701,#1702,#1801,#1802,#1901,#1902,#2001,#2002,#2101,#2102,#2201,#2202,#2301,#2302,#2401,#2402,#2501,#2502,#2601,#2602,#2701,#2702,#2801,#2802,#2901,#2902,#3001,#3002,#3101,#3102,#3201,#3202,#3301,#3302,#3401,#3402,#3455,#3501,#3502,#3601,#3602,#3701,#3702,#3801,#3802,#3901,#3902,#4001,#4002,#4101,#4102,#4201,#4202,#4301,#4302,#4401,#4402,#4501,#4502,#4601,#4602,#4701,#4702,#4801,#4802
#10,1.0,0.13568873935970233,0.10286986783376553,0.31962249236019397,-0.20926224055989898,0.09645339477311946,0.23278031099071655,0.5971889369824454,0.0461164720966327,-0.05397510917451534,0.4943248532289628,0.1530718286369815,0.2710902027320139,-0.09473745095581927,0.11078634571447851,-0.037143435550885444,0.09775674086356319,0.019822043129958646,0.4047487299123712,0.024591981336700954,0.029041867101115365,0.10920921982397115,-0.050369699131423945,-0.027187105357022356,0.06704713061417293,0.20368638716705387,-0.21990494828068213,-0.08785825147253044,0.2794462707142375,0.24370836667212942,0.04128869308706005,0.11955115537003654,-0.13039437787396488,0.2440284191144573,0.20300772174717785,0.1950796757058988,0.2621904312031851,0.21796535335910464,-0.2652367134855832,0.06312552418227566,0.1271283005408115,0.2548870658324738,0.14096767663135165,0.16242098697720614,-0.03467170524326878,0.09393539182323851,-0.2749346880934707,-0.03054958402822631,-0.34683080601158744,-0.11990205624054062,-0.1544098792091234,-0.050840137661110736,-0.045191019251347206,0.27828945465763066,0.3653707113454735,0.2579796207571361,0.014735908534410458,0.2383176038483414,-0.14786230032872857,-0.16869655750821821,-0.15082374943364213,-0.07200601544349436,-0.04437353590467836,0.05837101018962143,0.07149316032506531,0.0019916516441248204,-0.1373892589629144,0.2773100170630368,0.03278609507099958,-0.05906509982358555,0.04783627196745491,-0.0077564516595490345,0.2573240916583922,-0.011111218223708945,-0.20608870851127414,-0.36174602103477194,-0.18784186324506183,-0.39660088882033684,0.19008223034135713,0.16349859736053138,0.44034781602768647,-0.020971147079521465,,0.025050851705821678,0.06523478545882216,-0.04316273509876317,-0.1817184502520895,0.03600589976188869,0.21807332285772127,0.07618212140784514,0.01729247201951163,0.11632363857210339,0.04353677229039939,-0.18010661987988394,-0.06949572460065746,0.04764346929135376,0.21411701194412577,-0.08648549641869029,0.07298545303808816,-0.1937184888126247,-0.31164046156960656,0.214656859437209,0.19021719221462793,0.04898151986349571,0.11511669381971022,0.12731724716339063,-0.043205151687505425,-0.23069418603530217,-0.21419798906808826,-0.3460480271466168,-0.23097567794240983
#11,0.13568873935970233,1.0,0.6032776454937194,0.28061851098493246,0.08271813212767393,0.20866840831750744,0.6047583700461763,0.29645532279988046,0.49530814687707864,0.3959106552398947,0.372037827885051,0.1110716936751082,0.4416511621181302,0.4107988778884251,0.3908669372330888,0.3419721785738386,0.3910018991063596,0.1564612996828396,0.004760298072937252,0.12574012127288325,0.05919620564333433,0.09504593523758109,-0.11965141276160914,-0.09908707932866108,0.020450579854048374,-0.12770670856911495,0.030742386704327457,-0.23311578764713253,-0.0643131886670587,-0.16026722450907618,-0.045750147012040526,-0.26881898720754244,0.06371550037114515,-0.3081892936673961,-0.09835057310595471,-0.207750667579266,0.0021651740526158502,-0.12940722817232703,-0.19981876548446492,0.02858685278551666,-0.008373420223072697,0.07470525290891038,0.0015096449538719598,0.1691729432032475,0.023689664812547598,-0.2021401097047227,-0.02779250575997995,-0.09798424802136253,-0.06359210665844042,-0.20380592482623658,-0.006252590785960109,0.044936519718893696,-0.01039784832213471,0.03280151928508768,0.039962210675484174,-0.14264891596695362,-0.23983688893601843,-0.13864247635757185,-0.21626868980941455,-0.24881378153528771,-0.002824559204881764,0.1997455004675465,-0.16317854491820347,0.0016947355229290583,-0.054607501952127095,0.052660194923505536,0.2971378442732785,0.36943499175768557,0.20662469995083532,0.18626473735455448,0.3539220884385875,0.1314085199502569,0.20053213538603915,0.1464509847396682,-0.11402543067297774,0.007397838682000907,-0.17202047564420195,-0.29249901188628497,0.3162098849932037,0.32593870802926744,0.16792920285733565,-0.2516595490345406,,0.07183634908852535,0.056554808980748654,-0.0007962750522977259,0.0012782817425505866,0.029604850915330706,0.013143358429815006,0.0036420425515506154,-0.21165299374355315,-0.08243278416704423,-0.04958306421293127,0.09880944347507543,-0.29687948868730296,0.21002188310373748,-0.037544465117175824,0.3123114148824386,0.07530679725834595,0.23571862377449798,0.14833273885841536,0.4292076774025623,-0.19157066700085798,0.4159775577685018,0.02084389731329471,0.2747804459525898,0.05163448468664745,-0.008246170456845942,0.09078114004222379,-0.35320100642996927,-0.3833360647045781
#12,0.10286986783376553,0.6032776454937194,1.0,0.4572681788823229,-0.04540310219505847,0.20377893245158243,0.43514214377295557,0.27875603713379543,0.208757097548514,0.48024254576653524,0.2397481997050119,0.05258307385306508,0.38211369573809684,0.27495011230755884,0.05646997580326415,0.2274126844880607,0.7068743794163863,0.6361774941436187,0.05776175373314182,-0.015908148805105413,-0.026385046224441596,-0.1413802743582081,-0.13110003566849507,0.024962162474815152,0.0967811593224914,0.18450637694851205,0.1561219669729016,0.1241629953823759,0.062065109463719355,-0.029419760346273607,-0.003499368571235769,-0.08155360396402302,0.26858376794269906,0.01714208593215274,-0.1369997975571901,-0.17739967030742387,0.004251299008030231,-0.08827856130643093,-0.12893678964264024,0.045484079319020945,-0.22003605410043092,0.1636566955549343,-0.13776715220807265,-0.10061031745959911,-0.041373526264544554,-0.2692855696837072,0.19394213991690204,0.16838421717293436,0.11638147937493372,-0.10010507745847512,-0.009507099958547425,0.06470650612630503,-0.07176308407160692,0.21789594439570822,-0.042002062988634285,-0.016509693154540987,-0.3211919061436573,-0.4002602836127365,-0.287277915417466,-0.25409657486045906,-0.0967464548407932,-0.021063692364050014,-0.14151138017795686,0.05918463748276826,0.21371212632431338,-0.09913335197092536,0.2841275196899733,0.18350765908630812,0.4040970568671493,0.21620313689954015,0.6438741769735764,0.4201690879469407,0.250545149566676,0.22229570146433633,-0.12533523565307086,0.016270617836175567,-0.20039717351276837,-0.24660040681364656,0.3712550490200804,0.4480483549111662,0.08265643527132156,-0.27186912554346254,,-0.03314085199502569,-0.051534227295074855,-0.08185052008521879,-0.16649475094714314,-0.12288278561306432,-0.013089373680506685,-0.04312031851002092,-0.17524028033509106,-0.28121234322732397,-0.293513153962577,-0.07050986667694947,-0.5244560554500497,0.28464423086192436,0.41487472646120327,0.5689394888801057,0.5013467266925665,0.5910578118824289,0.5006295007374703,0.5667029778373324,0.08050090135251077,0.520646274570291,0.33851329856458406,0.6721930340393125,0.3366122641782268,-0.11409483963637415,-0.09526958634185842,-0.3450030366421486,-0.5321527382800073
#13,0.31962249236019397,0.28061851098493246,0.4572681788823229,1.0,0.0036111941233744325,0.2412289242574687,0.07843791271822853,0.2770670856911494,0.31200293060067674,0.40012532173946574,0.3426662682078027,0.13522601293705958,0.2691120472752162,0.10865009206327784,0.05729517125697705,0.15787261527189997,0.38373323821734645,0.2873473243808624,0.2651750166292308,0.142880279178275,-0.06399699227825283,0.07648674963608496,-0.20799745500467545,-0.17079425062419867,0.15678906423221153,0.1692325489477794,0.028818215996838037,-0.007127914935459305,-0.05476945620005206,-0.032350361023011,-0.04344422700587084,-0.050828569500544665,0.039846529069823486,-0.008496813935777428,-0.16228779655461617,0.0542373208140129,0.2956339833996896,0.23343198403593843,-0.09261662151870668,-0.07466669237369014,-0.095365987679909,0.09016802753222215,0.3969325094232308,-0.013297613389779335,0.03666914096767663,-0.07167439484060038,-0.05018846461588887,-0.10566550663723212,0.02380920247173031,-0.051661477061301614,0.045426238516190605,0.024383754446511717,-0.028239807968534602,0.06878621075260524,0.09298294660329885,0.05447639613237832,-0.0974713929029335,-0.12294448246941668,-0.07954845613257112,-0.1612158136754938,-0.2801172240270695,-0.2842624815632441,0.11055498250315714,0.17508603819421015,0.18013361225453808,-0.04096478459121013,0.26130353889311986,-0.00796467854973827,0.246338195174149,0.13578128464423087,0.2910028631197401,-0.017446714160392545,0.14890343477967474,0.09648038714777361,-0.30811217259695567,-0.22654121639208352,-0.2730722142423337,-0.29391032747534535,0.36580258933994003,0.30300675773379737,0.12751390589301378,-0.28322905921934194,,0.29123037027753945,0.1410139492736159,-0.14174274338927825,-0.2181157394464635,-0.14258336305707922,0.004953100749038397,0.16939450319570434,0.2114948955491502,-0.11321951548687496,-0.0249197458860729,-0.05276430836860015,-0.19633289310055624,0.23013505827460884,0.08946236973769196,0.17451534227295074,0.03904061388372071,0.24380476801017997,0.01877319657196842,0.27139483096025374,-0.023589407420975005,0.23714150752412444,0.034316948319242674,0.23333558269788784,-0.04086067114611551,-0.3875854356858473,-0.23486257989260892,-0.260829244309911,-0.3901034386357283
#17,-0.20926224055989898,0.08271813212767393,-0.04540310219505847,0.0036111941233744325,1.0,0.10426961526225983,-0.15680448844629963,-0.17005003229444823,0.1594111806271871,0.17045877396778267,-0.30218541833360646,0.35751593032111284,0.031154984431183905,-0.10703440563755025,0.06995073891625615,0.00018316254229608706,-0.13136995941503668,-0.11765397703720128,-0.16128522263889022,0.07180164460682714,0.21242806050147975,-0.0873646766217115,-0.09009476251530371,-0.43785294939893765,-0.19710795985848284,-0.48012300810735253,-0.018599674163477388,-0.24002583555859755,-0.3424657534246575,-0.22066459082452064,-0.13576200437662075,-0.21585994813608012,-0.16974540406620844,-0.3951047400537919,-0.16846905035041887,-0.020188368214550816,-0.1365332150810253,-0.1587363712608331,0.3174939508160373,-0.08576055835654998,-0.1789883643584973,-0.22208361852062505,-0.08840581107265769,0.05698288585398409,-0.13072214242333682,-0.35112644963512096,0.027892763151552542,-0.3212921635352299,-0.16856545168846943,-0.33975494779867543,-0.1250691679600513,-0.25445904389152924,-0.08896879488687302,-0.23203994871448816,0.0914405251944897,-0.2987496746454841,0.051946825021931306,-0.06951886092178959,0.07365640635092015,-0.01746213837448064,0.04486325470197526,0.20973653514310778,-0.10056009177407382,-0.1997994852168548,-0.43932210579082837,0.13156276209113782,-0.009302729121880212,-0.30120598073901267,-0.16118496524731762,-0.0852245669169888,-0.15133274849854916,-0.22917875700114718,-0.25531508777341827,0.3220903666142886,-0.030121562087281773,0.392579024996867,0.14576460721274812,0.4274300367289098,-0.1795320679051025,-0.3628334281279824,-0.08458060597881098,0.08461916651403122,,0.2715297928335245,0.552323754253709,0.30479211051449395,0.4786577077689838,-0.19547684921866715,0.11254470612052095,0.49195338031291874,0.27308378240289977,0.37190286601178024,0.13867332478574804,0.2386183760230592,0.09106648800285348,-0.03883624304705349,-0.4592964630349069,-0.16747418854173696,-0.3711509355749858,0.07564612996828396,-0.006399120819796979,-0.07289290775355962,-0.17480454628710246,0.02153798694725883,-0.3529040903087735,-0.362251164046157,-0.1966490894893621,0.1789690840908872,0.3100556235720552,-0.0949958065417948,0.057877435338802505
#18,0.09645339477311946,0.20866840831750744,0.20377893245158243,0.2412289242574687,0.10426961526225983,1.0,0.12939566001176098,0.16750118091639113,0.18666576692084486,0.22182526293464952,0.19274290727155294,0.24890632681981625,0.4453105569105299,0.1877338937464452,0.08187365640635091,0.03746348799321335,0.23261450068926956,0.16533407883701426,-0.08601891394252552,-0.1129920083290756,-0.034455766246035496,-0.1109174515342273,0.22374172153509492,0.018607386270521435,0.09052664050977027,-0.16675310653311867,0.13916689963656695,-0.1916285078036883,0.19224162031368996,-0.02416010334223439,0.14658980266646102,0.09260505335814061,0.14276845362613633,-0.10199454368426633,-0.06981577704298536,0.06137487588327726,-0.079529175864961,-0.1256630002024428,0.005064926301177061,-0.12772213278320302,0.05956638678144853,0.03678096651981529,0.058552244705156506,-0.016756496733445297,0.27813906857027176,-0.01106494558144467,-0.04545323089084476,-0.07086076754745356,-0.027144688768280103,-0.04704578099544022,0.015441566328940646,-0.09822332333972796,-0.019208930619957005,-0.14659751477350505,-0.0366807091282427,-0.06738646332411094,-0.1089315839703855,0.022559841130594893,0.1622068194306537,0.1372542970896436,-0.06946873222600329,-0.04627071423751362,0.1114572990273105,0.1611309804980093,-0.07720397559118121,-0.008292443099110215,0.21935353262703286,0.16876982252513664,0.08875671194316177,-0.08815902364724823,0.11548301890430239,-0.0751988277597293,0.011728186787232607,0.10575805192176067,-0.17288037557961305,-0.010201189592511544,-0.2542045443590757,-0.18664263059971273,0.17500891712376968,0.1162773659298391,0.3035080446916603,0.012996828395978136,,0.05593784041722499,-0.06525020967291026,-0.056624217944145065,-0.1360550644442945,0.10541871921182266,0.14016561749877088,-0.12474525946420137,-0.03510358323773534,-0.15778778209441546,0.07455872287507351,-0.021946728620593253,0.06245457086944367,0.17181224875401271,-0.06419750706139801,0.20040102956629038,0.21712087763778162,0.19749742126420713,0.10603954382886835,0.17470428889552986,0.07783636836879296,0.29804016079743184,0.04094936037712203,0.12410129852602354,0.004640760413754543,-0.2913383397761561,-0.08101375647093982,-0.16344075655770102,0.019559831490461088
#26,0.23278031099071655,0.6047583700461763,0.43514214377295557,0.07843791271822853,-0.15680448844629963,0.12939566001176098,1.0,0.3228114486229069,0.1223930668157674,-0.03852004665824762,0.3152805760943962,0.1384303934138606,0.4705599953727358,0.4095379483867236,0.5201796920941263,0.3493680892290785,0.20720310797913874,0.2601428667829909,-0.049968669565133565,-0.16497546585946612,0.1251038724417495,0.032319512594834815,0.0555522350650227,-0.011103506116664899,0.2332276131992712,-0.07535306990061022,-0.06059209701830661,-0.33346958055777814,0.04839539972814823,-0.014080379435666568,-0.018021266135173956,-0.2915465666663453,0.04504063316398832,-0.28722393066815766,-0.05199309766419558,-0.18080070951384805,0.03743263956503716,-0.13332883460422432,-0.359902827451245,0.03689279207195396,0.12601390107294688,0.21410158773003768,-0.052922406563003094,0.16099038974142013,0.06281318384699179,-0.09980044923023532,0.04101491328699643,0.1537350698427694,-0.022544416916506802,-0.00601351546759469,-0.09506135945166919,0.12679667993791754,0.09390839944858434,-0.002319416193496766,0.17635853585647768,-0.11467324766467758,-0.2809848360695246,-0.167983187606644,-0.38327822390174776,-0.4008039871593418,0.06906770265971292,0.17107188647778432,-0.22465946227333636,0.12760259512402033,-0.09345338513298565,-0.18617604812354796,0.15249342060867804,0.628800863755989,0.09026442887027272,0.0020456363934331406,0.4544108432225039,0.1820847753366817,0.37368436273895483,0.09321816586814224,-0.1373584105347382,-0.21741779375897738,-0.004108625027715385,-0.4056279101153924,0.2504795966568016,0.30639622877965544,0.25096545940057646,-0.04730413658141575,,-0.08611145922705407,-0.034806667116539576,-0.0023656888357610406,-0.15860526544108433,0.13428513587768598,0.07126950922078798,-0.13704992625297638,-0.40381170890651963,-0.13920931622530922,-0.24291787570011472,0.0874803582273722,-0.4085160942033875,0.06713581984517945,-0.014246189737113552,0.32117648192956916,0.2250026510367964,0.2165309014489121,0.12563600782778864,0.4162397694079994,-0.19314779289136533,0.45302652000809773,0.24432147918213104,0.43995835462196214,0.10841872885195647,0.04558819276411557,-0.07396103457915996,-0.10950227989164489,-0.22287025343911773
#49,0.5971889369824454,0.29645532279988046,0.27875603713379543,0.2770670856911494,-0.17005003229444823,0.16750118091639113,0.3228114486229069,1.0,0.05818206356704231,-0.11024264216787329,0.42689790134287064,0.13562318644982793,0.4640432649205171,0.02024620901738116,-0.016328458639005908,-0.141700326800536,0.1715076205257729,0.1471797788553305,0.09476444333047343,-0.28234987901632075,-0.16177879748970916,-0.1003711451514947,-0.052845285492562635,-0.09645725082664147,-0.15434818235277106,0.035462196215283466,-0.18071587633636355,-0.06897130132166235,0.09621046340123202,0.09088525348731841,-0.08031581078345368,-0.07091475229676188,-0.018846461588886854,0.12362700394281473,-0.07070266935305063,-0.09218474352424012,0.2557431097143628,0.0025584915118621846,-0.2844514281858232,0.10905497768309023,0.1819035408211466,0.16853845931381528,0.14589956908601892,0.026770677383947526,-0.12683909652665978,0.05170003759652184,-0.20217481418642091,-0.0836397289194374,-0.3111700230399198,-0.15554355894459815,-0.19946786461396085,-0.03255858791320024,0.07388776956224152,0.36402880471980953,0.18693183461386445,0.17379040421081043,-0.05439927506193786,-0.0095533726008117,-0.021160093702100584,-0.22173271765012098,-0.04121928412366364,0.12634166562231883,-0.26427655615859946,-0.23398725574310972,-0.10173233204476878,-0.05074759237658219,-0.07489034347796747,0.13701907782480022,-0.008778305842885099,-0.31169059026539286,0.2211774459429497,-0.020427443532916235,0.27628430682617877,0.05321932268419886,-0.3615956349474131,-0.22864662161510801,-0.20596917085209143,-0.4361138692605053,0.089975224856121,0.030688401955019137,0.32263792621441584,-0.03578224865761137,,0.11721053088216865,0.12122082654507245,0.1202529571110447,-0.004710169377150955,0.0442964148342379,0.10994572604667753,0.03409715326848737,-0.02513568488330618,0.17515544715760656,0.15676978396460142,-0.11548687495782442,-0.0012705696355065409,0.17923129573038474,0.2394937001725584,0.1721631496245168,0.12595991632363857,0.06323349368089229,-0.14063219997493565,0.24617624092622406,-0.05244039987275023,0.27357350120019663,0.16463998920305015,0.30590265392883653,0.022251356848833063,-0.1629124772251839,-0.11163467748932356,-0.27769947846876114,-0.18359249226379262
#50,0.0461164720966327,0.49530814687707864,0.208757097548514,0.31200293060067674,0.1594111806271871,0.18666576692084486,0.1223930668157674,0.05818206356704231,1.0,0.5743186835433276,0.39180010218541833,0.15768366864932085,0.16978010854790665,0.2742560226735947,0.2806223670384545,0.11869511148814746,0.19636759758225444,-0.06588260245052201,0.2630541871921182,0.21206944752393164,-0.11154984431183905,0.0825291855050948,0.08761146404712097,-0.19895115344200978,0.053061224489795916,0.01893515081989338,0.14440342031947404,-0.10474390984546865,-0.06598671589561664,0.03491078056163419,-0.0065186584789796885,-0.004586775664446222,-0.019448005938322424,-0.1432543163699112,0.10578890034993686,0.23353995353455506,0.18837785468462304,0.2928884732920093,-0.2194615021256495,-0.09973875237388295,0.06857412780889399,0.06831577222291846,0.14091369188204333,0.412814063812155,0.12914116047930746,0.08945465763064792,-0.11661669863977712,-0.13248821493642332,0.05504323600011568,-0.0064762418902374365,0.22408491029855496,0.15959241514272218,-0.03659201989723617,-0.2002390753183654,0.09249322780600194,-0.0024042493709812694,0.0949109733643103,0.13350235701271534,0.04593909363461965,-0.052374846962875844,-0.3357870687245139,-0.15772994129158513,0.14131857750185572,0.2808537302497759,-0.1506810754533273,-0.11682878158348838,0.41905468847907607,0.14845227651759807,0.3026288644886391,0.2935979871400615,0.10606268015000048,-0.003923534458658286,0.04273856921134065,0.025131828829784156,-0.22669160247944242,-0.10985318076214898,-0.36358535856477686,-0.31129727280614655,0.4473002805278937,0.25168268535567273,-0.027696104421929376,-0.16420811120858358,,0.29245659529754275,0.12914116047930746,-0.20009254528452855,-0.16853460326029326,0.161412472405117,-0.08941609709542768,1.34961873270801e-05,0.031544445836908214,-0.15734433593938285,0.021117677113358335,-0.127718276729681,-0.14802811063017554,0.034494326781255726,-0.22382655471257942,0.19681875584433112,-0.13523758109762563,0.13862319608996174,-0.09405878553594324,0.14108335823701232,-0.0025854838865163447,0.2373073178255714,-0.3377073833784813,-0.03344933627678752,-0.21409387562299365,-0.29940520374422797,-0.1331900166774315,-0.47793662576036555,-0.41448140900195696
#51,-0.05397510917451534,0.3959106552398947,0.48024254576653524,0.40012532173946574,0.17045877396778267,0.22182526293464952,-0.03852004665824762,-0.11024264216787329,0.5743186835433276,1.0,0.31500294024081055,0.010513529927795398,0.11739562145122574,0.24551685577395815,0.007771875873637126,0.09023358044209653,0.5220113175170872,0.15516952175296192,0.3316418111883393,0.29697203397183153,-0.028351633520673266,0.029870918608350283,-0.030271948174640663,-0.09505364734462514,0.019154945870648685,0.06996230707682223,0.3237060530400162,0.12174139377054553,0.007208892059421785,-0.0641435223120897,0.03430152410515458,0.06963454252745029,0.04555348828241736,-0.063353031340075,0.14255637068242508,0.09948425284142944,0.028120270309351894,0.13399593186353426,0.002678029171044894,-0.1162272372340528,-0.11187375280768896,0.04612418420367675,-0.1440139589137497,0.0471904284947425,0.0006111844832406274,-0.11736862907657158,0.06797258345945842,0.09483770834739186,0.11522851937184889,-0.04332468934668813,0.19219534767142568,0.09134412385643913,-0.11209354785844428,0.007848996944077584,0.044701300454050304,0.04276941763951684,-0.08979399034058592,-0.1716772868807419,-0.11804343844292559,-0.022097114707952146,-0.35976015347093016,-0.21143705474631988,0.16338291575487068,0.2702958557064772,0.13486739995951144,-0.07055228326569173,0.4397424156247289,-0.05967435628006517,0.4422102898788235,0.4817888232288664,0.309184155476078,0.2682675715538932,0.18066189158705523,0.2696210463401232,0.011782171536540927,0.08308445721226611,-0.24234717977885534,-0.15184560361697821,0.42646216729488207,0.2620747495975244,0.03828868344692624,-0.11042002062988635,,0.15744459333095542,-0.09063461000838692,-0.30751062824752007,-0.2527893727164933,0.07460499551733778,-0.09048807997455005,-0.048958383542363565,-0.08121041520056298,-0.3336546711268352,-0.19795629163332787,-0.24537032574012127,-0.33563282658363297,0.15942274878775317,0.03530024196735851,0.3289310055623572,0.08243664022056627,0.41635159496013807,0.2906018335534497,0.17328140514590343,0.09304849951317325,0.18252050938467027,-0.1346900214974984,0.09760249872268227,-0.011747467054842722,-0.24434075944974115,-0.0829147908572971,-0.43977712010642706,-0.4467604330348105
#52,0.4943248532289628,0.372037827885051,0.2397481997050119,0.3426662682078027,-0.30218541833360646,0.19274290727155294,0.3152805760943962,0.42689790134287064,0.39180010218541833,0.31500294024081055,1.0,0.06172192070025932,0.22667617826535433,0.22440110668736082,0.013660069601766073,-0.07285820327186142,0.2211311733006854,0.07557672100488755,0.3537986947258828,-0.03878611435126719,-0.2613151070536859,0.10731204149113589,0.061155080832521955,0.10501383359201026,0.2233561161828926,0.280209769311598,0.0036998833543809588,0.11210125996548832,0.3615262259840167,0.25749761406688326,0.3034694841564401,0.11488533060838885,0.14799340614847734,0.21054630638273258,0.13472858203271862,0.17690223940308292,0.3747640577251212,0.35568044884462996,-0.18417090029209607,0.20897303654574725,0.28925992692778574,0.18022615753906665,0.09852023946092371,0.18746029466070105,0.15341116134691948,0.23133429091995797,-0.18219660088882034,0.1364946545458051,-0.10250354274917337,0.11033133139887982,0.051144765889350546,0.117943181051353,0.051561219669729014,0.3043756567341155,0.26121484966211334,0.36277944337867407,0.000827123480473909,0.10836088804912612,-0.09306392372726134,-0.05402523787030164,-0.29753116173252486,-0.1627466669237369,0.09172587315511939,0.26191279534959944,0.06983891336411749,-0.028602276999604756,0.15185717177754426,0.27040768125861586,0.18893312639179433,-0.007332285772126517,0.08945465763064792,-0.13983785294939893,0.18564005668398678,0.033553449721882136,-0.20737277433410775,-0.4031716040218638,-0.2782817425505866,-0.548432996249988,0.35977172163149623,0.4413195415152362,0.27469946882862734,0.011315589060376158,,0.13389567447196168,-0.19512209229464106,-0.32602739726027397,-0.4233811805307858,0.27969305813964696,0.031085575467787493,-0.1408944116144332,-0.22826101626290574,-0.18064646737296713,-0.10042512990080302,-0.3335235653070865,-0.3105954710651384,0.07121166841795765,0.2427790577733219,0.14049723810166484,0.21668514358979302,-0.056446839482132014,-0.010617643372890015,0.35363674047795784,0.1461193641367742,0.24711711798559763,0.15909498423838123,0.223926812104152,0.05745326945137998,-0.300924488831905,-0.2719963753096893,-0.35215601592550105,-0.35101076802946024
#53,0.1530718286369815,0.1110716936751082,0.05258307385306508,0.13522601293705958,0.35751593032111284,0.24890632681981625,0.1384303934138606,0.13562318644982793,0.15768366864932085,0.010513529927795398,0.06172192070025932,1.0,0.2224962162474815,0.19082644867110757,0.08449191674780446,-0.054098502887220075,-0.158049993733913,0.14041240492418033,-0.276831866426306,-0.2557199733932307,-0.014920999103467556,-0.3310055623572055,-0.125528038329172,-0.5148236337520364,-0.18255135781284645,-0.41677961690108256,-0.40262404442173655,-0.46748672071568353,-0.11667068338908544,-0.08368214550817965,-0.04206375984498665,-0.21360415682569675,-0.15089701445056058,-0.3529734992721699,-0.024630541871921183,-0.11391360512083908,-0.22169801316842278,-0.14113348693279862,-0.14963222889533706,-0.2883884588318086,0.09525801818129236,0.014377295556862329,0.04428870272719385,0.058091502310287285,-0.2610606075212324,-0.3445017496842856,0.05220903666142886,-0.11520923910423876,-0.26948994052037445,-0.3292741943258172,-0.37065350467064484,-0.43065369747332094,-0.30163014662643517,-0.25940250450676255,-0.10862309968862367,-0.40705464991854085,-0.04934398889456586,-0.1751168866223863,0.02005726239480204,-0.24329576894527297,0.2845709658450059,0.40506107024765503,-0.1510011278956552,-0.05203551425293783,-0.44273856921134064,-0.12466428234023888,0.059577954942014594,-0.048939103274753454,-0.33406341280016966,-0.26585368204910687,-0.1074315791503186,-0.19580075771451708,-0.051399265421804056,0.45323860295180896,-0.0833042522630214,0.2646236009755815,0.3376842470573492,0.20448073419259058,-0.10664494423182594,-0.2048509153307048,0.2592559744729257,0.03850847849768155,,0.32966365573154155,0.4831962827644048,0.49390839944858433,0.42282976487713647,-0.04404191530178439,0.11522080726480484,0.2957766573800044,0.15828521299875642,0.4337655326655934,0.18422488504140438,0.3076340219602248,-0.06912554346254327,-0.1466052268805491,-0.3194258336305708,0.02555213866368465,-0.1344239538044788,0.020678087011847725,-0.12368484474564508,0.2296376273702679,-0.17632768742830152,0.16662971282041394,-0.10167834729546046,-0.15206925472125554,-0.18730587180550065,0.3001956947162427,0.3265672447533572,0.03204187674124917,0.09412819449933965
#54,0.2710902027320139,0.4416511621181302,0.38211369573809684,0.2691120472752162,0.031154984431183905,0.4453105569105299,0.4705599953727358,0.4640432649205171,0.16978010854790665,0.11739562145122574,0.22667617826535433,0.2224962162474815,1.0,0.3368667637106803,0.3216816249409542,0.1939652762380342,0.4043669806136909,0.24713254219968572,-0.11677094078065804,-0.19044855542594932,0.12828126054389635,0.07995719780590554,-0.03071925038319532,-0.030487887171873947,-0.004629192253188474,-0.17082124299885282,0.16891635255897353,-0.10347526823672312,-0.08041606817502626,-0.20745760751159226,-0.07792891365332151,-0.29945533244001427,0.02727579458802888,-0.28061465493141047,-0.27478815805963386,-0.24688189872075425,-0.15783405473667975,-0.3044450656975119,-0.2791763469676959,0.0366305804324564,0.15686232924913,0.014007114418748133,0.03268583767942699,0.04513900604342668,0.06828106774122025,0.04193651007875989,-0.025367048094627552,0.013266752142519739,0.020666518851281655,0.020809192831596504,0.05499310730432939,0.142039659510474,0.22305920006169686,0.05009591933136032,-0.01946728620593254,-0.28289358256292596,-0.2744025527074316,-0.19033287382028863,-0.17731869318346138,-0.17658604301427705,-0.03802261575390666,0.14517077497035658,-0.2197468500862792,-0.12965401559773648,-0.09936857123576875,0.04030539943894421,0.13625557922743967,0.3416097095427685,-0.04704963704896224,-0.13920546017178717,0.4044325335235653,0.1833842653736034,0.195954999855398,0.1368455554163092,-0.4624082982271794,-0.2122661062535548,-0.1959704240694861,-0.23729960571852737,0.10356781352125168,0.13622858685278552,0.2961275582505085,0.028073997667087618,,-0.0012821377960726096,0.08472327995912583,0.08427212169704916,-0.06088130103245833,0.09981972949784543,-0.02949302536319204,-0.047601052702611515,-0.09978888106966925,0.006908119884704,0.0027474381344413062,-0.07980681171854666,-0.2532636672997021,0.1447196167082799,0.05317305004193458,0.37360338561499234,0.21712473369130364,0.2882457848514937,0.2028958961950392,0.3270222590689559,-0.23621991073236095,0.3985096353137382,0.13776715220807265,0.34742463825397896,0.025594555252426904,-0.09463333751072465,-0.030931333326906577,-0.20435734047988585,-0.19635217336816635
#58,-0.09473745095581927,0.4107988778884251,0.27495011230755884,0.10865009206327784,-0.10703440563755025,0.1877338937464452,0.4095379483867236,0.02024620901738116,0.2742560226735947,0.24551685577395815,0.22440110668736082,0.19082644867110757,0.3368667637106803,1.0,0.1867737364194615,0.13943682338310856,0.20470824135038995,0.10682617874736101,-0.1392247404393973,-0.0707990706911012,-0.1342542874495098,-0.149281328024833,0.04512932239499484,-0.08906134017140158,-0.08854848505297254,-0.11435319522234969,0.01284258625509722,-0.24668138393760905,0.04997638167217761,-0.014735908534410458,-0.041354245996934436,-0.06456383214599018,0.08320399487144882,-0.14196253844003354,0.06891731657235402,-0.06763325074952041,-0.12452932046696809,0.0880703344162417,-0.3422343902133362,0.024615117657833092,0.25688835761040363,0.20192802676101143,0.14017332960581494,0.23875164002945554,0.04509076185977461,-0.16578909315261295,0.24162609777023705,0.237403719163622,0.17830198683157722,0.06914867978367539,0.031247529715712454,0.0655933984363703,-0.0745741470891616,-0.1336990157423385,-0.3188435695487453,-0.17045491791426065,-0.13822602257719338,-0.10354853325364156,-0.20783935681027252,-0.20987920912342264,-0.0975215215987198,0.0948107159727377,0.13626714738800574,0.07426180675387774,-0.23605024437739197,-0.16801017998129814,0.5322105790828376,0.32938216382443386,0.1162426614481409,0.13044450656975118,0.3209374066112038,0.19322105790828376,0.0626280932779347,0.014789893283718778,-0.11569510184801365,-0.03359972236414641,-0.03193390724263253,-0.1557209374066112,0.3505441855532955,0.28937946458696845,0.24981635545101366,-0.18868633896638484,,0.16775953650236666,0.042919803726875726,-0.07211398494211099,-0.09957294207243597,0.08144177841188435,-0.009225608051439753,0.0076986108567186915,-0.21923013891432813,-0.2562636769398359,-0.015048248869694312,0.08717187394561036,-0.3375030125418141,-0.09518860921789594,-0.060511119894344136,0.3343718970819315,0.08612688344114217,0.2846519429689684,0.18105520904630157,0.39020755208082286,-0.04500207262876809,0.31230755882891653,-0.07418082962991526,0.18856294525368011,-0.08933897602498722,-0.005246160816712136,0.14952811545024244,-0.2823228866416666,-0.3266906384660619
#101,0.11078634571447851,0.3908669372330888,0.05646997580326415,0.05729517125697705,0.06995073891625615,0.08187365640635091,0.5201796920941263,-0.016328458639005908,0.2806223670384545,0.007771875873637126,0.013660069601766073,0.08449191674780446,0.3216816249409542,0.1867737364194615,1.0,0.6715220807264805,0.03961902191202414,-0.11741875777235788,0.20003084842817617,0.22689982936963166,0.5955655384496736,0.30789623359972235,0.026813068165386134,-0.17824028997522487,0.3545583372697213,-0.11682106947644433,0.009268024640182006,-0.4632026452527161,-0.19209123422633106,-0.043606181253795805,-0.2770979341193256,-0.30144120000385605,-0.34735522929058255,-0.3539182323850655,-0.0009543732467006642,0.061556110398812335,0.01702254827297003,-0.017766766602720446,-0.5066989289811342,-0.149119373776908,-0.1987352144447765,0.05179643893457241,0.07796747418854173,0.4181084304017351,0.15371193352163728,0.028378625895327428,-0.2182159968380361,-0.10181716522225329,0.11244830478247038,0.1254586293657756,0.09741355210010315,0.2383985809723039,0.23625075916053714,-0.26661332459294534,0.36972805182535934,-0.21119026732091042,-0.10902798530843608,0.09047651181398397,-0.43473340209962114,-0.43082336382828995,-0.12441749491482942,-0.0071741875777235785,-0.07844562482527258,0.2180116260013689,0.019340036439705784,-0.08048547713842268,0.14327359663752132,0.5434124145643141,0.26933955443301555,0.386185688257353,0.18541640557970945,-0.0029980816133727936,0.2737470236086877,-0.12315270935960591,-0.14527874446897324,-0.2834719905912294,-0.1327041539336566,-0.2580991584163188,0.15621065620390812,0.15714382115623765,0.06321035735976015,-0.08192378510213721,,-0.09791869511148815,0.054156343690050415,-0.1089817126661718,-0.1625114476588935,0.04959077631997532,-0.012877290736795426,-0.12397404875979678,-0.05321161057715481,-0.22597823257786817,-0.018310470149325672,0.035431347787107284,-0.1435049598488427,-0.05438385084784977,-0.29976767277529814,-0.029593282754764635,-0.1995604098984894,-0.09498038232770671,-0.23110678376215862,0.03534265855610076,-0.3376341183615629,0.10261151224779,-0.15194971706207283,-0.026689674452681403,-0.25394618877310016,-0.1051912120540233,-0.07091089624323986,-0.1699266385817435,-0.017288615965989608
#102,-0.037143435550885444,0.3419721785738386,0.2274126844880607,0.15787261527189997,0.00018316254229608706,0.03746348799321335,0.3493680892290785,-0.141700326800536,0.11869511148814746,0.09023358044209653,-0.07285820327186142,-0.054098502887220075,0.1939652762380342,0.13943682338310856,0.6715220807264805,1.0,0.2635747544175913,0.15268622328477918,0.034004607983958816,0.29107998419018055,0.47500602508362816,0.45832088149383515,-0.21048460952638023,-0.15984305862165366,0.2654719327504266,0.0388709475287517,0.18061561894479095,-0.1299779240935864,-0.17460017545043524,-0.15575949794183144,-0.23195125948348164,-0.3900224615117658,-0.22744353291623687,-0.2501749684285618,-0.05733373179219728,0.054804160681750265,-0.14061677576084755,-0.059577954942014594,-0.46587103428995597,-0.10740458677566445,-0.3547974125880867,0.10426190315521579,-0.10967965835365795,0.2564297344430972,0.05215505191212054,-0.08187751245987294,-0.10985318076214898,0.006634340084640374,0.28214936423317555,0.22816847097837717,0.10998428658189775,0.23016976275630704,0.18208091928315964,-0.11877994466563196,0.08950864237995623,-0.28529975996066825,-0.11694446318914907,-0.13595095099919988,-0.5633482112731725,-0.5089123037027754,-0.1237234052808653,-0.08878370431781593,-0.25007856709051124,0.103286321614144,0.2293368551955501,-0.07966028168470979,0.091829986600214,0.31293223949948423,0.18683157722229185,0.4603915822351614,0.2834218618954431,0.14891885899376284,0.2241466071549073,0.06078489969440776,-0.11068994437642794,-0.1570165713900109,-0.13548822457655713,-0.10829147908572971,0.004937676534950305,0.3267793276970684,-0.1317748450348491,-0.3364965825725661,,-0.13759748585310363,-0.01653282947567312,-0.12164113637897293,-0.13701522177127817,-0.1488610181909325,-0.09006777014064955,-0.12578639391514754,-0.12952676583150974,-0.3225261006622772,-0.17784697251597853,0.1121822370894508,-0.29244117108345463,-0.009831008454397347,-0.07238776474217462,0.04473600493574851,1.34961873270801e-05,0.011797595750629018,0.044242430084929577,0.06575920873781728,-0.35684112095475884,0.06819237851021372,-0.07517569143859716,0.10807939614201845,-0.1573211996182507,-0.10587373352742135,-0.018237205132407237,-0.06568208766737682,-0.16838421717293436
#201,0.09775674086356319,0.3910018991063596,0.7068743794163863,0.38373323821734645,-0.13136995941503668,0.23261450068926956,0.20720310797913874,0.1715076205257729,0.19636759758225444,0.5220113175170872,0.2211311733006854,-0.158049993733913,0.4043669806136909,0.20470824135038995,0.03961902191202414,0.2635747544175913,1.0,0.609597717216315,0.18642283554895742,0.15641502704057533,0.021410737181032074,-0.020708935440023907,-0.1457106224634398,0.223252002737798,0.0688633318230457,0.27832415913932884,0.43048403111835193,0.33296829359991514,0.1442144736968949,-0.04512932239499484,0.1055613931921375,0.0035379291064559976,0.3380428600348973,0.09346880934707373,-0.0032602932528703497,-0.020809192831596504,0.030113849980237726,0.008346427848418537,-0.19513751650872915,0.04015501335158532,-0.04422700587084149,0.062369737691959165,-0.14881860160219024,-0.06339165298572637,0.061644799629818864,-0.09949582100199551,0.14803196668369756,0.2984334782566782,0.3083126873801008,0.12548562174042976,0.27432543163699113,0.2880529821753926,0.0766294236163998,0.1995449856844013,-0.059462273336353906,-0.011751323108364744,-0.26568401569413785,-0.3295248378047487,-0.2878023386964611,-0.19336758794212064,-0.36108663588250606,-0.33229348423356114,-0.043833688411595156,0.16090347334020996,0.38530265200080976,-0.03793392652290014,0.36532829475673123,0.17332382173464567,0.49599838045752076,0.3783926040893448,0.7339901477832512,0.5635988547521039,0.3827306643016205,0.18835471836349088,-0.1786875921837795,-0.15510396884308755,-0.36080514397539837,-0.3255106860883229,0.41052509808836146,0.5397337395043044,0.04011259676284307,-0.20803987159341772,,-0.22315560139974744,-0.17192793035967338,-0.3286225212805954,-0.364113637897294,-0.02355855899279882,-0.09649581136186171,-0.14250238593311676,-0.21608359924035744,-0.45304580027570784,-0.38742733749144437,-0.32056336941956753,-0.5462774623311771,0.3401366970973557,0.47367568661853027,0.6904205990379146,0.5942891847338841,0.6087146809597718,0.5373506984276942,0.5246527141796729,0.19506810754533274,0.4570830883132658,0.30331138596203716,0.6508189293667396,0.325186777592473,-0.3651509162947182,-0.4154839829176829,-0.399496785015376,-0.567817377305197
