,#10,#11,#12,#13,#17,#18,#26,#49,#50,#51,#52,#53,#54,#58,#101,#102,#201,#202,#301,#302,#401,#402,#501,#502,#601,#602,#701,#702,#801,#802,#901,#902,#1001,#1002,#1101,#1102,#1201,#1202,#1301,#1302,#1401,#1402,#1501,#1502,#1601,#1602,#1701,#1702,#1801,#1802,#1901,#1902,#2001,#2002,#2101,#2102,#2201,#2202,#2301,#2302,#2401,#2402,#2501,#2502,#2601,#2602,#2701,#2702,#2801,#2802,#2901,#2902,#3001,#3002,#3101,#3102,#3201,#3202,#3301,#3302,#3401,#3402,#3455,#3501,#3502,#3601,#3602,#3701,#3702,#3801,#3802,#3901,#3902,#4001,#4002,#4101,#4102,#4201,#4202,#4301,#4302,#4401,#4402,#4501,#4502,#4601,#4602,#4701,#4702,#4801,#4802
#10,1.0,0.1103240180701071,0.50244670890315,0.5058673172998722,0.12245162965848591,0.47876899104012466,0.1280968295299995,0.5275835674109309,0.05775053137323246,0.4174645808131548,0.5322036099207895,0.28835626268632236,0.32699786083830534,-0.13954783725968603,-0.2010026038996986,-0.25987397398834056,0.3914768416952002,0.3544071514977549,-0.15893356296858235,-0.28430689110778506,-0.06826522871260739,-0.029452771000348554,0.19888736254348377,0.09981957230434872,0.21292860120695192,0.019498493018678367,0.08643101716113423,0.2750360513672182,0.1854407151497755,-0.1680608806785175,0.2964447542697804,0.08208434994771698,0.09945393284535843,0.2268263178397884,0.038228118016115475,-0.0996931362297446,-0.12805924042673883,-0.030870905350637988,-0.39095401144075614,-0.17921459277332405,-0.2732112712634723,-0.3951400706675141,-0.25988080837075156,0.015859184384803066,-0.27410657535931765,-0.06098319425365127,0.22446503871677637,0.11836466897668792,-0.06443455737122315,-0.030669291069512505,0.27761603072738333,0.07406761937957476,0.21925040493715786,0.139031841387653,0.11607173367778621,-0.06113696785789952,-0.10844114571586738,-0.22948830978888593,0.025762204498390503,-0.1640593497768574,0.1822353897990008,0.16274373116273347,-0.05303480750961939,-0.11281515045892877,0.06761596238355921,-0.014205263841332978,-0.16873406734600427,-0.03325268762088314,0.007862956963893959,0.043032688851071976,0.28539697510234485,0.3395628729009903,0.12919033071576486,0.029794490120900224,-0.1959314921507118,-0.1538351136899514,0.047177741783363744,-0.009363103903115795,-0.23110464122909533,-0.27571948960832154,0.24986502094738208,0.015247507159015575,0.0740539506147527,0.1465291588925567,0.028202079019129436,0.16580211729167094,0.31482582576425483,0.045752773050663276,-0.1996698993295471,8.542978013791783e-05,-0.23690361470485718,0.2238226067701392,-0.19761275022382602,0.3570486402996193,-0.28295368339040045,0.16686828094779216,0.07819558635583895,0.16864863756586637,0.3726241978143645,0.1435869572646068,0.21005132621190686,0.4152707440592131,0.23116615067079463,0.2124912007326458,0.21722742774349196,0.16271981082429487,0.2436491501445472,0.18704337782516284,0.06453365591618314,0.2052945960538276,0.0599067790239135
#11,0.1103240180701071,1.0,-0.017007360629856683,-0.04842501657337735,0.30726699881765185,-0.133205530382247,0.2846691133755698,0.4976694755978376,0.5909758814644714,0.28438206931430643,0.32215570090008816,0.12590982715846882,0.16508450713851242,0.2402763824247022,0.2865690716858371,0.1608676931909048,0.05368407383866757,-0.15956916053280845,-0.03831696498745891,-0.014222349797360562,-0.09130051462899555,-0.1461669366247719,-0.12786104333681886,-0.2786138505593942,-0.15124829994737526,-0.06460541693149899,-0.21131226976674253,-0.1866469836453229,0.013989980795385425,-0.11517642958194083,-0.1746492253227537,-0.02022293755424791,0.02797996159077085,-0.006263711479712135,0.10827370334679706,0.07866374155099475,0.09718491788489533,0.09165248532316377,0.018189708786965467,0.07628879366316063,-0.05679713502689329,0.052730677492328404,-0.03360124112384584,0.13934622297856053,-0.08823871130885258,-0.016969771526595998,-0.1881163758636951,-0.004220231138813141,-0.005163375911535754,-0.17502169916415503,-0.09768724499210629,-0.03211134575824055,-0.19106199468285048,-0.3190426397118624,-0.3003027631408088,-0.27941689049269064,-0.2939707078369863,-0.10663345156814905,-0.06827889747742945,-0.24944128923789802,-0.10494535911262379,0.03702184952056808,0.2560774745590115,0.29402196570506905,-0.04292675592370095,-0.21928457684921301,0.227458498212809,0.2369241178520903,0.1319992618866996,0.11521060149399599,0.053154409201812476,-0.14913647578236594,0.1741161434946931,0.17913258018439163,0.03864501534318851,0.0267429383743738,-0.06864453693641974,0.0007483648740081603,0.21887793109575654,-0.08302066033802856,-0.0035504616625318653,-0.05687231323341466,0.31194855076920974,0.20714329649601212,0.1014324865533526,-0.02903929086448103,-0.04369562394494222,-0.12957647332198827,0.053895939693409604,-0.013227947156555198,0.023759730451957707,-0.2477190248703176,-0.21512243796089367,-0.098445861439731,-0.046859943001250695,-0.2578373280298526,-0.09370963442888483,0.07053424367307048,-0.11949234207450844,-0.03953348505662286,-0.020581742630827165,-0.08097717999712956,-0.11709005665703019,-0.062148456454732465,-0.02405019170442663,0.0030720548937595254,0.10286428966846412,-0.0647933624478024,0.09262638481673603,-0.13783924165692768,-0.1698412372965917
#12,0.50244670890315,-0.017007360629856683,1.0,0.4146214777301649,0.058604829174611635,0.3713666714507344,0.08530334406331372,0.155902514369289,-0.047980781716660176,0.3922012862307698,0.3203650927083974,-0.06851126647940459,0.1343912957305613,-0.14419863449039427,-0.20720480593771143,-0.16743895187911345,0.6672988470396872,0.6235793027563065,-0.14080194643211066,-0.2470458382028308,-0.22168686226669126,-0.09345334508847108,0.241161434946931,0.12443701774889113,0.1877541535959103,0.14567144389997197,0.12192879940404186,0.27692575810386894,0.2870201409249653,-0.024183462161441783,0.4410944579993029,0.23468244042127134,0.272951564731853,0.21687887424052926,0.029442519426732004,-0.20782331754590996,-0.1379895980699704,-0.10193139646935805,-0.3514820358258326,-0.20804201778306303,-0.13542670466583287,-0.36868417635440376,-0.21330449223955877,-0.14444125506598596,-0.2569249379779796,-0.06712046965875929,0.3417122861692603,0.1666495807106391,-0.14981991402346928,-0.13088867474490667,0.17073654139243707,-0.04428679802349661,0.21153780438630662,0.3626323307294336,0.31172643334085115,0.2191581407746089,-0.1569174201573275,-0.4022307424189613,0.21913422043617029,-0.13282280496722915,0.1840328323731026,0.1099583786111168,-0.152013750777411,-0.1157026770275904,0.25358975936139533,0.2755417956656347,-0.2217962123852678,0.09604357602225275,0.0604774499552348,0.09202837635577062,0.4794729324284611,0.4681654467294063,-0.03096316951318694,-0.011399749861603756,-0.3624819743163909,-0.19809115699259836,0.00023578619318065323,-0.07364047047888518,-0.2270313493121194,-0.06609531229710428,0.0076476739179464044,-0.00942119615360958,-0.11451349448807059,-0.10006902726235144,-0.18284023264237728,0.09757447768232423,0.16452408778080768,0.1362297445991293,-0.19013593586615546,-0.1222431809949494,-0.25681217066819756,0.13734716612333325,-0.04743061393257198,0.3954544522584217,-0.06729816360144615,0.2941313158236456,0.24994019915390345,0.4141054818581319,0.5425782024207383,0.199656230564725,0.28520561239483594,0.6385602690012917,0.46823720774472216,0.3667534633232868,0.3244315502429623,0.25288240078185337,0.30034035224406946,0.19911631435425337,-0.013477402114557918,0.2697633253371059,0.1430402066717241
#13,0.5058673172998722,-0.04842501657337735,0.4146214777301649,1.0,-0.08586034622981294,0.43012185703838873,-0.02735803279136681,0.015872853149625134,-0.16057723193843587,0.4798249031226293,0.25659688762225,0.08815669871992017,0.2407889611055297,-0.03090166007148764,-0.11855603168419686,-0.16441132047102563,0.4319329683773126,0.21811931464813183,0.03127413391288896,-0.12834628448800225,-0.027019730862020655,0.060033215098517625,0.23576227284221463,0.15521565893698017,0.2517034698159501,0.06746560597051647,0.08886747449066765,0.21433990117483034,-0.07929250473280983,-0.3054593046699335,0.21126784628107081,0.04784409406843951,0.14116416869989543,0.20007654508300357,-0.11334481509578387,-0.2090979298655677,0.04774499552347952,0.11378563276129552,-0.12513754194602206,-0.05131596033324449,-0.3513453481776119,-0.4108796533601241,-0.22961132867228454,0.09596156343332035,-0.16840259979906916,-0.061922921835168364,0.19794421777076115,0.23029818410459338,0.026288451944040076,0.02511977255175336,0.1271946910517431,-0.018586102966805403,0.08808835489580984,0.0952986283394501,0.02898803299639828,-0.013754194602204771,-0.050379649942932904,-0.08427476951045319,0.09305353371742563,-0.017431092339340756,0.22087015356857279,0.11764022444111838,-0.14640614000915808,-0.21395034137740143,0.0875689418325713,0.10518797968821547,-0.2689226963005488,-0.10627122930036427,-0.03458539219103466,-0.14817624505361573,0.10549552689671197,0.23691386627847374,-0.1451417792631169,-0.3732153718929189,-0.20725264661458867,-0.2413015397863572,0.16995742179757925,0.05741564663509182,-0.1876106315652786,-0.3336716352626795,-0.0731347261804687,-0.15956574334160292,0.04923489088908481,-0.2702007258114121,-0.13120989071822525,0.06675824739097451,0.20361333798071338,-0.00905555669461929,-0.33891702376314764,-0.24575413992714548,-0.22364833001865786,0.27027590401793344,-0.1337112746806635,0.384075205544051,-0.08725797743286928,0.3637053287679659,0.08328378406085334,0.08078240009841511,0.32235731518121363,0.21845078219506694,0.10833179559729085,0.22150233394159335,0.20724581223217764,0.1920461457500393,0.26139462407479547,0.2141690416145545,0.22068562524347488,0.2841394487387147,0.0936002843103083,0.219687805411464,0.24466405593258564
#17,0.12245162965848591,0.30726699881765185,0.058604829174611635,-0.08586034622981294,1.0,-0.1593299571484223,0.3477231254997642,0.40573678059582147,0.3456762279676597,-0.04233899903635208,0.04098920851017298,0.16696396230154661,0.26486307314839497,0.25163854318304524,0.08888456044669524,0.11886699608389888,0.022556879147615824,-0.03616413452798338,-0.008440462277626282,-0.001192599730725333,-0.3109438965547878,-0.1802910080030618,-0.13674915766236784,-0.026623336682180716,-0.1640730185416795,0.15740607849971638,-0.20712279334877903,-0.09174474948571272,0.13059821349243775,0.22727738707891662,-0.13540620151859978,0.16727150951004313,0.13496538385308812,0.2664964905446319,0.27746225712313505,0.24889112145380982,0.13045810865301158,0.3214688454677793,0.15119020769688146,0.31836603585317014,0.057907722168686226,0.19245279150349578,0.26445301020373296,0.2569420239340072,0.20769346428010033,0.28477846349414637,-0.15846540777342655,0.08712128978464861,0.005621279533074994,-0.016190651931738187,0.0018179457213348916,0.0707016860421408,-0.29035531954154964,-0.16159555491767985,-0.4413029066628394,-0.07173709497741236,-0.5005570021664992,-0.1453707310738865,-0.18136058885038853,-0.13486970249933364,-0.3478119724711076,-0.27549737217996295,0.33260205441535273,0.34918568333572536,-0.09229150007859539,-0.3494932305442219,0.32389163403249066,0.24701850067318668,0.11051538077761604,0.21138061359085286,-0.09248969716851536,-0.28716366295559703,0.10531099857161408,0.15719079545376882,-0.020260526657508594,0.02562893404137535,-0.35933474121611003,-0.34401205585057304,0.31865649710563904,0.2670398239463091,0.15583417054517867,0.15218119314648132,0.3649423519843629,0.1141068487346141,0.37590811856286604,0.03657078028143987,-0.16679993712368182,-0.07395826926099823,0.26836227694284404,0.19827226812649074,0.3259863722414724,-0.1549217804933057,0.0053000635597564225,-0.1006123606640286,0.11025567424599676,-0.26702957237269254,0.09285533662750566,-0.008867611178315872,-0.05332526876208831,-0.14899637094293974,0.0651384987595596,-0.13141150499935073,0.017878744387263446,-0.014222349797360562,0.02030495014318031,0.01237364935517602,0.2134343455053684,-0.3256856594153869,-0.15980836391719463,-0.2051100677287297,-0.1357342518743294
#18,0.47876899104012466,-0.133205530382247,0.3713666714507344,0.43012185703838873,-0.1593299571484223,1.0,-0.07292627751693219,0.1247001414717159,-0.24034814344001804,0.3555245730219589,0.3997532787949617,0.4805254273197602,0.4928649047628811,-0.04583478563959568,-0.20792925047328098,-0.13795200896670973,0.3282724731579631,0.23656531277551104,-0.2591324434967434,-0.28441624122636155,-0.2469672428051039,-0.04555799315194883,0.15451855193105474,-0.006475577334454172,0.1131056117113977,-0.11069990910271393,0.006769455778128609,0.3000020503147233,0.2074610952781252,-0.12982251108878545,0.33391767302947667,0.03204300193413022,0.21448684039666754,0.2667596142674567,-0.0638741380135184,-0.10111468777123955,0.06298908549128958,0.051538077761603074,-0.2533813106978588,-0.1550003758910326,-0.3203035832666981,-0.429971500625346,-0.23641837355367382,0.03963600079278836,0.026623336682180716,-0.08164694947341083,0.20876987950983808,0.16915096467307733,-0.072071979715553,0.07938476889535877,0.18709463569324558,0.19370690067592042,0.3550564178268031,0.1490476288110225,0.32632467417081856,0.016269247329465074,-0.07015835264046365,-0.30856211428454267,0.3041949439238923,0.19055625038443402,0.14949528085894517,0.07385917071603824,-0.03785222698350864,-0.060590217265016844,0.03086065377702144,-0.020653503646143018,-0.01664513836207191,-0.165306624566871,-0.13018815054777574,-0.11063498246980911,0.1969703182771889,0.32708329061844327,-0.0585569884977344,-0.1268495547399859,-0.27296865068788057,-0.46515148408614054,-0.05618887499231132,0.005655451445130161,-0.10883753989570732,-0.11358743567137555,0.3579952022635475,0.3281152823625093,0.003540210088915315,0.2003875094827056,0.18365352414929026,0.07614868882373445,0.19733254054497365,-0.030983672660420042,-0.3405777786890288,0.047471620227038186,-0.2872730130741736,0.31211257594707453,0.06458491378426588,0.4164189203042667,-0.05761384372501179,0.049443339552621327,-0.11994341131363664,-0.037127782447939094,0.2746294056137617,0.25675407841770376,0.250763742234433,0.36480908152734776,0.37077891456338546,0.2105468189367068,0.22944388630321422,0.22455730287932532,0.27312584148333435,0.09126634271694038,-0.08709395225500448,0.17687039960633957,0.15774096323785702
#26,0.1280968295299995,0.2846691133755698,0.08530334406331372,-0.02735803279136681,0.3477231254997642,-0.07292627751693219,1.0,0.394285772866135,0.24971808172554488,0.21137719639964733,0.39346564697681097,0.22877411682693294,0.20385937574751056,0.31690006082600347,0.44245108290789303,0.39806518633943644,0.1718847176374907,-0.04314203896964851,-0.12983617985360754,-0.1355941470349032,-0.02723159671676269,-0.07581380408559381,-0.031144280647079328,-0.02742979380668266,0.01704153254191185,-0.1814972764986092,-0.09673726583697265,-0.15785373054763907,0.2631749806928697,0.1426882359775559,-0.0697414553133906,0.041829837546730086,-0.11033426964372364,0.13481161024883986,0.09606407916948585,0.08921261080242483,0.0076510911091519215,0.2167080146802534,-0.08031766209446484,0.06802944251942673,0.04685310861883966,0.07365755643491276,0.0513398806716831,0.2642924022170737,-0.1850750756907852,0.12476848529582624,-0.07657583772442403,-0.09018992748720261,-0.1503359098955023,-0.3616584312358614,-0.20659312871192395,-0.3214825142326014,-0.33423547181158975,-0.2960654460459681,-0.269062801139975,0.05618887499231132,-0.32762662402012044,-0.184624006451657,-0.24095982066580554,-0.22526807865007278,-0.2412161100062193,-0.26749431037664284,0.2703134931211941,0.39202017509687737,-0.23674300671819792,-0.17729754850702917,0.2844230756087726,0.33312830186100234,0.0893698015978786,0.189941155967441,-0.04486772052843445,-0.19898304389723823,0.1254724266841627,0.07162774485883583,0.07387625667206583,-0.053670405073845504,-0.21495157840061782,-0.27391521265180874,0.19008467799807272,-0.08235089086174728,0.2803566180742077,0.0024877151976161675,-0.19563419651583186,0.0725606380579419,0.020605662969265783,-0.05588816216622585,-0.1764671710440886,-0.06743826844087233,0.16441815485343667,-0.03333811740102106,0.028608724772585924,-0.2915752568019191,-0.052515394446380856,-0.043278726617869176,-0.13513282622215844,-0.10947655465113895,-0.07211982039243024,-0.010125137541946022,-0.06296174796164544,-0.3717630656305743,-0.15376335267463556,0.04972013204026818,-0.04294042468852302,-0.21959554124891503,-0.19187528618976346,-0.17216492731634306,0.005402579295921924,-0.32793758841982246,-0.14987117189155202,-0.1821089537243967,-0.27909567451937206
#49,0.5275835674109309,0.4976694755978376,0.155902514369289,0.015872853149625134,0.40573678059582147,0.1247001414717159,0.394285772866135,1.0,0.6400091580724308,0.15707461095278125,0.49027467382909945,0.4910196215119021,0.33013142517376415,0.06523418011331406,0.1295047123066724,-0.09678510651384988,0.04466610624730896,-0.10911774957455969,-0.020824363206418853,-0.008707003191656586,-0.10587825231172986,-0.154778258462674,-0.02011700462687689,0.08088491583458061,-0.141379451745843,-0.020110170244465857,-0.25760495902787744,-0.15782639301799492,0.27649860920317937,-0.05184904216130509,-0.15619639281296346,-0.08868636335677527,-0.1625045277783473,0.03956423977747251,0.181555368749103,0.18011331406037492,0.07142613057771034,0.13161311928047623,-0.0926810598760243,0.12096515148408614,-0.12123169239811644,-0.047471620227038186,-0.04656264736637074,0.21032128431714267,0.010982852534530718,0.14145804714356988,-0.17349421469528906,-0.14116416869989543,-0.2643812491884171,-0.276013368051996,-0.06677191615579658,-0.06848734614096597,-0.2577997389265919,-0.22203541576965397,-0.28435131459345675,-0.17388035730151244,-0.29012978492198555,-0.028711240508751425,-0.13047861180024467,-0.23910770303241546,-0.31086871834826646,-0.16841968575509675,0.25051428727643027,0.15637066956444481,-0.1081575188458095,-0.32373102604583137,0.23641837355367382,0.2219773235191602,0.1546689083440975,0.17226402586130304,0.09482363876188328,0.0437127099009698,0.38987417901981286,0.231446360349647,0.10061577785523411,-0.03250432274687498,-0.27549053779755195,-0.19499859895160573,0.22153992304485406,-0.01548329335219623,0.3984034882687826,0.10720070530826482,0.2269664226792146,0.4985750312672995,0.3926045147930207,-0.021733336067086297,-0.1485384673214005,-0.11811179682747969,-0.011222055918916887,0.3229621580245901,0.13011297234125438,-0.09898919484140815,-0.11689869394952125,0.030539437803702867,-0.13188649457691756,-0.33087979004777235,0.04735885291725613,-0.037384071788352846,-0.0956471818424128,-0.18433012800798257,-0.03552853696375727,-0.019768451123914187,-0.11857653483142996,-0.1801064796779639,-0.15805192763755904,-0.18972587292149345,-0.0029319500543333404,-0.2640942051271537,-0.029011953334836898,-0.16963278863305517,-0.2544201368243359
#50,0.05775053137323246,0.5909758814644714,-0.047980781716660176,-0.16057723193843587,0.3456762279676597,-0.24034814344001804,0.24971808172554488,0.6400091580724308,1.0,0.10809259221290468,0.13825272179279519,0.0571866948243222,0.1349619666618826,0.07924124686472707,0.17566071391958665,-0.013415892672858616,-0.10729296947081376,-0.36983576979066285,-0.02554692145244295,0.08638659367546252,-0.046617322425659004,-0.1199741660344863,-0.06149235574327326,0.11315003519706941,-0.28269397685878117,-0.032302708465749494,-0.21521811931464813,-0.3258428502108407,-0.0727246632358067,-0.18570725606380578,-0.40128418045503317,-0.14598924268208505,-0.1959314921507118,-0.2572939946281754,-0.0015787423369487217,0.1370669564444809,0.02693088389067722,0.0789610371858747,0.12698282519700108,0.1434878587196468,0.02868732017031281,0.08994730691161093,0.14321448342320547,0.16363561806737334,0.11606148210416965,0.1816373813380354,-0.24464355278535255,-0.19432199509291342,-0.04250302421421688,-0.2882024890820741,-0.22982661171823207,-0.04066457534564889,-0.2818909369254847,-0.2287091901940281,-0.27966292825948785,-0.1557760782946849,-0.09428713974261715,0.18316144861569583,-0.166735010490777,-0.24245313322261633,-0.23430996657987002,-0.12700332834423417,0.17831928867747865,0.05788038463904209,-0.22750292169848071,-0.3548958098401438,0.1402996193248997,0.34186264258230303,0.04692486963415551,0.09558908959191903,-0.16707672961132866,-0.21056048770152885,0.32932838524046776,0.20797709115015822,0.26326724485541864,0.2994416309570186,-0.061611957435466345,0.02221174283585864,0.21408361183441657,-0.0781648316349893,-0.05883378098538126,-0.08008187590128418,0.31735113006513166,0.20186715327469434,0.23664390817323794,-0.007053082648186496,-0.1364142729242272,-0.1630307752239969,0.03876803422658712,0.1989557063675941,0.2317914966614042,-0.20043535015958283,-0.15126538590340283,-0.16390215898140365,-0.04059623152153856,-0.3016183817549327,0.0527511806395615,-0.05649983939201334,-0.36467922826153815,-0.07571470554063382,-0.030512100274058734,-0.27884280237016384,-0.4516911679276102,-0.13378645288718485,-0.19700107299803854,-0.0790020434803409,-0.06876072143740732,-0.11993657693122561,0.10921343092831416,-0.18716297951735592,-0.2698419207348328
#51,0.4174645808131548,0.28438206931430643,0.3922012862307698,0.4798249031226293,-0.04233899903635208,0.3555245730219589,0.21137719639964733,0.15707461095278125,0.10809259221290468,1.0,0.4209398642691653,0.06550413821854988,0.28203787614732195,0.052652082094601524,0.09456734942146953,0.09050089188690463,0.4832079224160909,0.13350282601712696,-0.33616276765150116,-0.4421230325521634,-0.14231234494494904,-0.14065842440147897,0.24980351150568278,-0.06278063682775306,0.12745781477456788,-0.12157682870987363,0.13301416767473806,0.11446223661998783,-0.11399749861603756,-0.4183769708650278,0.277448588358313,0.018644195217299188,0.1610556387072082,0.07986659285533662,-0.15396154976455553,-0.25455682447255656,-0.1020646669263732,-0.035104805254273196,-0.17553769503618805,-0.1216315037691619,-0.2991648384693717,-0.4117920434119971,-0.03272302298402805,0.02124126053349189,-0.20521258346489518,-0.06884615121754523,0.3030228473404001,0.22524415831163416,0.09332349182266145,-0.04473786726262481,0.1227147533813107,0.007022327927336846,0.170206876755582,0.12024412413972212,0.18243016969771528,-0.01905767535316671,-0.06830623500707358,-0.25151210710844113,0.22264709299544147,-0.009797087186216417,0.1530354909478605,0.15529425433470703,0.10955173285766032,0.15165152850962624,0.009017967591358606,-0.034048893171768534,-0.004134801358675224,0.2388890027952624,-0.11896609462885886,-0.09430764288985026,0.06599621375214429,-0.007326457944627834,-0.06870604637811904,-0.10822244547871432,-0.19348136605635632,-0.15295347835892809,0.043729795856997385,0.012448827561697387,-0.08279170852725894,-0.3621573411518668,-0.014823775449531503,-0.2125561273655506,0.03851516207737888,-0.15521907612818567,-0.18414559968288466,-0.066450700182478,0.16972846998680965,-0.12552710174345094,-0.3845228575919737,-0.4022478283749889,-0.33677102768608314,0.1033324448636199,-0.04687702895727828,0.32916436006260297,-0.14944402299086243,0.21853279478399934,-0.16993008426793513,0.15251607788462196,0.15629890854912895,0.24842296625865404,0.14051831956205277,0.3576193112309406,0.1914959779659511,0.06006738701057279,0.1950122677164278,0.22773187350925034,0.22268468209870215,0.1175001196016922,0.10455238212398936,0.22367225035709648,0.1530149878006274
#52,0.5322036099207895,0.32215570090008816,0.3203650927083974,0.25659688762225,0.04098920851017298,0.3997532787949617,0.39346564697681097,0.49027467382909945,0.13825272179279519,0.4209398642691653,1.0,0.37586369507719436,0.4807236244096802,0.2901229505395745,0.07135095237118898,0.09410602860872477,0.3067680889016464,0.08222103759593764,-0.1321769558293865,-0.2598842255619571,-0.25742384789398504,-0.17927951940622885,0.138006684025998,0.006437988231193488,0.0722530908494454,0.008679665662012451,-0.09008741175103711,0.0632180373020592,0.3796362741680848,-0.05864583546907784,0.20129306515216752,0.09246919402128227,0.1529739815061612,0.28279649259494666,0.03163635618067373,-0.008498554528120067,-0.023824657084862526,0.015179163334905241,-0.24768485295826242,-0.036406755103575064,-0.12548267825777923,-0.25968602847203714,-0.23595363554972354,0.03433935442423745,-0.10513330462892721,-0.02248170094109446,0.13088867474490667,0.09497399517492602,-0.20223620992489014,-0.14283859239059862,0.07331242012315557,0.024135621484564548,0.07355162350754174,-0.061967345320840084,-0.006222705185245935,0.09001223354451575,-0.30237016382014636,-0.16737402524620862,0.029855999562599527,-0.09791277961167039,-0.20527409290659449,-0.1544638768717665,0.2142271338650483,0.2328952494207861,0.05685522727738708,0.0031301471442533096,0.11196426984875511,0.156920837348533,0.08096009404110198,0.07991785072341938,0.17465264251395923,0.14872983002890944,-0.0009841510671888135,-0.021056732208393988,-0.18983522304006997,-0.18663331488050083,-0.18122048401096236,-0.18138450918882715,-0.04627902049631285,-0.17202482247691686,0.29586041457363704,0.13365659962137522,-0.29060477449955235,0.19510453187897675,0.05832461949575927,0.012370232163970502,0.008508806101736616,0.07025403399421812,-0.07558143508361867,-0.13781873850969456,-0.18100861815622032,-0.1286675004613208,-0.12472747900136004,0.19667985702471996,-0.16873406734600427,-0.03792057080761897,0.052652082094601524,0.13081691372959084,0.29544693443776954,0.05832461949575927,0.11751378836651426,0.21176675619707624,0.16543989502388617,0.01418134350289436,0.1583355545076169,0.11517642958194083,0.19127727772879805,-0.16669058700510528,-0.1238800155823919,-0.06130782741817536,-0.14827534359857572
#53,0.28835626268632236,0.12590982715846882,-0.06851126647940459,0.08815669871992017,0.16696396230154661,0.4805254273197602,0.22877411682693294,0.4910196215119021,0.0571866948243222,0.06550413821854988,0.37586369507719436,1.0,0.6023653797524586,0.22272227120196283,0.09956328296393496,-0.030877739733049022,-0.052898119861398724,-0.19929059110573474,-0.1576111099720474,-0.17093815567356255,-0.2527935538105099,-0.24380292374879545,0.029213567615962385,0.12951154668908343,-0.14633437899384222,-0.2298300289094376,-0.2711507049665457,-0.06170763878922081,0.23693778661691237,0.014304362386292962,-0.008091908774663578,0.0029866251136216075,0.02932291773453892,0.17859266397391999,0.07247862546900949,0.17475515825012472,0.07479548110634983,0.26155523206145476,-0.15997580628626495,0.11264087370744742,-0.309344651070606,-0.1850169834402914,-0.1505614445150664,0.26110416282232657,0.15296714712375017,0.26353378576944897,-0.14781060559462544,0.001537736042482521,-0.08061837492055031,0.004240734286046242,0.05003451363117572,0.02880008748009486,-0.02961337898700784,-0.3386128937458567,-0.13889857093063784,-0.24980351150568278,-0.16671792453474943,-0.09626911064181685,0.006619099365085874,0.12946370601220622,-0.23338049057196947,-0.24967707543107867,0.2689978745070702,0.16322555512271134,-0.2475994231781245,-0.3954817897880658,0.3010887171180776,-0.12712293003642725,-0.04303610604227749,-0.02354103021480464,-0.10761418544413234,-0.06237057388309106,0.323443981984568,0.09262296762553052,-0.004538029920926195,-0.2870372268809929,-0.23425529152058175,-0.12429691290946493,0.13969819367272876,-0.03332444863619899,0.7065999630943349,0.39016122308107626,0.034441870160402954,0.5184630840834068,0.5887581243720911,0.0909622126996494,-0.04398950238861665,-0.12491884170886898,-0.16966012616269932,0.1889194157969915,0.10359556858644468,0.14584230346024782,0.11976230017974426,0.16788660392703614,0.07678086919675503,-0.3818027733923824,-0.13467150540941367,-0.22787881273108757,-0.048148224085730496,-0.08430894142250836,-0.02922723638078445,-0.046764261647496225,0.028075642944525317,-0.21211189250883344,-0.10025697277865486,-0.0852999268721082,0.1002638071610659,-0.2182389163403249,-0.1850989960292238,-0.13544720781306596,-0.05601801543203548
#54,0.32699786083830534,0.16508450713851242,0.1343912957305613,0.2407889611055297,0.26486307314839497,0.4928649047628811,0.20385937574751056,0.33013142517376415,0.1349619666618826,0.28203787614732195,0.4807236244096802,0.6023653797524586,1.0,0.43678537988914634,-0.009475871212897847,0.0007483648740081603,0.07608376219082963,-0.1425925546238014,-0.16267197014741763,-0.30062397911412736,-0.5366664616351944,-0.4438521313021549,0.053116820098551794,0.034048893171768534,-0.16088136195572686,-0.07475789200308915,-0.2164995660167169,0.02605608294206494,0.25166246352148386,0.12529473274147582,0.13952733411245294,0.2545875791934062,0.35077809443749614,0.40144820563289796,0.03648535050130195,0.13584701918411143,0.06807044881389293,0.2809648781087897,-0.14118467184712855,0.10958590476971548,-0.015486710543401746,-0.09042913087158878,-0.10145640689179122,0.2729789022614971,0.2661821089537244,0.22819319432199509,0.00885735960469932,0.27930070599170304,0.13656462933726993,0.16828641529808158,0.18872805308948257,0.2856498472515531,0.208855309289976,-0.1384577532651262,-0.04560241663762054,-0.23920680157737545,-0.35838476206097636,-0.2408948940329007,0.13280230181999603,0.1329184863209836,-0.0905726529022205,-0.13278521586396846,0.3762259173449791,0.29344446039133676,-0.1589848208366651,-0.43681271741879046,0.2142271338650483,0.21758623282007122,-0.12484708069355313,-0.08197499982914044,-0.07477839515032224,-0.076774034814344,-0.026582330387714515,-0.1630341924152024,-0.2957134753517998,-0.3664254129675572,-0.13072464956704188,-0.04730759504917338,0.2376588139612764,-0.01076073510617213,0.400125752636363,0.4251737641728005,-0.011184466815656203,0.18082408983112241,0.4253958816011591,0.2079565880029251,0.16563467492260062,-0.07005925409550366,-0.06135225090384707,-0.005276143221317806,0.15693792330456058,0.19385383989775765,0.0946425276279909,0.27855917550010595,-0.004432096993555177,-0.15589567998687798,-0.0634025656271571,-0.023599122465298425,0.09464936201040193,0.12161783500433983,0.2402797996159077,0.025519583922798815,0.08013313376936693,0.0677389812669578,0.16858712812416707,0.26112124877835413,0.36813400857031553,-0.045264114708274385,-0.08536485350501302,-0.07544816462660352,-0.10703668013040002
#58,-0.13954783725968603,0.2402763824247022,-0.14419863449039427,-0.03090166007148764,0.25163854318304524,-0.04583478563959568,0.31690006082600347,0.06523418011331406,0.07924124686472707,0.052652082094601524,0.2901229505395745,0.22272227120196283,0.43678537988914634,1.0,0.2717247930890725,0.47729276443934143,-0.19513870379103193,-0.2273320621382049,-0.048582207368831114,-0.05805466139052345,-0.20340147212597134,-0.13861152686937445,-0.2552778518169206,-0.16666666666666666,-0.14893486150124044,-0.0733602608000328,-0.24101107853388828,-0.07550283968589179,0.15472016621218024,0.11628359953252825,-0.06801235656339914,0.14759190535747238,0.07380107846554446,0.1670835639937397,-0.046429376909355585,0.15978786076996151,0.02578612483682912,0.15360616187918177,0.07669885660782264,0.16817706517950506,0.12787129491043542,0.09299544146693184,0.06063805794189408,0.22094874896629965,0.112346995263773,0.10784313725490197,-0.04432096993555178,0.22981977733582104,0.06998065869777678,-0.05431967140289368,-0.20774472214818307,0.021630820330920796,-0.1514772517581449,-0.18683834635283184,-0.3220600195463337,0.007610084814685721,-0.4512981909389758,-0.08520082832714822,-0.16473937082675524,-0.001848700442184542,-0.2556605772319384,-0.23745719968015092,0.38637497522536374,0.45803347480504925,-0.04017933419446552,-0.16688194971261422,0.3827083290618443,0.40798870960025696,-0.043924575755711834,0.0799656914002966,-0.16117865759060682,-0.26245053615730013,-0.25652170941572866,-0.02897778142278173,-0.18829065261517644,-0.18204060990028637,-0.20726973257061626,-0.21877199816838552,0.286343537066273,0.1752814056957743,0.046282437687518364,0.1282403515606312,-0.17344979120961734,-0.043370990780418124,0.16186209583171016,0.08479076538248621,-0.09726351328262221,-0.04643621129176662,0.20845549791893056,-0.18195176292894294,0.2699649396182314,-0.08481810291213035,1.708595602758357e-05,-0.020164845303754127,0.13153452388274933,-0.03343379875477553,-0.12914932442129867,-0.08094300808507439,-0.01974453078547557,-0.011451007729686507,0.015558471558717597,-0.25731449777540855,-0.08267210683506585,-0.11125691126921315,-0.002040063149693478,0.09238718143234986,0.1109391124871001,-0.19103123996200083,-0.10832496121487982,-0.2046009062391077,-0.22171419979633541
#101,-0.2010026038996986,0.2865690716858371,-0.20720480593771143,-0.11855603168419686,0.08888456044669524,-0.20792925047328098,0.44245108290789303,0.1295047123066724,0.17566071391958665,0.09456734942146953,0.07135095237118898,0.09956328296393496,-0.009475871212897847,0.2717247930890725,1.0,0.7008078240009842,-0.09801187815663037,-0.3627724355688598,0.2878471011967004,0.25627567164893145,0.28220531851639225,0.1326690313629809,-0.0898379567930344,0.027067571538897887,0.21526254280031984,0.1495021152413562,-0.3621026660925785,-0.5218119314648132,0.1400296612196639,0.06316677943397644,-0.37400816025259875,-0.028359269814583206,-0.260584749759088,0.05211216588412988,0.11824848447570036,0.27827554863004805,0.30207628537647196,0.4684490735994642,0.35883241410889904,0.36510979435343327,0.10434735065165836,0.23860879311641003,0.25454657289894,0.4071549149461109,-0.25541795665634676,0.013699519542916504,-0.41262925525734867,-0.27653619830644005,-0.09144061946842173,-0.4792063915144308,-0.3704201094868062,-0.3798037165371551,-0.5208961242217347,-0.4600906239107703,-0.4454274564478981,0.21503700818075575,-0.3038019669352579,0.1585166656415093,-0.3709497741236613,-0.46372309816223456,-0.4568477094567349,-0.4111427770829489,0.4767699341848974,0.5092674225493613,-0.11016341008344781,-0.057309713707720804,0.6150158215952816,0.3486355155516372,0.45196112603284605,0.4162959014208681,0.07873208537510508,-0.27018363985538446,0.12079770911501582,0.05280927289005529,0.38889344514382956,-0.14523746061687134,-0.25089701269144815,-0.3743430449907394,0.4809696621764774,0.18505798973475762,-0.013839624382342689,0.010213984513289457,-0.031458662237986865,0.026151764295819408,0.14901687409017284,-0.5011584278186701,-0.5294766913387872,-0.18040035812163835,0.15210943213116546,-0.01575325145743205,0.24720302899828456,-0.45019102098838837,-0.19625270812403037,-0.414635146494987,-0.2547960278569427,-0.1628257437516659,0.020038409229150008,-0.17492601781040057,-0.3367607761124666,-0.35908186906690176,-0.4208100110033557,-0.2246564014242853,-0.17595459236326108,-0.3591536300822176,-0.302089954141294,-0.2798440393933802,-0.21414512127611587,-0.4196379144198634,-0.1712525372644701,-0.5611677225787491,-0.49954209637846075
#102,-0.25987397398834056,0.1608676931909048,-0.16743895187911345,-0.16441132047102563,0.11886699608389888,-0.13795200896670973,0.39806518633943644,-0.09678510651384988,-0.013415892672858616,0.09050089188690463,0.09410602860872477,-0.030877739733049022,0.0007483648740081603,0.47729276443934143,0.7008078240009842,1.0,-0.1780800852930925,-0.10740915397180134,-0.045868957551650845,-0.002491132388821684,0.1306118822572598,0.2287228589588502,-0.11380271871732311,-0.06520000820125889,0.07981191779604836,0.024285977897607284,-0.29247397808896997,-0.24249755670828804,0.03775996282095968,-0.026660925785441398,-0.15453905507828786,-0.05366698788263999,-0.1645309221632187,0.06862061659798112,-0.1638509011133209,-0.0621757939843766,0.04305660918951059,0.17196331303521759,0.1147185259604016,0.12027829605177728,0.10090282191649752,0.09777609196344972,0.23536929585358018,0.32588727369651244,-0.06328979831737505,0.06991573206487196,-0.31786370874595915,-0.16805404629610646,-0.13734033174092222,-0.25776214982333123,-0.33292668757987687,-0.1602525987739118,-0.32670739958583644,-0.10342812621737436,-0.2224899021999877,0.26780869196755036,-0.32680991532200193,-0.02643197397467178,-0.1714404827807735,-0.11489621990308846,-0.3628852028786419,-0.3320689725872921,0.3376834177379561,0.5467745132211128,-0.05622988128677752,0.07152864631387584,0.4480518592937349,0.33148463289114877,0.1375351116396367,0.31061926339026374,-0.015811343707925835,-0.24889112145380982,-0.2472474524839563,-0.10956881881368791,0.01551404807304588,-0.19250063218037303,-0.2567916675209645,-0.3877931095756532,0.2791059260929886,0.2060942187959185,-0.06928355169185137,0.06237399107429657,-0.21942126449743368,-0.11189250883343926,-0.06476260772695275,-0.35208687866920907,-0.34757618627792697,-0.1987745952337017,0.221123025717781,-0.21494816120941232,0.12172376793171086,-0.32968035593463596,0.03743191246523008,-0.17229136339094717,-0.04299509974781129,0.04399291957982217,-0.11036160717336778,-0.07834252557767617,-0.11967003601719531,-0.18070790533013484,-0.2065418708438412,-0.14984041717070237,-0.12506919812191172,-0.2011051196358641,-0.17827144800060143,-0.15464840519686437,-0.05549176798638591,-0.379875477552471,-0.14291377059712,-0.24580881498643375,-0.20965151484086142
#201,0.3914768416952002,0.05368407383866757,0.6672988470396872,0.4319329683773126,0.022556879147615824,0.3282724731579631,0.1718847176374907,0.04466610624730896,-0.10729296947081376,0.4832079224160909,0.3067680889016464,-0.052898119861398724,0.07608376219082963,-0.19513870379103193,-0.09801187815663037,-0.1780800852930925,1.0,0.5200965014796438,-0.20160061236066404,-0.3537476335950902,-0.17429042024617444,-0.24525523001114005,0.28884833821991673,-0.0952986283394501,0.20172021405285712,0.019758199550297638,0.34273744353091534,0.2653346455347563,0.15485343666919538,-0.02061933173408785,0.48247322630690476,0.23374954722216526,0.3847483922115378,0.26898762293345363,0.11958118904585187,-0.23752896069546675,-0.029087131541358266,-0.11841592684477067,-0.20191157676036606,-0.2744653804358969,-0.09721567260574498,-0.3569837136667145,-0.17152591256091143,-0.2546114995318448,-0.35831641823686605,-0.2067674054634053,0.4084431960305907,0.19207690047088896,0.00411771540264764,-0.09232225479944504,0.37940732235731517,-0.010941846240064517,0.2888551726023278,0.21229642083393135,0.23618258736049316,0.005019853880904052,-0.11597263513282623,-0.4833958679323943,0.1326485282157478,-0.2906184432643744,0.20023031868725183,0.14544590928040788,-0.18458983453960182,-0.08024590107914899,0.24906198101408566,0.25013839624382345,-0.20548254157013102,0.06041252332232998,-0.012329225869504303,-0.08476001066163656,0.34137398423991416,0.24695357404028184,-0.0029797907312105743,0.02758356741093091,-0.2572324851864761,-0.20830855869709333,0.03377893506653271,-0.055235478645972155,-0.24274017728387975,-0.26461361819039225,-0.03747975314210732,-0.09920106069615019,0.015838681237569967,-0.09335082935230558,-0.20119396660720754,0.13106978587879906,0.11724041307007292,0.16743553468790792,-0.2232690217948455,-0.1422781730328939,-0.438152256371353,0.05894313110395779,-0.1263335588679529,0.247390974514588,-0.09980932073073216,0.33122492635952955,0.16521777759552758,0.46565381119335153,0.5251026865957258,0.25241082839549206,0.3494624758233722,0.685126333558868,0.4414600974582932,0.47927815252974665,0.501025157361655,0.4076299045236777,0.4093692548472857,0.19466713140467062,-0.09477921527621157,0.09680219246987747,0.03957790854229457
