,#10,#11,#12,#13,#17,#18,#26,#49,#50,#51,#52,#53,#54,#58,#101,#102,#201,#202,#301,#302,#401,#402,#501,#502,#601,#602,#701,#702,#801,#802,#901,#902,#1001,#1002,#1101,#1102,#1201,#1202,#1301,#1302,#1401,#1402,#1501,#1502,#1601,#1602,#1701,#1702,#1801,#1802,#1901,#1902,#2001,#2002,#2101,#2102,#2201,#2202,#2301,#2302,#2401,#2402,#2501,#2502,#2601,#2602,#2701,#2702,#2801,#2802,#2901,#2902,#3001,#3002,#3101,#3102,#3201,#3202,#3301,#3302,#3401,#3402,#3455,#3501,#3502,#3601,#3602,#3701,#3702,#3801,#3802,#3901,#3902,#4001,#4002,#4101,#4102,#4201,#4202,#4301,#4302,#4401,#4402,#4501,#4502,#4601,#4602,#4701,#4702,#4801,#4802
#10,1.0,0.33675052453885007,0.32051203193023464,0.11695336900880952,0.30960094041101976,0.2566310595343052,0.04772449237624642,0.5265276553284263,0.11898318058488645,0.18085484455197207,0.30289299407459047,0.2744072881854031,0.08816695029353673,0.03947539280612907,0.04149153561738393,0.10309324147923372,0.08152734778121776,0.21992359160464464,0.06512482999473752,0.0633000498909916,-0.13893957722510406,0.03329711110655486,0.14112999678784027,0.2566071391958666,-0.02246803217627239,0.15867727362816858,-0.20918677683691114,-0.03385411327305408,0.041990445533389376,0.07749164496750251,-0.04253036174386102,-0.1973598780746178,-0.13295607542424429,0.14605758650619538,0.012636773078000806,-0.11910278227707953,0.019918807536956924,0.2006130441022697,-0.19307472030289982,0.2598944771355736,-0.03882954366828641,0.06905459988108174,0.06513166437714855,0.13961618108379636,0.20273511984089557,0.022413357116984122,-0.12775511040944784,-0.09926257013784949,-0.26275124898338564,0.05697141177837465,0.1772052843444802,0.1671074843321783,0.03336203773945967,-0.058628749513050256,-0.007449476828026436,-0.07298436976742596,-0.19841920734832796,-0.19477648152324714,-0.15617930685693587,0.13085450283285152,0.01991197315454589,0.19958788674061467,0.2121870707153548,0.0498465681148723,0.07054107805548152,-0.12877343338869182,0.01760195189961659,0.2395861098011878,0.1597434372842898,0.1538966231316507,0.16019792371462352,0.1726228309378823,0.07229067995270608,0.15570773447057457,-0.1660789097793178,-0.12623787751419843,-0.10724854598514205,-0.2589410807892345,0.23652772367225036,0.2815765553345772,0.0568176381741264,0.3840136961023517,0.34764453010203733,0.11699779249448124,0.23738543866483505,-0.0005911740785543915,0.12269083304287208,-0.04891025772456072,-0.10387919545650258,0.12465571798604419,-0.057682187549122126,-0.1227967659702431,0.0497440523787068,0.026438808357082812,-0.05152099180557549,-0.053800258339655134,0.20342539246440997,-0.21602457643915007,0.11796827479684799,-0.0803313308592869,0.10538275958692993,-0.0828258804393141,0.13401198750674895,-0.01829222452313097,-0.1482514232601371,0.06888374032080591,-0.14354253377893506,-0.06119164291718779,-0.30360718703654344,-0.06194342498240146,-0.12318974295887752
#11,0.33675052453885007,1.0,0.2829092599047287,-0.0768765505505095,0.31842412810366394,0.040773925464225425,0.1383381515729331,0.614291377059712,0.5412557494242033,0.04753996405114852,0.3704747845460945,0.02897778142278173,-0.17895146905049925,0.07578304936474416,0.14005699874930802,0.14251395922607454,-0.08757577621498233,0.4350221092270997,0.04665149433771417,0.16223115248190598,0.026083420471709074,0.1172780021733336,0.173480545930467,0.19602375631326074,0.13443913640743854,0.086383176484257,0.011129791756367935,-0.11001305367040508,0.021972539451472466,-0.0132894565982545,0.12198347446333012,0.14582521750422023,0.12587907243761917,0.18692719332417526,0.0683506584927453,-0.23338390776317497,0.12802848570588918,0.11214879817385302,0.1381091997621635,0.06864453693641974,0.22792665340796478,-0.023301826830418468,0.05903197807530122,0.0436306973120374,0.010207150130878423,0.041050717951872276,-0.31056458833097544,-0.21862847613775382,-0.2816756538795372,0.06741776529363924,-0.09139961317395554,0.05777103452046556,0.1053144157628196,0.2544508915451855,0.1770002528721492,0.2722134514314614,-0.395515961700121,-0.2313814337167422,-0.25519242203678266,0.03801283497016792,-0.03510822244547871,0.18481536915916594,0.2108748692924364,0.21790403160218427,0.22571573069799547,0.1004688386333969,0.28522611554206906,0.23861221030761556,0.2668587128124167,0.12053800258339654,0.32727807051715774,0.06641994546162835,-0.06643361422645043,0.3392109022068221,-0.3577696676439833,-0.1270511690211114,-0.2543688789562531,-0.271417245880576,0.2780670999665115,0.21485247985565784,-0.053072396612880074,0.13672523732392922,-0.10832837840608533,0.17025813462366474,0.11056322145449327,-0.24720986338069562,-0.17165576582672107,0.050577847032852875,0.10306248675838407,0.18567650134295616,0.1394999965828088,0.03909608458231672,-0.11039919627662846,-0.24261032401807012,-0.19040247678018576,0.22820686308681715,0.03390878833234235,0.03876119984417608,0.13826980774882278,-0.13422043617028548,-0.024159541823003165,0.17799465551295457,0.17706176231384851,0.2067674054634053,0.22407206172814192,0.152423813722073,0.06543921158564506,-0.1508279854290967,-0.19959472112302573,-0.3621607583430723,-0.26443934143891085
#12,0.32051203193023464,0.2829092599047287,1.0,0.24180044970236264,0.11990923940158148,0.3565975710604911,0.06381946295423015,0.15872169711384032,0.07987684442895318,0.4594755294937773,0.33059958036891995,-0.03573356843608827,-0.01833323081759717,-0.11635877773904961,-0.07616577477976202,0.17009752663700545,0.49192175999015847,0.44722148183079435,-0.05989652745029695,-0.1265625106787225,-0.17999712955938738,-0.05267600243304014,0.22053868602163765,0.2708670780964878,0.1464334775388022,0.16941067120469658,0.11732242565900533,0.3272917392819798,0.0278876974282219,-0.02386224618812321,0.12779269951270852,0.1603961208045435,0.22088040514218932,0.3108550495834444,0.02265597769257581,-0.24106233640197103,-0.02959971022218577,-0.25930672024822476,0.05769243912273867,0.1591898523089961,0.024258640367963148,-0.07861248368291199,-0.3028212330592746,-0.2318700920591311,0.026073168898092525,-0.1293782762320683,0.00539574491351089,0.20051736274851523,-0.1832332096310117,0.09951885947826325,0.23619625612531522,0.3104244834915493,0.2812519221700531,0.21133960729638665,0.16630786159008742,0.07640156097294268,-0.27700777069280136,-0.36805199598138316,-0.1351635809430081,0.03584291855466481,-0.019430149194568033,0.018565599819572304,-0.004606373745036529,0.1353686124153391,0.37604822340229227,0.24965998947505108,-0.1445335192285349,0.02028444699594721,-0.04008023564950553,0.09676460336661677,0.2902425522317676,0.316903478017209,-0.02892652355469898,0.02791503495786603,-0.2050314723310028,-0.13791100267224352,-0.167145073435439,-0.26958563139441905,-0.009660399537995749,-0.09268789425843534,-0.11380613590852863,0.19579822169369665,-0.046617322425659004,-0.0423424162275576,-0.09452976031820884,-0.04163847483922115,-0.05299721840635871,0.06754761855944888,-0.0015445704248935545,-0.04896493278384899,-0.16946192907277935,0.10460705718327763,-0.007418722107176785,0.010921343092831416,-0.06856594153869286,0.3184138765300474,-0.0011994341131363665,0.34560788414354937,0.2879120278296052,0.12192879940404186,0.31305913791100265,0.40637237816004756,0.29275418776782236,0.4354390065541727,0.2526534489710837,0.2734880637511191,0.2603557979483184,-0.055601118104962446,-0.06929722045667343,-0.06165296372993254,-0.058502313438446134
#13,0.11695336900880952,-0.0768765505505095,0.24180044970236264,1.0,0.014283859239059862,0.17917700367006337,0.027183756039885456,-0.036160717336777864,-0.22324510145640689,0.3946855842371804,0.13891223969545993,-0.18487687860086524,0.16284966409010448,0.0329383060299756,-0.19585973113539595,-0.17300555635290016,0.4785673767589992,-0.13602813031800381,0.08937321878908412,-0.13537544679775013,-0.2735017325159412,-0.1248026572078814,-0.019529247739528018,-0.030481345553209083,0.03194390338917024,0.09256145818383121,0.14889727239797976,0.37770897832817335,0.1558546736924118,0.19442792802028444,-0.060562879735372714,-0.005036939836931636,0.05857065726255647,0.33575270470683916,0.17156691885537764,0.21162665135765008,0.08367676104948776,-0.027235013907968206,-0.041378768307601885,0.023400925375378454,0.07019935893492985,0.10898789630875005,0.08463357458703244,-0.16124700141471715,0.004606373745036529,-0.22031998578448458,0.39078656907168585,0.4672496394863278,-0.07578988374715519,-0.0895133236285103,0.17280735926298021,0.1963210519481407,0.02746738290994334,-0.1598664561676884,-0.08432261018733042,-0.12420123155571047,0.03819052891285479,0.022143399011748305,-0.07027453714145121,-0.08248074412755692,-0.21922648459871924,-0.2582200534448705,-0.01146809368571409,-0.08904858562456004,0.15315167544884806,-0.034807509619393245,-0.05590183093104792,-0.0339600462004251,0.08531701282813578,0.09614950894962376,0.058430552423130284,0.22845290085361436,-0.015203083673343859,-0.05889187323587504,0.13840649539704344,-0.08965342846793649,0.042492772640600335,0.038009417778962405,0.10361265454247227,-0.1360657194212645,-0.2437550830719182,0.08775005296646368,0.08502655157566687,-0.17365140549074282,0.004572201832981362,-0.11229573739569024,-0.11594529760318209,0.20241390386757702,0.05303480750961939,0.035801912260198604,-0.07691072246256467,-0.049412584831771675,0.10940137644461759,0.004271489006895892,0.09511068282314669,0.015162077378877658,0.12145380982647504,0.45158181780903367,0.30907469296537016,0.307506202202038,0.15462790204963128,0.01265385903402839,-0.01889023298409639,0.21241602252612443,0.07033604658315051,0.1996698993295471,0.18927138649115974,-0.07979483184002077,0.1397289483935784,-0.13851242832441446,0.0626883726652041
#17,0.30960094041101976,0.31842412810366394,0.11990923940158148,0.014283859239059862,1.0,0.40605799656914005,0.18396790574019778,0.4207690047088895,0.27420567390427764,0.13906259610850266,0.29026305537900066,0.5142360185621826,0.29434318167838763,0.2523595705274093,-0.2012042181808241,-0.09721225541453947,-0.16059431789446346,0.05540975539745351,-0.16997109056240134,-0.08455156199810004,-0.16862813441863325,-0.08798242196843882,0.08467458088149864,0.07990076476739179,-0.06291390728476821,0.04060990028636062,-0.1167244171980399,-0.20152885134534818,-0.07711233674369015,0.006988156015281679,0.20269753073763488,-0.23644571108331797,-0.0931321291151525,0.2305442218713906,0.0388876359187802,-0.06169397002439875,-0.09832284255633239,0.27442095695022517,-0.057412229443886305,0.18630526452477122,-0.1454527436628189,0.037746294056137615,-0.11952993117776912,-0.11664240460910749,0.2492943500160608,0.09410602860872477,-0.1632221379315058,-0.23258428502108408,-0.014485473520185348,0.06459858254908796,0.03445212173401951,0.0668163396414683,0.18619249721498918,-0.11855261449299134,-0.006940315338404445,-0.16294534544385897,-0.07474422323826707,-0.0026073168898092525,0.018360568347241302,0.24895946527792015,-0.10967133454985341,0.2326321256979613,0.16676576521162664,0.09544556756128733,-0.15803142449032592,-0.0712962773119007,0.1166629077563406,0.19833377756819004,-0.107644940164982,-0.1595828292976305,-0.17745132211127743,-0.33969956054921097,0.24207040780759848,0.12539041409523027,-0.09024118535528537,0.07195579521456544,-0.11774274017728388,-0.1381946295423014,0.21006841216793445,0.1200595958146242,0.12113601104436197,0.26000041006294466,0.4560002460377668,0.2927097642821506,0.495198846356249,0.12622420874937637,0.14302995509810756,-0.0026278200370423526,0.022703818369453045,0.3021685495390209,0.18262836678763525,0.008549812396202817,0.25100294561881914,-0.08413124747982148,0.09921472946097226,-0.13877555204723926,0.09105789405340386,-0.17040507384550196,-0.007018910736131329,-0.04036386251956342,-0.03698084322610187,-0.08080973762805924,0.2012657276225234,-0.23640128759764623,-0.176549183633021,-0.01756436279635591,0.00294220162794989,-0.10350330442389573,-0.17336777862068495,-0.050598350180085974,0.055853990254170684
#18,0.2566310595343052,0.040773925464225425,0.3565975710604911,0.17917700367006337,0.40605799656914005,1.0,0.12601917727704537,0.12389026715600844,0.002187002371530697,0.12666844360609353,0.19903088457411547,0.26083420471709073,0.5557446401355941,0.31950054333340167,-0.29197506817296454,-0.09804605006868554,0.10467881819859348,-0.10559120825046645,-0.3591604644646287,-0.3776953095633513,-0.3187521784593935,-0.21948960832154402,0.28575919737012967,0.1887143843246605,0.22748241855124762,0.15186339436436827,0.06911952651398656,0.11894900867283129,0.10048934178062999,0.28404376738496023,0.10940137644461759,-0.07234193782078882,0.06787566891517847,0.2899930972737649,-0.06764671710440887,-0.10614137603455463,-0.19476281275842508,-0.08955432992297652,-0.1110211250760325,0.05610002802096788,-0.06797818465134398,0.15601186448786555,-0.051182689876229336,0.016453775654562977,0.4414464286934711,0.2106288315256392,0.10305565237597304,0.09346017947088212,-0.19415796991504863,-0.18654105071795188,0.2455320224987869,0.2207915581708459,0.19111666974213876,-0.08190665600503011,0.045598999446415024,-0.23934007203439062,-0.06308476684504405,-0.052149754987390565,0.04638153623247835,0.20674348512496668,-0.12998653626665027,-0.05122027897949002,-0.2051305708759628,-0.18459666892201287,0.010142223497973606,0.11100403912000492,-0.019197780192592898,0.12685297193119144,-0.21010600127119514,-0.12505211216588413,-0.027392204703421977,0.13383087637285657,0.14008433627895214,0.13005146289955508,-0.10496586225985689,-0.09794695152372555,-0.15611096303282554,-0.0672879120278296,0.00029046125246892066,0.008146583833951846,-0.1633793287269596,0.5483259180284173,0.34263834498595536,0.37252851646061,0.5219862082162945,0.1256808753476992,0.24658793458129155,0.17459113307225993,0.12184336962390394,0.290536430675442,0.15977760919634498,0.20214052857113568,0.3692685160505471,0.023048954681210234,0.14621477730164914,-0.016798911966320162,-0.06108570998981677,0.12574580198060403,0.1592718648979285,0.19741797032511157,0.23585795419596908,0.07979483184002077,0.07991443353221386,0.2014536731388268,0.11856970044901892,0.2356939290181043,0.18129566221748372,-0.20042509858596627,0.08161277756135567,-0.015291930644687294,0.1760195189961659
#26,0.04772449237624642,0.1383381515729331,0.06381946295423015,0.027183756039885456,0.18396790574019778,0.12601917727704537,1.0,0.17092106971753498,0.242285690853546,0.2434851249666824,0.2907790512510337,0.20777889406023825,0.11345758240556592,0.4250815000102516,-0.0690853546019314,-0.03790006766038587,-0.11607515086899173,0.005323983898195039,-0.12648733247220115,0.0031301471442533096,-0.18966778067099965,-0.19068268645903813,-0.033416712798747944,0.07101948482425385,-0.026196187781491125,-0.02598432192674909,-0.03955398820385596,-0.1654262262590641,-0.18130591379110025,-0.0919634497228658,0.027993630355592918,-0.08451739008604488,0.11432896616297268,0.08784573432021815,0.005036939836931636,-0.005891237638310814,-0.13977678907045565,-0.009475871212897847,-0.2205250172568156,0.041231829085764664,-0.16997450775360684,0.1383142312344945,-0.17222985394924786,-0.21320197650339326,-0.0772251040534722,-0.18943882886023006,-0.13164045681012035,-0.11065890280824774,-0.13795200896670973,-0.043080529527949205,-0.019365222561663214,0.16465052385541182,0.10708793799848276,0.04086618962677438,-0.03826570711937616,0.0011550106274646492,-0.18163396414682986,-0.04464902029128138,-0.008631824985135218,0.043183045264114706,0.06853860400904872,0.16512893062418416,0.0411771540264764,0.039902541706818666,0.19012910148374443,0.16464027228179526,0.3168966436347979,0.31070127597919617,0.13400857031554345,-0.008310609011816647,0.2138409912588249,0.07982558656087042,-0.06840191636082806,0.17946063054012124,-0.21281241670596437,-0.07422139298382302,0.0008508806101736616,0.10470615572823762,-0.13257676720043193,-0.13829031089605587,-0.009824424715860551,-0.009086311415468942,-0.12356905118268988,0.17260232779064918,0.26696464573978773,0.07500051257868083,0.10366391241055502,-0.13881655834170545,-0.10355456229197849,0.04925881122752342,-0.072277011187884,0.18886132354649773,-0.10718361935223723,-0.09789911084684833,0.1452067058960217,0.05560795248737348,0.03989229013320211,0.02560843089414225,-0.038016252161373436,0.010890588371981766,0.2337358784573432,0.12232177639267627,-0.02512318974295888,0.1284624689889898,0.040657740963237855,0.1565722838455703,0.09795720309734211,0.06505306897942167,0.12177160860858809,-0.11612982592827999,-0.026602833534947613
#49,0.5265276553284263,0.614291377059712,0.15872169711384032,-0.036160717336777864,0.4207690047088895,0.12389026715600844,0.17092106971753498,1.0,0.5076545083003574,0.06962868800360855,0.5084814685720925,0.3333333333333333,0.09890034787006473,0.26582330387714515,-0.028396858917843888,0.015527716837867946,-0.10926810598760243,0.3711684743608144,0.0795146221611684,0.11187200568620617,-0.03325268762088314,0.16358094300808507,0.2114933809006349,0.3559995625995257,0.083420471709074,0.16392949651104777,-0.10339737149652471,-0.098445861439731,0.21504042537196127,0.04027501554821999,0.26721068350658495,0.11681668136058886,0.08564164599265987,0.3751597536888579,0.19035463610330852,-0.09491248573322672,0.14152980815888572,0.27394596737265836,0.14824800606893157,0.30591720829147273,0.12035347425829865,0.06408258667705492,0.15449804878382165,0.10803108277120538,0.05802732386087931,0.000703941388336443,-0.17360014762266007,-0.09831600817392136,-0.28152529746649446,0.06786883453276744,-0.03756176573103971,0.06623199994532494,0.1574949254710598,0.212631305572072,0.1617835004339833,0.16365953840581196,-0.43368598746574266,-0.37539895707324406,-0.290338233585522,0.005607610768252926,-0.07097847852978766,0.30846985012199374,0.3274967707543108,0.3243837095660851,0.2644495930125274,0.03522440694646628,0.38858248074412755,0.3512291636766244,0.23603564813865596,0.20527067571538898,0.27950232027282856,0.12486074945837519,0.15178479896664138,0.44387263444938796,-0.30041894764179633,-0.1287871021535139,-0.2511396332670398,-0.3462947395758582,0.3855924384393004,0.35646088341227045,0.07612135129409031,0.20430019341302222,0.2390735311203603,0.4123490455784963,0.2652697189018514,-0.06029633882134241,-0.05509537380654597,0.0692493797797962,0.029866251136216077,0.2993459496032641,0.12448827561697387,-0.06376478789494187,-0.09283825067147808,-0.28466227899315877,-0.27337187925013157,0.14047389607638106,0.06317361381638749,-0.06492663290481755,0.21676952412195272,-0.027146166936624774,0.1311005405996487,0.13000020503147233,0.3255216342375221,0.020229771936658945,0.1313397439840349,0.16457192845768492,0.09563009588638523,-0.1763885756463617,-0.21683786794606305,-0.4383538706524785,-0.31987985155721405
#50,0.11898318058488645,0.5412557494242033,0.07987684442895318,-0.22324510145640689,0.27420567390427764,0.002187002371530697,0.242285690853546,0.5076545083003574,1.0,-0.011953334836897464,0.36451178589246785,0.19287652321297985,0.02671218365352415,0.29775695569269883,0.08361525160778846,0.07911822798132846,-0.20125889324011237,0.3573049296400331,-0.12744414600974582,-0.054945017393503236,-0.1611923263554289,-0.06376137070373636,0.1233708540927699,0.32048127720938496,0.04320013122014229,0.1279498903081623,-0.28422146132764714,-0.36422815902240996,-0.01917044266294876,-0.07586847914488207,0.06526151764295819,0.20441979510521532,0.21344117988777944,0.2574511854236292,0.12125902992776058,-0.0695364238410596,0.20002528721492083,0.26702957237269254,0.07063675940923599,0.13636643224734996,0.3027289688967256,0.2157648699075308,0.10963374544659271,0.17647742261770516,-0.06290707290235718,0.08617472782072048,-0.5052829776037289,-0.40017701050444576,-0.22823078342525577,-0.10646942639028424,-0.2336538658684108,-0.053561054955268965,0.13687217654576644,0.2266178691762519,0.013791783705465455,0.3199379438077078,-0.3274523472686391,-0.15725572208667363,-0.15031540674826918,-0.020158010921343093,0.08722722271201963,0.4040931116259679,0.17932052570069507,0.10935353576774035,0.1533259522003294,0.1746287221755206,0.5901147492806813,0.31491125554439275,0.1972983686329185,0.1366158872053527,0.2714035771157539,-0.13849534236838687,0.020188765642192744,0.39979770228063344,-0.30847326731319924,0.0060620971985866495,-0.07968206453023872,-0.06490954694878998,0.12761500557002167,0.09884225561957094,0.02348635515551637,0.1787156828573186,-0.1032504322746875,0.43773194185307446,0.2664486498677547,0.020082832714821724,0.0453290413411792,0.1733404410910408,0.24718252585105147,0.2072560638057942,0.21593914665901215,0.1583355545076169,-0.1860558095667685,-0.19828593689131283,-0.10560145982408299,0.29154450208106947,0.014229184179771596,0.03084015062978834,0.045236777178630255,0.023657214715792206,0.030512100274058734,0.2193392519085013,0.18776440516952686,0.22352872832646478,0.2593921500283627,0.1832981362639165,0.1252332232997765,0.06557589923386573,-0.057897470595069674,-0.23015466207396168,-0.14261305777103453
#51,0.18085484455197207,0.04753996405114852,0.4594755294937773,0.3946855842371804,0.13906259610850266,0.12666844360609353,0.2434851249666824,0.06962868800360855,-0.011953334836897464,1.0,0.4579514622161168,0.06261319445868274,0.07994518825306351,-0.030665873878306986,-0.07260847873481913,-0.04663440838168659,0.5733465920352108,0.2116369029312666,0.11311586328501425,-0.019050840970755677,-0.19198121911713448,-0.10203049501431803,0.09121850204006315,0.21997826666393291,-0.03655027713420677,0.12149823331214675,0.027682665955890896,0.21229642083393135,-0.08783206555539609,-0.0008132915069129778,-0.021436040432206344,0.0314244903259317,0.15505505095032088,0.20303583266698105,-0.009479288404103363,0.12884519440400768,0.1673296017605369,-0.11056663864569878,0.036792897709798454,0.26596682590777687,0.06501889706736651,0.01138608109678169,-0.12840437673849603,-0.2291158359474846,-0.00604159405135355,-0.07868082750702232,0.1615442970495971,0.23668833165890965,-0.2618251901666906,-0.06210403296906075,-0.09153971801338172,0.09377797825299516,0.0034308599703387803,0.04318987964652574,-0.01992222472816244,0.008860776795904838,-0.24930460158967735,-0.11554890342334215,-0.11693286586157642,-0.07383183318639411,-0.08275070223279274,-0.13464416787976954,0.09898919484140815,0.19903430176532097,0.282249742002064,0.05221468162029538,0.050287385780383956,0.052587155461696705,0.04915287830015241,-0.00097731668477778,0.26494508573732733,0.166430880473486,0.029773986973667125,-0.13305517396920427,-0.05085463952049973,-0.2535726734053677,-0.06547338349770022,-0.18827698385035435,0.025762204498390503,-0.005891237638310814,-0.03208742541980194,0.2053971117899931,0.042622625906409965,-0.13484236496968952,0.0280722257533198,0.02896752984916518,-0.14372364491282746,0.008696751618040037,-0.13010272076763782,0.019874384051285207,-0.1761630410267976,-0.039776105632214544,0.05122027897949002,-0.06521367696608096,-0.030751303658444903,0.2622694250234078,0.17308756894183258,0.32174222076422065,0.17351813503372768,0.22443428399592671,0.17150882660488384,0.33676419330367213,0.07513378303569598,0.22491952514711008,0.04549306651904401,0.25691468640436305,0.10293263349257445,-0.018640778026093673,-0.003506038176860148,-0.016969771526595998,-0.10368099836658261
#52,0.30289299407459047,0.3704747845460945,0.33059958036891995,0.13891223969545993,0.29026305537900066,0.19903088457411547,0.2907790512510337,0.5084814685720925,0.36451178589246785,0.4579514622161168,1.0,0.28052064325207254,0.19775968944566324,0.2803907899862629,-0.24928068125123873,-0.005904906403132881,0.1955009260588167,0.34340037862478556,0.2321229642083393,-0.05382076148688824,-0.23644571108331797,-0.10324701508348198,-0.023687969436641858,0.15352414929024938,-0.06345040630403434,0.0424449319637231,-0.04936474415489444,-0.005392327722305374,0.12477190248703177,0.25866770549279317,0.1448820727314976,0.22752684203691934,0.08619181377674806,0.3463630833999686,0.1578810680772832,0.2191957298778696,0.09555833487106938,0.23677034424784205,0.0683711616399784,0.3814747230366528,0.11021125076032505,0.18087193050799966,-0.01525434154142661,-0.13565223928539696,-0.01839474025929647,-0.18346557863298682,-0.017185054572543552,0.08453105885086694,-0.20531851639226623,-0.1576111099720474,-0.05027371701556189,0.009780001230188833,0.09986741298122595,-0.06302667459455026,-0.13318844442621944,-0.08004770398922902,-0.35893151265385903,-0.356067906423636,-0.06239791141273519,-0.0944785024501261,-0.028407110491460438,0.23362994552997218,0.23462093097957204,0.2496804926222842,0.448277393913299,0.0834375576651016,0.4027569898646109,0.19360780213096043,0.24255906614998735,0.20698610570055836,0.27030665873878307,0.11696362058242607,-0.07320307000457904,0.20756702820549622,-0.29099091710577574,-0.25206227489252936,-0.09287583977473876,-0.22671355053000636,0.21082361142435363,0.29845064550741873,0.05008577149925847,0.11888408203992647,0.16214230551056255,0.31270716721683445,0.2381133003916101,0.032965643559619735,-0.006827548028622394,-0.12901947115548903,-0.1035374763359509,0.2325091068145627,0.06826181152140187,-0.02426547475037418,-0.11909936508587401,-0.16400467471756916,-0.18247117599218146,0.197810947313746,0.11270580034035224,0.15805876201997007,0.1970318277188882,0.033037404574935585,0.060214326232410006,0.19572304348717529,0.23822606770139215,0.05412830869538474,0.10675305326034212,0.05650667377442437,0.0304642595971815,-0.04371954428338083,-0.007022327927336846,-0.18235499149119389,-0.10721437407308688
#53,0.2744072881854031,0.02897778142278173,-0.03573356843608827,-0.18487687860086524,0.5142360185621826,0.26083420471709073,0.20777889406023825,0.3333333333333333,0.19287652321297985,0.06261319445868274,0.28052064325207254,1.0,0.40344384529691973,0.3020421134644168,-0.11129791756367936,-0.03656736309023435,-0.1314012534257342,0.12126586431017161,0.17342245367997322,-0.11883965855425474,-0.20556797135026894,0.018753545335875723,-0.06142401191916293,-0.11349517150882661,-0.32336538658684105,-0.2013306542554282,-0.3875197342792119,-0.20299140918130934,0.1714541515455956,0.14400385459167983,0.08623282007121426,-0.294927521374531,-0.2477600311647838,-0.01914310513330463,0.07213690634845782,0.19627321127126346,0.011331406037493422,0.479452429281228,-0.0871998851823755,0.347583020660338,-0.06907510302831485,0.30954626535173146,0.06828914905104601,0.16222090090828942,0.21190686103650244,-0.034763086133721526,-0.23039044826714233,-0.202817132429828,-0.1748508396038792,-0.14215173695828975,-0.057463487311969055,-0.018545096672339206,-0.10724171160273102,-0.27919477306433205,-0.26733370238998355,-0.28659640921548124,-0.12507603250432275,-0.10315475092093303,0.09117749574559694,0.009496374360130946,-0.03457855780862362,0.29267217517888994,0.23439197916880242,0.20181247821540607,-9.568135375446797e-05,-0.044167196331303525,0.2038627929387161,0.14150930501165263,0.1427326594632276,-0.05967099283073285,-0.07794271420663072,-0.261503974193372,0.015924111017707885,0.022331344528051723,-0.211103821103206,-0.17572222336128596,-0.15235205270675714,-0.221123025717781,0.2131712217825436,0.3364361429479425,0.42679009561300996,0.24906198101408566,0.37896650469180354,0.5175472768403283,0.3867952897436423,0.22814535364511787,0.2243761917454329,-0.08252175042202312,-0.04320696560255333,0.17536683547591222,0.1624635214838811,-0.07472372009103398,-0.018794551630341924,-0.03339279246030932,0.06310526999227714,-0.07318256685734593,0.052703339962684274,-0.2582747285041587,-0.12831211257594707,-0.05110067728729693,-0.1629316766790369,-0.23015466207396168,0.15304915971268257,-0.3573493531257048,-0.31348628681169227,-0.22274277434919593,-0.26061550447993764,-0.09741045250445944,-0.3441145715867386,0.03609237351266753,0.003492369412038081
#54,0.08816695029353673,-0.17895146905049925,-0.01833323081759717,0.16284966409010448,0.29434318167838763,0.5557446401355941,0.11345758240556592,0.09890034787006473,0.02671218365352415,0.07994518825306351,0.19775968944566324,0.40344384529691973,1.0,0.49855452812006645,-0.19737696403064536,-0.21330449223955877,0.09048380593087706,-0.3983658991655219,-0.23255353030023443,-0.47585754413302445,-0.3487858719646799,-0.32717897197219775,0.1936624771902487,0.05617178903628374,0.06023141218843759,-0.07738229484892598,-0.001110587141792932,-0.07175759812464547,0.15483976790437332,0.24861432896616298,0.06453707310738865,0.01166629077563406,0.039195183127276705,0.23922047034219754,0.046108160936037014,0.2065828771383074,-0.14169725052795604,0.13331488050082355,-0.04558191349038744,0.1386593675462517,-0.11912670261551815,0.22677505997170566,0.1713789733390742,0.10952439532801618,0.3471695405244705,0.09128342867296797,0.23576227284221463,0.14822750292169848,-0.11468435404834643,-0.2591324434967434,0.11122273935715798,0.06518292224523131,0.03633841127946473,-0.2062172376793171,-0.05912424223785018,-0.249639486327818,-0.11658772954981923,-0.03295539198600318,0.14116075150868992,0.18275138567103383,-0.31235861371387175,-0.12468305551568833,-0.17363773672592075,-0.23098162234569672,0.08586376342101847,0.09720883822333395,0.10203732939672906,0.15909758814644714,-0.2558519399394474,-0.10228336716352626,-0.22547652731360932,0.006909560617554795,0.11078533888285184,0.04499073941183305,-0.09070250616803012,-0.1781415947347918,-0.19798180687402184,-0.002060566296926578,-0.025030925580409927,-0.08923653114086345,0.05071795187227906,0.4787553222753026,0.3560849923796636,0.5507760441227728,0.7074815984253583,0.03283920748501561,0.24442485254819948,0.30386005918575165,0.09297835551090426,0.24861091177495745,0.3205222835038512,0.044355141847606944,0.24890137302742638,-0.11931464813182156,0.21295935592780157,-0.07030870905350638,-0.14051490237084727,0.13640402135061067,0.0645883309754714,0.26145271632528927,0.11489621990308846,-0.028243085313595637,0.045636588549675706,0.04850019477989871,0.008085074392252544,0.21839268994457317,0.14527163252892653,-0.29209808705636314,0.08197499982914044,-0.0047498957756682315,0.21325665156268153
#58,0.03947539280612907,0.07578304936474416,-0.11635877773904961,0.0329383060299756,0.2523595705274093,0.31950054333340167,0.4250815000102516,0.26582330387714515,0.29775695569269883,-0.030665873878306986,0.2803907899862629,0.3020421134644168,0.49855452812006645,1.0,-0.20758411416152378,-0.10195873399900218,-0.15995872033023736,-0.23141218843759184,-0.2747865964092155,-0.22021405285711357,-0.3793936535924931,-0.2489047902186319,-0.028683902979107292,0.06503940021459961,-0.03908241581749465,-0.015233838394193509,-0.04452258421667726,-0.25611848085347766,0.03726447009615976,0.2538221283633704,0.05526623336682181,0.1299523643545951,0.1399100595274708,0.3324858699143652,0.009622810434735065,0.13396756402107723,-0.0782263410766886,0.21708048852165474,-0.17381543066860763,0.05921992359160465,-0.032688851071972884,0.21266889467533268,0.0741359632036851,0.04401683991826079,0.10447036953505696,-0.06274304772449238,-0.021654740669359414,-0.00316090186510296,-0.12796014188177884,-0.22843239770638127,0.10156233981916224,0.11222055918916887,0.2199509291342888,0.007473397166465052,-0.1435698713085792,-0.05485958761336532,-0.19148230920112905,-0.00933576637347166,0.06403816319138321,0.12589615839364676,-0.18414559968288466,0.09037103862109501,0.04788168317170019,0.06024166376205414,0.1703948222718854,0.1704973380080509,0.452258421667726,0.2835175199393107,0.1138232218645562,0.11363185915704728,0.068084117578715,0.045862123169239814,-0.09204204512059268,0.27378194219479357,-0.2365140549074283,-0.16082326970523309,-0.0521155830753354,0.16306152994484654,-0.033649081800723075,0.026339709812122827,-0.22984028048305416,0.32092551206610215,0.024634531400569988,0.4799820939180831,0.5420861268871439,-0.0183810714944744,0.29399462817542493,0.021948619113033852,0.008830022075055188,0.14207997594297392,0.18051995981383143,0.1884649293666578,-0.04556482753435986,-0.04243809758131206,0.23842426479131212,-0.05302797312720836,-0.10862909123217081,0.08601753702526671,-0.08195791387311285,0.31039372877069965,0.2844948366240885,-0.06072007053082648,0.09964187836166184,0.07981191779604836,0.24083680178240693,0.3014133502826017,0.25449531503085726,-0.13087158878887908,0.18782933180243166,-0.1613358483860606,0.04949118022949856
#101,0.04149153561738393,0.14005699874930802,-0.07616577477976202,-0.19585973113539595,-0.2012042181808241,-0.29197506817296454,-0.0690853546019314,-0.028396858917843888,0.08361525160778846,-0.07260847873481913,-0.24928068125123873,-0.11129791756367936,-0.19737696403064536,-0.20758411416152378,1.0,0.4678852370505539,0.0036700633547249503,0.16539888872941996,0.11083317955972909,0.3098811500898721,0.48571955795214566,0.32204976797271717,0.15531134029073462,0.15101934813660564,0.0918848543251389,0.09230858603462298,-0.21058099084876195,-0.26310321967755385,-0.060163068364327256,-0.27233305312365447,-0.038583505901489214,0.02438165925136175,0.021890526862540068,-0.18197226607617603,0.01406857619311231,-0.19319773918629843,0.22091799424545,0.013795200896670972,0.20537319145155447,-0.04503174570629925,0.31156924254539736,-0.19363513966060458,0.1609462885886317,0.25940581879318475,-0.2689671197862205,0.19537107279300706,-0.22023113881314116,-0.3031766209446483,-0.42486621696430404,-0.1251067872251724,-0.5293570896465941,-0.24774636239996173,-0.4601965568381413,0.39901174830336456,0.43287269595882966,0.6247992400166759,-0.4078725250992694,-0.08237139400898037,-0.44447406010155893,-0.2724594891982586,0.02658574757892003,-0.14015268010306248,0.19634497228657932,0.15428960012028514,-0.034616146911884305,0.2973571443216534,0.01556530594112863,0.18804461484837923,0.11316370396189149,0.12049357909772483,0.08040650906580826,0.02554692145244295,-0.04723925122506305,-0.06633109849028493,-0.08690258954749554,-0.2651979578865356,-0.27615005570021667,-0.290840560692733,0.06198784846807318,-0.005464088737621225,-0.05145606517267067,-0.012072936529090549,-0.335414402777493,-0.18204402709149187,-0.2508560063969819,-0.2105502361279123,-0.17421524203965308,-0.18229006485828908,0.13900450385800886,-0.18856061072041225,-0.1756265420075315,-0.33280708588768376,-0.24832386771369405,-0.15072546969293119,-0.2154163164045681,0.22264025861303044,0.003875094827055953,-0.1697216356043986,-0.08125397248477641,-0.13750435691878704,-0.16611649888257848,0.10316500249454957,-0.19003000293878444,0.051415058878204474,-0.015746417075021016,0.024104866763714896,-0.11917454329239538,0.01025157361655014,-0.18846151217545226,-0.17985019033755015,-0.2943944395464704
#102,0.10309324147923372,0.14251395922607454,0.17009752663700545,-0.17300555635290016,-0.09721225541453947,-0.09804605006868554,-0.03790006766038587,0.015527716837867946,0.07911822798132846,-0.04663440838168659,-0.005904906403132881,-0.03656736309023435,-0.21330449223955877,-0.10195873399900218,0.4678852370505539,1.0,-0.1404431413555314,0.21967755383784746,0.10365707802814399,0.4227988162849664,0.12372624197814365,0.7016176983166916,-0.09168324004401342,0.20149467943329302,-0.24675195975915637,0.24202256713072123,-0.20131698549060614,-0.20973011023858829,-0.08809518927822087,0.11783500433983284,-0.28604965862259857,-0.005255640074084705,-0.1612299154586896,-0.1530730800511212,0.09407869107908064,-0.06317361381638749,0.048503611971104234,0.28232150301737985,-0.010309665867043925,0.17938545233359987,0.046408873762122486,0.06125656955009261,0.09117749574559694,0.30319370690067593,-0.20691434468524253,0.17694557781286094,-0.32198825853101787,-0.28937800285677184,-0.08954407834935996,0.13295265823303878,-0.1610693074720303,0.03584291855466481,-0.1173565975710605,0.3130044628517144,0.08386470656579119,0.21720350740505334,-0.38395902104306345,0.04622092824581907,-0.31334276478106055,0.0797777458839932,-0.006714780718840342,-0.09631353412748857,0.15960333244486363,0.09867481325050062,-0.07054791243789255,0.22972409598206658,-0.03488952220832565,0.1131261148586308,0.2679419624245655,0.31315823645596264,0.08156493688447844,-0.08340680294425194,-0.056021432623241,0.0653845365263568,-0.06027583567410931,-0.0028465202741954224,-0.28996917693532626,-0.3514546982961885,-0.18222172103417875,0.2711165330544905,-0.11555573780575318,0.03415482609913955,-0.3037643778319972,-0.2826905596675756,-0.2663768888524389,-0.35167681572454706,-0.11520034992037945,-0.3713632542595288,0.12982251108878545,-0.14732194725223655,-0.06133174775661397,-0.38714726043781056,-0.1849930631018528,-0.18751495021152415,-0.2744448772886638,-0.11401458457206515,0.1715019922224728,-0.31650708383736903,-0.3323594338397611,-0.24774636239996173,-0.18687593545609252,-0.16960203391220552,-0.14822408573049298,-0.09695938326533123,-0.14900320532535077,-0.2558382711746253,-0.2703579166068658,-0.10182204635078151,-0.27002986625113623,-0.1815416999842809,-0.3334050943486492
#201,0.08152734778121776,-0.08757577621498233,0.49192175999015847,0.4785673767589992,-0.16059431789446346,0.10467881819859348,-0.11607515086899173,-0.10926810598760243,-0.20125889324011237,0.5733465920352108,0.1955009260588167,-0.1314012534257342,0.09048380593087706,-0.15995872033023736,0.0036700633547249503,-0.1404431413555314,1.0,0.25554097553974536,0.048824827944422805,-0.22726030112288903,-0.13411450324291446,-0.21650981759033344,0.15450146597502717,0.14756456782782823,0.17766660515722496,-0.041013128848611594,0.09376089229696759,0.37214579104559214,0.12046282437687518,-0.02500358805076579,0.13623999617274585,0.23116273347958913,0.3245511519351554,0.27653278111523455,-0.14323156937923304,-0.07493558594577601,0.06477969368298034,-0.34079989611738737,0.1076039338705158,0.07106049111872005,0.1124734313383771,-0.1167654234925061,-0.16112739972252407,-0.192599730725333,-0.06423294309009767,-0.06985422262317266,0.2522468032176272,0.425481311381297,-0.2880931389634976,-0.09888667910524265,0.13058796191882122,0.1729098749991457,0.007575912902630553,0.05599067790239135,0.11596580075041518,0.031728620343222685,-0.14000574088122528,-0.20929270976428216,-0.1277482760270368,-0.24431550242962294,0.03166711090152338,-0.12316240542923339,0.060426192087152046,0.24198497802746055,0.20540736336360965,0.0938873283715717,-0.1099583786111168,-0.0722360048934178,0.01528509626227626,0.0768150411088102,0.2849117339511615,0.3615866702205455,-0.13468859136544126,-0.26588139612763895,-0.07314156056287974,-0.30862704091744747,-0.012178869456461567,-0.14061400091580725,0.12487783541440278,-0.10265242381372207,-0.10442936324059077,0.11672100000683439,-0.08751084958207751,-0.08584667746499088,-0.17107826051298874,0.037500256289340415,-0.0655895679986878,0.12345286668170231,-0.04195285643012869,-0.08469850121993726,-0.20871520445054983,0.04839084466132218,0.006875388705499627,0.08778764206972436,0.009947443599259153,0.4658315051360384,-0.0039912793280435215,0.5385356652246119,0.25799110163410083,0.2711302018193126,0.23766564834368742,0.540982374127762,0.21172233271140453,0.4927931437475653,0.31824643416097703,0.4119936576931226,0.30034376943527497,0.11810496244506866,0.18222855541658978,-0.02104648063477744,0.007247862546900949
