,#10,#11,#12,#13,#17,#18,#26,#49,#50,#51,#52,#53,#54,#58,#101,#102,#201,#202,#301,#302,#401,#402,#501,#502,#601,#602,#701,#702,#801,#802,#901,#902,#1001,#1002,#1101,#1102,#1201,#1202,#1301,#1302,#1401,#1402,#1501,#1502,#1601,#1602,#1701,#1702,#1801,#1802,#1901,#1902,#2001,#2002,#2101,#2102,#2201,#2202,#2301,#2302,#2401,#2402,#2501,#2502,#2601,#2602,#2701,#2702,#2801,#2802,#2901,#2902,#3001,#3002,#3101,#3102,#3201,#3202,#3301,#3302,#3401,#3402,#3455,#3501,#3502,#3601,#3602,#3701,#3702,#3801,#3802,#3901,#3902,#4001,#4002,#4101,#4102,#4201,#4202,#4301,#4302,#4401,#4402,#4501,#4502,#4601,#4602,#4701,#4702,#4801,#4802
#10,1.0,0.09181431943351692,0.03955940204563336,0.2550495672698663,0.5617246262785208,0.2560818253343824,0.2490763178599528,0.6659260424862313,0.27268607395751376,0.48136585365853657,0.44807553107789144,0.30383634933123527,0.2379921321793863,-0.0035059008654602674,-0.030508261211644374,-0.1783477576711251,0.16139732494099135,-0.01414948859166011,-0.27487647521636505,-0.3339354838709677,-0.20509205350118018,-0.2641447678992919,0.3479464988198269,0.1555814319433517,-0.040950432730133754,0.1294791502753737,0.13358300550747443,-0.02559244689221086,0.08884972462627852,0.0007364280094413848,0.284720692368214,-0.014634146341463415,0.12006294256490951,0.01650354051927616,0.11458693941778128,-0.03769630212431157,0.10896616837136114,0.23021243115656964,0.250360346184107,0.31683398898505116,-0.09814004720692368,-0.15541778127458694,-0.23326514555468136,-0.14750590086546025,0.06513926042486232,-0.16414791502753737,0.25061841070023605,0.036525570416994495,0.3255704169944925,-0.007930763178599528,0.24835877261998426,0.0016490952006294256,0.2037765538945712,-0.023225806451612905,-0.02256490952006294,-0.0035059008654602674,-0.24121479150275374,-0.2081699449252557,-0.03233359559402046,0.1557387883556255,0.07107474429583005,0.06089063729346971,-0.33970731707317076,-0.4282360346184107,0.08246734854445319,0.04866089693154996,-0.19304484657749804,-0.026895357985837923,-0.06093469708890637,-0.14216837136113297,0.06974665617623918,0.18073328088119592,0.4202108575924469,0.11170416994492526,0.36258064516129035,0.07575137686860739,0.08416050354051928,-0.13737214791502753,-0.02603933910306845,0.09060582218725413,-0.5359118804091266,-0.22936270653029112,-0.09308575924468922,-0.37715814319433516,0.07507789142407553,-0.06676317859952793,0.00866089693154996,-0.06337686860739575,-0.09895200629425649,-0.3736018882769473,-0.13608182533438237,-0.23869708890637292,0.01988985051140834,0.01925413060582219,0.12226593233674272,-0.05596852871754524,0.18167741935483872,0.14799055861526358,0.21869394177812745,-0.08516129032258064,0.20536900078678205,0.07302596380802517,0.31527301337529506,0.1328654602675059,0.07054602675059009,0.13597482297403618,0.2321699449252557,-0.06077104642014162,-0.008044059795436664,0.07004878048780488,0.044248623131392606
#11,0.09181431943351692,1.0,-0.0544390243902439,-0.09444531864673486,0.2263351691581432,0.1651801730920535,0.2097560975609756,0.22929346970889064,0.515285601888277,0.12389614476789929,-0.035065302911093624,0.1828733280881196,0.2614256490952006,0.05016522423288749,-0.1530889063729347,-0.10508261211644375,0.2515499606608969,0.0037387883556254916,-0.40589771833202204,-0.21713296616837136,0.04293312352478364,-0.2879496459480724,0.11492053501180173,-0.1764972462627852,0.1722738001573564,-0.2440786782061369,0.14324468922108577,-0.024088119590873328,0.01342564909520063,-0.1543225806451613,0.06261526357199056,-0.44896302124311566,-0.1758426435877262,-0.2216648308418568,-0.005885129819040126,-0.13518174665617624,-0.13093941778127458,-0.09829740361919748,-0.08959874114870181,-0.06549803304484658,-0.19950904799370575,-0.1281070023603462,-0.166426435877262,-0.11929504327301338,-0.15223288749016523,-0.23014319433516917,0.12555782848151062,-0.10000314712824547,-0.021564122738001575,0.004538158929976397,0.19284972462627853,0.009277734067663258,0.011656963021243116,-0.10164594807238395,-0.029343823760818254,-0.11561290322580645,0.03585208497246263,-0.17667348544453187,0.2461494885916601,0.06563650668764752,-0.04288906372934697,0.13567899291896146,-0.04104484657749803,-0.055169158143194334,0.1529567269866247,0.2776081825334382,0.2463068450039339,0.06973406766325728,0.11258536585365854,0.304654602675059,0.22046262785208498,0.08906372934697089,0.26340204563335956,0.13823446105428797,0.14011014948859166,0.09356412273800158,0.06380487804878049,-0.023760818253343825,0.14987883556254916,-0.13102124311565697,-0.1603273013375295,-0.06568056648308418,-0.011203776553894571,0.07492682926829268,0.2581778127458694,-0.059562549173878834,0.013350118017309206,0.0020833988985051143,-0.13730291109362708,0.10659952793076317,-0.18875216365066877,-0.12506687647521636,-0.1105963808025177,-0.03246577498033045,0.06700865460267506,-0.06284185680566483,-0.21098347757671126,-0.04051612903225806,-0.0789362706530291,0.13043587726199843,0.08081195908733281,-0.006420141620771046,-0.07570731707317073,-0.15266089693154997,-0.011002360346184107,-0.13579858379228954,-0.15495830055074744,-0.06766325727773406,-0.014187254130605823,0.241441384736428,0.141639653815893
#12,0.03955940204563336,-0.0544390243902439,1.0,0.36854760031471284,0.13061841070023603,0.2066341463414634,-0.014602675059008655,-0.22826750590086545,-0.045859952793076315,0.11723682140047206,-0.06450983477576712,-0.018907946498819828,-0.26695830055074743,-0.2812903225806452,-0.1957387883556255,-0.01875059008654603,0.3155814319433517,0.46967112509834774,-0.07808025177025964,-0.3188985051140834,-0.4085853658536585,-0.08166168371361134,0.022929976396538158,0.25311723052714397,0.0520912667191188,0.2341778127458694,0.11599055861526357,-0.15826278520849724,-0.14244531864673485,-0.33478520849724624,0.33220456333595594,0.2804972462627852,0.45450196695515344,0.2978882769472856,-0.2501841070023603,-0.3586656176239182,0.1461085759244689,-0.20770416994492524,0.24178756884343036,-0.004632572777340677,-0.37674901652242326,-0.4858599527930763,-0.12656490952006294,-0.327081038552321,-0.3406955153422502,-0.3624610542879622,-0.08393391030684501,0.019191188040912667,0.14328874901652242,-0.002278520849724626,0.017875688434303698,0.20540676632572777,0.17963808025177025,0.34004091266719116,-0.05594335169158143,0.18636664044059795,-0.07835090479937057,-0.16011959087332808,0.16122108575924468,0.059254130605822186,0.5644752163650669,0.36351848937844217,0.011996852871754523,0.15344138473642802,0.02773249409913454,-0.04310306845003934,-0.08206451612903226,-0.07895515342250196,-0.26066404405979543,-0.2655357985837923,-0.13126042486231315,-0.2832918961447679,-0.0878174665617624,0.06629740361919748,-0.24445003933910306,-0.021847364280094414,0.1099543666404406,0.40231628638867034,0.21432572777340678,0.053060582218725415,-0.3409158143194335,-0.28149803304484655,-0.18904169944925256,-0.04433674272226593,-0.19990558615263573,0.42984107002360344,0.4234398111723053,-0.3360377655389457,-0.26003461841070025,-0.3043398898505114,-0.23312037765538945,0.1919874114870181,-0.20166168371361132,0.3125098347757671,0.26050668764752166,0.221249409913454,0.3311723052714398,0.2981337529504327,0.33407395751376867,0.13404878048780489,0.31057749803304485,0.52026435877262,0.6045255704169945,0.2949236821400472,0.2693438237608183,0.38062627852084974,0.39633674272226593,0.3110306845003934,0.3617435090479937,0.3658788355625492,0.3549394177812746
#13,0.2550495672698663,-0.09444531864673486,0.36854760031471284,1.0,0.13933595594020456,0.47941463414634145,-0.20657120377655389,-0.0026121164437450826,-0.16749645948072384,0.10162077104642014,0.1293910306845004,0.11976081825334382,-0.09294728560188828,-0.1800157356412274,-0.1609063729346971,-0.2486294256490952,0.3219386309992132,0.31369944925255705,-0.06908575924468922,-0.2412462627852085,-0.27478835562549175,-0.19833831628638868,0.3119370574350905,0.23352950432730132,0.024616837136113297,-0.0024925255704169947,0.25759244689221084,-0.025888276947285602,0.2259826907946499,-0.05397954366640441,0.5409598741148702,0.34281667977970104,0.5090165224232888,0.2543634933123525,0.1534287962234461,-0.06581274586939417,0.02610228166797797,-0.1448937844217152,0.16774193548387098,0.2757513768686074,-0.29515027537372146,-0.34278520849724625,-0.1639842643587726,-0.43859008654602677,-0.21018410700236034,-0.10277261998426436,0.2893280881195909,0.07429110936270653,0.19896144767899293,0.020412273800157355,0.2412714398111723,0.26319433516915813,0.36036506687647524,0.2055892997639654,0.17699449252557042,0.28923996852871753,-0.029746656176239183,0.0537970102281668,-0.13691896144767898,0.04901337529504327,0.3503823760818253,-0.0024988198269079464,-0.4083713611329662,-0.41999685287175453,0.10579386309992132,0.028003147128245476,-0.26160818253343826,-0.4027128245476003,-0.09136113296616837,-0.34210542879622347,-0.015081038552321006,0.11408339889850512,0.039074744295830056,0.06826750590086546,-0.00024547600314712823,0.013922895357985838,0.11382533438237608,0.3388953579858379,0.2957985837922895,0.092852871754524,-0.2276191974822974,-0.37477261998426437,-0.06989771833202203,0.12256176239181747,-0.18218095987411487,0.32660267505900864,0.36245476003147126,-0.1291518489378442,-0.10585680566483084,-0.31384421715184896,-0.2958489378442172,0.33266404405979544,0.07832572777340677,0.22592604248623133,0.12368214004720693,0.13788827694728562,0.29173249409913454,0.19018095987411487,0.2774256490952006,0.04886860739575138,0.17205979543666405,0.40897560975609754,0.45717702596380805,0.16379543666404406,0.30947600314712825,0.2950243902439024,0.2769724626278521,0.18860739575137686,0.12555153422501966,-0.031049567269866248,0.0068481510621557825
#17,0.5617246262785208,0.2263351691581432,0.13061841070023603,0.13933595594020456,1.0,0.5037230527143981,0.21256963021243117,0.44743981117230525,0.3452462627852085,0.19113768686073956,0.4228481510621558,0.5186467348544453,0.5214036191974823,0.09161919748229741,0.03348544453186467,-0.02816679779701023,0.23287490165224234,0.07485129819040126,-0.1716191974822974,-0.11782848151062156,-0.2053123524783635,-0.2124059795436664,0.22269708890637294,0.11587726199842643,-0.16039024390243903,0.02651140833988985,-0.2634083398898505,-0.3002675059008655,0.31846420141620774,-0.1187411487018096,0.4498064516129032,0.0013847364280094414,0.04525570416994493,0.1304799370574351,0.4003713611329662,0.02811014948859166,0.24623760818253343,0.15379386309992132,0.2670275373721479,0.26189142407553107,-0.19820613690007868,-0.3296490952006294,-0.1360944138473643,-0.23348544453186468,-0.061822187254130606,-0.21642800944138474,-0.1437671125098348,-0.3405507474429583,-0.046130605822187254,-0.2769158143194335,-0.08220928402832416,-0.23103697875688434,-0.1924468922108576,-0.24773564122738,-0.2015861526357199,0.09550275373721479,-0.1975892997639654,-0.12455704169944926,-0.022980330448465775,0.15351691581431942,-0.20745869394177813,0.017271439811172306,0.194492525570417,0.011153422501966955,0.0026876475216365066,0.2988198269079465,0.1291014948859166,0.20167427222659323,-0.10031156569630212,0.0809441384736428,0.009674272226593233,0.03843273013375295,0.3902187254130606,0.25106530291109364,0.23802360346184107,0.17941148701809598,-0.08657749803304485,-0.30849409913453973,0.2461117230527144,0.2936774193548387,-0.3960283241542093,0.02777025963808025,0.0013721479150275375,-0.022760031471282454,0.5991062155782848,0.07014319433516916,0.08526199842643588,0.07886703383162864,-0.2823099921321794,-0.1275405192761605,-0.07220771046420142,0.04003776553894571,0.11102439024390244,-0.1284217151848938,-0.03402045633359559,-0.26454130605822185,-0.011071597167584579,-0.08819512195121951,0.03646892210857593,-0.0690354051927616,0.1363147128245476,0.27572619984264357,0.3977088906372935,-0.029249409913453973,0.24903855232100708,-0.04564594807238395,0.10316915814319433,-0.36210857592446893,0.002045633359559402,0.019902439024390244,0.02468607395751377
#18,0.2560818253343824,0.1651801730920535,0.2066341463414634,0.47941463414634145,0.5037230527143981,1.0,-0.199609756097561,-0.06114870180959874,0.07280566483084186,0.05650354051927616,0.1676601101494886,0.4894162077104642,0.41766168371361134,-0.282095987411487,-0.097705743509048,-0.19866561762391818,0.4613941778127459,0.3771644374508261,-0.03719905586152636,-0.22097246262785208,-0.14557985837922896,-0.3621337529504327,0.1917230527143981,0.18063886703383164,0.11604720692368214,-0.008937844217151849,0.02714083398898505,-0.35637450826121164,0.6307852084972463,-0.0390558615263572,0.6037639653815893,0.16762863886703383,0.17996538158929976,0.16309047993705744,0.40972462627852085,-0.15383162863886704,0.07534225019669552,-0.09149960660896932,0.11408969315499606,0.18172147915027537,-0.3091675845790716,-0.5380456333595593,-0.5055420928402833,-0.5696176239181747,-0.35451140833988987,-0.45302911093627063,-0.018492525570416994,-0.3584012588512982,-0.24997639653815892,-0.3934350904799371,0.030294256490952007,0.16282612116443745,0.09593076317859953,-0.12390243902439024,0.02992918961447679,0.07165381589299764,-0.011140833988985051,-0.08896931549960661,-0.1525916601101495,-0.010813532651455546,0.1430936270653029,0.09954366640440598,-0.060317859952793075,-0.07864044059795437,-0.06345239968528718,-0.006306845003933911,-0.08244846577498033,-0.0929976396538159,0.10642958300550748,-0.024981904012588513,0.13200314712824548,0.2517261998426436,0.22034933123524783,0.3702155782848151,0.05251298190401259,0.07719905586152635,0.20789929189614476,0.19386939417781274,0.47166640440597957,0.26088434303697877,-0.31792289535798585,-0.0826372934697089,0.08695515342250197,0.3994964594807238,0.37213532651455544,0.3581054287962234,0.405904012588513,-0.037790715971675846,-0.220720692368214,-0.25995279307631786,-0.49346341463414634,0.44546341463414635,-0.02968371361132966,0.1319590873328088,0.10301809598741149,0.0902155782848151,0.23451140833988984,0.07124468922108576,0.17128560188827693,0.19318332022029897,0.24438709677419354,0.5170479937057435,0.37934854445318644,0.08609913453973249,0.19400157356412273,0.1000912667191188,0.19531077891424076,0.13606923682140049,0.18652399685287174,0.21027852084972462,0.14651140833988985
#26,0.2490763178599528,0.2097560975609756,-0.014602675059008655,-0.20657120377655389,0.21256963021243117,-0.199609756097561,1.0,0.40056018882769473,0.36759716758457905,0.3624107002360346,0.15659480723839497,0.18746813532651455,-0.02080251770259638,0.43013060582218726,-0.026517702596380803,-0.02152006294256491,-0.007924468922108576,-0.20495357985837923,-0.16294571203776553,0.04125255704169945,-0.027940204563335957,-0.009825334382376082,0.026114870180959874,-0.025202202989771834,-0.17953107789142408,-0.12841542092840283,-0.12352478363493312,-0.07140204563335956,-0.30634146341463414,-0.1810983477576711,-0.10586939417781274,-0.07551848937844217,-0.02299291896144768,0.08281353265145555,-0.2367332808811959,-0.206558615263572,0.03775295043273014,0.159213217938631,0.03511565696302124,0.034731707317073174,-0.01888276947285602,0.06067033831628639,0.26043115656963023,0.12825177025963808,0.04572147915027537,0.16952950432730135,0.17292210857592447,0.09908418568056648,0.10848780487804878,0.13917859952793077,0.07879779701022817,-0.2437639653815893,-0.14752478363493313,-0.1312289535798584,-0.1462155782848151,-0.2440786782061369,-0.21064358772619984,-0.17494256490952007,0.09109047993705743,0.2737183320220299,-0.2609472856018883,-0.21227380015735642,0.1689441384736428,0.06288591660110149,0.08223446105428796,0.07107474429583005,0.24640125885129818,0.39126986624704957,-0.04137214791502754,0.1166955153422502,0.08800629425649095,-0.169705743509048,0.20998269079464987,0.05761762391817467,-0.09298505114083398,-0.27169158143194333,-0.21211644374508262,-0.21189614476789928,0.09751062155782848,-0.039892997639653816,-0.10520849724626279,0.028601101494885917,-0.21324311565696302,-0.22964594807238395,0.17814634146341463,-0.25628953579858377,-0.21079464988198268,-0.3108040912667191,0.2054697088906373,0.02663099921321794,0.2757513768686074,-0.2913170731707317,-0.06129346970889064,-0.20429268292682926,-0.006703383162863887,0.044254917387883556,-0.15551219512195122,0.01668607395751377,-0.0748324154209284,-0.1005633359559402,-0.11914398111723053,-0.18491266719118804,-0.10254602675059009,-0.25834146341463415,-0.09025963808025177,-0.09713926042486232,0.04796223446105429,-0.10741778127458694,-0.10775767112509835,0.025649095200629426,0.1697183320220299
#49,0.6659260424862313,0.22929346970889064,-0.22826750590086545,-0.0026121164437450826,0.44743981117230525,-0.06114870180959874,0.40056018882769473,1.0,0.3924972462627852,0.3581054287962234,0.43619197482297406,0.16947285601888276,0.2197513768686074,0.20186939417781274,-0.050278520849724624,-0.12507317073170732,0.04286388670338316,-0.3611644374508261,-0.32367584579071595,-0.19375609756097562,-0.07091738788355625,-0.13447049567269867,0.26866404405979544,0.05080723839496459,-0.13721479150275373,-0.11306372934697088,-0.027682140047206923,0.08739575137686861,-0.028871754523996852,-0.024226593233674272,0.00935326514555468,-0.17815892997639654,-0.052022029897718335,0.0012210857592446893,0.14470495672698663,-0.016371361132966167,-0.002089693154996066,0.2084972462627852,0.07816837136113297,0.19460582218725414,-0.014029897718332022,0.011650668764752164,0.04253658536585366,0.013872541306058223,0.08575295043273014,0.03675845790715972,0.3039307631785995,0.0950558615263572,0.23889221085759244,0.00370102281667978,0.15067191188040913,-0.240522423288749,-0.057680566483084186,-0.22394964594807237,-0.11502753737214791,-0.16065460267505902,-0.05995908733280881,-0.07621715184893785,-0.04644531864673485,-0.04529976396538159,-0.21009598741148702,-0.057214791502753735,-0.1973501180173092,-0.34556726986624703,0.0301117230527144,0.15227065302911094,-0.11233988985051141,0.019348544453186466,-0.08635719905586153,0.03853343823760818,0.03357985837922895,-0.00884972462627852,0.48304642014162075,0.001101494885916601,0.37805192761605033,0.1601825334382376,0.06924940991345398,-0.2610479937057435,-0.1345334382376082,-0.01634618410700236,-0.32126514555468133,-0.10296144767899292,0.025605035405192763,-0.35850826121164436,0.19682140047206922,-0.1671754523996853,-0.03101809598741149,-0.04699921321793863,0.02779543666404406,-0.08034618410700237,0.10464830841856805,-0.31516601101494884,0.03515971675845791,-0.03981746656176239,0.022092840283241544,-0.1672258064516129,-0.2212745869394178,-0.06045003933910307,0.03198741148701809,-0.27424704956726986,-0.09094571203776554,-0.1687993705743509,-0.005954366640440598,-0.07441699449252558,-0.027726199842643587,-0.0192918961447679,-0.004878048780487805,-0.13467191188040914,-0.13751062155782848,0.01285916601101495,-0.05182690794649882
#50,0.27268607395751376,0.515285601888277,-0.045859952793076315,-0.16749645948072384,0.3452462627852085,0.07280566483084186,0.36759716758457905,0.3924972462627852,1.0,0.37102753737214794,0.3588481510621558,0.23150904799370575,0.284330448465775,0.2030841856805665,0.021243115656963022,0.0516191974822974,0.2631628638867034,0.18926199842643587,-0.5911439811172305,-0.27099291896144767,-0.19781589299763966,-0.3774791502753737,0.27536742722265933,-0.21401730920535011,-0.03587096774193548,-0.16964909520062943,0.14417623918174666,-0.05380330448465775,-0.007313926042486232,-0.15348544453186466,0.004462627852084972,-0.40916443745082615,-0.15233359559402046,-0.3627254130605822,-0.1542155782848151,-0.08687962234461054,-0.3060015735641227,-0.16112037765538945,-0.2377466561762392,-0.28339889850511407,-0.261507474429583,-0.18187254130605823,-0.15705428796223447,-0.13375295043273014,-0.09007710464201416,-0.15917545239968528,0.16096302124311565,-0.04180015735641227,0.09697560975609756,0.0364059795436664,0.22099763965381589,-0.014143194335169158,0.150948859166011,-0.08321636506687648,0.017088906372934698,-0.2671345397324941,-0.0622690794649882,-0.24287647521636507,0.23347285601888276,0.00018253343823760817,-0.19864044059795435,0.18739889850511407,-0.015169158143194335,-0.04851612903225806,-0.0269771833202203,0.110558615263572,0.2817686860739575,0.238426435877262,0.15930763178599527,0.3384232887490165,0.29509992132179386,0.11124468922108575,0.37604405979543665,0.1549897718332022,-0.020833988985051143,0.033183320220298976,-0.0646294256490952,-0.1983194335169158,0.07159087332808813,0.006992918961447679,-0.04690479937057435,-0.01367741935483871,-0.0439213217938631,0.07776553894571203,0.3576459480723839,-0.18614004720692368,-0.11437293469708891,0.023836349331235247,-0.010284815106215579,0.053343823760818254,-0.23376239181746655,-0.22813532651455548,-0.10566168371361133,-0.22341463414634147,-0.1782974036191975,0.06144453186467348,-0.19109992132179388,0.0964846577498033,0.0972462627852085,0.1490731707317073,0.19474429583005506,0.07814319433516916,-0.03865302911093627,0.12024547600314713,0.19061526357199055,0.06377340676632573,-0.08440597954366641,-0.08584107002360346,-0.10296774193548387,0.15899921321793864,0.08846577498033045
#51,0.48136585365853657,0.12389614476789929,0.11723682140047206,0.10162077104642014,0.19113768686073956,0.05650354051927616,0.3624107002360346,0.3581054287962234,0.37102753737214794,1.0,0.6055452399685287,0.14068292682926828,0.08175609756097561,0.2011518489378442,0.01988985051140834,0.002876475216365067,0.37727773406766324,0.3014822974036192,-0.32142250196695515,-0.19448623131392603,-0.26354681353265147,-0.19894885916601102,0.43750118017309203,0.1758174665617624,0.009718332022029898,-0.008163650668764752,0.2934822974036192,0.08697403619197483,-0.15376239181746656,-0.2224390243902439,0.12844059795436663,-0.1578725413060582,0.20695515342250198,0.01459008654602675,-0.29851140833988987,-0.234360346184107,-0.19887962234461054,-0.07132651455546814,-0.13742250196695516,-0.09268292682926829,-0.3018788355625492,-0.13834146341463416,-0.06396852871754524,-0.17413060582218726,0.09421872541306059,-0.12253029110936271,0.34856963021243115,0.2637608182533438,0.26479307631786,0.1427411487018096,0.33481667977970103,0.13183949645948073,0.2588450039339103,0.18943194335169158,0.060500393391030687,-0.10244531864673485,-0.2779417781274587,-0.2937151848937844,0.22123052714398111,0.09721479150275374,0.1507285601888277,0.1825460267505901,-0.16898819826907946,-0.21056176239181745,0.12134697088906372,0.0032478363493312354,0.04934697088906373,0.08445003933910307,0.19403933910306845,0.1408276947285602,0.29615106215578285,0.0733910306845004,0.1432383949645948,0.0646168371361133,-0.11406451612903226,-0.286432730133753,-0.1027537372147915,-0.13905900865460266,0.1468324154209284,0.1676349331235248,-0.2951376868607396,0.010165224232887491,0.009321793863099921,-0.2176428009441385,0.018996066089693155,-0.1001038552321007,-0.07890479937057435,-0.09046734854445318,0.12260582218725413,-0.1259669551534225,-0.10428324154209284,-0.2453123524783635,-0.03257277734067663,-0.030382376081825334,-0.0114492525570417,0.31440440597954367,0.24587883556254916,0.5211518489378442,0.40747128245476005,0.1625302911093627,0.32418568056648306,0.18765066876475217,0.057573564122738,0.37955625491738787,0.24743351691581433,0.2852808811959087,0.22749331235247836,0.07536742722265932,-0.18606451612903227,0.03883556254917388,-0.006432730133752951
#52,0.44807553107789144,-0.035065302911093624,-0.06450983477576712,0.1293910306845004,0.4228481510621558,0.1676601101494886,0.15659480723839497,0.43619197482297406,0.3588481510621558,0.6055452399685287,1.0,0.2884972462627852,0.3261117230527144,0.13956254917387884,0.15535483870967742,0.01596852871754524,0.2621243115656963,0.11551848937844217,-0.21184579071597168,-0.14551691581431944,-0.33018410700236034,-0.23723682140047206,0.4812336742722266,0.1874366640440598,-0.11830055074744296,0.015993705743509046,0.05733438237608183,-0.0556852871754524,0.09792604248623131,-0.20563335955940204,0.13956254917387884,-0.13344453186467348,0.16988198269079466,0.0610102281667978,0.14231313926042485,-0.02738001573564123,-0.08247993705743509,-0.0643147128245476,-0.0006483084185680566,0.10708418568056648,-0.15272383949645948,-0.15679622344610541,0.014722265932336743,-0.1991880409126672,0.15274272226593233,0.03695357985837923,0.09789457120377655,0.10068922108575924,0.10666876475216365,0.032900078678206136,0.17421243115656962,0.03488906372934697,0.19536113296616836,0.07617938630999213,0.1256774193548387,0.0345177025963808,-0.18506372934697088,-0.06350904799370574,0.0895609756097561,0.03229583005507474,-0.02700236034618411,0.07507789142407553,0.024516129032258065,-0.14495043273013375,-0.0768654602675059,0.00929032258064516,0.07325255704169945,0.0884468922108576,0.05166325727773407,0.08482140047206924,0.19554366640440599,0.007502753737214792,0.2124059795436664,0.2543257277734068,0.05708261211644375,-0.021003933910306846,-0.05608811959087333,-0.3051014948859166,0.12707474429583004,0.2522612116443745,-0.15753894571203778,0.01719590873328088,0.13866876475216364,-0.0027065302911093627,0.2111219512195122,-0.033686860739575136,-0.09098347757671126,0.21059323367427224,0.11560031471282455,-0.11976081825334382,0.0010259638080251771,-0.10506372934697089,0.13124154209284028,-0.248,-0.2803147128245476,0.1005633359559402,0.13396066089693154,0.2520912667191188,0.2521101494885917,0.03020613690007868,0.17654130605822188,0.17729032258064517,0.08495987411487019,0.2913296616837136,0.254426435877262,0.12327301337529505,0.09780645161290323,-0.15728088119590874,-0.32508575924468924,-0.1672635719905586,-0.2601605035405193
#53,0.30383634933123527,0.1828733280881196,-0.018907946498819828,0.11976081825334382,0.5186467348544453,0.4894162077104642,0.18746813532651455,0.16947285601888276,0.23150904799370575,0.14068292682926828,0.2884972462627852,1.0,0.5974067663257278,0.09121007081038553,-0.08426121164437451,-0.0856648308418568,0.36597324940991344,0.08791817466561762,-0.21039811172305273,-0.25508733280881196,-0.2431345397324941,-0.4838269079464988,0.21953107789142406,0.17158143194335168,-0.062099134539732495,-0.00194492525570417,-0.19108733280881196,-0.4270401258851298,0.40563335955940205,-0.23096144767899293,0.37323052714398114,0.020185680566483084,0.20207710464201417,0.29810857592446893,0.34329504327301336,-0.037054287962234464,0.11425334382376082,0.014143194335169158,0.0506624704956727,0.16420456333595593,-0.36524940991345395,-0.37863729346970887,-0.16213375295043272,-0.29353894571203776,-0.28864201416207713,-0.19211329661683713,-0.03375609756097561,-0.19420928402832416,-0.21157513768686073,-0.2109897718332022,0.10686388670338316,0.02858221872541306,-0.04545082612116444,-0.1527049567269866,-0.15785365853658537,-0.10028638867033832,-0.21545869394177813,-0.2834492525570417,-0.04027065302911094,0.1837104642014162,-0.057239968528717544,-0.020034618410700235,0.14654917387883556,-0.029727773406766324,-0.1296113296616837,0.035757671125098346,0.19495830055074745,0.28254917387883555,-0.033208497246262784,0.23819984264358773,0.045381589299763964,0.12552635719905586,0.311477576711251,0.5110999213217938,0.15035090479937058,0.1665334382376082,-0.15344767899291897,-0.2957167584579072,0.586095987411487,0.32007553107789144,-0.2341778127458694,0.12020141620771047,0.2648874901652242,0.2430023603461841,0.4805916601101495,0.18843115656963022,0.09825334382376082,0.05672383949645948,-0.12391502753737214,-0.09870653029110936,-0.204852871754524,0.2911597167584579,0.21585523210070812,0.0056585365853658535,0.04567112509834776,-0.04591660110149488,0.04310936270653029,0.08499134539732495,0.047930763178599525,0.06687018095987411,0.11801730920535011,0.3220078678206137,-9.44138473642801e-05,0.13588670338316286,0.21306687647521635,-0.0010952006294256491,0.2260456333595594,-0.1949520062942565,0.021041699449252556,-0.022879622344610544,0.025051140833988985
#54,0.2379921321793863,0.2614256490952006,-0.26695830055074743,-0.09294728560188828,0.5214036191974823,0.41766168371361134,-0.02080251770259638,0.2197513768686074,0.284330448465775,0.08175609756097561,0.3261117230527144,0.5974067663257278,1.0,0.06121793863099921,0.26626593233674273,0.19790401258851298,0.17752950432730133,0.0367081038552321,-0.14761290322580645,0.08043430369787569,0.05715814319433517,-0.31729346970889066,0.0351219512195122,0.033416207710464205,-0.09428166797797011,-0.1855609756097561,-0.18507002360346184,-0.30906687647521636,0.39098033044846575,-0.12246734854445318,0.1781085759244689,-0.20092525570416994,-0.18630369787568843,-0.07093627065302911,0.46135641227380014,0.009195908733280881,-0.11884185680566484,0.0026687647521636505,-0.25489221085759245,-0.07532336742722266,-0.20195751376868606,-0.2553957513768686,-0.21858693941778126,-0.0892588512981904,-0.022394964594807238,-0.020815106215578284,-0.06918646734854446,-0.34425806451612906,-0.3778882769472856,-0.3000912667191188,0.17611329661683714,0.05054917387883556,-0.030879622344610544,-0.29733438237608184,-0.030955153422501967,-0.15478206136900077,-0.0014413847364280095,0.15414634146341463,-0.09657907159716758,-0.012066089693154996,-0.2916191974822974,-0.2466215578284815,0.2713705743509048,0.11041384736428009,-0.27578284815106213,0.0992667191188041,0.22941306058221872,0.33627694728560187,0.11726199842643588,0.25952478363493314,0.25149331235247835,0.12760346184107002,0.4388670338316286,0.41536428009441384,0.323405192761605,0.15541148701809598,0.13057435090479938,-0.3616428009441385,0.34197324940991347,0.22242014162077103,-0.11135169158143195,0.31208811959087335,0.385573564122738,0.28565224232887493,0.6132997639653816,-0.04707474429583006,-0.10462313139260425,0.20869866247049568,-0.15736900078678207,0.03145239968528717,-0.08742722265932337,0.11684657749803304,0.17812745869394178,-0.2646420141620771,-0.258102281667978,-0.09916601101494886,-0.23444846577498032,0.009919748229740361,-0.002996066089693155,0.13876947285601887,0.10476789929189614,0.15379386309992132,-0.15907474429583005,-0.02311880409126672,0.20888749016522423,-0.08459480723839496,-0.10621557828481511,-0.28596066089693156,-0.1438426435877262,-0.14361605035405192,-0.2565413060582219
#58,-0.0035059008654602674,0.05016522423288749,-0.2812903225806452,-0.1800157356412274,0.09161919748229741,-0.282095987411487,0.43013060582218726,0.20186939417781274,0.2030841856805665,0.2011518489378442,0.13956254917387884,0.09121007081038553,0.06121793863099921,1.0,0.10726042486231314,-0.01499291896144768,-0.22956412273800159,-0.22294256490952005,-0.042813532651455544,0.23800472069236822,0.13752950432730135,0.06850668764752163,-0.08732022029897718,-0.12168056648308419,-0.17219826907946498,-0.2687521636506688,-0.13501180173092053,0.1859952793076318,-0.19720535011801732,0.1650228166797797,-0.271081038552321,-0.12117702596380803,-0.23329032258064517,0.020179386309992133,-0.07274901652242328,0.3173501180173092,-0.11021243115656963,0.16011329661683713,-0.09274586939417781,-0.10148229740361919,0.19205664830841856,0.4324091266719119,0.44740204563335956,0.22301809598741149,0.30795279307631784,0.16480251770259638,0.06529661683713611,0.19731864673485444,0.20697403619197483,0.1955247836349331,0.041712037765538945,-0.2935767112509835,-0.12459480723839496,-0.22744295830055075,0.07448623131392604,-0.07092368214004721,-0.158294256490952,-0.14876475216365068,0.01226750590086546,-0.10172777340676632,-0.3253627065302911,-0.12745239968528718,0.2269268292682927,0.04703068450039339,0.08977498033044846,0.2584169944925256,0.42753737214791504,0.25794492525570417,0.23032572777340676,0.26470495672698663,0.1336144767899292,0.0066656176239181745,0.07406451612903225,-0.06880251770259638,0.04866089693154996,-0.07548072383949646,-0.34527773406766327,-0.45926671911880407,-0.16075531077891425,-0.06297403619197482,0.20536270653029112,0.3890605822187254,-0.1789142407553108,-0.060815106215578285,0.30778284815106216,-0.42303697875688434,-0.3867128245476003,0.1394870180959874,0.2726671911880409,0.4611990558615264,0.4310180959874115,-0.22265932336742722,-0.003071597167584579,-0.19217623918174664,-0.2950243902439024,-0.19388198269079465,-0.27235877261998426,-0.06328245476003147,-0.24042800944138473,-0.24706215578284815,-0.2610479937057435,-0.37917859952793076,-0.2903981117230527,-0.16479622344610542,-0.07561290322580645,-0.20519905586152637,-0.23723682140047206,-0.2125003933910307,-0.2780991345397325,-0.3190055074744296,-0.20902596380802518
#101,-0.030508261211644374,-0.1530889063729347,-0.1957387883556255,-0.1609063729346971,0.03348544453186467,-0.097705743509048,-0.026517702596380803,-0.050278520849724624,0.021243115656963022,0.01988985051140834,0.15535483870967742,-0.08426121164437451,0.26626593233674273,0.10726042486231314,1.0,0.6168308418568057,-0.1080409126671912,0.03769630212431157,0.3112258064516129,0.480912667191188,0.28949803304484656,0.15343509047993706,-0.1916978756884343,0.04964280094413848,-0.07145869394177813,-0.13023446105428796,-0.008163650668764752,-0.12054760031471283,-0.10458536585365853,0.018845003933910306,-0.12234146341463414,-0.00934697088906373,-0.3391723052714398,-0.23867191188040912,0.016289535798583794,0.2850542879622345,-0.08923996852871754,0.1604720692368214,-0.24753422501966954,-0.19430369787568844,0.22433359559402047,0.0913296616837136,0.22625963808025176,0.2718929976396538,0.09127930763178599,0.40694885916601103,-0.15900550747442957,-0.1690889063729347,-0.11803619197482297,0.056446892210857594,-0.0026058221872541304,0.014413847364280094,-0.02314398111723053,-0.007313926042486232,0.24682926829268292,-0.09469079464988198,-0.13154366640440598,0.23881667977970103,-0.36222187254130606,-0.1303099921321794,-0.41367112509834775,-0.3966703383162864,0.3726451612903226,0.363279307631786,-0.330360346184107,-0.11607238394964595,0.3084815106215578,0.308066089693155,0.26174665617623916,0.015049567269866247,0.1663760818253344,-0.015206923682140046,-0.09443273013375295,0.017139260424862312,0.0024232887490165224,-0.1436601101494886,-0.09029110936270653,-0.3405255704169945,0.08252399685287175,-0.042272226593233674,0.11891738788355626,0.2549236821400472,0.19026278520849724,0.046608969315499606,0.09929819040125885,-0.40594807238394964,-0.5423068450039339,0.12747128245476003,0.01936113296616837,0.11317702596380802,0.16240440597954367,-0.26618410700236034,-0.061576711250983476,-0.5709079464988198,-0.6302690794649882,-0.07805507474429584,-0.19366168371361134,0.16076160503540518,-0.001114083398898505,-0.22662470495672699,-0.06275373721479151,-0.11279307631785995,-0.17375295043273015,-0.032642014162077106,0.06850668764752163,-0.047137686860739575,-0.04418568056648309,-0.3576270653029111,-0.280912667191188,-0.502955153422502,-0.5559024390243903
#102,-0.1783477576711251,-0.10508261211644375,-0.01875059008654603,-0.2486294256490952,-0.02816679779701023,-0.19866561762391818,-0.02152006294256491,-0.12507317073170732,0.0516191974822974,0.002876475216365067,0.01596852871754524,-0.0856648308418568,0.19790401258851298,-0.01499291896144768,0.6168308418568057,1.0,0.08832100708103856,0.1244059795436664,0.1628575924468922,0.3914964594807238,0.070294256490952,0.04620613690007868,-0.36876160503540517,0.004557041699449252,-0.38565538945712036,-0.19418410700236036,-0.2327993705743509,-0.19541778127458695,-0.19782218725413062,-0.26452871754524,-0.09811487018095988,-0.1732053501180173,-0.1687490165224233,-0.12154209284028324,-0.09979543666404406,0.0972336742722266,-0.12535641227380015,-0.024786782061369,-0.24937214791502754,-0.3230590086546027,-0.035505900865460266,-0.08584736428009442,0.2613941778127459,0.3084059795436664,-0.02863886703383163,0.24826435877262,-0.2899008654602675,-0.2075531077891424,-0.17820928402832414,-0.01719590873328088,-0.04470180959874115,0.004191974822974036,-0.04755310778914241,-0.0696522423288749,-0.030703383162863886,-0.1863099921321794,-0.09526357199055861,0.09032887490165224,-0.05598111723052714,0.01978914240755311,-0.22337686860739575,-0.12400944138473642,0.3009409913453973,0.32200157356412273,-0.3153359559402046,-0.043285601888276945,0.3208371361132966,0.2434366640440598,0.06093469708890637,0.020468922108575923,0.1642738001573564,-0.0014162077104642014,-0.12732651455546815,0.02350275373721479,-0.23755153422501968,-0.19575767112509834,-0.19420928402832416,-0.22497560975609757,0.11750118017309205,0.18100393391030684,0.05778127458693942,0.21177025963808024,0.16461998426435878,0.050750590086546025,0.006357199055861526,-0.12212745869394177,-0.31818725413060583,0.021136113296616837,-0.1739417781274587,0.10191660110149489,0.11423446105428796,-0.16456963021243115,0.013318646734854445,-0.2852053501180173,-0.4129598741148702,-0.011663257277734068,-0.3159905586152636,0.049460267505900865,0.03708575924468922,-0.13712037765538945,-0.1229645948072384,0.08107002360346184,-0.20499134539732494,0.14644217151848937,0.045885129819040124,0.0784516129032258,0.03375609756097561,-0.3604028324154209,-0.18382376081825336,-0.3148072383949646,-0.4528780487804878
#201,0.16139732494099135,0.2515499606608969,0.3155814319433517,0.3219386309992132,0.23287490165224234,0.4613941778127459,-0.007924468922108576,0.04286388670338316,0.2631628638867034,0.37727773406766324,0.2621243115656963,0.36597324940991344,0.17752950432730133,-0.22956412273800159,-0.1080409126671912,0.08832100708103856,1.0,0.6124122738001574,-0.3448937844217152,-0.42783320220298976,-0.3418851298190401,-0.43815578284815104,0.22957041699449252,0.2529598741148702,0.0527081038552321,-0.05134225019669551,0.23730605822187253,-0.09778756884343037,0.1345712037765539,-0.4986498819826908,0.5098851298190401,-0.07810542879622345,0.4227285601888277,0.16749645948072384,-0.05080723839496459,-0.4525066876475216,-0.22681353265145554,-0.4320314712824548,-0.10432100708103856,-0.08829583005507474,-0.4856648308418568,-0.5665523210070811,-0.3445538945712038,-0.5667600314712824,-0.5192446892210858,-0.3504138473642801,0.2812084972462628,0.09470967741935483,-0.0008434303697875689,-0.12287018095987412,0.33486703383162864,0.3247647521636507,0.222162077104642,0.23566325727773407,-0.1148324154209284,-0.05427537372147915,-0.08425491738788356,-0.2562517702596381,0.025239968528717547,-0.07046420141620771,0.34072698662470496,0.27582690794649883,-0.18024232887490166,-0.2026876475216365,-0.04082454760031471,-0.11031943351691581,0.041774980330448463,-0.02716601101494886,0.15648780487804878,0.15123839496459482,0.22031785995279307,0.20778599527930763,0.024459480723839497,0.32881825334382375,-0.2840472069236821,-0.1085381589299764,0.06534697088906373,0.20555782848151063,0.4413532651455547,0.15650668764752163,-0.29695672698662473,-0.19223918174665616,0.22799055861526357,0.3225428796223446,-0.038111723052714395,0.3936302124311566,0.4203808025177026,-0.0005161290322580645,-0.09735326514555469,-0.26769472856018883,-0.5602769472856018,0.27624232887490163,0.03505900865460267,0.21931077891424075,0.09306058221872542,0.3696428009441385,0.25873800157356414,0.5889221085759244,0.5583131392604249,0.17091424075531078,0.5236003147128245,0.7080346184107003,0.11403933910306845,0.5918489378442171,0.459279307631786,0.5121699449252557,0.5015200629425649,0.29248780487804876,0.18750590086546026,0.2631817466561762,0.11127616050354051
