,#10,#11,#12,#13,#17,#18,#26,#49,#50,#51,#52,#53,#54,#58,#101,#102,#201,#202,#301,#302,#401,#402,#501,#502,#601,#602,#701,#702,#801,#802,#901,#902,#1001,#1002,#1101,#1102,#1201,#1202,#1301,#1302,#1401,#1402,#1501,#1502,#1601,#1602,#1701,#1702,#1801,#1802,#1901,#1902,#2001,#2002,#2101,#2102,#2201,#2202,#2301,#2302,#2401,#2402,#2501,#2502,#2601,#2602,#2701,#2702,#2801,#2802,#2901,#2902,#3001,#3002,#3101,#3102,#3201,#3202,#3301,#3302,#3401,#3402,#3455,#3501,#3502,#3601,#3602,#3701,#3702,#3801,#3802,#3901,#3902,#4001,#4002,#4101,#4102,#4201,#4202,#4301,#4302,#4401,#4402,#4501,#4502,#4601,#4602,#4701,#4702,#4801,#4802
#10,1.0,0.08239189715621348,0.11602389300090897,0.27283879742207096,0.20933371605874834,0.2041498369999795,0.18408067304997983,0.6885435247643846,-0.08577149925846951,0.3427306091485043,0.5889768246092442,-0.11778032928054456,0.35472495027986795,0.25637818738509693,-0.11534387195101115,-0.2160895030720549,0.18365352414929026,0.2957271441166219,0.08707686629897689,-0.03373451158086099,0.1787601063429903,0.13951708253883638,0.015421783910496928,0.024593525106103787,0.17481325050061852,0.03209425980221297,0.23775449531503084,0.2441378084869361,0.19565811685427045,-0.06013914802588864,0.3080939590893869,-0.001848700442184542,0.029302414587305817,0.03693300254922464,-0.14454377080215147,0.03469474230961119,-0.09578045229942796,0.012257464854188452,0.15917960073537954,-0.04524019436983577,-0.2657139537585686,-0.09558567240071351,-0.21131568695794806,-0.02572461539512982,0.06809095196112604,-0.1932353282895591,0.1151900983467629,0.15083823700271326,-0.035367928977097986,-0.02344534886105017,-0.008799267354205538,0.12124877835414402,0.002624402845836836,0.10872477258592528,0.1400775018965411,0.13033850696081847,0.10208175288240078,0.07770009363103902,0.17394870112562277,-0.09016942433996952,0.09244185649163814,0.1264975840458177,0.13793834020188767,-0.07429657119034438,0.21033153589075923,-0.0006902726235143761,0.19112008693334426,0.11475269787245676,0.3213253234371476,0.1945987875805603,0.3167018637360835,0.2886364723651747,0.40537114113683115,0.4674444193850423,0.05789405340386416,0.25402374264449595,0.24042673883774493,0.36686964782427434,0.25527101743450953,0.07080078458710079,-0.41683923482254526,0.0019512161783500435,-0.17224010552286442,-0.07409153971801338,0.04265679781846513,0.09125950833452935,0.29639691359290316,-0.10234829379643108,-0.09565059903361833,-0.08512223292942134,0.02933316930815547,0.03200199563966402,0.017642958194082792,0.0865266985148887,-0.03998455429575106,0.16215255708417908,0.15968534503379603,-0.09171741195606858,0.1466350918199277,-0.16568251559947786,0.004466268905610344,0.2914351519624929,0.006953984103226512,0.10945946869511136,-0.02627478317921801,0.12904680868513316,-0.057798372050109695,0.17507295703223777,0.28817856874363545,0.06978929599026784,-0.0618887499231132
#11,0.08239189715621348,1.0,0.09896527450296953,0.050178035661807424,0.23655506120189448,0.053147574819401446,0.14388767009069225,0.08227571265522592,0.4883063716947218,0.3353494761445882,0.282249742002064,0.07938476889535877,0.008696751618040037,0.18646928970263602,-0.0015309016600714876,0.141994546162836,-0.046402039379711456,-0.03926352695138704,-0.21070400973216055,-0.23282690559667577,0.017516522119478673,0.022283503851174488,0.07152864631387584,0.050379649942932904,-0.023735810113519093,0.13642794168904926,-0.06801577375460467,0.0626883726652041,-0.14505634948297896,-0.05292545739104286,0.019324216267197016,0.11251102044163779,0.0440612634039325,-0.07386600509844927,0.058242606906826866,-0.06844633984649977,0.0315885155037965,0.06594837307526705,0.28257095797538256,0.1196256125315236,0.013696102351710988,-0.1397050280551398,0.18667432117496702,-0.033939543053191995,-0.18040035812163835,-0.049238308080290324,0.058068330155345516,-0.01826830418469235,0.08282246324810859,-0.05396428351751994,0.04095845378932333,0.0017017612203473233,0.02499333647714924,-0.12603284604186743,-0.15498670712621054,-0.07301854167948113,0.016361511492014025,-0.24668361593504604,-0.03963600079278836,0.005402579295921924,0.1123299093077454,0.2636875593736972,0.205991703059753,0.37450707016860424,0.009588638522679898,-0.024367990486539683,0.2831518804803204,0.3709463569324558,0.04788168317170019,0.3042701221304137,0.09130393182020106,0.20937130516200902,0.0374353296564356,0.13560098141731422,-0.045862123169239814,0.0727246632358067,-0.05249830849035327,0.10106684709436232,0.26664684695767465,0.028171324298279787,0.03285971063224872,0.049333989434044795,0.06409283825067148,0.04795344418701604,0.118788400686172,-0.11639294965110478,0.0625243474873393,0.019085012882810844,0.14320081465838339,0.05615470308025615,0.03261709005665703,-0.09712682563440155,-0.11099378754638838,-0.19921541289921335,-0.26119984417608105,0.07107415988354213,0.05224885353235055,-0.05231378016525537,-0.01144759053848099,-0.0146597502716667,0.083215440236743,-0.00951346031615853,-0.0022826837252851646,-0.06026216690928724,-0.03574040281849931,-0.07286476807523289,-0.06971411778374648,-0.00587415168228323,0.17485767398629024,-0.037739459673726584,0.0670418742610324
#12,0.11602389300090897,0.09896527450296953,1.0,0.3071508143166643,-0.14671368721765457,-0.1135327606120873,-0.2233031937069007,-0.2402968855719353,-0.24223443298546327,0.2256405524914741,0.12840437673849603,-0.006690860380401725,-0.25016573377346757,-0.19830985722975145,-0.2418277872320068,-0.3659640921548124,0.32569249379779797,0.43400378624785574,0.18681442601439321,-0.08522816585679235,-0.26026695097697494,-0.07836302872490927,0.06106178965137815,0.3005453837164005,0.1652827042284324,0.18132983412953887,-0.06814904421161981,0.05323300459953936,0.07894395122984711,0.08078923448082614,0.09177550420656237,0.27484127146850373,0.02471654398950239,-0.011037527593818985,-0.043053191998305075,-0.23502757673302851,0.011649204819606476,0.06880172773187351,0.1108365967509346,0.24742856361784868,0.10430292716598664,-0.09520978136810668,-0.087917495335534,-0.19566495123668148,-0.2854413985880166,-0.23927172821028028,0.08357082812211675,0.13205735413719338,0.1910893322124946,0.041378768307601885,0.011211804345300337,0.162032955391986,0.15510972600960915,0.2284187289415592,0.036328159705848184,0.18977029640716517,-0.32228213697469227,-0.21151388404786803,0.0377633800121652,0.07164824800606893,-0.00777752718375604,-0.03459222657344569,-0.07864323840376164,-0.17540100738796738,-0.020496312850689247,0.023110464122909534,-0.06259610850265515,-0.1144143959431106,0.20781648316349893,0.04102679761343366,0.335202536922751,0.18776098797832133,-0.10933303262050725,0.07476130919429466,0.04206904093111626,0.023951093159466644,0.017622455046849693,-0.04893417806299934,0.17590333449517834,-0.012711951284522174,0.25085942358818747,-0.09841168952767583,0.13330121173600148,-0.10457630246242798,-0.13943165275869845,0.014769100390243236,-0.05920625482678258,0.08542978013791784,0.05775736575564349,0.15082115104668567,-0.2507022327927337,0.21467478591297098,-0.08269944436470998,0.13072123237583635,-0.10134022239080366,0.12525714363821513,0.41494269370348347,0.3188888661076142,0.1980569850805432,0.2920263260410473,0.2037841975409892,0.22427367600926743,0.33850696081848564,0.28257779235779357,0.15300815341821636,0.2069758541269418,0.3155160983877692,-0.011027276020202434,0.10824978300835846,0.09320047293926284,0.029965349681176062
#13,0.27283879742207096,0.050178035661807424,0.3071508143166643,1.0,0.047956861378221555,0.15929920242757264,-0.003625639869053233,-0.0014625578359611533,-0.16481796622448214,0.31690006082600347,0.324681005200965,-0.07067434851249667,0.04800470205509879,0.022871260738523365,-0.2756511457842112,-0.09182676207464513,0.04006314969347795,0.04719482773939133,0.08561089127181022,0.018873147028068808,-0.0049549272479992345,0.2119034438452969,0.21625011105871417,0.16938675086625796,0.3205257006950567,0.17459113307225993,0.25472768403283236,0.46295764733219885,-0.05217367532582918,0.2073585795419597,-0.011515934362591325,0.08960558779105926,0.043241137514608494,-0.102942885066191,-0.04101996323102263,0.08781839679057402,-0.15950081670869812,0.1690074426424456,0.1510979435343325,-0.005529015370526042,0.11182074781812341,0.10725196317634757,0.04472078130659723,0.20066088477914693,-0.08315734798624923,0.1266000997819832,0.19923591604644647,0.3523363336272118,0.23871130885257555,0.23290891818560816,0.23208879229628415,0.3497666058406632,0.3033748180345683,0.2018022266417895,0.15594693785496075,0.12509995284276137,-0.13380012165200691,-0.03482459557542083,0.02252954161797169,0.04648746915984937,0.21847128534230004,-0.001848700442184542,0.10314108215611097,0.02804488822367567,0.06313602471312679,0.20799075991498028,-0.14189886480908154,0.12967898905815375,0.024115118337331445,0.07229067995270608,0.19579138731128562,0.09082894224263424,-0.15693450611335508,0.09148162576288793,-0.10953122971042721,-0.02408094642527628,-0.02764849404383573,-0.003745241561246318,-0.24828627861043337,0.11164305387543655,-0.21879933569802965,0.19933159740020093,-0.31822593101374397,-0.18363302100205714,0.06573650722052501,-0.1936624771902487,0.05430258544686609,0.09356611239825313,0.05463405299380122,0.10739890239818478,0.16389190740778709,0.2380073674642391,0.14916723050321556,-0.07123476787020142,-0.09640238109883201,0.10017837738092797,0.20389696485077127,0.1393803948906157,-0.024740464327941004,0.20677765703702186,0.45057716359461175,-0.023940841585850095,0.05896363425119089,0.164995660167169,-0.030624867583840785,0.20839740566843676,0.13602471312679829,0.13290823474736704,0.03943780370286839,-0.10835571593572947,0.027665579999863313
#17,0.20933371605874834,0.23655506120189448,-0.14671368721765457,0.047956861378221555,1.0,0.6789480518592937,0.21280558232355334,0.4560822586266992,0.3409912588248963,0.1286640832701153,0.32017373000088845,0.3905507828785052,0.6850614069259632,0.4911187200568621,-0.12977467041190824,-0.053444870454281396,-0.11818355784279554,0.03528249919696007,-0.20747134685174173,-0.10444644919661834,-0.09107156281822593,-0.09692179416207054,0.02713591536300822,-0.0268454541105393,-0.10776795904838059,-0.004890000615094417,-0.28065391370908765,-0.13249475461149954,0.27644051695268557,0.18679734005836562,0.18727232963593246,-0.05617178903628374,0.14488890711390864,0.08476001066163656,0.21852254321038278,0.06666256603722005,0.23021617151566098,0.3961413076907305,-0.04241417724287345,-0.07675011447590538,0.02734436402654474,-0.16789002111824164,0.18557398560679064,0.055686547885100364,0.14993268133325133,0.1441883829167777,0.13637668382096652,-0.02602532822121529,-0.06321120291964817,-0.2354308052952795,-0.05715252291226703,0.255670828805555,-0.14116758589110096,-0.3017755725503865,-0.34829721362229105,-0.08428160389286422,-0.21769900012985327,-0.2723501390796821,0.05660235512817884,-0.13126456577751353,-0.03609237351266753,0.02158297965404356,0.45676569686780255,0.3927275336764193,0.01441029531366398,0.021565893698015978,0.42768881690006083,0.21784252216048497,-0.06960476766516993,0.07798713769230244,-0.05184220777889406,-0.1886699608389888,0.0617452278924815,0.17238362755349612,-0.30176873816797545,-0.2783643956013915,-0.14319398027597235,0.01538761199844176,0.2657549600530348,0.47434714562018604,-0.2707064701098285,0.488347377989188,-0.19854222623172657,0.2599867412981226,0.556530594112863,0.06517608786282028,0.22712019628346283,0.18085142736076654,0.2712395519378891,0.1463719680971029,0.2852807906013573,0.0849718765163786,0.4012295053957449,0.048927343680588306,-0.01076073510617213,-0.05434700893253781,0.061998100041689735,-0.18007572495711424,0.062049357909772486,-0.15310383477197084,0.12753299298108928,0.2177673439539636,0.0899404725291999,-0.00579213909335083,-0.11318078991791906,0.09191902623719407,-0.18889207826734736,-0.03477333770733808,-0.09410944579993029,0.09189168870754995,-0.06805678004907087
#18,0.2041498369999795,0.053147574819401446,-0.1135327606120873,0.15929920242757264,0.6789480518592937,1.0,0.2105297329806792,0.39792508150001027,0.10010661636561212,0.0663242641078739,0.30129716578161414,0.45214565435794396,0.7712668894675333,0.5191909458101819,-0.10875894449798044,-0.10831129245005774,-0.006010839330503899,0.013832789999931656,-0.24376533464553476,-0.20240706948516599,-0.17344979120961734,-0.10899131349995558,0.017923167872935162,-0.24437701187132224,-0.013904551015247507,-0.15135081568354075,-0.3553297931232444,-0.20954216472228487,0.5610993787546389,0.47420704078075987,0.3406700428515777,0.008789015780588987,0.140771191711261,-0.06644386580006698,0.09828525345307171,0.22730814179976627,0.010849582077515565,0.3810680772831963,-0.1796793307772743,-0.31797989324694675,0.23389990363520802,0.007131678045913381,0.20109145087104205,0.15606653954715383,0.16672475891716046,-0.00828668867337803,0.004155304505908323,-0.015958282929763052,-0.1781860182204635,-0.24263766154771424,-0.10420724581223217,0.24100766134268276,-0.12221584346530526,-0.22351847675284822,-0.3245955754208271,-0.061844326437441484,-0.21717958706661472,-0.062148456454732465,0.19805015069813217,-0.262727328644947,-0.07805889870761828,-0.0890007449476828,0.2423198627656012,0.20124522447529028,-0.1354301218570384,-0.17371633212364765,0.33976790437332133,0.25128998968008254,-0.15649710563904892,-0.1238595124351588,-0.10671546415708144,-0.21711466043370992,0.023288158065596403,0.06448239804810038,-0.32190966313329095,-0.3550769209740362,-0.09226416254895127,0.028243085313595637,0.155386518497256,0.4245142462701358,-0.27003670063354723,0.6286811692261429,-0.34675264319739746,0.35551773863954783,0.713663297316138,-0.010203732939672907,0.15393079504370588,0.28990766749362695,0.3142961611273997,0.2463931546825771,0.364658725114305,0.34507480231548876,0.4991183646689767,-0.023308661212829502,0.16956102761773933,-0.06059705164742788,-0.09122533642247418,0.004848994320628216,-0.01334071446633725,-0.09228124850497885,0.09687737067639883,0.11612299154586896,0.10509913271687205,0.07304587920912527,-0.1971992700879585,0.20457698590066908,-0.1694755978376014,-0.1030283148463289,-0.1323443981984568,0.04840451342614425,-0.04589629508129498
#26,0.18408067304997983,0.14388767009069225,-0.2233031937069007,-0.003625639869053233,0.21280558232355334,0.2105297329806792,1.0,0.33019293461546345,0.273262529131555,0.21112432425043912,0.31796280729091914,0.011587695377907175,0.3913948291062678,0.447959595131186,0.09658349223272439,-0.031728620343222685,-0.08079606886323717,-0.00976291527416125,-0.35348109268105987,-0.23006581510261825,0.10806867187446606,-0.06094560515039058,0.12305647250186237,-0.11700462687689227,-0.01511765389320594,-0.15367450570329214,-0.06878464177584592,-0.05869025895474955,-0.11574710051326212,-0.2609913955125445,0.19890103130830583,-0.020947382089817453,0.17523014782769156,-0.13748043658034842,-0.16310595343051826,-0.09682611280831607,-0.11161571634579241,-0.019676186961365236,0.06139667438951879,-0.16406618415926844,-0.19528564301286913,-0.25165904633027836,-0.11888749923113198,-0.16741503154067483,0.03176962663768888,0.034517048366924326,-0.02354103021480464,-0.06942365653127755,-0.15630574293153998,-0.03041300172909875,0.007141929619529931,0.10945605150390585,-0.058649252660283355,-0.20269753073763488,-0.09321755889529043,-0.10935011857653483,0.002327107210956882,-0.09302619618778149,0.024918158270627874,0.06128048988853122,0.009848345054299169,0.11319445868274114,0.2748754433805589,0.18110429950997478,-0.20476834860817802,-0.2537298642008215,0.3788810749116656,0.3891258141458047,0.06400399127932804,0.19370348348471492,0.018606606114038506,0.12721861139018173,0.17426308271653032,0.19103123996200083,0.012681196563672524,0.07691072246256467,0.06178965137815321,0.18406016990274673,0.17275610139489744,-0.0422399004913921,-0.2961201211052563,-0.04869839186981868,-0.04828832892515668,0.00439792508150001,0.03796157710208517,0.045264114708274385,0.14996343605410098,-0.16295901420868103,-0.25380845959854836,-0.41626856389122396,-0.15670213711137992,-0.00756907852021952,0.06867187446606388,-0.02215706777657037,0.07801789241315209,0.2418277872320068,-0.09828183626186619,-0.06272254457725927,0.09299202427572632,-0.1442225548288329,0.010477108236114243,0.06323170606688126,0.08122321776392677,-0.005470923120032258,-0.07630587961918821,0.07636738906088751,-0.13894641160751509,0.0574532357383525,0.14527163252892653,0.00894278938483724,0.004168973270730391
#49,0.6885435247643846,0.08227571265522592,-0.2402968855719353,-0.0014625578359611533,0.4560822586266992,0.39792508150001027,0.33019293461546345,1.0,0.2681230735584579,0.28500399811371047,0.45815649368844785,-0.07530805978717733,0.5520096501479643,0.4812225343256857,-0.08110019888052816,-0.12728695521429206,0.04969962889303508,0.22267784771629112,-0.2697018158954066,-0.16598322842556332,0.17383935100704626,0.03874753107935401,0.0630130058297282,-0.14186469289702636,-0.01683308387837533,-0.31368790109281774,0.07740279799615908,0.07504151887314703,0.24494768280264353,-0.028379772961816305,0.44329512913565566,-0.1314456769114059,0.09546265351731491,-0.050526589164770125,-0.16090528229416548,0.13883364429773304,-0.12464204922122213,-0.01213444597078985,-0.0698815601528168,-0.2960620288547625,-0.309146453980686,-0.32127064837785935,-0.17859608116512551,-0.06412359297152113,0.25646703435644036,-0.10827370334679706,-0.020445054982606497,-0.059377114387058415,-0.24298963224188247,-0.250565545144513,-0.12115651419159508,0.053752417662777906,-0.14711349858870004,-0.02199304259870557,-0.07391726296653203,-0.15825354191868451,0.12853423000430567,-0.1320163478427272,0.19078520219520362,-0.2630758821479097,0.043968999241383554,0.14156056287973537,0.16283941251648795,0.08579541959690813,0.2900614410978752,-0.1377059711999125,0.3710762101982654,0.11820064379882311,0.05669461929072779,0.08508464382616066,0.10686240337891867,0.13814337167421867,0.5461730875689418,0.5472460856074741,-0.0016539205434700894,0.18068740218290175,0.3128575236298772,0.39258401164578766,0.3098743157074611,0.1410548185813189,-0.504172390461936,0.09911563091601228,-0.17050075519925642,-0.01231213991347672,0.23170606688126627,0.35832325261927706,0.3415243406529569,0.0073401267094499005,-0.17466289408757577,-0.0933132402490449,0.13198217593067202,0.02574511854236292,0.18798310540667992,0.09163198217593067,0.07390359420170996,0.12358613713871745,-0.16262754666174592,-0.2685980631360247,0.11748645083687012,-0.3355818451465633,-0.049005939078315186,0.2908166403542944,-0.03597618901167996,0.010811992974254881,-0.17123886849964803,0.08480101695610276,-0.3299708171871049,0.1419774602068084,0.2681401595144855,0.13626049931997894,-0.2161544297049597
#50,-0.08577149925846951,0.4883063716947218,-0.24223443298546327,-0.16481796622448214,0.3409912588248963,0.10010661636561212,0.273262529131555,0.2681230735584579,1.0,0.0348382643402429,-0.04733493257881752,0.039608663263144224,0.0782058379294555,0.375286189763462,0.024566187576459654,-0.03033098914016635,-0.15182238806990206,-0.1142093644707796,-0.4649703729522482,-0.3825853101784457,-0.15246823720774472,-0.19875750927767413,0.06999432746259884,-0.09343284194123798,-0.15768287098736322,-0.12106083283784061,-0.07216766106930747,-0.04673008973544106,-0.14627628674334844,-0.06817979893246946,-0.06848392894976045,-0.0609080160471299,0.13734716612333325,-0.06187849834949665,0.1619099365085874,-0.010976018152119684,0.03569256214162207,-0.017899247534496544,-0.020622748925293366,-0.08831730670657946,-0.06978587879906233,-0.27733923823973644,0.11873372562688372,-0.15560180154320355,0.08829680355934635,0.006595179026647257,0.11740443824793773,-0.07753606845317423,0.0266814289326745,-0.11216246693867508,0.04734860134363958,-0.03298272951564732,-0.09712682563440155,-0.29655068719715144,-0.2986146706852835,-0.3068125123873181,0.07409837410042441,-0.2723159671676269,0.0393387051579084,-0.12627888380866464,0.07148080563699862,0.1962390393592083,0.2587189633608759,0.33000157190795454,0.060600468838633396,-0.02421421688229143,0.4676904571518395,0.32485528195244634,-0.1222021747004832,0.07653141423875232,0.004442348567171728,-0.045889460698883944,0.1884273402633971,0.32108270286155594,0.01815211968370478,0.13496538385308812,0.022331344528051723,0.04676767883870174,0.2393776611376513,0.051917385985415426,0.04196310800374524,0.025779290454418086,0.14682645452743662,0.1483949452907688,0.22952931608335214,0.14211073066382357,0.13869695664951237,-0.09931382800593225,0.012882810844798009,0.0653845365263568,0.03135272931061585,-0.17801174146898216,0.08502655157566687,-0.042106630034376945,-0.13317135847019185,0.04185375788516871,-0.05896705144239641,-0.19242203678264613,0.0196078431372549,-0.01266411060764494,0.04843185095578838,-0.0009260588166950293,-0.036553694325412285,-0.08004086960681799,-0.005077946131397836,-0.024408996781005884,-0.21765457664418156,-0.0021186585474203623,-0.039318202010675304,0.13814678886542417,-0.10793198422624539
#51,0.3427306091485043,0.3353494761445882,0.2256405524914741,0.31690006082600347,0.1286640832701153,0.0663242641078739,0.21112432425043912,0.28500399811371047,0.0348382643402429,1.0,0.46629282594878313,0.16980364819333102,0.06660789097793178,0.09406160512305306,-0.2914351519624929,-0.18211578810680773,0.593757475105762,0.26133311463309616,-0.13708404240050848,-0.24675537695036187,-0.01775914269507036,-0.15653811193351513,0.4904797053014304,-0.02904270805568655,0.3895734661937274,-0.1549559524053609,0.323450816366979,0.15268693744489778,-0.03755493134862868,0.016894593320074633,0.3555655793164251,0.3296974418906635,0.028502791845214908,-0.10245764391500763,-0.4684832455115194,-0.2145346810735448,-0.3713324995386792,-0.09129709743779003,0.20340488931717685,-0.18524935244226656,-0.012875976462386977,-0.19976899787450708,-0.2948079196823379,-0.4089284371817741,0.03986495260355798,-0.19244595712108475,0.07755998879161284,0.15971951694585118,0.19964597899110847,0.07024719961180707,0.1515831846855159,0.2092619550434325,0.2765908733657283,0.027518640778026095,0.11260328460418674,-0.2462052091662737,0.015558471558717597,-0.1904913237515292,0.30763605546784767,-0.0845823167189497,0.047369104490872685,0.2113464416787977,0.12307697564909546,0.1472296830896876,0.29649259494665764,-0.12611144143959432,0.06881539649669557,0.1005542684135348,-0.050287385780383956,0.06612948420915944,0.10416623951776598,0.230322104443032,-0.012602601165945639,0.07340810147691004,-0.1215494911802295,0.054623801420184664,0.058140091170661365,0.13360192456208694,0.15999289224229252,-0.1358606879489335,-0.015739582692609982,0.03527566481454903,0.0032907551309125952,-0.1033119417163868,-0.027289688967256472,0.02758698460213643,0.06806019724027638,0.08980378488097923,-0.10170927904099945,0.006291049009356269,-0.23725558539902541,0.0609900286360623,-0.0773447057456653,0.0365161052221516,0.051937889132648525,0.47318188341910483,0.051319377524450004,0.3700442184541994,0.012571846445095989,0.0546511389498288,0.0018760379718286758,0.23086543784470917,0.1558170845891511,0.27777322152283707,-0.1196256125315236,0.1506434571039988,-0.07108099426595316,0.021319855931218774,0.17714719209398644,0.07669543941661712,0.09092804078759423
#52,0.5889768246092442,0.282249742002064,0.12840437673849603,0.324681005200965,0.32017373000088845,0.30129716578161414,0.31796280729091914,0.45815649368844785,-0.04733493257881752,0.46629282594878313,1.0,0.15531817467314565,0.43615319951612574,0.24523814405511246,0.0028431030829899058,-0.13207444009322097,0.09151921486614863,0.10288137562449169,0.054938183011092205,-0.03117161817672346,0.21403577115753936,0.08254567076046174,0.1588857222917051,0.019935893492984507,0.06848392894976045,-0.03577115753934896,-0.037346482685092164,0.09718833507610085,0.1378870823338049,-0.06110621313704987,0.24431891962082847,0.007760441227728457,0.07340126709449901,-0.07412229443886303,-0.1979134630499115,-0.020595411395649233,-0.11043336818868363,-0.02959287583977474,0.14957387625667207,-0.08367676104948776,-0.14621477730164914,-0.09778634353706628,-0.030105454520602246,0.04539396797408402,0.058867952897436425,-0.07562585856929038,0.030252393742439463,0.09876024303063853,-0.1564253446237331,-0.17630998024863484,-0.15754276614793705,0.06738701057278959,-0.1230223005898072,-0.06130782741817536,-0.03084015062978834,-0.029972184063587093,-0.08577833364088054,-0.09930699362352122,0.19136612470014147,-0.04194260485651214,0.1913934622297856,0.2760851290673118,0.2137384755226594,0.11822114694605622,-0.013125431420389697,-0.17948113368735436,0.02468578926865274,0.15554370929270978,0.2722578749171331,0.09154996958699826,0.2501588993910565,0.2770180222664179,0.09885250719318749,0.13944190433231501,-0.21754864371681054,-0.1017571197178767,0.05559770091375693,0.2660385869230927,0.13652020585159821,0.013436395820091717,-0.42035552457302194,0.18882031725203152,-0.27594160703668014,-0.055833487106937585,0.1671040671409728,0.01878771724793089,0.3070277954332657,0.055679713502689326,0.014700756566132902,-0.09702430989823604,0.1658328720125206,0.26594290556933825,0.09310479158550837,0.0416077201183715,0.10333586205482542,-0.007449476828026436,0.1132901400364956,-0.06967311148928026,0.1660994129265509,-0.20052419713092626,0.07407787095319132,0.14671368721765457,-0.023202728285458486,0.0028225999357568052,-0.0002733752964413371,0.11595896636800415,0.008925703428809656,0.1394179839938764,0.3004941258483177,0.13298683014509394,0.0899199693819668
#53,-0.11778032928054456,0.07938476889535877,-0.006690860380401725,-0.07067434851249667,0.3905507828785052,0.45214565435794396,0.011587695377907175,-0.07530805978717733,0.039608663263144224,0.16980364819333102,0.15531817467314565,1.0,0.410250890178309,0.08291131021945201,-0.15000444234856716,-0.16716215939146659,0.29455846472433517,-0.035296167961782136,-0.21888818266937307,-0.22245573028793253,-0.3491446770412592,-0.4070318960627123,0.13606913661247003,-0.18659572577724015,0.052419713092626385,-0.037718956526493486,-0.3129053643067544,-0.33593723303193707,0.3021275432445547,0.39676323649013456,0.2349045578496299,0.2899896800825593,0.2447529029039291,0.04869839186981868,-0.11830315953498861,-0.09424271625694544,-0.1594598104142319,0.12924158858384763,-0.058068330155345516,-0.17422891080447514,0.3566659148846015,0.20371585371687886,0.06347774383367846,-0.07992810229703592,0.039765854058598,-0.025728032586335336,0.07108099426595316,0.03385411327305408,0.0786534899773782,-0.0691673671908638,-0.14801563706695645,-0.02289518107696198,0.005248805691673672,-0.28861938640914714,-0.31548192647571405,-0.20200042373170948,-0.28561225814829244,-0.1352900170176122,0.20048660802766557,-0.20966518360568348,-0.02752205796923161,0.053051893465646975,0.16361169772893472,-0.005607610768252926,-0.19833719475939557,-0.13219062459420855,-0.06768088901646403,0.0005194130632385404,-0.05345512202789795,-0.1654877357007634,-0.009168324004401342,-0.02291568422419508,-0.1509920106069615,-0.24586690723692753,-0.35321113457582404,-0.3622940288000875,-0.22810434735065166,-0.036239312734504744,0.001288281084479801,0.05136721820132724,0.07870133065425543,0.44959301252742295,-0.2540989208510173,0.5806047061557282,0.569717534974952,-0.028277257225650804,-0.04355210191431051,0.3245716550823885,0.398075437913053,0.24683055515688324,0.15249899192859437,0.3197089919969382,0.2619823809621444,-0.09312871192394699,0.0738899254368879,0.006239791141273519,0.016067633048339587,0.3000840629036557,0.05026346544194534,0.08279512571846445,-0.02671218365352415,0.026001407882776672,0.22787197834867653,0.08677957066409694,0.12275917686698241,0.2039892290133202,0.14778326806498132,-0.11007114592089885,-0.11478003540210088,0.024033105748399047,-0.00507452894019232
#54,0.35472495027986795,0.008696751618040037,-0.25016573377346757,0.04800470205509879,0.6850614069259632,0.7712668894675333,0.3913948291062678,0.5520096501479643,0.0782058379294555,0.06660789097793178,0.43615319951612574,0.410250890178309,1.0,0.5230831265932654,0.009434864918431646,-0.024641365782981022,-0.07398218959943685,-0.01247616509134152,-0.20088641939871105,-0.06411675858911009,0.11589745692630485,0.01482719264073702,-0.12195271974248047,-0.23960661294842092,-0.07951120496996289,-0.1712354513084425,-0.28447091628564986,-0.20805910373909062,0.47345867590675167,0.18255318858111386,0.2577826529705643,-0.07230434871752814,0.12325808678298786,-0.10131288486115952,0.09774533724260007,0.1449811712764576,0.015408115145674861,0.16511526185936207,-0.18444289531776462,-0.3261298942721041,-0.003338595807789829,-0.1601535002289518,0.12576972231904263,0.22931745022861008,0.16981048257574205,-0.020048660802766557,-0.1385021767507979,-0.1554104388356946,-0.3685474887061831,-0.36903272985736646,-0.2671355053000636,0.10724854598514205,-0.2529302414587306,-0.19117134480142703,-0.2373102604583137,0.05382759586929927,-0.08739466508108995,-0.044508915451855195,0.06903751392505417,-0.21148654651822388,-0.0303822470082491,-0.10333927924603094,0.19517287570308708,0.11615716345792412,-0.09406843950546409,-0.221427155735072,0.26038655266916805,0.15481926475714022,0.07675011447590538,-0.023059206254826783,0.11452716325289265,-0.008792432971794504,0.25735208687866923,0.11488255113826638,-0.16349551322794717,-0.18131958255592234,0.08234405647933625,0.27666263438104416,0.09766332465366767,0.30281098148565805,-0.5705820843499477,0.5162043206965603,-0.5451786849281365,0.28856129415865334,0.6079934936679448,0.10763127140015992,0.22004319329683772,0.13470226013026332,0.05918575167954948,-0.11633485740061099,0.3389511956752028,0.351762245504685,0.47270005945912696,0.052993801215153194,0.14184077255858774,-0.10262850347528346,-0.1388438958713496,-0.14815232471517711,-0.0011652622010811992,-0.28367471073476447,0.09941634374209775,0.15231104641229096,-0.009875682583943302,-0.05866292142510542,-0.192394699253002,0.12295053957449135,-0.21467820310417648,0.015435452675318994,0.003769161899684935,0.004948092865588201,-0.04799103329027672
#58,0.25637818738509693,0.18646928970263602,-0.19830985722975145,0.022871260738523365,0.4911187200568621,0.5191909458101819,0.447959595131186,0.4812225343256857,0.375286189763462,0.09406160512305306,0.24523814405511246,0.08291131021945201,0.5230831265932654,1.0,0.012852056123948359,-0.02213656462933727,-0.128906703845707,-0.04853436669195388,-0.3214517595117517,-0.2116539888872942,-0.006010839330503899,-0.13035559291684606,-0.036669878826399854,-0.08509831259098272,-0.21872415749150828,-0.2713010613795884,-0.15777171795870665,-0.0700250821834485,0.15576582672106834,-0.10633615593326909,0.17749916278815464,-0.03604795002699581,-0.08044751536027447,-0.10399537995749014,-0.06909902336675346,0.0030583861289374585,0.04812088655608636,0.06028950443893138,-0.07172000902138478,-0.20243098982360458,-0.09171057757365755,-0.2337358784573432,0.05651009096562989,0.015370526042414177,0.20191499395157156,-0.07347986249222589,-0.0629104900935627,-0.11617766660515723,-0.24802998927001962,-0.15163444255359865,-0.016535788243495376,0.11317053834430252,-0.20021323273122424,-0.08498554528120067,-0.31501377128055824,-0.08175629959198737,0.12407479548110635,0.0008167086981184945,0.12834970167920776,0.049070865711220005,-0.08622256849759771,-0.015312433791920392,0.3030057613843725,0.2742979380668266,-0.06202885476253938,-0.17641249598480033,0.6209651514840862,0.36917625188799813,-0.025598179320525702,0.08158885722291705,0.005945912697599081,-0.03659470061987848,0.17264675127632093,0.20765245798563411,0.0022245914747913804,0.051989147000731276,0.03983419788270833,0.14377148558970468,0.309754714015268,0.27385712040131494,-0.2952179826269999,0.18488713017448177,-0.13199584469549408,0.2404369904113615,0.38833302578612483,0.044392730950867626,0.08477026223525311,-0.17963832448280811,0.08375193925600913,0.013521825600229635,0.08311975888298855,0.12007326457944628,0.1918171939392697,-0.11235382964618403,0.07260506154361361,-0.07088279717603319,0.03069321140795112,-0.2886603927036133,0.07607009342600755,-0.24630089052002815,-0.08485910920659655,0.11472536034281262,-0.15098517622455046,-0.17489868028075642,-0.2250869675161804,-0.10334611362844197,-0.3479452429281228,-0.05545759607433074,-0.019826543374407972,0.09365154217839106,0.003352264572611896
#101,-0.11534387195101115,-0.0015309016600714876,-0.2418277872320068,-0.2756511457842112,-0.12977467041190824,-0.10875894449798044,0.09658349223272439,-0.08110019888052816,0.024566187576459654,-0.2914351519624929,0.0028431030829899058,-0.15000444234856716,0.009434864918431646,0.012852056123948359,1.0,0.4135724000300713,-0.19631080037452417,-0.2467587941415674,0.3989775763913094,0.26793512804215447,0.42970495971131567,0.2003875094827056,-0.15330203186189081,0.023100212549292985,-0.1436723870447447,-0.021654740669359414,-0.21913763762737581,-0.25504548281494543,0.07384208476001067,-0.10432343031321975,-0.11555232061454766,-0.0413616823515743,-0.032295874083338456,-0.014345368680759163,0.16683410903573698,-0.046261934540285266,0.1117353180379855,-0.01621115507897129,0.0059937533744763155,-0.035825832598637225,0.07480914987117189,0.01607446743075062,0.13120989071822525,0.23619625612531522,-0.31197930549005937,-0.11837492055030448,-0.29231337010231073,-0.2599218146652178,-0.24363548137972513,-0.23736151832639643,-0.16512551343297863,-0.2882571641413624,-0.2653619830644004,-0.06373745036529774,0.14406878122458464,0.24602409803238132,0.05575830890041621,0.08901783090371039,-0.18377312584148334,-0.1318318195176293,-0.3220805226935668,-0.21674902097471963,-0.03893889378686295,0.1506229539567657,-0.09425296783056199,0.049573192818430964,-0.08336579664978574,0.13141833938176176,0.4029415181897088,0.16369712750907264,0.07734128855445978,0.15123121399134767,0.07424873051346716,-0.22595151689117612,0.08292497898427409,0.029367341220210636,-0.1912123510958932,-0.0029763735400050576,0.05725845583963805,0.08906567158058762,-0.1193009793669995,-0.05452128568401916,0.08676931909048038,-0.1571873782625633,-0.20608396722230196,-0.264254813113813,-0.2408709736944621,0.02586130304335049,0.24342019833377757,-0.3128438548650551,-0.0004544864303337229,-0.17362748515230422,-0.1932695002016143,-0.27173504466268905,-0.2397672209350802,-0.18059172082914726,-0.029387844367443735,-0.27079189988996644,-0.23663023940841585,-0.36402996193249,-0.12785079176320233,-0.20704419795105217,-0.12036714302312071,-0.1558990971780835,-0.01749943616345109,-0.18404308394671914,-0.1164168699895434,-0.3066894935039195,-0.1433033303945489,-0.3916237809170374,-0.2303665279287037
#102,-0.2160895030720549,0.141994546162836,-0.3659640921548124,-0.09182676207464513,-0.053444870454281396,-0.10831129245005774,-0.031728620343222685,-0.12728695521429206,-0.03033098914016635,-0.18211578810680773,-0.13207444009322097,-0.16716215939146659,-0.024641365782981022,-0.02213656462933727,0.4135724000300713,1.0,-0.2785455067352839,-0.4787143159808364,0.16367662436183955,0.5725367177195033,0.42140118508191005,0.6159863038976483,-0.18625058946548295,-0.001896541119061776,-0.13728565668163398,0.0002528721492082368,-0.0181760400221434,-0.013262119068610365,0.0020366459584879614,-0.12194588536006944,-0.24095982066580554,-0.07753948564437975,-0.36778545506735283,-0.16312303938654585,0.06645753456488904,0.0121446975444064,0.004213396756402108,-0.061690552833193225,0.03209767699341849,-0.04793294103978294,-0.049973004189476415,-0.042783233893069254,0.1860558095667685,0.23082443155024296,-0.1304239367409564,0.23802445342026668,-0.37862478557125184,-0.34783589280954624,-0.2560603886029839,-0.06508382370027133,-0.20235581161708321,-0.3051380886966149,-0.1351669981342136,0.22197048913674916,0.09507651091109152,0.21486956581168543,0.19356337864528872,0.3063375228097513,-0.18123415277578442,0.03840581195880234,-0.21474312973708132,-0.2359638871233401,-0.07909430764288986,0.36443660768594643,0.06425686342853629,0.13844750169150966,-0.06842925389047219,0.10301122889030133,-0.017813817754358627,0.15461765047601472,-0.1974418906635502,0.057733445417204876,-0.06777998756142402,-0.18409434181480192,-0.012667527798850458,-0.05474340311237775,-0.24677246290638946,-0.04187084384119629,-0.1532644427586301,0.28191485726392335,-0.28152529746649446,0.1456133516494782,-0.13828005932243934,-0.2813920270094793,-0.07073927514540149,-0.3135990541214743,-0.20305975300541967,0.11261353617780329,0.0032292456892132945,-0.276218399524327,0.05076920974036181,-0.0960333244486362,-0.05114851796417417,-0.32820754652505824,-0.23341124529281912,-0.19847729959882177,-0.3099939173996542,-0.19156773898126694,-0.3589451814186811,-0.34912417389402606,-0.21303795132552847,-0.3337194759395567,-0.3708199208578517,-0.3430962486074946,-0.3479623288841504,-0.3956458149659306,-0.32098360431659595,-0.18604214080194642,-0.1971582637934923,-0.4322405155858091,-0.1012684613754878
#201,0.18365352414929026,-0.046402039379711456,0.32569249379779797,0.04006314969347795,-0.11818355784279554,-0.006010839330503899,-0.08079606886323717,0.04969962889303508,-0.15182238806990206,0.593757475105762,0.09151921486614863,0.29455846472433517,-0.07398218959943685,-0.128906703845707,-0.19631080037452417,-0.2785455067352839,1.0,0.442444248525482,0.06331030146460816,-0.2111619133536998,-0.24622912950471232,-0.33198354280715425,0.32926345860756295,-0.10486334652369139,0.2922279403221728,-0.22844948366240886,0.16993008426793513,-0.1293987793793014,0.22944388630321422,0.2350822517923168,0.4687395348519331,0.39932612989427213,0.06559981957230435,-0.0495390209063758,-0.43343311531653445,-0.26326724485541864,-0.37584660912116674,-0.09970338780336115,0.07297753538501493,-0.1422815902240994,0.12144355825285848,-0.03950956471818424,-0.30043945078902945,-0.3665689349981889,0.008553229587408335,-0.43227468749786424,0.1252673952118317,0.21616809846978177,0.2627717521306187,0.10330852452518129,0.1515866018767214,0.10352039037992332,0.32782140391883485,0.11475953225486779,0.08148634148675155,-0.17747865964092155,-0.18284364983358278,-0.0911672441719804,0.3464485131801065,-0.2669168050629105,-0.0982408299674,0.074624621546074,-0.13648945113074856,-0.22088040514218932,0.21349243775586219,-0.09938217183004258,-0.10873160696833631,-0.2842317129012637,0.001537736042482521,-0.13491754317621088,0.13564198771178043,0.14803955740539507,0.010292579911016342,-0.14550400153090165,-0.06899992482179348,0.05374558328036687,0.06948174878177134,-0.0581264224058393,0.20936788797080352,-0.1407096822695617,0.22358340338575305,0.025444405716277447,0.14414737662231153,0.09006007422139298,0.01754044245791729,0.1013709771116533,-0.07177810127187857,0.09898577765020264,-0.004763564540490299,0.14712375016231657,-0.19692931198272268,0.11506366227215878,-0.09235642671150021,0.054989440879174956,-0.010367758117537708,0.33879058768854353,0.007042831074569947,0.6266752779885045,0.07021986208216295,0.2428085211079901,-0.10260458313684484,0.29841647359536355,0.300866599689719,0.4183017926585064,0.1253152358887089,0.2883186735830617,0.10500345136311758,-0.07749164496750251,0.09062049357909772,0.08091567055543025,-0.11164305387543655
