,#10,#11,#12,#13,#17,#18,#26,#49,#50,#51,#52,#53,#54,#58,#101,#102,#201,#202,#301,#302,#401,#402,#501,#502,#601,#602,#701,#702,#801,#802,#901,#902,#1001,#1002,#1101,#1102,#1201,#1202,#1301,#1302,#1401,#1402,#1501,#1502,#1601,#1602,#1701,#1702,#1801,#1802,#1901,#1902,#2001,#2002,#2101,#2102,#2201,#2202,#2301,#2302,#2401,#2402,#2501,#2502,#2601,#2602,#2701,#2702,#2801,#2802,#2901,#2902,#3001,#3002,#3101,#3102,#3201,#3202,#3301,#3302,#3401,#3402,#3455,#3501,#3502,#3601,#3602,#3701,#3702,#3801,#3802,#3901,#3902,#4001,#4002,#4101,#4102,#4201,#4202,#4301,#4302,#4401,#4402,#4501,#4502,#4601,#4602,#4701,#4702,#4801,#4802
#10,1.0,0.5634948297897061,0.5368168180482371,0.5408764412003909,0.4202598432192675,0.4129675571866948,0.13893274284269302,0.6951728757030871,0.45566877849083165,0.5266028335349476,0.5095954729050909,0.10283011775640895,0.07961372070612839,0.12098565463131924,-0.3363370444029825,-0.12478215406064831,0.4228569085354602,0.25001879455163034,0.17070578667158742,0.17496360691366125,-0.15586834245723385,0.17290645780794017,0.3158270627874712,0.05185245935251061,0.23037336231111474,0.22749608731606968,0.24133229450720686,0.34963675257485355,0.05163717630656306,0.2429349571825942,-0.013938722927302674,0.17108167770419427,0.35035436272801207,0.3216089503072055,-0.0369876776085129,0.15975027166670083,-0.0026893294787416534,0.010244739234139107,0.025946732823488406,0.09012841804550331,-0.03681681804823707,0.16392607931984227,-0.19634497228657932,-0.24288711650571695,-0.40849787108987895,-0.1125930330305702,0.0014283859239059863,0.2601507664759874,0.12957989051319377,0.41759101688775896,0.050242962294712236,0.2927746909150555,0.32345423355818453,0.046282437687518364,0.008501971719325584,-0.12240378898160868,-0.26193454028526714,-0.23027084657494926,-0.12489492137043036,-0.02746054852753231,0.049580027200841995,0.32509790252803805,-0.014010483942618526,0.018463084083406803,0.3416473595363555,0.10672229853949249,-0.03869627321127126,0.0281337351950191,0.26414888018644195,0.14827876078978122,0.3384591201416084,0.41956273621334206,0.10521190002665409,0.3965240331057484,-0.16838209665183607,0.18226614451985046,-0.09287583977473876,0.25337447631544774,0.15635700079962275,0.09014208681032539,0.045503318092660554,0.11808445929783555,0.07856122581482924,0.0939078315188048,0.003352264572611896,-0.31292586745398754,0.24509803921568626,0.10007244445355695,0.003242914454035361,0.0423424162275576,-0.15666113081691374,-0.1459789911084685,-0.18538945728169273,-0.03334495178343209,-0.24291103684415558,0.31213991347671866,0.23000430566091895,0.18054046296106452,0.3695726460678381,0.19680629309932407,0.35917413322945074,0.2389710153841948,0.27584250849172015,0.07382499880398308,0.32360800716243276,0.40871315413582654,0.28840068617199405,0.041358265160368786,-0.027911617766660516,-0.4649737901434537,-0.6752438165925136
#11,0.5634948297897061,1.0,0.5206569208373485,0.40811514567486107,0.055724136988361046,0.1684333545199188,0.31763133974398405,0.4629884020530485,0.3909676802055782,0.4057880384639042,0.350333859580779,-0.08477026223525311,-0.10931594666447966,-0.001643668969853539,-0.29753142107313474,0.06568866654364779,0.4158790040937951,0.17668587128124166,0.17184712853423,0.49271796554104386,-0.15863285014249687,0.29518722790615026,0.23319254505566606,0.1702683861972813,0.15353781805507144,0.23025376061892167,0.2711882940698064,0.38257505860482915,-0.10421749738584873,0.21546415708144534,0.06897942167456038,0.3023906669673795,0.39202017509687737,0.3314607125527102,0.011973837984130565,0.17668587128124166,0.0679405955480833,0.044799376704324115,-0.039690675852076626,0.0781648316349893,-0.008481468572092483,0.15293639240290052,-0.18449415318584736,-0.1622584900115501,-0.5264661458867269,-0.2408914768416952,0.24450686513713188,0.4001018322979244,0.29802691379793467,0.6075048353255558,0.16855979059452292,0.38475180940274334,0.3385616358777739,0.011806395615060245,-0.06287631818150753,0.040920864686062645,-0.2648152324715177,-0.04590996384611704,-0.19422973093036447,-0.044819879851557214,-0.03191314866832059,0.17350446626890562,-0.04301560289504439,0.06321462011085369,0.4466063874138014,0.1849520568073866,-0.03360124112384584,0.18435404834642116,0.2951428044204785,0.21600407329191698,0.40685078492881993,0.37431912465230077,-0.14971056390489274,0.2638550017427675,-0.18450440475946392,0.10844114571586738,-0.0923530095202947,0.18787033809689788,0.12094464833685303,0.14637538528830843,-0.09486464505634948,-0.056253801625216135,0.2048059377114387,-0.10326751823071507,-0.21650640039912794,-0.2552026736103992,0.13623316179033482,0.029213567615962385,0.01148859683294719,-0.1344323020250275,-0.1803559346359666,-0.24426766175274572,-0.24803682365243065,-0.08090883617301922,-0.2517444761104163,0.22481700941094457,0.33677102768608314,0.35541864009458785,0.3483484714903738,0.3328310062261224,0.3388076736445711,0.2085238417430409,0.2814603708335896,0.27018705704658996,0.3229040657740963,0.46435527853525516,0.2890841244130974,0.05402921015042476,-0.14732878163464758,-0.31413897033194593,-0.44908385103780096
#12,0.5368168180482371,0.5206569208373485,1.0,0.6231624054292334,0.05685522727738708,0.21366329731613803,0.3313786999637778,0.3655266916805063,0.15504479937670432,0.5440339258742883,0.24675195975915637,-0.1916565859526104,-0.018254635419870283,0.0049241725271495845,-0.1767713010613796,-0.000919224434283996,0.6952275507623754,0.5073059547973947,0.08666680335431488,0.2730745836152516,0.020434803408989947,0.1859157047273423,0.34290488589998563,0.011129791756367935,0.3862587907243762,0.19455436409488858,0.353600694373253,0.42758630116389534,-0.2333702389983529,-0.08502655157566687,0.13037951325528468,0.051138266390557616,0.4404691120086933,0.37121973222889715,-0.16436689698535392,0.0020844866353651953,-0.058604829174611635,-0.21722059336108093,-0.16764056616023892,0.0879960907332609,-0.158349223272439,-0.04310786705759334,-0.36580348416815317,-0.2585139318885449,-0.6107238294411526,-0.314654966203979,0.21238868499648028,0.4144506181698891,0.279498903081623,0.45701173463459976,0.25014523062623445,0.46754351793000226,0.506123606640286,0.1844394781265591,0.21922648459871924,0.022420191499395156,-0.2218338014885285,-0.18197910045858706,-0.3300391610112152,-0.1963381379041683,-0.0181145305804441,0.36329184863209835,-0.13033850696081847,0.13490387441138882,0.5879995079244664,0.2907175418093344,0.008730923530095204,0.06798843622496054,0.22001927295839913,0.22179279519406228,0.5072341937820789,0.5172089749109822,-0.1820474442826974,0.3132607521921282,-0.144653120920728,0.07458361525160778,0.08216636253664937,0.4275760495902788,0.09008057736862608,-0.13803060436443662,-0.12027487886057177,-0.11845351594803136,0.12188437591837013,-0.12737921937684102,-0.21023243734579924,-0.3117127645760291,0.2063744284747709,-0.07215399230448541,-0.04606032025915978,-0.25877022122895865,-0.26584380702437826,-0.26076244370177487,-0.35024159541823,-0.23598780746177872,-0.3047656148552136,0.5950047498957757,0.23924439068063613,0.489775763913094,0.5427319760249865,0.5131083454643621,0.5179915116970455,0.32540886692774007,0.3115794941190139,0.3793287269595883,0.4540797845802664,0.5328118699553714,0.44204443715443653,0.1054784409406844,-0.008836856457466222,-0.3611766072758835,-0.4404349400966382
#13,0.5408764412003909,0.40811514567486107,0.6231624054292334,1.0,0.18346557863298682,0.27889064304704103,0.09263663639035259,0.2623582719947512,0.12282752069109275,0.5391302564943719,0.23894026066334514,-0.06396298498486185,0.05581981834211552,0.038692856020065745,-0.07240003007128261,0.17448178295368338,0.4555867659018993,0.21374872709627593,0.3528694154552724,0.08373827049118707,-0.1142503707652458,0.2387283948086031,0.4341473082784874,0.1664103773262529,0.42121323956560663,0.32213178056164954,0.385708622940288,0.5753012254047662,-0.26303829304464904,-0.18261469802281316,-0.06968336306289682,0.007510986269725736,0.1833562285144103,0.3249270429677622,-0.03534742582986489,0.0365571115166178,0.05725845583963805,0.0024945495800272007,0.03176279225527785,0.13303808801317668,-0.030245559360028432,0.03678948051859294,-0.11638953245989926,-0.05885770132381987,-0.4754098920851017,-0.1327749642903519,0.2748139339388596,0.38490216581578607,0.1642985531612436,0.38228801454356576,0.14717500803039935,0.2864460528024385,0.3304799786767269,0.20566706989522893,0.07361655014044656,-0.04333681886836296,-0.31346920085566465,-0.24063518750128143,-0.3326396435186134,-0.2584968459325173,-0.017366165706435937,0.1833562285144103,0.061393257198313275,0.18534845098722655,0.4997095387475311,0.15497303836138848,0.1269486532849459,-0.0013942140118508191,0.2720357574887745,0.17171044088600934,0.29492068699212,0.3026367047341767,-0.0774472214818308,0.19300979366999502,-0.12241404055522523,-0.03326635638570521,-0.06118822572598227,0.19426732003362515,0.15964775593053535,0.03270593702800047,0.07285109931041081,0.013412475481653101,0.025157361655014046,0.037835141027481055,-0.11019074761309194,-0.38951879113443916,0.0921684811951968,0.12433450201272563,-0.057689021931533156,-0.1205892604514793,-0.11324229935961837,-0.3567855165767945,-0.25245525188116374,-0.25836699266670765,-0.32323895051223694,0.3328207546525058,0.1877712395519379,0.31878293318024314,0.4849267695924658,0.3258838565053069,0.34236155249830846,0.09699697236859191,0.08654036727971078,0.14157764883576296,0.1822524757550284,0.3213868328788469,0.20236948038190528,-0.014683670610105318,0.196276628462469,-0.2828511676542349,-0.438668252243386
#17,0.4202598432192675,0.055724136988361046,0.05685522727738708,0.18346557863298682,1.0,0.5357472372009103,0.12237986864317006,0.19927350514970715,0.35962520246857893,0.11802294985613625,0.269380599922088,0.4651549012773461,0.4931314456769114,0.40239818478803163,-0.2745439758336238,-0.1280489888531223,-0.07783336408805418,-0.038029920926195504,0.06576726194137467,-0.009592055713885415,-0.4505839979770228,-0.177779372467007,0.06452340434256658,0.031568012356563396,-0.12315898823802787,0.031239962000833794,-0.08974569263048544,0.07064701098285253,0.3844613481502744,0.4378173716332124,-0.06154703080256153,-0.01851775914269507,0.09903020113587435,0.03666646163519434,0.19987151361067257,0.33176484257000116,0.17459455026346543,0.15078014475221946,0.06741093091122821,-0.08650619536765561,0.010104634394712922,0.28848611595213197,-0.014287276430265379,-0.0831334276478106,-0.028899186025054847,0.18497597714582523,-0.1429752800388193,0.03472891422166636,-0.15055119294144984,-0.013754194602204771,-0.014871616126408737,-0.18019532664930735,-0.07760441227728457,-0.32869278767624166,-0.3318502723501391,-0.3150855322958741,-0.3165378385582187,-0.14521695746963825,-0.006940315338404445,0.09977173162747148,0.22139298382301684,0.21011283565360617,0.19082620848966983,0.09643655301088717,-0.028673651405490743,-0.1793752007599833,0.22102392717282102,0.30780691502812346,0.03455805466139052,-0.14894169588365147,-0.06828573185984048,0.026322623856095243,0.010822244547871432,0.22851099310410813,-0.2877480026517404,-0.16661882598978944,0.00823543080529528,0.10140173183250295,0.2933180243167326,0.26028403693300256,0.1858883671976982,0.6361614007750189,-0.24431208523841744,0.41023038703107595,0.5705615812027146,0.0413821854988074,0.31141546894114913,0.1748713427511123,0.10489410124454104,0.45261722674430527,0.26680745494433394,0.27663529685140004,0.23448766052255687,0.09692862854448157,-0.11188225725982272,-0.12195271974248047,-0.05143214483423206,-0.11547372521682078,0.0410746382903109,-0.09529179395703907,0.08348539834197882,0.08570998981677021,0.10842747695104532,0.13907968206453025,0.1394008980378488,0.16188601617014878,0.16576794537961578,0.14750647557733446,0.07657242053321851,-0.1644420751918753,-0.34700893253781123
#18,0.4129675571866948,0.1684333545199188,0.21366329731613803,0.27889064304704103,0.5357472372009103,1.0,0.3196816544672941,0.14033037404574936,0.204457384208476,0.23273122424292128,0.25554439273095086,0.10780213096043575,0.526578913196509,0.2329772620097185,-0.19342327380586252,-0.04683943985401759,0.23057839378344575,0.24025587927746908,0.16339983187419269,0.01766687853252141,-0.39445663242641077,-0.0681661301676474,0.1861754112589616,0.11372412331959622,0.024186879352647298,0.11885674451028233,0.12764917748207683,0.19533348368974637,0.31102932633492575,0.5198675496688742,0.1261695336900881,0.1471886767952214,0.44918636677396645,0.22008761678250946,0.14296161127399723,0.2585583553742166,0.16145203288704815,0.11869613652362304,0.19037513925054161,0.06715122437960894,-0.13300391610112153,0.199345266165023,-0.08117879427825504,0.16796519932476303,-0.028116649238991518,0.2654269096973052,-0.1032914385691537,0.12092414518961994,0.009626227625940582,0.23715648685406543,0.07818875197342792,0.050352312413288774,0.14096597160997545,-0.11377538118767898,-0.20283080119465005,-0.1977904441665129,-0.3624853915075964,-0.18140501233606024,0.07404369904113615,0.21939734415899506,0.23661998783479932,0.25435179300022553,0.2426034896356591,0.32520041826420354,0.08057053424367307,0.027204259187118555,0.2229238854830883,0.3077898290720959,0.08744250575796718,-0.028899186025054847,0.07709183359645706,0.06458491378426588,-0.07028820590627329,0.0619707625120456,-0.41452921356761596,-0.2803258633533581,-0.028130318003813586,-0.03365591618313411,0.2978013791783706,0.23329506079183154,-0.04077734265543094,0.4194157969915049,-0.16594563932230263,0.20309734210868036,0.3856505306897942,-0.018172622830937884,0.4621511902076969,0.01416084035566126,0.033495308196474824,0.23075267053492712,0.08669414088395902,0.1722947805821527,0.09389416275398274,0.20688358996439288,-0.0019717193255831436,0.17831587148627315,0.16650264148880187,0.18716981389976695,0.2611349175431762,0.1883043213799985,0.19767084247431982,0.38399661014632414,0.27704877698726754,0.34598719236736175,0.399503823836959,0.541617971691988,0.4451438295778402,0.128093412338794,0.09159439307266999,-0.06966627710686923,-0.4554569126360896
#26,0.13893274284269302,0.31763133974398405,0.3313786999637778,0.09263663639035259,0.12237986864317006,0.3196816544672941,1.0,0.15654152912472064,0.2653278111523452,0.27978594714288646,0.34710461389156566,0.0010285745528605308,0.24454445424039256,0.2958057395143488,-0.023240317388719168,-0.03462298129429534,0.3172964550058434,0.21710440886009336,0.11103821103206009,0.22929011269896596,-0.14008433627895214,-0.04180250001708596,0.31251580450932553,0.05143214483423206,0.24498868909710975,0.130441022696984,0.11463309618026367,0.13618532111345757,0.13587093952255005,0.18058488644673623,0.08225862669919833,0.08454472761568901,0.3160731005542684,0.09149187733650449,0.12964139995489307,0.02215706777657037,0.14268481878635036,-0.02499333647714924,-0.11923605273409468,-0.10286087247725859,-0.21583663092284666,0.030385664199454616,-0.10690682686459038,-0.06572625564690847,-0.2835653606161879,-0.07575571183510002,0.06375795351253084,0.19726077952965781,-0.024665286121419636,0.17499094444330537,0.17808691967550352,0.16903136298088423,0.34719687805411464,-0.010360923735126676,0.08087808145216957,0.07804181275159071,-0.3693436942570685,-0.13013005829728197,-0.32676890902753575,-0.14413370785748947,0.18201668956184774,0.2038012834970168,-0.012783712299838025,0.02367430067181979,0.18222172103417875,-0.023274489300774335,0.1722332711404534,0.07716701180297843,0.24009868848201532,0.13343789938422215,0.31615853033440633,0.24091539718013383,0.06798843622496054,0.12971657816141444,-0.09901653237105229,-0.1658328720125206,0.17543176210881703,0.2637217312857524,0.15400255605902172,-0.0304642595971815,-0.2591700326000041,0.08635242176340735,-0.00037930822381235517,-0.09941292655089223,0.06388097239592944,0.21192736418373553,0.3722483067817577,-0.08337263103219678,-0.14214490257587872,0.020875621074501603,-0.047878265980494675,-0.0027986795973181885,-0.14355620254375714,0.022430443073011706,-0.1289101210369125,0.32360458997122726,0.13951366534763085,0.2955460329827295,0.18355442560433027,0.22673405367723945,0.16551849042161304,0.13721047847511258,0.1007763858418934,0.3401916360828054,0.227557596757769,0.4934936679446962,0.30250001708595603,0.13137049870488454,0.13086817159767358,-0.1229402880008748,-0.254143344336689
#49,0.6951728757030871,0.4629884020530485,0.3655266916805063,0.2623582719947512,0.19927350514970715,0.14033037404574936,0.15654152912472064,1.0,0.6097772674772244,0.4818615490811173,0.5343017653209767,0.033751597536888577,-0.21691988053499545,0.08277803976243686,-0.15317217859608118,-0.11290741462147773,0.360862225684976,0.28494932305442217,0.22031656859327906,0.24274359447508526,0.11717206924596259,0.12443701774889113,0.20810011003355683,-0.08006478994525659,0.19286968883056882,0.05245388500468155,0.16156821738803573,0.14306070981895722,0.18561840909246236,0.2618217729754851,-0.04005973250227243,0.2376998202557426,0.13549846568114873,0.2653893205940445,-0.16639670856143085,0.14915697892959903,0.0500926058816695,0.0785748945796513,0.05208824554569126,0.06104812088655609,0.0663242641078739,0.20477518299058906,-0.15135765006595178,-0.25093460179470883,-0.24555252564602,-0.21659524737047137,-0.15472358340338574,0.10453529616796178,0.08371776734395396,0.14147171590839194,-0.0721744954517185,0.2591939529384427,0.23350009226416255,0.09652198279102508,0.07537298642008215,0.012506919812191172,-0.09555150048865835,-0.26509202495916456,-0.16181767234603844,-0.07538665518490421,0.21245361162938511,0.2607863640402135,-0.13382745918165104,-0.13098093890745563,0.3228698938620412,0.08319493708950991,0.07320990438699007,-0.023773399216779775,0.37865212310089597,0.1611342341049351,0.44854735201853485,0.3399661014632413,0.28390707973673956,0.3788776577204601,0.00936993828552683,0.2913121330790943,0.15587517683964489,0.2752889235164264,0.0741974726453844,0.013323628510309667,0.035446524374824866,0.010757317914966614,0.2964755089906301,-0.08923311394965794,0.011324571655082388,-0.039632583601582845,0.20242415544119355,0.10885804304294043,-0.052703339962684274,0.14532289039700927,-0.1162528448116786,0.019611260328460417,-0.15759060682481427,0.01290331399203111,0.00704966545698098,0.2952624061126716,0.11149611465359932,0.1032709354219206,0.18798310540667992,0.08031766209446484,0.32374811200185893,0.1753463323286791,0.3295368339040043,-0.007541740990575386,0.22967283811398384,0.1805780520643252,0.22247623343516562,0.29563146276286745,-0.05196864385349818,-0.4460391336736856,-0.5569816633519912
#50,0.45566877849083165,0.3909676802055782,0.15504479937670432,0.12282752069109275,0.35962520246857893,0.204457384208476,0.2653278111523452,0.6097772674772244,1.0,0.2841326143563037,0.527504972013204,0.061786234186947696,0.08514957045906546,0.20919361121932217,-0.042602122759176866,0.042937007497317506,0.12286852698555895,0.1375590319780753,0.12194588536006944,0.16580895167408197,0.003003711069649191,0.1804960394753928,0.1936009677485494,0.11675858911009507,0.18110429950997478,0.2726850238178227,-0.07473738885585604,-0.040630403433593726,0.19974507753606846,0.3237754495315031,-0.21830384297322972,0.2578817515155243,-0.053759252045188936,0.30109555150048867,0.06915711561724724,0.2662880418810954,0.19956396640217608,0.21096713345498533,0.1774923284057436,0.11303726788728737,0.05946937854960736,0.35321113457582404,-0.05078629569638939,-0.09935483430039845,-0.16031069102440557,0.05441876994785366,-0.34131247479821486,-0.10017154299851694,-0.13276129552552984,0.0547741578332274,-0.19417847306228173,0.005720378078034979,-0.02236209924890137,-0.03974193372015938,-0.04636103308524525,0.1127980645029012,-0.1741127263034876,0.05128520561239484,-0.16632836473732052,-0.11939666072075397,0.2954947751146468,0.14685720924828627,0.09389074556277723,-0.03532008830022075,0.08703586000451069,-0.011420253008836857,0.12608410390995017,0.1435117790580854,0.29205708076189696,-0.019457486724212165,0.07972307082470492,0.031458662237986865,0.07991443353221386,0.3650824568237891,0.009216164681278576,0.22176545766441816,0.22166977631066367,0.20937472235321455,0.20650428174058053,0.17492260061919504,-0.14660091990787252,0.22375084575482337,0.05468872805308948,-0.05429233387324955,0.14379882311934883,0.02872149208236798,0.162237986864317,0.08917502169916415,0.08095325965869095,0.11947525611848085,0.10642500290461253,0.07224967365823988,0.08620206535036462,0.06365202058515983,-0.085563050594933,0.06845659142011633,0.2515462790204963,0.002180167989119663,-0.07107415988354213,-0.06532644427586301,0.09281091314183394,-0.06960818485637546,0.10232779064919799,-0.09694571450050916,0.047447699888599565,0.089041751242149,0.0741769694981513,0.37112746806634817,-0.0645883309754714,-0.17120811377879838,-0.3956423977747251
#51,0.5266028335349476,0.4057880384639042,0.5440339258742883,0.5391302564943719,0.11802294985613625,0.23273122424292128,0.27978594714288646,0.4818615490811173,0.2841326143563037,1.0,0.36346954257478525,0.008946206576042755,-0.07153548069628687,0.17783063033508978,-0.1246762211332773,-0.05495526896711979,0.5728818540312605,0.25719831327442094,0.34917884895331436,0.09271523178807947,0.11394624074795481,0.11473219472522365,0.3456693935852487,-0.21900094997915515,0.503663228972314,0.1475782365926503,0.3136981526664343,0.23722483067817576,-0.015493544925812779,0.05264183052098497,0.030358326669810483,0.11468093685714091,0.2686937444897792,0.4869736671245703,0.00877534701576692,0.02804488822367567,0.19600667035723318,-0.031656859327906836,0.087917495335534,0.18645562093781395,-0.05838271174625305,-0.0168877589376636,-0.3011809812806266,-0.20187740484831088,-0.4077153343038156,-0.2667767002234843,0.01732174222076422,0.18947983515469624,0.15493203206692227,0.17152932975211696,0.03640333791236955,0.2013306542554282,0.3670678449141943,0.14253787956451316,0.2021063566590805,0.015097150745972841,-0.13745993343311533,-0.35073708814302995,-0.29651309809389076,-0.19830644003854592,0.22589000744947682,0.33180243167326184,0.0304642595971815,0.10982169096289614,0.3613953075130366,0.09380873297384482,0.27258934246406824,0.10341787464375782,0.3755356447214647,0.2566549798727438,0.40044013422727054,0.334389245415838,0.10134363958200918,0.2574580198060402,-0.06368960968842051,0.025461491672305034,0.25942973913162337,0.3107901229505396,0.2510542034869019,-0.06094560515039058,0.061277072697325706,-0.06907852021952036,0.16587046111578127,-0.016723733759798794,-0.1952138819975533,-0.10924418564916381,0.2697257362338452,-0.03146207942919238,0.0010798324209432815,-0.09074351246249633,-0.17535316671109016,-0.03800258339655137,-0.2523390673801762,-0.04357260506154361,-0.11794777164961488,0.4952535214155373,0.12523664049098204,0.22016962937144186,0.3461375487804045,0.21326348594509256,0.2557152522912267,0.19908897682460924,0.3163157211298601,0.1140248361456817,0.2761466385090111,0.33189469583581077,0.3645288718484954,0.19673453208400823,0.26374223443298545,-0.2284187289415592,-0.5204006314969348
#52,0.5095954729050909,0.350333859580779,0.24675195975915637,0.23894026066334514,0.269380599922088,0.25554439273095086,0.34710461389156566,0.5343017653209767,0.527504972013204,0.36346954257478525,1.0,0.023151470417375735,0.2475994231781245,0.38980583519570255,-0.01730123907353112,0.10935695295894586,0.2565490469453728,0.05149707146713687,0.09733869148914358,0.1904127283538023,-0.01070947723808938,0.11417860974992995,0.367416398417157,0.14368605580956678,0.038453652635679576,0.1732584285021084,0.10544426902862923,0.09001906792692678,0.1583082169779728,0.2539827363500297,-0.32164995660167167,0.0709272206617049,0.041508621573411515,0.12507944969552826,-0.02444316869306105,0.09188827151634442,0.039150759641604985,0.08729556653612996,-0.04302585446866094,0.006509749246509339,-0.014998052201012855,0.23508566898352232,-0.08974910982169096,-0.03479384085457118,-0.299629576473322,-0.01065821937000663,-0.02193153315700627,0.05222493319391193,0.09546948789972594,0.20771055023612792,0.03445553892522502,0.07796663454506933,0.23759388732837158,0.03227878812731087,-0.01602320956266787,0.020281029804741696,-0.18832824171843712,0.014215515414949528,-0.2680239750134979,-0.22015254341541426,-0.0722530908494454,0.039266944142592554,-0.10977726747722442,-0.02132669031362981,0.25218871096713347,0.047304177857967866,0.08042359502183585,0.004497023626459995,0.30305360206124976,0.19088771793136913,0.32000628763181815,0.16954735885291725,0.19594174372432835,0.25552047239251224,0.03179012978492199,0.2512626521504384,0.006045011242559066,0.2204259187118556,0.10884779146932387,0.06960476766516993,-0.1583116341691783,0.14116416869989543,-0.1746321393667261,0.08425084917201457,0.1247787368694428,-0.2598978943267792,0.03125704795686138,0.13286722845290086,-0.04291992154128992,0.1690245285984732,-0.01977528550632522,-0.14799513391972335,-0.03604795002699581,-0.17234603845023544,-0.22688099289907668,0.2516112056534011,0.05861508074822819,0.27970393455395404,0.23418011331406038,-0.031311723016149644,0.31883419104832594,-0.01928662716393633,0.010456605088881143,0.0007859539772688441,0.08371093296154293,0.25742043070277953,0.06956717856190925,-0.08400481140521737,-0.1739316151695952,-0.28630936515421784,-0.5122267101333388
#53,0.10283011775640895,-0.08477026223525311,-0.1916565859526104,-0.06396298498486185,0.4651549012773461,0.10780213096043575,0.0010285745528605308,0.033751597536888577,0.061786234186947696,0.008946206576042755,0.023151470417375735,1.0,0.3985230899609757,0.19717193255831436,-0.2654064065500721,-0.3700373840717884,-0.2046043234303132,-0.15824329034506796,-0.1749328521928116,-0.2015561888749923,-0.2198723337365619,-0.35525803210792856,-0.027381953129805424,-0.0894894032900717,-0.21303111694311744,-0.2947019867549669,-0.1470861610590559,-0.15733773467560605,0.558157177126689,0.38658000669769477,0.15171645514253104,0.05258032107928567,-0.046320026790779054,-0.2360458997122725,0.1946602970222596,0.20105044457657584,0.07978799745760974,-0.009810755951038485,0.09180625892741202,-0.11123640812198006,-0.12778928232150302,-0.01291356556564766,-0.1822968992407001,-0.3941490852179143,0.19273300118234815,0.04056889399189442,-0.15290563768205087,-0.11145169116792761,-0.195357404028185,-0.20236606319069977,-0.037397740553174914,-0.21841661028301176,-0.14361771198545645,-0.36398553844681825,-0.2128568401916361,-0.3485637545363213,-0.044310718361935224,-0.1406823447399176,-0.02383149146727356,-0.11094594686951113,-0.023117298505320568,0.06778340475262953,0.0478235909212064,-0.25674724403529275,-0.20670931321291153,-0.1932558314367922,0.1860968158612347,0.03101442738126969,-0.09550024262057559,-0.2092004456017332,-0.10991737231665061,0.035549040110990374,0.13409400009568134,0.07053424367307048,-0.19430490913688583,-0.08986187713147302,-0.19146522324510146,-0.025591344938114668,0.24497160314108216,0.16774649908760994,0.6773727267135505,0.3792364627970393,-0.11813229997471278,0.7590333449517834,0.3477162911173532,0.14390817323792535,0.05484591884854325,0.19928033953211818,-0.19771868315119703,0.40359420170996246,-0.07281351020715013,0.17255448711377197,0.13991347671867632,0.13971869681996185,-0.1994033584155168,-0.37422344329854634,-0.24305114168358177,-0.33830192934615466,-0.28848611595213197,-0.4347384823570418,-0.32392922313575134,0.04707522604719824,-0.04192210170927904,0.013535494365051703,-0.21070400973216055,-0.10342470902616885,-0.15609045988559245,-0.015507213690634845,0.08820453939679741,-0.14202530088368565,-0.0697619584606237
#54,0.07961372070612839,-0.10931594666447966,-0.018254635419870283,0.05581981834211552,0.4931314456769114,0.526578913196509,0.24454445424039256,-0.21691988053499545,0.08514957045906546,-0.07153548069628687,0.2475994231781245,0.3985230899609757,1.0,0.4189305558403215,0.037674533040821766,0.1302599115630916,-0.09524053608895632,-0.10561512858890507,0.018309310479158552,-0.06715122437960894,-0.391223969545992,-0.037083358962267374,0.15580683301553455,0.310984902849254,-0.16971138403078206,0.11118856744510282,-0.19092872422583534,-0.01990172158092934,0.3618156220313151,0.35145128110498297,-0.057244787074815985,-0.21064591748166678,-0.03927719571620911,-0.23508908617472782,0.019949562257806572,0.034609312529473274,-0.07572837430545588,0.01871595623261504,0.013463733349735852,-0.031000758616447625,-0.19458853600694373,0.20571491057210614,-0.11638269807748823,0.20967885237050554,0.16625660372200465,0.5293878443674437,-0.12783712299838026,-0.11140385049105038,-0.2666605157224967,-0.0016949268379362898,-0.07240344726248812,-0.21158222787197836,-0.2149071549149461,-0.1947218064639589,-0.27087391247889886,-0.2133899220196967,-0.3660256015965117,0.0009533963463391631,0.027703169103123995,0.05742931539991389,-0.2646922135881191,-0.17531899479903498,0.16748337536478516,0.12050383067134138,-0.08596627915718397,-0.04382206001954633,0.16546039817111927,0.17087664623186324,-0.08012288219575038,-0.13306884273402633,-0.0657535931765526,-0.10611745569611603,0.016891176128869114,0.0423424162275576,-0.26291527416125043,-0.30104087644120037,-0.29932886364723654,-0.24644099535945435,0.27693259248628,0.28095462653517317,0.0793916032777698,0.5033078410869402,-0.6935360411156446,0.48885312228760447,0.5008987212870509,-0.11268529719311915,0.0046097909362420465,0.07382499880398308,-0.14550400153090165,0.16982073414935858,0.15469282868253612,-0.08042701221304137,0.34015062978833915,0.020486061277072698,-0.23270388671327716,-0.15175746143699725,0.06265761794435445,-0.14985408593552443,-0.05965732406591078,-0.22931745022861008,-0.18571750763742234,0.01730123907353112,-0.18576534831429958,0.11268188000191362,-0.11066573719065877,0.11696703777363159,-0.13813653729180764,-0.27617055884744973,-0.05200623295675886,0.05581981834211552,-0.10191431051333047
#58,0.12098565463131924,-0.001643668969853539,0.0049241725271495845,0.038692856020065745,0.40239818478803163,0.2329772620097185,0.2958057395143488,0.08277803976243686,0.20919361121932217,0.17783063033508978,0.38980583519570255,0.19717193255831436,0.4189305558403215,1.0,-0.07436833220566023,0.02832168071132252,-0.07688338493292053,-0.09812806265761795,0.14490941026114176,0.18182874404554433,-0.2998892830049413,-0.09183359645705616,0.18463767521647906,0.14540148579473616,-0.05848522748241855,0.11316370396189149,-0.1829495827609538,-0.05211900026654091,0.19888736254348377,0.13382745918165104,-0.06703162268741585,-0.0673904277639951,0.012465913517724971,-0.16061140385049105,0.16882974869975875,0.21512243796089367,0.13036584449046262,0.056342648596559575,-0.012513754194602204,-0.042762730745836156,-0.006735283866073442,0.10308298990561718,0.1670186373608349,0.09589663680041553,0.0324872367908474,0.2043138621778443,0.048927343680588306,0.022495369705916524,-0.22877753401813844,-0.1413452798337878,0.00832769496784423,-0.15744366760297707,-0.044129607228042836,-0.1554446107477498,-0.26446326177734947,-0.16942775716072417,-0.25087309235300953,-0.13278863305517397,-0.10436101941648043,-0.06087384413507473,-0.026578913196509,-0.024641365782981022,0.11900368373211954,0.03883637805069745,0.08689917235629002,-0.07163116205004134,0.35010832496121486,0.2133489157252305,0.22166635911945817,0.06794742993049432,0.030983672660420042,0.0304437564499484,0.09243843930043262,0.2181158974569263,0.035439689992413835,-0.06477969368298034,0.17362748515230422,0.13672865451513475,0.15574190638262975,0.18534503379602102,-0.08861460234145942,0.34359174133229453,-0.20892023592288084,0.07641864692897027,0.41952856430128693,0.030928997601131773,0.05924726112124878,-0.02429964666242935,-0.04159405135354944,0.30470752260471984,0.2319350186920359,0.12921083386299798,0.18443606093535359,-0.14463945215590593,-0.22360048934178062,-0.12565012062684955,-0.09204887950300371,-0.06353241889296674,0.08771929824561403,-0.11014974131862575,0.15274502969539158,-0.09482363876188328,-0.1761972129388528,0.12397227974494085,0.0881396127638926,0.14304704105413515,0.004045954387331789,-0.03039249858186565,0.19772551753360806,-0.11057347302810981,-0.2706825497713899
#101,-0.3363370444029825,-0.29753142107313474,-0.1767713010613796,-0.07240003007128261,-0.2745439758336238,-0.19342327380586252,-0.023240317388719168,-0.15317217859608118,-0.042602122759176866,-0.1246762211332773,-0.01730123907353112,-0.2654064065500721,0.037674533040821766,-0.07436833220566023,1.0,0.6130201819312597,-0.10381426882359776,-0.1817809033686671,0.4332622557562586,0.020820946015213334,0.42127133181610044,0.3110464122909533,-0.11661506707946337,0.013104928273156596,0.052149754987390565,0.15502429622947123,-0.3243324516980023,-0.31741263950683096,-0.1165603920201751,-0.18912103007811698,-0.21142161988531907,-0.30992557357554384,-0.39430969320457354,-0.16055331159999728,0.015309016600714877,-0.13842358135307103,0.2430784792132259,0.19444843116751756,0.1830726016443524,0.16190310212617637,-0.10021254929298314,-0.030064448226136044,0.16572693908514957,0.4326574129128821,0.08260034581975,0.19901721580929338,-0.3124098715819545,-0.4154928614875717,-0.2983378781976367,-0.30268454541105394,-0.38627245948919825,-0.15137131883077384,-0.36335677526500315,0.3135136243413364,0.29788680895850844,0.4066389190740779,-0.16629761001647086,-0.051066505375241766,-0.24246680198743842,-0.24938661417860974,-0.16699129983119076,-0.39433361354301216,0.16498882578475796,0.26836227694284404,-0.309344651070606,-0.14147855029080297,0.11424353638283477,0.020516815997922346,0.2263718314094547,0.12471039304533246,-0.022922518606606115,-0.17941278986324402,0.33521620568757304,-0.19742822189872813,0.4511820064379882,-0.035053547386190445,0.026787361860045517,-0.2523014782769155,0.13045127427060055,0.11242217347029436,-0.13321578195586356,-0.240645439074898,-0.12354171365304574,-0.21661575051770446,-0.02136769660809601,0.03191314866832059,-0.3296085949193201,-0.3594440913346865,-0.19642698487551172,-0.1657542766147937,0.10891271810222869,-0.226744305250856,-0.0864446859259563,-0.23505149707146714,-0.050680362769018376,-0.00652000082012589,-0.04725633718109063,-0.2498889412858207,-0.27091833596457054,-0.16089161352934342,-0.4001428385923906,-0.17790922573281664,-0.33292668757987687,-0.30501848700442186,-0.4173176415913176,-0.42321571361203947,-0.4126873475078425,-0.2365755643491276,0.040541556462250286,0.241465564964222,0.1661643395594557
#102,-0.12478215406064831,0.06568866654364779,-0.000919224434283996,0.17448178295368338,-0.1280489888531223,-0.04683943985401759,-0.03462298129429534,-0.11290741462147773,0.042937007497317506,-0.05495526896711979,0.10935695295894586,-0.3700373840717884,0.1302599115630916,0.02832168071132252,0.6130201819312597,1.0,-0.018141868110088232,-0.18088559927282172,0.44989714254471397,0.3780643662135471,0.13668423102946303,0.6771916155796581,0.13615798358381345,0.3651405490742829,0.01430777957749848,0.40103472549703045,-0.1543442751795734,-0.02050314723310028,-0.30483395867932395,-0.1848905473656873,-0.30979572030973423,-0.35161188909164226,-0.3114838127652595,-0.04949459742070408,-0.13678674676562852,-0.1426882359775559,-0.03900382041976777,0.2603387119922908,-0.005973250227243215,0.14709299544146692,-0.13415892672858618,0.1789207143296496,0.04593046699335015,0.4911836466897669,-0.17713694052036988,0.1657542766147937,-0.026394384871411096,-0.19289019197780194,-0.043241137514608494,0.11694995181760401,-0.19317723603906534,0.031168200985517945,-0.25985347084110744,0.3283339825996624,0.07981191779604836,0.3855445977624232,-0.2560706401766004,0.10357506543921159,-0.19605792822531593,-0.20303583266698105,-0.32481427565798016,-0.44536252981499325,0.12307355845788995,0.3372255141164169,0.058680007381133006,0.1197930549005939,-0.04055180803586684,0.14940301669639622,0.28191485726392335,0.3069936235212105,0.13509523711889776,-0.02094054770740642,0.19818683834635284,-0.09038470738591707,0.3451055570363384,0.03105543367573589,-0.11720282396681224,-0.17373683527088074,0.06494713605205066,0.27956382971452787,-0.31892303801966937,-0.12765601186448786,-0.3127857626145613,-0.24397378330907127,-0.007927883596798775,-0.24523130967270143,-0.39692384447679385,-0.2321229642083393,-0.08913401540469795,-0.3163328070858877,0.18256344015473042,-0.3187009205913108,-0.038911556257218816,-0.4148948530266062,-0.13670815136790163,-0.03615388295436683,0.21574094956909218,-0.05266916805062911,-0.032593169718218414,0.023171973564608834,-0.09732843991552703,-0.1746287221755206,-0.3608280537729208,-0.2516863838599225,-0.3000054675059288,-0.2393776611376513,-0.34386853381994137,-0.28349018240966656,0.006502914864098305,0.12328200712142648,-0.048787238841162116
#201,0.4228569085354602,0.4158790040937951,0.6952275507623754,0.4555867659018993,-0.07783336408805418,0.23057839378344575,0.3172964550058434,0.360862225684976,0.12286852698555895,0.5728818540312605,0.2565490469453728,-0.2046043234303132,-0.09524053608895632,-0.07688338493292053,-0.10381426882359776,-0.018141868110088232,1.0,0.5518182874404555,0.09467328234884055,0.17856190925307033,0.2090979298655677,0.15762819592807495,0.294418359884909,-0.11026934301081882,0.408101476910039,0.03405231036297405,0.3977678907045565,0.3924165692767173,-0.12955597017475515,-0.12798406222021746,0.19450652341801133,0.05366015350022895,0.423120032258285,0.41192873106021777,-0.1554480279389553,-0.18581318899117683,-0.009110231753907558,-0.1943595841961741,-0.13104586554036043,0.1738461853894573,-0.21723767931710852,-0.08408340680294425,-0.41256432862444387,-0.17018295641714337,-0.49506215870802833,-0.29921267914624894,0.13699861262037055,0.31855398136947355,0.2928259487831382,0.2971657816141444,0.13535494365051703,0.37844025724615393,0.5091751583868124,0.2827520691092749,0.3842016416186551,0.17737272671355053,-0.06625592028376356,-0.257112883494283,-0.2032887048161893,-0.2329430900976633,0.009605724478707481,0.22332027966292825,-0.17320375344282013,0.15469282868253612,0.4954790560351014,0.1840328323731026,0.1414443783787478,0.0668368427887014,0.27706928013450066,0.4014516228241035,0.6099378754638837,0.5304130017290988,-0.1482548404513426,0.2620712279334878,-0.146392471244336,0.034465790498841575,0.11562749882106903,0.3189811302701631,0.05960948338903355,-0.2532207027111995,-0.07057183277633117,-0.20384912417389403,0.2719434933262256,-0.13938722927302674,-0.16590805021904195,-0.06513166437714855,0.29610986953163976,-0.05263499613857394,-0.030368578243427032,-0.2615142257669886,-0.29086448103117163,-0.06633793287269596,-0.3070346298156767,-0.06506332055303822,-0.026442225548288328,0.7348806375111913,0.2177229204682919,0.4474948571272357,0.49784033515811343,0.4155782912677096,0.48174878177133523,0.45844012055850575,0.4243263007538324,0.32804010415598794,0.3587230639903225,0.4358012288219575,0.45645473246810053,0.18147335616017057,0.03198832687484195,-0.2656934506113355,-0.40571969463979385
