,#10,#11,#12,#13,#17,#18,#26,#49,#50,#51,#52,#53,#54,#58,#101,#102,#201,#202,#301,#302,#401,#402,#501,#502,#601,#602,#701,#702,#801,#802,#901,#902,#1001,#1002,#1101,#1102,#1201,#1202,#1301,#1302,#1401,#1402,#1501,#1502,#1601,#1602,#1701,#1702,#1801,#1802,#1901,#1902,#2001,#2002,#2101,#2102,#2201,#2202,#2301,#2302,#2401,#2402,#2501,#2502,#2601,#2602,#2701,#2702,#2801,#2802,#2901,#2902,#3001,#3002,#3101,#3102,#3201,#3202,#3301,#3302,#3401,#3402,#3455,#3501,#3502,#3601,#3602,#3701,#3702,#3801,#3802,#3901,#3902,#4001,#4002,#4101,#4102,#4201,#4202,#4301,#4302,#4401,#4402,#4501,#4502,#4601,#4602,#4701,#4702,#4801,#4802
#10,1.0,0.19032046419125337,0.170411908227913,0.3532418892966737,0.22590025902309338,0.22866818389956192,-0.042687552539314784,0.6747004831908364,-0.12108817036748475,0.3422248648500878,0.38193946104060306,-0.23965787081650367,0.21919231268666406,-0.3292532070339464,0.08514615326785994,0.117869176251888,0.356266103513556,0.29195456502573147,0.07903279820119055,0.05868684176354404,0.0023578619318065323,0.0027200841995913038,-0.06100369740088437,0.17720186715327468,0.25874971808172553,0.12693498452012383,0.006461908569632105,0.11596921794162071,0.09278699280339532,0.027935538105099134,0.14779693682980338,0.13679016395683405,0.0771430914645398,-0.037937656763646556,0.29222452313096725,0.04561950259364812,0.16180400358121638,0.14083953553537135,0.08925703428809656,0.18457616577477975,-0.2153548069628688,-0.31991060627806367,-0.31624737730574976,-0.2140870290256221,-0.341233879400488,-0.2006984738824076,0.006547338349770023,-0.18774048483108824,-0.090880200110717,-0.1463275446114312,0.006690860380401725,-0.1586362673337024,-0.0847873481912807,0.38322774212508287,0.22116061482104168,0.3752451834689958,-0.08978669892495164,-0.029326334925744435,-0.183909813489704,-0.1311347125117039,0.12850347528345601,0.21187268912444726,-0.06127365550612019,-0.2842693020045244,0.07850313356433546,-0.029275077057661684,-0.1388643990185827,-0.1399681517779646,0.2874848789289156,0.19521046480634777,0.19447235150595615,0.2420977453372426,0.2404028184993063,0.280411293133496,0.2381953129805425,0.21296960750141813,-0.023787067981601843,0.003061803320142975,0.011574026613085108,0.16144861569584265,0.04013149351758828,-0.061960510938429046,0.2697325706162563,0.1223456967311149,-0.011023858828996917,-0.130136892679693,-0.03361490988866791,0.12922791981902557,-0.1499292641420458,-0.02663700544700278,-0.3333982599662382,-0.34779146932387456,-0.41879728538330635,-0.15282704228432398,-0.23699246167620064,0.09187118556031684,0.172151258551521,-0.1455347562517513,0.3313103561396674,-0.11738393510070462,0.008136332260335295,0.2652082094601521,0.44990055973591947,-0.11996391446086975,0.12187412434475359,0.11464334775388021,0.24313315427251417,0.1138232218645562,0.08518715956232616,-0.14810448403829987,-0.08186223251935838
#11,0.19032046419125337,1.0,0.13466125383579713,0.22635816264463263,0.20925512066102148,0.14571586738564368,-0.0724991286162426,0.1839268994457316,0.29148640983057567,0.2388719168392348,0.17357281009301595,0.0037862478557125186,0.3000806457124502,-0.1288246912567746,0.11820406099002864,0.20459748904790218,0.10739548520697927,0.011058030741052084,0.053198832687484196,0.19861398724704243,-0.06003663228972314,0.005163375911535754,-0.025427319760249863,0.04100629446620056,0.10880678517485767,-0.00511553523465852,-0.09649806245258648,-0.020352790820057545,-0.0806593812150165,0.030436922067537366,0.10116936283052783,-0.09786152174358764,0.09775900600742214,-0.016317088006342306,-0.051233947744312086,0.05131254314203897,-0.04086618962677438,0.14847012349729016,-0.026988976141171003,-0.028304594755294937,-0.03345771909321414,-0.11916770890998435,-0.19001975136516788,0.04139585426362947,-0.10322651193624888,0.20276929175295075,-0.15615196932729175,-0.2399141601569174,-0.27745883993192955,-0.14967297480163205,-0.10110101900641749,-0.1991197315454589,-0.2101230872272227,-0.18078991791906723,-0.14316664274632823,-0.11041286504145052,-0.038176860148032725,0.11069990910271393,-0.025242791435151964,0.0328767965882763,0.13792125424586008,0.258739466508109,0.046138915656886666,-0.04151887314702807,-0.05026004825073982,-0.09864064133844545,-0.08961925655588132,-0.1691304615258442,0.06376820508614739,0.2396852083461478,0.00997136393769777,0.02566994033584155,0.08962267374708685,-0.00435691878703381,-0.1420970618990015,0.018234132272637184,0.0351253084015063,0.01941306323854045,-0.020653503646143018,0.037770214394576236,0.023335998742473635,0.14018001763270663,0.2194451848358723,0.012315557104682235,0.11782133557501076,0.06060730322104443,0.1718642144902576,0.06605772319384359,0.09737628059240427,-0.1482924295546033,-0.010131971924357056,-0.07886535583212023,-0.13849534236838687,0.005177044676357821,-0.081476089913135,-0.027173504466268907,0.027518640778026095,-0.06486854065432378,-0.048927343680588306,-0.22730814179976627,-0.22177570923803472,0.006068931580997683,-0.03502279266534079,-0.11945817016245328,0.015664404486088614,0.014044655854673693,-0.03571306528885517,0.13820829830712347,0.24994703353631448,0.1058474975908802,0.09418120681524614
#12,0.170411908227913,0.13466125383579713,1.0,0.5226833152222199,0.07100581605943179,0.07231460029114468,0.09503892180783083,0.04682918828040104,-0.1959280749595063,0.5373020591994204,0.21028711240508752,0.03118528694154553,-0.15730356276355087,0.036174386101599926,-0.1820098551794367,0.16681360588850389,0.41560904598855924,0.4645227209043255,-0.20442321229642083,0.11012582098018713,-0.04529828662032955,0.07694831156582535,0.334283312488467,0.32320136140897626,0.2667767002234843,0.31307280667582477,0.24616078568060198,0.23965103643409263,-0.4581701624532699,-0.17012144697544407,0.004934424100766134,0.10135730834683124,0.14174167401362775,0.11949917645691947,-0.3001694926837936,-0.26271707707133046,-0.38602300453119553,-0.04689069772210034,0.17295429848481741,0.2625633034670822,-0.22562346653544652,-0.34349947716974555,-0.38253063511915747,-0.4725599546197008,-0.09363787341356898,-0.04597489047902186,0.31236203090507725,0.03883637805069745,0.17579398437660182,0.09275623808254567,0.19275350432958127,-0.0586390010866668,0.21188635788926935,-0.0703736356864112,0.0038614260622338863,0.07575912902630554,-0.02477805343120169,0.12334009937192025,-0.041874261032401806,-0.03026606250726153,0.10896397597031145,0.17820993855890213,-0.08636609052822941,-0.07357212665477485,0.3194492854653189,0.13338322432493388,-0.021285684019163607,-0.13391288896178896,-0.01368243358688892,0.23327797483580395,0.2147021234426151,0.14973106705212583,-0.1611308169137296,-0.13684825620732782,-0.04431413555314074,0.09117407855439143,0.04100287727499505,0.19950245696047678,-0.17065111161229915,0.031793546976127504,-0.2736144998257232,-0.03394979462680855,-0.25162829160942873,-0.3991245156131466,-0.21687887424052926,-0.01587968753203617,0.09044621682761637,-0.028588221625352826,-0.032258284980077774,-0.3989980795385425,-0.3739944914877767,-0.021794845508785597,0.011430504582453406,-0.010019204614575004,-0.001561656380921138,0.1415639800709409,0.4842809204546231,0.4534988620753286,0.3610296680540463,0.17854824048824827,0.1970147417628606,0.04821315071863531,0.024791722196023755,0.29759976489724504,0.25263636301505615,0.39335287966702887,0.17640907879359483,0.1748508396038792,0.2126347227632775,-0.11950942803053602,0.06109596156343332
#13,0.3532418892966737,0.22635816264463263,0.5226833152222199,1.0,0.017123545130844253,0.21567602293618737,-0.0818656497105639,0.08173237925354876,-0.20293673412202107,0.5484660228678435,0.1580040869606818,0.0013087842317129012,-0.035097970871862165,0.05166451383620719,-0.08955774711418203,0.11661848427066888,0.18340065200008202,0.1153131172301615,0.15967167626897397,0.3493599600872067,-0.11512175452265257,0.11989215344555389,0.00485582870303925,0.1410924076845796,0.1554446107477498,0.30757454602614837,0.1854407151497755,0.5378419754098921,-0.28806921862505896,-0.017191888954954587,-0.11735318037985497,0.10788072635816265,-0.03175595787286682,0.16276081711876106,0.04024767801857585,0.005870734491077714,-0.02135744503447946,0.17118077624915423,0.12936802465845174,0.309245552525646,-0.11012240378898161,-0.2795604125233223,-0.2859129709743779,-0.25532910968500333,-0.38198046733506924,-0.13894299441630956,0.3613577184097759,0.141584483218174,0.2564875375036735,0.0997546456714439,0.09962820959683978,-0.01798809450583998,0.09119458170162453,-0.0699054804912554,-0.04806279430559258,0.1396879420991122,-0.08091567055543025,0.23714623528044887,-0.33697605915841417,-0.19123285424312633,0.1820508614739029,0.21471579220743717,0.12133079094307643,-0.08839248491310082,0.2890841244130974,0.32288697981806874,0.1940486197964721,-0.1164783794312427,0.06473185300610311,0.35411669024528597,0.16461293475215114,0.3653045742521477,-0.18339381761767098,0.01645035846335746,0.15824670753627348,0.3167702075601938,-0.0003075472084965042,0.15159685345033796,-0.09204204512059268,0.03367983652157273,-0.27047068391664786,-0.13416234391979168,-0.0570226696464574,-0.17955631189387572,-0.0816401150909998,-0.06523076292210854,-0.0022895181076961982,-0.14067209316630103,-0.11588378816148279,-0.18410801057962398,-0.22013204026818117,-0.19114059008057738,-0.14033037404574936,-0.22478283749888942,-0.24147239934663303,-0.04740669359413337,0.3043726378665792,0.24774636239996173,0.4207143296496012,-0.0024125369910948,0.1874500235786193,-0.06602355128178843,0.021972539451472466,0.23877281829427482,0.1465940855254615,0.22768745002357862,0.11750695398410323,0.24986160375617658,0.34384461348150275,-0.3543524764384666,-0.2518640778026094
#17,0.22590025902309338,0.20925512066102148,0.07100581605943179,0.017123545130844253,1.0,0.39231063634934626,-0.004538029920926195,0.21133277291397562,0.04585870597803429,0.04215447071125418,0.3360910066361853,0.43960797982490313,0.5187740484831088,0.09065124829994738,0.048414764999760794,0.18874172185430463,0.06180332014297528,-0.024552518811637586,-0.007541740990575386,0.10134363958200918,-0.29348888387700844,-0.06009814173142244,0.055447344500714195,0.14270873912478899,0.07751214811473561,0.11393598917433827,-0.1674697065999631,-0.07406420218836925,0.15876953779071754,0.17103725421852253,-0.03954715382144493,0.06122923202044847,0.1792282615381461,0.09604699321345826,-0.020557822292388547,0.051575666864863756,-0.08081315481926475,0.186059226757974,0.06694277571607242,0.15021972539451472,-0.04116348526165433,-0.08767829195114783,-0.13267586574539192,0.07263581626446326,0.08711103821103205,0.28978123141902284,0.13159945051565416,-0.03369692247760031,0.04114981649683226,-0.06322145449326472,-0.052730677492328404,-0.13600762717077072,-0.042738810407397534,-0.08573049296400331,-0.1499292641420458,0.044997573794244086,-0.15649368844784342,-0.1604200411429821,0.08826946602970223,0.05897388582480744,-0.14484790081944246,-0.10035607132361485,0.1544297049597113,0.08196474825552388,-0.3211305435384331,-0.1994067756067223,0.056954325822347066,0.11713789733390742,0.043955330476561486,0.16660174003376185,0.058533068159295785,0.09382240173866689,0.11359085286258107,0.11201552771683787,-0.3073524285977898,-0.19162924842296625,-0.2543039523233483,-0.144759053848099,0.2579671812956622,0.21329765785714774,0.24895263089550912,0.3804290625277647,0.3493360397487681,0.3324892871055707,0.3832516624635215,-0.04941941921418271,0.030084951373369147,0.1385807721485248,-0.07022669646457398,0.04687702895727828,0.06354267046658328,-0.1087521101155694,0.12980200794155236,-0.05798290037520759,-0.01883897511601364,-0.01630341924152024,0.17475515825012472,-0.19512503502620987,-0.09606066197828034,-0.07787437038252039,-0.1440585296509681,-0.03110669154381864,0.0316295217982627,-0.19189920652820208,0.04629268926113492,0.09695938326533123,0.18581660618238233,-0.15847224215583758,-0.2237952692404951,0.05023954510350672,-0.07952487373478495
#18,0.22866818389956192,0.14571586738564368,0.07231460029114468,0.21567602293618737,0.39231063634934626,1.0,-0.31166150670794635,0.09719175226730636,-0.06633451568149044,0.07475789200308915,0.014492307902596382,0.3147848194697886,0.371192394699253,0.0742999883815499,-0.0988149180899268,-0.1532644427586301,0.06876072143740732,0.2548336169602034,-0.016443524080946424,0.001513815704043904,-0.27449271796554103,-0.1072587975587586,0.10196556838141321,-0.06410992420669906,0.011081951079490702,-0.08211510466856663,-0.033796021022560296,-0.0030788892761705587,0.22881854031260465,0.045120592677642686,0.29336244780240434,0.17277660454213056,0.2499880398307807,0.006068931580997683,0.19463979387502647,-0.01896541119061776,0.1764842570001162,0.05063252209214114,0.2013511574026613,0.06354950484899433,0.11251785482404883,-0.10988320040459544,-0.09871581954496682,0.011560357848263042,-0.11724383026127844,-0.10451137582952316,0.16822490585638228,0.12071569652608342,0.13760345546374703,0.05568313069389485,-0.05989994464150247,0.01026182519016669,-0.06504623459701064,-0.018244383846253733,-0.11558307533539731,0.051756777998756144,0.03419924958481127,-0.07858172896206235,-0.039735099337748346,0.09677827213143884,0.0390311579494119,0.01788557876967448,0.016857004216813947,-0.12210991053793424,0.047427196741366466,0.058044409816906894,0.11898659777609197,-0.09465961358401848,-0.06482069997744654,-0.07857147738844579,0.13590852862581074,-0.030293400036905664,-0.08534435035777992,-0.06581168542704638,0.0545896295081295,0.07784361566167074,0.007077002986625114,0.026790779051251035,0.11278781292928465,-0.022010128554733152,0.05056759545923633,0.24262057559168665,0.21383073968520835,0.15099884498937252,0.09866114448567855,0.07652116266513577,0.06889057470321694,0.2115514731511287,-0.11058372460172637,-0.014154005973250228,0.04654897860154867,0.042913087158878885,0.0338780336114927,-0.07383525037759962,-0.08560405688939919,-0.030245559360028432,0.04393482732932839,0.04353501595828293,0.35433197329123356,0.03755493134862868,0.1842583669926667,0.30248293112992847,0.2364730486129621,0.20194916586362674,0.32820412933385273,0.317214442416911,0.3409741728688687,0.08598336511321154,0.0002323690019751365,-0.0612155632556264,-0.0474340311237775
#26,-0.042687552539314784,-0.0724991286162426,0.09503892180783083,-0.0818656497105639,-0.004538029920926195,-0.31166150670794635,1.0,0.11454424920892023,0.20966518360568348,0.14685720924828627,0.37459933433115317,0.20597119991251991,-0.03243939611397016,0.22466665299790184,0.18753887054996277,0.021207088621436724,0.2611349175431762,0.0042680718156903755,0.01538761199844176,-0.06836774444877289,0.17724970783015193,-0.09485439348273293,0.21520103335862054,0.06545629754167265,0.12343919791688024,-0.09354902644222556,-0.024938661417860976,-0.22872969334126123,-0.2174017044949733,-0.30647079326676646,-0.03354998325576309,-0.05642807837669749,0.07015151825805262,-0.11865854742036236,-0.25731791496661405,-0.24684764111291083,-0.2489287105570705,-0.2555922334078281,-0.024316732618456932,-0.03900040322856225,-0.22650168467526433,-0.22857933692821847,-0.13086475440646805,-0.15964775593053535,0.025393147848194696,0.08836514738345669,-0.018271721375897866,-0.1041115644584777,-0.015958282929763052,-0.1263130557207198,-0.11065548561704222,-0.01733199379438077,-0.05084438794688318,0.18396790574019778,0.07381474723036653,0.1035784826304171,-0.05533457719093214,-0.10373909061707638,-0.09809389074556278,-0.03771553933528796,-0.22448554186400946,-0.1328979831737505,-0.21808855992728218,-0.09096904708206043,-0.17016245326991025,-0.0612155632556264,-0.09128684586417349,0.2656934506113355,0.4319329683773126,0.05163375911535754,0.35826174317757775,0.16176299728675017,0.3375023066040637,0.20953874753107934,-0.02291568422419508,-0.01046002228008666,0.16433614226450427,0.1071152755281269,0.014311196768703996,-0.06823447399175774,-0.1219595541248915,-0.09851078807263582,-0.12957647332198827,-0.07081103616071734,-0.1449162446435528,-0.05643149556790301,-0.13869012226710134,-0.024128787102153514,-0.10169219308497188,-0.33397234808876497,-0.23390673801761905,-0.1582911310219452,-0.13802035279082006,-0.11022491952514711,-0.1492116539888873,0.1843369623903936,-0.071661916770891,0.13261435630369262,-0.1077884621956137,0.016546039817111925,0.1683103356365202,0.027778347309645363,-0.21454151545595582,0.07887560740573678,0.12053458539219103,0.18721082019423316,0.2080317662094465,-0.12178869456461566,-0.1747722442061523,-0.08838906772189531,-0.08261059739336654
#49,0.6747004831908364,0.1839268994457316,0.04682918828040104,0.08173237925354876,0.21133277291397562,0.09719175226730636,0.11454424920892023,1.0,0.36402654474128443,0.18911077850450045,0.4987903143132471,0.08670439245757557,0.304847627444146,0.010955515004886583,0.09486122786514396,0.1487605847497591,0.2944491146057587,0.10854366145203288,0.01993247630177899,0.04097553974535091,0.0268659572577724,0.054288916682044025,-0.0759129026305538,0.023575202126859807,0.26513303125363075,0.04163505764801564,0.03154067482691927,-0.0757522946438945,0.02736828436498336,-0.13016764740054265,-0.06267470390038204,-0.1063805794189408,0.03971801338172076,-0.11338240419904455,-0.011133208947573452,-0.21274749007305954,0.006742118248484476,-0.0043022437277455425,-0.18493497085135902,-0.04971329765785715,-0.19190945810181864,-0.190860380401725,-0.24432917119444503,-0.2046043234303132,-0.09059999043186462,0.038925225022040884,-0.03278453242572735,-0.2667493626938402,-0.1646266035169732,-0.19215891305982136,-0.0005467505928826742,-0.1456748610911775,-0.026387550489000062,0.19558977303016012,0.07583772442403242,0.05775736575564349,-0.07888927617055885,-0.11093569529589459,-0.20504514109582486,-0.16975239032524825,-0.13472276327749644,-0.02017851406857619,0.023011365577949548,-0.06379895980699704,0.028055139797292218,-0.015937779782529953,0.01435903744558123,-0.022495369705916524,0.29968083434140474,0.26145271632528927,0.20078732085375106,0.30195668368427886,0.37675558198183423,0.40035812163833817,0.09036078704747845,0.17273218105645882,-0.071866948243222,-0.12331617903348165,0.03800258339655137,-0.0006834382411033427,0.13417259549340824,0.04398266800620562,0.3420779256282506,0.3187624300330101,0.21792111755821186,-0.02130276997519119,-0.06383313171905221,0.18563891223969545,-0.120732782482111,-0.033990800921274746,-0.21684128513726858,-0.15929920242757264,-0.310885804304294,-0.1822968992407001,-0.20898857974699117,0.12882127406556906,0.10727246632358067,-0.1709689103944122,-0.008293523055789063,-0.04779625339156227,-0.09033686670903984,0.04217497385848728,0.0954182300316432,-0.15721471579220744,0.06882906526151765,0.09903361832707987,0.1788557876967448,-0.14451301608130182,0.049333989434044795,-0.20043876735078833,-0.15598452695822143
#50,-0.12108817036748475,0.29148640983057567,-0.1959280749595063,-0.20293673412202107,0.04585870597803429,-0.06633451568149044,0.20966518360568348,0.36402654474128443,1.0,-0.07079395020468976,0.12018261469802281,0.3340236059568477,0.38643306747585754,0.3450201272562005,0.11556598937936974,0.09060682481427566,-0.024207382499880397,-0.22706210403296906,-0.12594058187931848,-0.021391616946534627,0.14322815218802754,0.08504363753169444,-0.09408894265269718,-0.15533526062917324,0.10675305326034212,-0.16705280927289007,0.007077002986625114,-0.343998387085751,-0.11949917645691947,-0.17972717145415154,-0.09198053567889337,-0.37216629419282526,0.07926175001196017,-0.12494959642971863,-0.27129080980597187,-0.29329752116949953,-0.1374770193891429,-0.08672147841360316,-0.2646067838079812,-0.21384440845003042,-0.039297698863442206,0.04364778326806498,0.007668177065179505,0.05560453529616796,0.14764999760796615,0.3384215310383477,-0.21161639978403352,-0.2961747961645446,-0.1512585515209918,-0.06997724150657125,-0.05592233407828102,-0.14733903320826414,-0.032548746232546694,-0.3689883063716947,-0.1470246516173566,-0.2593306405866634,0.09033344951783433,0.10105659552074577,-0.04494289873495581,-0.09577703510822244,-0.1643258906908877,-0.04074317074337577,0.16748337536478516,0.23557091013470569,-0.20647010982852534,-0.0835605765485002,0.2536683547591222,0.14421913763762736,-0.01367218201327237,0.0014693922183721868,-0.15782297582678942,-0.11087076866298977,0.09404793635823099,0.104477203917468,-0.19127044334638701,-0.02697189018514342,-0.011949917645691947,-0.11768123073558458,0.07122451629658486,-0.1902042796902658,0.0920898857974699,0.24736705417614938,0.16885025184699184,0.2849903293488884,0.28308695384741556,0.15469624587374162,0.10224236086906006,0.12376724827260985,0.008587401499463502,0.05028396858917844,0.06408600386826044,0.0597222506988156,-0.0013497905261791018,-0.0677970735174516,-0.10342129183496333,0.037165371551199776,-0.05725503864843253,-0.09203521073818165,-0.3887294199659648,0.03882954366828641,-0.1573548206316336,-0.1553284262467622,-0.36252639780206264,-0.019491658636267332,0.051274954038778284,-0.05008577149925847,-0.02143945762341186,-0.11084343113334563,0.17666536813400857,-0.051151935155379684,-0.005426499634360541
#51,0.3422248648500878,0.2388719168392348,0.5373020591994204,0.5484660228678435,0.04215447071125418,0.07475789200308915,0.14685720924828627,0.18911077850450045,-0.07079395020468976,1.0,0.2383559209672018,0.0028533546566064556,-0.04425946049385247,0.05029080297158947,0.06106178965137815,0.06721956820371927,0.5427148900689589,0.22176204047321263,-0.0025458074481099517,0.13368393715101934,0.05968466159555492,0.033532897299735506,0.3469576746697285,0.17539075581435085,0.325091068145627,0.11801611547372522,0.4097690662183312,0.1598664561676884,-0.21299352783985676,-0.2283572194998599,0.06396640217606736,0.12510337003396688,0.17255106992256644,0.058481810291213035,-0.014758848816626686,-0.20987021507801448,-0.10808575783049365,-0.12266691270443346,0.2619311230940616,0.11106554856170422,-0.16083010408764412,-0.45004066457534564,-0.28984615805192765,-0.4607091355189688,-0.33701706545288035,-0.2657105365673631,0.354632686117319,0.11917112610118986,0.23311053246673363,0.15882079565880028,0.20552354786459723,0.20010729980385322,0.26265898482083666,0.01856218262836679,0.1817193939269678,0.08591843848030672,-0.10056793717835688,-0.011823481571087828,-0.35111981355804783,-0.10260800032805036,0.18600113450748024,0.2708978328173375,-0.027569898646108846,-0.25222630007039415,0.2579637641044567,0.24775319678237276,-0.02439532801618382,-0.16789002111824164,0.16269247329465072,0.2945994710188014,0.2647503058386129,0.2855268283681545,-0.036844155577881205,-0.01507664759873974,0.05938053157826393,0.3434140473896076,0.18485637545363212,0.3170128281357855,-0.09211380613590853,-0.13403590784518757,-0.38387017407172,-0.1389088225042544,-0.31770310075929986,-0.35398341978827086,-0.27600653366958494,-0.10095749697578578,-0.03438377790990917,0.0397863572058311,-0.1310185280107163,-0.3961754796027857,-0.4224707659292368,-0.33133085928690054,-0.2672619413746677,-0.27467724629063894,-0.3361422645042681,0.1837697086502778,0.2574067619379575,0.5012814467020688,0.3495581571771267,0.17015220169629372,0.30676125451923536,0.19003342012998994,0.10685215180530211,0.3763010955515005,0.24658793458129155,0.4201026524238137,0.27768095736028814,0.23419036488767692,0.19764008775347017,-0.33141287187583296,-0.1167654234925061
#52,0.38193946104060306,0.17357281009301595,0.21028711240508752,0.1580040869606818,0.3360910066361853,0.014492307902596382,0.37459933433115317,0.4987903143132471,0.12018261469802281,0.2383559209672018,1.0,0.11071016067633048,0.21740512168617881,0.25392806129074147,0.27393913299024736,0.2946063054012124,0.38314572953615045,0.17306706579459946,0.13913777431502403,0.07032237781832845,-0.08118221146946056,-0.10334611362844197,0.18105304164189204,0.24005084780513808,0.42628093412338797,0.17878744387263446,-0.10801057962397229,-0.15802800729912042,-0.12352804488822368,-0.1063805794189408,0.10176395410028773,0.024128787102153514,0.19367272876386527,0.1578161414443784,-0.023961344733083194,-0.09590005399162105,-0.02287467792972888,0.062018603188922834,0.025355558744934014,0.10368783274899364,-0.3693915349339457,-0.24958822845973525,-0.34080673049979837,-0.16866914071309946,-0.17013853293147166,0.02734436402654474,-0.01974453078547557,-0.19158482493729453,-0.13741209275623809,-0.31947320580375754,-0.026144929913408374,-0.3261674833753648,-0.012038764617035382,0.07771717958706661,-0.02366746628940876,0.2656285239784307,-0.13665689349981888,-0.032603421291834966,-0.2130276997519119,-0.29455504753312967,-0.06742118248484476,0.02115924794455949,-0.04743061393257198,-0.07984267251689801,-0.20506906143426348,-0.2078916613700203,-0.0731757324749349,0.18630868171597673,0.37173572810093014,0.1952138819975533,0.34397104955610686,0.2869620486744715,0.34814002282683726,0.1982415134056411,0.07616235758855651,0.14668293249680492,0.1758315734798625,0.03460589533826776,0.11354984656811487,0.1568012356563399,-0.09565059903361833,-0.07555068036276902,0.17845597632569932,0.07628879366316063,0.05077604412277285,-0.2566071391958666,-0.09290659449558841,0.16027310192114488,-0.2349626501001237,-0.29437393639923726,-0.19879851557214032,-0.4008638659367546,-0.40444166512893065,-0.25083892044095435,-0.30802219807407105,0.2563303467082197,0.19004708889481203,0.017007360629856683,0.0006458491378426588,-0.019044006588344643,-0.04570493237378604,0.0006663522850757592,0.1340598281836262,0.12165884129880604,0.24854598514205264,0.3114086345587381,0.3015602895044389,0.0015684907633321714,-0.11904127283538023,-0.193313923687286,-0.24415831163416918
#53,-0.23965787081650367,0.0037862478557125186,0.03118528694154553,0.0013087842317129012,0.43960797982490313,0.3147848194697886,0.20597119991251991,0.08670439245757557,0.3340236059568477,0.0028533546566064556,0.11071016067633048,1.0,0.46392471244336003,0.5557890636212659,-0.04122841189455915,0.011440756156069957,-0.06836091006636186,-0.13939064646423227,0.017420840765724206,0.06752369822101026,-0.02376998202557426,0.04190843294445697,0.06366568934998189,-0.02771000348553503,-0.04810721779126429,-0.05249489129914775,0.057097847852978764,-0.1385773549573193,0.0030447173641153917,-0.033327865827404504,-0.10002460377667972,-0.09101005337652664,0.1420731415605629,0.1083625503181405,-0.2172752684203692,-0.19735646088341227,-0.11591112569112692,-0.022235663174297253,-0.09062732796150876,0.0010456605088881143,0.08894265269718901,0.051421893260615505,0.003724738414013218,-0.0021049897825982954,0.058430552423130284,0.23369487216287702,0.19361463651337146,0.04509325514799855,0.11873030843567821,-0.014642664315639117,-0.10957223600489342,-0.039523233483006306,-0.06223046904366487,-0.24347487339306584,-0.290840560692733,-0.18890916422337495,-0.015664404486088614,-0.035367928977097986,-0.2201422918417977,-0.16028335349476144,-0.26006533669584947,-0.24725770405757283,0.09939242340365913,0.074320491528783,-0.15378043863066315,-0.07642206412017578,0.33714008433627896,0.199246167620063,-0.007210273443640266,0.016153062828477505,0.06726057449818547,0.02426547475037418,0.09139619598275002,0.17441343912957305,-0.06019040589397139,0.05840321489348615,-0.07150814316664275,-0.09952227666946876,-0.03738748897955836,-0.16641379451745844,0.10870768662989769,0.36869101073681476,0.07549258811227523,0.3368188683629604,0.33603633157689705,0.13501664172117087,-0.01264360746041184,0.02297719366589438,0.030583861289374587,-0.08471216998475933,0.07955904564684012,0.15458689575516507,0.11304068507849288,-0.17437243283510687,-0.1617835004339833,-0.1424011919162925,0.11249735167681572,0.060665395471538215,-0.0962793622154334,0.09649806245258648,0.03332444863619899,-0.1424490325931697,-0.2723808938005317,0.15541727321810564,0.17089031499668533,0.19912314873666442,0.1742186592308586,-0.11508416541939187,-0.013217695582938649,-0.2515462790204963,-0.26935667958364945
#54,0.21919231268666406,0.3000806457124502,-0.15730356276355087,-0.035097970871862165,0.5187740484831088,0.371192394699253,-0.03243939611397016,0.304847627444146,0.38643306747585754,-0.04425946049385247,0.21740512168617881,0.46392471244336003,1.0,0.12951154668908343,-0.018586102966805403,0.11212146064420889,-0.09205913107662027,-0.1600099781983201,-0.06614998735639253,-0.04386306631401254,-0.08063204368537237,0.09068200302079703,-0.05071795187227906,0.06138300562469672,0.06923571101497414,0.04409543531598767,-0.12412263615798358,-0.2222643675804236,0.16655731654809014,0.16492731634305866,0.02735461560016129,-0.10158626015760086,0.031749123490455784,-0.07491166560733739,0.03819394610406031,0.024139038675770063,0.04544864303337229,0.1794708821137378,0.019204614575003928,-0.034349605997854006,-0.029698808767145757,0.08121638338151572,-0.029018787717247932,0.26347911071016067,0.22599935756805337,0.4031978075301225,-0.16958153076497243,-0.2481495909622127,-0.09538405811958803,-0.13010613795884335,-0.22504937841291972,-0.24045065917618355,-0.22088040514218932,-0.16901427702485664,-0.12995919873700612,-0.0015650735721266548,-0.049142626726535854,0.07129286012069519,0.005040357028137152,0.02203063170196625,-0.07560535542205729,-0.029627047751829907,0.11931464813182156,-0.07057183277633117,-0.22547652731360932,-0.3077624915424518,0.14095572003635892,0.04990466036536608,-0.1308750059800846,-0.04433122150916832,0.011334823228698939,-0.1466350918199277,0.05145606517267067,0.14650182136291254,-0.15046918035251744,-0.10388944703011913,-0.14264722968308968,-0.18373211954701713,0.1516071050239545,0.04930323471319514,0.24353638283476514,0.5344726248812526,0.5610447036953505,0.5518900484557713,0.5076135020058913,-0.03331077987137692,0.1983440291418066,0.1970147417628606,0.04575619024186879,0.11339949015507214,0.19433224666652998,0.041648726412837705,0.08227912984643143,0.0388056233298478,-0.03973168214654283,0.014782769155065302,0.09637504356918787,-0.15071180092810912,-0.14249687327004695,-0.02020243440701481,-0.17383251662463522,-0.03758226887827282,-0.06629692657822976,-0.134838947778484,-0.016494781949029175,0.0108769196071597,0.0807413938039489,-0.051278371229983806,-0.12875976462386976,0.06853176962663769,-0.045927049802144626
#58,-0.3292532070339464,-0.1288246912567746,0.036174386101599926,0.05166451383620719,0.09065124829994738,0.0742999883815499,0.22466665299790184,0.010955515004886583,0.3450201272562005,0.05029080297158947,0.25392806129074147,0.5557890636212659,0.12951154668908343,1.0,0.1866264804980898,-0.031851639226621285,0.032217278685611576,-0.21242627409974096,0.1879557678770358,0.12747490073059548,0.02865656544946316,-0.04510692391282062,0.019009834676289476,-0.1856662497693396,0.07576596340871657,-0.0499490838510378,0.08916818731675312,-0.039653086748815944,-0.11130816913729591,-0.15924452736828437,-0.2735495731928184,-0.23047587804728026,0.05036598117811084,0.05645883309754714,-0.12658984820836666,-0.1892030426670494,0.030997341425242107,-0.07383866756880514,-0.09886275876680403,-0.13450748023154888,0.10493510753900724,0.0731552293277018,0.09545581913490388,0.03928061290741462,0.13610330852452518,0.11749328521928117,0.27515223586820575,0.2780773515401281,0.22949514417129696,0.06105495526896712,0.06594837307526705,0.013412475481653101,0.09769066218331181,-0.3409468353392246,-0.2903450679679331,-0.12396544536252982,0.03322193290003349,0.1649922429759635,-0.21082361142435363,-0.24518688618702972,-0.31872142373854384,-0.36059910196215117,0.23213663297316137,0.16177324886036673,-0.12118043453003369,-0.046183339142558386,0.500628763181815,0.1215904974746957,0.07613843725011789,0.1310766202612101,0.02112507603250432,0.09691837697086503,-0.04302243727745542,-0.08055344828764549,0.047369104490872685,0.04854803545677595,0.017461847060190407,-0.12409529862833946,-0.1381502060566297,-0.2834594276888169,-0.02723159671676269,0.2094669865157635,-0.0004066457534564889,0.19580505607610768,0.2708363233756382,-0.08744934014037821,-0.13957859198053568,0.09471087145210123,0.015223586820576958,-0.07710891955248464,0.11888066484872095,0.10612429007852706,0.15903266151354234,-0.31241328877316,-0.20200042373170948,-0.02797996159077085,-0.013723439881355121,0.0931731354096187,-0.1233708540927699,0.2330182683041847,0.12335035094553681,-0.36067428016867253,-0.3217319691906041,0.36831511970420794,0.1856696669605451,0.21711466043370992,0.1471305845447276,-0.1757119717876694,-0.05978717733172042,-0.3899425228439232,-0.25172397296318316
#101,0.08514615326785994,0.11820406099002864,-0.1820098551794367,-0.08955774711418203,0.048414764999760794,-0.0988149180899268,0.18753887054996277,0.09486122786514396,0.11556598937936974,0.06106178965137815,0.27393913299024736,-0.04122841189455915,-0.018586102966805403,0.1866264804980898,1.0,0.3323594338397611,0.2539519816291801,-0.15894039735099338,0.6194820905008919,0.32538836378050695,0.2910319234002419,-0.01169704549648371,0.12513412475481653,0.02164790628694838,0.2840471845761658,-0.19648849431721102,-0.1359392833466604,-0.3025136858507781,0.2920194916586363,-0.0824568237891183,-0.0723556065856109,-0.043323150103540896,0.04944675674382684,0.09416070366801305,0.35872989837273356,0.10974992994758029,0.5708520424551835,0.14664192620233873,0.2385848727779714,-0.1468196201450256,0.059835018008597654,-0.08008871028369521,0.2089954141294022,0.16237125732133215,-0.3302612784395738,-0.07048298580498773,0.005132621190686104,-0.1121043746881813,-0.2815526349961386,-0.29907257430682277,-0.05634606578776509,-0.16088136195572686,-0.29050909314579787,0.13896349756354268,-0.020605662969265783,0.23390673801761905,-0.30663481844463125,-0.15760769278084186,-0.35142736076654435,-0.3954783725968603,-0.46972710311032745,-0.35889050635939285,0.07967864733903321,-0.012062684955473999,-0.3629501295115467,-0.04616967037773632,0.06848392894976045,0.21023585453700477,0.5922915000785954,0.18201668956184774,0.11462967898905815,0.33227742125082865,0.24712101640935216,-0.05627430477244924,0.1882462291295047,0.11839542369753757,-0.08892556674116144,-0.3118597037978663,0.14918089926803765,-0.033321031444993474,-0.02474729871035204,-0.22746874978642556,0.08625332321844736,0.0839091300514629,-0.14296161127399723,-0.5457766933891018,-0.5873468244042127,-0.12287194417676446,-0.18861870297090602,-0.053168077966634544,-0.030730800511211805,-0.49720132040268183,-0.4756285923222548,-0.6515250924350221,-0.6338308763728566,0.006482411716865206,-0.24544317552744346,-0.19898304389723823,-0.16163656121214606,-0.14870932688167635,-0.08109678168932265,-0.12852739562189464,0.03397029777404165,-0.017642958194082792,0.02602532822121529,-0.05228985982681675,0.14136578298102093,-0.3494283039113171,-0.061437680683984995,-0.4640989891948414,-0.38526438808357083
#102,0.117869176251888,0.20459748904790218,0.16681360588850389,0.11661848427066888,0.18874172185430463,-0.1532644427586301,0.021207088621436724,0.1487605847497591,0.09060682481427566,0.06721956820371927,0.2946063054012124,0.011440756156069957,0.11212146064420889,-0.031851639226621285,0.3323594338397611,1.0,-0.20962417731121727,-0.10488726686213,0.3904585187159562,0.7040199837341699,-0.14425330954968255,0.5089462065760427,-0.10465831505136039,0.5807311422303324,-0.0398683697947635,0.4621306870604638,-0.414734245039947,0.09534305182512182,-0.00409721225541454,0.17036748474224125,-0.1615784689616523,0.0465148066894935,-0.15452196912226027,0.3137630792993391,-0.0033898536758725797,0.1433067475857544,0.05340728135102071,0.6041286504145053,0.006420902275165905,0.3870413275104395,-0.01121863872771137,-0.011642370437195442,-0.007640839535535371,0.22013545745938667,-0.2069724369357363,0.4614233284809218,-0.01904742377955016,-0.2910319234002419,-0.2692302435090453,-0.36328501424968734,-0.2853081281310014,-0.3714999419077495,-0.43713393339210904,-0.043548684723105,-0.41710235854537003,0.2834150042031452,-0.5240946151900984,0.13672523732392922,-0.26145613351649477,-0.3891975751611206,-0.3181199980863729,-0.17776912089339048,0.2851919436300139,0.3109814856580485,-0.21699847593272234,-0.1013504739644202,0.08572365858159227,0.3624238820658971,0.19277400747681436,0.512154949118023,-0.05866292142510542,0.21222124262740996,0.189127864460528,0.1918821205721745,-0.049012773460726224,0.017516522119478673,-0.3019464321106623,-0.4214490257587873,0.005904906403132881,0.5398376150739138,0.05894313110395779,-0.033010067045291455,0.21234084431960307,0.02130276997519119,-0.03962233202796629,-0.27274653325952203,-0.30968295299995213,-0.33884867993903733,-0.015719079545376883,-0.11797852637046453,-0.10828737211161914,-0.404721874807783,-0.2846212726986926,-0.3926455210874869,-0.3797456242866613,-0.28925156678216773,0.47915171645514254,-0.23985606790642364,-0.15735823782283914,-0.21456543579439444,-0.4333271823891634,-0.3354793294103978,-0.12989427210410132,-0.27275678483313853,-0.1647086161059056,-0.16292484229662588,-0.2508218344849268,-0.3082819046056903,0.02546490886351055,-0.33116683410903575,-0.41294705403946175
#201,0.356266103513556,0.10739548520697927,0.41560904598855924,0.18340065200008202,0.06180332014297528,0.06876072143740732,0.2611349175431762,0.2944491146057587,-0.024207382499880397,0.5427148900689589,0.38314572953615045,-0.06836091006636186,-0.09205913107662027,0.032217278685611576,0.2539519816291801,-0.20962417731121727,1.0,0.40872340570944304,0.017847989666413794,-0.1884478434106302,0.15666796519932477,-0.2860974992994758,0.4879133947060874,0.05335260629173245,0.5302489765512339,-0.10031164783794312,0.27995680670316225,-0.28308353665621006,-0.07229409714391159,-0.16093261982380963,0.21851570882797175,0.2591734497912096,0.4319568887157512,0.10457630246242798,0.14746888647407377,-0.11807762491542452,0.03302715300131904,-0.2578031561177974,0.30480320395847427,-0.05858090883617302,-0.16716899377387762,-0.39019197780192594,-0.22237371769900013,-0.4157867399312461,-0.2600311647837943,-0.420673323355135,0.0879585016300002,-0.10679747674601385,-0.026045831368448392,-0.09726351328262221,0.18786350371448685,-0.016525536669878826,0.20836665094758713,0.204556482753436,0.2899623425529152,0.18359543189879646,-0.01579425775189825,-0.25845925682925663,-0.2323450816366979,-0.13145251129381694,0.0755882694660297,0.15924111017707884,-0.38667910524265475,-0.4658349223272439,0.09538747531079354,-0.022755076237535796,-0.2662880418810954,-0.21082702861555916,0.31286435801228824,-0.03441794982196434,0.3851789583034329,0.1570233530846985,0.19213840991258824,-0.08324961214879817,0.12188437591837013,0.27482418551247617,0.2941278986324401,0.2998892830049413,0.0603544310718362,-0.18531427907517137,-0.3167292012657276,-0.1931738188478598,-0.1482104169656709,-0.3147814022785831,-0.23527703169103123,-0.2303836138847313,-0.03249407117325843,0.31504452600140787,-0.12173060231412189,-0.32325945365947006,-0.28614533997635305,-0.3211305435384331,-0.2945447959595131,-0.1602970222595835,-0.27966976264189886,0.4490018384488686,0.06611239825313185,0.45186886187029707,0.3119280476219766,0.21725476527313609,0.37725790908904516,0.3273600831060901,0.35147178425221604,0.3765915568039694,0.406362126586431,0.5087411751037118,0.5809395908938689,0.183803880562333,0.14314955679030064,-0.11782475276621628,-0.010716311620500414
