,#10,#11,#12,#13,#17,#18,#26,#49,#50,#51,#52,#53,#54,#58,#101,#102,#201,#202,#301,#302,#401,#402,#501,#502,#601,#602,#701,#702,#801,#802,#901,#902,#1001,#1002,#1101,#1102,#1201,#1202,#1301,#1302,#1401,#1402,#1501,#1502,#1601,#1602,#1701,#1702,#1801,#1802,#1901,#1902,#2001,#2002,#2101,#2102,#2201,#2202,#2301,#2302,#2401,#2402,#2501,#2502,#2601,#2602,#2701,#2702,#2801,#2802,#2901,#2902,#3001,#3002,#3101,#3102,#3201,#3202,#3301,#3302,#3401,#3402,#3455,#3501,#3502,#3601,#3602,#3701,#3702,#3801,#3802,#3901,#3902,#4001,#4002,#4101,#4102,#4201,#4202,#4301,#4302,#4401,#4402,#4501,#4502,#4601,#4602,#4701,#4702,#4801,#4802
#10,1.0,0.3595363554972355,0.45277783473096456,0.4693922183721868,0.41687340673460044,0.6301778989741592,0.33250295587039275,0.732471517711302,-0.04834642117565046,0.5948783138211715,0.628602573828416,0.04071583321373164,0.5790840560692733,0.3125021357445035,-0.17326184569331393,-0.17042899418394056,0.29531024678954887,0.012763209152604925,0.17628605991019622,0.03641017229478058,0.06455415906341623,-0.13546429376909355,0.15791523998933837,-0.0036324742514642666,0.04239367409564035,-0.15402647639746034,0.19340618784983496,0.1579254915629549,-0.008672831279601419,0.27296865068788057,0.5524504678134761,0.17455696116020475,0.30179265850641407,0.17267750599717058,0.10626097772674772,0.24472214818307944,0.047034219752732045,0.09482022157067777,0.16498882578475796,0.23787067981601842,-0.4819708991996938,-0.22319384358832414,-0.32047444282697396,-0.22926277516932184,-0.02734436402654474,0.06618074207724219,0.15984937021166082,0.21548466022867843,-0.12179894613823222,0.15658595261039235,0.17518230715081431,-0.0652034253924644,0.13795542615791523,-0.07861590087411752,0.016484530375412625,-0.1369678578995209,-0.042260403638625196,-0.31434058461307146,0.17277660454213056,0.025652854379813968,0.12084213260068753,0.1050512920399948,0.07298436976742596,0.022560296338821343,0.20651111612299156,-0.18214996001886288,0.15588201122205592,0.1754659340208722,0.03295539198600318,-0.03798208024931827,0.13398464997710482,0.3509352852329499,0.27452005549518516,0.27202208872395245,-0.19341985661465702,-0.17651501172096584,-0.27698385035436274,0.037520759436573514,-0.05807858172896206,0.02388274933535631,-0.37539553988203855,0.3046323443981985,0.14412687347507844,-0.02859163881655834,0.17457404711623234,0.2762423198627656,0.1046412290953328,0.06037835141027481,-0.46905391644284067,-0.2903724054975772,-0.1723597072150575,0.09381898454746136,0.16594222213109713,0.10177420567390427,0.057142271338650484,-0.16596614246953573,-0.2645111024542267,-0.027617739322986078,0.043962164858972516,-0.43175869162583125,-0.47959253412065417,0.2722817952555717,0.29829003752075944,0.13441863326020545,-0.08295231651391823,0.2849732433928608,0.20835981656517608,0.06962868800360855,-0.09397959253412065,0.07083837369036147,-0.05631531106691544
#11,0.3595363554972355,1.0,0.1394589902883426,0.18322979243980617,0.10992762389026715,0.08925703428809656,0.4035429438418797,0.24240870973694462,0.3057702690696355,0.18820864002624402,0.12386634681756983,-0.29226211223422793,-0.03077522399688352,0.24902439191082498,0.24576780869196754,-0.012035347425829864,0.04272855883378099,0.08350590148921193,0.2690252120367143,0.1238595124351588,0.12683588597516385,-0.21003082306467377,0.08252858480443415,-0.11277072697325706,0.12189121030078116,-0.0193002959287584,0.16531687614048757,-0.24665969559660741,-0.0954011440756156,-0.002480880815205134,0.3240009841510672,-0.08416200220067113,0.1938059992208804,0.27328986666119914,0.26537906902042796,0.06643703141765595,0.14304704105413515,0.09049064031328809,0.44646286538316965,0.26478447775066805,-0.27758527600653365,-0.2738947095045756,-0.1898557261873031,-0.3675975095510494,-0.2411375146084924,0.11045045414471122,-0.005112118043453003,-0.10742965711903443,0.01446155318174673,0.09643313581968166,0.08540927699068473,-0.00294220162794989,0.04457042489355449,-0.016101804960394754,0.2962431399886549,0.10959273915212651,0.08480443414730827,-0.0948475591003219,0.04807988026162016,-0.03746608437728525,0.03122287604480621,0.0457766933891019,0.4213772647434715,0.46799116997792495,-0.013521825600229635,-0.1499873563925396,0.4627013579917851,0.3595431898796465,0.239422084623323,0.21131910414915356,0.08764753723029818,0.5124488275616974,0.11175923837642411,0.08362892037261054,0.04488822367566755,-0.029794490120900224,-0.021415537284973245,-0.019160191089332212,0.3780404458751085,-0.11629043391493928,-0.43754741352797655,-0.2049050362563987,0.035484113478085555,-0.24605826994443647,-0.19489266602423472,-0.16455142531045183,-0.05446319343352538,-0.22777629699492205,-0.33023052371872413,-0.3658581592274414,-0.41700326000041005,-0.26942160621655425,-0.1605396428351752,-0.08883330257861248,0.05145606517267067,-0.2575844558806443,-0.06735283866073442,-0.0840526520820946,-0.06437646512072936,-0.07062992502682496,-0.14929024938661417,0.1281754249277264,0.17949821964338192,0.1525058263110054,0.1756128732427094,0.13057771034520466,0.23877623548548035,0.11574710051326212,-0.22882537469501568,-0.06368960968842051,-0.015445704248935545
#12,0.45277783473096456,0.1394589902883426,1.0,0.6382834765136448,-0.009855179436710201,0.28672284529008535,0.2949104354185034,0.23239975669598617,-0.18874855623671566,0.422610870768663,0.2688782728148771,0.1295047123066724,0.16766448649867755,0.08035525119772552,-0.21335916729884705,-0.012530840150629788,0.4864371681053042,0.4370519208031766,-0.3061564116758589,-0.16510842747695104,-0.043220634367375395,-0.12192538221283633,0.13746335062432083,0.08291131021945201,0.04341199707488433,0.2089134015404698,0.23812696915643217,0.3214756798501903,-0.2591051059670993,-0.08761678250944853,0.3735126675277988,-0.20904325480627944,0.44752902903929087,0.39103944122089407,-0.17650476014734928,-0.027668997191068828,-0.24722353214551768,-0.09327906833698973,0.09443066177324887,0.1929653701843233,-0.40321831067735564,-0.2990042304827124,-0.4066799253685441,-0.38181302496599895,0.10369124994019915,-0.047905603510138804,0.3601377811494064,0.08987212870508957,0.19247329465072888,0.04021008891531517,0.36951113662613877,0.16798570247199612,0.43331351362434134,0.25449531503085726,0.4014242852944594,0.3405811958802343,0.1606592445273683,0.1330790943076429,0.13647919955713203,0.18356809436915233,0.07323040753422316,0.08379977993288637,-0.0793095906888374,0.006745535439689992,0.08721013675599204,0.3442000013668765,-0.06703503987862137,0.01978553707994177,0.16594222213109713,0.15289196891722878,0.38452969197438475,0.2936187371428181,0.34331494884464764,0.37151019348136605,-0.17201457090330033,0.15023681135054232,-0.08425426636322009,0.240440407602567,-0.15884813318844443,-0.17935811480395575,-0.35754071583321373,-0.04641912533573904,-0.049726966422679215,-0.20589260451479302,-0.11853894572816927,0.06644044860886146,-0.09833651132115447,-0.05160983877691892,-0.42173948701125624,-0.2957715676022936,-0.2999815471674902,0.023236900197513653,-0.030867488159432473,-0.006229539567656968,-0.024614028253336886,0.04852411511833733,0.07621703264784478,0.31712901263677307,0.40995359454342906,0.09176866982415134,-0.03630423936740956,0.3094950074836487,0.10407739254642254,0.39686575222630005,0.15343188512770042,0.4991388678162098,0.39356816271297645,0.10106684709436232,-0.1361443148189914,0.02616885025184699,0.043955330476561486
#13,0.4693922183721868,0.18322979243980617,0.6382834765136448,1.0,0.22576015418366718,0.3393783445758924,0.33533580737976615,0.11995024569604767,-0.2705116902111141,0.22484776413179422,0.3407349694844825,0.2572734914809423,0.21534455538925226,0.14960463097752172,-0.04820973352742979,0.17319008467799807,0.37940732235731517,0.31855398136947355,-0.06524443168693062,0.010924760284036933,-0.16468127857626147,0.05784621272698692,-0.049603947539280616,0.05932927371018118,0.01312201422918418,0.19267490893185438,0.14554159063416233,0.1425652170941573,0.05427524791722196,0.1789993097273765,0.39430627601336804,0.08790040937950643,0.5027747592588796,0.4295648548718895,0.11563091601227456,0.1755650325658322,-0.022239080365502772,0.04801153643750983,0.24880569167367192,0.2776331166834109,-0.358408682399415,-0.1942980747544748,-0.3131992427504289,-0.26884751809402746,-0.08792432971794503,-0.11531653442136701,0.4346598869593149,0.34963333538364805,-0.0007176101531585098,-0.05210874869292437,0.2920229088498418,0.05948988169684046,0.28526712183653524,0.23585111981355805,0.17900614410978752,0.28551315960333246,-0.18369453044375644,0.055768560474032766,0.040541556462250286,0.06371353002685912,-0.04125233223299776,0.013180106479677964,-0.0063047177741783365,0.09116040978956937,0.11751037117530874,0.02802096788523705,0.06769114059008058,0.30274947204395875,0.18382096651836058,0.025061680301259576,0.318536895413446,0.216824199181241,0.20868444972970018,0.12203131514020736,-0.10629514963880289,-0.13706012206206986,-0.173381447385507,0.06520684258366993,-0.05987602430306385,0.20684258366992667,-0.20974719619461588,0.18632918486320985,-0.09678168932264436,-0.03703210109418462,0.08378269397685878,0.031407404369904114,-0.0880370970277271,0.036013778114940644,-0.43571579904181956,-0.13086817159767358,-0.17729413131582364,0.0003588050765792549,-0.12182286647667083,-0.06645411737368352,-0.09853812560227995,0.13488678845536123,0.15711903443845296,0.054958686158325304,0.2080966928423513,-0.04559558225520951,-0.1429752800388193,0.32617431775777583,0.1969361463651337,0.2739288814166308,0.30404458751084956,0.5057853047109397,0.5695261722674431,-0.08524183462161442,-0.13574108625674042,-0.13953416849486397,-0.14674785912970975
#17,0.41687340673460044,0.10992762389026715,-0.009855179436710201,0.22576015418366718,1.0,0.6693525789542027,0.25380504240734286,0.356067906423636,0.08269944436470998,0.10217401704494973,0.27254833616960206,0.22808726139462407,0.5131801064796779,0.20648719578455293,-0.0802493182703545,-0.12915957599491523,-0.0868957551650845,-0.12492567609128001,0.16284966409010448,0.04489164086687306,-0.12796014188177884,-0.18584052652082095,0.02944935380914304,0.05646225028875266,-0.01315276895003383,-0.2701426335609183,0.002767924876468538,0.12714343318366036,0.18339723480887649,0.47380722940971437,0.45082661855261447,0.4594106028608725,0.19751365167886603,0.2372931745022861,0.35563734033174094,0.3039078998626289,0.006127023831491467,0.14245244978437524,0.12611827582200535,0.26060525290632114,-0.3526199604972697,-0.07535931765526008,-0.15771020851700737,-0.1936419740430156,-0.12547926106657373,-0.037964994293290685,0.2297890226149714,0.06125998674129812,-0.13388555143214484,-0.09488173101237707,-0.037893233277974836,-0.2196707194554364,-0.07786753600010934,-0.3073763489362284,-0.3247390974514588,-0.4164189203042667,-0.20649403016696397,-0.3327319076811624,0.09086311415468941,-0.013873796294397858,0.08062862649416686,0.11241875627908884,0.1841524340652957,0.0716824199181241,0.10099508607904646,-0.3312761842276123,0.26905254956635843,0.2626692363944532,0.010415598794414943,-0.08359133126934984,-0.0928416678626836,-0.0020639834881320948,0.16944484311675176,0.10256699403358416,-0.02115924794455949,-0.16686486375658663,-0.1378221557009001,-0.11261353617780329,0.059872607111858336,0.11546689083440975,-0.18287098736322693,0.48927685399708853,0.0965459031294637,0.07651432828272473,0.4671027002644906,0.22873652772367226,0.24254198019395978,0.20825388363780506,-0.3114667268092319,-0.18056780049070867,-0.005173627485152304,-0.050738455019512164,0.19225801160478134,0.18163054695562436,0.1232683383566044,-0.22310841380818622,-0.31945611984773,0.015039058495479056,0.10986953163977337,-0.2134104251669298,-0.3004702055098791,0.25102003157484676,0.5537114113683117,0.185133167941279,0.030143043623862928,0.1327920502463795,0.1376205414197746,0.04959027877445855,-0.02459010791489827,0.0830719182061113,-0.005241971309262639
#18,0.6301778989741592,0.08925703428809656,0.28672284529008535,0.3393783445758924,0.6693525789542027,1.0,0.29800641065070155,0.6628291609428714,-0.021466795153055995,0.4735680260253282,0.5492178049330573,0.2654303268885107,0.8215952815423834,0.46856184090924624,-0.1604405442902152,-0.14542198894196925,0.11873372562688372,-0.08088491583458061,0.029186230086318248,-0.10585433197329124,-0.02871807489116246,-0.17105434017455012,0.1776529363924029,-0.021685495390209062,-0.016689561847743627,-0.29455163034192416,-0.013795200896670972,0.13477060395437365,0.1435903744558123,0.4140713099460767,0.5006321803730206,0.22342279539909377,0.1208763045127427,0.10681456270204143,0.08152051339880671,0.17439293598233996,-0.06748952630895509,0.008273019908555963,0.04489164086687306,0.14152639096768022,-0.2809512093439676,-0.03704576985900669,-0.04167948113368736,-0.09769407937451732,0.1781450119259973,0.029521114824458888,0.2087459591713995,0.1104675401007388,-0.17617329260041417,-0.09460493852473022,0.05185245935251061,-0.17616645821800314,0.03634866285308128,-0.10607986659285534,-0.13376936693115726,-0.26490749663406665,-0.19014960463097752,-0.4197951052153172,0.03981027754426971,-0.10688290652615176,0.07670227379902815,0.018524593525106103,0.1855671512243796,0.06763304833958679,0.24841271468503748,-0.18426861856628327,0.26209173108072087,0.20500755199256418,-0.021121658841298806,-0.048561704221598015,0.14676494508573731,0.1877336504486772,0.36584107327141385,0.31016819415113556,-0.15274502969539158,-0.17635782092551205,-0.33233551350132245,-0.10442594604938525,0.08845741154600564,0.009325514799855111,-0.19054941600202296,0.48437318461717205,0.1706613631859157,0.2400098415106719,0.5472870919019402,0.45537148285595175,0.22087698795098382,0.07491849998974842,-0.2663768888524389,0.017711302018193126,0.04321721717616987,0.028612141963791443,0.2351471784252216,0.1848085347767549,0.03276061208728873,-0.1927603387119923,-0.32116813264169386,0.15719421264497432,0.14990192661240168,-0.30060347596689424,-0.30382930446490203,0.30037794134733015,0.2546183339142558,0.17575639527334114,-0.07024719961180707,0.2720289231063635,0.1481113184207109,-0.009475871212897847,-0.18581660618238233,0.05228985982681675,-0.1072587975587586
#26,0.33250295587039275,0.4035429438418797,0.2949104354185034,0.33533580737976615,0.25380504240734286,0.29800641065070155,1.0,0.2053971117899931,0.06787225172397296,0.4112247896718813,0.2971350268932948,-0.04340857988367881,0.19332075806969704,0.481191779604836,-0.019283209972730815,0.020380128349701678,0.1481899138184378,0.041436860558095666,-0.015544802793895529,0.09725326170900567,0.043736630239408415,-0.16650264148880187,-0.0940513535494365,-0.004213396756402108,-0.010323334631865992,-0.08468824964632071,-0.10666762348020421,-0.11479370416692296,-0.1968712197322289,0.045927049802144626,0.3105509195661534,-0.05622304690436649,0.13861152686937445,0.3063375228097513,0.16732276737812588,-0.037681367423232796,-0.14991559537722374,0.09107839720063697,0.16743553468790792,0.3208708370068139,-0.3618532111345758,-0.2995441466931841,-0.23064332041635058,-0.33338117401021056,-0.0861166355702267,0.12892037261052905,0.03390195394993131,-0.21182826563877555,-0.018199960360582017,-0.1484154484380019,0.06087042694386922,-0.12197664008091909,-0.005911740785543914,-0.07928225315919327,0.1521538556168372,-0.004859245894244767,0.05015753251457432,0.08771588105440851,0.13566590805021905,0.09345334508847108,0.15427593135546305,0.17356597571060492,0.5325760837621908,0.5567903006444823,-0.11978622051818287,0.10383477197083085,0.5198880528161073,0.5221433990117483,0.17030939249174748,0.21279191355873125,0.07392751454014858,0.21020509981615512,0.19645773959636137,0.25772797791127605,0.03600352654132409,-0.00837895283592698,-0.033081828060607305,0.10083106090118167,0.28485705889187324,-0.1296003936604269,-0.5516166731593299,-0.07037021849520568,-0.05876885435247644,-0.20995222766694688,-0.015859184384803066,0.06523759730451957,0.16893568162712977,-0.34771287392614764,-0.37049187050212207,-0.3380524743881519,-0.30871588788879095,-0.09581120702027761,-0.13789391671621595,0.12900580239066697,0.11904469002658574,-0.27441753975901967,-0.1428727643026538,-0.05546101326553626,-0.0740539506147527,-0.1995263772989154,-0.2617636807249913,-0.05746007012076354,0.05793505969833036,0.1175001196016922,0.05077604412277285,0.16950293536724553,0.07209590005399162,0.18159295785236368,-0.0024227885647113497,0.16286333285492657,0.1498677547003465
#49,0.732471517711302,0.24240870973694462,0.23239975669598617,0.11995024569604767,0.356067906423636,0.6628291609428714,0.2053971117899931,1.0,0.207731053383361,0.6074638290310896,0.5122198757509278,-0.05915157976749431,0.6969600667035724,0.3369282184815369,-0.1111851502538973,-0.20444029825244842,0.16474278801796075,-0.07896787156828573,0.13547112815150458,-0.11520718430279048,0.14217224010552287,-0.13435712381850615,0.20933713324995387,-0.12436867392478079,0.04968596012821301,-0.335209371305162,0.02777151292723433,-0.007111174898680281,0.12198689165453563,0.29873427237747663,0.4593730137576118,0.09784785297876557,-0.03579849506899309,0.03593859990841928,0.03686807591631982,0.23807229409714392,-0.003113061188225726,0.12510337003396688,-0.010053376526630171,0.05201990172158093,-0.19835428071542316,-0.006977904441665129,-0.11005747715607679,-0.0437332130482029,0.034465790498841575,0.03722004661048804,0.10731347261804687,0.093333743396278,-0.12015869435958419,0.040708998831320606,0.08262768334939413,-0.1715395813257335,0.04879065603236764,-0.16875115330203186,-0.03131514020735516,-0.2566925689760045,-0.06942707372248307,-0.41235246276970183,-0.017150882660488385,-0.24859382581892986,0.16174249413951708,0.0764254813113813,0.16587046111578127,0.0023441931669844654,0.18604897518435748,-0.16619851147151088,0.22658711445540225,0.008782181398177954,0.041939187665306625,0.09031636356180674,-0.022194656879831055,0.29898372733547934,0.38399661014632414,0.36837662914590724,-0.09648097649655889,-0.011843984718320929,-0.2460446011796144,-0.057026086837662915,0.03458197499982914,-0.07650407670910818,-0.2397091286845864,0.2474388151914652,0.3030125957667835,0.03486901906109254,0.29749724916107956,0.34378310403980344,0.12998995345785577,0.05284686199331597,-0.17534974951988463,-0.16964645739787723,-0.03479384085457118,-0.11635194335663858,0.09786493893479316,0.10383818916203637,-0.09765649027125664,-0.22493661110313767,-0.3885619775968945,0.166529979018446,0.0026346544194533862,-0.24190296543852816,-0.3715238622461881,0.04758097034561472,0.22286921042380006,-0.03536109459468695,-0.38523021617151565,0.08453105885086694,-0.08347172957715676,0.13618532111345757,-0.08369042981430982,0.05651009096562989,-0.09848345054299168
#50,-0.04834642117565046,0.3057702690696355,-0.18874855623671566,-0.2705116902111141,0.08269944436470998,-0.021466795153055995,0.06787225172397296,0.207731053383361,1.0,0.08438753682023524,-0.1673090986133038,-0.25367518914153325,-0.031605601459824086,-0.0823543080529528,0.18175356583902297,-0.005761384372501179,0.06063464075068856,0.22649143310164777,-0.06346749226006192,-0.3939372193631722,0.08329745282567541,-0.43204573568709465,0.2518640778026094,-0.07976407711917112,0.40682344739917575,-0.15601528167907108,0.1534660570397556,-0.23944600496176163,-0.033081828060607305,-0.11640661841592684,0.03846390420929613,-0.07023694803819053,-0.08890506359392833,0.13319186161742494,-0.04609790936242047,-0.11041286504145052,-0.21450734354390066,-0.17058618497939435,-0.054094136783329576,0.003113061188225726,-0.059821349243775586,-0.0583109507309372,-0.2571197178766941,-0.2984438111250077,-0.2699683568094369,-0.2926380032668348,-0.018927822087357077,-0.24437359468011674,0.16682727465332595,-0.0891818560815752,0.07652116266513577,-0.07218132983412955,0.11512517171385808,-0.2871739145292136,0.12272158776372173,-0.23232116129825928,0.2536444344206836,-0.13621607583430723,0.05809225049378413,-0.0984663645869641,0.06713755561478688,0.06139667438951879,0.16342716940383684,0.08414149905343804,-0.13574108625674042,-0.0047157238636130645,0.15856792350959206,-0.12990110648651235,0.32714138286893707,0.4309248969716852,0.016112056534011304,0.14556551097260095,0.012568429253890472,0.08552887868287783,0.15055461013265536,0.22422583533239018,0.14942351984362934,0.04432096993555178,0.14668976687921595,-0.33900245354328556,-0.21669434591543135,-0.2923304560583383,0.2002884109377456,-0.26743963531735454,-0.23048954681210232,-0.26154839767904375,-0.019450652341801135,-0.015021972539451473,-0.0012711951284522173,-0.3034910025355559,-0.31941169636205824,-0.37764063450406304,-0.3496435869572646,-0.03612996261592821,0.05335602348293796,-0.11161913353699793,-0.07230093152632262,0.33969956054921097,0.08662237986864317,0.29598685064824115,0.17479958173579643,-0.000751782065213677,0.23934348922559612,0.05660918951058987,0.01441029531366398,-0.13419309864064133,-0.11145169116792761,0.19908897682460924,-0.0448164626603517,0.08805418298375467,0.1702102939467875
#51,0.5948783138211715,0.18820864002624402,0.422610870768663,0.22484776413179422,0.10217401704494973,0.4735680260253282,0.4112247896718813,0.6074638290310896,0.08438753682023524,1.0,0.4836282369343694,0.1263301416767474,0.5904393824452053,0.3867508662579706,0.06963552238601958,0.1565962041840089,0.38177885305394377,-0.019829960565613487,-0.21827308825238007,-0.32250767159425636,0.1636048633465237,-0.17552402627136598,0.28874582248375125,-0.03177646102009992,0.16769182402832167,0.018285390140719934,0.15946322760543744,0.030935831983542807,-0.32939331187337256,-0.11297234125438255,0.2821233059274599,-0.22513139100185212,0.028711240508751425,0.10775087309235301,-0.2632843308114462,-0.03625981588173785,-0.24603434960599785,-0.12163833815157293,-0.1228377722647093,-0.08325302934000368,-0.19865841073271415,-0.2167626897395417,-0.32074098374100424,-0.2799636410855733,-0.05548835079518039,-0.058146925553072396,0.109999384905583,-0.11485521360862226,0.042591871185560314,0.007169267149174065,0.26967447836576247,0.09060682481427566,0.33315563939064646,0.019249038060675648,0.35948851482035826,0.05422740724034473,0.14603708335896226,-0.1583970639493162,0.056954325822347066,-0.09678168932264436,0.051838790587688546,0.005470923120032258,0.2054791243789255,0.19683704782017372,0.11318078991791906,0.23949384563863887,0.18746027515223587,0.0580034035224407,0.11605464772175862,0.17470048319083645,0.28953519365222563,0.4546675414676153,0.2989017147465469,0.4079101142025301,-0.20513740525837382,0.030252393742439463,-0.29370416692295603,0.038074344411867224,0.037558348539834197,-0.26154839767904375,-0.3081110450454145,-0.12327858993022095,0.14066184159268447,0.0978751905084097,-0.023595705274092906,0.24848447570035334,0.0021562476506810464,-0.2923372904407493,-0.268864604050055,-0.17898564096255443,-0.28264613618190393,-0.03940704898201874,-0.14250370765245798,-0.03812218508874445,-0.009667233920406783,-0.09199762163492096,-0.1431768943199448,0.1798399387639336,0.03689883063716947,-0.14734245039946967,-0.21295252154539054,0.009212747490073059,-0.1494201026524238,-0.007586164476247104,-0.18851618723474053,0.16238492608615424,-0.0004784067687723399,-0.014875033317614254,-0.0021904195627362134,0.10613795884334912,0.06218262836678764
#52,0.628602573828416,0.12386634681756983,0.2688782728148771,0.3407349694844825,0.27254833616960206,0.5492178049330573,0.2971350268932948,0.5122198757509278,-0.1673090986133038,0.4836282369343694,1.0,0.2223703005077946,0.5468496914276342,0.42188984342429897,-0.036328159705848184,-0.1454493264716134,0.02143945762341186,-0.19139687942099112,0.09313896349756354,0.04370929270976428,0.23421086803491004,-0.0427524791722196,0.06932455798631756,0.06041935770474101,-0.06065172670671615,-0.09211722332711404,-0.15308674881594325,-0.0056110279594584435,0.11730875689418326,0.31606284898065184,0.21974248047075226,0.19101757119717877,0.026349961385739376,0.028577970051736276,0.13705670487086435,0.15120387646170355,0.0889187323587504,0.1461669366247719,0.13748385377155392,0.04440298252448417,-0.2617295088129361,-0.13352674635556558,-0.06023824657084863,-0.03904140952302845,0.15722155017461847,0.08602095421647223,-0.03392929147957545,0.046911200869333446,-0.3102604583136845,-0.11428454267730097,-0.07206172814193645,-0.08173579644475427,-0.11087418585419528,-0.0888162166225849,-0.07546183339142558,-0.06406208352982183,-0.05849206186482959,-0.176139120688359,0.08756552464136579,0.04175465934020872,0.060009294760079004,-0.005013019498493019,0.043364156398007093,0.0059971705656818326,0.08242606906826865,-0.10322651193624888,0.1753600010935012,0.12247213280571902,-0.04641912533573904,-0.0711937615757352,0.1389874179019813,0.1046617322425659,0.3399661014632413,0.21078602232109295,0.04598855924384393,-0.15584783931000076,-0.1399886549251977,0.015445704248935545,-0.034202666776016785,0.06836432725756737,-0.0852794237248751,0.41123504124549787,0.001766687853252141,0.1950122677164278,0.45958487961235384,0.3901407199338432,0.16818048237071057,0.12225684975977145,-0.24956772531250213,0.06844975703770528,0.049819230585228164,0.18538945728169273,0.351458115487394,0.09085286258107286,-0.022652560501370295,-0.1958118904585187,-0.24752424497160314,-0.19733254054497365,-0.05300405278876974,-0.5080645712450195,-0.4696177529917509,0.032217278685611576,0.0063047177741783365,-0.000656100711459209,-0.01560631223559483,0.12840779392970153,0.0555293570896466,-0.06551097260096092,-0.05500310964399702,0.017465264251395923,-0.1720282396681224
#53,0.04071583321373164,-0.29226211223422793,0.1295047123066724,0.2572734914809423,0.22808726139462407,0.2654303268885107,-0.04340857988367881,-0.05915157976749431,-0.25367518914153325,0.1263301416767474,0.2223703005077946,1.0,0.4314648131821568,0.1444275863011639,-0.015729331118993432,0.1593538774868609,0.21913763762737581,0.08901441371250488,-0.1808650961255886,-0.23662340502600482,-0.08917160450795864,-0.0316705280927289,0.014704173757338419,0.2246564014242853,0.1248402463111421,0.3024385076442567,-0.022382602396134474,0.1628257437516659,0.14639588843554152,0.24321516686144656,0.024545684429226552,0.34896356590736677,0.10707085204245519,0.16552190761281857,0.007815116287016723,0.06339573124474607,-0.20895782502614152,-0.051261285273956216,-0.2140084336278952,-0.18595671102180852,0.1584312358613714,0.2476780185758514,-0.12245162965848591,-0.028827425009738995,-0.02643197397467178,-0.44069806381946297,0.2880999733459086,0.1604405442902152,-0.08923653114086345,-0.2847477087732967,0.19213499272138274,0.021934950348211784,0.25826789412174767,-0.053779755192422035,-0.04240734286046242,0.09062732796150876,-0.25506940315338406,-0.08834122704501808,-0.31620295382007807,-0.2702656524443169,-0.28984957524313315,-0.22877753401813844,-0.14597557391726296,-0.1925382212836337,0.09704139585426363,0.007203439061229232,-0.012510337003396687,0.04820631633622428,0.18200643798823118,-0.09275965527375118,0.5581913490387441,0.0414026886460405,0.3428912171351636,0.11103821103206009,0.10863592561458184,0.0038204197677676856,-0.1049897825982955,-0.1508108994730691,-0.16630102720767637,0.09966579870010046,0.447655465113895,0.2716256945441125,-0.37633526746355567,0.7281111817330627,0.3842358135307103,0.3417737956109596,-0.07302537606189216,0.14495725093801898,0.03790006766038587,0.5167100649949767,0.14611226156548363,0.10788072635816265,0.0018760379718286758,-0.1958494795617794,-0.297288800497543,0.24686814426014395,0.19454752971247752,0.22100342402558792,0.3573527703169103,0.07279984144232807,-0.011276730978205154,0.20151176538932059,-0.07213007196604679,0.1350849855452812,0.2710926127160519,0.3329847798303706,0.21601774205673904,-0.33961071357786754,-0.0983433457035655,-0.25177864802247146,-0.30448882236756675
#54,0.5790840560692733,-0.03077522399688352,0.16766448649867755,0.21534455538925226,0.5131801064796779,0.8215952815423834,0.19332075806969704,0.6969600667035724,-0.031605601459824086,0.5904393824452053,0.5468496914276342,0.4314648131821568,1.0,0.4216267197014742,-0.07443325883856505,-0.08885038853464007,0.1938059992208804,-0.15222561663215303,0.019720610447036952,-0.23497290167374024,0.049193884594618605,-0.1317122178254362,0.15100226218057805,-0.0010524948912991477,0.07130652888551726,-0.24736021979373835,0.05083755356447214,0.12924842296625866,0.16153404547598058,0.35725025458074483,0.3977542219397344,0.243509045305121,-0.009626227625940582,0.051066505375241766,-0.00790054606715464,0.1816168781908023,-0.08912718102228692,-0.026155181487024923,-0.09984007545158181,-0.06643703141765595,-0.1292996808343414,0.06366227215877637,-0.11731217408538877,-0.0644858152393059,0.12473431338377107,-0.13959226074535774,0.19152331549559523,0.15224953697059165,-0.2004080126299387,-0.06750661226498267,0.15028806921862506,-0.09605041040466378,0.11169089455231378,-0.13801693559961453,-0.09535672058994389,-0.27752376656483435,-0.2129832762662402,-0.48048442102529404,-0.08880938224017387,-0.25535644721464745,-0.039567656968678026,-0.10862225684975978,0.09457760099508608,-0.0477005720378078,0.24073770323744695,-0.16804721191369543,0.12013135682994006,0.051080174140063835,0.01888339860168536,-0.05880644345573712,0.20250616803012597,0.2559442041019963,0.37214579104559214,0.3251423260137098,-0.14773201019689855,-0.15968534503379603,-0.3839795241902965,-0.18474360814385007,-0.02248853532350549,-0.06926304854461826,-0.005153124337919204,0.4047492123374271,0.2145586014119834,0.4681005200965015,0.5179436710201683,0.4629781504794319,0.10485309495007483,0.1048462605676638,-0.20706470109828526,0.07347986249222589,0.05047191410548186,-0.04022375768013724,0.12787812929284645,0.01812136496285513,-0.1363151743792672,-0.10266609257854414,-0.23335998742473638,0.2246598186154908,0.1002467212050383,-0.23043145456160855,-0.26497242326697146,0.17065452880350468,0.13750777410999254,0.008139749451540812,-0.1780185758513932,0.17518230715081431,0.06439696826796247,-0.13067680889016464,-0.1564731853006103,-0.043962164858972516,-0.19117476199263253
#58,0.3125021357445035,0.24902439191082498,0.08035525119772552,0.14960463097752172,0.20648719578455293,0.46856184090924624,0.481191779604836,0.3369282184815369,-0.0823543080529528,0.3867508662579706,0.42188984342429897,0.1444275863011639,0.4216267197014742,1.0,0.1431803115111503,-0.015021972539451473,-0.02042113464416788,-0.20931663010272078,0.22839480860312059,0.17248956048086714,0.03956082258626699,-0.19310547502374947,-0.08563481161024884,-0.1877951598903765,-0.11281515045892877,-0.18311360793881862,-0.217644325070565,-0.2308551862710926,0.1808616789343831,0.29293529890171477,0.19471838927275337,0.03940363179081322,-0.016344425535986442,0.045045414471121314,0.20424551835373397,0.1111441439594311,0.1296448171460986,0.20986679788680895,0.12679487968069766,-0.032244616215255706,-0.037718956526493486,0.06665573165480901,0.06707604617308757,0.05177044676357821,0.13833131719052208,0.02119000266540914,0.04769373765539677,-0.015654152912472064,-0.2660249181582706,-0.2555683130693895,-0.16185867864050466,-0.29686506878805896,-0.12460446011796145,-0.13437762696573924,-0.13783582446572215,-0.15072546969293119,-0.1858302749472044,-0.33450201272562,-0.08079265167203166,-0.1301539786357206,0.10854366145203288,0.11593846322077106,0.5814726727219295,0.5302421421688229,0.13257676720043193,-0.08397405668436772,0.5966928423513009,0.5428037370403024,0.06145476664001258,0.143429766469153,0.13970844524634532,0.19622537059438624,0.14372364491282746,0.06585269172151259,-0.06513508156835407,-0.15109110915192148,-0.1272596176846479,0.059783760140514904,0.5707939502046897,0.11892850552559818,-0.09782051544912145,0.1475782365926503,-0.0003075472084965042,0.2444077665921719,0.37907243761917453,0.39424476657166874,0.3200609626911064,-0.17976476055741222,-0.05964365530108872,0.1794742993049433,0.07537982080249318,0.07304246201791975,0.1350029729563488,0.16212180236332943,0.09017967591358607,-0.11327647127167353,-0.30397966087794476,-0.1883863339689309,-0.07410179129162993,-0.34678681510945264,-0.3512223292942133,-0.04250985859662792,-0.08846766311962219,-0.0689008262768335,0.01454698296188465,0.01017981260123429,0.03208059103739091,0.08552887868287783,-0.08289080707221892,0.01135532637593204,-0.03424025587927747
#101,-0.17326184569331393,0.24576780869196754,-0.21335916729884705,-0.04820973352742979,-0.0802493182703545,-0.1604405442902152,-0.019283209972730815,-0.1111851502538973,0.18175356583902297,0.06963552238601958,-0.036328159705848184,-0.015729331118993432,-0.07443325883856505,0.1431803115111503,1.0,0.5536601535002289,-0.16519044006588346,-0.22147499641194923,0.3083297452825675,0.007203439061229232,0.170312809682953,-0.04347008932537811,-0.10232779064919799,-0.19561711055980427,0.08091225336422474,-0.03062145039263527,-0.11439730998708302,-0.3876735078834601,0.2735803279136681,0.1240645439074898,-0.1590258271311313,-0.0015787423369487217,-0.12802848570588918,0.15469282868253612,0.3159774192005139,0.21097055064619086,0.39588160115911125,0.3177441070537661,0.4953833746813469,0.026821533772100684,0.12039106336155933,0.07956929722045668,-0.03355681763817413,0.020185348450987226,-0.09448191964133161,-0.1547543381242354,-0.07248887704262605,-0.023059206254826783,-0.15260150766475988,-0.1794708821137378,-0.21994751194308326,-0.1566782167729413,-0.07608717938203514,-0.052542731976024985,0.15038033338117401,0.05382076148688824,-0.1688980925238691,-0.17464239094034267,-0.19496784423075608,-0.05430941982927713,-0.3654446790915739,-0.32345423355818453,0.3137938340201888,0.35089427893848374,-0.1561690552833193,-0.18924746615272112,0.28919005734046843,0.22963866620192866,0.28858179730588646,0.18586102966805404,0.04818923038019669,0.14934492444590244,-0.14049781641481968,-0.2900033488473814,-0.050933234918226614,-0.3384010278911146,-0.24964973790143455,-0.26199946691817194,0.46656961843642997,0.18969170100943827,0.1053588392484913,-0.15272452654815846,0.02938442717623822,0.12486074945837519,-0.03963600079278836,-0.3340372747216698,-0.2907995543982668,-0.1542007531489417,-0.02995509810755951,0.0182375494638427,-0.10838988784778464,-0.29234412482316036,-0.17445786261524476,-0.3798002993459496,-0.0951551063088184,-0.22292730267429384,0.05182512182286648,-0.19489608321544025,-0.1434468524251806,0.017595117517205557,-0.12942953410015104,-0.15170278637770898,-0.08143850080987432,-0.28680144068781227,0.0354533587572359,-0.2072423950409721,-0.04948434584708753,-0.3171495157840062,-0.2967933077727431,-0.3328515093733555,-0.1950737771581271
#102,-0.17042899418394056,-0.012035347425829864,-0.012530840150629788,0.17319008467799807,-0.12915957599491523,-0.14542198894196925,0.020380128349701678,-0.20444029825244842,-0.005761384372501179,0.1565962041840089,-0.1454493264716134,0.1593538774868609,-0.08885038853464007,-0.015021972539451473,0.5536601535002289,1.0,-0.13386163109370622,0.03137664964905446,-0.1805165426226259,-0.16452067058960218,-0.07775135149912178,0.13452798337878197,-0.05651350815683541,0.005286394794934356,0.056711705246755374,0.212532207027112,-0.08890506359392833,-0.19816291800791422,-0.07670910818143918,-0.050547092312003224,-0.11163963668423103,-0.13683800463371126,0.06233640197103589,0.23135409618709804,-0.02115924794455949,0.05582665272452655,0.002949036010360924,0.11609565401622482,0.06969361463651337,-0.05230694578284433,0.11830315953498861,0.07511669707966839,-0.07764541857175077,0.007815116287016723,-0.23290550099440263,-0.15100909656298908,0.255373533170675,0.08342730609148505,0.04654897860154867,-0.11823823290208381,-0.018316144861569586,0.03591126237877514,0.12821984841339812,0.2246598186154908,0.08851892098770495,0.18948666953710727,-0.32964960121378634,-0.01687750736404705,-0.2803737040302353,-0.18148360773378713,-0.34458272678189433,-0.24765068104620727,0.049005939078315186,0.256385021767508,-0.11586328501424968,0.10874527573315837,0.10006561007114592,0.14176559435206637,0.34409406843950546,0.21388541474449663,0.27386053759252044,0.21790061441097874,-0.047170907400952714,-0.1485589704686336,-0.20298115760769278,-0.2670671614759532,-0.25392806129074147,-0.1897566276423431,0.11755479466098046,0.14653599327496772,0.09931724519713776,-0.2210615162760817,-0.07813065972293413,0.16398417157033604,-0.10094382821096372,-0.25988080837075156,-0.3532418892966737,-0.45757557118351,0.01760536909082211,0.09782734983153248,-0.11007114592089885,-0.2186045557993152,-0.3024385076442567,-0.4134459639554672,-0.20796683957654166,0.04220572857933693,0.28535255161667317,0.06724690573336341,-0.001920461457500393,0.13002754256111645,0.07490141403372085,0.027443462571504727,-0.30125957667835346,-0.04449182949582761,0.10998229894955543,0.12538016252161374,0.20128281357855096,-0.3826502368113505,-0.2511601364142729,-0.3320040459543873,-0.2323040753422317
#201,0.29531024678954887,0.04272855883378099,0.4864371681053042,0.37940732235731517,-0.0868957551650845,0.11873372562688372,0.1481899138184378,0.16474278801796075,0.06063464075068856,0.38177885305394377,0.02143945762341186,0.21913763762737581,0.1938059992208804,-0.02042113464416788,-0.16519044006588346,-0.13386163109370622,1.0,0.5380470068822231,-0.18804461484837923,-0.2903484851591386,-0.019826543374407972,-0.29288062384242647,0.2871534113819805,-0.04455675612873243,0.27537435329656434,0.10587483512052433,0.46253049843150923,0.3264989509222999,-0.1606626617185738,-0.18248826194820905,0.2858241240030345,0.016546039817111925,0.44481919641331613,0.1949302551274954,-0.17443735946801167,-0.13612381167175827,-0.21818424128103664,-0.2525851051469734,-0.0835400734012671,-0.04980214462920058,-0.21960921001373712,-0.17841497003123313,-0.38847996500796206,-0.3697161680984698,-0.11145510835913312,-0.33701364826167485,0.2680171406310869,0.15427934854666858,0.2183995243269842,0.060716653339620966,0.4442451082907893,0.11141751925587244,0.5375549313486286,0.16971138403078206,0.4943753032757195,0.20877671389224914,0.21086803491002534,-0.03557979483184002,0.028065391370908768,-0.05971541631640457,0.0028909437598671397,0.03484509872265393,-0.10231753907558143,-0.13222821369746923,0.2962123852678053,0.22250015377360424,-0.07759416070366801,-0.029141806600646532,0.16116840601699028,0.01190549416002023,0.514403460931253,0.24936611103137665,0.13833131719052208,0.225209986399579,-0.18355784279553577,0.10629514963880289,-0.0769380599922088,0.16584312358613715,-0.06919128752930241,-0.2775306009472454,-0.3086407096822696,-0.2639985237733992,-0.1475372302981841,-0.047980781716660176,-0.2607487749369528,0.047905603510138804,-0.13818437796868485,-0.02708465749492547,-0.28856129415865334,-0.156001612914249,-0.32965301840499184,0.041525707529439106,-0.2958125738967598,-0.06616365612121461,-0.10628148087398082,0.37584660912116674,0.08874103841606354,0.3854660023646963,0.32648528215747785,0.20689725872921494,0.0895919190262372,0.3978157313814337,0.1351635809430081,0.34042742227598605,0.27573999275555466,0.48097991375009397,0.3955877227154368,0.09138936160033899,-0.00757933009383607,0.0416077201183715,0.04179908282588044
