,#10,#11,#12,#13,#17,#18,#26,#49,#50,#51,#52,#53,#54,#58,#101,#102,#201,#202,#301,#302,#401,#402,#501,#502,#601,#602,#701,#702,#801,#802,#901,#902,#1001,#1002,#1101,#1102,#1201,#1202,#1301,#1302,#1401,#1402,#1501,#1502,#1601,#1602,#1701,#1702,#1801,#1802,#1901,#1902,#2001,#2002,#2101,#2102,#2201,#2202,#2301,#2302,#2401,#2402,#2501,#2502,#2601,#2602,#2701,#2702,#2801,#2802,#2901,#2902,#3001,#3002,#3101,#3102,#3201,#3202,#3301,#3302,#3401,#3402,#3455,#3501,#3502,#3601,#3602,#3701,#3702,#3801,#3802,#3901,#3902,#4001,#4002,#4101,#4102,#4201,#4202,#4301,#4302,#4401,#4402,#4501,#4502,#4601,#4602,#4701,#4702,#4801,#4802
#10,1.0,0.0813325678825033,0.4366452750497201,0.5690477654986708,0.5415291247206446,0.3944156261319446,0.022556879147615824,0.6763578209255121,-0.002802096788523705,0.4412926550892229,0.5042783233893069,0.2770248566488289,0.3250227243215167,-0.0043022437277455425,-0.2888346694550947,-0.2165405723111831,0.5890383340509435,0.31722469399052755,-0.19463637668382097,-0.1441883829167777,-0.09301594461416494,-0.030023441931669843,0.4254198019395977,0.18790109281774753,0.3402975690101764,0.22281111817330626,0.5021254929298314,0.4057026086837663,0.030348075096193933,-0.04643621129176662,0.2949241041833255,0.31067735564075755,0.27186148073729316,0.22634791107101607,-0.07013784949323054,-0.25842850210840695,-0.18085826174317757,-0.2551274954038778,0.015910442252885817,0.06255510220818895,-0.2175657296728381,-0.28437523493189537,-0.3855206774239846,-0.27644393414389107,0.13099802486348322,-0.0985278740286634,0.3907831518804803,0.22650851905767536,0.330401383279,0.17399654180250002,0.3205530382247008,0.38776577204600904,0.4079989611738735,0.19140371380340215,0.4158790040937951,0.24613344815095783,0.17972375426294604,-0.048954681210232436,-0.011727800217333361,0.30731142230332353,0.010931594666447966,0.09983324106917078,-0.43325200418264204,-0.43707925833282074,0.19316015008303775,0.41488118426178416,-0.4642117565046235,-0.3652020585159822,0.08238506277380245,0.08769196071596991,0.4688591365441262,0.37305476390625963,-0.06316336224277093,0.22363807844504133,-0.04118057121768191,0.16429513597003806,-0.11977596894456632,-0.0033249270429677623,-0.3218139817795365,-0.2076661267504562,-0.13098093890745563,0.09094854393482733,0.16566542964345027,0.23717699000129852,0.2492909328248553,0.055768560474032766,0.15077331036980843,-0.2785557583089004,-0.38269807748822776,-0.29778087603113745,-0.24086072212084556,0.2221003424025588,0.16245668710147007,0.11405559086653135,0.09472795740812881,0.3783684962308381,0.3210997888175835,0.40240160197923713,0.32190624594208544,0.21045797196536334,0.2873994491487777,0.21673876940110307,0.15987329055009944,0.32307834252557766,0.29724779420307684,0.3120613180789918,0.30840834068029443,-0.05570363384112795,0.1887793109575653,-0.028892351642643813,0.06564082586677054
#11,0.0813325678825033,1.0,0.1357957613160287,0.0908186906690177,0.1692124741147766,0.16603448629364606,0.2739596361374804,0.04308736391036024,0.3773467560603886,0.19757516112056533,0.1306118822572598,0.09190535747237201,0.06009130734901141,0.16547406693594133,-0.0727041600885736,0.0548151641276936,0.17866784218044138,0.24414806006055262,-0.1202817132429828,0.012407821267231186,0.1781245087787642,0.11267504561950259,0.12179552894702671,-0.03197124091881437,0.142609640579829,-0.10257382841599519,0.13884047868014407,-0.037770214394576236,-0.18123756996698992,0.05464088737621225,-0.14008091908774664,0.181965431693765,-0.06245258647202345,-0.03889788749239675,0.0037623275172739014,0.154262262590641,-0.014304362386292962,-0.2164790628694838,-0.04874623254669592,-0.30948133871882666,0.027986795973181884,0.028396858917843888,0.13545745938668252,-0.04074317074337577,-0.17011461259303304,-0.07091696908808835,0.0685146836706101,0.0076476739179464044,0.004391090699088977,0.013675599204477888,-0.06581851980945742,0.019009834676289476,-0.05273409468353392,-0.04526069751706887,-0.08470533560234829,-0.13139783623452866,-0.1839747401226088,-0.18150752807222575,-0.22581141205174995,-0.2500598008460965,-0.08262426615818862,0.02170941572864768,0.06108570998981677,-0.03965650394002146,0.007712600550851222,0.003222411306802261,0.12024412413972212,0.013200609626911065,0.03732256234665354,-0.1393188854489164,0.18792843034739165,0.1100779803033099,-0.08779105926092988,0.08396380511075116,-0.1523452183243461,-0.09542506441405423,-0.007285451650161633,-0.05040015309016601,0.0570226696464574,-0.15742316445574395,0.23390332082641352,0.046531892645521086,0.176655116560392,0.1321017776228651,0.11942741544160362,-0.03609237351266753,-0.06777657037021849,0.04028868431304205,-0.021248094915902925,0.16572693908514957,0.024426082737033467,-0.13756928355169185,-0.1885298559995626,-0.05448369658075848,-0.17204532562414998,0.17013511574026613,0.05942495506393565,0.26952412195271974,0.05299038402394768,0.11023517109876366,0.016679310274127078,-0.17434509530546272,0.10869401786507563,0.027672414382274347,0.04905377975519242,0.06198443127686767,-0.00510528366104197,-0.0942939741250282,-0.14728094095777036,-0.04794319261339949,-0.18928163806477627
#12,0.4366452750497201,0.1357957613160287,1.0,0.5045243611561041,0.2185464635488214,0.18009281091314183,-0.0318345532705937,0.17189496921110725,-0.11738393510070462,0.4993336477149242,0.3163908993363815,0.06570575249967536,0.10694099877664555,-0.03670405073845502,-0.11007456311210438,-0.109794353433252,0.5062842146269453,0.5990199495622578,-0.20071897702964073,-0.08849500064926633,-0.2137213895666318,-0.05299038402394768,0.48660802766558,0.32255892946233916,0.5225500447652048,0.28576261456133517,0.30982989222178936,0.35722291705110065,0.01320402681811658,-0.21377264743471455,0.34431276867665855,0.001503564130427354,0.5640142428529445,0.21973564608834123,-0.124819743163909,-0.28921056048770155,-0.10398171119266808,-0.35430805295279494,0.08374168768239258,0.2426342443565087,-0.09440674143481025,-0.34583000157190796,-0.09228466569618436,-0.3713598370683233,0.04699663064947136,0.034937362885202876,0.3515196249290933,0.23928881416630787,0.1812068152461403,0.1821260396804243,0.4349025075349066,0.4180523377005037,0.4912314873666441,0.29332144150793815,0.20631291903307158,0.16751754727684032,-0.12411580177557255,-0.2828135785509742,-0.13790416828983248,0.018835557924808125,-0.13511915745733638,-0.06555197889542712,-0.16362536649375678,-0.38052474388151913,0.10585433197329124,-0.014536731388268099,-0.2604343933460453,-0.32221721034178746,0.16115815444337372,-0.05521155830753354,0.221943151607105,0.20993855890212482,0.09487831382117155,0.02673268680075725,0.04064407219841579,-0.026100506427736658,0.003885346400672503,-0.057993151948824144,-0.10311716181767235,-0.2878334324318783,-0.1899172356290024,-0.0732782482111004,-0.10137781149406434,0.027515223586820577,-0.059407869107908066,-0.1791052426547475,-0.24116485213813654,-0.20255059151579768,-0.038029920926195504,-0.24732604788168316,-0.34957182594194874,-0.09675435179300022,0.01167654234925061,-0.18838291677772537,-0.10699909102713934,0.4955200623295676,0.4722797449408484,0.6212897846486102,0.5866633861631094,0.49469310205783257,0.583335041928936,0.44997232075123533,0.23260820535952267,0.5635665908050219,0.598247664349811,0.6757358921261081,0.5738352503775996,-0.1108365967509346,0.10967133454985341,-0.15689349981888887,-0.014147171590839194
#13,0.5690477654986708,0.0908186906690177,0.5045243611561041,1.0,0.3836309706873338,0.34454172048742815,-0.09033686670903984,0.4337714172458806,0.03395321181801406,0.5262816175616291,0.5665190440065884,0.27782447939091987,0.3263793492301068,0.20413275104395193,-0.04912554077050827,-0.06341623439197917,0.3880938224017387,0.18974637606872655,-0.12037397740553175,-0.1297883391767303,-0.22986761801269828,-0.04198019395977282,0.33688721218707074,0.3892830049412585,0.28431030829899057,0.22430101353891155,0.3562490175575284,0.30751645377565456,-0.025075349066081644,-0.13768888524388492,0.15643217900614412,0.059021726501684676,0.2500973899493572,0.1597400200930843,-0.10644550605184562,-0.2542697804112931,-0.13535494365051703,-0.18373553673822265,-0.07078028143986768,0.044406399715689694,-0.23359577361791703,-0.2601097601815212,-0.18512633355886796,-0.3111420936447078,0.11897976339368092,0.03929428167223669,0.38706866504008364,0.25505231719735644,0.4060169902746738,0.11960510938429049,0.23791852049289566,0.20051394555730973,0.297176033187761,-0.05384126463412134,0.1935804646013163,0.02971589472317334,-0.049361326963688924,-0.1682317402387933,-0.03666646163519434,0.09297152112849322,-0.041457363705328765,0.08385103780096911,-0.2377203234029757,-0.315065029148641,0.0019067926926783262,0.12826768909027536,-0.27685057989734757,-0.26667760167852433,0.1352455935319405,0.07302195887068665,0.32235731518121363,0.21512585515209917,-0.06925279697100171,-0.045868957551650845,-0.14394234514998053,0.016546039817111925,-0.07991785072341938,0.09415728647680752,-0.08851208660529392,-0.10169561027617739,-0.16346817569830302,0.09244869087404917,0.09619393243529549,0.06644728299127249,0.2552026736103992,-0.07064701098285253,-0.0010046542144219138,-0.29910674621887795,-0.18776440516952686,-0.23364019710358874,-0.2885715457322699,0.048199481953813246,0.1165808951674082,-0.016962937144184967,0.08700852247486655,0.31726911747619924,0.38238711308852574,0.34454172048742815,0.23867030255810934,0.2136598801249325,0.3188854489164087,0.25639869053233005,-0.026760024330401384,0.38162166225849004,0.4130666557316548,0.37343065493886646,0.3300494125848318,-0.03955057101265044,0.1025772456072007,0.049019607843137254,0.10782946849007989
#17,0.5415291247206446,0.1692124741147766,0.2185464635488214,0.3836309706873338,1.0,0.5415837997799329,0.19128752930241458,0.3732529609961796,0.06320095134603161,0.35054572543552104,0.3190392225206569,0.6464232259651856,0.5696081848563754,0.378248894538645,-0.12004592704980215,-0.24513221112774145,0.24797189701952582,0.1427497454192552,0.03429151374736022,-0.034923694120380815,-0.0036803149283415005,-0.22512455661944109,0.17944012739288814,0.147714924240871,0.22560638057941895,0.14530580444098168,0.10977385028601891,0.046453297247794206,0.20857509961112364,0.020486061277072698,0.29012636773078,0.47592930514834025,0.13299366452750497,0.2936597434372843,0.37871021535138977,0.02164790628694838,0.07846896165228029,-0.0894894032900717,0.30138259556175206,-0.0064072335103438375,-0.3492335240126026,-0.4859621785277373,-0.3295846745808815,-0.3391118036618621,0.2698009144403666,0.03877828580020366,0.12393810783288568,-0.015910442252885817,0.0748911624601043,-0.18083775859594448,-0.08034499962410897,-0.03178329540251095,-0.049224639315468256,-0.220408832755828,0.09937192025642602,-0.16103171836876962,-0.096197349626501,-0.22905090931457978,0.15001811111338925,0.3185266438398294,0.14132477668655472,0.19994669181719393,-0.01714404827807735,-0.13532418892966738,-0.19110983535972773,0.01557555751474518,0.027214510760735108,0.0559804263287748,0.08578516802329157,0.17050075519925642,0.24813933938859614,0.10862909123217081,0.2087732967010436,0.22929011269896596,0.03740799212679146,0.07492533437215947,0.02564260280619742,0.09568818813687902,-0.05386860216376547,-0.11871663967085615,0.21609975464567144,0.4297220456673433,0.5025868137425762,0.389894682167046,0.5682515599477853,0.30543538433149486,0.3162576288793663,-0.12812758425084916,-0.2635918780199427,-0.08702219123968863,-0.19508402873174366,0.45807448109951543,0.2978082135607816,0.10655143897921664,0.28066758247390977,0.08320860585433197,0.07685604740327641,0.05381734429568272,-0.014201846650127461,-0.019498493018678367,-0.04178199686985286,0.11535412352462769,0.18220463507815116,0.1701282813578551,0.14429773303535426,0.12183995243269842,0.1021466795153056,0.08751768396448854,0.14860339395430533,-0.008204676084445629,-0.008607904646696602
#18,0.3944156261319446,0.16603448629364606,0.18009281091314183,0.34454172048742815,0.5415837997799329,1.0,0.1987096686007969,0.15609387707679795,-0.13006513166437714,0.2821301403098709,0.09252386908057053,0.6391206883589965,0.6092441856491638,0.23033235601664856,-0.012407821267231186,0.042783233893069254,0.126764124959848,0.10174686814426015,0.03285971063224872,0.039567656968678026,-0.0034411115439553306,0.01737641728005249,-0.037257635713748724,0.05014386374975225,-0.028943609510726564,0.2223053738748898,0.04419111666974214,0.1513200609626911,0.12393127345047465,0.14961829974234378,0.34432302025027506,0.37921254245860075,0.19442451082907894,0.23457992468510583,0.15701310151108194,-0.03652293960456263,0.10701959417437243,0.15025389730656988,0.28712949104354185,0.08755527306774924,-0.18260786364040213,-0.3342798952972615,-0.06166663249475461,-0.16444549238308082,0.0845652307629221,0.1283565360616188,0.26086154224673486,0.20974377900341035,0.10571764432507057,-0.01183373314470438,0.16439423451499804,0.058727848058010235,0.0488863373861221,-0.06270204143002618,-0.014738345669393586,-0.0009499791551336464,-0.2815560521873441,-0.10461730875689418,-0.011625284481167859,0.19848071679002727,-0.07141929619529931,0.0018760379718286758,0.13776748064161182,0.11285615675339498,0.03230612565695501,0.10882387113088526,-0.02601165945639322,-0.0027132498171802705,0.03339279246030932,0.0031335643354588262,0.15707461095278125,-0.0716209104764248,0.15491494611089468,0.189941155967441,-0.05272042591871186,-0.12029538200780486,-0.14883576295628045,-0.10835571593572947,-0.0925785441398588,0.05770610788756074,0.2714685037486588,0.5358497529370758,0.38582480744127556,0.3601514499142285,0.4721806463958884,0.10709477238089381,0.14667951530559942,-0.24511170798050835,-0.10052351369268515,-0.0647523561533362,-0.11900026654091403,0.24519372056944075,-0.08933221249461792,0.0605594625441672,0.1108365967509346,-0.06048770152885134,-0.016409352168891257,-0.003506038176860148,0.1087521101155694,-0.08368701262310431,-0.030296817228111183,0.08243290345067968,0.2267648083980891,0.03125021357445035,0.14975157019935895,0.10493510753900724,-0.010548869251430094,-0.1418134350289436,-0.01334071446633725,-0.12160758343072328,-0.08656428761814938
#26,0.022556879147615824,0.2739596361374804,-0.0318345532705937,-0.09033686670903984,0.19128752930241458,0.1987096686007969,1.0,-0.010993104108147267,0.008594235881874534,0.2903689883063717,-0.0007005241971309263,0.20168604214080194,0.1575940240160198,0.37598671396059297,0.21683103356365202,0.020745767808691966,0.011543271892235458,-0.06262002884109377,0.16566201245224474,0.20134090582904476,0.3217558895290427,0.024928409844244426,-0.1264155714568853,-0.09211722332711404,-0.08389546128664083,-0.08685474887061831,-0.08346831238595125,-0.17837738092797245,0.0026517403754809698,0.19418530744469276,0.029199898851140316,0.043446168986939496,-0.0800237836507904,0.114086345587381,0.21341725954934082,0.29302072868185264,0.16437714855897048,0.1854236291937479,0.19455094690368305,-0.010388261264770809,-0.11992974254881458,-0.11323888216841285,0.06832673815430669,-0.003793082238123552,0.10945605150390585,0.1355770610788756,-0.09817590333449518,-0.09922839822579432,0.04224673487380313,-0.17193939269677896,-0.11291083181268324,-0.11351225746485419,-0.12123169239811644,-0.24909273573493532,0.005118952425864037,-0.10886146023414595,-0.21124050875142666,0.04855145264798146,-0.15493203206692227,-0.07655533457719094,-0.14259597181500694,-0.11209754030577027,0.27496770754310784,0.2696983987042011,0.034517048366924326,0.0864651890731894,0.4629542301409933,0.5248498144465176,0.12505552935708963,0.1393974808466433,-0.009564718184241282,-0.15280653913709089,0.24886036673296016,0.000584339696143358,0.3000225534619564,0.06817638174126395,-0.09054531537257636,-0.09028560884095709,0.08121638338151572,-0.043446168986939496,0.24063177031007593,0.18988306371694721,0.3328788469029996,0.24089831122410624,0.3440769824834779,-0.05275801502197254,-0.06155044799376704,0.16737060805500312,0.014413712504869497,0.14694605621962972,0.1413213594953492,0.08445929783555109,0.04233899903635208,-0.16390899336381468,-0.06886665436477833,-0.1879147615825696,-0.17590675168638387,-0.1175411258961584,-0.1963620582426069,-0.043350487633185025,-0.10017837738092797,-0.07264948502928532,-0.061741810701275976,-0.08441145715867386,-0.08510856416459926,-0.08810544085183743,-0.07606667623480204,-0.13173613816387483,-0.14653599327496772,-0.269571962629597,-0.35306761254519237
#49,0.6763578209255121,0.04308736391036024,0.17189496921110725,0.4337714172458806,0.3732529609961796,0.15609387707679795,-0.010993104108147267,1.0,0.14220299482637253,0.4354321721717617,0.5209302961337898,0.15760427558963636,0.20904667199748495,0.14620110853682708,-0.08898707618286074,-0.17171044088600934,0.4811336873543422,0.104682235389799,0.008402873174365598,-0.07458361525160778,0.08265160368783275,-0.1648316349893042,0.3071337283606367,0.15801775572550386,0.2698863442205045,0.03587025608430894,0.34660228678435473,0.11650913415209235,0.112042865246482,0.005211216588412988,0.08655745323573835,0.23372220969252114,0.13378645288718485,0.1407062650783562,0.04476862198347446,-0.08316076517745474,-0.02366746628940876,-0.2143535699396524,-0.02138819975532911,-0.06266103513555997,0.006677191615579658,-0.1237194075957326,-0.2699649396182314,-0.15298765027098327,-0.0024398745207389336,-0.060955856724007135,0.31858131889911767,0.103557979483184,0.2298710352039038,-0.04712306672407548,0.08480101695610276,0.08584326027378536,0.15711220005604193,0.024193713735058332,0.42031793546976126,0.18940123975696938,0.06311210437468819,-0.14564068917912232,-0.049115289196891725,0.08311975888298855,-0.002122075738625879,0.09978540039229356,-0.25116355360547843,-0.2590435965254,0.12608410390995017,0.40255195839227986,-0.15740607849971638,-0.12933043555519105,0.17884895331433376,0.19425706846000862,0.3508737757912506,0.3115179846773146,0.09319363855685181,0.1299352783985675,0.01313226580280073,0.12346311825531886,-0.007432390871998852,0.015124488275616974,-0.1870980528844511,-0.21037254218522544,-0.2870850675578701,-0.008129497877924262,-0.008437045086420765,0.031451827855575834,0.23707447426513303,0.06259269131144964,0.08877862751932422,-0.045424722694933674,-0.2010641133413979,-0.1688194971261422,-0.0668368427887014,0.02303186872518265,0.1781450119259973,0.026609667917358647,0.1189524258640368,0.2643436600851564,0.17469364880842542,0.23818847859813147,0.09916688878409502,0.08813277838148156,0.1570028499374654,0.06870604637811904,-0.004394507890294493,0.23938791271126786,0.15762819592807495,0.1735420553721663,0.19831669161216248,-0.03225145059766674,0.14842570001161845,-0.043627280120831884,0.06694277571607242
#50,-0.002802096788523705,0.3773467560603886,-0.11738393510070462,0.03395321181801406,0.06320095134603161,-0.13006513166437714,0.008594235881874534,0.14220299482637253,1.0,-0.010866668033543149,0.08145216957469638,0.01094868062247555,-0.051784115528400274,0.28835626268632236,0.0930466993350146,-0.10900498226477764,-0.029948263725148475,-0.006263711479712135,-0.09430764288985026,-0.23705397111789994,0.132696368892625,-0.1513029750066635,-0.005976667418448732,0.09194978095804372,0.020892707030529187,-0.26551917385985413,-0.20649061297575844,-0.42208462332301344,-0.07987001004654215,-0.046282437687518364,-0.14955679030064448,-0.05373874889795584,-0.13794175739309317,0.024658451739008606,-0.09014892119273642,-0.02859505600776386,0.07663392997491782,-0.010487359809730794,-0.060832837840608535,-0.1932353282895591,-0.014594823638761883,0.1118173306269179,0.04146761527894532,0.004353501595828293,-0.39391671621593916,-0.12640873707447425,-0.0932756511457842,-0.23194527026565245,-0.11703879878894743,-0.33482664589014416,-0.21196153609579071,-0.29531366398075437,-0.3257198313274421,-0.10236196256125316,-0.13370444029825246,-0.1074228227366234,-0.04764931416972505,-0.01729098749991457,0.021405285711356692,-0.27747934307916267,0.27796458423034603,0.2788359679877528,-0.04473786726262481,-0.16451725339839665,-0.24424032422310157,-0.0990780418127516,0.08259351143733897,-0.05169526855705684,0.1701692876523213,0.046313192408368016,0.07480573267996637,0.08784231712901264,-0.0777752718375604,-0.1351054886925143,-0.20399606339573126,-0.04017933419446552,0.2894292607248546,0.2962533915622715,0.024743881519146523,-0.22506304717774178,-0.005911740785543914,-0.06216895960196557,-0.08385787218338014,-0.09570869128411211,0.21874124344753587,0.3313376936693116,0.2530088368564575,-0.03595226867324134,-0.12264640955720037,0.030665873878306986,-0.02735461560016129,-5.809225049378413e-05,-0.0908016047129901,0.3088081520513399,0.10911433238335418,0.18168863920611814,0.10823269705233086,0.0903676214298895,-0.15112869825518216,0.057928225315919325,-0.14310513330462893,-0.06953300664985408,-0.13006854885558267,-0.02131302154880774,-0.0056144451506639605,-0.07558143508361867,-0.09381898454746136,0.22300931526322623,0.06722298539492479,0.3261709005665703,0.1713140467061694
#51,0.4412926550892229,0.19757516112056533,0.4993336477149242,0.5262816175616291,0.35054572543552104,0.2821301403098709,0.2903689883063717,0.4354321721717617,-0.010866668033543149,1.0,0.4769954688044615,0.22618046870194575,0.27265768628817855,0.28383873591262926,0.060402271748713425,-0.07955221126442909,0.4335287966702889,0.17731463446305676,1.708595602758357e-05,-0.007815116287016723,0.05530382247008249,-0.01056253801625216,0.2652013750777411,0.2260677013921637,0.42505757967181296,0.14474538508327695,0.2916128459051798,0.19795105215317219,-0.06384338329266875,-0.09225732816654023,0.15586834245723385,0.1075014181343503,0.1915984937021166,0.25712996945031064,0.08510514697339375,0.035754071583321376,0.07095114100014352,-0.13019156773898127,0.18701262310431319,0.15785714773884457,-0.19386067428016868,-0.2861658431235861,-0.026496900607576597,-0.293697332540545,0.03436669195388159,0.11305777103452047,0.2762389026715601,0.18485637545363212,0.21481830794360268,0.05864241827787232,0.22937554247910388,0.18670507589581667,0.23004872914659066,0.036700633547249506,0.31759375064072337,0.11490305428549949,-0.13435028943609512,-0.04277981670186374,-0.2255790430497748,-0.07065726255646909,-0.1851946773829783,0.01368243358688892,0.12241062336401971,-0.08873078684244698,0.14335117107142614,0.12185020400631497,0.06784491419432882,0.07128260854707864,0.24466405593258564,0.16520752602191102,0.279598001626583,0.14730144410500345,0.1897156213478769,-0.028079060135730836,0.1874226860489752,0.08984137398423991,-0.053895939693409604,-0.023633294377353592,0.05303822470082491,-0.17463555655793164,-0.08104210663003437,0.12342552915205818,0.15693792330456058,0.06018698870276588,0.3323047587804728,-0.1266821123709156,-0.14435240809464253,-0.2204054155646225,-0.09377797825299516,-0.16890834409748562,-0.10433709907804181,-0.03991962766284625,0.09385315645951653,-0.25264319739746716,-0.0744435104121816,0.2802848570588919,0.19156432179006144,0.2554931348628681,0.12738263656804652,0.28403351581134373,0.2831347945242928,0.1145374148265092,0.05644174714151955,0.2109602990725743,0.27805684839289496,0.3356706921179068,0.22553120237289756,-0.14175875996965534,-0.05814350836186688,-0.27966976264189886,-0.22649143310164777
#52,0.5042783233893069,0.1306118822572598,0.3163908993363815,0.5665190440065884,0.3190392225206569,0.09252386908057053,-0.0007005241971309263,0.5209302961337898,0.08145216957469638,0.4769954688044615,1.0,0.1027993630355593,0.16308886747449067,0.1886084513972895,0.012971657816141444,-0.19796130372678872,0.3189811302701631,0.12138204881115917,-0.017574614369972458,0.0035504616625318653,0.09654932032066922,0.06514875033317614,0.42619892153445554,0.21424080262987036,0.3766940725401349,0.13516016375180256,0.4962035005706709,0.22620097184917884,-0.10856074740806047,-0.31994136099891335,-0.04459434523199311,-0.01530559940950936,0.08724089147684169,-0.006263711479712135,-0.11692603147916539,-0.21464403119212133,-0.2198757509277674,-0.3456625592028376,-0.07240003007128261,-0.028472037124365256,-0.05856724007135095,-0.1387242941791565,-0.2880863045810865,-0.31622003977610563,-0.05295621211189251,-0.08353665621006158,0.22562688372665204,0.0036905665019580504,0.321817398970742,0.0072991204149837,-0.01603346113628442,0.06768088901646403,0.1701453673138827,0.16811897292901126,0.4110744332588386,0.1387447973263896,0.08066279840622202,-0.10418332547379357,-0.18291199365769312,-0.07864323840376164,-0.042913087158878885,0.07326799663748386,-0.23190768116239177,-0.32487920229088496,0.02830117756408942,0.057070510323334635,-0.2889986946329595,-0.17036065035983022,0.28040104155987944,0.11608198525140276,0.30777957749847934,0.4114537414826509,0.03883296085949193,0.06760571080994265,0.14230892775374354,0.22512797381064661,0.04352134719346086,0.09631011693628305,-0.0022040883275582803,-0.25893082921561794,-0.13414184077255858,0.028109814856580484,0.19043664869224092,0.14410978751905085,0.06688468346557863,-0.05018145285301294,-0.0827233647031486,-0.25640552491474106,-0.1623405026004825,-0.1740170449497331,-0.240341309057607,-0.08715546169670378,0.13211202919648166,-0.1425310451821021,-0.00874459229491727,0.3800224167743082,0.2696573924097349,0.2591461122615655,0.05094006930063765,0.0671238868499648,0.16534763086133722,0.0033556817638174126,-0.15709511410001437,0.25010764152297377,0.2082197117257499,0.23863613064605416,0.22884587784224877,-0.012192538221283633,0.04073975355217026,-0.10810284378652123,0.050229293529890175
#53,0.2770248566488289,0.09190535747237201,0.06570575249967536,0.27782447939091987,0.6464232259651856,0.6391206883589965,0.20168604214080194,0.15760427558963636,0.01094868062247555,0.22618046870194575,0.1027993630355593,1.0,0.7330421886426233,0.4708206042960928,0.07143979934253242,-0.11726091621730603,0.054784409406843954,0.023609374038914974,-0.023971596306699747,-0.1506263711479712,0.03043350487633185,-0.28922081206131806,-0.0854434489027399,-0.07510302831484633,0.018688618702970904,0.16865205475707187,-0.1394179839938764,-0.12308381003150651,0.29845406269862423,0.1703538159774192,0.2780363452456619,0.4532015664404486,0.09017625872238055,0.3617199406775607,0.4209022751659046,0.19254847285725024,0.1334276478106056,0.15081431666427464,0.3478393100007518,0.11883282417184371,-0.2713557364388767,-0.4666345450693348,-0.3230988456728108,-0.3511129791756368,0.0686957948045025,0.05509195661534046,-0.024514929708376904,-0.17236654159746853,-0.09822716120257793,-0.31843437967728044,-0.1785516576794538,-0.18854010757317916,-0.18248484475700352,-0.24150998844989371,-0.0991634715928895,-0.1574710051326212,-0.14439683158031424,-0.20767296113286723,0.06895208414491624,0.07740279799615908,0.21962629596976468,0.2885510425850368,0.07145688529856,0.05041723904619359,-0.3381310697858788,-0.06875730424620179,0.2608410390995018,0.11033768683492916,0.17569830302284734,0.09373355476732345,0.3276402927849425,-0.020540736336360964,0.2773870789166137,0.2620746451246933,-0.013272370642226914,0.020875621074501603,0.0986713960592951,0.16851878430005673,-0.005419665251949508,-0.06772531250213575,0.37953717562312483,0.5328426246762211,0.4933979865909417,0.471483539389963,0.7083837369036147,0.4055693382267511,0.438159090753764,-0.052563235123258084,-0.16556633109849028,-0.09187801994272787,-0.2872115036324743,0.4801221987575093,0.1288896178896794,0.22209009082894224,0.24749349025075348,-0.056240132860394074,-0.015141574231644557,-0.001072998038532248,-0.035381597741920054,0.03178671259371647,-0.11988873625434837,0.02354103021480464,0.0854844551972061,0.09840827233647031,0.08518374237112063,0.09816906895208415,-0.08446613221796212,0.19621170182956418,0.1372959082552505,0.032842624676221135,-0.09404451916702547
#54,0.3250227243215167,0.06009130734901141,0.10694099877664555,0.3263793492301068,0.5696081848563754,0.6092441856491638,0.1575940240160198,0.20904667199748495,-0.051784115528400274,0.27265768628817855,0.16308886747449067,0.7330421886426233,1.0,0.39193132812553394,0.006848051175855494,-0.11166697421387517,0.1425447139469242,0.11260328460418674,0.016142811254860955,-0.1165603920201751,0.05184562497009958,-0.21487981738530199,-0.03436669195388159,0.04617308756894183,0.09163539936713619,0.1956854543839146,0.0342265871144554,-0.028571135669325242,0.2822326560460364,0.14018343482391213,0.31169226142879597,0.4277981670186374,0.18784300056725375,0.4012055850573063,0.31516071050239547,0.040032394972628296,0.0784894647995134,0.08811910961665949,0.28400276109049405,0.1786541734156193,-0.3355784279553578,-0.47897060532125013,-0.417392819797839,-0.4411935565442629,0.1341862642582303,0.054692145244295,0.07474422323826707,-0.058218686568388245,0.017608786282027625,-0.1804140268864604,-0.11387789692384448,-0.04857195579521457,-0.061369336859874654,-0.08851208660529392,0.057419063826297335,0.0718874513904551,-0.055672879120278296,-0.07132361484154484,0.03348847381406379,0.09417437243283511,0.12491200732645795,0.10870426943869217,0.02804147103247015,-0.00487633185027235,-0.1955829386477491,0.13674915766236784,0.12255414539465141,0.04635419870283422,0.17602293618737141,0.08115487393981644,0.23946992530020025,-0.0970550646190857,0.33585180325179914,0.2338623145319473,0.0948885653947881,0.05096057244787075,0.05628113915486027,0.044047594639110434,-0.0012267716427805002,-0.050191704426629485,0.3227981328467253,0.6502573144977755,0.5408388520971302,0.27673097820515447,0.5358224154074317,0.22419166342033503,0.2653073080051121,-0.2294233831559811,-0.23648671737778415,-0.29197165098175903,-0.30551056253801623,0.36107750873092354,0.20158352640463645,0.0864446859259563,0.2323860879311641,0.06345040630403434,0.11631093706217238,0.048226819483457375,0.03028656565449463,-0.020164845303754127,-0.00039981137104545545,0.0989584401205585,0.24790013600421,0.11070332629391945,0.1041491535617384,0.13190699772415065,-0.005464088737621225,0.09950860790464669,0.09980248634832113,-0.07943260957223601,-0.11236749841100609
#58,-0.0043022437277455425,0.16547406693594133,-0.03670405073845502,0.20413275104395193,0.378248894538645,0.23033235601664856,0.37598671396059297,0.14620110853682708,0.28835626268632236,0.28383873591262926,0.1886084513972895,0.4708206042960928,0.39193132812553394,1.0,0.3184104593388418,-0.12693498452012383,-0.05155516371763066,-0.17105092298334462,0.1751413008563481,-0.05548151641276936,0.11781450119259973,-0.29220060279252863,-0.04805595992318154,0.10842747695104532,0.039929879236462795,-0.012588932401123572,-0.2413049569775627,-0.37311627334795894,0.08281221167449203,0.07654508300357438,-0.13570691434468524,0.09835701446838756,-0.14059008057736863,0.3438958713495855,0.246061687135642,0.2647878949418736,0.2379902815082115,0.20300166075492587,0.27893506653271277,-0.027627990896602627,-0.1729098749991457,-0.19189578933699655,-0.13667397945584647,-0.18220121788694565,-0.1290297227291056,0.14926974623938108,-0.06891449504165556,-0.2819866182792392,-0.05851256501206269,-0.5263943848714111,-0.4570629925026825,-0.556650195805056,-0.38451260601835713,-0.3446100643115385,-0.022919101415400597,-0.10745016026626754,-0.25873263212569797,-0.06636185321113458,-0.018377654303268886,-0.21058440803996747,-0.03673822265051019,-0.011867905056759546,0.25498397337324613,0.09452976031820884,-0.3134760352380757,-0.07328508259351144,0.4696860968158612,0.38632713454848655,0.4325685659415387,0.3253576090596573,0.11821431256364519,-0.06009472454021692,0.36825361026250863,0.07801447522194657,0.072687074132546,0.15998947505108702,0.14910230387031076,0.18056438329950314,0.20412249947033537,-0.05330476561485521,0.21134302448759218,0.23550598350180085,0.37685126333558866,0.274075820638468,0.5464259597181501,0.16488972723979797,0.1006328638112617,-0.019324216267197016,0.08243632064188519,0.07130652888551726,-0.08617131062951497,0.21131568695794806,0.11323204778600182,-0.08597653073080051,0.12520246857892686,-0.0436717036065036,0.03511505682788975,-0.15479876160990713,-0.3423000430566092,-0.11288007709183359,-0.27773904961078194,-0.17200431932968377,-0.24795139387229273,-0.06514875033317614,0.0024535432855610005,-0.03644092701563023,-0.050430907811015654,0.06431837287023558,-0.016112056534011304,-0.08403898331727254,-0.056445164332725076
#101,-0.2888346694550947,-0.0727041600885736,-0.11007456311210438,-0.04912554077050827,-0.12004592704980215,-0.012407821267231186,0.21683103356365202,-0.08898707618286074,0.0930466993350146,0.060402271748713425,0.012971657816141444,0.07143979934253242,0.006848051175855494,0.3184104593388418,1.0,0.4861159521319856,-0.3029476691338787,-0.47043104449866385,0.5716995058741516,0.2363944532152352,0.5436272801208318,0.1325870187740485,-0.14382274345778745,0.23372904407493217,0.05131596033324449,0.03666646163519434,-0.2498855240946152,-0.3420984287754837,0.09775900600742214,0.09081527347781218,-0.26506468742952044,-0.27191957298778696,-0.17977501213102878,0.009759498082955734,0.20447105297329807,0.15004544864303337,0.3566898352230401,0.4273915212651809,0.27722988812115995,0.07263923345566878,0.3134794524292812,0.21008549812396202,0.43226785311545324,0.2191991470690751,-0.24707317573247495,0.16988224359105789,-0.1620363725831915,-0.24613686534216336,-0.1584927453030707,-0.44039735099337746,-0.2795262406112672,-0.31381091997621635,-0.3889788749239675,-0.2634381044156945,-0.01642643812491884,0.01619748631414922,-0.4641810017837738,-0.03106568524935244,-0.4069601350473964,-0.46198716502983206,-0.3553947197561492,-0.3736083488815533,0.516884341746458,0.38741038416063533,-0.3600215966484189,-0.09746171037254218,0.33597482213519775,0.28435473178466225,0.39720747134685175,0.12611485863079983,-0.020219520363042393,-0.23217763926762758,0.29494119013935305,-0.19866866230633068,0.22531591932695003,-0.20314518278555757,-0.08103185505641783,-0.20165187022874678,0.26778135443790624,0.15122779680014214,0.17535658390229567,0.06050820467608445,0.18299742343783104,-0.10058502313438446,0.2221652690354636,-0.23437831040398036,-0.32058037575434495,0.21882667322767377,0.35654631319240837,0.16298293454711965,0.2525065097492465,-0.3295710058160594,-0.21752814056957742,-0.40420246174454444,-0.2159699013798618,-0.31128219848413397,-0.04952193495034821,-0.26054374346462184,-0.34094341814801904,-0.05801023790485173,-0.19663885073025375,-0.295436682864153,-0.5136209241451897,-0.1785550748706593,-0.1269110641816852,-0.04846260567663803,-0.2468203035832667,-0.2705219417847306,-0.3007435808063204,-0.30968295299995213,-0.22372350822517922
#102,-0.2165405723111831,0.0548151641276936,-0.109794353433252,-0.06341623439197917,-0.24513221112774145,0.042783233893069254,0.020745767808691966,-0.17171044088600934,-0.10900498226477764,-0.07955221126442909,-0.19796130372678872,-0.11726091621730603,-0.11166697421387517,-0.12693498452012383,0.4861159521319856,1.0,-0.18694769647140835,-0.25736233845228573,0.25437229614745865,0.32082299632993666,0.2644769305421716,0.5154046979544693,-0.14262330934465106,0.30258202967488845,-0.11499531844804844,0.16261729508812936,-0.025560590217265016,0.004773816114106849,-0.13530026859122876,0.07155256665231446,-0.2607453577457473,-0.15227345730903027,-0.10492827315659621,-0.1748884287071399,0.03253166027651911,-0.09477921527621157,0.13566590805021905,0.3493326225575626,-0.056909902336675346,0.07739596361374805,0.2696949815129956,0.22612237645145197,0.5735482063163362,0.41459414020052077,-0.17207608034499963,0.1796554104388357,-0.03141082156110963,0.0561854578011058,-0.20721164032012246,0.02072184747025335,0.019149939515715662,0.07324065910783972,-0.12316923981164442,-0.1131261148586308,-0.07152181193146481,0.10066020134090582,-0.4394268686910107,0.0608055003109644,-0.3534264176217716,-0.1953369008809519,-0.49685276689971913,-0.3795576787703579,0.33828484339012704,0.5640415803825888,-0.004770398922901332,0.09119458170162453,0.024005768218754914,0.018346899582419234,0.016870672981636015,0.04753312966873748,-0.16841285137268572,-0.31596033324448636,-0.06277380244534203,-0.2644700961597605,-0.005426499634360541,-0.27888722585583553,-0.2739015438869867,-0.31456270204143005,0.12908098059718834,0.2753230954284816,0.07803497836917966,-0.024272309132785216,0.015961700120968567,-0.03528249919696007,-0.07613502005891237,-0.4638700373840718,-0.4478092387181432,0.12832919853197466,0.22885271222465983,0.12299838025136858,0.2867023421428523,-0.34873119690539167,-0.26494508573732733,-0.45184152434065294,-0.29324284611021123,-0.30062056192292186,0.03920543470089325,-0.09960087206719564,-0.010463439471292177,-0.08596286196597844,-0.12389026715600844,-0.2211196085265755,-0.20187398765710537,-0.07707816483163499,0.07318940123975697,-0.0206910927494037,-0.20798392553256925,-0.44346257150472596,-0.17122861692603147,-0.3687080966928423,-0.2717247930890725
#201,0.5890383340509435,0.17866784218044138,0.5062842146269453,0.3880938224017387,0.24797189701952582,0.126764124959848,0.011543271892235458,0.4811336873543422,-0.029948263725148475,0.4335287966702889,0.3189811302701631,0.054784409406843954,0.1425447139469242,-0.05155516371763066,-0.3029476691338787,-0.18694769647140835,1.0,0.6360144615531818,-0.28740970072239425,-0.28369179669079203,-0.048414764999760794,-0.21736411539171263,0.542742227598603,0.21062541433443366,0.5235444474060101,0.04816189285055256,0.4186503461614691,0.2518914153322535,-0.07729686506878806,-0.14091813093309824,0.2678394466884,0.1386627847374572,0.5408661896267744,0.16517335410985587,-0.18774731921349927,-0.23703346797066682,-0.08035183400652,-0.39784306891107785,0.054791243789254984,0.11605464772175862,-0.15603236763509865,-0.31178794278255045,-0.24560036632289722,-0.30982647503058386,-0.04100287727499505,-0.33436532507739936,0.42408026298703516,0.2565148750333176,0.2543620445738421,0.1691270443346387,0.31555027029982435,0.367105434017455,0.47589513323628513,0.243714076777452,0.3577149925846951,0.12354854803545677,0.07788120476493142,-0.30630676808890167,-0.03045400802356495,0.07209931724519714,0.05429916825566058,0.15242723091327853,-0.39103260683848307,-0.3906772189531093,0.21730944033242436,0.23903935920830513,-0.21344459707898497,-0.17140972805992385,0.005081363322603353,0.00194438179593901,0.2892413152085512,0.34950689930904394,-0.14409270156302326,-0.027973127208359816,-0.14201846650127462,0.08765437161270921,0.11472536034281262,0.10946288588631688,-0.05067011119540183,-0.40651248299947373,-0.3955603851857927,-0.1697831450460979,-0.09095196112603285,-0.01199775832256918,0.0022963524901072315,0.017680547297343474,0.11712081137787984,-0.1681873167531216,-0.23945283934417266,-0.2632501588993911,-0.23137118214312563,0.1262925525734867,0.16542280906785858,0.17193597550557344,0.1649922429759635,0.5801331337693669,0.33891702376314764,0.6239791141273519,0.5598486867734197,0.4746820303583267,0.5614547666400126,0.4774567896172062,0.2954332656729475,0.5866155454862322,0.5493408238164559,0.583625503181405,0.6453058044409817,0.04495656749977788,0.2539929879236463,0.0629514963880289,0.05975300541966525
