,#10,#11,#12,#13,#17,#18,#26,#49,#50,#51,#52,#53,#54,#58,#101,#102,#201,#202,#301,#302,#401,#402,#501,#502,#601,#602,#701,#702,#801,#802,#901,#902,#1001,#1002,#1101,#1102,#1201,#1202,#1301,#1302,#1401,#1402,#1501,#1502,#1601,#1602,#1701,#1702,#1801,#1802,#1901,#1902,#2001,#2002,#2101,#2102,#2201,#2202,#2301,#2302,#2401,#2402,#2501,#2502,#2601,#2602,#2701,#2702,#2801,#2802,#2901,#2902,#3001,#3002,#3101,#3102,#3201,#3202,#3301,#3302,#3401,#3402,#3455,#3501,#3502,#3601,#3602,#3701,#3702,#3801,#3802,#3901,#3902,#4001,#4002,#4101,#4102,#4201,#4202,#4301,#4302,#4401,#4402,#4501,#4502,#4601,#4602,#4701,#4702,#4801,#4802
#10,1.0,0.6311517984677315,0.5054606715464157,0.5434017455012677,0.40283558526233776,0.2951120496996289,0.21213239565606654,0.8146993896896507,0.6181493859307403,0.7088758124372091,0.4065466549115289,0.41154258845399433,0.16202953820078048,0.07649382513549163,-0.544269712067469,-0.5528741995229601,0.5388808015363692,0.3679563146276287,-0.5045346127297207,-0.5287351608471901,-0.2293584565230763,-0.29058085416111373,0.3301382595561752,0.11857653483142996,0.2233305312365448,0.3533170675031951,0.23119690539164428,-0.024043357322015596,0.21260396804242784,0.17766660515722496,0.46697626418988647,0.3746061687135642,0.49113238882168414,0.2676549183633021,0.2889132648528216,0.19586656551780698,0.29538542499607023,0.17218201327237065,0.29524873734784957,0.11507049665456981,-0.029890171474654694,-0.23278248211100405,-0.04799786767268776,-0.20542786651084274,0.06288656975512408,-0.29616454459092806,0.257311080584203,0.050912731770993515,-0.2709320047293926,-0.06347090945126743,0.2501896541119062,0.2698453379260383,0.44662347336982894,0.14444125506598596,0.2862410213301075,0.15536259815881737,-0.020205851598220328,-0.07234193782078882,0.26205755916866574,-0.19614677519665935,0.38205906273279616,0.3912103007811699,-0.18877247657515428,-0.29920926195504344,0.023828074276068045,0.05800682071364621,-0.15887205352688305,-0.30869538474155783,0.17993220292648254,0.00970140583246195,0.37643436600851565,0.3981984567964516,0.2159220607029846,0.5529835496415366,-0.19428782318085827,0.11770856826522871,0.05924384393004326,0.29112077037158535,0.020779939720747136,0.08382028308011946,-0.19293461546347365,0.18972929011269896,-0.1265966825907777,0.3492916162630964,0.4610816093603701,0.33698289354082517,0.47662299496306015,-0.011454424920892024,-0.08568606947833159,0.051661096645001674,-0.00145572345355012,0.45743546634408383,0.2973844818512975,0.27309850395369023,0.3020250275083892,0.3244793909198395,0.2526637005447003,0.4614233284809218,0.3471832092892926,0.5838749581394077,0.39878621368380046,0.32487920229088496,0.2959971022218577,0.526069751706887,0.4638358654720166,0.5614718525960402,0.4350631155215659,0.24839904592021542,0.24847080693553128,0.019536082121939052,-0.22755076237535796
#11,0.6311517984677315,1.0,0.39342464068234473,0.34175670965493204,0.27068938415380095,0.2990554883507952,0.4228193194321995,0.5642158571340701,0.6047710823611424,0.6393257198313275,0.5215693108892215,0.2663187966019451,0.21164373731367764,0.15854742036235894,-0.29003410356823106,-0.3394774431208524,0.5503728155605219,0.31029804741694517,-0.36508587401499465,-0.3268850935285233,-0.16889125814145806,-0.18998557945311273,0.24494768280264353,0.18536895413445964,0.32661513542328746,0.41778237959526787,0.12339477443120853,-0.035678893376800004,0.13055720719797156,0.16814289326744988,0.3202796629282595,0.2509209330298868,0.3124918841708869,0.17868492813646894,0.2584148333435849,0.1471100813974945,0.21193419856614656,0.11489963709429397,0.19670377736315858,0.008184172937212528,0.03548753066929107,0.0027371701556188877,0.0496620397897744,-0.06376478789494187,-0.024573021958870688,-0.1739692042728559,0.09212405770952507,-0.005505095032087425,-0.16314354253377894,-0.025092435022109227,0.2115514731511287,0.22188505935661124,0.30891066778750537,0.07147397125458758,0.16831375282772573,0.09045646840123292,-0.14120517499436164,-0.08890164640272281,0.11593846322077106,-0.22908508122663496,0.152013750777411,0.22398663194800403,0.05044799376704324,-0.11218980446831922,-0.03503646143016286,0.06347432664247295,0.1405217367532583,-0.058068330155345516,0.3098948188546942,-0.001096918376970865,0.32301683308387835,0.32319794421777076,0.21731969190604092,0.45676911405900805,-0.12573213321578194,0.15667138239053027,-0.07209590005399162,0.06259952569386068,0.11546347364320424,0.13450406304034335,-0.19892495164674445,0.22656661130816913,-0.12948079196823378,0.21398109609825108,0.3065596402381099,0.14550400153090165,0.26534831429957834,-0.004233899903635208,0.05701583526404636,0.06052529063211203,0.06801235656339914,0.2965404356235349,0.21971514294110814,0.03149283415004203,0.17564362796355906,0.2447563200951346,0.3420881772018671,0.33885893151265384,0.31469597249844516,0.38550700865916254,0.18989331529056377,0.22832988197021575,0.17568121706681974,0.3913504056205961,0.3098811500898721,0.35928348334802723,0.2409085627977228,0.09049747469569912,0.2391555437092927,-0.08468824964632071,-0.20056862061659797
#12,0.5054606715464157,0.39342464068234473,1.0,0.6435835400734012,0.2087083700681388,0.3856266103513556,0.30293741756026216,0.4372159459810414,0.23358552204430047,0.7368933631312407,0.3056062438917707,0.1730944033242436,0.05555669461929073,0.15270060620971987,-0.5675715388978875,-0.4698774595233702,0.7450980392156863,0.7529678305619912,-0.07174051216861788,-0.2855336627505655,-0.2899008331112159,-0.4560617554794661,0.46308750059800846,0.2362953546702752,-0.0870392771957162,0.2718409775900601,0.2654610816093604,0.05984868677341972,0.1924152024002351,0.06350166417211708,0.4804980897901161,0.4257683554425604,0.6068999924821793,0.25635768423786387,0.058423718040719254,0.21362570821287735,0.1759921814665218,-0.15489102577245606,0.017007360629856683,-0.268249509633062,0.0464327941005611,-0.2773768273429971,-0.2330216854953902,-0.34114503242914457,-0.13887123340099372,-0.4975942973913162,0.42733001182348157,0.4147034903190973,-0.23234849882790343,-0.03714828559517219,0.5374558328036687,0.42214954995591825,0.42436388985709306,0.4319603059069567,0.14174850839603878,0.43658718279922637,-0.3763215986987336,-0.4247944559489882,0.08032791366808138,-0.28909095879550845,0.3799848276710475,0.3966060456946808,-0.21478755322275303,-0.40060415940513533,0.4504370587551856,0.3103868943882886,-0.07625803894231098,-0.2264811815280312,0.4678373963736767,0.1504008365284071,0.7265495253521416,0.7086297746704119,-0.03224119902405019,0.3210792856703504,-0.365266985148887,-0.021617151566098728,0.0006185116081985252,0.17982968719031706,0.10359556858644468,0.006509749246509339,0.058030741052084826,-0.1111612299154587,0.25956984397104954,0.21170182956417144,0.1751993931068419,0.18506824130837418,0.37719298245614036,-0.0013258701877404849,-0.09598890096296449,0.01244541037049187,-0.01832981362639165,0.31892303801966937,0.2154573226990343,0.3238164558259693,0.2280325863353358,0.6205448369658075,0.5362666502641489,0.6752609025485412,0.5716960886829462,0.6003731572796425,0.6280148169410671,0.6071186927193324,0.5622680581469256,0.7659224024221051,0.6196734532084008,0.6761903785564417,0.5127597919613994,0.2746669947170224,-0.012865724888770426,-0.10133680519959813,-0.2753504329581257
#13,0.5434017455012677,0.34175670965493204,0.6435835400734012,1.0,0.04777916743553469,0.13869353945830684,0.0877329670104361,0.4155031130611882,0.33833951844941534,0.625759470745426,0.34036591283428674,0.06508382370027133,-0.15449804878382165,0.10996521299352784,-0.38964181001783776,-0.35491289579617136,0.5363349940882592,0.5629104900935626,-0.17217859608116512,-0.2814877083632338,-0.13854660023646964,-0.22873994491487776,0.2651432828272473,0.14856922204225015,-0.020110170244465857,0.30840492348908893,0.308319493708951,0.33850696081848564,0.12657276225233907,0.019908555963340374,0.4030098620138191,0.15222219944094753,0.49669215891305984,0.08486252639780206,0.22893814200479773,0.14320081465838339,0.10624389177072013,-0.1738701057278959,0.08434653052576904,0.018780882865519856,0.1640969388801181,-0.13454165214360406,-0.11162596791940896,-0.1199570800784587,-0.04235950218358518,-0.3430347391657953,0.42395040972122555,0.33878717049733803,-0.09601965568381413,0.10045858705978035,0.4232669714801222,0.3737006130441023,0.41500078595397727,0.2658062179211176,0.22985394924787622,0.26980774882277764,-0.13448355989311025,-0.12137179723754263,0.18032176272391146,-0.16999842809204546,0.2709217531557761,0.2798132846725306,-0.09766674184487319,-0.12512045598999447,0.26322965575215795,0.28680485787901777,0.09624177311217272,-0.040141745091204835,0.3103082989905617,-0.026100506427736658,0.4530887991306666,0.5068548855582665,-0.09172082914727411,0.2856327612955255,-0.4109411628018234,-0.12144355825285848,-0.08101818629159575,0.169287652321298,0.18422419508061155,0.1460644208886064,-0.06457807940185485,-0.017745473930248293,0.2375152919306447,0.06274304772449238,0.21832776331166834,-0.04525386313465784,0.2293208674198156,-0.0881635331023312,0.053379943821376584,0.19277400747681436,0.14632412742022566,0.32687825914611224,0.19564786528065392,0.12024412413972212,0.14203213526609668,0.4487250459612217,0.25875313527293103,0.5073196235622168,0.5047157238636131,0.6070776864248663,0.3720637784566598,0.40299961044020255,0.2610358189982162,0.6178999309727377,0.46801509031636357,0.6282471859430423,0.35415427934854665,0.06233298477983037,-0.05359180967611862,-0.11606489929537517,-0.3074105208482835
#17,0.40283558526233776,0.27068938415380095,0.2087083700681388,0.04777916743553469,1.0,0.4269267832612306,0.287050895645815,0.4633813790416829,0.32366609941292657,0.41491877336504485,0.21986891654535637,0.6530799144335322,0.4521764090787936,0.46809710290529594,-0.4242306194000779,-0.6846923502757674,0.29070045585330684,0.16437031417655942,-0.37188266732276737,-0.5921582296215803,-0.4836589916552191,-0.5125923495923291,0.2559031978075301,-0.06688810065678415,0.20296748884287072,0.08557671935975505,-0.07562585856929038,-0.4308531359563693,0.4092086468606264,0.3677239456256535,0.4434113136366432,0.4488514820358258,0.40618443264374415,0.3708267552402627,0.31099515442287057,0.4592260745357746,0.45932859027194006,0.016628052406044327,0.5156302325740334,-0.0004544864303337229,0.10548869251430094,-0.22852466186893022,0.14382616064899295,-0.3187282581209549,0.2976339368093002,-0.1972197732351916,0.06816954735885292,-0.00588440325589978,-0.24609585904769715,-0.1692295600708042,-0.03715511997758322,0.10305906956717856,0.22323143269158482,0.15161393940636556,0.1672031656859328,0.03124679638324483,-0.12013135682994006,-0.20187740484831088,0.17941278986324402,0.08517007360629857,0.2100410746382903,0.17723262187412434,0.11917454329239538,-0.37151361067257155,0.04654897860154867,-0.0868103253849466,0.01117763243324517,-0.1444925129340687,0.13243666236100574,0.1012274550810216,0.27173846185389455,0.17807666810188696,0.13047861180024467,0.28106055946254416,-0.09071959212405771,0.08272678189435412,-0.15302865656544945,0.028038053841264635,0.28634011987506747,0.15703018746710953,0.126354062015186,0.519621511902077,-0.1759306720248225,0.6701624532699103,0.6263096385295143,0.4146727355982477,0.30563016423020933,0.2666741844873188,0.05310656852493524,0.2790204963128507,0.3593552443633431,0.6163314402094054,0.4056581851980946,0.2654679159917714,0.2746533259522003,0.02654474128445383,0.16441815485343667,0.24194397173299434,0.08249441289237898,0.19547017133796704,0.32635884608287374,0.2865519857298095,0.40352244069464666,0.2365994846875662,0.387752103281187,0.31853347822224043,0.43586615545486235,0.1954394166171174,0.2560603886029839,-0.0875894449798044,-0.0722530908494454
#18,0.2951120496996289,0.2990554883507952,0.3856266103513556,0.13869353945830684,0.4269267832612306,1.0,0.048561704221598015,0.3767692507466563,0.21929482842282957,0.43416439423451497,0.21951011146877714,0.6325220921411436,0.6548876085812505,0.32494071173258426,-0.23768956868212604,-0.39287105570705105,0.4090582904475837,0.4337338281426199,0.029739815061611958,-0.19704207929250472,-0.34897381748098333,-0.33252004182642037,0.07894736842105263,0.1045592165064004,-0.030043945078902946,0.039588160115911125,-0.24970783015192832,-0.2774759258879571,0.34927794749827434,0.2638550017427675,0.37214237385438664,0.3878341158701194,0.3241923468585761,0.30375070906717516,0.13533444050328391,0.3580293741756026,0.21142161988531907,0.08063546087657789,0.18488029579207074,-0.054121474312973705,-0.017236312440626303,-0.2090125000854298,-0.08259692862854448,-0.24070353132539177,0.013583335041928936,-0.1802089954141294,-0.06822080522693567,0.040890109965212994,-0.5157908405606927,-0.19165316876140487,0.06760229361873714,0.2320580375754345,-0.16354335390482438,0.006014256521709416,-0.20459065466549115,0.06765696867802541,-0.5196112603284604,-0.4540421954770057,0.05347904236633656,0.025259877391179547,0.10792514984383436,0.04012465913517725,0.06889057470321694,-0.2251894832523459,0.14671368721765457,-0.039765854058598,0.17920092400850196,0.005720378078034979,0.3333470020981554,0.18816763373177783,0.37400816025259875,0.25599546197007905,-0.15698918117264332,0.15684907633321715,-0.3689575516508451,-0.08331453878170299,-0.37068323320963104,-0.19407937451732174,0.24977959116724416,0.11077167011802978,0.34896356590736677,0.27599969928717394,0.0765279970475468,0.585668983522304,0.4369938285526828,0.36173702663358825,0.32971452784669114,0.03443845296919744,-0.057477156076791124,0.21935975505573438,0.16647872115036325,0.27429110368441556,0.20172704843526815,0.36486717377784156,0.4177482076832127,0.23365044867720527,0.3125738967598193,0.17440318755595652,0.23505491426267267,0.08672147841360316,0.31014427381269694,0.48500536499019264,0.49315878320655554,0.2892242292525236,0.30076408395355353,0.24212508286688672,0.29810550919566153,0.0146392471244336,-0.04274222759860305,-0.24709367887970804,-0.2667322767378126
#26,0.21213239565606654,0.4228193194321995,0.30293741756026216,0.0877329670104361,0.287050895645815,0.048561704221598015,1.0,0.19520021323273123,0.16838209665183607,0.3596764603366617,0.22745166383039797,0.19878142961611275,0.23648671737778415,0.224184829037924,-0.20326820166895618,-0.25655588132778384,0.33180584886446735,0.2602942885066191,-0.17090056657030187,-0.2093610535883925,-0.16012616269930768,-0.23844476793854524,0.3144533519228535,0.053759252045188936,0.19452702656524443,0.014447884416924664,0.15922744141225678,-0.1329355722770112,-0.019313964693580463,0.023161721990992284,0.27488227776297,0.32917461163621947,0.4193577047410111,0.2764678544823297,-0.12883836002159665,0.011550106274646492,-0.007234193782078882,-0.016269247329465074,0.18237207744722148,-0.21731969190604092,-0.06903751392505417,0.06810120353474258,0.1355565579316425,-0.10000410062944662,-0.05045141095824876,-0.11480053854933399,0.36385568518100864,0.156616707331242,-0.08473267313199243,-0.1594598104142319,0.11331747756613973,0.09175158386812375,0.3974261715840048,0.20138191212351095,0.2761022150233394,0.12884861159521319,-0.18667090398376152,-0.18333230817597168,-0.14840177967317983,-0.2899247534496545,0.08570998981677021,0.21979715553004053,0.10940821082702862,-0.16121966388507303,0.35111639636684233,0.28637087459591715,-0.003482117838421531,-0.1584312358613714,0.08437045086420765,-0.09939584059486464,0.2842419644748802,0.3023291575256802,0.17846622789931588,0.2327722305373875,-0.022003294172322118,0.12020311784525592,0.12094123114564752,0.17089714937909636,0.13222821369746923,0.08273019908555963,0.13693026879626022,0.1865513022915684,-0.12073619967331652,0.21894969211107237,0.16606865820570124,0.06559640238109883,0.1610693074720303,0.18250876509544214,0.03590101080515859,0.10700592540955037,0.09370963442888483,0.29963982804693856,0.045147930207286815,-0.02763824247021918,0.013689267969299954,0.1711910278227708,0.2809819640648173,0.395833760482234,0.35598931102590914,0.23776816407985293,0.3087671457568737,0.2176238219233319,0.3941559196003253,0.3052952794920687,0.393882544303884,0.3412783028861597,0.4082552505142873,0.0971575803552512,0.20859218556715123,-0.0972190897969505,-0.05954797394733425
#49,0.8146993896896507,0.5642158571340701,0.4372159459810414,0.4155031130611882,0.4633813790416829,0.3767692507466563,0.19520021323273123,1.0,0.7482486895071727,0.6194342498240146,0.44149085217914286,0.40831334276478104,0.2059267764268482,0.06477627649177482,-0.5349920379444911,-0.4952774417539759,0.39356816271297645,0.28492198552477804,-0.3472071296277312,-0.4460049617616304,-0.08236455962656934,-0.15137473602197937,0.2954640203937971,0.08182122622489219,0.27837122998380254,0.35684702601849383,0.1591112569112692,0.006936898147198929,0.27670022348430484,0.30982305783937836,0.4187904510008953,0.2712805582323553,0.3800292511567192,0.24415831163416918,0.3090815273477812,0.17610836596750934,0.28488781361272286,0.2195408661896268,0.2937246700701891,0.16494440229908625,0.11060764494016498,-0.11667999371236819,-0.042325330271530015,-0.08289422426342444,0.15492519768451124,-0.23930248293112993,0.10381768601480328,0.11624942762047308,-0.3406666256603722,0.007124843663502347,0.21641071904537346,0.24642390940342676,0.3398089106677875,0.08580908836173019,0.2521135327606121,0.0122472132805719,-0.07469296537018433,-0.034151408907934035,0.1082805377292081,-0.18751153302031862,0.20966176641447795,0.2544508915451855,-0.17632023182225137,-0.3271721375897867,-0.04430730117072971,-0.005819476622994963,-0.1527928703722688,-0.19442451082907894,0.22255141164168699,0.05170210293946788,0.2806573309002932,0.2789179805766852,0.27514881867700025,0.4672701426335609,-0.18876564219274325,0.16567909840827233,-0.009978198320108803,0.2236346612538358,0.008683082853217968,0.17394870112562277,-0.1481694106712047,0.2555273067749233,-0.07988709600256973,0.3757235902377682,0.42742569317723605,0.25124214900320535,0.41498028280674415,0.04634394712921767,0.028331932284939073,-0.027060737156486853,0.12425932380620425,0.36626138778969236,0.3405367723945626,0.11470827438678503,0.20369193337844027,0.19928717391452921,0.20229771936658944,0.308927753743533,0.1949712614219616,0.413722756443114,0.264664876058475,0.2402968855719353,0.2680581469255531,0.3916579528290926,0.30647079326676646,0.39695801638884903,0.28477846349414637,0.12042865246482001,0.13319186161742494,-0.14689479835154695,-0.344514382957784
#50,0.6181493859307403,0.6047710823611424,0.23358552204430047,0.33833951844941534,0.32366609941292657,0.21929482842282957,0.16838209665183607,0.7482486895071727,1.0,0.5440441774479049,0.4365837656080208,0.33078752588522337,0.09455368065664746,0.13099802486348322,-0.30865779563829715,-0.2514608492403584,0.31070469317040167,0.2201422918417977,-0.39003820419767765,-0.32262385609524397,0.0035470444713263487,-0.014980966244985272,0.15533526062917324,0.052412878710215355,0.2741509988449894,0.32712429691290945,0.01851775914269507,-0.02115924794455949,0.01652211947867331,0.09217873276881335,0.3480477586642883,-0.016898010511280148,0.2227769462612511,0.038241786780937544,0.14705198914700074,0.005327401089400556,0.07566344767255107,0.1386627847374572,0.1349619666618826,0.13098093890745563,-0.030744469276033873,-0.029992687210820195,-0.02029811576076928,0.08098059718833507,0.03457514061741811,-0.09696963483894779,-0.044573842084760014,-0.0489068405333552,-0.28955911399066425,0.019706941682214887,0.1321598698733589,0.14165282704228432,0.28358928095462654,0.009605724478707481,0.19432882947532445,-0.05583006991573206,0.016587046111578126,0.11844326437441481,0.080146802534189,-0.11772907141246182,0.023107046931704015,0.08929120620015173,-0.05669803648193331,-0.03126388233927241,-0.19569570595753114,-0.055983843519980314,0.15440920181247822,0.09647072492294234,0.13372836063669105,0.045745938668252245,0.19667302264230893,0.2082846383586547,0.1740785543914324,0.3200575454999009,-0.19198121911713448,0.04184008912034664,-0.10436101941648043,0.00511553523465852,0.1785072341937821,0.25484386853381996,-0.20102652423813722,0.2755862191513064,-0.09811781108400139,0.29661219663885074,0.34103226511936247,0.029719311914378856,0.21722401055228643,-0.13455532090842612,-0.0691878703380969,-0.006048428433764583,0.07131678045913381,0.23982531318557399,0.22859642288424606,-0.0929681039372877,0.01946773829782872,0.15575215795624628,0.052730677492328404,0.26819825176497925,0.10902548541201075,0.2884416924664603,0.05369774260348963,0.1646710270026449,0.012681196563672524,0.2831928867747866,0.06771847811972471,0.2635440373430655,0.07254696929311982,0.0035880507657925493,0.1497447358169479,-0.18162712976441883,-0.1827240481413897
#51,0.7088758124372091,0.6393257198313275,0.7368933631312407,0.625759470745426,0.41491877336504485,0.43416439423451497,0.3596764603366617,0.6194342498240146,0.5440441774479049,1.0,0.6168235157429999,0.3530266062507261,0.1933754331289853,0.3379704617992195,-0.4927658062179211,-0.5574395669735305,0.733377073380764,0.5720685625243475,-0.2647742261770515,-0.42853628031902896,-0.224594891982586,-0.4030645370731074,0.4334091949780958,0.2570035333757065,0.17692165747442232,0.4072505962998654,0.24026954804229117,-0.04151545595582255,0.24395328016183818,0.13792467143706558,0.5216444890957429,0.3382985121549491,0.541095141437544,0.2013682433586889,0.25390414095230285,0.27545636588549677,0.205072478625469,-0.06454390748979968,0.19502251929004435,-0.018104279006827546,0.031407404369904114,-0.18095052590572652,-0.0799656914002966,-0.25929988586581376,-0.07691072246256467,-0.4323088594099194,0.30626234460322993,0.18684859792644837,-0.30268454541105394,-0.04645671443899972,0.31745364580129715,0.3706593128711924,0.4012875976462387,0.2864836419056992,0.25290290392908643,0.3106124290078527,-0.26124768485295824,-0.2907209590005399,0.1311176265556763,-0.24066594222213109,0.30246242798269535,0.3370888264681962,0.002279266534079648,-0.2982421968438822,0.21004790902070133,0.15785373054763907,0.13179081322316308,-0.14947136052050655,0.4809081527347781,0.10955856724007135,0.6286845864173484,0.6269486532849459,0.10145982408299674,0.40665258783889996,-0.32054278665108427,0.05789405340386416,-0.10458997122725006,0.12267716427805002,0.2667596142674567,0.2186250589465483,-0.07435808063204369,0.11252810639766538,0.023482937964310856,0.3365625790225466,0.40169082620848967,0.16563467492260062,0.38709258537852226,-0.07454944333955262,-0.02394425877705561,0.13712163150376916,0.10696833630628969,0.4419590073742986,0.28562934410432,0.23102262864016293,0.2516863838599225,0.4282082299632994,0.3856436963073832,0.5759846636458696,0.45979674546709587,0.5288035046713003,0.49706463275446117,0.4851762245504685,0.39726898078855105,0.614503242914454,0.5247575502839686,0.6371318830773857,0.4471087145210123,0.1977733582104853,0.10982169096289614,-0.18866312645657776,-0.30457083495649917
#52,0.4065466549115289,0.5215693108892215,0.3056062438917707,0.34036591283428674,0.21986891654535637,0.21951011146877714,0.22745166383039797,0.44149085217914286,0.4365837656080208,0.6168235157429999,1.0,0.27960141881778855,0.2374366965329178,0.2746601603346114,-0.27116779092257326,-0.2698624238820659,0.4327975177523083,0.15304574252147704,-0.11720965834922327,-0.12503502620985654,0.0909827158468825,-0.017345662559202838,0.2046829188280401,0.26319206664889727,0.38927617055884745,0.29999179874110676,0.15866018767214102,-0.03546702752205797,0.1445711083317956,0.17832270586868418,0.1985080543196714,0.0886726945919532,0.23560166485555534,0.12297445991292996,0.281026387550489,0.18823939474709367,0.09513802035279081,0.13814337167421867,0.20123155571046822,0.1718232081957914,0.12515121071084412,0.09029927760577916,0.11622550728203446,0.09892426820850334,0.0661192326355429,-0.13643819326266582,0.0690443483074652,0.036676713208810885,-0.19544966819073395,0.13192408368017824,0.09599231815417,0.20758411416152378,0.23810646600919907,0.071152755281269,0.1192394699253002,0.11395990951277687,-0.141895447617876,-0.06609189510589876,-0.08514957045906546,-0.15371209480655282,-0.014772517581448753,0.03221386149440606,0.07054791243789255,-0.16775333347002097,-0.12166909287242259,0.04525386313465784,0.1509920106069615,0.04407493216875457,0.37880247951393875,-0.006567841497003123,0.2971931191437886,0.38964181001783776,0.1550174618470602,0.269161899684935,-0.18295641714336483,0.013993397986590942,-0.17365140549074282,-0.014885284891230803,0.24893212774827603,0.17841497003123313,-0.359440674143481,0.19618094710871453,-0.1618313411108605,0.17729754850702917,0.2874028663399832,-0.030337823522577384,0.2063607597099488,-0.09773850286018904,0.10868034910025355,0.08234405647933625,0.2768369111325255,0.2778381481557419,0.17893780028567718,0.0030002938784436744,0.016993691865034615,0.14743813175322412,0.21399818205427867,0.2834765136448445,0.16735693929018106,0.2365755643491276,0.17197014741762862,0.13401198750674895,0.11188567445102823,0.214985750312673,0.2249263595295211,0.28804529828662034,0.11879865225978854,-0.0976701590360787,0.013221112774144164,-0.32346448513180104,-0.37085409276990683
#53,0.41154258845399433,0.2663187966019451,0.1730944033242436,0.06508382370027133,0.6530799144335322,0.6325220921411436,0.19878142961611275,0.40831334276478104,0.33078752588522337,0.3530266062507261,0.27960141881778855,1.0,0.7363226921999193,0.49609756764329993,-0.38920782673473714,-0.5675373669858323,0.28861938640914714,0.24156124631797649,-0.3283373997908679,-0.4682542937007497,-0.4097485630710981,-0.38667910524265475,0.14020052077993972,0.0256186824677588,0.15981519829960567,-0.03217285519993986,-0.19514212098223743,-0.4560275835674109,0.40960504104046636,0.23957585822757127,0.5090521395034138,0.46299523643545953,0.4499278972655636,0.317525406816613,0.14745863490045721,0.35687436354813795,0.28235909212064053,0.06172472474524839,0.4312666160922368,0.07730711664240461,-0.11673466877165645,-0.2847852978765574,0.1005713543695624,-0.1413213594953492,0.19964597899110847,-0.020612497351676817,0.11000280209678852,-0.042964345026961635,-0.44476452135402783,-0.23238267073995858,-0.06706921179067654,0.16582945482131506,0.10494535911262379,0.06733233551350132,0.025430736951455382,0.00958522133147438,-0.28946343263690977,-0.2881409796403748,0.14709299544146692,0.13481161024883986,0.11077850450044081,0.03895939693409605,0.014505976667418449,-0.30555840321489347,0.08677957066409694,-0.05109042571368038,0.1400330784108694,-0.0425474476998886,0.007035996692158913,0.022252749130324836,0.23175049036693798,0.1891244472693225,-0.011092202653107251,0.17201798809450583,-0.27072697325706163,-0.13538228118016116,-0.21616809846978177,-0.0807174734655103,0.2501247274790014,0.0009089728606674458,0.14249345607884142,0.4672462222951223,-0.30185416794811337,0.8517554111222739,0.6449094102611418,0.4974815300815342,0.3444631250897013,0.09909171057757366,-0.12965848591092066,0.2596689425160095,0.31058509147820856,0.5057887219021453,0.24129470540394618,0.34478434106301986,0.3273532487236791,0.12234227953990938,0.1542451766346134,0.2800661568217388,0.2623035969354629,0.04363753169444843,0.30407534223169924,0.40502258763386845,0.4620930979572031,0.3203445895611643,0.3790109281774752,0.35075759129026307,0.43082238123551964,0.13025307718068058,0.09096904708206043,-0.1556735625585194,-0.1455484250165734
#54,0.16202953820078048,0.21164373731367764,0.05555669461929073,-0.15449804878382165,0.4521764090787936,0.6548876085812505,0.23648671737778415,0.2059267764268482,0.09455368065664746,0.1933754331289853,0.2374366965329178,0.7363226921999193,1.0,0.3139031841387653,-0.11917454329239538,-0.3687730233257472,0.22471107648357355,0.1687579876844429,-0.16366978997942852,-0.3255592233407828,-0.3079777745883993,-0.2989393038498076,0.1507493900313698,0.17930685693587298,0.17016587046111578,-0.16511184466815657,-0.11779399804536662,-0.4152946643976517,0.35134876536881743,0.14916723050321556,0.2890362837362202,0.4527710003485535,0.26160990712074306,0.2783575612189804,-0.06442430579760659,0.17750599717056567,0.07776843745514937,0.031052016484530376,0.30236332943773536,-0.11315003519706941,-0.09260588166950294,-0.20847258387495815,0.13030775223996882,-0.08756210745016027,0.2101367559920448,0.13631859157047274,0.008607904646696602,-0.020458723747428565,-0.2429144540353611,-0.1538487824547735,-0.0426089571415879,0.17604685652581004,0.050184870044218455,0.10726221474996411,0.0009533963463391631,-0.03096316951318694,-0.36215050676945576,-0.3929530682959834,-0.0875894449798044,0.1204047321263814,-0.15531475748194015,-0.18313069389484618,0.02439532801618382,-0.2530361743861016,0.1455142531045182,0.01413008563481161,0.06276355087172547,-0.03049501431803115,0.010842747695104531,-0.06178281699574218,0.23584428543114702,0.10410814726727219,-0.0005433334016771575,0.21597673576227283,-0.19348820043876735,-0.0903300323266288,-0.3732563781873851,-0.27066546381536233,0.1833596457056158,-0.11497139810960982,0.2467382909943343,0.407281351020715,-0.3082340639288131,0.6631469597249845,0.4647858446271503,0.33906738017619037,0.14556551097260095,0.1582877138307397,0.03342696437236449,0.19395293844271763,0.2790204963128507,0.29942796219219653,0.13491754317621088,0.23075267053492712,0.2316958153076497,0.14047389607638106,0.18105304164189204,0.09499449832215912,0.20384912417389403,-0.10829762368523568,0.20230113655779494,0.2849629918192442,0.43188171050922985,0.09832967693874343,0.2349387297616851,0.15504138218549882,0.30670316226874156,-0.09616317771444584,-0.005863900108666681,-0.27343338869183087,-0.1484769578797012
#58,0.07649382513549163,0.15854742036235894,0.15270060620971987,0.10996521299352784,0.46809710290529594,0.32494071173258426,0.224184829037924,0.06477627649177482,0.13099802486348322,0.3379704617992195,0.2746601603346114,0.49609756764329993,0.3139031841387653,1.0,-0.2248409297493832,-0.4786596409215481,0.15741633007333292,0.171536164134528,-0.056137617124228566,-0.19222042250152066,-0.2807906013573083,-0.4142729242272022,0.05553619147205763,-0.061413760345546374,0.050601767371291496,0.05038648432534394,-0.14129402196570506,-0.2632809136202407,0.21196153609579071,0.19969723685919122,0.266311962219534,0.14267798440393933,0.25194267320033625,-0.020134090582904475,0.1687545704932374,0.35877090466719974,0.10599443681271742,-0.24224468455907983,0.12982592827999098,0.0799212679146249,-0.02029469856956376,-0.07139537585686069,0.14261305777103453,-0.17445786261524476,-0.011092202653107251,-0.05450419972799158,0.11328672284529008,0.078308353665621,-0.059100321899411556,-0.13560439860851975,-0.054429021521470215,0.1304205195497509,0.01076073510617213,0.04273539321619202,-0.18172281111817332,-0.06555197889542712,-0.059383948769469445,-0.09294076640764358,0.16535104805254272,-0.010289162719810825,0.07807256747244035,0.02735461560016129,0.39679399121098424,0.003796499429329069,0.07320307000457904,0.008925703428809656,0.494279621921965,0.07351403440428106,0.1944586827411341,0.06107545841620022,0.19311914378857153,0.23317204190843294,-0.1093637873413569,-0.0355763776406345,-0.19995010900839946,-0.127683349394132,-0.30379513255284685,-0.10654118740560009,0.5015411532336881,0.3624819743163909,0.10205441535275665,0.34116895276758313,-0.08427476951045319,0.4617479616454459,0.45265481584756595,0.09605041040466378,0.17353522098975527,0.034059144745385087,0.08475659347043105,0.3090576070093426,0.2490688153964967,0.4631797647605574,0.15174037548096966,0.17374366965329177,0.1468777123955194,-0.05861508074822819,0.09492615449804878,0.21042380005330819,0.14368263861836125,-0.010832496121487982,0.137596621081336,0.3089995147588488,0.23792193768410116,0.24174235745186887,0.2302571778101272,0.2623992782892174,0.17349763188649459,0.07273833200062876,0.14321448342320547,-0.08012971657816141,0.04425604330264696
#101,-0.544269712067469,-0.29003410356823106,-0.5675715388978875,-0.38964181001783776,-0.4242306194000779,-0.23768956868212604,-0.20326820166895618,-0.5349920379444911,-0.30865779563829715,-0.4927658062179211,-0.27116779092257326,-0.38920782673473714,-0.11917454329239538,-0.2248409297493832,1.0,0.746153951298191,-0.4759429739131623,-0.3953621880958727,0.36439560139148025,0.40234009253753783,0.3083399968561841,0.48475932722339543,-0.4578352777151293,-0.11990582221037596,0.14293427374435308,-0.2695138703791032,-0.24659135177249708,-0.008925703428809656,-0.22597202003840922,-0.14943035422604037,-0.36916258312317607,-0.4812327858993022,-0.5560590217265017,-0.2613194458682741,-0.13612039448055277,-0.254751604371271,-0.16263779823536245,-0.017554111222739355,-0.24645124693307088,-0.03200883002207505,-0.11058714179293189,0.06931430641270102,0.11099720473759389,0.24384393004326163,-0.35040903778730037,0.13910360240296885,-0.5038272541501787,-0.4639623015466207,0.16772941313158238,-0.19554876673569394,-0.5457083495649916,-0.4127351881847197,-0.4957661000963648,-0.38715409482022156,-0.2251655629139073,-0.33066108981061926,0.06473185300610311,0.04665149433771417,-0.4439512298471149,-0.14060716653339622,-0.33278316554924514,-0.34304499073941186,0.4068029442519427,0.5899712272500496,-0.23738885585604058,-0.18125807311422304,0.3525276963347207,0.4242101162528448,-0.04504883166232684,0.07100581605943179,-0.40537114113683115,-0.3088662443018337,0.05640415803825887,-0.22692883357595392,0.23839009287925697,-0.050089188690463984,-0.03607870474784546,-0.3683629603810852,0.07981533498725388,0.21747688270149468,0.009246919402128226,-0.12597133660016813,0.06115747100513262,-0.3629227919819026,-0.3399455983160082,-0.34548486526015076,-0.43031321974589765,-0.26383791578673993,-0.10755267600243304,-0.04740669359413337,-0.18669824151340564,-0.5137507774109993,-0.5272110935695296,-0.33499750545041995,-0.40846028198661827,-0.31924767118419345,-0.27762286510979434,-0.5801775572550386,-0.49676391992837565,-0.5103404205878935,-0.5009773166847777,-0.39404656948174877,-0.49445048148224086,-0.5972703476650333,-0.583512735871623,-0.5943418148019054,-0.524429499928239,-0.2675763229655752,-0.0073777158127105846,0.033358620548254156,0.22889713571033155
#102,-0.5528741995229601,-0.3394774431208524,-0.4698774595233702,-0.35491289579617136,-0.6846923502757674,-0.39287105570705105,-0.25655588132778384,-0.4952774417539759,-0.2514608492403584,-0.5574395669735305,-0.2698624238820659,-0.5675373669858323,-0.3687730233257472,-0.4786596409215481,0.746153951298191,1.0,-0.5108461648863101,-0.35746895481789787,0.3296017605369091,0.5855391302564944,0.5325350774677247,0.6897019525830548,-0.3825955617520623,-0.08294548213150718,-0.1015965117312174,-0.29371100130536704,-0.1743826844087234,0.16548090131835236,-0.5708452080727725,-0.3548992270313493,-0.5034581974999829,-0.588638522679898,-0.6083898878477846,-0.35671375556147866,-0.36249222589000746,-0.4828457001483061,-0.43773535904427996,0.14654282765737875,-0.48663878238642966,-0.06594495588406153,-0.17492943500160607,0.20353474258298648,-0.01677157443667603,0.4267012486416665,-0.31965431693764995,0.29257307663392995,-0.3016969771526596,-0.24500577505313734,0.2218338014885285,0.04973721799629576,-0.2722510405347221,-0.32915069129778085,-0.3308387837533061,-0.34386853381994137,-0.21077918793868192,-0.2579227578099905,0.13943165275869845,0.2663768888524389,-0.33493599600872065,-0.04433122150916832,-0.36711226839986605,-0.3252653448971084,0.06017331993794381,0.6168645220374661,-0.24442826973940499,-0.11262720494262536,0.1480293058317785,0.49916278815464843,-0.18222172103417875,0.01101019006417485,-0.43644024357738914,-0.29712135812847273,-0.04404417744790492,-0.2966497857421114,0.1944552655499286,-0.05504411593846322,0.06223046904366487,-0.23020591994204442,-0.11867563337638994,-0.009339183564677177,-0.14478980856894866,-0.301679891196632,0.07974015678073251,-0.5879311641003561,-0.5337686834929162,-0.5038921807830835,-0.49508266185526145,-0.2976407711917113,-0.2084418291541085,-0.27243215166861445,-0.2749984622639575,-0.6674936269384018,-0.5155208824554569,-0.4470061987848468,-0.40817665511656037,-0.19596908125397247,-0.38224359105789407,-0.4310547502374948,-0.33843861699437533,-0.42282615381461053,-0.47447699888599565,-0.4466132217962124,-0.5377633800121652,-0.5175472768403283,-0.6312235594830473,-0.5714090446216827,-0.6034281262173744,-0.3263793492301068,-0.23150103540893527,-0.03126729953047793,0.12770726973257063
#201,0.5388808015363692,0.5503728155605219,0.7450980392156863,0.5363349940882592,0.29070045585330684,0.4090582904475837,0.33180584886446735,0.39356816271297645,0.31070469317040167,0.733377073380764,0.4327975177523083,0.28861938640914714,0.22471107648357355,0.15741633007333292,-0.4759429739131623,-0.5108461648863101,1.0,0.7460377667972033,-0.24473239975669597,-0.32403515606312233,-0.35095578838018304,-0.5109418462400646,0.3895324598992612,0.22666912704433465,0.05096057244787075,0.19313622974459912,0.23816114106848735,-0.028058556988497733,0.18676658533751597,-0.005713543695623945,0.45717575981246455,0.4994088259214456,0.6324571655082388,0.3403761644079033,0.09950860790464669,0.3326464779010245,0.18458641734839631,-0.04676767883870174,0.20228746779297288,-0.19862082162945346,0.044994156603038564,-0.2267203849124174,-0.2012247213280572,-0.4086653134589493,-0.1227967659702431,-0.49645295552867363,0.3461648863100486,0.28242401875354534,-0.34334228637429176,-0.027115412215775122,0.39139141191506227,0.4083577662504528,0.39123763831081404,0.3904311811863121,0.21997143228152188,0.4349605997854004,-0.4472488193604385,-0.540777342655431,0.06928013450064585,-0.2562551685016983,0.3387700845413104,0.37798918800702574,-0.11282881922375085,-0.39215344555389253,0.3886234870385938,0.2760372883904346,-0.0013907968206453023,-0.16700496859601283,0.45164674444193853,0.06704529145223792,0.7244001120838716,0.7087801310834546,0.09884909000198197,0.3165446729406297,-0.2778791544502081,-0.02552641830520985,-0.047273423137118215,0.019283209972730815,0.1742391623780917,0.008583984308257984,0.16924322883562626,-0.013501322452996536,0.2467587941415674,0.30771123367436903,0.2398902398184788,0.3266868964386033,0.4474196789207143,-0.021029394678749855,-0.12459079135313937,0.19354970988046666,0.05204382206001955,0.3806887690593839,0.21335233291643602,0.3531803798549744,0.18810612429007853,0.6046036399920721,0.5430941982927713,0.6414751330995975,0.6010360923735126,0.5315406748269192,0.5331740922231563,0.6370908767829195,0.5260834204717091,0.6606968336306289,0.6778955569679946,0.6203124679638324,0.6155796581441918,0.22260266950976976,0.17223668833165892,-0.12370915602211606,-0.35601323136434776
