,#10,#11,#12,#13,#17,#18,#26,#49,#50,#51,#52,#53,#54,#58,#101,#102,#201,#202,#301,#302,#401,#402,#501,#502,#601,#602,#701,#702,#801,#802,#901,#902,#1001,#1002,#1101,#1102,#1201,#1202,#1301,#1302,#1401,#1402,#1501,#1502,#1601,#1602,#1701,#1702,#1801,#1802,#1901,#1902,#2001,#2002,#2101,#2102,#2201,#2202,#2301,#2302,#2401,#2402,#2501,#2502,#2601,#2602,#2701,#2702,#2801,#2802,#2901,#2902,#3001,#3002,#3101,#3102,#3201,#3202,#3301,#3302,#3401,#3402,#3455,#3501,#3502,#3601,#3602,#3701,#3702,#3801,#3802,#3901,#3902,#4001,#4002,#4101,#4102,#4201,#4202,#4301,#4302,#4401,#4402,#4501,#4502,#4601,#4602,#4701,#4702,#4801,#4802
#10,1.0,0.4312837020482644,0.6543408579883678,0.6037835141027481,0.21408361183441657,0.5285813872429418,0.2959048380593088,0.6284624689889898,-0.239931246112945,0.2564772859300569,0.24178678093754058,0.09803238130386348,0.183803880562333,-0.17598192989290523,-0.3124918841708869,-0.21878224974200206,0.5227345730903027,0.5981656517608787,0.06079183154614233,0.039755602484981445,-0.013128848611595214,0.031612435842235116,0.33875983296769385,-0.10980118781566303,0.2600892570342881,0.04178883125226389,0.26813674232327994,0.24995728510993104,0.09797087186216417,-0.04401000553584975,0.21989625407500052,0.17183004257820242,0.3328925156678217,0.20416008857359605,0.21844394781265591,-0.03312966873748454,0.3122697667425283,-0.06767063744284747,0.1192599730725333,-0.1547919272274961,-0.11645445909280408,-0.17050758958166745,-0.03146207942919238,-0.08735024159541822,-0.08527258934246407,-0.22098292087835483,0.2852842077925628,0.1945167749916279,0.1690040254512401,0.06100369740088437,0.14263356091826762,0.19574354663440838,0.3866893568162713,0.2818909369254847,0.20628558150342743,0.14063792125424587,0.0401144075615607,-0.23741277619447917,-0.24627697018158953,-0.3839453522782414,0.14910230387031076,0.2176238219233319,-0.20871862164175534,-0.19690880883548958,0.24427449613515675,0.2711267846281071,-0.08778080768731333,-0.1298498486184296,0.22787539553988204,0.07359946418441897,0.4667336436142948,0.29741523657214713,0.3710693758158544,0.2626692363944532,-0.07473738885585604,0.47673917946404776,0.2488296120121105,0.324575072273594,0.10734764453010204,-0.08895290427080557,0.11444173347275473,-0.12631647291192533,0.1354130359010108,-0.07857147738844579,-0.06429445253179697,-0.08631483266014667,0.03703210109418462,0.13516016375180256,0.06425002904612524,0.03230612565695501,-0.11910961665949056,0.08485569201539103,-0.08299673999958994,0.048247322630690474,-0.3038634763769572,0.11749670241048668,0.29997129559387364,0.40401793341944653,0.24234036591283428,0.3817241779946555,0.3867952897436423,0.5006014256521709,0.18963702595015,0.518199960360582,0.29319500543333404,0.3930897559442041,0.36100574771560767,0.23928539697510234,0.16800962281043474,-0.2429520431386218,-0.26835202536922753
#11,0.4312837020482644,1.0,0.5048284911733951,0.41959007374298624,-0.08936296721546758,0.14054907428290242,0.42986556769797496,0.1796759135860688,-0.33800121652006915,0.0759129026305538,0.03509455368065665,-0.1451862027487886,-0.010583041163485261,0.005235136926851605,-0.1343878785393558,0.015838681237569967,0.3738612210307616,0.16139394063655438,-0.0895714158790041,-0.20676398827219977,-0.02379048517280736,0.12187412434475359,0.1998783479930836,-0.3068740218290174,0.04360335978239326,-0.16378597448041607,0.22491269076469905,-0.07056841558512565,-0.17900614410978752,-0.24607193870925853,-0.18537578851687067,-0.009537380654597147,-0.06578434789740226,-0.1290536430675442,0.16515626815382828,0.22722612921083385,0.2799807270416009,-0.0034171912055167134,0.21784252216048497,-0.07168583710932962,-0.23256036468264546,0.027563064263697812,0.06256535378180551,0.18108037917153616,0.11743177577758186,0.08805760017496018,-0.015746417075021016,0.00680021049897826,0.06868212603968042,-0.012260882045393969,0.002836268700578872,-0.044051011830315956,0.19237761329697442,-0.014413712504869497,0.06465667479958173,0.009838093480682618,0.08400822859642289,-0.12301546620739617,0.07140562743047725,-0.11576760366049522,0.1870570465899849,0.147615825695911,-0.0006458491378426588,0.11268529719311915,0.02174017044949733,0.25881464471463034,0.14474538508327695,0.19986467922826154,0.04809013183523671,0.02176409078793595,0.28056506673774423,0.1827616372446504,0.14268481878635036,0.06211770173388282,-0.09925231856423294,0.2349421469528906,0.22938237686151491,0.13155502702998242,0.17939912109842193,-0.07148764001940965,-0.08680349100253555,-0.3425016573377347,-0.017417423574518687,-0.2577997389265919,-0.2956075424244288,-0.10805842030084951,-0.017243146823037337,-0.31755274434625713,-0.19066560050301054,-0.30805978717733173,-0.06762621395717576,0.03717220593361081,-0.06309843560986611,0.039342122349113925,-0.11424011919162926,0.149355176019519,0.11694311743519296,0.3734784956157437,-0.1091211667657652,0.37157512011427085,0.1975888298853874,0.0773276197896377,-0.12334351656312577,0.31160341445745254,-0.10416282232656046,0.10359215139523917,-0.08678298785530246,0.10683848304048005,0.07294336347295977,0.008614739029107634,0.10745699464867857
#12,0.6543408579883678,0.5048284911733951,1.0,0.7316138027187173,-0.06798160184254949,0.44997573794244083,0.31058850866941407,0.41550994744359926,-0.2854994908385104,0.12024412413972212,0.09660057818875198,0.041785414061058374,0.0218973612449511,-0.1219595541248915,-0.19674478365762477,-0.0378453926010976,0.5819613310643184,0.5806730499798386,-0.007586164476247104,-0.11061789651378154,-0.0034035224406946465,0.13000703941388336,0.33828484339012704,0.0020844866353651953,0.3197294951441713,0.15246482001653922,0.24856307109808023,0.33308729556653616,-0.04438589656845659,0.02518128199345266,0.12977467041190824,0.15041450529322917,0.31924425399298795,0.21937342382055647,0.3566556633109849,-0.00958522133147438,0.3136093056950909,0.10391678455976326,0.32610597393366547,0.04362386292962636,0.03749000471572386,0.020766270955925068,0.12320341172369959,0.00413821854988074,-0.06720248224769168,-0.1501342956143768,0.33294377353590443,0.3178773775107812,0.14252079360848557,0.04549648371024952,0.12668894675332665,0.13484919935210055,0.3182840232642377,0.1963791441986345,0.07913531393735605,0.18488713017448177,-0.13509181992769223,-0.2241062336401971,-0.3942140118508191,-0.4157867399312461,0.08461648863100486,0.18007914214831977,-0.09156705554302585,0.003195073777158127,0.10230387031075937,0.2423642862512729,0.05328767965882763,-0.1751413008563481,0.40880883548958097,0.29481133687354344,0.5447344500714193,0.45070018247801036,0.30360035265413243,0.20772080180974445,-0.08792774690915056,0.31270716721683445,0.23047587804728026,0.21857038388726002,0.204351451281105,0.13907968206453025,0.028950443893137598,-0.04662073961686452,0.07566344767255107,-0.06997382431536574,-0.1820303583266698,-0.2018398157450502,-0.18016115473725217,0.06562032271953745,0.18806511799561232,0.04041512038764617,0.02216048496777589,0.029179395703907218,0.06304034335937234,-0.17624505361573,-0.47386190446900267,0.3919689172287946,0.4559797428905337,0.5377052877616714,0.35727759211038895,0.5841073271413829,0.3233722209692521,0.2918896383928266,0.1088136195572687,0.6096064079169485,0.2101196700360172,0.4755602484981445,0.30046337112746807,0.20391063361559333,0.05924384393004326,-0.29882653654002556,-0.28770357916606865
#13,0.6037835141027481,0.41959007374298624,0.7316138027187173,1.0,-0.06441063703278453,0.46296448171460985,0.4288745822483751,0.2524381659251362,-0.3070756361101429,0.06054579377934513,0.11457158673856437,-0.043183045264114706,0.03665279287037227,-0.23603564813865596,-0.2779816701863736,-0.05612053116820098,0.4537141451212761,0.3564437974562429,-0.04910503762327517,-0.03893547659565744,-0.02256371353002686,0.2308141799766264,0.3366582603763011,0.03674505703292122,0.2778859888326191,0.273262529131555,0.3326772326218741,0.2617670979161968,-0.012110525632351233,-0.055396086632631444,0.005628113915486027,0.13688926250179403,0.15716004073291917,0.12113601104436197,0.30777957749847934,0.04884191390045039,0.39906642336265286,0.18491788489533142,0.1873850969457145,0.11027276020202434,-0.07637764063450406,-0.05939078315188048,0.27032032750360513,0.1845624970099577,0.19387092585378524,0.11850135662490859,0.2143330667924193,0.2437755862191513,0.15175404424579172,0.10103609237351267,0.053393612586198645,0.1416254895126402,0.3220190132518675,0.25413309276307244,0.1255783596115337,0.19835769790662866,-0.003444528735160847,-0.0750586048291746,-0.17286203432226846,-0.17554111222739358,-0.03827254150178719,0.11236408121980057,-0.29633198695999835,-0.33877691892372147,-0.0096501479643792,0.15930261961877815,-0.11705246755376951,-0.18953792740519004,0.2083837369036147,0.15872511430504582,0.3328890984766162,0.3108550495834444,0.15803142449032592,-0.0097116574060785,-0.08858726481181528,0.24744906676508177,0.14075752294643895,0.21223491139223205,0.20935421920598146,0.11991949097519802,-0.18416952002132328,-0.214780718840342,0.23493531257047956,-0.15542410760051667,-0.10616871356419877,-0.26297678360294974,-0.1761015315850983,-0.07339784990329348,-0.03993671361887383,0.023212979859075035,0.08752451834689959,0.15830479978676726,0.20127256200493443,-0.1754044245791729,-0.3816729201265728,0.103968042427846,0.44592978355510904,0.523913504056206,0.1340598281836262,0.6266684436060935,0.3195073777158127,0.1911850135662491,0.03927377852500359,0.4422016279498903,0.1531790129784922,0.3744250575796718,0.20304950143180311,0.09563693026879626,0.08395697072834013,-0.28780267771102863,-0.236148415448438
#17,0.21408361183441657,-0.08936296721546758,-0.06798160184254949,-0.06441063703278453,1.0,0.3041744407766592,-0.12205523547864597,0.3628510309665867,0.1264155714568853,0.1697011324571655,0.35320430019341303,0.32193016628052407,0.3923277223053739,0.20632658779789365,-0.08798583915964434,0.0027713420676740547,-0.025321386832878847,0.07118351000211866,0.1297678360294972,0.16695712791913558,-0.30641270101627266,-0.19463295949261544,-0.13746335062432083,-0.07907380449565675,-0.0342265871144554,-0.11948209050089188,-0.11358401848017004,0.2710926127160519,0.24468114188861323,0.11042995099747811,0.4153322535009124,0.05425132757878334,0.1302599115630916,0.14513836207191136,0.01745842986898489,0.029992687210820195,0.006625933747496908,0.022372350822517924,-0.05403604453283579,0.014717842522160485,-0.10013395389525626,0.05379000676603859,-0.28682536102625084,-0.3634900457220183,-0.09379848140022827,0.05368749102987309,0.25971336600168127,0.26071460302489763,-0.11605464772175862,0.1044361976230018,0.06625592028376356,0.17538392143193982,-0.12923133701023107,0.19488924883302922,-0.23408784915151143,-0.12245162965848591,-0.33294035634469893,-0.26300412113259386,-0.1420560556045353,-0.2958023223231433,-0.17713694052036988,-0.01354916312987377,0.07318256685734593,0.027176921657474422,0.2571265522591051,0.08408340680294425,-0.1566132901400365,-0.025560590217265016,-0.16891176128869115,-0.11039919627662846,-0.08946890014283859,-0.09064441391753635,0.22483067817576666,0.25659688762225,-0.2067708226546108,0.00411771540264764,-0.09963504397925081,0.0030105454520602246,-0.0353303398738373,-0.049603947539280616,-0.05490742829024255,0.3641598151982996,0.024655034547803087,0.28508259351143733,0.3944805527648494,0.006369644407083154,0.048824827944422805,0.2824718594304226,0.21027344364026546,-0.01113662613877897,-0.08238847996500796,-0.1362092414518962,0.04638153623247835,0.09080843909540115,-0.03291096850033147,-0.143323833541782,0.007497317504903669,-0.10299072574306822,0.22463248108584669,-0.09291684606920496,0.13253576090596572,0.2770043535015958,0.3315017188471764,-0.0363110737498206,0.16096337454465928,0.13646211360110444,0.16265146700018454,-0.1519932476301779,-0.06662839412516489,-0.07412229443886303,-0.36618962677437655
#18,0.5285813872429418,0.14054907428290242,0.44997573794244083,0.46296448171460985,0.3041744407766592,1.0,0.2994758028690737,0.4015951448547352,-0.045018076941477185,0.06603722004661049,0.08365967509346017,0.36541050717951873,0.34137740143111966,-0.15654152912472064,-0.2312857523629877,-0.15377702143945762,0.422200807824001,0.47958228254703766,-0.07837669748973133,0.009168324004401342,-0.12153240522420192,-0.061748645083687013,0.1444446722571915,0.08548103800600058,0.14937909635795762,0.021487298300289094,0.15823645596265692,0.31823618258736047,0.21591180912936803,0.015790840560692732,0.3398259966238151,0.07658267210683506,0.27739391329902474,0.21077235355627089,0.26323307294336346,-0.08438070243782421,0.12295737395690239,0.06771164373731368,-0.028588221625352826,-0.040896944347624024,-0.013576500659517902,-0.11392573760072171,0.06011522768745002,-0.2063778456659764,0.01479643791988737,-0.09685686752916572,0.26490407944286115,0.23214688454677793,0.17942987581927158,0.2927131814733562,0.22176204047321263,0.2684101176197213,0.19493367231870093,0.2069519337885032,-0.11646812785762614,-0.036147048571955796,-0.14100697790444167,-0.203022163902159,-0.1789207143296496,-0.1301778989741592,-0.04315912492567609,0.003967358989604904,-0.31761083659675093,-0.3159159097588146,0.12883152563918562,0.19627321127126346,-0.14937226197554657,-0.2706791325801844,0.07907038730445123,0.11580177557255039,0.26459994942557014,0.31040056315311065,0.30859628619659785,0.15159001906792693,-0.04750920933029887,0.258223470636076,0.045161598972108884,0.05753183113607939,0.136981526664343,0.08315393079504371,0.1247001414717159,0.17624847080693554,0.2798132846725306,0.27114387058413464,0.24834778805213267,-0.17810400563153111,-0.13546429376909355,0.13295265823303878,0.12121802363329438,0.2518059855521156,0.18354759122191924,0.16522802916914414,0.1616263096385295,-0.07159699013798618,-0.2919819025553756,0.10687265495253521,0.24257956929722047,0.25962793622154334,0.169492683793629,0.27988504568784645,0.21423396824745933,0.31293270183639854,0.018702287467792972,0.4287242258353324,0.14796096200766817,0.27265426909697305,0.26980433163157214,0.01622140665258784,-0.026883043213799983,-0.22333394842775034,-0.22706210403296906
#26,0.2959048380593088,0.42986556769797496,0.31058850866941407,0.4288745822483751,-0.12205523547864597,0.2994758028690737,1.0,0.06559298518989332,-0.22724663235806697,-0.0911467410247473,-0.12090364204238684,0.015312433791920392,0.1923741961057689,0.005361573001455723,-0.33871540948202217,-0.18048237071057074,0.15151484086140557,0.14247637012281386,0.058867952897436425,0.06230223005898072,0.12952863264511102,0.192698829270293,0.12017236312440627,0.14288301587627034,-0.21532063505081364,0.13603496470041485,0.0831744339422768,-0.06026558410049276,0.10380743444118672,-0.031800381358538535,-0.16510501028574553,-0.05272726030112289,-0.1781415947347918,-0.25027166670083856,0.04602614834710461,0.046449880056588684,0.32667664486498676,-0.04509325514799855,0.0650769893178603,0.00294220162794989,-0.20357233168624717,-0.14846670630608466,0.1407882776672886,0.3123654480962828,0.46934437769530957,0.42104921438774184,-0.22285554165897797,-0.10243030638536349,0.05570705103233346,0.11236749841100609,-0.10161701487845051,0.1235929715211285,0.1254724266841627,0.10446011796144042,0.16342716940383684,-0.016785243201498098,0.11730192251177222,0.06879147615825695,-0.09862697257362338,0.19802281316848802,-0.0690853546019314,-0.16502299769681314,-0.17815526349961386,-0.1376444617582132,-0.032381303863476374,0.10534858767487476,0.21346510022621806,0.35152645931150434,0.08273019908555963,-0.00796547270005946,0.24934902507534906,0.08932196092100138,0.05679713502689329,-0.15735823782283914,-0.0004920755335944067,0.05415564622502887,-0.03278794961693286,-0.11496456372719879,0.4628517144048278,0.22213109712340845,-0.006858302749472044,-0.2889166820440271,0.18882715163444255,-0.12028513043418831,-0.0017940253828962747,-0.11044020257109466,-0.00587415168228323,-0.31343502894360953,-0.2925423219130803,-0.0639766537496839,0.2941928252653449,0.13879947238567786,0.3303603769845338,-0.16540914030303652,-0.21774000642431945,-0.10873502415954182,0.0804748528899186,0.26521162665135767,-0.20821629453454438,0.35077467724629063,0.045875791934061876,0.012301888339860168,-0.16629419282526534,0.20550987909977514,-0.18632918486320985,-0.08318810270709888,-0.1580860995496142,-0.07200705308264818,0.01664855555327743,-0.17570513740525837,-0.18698528557466904
#49,0.6284624689889898,0.1796759135860688,0.41550994744359926,0.2524381659251362,0.3628510309665867,0.4015951448547352,0.06559298518989332,1.0,0.10883412270450181,0.2715812710584408,0.28460076955145946,0.3106705212583465,0.31304888633738615,-0.014943377141724588,-0.05272726030112289,-0.12014502559476213,0.29458921944518485,0.41203124679638325,0.08725456024166377,-0.10995154422870577,-0.2555546443045674,-0.2896787156828573,0.12184678681510945,-0.25684634258025274,0.0035231241328877315,-0.2523014782769155,-0.0030242142168822915,0.2714548349838367,0.27693259248628,0.08872395246003595,0.393684347213964,0.17318666748679257,0.3810304881799356,0.17453645801297166,0.03310574839904592,-0.09595131185970379,0.020916627368967804,-0.19837136667145072,-0.0892057764200138,-0.2946063054012124,-0.03540551808035867,-0.08955432992297652,-0.06152311046412291,-0.19810140856621491,-0.17651842891217134,-0.2567643299913203,0.33950819784170205,0.22302640121925382,-0.051233947744312086,-0.04844893691181596,0.08896657303562763,0.12175793984376602,0.19247329465072888,0.22837430545588747,-0.05763434687224489,-0.010565955207457678,-0.2306877439020223,-0.49261203261367287,-0.23690361470485718,-0.445506051845625,0.01973427921185902,0.2524450003075472,-0.1865034616146912,-0.13963668423102946,0.32290748296530186,0.1017400337618491,-0.057542082709695935,-0.10223552648664903,0.06307793246263302,0.06480361402141896,0.32469125677458155,0.1565346947423096,0.2851782748651918,0.23774082655020878,-0.3016935599614541,0.2580696970318277,0.06663864569878143,0.1123094061605123,-0.043511095619844314,-0.155082388479965,0.14527163252892653,0.1377606462592008,0.014126668443606093,0.24417881478140227,0.07776502026394384,-0.00414847012349729,0.06761937957476473,0.24461621525570842,0.19840895577471143,0.07642889850258681,0.04020325453290413,-0.11863462708192374,-0.1375829523165139,-0.03191314866832059,-0.19822442744961352,0.23914187494447064,0.10045858705978035,0.29437393639923726,0.31107033262939193,0.1432623241000827,0.3303672113669448,0.42900785270539027,0.23109097246427326,0.34709777950915466,0.2899896800825593,0.3081349653838531,0.4115699259836385,0.1366808138382575,-0.08578516802329157,-0.1836637757229068,-0.16885025184699184
#50,-0.239931246112945,-0.33800121652006915,-0.2854994908385104,-0.3070756361101429,0.1264155714568853,-0.045018076941477185,-0.22724663235806697,0.10883412270450181,1.0,0.24427791332636226,0.20489478468278213,0.3251218228664767,0.18115555737805752,0.13944873871472604,0.3865458347856396,-0.006974487250459612,-0.0097526637005447,-0.10741940554541789,-0.1281754249277264,-0.19389484619222383,-0.1827035449941566,-0.2961235382964618,-0.308934588125944,0.11414102064666927,-0.17230161496456373,-0.13279888462879053,-0.21956136933685988,-0.06810803791715361,-0.08488302954503517,0.0770986679788681,0.038621095004749896,0.10087206719564787,0.034783589280954624,-0.12311114756115063,-0.2838011468093686,-0.0670418742610324,-0.24705608977644736,-0.09131760058502314,-0.15061953676556017,-0.001988805281610727,0.1307109808022198,-0.01637859744804161,-0.0909041204491556,-0.24497502033228769,-0.2262522297172616,-0.10104634394712922,0.07256405524914741,0.054121474312973705,-0.1002228008665997,-0.08315393079504371,-0.09581120702027761,-0.1430402066717241,-0.1963381379041683,-0.24073428604624142,-0.19988176518428913,-0.03249407117325843,-0.18521176333900588,-0.10554336757358922,0.15684224195080612,0.009424613344815095,0.05517396920427286,0.13434003786247856,0.07004900252188712,0.0629344104320013,0.03610604227748959,-0.12052091662736897,0.09189852308996098,0.09799820939180831,-0.11295525529835497,0.0037144868403966675,-0.16641721170866394,-0.2158468824964632,-0.11460917584182505,0.047157238636130645,-0.1307690730527136,-0.16284966409010448,-0.1730533970297774,-0.18850251846991847,-0.1301539786357206,-0.14955337310943898,0.062346653544652436,0.12697940800579555,-0.11848427066888101,0.4266192360527341,0.22765327811152344,0.15288855172602328,0.01784457247520828,0.1022902015459373,0.3096521982791025,0.10050642773665758,-0.13106295149638802,-0.2128397542356085,-0.1333661383689063,0.0022485118132299976,-0.03923960661294842,0.12871192394699252,-0.11258278145695365,-0.08369042981430982,0.05037281556052187,-0.27673439539636,-0.1477456789617206,0.08544686609394542,0.04068507849288199,-0.08960217059985374,-0.026302120708862144,0.018415243406529568,-0.017547276840328325,0.04151545595582255,-0.19706599963094334,0.1468640436306973,0.12047649314169726
#51,0.2564772859300569,0.0759129026305538,0.12024412413972212,0.06054579377934513,0.1697011324571655,0.06603722004661049,-0.0911467410247473,0.2715812710584408,0.24427791332636226,1.0,0.20254375713338665,0.27950573746403407,0.27372384994429977,0.2921390933508293,0.2794886515080065,-0.08987554589629508,0.5808029032456482,0.3220839398847723,-0.19072710994470984,-0.2566139735782776,-0.02131643874001326,-0.3143952596723597,0.19853880904052104,-0.034756251751310495,0.17459113307225993,-0.06772531250213575,0.24107942235799862,0.05272726030112289,-0.13763762737580218,-0.21882325603646827,0.043517930002255345,0.2484810585091478,0.08934246406823447,0.11623234166444549,0.13726173634319536,-0.05995120250958522,0.18334255974958824,-0.0026927466699471704,0.15110477791674357,-0.09437940390516611,-0.1691270443346387,-0.3393373382814262,-0.19007100923325063,-0.29677622181671554,-0.18515025389730658,-0.3293215508580567,0.16469494734108353,0.12009035053547386,0.099060955856724,-0.029681722811118173,0.18093685714090446,0.12971999535261997,0.2085887683759457,0.11055980426328775,0.17358306166663248,0.0871998851823755,-0.008061154053813926,-0.25824397378330904,0.04686336019245621,-0.2393776611376513,0.19430149194568033,0.35355627088758124,0.08978328173374613,0.18356809436915233,0.1093432841941238,0.23709156022116062,0.15061611957435467,-0.01294432028649731,0.18245409003615387,-0.01714404827807735,0.1997758322569181,0.3811910961665949,0.26057108099426596,0.20957633663434003,-0.12151873645937984,0.07555409755397453,0.2563508498554528,0.28463494146351465,-0.005293229177345389,-0.4043767384960258,0.022228828791886222,-0.07857147738844579,-0.18667090398376152,0.12858890506359394,-0.08768854352476438,-0.04915629549135792,0.05023271072109569,-0.0073367095182443835,0.09541139564923215,-0.2552778518169206,-0.20256767747182525,-0.10046200425098586,-0.26402927849424884,0.044864303337228933,-0.1827274653325952,0.17911891141956957,0.20352107381816442,0.32125356242183173,0.2718170572516215,0.07186353105201648,0.2151463582993323,0.3538843212433109,0.32892515667821676,0.10615504479937671,0.25187774656743145,0.15420417034014722,0.17881136421107308,0.13944873871472604,-0.10258066279840622,-0.0669803648193331,0.05698849773440223
#52,0.24178678093754058,0.03509455368065665,0.09660057818875198,0.11457158673856437,0.35320430019341303,0.08365967509346017,-0.12090364204238684,0.28460076955145946,0.20489478468278213,0.20254375713338665,1.0,0.2688133461819723,0.16086085880849377,0.17639541002877274,-0.022027214510760736,0.09635795761316028,0.07295703223778183,0.028694154552723842,0.11611273997225241,0.27978936433409196,-0.12624129470540393,0.07340468428570453,-0.08053294514041238,-0.25924521080652546,-0.029811576076927807,-0.02053390195394993,-0.14953628715341138,0.2654644988005659,-0.03716878874240529,0.0640176600441501,0.2939467874985477,0.1289716304786118,0.06938606742801687,0.09267764268481879,0.014745180051804618,-0.00998161551131432,0.026995810523582037,0.1770173388281768,-0.07690730527135915,0.07980166622243182,-0.16523486355155517,0.06981663351991198,-0.09001223354451575,-0.005535849752937076,-0.2862956963893958,-0.044163779140098,0.11248710010319918,0.3543012185703839,-0.24797873140193685,0.02321639705028055,-0.017277318735092504,0.00047157238636130646,-0.17200431932968377,0.07991101634100835,-0.28122116744920345,0.08800634230687744,-0.2998516939016806,-0.11537120948065528,-0.028783001524067278,-0.32569249379779797,-0.079736739589527,0.03126729953047793,0.17450912048332753,0.1985490606141376,0.12899555081705041,0.11102454226723803,-0.02842419644748802,0.07150814316664275,-0.05152099180557549,-0.07407445376198579,-0.018415243406529568,-0.11094936406071665,0.10861883965855426,0.1487229956464984,-0.2115924794455949,-0.08862485391507596,-0.07603592151395239,-0.11250418605922675,-0.13323286791189115,-0.15271769216574743,-0.056028267005652034,0.024022854174782497,-0.01017981260123429,0.1806976537565183,0.061290741462147774,-0.07287160245764392,-0.005880986064694264,0.06033734511580861,0.2202413903867577,-0.000990985449599847,0.05327742808521108,-0.06939631900163341,-0.0698439710495561,0.04703080256152653,-0.17061010531783297,-0.00024262057559168665,0.07161065890280825,0.08259351143733897,0.2158229621580246,0.08940397350993377,-0.06175206227489253,0.33552375289606956,0.24643416097704332,0.1022696983987042,0.22867501828197295,0.22689807885510427,0.05172602327790649,-0.025010422433176825,-0.20682549771389908,-0.15212651808719305,-0.10709135518968828
#53,0.09803238130386348,-0.1451862027487886,0.041785414061058374,-0.043183045264114706,0.32193016628052407,0.36541050717951873,0.015312433791920392,0.3106705212583465,0.3251218228664767,0.27950573746403407,0.2688133461819723,1.0,0.4755329109685003,0.2254321038279376,-0.027788598883261913,-0.1896506947149721,0.0998776645548425,0.17960415257075293,-0.06251409591372276,-0.10272760202024345,-0.17249639486327817,-0.2995099747811289,-0.07828101613597688,0.01393188854489164,0.012807632638276643,-0.08094984246748542,-0.10456605088881143,0.07607351061721307,0.2194007613502006,0.17341220210635666,0.43002275849342875,0.236353446920769,0.2500119601692193,0.10248156425344623,0.05995461970079074,-0.0414231917932736,0.0782263410766886,0.08741516822832304,0.006725032292456892,-0.01839132306809095,0.07332950607918315,-0.09976831443626596,-0.19242887116505716,-0.393267449886891,-0.199656230564725,-0.21278849636752575,0.21537872730130742,0.05352004866080277,-0.09863038976482891,0.020383545540907197,0.006256877097301102,0.04234925060996863,-0.15740266130851086,0.02416295901420868,-0.1805131254314204,0.13445963955467163,-0.22490585638228802,-0.1589677348806375,-0.12284460664712034,-0.03362857865348998,0.030747886467239388,0.09655615470308025,-0.22877753401813844,-0.07617602635337857,0.19015985620459408,0.06052529063211203,-0.09951202509585222,-0.17656968678025411,0.11442464751672715,0.2025335055597701,0.10283011775640895,0.08831388951537394,0.20809327565114577,0.2394596737265837,-0.05296988087671457,0.002405702608683766,0.02841736206507699,-0.061857995202263545,-0.17333018951742427,-0.09202154197335957,0.39933638146788863,0.29493435575694205,-0.12579705984868678,0.627987479411423,0.0965253999822306,0.027904783384249482,0.006762621395717576,0.304437564499484,0.3774868608998148,0.22992229307198656,0.11356693252414246,0.0040562059609483385,-0.032166020817528826,0.005546101326553626,-0.17211025225705479,0.11441781313431612,-0.002135744503447946,-0.04260553995038238,0.2129456871629795,-0.18572092482862787,-0.014994635009807338,0.12943636848256207,0.24640340625619367,0.07353795474271968,-0.004688386333968931,0.007572495711425037,0.10420724581223217,0.0822347063607597,-0.1774308189640443,-0.10586116635570227,-0.12247896718813005
#54,0.183803880562333,-0.010583041163485261,0.0218973612449511,0.03665279287037227,0.3923277223053739,0.34137740143111966,0.1923741961057689,0.31304888633738615,0.18115555737805752,0.27372384994429977,0.16086085880849377,0.4755329109685003,1.0,0.48514546982961887,-0.10349988723269021,-0.23920338438616995,0.0032736691748850113,0.08259351143733897,0.1302804147103247,-0.025164196037425077,-0.18543046357615894,-0.23338390776317497,-0.09848003335178616,0.033963463391630616,-0.2314429431584415,-0.04287891524682372,0.04932715505163376,0.15701993589349297,0.45370047635645405,0.2703271618860162,0.23014441050034515,0.11848427066888101,-0.05437434646218194,-0.04786801440687812,-0.028178158680690818,0.02938442717623822,0.05279902131643874,-0.1235314620794292,-0.3953929428167224,-0.20619331734087848,-0.12261565483635072,-0.2610631565278604,-0.02471312679829687,-0.16615408798583917,0.08913743259590347,0.003362516146228446,0.03498520356208011,0.148846014529897,0.04772790956745194,0.07147055406338207,-0.18650004442348567,-0.06664548008119246,-0.023930590012233546,0.04136509954277982,-0.15204108830705512,-0.06941682214886652,-0.24519372056944075,-0.367197698180004,-0.018750128144670208,-0.19172492977672073,-0.15189756627642342,-0.041867426649990776,-0.10154867105434018,-0.07556434912759108,0.3656292074166718,0.37837533061324913,0.20531851639226623,0.15899165521907613,0.047762081479507106,0.08281562886569756,0.20221570677765704,0.17291670938155673,0.12691448137289074,0.14470779598001626,-0.08908275753661521,-0.046743758500263126,-0.10438835694612457,-0.008071405627430478,0.08079265167203166,-0.020595411395649233,-0.13031458662237988,0.32569249379779797,0.3741414307096139,0.5958043726378666,0.46845932517308075,0.07453919176593607,0.04758438753682023,0.12488808698801933,-0.05529015370526042,0.09916005440168399,0.11014974131862575,-0.03912000492075533,-0.05049925163512599,-0.06919470472050793,-0.016932182423335315,-0.03855958556305059,-0.21234084431960307,0.008095325965869093,0.09362420464874692,0.08944839699560549,0.13830397966087796,0.19030337823522578,0.13404957661000963,0.04018275138567103,0.03813927104477204,0.045089837956793034,0.24953013620924144,-0.050352312413288774,-0.15056827889747743,-0.10549894408791749,-0.21476705007551994
#58,-0.17598192989290523,0.005235136926851605,-0.1219595541248915,-0.23603564813865596,0.20632658779789365,-0.15654152912472064,0.005361573001455723,-0.014943377141724588,0.13944873871472604,0.2921390933508293,0.17639541002877274,0.2254321038279376,0.48514546982961887,1.0,0.03277769804331632,-0.14265748125670624,-0.1276252571436382,-0.0013497905261791018,-0.015951448547352018,-0.003994696519249038,-0.029107634688591365,-0.06649512366814973,-0.11915404014516229,0.028940192319521045,-0.12080454349742685,0.06822422241814119,0.014926291185697004,0.15062978833917673,0.09818957209931725,0.009099980180291008,-0.013286039407048983,0.045964638905405315,-0.15464157081445334,0.04690094929571689,0.13079641058235772,0.057514745180051806,0.15531134029073462,-0.0342265871144554,-0.20628899869463296,-0.022943021753839214,-0.26595315714295475,-0.2749403700134637,-0.1607070852042455,-0.09693204573568709,-0.02758356741093091,0.029340003690566503,-0.03877486860899815,0.1407916948584941,0.07585139318885449,0.1350200589123764,0.03300664985408593,0.13425119089113513,0.09699013798618088,0.1449025758787307,0.05124078212672312,0.08201942331481216,-0.1581886152857797,-0.15105693723986632,0.10112835653606161,-0.049703046084240594,-0.05507487065931287,-0.023636711568559107,0.2873276881334618,0.334905241287871,0.06939631900163341,0.23566659148846014,0.4484004127966976,0.42493797797961985,0.10165118679050568,-0.1545083003574382,0.04748870618306577,0.06589028082477327,-0.03023530778641188,0.311289032866545,-0.09573944600496176,-0.16612333326498951,-0.09876707741304958,-0.0704761514225767,0.03995721676610693,-0.22685365536943253,-0.10529391261558649,0.09280749595062843,0.011249393448561022,0.27752034937362885,0.12355196522666229,-0.02713591536300822,0.05823235533321031,-0.05561820406099003,-0.09893110259091437,-0.033751597536888577,0.1012684613754878,-0.0050266882633150855,0.06861378221557009,-0.014594823638761883,-0.12493592766489656,-0.01339197233442,-0.14447542697804114,-0.07905671853962917,0.053882270928587536,0.0657535931765526,0.10305223518476753,-0.005241971309262639,0.21857038388726002,-0.00037930822381235517,0.18764822066853928,0.08971152071843028,0.12909806655321593,-0.11566508792432972,-0.17512763209152604,-0.04565709169690881,-0.1742357451868862
#101,-0.3124918841708869,-0.1343878785393558,-0.19674478365762477,-0.2779816701863736,-0.08798583915964434,-0.2312857523629877,-0.33871540948202217,-0.05272726030112289,0.3865458347856396,0.2794886515080065,-0.022027214510760736,-0.027788598883261913,-0.10349988723269021,0.03277769804331632,1.0,0.4549511683376732,0.16778067099966512,-0.26181152140186853,-0.0704351451281105,-0.21316438740013258,-0.024057026086837664,-0.1812273183933734,-0.1380921138061359,-0.027487886057176444,-0.17030939249174748,-0.31127536410172296,-0.14263697810947315,-0.08563822880145436,-0.24575072273593998,-0.16905528331932285,-0.07933009383607051,-0.02259105105967099,-0.09113990664233626,-0.21767507979141465,-0.11594188041197658,-0.045308538193946105,-0.17915308333162475,-0.04953560371517028,0.0700079962274209,-0.043439334604528465,-0.010388261264770809,-0.03667329601760537,-0.04460459680560966,0.002122075738625879,-0.13775039468558423,-0.10574156466350919,-0.07000457903621539,0.011051196358641052,-0.08954749554056547,-0.09107156281822593,-0.11319787587394665,-0.1470246516173566,-0.11617766660515723,-0.15540360445328358,-0.1497037295224817,-0.09045646840123292,-0.1427497454192552,-0.1310185280107163,0.13881997553291098,0.04338465954524019,-0.10174686814426015,0.02663017106459175,0.31548534366691955,0.29228261538146105,-0.1509099980180291,-0.15243406529568956,0.1896951182006438,0.12617978526370466,0.04875648412031247,0.19169417505587108,-0.16801987438405128,0.023199311094252967,-0.03243597892276465,-0.14430798460897082,-0.2359194636376684,-0.3191690757864666,-0.23669858323252618,-0.2571231350678996,0.02253979319158824,-0.10820877671389224,-0.05480832974528257,-0.032384721054681896,-0.16780800852930924,0.09004982264777643,-0.07636738906088751,-0.14773201019689855,-0.19664226792145928,-0.19461587353658788,0.07383866756880514,-0.25464225425269443,-0.22554487113771965,-0.3495581571771267,-0.23228698938620412,-0.17049050362563986,-0.03365591618313411,0.026824950963306202,-0.13235123258086784,-0.22444795276074878,-0.08755527306774924,-0.35588337809853815,-0.19133195278808632,-0.13043418831457296,-0.19698398704201095,-0.2593955672195682,-0.1784730622817269,-0.2246564014242853,-0.12863332854926565,-0.13422385336149098,-0.25172397296318316,-0.03732256234665354,0.2114899637094294
#102,-0.21878224974200206,0.015838681237569967,-0.0378453926010976,-0.05612053116820098,0.0027713420676740547,-0.15377702143945762,-0.18048237071057074,-0.12014502559476213,-0.006974487250459612,-0.08987554589629508,0.09635795761316028,-0.1896506947149721,-0.23920338438616995,-0.14265748125670624,0.4549511683376732,1.0,-0.04155646225028875,-0.16386456987814296,-0.05721744954517185,0.134230687743902,-0.3509147820857168,0.27921527621156517,-0.31066368687593543,-0.20123497290167375,-0.05779495485890417,-0.22814535364511787,-0.3835797128192511,0.16923639445321523,-0.1891859567110218,-0.03327319076811624,0.07976407711917112,-0.04801495362871534,0.07621019826543374,-0.006807044881389293,-0.030669291069512505,-0.14174167401362775,-0.1578810680772832,0.04546572898939987,0.1299147752513344,0.09434864918431646,0.019987151361067258,0.4041853757885169,-0.021237843342286376,0.007842453816660858,-0.3538501493312557,0.06267128670917653,0.10201682624949597,0.19460903915417682,-0.3540039229355039,-0.007972307082470492,-0.006089434728230783,-0.06416459926598733,-0.2747216697763107,-0.0769175568449757,-0.33190494740942733,-0.06800552218098811,-0.4592704980214463,-0.04860271051606421,-0.33793287269595884,-0.12200397761056322,-0.23996883521620568,-0.2819626979408006,0.3638078445041314,0.3283715717029231,-0.17106459174816668,-0.18791817877377512,0.12342552915205818,0.12540408286005236,0.1497242326697148,0.2956519659101005,-0.048503611971104234,-0.05629480791968234,0.0012062684955474,-0.39161011215221536,-0.06091826762074645,-0.18714247637012282,-0.19714801221987574,-0.34027023148053226,0.04690436648692241,0.2494583751939256,-0.004589287789008946,-0.03511163963668423,-0.054965520540736335,-0.050383067134138426,-0.08659845953020455,-0.23192818430962486,-0.36221201621115506,-0.15188389751160136,0.18142551548329336,-0.2321024610611062,0.04114981649683226,-0.43324858699143654,-0.2308927753743533,-0.3222411306802261,-0.07853730547639062,0.055112459762573555,-0.018312727670364067,-0.17163867987069348,0.04690094929571689,-0.041283086953847414,-0.0827643709976148,-0.2837293857940527,-0.061027617739322984,-0.19357021302769975,-0.061895584305524234,-0.05452128568401916,-0.17293721252878982,-0.2933111899343216,-0.27746225712313505,-0.09008057736862608,-0.09358661554548624
#201,0.5227345730903027,0.3738612210307616,0.5819613310643184,0.4537141451212761,-0.025321386832878847,0.422200807824001,0.15151484086140557,0.29458921944518485,-0.0097526637005447,0.5808029032456482,0.07295703223778183,0.0998776645548425,0.0032736691748850113,-0.1276252571436382,0.16778067099966512,-0.04155646225028875,1.0,0.5753695692288766,-0.21126784628107081,-0.23007948386744032,0.04219205981451486,-0.12777219636547543,0.3331112159049747,-0.059158414149905345,0.2162330251026866,-0.1207737887765772,0.39003136981526665,0.10611062131370498,-0.28105372508013315,-0.29175295074460594,-0.006625933747496908,0.13787341356898283,0.22451971377606464,0.13896349756354268,0.18285390140719934,-0.05101866469836453,0.2155427524791722,0.027258934246406824,0.2972204566734327,-0.05894996548636883,-0.1087896992188301,-0.2777151292723433,-0.04328556100028021,-0.13528318263520117,-0.0802903245648207,-0.304741694516775,0.20196625181965433,0.11120907059233592,0.2400918540996043,0.04809354902644222,0.20205509879099776,0.18702287467792972,0.38478598131479846,0.07897812314190228,0.20389013046836021,0.06860353064195354,0.05045824534065979,-0.22119136954189134,-0.019262706825497713,-0.25525734866968747,0.20361333798071338,0.23500707358579542,-0.02505826311005406,0.12593033030570192,0.07057524996753668,0.22688441009028218,0.0998571614076094,-0.11372754051080174,0.2496839098134897,0.20766270955925067,0.436717036065036,0.6143392177365893,0.4185375788516871,0.18735775941607036,-0.17787163662955596,0.2376417280052488,0.3116136660310691,0.3298102092004456,0.249540387782858,-0.17318666748679257,0.13920270094792883,-0.1319377524450003,-0.16567909840827233,-0.02795945844353775,-0.14911597263513282,-0.17216492731634306,-0.11013607255380367,-0.07406420218836925,0.08208434994771698,-0.07774451711671075,-0.19371031786712595,0.03564813865595035,-0.22218577218269672,0.005447002781593642,-0.3737279505737464,0.343800189995831,0.33619352237235084,0.5748706593128712,0.21098421941101292,0.2642821506434571,0.22221310971234084,0.45448984752492844,0.09786493893479316,0.4850121993726037,0.23948701125622784,0.30043945078902945,0.18257710891955248,0.16194069122943705,0.0572482042660215,-0.15725913927787916,0.012910148374442144
