,#10,#11,#12,#13,#17,#18,#26,#49,#50,#51,#52,#53,#54,#58,#101,#102,#201,#202,#301,#302,#401,#402,#501,#502,#601,#602,#701,#702,#801,#802,#901,#902,#1001,#1002,#1101,#1102,#1201,#1202,#1301,#1302,#1401,#1402,#1501,#1502,#1601,#1602,#1701,#1702,#1801,#1802,#1901,#1902,#2001,#2002,#2101,#2102,#2201,#2202,#2301,#2302,#2401,#2402,#2501,#2502,#2601,#2602,#2701,#2702,#2801,#2802,#2901,#2902,#3001,#3002,#3101,#3102,#3201,#3202,#3301,#3302,#3401,#3402,#3455,#3501,#3502,#3601,#3602,#3701,#3702,#3801,#3802,#3901,#3902,#4001,#4002,#4101,#4102,#4201,#4202,#4301,#4302,#4401,#4402,#4501,#4502,#4601,#4602,#4701,#4702,#4801,#4802
#10,1.0,0.12683588597516385,0.3349462475823372,0.4178678093754058,-0.04927589718355101,0.31274817351130063,-0.21790061441097874,0.4138560269001292,-0.20672981636014462,0.2586232820071214,0.35034752834560107,0.008539560822586266,0.19457828443332717,0.05181828744045544,0.08793458129156159,-0.11099378754638838,0.39739883405436066,0.4567827828238301,0.3227537093610536,0.18439163744968187,-0.06453023872497762,-0.043060026380716106,0.07411204286524649,0.010784655444610748,0.08391596443387393,0.2496804926222842,0.21654740669359412,0.20139899807953854,0.13930863387529985,0.08578516802329157,0.36012752957578986,0.431406720931663,0.46968951400706677,0.35531954154962786,0.17791264292402217,0.2626760707768642,0.22812826768909028,-0.08089858459940268,0.2459044963401882,0.0901865102959971,-0.29241246864727066,-0.1371250486949747,-0.36113901817262284,-0.15887888790929408,-0.29978676726877573,-0.19990910271393325,0.07780602655841005,0.08898024180044971,-0.16942092277831314,0.022679898031014428,0.1112876659900628,0.20883822333394841,0.2706415434769237,0.19345061133550667,0.2009650147964379,0.10507521237843342,-0.04706839166478721,-0.2265802800729912,0.049463842699854425,0.10002802096788524,0.1341657611109972,0.261702171283292,0.22952248170094108,-0.013764446175821322,0.22102734436402655,0.03959841168952768,0.005757967181295663,0.14257888585897935,0.47276156890082627,0.2642924022170737,0.5231856423294309,0.2514164257546867,0.3478666475303959,0.17821677294131316,0.0548766735693929,0.04421161981697524,-0.03444870454281399,0.041088307055132965,-0.015425201101702445,0.05753866551849042,-0.3099699970612156,-0.27420567390427764,-0.3587572359023777,0.043453003369350526,-0.005163375911535754,-0.12025437571333866,0.14215857134070078,-0.32626316472911926,-0.34390612292320205,-0.17761534728914222,-0.00945195087445923,-0.16713823905302796,-0.20448813892932566,-0.04331631572112986,-0.012407821267231186,-0.011799561232649212,0.3126319890103131,0.1763031458662238,0.29835154696245875,0.09364470779598001,0.10654118740560009,0.440810831129245,0.5193925600913073,0.33161448615695843,0.5470649744735817,0.487018090610242,0.522888346694551,0.13706012206206986,0.3016935599614541,-0.22220627532992981,-0.03857325432787266
#11,0.12683588597516385,1.0,0.4300159241110177,0.05928826741571498,0.15628865697551242,0.17021712832919852,0.0979161968028759,0.17650476014734928,0.2665340796478926,0.4336347295976599,0.009397275815170962,0.037397740553174914,0.11646129347521511,0.22573281665402306,-0.1507664759873974,-0.08394671915472358,0.3798720603612655,0.45730219588706866,-0.03159193269500202,0.06938606742801687,-0.09534646901632735,0.1454698296188465,0.15316534421367012,0.009448533683253713,0.03220360992078951,-0.05610686240337892,0.13351307759074352,0.06995673835933816,0.07347302810981486,-0.07541740990575387,0.3321817398970742,0.13177372726713552,0.3552682836815451,0.19324899705438117,0.08297281966115132,0.012578680827507023,0.04235608499237967,-0.06055604535296168,0.16893909881833527,0.174604801837082,-0.0497645555259399,-0.16965329178028826,-0.19355312707167216,-0.22436252298061085,-0.04471052973298068,-0.01289306241841456,0.3680041553045059,0.16989932954708548,0.20469317040165666,0.07010026038996986,-0.0025697277865485684,0.10098483450542992,0.01801884922668963,0.1716796861651597,-0.07031896062712294,0.11002330524402162,-0.2467417081855398,-0.18126149030542854,-0.19915048626630855,-0.009937192025642604,-0.20634709094512674,-0.044290215214702125,-0.02485323163772306,-0.10939454206220654,0.3241000826960272,0.21329765785714774,0.15397180133817207,0.01716455142531045,0.014355620254375713,0.18217729754850703,0.132491337420294,0.22051818287440456,-0.04014516228241035,-0.0862601576008584,-0.13752827725722566,-0.039594994498322156,-0.19617069553509797,-0.22791640183434825,-0.052761432213178056,0.007610084814685721,0.021121658841298806,-0.2208325644653121,-0.01416084035566126,-0.11843642999200377,0.08302749472043959,-0.06221338308763728,-0.21572044642185909,-0.20236948038190528,-0.02793895529630465,-0.2225924179361532,-0.11994682850484216,-0.26044464491966185,-0.11777007770692802,-0.23282690559667577,-0.37352975348382644,0.11725749902610051,0.20828805554986024,0.17621429889488036,0.2871158222787198,0.17713010613795885,0.03467423916237809,0.44314818991381844,0.25326854338807675,0.41048667637148967,0.22274619154040146,0.22732864494699936,0.13503372767719846,-0.15549586861583253,-0.05694749143993603,-0.2598910599443681,-0.3324277776638714
#12,0.3349462475823372,0.4300159241110177,1.0,0.40757522946438945,-0.013665347630861337,0.18152803121945885,-0.0549176798638591,-0.0028601890390174893,-0.07629221085436615,0.37561424011919164,0.2762628230099987,-0.057528413944873874,-0.013473984923352401,0.05987602430306385,-0.08199892016757905,-0.15263567957681504,0.4827021781176744,0.6741503154067483,0.02070134432302025,0.07359262980200794,-0.025362393127345048,0.027197424804707524,0.0818656497105639,0.01656312577313951,0.06510774403870995,0.003041300172909875,0.35396291664103774,0.4138013518408409,0.15911809129368024,0.08775005296646368,0.5166519727444829,0.18637019115767603,0.470557480573268,0.31160341445745254,0.005088197705014386,0.0668573459359345,0.019939310684190022,-0.13478427271919574,0.05215317217859608,0.13981437817371634,-0.03119212132395656,-0.1805336285786535,-0.29146248949213704,-0.3297657857147739,0.043490592472611216,-0.12216800278842803,0.017930002255346196,0.2879667028888934,0.044368810612429005,0.23926489382786925,0.15671922306740751,0.28349701679207756,0.4995523479520773,0.3316896643634798,0.08209460152133352,-0.010852999268721082,-0.22552778518169206,-0.3364566460951756,-0.07922074371749396,0.17174802998927002,-0.2716803696034008,-0.12261907202755623,-0.03317409222315625,-0.1905357472372009,0.5062397911412735,0.3142141485384673,-0.27293789596703094,-0.12000492075533595,0.04530512100274059,0.12626179785263705,0.2776741229778771,0.39977036475098926,0.012295053957449136,-0.08323252619277059,-0.2869142079975943,-0.1306699745077536,-0.22393195688871576,-0.23489088908480785,-0.06293782762320684,0.09015575557514745,-0.29802691379793467,-0.22355948304731443,-0.15110477791674357,-0.16566542964345027,-0.147615825695911,-0.22759518586102967,-0.1854817214442417,-0.14607467246222294,0.061195060108393304,-0.305250856006397,-0.07525680191909458,-0.2833227400405962,-0.10134022239080366,-0.2591973701296482,-0.21293201839815745,0.2156384338329267,0.34004811405217367,0.4910572106151628,0.4792268946616639,0.31434058461307146,0.47517068870071555,0.6550994744359926,0.5677560672229854,0.5579521456543579,0.5566604473786726,0.556021432623241,0.5030071282608547,-0.22323826707399586,-0.12485391507596416,-0.3162371257321332,-0.24560378351410275
#13,0.4178678093754058,0.05928826741571498,0.40757522946438945,1.0,-0.18931580997683145,0.1509065808268236,-0.05781545800613728,-0.05553960866326314,-0.25798085006048427,0.5499730041894764,0.1782236073237242,-0.20088641939871105,-0.12545192353692958,0.02971589472317334,-0.04204853778388316,-0.020486061277072698,0.27825504548281493,0.20313493121194104,-0.07753948564437975,-0.03167394528393442,-0.1270067455354397,0.018117947771649615,0.23258770221228958,0.37583977473875574,0.10502053731914515,0.48854215788790245,0.40101080515859183,0.33774492717965543,-0.022505621279533074,-0.022905432650578532,0.16492048196064762,0.298406222021747,0.38978533204846944,0.3647919955713202,0.1372514847695788,0.05430258544686609,0.08875812437209112,0.0011413418626425823,0.10417990828258804,0.17944012739288814,-0.1651972744482945,-0.12634039325036392,-0.2122519973482596,-0.09751638543183046,-0.13040001640251778,-0.03700134637333497,0.27447563200951347,0.28403351581134373,0.27774588399319294,0.2171693354929982,0.1683308387837533,0.4119868233107115,0.443165275869846,0.3574279485234317,0.10914850429540934,0.06896917010094383,-0.12621737436696534,-0.15834580608123347,0.022174153732597953,0.1572488877042626,-0.19853539184931554,-0.154467294062972,-0.1461635194335664,-0.2191991470690751,0.2616235758855651,0.20924486908740492,-0.18567650134295616,-0.24774636239996173,0.12128978464861023,0.1656688468346558,0.19643381925792275,0.161318762430033,0.08818403624956431,0.10885804304294043,-0.09877732898666612,-0.11483471046138916,-0.15236913866278473,-0.19122601986071527,-0.18207819900354705,0.17091081814391842,-0.3879263800326683,-0.04051080174140064,-0.1828470670247883,-0.17337461300309598,-0.2396031957572154,-0.3534435035777992,-0.21408019464321107,-0.27898290720959,0.0014488890711390865,-0.12908781497959937,0.01916360828053773,-0.3104518210211934,-0.27018705704658996,-0.24582931813366685,-0.092209487489663,-0.0866292142510542,0.4032353966333832,0.16575769380599922,0.4513152768950034,0.2476575154286183,0.3207580696970318,0.3300357438200097,0.3581455586765902,0.405336969224776,0.4825449873222206,0.47445307854755703,0.4612695548766736,-0.11442123032552164,-0.11709347384823571,-0.12199030884574115,0.04310103267518231
#17,-0.04927589718355101,0.15628865697551242,-0.013665347630861337,-0.18931580997683145,1.0,0.4239811644420752,0.17158742200261073,0.2372931745022861,0.13955125445089153,0.0026619919490975196,0.21130201819312597,0.5237973195552184,0.5666625660372201,0.19169075786466555,-0.12431741605669804,-0.13657146371968096,-0.046190173524969416,0.11869613652362304,-0.001657337734675606,-0.08183831218091978,-0.2025745118542363,-0.17584865943589006,-0.0255161667315933,-0.09302619618778149,-0.13043418831457296,-0.30179265850641407,-0.40625277646785446,-0.2078745754139927,0.3006513166437715,0.2312857523629877,0.0717439293598234,0.22604378105372508,-0.09543189879646526,-0.05048558287030393,0.26948653284945906,0.08803367983652158,-0.0013497905261791018,0.058263110054059965,0.0724581223217764,0.1306084650660543,0.04724608560747408,-0.041699984280920456,-0.04437564499484004,0.015985620459407185,0.10085156404841476,0.04433463870037384,-0.2540784177037842,-0.04295409345334509,-0.3943404479254232,-0.18616174249413953,-0.21653373792877206,-0.08050219041956273,-0.2554692145244295,-0.07467246222295122,-0.24838195996418783,-0.15992113122697668,-0.027446879762710243,-0.07751898249714664,0.00997136393769777,-0.01770788482698761,0.022204908453447605,0.021015725913927787,0.1669810482575742,0.11816988907797348,-0.2551172438302613,-0.16373813380353885,0.14293085655314758,0.07174734655102892,-0.2078745754139927,-0.2481290878149796,0.11647154504883166,-0.27616714165624423,0.05502702998243564,-0.024873734784956157,0.08392621600749048,0.10473007606667624,0.011191301198067237,-0.03404547598056302,0.07111516617800832,0.040825183332308175,0.16741844873188033,0.25276621628086576,0.20680157737546045,0.3580840492348909,0.533741345963272,0.07954195969081254,0.03258633533580738,0.01659388049398916,0.1294842091594393,0.059202837635577064,0.21168816079934938,0.2150506769455778,0.1998783479930836,-0.091290263055379,-0.08051927637559032,-0.09578045229942796,-0.1688194971261422,0.03343379875477553,-0.17935811480395575,-0.14877425351458115,-0.06999432746259884,-0.018138450918882717,0.12068152461402826,-0.11165672264025861,-0.06208352982182765,-0.04899568750469864,0.06917761876448035,0.04190159856204594,0.011601364142729243,0.0010080714056274304,-0.0799827773563242
#18,0.31274817351130063,0.17021712832919852,0.18152803121945885,0.1509065808268236,0.4239811644420752,1.0,0.018504090377873005,0.22978218823256036,-0.10232437345799247,0.18988989809935825,0.2888346694550947,0.330295450351629,0.3775039468558424,0.15792890875416044,-0.21994409475187773,-0.32299291274543973,0.11712081137787984,0.2763619215549587,0.08135307102973639,0.07968206453023872,-0.20004579036215392,-0.07467246222295122,0.1280524060443278,0.024805390960845823,-0.04636103308524525,-0.16188259897894328,-0.18572092482862787,0.02777151292723433,0.22553803675530862,0.302294985613625,0.2845802664042264,0.4574491351089059,0.21551199775832258,0.209569502251929,0.4249892358477026,0.19369323191109836,0.11659798112343578,-0.047222165269035464,0.16579186571805438,0.2082846383586547,-0.11611957435466344,-0.16793102741270785,-0.12600550851222328,-0.17256815587859403,0.05536191472057628,0.10954489847524929,-0.17497044129607228,0.024255223176757632,-0.29963982804693856,-0.09800846096542486,-0.060009294760079004,0.17440318755595652,-0.08562456003663228,0.03560371517027864,-0.09788885927323178,-0.10733055857407445,-0.021528304594755295,-0.09036420423868397,0.005945912697599081,0.2545089837956793,0.0913312693498452,0.2164175534277845,0.3295094963743601,0.09321755889529043,-0.18284023264237728,-0.11132525509332349,0.18020216103171838,0.17496018972245572,-0.060716653339620966,-0.08770221228958645,0.15557788120476493,-0.059835018008597654,0.14625236640490982,0.1441234562838729,0.21131910414915356,0.195562435500516,0.13126456577751353,-0.005699874930801878,0.053496128322364146,0.006209036420423869,-0.022047717657993834,0.16297951735591412,-0.10088231876926441,0.4028424196447488,0.43959431106008107,-0.016173565975710603,0.16601056595520747,-0.08378269397685878,-0.12700332834423417,0.10988320040459544,0.15067421182484844,0.18256344015473042,0.21209822374401138,0.02693088389067722,-0.05901830931047916,-0.12782345423355818,-0.017724970783015194,0.08541952856430128,-0.015302182218303843,-0.0949090685420212,0.1309946076722777,0.1764876741913217,0.41185013566249085,0.02256371353002686,0.23713598370683234,0.25216820781990035,0.361279123012049,0.23121057415646634,0.29007510986269724,-0.19024528598473198,-0.045681012035347426
#26,-0.21790061441097874,0.0979161968028759,-0.0549176798638591,-0.05781545800613728,0.17158742200261073,0.018504090377873005,1.0,0.05375583485398342,0.2608786282027625,-0.006936898147198929,0.035046713003779414,0.1858712812416706,0.2726986925826448,0.20314518278555757,0.11270580034035224,0.08271994751194309,-0.18245409003615387,-0.15067762901605397,-0.1508450713851243,-0.3155707734470575,0.08038600591857517,-0.14577395963613748,0.004842159938217183,-0.13591194581701624,0.10719728811705931,-0.1502778176450085,-0.13096043576022254,-0.1818868362960381,0.17761876448034775,0.05268625400665669,-0.026821533772100684,-0.09617001209685687,-0.046931704016566544,-0.12683246878395835,-0.028970947040370697,-0.190655348929394,-0.03263417601268461,-0.03137664964905446,0.02372897573110806,0.07342860462414313,0.3624238820658971,0.16246693867508663,0.2989768929530683,0.1907407787095319,0.2681264907496634,0.012595766783534607,-0.13599395840594863,-0.03574723720091034,-0.08473609032319794,-0.02325740334474675,0.02886501411299968,-0.10025013839624382,-0.0280927289005529,-0.09561300993035764,-0.076158940397351,-0.1390933508293523,-0.0846062370573883,-0.2421148312932702,-0.006981321632870646,-0.06652246119779386,-0.09935825149160396,-0.12973366411744203,-0.10326068384830404,0.13069389484619223,-0.0952986283394501,-0.21119266807454945,0.02983207922416091,-0.02383149146727356,-0.25527101743450953,-0.14326915848249372,-0.16367320717063402,-0.15534209501158427,-0.08611321837902118,-0.04364436607685947,-0.2557494242032819,-0.16747654098237413,-0.15238964181001785,-0.22433518545096673,0.1935599614540832,-0.01415058878204471,0.2865793232594537,0.24345095305462722,0.37447973263896006,0.17162842829707695,0.2322835721949986,0.10068070448813893,-0.07219158140774609,0.2846076039338705,0.1660823269705233,0.1144348990903437,0.32882605813325677,-0.046080823406392885,0.0044047594639110435,-0.04954927247999234,-0.10189722455730288,0.25020674006793375,-0.2592007873208538,-0.18987622933453618,-0.20639151443079845,-0.04395191328535597,-0.1171925723931957,-0.13689267969299954,-0.0979537859061366,-0.02987308551862711,-0.18792159596498062,-0.19075103028314846,-0.2039448055276485,-0.150889494870796,0.0008679665662012452,-0.15250924350221093,-0.17588624853915075
#49,0.4138560269001292,0.17650476014734928,-0.0028601890390174893,-0.05553960866326314,0.2372931745022861,0.22978218823256036,0.05375583485398342,1.0,0.32693293420540054,0.09198395287009889,0.41203808117879426,0.3197055748057327,0.3322603352948011,0.11483129327018364,-0.016460610036974008,-0.13114496408532042,0.23889583717767343,0.26641789514690506,0.21508143166642746,0.10557412229443887,-0.083929633198696,-0.1867255790430498,0.007411887724765752,-0.18837266520410884,-0.08886747449066765,-0.1348013586752233,-0.19203931136762825,-0.22095216615750518,0.05144923079025964,-0.06960476766516993,0.28052064325207254,0.07440933850012643,0.044895058058078585,0.008478051380886966,0.07449818547146987,0.03840581195880234,0.009373355476732344,-0.14157764883576296,-0.001862369207006609,0.11764022444111838,-0.18972587292149345,-0.07585139318885449,-0.1938059992208804,-0.036232478352093714,-0.14103773262529132,-0.1146604337099078,-0.16265488419139004,-0.1290946493620104,-0.31823618258736047,-0.1957264606783808,-0.007500734696109186,0.017359331324024903,-0.018869729836863292,-0.014936542759313555,0.11264087370744742,-0.07474764042947259,-0.009294760079005461,-0.2703271618860162,0.08790040937950643,-0.0020195600024603775,0.2722134514314614,0.2699102645589431,0.08429185546648077,-0.02309337816688195,-0.07600516679310274,-0.1606216554241076,0.15185655998195724,0.14552108748692924,0.18266937308210143,0.13447672551069922,0.4208681032538495,-0.013149351758828313,0.44994156603038565,0.37536478516118893,0.049043528181575875,0.05456570916969088,-0.015384194807236243,0.06779365632624608,0.24969416138710626,-0.10216376547133318,0.08337604822340229,-0.10434051626924733,-0.04907428290242552,0.19309864064133844,0.3466432930788209,0.18292224523130968,0.16493756791667522,-0.14899637094293974,-0.10380060005877569,-0.01732174222076422,-0.10730322104443032,0.027600653366958494,-0.09847319896937513,0.060897764473513354,0.056742459967605026,0.056421243994286455,-0.07744380429062528,0.09716441473766223,-0.07939843766018084,-0.13121672510063628,-0.11421961604439615,0.19103465715320636,0.1639329137022533,-0.02865656544946316,0.18755595650599033,0.1642028718074891,0.22843581489758677,0.13138075027850107,0.07068460008611321,-0.06823789118296325,0.04848310882387113
#50,-0.20672981636014462,0.2665340796478926,-0.07629221085436615,-0.25798085006048427,0.13955125445089153,-0.10232437345799247,0.2608786282027625,0.32693293420540054,1.0,-0.10678722517239729,0.2234467157375324,0.1930302968172281,0.054914262672653584,0.18344849267695926,-0.06447898085689487,-0.11699779249448124,-0.02719059042229649,-0.09854154279348547,-0.14410295313663982,-0.15250924350221093,0.011683376731661643,-0.2299325446456031,0.00012301888339860169,-0.186158325302934,-0.011574026613085108,-0.35942700537865896,-0.21669092872422582,-0.3871165057169609,-0.018374237112063367,-0.015435452675318994,-0.05594967160792515,-0.18504090377873003,-0.23575543845980357,-0.22464614985066875,-0.0097321605533116,-0.13498588700032121,-0.0572277011187884,-0.1318557398560679,0.05452128568401916,0.026001407882776672,0.20403706969019744,0.2116984123729659,0.19328658615764185,0.09392833466603791,0.05761384372501179,-0.03518340065200008,-0.11452374606168714,-0.2037636943937561,-0.09289976011317737,-0.2346961091860934,-0.2624881252605608,-0.40540531304888633,-0.24551493654275933,-0.1655902514369289,0.012308722722271202,-0.14571245019443818,0.06004346667213417,-0.11853211134575824,-0.03958474292470561,-0.27768437455149364,-0.03205325350774677,-0.15706435937916471,-0.07896787156828573,0.08799950792446641,-0.1836842788701399,-0.06437304792952385,0.19234685857612477,0.1554070216444891,-0.15709853129121987,-0.14552450467813477,0.09719175226730636,-0.01001237023216397,0.09711315686957948,0.26038655266916805,-0.0010388261264770808,0.11385739377661137,0.16890834409748562,0.022221994409475188,0.20762512045599,-0.2335308469850122,0.227048435268147,0.06248675838407862,0.3177270210977385,0.10400563153110669,0.22011495431215358,0.1610556387072082,-0.058256275671648934,0.18814029620213368,0.17564362796355906,0.10066020134090582,0.1246762211332773,0.046036399920721165,0.00832769496784423,0.08254567076046174,-0.07590948543934828,0.22066170490503625,-0.24975908802001107,0.09459810414231917,-0.34245039946965194,0.019573671225199735,-0.13558389546128663,-0.05799656914002966,-0.28982907209590003,-0.018616857687655055,-0.08735707597782927,-0.17392136359597865,-0.16150329075513092,-0.025929646867460823,-0.13214620110853684,0.07795638297145278,-0.06351875012814467
#51,0.2586232820071214,0.4336347295976599,0.37561424011919164,0.5499730041894764,0.0026619919490975196,0.18988989809935825,-0.006936898147198929,0.09198395287009889,-0.10678722517239729,1.0,0.20589602170599855,-0.06768772339887506,0.07946336429308566,0.053605478440940685,-0.08387495813940773,-0.07319965281337353,0.5157566686486376,0.3074686130987773,-0.20932004729392628,-0.161113730957702,-0.13944532152352052,0.06803285971063225,0.3203035832666981,0.0980802219807407,0.11706271912738606,0.2919443134521149,0.3814473855070087,0.14280100328733794,0.01390113382404199,-0.07302537606189216,0.3095633513077591,0.21328398909232568,0.4049679125745802,0.3696273211271264,0.059995625995256936,-0.13286381126169533,-0.04069533006649854,-0.20935763639718696,0.010419015985620459,0.19416480429745966,-0.2529541617971692,-0.31630888674744906,-0.3570042168139476,-0.3524012602601166,-0.23850969457145005,0.05074870659312871,0.31902897094704036,0.11331747756613973,0.22378160047567303,0.08013655096057244,0.23810646600919907,0.4356372036440927,0.4126190036837321,0.4566597639404315,0.16404226382082984,0.14721259713366003,0.0007586164476247103,-0.14239435753388144,0.12154607398902398,0.2825299516809164,-0.14450276450768526,-0.00012301888339860169,-0.1518531427907517,-0.2419132170121447,0.265683199037719,0.23265946322760545,-0.14523746061687134,-0.08731948687456859,0.030689794216745604,0.12354854803545677,0.27283879742207096,0.30616324605826994,0.11785209029586041,0.025365810318550563,-0.1540401451622824,-0.03049501431803115,-0.27439361942058105,-0.08852575537011598,-0.16508450713851242,0.0069915732064871955,-0.3526541324093248,-0.18673241342546082,-0.21409386340803313,-0.12182628366787636,-0.1811487229956465,-0.27884280237016384,-0.1444446722571915,-0.26968814713058453,-0.1460234145941402,-0.3488883877008454,-0.23463118255318857,-0.2416876823925806,-0.11471169157799055,-0.14977207334659204,-0.10140173183250295,-0.010070462482657755,0.30012848638932743,0.11435630369261682,0.41643258906908875,0.15799725257827077,0.18498281152823626,0.3845877842248785,0.35177933146071255,0.29487968069765375,0.34792132258968417,0.3624614711691578,0.42250493784129195,-0.1414648815259809,-0.12378775141984294,-0.04037069690197445,0.029223819189578934
#52,0.35034752834560107,0.009397275815170962,0.2762628230099987,0.1782236073237242,0.21130201819312597,0.2888346694550947,0.035046713003779414,0.41203808117879426,0.2234467157375324,0.20589602170599855,1.0,0.20303583266698105,0.16332807085887685,0.020328870481618928,0.045920215419733595,-0.11510466856662498,0.342570001161845,0.26107682529268245,-0.09296126955487667,-0.06444822613604521,-0.13606913661247003,-0.2422207642206412,0.17285861713106296,-0.029459605382759588,-0.03977268844100903,0.001763270662046624,-0.005505095032087425,-0.13890540531304887,0.2103417874643758,0.06564766024918159,0.19457145005091614,0.2294814754064749,0.18810612429007853,0.3100417580765314,0.0426909697305203,0.004729392628435132,-0.0758343072328269,-0.21847811972471107,-0.05638707208223129,0.1490920522966942,-0.026486649033960048,-0.1294432028649731,-0.12626521504384255,-0.1265180871930508,-0.13278179867276294,-0.038539082415817494,-0.19291752950744606,-0.128192510883754,-0.25962451903033784,-0.23693436942570684,-0.1708048852165474,0.02303186872518265,0.1337967044608014,0.26304854461826555,0.18811295867248956,0.05475023749478879,-0.03414799171672852,-0.2598876427531626,-0.011075116697079668,0.06377845665976394,-0.11665949056513508,-0.1056834724130154,0.10379718286757017,0.02451834689958242,0.023640128759764623,-0.1258688208640026,-0.11241192189667781,0.09511068282314669,0.07698248347788052,-0.02945618819155407,0.40833384591201416,0.08169820734149359,0.19280817938886952,0.31033563652020585,-0.04710256357684238,-0.015244089967810058,0.024921575461833392,0.02102256029633882,0.22980269137979348,-0.08243632064188519,-0.22732864494699936,-0.0007346961091860934,0.0376403611287666,0.1063566590805022,0.14151613939406366,-0.1813127481735113,-0.02708465749492547,0.08788674061468435,-0.0269069635522386,0.013022915684224196,0.00995086079046467,0.014994635009807338,0.055235478645972155,0.026425139592260744,-0.006755787013306543,0.22863401198750674,0.1358811910961666,0.4145394651412325,0.0025594762129320186,0.01660413206760571,0.31693423273805865,0.2496224003717904,0.2424428816489998,0.10919634497228659,0.39772346721888474,0.3740594181206815,0.5307581380408559,-0.07835619434249824,0.10256015965117313,-0.13219745897661958,0.07415304915971269
#53,0.008539560822586266,0.037397740553174914,-0.057528413944873874,-0.20088641939871105,0.5237973195552184,0.330295450351629,0.1858712812416706,0.3197055748057327,0.1930302968172281,-0.06768772339887506,0.20303583266698105,1.0,0.7392853969751023,0.27100034855350297,-0.04676084445629071,-0.05775736575564349,-0.14785844627150269,0.10665053752417662,0.028178158680690818,-0.075444747435398,-0.20014830609831943,-0.2854619017352497,-0.07691072246256467,-0.10939112487100103,-0.16427463282280497,-0.3155024296229471,-0.4951099993849056,-0.2942543347070442,0.18182874404554433,0.2106732550113109,0.07507227359399668,0.17791264292402217,-0.08725797743286928,-0.03210109418462401,0.24370382520383546,0.21165740607849973,-0.11947525611848085,0.06830623500707358,-0.006420902275165905,0.0605799656914003,0.046959041546210674,-0.04428679802349661,0.11327305408046802,0.07827759894477136,0.16780459133810374,0.10855733021685496,-0.34785297876557386,-0.13838940944101585,-0.36483983624819744,-0.21339675640210773,-0.15276211565141917,-0.23562558519399396,-0.3108311292450058,-0.2734197199270088,-0.273863954783726,-0.20736883111557625,-0.07531831136079388,-0.18338014885284892,0.008614739029107634,0.028762498376834176,-0.07000116184500987,0.004151887314702807,0.3925464225425269,0.27915718396107136,-0.19755807516453774,-0.29064919798522404,0.2633629262091731,0.23564267115002152,-0.06526151764295819,-0.10884779146932387,0.06761596238355921,-0.29165043500844046,0.19401444788441694,0.0747100513262119,0.12371257321332157,0.08437386805541318,-0.08849158345806081,-0.17171044088600934,0.278989741592001,0.06041935770474101,0.363110737498206,0.302896411265796,0.16785243201498096,0.6987677608512907,0.6227728456318045,0.05197889542711473,-0.013484236496968952,0.09769749656572284,0.04518210211934198,0.42538563002754254,0.07565661329014003,0.19830644003854592,0.05632214544932647,-0.1378221557009001,-0.09013183523670884,-0.10636007627170771,-0.2049836316541256,0.06137617124228569,-0.36976742596655254,-0.1662224318099495,-0.17996637483853772,-0.16028335349476144,0.17111926680745496,-0.25747852295327334,-0.18864604050055017,-0.20300166075492587,-0.046002228008666,0.01311176265556763,-0.08327353248723679,-0.06093877076797955,0.0015924111017707886
#54,0.19457828443332717,0.11646129347521511,-0.013473984923352401,-0.12545192353692958,0.5666625660372201,0.3775039468558424,0.2726986925826448,0.3322603352948011,0.054914262672653584,0.07946336429308566,0.16332807085887685,0.7392853969751023,1.0,0.17841838722243863,0.0938053157826393,0.07511669707966839,-0.1087281897771308,0.18037985497440523,0.13533444050328391,-0.06239449422152967,-0.03812901947115549,-0.037346482685092164,-0.09744804160772012,-0.26560118644878655,-0.13389580300576137,-0.23069457828443332,-0.35024159541823,-0.16331098490284926,0.323662682221721,0.17676788387017406,0.17623138485090795,0.28618976346202474,0.046056903067954263,0.048619796472091796,0.2379663611697729,0.06808070038750948,0.12308039284030099,0.1590053239838982,0.1500317798782113,0.2359638871233401,0.016580211729167092,-0.1096508314026203,-0.043678537988914634,0.10966450016744236,0.08817036748474225,0.012076353720296066,-0.13640402135061067,0.004695220716379964,-0.2191581407746089,-0.10236196256125316,-0.08988579746991163,-0.08871028369521389,-0.1860763127140016,-0.05470581400911707,-0.09978540039229356,-0.038395560385185795,-0.1350063901475543,-0.2973195552183927,-0.014266773283032278,0.0036188054866421997,-0.071152755281269,-0.006704529145223792,0.3084630157395827,0.2947429930494331,-0.07551309125950834,-0.277448588358313,0.17478249577976887,0.2323040753422317,-0.11942058105919258,-0.14670343564403804,0.0821321906245942,-0.26513303125363075,0.03846048701809061,-0.10822927986112535,-0.03137664964905446,-0.0853614363138075,-0.29294896766653683,-0.28858179730588646,0.2248853532350549,0.21170182956417144,0.2197493148531633,0.19863790758548103,0.1978690395642398,0.6737573384181138,0.508392621600749,-0.0004989099160054402,6.492663290481755e-05,-0.02797996159077085,-0.03058044409816907,0.1910039024323567,0.060303173203753446,0.004134801358675224,0.014854530170381153,-0.17423232799568067,-0.15791523998933837,-0.06135908528625811,-0.1491330585911604,-0.1185423629193748,-0.21667725995940376,-0.1810257041122479,-0.23571443216533738,-0.09534305182512182,0.3171802705048558,-0.2437755862191513,-0.13807502785010833,-0.19226484598719237,0.03095291793957039,-0.11113389238581456,0.03234713195142121,-0.18940465694817488,-0.16473595363554971
#58,0.05181828744045544,0.22573281665402306,0.05987602430306385,0.02971589472317334,0.19169075786466555,0.15792890875416044,0.20314518278555757,0.11483129327018364,0.18344849267695926,0.053605478440940685,0.020328870481618928,0.27100034855350297,0.17841838722243863,1.0,0.03250432274687498,-0.07028137152386224,0.018158954066115816,0.15201716796861653,0.08554938183011092,0.0003075472084965042,-0.0814350836186688,-0.11966661882598979,-0.16621218023633294,-0.05564554159063416,-0.16587046111578127,-0.08856334447337666,-0.26375932038901306,-0.17009752663700545,0.30843909540114406,0.23447740894894034,0.23848919142421696,0.32045735687094634,0.1449162446435528,-0.08563481161024884,0.3624238820658971,0.17612886911474246,0.2280086659968972,0.16146911884307574,0.23898468414901688,0.11287324270942256,0.34625373328139203,0.24106917078438206,0.37535111639636687,0.14424989235847702,-0.046552395792754185,-0.09140644755636657,-0.13441521606899992,-0.1220210635665908,-0.11297917563679358,-0.16633178192852602,-0.3004531195538515,-0.29898714452668484,-0.1847641112910832,-0.16950976974965656,-0.23688994594003512,-0.09011816647188677,-0.18012356563399148,-0.1794093726720385,-0.12935435589362967,-0.2404028184993063,-0.002040063149693478,-0.066245668710147,0.15747783951503222,0.31052358203650926,0.019098681647632912,-0.23666441132047103,0.5638843895871349,0.3873967153958133,0.0644448089448397,0.055789063621265865,0.07539690675852076,-0.014406878122458463,0.13315768970536979,-0.09286217100991669,0.09062391077030324,-0.011003355681763817,0.060955856724007135,-0.10785680601972403,0.2643778319972116,0.22349797360561513,0.29155133646348047,0.1475133099597455,0.18600455169868574,0.20576275124898338,0.45778060265584103,0.26369781094731376,-0.037725790908904516,0.16878532521408704,0.1505409413678333,0.37760304540080236,0.41867426649990774,0.18687935264729802,0.12083188102707099,-0.13799643245238144,-0.07400269274666994,0.01905767535316671,0.11522427025881807,-0.18524251805985553,-0.19432882947532445,-0.08628407793929702,-0.20518182874404556,0.14523746061687134,0.01917385985415428,0.0362290611608882,0.04293359030611199,-0.09803921568627451,0.0073435439006554176,0.08199892016757905,-0.014102748105167477,-0.22754392799294693,-0.26759682611280833
#101,0.08793458129156159,-0.1507664759873974,-0.08199892016757905,-0.04204853778388316,-0.12431741605669804,-0.21994409475187773,0.11270580034035224,-0.016460610036974008,-0.06447898085689487,-0.08387495813940773,0.045920215419733595,-0.04676084445629071,0.0938053157826393,0.03250432274687498,1.0,0.7669988176518429,-0.03329711110655486,-0.11667657652116266,0.3092694728640846,0.09245894244766571,0.2381133003916101,0.08870344931280284,0.047003465031882394,0.052511977255175334,0.21160956540162248,0.12926209173108072,-0.189127864460528,-0.19872333736561895,0.012793963873454575,-0.1879147615825696,-0.16222090090828942,-0.005846814152639097,0.06902384516023209,0.2544508915451855,-0.014560651726706716,-0.20192866271639362,0.2517718136400604,0.21262447118966094,0.18939440537455832,0.03428126217374367,0.10711869271933241,0.009407527388787511,0.09583854454992174,0.06634135006390147,-0.3586854748870618,-0.24548076463070415,-0.02915205817426308,-0.18514000232369002,-0.057026086837662915,-0.2318530061031035,-0.163772305715594,-0.10468906977221003,-0.2157819558635584,0.018452832509790254,0.32560706401766004,0.29739473342491407,-0.3170811719598958,-0.26955487667356937,-0.26830076750114473,-0.31740922231562546,-0.2167626897395417,-0.15985962178527738,0.23697195852896752,0.4629508129497878,0.135249010723146,-0.03926010976018152,-0.02510952097813681,0.22669646457397877,0.4607296386662019,0.44807919682337904,0.16857345935934498,0.09439990705239922,0.0560419357704741,-0.0010798324209432815,-0.12432766763031458,-0.1748064161182075,-0.10062261223764514,-0.160392703613338,0.3331043815225637,0.12175110546135498,-0.11692603147916539,-0.2469672428051039,-0.05165426226259064,0.019061092544372226,-0.03879195456502573,-0.2499846226395752,-0.17968958235089086,-0.001776939426868691,-0.19985442765464498,-0.09711315686957948,-0.16274031397152797,-0.31052016484530376,-0.33407144663372496,-0.17968274796847983,-0.17419473889242,0.22989837273354793,0.1247001414717159,-0.11690552833193228,0.06707262898188206,-0.08351615306282847,-0.022163902158981404,-0.12233544515749835,0.04497023626459995,-0.07983242094328145,0.03239838981950396,-0.06994306959451609,0.05965048968349975,-0.21997143228152188,0.0466378255728921,-0.2492567609128001,-0.23180516542622626
#102,-0.11099378754638838,-0.08394671915472358,-0.15263567957681504,-0.020486061277072698,-0.13657146371968096,-0.32299291274543973,0.08271994751194309,-0.13114496408532042,-0.11699779249448124,-0.07319965281337353,-0.11510466856662498,-0.05775736575564349,0.07511669707966839,-0.07028137152386224,0.7669988176518429,1.0,-0.1539957216766107,-0.1219971432281522,0.2171522495369706,0.11184808534776755,0.08143166642746329,0.40008816353310234,0.03834088532589752,0.23789460015445704,0.03363199584469549,0.30690135935866153,-0.11781450119259973,-0.06643361422645043,-0.10682481427565799,-0.2212802165132348,-0.20263260410473008,-0.04947409427347098,-0.0076135020058912374,0.1804960394753928,-0.19536423841059603,-0.2080180974446244,0.12061659798112344,0.3786692090569236,-0.005019853880904052,0.0987534086482275,0.13397098121228276,0.013597003806751003,0.08791407814432849,0.2330831949370895,-0.2525851051469734,-0.0494160020229772,0.09244869087404917,-0.072071979715553,0.08895290427080557,-0.03825203835455409,-0.12717760509571552,0.06333080461184125,-0.21021876858097718,0.17007702348977236,0.12366131534523883,0.4276648965616222,-0.4590244602546491,-0.0780008064571245,-0.3654446790915739,-0.2874643757816825,-0.29209808705636314,-0.26549183633021,0.16071050239545104,0.4446483368530403,0.16223115248190598,0.05125103370033967,-0.08832072389778498,0.15725913927787916,0.30694578284433327,0.4163129873768957,-0.13498588700032121,-0.043729795856997385,-0.23840376164407903,-0.0730937198860025,-0.3276778818882032,-0.4301594461416494,-0.4016498199140235,-0.37091218502040063,0.23374271283975423,0.3836309706873338,-0.011529603127413392,-0.1666940041963108,0.04926222841872894,-0.06420902275165905,-0.15954524019436983,-0.32775989447713555,-0.330097253261709,0.030105454520602246,-0.10426875525393148,-0.06155386518497256,-0.2586916258312318,-0.4237556298225111,-0.36860216376547134,-0.24707317573247495,-0.2972990520711596,0.1365543777636534,0.12376383108140433,-0.20653845365263568,0.11278781292928465,-0.09280066156821738,0.0005740881225268079,-0.2246974077187515,-0.023059206254826783,-0.12717418790451002,-0.13442205045141095,-0.13219404178541405,-0.04341883145729536,-0.4411969737354684,-0.060135730834683127,-0.2417936153199516,-0.22613604521627403
#201,0.39739883405436066,0.3798720603612655,0.4827021781176744,0.27825504548281493,-0.046190173524969416,0.11712081137787984,-0.18245409003615387,0.23889583717767343,-0.02719059042229649,0.5157566686486376,0.342570001161845,-0.14785844627150269,-0.1087281897771308,0.018158954066115816,-0.03329711110655486,-0.1539957216766107,1.0,0.6439696826796246,-0.029722729105584374,0.014085662149139894,-0.14800538549333989,-0.011249393448561022,0.15674997778825717,0.040555225227072354,0.13978020626166116,0.088327558280196,0.3075096193932435,0.15464840519686437,0.006844633984649977,-0.12498035115056828,0.5556967994587169,0.1598254498732222,0.6080139968151778,0.5392191034657153,0.03592493114359721,-0.07891319650899746,-0.04662073961686452,-0.30397624368673926,0.04743061393257198,0.16482480060689317,-0.29737423027768095,-0.31305230352859165,-0.4730383613884731,-0.4117305339702978,-0.3377825162829161,-0.12144014106165296,0.22579432609572236,0.1063395731244746,-0.017940253828962745,-0.048052542731976025,0.15643559619734962,0.29860100192046146,0.45126743621812615,0.3016354677109603,0.19606134541652143,0.01387037910319234,-0.06478994525659688,-0.2955802048947847,0.08256275671648931,0.2874336210608328,-0.09940609216848119,0.11552156589369801,-0.03128780267771103,-0.2709217531557761,0.33558526233776886,0.1346749226006192,-0.048876085812505556,-0.04062356905118269,0.2303836138847313,0.178288533956629,0.5709682269561711,0.48696683274215924,0.2684032832373103,0.1448991586875252,-0.0738079128479555,0.016518702287467792,-0.02904270805568655,0.1374360130946767,0.018756962527081242,-0.054114639930562675,-0.4186469289702636,-0.3805349954551357,-0.24781128903286653,-0.2757878334324319,-0.18298375467300898,-0.23882065897115207,-0.10584408039967469,-0.19963914460869744,-0.2219397344158995,-0.44889248833029205,-0.19732570616256262,-0.2863196167278344,-0.1362912540408286,-0.17008385787218339,-0.12027146166936625,0.12055167134821862,0.4171057757365756,0.4667985702471996,0.5500652683520254,0.23209904386990068,0.33932366951660414,0.7674020462140939,0.4928819907189087,0.6129894272104102,0.6264565777513516,0.6651084274769511,0.6551097260096092,-0.0390106548021788,-0.013730274263766155,-0.09763256993281802,0.020339122055235477
