,#10,#11,#12,#13,#17,#18,#26,#49,#50,#51,#52,#53,#54,#58,#101,#102,#201,#202,#301,#302,#401,#402,#501,#502,#601,#602,#701,#702,#801,#802,#901,#902,#1001,#1002,#1101,#1102,#1201,#1202,#1301,#1302,#1401,#1402,#1501,#1502,#1601,#1602,#1701,#1702,#1801,#1802,#1901,#1902,#2001,#2002,#2101,#2102,#2201,#2202,#2301,#2302,#2401,#2402,#2501,#2502,#2601,#2602,#2701,#2702,#2801,#2802,#2901,#2902,#3001,#3002,#3101,#3102,#3201,#3202,#3301,#3302,#3401,#3402,#3455,#3501,#3502,#3601,#3602,#3701,#3702,#3801,#3802,#3901,#3902,#4001,#4002,#4101,#4102,#4201,#4202,#4301,#4302,#4401,#4402,#4501,#4502,#4601,#4602,#4701,#4702,#4801,#4802
#10,1.0,0.5058971470488067,0.2774885484953338,0.6930912110079541,0.13489862420726165,0.1077277756170109,0.3241474095316017,0.7211149019694775,0.03270021744256111,0.627609361113854,0.6103243904454247,-0.09525838181623987,-0.053049133151828916,-0.08538781958917664,0.11370170266190806,0.026160415780808226,0.3554236704062488,-0.06848574128970242,0.40156905262351805,0.29121302317707964,0.20785050269737598,0.311366059211282,0.21868031106982144,0.32166707306997055,0.2508295665456861,0.40330859311237083,0.28624751371863055,0.3007611497250228,0.051543358530338174,0.0842738043178168,-0.1275245202257856,-0.0114791132212735,-0.19060503039963886,0.025772686876666336,-0.07584614175481588,-0.08206511991584428,-0.08942390820256216,-0.1235875805837295,0.13789082730949592,0.037940603317460096,0.2454908377886555,0.12705618240186367,-0.10035689599232603,0.048943327686006614,-0.06501713947156823,0.0024976673793838658,-0.11707437986550402,-0.08661388125903072,-0.13182178173925835,0.05496359499660435,0.08807854533143365,0.05172311642144761,0.08773112088718177,0.1351573788397555,0.17764956481259433,0.1941631081187289,0.016546189918645447,0.033839221479052765,-0.08110667985965987,0.023824369285583295,0.014668002087771023,0.10130405079974125,-0.18254978104602165,-0.11337120609080997,0.20646886581234647,0.4946344687771425,-0.08029333585907948,0.024036370744604744,0.17974620281607262,-0.025183435673074406,0.09159551250143584,0.4197761893342308,-0.19459114148276077,-0.16355267692146475,-0.14507711250788455,-0.11827384059183069,-0.18179769982447408,-0.20104066115436003,-0.0006638144543884504,0.05193511788046906,-0.3223272601229689,0.02741388448338751,-0.23026542502060565,-0.048286758171225436,0.20986088915668963,-0.12111208065728513,0.03891677733599611,0.16172124226406273,0.2972175816114932,-0.09409761337140761,-0.057029601610566215,-0.016713856471787886,0.004433893632499904,-0.3344266589819496,-0.09936056974384501,0.040453989436201064,0.23721068954885202,-0.12045189360428678,-0.031497532359443234,-0.2892324620180846,-0.2393758451341433,-0.07389540589613944,-0.08406099676959754,-0.26237598821497593,-0.08777626188225858,-0.18198390642916593,-0.2022030417775879,-0.01753364918595067,0.12791386130832308,-0.38073648339557015,-0.1707953883636994
#11,0.5058971470488067,1.0,0.2775691574151138,0.4821626567087781,0.12085896864917588,0.07712782357931817,0.26189555905308703,0.3192222045330426,0.18207177015172613,0.5716192115238512,0.4552666845349772,0.14021961900194066,0.11367751998597404,-0.017270058018270012,0.3553132361861502,0.3681614919098873,0.29165717832506755,0.06198463190944394,0.5437228826555802,0.3234856103002078,0.33620005521711005,0.2979640202086562,0.2877323300209785,0.2929211261872183,0.3575090231609579,0.38292582165679545,0.16836261116473844,0.05416637277997997,0.02670210772172995,0.08346529685242321,-0.07076294327348792,-0.02022759928499888,-0.23986111083121903,0.0029877696116463767,-0.04940964042376109,-0.11802798338650164,0.13304784340911244,-0.011231643837548844,-0.006624037982923,0.07864327127118251,0.18256026020559304,0.08990594954284667,-0.03201584771362875,-0.05654837775523977,-0.16666659949256685,-0.12542062741952711,-0.23902680851149585,-0.3868135898577857,-0.5107755988738933,-0.2536025133861187,-0.30536875557964865,-0.09080070855240487,-0.19087103983491294,0.17948099946999635,0.18575479169647519,0.22272043012919596,0.001099102621200549,0.021576186512918587,-0.4291389153666799,-0.2597561983221253,-0.25537429744288354,-0.17686201566634355,-0.09772743302910183,-0.024568389615152866,0.04248130376866852,0.35417181388206515,-0.13961908254957953,0.15904502612736612,0.48720555073021604,0.2458946884767534,0.3181057709940894,0.5726800249081562,-0.0808301912648144,-0.4071117219475921,-0.030715625837577056,-0.05049866692998914,-0.04352196492302856,-0.14822972736048107,0.1077140721006483,0.11314791938301932,0.020896653319173033,-0.036915257857858264,0.07474260564302743,0.050745330224515994,0.05769704346634477,-0.2574991485682848,-0.2586703961726885,0.024783615430965515,0.2389341082537488,-0.07227839096535227,-0.1452592886665874,-0.15738448237989774,-0.18702921871819725,-0.48572637705225274,-0.2747220503684835,0.08546359197376986,0.3113773444600512,-0.086076219764098,-0.06101813096128152,-0.4749820141347741,-0.3220789846500465,-0.07040100922367565,-0.05520380957754881,-0.299550403749927,-0.050796113843977406,-0.3181057709940894,-0.2233588527738537,-0.09055968788226261,0.041734059082307755,-0.4415196393556929,-0.39753457618852817
#12,0.2774885484953338,0.2775691574151138,1.0,0.47626208378088075,0.27012411758423127,0.4294565145106132,0.29843638847856707,-0.0304600955618744,-0.19795333952678534,0.42756865360936513,0.16126177142131662,0.2750283642636476,0.2973159244936248,-0.008308764406325383,-0.23186148163225,-0.07276768710841698,0.6025931889493232,0.6319283870356674,-0.027804031655122796,-0.046701986808350276,-0.2656495164472425,-0.35776213516906713,0.0026467938809768997,-0.06609729899662047,-0.12115157902797734,-0.025501034817007676,0.16291828472279601,0.11166310308067139,0.11537917428253024,0.060467572039183994,0.4224274167057956,0.30200575144642633,0.32144056200538873,0.3725764424462389,-0.019792311118186783,-0.014030385532311078,0.06371530541712093,0.03209000791982637,0.39461411502489807,0.13518397978328292,0.3501728053717784,0.06795049806236308,-0.1298363840450765,-0.2508098679041264,-0.049823164182232586,-0.3150345711504707,0.13190642110502737,0.11288916475052548,0.19256624541788672,0.15955044405438684,0.3113483252489304,0.3355132672205843,0.42314322391344217,0.28649014656716837,0.0003333178832903755,0.042665092105766966,-0.2971837258651856,-0.32336227865294437,0.2502346727177096,0.26766957597692975,0.20994552852245865,0.2935885680429968,-0.25039589055726963,-0.3229132869697696,0.3943223107352944,0.2844055999016571,-0.03063904736378604,-0.005701871940639591,-0.05056718451180215,0.08228760053443714,0.23945322969713215,0.23788780447500418,-0.31616632038418213,-0.0679988634142311,-0.35027598478909683,-0.16493108944970306,-0.2560739828665741,-0.07775254270761331,0.10839279920519605,0.07611618163607894,-0.06409013689409801,-0.12194074035262371,0.1694766264360983,0.11196619261904427,0.049715954318925164,0.0825761804672496,0.28644339339369596,0.32540249041257663,0.04175018086626375,0.06959088957988646,-0.18923467876337857,0.46733303373684815,0.1744308506457782,0.1324319912619931,0.332412242076647,0.468668723537603,0.33529159269118924,0.5302345921087898,0.515255036546069,0.3029553245214349,0.4384315116389204,0.5028412628999462,0.44972159694330976,0.39150019245379597,0.40067993623834447,0.20897983366349404,0.33968880926518924,0.20631651495396222,0.2950346920638503,-0.1501852997543443,0.24286056873623352
#13,0.6930912110079541,0.4821626567087781,0.47626208378088075,1.0,0.13238846244531188,0.09440473335576949,0.3911511558311485,0.4185807590538931,-0.24691358522277282,0.7491031250062976,0.3523129721919379,0.10948182571142409,0.10826463102274582,-0.012421431493501913,0.027392120075046905,0.03830495563486577,0.5053619038214674,-0.04744681322711765,0.3987001811685472,0.33841196397587375,0.17282028442857345,0.16851738029071606,0.1832631699860748,0.3200266815524472,0.25056194493201644,0.3961005435056416,0.4190233020234854,0.40195758761685774,0.018916092160177984,0.06631977961521332,-0.12095408717451629,0.11373555840821566,-0.13427390507896653,0.12923826586030876,-0.020293698599218497,-0.08639381890803127,-0.06065297255467804,-0.15108086485310032,0.28886407925468993,0.05704652948372002,0.2886512717064707,-0.017150756816995585,-0.07541004749880598,-0.1489310549754989,-0.11796752669666662,-0.20098987753489864,0.057366546895246694,0.003690679392128136,-0.015156492141637933,0.14668929090348493,0.19715208686417196,0.1103290254583121,0.17187393571035603,0.18653992257513255,0.08183699667286684,0.038875666786908306,-0.01359429127630118,-0.021579410869709787,-0.06838901058596639,0.07434278540091854,-0.006486196730099169,0.12019313897179293,-0.1284015452729922,-0.2674511258043259,0.3168450474887299,0.5436140606138772,-0.05440578127172662,0.00014630518940073314,0.21930180584132536,0.06354038406119829,0.25937411204236804,0.47357135803862377,-0.22889104293835635,-0.24065510869105222,-0.16843112874655145,-0.052517920370478595,-0.20639873605213785,-0.2229114732690746,-0.036809660172946436,-0.02013248075965846,-0.15637203434746072,-0.020421866781668727,0.04497534374666229,0.13607712661444551,0.17844356267242753,-0.027608958069255153,0.08603672139340579,0.21265721258385847,0.18174449793741926,-0.006565193471483587,-0.20070049151288835,0.14229529868627613,0.052149537607083914,-0.2926067514000762,-0.06795775286514329,0.15307432343926017,0.26064853906409013,0.042850492621261005,0.058707879320386194,-0.08985355374498966,-0.17699905082996958,-0.07264757981794476,-0.004544327852598529,-0.10655330365581603,-0.04334623747790812,-0.16980389865040516,-0.13519687721044774,0.11417245875342336,0.19880134536287114,-0.5366325220717298,-0.21618627109182767
#17,0.13489862420726165,0.12085896864917588,0.27012411758423127,0.13238846244531188,1.0,0.5853130548160806,0.15337741297763305,0.052699290439983636,0.1447280758852371,0.1068322105182549,0.10425514335288771,0.5322199898029717,0.5733926077590116,-0.1546179842530475,-0.18564677574396996,-0.009110017068938764,0.20391920567970448,0.26340133367457774,-0.16711317290814814,-0.06098508130417171,-0.3140317961884072,-0.227399777922426,-0.05307089756016952,-0.15195788990030693,-0.20342184864466178,-0.214147671510591,-0.25584021699921206,-0.17859188308482274,0.2861773839584219,0.4189878340987822,0.19730201945496278,0.2057715986562493,0.04408300300469749,0.08393927730072971,0.1403937342686655,0.09786849863871687,-0.17724732630289206,-0.013705531585597605,0.02344228300582601,0.048161814345566406,0.16503265668862588,0.11441670378035682,0.07888832238731378,-0.10362359334887818,0.1545486605820367,-0.06669461109219041,-0.09185184886633631,-0.14326502399122976,-0.15307109908246896,-0.21881815232264526,-0.11231603533088955,-0.1871412651166915,-0.07647811568589122,-0.08447452052806903,-0.32756280946268107,-0.2649474127559585,-0.3959643144312134,-0.3722378849831628,0.22230690637072445,0.05736574080604889,0.07204059465200122,0.05673457296417135,-0.15259631254496467,-0.34759896256320244,0.05810573068962946,0.02066772398699778,-0.1572248767187333,-0.19851840805444326,0.07882464134068755,0.08771902954921477,0.287411506520254,-0.01205949744368963,0.027770981998012992,0.03495162457201702,-0.23624338251149182,-0.2727237552471369,-0.21465308943761172,-0.22752714001567845,0.13267946064571776,0.23843997557549731,0.1806014634549386,0.21626688001160768,-0.20915959155460348,0.3112266057800626,0.7019066024750968,0.3814240774812937,0.23074988462848356,0.30347525205401604,-0.0013497963617164056,0.2570912674341979,0.04196621277127421,0.2593749181315658,0.13542177609663397,0.14069440553944496,0.14586385556493753,0.14451526833701783,0.11010654483971924,0.025842816636874953,0.1448167456969951,0.032771153291967524,-0.021209415927919504,0.22707008744052573,0.270577139713395,0.0015690526235180554,-0.002568603228790282,-0.10572222569288404,-0.004410517045763699,-0.011546824713888716,0.06348153954975888,0.07432021490338013,0.07885688490859956
#18,0.1077277756170109,0.07712782357931817,0.4294565145106132,0.09440473335576949,0.5853130548160806,1.0,0.24712397450339868,0.10662020905923345,0.23923074907853928,0.15857023958986183,0.2326111445862042,0.22796887689607293,0.5453914872950266,-0.04398385403336806,-0.14247666875578116,-0.09735501981971816,0.37296336526118296,0.5284555532492448,-0.2044883046533514,-0.24390445424738474,-0.4182091519337072,-0.457078773051632,-0.10721913333319899,-0.23075552725286816,-0.03297670603740657,-0.16448370994492395,-0.003011146198382582,-0.13227077342243307,0.6090556060480873,0.620780173430091,0.5673122769400047,0.5225614290349299,0.3272839026002422,0.3788204093723991,0.2931613407681627,0.306065216646548,0.09717929237459771,0.16977568552848216,0.05339655759608079,0.08174187814752641,0.23453527950135322,0.1394627012452063,0.09595323070474364,-0.026464316741529395,0.1444354655064356,-0.07130463521440965,0.0370885670353853,-0.0728329803334388,-0.04791595714023735,-0.25133014793752,0.08498638716867216,-0.07216392629926464,0.05187385510143625,0.0988728857791759,-0.24554565185410593,-0.14293210915253826,-0.4397011021254557,-0.4292856236006795,0.23016627604927622,0.10032384633521622,0.06867517225118545,0.07413562047708389,0.023156121340606944,-0.23022270229312225,0.15571345947285797,-0.008988297600070937,0.04045640770379446,-0.18891063090586288,0.035785120802542404,0.1261896365142285,0.3967470270422774,-0.014470510234309978,0.013692634158432802,0.19645078926208578,-0.18921452653343357,-0.16534138885138336,-0.1628932959576642,-0.14238316240883636,0.36839525777724935,0.48629708820429524,-0.195570539858088,0.04513978594301352,-0.18416679597680882,0.1674348024980704,0.4817499390395044,0.23098687485263683,0.2140452981824704,0.3478327284305645,0.0322238187266612,0.22023364495398237,0.11824079093472088,0.2637358606916648,0.2481082094139127,0.230949794749538,0.31062123279251463,0.24479437672175614,0.16649651467183102,0.23292148892735726,0.16447161860695694,0.1673429083295212,0.22131380447903462,0.5405581764650167,0.5891589063787853,0.19991455454503318,0.32791103999613075,0.12790821868393848,0.2871551701553535,-0.03544414507187293,0.00958641578483867,0.10158698810816912,0.2736886440169037
#26,0.3241474095316017,0.26189555905308703,0.29843638847856707,0.3911511558311485,0.15337741297763305,0.24712397450339868,1.0,0.311200810925733,-0.0027314332467459185,0.5877393833014593,0.4115419881787019,0.02999175773795249,0.2304508255360997,0.3099022012280769,0.12597521678761364,0.21698268721925423,0.268906922895553,0.040116238062322784,0.12306523478355498,0.07881819262710515,0.009306702833202007,-0.023509994498441225,0.15551274326260572,-0.053228891042938355,0.08557402619386849,0.01399249934001447,0.20312278955227792,0.06585547223728042,0.2277246318691395,0.25180009793983754,0.08497187756311175,0.17340389300778078,-0.0944627717780111,0.14521656593910398,0.0816894823496694,0.0036358653266777233,-0.05977836577506484,0.098428730631188,0.025044788331052774,-0.017557831861884678,0.22584805621666065,0.07388895718255703,-0.04921456683789345,-0.12719485537648761,-0.06692434651356347,-0.09700678928626848,0.0812614489856375,0.007707421864766446,-0.034243878256348455,-0.020814432220997416,-0.023640580948484854,-0.04744520104872205,-0.11505673860341016,-0.04873252549760894,-0.15869679559391645,-0.06646487567081735,-0.11311970626109633,-0.07125465768414604,-0.0011377949026949578,0.013784528326982022,-0.047057472144580156,0.12834270076155277,0.08548777464970386,-0.061998335425806544,0.09531642023848148,0.23893652652134223,0.16770806673612468,0.4743468158469075,0.19351662458209312,0.2778674104182998,0.16927913458263724,0.3064069984664153,0.027301031995695484,0.04463678628358621,0.04209921748891123,0.10822835700884481,0.05580273385151434,0.09647799477251155,0.3796369777297707,0.2066244410275219,-0.24979535410490847,0.19833542580654262,-0.09970557592050348,0.10441716728164555,0.32954901324606073,0.036130933068398687,0.07442339432069855,0.16792732299792634,0.2948734742242903,0.0613454031755884,0.05573985889408593,0.07606942846260653,0.03251320474867146,-0.160316228792297,0.01593033777152611,0.09870199486924226,0.022772422882454058,-0.01802455750741098,-0.03451472422680932,-0.10933834183421566,-0.08571186744669232,0.04565165258361664,0.11634648131989045,-0.11610384847135259,-0.022378245264729767,-0.11144787726485875,-0.05393099473422232,0.020063157088647643,0.14806770343172324,-0.12321274910675241,0.025849265350457354
#49,0.7211149019694775,0.3192222045330426,-0.0304600955618744,0.4185807590538931,0.052699290439983636,0.10662020905923345,0.311200810925733,1.0,0.22529588511616752,0.5040729671941848,0.5932054741517423,-0.17250107310624457,0.01298085739677524,-0.10322334917970348,0.2616521201153514,-0.10351999000449395,0.222062661343791,-0.270540865699494,0.3162614389095225,0.031578947368421054,0.3251929072211486,0.2380143604790588,0.2791418374400219,0.1369049802205863,0.2877815014620443,0.2885464801107567,0.2625742861576348,0.08056982445392495,0.15990431721222112,0.06194755180634513,-0.20713711375732283,-0.09367199827496912,-0.18247884519661522,-0.0014489453330458282,-0.02454984956360346,-0.10915858394310622,0.10271228862829816,-0.07513597717155392,-0.09926625730770239,0.08513309540267178,0.16792732299792634,0.036010825777926456,0.04940802824536549,0.06563663224732405,-0.03728605888884635,0.043550984134149366,-0.16576619785862404,-0.17936975916069992,-0.18023711113753293,-0.10598662294976251,-0.017498987350445264,-0.10429464172357993,-0.04406446295314808,0.021117521759370282,0.2611338047611658,0.06327921116111103,0.1412570557995095,-0.040717580603881726,-0.15265354487800847,-0.18318417324469038,-0.12295157620666515,-0.07172783204325475,-0.055153025958087395,-0.08967621412147361,0.03759237278401042,0.2886133855141741,-0.10355223357240595,-0.009847588684925931,0.2299478258766724,-0.13888554137958137,0.03482265030036899,0.29071002351765235,0.08727890484721587,0.03545462423144433,0.09168740666998507,-0.029175189380580908,0.004760359757608979,-0.13700735354870694,-0.09033156463928516,-0.029820060738821055,-0.4723452963687697,-0.06057881234848042,-0.4030748272450088,0.03205534608432096,0.2578038502850533,-0.03721028650425313,-0.0032908591500192454,0.05236153906610536,0.14632090814009024,-0.10031094890805142,0.045500913903628,-0.17051003278767812,-0.08657357679914071,-0.311140354235898,-0.18531466699447627,-0.015464418215197603,0.1085685266503165,-0.2926494741275596,-0.22345961392357871,-0.3238556052419981,-0.3368747518756688,-0.21011319507560108,-0.2176203037747142,-0.3781779562817524,-0.1782775082976807,-0.15924171189162936,-0.22436888253869733,-0.09564127418519497,0.013413727295993938,-0.18646011974455035,-0.2149843920979076
#50,0.03270021744256111,0.18207177015172613,-0.19795333952678534,-0.24691358522277282,0.1447280758852371,0.23923074907853928,-0.0027314332467459185,0.22529588511616752,1.0,0.010079742373892383,0.17818722630752706,-0.08175880602068022,0.08287120911364447,0.1174709757508217,0.09147540521096362,0.0507743494356368,-0.10672016411976067,0.06281570987237593,-0.060589291508051826,0.024470046733021243,0.018275251247926838,-0.00790571980742529,-0.10367072868448259,-0.04564359169163864,-0.040187980000927,-0.11136807443427653,-0.22270108398844873,-0.16974586022816354,0.2256844201095072,0.20630442361599524,0.19109432654270359,0.00799035917319431,0.11157765762570457,0.0229674964683217,0.09441440642614309,0.15045453354640959,0.011487980202449302,0.1408290224354776,-0.24505313135425,0.14855055086120555,-0.1580607912168521,0.049216179016289045,0.10613333118376214,0.2281454564067928,0.14105392132166386,0.22149839890533088,-0.27850583306295756,-0.2934080040626896,-0.3090517771243977,-0.28451442194336013,-0.2150730619096656,-0.16984662137788856,-0.2286895206389063,-0.08830828075280671,-0.07873838979652294,-0.058285488580738905,-0.10842584886230586,-0.058846526662407826,-0.10238904685998029,-0.05462987406871507,-0.12729800916120373,-0.211440823984378,0.3028489207473253,0.2454964804130401,-0.03870396978777687,0.010830211417044353,0.0015037593984962407,-0.049067052514696015,0.1774835104378475,0.13714035826634396,0.08230372231839314,-0.08402552884489434,0.14138764224955314,0.13361049366917696,0.03517894172579667,0.04424099648746632,-0.010439258156111264,-0.1059946838417405,0.19317645494062147,0.28722691209395773,-0.1479330865356906,0.02503269699308577,-0.22223274616452685,-0.07314493685298747,0.2317639448393162,-0.05559718110607529,-0.1805466493894882,-0.0127986812380724,-0.023102113364354332,0.199076221779321,0.2791756931863295,-0.20297849958587166,-0.09920015799348277,-0.1598567579495509,-0.1579745396726875,0.09089502098854749,-0.04207422872377943,-0.06149533576637923,-0.057773621940135786,-0.178744233943207,-0.0609536438254575,0.1708848642646552,0.06640280680258674,-0.09710190781160889,0.024607887985845074,-0.045945069051615904,0.007483329067777995,-0.16020257021540718,-0.11849873947801694,-0.003868019015644176,-0.17021177978449206
#51,0.627609361113854,0.5716192115238512,0.42756865360936513,0.7491031250062976,0.1068322105182549,0.15857023958986183,0.5877393833014593,0.5040729671941848,0.010079742373892383,1.0,0.5566436864071194,0.038258202461393366,0.10327816324515389,-0.005796990465980013,0.23021464140114425,0.09391221285591357,0.6341072461373213,0.05724482742637887,0.4573850869467961,0.3370287149124486,0.34902815871090215,0.1889984946284231,0.4178190047619719,0.3199839588249638,0.39177668104864144,0.3506516223552717,0.4976968016395854,0.29124849110178286,0.19489987364551825,0.05812507683037667,0.0710297587979598,0.05585029311418455,-0.16623372959334815,0.148810917672095,-0.07049129121382927,-0.18688089830580204,0.05134909103366833,-0.10481779361295224,0.2516477470814533,0.07847479862884227,0.24798568385584707,-0.04310844116455707,-0.2176710873941756,-0.14446572296442073,-0.20330335353258513,-0.24669674722856458,0.012206205677689265,-0.12704167279630327,-0.04892840517267438,0.10000141065609615,0.09555985917621715,0.1505762530152774,0.1809593670587619,0.2917007071417488,0.22756341402957944,0.06143326689814861,-0.011908758763700997,-0.12393339284958577,-0.2624396692616021,-0.0794743492341145,-0.08671222414116234,0.046882550788657516,-0.08044246236067253,-0.03050362437855561,0.24482903855726154,0.5786684615586137,-0.09562031586605216,0.19360207003705995,0.25014439072755595,0.1474462086602193,0.15088579126723267,0.5177660043972165,-0.2650594591544527,-0.32641413235581584,-0.1686302327784081,-0.060806935591457875,-0.22282763999250338,-0.264489554091608,0.2375186156224117,0.11867930345832418,-0.24167722979386283,-0.006977105051559481,0.06027894716689875,0.02900268629225167,0.19286369233187498,-0.13720484540216799,-0.0635782702534949,0.16531317572946033,0.20387406468462768,-0.064005497528329,-0.22286149573881098,-0.06471646820078876,-0.10625182629583876,-0.486060097980142,-0.24126370603539135,0.3160188060609847,0.26381566352224706,0.030616476866247636,0.0009588431007833172,-0.2410831420550841,-0.24252604171914643,0.11882842995991721,0.05729641713503808,-0.23296259947644507,-0.08985113547739625,-0.2967194184872527,-0.16811514178101378,0.0304665442754568,0.1377699139298259,-0.5562882010708895,-0.3028344111417649
#52,0.6103243904454247,0.4552666845349772,0.16126177142131662,0.3523129721919379,0.10425514335288771,0.2326111445862042,0.4115419881787019,0.5932054741517423,0.17818722630752706,0.5566436864071194,1.0,-0.020416224157284123,-0.010799580027527947,0.014938848058231884,0.20319533758007993,0.13412397248817567,0.30221372245945877,0.049173456288805636,0.2855575013653136,0.08682024009366757,0.2115302998853338,0.18119071465853054,0.29028118406442266,0.1664207422872378,0.2639881666105763,0.30667703834767834,0.20375637566174884,0.12568824903319678,0.1924832182305133,0.16191873411752378,0.025314022123118035,0.15087692428605687,-0.08534590295089103,0.16960721288614192,-0.02089181678398623,-0.09657230720865417,0.1316339629561709,0.0476918643432489,-0.029543572143975592,0.047267861425206004,0.23849962617613452,0.09915904744439497,-0.05714487236585164,0.005817949957569589,-0.1748169673715245,-0.216745696995101,-0.15282846623393112,-0.16368326337150838,-0.18074252906455363,-0.0834604603172364,-0.07480064406526904,0.035948756909695845,-0.002949883419349768,0.19187220261858076,0.21699558464641905,0.10674757115248588,-0.04127378215036385,-0.08160645516229599,-0.20026681552447187,-0.13958522680327193,-0.1377013963480129,0.031182351483103363,-0.13983995098977678,-0.0024073853892302454,0.02949198243531638,0.2610265948978584,-0.08832682080435611,0.12782035496137825,0.24115972052887513,0.16870761734139691,0.1077205208142307,0.369433500664016,-0.17184411041003742,-0.25496399804120323,-0.12909478198310034,-0.12651126610415075,-0.128462808052025,-0.13412961511256027,0.11565243852058449,0.16031461661390142,-0.32788443905260334,0.010436033799320064,-0.12903190702567194,0.029950647188864685,0.12346827938245507,-0.13400950782208806,-0.018023751418213184,0.10434300707544793,0.34984633924666936,-0.14293452742013169,-0.06637056323467473,-0.137374124133706,-0.021174754092414098,-0.26602757228101076,-0.15739576762866694,0.13138729966164406,0.3082497183725865,-0.1431070305084609,-0.09116264260221715,-0.3397637755605847,-0.23523174056825258,0.04179209750454937,0.038475040455601614,-0.2189035977776121,-0.015997243174943523,-0.1205284720780778,-0.0869540509005024,-0.059725163888010024,-0.1033055702778791,-0.23056609629138514,-0.14852959254206274
#53,-0.09525838181623987,0.14021961900194066,0.2750283642636476,0.10948182571142409,0.5322199898029717,0.22796887689607293,0.02999175773795249,-0.17250107310624457,-0.08175880602068022,0.038258202461393366,-0.020416224157284123,1.0,0.5835525560080851,-0.12725931687970932,-0.2609862904379684,-0.0821070365541299,0.028341693150055518,0.17040685337035968,-0.2927623266152516,-0.11569838560485911,-0.21001565828266727,-0.23855282806318934,-0.03941977699542343,-0.09518260943164666,-0.41043039117493546,-0.19633068197161357,-0.29882008693671996,-0.14102973864572985,-0.18914439677322495,0.03220124822912279,0.08412709608381716,0.17199162473323484,0.024537758225636457,-0.07918173885531303,-0.02140287733539155,-0.06890651985095411,-0.1964693293136352,-0.24844596078779096,-0.05019557739161627,0.05067520046430738,0.03154509162211345,-0.09765649717969542,0.082570537842865,-0.2846208830749304,-0.044835890315442856,-0.21227270803650777,-0.008605405231115849,-0.023093246383178532,-0.1474776461389335,-0.10434623143223913,-0.14828776578272268,-0.052644476374533226,-0.06902098451704174,-0.10104771443484079,-0.21607341860413565,-0.2636778222694232,-0.3077225360372252,-0.2711647787385913,0.07265402853152715,0.08218925765230552,0.04710664358564597,-0.02048554782829494,-0.12720853326024792,-0.36846458144826016,-0.004921577597169015,-0.05004967524681444,-0.1819935794995395,-0.10962853394542373,-0.0017625140309900991,-0.00855945814684124,0.22712167714918494,-0.07925428688311505,-0.09202515804386334,-0.05326919550282837,-0.2773015358014441,-0.24189164952047768,-0.2008439753900968,-0.18758461417548158,-0.16076763874306513,-0.16505039065097749,0.5337386618516272,0.017910092841323357,0.2313431662780645,0.6630265021976006,0.36329835577955877,0.473643099977228,0.21743409717002235,0.2741585940192212,-0.26899317443971765,0.34949488435642845,-0.10872652013308533,0.4335667633301963,0.12065180372534123,0.21173585263077285,0.13381201596862702,0.015264508094143158,-0.0018044306692757087,0.030124762455589524,0.27171694983908445,0.052081020025270895,0.07144247646723348,0.020849094056502822,0.14887137436193001,0.1152824435787942,0.07385751970384283,-0.00975650060557451,0.06585386005888481,0.13921926230747064,0.025318858658304834,-0.03636792329255194,-0.0865655159071627
#54,-0.053049133151828916,0.11367751998597404,0.2973159244936248,0.10826463102274582,0.5733926077590116,0.5453914872950266,0.2304508255360997,0.01298085739677524,0.08287120911364447,0.10327816324515389,-0.010799580027527947,0.5835525560080851,1.0,0.16318106980127886,-0.07709719218980177,-0.1523464248936466,0.1778398018632752,0.19502884791716626,-0.3368924858380204,-0.3126429045005975,-0.2667562769158221,-0.4384024924277996,-0.14953639795011517,-0.3571994849090026,-0.20507997412453674,-0.3883427410660127,-0.29908448419359845,-0.39530735173500625,0.23025172150424306,0.4124391654558535,0.20897177277151605,0.4341374744822388,0.15251328535759123,0.15533862799588088,0.3347724712478059,0.2437255024454731,-0.07969279940671835,0.032783244629934524,-0.037851933505702075,-0.10697891875225453,0.15929975031387097,-0.07760744665200928,0.07900923576698379,-0.20762201825027038,0.07027445321962102,0.0022840537419668173,-0.05878123343738601,-0.20362820747929863,-0.20289708457689384,-0.36137744522120097,-0.15650181470830654,-0.22933439199714645,-0.1364253571478952,-0.3121157221652362,-0.28217595718054184,-0.3329265269848435,-0.2030647511300363,-0.2552106613357301,0.13232236313109227,0.02173095563889622,0.08158549684315318,0.04573145541419886,0.09321091525382741,-0.35734055051861763,-0.09159470641223805,-0.13506387249281068,0.06306640361289179,-0.10426401033406352,0.14550917631790547,0.10808567922083419,0.3562829614911038,-0.01926029224763866,0.25348482436323994,0.2401762917075589,0.06339125755960526,0.055481104261592064,0.08444388913855262,0.06099636655294092,0.10655652801260723,0.08762632929146774,0.109046537544612,0.09873746279394546,0.06530088286919389,0.5234207201197849,0.5887631165826654,0.47357861284140396,0.20364432926325463,0.3709255717691441,-0.10871523488431613,0.31555852912904075,0.09666017093121439,0.3812830118716787,0.23463604065107824,0.13410059590143947,0.15328713098747943,0.05919314501746191,-0.1536974303891597,0.13091331921333754,0.07828778593495263,0.06631171872323532,0.08584164780753814,0.19899722503793657,0.36400368382763393,0.17305405029593549,0.15842272526666437,0.08239319821934896,0.1275366115637526,0.16185102262490855,0.18170741783432046,0.018964457512045996,-0.005726860705771397
#58,-0.08538781958917664,-0.017270058018270012,-0.008308764406325383,-0.012421431493501913,-0.1546179842530475,-0.04398385403336806,0.3099022012280769,-0.10322334917970348,0.1174709757508217,-0.005796990465980013,0.014938848058231884,-0.12725931687970932,0.16318106980127886,1.0,-0.07474502391062084,0.005881629831749032,-0.17642189096434466,0.008935901802213923,-0.21313602956735178,0.08238997386255777,-0.2715476711075464,-0.21177373882306946,-0.335207759414618,-0.2318501963834808,-0.1452262390094776,-0.3280521056057458,-0.24621389979908226,-0.0817023797768342,-0.018001180920674778,0.2163474889313877,0.016179419333646364,0.24075103330559042,-0.008599762606731247,-0.10183687575948716,0.37322373207207243,0.34511056520959327,-0.22724259052885498,0.16141492836889865,-0.07960493568415813,-0.3316311416439786,-0.03427450964586486,-0.001271605709529788,0.04690995782138273,0.09499601892617401,-0.032212533477892,0.10438895415972255,-0.006818305479592844,0.03154670380050904,-0.06595703947620324,-0.09512295883100945,-0.04639325464559281,-0.09460706174441733,-0.20416828724182473,-0.4203517370214601,-0.39909677705386487,-0.2145378186823263,-0.005766359076463606,0.18196052984242972,0.024743310971075506,0.07818541260683201,0.17242771898924475,0.18271180497477948,0.5376860806532547,0.4028241335044929,-0.03783742390014167,-0.032310070270825816,0.6824177839398818,0.4662577107469827,0.10928836430395206,0.3548062060807339,0.22897568230412535,0.0980563174218043,0.2340612990530467,0.23255149398556696,0.3399604613248479,0.35407347099993347,0.3496641630879665,0.4348879435253908,0.36664523812882516,0.2538822263377554,-0.047617704137051284,0.16090709217428453,0.21928971450335838,-0.017473192496115657,0.10888693188344756,0.06083917915936988,0.050752585027296196,-0.04157848386713232,0.1937737670361914,0.0759589942425079,0.21423231087636002,0.09511973447421825,0.05082432696590041,0.015737682453251866,0.002720147997976716,-0.20644226486881906,-0.32189600240214583,0.10950197794136911,-0.14976049074710363,0.017591687608192283,0.05041644583181352,-0.010624658671605306,0.02697537195978421,0.19290963941614958,0.07226065700300066,0.1364769468565544,0.021058677247930868,0.23165673497600878,0.17990500238803925,0.018238171144828032,-0.018208345844509425
#101,0.11370170266190806,0.3553132361861502,-0.23186148163225,0.027392120075046905,-0.18564677574396996,-0.14247666875578116,0.12597521678761364,0.2616521201153514,0.09147540521096362,0.23021464140114425,0.20319533758007993,-0.2609862904379684,-0.07709719218980177,-0.07474502391062084,1.0,0.5756045165177752,-0.046065176342088135,-0.28069517132418287,0.5975454583926985,0.1982346646568176,0.7161808299897425,0.46603361794999426,0.4955921027441291,0.05245182105625898,0.5942574205548715,0.16653762522091883,0.1589321736396741,-0.20189108525803923,0.2464057490281587,0.07869647315823733,-0.19437752784534373,-0.22411577053058807,-0.4273050624416845,-0.09505605342759203,0.13621658004566495,0.01267534959080897,0.27439800251096785,0.12505063247773682,-0.18969011916013567,-0.018169653563015014,0.13576920054088584,0.27634309574525967,-0.019752812747494575,0.13450689196327165,-0.12950991791996744,0.11966192619044261,-0.43596326651525624,-0.5816461550552876,-0.5684472505305075,-0.43917553196848996,-0.41953839302087975,-0.24737144388712334,-0.4080169601167217,-0.003805950147413562,0.39924751573385353,0.3156455867624032,0.29688627895119735,0.1875942872458552,-0.4782394205830846,-0.5389991999564712,-0.5021343226734755,-0.46903791239019554,0.15437615749370748,0.13924747542939364,-0.2595095350275985,0.10164422044121292,-0.09698824923471906,0.14412834552207374,0.6884110571255262,0.28709793782230975,0.2031558392093877,0.530479643224921,0.4158247400866143,-0.09723813688603712,0.4044097109565659,0.19589539380480148,0.30541147830713206,-0.042844849996876405,0.2322040695413151,0.2167787466522108,-0.20098665317810743,-0.0895907686665068,0.01461318802232061,-0.1549492869133434,-0.058648228719748986,-0.5012935716401699,-0.5485392656124364,-0.24865876833601022,0.18652138252358313,-0.26602434792421953,-0.06428037394477885,-0.43958421919177465,-0.30409674682551996,-0.5691098558510992,-0.5142812807951264,-0.11334621732567818,-0.07523512614288334,-0.3973749705273637,-0.5970585805172272,-0.6651642507501667,-0.5143643079824998,-0.28133923659322524,-0.22073583852421189,-0.5685044828635513,-0.3557170868742481,-0.46786666478579186,-0.41005797796555177,-0.3200581190311614,-0.29915058350781804,-0.27926275081969193,-0.42213238805940073
#102,0.026160415780808226,0.3681614919098873,-0.07276768710841698,0.03830495563486577,-0.009110017068938764,-0.09735501981971816,0.21698268721925423,-0.10351999000449395,0.0507743494356368,0.09391221285591357,0.13412397248817567,-0.0821070365541299,-0.1523464248936466,0.005881629831749032,0.5756045165177752,1.0,-0.15165883080792306,-0.0847840587800243,0.4541994224370898,0.4022969511691316,0.31379077551826495,0.5335548735145288,0.21554220582278533,0.09115619388863475,0.18221122358294556,0.1324392460647733,0.014903380133528675,-0.02984988603913966,0.10530064104243456,0.23737190738841207,-0.10886597356430476,-0.23118759106288905,-0.4345888844330069,-0.22630027225662655,-0.03125812386769658,-0.0048272651610263935,-0.048098939388137994,0.14622578961474983,-0.24755684440261738,0.0636000346618355,0.0909659568379539,0.43120250371304836,0.17065835320007336,0.279388960082259,0.043542923242171364,0.0582871007591345,-0.3484163370097718,-0.39704608613466125,-0.45454765297053945,-0.29431807876700594,-0.39705011658065026,-0.23594351732991015,-0.48006601870529986,0.043599349486017375,-0.06849299609248262,0.23933957112024232,-0.08399247918778452,0.17809855649576903,-0.2004231968288451,-0.228251008115303,-0.5064186867597834,-0.3938442998409989,0.11488665378267432,0.2428379982386951,-0.05331353040870738,0.10605917097756452,-0.011717715623822353,0.27672679420341256,0.5205639400027811,0.5319588169028844,0.2988692583777858,0.4111107304578788,0.11846568982090713,-0.1863827351815615,0.03692412483903406,0.021479455809182566,-0.0163358006380196,-0.1451835162819942,0.31870147091126366,0.33399943170711555,0.11097389681655223,0.17818400195073586,-0.026105601715357814,-0.14629027675057382,-0.04040643017353085,-0.38352313375236535,-0.3806639353677681,-0.31230998966190604,0.38817588060206804,-0.0957686362784474,0.017959264282389167,-0.24421399249934,-0.21111516394846672,-0.26994113533633063,-0.19449521686822255,-0.09069188651070184,0.08900312964131046,-0.2554041227432021,-0.3073734994145777,-0.5079583171275818,-0.4158739115276801,-0.1770183969707168,-0.24480324370293194,-0.3572494624392662,-0.36670247046186893,-0.4705606148848401,-0.3970807479701666,-0.37684710301618424,-0.2952765188231904,-0.19180287894756995,-0.16653359477492982
#201,0.3554236704062488,0.29165717832506755,0.6025931889493232,0.5053619038214674,0.20391920567970448,0.37296336526118296,0.268906922895553,0.222062661343791,-0.10672016411976067,0.6341072461373213,0.30221372245945877,0.028341693150055518,0.1778398018632752,-0.17642189096434466,-0.046065176342088135,-0.15165883080792306,1.0,0.44727431013878843,0.21828049082771253,-0.05839914715762873,0.02052988273417395,-0.21176890228788267,0.23345592606549878,0.025676762262128117,0.28051783170066685,0.18725734196117472,0.4771979533395268,0.10566821771663143,0.3708038523002763,0.048617254742323514,0.43204567301394736,0.2304056845410229,0.2349520276166159,0.4666873562894102,-0.061375228475907,-0.12642904500597513,0.32207576029325524,0.08156050807802137,0.45098232044866926,0.23155677991548154,0.3385756000830272,-0.004587856669279739,-0.3166257912269282,-0.3912326496822374,-0.23670688380022692,-0.33526741001525523,0.16935974350241725,-0.01964479679498935,0.21964681201798386,0.11141160325095774,0.31179570475370955,0.23151889372318493,0.49349546474065087,0.4465891343206583,0.20414491065508855,0.048728495051619934,-0.08614070689992201,-0.37941369102198,0.027080163555498235,0.008250725984083768,0.1355733208658204,0.2751130036294166,-0.3535898174812534,-0.30763870276065397,0.2874042517174738,0.2978092510826785,-0.1276405970702688,-0.09734373457094894,-0.05348200305104761,-0.07182859319297977,0.046700374629954675,0.2896193848330287,-0.3974717012310997,-0.2821017969743442,-0.3306509371794536,-0.17975426370805062,-0.30480529923038635,-0.1965039911491406,0.08722489687096326,0.09543330317216252,-0.3016180225422844,-0.17280658091221085,0.08106718148896766,-0.05228012405712754,0.05300076779996091,-0.011800742811195773,0.15436003570975146,0.24734726121118933,0.06526863930128188,-0.1386783764557467,-0.35341650830372634,0.11203632237925287,-0.031798203630222704,-0.10580847723704867,0.08361200508642284,0.5307432343926017,0.4113041918653509,0.43301056178371417,0.2631458033988751,0.15376756014936832,0.1757705708925221,0.5515677427285717,0.4045112781954887,0.20904270862092245,0.23554692144459244,0.05602279620251379,0.23418382461111234,0.12425744070710144,0.3313981818658144,-0.24634690451671928,0.09922434066941678
