,#10,#11,#12,#13,#17,#18,#26,#49,#50,#51,#52,#53,#54,#58,#101,#102,#201,#202,#301,#302,#401,#402,#501,#502,#601,#602,#701,#702,#801,#802,#901,#902,#1001,#1002,#1101,#1102,#1201,#1202,#1301,#1302,#1401,#1402,#1501,#1502,#1601,#1602,#1701,#1702,#1801,#1802,#1901,#1902,#2001,#2002,#2101,#2102,#2201,#2202,#2301,#2302,#2401,#2402,#2501,#2502,#2601,#2602,#2701,#2702,#2801,#2802,#2901,#2902,#3001,#3002,#3101,#3102,#3201,#3202,#3301,#3302,#3401,#3402,#3455,#3501,#3502,#3601,#3602,#3701,#3702,#3801,#3802,#3901,#3902,#4001,#4002,#4101,#4102,#4201,#4202,#4301,#4302,#4401,#4402,#4501,#4502,#4601,#4602,#4701,#4702,#4801,#4802
#10,1.0,0.435649697817312,0.45839753497923313,0.518833266495104,0.05884410839481443,0.28002934164679993,0.1717199726735762,0.6939464716468201,0.030978410916059917,0.4971655888582351,0.5975156330923799,0.0661867748975763,0.14023815905349007,0.028370712361176324,-0.1055424678017746,-0.037458561977175585,0.4776227623467675,0.37431840120268506,0.01567238922823005,-0.10089858793324775,-0.08331858861842358,0.06690661255121186,0.4471437236887448,0.23377271912023426,0.4237671369525395,0.39840354034375675,0.40643057657545095,0.37453604528609113,0.031194442821070367,0.10654604885303583,0.23339869373245498,0.16068058110970268,0.301462447327109,0.11365091904244665,0.2481098215923083,0.01041910592616626,-0.13749987404856284,-0.18480844297825777,0.3275918286738019,0.19226073761192045,-0.014158553714761307,-0.18948940294988342,-0.07467408806121441,0.0011603654002333627,0.07403647150575447,-0.09116183651301935,0.23238947005680913,0.29589237097030974,0.03360303734409731,0.08811884979132366,0.17995820427509407,0.20808749292152923,0.22883381060531252,0.11857370577341236,0.12174163632076708,0.023381020226793194,-0.09453612589501091,-0.17932864861161213,-0.07336177484719572,0.18073366208337785,-0.03589555502264103,0.0627004391170905,-0.1350630664036129,0.07667802580694567,0.2798648994504487,0.18129066971905777,-0.0331250264498018,-0.31717635014902573,-0.13362339109634178,-0.10469607414408441,0.1991399028259472,0.20821807937157286,-0.09107639105805253,0.22849686532063204,-0.19848858275412465,-0.12197459609893133,-0.20568051057689787,-0.2702385822503189,0.2662226458668784,0.08411822910264136,0.02238469397831217,0.2777352117898606,-0.14326421790203195,-0.05885700582197923,-0.027030992114432422,-0.013444358685510345,0.01417467549871731,0.0935688188576507,0.0064563714297805625,-0.12965501397557147,0.20737894051666286,0.1611174814549104,0.11142369458892473,-0.04997632112981462,-0.06608117721266447,0.3168289257047739,0.34581105672248164,0.37739363149229277,0.32880338073809556,0.26475798179447546,0.39550484358846727,0.342929287840346,0.3114539229338422,0.28234604200127766,0.29479528357210366,0.2833254403766049,0.17335149720992377,0.09260231790948828,-0.12080576676212106,-0.17021177978449206,-0.11910814291155387
#11,0.435649697817312,1.0,0.37420151826900405,0.4275106151871235,0.08337259659467619,0.17222055406541012,0.4808535678515506,0.43285579265773655,0.46468100027608555,0.6156961688595651,0.5253190601806043,0.040340330859311234,0.006352385923264339,0.049528135535837715,0.10040123089820505,0.357165629162695,0.23964346674781298,0.27880892260133044,0.10217059668737644,0.10564322895149963,-0.22680327191605387,0.07853767358627069,0.12876186714440888,0.15465667653454193,0.11670760928050493,0.3471693170207749,-0.04467064202989382,0.13702347533266293,0.02420242511935158,0.24775353016688062,0.09144557991064502,0.09825622754285876,0.2402182083458445,0.034538100813545525,0.20690576615755416,-0.0176610112792031,-0.058241959764057695,0.08353784488022523,0.16706561364547795,0.28911477299520577,0.17189731229709224,0.1235803257809493,0.028103896836704466,0.06371127497113194,-0.13233364837986147,-0.0032199233006128293,0.09730826664624574,0.07409370383879828,-0.08556112876670367,-0.04234829905103149,0.009246246143366995,0.06551288432821534,-0.018834677151200165,0.01581506701624068,-0.235306706863648,-0.08723860038732587,-0.3221547570346397,-0.2000298253003186,0.09396138429697938,0.1421526208982655,0.03490164704175341,0.10629857946931118,0.11649480173228569,0.20828901522097928,0.16881724547229773,0.12475076729615515,0.22028039812745479,-0.019655275954560753,0.0671008800478817,0.12809684355622372,0.2888600488087009,0.23316009132990612,-0.18955308399650964,0.03501046908345643,-0.35692783284934393,-0.2813489096635988,-0.2118640208132231,-0.020069605802230047,0.11092553146468423,0.27236343337572017,-0.006125874858682488,0.20436577909528578,0.029252573943569726,-0.16172285444245832,0.034069762989623616,0.00940665789372923,-0.018106778605586602,-0.05407447861143075,0.1814406023098486,-0.17244948339758537,0.148879435253908,0.10500803066363308,-0.07924058336675245,-0.05533600820598803,-0.03592618641215744,0.1369049802205863,0.33856673310185137,0.2751936125491966,0.3800585623802202,0.038550812840194834,0.05687160812779738,0.1611747137879542,0.1390757784302622,0.18963288682709184,0.08185634281361404,0.1249942062338908,0.021334359753578534,0.07924703208033484,0.05726256138873047,0.035200706134137276,0.063166358673419
#12,0.45839753497923313,0.37420151826900405,1.0,0.6938642505486444,-0.06835596092885658,0.41828734258589384,0.3099126803876483,0.32421753929181035,0.14630317417773864,0.57385852731534,0.24275416496212388,-0.04757175705277668,0.23136976722159192,0.16012599174161618,-0.259983515475905,0.018661367973673126,0.6394564540539234,0.8003341239724882,-0.1430248094102853,-0.35830382710998887,-0.3671828996237579,-0.22431084411645572,0.1302071850760646,0.052260777916380334,0.40726004235998736,0.242390618733916,0.4953260933088551,0.5864867206880777,-0.04174856868786816,-0.21652563464410154,0.528728817487299,0.46237880952716826,0.5079115639541093,0.28986927248434674,-0.1716691890541148,-0.3832861435282121,-0.43467755424476495,-0.32212896218031006,0.08500250895262815,0.10145881992571888,-0.08901925142526647,-0.22177569358937413,-0.15858394310622442,-0.15350719333847887,-0.13115030943749081,-0.35915747557045924,0.2423237133304986,0.43556989498672977,0.35508914338916175,0.5293817497375172,0.34137353568859163,0.5406468462767747,0.5968586703961727,0.3824445864057087,0.14472968806363268,0.014078750884179089,-0.34590295089103085,-0.4974638418614212,0.06679134179592643,0.2776795916352124,-0.25790219316718493,-0.17636546472049866,-0.4084691761566876,-0.20359515782218882,0.5197989613540687,0.39413610413060257,0.05012947807739666,-0.27400624316083694,-0.07331824603051451,-0.2419400148723457,0.44306491234787587,0.4270398590956082,-0.26193989395896605,0.006291929233429325,-0.3974338150388031,-0.19134260201562603,-0.4399977429502462,-0.1152356904053218,0.028905149499317846,-0.04406123859635688,-0.10664519782436525,-0.0313467936794546,0.1691001827807256,-0.15773513118094082,-0.2866860262422338,-0.12240827208734782,-0.2004369003452077,-0.21445398540575508,-0.19487891532637544,-0.2773378098153451,0.033794886573173755,-0.12295560665265415,-0.07890444417126977,-0.12508287604564883,-0.1411756407905317,0.6759819677846453,0.1783669841986365,0.737285857366547,0.7253670224878734,0.631526954615163,0.700647491148133,0.7085592566245418,0.6574306309864718,0.625790017794419,0.5354685292701064,0.5681876898088158,0.47579293986776106,-0.14190595760373864,-0.16685764263244549,-0.19104273683404438,-0.0807987537861002
#13,0.518833266495104,0.4275106151871235,0.6938642505486444,1.0,-0.07575747194305786,0.25061514681907127,0.23856814375794755,0.23159869655376716,0.07392361901806245,0.7629912357951969,0.4045273999794447,-0.05483381463575852,0.09824816665088075,-0.008814182333346096,0.006298377947011727,0.1293430574560228,0.47574779887268426,0.47654502108930863,0.03639533032527714,-0.07761470145478948,-0.14145857809895954,0.02190184654882986,0.30345106937808203,0.34317756331326843,0.3223482184421117,0.38067602670573514,0.3391197102915423,0.5526358109156568,-0.05041322147502232,0.0027475550307019224,0.2807532097464245,0.25394671347357944,0.45138697722596494,0.2957408262011233,0.07444354655064356,-0.10755446643948387,-0.17269856495970562,-0.0317957853626293,0.2911735248063875,0.20733782996757505,-0.08524030526597921,-0.18331234142714062,-0.14718019922494524,-0.04529374897979336,0.004077602207072224,-0.06675345560362982,0.23775560584656494,0.43371347156419593,0.202614147268466,0.34039574949166,0.26901655102645383,0.3672562537407577,0.41123164383754884,0.3314852394991768,0.13481237266309704,0.11161554381800118,-0.16396700676913403,-0.15492510423740938,-0.03145884007794882,0.22546355166930998,-0.1496387712782358,-0.08029091759148609,-0.11600308732162758,0.04002192562618016,0.289892649071083,0.2720345489830177,-0.08172736854196601,-0.3837996223472108,-0.14797016663878942,-0.10973977425472016,0.20416828724182473,0.23780638946602636,-0.13253920112530052,0.050165752091297665,-0.3265519736086397,-0.23605153328241538,-0.42322866936840897,-0.3117167080123251,0.12111530501407633,0.15263178046966788,-0.13494134693474508,0.04934354110954148,0.1259324940601302,-0.15267047275116227,-0.21134328719144416,-0.1796938070182156,-0.16650538165300682,-0.25670031417326483,-0.08754572037168773,-0.28796851415593394,0.15396827635962057,0.04725899444403021,0.07191887518313339,-0.14675861457449574,-0.1404332326393577,0.34365879856435516,0.38092994480304215,0.4321206393093428,0.5068668723537603,0.358936607130262,0.449139600542498,0.4170790148783914,0.37331562624062165,0.46036278044346995,0.27342827720601426,0.38425425665477014,0.25367989794910756,-0.020368664894613912,-0.25929350312258803,-0.16012357347402276,-0.11450779185970823
#17,0.05884410839481443,0.08337259659467619,-0.06835596092885658,-0.07575747194305786,1.0,0.3552906656886118,0.10721993942239678,0.1638025645727828,0.37069986679376005,0.0038027257906223613,-0.023585766883034442,0.5557473152191655,0.34764410355827924,0.14374303488552526,-0.2379555159676194,-0.14952753096893937,-0.031674065893761476,-0.24424462388885643,-0.31909000590460335,-0.1320805363717522,-0.12119591393385636,-0.17185781392640004,-0.062043476420883356,0.11310519665553592,-0.09617490523413869,0.08597142816838398,-0.10211255826513482,-0.19351259413610414,-0.19308375468287442,0.01452290603216699,-0.027800807298331596,0.127567242953269,-0.07935343585444447,0.1510091229144961,0.20982219687519524,0.3881097812878484,0.2255868833165734,0.20504208793224013,0.15375708098979693,0.145309266196851,-0.04466258113791582,0.11411522642037955,-0.16888979350009975,-0.07617341396912275,0.015710275420526658,-0.10030691846206242,0.26872474673685015,0.043101186361776865,0.147060091934473,-0.10206661118086022,-0.10266634154402356,-0.2309763956930654,-0.22530636427573894,-0.13561684968250162,-0.1691042132267146,-0.10562549498914803,0.007524439616865804,-0.11997710706678247,0.020418642424877526,-0.006161342783385696,0.2330810945885217,0.23414593841881573,0.132020885771115,0.07481031713564265,0.04670682334353708,-0.0030224314471517847,0.2595046984924117,0.24405761119496677,-0.255791851647344,-0.0037559726171499507,-0.07228806403572588,0.005988033605858656,0.1492607154444675,0.37696076159307407,0.2561763561946947,0.3479342956694873,0.3532101494690895,0.19057923554530926,-0.20373783561019945,0.012417401047512912,0.08242786005485438,0.17911342279579948,0.12308699919189559,0.4064249339510664,0.589587745832015,0.265336753838496,0.26024630055438785,0.19811455736634537,-0.005244013276289088,0.29607051668302353,0.17724168367850746,0.17363524060754942,0.19577609260352705,-0.033613516503668714,0.004754717133224377,-0.30196302871894287,0.08157582377277958,-0.05354407191927823,-0.11747661837520632,-0.012635045130918962,-0.034737204845402166,-0.04111981911358401,0.006591794415010993,-0.11199601791936287,-0.0318143254141787,0.035216827918093274,0.04120042803336403,0.2811764065752696,0.2803493590583266,-0.0335627328842073,-0.02952906253841519
#18,0.28002934164679993,0.17222055406541012,0.41828734258589384,0.25061514681907127,0.3552906656886118,1.0,0.306851959703601,0.3764013356898008,0.21069196711962163,0.15638573786382332,0.19527470512249534,0.3828355396666418,0.7590986310590199,0.23173331344979978,-0.3438804730937502,-0.23382027838290445,0.3165637223586976,0.3320841637731423,-0.3549061611412611,-0.4454855982088698,-0.14114178504422406,-0.20416103243904454,0.04030566902380583,0.18825931083404035,0.21291999766234132,0.1015732845918065,0.19113946753778038,0.20296640824790468,-0.04313504210808447,-0.0317845001138601,0.41542008330931857,0.5712733992579949,0.5123039439929226,0.5473107856749889,-0.011758826172910164,0.04304072967194185,0.05568020829344871,-0.17241482156207996,0.10310727233522025,0.038404910695393,-0.14733980488610968,-0.1624676808612257,-0.2954006565596516,-0.3871255463773344,0.009606568014783675,-0.26862398558712514,0.19750596002200624,0.34832363675202477,0.2922141859607475,0.3544337928713502,0.17140962833242313,0.34033448671262717,0.40059529687257545,0.24299760389985953,0.17024805379839306,0.024607887985845074,-0.12261785527877588,-0.41621005072316275,-0.12328690931295003,0.16181958514619435,-0.16016790837990177,-0.043594512950830576,-0.2490110293154489,-0.20294222557197067,0.17602207072223577,0.033981093177865594,0.26178109438699937,-0.003546389425721903,-0.294592149094258,-0.4008282566507397,0.1642813815562761,0.21294014989228632,0.11907186889765287,0.3471959179643023,-0.012947807739665433,0.08567962387878031,-0.03081235654131308,-0.003894619959171582,-0.0014013860703756174,-0.1372596594676184,0.028020063560133247,0.2636528335042914,0.3425721903257205,0.07962992444928993,0.19428240932000332,0.057984817309959434,0.01337100456851053,0.0007911765476408792,-0.22850412012341226,-0.09033075855008736,0.016713856471787886,-0.05311200810925733,0.024886794848283936,-0.12399304345022298,-0.15133236468281397,0.22668880724996623,0.028510971881593558,0.3588100511262074,0.3588769565296248,0.3629202999457905,0.498408578401243,0.4790987116679396,0.55558448520121,0.38707234449027955,0.5443943549573478,0.44918312935917926,0.6470030611237286,0.026916527448344798,-0.017588463251401083,-0.1726856675325408,-0.1271698409787535
#26,0.1717199726735762,0.4808535678515506,0.3099126803876483,0.23856814375794755,0.10721993942239678,0.306851959703601,1.0,0.3637876519226235,0.3204797036816109,0.3690449656706763,0.4816129038758784,0.32300679331671445,0.2596739772239497,0.3148902811840644,0.12352389953710328,0.18131324021659617,0.24525707192129345,0.27305263963983933,0.10394238074414125,-0.058378994927683725,-0.1823087603758794,-0.05066230303714257,-0.01426576357806873,-0.008994746313653337,-0.01293652249089623,0.14248714791535258,-0.07143280339685988,0.03874669251526028,0.2256505643631996,0.11741293732858009,0.032060988708705565,0.13588527738536907,0.1933763650616759,0.1580116197757863,0.2128563166157151,0.02045249817118513,0.07313606987181166,0.12901739742011153,0.07141426334531048,0.20109547521981044,0.13663332816092766,0.10619781831958615,0.03163214925547587,0.10789382999175774,-0.27212160661638013,-0.06637781803745493,0.057448767993422314,0.017947979033619964,-0.07579616422455226,-0.10969060281365435,-0.22799144739361135,-0.11378956638446827,-0.09336729655820064,0.017016139920962955,-0.1143344826821812,-0.057111822708741836,-0.3702428142186074,-0.33127081977256195,-0.06572407969803899,-0.09308113489298159,-0.027658935599518764,0.06645681477883936,0.145252839953005,0.13129701767149043,0.26414616009334513,0.04069501010634332,0.4220711252803679,0.29814216592137005,0.1787192451780752,0.03107755988738934,0.35304812554033166,0.37634571553515256,-0.03652672286451857,0.15203608055249354,-0.19326512475237947,-0.1810536794949045,-0.11930563476501492,0.04093119424129877,0.08283090465375446,0.08725149781449067,0.23823200456246485,0.29875963024688496,0.00061786737011384,0.02683591852856478,0.1284644202304206,0.027662966045507765,-0.028932556532043054,-0.018296209567069645,0.021788187971940036,0.028993819311075867,0.03426806093228246,-0.022102562759082105,-0.002043839161022363,-0.04030566902380583,0.0042952462904782725,0.1951537917428253,0.13796418142649575,0.09635869357123712,0.29078902025903675,0.014593841881573406,-0.07862634339802871,0.135562841706249,0.18335264588703062,0.029564530463118396,0.03286949617409914,-0.032609935452407486,0.028097448123122065,0.024170181551439573,-0.017180582117314193,-0.09171078325672127,-0.072900691826054
#49,0.6939464716468201,0.43285579265773655,0.32421753929181035,0.23159869655376716,0.1638025645727828,0.3764013356898008,0.3637876519226235,1.0,0.33103785999439767,0.29557396573717865,0.49380016645741936,0.3307130060476842,0.2932056756740417,0.11769829290460136,-0.18044024561537858,-0.18249577306976902,0.36363046452905246,0.24203190904089492,0.03278808116512132,-0.11040157348611411,-0.12194074035262371,-0.08667353185966793,0.26941314691177154,0.07354153273830516,0.3170288358258283,0.20844297825775912,0.27069402264707604,0.09419353798594583,0.3233711456341201,0.17730536472513367,0.08623340715766903,0.11332928945252436,0.23671816904899612,0.014988019499297695,0.34677916984903967,0.09910342728974675,-0.005854222799023826,-0.08378208990715867,0.1430006267343513,0.0684599464353728,-0.005292378628157099,-0.04075788506377173,-0.015998855353339125,0.10336119043252731,0.04002192562618016,-0.08678719043655776,0.295431287949168,0.22886282981643333,0.01695568323112794,-0.09749769760772878,0.02618701672433563,-0.051375691977195735,-0.014253672240101729,-0.14384943865963487,-0.17544491085661085,-0.1985780586550805,-0.2613546732013631,-0.33255653204305324,-0.1571160546770303,-0.03125328733250978,-0.10041009787938085,-0.022367766105158365,-0.0538576406172225,0.0163486980651844,0.29517172722747637,0.03979460847240052,0.27307521013737773,-0.01819303014975122,0.07408241859002908,-0.08468007327350809,0.30391940720200394,0.32168238876472877,0.07004068735225896,0.33282173538912946,-0.048416538532071264,-0.04318421354915028,-0.10914729869433702,-0.22635186196528576,0.17206497885023467,0.11328898499263436,0.395998170177521,0.5194741074073551,-0.24923754038003076,0.10318223863061567,0.20003466183550542,0.002905548513470758,-0.05268881128041224,0.23803128835221263,0.027573490144551946,0.10832186335578964,0.2784953539033862,-0.00023739326875215377,-0.06585386005888481,-0.1404630579396763,-0.14295064920408768,0.22353458021897413,0.16982566305874577,0.2951644724246962,0.17638400477204805,0.2632223818726661,0.20513962472517397,0.2256425034712216,0.24924640736120657,0.24368277971798968,0.32039022778065507,0.3067657081594364,0.1390870636790314,0.007568774522744814,-0.09834328517622118,-0.3434210022510041,-0.2888374783111625
#50,0.030978410916059917,0.46468100027608555,0.14630317417773864,0.07392361901806245,0.37069986679376005,0.21069196711962163,0.3204797036816109,0.33103785999439767,1.0,0.23056125975619832,0.11122056011107909,0.297206296362724,0.10696602132508973,0.08453417112870625,-0.004911904526795413,-0.11246516183248258,0.1143360948605768,0.04012832940028979,-0.020197773984680274,-0.16308353300834505,-0.18685429736227463,-0.2989708256167086,-0.12729317262601694,0.0019777398468027478,0.013446776953103746,0.06332435215618784,-0.0732747172138333,-0.22055446845470686,0.11535257333900283,0.10272518605546296,0.06059815848922762,0.1951634648131989,0.19905445737098038,0.22965682767626652,0.15422864317051002,0.15383446555278574,0.18381131064057893,0.24445662534787788,0.1695540109990871,0.19969771655082494,0.0688557362314927,0.21258708282364985,-0.08096319598245144,-0.018330871402575052,-0.25496480413040107,-0.08529350715303402,0.13151949829008328,0.030984053540444517,-0.0017359130874626933,-0.15947144731300242,-0.11201455797091227,-0.16436360265445174,-0.14164478470365138,-0.15117759555683635,-0.22294452292618439,-0.14850621595532654,-0.3655030097355423,-0.4119845311482942,0.016081076451514742,-0.07221390382952826,0.05136682499601993,0.005199678370410078,0.1951497612968363,0.054652444566253476,0.17437523049113,-0.1350791881875689,0.38511838427481193,0.22858150468640107,0.07957430429464173,0.00954127478976186,0.17506846720123814,0.15412385157479602,-0.0507670946328566,0.03706196609185789,-0.09101029174383292,-0.055613302890031295,-0.007758205484227857,0.07875128722368774,0.13045949099497606,0.1244895943960679,0.23677056484685313,0.14279588007811003,0.04601761707941792,0.055969594315458976,0.10725863170389119,0.042315249393921686,-0.02861092694212078,0.06878318820369068,0.005977554446287254,0.0012111490196947744,0.13495505045110767,-0.09575896320807378,-0.17850321327306473,-0.05579789731632754,-0.006551489955120984,-0.0569320648176324,0.06643988690568554,0.09277643317621312,0.12180612345659109,0.14546000487683966,0.021339196288765332,0.15766419533153442,0.17993160333156666,0.14946868645749994,0.15742236857219435,0.16147377288033807,0.1284531349816514,-0.010749602497264334,0.05242763838032497,-0.029475860651360375,-0.008687626329291468
#51,0.4971655888582351,0.6156961688595651,0.57385852731534,0.7629912357951969,0.0038027257906223613,0.15638573786382332,0.3690449656706763,0.29557396573717865,0.23056125975619832,1.0,0.5461895156008488,0.019269159228814465,0.0671057165830685,0.1351041769527007,0.18859867438631422,0.22668397071477944,0.4657837302986762,0.3435088659735643,0.18635855250562752,0.060993948285347516,-0.17636627080969644,-0.010669799666682116,0.15379980371728033,0.10234551804329908,0.19264362998087553,0.32867843691243653,0.16990546588932798,0.3152941318721623,0.03960517751091747,0.09862461030625344,0.1298113952799447,0.12588574088665783,0.3162727241582917,0.23107151421840583,0.16010261515487997,-0.03420921642084305,-0.09874552368592347,0.13137682050207267,0.32470602934567727,0.3120302767102694,0.07235658161753888,-0.022944119881585498,-0.14692869939523157,0.08347013338761,-0.16228953514851185,-0.02424031131164819,0.2242060525207417,0.22317506443675525,-0.031936044883046535,0.08931266789326572,0.19364640494293897,0.13748858879979364,0.165524371099284,0.1663659282217874,-0.005497125284398345,0.07786378301690973,-0.31538925039750276,-0.20584092232726012,0.08541764488949524,0.08150811228016436,0.014840505176100261,0.1028638333974846,0.12335462080556524,0.25920483331083,0.3130072568180032,0.21161816360789404,0.036978132815286675,-0.09036783865318616,0.010805222651912548,0.02432978721260401,0.2260286201969679,0.2600592878604982,-0.21401144243616277,-0.08896443735981605,-0.42225733188505976,-0.3668709431042092,-0.3090961120302767,-0.1558956356315608,0.14687952795416576,0.23038472622188008,-0.1024567583525955,0.025484106943853873,0.10213029222748643,-0.15041745344331076,-0.10786400469143913,-0.04311085943215046,0.00075087208775087,-0.222942104658591,0.07846996209365548,-0.23386219502119007,0.01054888628701209,0.07070490485124631,-0.04904286983876201,-0.0375246612913952,-0.02348581182250722,0.2628612539120516,0.30440225463148624,0.3585448477801311,0.48318558390078653,0.19467739302692538,0.24962285101657924,0.258277024644162,0.22840013461689604,0.25366216398675595,0.2057393550883373,0.20729671941848726,0.16442647761188015,0.1214385467823942,-0.083401615805797,0.013153360485104479,0.04743955842433745
#52,0.5975156330923799,0.5253190601806043,0.24275416496212388,0.4045273999794447,-0.023585766883034442,0.19527470512249534,0.4816129038758784,0.49380016645741936,0.11122056011107909,0.5461895156008488,1.0,0.08271482780927124,0.07635478403862779,0.11576690318667213,0.2022070722235769,0.17607930305527958,0.4463868059320104,0.2697291338773092,0.25796990465980013,0.05910528129490169,-0.038020406148042314,0.1598478909683751,0.2804992916491174,0.14116596772015808,0.2933628630676127,0.35637969219483984,0.03773746883961445,0.10559647577802722,0.18299151792641616,0.16595804708770048,0.024615948877823077,-0.03555699755956496,0.252907664497615,0.06646568176001516,0.4299490350104691,0.12610096670247045,0.16878177754759452,0.09236290941774163,0.22887572724359814,0.22129123398149622,0.07441694560711616,-0.1165754106520657,-0.024486974606175046,0.06952962680085364,-0.10928836430395206,0.19149898331999926,0.005510828800760949,-0.026280523071280454,-0.25698244539249493,-0.24399796059432957,-0.09951856322661384,-0.12799608240649868,-0.06031441509160196,-0.010388474536649853,0.08348544908236821,0.08884755442613503,-0.16821912728753,-0.06689371512404706,-0.10253656118317772,-0.05717792202296145,0.13518156151568952,0.2176831787321426,0.18702196391541706,0.3038863575448941,0.25185329982689236,0.11614254075284701,0.07341981326943733,-0.04425792436062012,0.057785713278102786,0.047357337326161826,0.2362844930605796,0.2950967609320809,-0.13605536220610492,0.03248257335915506,-0.23654002333628227,-0.2900401633942804,-0.08336614788109378,-0.09164387785330386,0.2984976512575999,0.22579324215121024,0.12906012014759494,0.17667500297245392,0.0653500543102597,-0.0022437492820768083,-0.07031072723352202,0.03761010674636202,0.08353865096942302,-0.0962474532619407,0.015928725593130508,-0.13663252207172985,0.05421715639944138,0.1686947199142321,0.10747546969809944,0.06768368253789123,0.07410418299836968,0.2778899809158382,0.3134820433555075,0.18443199932288507,0.2930718648672069,0.0406135950973655,0.05169570938872241,0.15476872293303615,0.1002432374154362,0.09348176122428828,0.16753717582619104,0.08437778982433301,0.02507541972056918,0.1876265308137672,-0.03505722225692884,-0.03275341932961592,-0.01434879076544215
#53,0.0661867748975763,0.040340330859311234,-0.04757175705277668,-0.05483381463575852,0.5557473152191655,0.3828355396666418,0.32300679331671445,0.3307130060476842,0.297206296362724,0.019269159228814465,0.08271482780927124,1.0,0.5172428525078443,0.21830789786043775,-0.24446307406146028,-0.25706547257986834,0.02547685214107367,-0.16844805661970524,-0.2697525104640454,-0.2150045443278526,-0.22994943805506798,-0.19652011293309662,-0.13714680697992637,-0.08779883237979699,-0.16627806449922716,-0.13657287147109262,-0.10876440632538194,-0.17244061641640956,0.07796938070182156,-0.044660162870322415,0.020553259320910157,0.09508346046031724,-0.05825727545881589,0.10415196393556929,0.18092389913405868,0.16501008619108748,0.13261497350989374,0.031196054999465966,0.02503672743907477,0.006913424004933266,-0.1152155381753768,-0.03966402202235689,0.0020583487665827662,-0.22493959369073985,0.10397865475804226,-0.183274455234844,0.17061804874018335,0.08368294093582926,0.1059172992787517,-0.10117830088488441,-0.09151248531406243,-0.169881283213394,-0.09685524451708204,-0.1213861509845372,-0.09922192240182337,-0.09986598767086571,0.02683914288535598,-0.16318187589047667,-0.009201105148290183,-0.0029643930249101716,0.11338087916118358,0.10498787843368808,0.06495426451413981,-0.1435358699616906,0.13626010886234616,-0.0715037392462663,0.2582157618651292,0.1654776179258116,-0.15474615243549775,-0.2379764742867622,0.03504513091896184,-0.006955340643218876,0.10635339353476159,0.2970241202040212,0.1677959304586849,0.2490190902074269,0.17098159496839122,0.055793866870338535,-0.23833195962299208,-0.09064755160482284,0.40073475030379485,0.3288936627282492,0.011549242981482116,0.568953474546726,0.5919374958436026,0.2529850490606038,0.18451018997507168,0.26116363006148446,-0.07304014525727344,0.4575164794860375,0.020724150230843796,0.2097996263776568,0.1660176976883377,0.0032876347932280447,0.05983640419730645,-0.11049991636824573,-0.2008923407419648,-0.023738923830616477,-0.13635522738768657,0.05157318383065678,0.010671411845077717,0.045371939631979975,0.04950234068150811,0.010149872134100998,-0.027306674620080084,0.023161763964991547,0.01726038494789641,0.22047950215931145,0.15395457284325798,-0.11265459279396561,-0.09302873909512457
#54,0.14023815905349007,0.006352385923264339,0.23136976722159192,0.09824816665088075,0.34764410355827924,0.7590986310590199,0.2596739772239497,0.2932056756740417,0.10696602132508973,0.0671057165830685,0.07635478403862779,0.5172428525078443,1.0,0.3276023078333733,-0.3920580061786737,-0.2901368940980164,0.2061004830489518,0.12166344566858045,-0.4291776076481743,-0.4979587806288705,-0.13370238783772617,-0.23543809940288943,-0.07004310561985236,-0.0004453642817846009,0.08656954635315171,-0.08922802852749671,0.11911136726834508,0.11315194982900832,-0.1329108082454864,-0.29328306023703055,0.28203730983852016,0.3880976899498814,0.3400708955449465,0.3584271587572523,-0.1359723350187315,-0.052817785552060265,0.062323189372520016,-0.2968266283505601,-0.01707901487839137,-0.2036257892117052,-0.32029027272012783,-0.2618544485039992,-0.28191881472644353,-0.47222518907829747,0.11406202453332473,-0.23123595641475708,0.1748032638551619,0.2890559284837664,0.2119744550333217,0.28277891190049637,0.16975150285254814,0.20544432644194244,0.25121004064704777,0.10384726221880082,0.14721808541724185,-0.07739544519298783,0.011137331401406223,-0.32074329484929154,0.04110208515123241,0.08926188427380431,-0.09827799195119936,-0.010111179852606591,-0.2677203595963911,-0.28576144193235703,0.18707597189166966,-0.002773349885031528,0.3057806671597246,0.12463872089766093,-0.38077517567706454,-0.5260437343694266,0.04465613242433342,0.05890375899545164,0.14345767930950398,0.2814996483435875,0.056832109757105176,0.12650159303377714,0.12173196325039347,0.1191758544041691,-0.1867140378418574,-0.2927421743853066,0.08790120570791761,0.2763954915431167,0.29782779113422797,0.2225584062004381,0.30850283038069576,0.16628612539120516,0.11747903664279971,0.031022745821938928,-0.30587820395265836,0.11644321202362648,-0.03307424283034039,0.09140930589674401,0.04533002299369437,0.030891353282697497,0.012836567430369008,0.1420865215840459,-0.14460474423797365,0.27700973151184044,0.19750434784361062,0.28264510109366153,0.28949444100736965,0.3191867366083394,0.36052137849313715,0.20369350070432043,0.3672723755247137,0.27711935964274126,0.46599170131170864,0.1315549662147865,0.08029414194827729,-0.10371828794715279,-0.04586123577504469
#58,0.028370712361176324,0.049528135535837715,0.16012599174161618,-0.008814182333346096,0.14374303488552526,0.23173331344979978,0.3148902811840644,0.11769829290460136,0.08453417112870625,0.1351041769527007,0.11576690318667213,0.21830789786043775,0.3276023078333733,1.0,-0.14289825340623066,-0.18345501921515125,0.20646483536635746,0.143550379567251,-0.26148042311621994,-0.3478512684821139,-0.14334805117860316,-0.2992271619816091,-0.38426796017113274,-0.4612527029178414,-0.01822366153926763,-0.33885773130225727,-0.06519931563027107,-0.006150057534616493,-0.011149422739373225,-0.2212348077376502,0.004403262242983498,0.22131541665743024,0.07917448405253283,0.07878675514839094,-0.07218085417241844,-0.1774504607807377,-0.030741420691906662,-0.20947477243094334,-0.07882867178667656,-0.19881263061164034,-0.19531097913639633,-0.2131763340272418,-0.14412350898688694,-0.2017782327703472,-0.1695999580833617,-0.2344643436519468,0.13981254395705156,0.11581043200335334,0.18111010573875053,0.16830457274249683,-0.02410891877240676,-0.030158618201897133,-0.06641892858654275,-0.152344812715251,-0.11631584993037404,-0.2783228508150569,-0.14799031886873443,-0.3208609838721704,0.18343970352039304,-0.057110210530346234,0.209810911626426,0.15181198775550508,0.16762423345955346,0.021003057093282658,0.23815461999947604,0.05464115931748428,0.6031268199982669,0.36134681383168454,-0.021116715670172485,-0.19770022751867608,0.26242677183443736,0.4698536746583693,-0.001133764456705957,0.11495678354288294,-0.0015956535670454614,0.02292396765164049,0.1709187200109628,0.186812380723989,-0.11734280756837148,-0.3461318802232061,0.10045120842846865,0.12649998085538156,0.09398717915130898,0.07926960257787326,0.3134691459283427,0.29034647728944446,0.24033670345792113,-0.002771737706635928,-0.21229366635565058,0.2621252944744601,-0.17918435864520588,0.14936228268339033,-0.04120687674694643,0.19431142853112413,0.22845333650395083,0.1955923042664286,-0.38845156310771567,0.2692253281286841,0.21089268332987388,0.25004121131023754,0.15698063169179985,0.1403308593112371,0.3250381380951709,0.08079149898332,0.25476731227694,0.09693907779365325,0.07320539354282248,0.1986546371288715,0.07139330502616767,0.13657125929269703,0.16612168319485393
#101,-0.1055424678017746,0.10040123089820505,-0.259983515475905,0.006298377947011727,-0.2379555159676194,-0.3438804730937502,0.12352389953710328,-0.18044024561537858,-0.004911904526795413,0.18859867438631422,0.2022070722235769,-0.24446307406146028,-0.3920580061786737,-0.14289825340623066,1.0,0.5794431132776997,-0.11418213182379697,-0.1650681246133291,0.67659217730738,0.6238400880249404,0.4551764025448236,0.3161687386517755,0.16916870036253862,0.03203116340838696,-0.09864879298218744,0.08817446994597188,-0.20155494606255656,-0.2779617228544425,0.23918480199426467,0.26830961079998306,-0.1828045052325265,-0.4043468359991375,-0.02745418894327752,0.08809144275859845,0.22303399882714023,0.10758671000739586,0.38070907636284496,0.33925996981195955,0.35968868835180956,0.35421211834195515,0.5426523962009017,0.2996447161860696,0.16347045582328912,0.3305953170248054,-0.14865614854611736,0.33062514232512397,-0.14838852693244772,-0.2256787774851226,-0.5104652545327403,-0.443729935936061,-0.38427682715230854,-0.3253791138258404,-0.17595032878363157,0.18486325704370818,0.0755116147377288,0.4013119101694198,-0.16982566305874577,0.1417979416512334,-0.2008818615823934,-0.2428170399195523,-0.05436870116862781,-0.08223923518256912,0.4957162404805904,0.46777960715242944,-0.37252565882677746,-0.35867624031937256,-0.03336846538753746,-0.015530517529417217,0.46521543741422705,0.515218762532168,-0.016941173625567536,-0.007937157286139498,0.020141347740834262,-0.291861118892111,-0.1893878357109606,-0.3951163085951276,-0.20636246203823685,-0.19845875745380606,0.46099072392855633,0.33327959405348,-0.18019841885603852,-0.08070202308236418,0.03945282665253324,-0.41075766338924236,-0.21469258780830391,-0.27085765875422946,-0.16624501484211734,-0.1638202985351344,0.30884300002216747,-0.27619719360045786,-0.1355612295278534,-0.1576722562235124,-0.10667099267869486,-0.14450640135584203,-0.08595530638442797,-0.18981264471820128,0.2265058250020656,-0.5022503995179587,-0.06029103850486576,-0.4142077251558271,-0.45663139354685295,-0.34470752061069315,-0.3709602336046495,-0.3587971536990426,-0.23478113670668227,-0.3883927185962763,-0.18092551131245427,-0.19908911920648578,-0.3467066218212376,0.06593366288946703,0.00944776844281704
#102,-0.037458561977175585,0.357165629162695,0.018661367973673126,0.1293430574560228,-0.14952753096893937,-0.23382027838290445,0.18131324021659617,-0.18249577306976902,-0.11246516183248258,0.22668397071477944,0.17607930305527958,-0.25706547257986834,-0.2901368940980164,-0.18345501921515125,0.5794431132776997,1.0,-0.10922468325732584,0.10661859688083784,0.4071093036799987,0.6531180537782408,-0.05496843153179115,0.5071111173806938,0.11607563534942959,0.08855413795813576,-0.24977842623175467,0.2755474857070309,-0.21305945109356075,0.07573490144551945,0.053891496363530106,0.20642291872807186,0.01714108374662198,-0.31407693718348406,0.08773676351156637,-0.015092811095011718,-0.043866971099687034,-0.22858472904319227,-0.1920350326365364,0.15486867799356338,0.12965098352958246,0.3435386912738829,0.39310914649260514,0.29163702609512254,0.2852278108834133,0.30756534864365415,-0.1222897769752712,0.23901310499513323,0.005352835317992112,-0.11683335919536177,-0.299764017387344,-0.14814992452989886,-0.26558180495462724,-0.020861185394469826,-0.05417362758276017,0.40026076985548836,-0.12608000838332767,0.4123690356956449,-0.3435008050815863,0.20853890287229734,-0.008471594424281019,0.12544642227385672,-0.19806619201447737,-0.1938455089747956,0.2968088943882085,0.4828994222355675,-0.18619088595248506,-0.026031441509160196,-0.03729331369162655,-0.12241955733611702,0.32974811727791736,0.6022344792563021,0.12827095882294856,-0.028095029855528662,-0.20143886921807333,-0.2582673515737884,-0.37797482180390674,-0.39959494017810543,-0.34558696392549315,-0.14016238666889685,0.1898577857132781,0.437513376042626,-0.2736225447026841,-0.010912432515219972,0.025261626325261022,-0.48844531591643275,-0.23157048343184414,-0.33406875537812636,-0.251096382070158,-0.26341020065575355,0.32415708260197534,-0.22787456445993032,-0.11459887993905965,-0.18917744643033474,-0.0953672038579429,-0.2158299796664,-0.15205462060404293,-0.05041160929662672,0.42371796551147367,-0.19798074655951053,0.288399771876757,-0.23563881561314168,-0.23182520761834902,-0.12337154867871904,-0.24658228256247694,-0.19257511239906253,-0.23240962228675413,-0.2578344816745697,-0.1293559548831876,-0.31064299720085525,-0.2826007661877825,0.05569149354221791,0.04227494493403167
#201,0.4776227623467675,0.23964346674781298,0.6394564540539234,0.47574779887268426,-0.031674065893761476,0.3165637223586976,0.24525707192129345,0.36363046452905246,0.1143360948605768,0.4657837302986762,0.4463868059320104,0.02547685214107367,0.2061004830489518,0.20646483536635746,-0.11418213182379697,-0.10922468325732584,1.0,0.6820469829088938,0.05639279114430407,-0.32992062036624664,-0.2948758924918837,-0.19438317046972833,0.18280853567851552,0.0167727009832273,0.5672558506961588,0.2097440062230086,0.46683648279100326,0.3946431342360189,0.16579038053455805,-0.13126961063876524,0.46686227764533283,0.24562464859549032,0.464812392815327,0.22663238100612024,-0.019063606483375416,-0.24166352627750023,-0.20990361188417303,-0.25980940020918014,0.12525699131237367,0.1223131535620074,-0.06949899541133724,-0.2741295748081004,-0.20789000106806818,-0.07570668832359645,-0.24401972500267016,-0.2653141833409576,0.16158904363562349,0.21435644861282124,0.08511052490513338,0.18652299470197875,0.3067649020702386,0.3217130201542452,0.39930474806689736,0.2255328753403208,0.2034879479588814,0.11370250875110585,-0.27565711383793173,-0.4300844579956995,0.0010249424150029322,0.1015732845918065,-0.08633175003980065,-0.03210854797137577,-0.20415216545786874,-0.07577117545942046,0.5523270787528994,0.3773210834644908,0.014624473271089813,-0.18085135110625666,0.04205971911821903,-0.2118640208132231,0.36933676996028,0.4484624856163459,-0.2772741287687189,-0.044430427448949365,-0.358860028656471,-0.2984920086332153,-0.30609342976847104,-0.09640464065551174,0.25948212799487325,0.04221690651179006,-0.05724563351557667,0.022566064047817212,0.20192091055835784,-0.11312051235029412,-0.20896048752274682,0.018604941729827115,-0.03918439894966577,-0.22942951052248686,-0.12553831644240593,-0.2092998510750207,-0.11551782162455186,-0.013326669662631518,-0.10163777172763053,0.025447832929952865,-0.046602837837020857,0.752760351696717,0.12701910229876487,0.6581786817620304,0.5090916785396888,0.4878891143699506,0.5069087889920459,0.6785348522740784,0.5604137655852308,0.5393280843491737,0.5153429002686293,0.4724105895937915,0.37663348937876723,-0.04099326310952939,-0.1902124649603102,-0.16785477497012433,-0.08641800158396527
