,#10,#11,#12,#13,#17,#18,#26,#49,#50,#51,#52,#53,#54,#58,#101,#102,#201,#202,#301,#302,#401,#402,#501,#502,#601,#602,#701,#702,#801,#802,#901,#902,#1001,#1002,#1101,#1102,#1201,#1202,#1301,#1302,#1401,#1402,#1501,#1502,#1601,#1602,#1701,#1702,#1801,#1802,#1901,#1902,#2001,#2002,#2101,#2102,#2201,#2202,#2301,#2302,#2401,#2402,#2501,#2502,#2601,#2602,#2701,#2702,#2801,#2802,#2901,#2902,#3001,#3002,#3101,#3102,#3201,#3202,#3301,#3302,#3401,#3402,#3455,#3501,#3502,#3601,#3602,#3701,#3702,#3801,#3802,#3901,#3902,#4001,#4002,#4101,#4102,#4201,#4202,#4301,#4302,#4401,#4402,#4501,#4502,#4601,#4602,#4701,#4702,#4801,#4802
#10,1.0,0.32567011202624624,0.5213571317734164,0.4340004393186128,0.2137260868601415,0.2732686715448498,0.04274973147153598,0.48399489745537794,-0.06484947291842579,0.4529395050209281,0.5332477535301668,0.0512031888888665,0.11101420127644225,0.06551369041741315,-0.15427942678997145,-0.09079748419561366,0.39568863192556575,0.2639889726997741,0.04932741932558547,0.13537260465556816,-0.044611797518454406,0.1364696920537742,0.10911505512642501,0.08221585859583293,0.1942864397659923,0.20147353105357874,0.20672117173125792,0.26172224987556,0.15506939420381563,-0.1421453660954853,0.2309957418338126,0.13936032791708566,0.16993367901125098,0.08630031256108645,0.13656642275751024,0.16861894752963888,0.10553440690979661,0.04201699639073562,0.296326853047924,0.025887151542753964,0.04102470058824359,-0.0949665775266362,0.016962131944710343,-0.13869691650729613,-0.26504011301370556,-0.09104092313334933,0.16094336618818555,0.21350521841994427,0.11462225652579586,0.20541369505242602,0.31044792361498763,0.19710613977989735,0.12178113469145928,0.13259159692315753,0.009069712609048755,0.20287451407935544,-0.22409320003304967,0.03432287499773287,-0.2132408211630658,-0.0653089437611719,-0.1805321397839278,-0.18597485404747463,-0.07046549635949965,-0.11137532923705673,0.34290107471842296,0.28760819228451723,-0.1487972141557324,-0.26414616009334513,0.1624451103636873,0.05598491001021718,0.21881492796585406,0.12864095376473883,-0.09252735161409285,0.21314489654852758,-0.06287697265140874,0.07183987844174897,-0.08629547602589964,-0.12236957980585342,-0.01969679351759098,-0.027361488685530497,-0.2530592092668014,-0.11407411587129174,-0.12173921805317367,-0.03346035955608668,0.020014791736779634,-0.253109186797065,-0.2238022018326438,-0.052375242582467965,-0.17995981645348966,-0.01575138596961447,-0.06650195577391617,-0.08646394866823988,-0.05496198281820875,-0.2710986794243717,-0.3155754570021946,0.20232073080046672,0.06332757651297904,0.2564197951324304,0.2159178433889602,0.2771967442057301,0.27029259022657154,0.2322596896959633,0.11355338224951282,0.12416474044935442,0.3071284482984465,0.3439635002811236,0.29912559474268624,-0.12153044095094342,-0.1846206241951703,-0.32338323697208715,-0.29363773948406263
#11,0.32567011202624624,1.0,0.23408789999657412,0.3799078237002316,0.17872246953486637,0.03069063707244525,0.4023735296429226,0.3743393595218279,0.41465752292819963,0.557722233753776,0.23449900548745223,-0.07631931611392459,0.0852177347684408,0.05800658171830004,-0.09321575178901421,0.04564197951324304,0.227444112828305,0.27093181896042706,-0.1227669817803689,-0.16464009124929718,-0.11621267051305562,-0.12298946239896176,0.10583910862656508,-0.09861816159267103,0.20687755303563116,-0.06349201870933029,0.030349661341775774,0.014461643253134175,0.0649058991622718,-0.20430854676224197,0.1121330530829889,-0.011196175912845635,0.22106230464932097,0.08836390090745491,-0.06602313879042286,-0.03278727507592353,0.028905955588515646,-0.08930057655529873,0.19187945742136095,-0.06997539412723715,-0.2212581843243864,-0.32240948122114454,-0.138189080312682,-0.15475743768426695,-0.11205325025240669,-0.2851568750340069,0.06294226587643055,-0.03859031121088704,-0.26521181001283695,-0.15924171189162936,0.20870818160383536,-0.13639875620436778,-0.019544841734462127,-0.16016871446909958,-0.011022866735318597,0.02724460575184947,-0.1373048004626952,-0.23974664616513142,0.08045535978783733,0.024050880350165147,-0.19610094655024052,-0.08678799652575556,0.027176894259234256,-0.0211844271627877,0.14020510939638026,0.00211799936721998,0.054752399626780704,0.10030127583767783,-0.002481545595427862,0.04097794741477118,0.09255475864681806,0.14469180187133607,-0.1757109202918849,-0.40159162312105645,-0.19744711551056682,-0.17819448111030725,-0.05747053240176292,0.025439772037974862,-0.20583249987052607,-0.08703385373108462,-0.30128349552519734,-0.3038823270989051,-0.05205200081415009,-0.1501482196512455,-0.27048121509885675,-0.029701565626744426,0.018441305622673678,-0.27967869284575686,-0.3483421768035742,-0.29782940331262353,-0.29072050267722377,0.06477208835543698,0.02349145444689182,0.20204666047321465,0.11173242675168221,0.28888100712784376,0.09197115006761074,0.07034941951501643,0.166448149319963,0.2109918323012033,-0.06563218552948977,0.05248809507015999,0.15919334653976136,-0.011501683718811904,0.17762699431505594,0.1726453630726508,0.06415543011911982,-0.09696003611279606,-0.05248245244577539,0.09233872674180761,0.07785249776814053
#12,0.5213571317734164,0.23408789999657412,1.0,0.46970857860276527,0.14863035369178776,0.39135993293337873,0.31687487278904847,0.18402814863478717,-0.1439445571849753,0.485277385369078,0.46291808320049654,-0.0375270795589886,0.17686927046912376,-0.015618381251977438,-0.09436684716347288,-0.1589386223532565,0.6597191182190265,0.6222585410188565,-0.07246459757004411,-0.14185194962748604,-0.1160877266873966,0.04047414166614607,0.5120193945060991,0.3028755216908527,0.531754876335841,0.26961547530041935,0.24156276512777522,0.45969372640929584,0.15644297019686712,-0.13525894607867833,0.5145867886010926,-0.07617099570152935,0.46203702770730093,0.05929068181039573,0.02304891147729952,0.06132041441045659,-0.23606120635278896,-0.24706351781356367,0.21326742210659322,-0.10229231615624428,-0.09160679775020505,-0.20535243227339323,-0.2856921182613462,-0.5091585839431062,-0.21125622955808174,-0.09960965130596526,0.07849656303718287,0.16848352454440846,-0.004200933854335651,0.3284575684722393,0.3775355031911056,0.48687102371312896,0.2896604953821165,0.43725462141013216,0.1748226099959091,0.31096140243398634,-0.25453032205278675,-0.3861155166124908,0.0529854521052027,0.11278920968999824,-0.014837280819309061,-0.056875638573786386,0.021007893628469457,0.12290724130078613,0.4546613115474293,0.27748209978175137,-0.1112616706601669,-0.000904835124530705,0.009772622389530514,0.01973991532032977,0.3150232859017015,0.4004018354651034,-0.4049248019539602,0.07957752865143293,-0.4428811240107774,-0.22850250794501667,-0.31192387293615975,-0.06850911787643861,0.08429679484763973,0.02092244817350264,-0.44299155823087605,-0.31201818537230236,-0.14671750402540792,-0.08998252801663768,-0.2106242556270064,-0.12270007637695149,-0.09147459912176582,-0.08005553954572843,-0.3833191931853219,-0.20469305130959267,-0.39793197816304365,-0.08534187250490204,0.011534733375921712,0.06364759392450571,0.05454442861374825,0.5534934898221162,0.05614774002817282,0.5432714727048121,0.4724420270725057,0.2401779038859545,0.5099227565026208,0.5748395378690629,0.03122749247818017,0.49505444124919645,0.5576045447308972,0.5877071397335473,0.5183979783282919,-0.16698581081489572,-0.04784502129083094,0.09285865427438873,0.100244043504634
#13,0.4340004393186128,0.3799078237002316,0.46970857860276527,1.0,0.1845658101297199,0.22943192879008026,0.29473966341745544,0.23917190456709989,0.14592270007637695,0.6972272546818669,0.3054396914290551,0.16325845436426767,0.2503805748625114,0.07120387406468463,-0.07015273375075319,0.02794590335393563,0.3594339641653047,0.12688126104594105,-0.03104289805188393,0.021560064728962585,-0.15083742591536467,0.02397913841156093,0.0750650413221475,-0.015268538540132158,0.1686399058487817,0.018694417630782934,0.20742005106575068,0.16401859647779324,0.1368582270471139,-0.10496933838213868,0.10574479619042246,-0.06102377358566612,0.11908799068160887,0.154051303546994,0.013574139046356175,0.13798030321045177,-0.1408145128299172,0.03874588642606248,0.06393456167892259,0.026694046829751947,-0.10010297789501897,-0.1646900687795608,-0.031153332271982557,-0.14827325617716228,-0.0521229366635565,-0.2207438994161899,0.27763122628334436,0.21842155643732758,-0.041784036612571365,0.03920455117961078,0.29741184910816304,0.03140080165570721,-0.07972584906382815,-0.08499686632824355,-0.14236301017889136,-0.05243328100470958,-0.11263202229642721,-0.043487303087523146,0.12357226488897129,-0.032127894112122975,-0.2246703598986746,-0.12167473091734966,0.11241679648061456,0.09960803912756966,0.4061532818914077,0.2467886413971138,0.11000175324400521,-0.015121024216934726,0.025973403086918583,0.0010257485042007323,0.05001098296532003,0.1951191299073199,-0.2234241459988755,-0.06509774839134824,-0.20341943037706836,-0.01656311779179925,-0.1707921640069082,-0.09332779818750844,-0.08511296032488798,-0.08526529403111101,-0.21927198054100677,-0.1946298337642552,0.028980115794713265,0.11088442091559642,0.04153817940724231,-0.1112157235758923,-0.02508025625575598,-0.23283684956158823,-0.36080592797996064,-0.031179127126312163,-0.21797740128933968,0.06550885388222634,0.10406410021300908,-0.0980152068727165,0.0008355114535198892,0.1214401589607898,-0.05849829612895815,0.09857866322197882,0.19224542191716223,0.10805988436650457,0.1386582242258017,0.16231129955685247,-0.1178683777253372,0.07053078958452147,0.3129774315176846,0.2083631754271769,0.19785741491224712,-0.16079907622177933,-0.16590968173583248,-0.07878756123758875,-0.16296181353947722
#17,0.2137260868601415,0.17872246953486637,0.14863035369178776,0.1845658101297199,1.0,0.5476243543729331,0.04011946241911399,0.12567132116004295,0.04935079591232168,0.19970738962119852,0.10011829358977718,0.5623121056460503,0.3163041616370059,0.11591764186666076,-0.35527212563706234,-0.38356988692583777,-0.0032287902817886315,0.04442559091376256,-0.40244446549232904,-0.022848195267047275,-0.24623405202902726,-0.2741376357000784,-0.20077545780828376,-0.0441386231593457,-0.02344067082743041,0.059097220402923686,-0.022839328285871475,0.1218689984140195,-0.05809525153005806,-0.047456486297491246,0.05736332253845549,0.006968238070383678,0.06588368535920343,-0.15359102661505009,0.15160482283167043,0.18961676504313585,0.009625914155530881,-0.19795817606197214,0.021001444914887056,-0.29751019199029466,-0.018644440100519324,-0.1717828476310046,0.2238650767900722,-0.19033176616158462,0.24736015863835412,0.010695594521011723,0.12755273334770859,0.03561906642779557,0.041534148961253306,-0.06051996783704101,0.12904561054203453,0.10721832724400118,-0.1307359795898215,-0.08666385878929433,-0.43148705319987185,-0.2538507888590412,0.10438008717854674,0.015881972419658098,0.21159075657516882,0.11873976014815919,0.17633483333098224,0.21690610874546323,-0.2428613748254313,-0.10655733410180504,0.04890744685353158,0.3125800295431691,-0.09860607025470404,-0.2004796230726911,-0.3098796307305385,-0.14637088567035386,-0.2317268647362174,-0.011230837748351043,-0.11925485114555351,0.08019982951213467,0.006806214141625842,0.1757157568270717,0.22020623792125718,0.18835281718098515,-0.1292959272939667,-0.061118892111006545,0.16036943067935183,0.31716667707865215,-0.11411683859877515,0.2287274068312029,0.4242669122551756,0.1262017278521955,0.18265054219574667,0.23412014356448613,-0.042145970662383646,0.5209565054421097,0.18308824863015216,0.42763717119117817,0.3373350288076127,-0.02521729141938201,-0.024035564655406943,-0.0737212906294146,-0.18795944565245867,0.13090767658895294,0.12386165091098156,0.17763021867184714,-0.09571301612379918,0.2659324537556703,0.20990361188417303,0.15926186412157436,0.15932876952499178,0.10408828288894308,0.04582012522595688,0.17056001031794174,0.13374591665440738,-0.06688081769688226,-0.1307287247870413
#18,0.2732686715448498,0.03069063707244525,0.39135993293337873,0.22943192879008026,0.5476243543729331,1.0,0.04442881527055376,0.043381705402611326,-0.23099412965541702,0.16577828919659104,0.21929213277095178,0.4354296354663125,0.4869862944684144,0.12076546230223105,-0.1996525755557481,-0.3729125816417216,0.21076290296902803,0.22905467904550977,-0.14016077449050124,-0.04056845410228869,-0.31637670966480796,-0.14733496835092288,-0.03596890913964085,0.11039593086172951,0.15923687535644257,0.21744215806200035,-0.04877766649268575,0.1037876116181636,0.2198056115899505,0.22236655697136168,0.26115476308030866,0.01169675730467955,0.15658081144969097,0.06960459309624907,0.2587630964304355,0.28105952364158854,0.061436491254939815,-0.0776808007690091,0.30008322870967286,-0.07913659786023622,0.21922522736753436,-0.049285502687299865,0.18568788629305777,-0.24950677417209602,0.02577510514425974,-0.14420411790666696,0.15434955655018007,0.07699884930767013,0.0030055035739979807,-0.013844985016817036,0.0167831801427987,0.21003258615582107,-0.08586905484026335,0.17011504908075603,-0.17296215612738627,0.05073807542173579,-0.04820050662706082,-0.1982064515348946,0.12324741094225782,0.16171479355048032,0.1840386277943586,0.06941838649155722,-0.29511691316202593,-0.16636431604339177,0.05761240410057575,0.36278004042537326,-0.2123557352238812,-0.3466147276526884,-0.06819796744608775,-0.06336949315126465,0.08263583106788681,0.09886482488719789,-0.06765546941596823,0.33631855032918667,-0.0839175128923891,0.08091402454138563,-0.04158815693750592,0.03699586677763828,0.050304409570780605,0.15523706075695806,0.011930523172041602,0.23683585807187493,-0.055564937538163287,0.24927139612633836,0.1668447452052807,0.09091678539688809,-0.03770119482571344,0.31496847183625104,-0.06201929374494935,0.39685584908398036,0.0988712736007803,0.2282735786128414,0.1409176922472356,-0.07651761405658343,-0.12217128186319458,0.010184533969606406,0.05132813271452553,0.2202449302027516,0.1854259073037727,-0.03962694191925808,0.02853434846832976,0.3804479034627577,0.14874884880386438,0.09165274483447966,0.24394072826128577,0.15678475201673442,0.2600504208793224,0.08714831839717224,-0.022344389518422162,-0.07884721183822596,-0.17168128039208178
#26,0.04274973147153598,0.4023735296429226,0.31687487278904847,0.29473966341745544,0.04011946241911399,0.04442881527055376,1.0,0.31602928522055607,0.3368691092512842,0.4936534582234197,0.20110514829018405,0.12168198572012986,0.47095156814577316,0.41478649719984767,0.07692307692307693,0.16122549740741562,0.34765216445025726,0.323420317075186,-0.061729907722939084,-0.11177837383595682,-0.03099856314600492,-0.07623870719414456,0.15529590526839748,0.08592951153009837,0.15562882010708895,-0.09939442549015261,-0.0724637914808463,-0.23071038625779136,0.15946096815343103,-0.2088161975563406,0.28412749912841606,-0.3355011758826173,0.21738170137216534,0.07670543283967088,-0.14805238773696502,-0.2842588916676575,-0.1668665096136213,-0.11845359848294013,0.01386594333595984,0.010360261414726847,-0.2374613832893679,-0.18434091124353366,-0.25555808577998196,-0.3016413991290206,-0.03036900748252298,-0.2246897060394218,-0.12293464833351135,-0.2221239241228238,-0.19100001410656095,-0.08752073160655592,0.06642134685413614,-0.0017076999655396869,0.0878286576801156,-0.0066288745181098015,0.0957718606352386,-0.0034625561491506843,-0.2764164498622595,-0.3147121354713506,0.04471900738176183,-0.059134300506022495,-0.12432595828891446,-0.1262065643873823,0.2781745304026617,0.3598007347503038,-0.033538550208273295,-0.0732747172138333,0.41386997378194884,0.4777477061724265,0.13535890113920557,0.26821771663143384,0.33809114047514927,0.3452596917111863,-0.003514145857809896,-0.1939228935377844,-0.20610531958413858,-0.15661224892840517,-0.17540218812912742,-0.18617798852532028,0.011303791098718164,-0.040936030776485575,-0.1395134848646677,-0.4498078484874744,0.13167829786204993,0.14972341064400482,-0.20312278955227792,0.18224910977524217,-0.014008621123970473,-0.19063485569995747,-0.3415540996688989,-0.24085582490130444,-0.4811268320896049,-0.0653290959911169,0.0012732178879253885,0.013927206114992655,0.14316668110909814,0.2826708959479911,0.07560350890627802,0.17775838685429737,0.09555582873022814,-0.147919383019328,-0.036504152366980167,0.24874179552338363,0.0049659125030480245,0.09851498217535261,0.1726977588705078,0.14578647100194872,0.07616293480955134,-0.2503571982757752,-0.1297775395336371,0.06943370218631542,0.008226543308149764
#49,0.48399489745537794,0.3743393595218279,0.18402814863478717,0.23917190456709989,0.12567132116004295,0.043381705402611326,0.31602928522055607,1.0,0.4030732150666132,0.3065520945220193,0.19232844910453567,0.2185416637277998,0.26331024559522637,0.3376840654302602,-0.18645447712016572,-0.10276710269374857,0.21955894829542363,0.20780616779149697,-0.09820221956660614,0.05006257267397924,-0.05443802483963863,-0.14759291689421894,-0.09378726903025454,-0.13591510268568768,0.07471922905629122,-0.23450464811183683,-0.0049546272542788225,-0.12687884277834763,0.1209750454936591,-0.20651723116421447,0.03160796657954186,-0.013370198479312728,0.11937576452522354,-0.04772572008955651,0.04716790636467878,0.06833339043131818,0.17770115452125354,-0.026212811578665236,0.04203714862068062,-0.10034802901115022,-0.033963359215513994,-0.11468916192921327,0.09776451313220065,-0.14558091825650968,-0.30647712822662393,-0.15657919927129538,-0.03692412483903406,-0.04292304064906302,-0.015916634255163504,-0.1934440765542911,0.12387293615975076,-0.047426660997172645,-0.04667216150803167,-0.1632778005050149,-0.12527794963151648,-0.09279980976294933,-0.26696747228564577,-0.11043462314322391,-0.2767284063818082,-0.1726493935186398,-0.1553362097282875,-0.019262710515232064,0.0670920130667059,0.05847572563141974,0.10430915132914033,0.02543896594877706,0.28749775806441863,-0.05523524705626301,0.11373152796222666,0.004727310100499171,0.21587431457227899,-0.005672046640320985,0.276757425592929,0.21360839783726268,0.11661813337954911,0.2132609733930108,0.06882026830678949,-0.23321571148455433,-0.04513616763756863,-0.08516533897058379,-0.05367062792333285,-0.21789759845875745,0.02643609828645589,0.24687489294127843,0.17431396771209717,0.18831654316708415,-0.0503487343391983,-0.1624797721991927,-0.12380683684553115,0.027217198719124265,-0.3533205836891881,-0.049161364950838636,-0.08610362679682321,-0.21652563464410154,-0.20448911074254922,0.1223002561348426,0.013798231843344626,0.2065680147836759,-0.012359362625271299,0.23854315499281573,-0.07492800615852147,0.08818897955153228,0.26428722570296015,0.16013647090118757,0.11187429845049504,0.09017760160250532,0.08150891836936217,-0.033264479881021235,-0.004021175963226211,-0.33867716732195,-0.3204531027380835
#50,-0.06484947291842579,0.41465752292819963,-0.1439445571849753,0.14592270007637695,0.04935079591232168,-0.23099412965541702,0.3368691092512842,0.4030732150666132,1.0,0.22894102046861994,-0.09481583884664757,0.1585202620595982,0.14133766471928952,0.27746033537341075,-0.10206499900246462,0.15109859881545193,0.0790181027481596,0.028613345209714182,-0.13662768553654306,0.0154515207880328,-0.09356478841166169,-0.10145398339053208,-0.12117576170391135,0.009631556779915482,-0.10963901310499513,-0.16205899363794102,-0.14357214397559162,-0.2656454860012535,-0.1553539436906391,-0.2724150230843794,-0.0830404878451825,-0.0569643083855444,-0.0339786749102722,-0.05129588914661352,-0.25805857447155817,-0.1559012782559454,-0.06671153896534421,-0.08804065913913704,-0.1183197876761053,-0.08738450253212769,-0.14024460776707245,0.011388831231119879,-0.04145676439826449,-0.06044661372004119,-0.10542316660050018,-0.10743919568419844,0.02842149598063774,-0.09782819417882686,-0.20145499100202932,-0.3456329110097678,0.0023203277558678254,-0.36576095827883837,-0.16815222188411258,-0.2780713509853433,-0.21935178337158898,-0.1408266041678842,-0.30478756526803474,-0.1566283707123612,-0.12079609369174746,-0.20673809960441172,-0.3460738418009645,-0.13703556667062994,0.06373223329027473,0.070193844299841,-0.008533663292511633,-0.15264951443201946,0.4498554077501446,0.3699671317129597,-0.013652329698542793,0.07848285952082028,-0.013217041531730693,-0.11470528371316928,0.0715134123166399,-0.2675672026488091,-0.03274294017004452,-0.05455410168412186,-0.0869540509005024,-0.22721679567452535,-0.12902548431360442,0.0035294615525680996,0.03623975511010171,-0.25818271220801936,-0.06615211306207089,0.2624775554538987,0.058291937294321305,0.19272262672225995,-0.05699735804265421,-0.4043162046096211,-0.1347325698325148,-0.2379708316623776,-0.22674926393980127,-0.1341989387835711,-0.08538620741078104,-0.021776902723170833,-0.002066409658560768,0.028734258589384207,0.0013925190891998153,0.028228034573165695,0.006285480519846924,0.1531509019130512,-0.22396583793979724,-0.021115909580974684,0.15825183435673074,0.007734828897491652,-0.01911519619203463,-0.08308965928624831,-0.10245434008500211,-0.22850895665859905,-0.025688853600095117,-0.10961563651825892,-0.15122918526549556
#51,0.4529395050209281,0.557722233753776,0.485277385369078,0.6972272546818669,0.19970738962119852,0.16577828919659104,0.4936534582234197,0.3065520945220193,0.22894102046861994,1.0,0.5150583507818057,0.0715142184058377,0.17819367502110947,0.18292461252299874,-0.12762125092952162,-0.06454235293406392,0.5956946775945492,0.2957835489286067,-0.10736019894281401,-0.13353552737378155,-0.18469800875815914,-0.16312786791422404,0.2385076870681125,-0.007269715430360947,0.28323354620805563,0.03144594265078402,0.2559957922143875,0.13052639639839347,0.14138925442794872,-0.278600951588298,0.29014011845480764,0.004487901608752516,0.25232808636439663,0.07713749664969177,-0.018600105194640313,-0.08248670456629378,-0.16572428122033844,-0.11022181559500467,0.07804837744320597,-0.07455236859234658,-0.17907392442510725,-0.2711792883441517,-0.17673868401908013,-0.2524739885091985,-0.14375512622349226,-0.22286955663078897,0.16678831896143467,0.08630595518547104,-0.13238523808852068,0.018255099017981835,0.35242421250123435,0.11207098421475828,0.05329740862475137,-0.09008006480957151,-0.06775623056569324,-0.07431940881418234,-0.1642410770963861,-0.26453147072989364,0.10865719646207452,-0.01713221676544618,-0.20902013812338405,-0.14668526045749591,0.16324313866950949,0.259253198662698,0.3664832142000673,0.17300487885486968,0.20394822489082529,0.21560105033422472,0.011590353530569926,0.05524814448342781,0.20490182841182292,0.30963054916841826,-0.20781987130785956,-0.19042769077612284,-0.2277391414746999,-0.06778686195520965,-0.17194487155976246,-0.13523315122434873,-0.03415843968506964,-0.19476848110627681,-0.2881466598686478,-0.3641181484937216,-0.1165762167412635,0.08832682080435611,-0.08819059172992788,-0.06759420663693541,0.016800914105150305,-0.2617972161709554,-0.37902999256382713,-0.11672695542125214,-0.3789655054280031,0.11942735423388275,0.13186047402075277,0.04961438708000234,0.0949464252966912,0.27042237058741736,0.0024871882198124634,0.22887653333279595,0.3226085852530012,0.030935688188576508,0.1743816792047124,0.35642483318991663,0.037765681961537456,0.11727912652174527,0.2896991876636109,0.26960015960566114,0.1616011349735905,-0.1708300501992048,-0.15273415379778849,-0.013412115117598338,-0.05486767038206613
#52,0.5332477535301668,0.23449900548745223,0.46291808320049654,0.3054396914290551,0.10011829358977718,0.21929213277095178,0.20110514829018405,0.19232844910453567,-0.09481583884664757,0.5150583507818057,1.0,0.0265030036898733,0.06330903646142964,0.14941548457044515,-0.15872662089423506,-0.12442268899265048,0.4538939146311235,0.34382565902829976,0.10931496524747945,-0.04167843892765954,-0.1055255399286208,0.026287777874060655,0.14502794106681874,0.001972903311615947,0.28360434723904376,0.14716004699500024,0.19664666893715124,0.19508124371502328,0.06802868871454971,-0.12192058812267871,0.17063578270253496,0.13317762376995826,0.19458469276917836,0.18087795204978407,-0.006229860365198711,0.05505226480836237,0.07519482168299334,0.08728535356079827,0.28197040443510274,0.04101341533947439,-0.007129455909943715,-0.12645645203870035,-0.09701323799985087,-0.21441932357024968,-0.15203608055249354,-0.12178597122664608,0.18069416371268562,0.13655433141954323,-0.025855714064039758,0.14080242149195019,0.20976415845295363,0.1333372294311227,0.11508575781453097,0.02812404906664947,0.11976188125096983,0.07475066653500544,-0.036535589845694376,-0.06450446674176731,0.09223474123529139,0.0587070732311884,-0.035567476719136355,-0.09392349810468277,-0.009100343998565161,0.14697222821191278,0.25994159883761936,0.20028696775441687,0.05290000665023588,-0.044474762354828376,0.239760349681494,0.18548717008280552,0.36351761204136046,0.3055307795084065,-0.008667474099346463,0.1403743881279183,-0.05840075933602433,-0.005326234374464707,-0.10528371316928074,-0.04699137283036054,0.11014163191582071,-0.03298315475098897,-0.33956950806391484,-0.251975825384958,-0.3487444153132765,0.049149273612871636,0.009471951118751045,-0.22574971333452903,-0.027312317244464687,0.013759539561850217,-0.291013919145223,0.025526829671337282,-0.36757062852789973,0.11373797667580907,-0.0001858035600929421,-0.002458169008691657,-0.02366960015960566,0.236161967502514,0.08247864367431579,0.17137496649691772,0.17843711395884512,0.056448411298952283,0.12868367649222226,0.26950020454513396,0.017472386406917857,0.14795807530082242,0.23460299099396845,0.2649546675587387,0.1624378555609071,-0.059889606084361266,-0.15830826060057676,-0.00900280720563134,0.010488429597177076
#53,0.0512031888888665,-0.07631931611392459,-0.0375270795589886,0.16325845436426767,0.5623121056460503,0.4354296354663125,0.12168198572012986,0.2185416637277998,0.1585202620595982,0.0715142184058377,0.0265030036898733,1.0,0.599979847770055,0.44178967923695595,-0.3518994484334664,-0.2794634670299442,-0.029767664940964042,-0.12612434328920666,-0.37430469768632246,0.03055279581962142,-0.19675146053286527,-0.23686810163978694,-0.2619302208885924,-0.08403842627205914,-0.1484038426272059,-0.0989430155393845,-0.088766945506355,-0.13695818210764113,-0.0737180662726234,-0.19194716891397617,-0.008277326927611175,-0.20536291143296462,-0.09354544227091449,-0.21532859218536826,0.09343903849680486,0.13835191033063762,0.0042847671309068705,-0.18579993269155198,-0.2154092011051483,-0.24432926325462545,-0.057105373995159435,-0.11453036235724665,0.19662893497479964,-0.149617812959093,0.15080518234745266,0.023023922712167716,0.11451021012730164,0.008205584989006958,0.09158664552026004,-0.10571577697930165,-0.032527714354231865,-0.09199694492194034,-0.19286691668866618,-0.18804569719662328,-0.35825707393651646,-0.29070276871487216,0.08060126193263915,0.10754076292312126,0.10984134149364298,-0.0005154940419932168,0.13809476787653938,0.25080618995894993,-0.16902360430693458,-0.03933191327286321,-0.0768255401301431,0.17110412052645685,0.20568937755807368,-0.08395620517388351,-0.16494801732285685,-0.10363848511657058,-0.15395054239726896,-0.13127041672796302,0.13142034931875388,0.3094846470236164,0.03843554208490941,0.16359943009493716,0.1336556346642538,0.09698824923471906,-0.012688652619619383,-0.015617575162779637,0.41613589051696515,0.1253859655840217,0.09999979847770055,0.7115691936891276,0.6764777126412923,0.330580807419245,0.20473254968028487,0.09904216451071393,-0.18334619717344822,0.5765226521140697,0.02168500855462161,0.373088309086842,0.24504345828387641,-0.0754559945830806,-0.055612496800833494,-0.1766097097474321,-0.26027854412229984,0.048043319233489784,-0.14592673052236596,0.018194642328146823,-0.24969136859839225,0.12170052577167927,0.13298496845168403,0.06564266468906117,-0.022828043037102272,-0.11785709247656799,-0.11052006859819073,0.2146208458696997,0.06954816685240306,-0.10179657129959716,-0.1902148832279036
#54,0.11101420127644225,0.0852177347684408,0.17686927046912376,0.2503805748625114,0.3163041616370059,0.4869862944684144,0.47095156814577316,0.26331024559522637,0.14133766471928952,0.17819367502110947,0.06330903646142964,0.599979847770055,1.0,0.42982812163079903,-0.1271988601898743,-0.11139789973459513,0.15120097214357256,0.08575781453096692,-0.1294301150893852,0.035031427402599236,-0.14445239337958943,-0.1262847550395689,-0.15640669618296613,-0.004140477164500638,0.012785783810907596,-0.06715569411333211,-0.08030784546463988,-0.2105275249232704,0.22410126092502766,-0.06788278656974787,0.22013852642864196,-0.41229729375704066,0.10340874969519752,-0.08026431664795868,-0.033096813327878796,0.012770468116149392,-0.11521150772938779,-0.03417858503132664,-0.02062258299192097,-0.05025442190305568,-0.032259286651364405,-0.06338077840003385,0.05228415450311654,-0.11698329178615259,0.10359092585390037,-0.11151558875747396,0.06481803543971158,-0.09289009175310294,-0.056362965843985466,-0.08596336727640597,-0.06038615703020618,-0.04536146047240858,-0.045085777966760915,0.008855292882433906,-0.08600447782549378,-0.03608982251931087,-0.11882762387071942,-0.0922548934652364,0.06921847637050278,-0.0015900109426608602,-0.04979898150629858,-0.10034077420837002,-0.0029208642082289614,0.05866273832530939,-0.0304560651158854,0.21307476678831896,0.2596102961773235,0.08023126699084887,0.03713935065484671,0.09336890873659624,0.11015974672677405,0.001210342930496974,0.10506445690747909,0.10842101232711905,-0.14320779165818592,-0.13941756025012947,-0.14542211868454305,-0.14849815506334854,0.06265651988249762,0.09257249260916967,0.20846071222011073,-0.09147701738935922,0.3381370875594239,0.48644057208150365,0.2204077602207072,0.3708876855768475,0.02855933723346157,0.06550804779302853,-0.29347652164450255,0.21715680248597907,-0.08864361385909157,0.07407758205484227,0.10229070397784867,-0.07455881730592899,0.05333126437105898,0.05999197941248189,-0.12857727271811262,0.09249430195698305,0.00587276285057323,-0.0054503721109259344,-0.1240341539993108,0.2229195341610526,0.009165637223586976,0.04536226656160638,0.06306479143449618,0.054633904514704075,0.03191266829631033,-0.13361936065035276,-0.1668221747077423,-0.03850486575592022,-0.1359046235261163
#58,0.06551369041741315,0.05800658171830004,-0.015618381251977438,0.07120387406468463,0.11591764186666076,0.12076546230223105,0.41478649719984767,0.3376840654302602,0.27746033537341075,0.18292461252299874,0.14941548457044515,0.44178967923695595,0.42982812163079903,1.0,0.02640304862934608,-0.015952102179866715,0.14561396791361947,0.026083031217819408,-0.007734022808293852,0.28767912813392366,0.05109275466876787,0.051676363247975206,-0.27917246882953833,-0.0357657746617952,-0.22282038518972316,-0.13716857138826696,-0.05547223728041627,-0.1594335611207058,0.14374867750990986,-0.09948148312351503,0.018823391902430965,-0.2110522889910383,-0.04320759013588649,-0.14721244279285725,0.13647372249976322,-0.16493592598488985,0.17546264481896245,-0.04729607454712901,-0.09241933566158764,-0.169994135701086,-0.0441660301920709,-0.11349695600566681,0.11721383329672345,-0.06289954314894715,-0.17099449239555603,-0.06762403193725401,0.06146309219846722,-0.11954343107836597,0.104600955618744,-0.14986044580763083,-0.02312548995109054,-0.18173885531303466,-0.11708808338186662,-0.1355152824435788,-0.1827674251294277,-0.11198150831380246,-0.10518375810875352,0.01915953109791364,-0.16667949691973166,-0.2384730252326071,0.08225616305572293,0.15747960090523816,0.19018908837357398,0.3277345064618125,-0.07432263317097354,-0.05639601550109528,0.6236006795331938,0.31791392176501293,0.2471965225312007,0.2314060412354929,0.2580537379363714,0.12975577512529649,0.1933989355592143,0.2885013391156798,0.11449247616495004,0.19399221720879523,0.12824516396861896,-0.014115830987277898,0.28835347985754567,0.06946272139743623,0.03915779800613837,-0.26825076628854366,-0.12534888548092288,0.42854885807389015,0.38090737430550375,0.1889227222438299,0.10710305648871576,-0.2591814567240938,-0.21351166713352665,0.14287890726548347,-0.18605546296725464,0.019708477841615564,0.11061196276673996,-0.24824846893432992,-0.18003881319487408,-0.1470407457937258,-0.07308931669833925,0.06434163672381167,-0.12526908265034067,0.08562400372413209,-0.13300753894922243,0.17039556812159048,0.15612698323132945,0.046519810649647435,0.05399145142405733,-0.07720762640990039,-0.032248807491793006,0.1452318816338622,-0.0012296890712441785,-0.22363614745789695,-0.23072650804174735
#101,-0.15427942678997145,-0.09321575178901421,-0.09436684716347288,-0.07015273375075319,-0.35527212563706234,-0.1996525755557481,0.07692307692307693,-0.18645447712016572,-0.10206499900246462,-0.12762125092952162,-0.15872662089423506,-0.3518994484334664,-0.1271988601898743,0.02640304862934608,1.0,0.6061633580063802,-0.009104374444554163,-0.1642120578852653,0.5790183042704591,0.41561999343037304,0.5529219725808759,0.37103197554325373,0.017423214965852047,-0.1223123474728096,-0.18559115558932174,-0.1439671276825137,0.04454892256102599,-0.1425572776755612,0.24830167082138474,0.3520284227051144,-0.1311027501748206,0.11605306485189118,0.019527913861308324,0.24034073390391014,0.08326861108815996,0.10183203922430037,0.28450233060539315,0.44117705144662783,0.13719275406420098,0.17152006255252175,0.14726483859071426,0.3201870933028094,0.333396476987161,0.45393744344780473,-0.04110047297283681,-0.07600494132678251,0.0499013548344192,0.032520459551451664,-0.09936056974384501,-0.18914117241643374,-0.1810101506782233,-0.2895911717111057,-0.08001604117503622,-0.129350312258803,0.276705029795072,-0.003187679732700822,0.014380228244156357,0.24449128718338328,-0.28856018362711927,-0.48453578330710184,-0.163797728037596,-0.313923780235902,0.6463694750142577,0.41641157302261284,-0.1721899226758937,-0.15879433238685026,0.2586824875106555,0.29911914602910383,0.5472866029990548,0.6283928798141158,0.2681306589980714,0.33311112141113974,0.3592832254853161,-0.18294798910973495,0.23167043849237137,0.002529910947295873,-0.20275763114567444,-0.2890647954649422,0.3796297994308683,0.21006805408052429,-0.0503382551796269,0.05630170306495265,-0.02128518831251272,-0.31561011883769996,-0.295411135719223,-0.40236305048335125,-0.3774766586796662,-0.12067034377689063,0.17098965586036924,-0.19709243626353473,0.001090235640024747,-0.4786988914258307,-0.3624567986570554,-0.226564669513505,-0.22621724506925314,-0.18786432712711826,0.16935248869963707,-0.3536406011007148,-0.10562227063235682,-0.16119083557191022,-0.2096827434439758,-0.2670738760597554,-0.0979845754832001,-0.1757431638597969,-0.05250018640812699,-0.016215693347547373,-0.0670936252451015,-0.335897771767935,-0.18494547814188378,-0.06364517565691231,0.0044000378861922965
#102,-0.09079748419561366,0.04564197951324304,-0.1589386223532565,0.02794590335393563,-0.38356988692583777,-0.3729125816417216,0.16122549740741562,-0.10276710269374857,0.15109859881545193,-0.06454235293406392,-0.12442268899265048,-0.2794634670299442,-0.11139789973459513,-0.015952102179866715,0.6061633580063802,1.0,-0.16309159390032305,-0.14025105648065486,0.5138210038631825,0.3735389129484123,0.2710607932320751,0.5931579148890721,0.06160738216487346,0.19243404678944748,-0.25232244374001206,0.05480560151383551,-0.2207737247165085,-0.26773083875596254,0.19706664140920513,0.175290947819831,-0.13032568018814122,0.013091291616873866,-0.10961886087505013,0.38119917859510744,-0.03412618923346963,-0.0789955322506212,0.1708639059455124,0.4291816380941633,0.037514988221021596,0.3698300965493337,0.0256058264127217,0.3051075826795614,0.08128401948317591,0.40420335212192904,-0.2459067798147204,-0.2167972867037602,-0.10089375139806095,-0.1642257614016279,-0.22135169067133123,-0.18640449958990213,-0.30606441055735023,-0.3793427551725736,-0.27682997362073103,-0.07532379595464136,0.15380141589567595,0.1673388778835322,-0.26145785261868154,0.2521273701541444,-0.3150861608591299,-0.4068263663715708,-0.34210949512618316,-0.3452959657250873,0.2710914246215915,0.10391174935462484,-0.12680871301813904,-0.09861413114668204,0.1903793254242548,0.19803878498175215,0.5015378166671033,0.5465353278667051,0.2866457217823438,0.26413406875537815,0.2313028618181745,-0.1289287276083535,0.06937163331808481,-0.0269390979458832,-0.17200613433879525,-0.21962827196643445,-0.020980893868461553,0.32593612146152035,0.002829776128877541,-0.19234457088849166,0.23332453352625734,-0.206152072757611,-0.25502687299863164,-0.21515205865105003,-0.27962307269110864,-0.3417532037007555,0.03349179703480089,-0.42103933110718367,0.09009296223673631,-0.46270688783067293,-0.42723009614628904,-0.2247646723348172,-0.2683966684333455,-0.1965434895198328,0.36834366806859015,-0.4122763354378979,-0.17000864530664642,-0.2481267494654621,-0.21225819843094737,-0.3023588185150628,-0.15984144225479271,-0.31092351624168973,-0.21665460891574959,-0.26194070004816383,-0.22591012508489128,-0.37003323102717933,-0.22245200242632848,-0.131089046658458,-0.11933868442212472
#201,0.39568863192556575,0.227444112828305,0.6597191182190265,0.3594339641653047,-0.0032287902817886315,0.21076290296902803,0.34765216445025726,0.21955894829542363,0.0790181027481596,0.5956946775945492,0.4538939146311235,-0.029767664940964042,0.15120097214357256,0.14561396791361947,-0.009104374444554163,-0.16309159390032305,1.0,0.4471340506183712,-0.03163134316627807,-0.26628149037831783,-0.09166322399405107,-0.14987656759158685,0.5005971105732705,0.1752933660874244,0.5432859823103725,0.11953617627558577,0.4011934150573432,0.37772896459857763,0.11246919227847157,-0.22088254675821153,0.5228709672868851,0.07396634174554585,0.39403937342686657,0.002344510431801831,-0.1483216215290303,-0.09787414126310147,-0.24928832399949216,-0.2008939529203604,0.032272184078529206,-0.04775957583586412,0.029899057480205472,-0.1373684815093214,-0.2856469772662694,-0.36217224917023194,-0.024657865516108685,-0.0001350199406315306,0.20144934837764472,0.19615011799130633,-0.00895847229975233,0.28717935283128754,0.4579243606201244,0.3743417777894213,0.3718646656845813,0.27045058370934033,0.21294337424907753,0.12092506796339549,-0.16547358747982258,-0.36059312043174135,0.06315829778144101,0.08578441547449434,-0.1272415829173577,-0.13976659687277695,0.1037327975527132,0.2264550413826042,0.3563321329321696,0.12377298109922354,0.11326883276268936,0.17160792627508198,0.07425733994595173,0.1152018346590142,0.2861862509395977,0.4184679065662011,-0.29368691092512844,-0.14421379097704057,-0.41758282062701646,-0.3226287374829462,-0.42933640722014094,-0.1487794801933808,0.2951496192537728,-0.0909014697021299,-0.44448362933600416,-0.40052355493397124,-0.2733307404130804,0.06054898704816181,-0.16977890988527336,-0.14319973076620793,-0.15468811401325613,-0.16635222470542477,-0.24267919866672846,-0.2195001037839842,-0.394307801129734,-0.0750174820594773,0.08386753536212549,0.13389101271001141,0.14953559186091736,0.6004280333640319,-0.04702200421987695,0.5466231915892653,0.4829300536250839,-0.018604941729827115,0.38054140980970247,0.5689865242038358,0.17776564165707756,0.408403076842468,0.4685502284255264,0.4909522533215913,0.39832293142397673,-0.23718731296211581,-0.18466818345784053,0.131956398635291,0.13278828268742077
