,#10,#11,#12,#13,#17,#18,#26,#49,#50,#51,#52,#53,#54,#58,#101,#102,#201,#202,#301,#302,#401,#402,#501,#502,#601,#602,#701,#702,#801,#802,#901,#902,#1001,#1002,#1101,#1102,#1201,#1202,#1301,#1302,#1401,#1402,#1501,#1502,#1601,#1602,#1701,#1702,#1801,#1802,#1901,#1902,#2001,#2002,#2101,#2102,#2201,#2202,#2301,#2302,#2401,#2402,#2501,#2502,#2601,#2602,#2701,#2702,#2801,#2802,#2901,#2902,#3001,#3002,#3101,#3102,#3201,#3202,#3301,#3302,#3401,#3402,#3455,#3501,#3502,#3601,#3602,#3701,#3702,#3801,#3802,#3901,#3902,#4001,#4002,#4101,#4102,#4201,#4202,#4301,#4302,#4401,#4402,#4501,#4502,#4601,#4602,#4701,#4702,#4801,#4802
#10,1.0,0.4057179937245956,0.2628185311845682,0.291820814432221,-0.016867819508567722,0.09504960471400963,0.4543058262111994,0.5662603305368755,0.05514496506610939,0.4772189116586696,0.42306503326125555,0.2211090578227934,0.17031254093421708,0.17323461427624273,0.04958456177968373,-0.06213778885702598,0.2892937247971174,0.15996880434804514,0.21299657613613235,0.07324327973511909,-0.0061685975861658976,0.04272393661720638,0.021649540629918404,-0.2541659697353811,0.23329632040433435,-0.04999324900296842,-0.037284446710450746,-0.150638321883508,0.19633148806081138,0.0016472432757046731,-0.13189594194545598,-0.16801760498807997,0.09464011140152713,0.019685101254879357,0.011824119397931978,-0.018359890613695858,0.002904742424272958,-0.09192600907253393,0.10205855028888222,-0.1161360920392646,0.016497018477579638,-0.019842288648450394,0.01399491760760787,-0.18863091795422623,-0.10164663870880632,-0.06449479367139371,-0.07807094794074439,-0.11224671165987872,-0.04345425343041334,-0.1417318423370138,-0.0856086880293739,-0.07183746017415557,0.11007188300421383,-0.10503866205314949,0.08010954752198104,-0.10660005682928844,-0.036804017548561836,-0.12293223006591794,-0.13362016673955057,-0.14062750013602754,-0.05226319618397374,-0.1364326119506754,0.05072840235136219,-0.2596094900881257,0.08749896719821532,0.1898859988352011,-0.14531974535642242,-0.022883663191750482,0.29477754960975205,0.11398463997033592,0.2778875626482448,0.3132442470421565,0.3058322568683838,0.12159412199756964,0.19016893614362898,0.021478649719984765,0.08650344703893209,-0.12612917982439348,0.11737746940387689,-0.0005993273185644358,0.14945578903033516,-0.08613828863232861,0.27401672232040836,0.11094245933783803,0.08882095348260761,-0.1019835839934868,-0.23156887125344855,0.0023009816151206212,-0.023730056849440673,-0.10645737904127782,-0.13718872361821197,-0.0997886031078769,0.07072344490279572,-0.17397057371383431,-0.09864315035780284,0.14453783883455623,-0.030395608426050384,0.08985919636937426,0.05587689405771196,0.26942443216054074,0.0062822561630557225,0.08493237919241954,-0.049642600201925347,-0.0030312984283275865,0.19782033480914832,0.14997007393853168,0.14070488469901637,-0.07707703995985676,-0.21789840454795525,-0.22155240688158348,-0.18167920471239746
#11,0.4057179937245956,1.0,0.40233644953982384,0.15152421391189042,-0.08024013397202467,0.18886790817837948,0.44632554315297757,0.37387424605469716,0.24462267972262472,0.3081271928145209,0.3067786055866012,0.08379337515592788,0.28680693962190384,0.22374980603478678,0.21838528242342656,0.08051823474526573,0.19006011410192594,0.12529971403985707,-0.004926414132355816,-0.24161838528242344,-0.01284785267913821,-0.10748675494686864,0.23505117658794533,0.0038696311940397765,0.19413570108600367,0.08061093500301277,0.01840986814395947,-0.17991306328001724,0.2625944383875798,0.06855345278231763,-0.16836019289714504,-0.22451720295109256,-0.025795257374204742,-0.19393901532174043,-0.14943563680039015,-0.13124542796283123,0.056000225704975384,-0.17228584729043192,0.14162785683049758,-0.06110357641624834,0.10980345530134637,0.002212311803362601,-0.1289859599413973,-0.04668102848920747,0.11683577746295516,-0.015083138024638116,-0.1536837268727971,-0.1687180965009683,-0.06543791803281993,-0.23289005144864305,-0.18149702855369462,-0.3982326494338231,-0.1320055700763568,-0.29250195980436217,0.02264909123519063,-0.0007823095664650772,0.029691892556370825,-0.2560764011341675,0.061530803691082436,-0.17067931151921617,-8.584849956571945e-05,-0.11942009943110254,-0.007734828897491652,-0.014928368898660482,-0.006728829578637024,0.05728916233225788,0.07663530307946226,0.3354294339440131,0.18427400584011625,0.18216124605268197,0.2370486656200942,0.12546657450380172,0.16659888799995162,0.026924588340322797,0.036278447391596115,-0.04578546339045147,0.15914578727709114,-0.09955725550810825,0.24597207303974222,0.04201135376635102,0.062486825479673457,0.1359570193239733,0.12115802774155975,0.028861620682636636,-0.03261960852278109,0.016559087345810252,-0.15466796178331113,0.09415887615044043,0.0961942513748859,-0.12968886972187907,-0.13340252265614452,-0.24601721403481902,-0.19969288001563812,-0.09634337787647893,-0.058266142439991696,0.23030734165889127,0.04468676381384982,0.006061387722858473,-0.03420357379645845,0.1319975091843788,-0.1130149146653823,0.05659511953295192,-0.12149094258025121,-0.050122223274616455,-0.042040372977471825,0.02201792339331309,-0.03514105553350006,0.05134264232008593,-0.18225555848882458,-0.03248015509156166,-0.11902914617016946
#12,0.2628185311845682,0.40233644953982384,1.0,0.35563083533008344,-0.03759801540839502,0.4683938471211532,0.3840785292096497,0.10061403844642429,-0.061600127362093256,0.4204105815328995,0.19946959330784747,-0.03952215032354405,0.1857950961563652,0.1165657375816921,-0.06295435721439756,-0.09177285212495188,0.5618268399489745,0.6023586169927634,-0.08638172757006427,-0.23156967734264636,-0.26195117920773525,-0.21519800573532463,0.11889936580932363,0.11539368388809064,0.2451047210629092,0.14464263043027026,0.33932445694778357,0.1624475286312807,0.1606330218470325,0.06891538683212992,0.37669797651459125,-0.3111355177007112,0.3170207749338503,-0.10210691564075022,-0.17820496026987867,-0.3065069535269425,0.05868369664445219,-0.33135223478153975,0.015334637854351773,-0.1354894875892492,0.06078275291552387,-0.1827488850778783,-0.20096891921575583,-0.27698474274670865,-0.14061943924404954,-0.20868480501709916,0.0892215798139143,0.05049705475159354,0.1367840668409163,0.08309933235662192,0.11355338224951282,0.1112640889277603,0.3773912132246994,0.2349238144946929,0.32353155738448236,0.1650858585756807,0.012821251735610804,-0.396078779097301,-0.0878568708020386,0.0063515798340665385,0.04400803670930207,-0.022582991920971015,-0.10988003377513739,-0.014096484846530692,0.3828484370938066,0.310369732962801,-0.05852570316168336,0.1748056821227553,0.033172585712472016,-0.00348754491428249,0.428682668880725,0.3994385588737322,0.14205427801613388,0.2601673038130034,-0.016139114873756355,0.17554325373874247,0.1474711974253511,0.16758715335645466,0.17318302456758353,-0.028500492722022156,-0.0313484058578502,0.22601814103739648,-0.05938418815734055,-0.09047988505168039,0.0772503491373838,0.138185049866693,0.027786297692771193,0.4110478555004504,-0.03165794410980547,-0.004200933854335651,-0.14676909373406713,-0.06737978691032057,0.05060104025810976,-0.09309725667693759,-0.15881770897358646,0.29300092901780045,0.2163587741801569,0.523190178609214,0.5460411951884536,0.37376703619138973,0.33745433000888714,0.5500635802854765,0.23911547832325386,0.36323386864373475,0.4488864885343888,0.37548400618270417,0.39624322129365225,0.05426874610810059,-0.018038261023773587,-0.05664832142000673,-0.14502632888842315
#13,0.291820814432221,0.15152421391189042,0.35563083533008344,1.0,-0.3668975440477366,0.028825346668735628,0.11103919004157405,-0.03540706496877412,-0.24082438742259024,0.4671436027753651,0.11757093081134894,0.01611412610862455,-0.046562533377130844,-0.0728708665257354,0.07424121816199572,0.018416316857541873,0.37896389324960755,0.1431207340248235,0.15987610409029812,0.13577645534366606,0.045052728309651104,0.17159664102631278,0.23912918183961646,0.22672427517466945,0.04734121554220582,0.208794433148,-0.012178798644964059,-0.033407963758229665,0.16079504577579032,0.23349945488218,0.024823113801657724,-0.14071052732340097,0.13707264677372874,0.1389903329752954,0.046590746499053856,-0.026700495543334347,0.1342859964169335,0.08645508168706408,0.4366774615445072,0.13447381520002097,0.16778867565590472,0.1271875749411051,-0.017623125086906492,0.09966365928221788,-0.058135555989948066,0.15801323195418188,-0.04005658746168557,-0.102866251665078,-0.10043589273371045,-0.26333523436035816,-0.011902310050118596,-0.14960330335353259,0.04300364956884304,-0.1837242530072165,0.07393571035602944,-0.052049582546556686,0.07914707701980762,0.03227943888130941,-0.1500950177641907,-0.03595036908809144,0.1956035895151978,0.04931694016601407,0.06603361794999425,-0.15893620408566309,0.11328737281423876,0.04252886303133873,-0.038387176733041393,-0.08722973340615006,0.17784463839846198,0.12879975333670549,0.023416488151496405,0.16000669054034175,-0.019932570638604014,0.10170951366623474,0.024119397931978162,-0.024160508481065972,0.047849051736819935,-0.02817483268611088,0.06368548011680232,0.0790229392833464,-0.1637711270940686,0.11069902040010238,-0.1430892965461093,-0.21264753951348486,-0.08107604847014346,0.11644482420202207,0.02564854914020511,0.21335125538316443,0.1960517751091747,-0.13946995604798648,-0.048161008256368605,0.04159218738349492,0.05658947690856732,0.03227702061371601,0.08226906048288773,0.04053056790999208,0.19756883497943464,0.11129713858487011,0.1227710122263579,0.16480533953484622,-0.06148405051761002,0.14511419261098338,-0.005015083944113836,0.1726397204482662,0.10268407550637516,0.11781275757068899,0.05055025663864835,0.1474204138058897,0.031017909286752125,-0.05051640089234074,0.026676312867400343
#17,-0.016867819508567722,-0.08024013397202467,-0.03759801540839502,-0.3668975440477366,1.0,0.330580807419245,0.06408449426971341,0.13442786811574634,0.059520417231768784,-0.18732182909699874,-0.17369166685139545,0.5647005479391322,0.44693091614052555,0.29021186039341185,-0.16210977725740242,-0.23503827916078054,-0.1809803253779047,-0.00025190287431255706,-0.2255465788566834,-0.2428508956658599,-0.15192564633239491,-0.2737515189743321,-0.26268068993174437,-0.2968064761206151,0.012651166914874966,-0.24691761566876183,0.17287187413723265,0.07556320444638802,-0.12794126834104827,-0.16995705559798718,0.09281190110091632,0.15462120860983872,-0.10244466701462851,-0.02556310368523829,0.004311368074434277,0.00119260896814537,0.10622119490632236,0.0033698558914036633,-0.42394286439765994,-0.11693734470187798,-0.10052617472386408,-0.07100396394363018,-0.0794936953748617,-0.28790805746609893,0.07691340385270332,-0.22945852973360767,0.0851903277357156,0.15482192482009097,0.16773950421483888,0.2868931911660685,-0.04141081731398988,0.10319674823617607,8.181805357671854e-05,0.06505744393145824,0.030282755938358358,-0.06162027959203826,-0.013045344532599255,-0.11188235934247304,0.04335188010229272,-0.043819411837016826,-0.052237401329644134,0.03156201949526725,0.13616418424780793,0.24694824705827823,-0.03987118694619153,-0.16364295891161837,0.1559101452371212,0.22139199513122124,-0.20021361363741705,-0.34759251384962003,-0.021708385141357818,-0.1306932568623381,0.04527520892824396,0.1589652232967839,-0.006195198529693303,0.14682551997791315,0.06410625867805402,0.022942507703189896,-0.01355882335159797,-0.1478855272730204,0.22635831067886816,0.08751992551735813,0.17251397053340936,0.4078492935635793,0.39216682822037674,0.227403808368415,0.24252926607593764,-0.03238745483381464,-0.135546719922293,0.22060767034176168,-0.08073184838268278,0.0970978773656199,-0.008368415006962596,0.03471463434786376,-0.022802248182772666,-0.10142980071459808,-0.2141492836889866,-0.0006734875247620526,-0.1788506377173166,-0.19367058761887296,0.017910092841323357,0.01968026471969256,0.2957851611070023,-0.18883727678886308,-0.006566805649879187,-0.12529084705868127,-0.05634523188163386,-0.010996265791791191,0.031715982532047084,0.05324340064849876,-0.054376762060605814
#18,0.09504960471400963,0.18886790817837948,0.4683938471211532,0.028825346668735628,0.330580807419245,1.0,0.16783462274017932,0.249406013022371,0.07710847743857097,0.24865151353323,0.14728982735584606,0.3433041193173231,0.602408594523027,0.2727600292610379,-0.018338932294553054,-0.23788216185061958,0.4230086070174095,0.4654403363004133,0.016585688289337656,-0.2715097849152498,-0.2237997835650504,-0.29473079643627964,0.14684002958347356,-0.05155867422509638,0.25728553493086775,-0.05514496506610939,0.24435183375216385,0.06131880223206099,0.3190771084774386,0.2592314342543574,0.27174032642582063,-0.16684635738367629,0.21970323826182986,-0.19233489781811805,0.022316176396499153,-0.1968981687668649,0.29385618965666643,-0.3099247717256153,-0.28411460170125125,-0.41113733140140624,0.15220938973002057,-0.10305407044816545,-0.08153632540208737,-0.2463348131787523,0.04643517128387842,-0.3445172835600123,0.05659028299776512,0.07308931669833925,0.12871914441692545,0.0776703216094377,-0.07083629739048775,0.03742390014167018,0.1889960763608297,0.12884408824258448,0.2503717078813356,-0.0020333600014509606,-0.00039538675152098955,-0.4998184284081955,-0.08522902001721,-0.12180612345659109,-0.13812298099846237,-0.032154495055650385,0.026568296914895116,0.12687320015396303,0.27047718465286774,0.2189608301106559,0.2648668038361785,0.27831478992307895,0.08146055301749415,-0.046040187576956326,0.4512692882030861,0.2727592231718401,0.2286677562305657,0.3319559955906921,-0.031809488878991904,0.09922595284781237,-0.002273574582395415,-0.024776360628185314,0.3337156883094899,0.0025315231256914732,0.3179913063280017,0.36301380629273533,0.22137426116886963,0.3892802228030543,0.42373005684944065,-0.02526082023606322,-0.028180475310495483,0.19687156782333748,-0.04083123918077155,0.2366206322560623,-0.08637769712407527,-0.05081626607392241,0.0032779617228544423,-0.30318586603200576,-0.3082996959028501,0.19568097407818663,0.045902346324132495,0.4104005658746169,0.2789685282624949,0.17731745606310068,0.2846313048770412,0.4741718944909849,0.24611394473855505,0.19856193687112447,0.34902090390812196,0.3412090934922404,0.28729784794336416,-0.1399568339234578,-0.18553956588066253,-0.2592983396577748,-0.3585117981230213
#26,0.4543058262111994,0.44632554315297757,0.3840785292096497,0.11103919004157405,0.06408449426971341,0.16783462274017932,1.0,0.341226827454592,0.3153441094024259,0.40891816783986235,0.367855984103921,0.17239869977812394,0.23334791011299355,0.3787696257529377,0.058751408137067404,-0.0883050563960155,0.28870447359352547,0.3009078579590225,-0.1262468688472723,-0.19398496240601504,-0.10722558204678138,-0.198156474004631,-0.041259272544803445,-0.24953821165081022,0.07575585976466226,-0.11807876700596305,-0.0503487343391983,-0.17343291221890159,0.1479105160381522,0.026083031217819408,0.0441660301920709,-0.10701599885535334,0.03253496915701207,-0.010830211417044353,0.10827188582552602,0.002921670297426762,0.03634454670581573,-0.06643263210290534,0.08905713761756306,-0.0167920471239745,0.04740328441043644,0.08641719549476748,0.10032948895960082,-0.13032648627733903,-0.03186430294444232,-0.11596761939692436,-0.1797615185108308,-0.08362248424599424,-0.026512676760246906,-0.14454025710214963,-0.17463156685603046,-0.19281613306920478,0.013459674380268549,-0.1558779016692092,0.06864292868327344,-0.1050854152266219,0.050895262815306826,-0.19676193969243666,-0.18509782900026803,-0.18223863061567078,-0.04455053473942159,-0.08948436489239717,0.12483298839433077,0.07130463521440965,0.026588449144840123,-0.05561169071163569,0.11359932933378743,0.4171805821173142,0.20055942590327333,0.18292058207700973,0.40539394586707994,0.23983289770929603,0.40603398069013324,0.22280426340576717,0.32373952839751485,0.2776433176213114,0.32566446940186167,-0.017788373372455528,0.07951223542641112,-0.16365585633878316,0.012773692472940593,0.05855149801601296,0.05718114637975265,0.19974366363509954,0.04931371580922287,-0.10876843677137094,-0.25321639666037243,0.06495184624654642,0.03732394508114295,-0.03827432424534937,-0.07541246576639939,-0.2868682024009367,0.016451877482502826,-0.28901804229146977,-0.1694943603984499,0.1492413693037203,-0.03919004157405038,0.0874393165975781,0.004553194833774332,0.09660535686576398,0.11108352494745306,0.21807413199307568,0.06067231869542524,0.04267718344373397,0.16545343524987757,0.08220296116866811,0.09648605566448955,0.09114168428307434,-0.1479774214415696,-0.19034546967794722,-0.20863724575442896
#49,0.5662603305368755,0.37387424605469716,0.10061403844642429,-0.03540706496877412,0.13442786811574634,0.249406013022371,0.341226827454592,1.0,0.4865776072451297,0.20604728116189697,0.4380574862511411,0.30179213780900926,0.43907074037277594,0.41790848066292774,0.18799168922037068,-0.08106073277538527,0.22701769164266872,0.24828474294823094,0.21447494372489787,-0.13800206761879236,0.15249958184122864,-0.02534545960183224,0.18509299246508124,-0.27997775193814073,0.3798199599776713,-0.011230837748351043,-0.05930116096996713,-0.19606144817954832,0.5511461580781222,0.13749584360257383,-0.051688454585942206,-0.24353526539479226,0.033851312817019766,-0.17911019843900827,0.08491786958685914,-0.19579946919026325,0.1850671976107516,-0.2493761877220524,-0.0029893817900419773,-0.35639097744360904,0.2198209272847087,-0.04377830128792901,0.10063983330075389,-0.15707171977115128,-0.08178218260741642,-0.0931609377235638,-0.17066883235964475,-0.16052097544853824,-0.2243124562948513,-0.20012413773646123,-0.30047095761381476,-0.24965106413850224,-0.1425363193564184,-0.16452643267240735,-0.025235831470931416,-0.2880910397139996,-0.14414688557362315,-0.35489003935730506,-0.3041717131209154,-0.3461351045799973,-0.4211489592380845,-0.4370797000542095,0.08234725113507435,-0.08349592824193962,-0.01867023495484893,0.07098542389208078,0.12421391189042023,0.058952930436517455,0.486862962821151,0.09548892332681073,0.46950947457090864,0.24098721744054588,0.443782331733918,-0.06329210858827583,0.12529971403985707,-0.10843149148669046,-0.08602301787704318,-0.3611307819266741,0.4170274251697322,0.053323203479080976,0.260152794207443,-0.05022862704872608,0.31141523065234783,0.4321456280744746,0.16096351841813056,-0.3585593573856915,-0.49684798971430183,0.1204776884586164,-0.018258323374773035,0.07307561318197665,-0.18018713360726932,-0.3085511957325638,-0.24265582207999226,-0.5451770675684118,-0.5122402629462963,0.3288074111840846,-0.08026995927234327,0.16878419581518794,0.08463170792164007,-0.018602523462233712,-0.1364721103213676,0.12551090940968074,-0.038707194144568066,-0.03614302440636569,0.15487351452875017,0.14992896338944386,0.032209309121100795,-0.39187986046595985,-0.410258694175804,-0.5206131114438468,-0.5589724780995641
#50,0.05514496506610939,0.24462267972262472,-0.061600127362093256,-0.24082438742259024,0.059520417231768784,0.07710847743857097,0.3153441094024259,0.4865776072451297,1.0,0.12072757610993444,0.2574104787565268,0.054426739590869425,0.29596814335490296,0.36121219693565193,0.20348714186968359,-0.09027433230624135,0.06007258833226191,0.23368727366526743,-0.046821288009624706,-0.2529100827652084,0.16748155567154283,-0.15109859881545193,0.15290665688611774,-0.09187522545307251,0.17848467322151532,0.011015611932538395,-0.0984142210256276,-0.194670944313343,0.39764581649782454,0.08560949411857169,0.12334575382438943,-0.12154495055650383,0.021386755551435543,-0.12353518478587248,0.09705596072733429,-0.13414331862892287,0.11253609768188899,-0.21512626379672042,0.05051640089234074,-0.24120566761314974,0.19884245591195893,-0.0512233411188115,0.08245849144437077,-0.2004441551479879,-0.06299466167428756,-0.03925049826388539,-0.26327477767052315,-0.23581615523665772,-0.18707839015926309,-0.21556235805273033,-0.10822190829526242,-0.16119405992870142,-0.28330448205746206,-0.10292590226571521,-0.17609864919602677,-0.22813170691402856,-0.1288634343833317,-0.3925182831106176,-0.2070282917156198,-0.3226972550647592,-0.28324321927842927,-0.3077305969292032,0.15312671923711718,0.19782597743353292,-0.08341934976814859,-0.03535225090332371,0.1987013903023439,0.3009505806865059,0.29766254284867893,0.20858968649175874,0.3523073295675533,0.2600496147901246,0.31049467678846004,-0.14404451224550252,0.0008572758618604942,-0.02321254758445296,0.0021849047706373947,-0.30205492288749214,0.3700856268250363,0.06463747145940434,0.19898916414595857,-0.10514184147046791,0.17189892447548782,0.42019132527109787,0.11870832266944499,-0.29189013810323183,-0.3989766697633927,-0.09074347621936105,0.1350646785820085,0.12349810468277367,-0.08753765947970973,-0.34148719426548146,-0.18534691056238828,-0.36664765639641855,-0.3298819280847522,0.3291008276520838,-0.14107810399759785,0.02185267510776405,-0.0648591459887994,-0.1334267053320785,-0.1461314771786072,0.09523661740789927,-0.023012637463398513,-0.014031997710706678,0.07834421217879864,0.017985059136718773,-0.03615914619032169,-0.2635609393357422,-0.34026274477402296,-0.27139209589237095,-0.3991024196782495
#51,0.4772189116586696,0.3081271928145209,0.4204105815328995,0.4671436027753651,-0.18732182909699874,0.24865151353323,0.40891816783986235,0.20604728116189697,0.12072757610993444,1.0,0.4596413306114388,0.06339851236238546,0.20821727328237505,0.21573647331945517,0.19100404455254996,-0.003360988910227861,0.6347239043736385,0.27608514720196364,-0.09519873121560267,-0.07694000479623073,0.032202860407518394,-0.1139169284777207,0.18670194650389038,-0.009072936965839955,0.01341775774198294,-0.0953994474258549,0.02989180267742527,-0.0839199311599825,0.18385886990324915,0.15801081368658848,0.11495517136448734,-0.22944805057403628,0.3329184660928655,0.09016067372935152,0.09584682693063401,0.006876343901834458,0.08722973340615006,-0.1749378807511945,0.3287147109263375,-0.10168452490110293,0.12302251205607156,0.0967028936586978,-0.056317824848908654,-0.14977096990667502,0.030885710658312894,-0.049022717608817004,-0.09165355092367745,-0.14678521551802315,0.04296415119815083,-0.11323739528397515,-0.031603936133552855,0.011953093669580007,0.2247429079264766,0.018908031268199982,0.13414493080731849,-0.06470921339800856,0.14423636147457897,-0.2745479351017587,-0.0028458979128335444,-0.14025266865905048,-0.0022969511691316204,-0.11829238064338009,0.06132122049965439,-0.1756311174613027,0.07038327526132404,0.10473073597958982,0.01939168478688009,0.07612263034966134,0.03127747000844378,0.1086201163589757,0.19722221662438058,0.21922039083234757,0.09204450418461055,0.05943497177680196,0.01222797008602987,-0.04559361416137503,0.05112419214748208,-0.09235565461496142,0.06310670807278179,-0.09422094501867104,-0.01593678648510851,0.0913956023803814,0.028105509015100064,0.01841470467914627,0.04358322770206137,-0.09774677916984904,-0.15706043452238208,0.06828421899025236,0.19062357045118827,0.05388827200673891,0.052886303133873276,0.02715109940490465,0.09785882556834327,-0.13762401178502406,-0.019440050138748104,0.17896671456179983,-0.06498570199285401,0.2534969157012069,0.1593295756141896,0.16653923739931442,0.15608587268224167,0.37029521001646437,0.015319322159593569,0.34006525292056194,0.2639559230426643,0.2942648768799512,0.2839993309459658,0.012080455762832436,-0.11161796208559459,-0.14533989758636742,-0.14762919090811993
#52,0.42306503326125555,0.3067786055866012,0.19946959330784747,0.11757093081134894,-0.17369166685139545,0.14728982735584606,0.367855984103921,0.4380574862511411,0.2574104787565268,0.4596413306114388,1.0,0.284765115683876,0.2476882369418588,0.3536946090769674,0.016478478426030233,-0.11527357659761842,0.2500113860099189,0.1643031459646167,-0.12296286145543435,-0.21247906687114462,-0.06815685689699993,-0.13922893537784423,0.1483272641534149,-0.1429716075232305,0.014052956029849482,-0.1373249526926402,-0.09587262178496361,-0.12247114704477624,0.38557785511755804,0.3438353320986734,-0.0754793711698168,-0.15425282584644404,0.09738968165522356,0.028220779770385493,0.19359239696668634,0.09698341269953227,-0.10275178699899037,-0.11491406081539952,0.06604248493117006,-0.1484272192139421,0.18648510850968214,0.25719767120830755,0.14329001275636155,0.04277713850426119,-0.10225684823154106,-0.060819026929424876,-0.06999957680317115,-0.06616259222164228,-0.048836511004125165,-0.19234054044250268,-0.11507205429816836,-0.16852785945028748,-0.02423466868726359,-0.1893926722461474,-0.11938866195238834,-0.32923866890490766,-0.12789451516757586,-0.23848672874896973,-0.19006172628032156,-0.2665474998135919,-0.11714047917972363,-0.12910364896427615,0.22727886454275598,0.053442504680355406,-0.044204722473565314,0.06947964927059004,0.20913057234348267,0.11556215653043088,0.1947168913976176,0.236186150178448,0.3236242576422294,0.2522587626933858,0.24566172869858915,0.14675297195011114,0.13797304840767155,0.03784226043532847,0.07275801403804338,-0.12657494715077697,0.12526263393675827,0.0030659602638329945,0.17679107981693715,0.24389155682021993,0.06819877353528554,0.19941558533159487,0.22710716754362453,-0.26780983549734694,-0.3143437527079559,0.18488502145204877,0.37905095088297,0.18788125500027206,0.09829169546756196,-0.09501091243251522,0.08585293305630734,-0.3276587340772193,-0.16748074958234505,0.1987304095134647,-0.11981508313802464,0.18130517932461818,0.07079438075220214,0.24593257466905,-0.006946473662043073,0.30124238497610956,-0.05831128343506851,0.27978509661986645,0.2791007268909341,0.25462060404294035,0.17690554448302476,-0.04512769460504652,-0.14190112106855185,-0.296431644643638,-0.2255409362322988
#53,0.2211090578227934,0.08379337515592788,-0.03952215032354405,0.01611412610862455,0.5647005479391322,0.3433041193173231,0.17239869977812394,0.30179213780900926,0.054426739590869425,0.06339851236238546,0.284765115683876,1.0,0.6178605183556587,0.36217386134862756,-0.1841079514653694,-0.27234086287818177,-0.07370758711305199,-0.02066127527341538,-0.22835660580021483,-0.24974860093143605,-0.12347069765004846,-0.2662016875477356,-0.07078470768182853,-0.34004268242302355,-0.11986747893588165,-0.3180114585579467,-0.0640369350070432,-0.10312016976238506,0.16977487943928435,0.23515919254045056,-0.02701809468726762,0.23016466387088064,0.051282991719448716,0.3108017967728219,0.3218573101206514,0.24886270890305368,0.1417665041725192,0.11872928098858779,-0.08439955423267362,0.012509295216062134,0.21496343377876478,0.2763310044072927,0.28357613411712074,-0.054920872269120936,0.11998919840474948,-0.12348601334480667,0.011427523512614288,0.06828986161463697,0.1528333027691179,0.17238822061855255,-0.07160691866358472,-0.004605590631631343,-0.0022606771552306122,-0.07938567942235648,-0.0786086094356771,-0.29718453195438344,-0.0415051297501325,-0.08314124899490753,-0.059383382068142754,-0.13323324392460648,-0.08016113723064025,-0.06106085368876493,0.25403699546373304,0.07747766629116346,-0.1854662117636627,-0.13604407695733572,0.26676836825378913,0.09586375480378781,-0.07575666585386005,-0.15783347406307244,0.026057236363489802,-0.132892268193937,0.1527131954786457,0.18292380643380093,0.16858831614012249,0.1805119875539828,0.06503084298793083,-0.10231811101057388,-0.07398971833228206,-0.20203295695685206,0.22085917017147533,0.32661807292285927,0.28666748619068444,0.4861399008107242,0.48468571589789267,0.012618117257765158,-0.037514988221021596,-0.019579503569967533,0.2947582034690049,0.29337011787039297,0.07733901894914182,0.02950487986248118,0.04299478258766724,-0.1947201157544088,-0.11575481184870512,-0.133767681062748,-0.3091638235228919,-0.030877649766334895,-0.15205139624725175,-0.0038115927717981635,-0.0503108481469017,0.08365795217069745,0.1916142540752847,0.07098461780288298,0.13981899267063397,0.11420067187534637,0.09230890144148901,0.0101490660449032,-0.02446279193024104,-0.16744931210363082,-0.19792190204807114
#54,0.17031254093421708,0.28680693962190384,0.1857950961563652,-0.046562533377130844,0.44693091614052555,0.602408594523027,0.23334791011299355,0.43907074037277594,0.29596814335490296,0.20821727328237505,0.2476882369418588,0.6178605183556587,1.0,0.44479477976635506,0.052462300215830385,-0.13961827646038172,0.19765428043440147,0.1934642287842361,-0.15564574798024275,-0.31340465879251866,-0.10120973836359863,-0.3420071217980626,0.12069210818523124,-0.2154406385838625,0.1117017953621658,-0.14013820399296284,0.10606723186954252,-0.06512031888888666,0.4659989561144888,0.40185198993194593,-0.04447798671161957,-0.1337967002738688,0.07223647432706666,-0.10006186734593116,0.22226821408923003,0.013618473952235184,0.26301279868123806,-0.13887989875519677,-0.1447135662796767,-0.28428952305717387,0.3927512428887819,0.12731735530195093,0.26037688700443146,-0.047259800533228,0.2731316363812238,-0.0613599127811488,-0.08687747242671137,-0.048505208343829286,0.01232470078976589,-0.02875279864093361,-0.1363431360497196,-0.10354094832363675,-0.011047855500450402,-0.024389437813241224,0.027179312526827655,-0.1893507556078618,-0.16178653548908453,-0.37638521390584473,-0.01563450303593344,-0.22523704060472813,-0.31729242699350896,-0.2614610769754727,0.1350485567980525,0.042419234900437905,-0.005372181458739317,0.060499815607096004,0.3343815179868728,0.19052039103386986,0.06574906846317079,-0.029630629777338012,0.25485759426709365,0.14872305394953478,0.2265187224292304,0.21038484713525976,-0.09823929966970495,-0.11011379964249944,-0.13272863208678357,-0.29574002011192546,0.2471304232169811,-0.028500492722022156,0.3501050938791632,0.37739846802747956,0.5735997726828462,0.45851683618050754,0.4919485795700723,-0.11928709471346552,-0.1713822212996979,0.12962760694284625,0.16224197588584166,0.3996658760275118,0.06506953526942524,-0.04633682840174679,0.01910632921085883,-0.2913492522515079,-0.14901727650673185,0.09219040632941237,-0.13702347533266293,0.1276260874647084,-0.037876922270833877,-0.03698538761806688,-0.04250306817700913,0.1907710847743857,0.09598224991586445,0.0007702182284980744,0.10923758068449065,0.08309288364303952,0.04418779460041151,-0.2817850039196087,-0.2445807630843391,-0.319272988152504,-0.3702879552136842
#58,0.17323461427624273,0.22374980603478678,0.1165657375816921,-0.0728708665257354,0.29021186039341185,0.2727600292610379,0.3787696257529377,0.41790848066292774,0.36121219693565193,0.21573647331945517,0.3536946090769674,0.36217386134862756,0.44479477976635506,1.0,-0.20511624813843776,-0.3939361940095481,0.05869498189322139,0.10358125278352676,-0.25541702017036694,-0.33975168422261764,-0.17271871718965062,-0.509082811558513,0.05664670924161113,-0.35954117402861213,-0.1906848332302211,-0.3609977772090371,0.1880465032858211,0.11317532641574453,0.34450680440044096,0.2423116219925316,0.09424673987300064,-0.01620521418797597,0.14180439036481582,0.1266402403757988,0.43903607853727056,0.1770595075198046,0.29950445666565234,-0.17654038607642128,-0.011206655072417039,-0.26522228917240837,0.19477815417665043,0.2584890261031835,0.16840855824901305,-0.07613391559843054,0.07114261128565182,-0.33709239595907486,0.14737607890001067,0.2226164446226797,0.22733367860820639,0.1624991183399399,-0.07788796569284374,-0.05965422803860361,-0.14640151705987026,-0.1650818281296917,-0.25530013723668593,-0.4414245208303525,-0.05554397921902048,-0.40985161913091495,-0.24117664840202893,-0.33570834080645195,-0.2829360992940674,-0.1761953798997628,0.5257075951739439,0.40102333023660736,0.08843403066766353,0.07560834544146483,0.5979057802641151,0.4927578931246637,0.10713288178903436,0.057187595093335056,0.3240353631331075,0.17812757570688983,0.41741273580628063,0.3110073495182609,0.26875376594797096,0.245061192246228,0.17848064277552633,-0.025299512517557632,0.18246594776945044,-0.19347954447899432,0.24361990476056128,0.33880533550440023,0.11204277109283528,0.33763328181079877,0.4237155472438803,-0.14591383309520115,-0.25270614219816495,0.11066516465379476,0.20955457526152557,0.37209681937354777,0.24850964183441718,0.06151951844231324,0.11499063928919055,-0.3814273018380849,-0.27434641280230865,-0.04066840916281591,-0.40980647813583815,0.13270122505405835,-0.024075869115296952,0.13284390284206898,0.1431183157572301,0.20319775584767333,0.06602152661202726,0.1355846061145896,0.25013632983557793,0.15757230116298518,0.12472255417423216,-0.16893332231678096,-0.03219238124794699,-0.36302509154150453,-0.28508835745219385
#101,0.04958456177968373,0.21838528242342656,-0.06295435721439756,0.07424121816199572,-0.16210977725740242,-0.018338932294553054,0.058751408137067404,0.18799168922037068,0.20348714186968359,0.19100404455254996,0.016478478426030233,-0.1841079514653694,0.052462300215830385,-0.20511624813843776,1.0,0.5605645042652194,0.323456591089087,0.05630331524334825,0.3081852312367625,0.08720716290861165,0.7093605092871552,0.42366960015960564,0.49730907273544356,0.20859049258095655,0.4819659709445149,0.25386852282139283,-0.2665966712546577,-0.4445980940020918,0.32867360037724974,-0.12031324626226515,-0.23193483574924983,-0.3951936931581164,-0.08020224777972806,-0.392476366472332,-0.24842903291463717,-0.3252936683708736,0.2865433484542232,-0.0714851991947169,0.4269987485465204,-0.1063896675486626,0.29776330399840395,-0.19506915237705627,-0.015358014441087978,0.1288747196321009,0.32736612369841783,0.39977227980162144,-0.6210913238604417,-0.6201175681094991,-0.6641775975720593,-0.548883465699897,-0.37067890847461726,-0.3239047766830639,-0.33709320204827264,-0.16657309314562202,0.21568407752159816,0.15267127884036008,0.2657236766534401,-0.0040421342823690155,0.05803721310781645,-0.04743955842433745,-0.13580144410879785,-0.21846669743240438,-0.33656118317772454,-0.2738208426453429,-0.33447018779863086,-0.28050412818430426,-0.106392085816256,-0.14512870221654378,0.4109994901485824,0.23952013510054956,0.00273788196032832,-0.11276019047887743,0.07190194730997959,-0.37889053913260773,-0.16174623102919453,-0.3950760041352376,-0.34065127976736265,-0.45277586891377464,0.39685584908398036,0.32638753141228843,-0.1403760003063139,-0.2900949774597308,-0.10081394856747873,-0.05950510153701058,-0.3329958506558543,-0.360481880122445,-0.3583465498374723,-0.07598962563202431,0.009827436454980926,-0.20240456407703794,-0.2437375937834401,-0.21346491396005424,-0.23933957112024232,-0.15873226351861966,-0.12785340461848807,0.374972139542101,0.24122340157550134,-0.21579048129570777,-0.2777319874330694,-0.4716705997102109,-0.5204664032098472,-0.021788187971940036,-0.262710515232063,-0.16710833637296135,-0.2882570940887464,-0.26243160836962415,-0.29833804559643545,-0.2397676044842742,-0.24661210786279555,-0.20719515217956444,-0.2629668515969635
#102,-0.06213778885702598,0.08051823474526573,-0.09177285212495188,0.018416316857541873,-0.23503827916078054,-0.23788216185061958,-0.0883050563960155,-0.08106073277538527,-0.09027433230624135,-0.003360988910227861,-0.11527357659761842,-0.27234086287818177,-0.13961827646038172,-0.3939361940095481,0.5605645042652194,1.0,0.04477785189320124,-0.0626544920328159,0.2816479687559827,0.4367274390747708,0.4636564609056815,0.6293674416542563,0.26522954397518855,0.4149227262742759,0.24471941042636072,0.36673793838657215,-0.4078831493098869,-0.27626893553906207,0.015044445743143708,-0.214115427942679,-0.1960179193628671,-0.2763463201020509,-0.08339919753820359,-0.2915169188046503,-0.28341894672354967,-0.24388913855262653,0.0596187601139004,0.14112485717107026,0.22001841913816975,0.1770595075198046,0.16479808473206603,-0.31315154678440943,0.017875431005817947,0.29966164405922335,0.3319906574261975,0.6083164222537045,-0.5919673211439211,-0.5823047299298904,-0.6136575692783285,-0.4090229594355763,-0.27037722959234056,-0.16466588610362679,-0.27497677455498837,0.06525816014171049,0.1372564351108272,0.4353054977298513,0.13300592677082682,0.3721661430445586,0.1161167458985174,0.31065911898481124,-0.18832541014825996,-0.2780689327177499,-0.43501369344024765,-0.44648192445735085,-0.3957531190613897,-0.21571470891111455,-0.25584747180199224,-0.19097986187661595,0.21581385788244398,0.18905733913986253,-0.17640335091279524,-0.24751412167513395,-0.09043071361061458,-0.47247910717560454,-0.22771898924475487,-0.3823067451528849,-0.40019064009527977,-0.4203340030591085,0.1443298678215238,0.560034097573067,-0.14020752766397365,-0.2821380709882452,-0.059551048621285185,-0.22593108340403406,-0.49792411879336507,-0.32467056142097406,-0.25980698194158675,-0.023019086176980914,-0.015743325077636466,-0.27647287610610555,-0.18603047420212285,-0.14668526045749591,-0.06987463297751213,-0.029300133206239937,0.06817136650256034,0.06647454874119095,0.3297851973810162,-0.25718961031632953,-0.23378158610141006,-0.4357077362395536,-0.48803904696074146,-0.1510937622802651,-0.29603988529350717,-0.1620541571027542,-0.36180709076362844,-0.25412002265110645,-0.28859484546262465,-0.24469361557203112,-0.25620618149501334,-0.009566263554893666,-0.009457441513190641
#201,0.2892937247971174,0.19006011410192594,0.5618268399489745,0.37896389324960755,-0.1809803253779047,0.4230086070174095,0.28870447359352547,0.22701769164266872,0.06007258833226191,0.6347239043736385,0.2500113860099189,-0.07370758711305199,0.19765428043440147,0.05869498189322139,0.323456591089087,0.04477785189320124,1.0,0.6137607486956469,0.09585085737662301,-0.03599631617236605,0.005214994065168281,-0.04848425002468648,0.428585938176989,0.09696406655878506,0.4002938195125982,0.16668433345491845,-0.007751756770645456,-0.21000034258790906,0.4356682378688614,0.11992712953651886,0.3222224685272549,-0.40198096420359397,0.5147326907458945,-0.09329877897638764,-0.06319779615213321,-0.38295564695711404,0.17010698818877804,-0.3703709824010576,0.25673739427636366,-0.29202636717766006,0.1862771374966497,-0.1642547806127487,-0.10573512312004885,-0.13749503751337605,0.04141081731398988,-0.01532174042718697,-0.2763608297076113,-0.3230011506923299,-0.23768628217555413,-0.29475981564740045,-0.07290230400444961,0.03430755930297467,0.21883588628499687,0.16918320996809902,0.30789423303635666,0.023496290982078623,0.04486168516977246,-0.440244406244773,-0.005356059674783313,-0.08251652986661238,-0.11459243122547726,-0.2419432392291369,-0.0935776858388265,-0.20022731715377964,0.14504164458318136,0.08454142593148645,-0.029587100960656802,-0.05671361464502855,0.2870898769303317,0.307586306962797,0.511620380353188,0.4043403872855551,0.18215157298230836,-0.01306549676254426,-0.028846304987878435,-0.08840339927814712,-0.11309713576355791,-0.19678370410077728,0.4106826970938469,0.08907245331232128,-0.10454130501810678,0.045485598208869805,-0.02415164149989017,-0.016791241034776704,0.06388861459464797,-0.20558861640834866,-0.2688327626893554,0.13282052625533278,0.01796651908516937,0.009859680022892933,-0.037228826555802536,-0.17122906435211588,-0.017987477404312176,-0.274179552338364,-0.1527736521684807,0.5012306966827415,0.22808656591895177,0.4878649316940166,0.3985889408592508,0.18566289752792595,0.1488141420288862,0.6001765335343182,0.10713691223502336,0.46781104463114365,0.48518871555732,0.48177170344784503,0.4078404265824035,-0.19136275424557103,-0.19887631165826655,-0.27699441581708223,-0.23948950371103314
