,#10,#11,#12,#13,#17,#18,#26,#49,#50,#51,#52,#53,#54,#58,#101,#102,#201,#202,#301,#302,#401,#402,#501,#502,#601,#602,#701,#702,#801,#802,#901,#902,#1001,#1002,#1101,#1102,#1201,#1202,#1301,#1302,#1401,#1402,#1501,#1502,#1601,#1602,#1701,#1702,#1801,#1802,#1901,#1902,#2001,#2002,#2101,#2102,#2201,#2202,#2301,#2302,#2401,#2402,#2501,#2502,#2601,#2602,#2701,#2702,#2801,#2802,#2901,#2902,#3001,#3002,#3101,#3102,#3201,#3202,#3301,#3302,#3401,#3402,#3455,#3501,#3502,#3601,#3602,#3701,#3702,#3801,#3802,#3901,#3902,#4001,#4002,#4101,#4102,#4201,#4202,#4301,#4302,#4401,#4402,#4501,#4502,#4601,#4602,#4701,#4702,#4801,#4802
#10,1.0,0.2675164190293477,0.31506197818319587,0.34629148588437053,0.27088990232214144,0.2597118634162463,0.11140676671577093,0.5205228294536932,0.1686697311491003,0.37062973703355145,0.3064626186210635,0.21394534312194316,0.4078267230660409,-0.06851314832242762,-0.3579394747925832,-0.31153372576442445,0.27170163414432624,0.3697067649020702,0.043638041767511786,-0.06522430439540287,-0.2566406635726276,-0.2648998534932883,-0.08184183320805363,-0.10307583485650605,-0.062123279251465574,0.044568268701773196,-0.016714662560985687,0.13426745636538412,0.3082263417858503,0.44450619983354256,0.18976669763392667,-0.08197645010408627,0.22998651815816679,-0.10602450914205912,0.166448149319963,0.15696773426463506,-0.005738145954540599,0.11451101621649944,-0.04627475953351618,-0.027264757981794476,0.28940577119561167,0.3256838155426089,0.11676967814873555,0.09790799700940908,-0.060369229157052375,0.02609109210979741,0.31361504807314455,0.27087378053818545,-0.03417133022854644,-0.3059918625295482,0.03588346368467403,-0.21914381235855654,-0.03660571960590299,-0.0596018322407466,-0.24886270890305368,-0.09029206626859296,-0.20031437478714206,-0.25684541022886886,-0.02635951981266487,-0.13448510044879017,0.03829689474288778,-0.02486744870753673,0.06077630420194147,0.1382511491809126,0.369582627165609,0.1752603164303146,0.010556141089792291,-0.08856945365289397,-0.1382164873454072,-0.019723793536373768,-0.03386501633338237,0.24479679498934956,-0.3003935730508259,0.0132436424752581,-0.11133583086636452,-0.11906300191647706,-0.2789467638541543,-0.042051658226241025,0.06951834155208444,0.10541591179771997,0.03316855526648301,0.18686074607585704,-0.05985333207046026,0.12070097516640704,0.05993555316863588,0.11400640437867653,0.05295240244809289,0.22323793939418365,0.32879854420290877,0.0028628257859873484,0.11449811878933464,0.06541937798127052,0.03515798340665386,-0.04175421131225276,-0.01130096750855966,0.20059408773877874,0.0264836575491261,0.4414994871257479,0.24654923290536715,0.12400835914498119,0.2506635121709393,0.2397232695783952,0.21319245581119778,0.2948976569002243,0.31557868135898576,0.2555314848364546,0.07245250623207711,0.03143626958041042,-0.047886131839918744,0.010690757985824922,0.11054586345252033
#11,0.2675164190293477,1.0,0.19272343281145776,0.3161074758727427,0.13622061049165396,0.1889839850228627,0.2712228171608329,0.22897890666091655,0.33002218760516944,0.47222599516749525,0.0040767961178744235,0.18525582248303685,0.19082267448304494,0.059900891333130465,0.020913581192326836,-0.0834757760119946,0.28354872708439555,0.1488334881696334,0.0070335312954054935,-0.11617317214236342,-0.10048587026397406,-0.18092631740165208,0.043493751801105554,-0.03593747166092664,0.09704306330016949,-0.043276107717699505,0.08526206967431982,-0.035644055192927376,0.09129322905226078,0.07143925211044228,0.18424659880739103,0.012100607992777441,-0.10613816771894893,0.019305433242715473,0.04279890291260179,-0.017557025772686877,-0.051400680742327544,-0.1001747198336232,0.10152653141833409,-0.00732936603099816,0.005546296725464157,0.009725869216058104,-0.1358957565449405,-0.1932691551983685,0.03912152399223736,0.02741469057258531,0.13074726483859073,0.1372306402564976,-0.14807092778851444,-0.15909742192522314,-0.24081068390622765,-0.02873264641098861,-0.10175546075050934,-0.09343903849680486,-0.034163269336568436,-0.23015821515729823,-0.12812263841055332,-0.21641520042400292,0.15755214893304018,0.1629513343799058,-0.010536794949045086,-0.1413279916489159,-0.03085910971478549,-0.06776912799285804,0.18782966529161285,-0.018493701420530688,0.1672687481233236,0.22117676931540858,0.05938821860332955,0.021048198088359466,0.17324186907902295,0.09865765996336325,-0.14428633900484258,-0.1709469331328858,-0.14868274948964477,-0.15264870834282168,-0.02767505738347477,0.002459781187087257,0.04538403096994698,-0.0450188725633435,-0.08838082878060873,-0.20029261037880147,-0.20031921132232888,0.005523726227925751,-0.07698595188050533,-0.1289142180027931,-0.16831505190206822,-0.13167184914846752,-0.03256237618973728,-0.09150200615449103,-0.2410162366516667,-0.12771475727646642,-0.317336761899388,-0.09920580061786737,0.08335244436473117,0.1696434869000429,-0.006560356936296786,0.03241808622333104,0.12091781316061528,-0.12250016625589705,-0.19755674364146764,-0.01386110680077304,0.20092861475586582,-0.05318697440465275,-0.15136380216152817,-0.15643893975087814,-0.1367751998597405,-4.393186128010995e-05,-0.19942364622357286,0.14997249220612507,0.2719507157064465
#12,0.31506197818319587,0.19272343281145776,1.0,0.5348131787522948,-0.12249371754231464,0.13705571890057494,0.05293789284253249,0.16726955421252138,-0.2588727245613363,0.47534878471977315,0.32198144785711263,0.2774208370027185,0.2234386556044359,-0.007605854625843623,-0.24028350157086634,-0.15948837518615622,0.7585093798554279,0.7359009961247261,-0.021261005636578716,-0.28911960953039256,-0.2883046533514166,-0.2194501262537206,0.11365656166683125,-0.07471278034270883,0.21433549029367846,-0.11352758739518322,0.22357891512485314,0.20597553922329276,0.26869169707974033,-0.04702200421987695,0.31323779832857407,-0.011692726858690548,0.39500990482101794,-0.0485656650336643,-0.43812842210054753,-0.32105928181482923,-0.5509365748866941,-0.42862060001249436,-0.019545647823659928,-0.23114083788941667,0.14537536551107064,-0.04233620771306449,-0.11315275591820613,-0.16560014348387722,-0.17070349419515016,-0.12456536678066112,0.22502100869971767,0.19023987199303538,0.17758668985516593,0.09684073491152163,0.3348014904589267,0.3204192469917759,0.3679301443101186,0.3891053014471316,0.15378690629011554,-0.07484578506034585,0.007648577353327033,-0.24039312970176716,0.02248384294964159,0.07748572718314145,-0.10914326824834802,-0.09643124159903914,-0.3020049453572285,0.12122976968016395,0.5573183830656782,0.2941633096410283,-0.11756286991937093,-0.02000350648801043,-0.2092514857231527,-0.12070822996918724,0.16910340713751681,0.19092504781116554,-0.37696962857424987,-0.10823399963322941,-0.311180658695788,-0.31370291179570475,-0.26602112356742835,0.06904355501458014,0.2494455113930632,-0.12438319062195827,-0.15919254045056355,0.021249720387809513,-0.41727973108864364,-0.10931335306908387,-0.12510544654318723,0.13386844221247302,0.0803344464081673,0.13534116717685396,0.11682288003579036,-0.26967996243624337,-0.22047627780252024,0.0834145132329618,0.16605880823742553,0.10711837218347396,0.08230775276438214,0.5997670402218358,0.294668727568049,0.6127515250200011,0.44254256654770135,0.2541909585005129,0.5231023148866538,0.7572954095235408,0.16839243646505703,0.6514929779554757,0.5314018092672045,0.46864051041568006,0.3319842087126151,-0.2300445565804084,-0.006142802731836291,0.32119067435407067,0.11673098586724114
#13,0.34629148588437053,0.3161074758727427,0.5348131787522948,1.0,-0.24540378015529307,0.26733746722743607,0.07517628163144392,-0.061305098715698385,-0.2863095825868611,0.7083569282358939,0.15595609232139582,0.21243311978687002,0.2523240559184077,-0.07093786462941057,0.04743472188915064,0.09686008105226884,0.6268677590518779,0.33648057425794453,0.18071270376423504,-0.05576001112403093,-0.15740141025305154,-0.05311523246604853,0.28813215026308736,0.27051668302355997,0.2299300919143208,0.16979825602602056,0.13716615312067357,0.1537127460839179,0.3337342283610393,0.2432087992696832,0.21564860959689494,0.07866100523353411,0.25457949349385256,0.23114486833540565,-0.06841641761869159,0.006610334466560397,-0.16915822120296722,-0.0605046521422828,0.10500319412844629,0.11910975508994948,0.18155184261914503,0.22346042001277652,-0.07601622657555172,0.027747605411276785,-0.0975823369734978,-0.02039284757054792,0.08867263307021238,0.1722245845113991,-0.012989724377951041,0.14195351686640886,0.18485600224092796,0.11017183806474105,0.18644561013898994,0.2724319509575332,0.022856256159025277,0.1002182486503044,-0.09780078714610166,-0.07695693266938453,0.07825554236704063,0.07424202425119351,0.02459499055868027,-0.033302366073317845,-0.16385576645983763,0.14799193104713002,0.2406188346771512,0.25083762743766413,-0.11272230428658084,-0.1218351426677119,-0.18863575448941303,-0.001951138903275342,-0.127587395183214,0.07766145462826189,-0.40673124784623044,-0.22953107776140969,-0.31878207983104373,-0.33040749824171795,-0.34206677239869976,0.026968117157004007,0.19632745761482237,0.15303160071177677,-0.17183121298287263,-0.16715267127884037,-0.20190075832841284,-0.16890591528405577,-0.10265586238445215,-0.05090009935049363,0.15039649512416797,-0.07299822861898783,0.10672580674414528,-0.22409320003304967,-0.1465990089133313,0.22854603676169788,0.14947352299268676,0.16550824931532798,0.10082200945945674,0.2554154079919714,0.15812608444187393,0.18733150216737232,0.10900059046033739,0.03605677286220107,0.1717715623822354,0.40827893910600677,0.21686257992878202,0.2793844702885598,0.24447919584541628,0.18388063431158974,0.1938108471392902,-0.18816258013030432,-0.11284724811223985,0.37796595482273093,0.23426927006607917
#17,0.27088990232214144,0.13622061049165396,-0.12249371754231464,-0.24540378015529307,1.0,0.16039361335528582,-0.2595409725063127,0.2768291675315332,0.25328572033138325,-0.22443659403131253,-0.005110202469454257,0.42332781833973837,0.29370061444149104,0.0450349943472995,-0.35472479107175603,-0.2353131555772304,-0.2599561084431798,-0.14507953077547797,-0.14133524645169612,0.13833820681427503,-0.12365529207634471,-0.18026290599186254,-0.18778210602894263,-0.19036804017548561,-0.31364003683827635,-0.16268129449864274,-0.304193477529256,-0.22525558065627752,0.05310878375246613,0.23565010086191088,-0.021701936427775414,-0.30841899710412457,-0.2703296703296703,-0.25712109273451655,0.28102889225207217,-0.05928100874002213,0.19313131394554464,0.05507241703830738,-0.1659419253037445,-0.11457872770911465,0.17406085570398794,0.04117463317903443,0.27956019773368024,-0.10215286272502484,0.024084736096472756,0.0922790761411704,-0.11069176559732218,-0.04291336757868942,-0.23941614959403332,-0.34754253631935644,-0.28793707667721974,-0.24613570914689564,-0.285874294420049,-0.4052335341167177,-0.3610622643448611,-0.4263514589206869,-0.1456220288055975,-5.1992753258111775e-05,0.027608151980057352,-0.08668723537603054,0.26908103816227785,0.12546979886059292,0.21715115986159447,-0.11505351424661896,-0.17685314868516774,-0.1002795114293372,0.18846405749028158,-0.06124625420425897,0.08420045020081697,0.07660870213593485,-0.03160232395515726,-0.1823200456246486,0.06639152155381754,0.006789286268472037,0.11604016742472638,0.13571358038623763,0.08499122370385895,0.05242683229112718,-0.05798159295316823,-0.005933219540408244,0.45750438814807054,0.5837927705890296,0.06941113168877702,0.5224090781765456,0.4909546715891847,0.24440422955002086,0.11623524101059403,0.2930646100644267,0.13047400060053646,0.5533508120341056,0.2472690705590027,0.19047444394959523,-0.013741805599498613,-0.1744268201997892,0.031596681330772654,-0.22097524701595855,-0.20464952249291146,-0.017049995667270564,-0.06612631820774127,-0.08569816393032971,-0.15391346229417016,-0.26926079605338726,-0.06290437968413395,-0.014535803459331793,-0.1576392065664026,-0.14512144741376357,-0.3139302289494844,0.310430189652636,-0.015124248573725926,-0.21962746587723664,0.1223034804916338
#18,0.2597118634162463,0.1889839850228627,0.13705571890057494,0.26733746722743607,0.16039361335528582,1.0,0.0728619995445596,-0.00957674271446507,0.18313580789282238,0.3469645703645337,-0.04859387815558731,-0.1364108475423348,0.8095090312218498,-0.1024293513198703,-0.2939867761067101,-0.09605237967607305,0.06374351853904393,0.19740761713987462,-0.13477448647080043,2.821312192300639e-06,-0.2808330125770067,-0.10605836488836672,0.16237336842508307,0.07128287080606904,0.0238501641399129,0.1722673072388825,0.19593489217549367,0.1995195708381111,0.2144862289736671,0.38965021774484454,0.3142454098258243,0.06895891564881113,0.2971006986778122,0.09391785548029817,0.344668022240001,0.20824226204750687,0.2689480334446408,0.2044101140011648,0.17183927387485062,0.1444588420931718,-0.1457106986173555,0.08021111476090387,0.19415585331594867,-0.03857902596211784,0.06889039806699811,0.14811768096198685,0.1982185428728616,0.1845601675053353,0.08498074454428754,-0.03914570666817137,0.021394010354215745,-0.11486650155272932,0.0216253579539844,0.03294204420190116,-0.2578385121205587,-0.044173284994851104,-0.12814440281889392,-0.04131972923463846,-0.12194235253101932,0.19585670152330706,0.22182728329803333,0.1862860044778255,0.08357573107252184,0.08852592483621276,0.13077870231730493,0.15331856846619363,0.04292384673826082,-0.0304754112566326,-0.20203859958123666,0.012812384754435002,-0.06588932798358803,0.17992354243958866,-0.1788030784546464,0.019100686586474225,0.006154087980605494,0.04527440283904616,-0.10917389963786443,0.16132625855714064,0.22635669850047258,0.15429393639553185,-0.03171275817525588,0.2516614505978159,0.50977282391183,-0.02100628145007386,-0.0278120925471008,-0.12061311144384682,0.12974610205492287,-0.08594966376004337,0.027786297692771193,0.19973802101071494,0.15785846282820426,0.12817100376242133,0.2119712306765305,0.09499882109454821,0.0861374825431308,0.09731229709223474,0.05996537846895448,0.15082211022060646,0.07774125745884411,0.23550339262791123,0.26874086852080614,0.011293712705779458,0.48881369867982744,-0.1376377153013867,0.2406510782450632,0.15966813307726566,0.22504277310805829,0.088766945506355,0.23978695062502142,-0.26326671677854513,0.17667580906165173
#26,0.11140676671577093,0.2712228171608329,0.05293789284253249,0.07517628163144392,-0.2595409725063127,0.0728619995445596,1.0,0.15242703381342662,0.3256459293503123,0.30127704681161493,0.2508311787240817,-0.07719875942872459,0.09969026022574529,0.3287711371701836,0.23520594571392298,0.06897423134356932,0.19844182958065223,0.17673545966228893,0.09567109948551357,0.017027425169732158,0.0459039585025281,0.09749527934013538,-0.03680159928096843,0.03441718743387549,0.03823805023144836,0.07434681584690754,0.018329259224179453,-0.010974501383450585,0.12205439892951354,-0.06336546270527565,0.1385485960949009,0.04913637618570683,0.057243215247983266,0.053492482210619016,0.017845605705499343,0.08640510415680047,0.054321141905957604,0.055556876646185284,0.08266485027900762,-0.013134820433555076,-0.009613822817563877,0.03345391084250428,-0.15130818200687998,0.07486916164708206,-0.22351845843501814,-0.17691279928580497,0.17768986927248434,0.0295806522470744,-0.08703143546349121,-0.04735411296937062,-0.14909304889132508,-0.09913083432247195,-0.09296586413769616,0.09394606860222118,0.04362433825114918,0.23965717026417557,-0.1854065611630255,-0.1624015815470061,-0.13172263276792895,-0.0445997061804874,-0.21385506113178954,-0.25236113602150645,0.10821142913569101,0.25368473448429435,-0.0037680639551169533,-0.043255955487754495,0.3832079528760255,0.6314697222821192,0.26825318455613706,0.11384760480670988,0.37462713336544257,0.3717776080512189,0.1399947201157544,0.12033904111659476,-0.1425991943138468,-0.05245988194823698,-0.08852270047942155,-0.08204657986429488,0.30149872134100997,0.16368809990669517,-0.03632520056506853,-0.22928199619928943,0.013879646852322444,-0.159364237449695,-0.0940645637142978,-0.3187844980986371,-0.364249541032963,-0.1831366139820202,-0.05801786696706924,-0.2172043617486493,-0.08733452500186407,-0.3845339696064068,-0.3967695975398158,-0.109078781112524,-0.2998639724478712,0.10472751162279863,0.13410301416903286,0.017364370454412633,-0.025711424097633523,-0.08497510191990294,-0.02847550395689035,0.07966216801720194,0.1747661837520631,-0.12413572123823362,0.025783166036237738,-0.020242914979757085,-0.00918578945353198,-0.22185710859835195,-0.12440979156548568,-0.029648363739689616,-0.056911912587687394
#49,0.5205228294536932,0.22897890666091655,0.16726955421252138,-0.061305098715698385,0.2768291675315332,-0.00957674271446507,0.15242703381342662,1.0,0.40126838135273857,0.08659211685069011,0.4646801941868878,0.30761693835231335,0.23155919818307494,0.1939051595754328,-0.3380097254661715,-0.31104604179975537,0.2111006543429063,0.1793552495551395,-0.09026627141426334,-0.1214401589607898,-0.1466304463920455,-0.1637509748641236,-0.18424982316418223,-0.3285357591244259,-0.026031441509160196,-0.18219913224497858,-0.050665527393933776,-0.126732134544348,0.15999459920237474,0.028488401384055152,-0.01174431656734976,-0.2548293811451706,0.02001237346918623,-0.12861918935639824,0.10925612073604005,-0.07898182873425859,-0.07589531319588169,-0.036637963173815,-0.0865252114472727,-0.2936546673572164,0.07614600693639755,-0.011984531148294215,0.10359656847828497,-0.09128597424948058,-0.24570042098008354,-0.07218730288600085,0.14781459142361397,-0.03360626170088851,-0.13060055660459108,-0.4277967768523426,0.01775290544775232,-0.2945268558692362,-0.08598110123875757,-0.27796575330043144,-0.20560796254909586,-0.2693680059166947,-0.16193566199067758,-0.3519905365128178,-0.15279380439842571,-0.3275765129790437,0.1519595020787025,0.21169393599248726,0.1394860778319425,0.10616879910846534,0.27964564318864704,-0.14815314888669007,0.1205284720780778,0.10746821489531924,0.1272214306874127,0.09565820205834877,0.1911797719976704,0.21601538018189403,0.08422946941193778,0.270681931309109,0.11870671049104939,0.15913692029591534,0.11980137962166204,0.0962401984591605,0.029030093324976875,0.014156135447167907,0.1267829181638094,0.18715980516824088,-0.14322471953133975,0.29418265578177555,0.19672163523254665,0.4089044643234997,0.13650838433526863,0.14371804612039346,0.07805079571079938,0.046356174542494,0.06539761357292992,-0.05569068745302012,-0.06097782650139151,0.029811193757645252,-0.05797836859637703,0.159315872097827,0.062262732682685,0.3272790660650554,0.016352728511173403,0.08250282635024979,0.11960872430338779,0.13191045155101638,-0.00869729939966507,0.23133832974287769,0.14668445436829813,0.21162864276746543,-0.046421467767515816,0.2494648575338104,-0.012086904476414837,0.0658030764394234,0.0719672405350014
#50,0.1686697311491003,0.33002218760516944,-0.2588727245613363,-0.2863095825868611,0.25328572033138325,0.18313580789282238,0.3256459293503123,0.40126838135273857,1.0,0.03789868667917448,-0.027272012784574678,-0.06575793544434659,0.27304216048026797,0.10208515123240962,-0.07112971385848701,-0.08367407395465346,-0.1872299349284495,-0.09777982882695885,0.047095358336876766,0.14578647100194872,0.04841976288886247,0.003447240454392481,-0.23569846621377888,-0.2216080270362317,-0.24211896667425734,0.007486553424569196,-0.17911261670660167,-0.30752988071895093,-0.011988561594283215,0.11270537641342702,0.15726840553541452,0.03832913831079978,-0.1280097859228613,-0.0635589241127477,0.3249446317482261,0.2225076225809767,0.26701261328072257,0.26200841154077903,-0.0326808713018139,0.056937707442016997,-0.08576184497695592,0.03352242842431729,0.09945568826918542,0.027398568788629306,-0.09790557874181567,0.12867561560024424,-0.05005693004959464,-0.2017806510379406,-0.18277709819980129,-0.4547604605187587,-0.4181865814361688,-0.4141222797008603,-0.33896897161155365,-0.3581571188759892,-0.22416171761486267,-0.08100027608555024,-0.21083948144281905,-0.16741626244652102,-0.10185460972183877,-0.1427201076935168,0.15169913526781306,0.11661732729035132,0.2423640177903886,-0.016280986572569187,-0.16805146073438756,-0.204373033898066,0.23014773599772684,0.37454410617806916,0.24092192421552408,0.10764394234043968,0.1589748963671575,0.14890039357305082,0.2136414474943725,0.2150496853229294,0.05777120367254238,0.0825278151153816,0.005468912162475339,-0.09634821441166572,0.018945917460496592,0.14255244114037438,0.02533739870985424,0.012468184666974323,0.29832917861525965,0.034999989923885026,0.0021792621462527937,-0.057298029313433675,-0.07335371395521771,-0.07614923129318875,-0.11358320754983142,0.10932302613945746,0.0904847215868672,-0.16658034794840224,-0.2516017999971787,-0.038383146287052396,0.00786380316913968,-0.08547165286574786,-0.12555766258315315,-0.09135932836648039,-0.057167442863390046,-0.020755587709558,-0.22814702260878678,-0.32291248088057184,0.1085959336830417,-0.30134878875021914,-0.1425758177271106,-0.10495241050898488,-0.27083347607829544,0.08006601870529984,-0.11375974108414967,-0.17820899071586765,0.08952063890629817
#51,0.37062973703355145,0.47222599516749525,0.47534878471977315,0.7083569282358939,-0.22443659403131253,0.3469645703645337,0.30127704681161493,0.08659211685069011,0.03789868667917448,1.0,0.24324426719438638,0.05270896351035724,0.40133125631016703,-0.0525421030464126,0.049129121382926626,-0.09869877051245106,0.6869246286447827,0.26685139544116254,-0.0384105533197776,-0.29682824052895573,-0.11576609709747432,-0.2742577429905506,0.3292040070694023,0.20073757161598715,0.4036318348806887,0.005968687465111452,0.3060668288249436,0.032160943769232786,0.15346205234340207,0.12131037859994398,0.18536706279233328,0.12810490444820172,0.17455821273903063,0.0375045090614502,-0.10487583203519385,0.0031643031459646165,-0.09998287060454675,-0.10365944343571337,0.18287382890353732,0.09014293976699991,0.029583876603865602,0.20329368046221155,-0.15703463966805248,0.00975650060557451,0.0063741503316049435,-0.07149164790829929,0.09349304647305748,0.24981873069164467,0.09781207239487086,0.09030657587415336,0.1288916475052547,0.0768287644869343,0.2783164021014745,0.23881641923087,0.16959592763737272,0.009701686540124098,-0.018661367973673126,-0.2751170340754056,0.13142196149714946,0.15133800730719857,0.032946880737087965,-0.11148253910036415,-0.2199724720538951,-0.09437571414464868,0.3006740920916604,0.1810464246921243,-0.08869923401373979,0.04689786648341572,-0.23825941159519007,-0.2679299427878192,0.06346783603339627,0.158488824580884,-0.3163267321345444,-0.20982622732118422,-0.3363540182538899,-0.3329184660928655,-0.24798648994504488,7.456325079651689e-05,0.2221215058552304,-0.026239412522192643,-0.19758253849579724,-0.26995161449590205,0.0047700328279825805,-0.15997605915082533,-0.19949377598378149,-0.0759219141394091,-0.012656003450061766,-0.08351527438268681,0.013630565290202188,-0.21730754116596773,-0.18252640445928545,0.0005654715722568281,-0.08617859309221862,0.11864141726602757,0.1385993797143623,0.43015216948831475,0.06154289502904944,0.20564907309818367,0.12170294403927266,0.17049552318211772,0.22196190019406598,0.27621492756280946,0.25597483389524467,0.09000348633578048,0.19355128641759853,0.14536811070829042,0.17951001868111716,-0.2508166691185213,-0.2577925650362841,0.260128611531509,0.30799176982929044
#52,0.3064626186210635,0.0040767961178744235,0.32198144785711263,0.15595609232139582,-0.005110202469454257,-0.04859387815558731,0.2508311787240817,0.4646801941868878,-0.027272012784574678,0.24324426719438638,1.0,0.20713388940053162,0.10741662518666004,0.3458545855391628,-0.1633705007627619,-0.351182835136622,0.4219647215062583,0.21760740634754938,-0.13487444153132766,-0.3204434296677099,-0.08194420653617426,-0.31155387799436945,-0.0843020174397398,-0.12550526678529614,0.10138788407631247,-0.193799561890521,-0.07124579070297024,-0.16264743875233514,0.1368098616952459,-0.04290853104350262,-0.21553414493080733,-0.13707264677372874,0.0772584100293618,-0.1607023455180433,-0.10711192346989155,-0.06735802250197996,-0.17889819697998682,-0.11914844737144388,-0.15117275902164953,-0.34385225997182717,0.018558188556354705,-0.00944615626442144,-0.0693272984122058,-0.11761204136043674,-0.17077846049054557,-0.2706424329384168,0.043749282076808206,-0.00023819935794995394,0.02301424964179411,-0.1011218746410384,0.19714402597219396,0.0028845901943279533,0.1373048004626952,-0.05227689970033634,0.026335337136730867,-0.11359449279860064,0.06962152096940287,-0.2454456967935787,-0.11794979273431501,-0.27493405182750497,0.0052319219383220854,0.013824832786872032,-0.05314586385556494,0.04497534374666229,0.17852014114621853,-0.0582564693696181,0.2119301201274427,0.01240369753115031,0.02145607922244636,-0.05352553186772882,0.24608734379502764,0.269826670670243,0.08487514685937572,0.19845472700781705,0.02066691789779998,0.07913337350344503,0.16344466096895952,0.10802441644180137,0.1086144737345911,-0.02732279640403609,0.12030599145948495,0.10694909345193593,-0.09188651070184171,0.27479782275307674,0.21120383376022472,0.3294095598148413,0.16746059735240004,0.01673642696932629,0.0516457318584588,-0.03094294299135671,0.027467892459640122,0.07929459134300507,-0.038252559837008766,-0.0503447038932093,-0.0037970831662377602,0.320297527522908,0.18857529779957802,0.31855959921245086,0.049248422584201056,0.16361797014648655,0.27035143473801093,0.2993327596665209,-0.07551967562970681,0.3581958111574836,0.22944240794965168,0.3121536083575328,0.08969152981623181,0.07437180461203935,-0.0026903226976581094,0.024349939442549016,-0.11850760645919274
#53,0.21394534312194316,0.18525582248303685,0.2774208370027185,0.21243311978687002,0.42332781833973837,-0.1364108475423348,-0.07719875942872459,0.30761693835231335,-0.06575793544434659,0.05270896351035724,0.20713388940053162,1.0,0.06262386064329949,0.260866989236694,-0.14385911173000848,-0.17178768416619142,0.26039462096678306,0.07541246576639939,-0.03081638698730208,0.010145841688111999,-0.05944383875797776,-0.26162874352861515,-0.20414652283348414,-0.15648085638916373,-0.19310551909121504,-0.10607448667232272,-0.255654816483718,-0.23299645522275267,0.23550016827112005,0.027736320162507582,0.12956956852060464,-0.14161818376012397,-0.03801153916686651,0.07257019525495594,-0.04616271313502195,-0.20424809007240696,-0.13242554254841069,-0.12341104704941125,-0.23227258712312812,-0.12964292263760446,0.13303252771435423,0.05453153118658345,0.0004896991876636109,-0.11449892487853243,-0.31779300838534286,-0.21597185136521282,-0.04367834622740179,-0.07537699784169617,-0.20452619084564802,-0.243286183832672,-0.1602323955157258,-0.1527293172626017,-0.12651046001495295,-0.2945413654747966,-0.16620309820383175,-0.3412413370601524,-0.038044588823976315,-0.11654074881656029,0.1103741664533889,-0.21482317425834757,0.18213142075236335,0.07355443016546996,0.1179183552556008,0.12889890230803489,-0.0671008800478817,-0.01698792679903995,0.13955298323535992,-0.05508128401948317,0.07539150744725658,0.09828282848638616,0.10780435409080191,-0.06306076098850719,-0.16543247693073476,-0.2507554063394885,-0.09024692527351615,-0.15966249045288106,-0.05152965501397557,-0.06408530035891122,0.07068555871049911,0.12076626839142886,0.36007480507755585,0.27173145944464483,-0.5374498965182992,0.40818946320505095,0.527672034548983,0.43512493374954403,0.27607547413159,0.14817571938422847,0.04190011345705459,0.32205077152812345,-0.021435926992501356,0.37299883318588617,-0.0653677882726113,0.05112419214748208,-0.029064755160482285,-0.08584890261031834,-0.12121767834219696,0.030584233298335626,-0.12909236371550695,-0.064005497528329,-0.14894150412213863,0.16884304032662734,0.023767136952539483,0.3673650757824607,0.045485598208869805,0.020917611638315837,-0.2707512549801198,0.12005126727298009,-0.1112173357542879,0.34544589831587813,0.06563782815387437
#54,0.4078267230660409,0.19082267448304494,0.2234386556044359,0.2523240559184077,0.29370061444149104,0.8095090312218498,0.09969026022574529,0.23155919818307494,0.27304216048026797,0.40133125631016703,0.10741662518666004,0.06262386064329949,1.0,-0.08849287517910294,-0.36261237387223083,-0.2410710507171171,0.19655961130378882,0.1965128581303164,-0.21447091327890888,-0.06460039135630553,-0.14820070814936026,-0.2251209637602449,0.06165655360593927,-0.14183340957593663,0.02189056130006066,-0.0003736223431803846,0.09610961200911687,0.06645520260044376,0.2524207866221437,0.29125977635055206,0.35788063028114375,0.047924018032215354,0.24797278642868226,0.06664866400791579,0.3607648174308728,0.13874125141317512,0.2610177279166826,0.12372864619334452,0.10749159148205545,-0.015062985794693113,-0.04631909443939519,-0.005360090120772314,0.21477803326327075,-0.08537653434040744,0.04468273336786082,0.09208239037690716,0.11113833901290347,0.1311100049776008,0.1055150607690494,-0.14116274336336687,0.03297993039419777,-0.1872041400741199,0.04008721885120198,-0.07474744217821423,-0.21793951509704307,-0.1775391305924957,-0.012639075576907962,-0.1174524356992723,-0.16677058499908307,0.14013014310098484,0.29216340234128607,0.2144950959548429,0.08795037714898342,0.05609695640871141,0.14245248607984717,0.05110484600673487,0.039394788230291626,-0.0984174453824188,-0.1810246602837837,0.008403882931665803,-0.07537457957410278,0.20118495112076626,-0.2428541200226511,-0.0012385560524199805,0.06732658502326574,0.04331399390999611,-0.08135979186776912,0.19752933660874245,0.2557588019902342,0.05334335570902598,0.06128414039655558,0.30429665694657443,0.41034010918478186,0.12793804398425707,0.02374617863339668,0.011627433633668733,0.09833522428424317,0.02813130386942967,0.01046021647525407,0.24220763648601537,0.2247421018372788,0.17333859978275895,0.2600028616166522,0.001011238898640329,0.00940504571533363,0.22485092387898184,-0.05685629243303918,0.2793643180586148,0.0419170413302084,0.1880666555157661,0.26734552811941403,0.0017141486791220882,0.39100767195394004,0.0016125814401992651,0.2711615543818001,0.2144950959548429,0.17809694431737344,0.1994542776130893,0.12707149809662188,-0.3208513108017968,0.130249907803548
#58,-0.06851314832242762,0.059900891333130465,-0.007605854625843623,-0.07093786462941057,0.0450349943472995,-0.1024293513198703,0.3287711371701836,0.1939051595754328,0.10208515123240962,-0.0525421030464126,0.3458545855391628,0.260866989236694,-0.08849287517910294,1.0,-0.10033835594077663,-0.18709128758642787,0.0282635024978689,-0.16098931327246016,-0.1316041376558523,0.051139507842240285,-0.12299752329093976,-0.14685695745662736,-0.2658631300846595,-0.15430119119831204,-0.17895623540222844,-0.1024108112683209,-0.3466115032958972,-0.31308625355938763,0.06265529812201369,0.017473192496115657,-0.2270313951590313,-0.10660489336447525,-0.19551733797103318,-0.06208055652398216,0.10757784302622006,0.05709811919237923,0.049565215638936524,0.07165125356946372,-0.1439953408044367,-0.23617083448368978,-0.07102653444116859,0.017908480662927755,-0.11983039883278285,-0.06406595421816401,-0.18867525286010522,-0.28717935283128754,-0.07819750394479902,-0.21116997801391713,-0.027874161415331413,-0.14232915443258373,-0.12319582123359861,-0.21089832595425848,-0.2596804259375321,-0.20414652283348414,-0.20515816477672336,-0.09485130677135079,-0.020319493453548103,0.10138224145192787,0.054273582643287396,-0.14954526493129097,0.11491244863700392,0.0335546719922293,0.4299022818369967,0.4219518240790935,-0.2397256878459886,0.022095307956301904,0.7101496706118016,0.3754501504363965,0.2428968427501345,0.34864607243114487,0.3003645538397051,0.2516622566870137,0.23246524244140235,0.1593892262148268,0.21527216594152226,0.27347825473627785,0.30620547616696525,0.14919622830864349,0.11544849795354105,0.2150561340365118,0.1364809773025434,0.07940502556310368,-0.14538906902743323,0.28104259576843477,0.3670482827277252,0.18681882943757142,0.1174637209480415,-0.12429532689939805,0.01827444515872904,0.15114212763213314,0.19665392373993143,0.0892127128327385,-0.0909506411431957,0.0015698587127158557,-0.07211717312579223,-0.12610499714845946,-0.011795100186811172,-0.0851588902570014,-0.26819675831229106,0.1298291292422963,-0.05617998359608482,0.0012256586252551776,-0.1814325414178706,-0.008154801369545547,-0.12686675144038065,-0.04009044320799318,-0.1955495815389452,0.22953591429659648,0.05216565939103992,0.14671589184701234,-0.027522706525090535
#101,-0.3579394747925832,0.020913581192326836,-0.24028350157086634,0.04743472188915064,-0.35472479107175603,-0.2939867761067101,0.23520594571392298,-0.3380097254661715,-0.07112971385848701,0.049129121382926626,-0.1633705007627619,-0.14385911173000848,-0.36261237387223083,-0.10033835594077663,1.0,0.4292557983003609,-0.026117693053324814,-0.09099094560308571,0.4834556237820496,-0.011897473514931796,0.43433416024650207,0.3046207048040901,0.3602416655415005,0.2666780862636355,0.4130002035375224,0.08021272693929947,0.1068386592318373,-0.17695229765649717,0.061667032765510665,-0.21522218841125865,-0.12239537466018302,0.19981218121691255,-0.1439292414902171,0.17764150392061634,-0.2313222079589217,-0.10834927038851484,0.05716421850659885,0.01713141067624838,0.22087609804462913,0.10433172182667873,0.08602059960944979,0.055294897656900224,-0.09882774478409909,0.20954973872633875,-0.07795406500706335,0.023726832492649473,-0.3773839584219192,-0.2759360207003706,-0.23428458576083735,0.13047883713572325,-0.0909377437160309,0.11892516066365323,0.08663967611336032,0.1780026318812308,0.4886170129155642,0.2203513339768612,0.01797135562035617,-0.11888727447135662,-0.05819601267978308,0.05484187552773652,-0.3029383966482811,-0.34592390921017363,-0.12949621440360484,-0.017494956904456262,-0.28768557684750606,-0.1517869989903733,-0.12932209913688,0.19485956918562825,0.24250508340000362,0.020541974072140954,0.08224245953936032,-0.06186452461897171,0.19972512358355013,-0.15495412344853018,-0.2008979833663494,-0.2813738984287306,0.0032723190984698413,-0.3786785376735863,0.14593720968193735,0.040072709245641575,-0.08084228260278141,-0.4108737402337256,-0.12597199243082244,-0.36653077346273755,-0.27523472309828445,-0.3350924886593326,-0.354442659852526,-0.14828212315833808,-0.16722280103904896,-0.2901320575628296,-0.33708191679950344,-0.30923637155069394,-0.302547443387348,-0.09621198533723749,-0.08219731854428351,-0.012298905935436286,0.0322230126374634,-0.40100317800666235,-0.166440088427985,-0.4873570954994025,-0.2944889696769396,-0.10630583427209138,-0.0993581514762516,-0.3602747151986103,-0.2534856304524377,-0.32691471374764974,-0.055439187623306456,-0.337705023749403,-0.2713775862868106,0.17493707466199673,-0.004650731626708153
#102,-0.31153372576442445,-0.0834757760119946,-0.15948837518615622,0.09686008105226884,-0.2353131555772304,-0.09605237967607305,0.06897423134356932,-0.31104604179975537,-0.08367407395465346,-0.09869877051245106,-0.351182835136622,-0.17178768416619142,-0.2410710507171171,-0.18709128758642787,0.4292557983003609,1.0,-0.1766508202965199,-0.07115550871281662,0.39128254837038995,0.49681574614638985,0.03410281264673343,0.7429703983894338,0.21578806302811437,0.4513402240524925,0.00011164335389532529,0.3257265382700923,0.06451494590133872,0.1333581877502655,-0.053279674662399766,0.00693115796728487,-0.02014054165163646,0.01752639438317047,-0.23029928076691325,0.16361474578969537,-0.04740328441043644,-0.09904458277830733,0.035648891728114175,0.21384619415061373,0.09243303917795023,0.3726884888447331,0.012525417000018137,0.06627947515532331,0.0697005177107873,0.29265753501953756,-0.011783814938041969,0.5024632070661779,-0.16084582939525174,-0.16992319985167958,-0.465054219574667,0.14994750344099325,-0.18741211108715236,0.06984319549879792,-0.22916994980079522,0.19542383162408836,0.005706708475826393,0.48755781170965473,-0.408431289964391,0.2335945734075204,-0.02667389459980694,0.0838941363056529,-0.27670906024106096,-0.2464089733849499,-0.004736177081674973,0.08601576307426298,-0.2246413406875538,-0.1235916110297185,-0.07536571259292697,0.20422955002085755,0.19719642177005098,0.20280438431914682,-0.08280752806701826,0.04656011510953745,0.08287040302444668,-0.03536595441968631,-0.24477986711619573,-0.18094646963159708,-0.21940659743703939,-0.2510069061692021,0.0808229364620342,0.22621966333684654,-0.05446623796156164,-0.22052867360037726,-0.0011450497054751594,-0.31159660072185286,-0.17472426711377748,-0.42812646733424287,-0.25179606749384853,-0.295362770367355,0.09443294647769249,-0.2137204442357569,-0.23066282699512114,-0.22980595417785954,-0.11585799126602354,-0.07182295056859517,0.03858225031890904,-0.2668231823192395,0.10759396481017607,-0.36364013759942604,-0.1756657792968081,-0.47527381842437777,-0.4662552924793893,-0.23912918183961646,-0.16082890152209792,-0.2834536085590551,-0.2935490696723046,-0.4168516977246117,-0.28417102794509724,-0.3159744711551057,-0.08467040020313447,0.11403139314380834,0.11465691836130126
#201,0.27170163414432624,0.28354872708439555,0.7585093798554279,0.6268677590518779,-0.2599561084431798,0.06374351853904393,0.19844182958065223,0.2111006543429063,-0.1872299349284495,0.6869246286447827,0.4219647215062583,0.26039462096678306,0.19655961130378882,0.0282635024978689,-0.026117693053324814,-0.1766508202965199,1.0,0.468305983398593,-0.04271668181442618,-0.3522662190184655,-0.0926788963832793,-0.28845055549621845,0.21802012401682308,-0.04171551903075835,0.3827895925823672,-0.1473696301864283,0.2683845770953785,0.01813257345991621,0.18777565731536022,-0.14322230126374633,0.15037231244823396,0.10143221898219147,0.3590301134772068,0.09947342223153703,-0.39921527216594155,-0.2841581305179325,-0.4506518238775712,-0.36056410122062055,0.057942094582476025,-0.18858174651316043,0.04874139247878474,-0.046874489896679514,-0.22482996555983903,-0.07841917847419407,-0.22848558007186284,-0.28452490110293155,0.14725355334194506,0.16762584563794908,0.1076850528895275,0.012181216912557458,0.34170322617049187,0.21696253498930923,0.42619507761631364,0.27248676502298363,0.3020492802631075,-0.0569473805123906,0.01872666119869494,-0.38443562672427517,0.0547233804156599,-0.00896411492413693,-0.006837651620340049,-0.0732714928570421,-0.3010787488689561,-0.026953607551443604,0.4106746362018689,0.1557521517543524,-0.16178492331068894,-0.032421310580122244,-0.17025530860117327,-0.21551076834407112,0.19522956412741851,0.15025865387134413,-0.2615102484165385,-0.06528314890684228,-0.26290800708552403,-0.326252108427058,-0.1487359513766996,0.014821965124550857,0.19531339740398973,-0.13804237207868236,-0.1408008093135546,-0.15657194446851516,-0.34475427378416557,-0.08320493004153375,-0.08606332233693319,0.17024482944160185,0.10798733633870256,0.004857090461345,-0.0984142210256276,-0.2635432053733906,-0.17810419912015363,0.06436501331054788,-0.023730862938638474,0.15425685629243305,0.08134286399461532,0.5626829066770384,0.15345237927302846,0.4332225632427356,0.2278399026244249,0.2300671270779468,0.35425242280184516,0.6413298053496109,0.19991374845583537,0.45332723392506996,0.43996146893634513,0.37415476509553164,0.33312160057071116,-0.20536049316537122,-0.16712445815691734,0.3796119889646389,0.132819720166135
