,#10,#11,#12,#13,#17,#18,#26,#49,#50,#51,#52,#53,#54,#58,#101,#102,#201,#202,#301,#302,#401,#402,#501,#502,#601,#602,#701,#702,#801,#802,#901,#902,#1001,#1002,#1101,#1102,#1201,#1202,#1301,#1302,#1401,#1402,#1501,#1502,#1601,#1602,#1701,#1702,#1801,#1802,#1901,#1902,#2001,#2002,#2101,#2102,#2201,#2202,#2301,#2302,#2401,#2402,#2501,#2502,#2601,#2602,#2701,#2702,#2801,#2802,#2901,#2902,#3001,#3002,#3101,#3102,#3201,#3202,#3301,#3302,#3401,#3402,#3455,#3501,#3502,#3601,#3602,#3701,#3702,#3801,#3802,#3901,#3902,#4001,#4002,#4101,#4102,#4201,#4202,#4301,#4302,#4401,#4402,#4501,#4502,#4601,#4602,#4701,#4702,#4801,#4802
#10,1.0,0.39178312976222385,0.37894374101966255,0.36504353889279617,0.3129854924096626,0.1823498709249672,0.46864534695086685,0.5061244642025864,0.19856113078192666,0.5952021570946933,0.3038492774417953,0.21702944039272665,0.12323693178268641,0.18391207179030394,-0.4879415101678076,-0.40906245780626854,0.4696134600774249,0.1731499749104737,-0.21655223558762896,-0.10658957766971704,-0.11896062858835645,-0.2675035216021829,0.07241865048576951,-0.06587159402123642,0.05811217940321186,-0.22797129516366635,0.2136470901187571,0.17276708254151862,-0.06462296185384393,-0.07008502225813798,0.06036036217587657,0.017062893094435365,0.2370204524981712,-0.07681747923816509,-0.05573582844809692,-0.12685707837000704,-0.005575315936584963,-0.1435012081261852,0.07261694842842835,-0.1345898920445042,-0.131117259780381,-0.16525513730721872,-0.010037827758453109,-0.14291195692259326,0.07634027443306739,-0.03326689814861464,-0.12838058695384938,-0.2909357284930364,-0.07141587552370608,-0.05483300854656072,0.2886649752228333,0.20032162958992228,0.10078170499956672,-0.06777074017125365,-0.010570650695352695,-0.1147738012949823,0.12527472527472527,0.0028966815322949563,0.2056917958256671,0.1571039633390633,0.11642547806127487,0.28313600941512185,-0.1288658526509251,-0.12179645038621749,0.19203342045814079,-0.01514681907126433,-0.15205300842564734,-0.100203739044744,-0.07652728712695703,-0.08754813863928113,0.1253948325651975,0.012916370260951226,0.11494146784812473,0.1417399032289918,0.11561938886347468,0.0569643083855444,-0.014612381933122809,0.17426157191424016,-0.2588122678715013,-0.15942630631792562,-0.1553418523526721,0.0198777565731536,0.08949484405196857,0.2561715196595079,-0.05285405956596127,0.2834229771695387,0.10853628308240448,-0.12160137680034984,-0.2339798840440689,0.09423545462423144,-0.007069805309306502,0.2892687360319856,0.32340419529122993,0.02622812727342344,0.2723424750565774,0.1488367125264246,0.06191530823843312,0.11425709811919238,0.07364793651241477,-0.010404596320605856,-0.04567986570553965,0.06504212823670003,0.04530825858535376,0.16014372570396776,0.055657637795910306,0.09525032092426187,-0.05955910951326319,0.15111794495619912,0.022593471080542417,-0.03470093083150116,-0.009336528133520615
#11,0.39178312976222385,1.0,0.04461985841043241,-0.03293881984510996,0.2009987445160744,0.06923459815445879,0.34587151341231664,0.2352930033472854,0.2199152397208513,0.4494330170104973,0.3744070710144431,-0.040236345352795015,0.0003042986721695689,0.2110732473101811,-0.053896332898716905,-0.05478786755148391,0.0428166368749534,0.020816044399393014,0.03537804575765331,0.15125336794142955,0.00018016093570834082,-0.012973602593995038,-0.010229674964683216,-0.03182802893054131,-0.021245689941820512,-0.09733486758977315,-0.16708092934023613,-0.06348073346056107,0.05400837929721113,-0.04485604254538786,-0.1086185041805801,0.13171699014354432,-0.07916722924975263,-0.05623399157233744,0.02579767564179814,-0.006439443556626758,0.1986586675748605,-0.009849200863321531,0.06646568176001516,-0.06853249446317482,0.027552531825409142,-0.06170088851181828,0.1677149522926122,0.02666986415381794,-0.05134103014169033,0.049060603801113614,-0.32223052941923286,-0.3034139892749832,-0.29505323211539974,-0.09021548779480193,-0.18885581684041247,-0.07516983291786153,-0.34993259079083394,-0.1943178772447065,-0.17745126686993548,-0.19128536968258222,-0.05159656041739299,-5.441102085151232e-05,0.12038498820086936,0.04614900961865935,0.04339782718656733,0.04260141105914075,0.014712336993650032,0.0759606064209035,-0.03916021627373177,-0.0437073654385226,0.11500434280555315,0.2560933290073213,0.08730792405833668,0.02587425411558916,0.11860111280613757,0.04728075885237081,-0.10498787843368808,-0.1487738375689962,-0.0020922045128903737,-0.15753199670309517,-0.060806129502260074,-0.11379762727644628,0.038376697573469995,0.056344425792436065,0.0158997063820097,0.08497913236589195,0.01612138091140475,0.08378934470993887,0.14312557056001032,0.0578300481839818,-0.023966240984396127,0.09540105960425051,-0.09530110454372329,0.0803876482952221,0.11472462985391649,0.10244466701462851,0.19410910014247626,0.058440257706716535,0.06177101827202689,-0.04297221209012883,0.05053010440870335,-0.23866729272927695,-0.0026919348760537096,-0.3320777150595599,-0.39849059797711917,-0.09422094501867104,0.07744058618806464,-0.06110518859464394,-0.04834640877186265,-0.3071897110774793,-0.17090501649460021,0.08403923236125693,-0.13780296358693572,-0.011310640578933263,-0.029705596072733428
#12,0.37894374101966255,0.04461985841043241,1.0,0.5316654004348851,0.23208557442923847,0.3403328745342316,0.15701690570570087,0.1376747954044855,-0.19190122182970157,0.23771852574346614,0.1055182851258406,0.22772221360154607,0.07793794322310735,-0.10063660894396269,-0.38920283824006546,-0.13001533584698816,0.6716564931492495,0.7265253726651123,-0.42355029895833124,-0.3857027989432171,-0.2749155117759556,-0.19180046067997655,0.40624678823835253,0.07218166026161625,-0.05603730580807419,0.03516604429863186,0.42286109269421207,0.5675960203376305,0.14127478976186109,-0.06286165695665054,0.49911068209252696,0.20209744409267608,0.3131072118785304,-0.12459438599178192,-0.07262420323120855,-0.22806641368900676,-0.2146522833484139,-0.36986234011724567,-0.25379194434760177,-0.3120488167618188,-0.02309405247237633,-0.256429468202804,-0.15543821133607813,-0.28070403830535867,-0.12866836079746405,-0.18646334410134152,0.048030421806324976,0.06278266021526611,0.09884306047885728,0.1947386558059582,0.1739584823758673,0.3059829955483724,0.3107816445428769,0.17911261670660167,0.12791063695153188,-0.1580785251792037,-0.06556931057206135,-0.32819155903696523,-0.11095132631901383,-0.037864830932866876,0.21396549535188816,0.16544053782271279,-0.2418908434312799,0.05908754733255008,0.6405414501141624,0.2852689214325011,-0.22788584970869952,-0.07952755112116931,-0.27026115274785734,-0.11048218240589412,0.31030202147018576,0.1651156838759993,-0.0710886033093992,0.10827833453910843,-0.2872970418541664,-0.08374662198245547,-0.22180310062209935,0.16060803308190066,-0.126651525624568,-0.17602529507902698,0.0874667236303033,0.10036173252751283,-0.0476781608268863,0.08736838074817169,-0.13888795964717476,0.2352526988873954,0.25920483331083,0.018264772088355436,-0.015707051063735458,0.07559061147911322,-0.02371393506548467,0.17999528437819287,0.05432436626274881,0.17480406994435968,0.11752256545948092,0.583904010898326,0.3590236647636244,0.4859948047551202,0.43955519998065384,0.1827440485426915,0.21713745634523188,0.5364842016593346,0.11530823843312382,0.4265320229009941,0.14818458636540427,0.17246721735993698,-0.04962486623957374,-0.045360654383210776,-0.27351694701777224,0.3519365285365652,0.2088033001291758
#13,0.36504353889279617,-0.03293881984510996,0.5316654004348851,1.0,-0.13135505609373205,0.06264481896244228,0.02184864466177505,-0.11662377600393371,-0.3598982715432376,0.42401944287145094,0.1572297132539201,0.16458285891625338,0.32033218935841345,-0.21619513807300347,-0.3196413709158987,-0.06945385441626044,0.5856129199976623,0.330774268826717,-0.2512825886748498,-0.2422688992650482,-0.05901902975073707,0.03315807610691161,0.4025258805013069,0.310268971813076,0.17413340373178995,0.1792843137057331,0.3700429040975529,0.39456978011901905,-0.16899458509581378,-0.06882510484197629,0.19008107242106875,-0.22975597664759595,0.4035044727874363,-0.1421155407951667,-0.16138993960376685,-0.3844952773249124,-0.2762729659850511,-0.3894954486188669,-0.06592318372989563,-0.10590037140559788,-0.12676437811226002,-0.22321214453985405,-0.22292280344176427,-0.3354882784554525,0.1638936526521342,0.10717963496250678,-0.014552731332485596,-0.1837097434016561,-0.15238995371032782,0.034057671651656615,0.19989359622589037,0.31210121255967577,0.37430953422150925,0.33178671685915406,0.20025472418650486,0.09878099161062667,0.05975498918832863,0.045921692464879704,0.09906795936504353,0.258987189227424,0.08749332457383072,0.12530052012905488,-0.24790668711446265,-0.06051513130185421,0.33908504845603693,0.028364263647593924,-0.23772819881383975,-0.25757733922047144,-0.33025272911574033,-0.11642870241806608,-0.03596326651525625,-0.10691684988402392,-0.3067383011267112,-0.26458709088454185,-0.32288507384784665,-0.1646674982820224,-0.23599833139536056,0.20940706093832814,-0.2375444104767413,-0.06375238552021974,0.10297023717159422,-0.13607148399006092,-0.04184691156999978,-0.18628036185344088,-0.20776505724240915,0.055213482647922404,0.14722937066601105,0.04318018310316128,-0.1678007669938717,0.1222962256888536,-0.15746992783486458,0.16532365488903175,0.3500994512547786,0.22756018967278824,0.2851995977614903,0.2357460254764491,0.2965372423285499,0.25357026981820674,0.15906437226811332,-0.018569473805123905,0.10271470689589156,0.42803054271970464,-0.10888773797264537,0.48764889978900616,0.2816632844507409,0.2661509039282742,-0.04672294512749308,0.012820445646413004,0.02508025625575598,0.23162207314050337,0.2785026087061664
#17,0.3129854924096626,0.2009987445160744,0.23208557442923847,-0.13135505609373205,1.0,0.44885102060968557,0.237126050183083,0.5509083617647711,0.34016601407028696,0.0803691082436727,-0.07685294716286831,0.31951159055505285,-0.11012750315886205,0.08759086136676454,-0.2277762215777987,-0.08491142087327673,0.12021651555852914,0.2070814936026746,-0.2596425397452355,-0.17315964798084732,-0.18437315481144567,-0.14583322417542113,0.10670243015740907,0.09543169099376692,0.02733246947440969,0.0030216253579539846,0.069342614106964,0.13275603911950876,0.04796996511648997,0.015547445402571022,0.2453973314417107,0.256542320690496,-0.033340252265614455,0.2692221037718929,0.09918806665551577,-0.060632014235535235,0.19400833899275124,0.015599841200428033,0.021381919016248745,-0.03799783565050391,-0.3116618939468747,-0.05496037063981315,0.2063201839334744,0.0010483190017391375,0.11425709811919238,0.2348464299317041,0.002153467291923188,0.06335901399169325,0.13902580089999858,0.10123392103953263,-0.020016403915175233,-0.09550988164595353,-0.03940284912226962,-0.027471116816431322,-0.02146655838201776,-0.18288672633070213,-0.17759878119313294,-0.1408467563978292,-0.16761859083516886,-0.15286474024783211,-0.1403018401001163,-0.06947803709219444,0.049128315293728825,0.07847399253964447,-0.005972717911100453,0.07732370325438362,-0.06637459368066373,-0.012382739212007506,-0.09704467547856509,-0.09864959907138525,0.016522007242711443,-0.025020605655118766,0.13840108177170346,0.35562116225970986,-0.017957652103993568,-0.0043540908019176865,-0.1951328334236825,-0.23068297922506614,0.02900107411385607,0.051008115302998855,0.01787623709501575,0.5102290703977849,-0.020159887792383667,0.6397313304703732,0.1487778680149852,0.11473269074589448,-0.0759533516181233,0.21608067340691584,0.01310580122243427,0.18751609659366858,0.4410641989589358,-0.018750843874628945,0.026039502401138198,-0.11122056011107909,-0.0587385107099026,0.019575473123978535,0.0015198811824522443,0.0019938616307587516,0.08145813474990075,0.04101905796385899,0.012735806280643984,0.20890647954649422,0.4176851939551371,-0.2539821813982826,-0.27315259470036657,-0.12580755023447118,0.06260129014576107,-0.16174623102919453,-0.26122892328650626,-0.22362405611992994,-0.11293914228078908
#18,0.1823498709249672,0.06923459815445879,0.3403328745342316,0.06264481896244228,0.44885102060968557,1.0,0.2458809849603908,0.5086902461191843,0.5283878417566296,0.18266988833649386,0.0286971784862854,0.303366430012313,0.23896070919727622,0.28716484322572716,-0.30206862640385473,-0.053967268748123326,0.35396545504742827,0.29788018693208496,-0.43018763741301796,-0.4817749278046362,-0.34238356545343523,-0.35117477424464405,0.32020482726516103,0.10222460466362905,-0.19013104995133237,-0.15064799495388162,0.19672002305415107,0.1995582631196055,0.6515357006829591,0.25457465695866577,0.599346261660584,0.4337698978080419,-0.08317188038442394,0.20101809065682164,0.3206094840424567,0.14381961335931628,0.03475977534294057,-0.0821005878405475,-0.4026911287868559,-0.12387535442734415,-0.3470798411198191,-0.052213218653710126,-0.01962948505601051,-0.11807796091676524,-0.0754858198833992,0.13141390060517147,0.22404805903797284,0.19373185039790577,0.0768207035949563,0.24361103777938548,0.20509448373009714,0.2097109565658988,0.12292658744153334,0.23862295782339796,0.040029986518158166,-0.17802117193278022,-0.15226662206306438,-0.21598958532756443,-0.20727737327774004,-0.15261162823972288,-0.028621406101692184,-0.13573373261618266,0.0613639432271378,0.14593882186033297,0.1630174336941254,0.07960654786255374,-0.10976476301985197,0.13090122787537056,-0.23609909254508557,-0.11171791714612181,0.12069613863122024,0.23670365944343572,0.08099302128277004,0.2613135626522753,-0.17987437099852285,-0.2040239972754185,-0.20071258285085536,-0.0018987431054183301,0.31544809490894216,0.05549319559955907,0.1911757415516814,0.7591993922087449,0.06903630021179993,0.28932113182984265,-0.27128488602906353,0.1544543481458941,0.15929410768948638,0.3961319809843558,-0.07585259046839828,-0.169973983471141,0.33886337392664184,0.13633104471175259,0.021124776562150484,0.12203666496716194,0.04145998875505569,0.39492768372284237,0.09192197862654491,0.3964616714662561,0.27397883612811175,0.16926059453108783,0.20508239239213016,0.09710029563321329,0.5782412342837797,-0.2706770947739222,-0.07786297692771194,-0.1752288789516004,0.07630480650836419,-0.1943041737283439,-0.40048002611729,0.12517154585740686,0.11461177736622447
#26,0.46864534695086685,0.34587151341231664,0.15701690570570087,0.02184864466177505,0.237126050183083,0.2458809849603908,1.0,0.57549650056527,0.39137524862813694,0.48152423406412037,0.369441561555994,0.478249899742656,0.41210866888475545,0.4755003294889596,-0.2859283023963017,-0.4315015628054322,0.2913484461623101,-0.14496909655537935,-0.17099126803876483,-0.13702186315426734,-0.23788135576142178,-0.5555216102437815,-0.2875541843082646,-0.29604230356110056,-0.27605774016923845,-0.5005850192353035,-0.17873536696203118,-0.2357895542931303,0.08453900766389305,0.10141206675224647,-0.0032384633521622334,0.2975230894174595,0.09982487712177791,0.01302358012425865,0.12652416353131557,0.19798961354068634,-0.004587050580081939,0.0348887496145886,-0.13133732213138044,-0.22542485938781556,-0.03138145551496001,0.033470838715658084,0.10511566475469201,0.1700497558557342,0.012846240500742609,0.011485561934855901,-0.021172335824820695,-0.07930023396738967,-0.2304572742496821,-0.1783694024662299,0.1236093449920701,-0.05723434826680746,-0.2533397283076359,-0.47222518907829747,-0.3276216539741205,-0.4852951193314296,0.00207527663973657,-0.2974255526245257,0.21616289450509146,-0.004640252467136751,0.3801585174407474,0.3027876579682925,0.08384496486458709,0.046912376088976124,-0.06709281915590369,-0.3670394157465494,0.05094765861316384,0.2724222778871596,0.02475459621984471,-0.16753636973699323,0.10272357387706736,-0.02940573089115176,0.3536591411522642,0.12478059259647377,0.259265290000665,0.10554891651535701,0.32783204325474635,0.048328674809511044,-0.049734494370474565,-0.1956205173883516,0.16670206741727006,0.30751134066740154,0.42369378283553966,0.28737200814956176,0.15823651866197255,0.5559004721667477,0.09862138594946224,0.04930484882804707,-0.06262063628650828,0.19057520509932027,0.06374351853904393,0.38437275176684677,0.06261096321613469,0.13331062848759528,0.20281728174631164,-0.043605798199599775,-0.25699373064126413,0.04176549656102196,-0.09869796442325325,0.05446865622915504,-0.1633334206596631,-0.17158051924235676,0.10022711563148021,-0.102821916759199,-0.11263041011803161,-0.03545220596385093,-0.08052629563724374,0.23514387684569235,0.1417979416512334,0.12217692448757918,0.09101754654661312
#49,0.5061244642025864,0.2352930033472854,0.1376747954044855,-0.11662377600393371,0.5509083617647711,0.5086902461191843,0.57549650056527,1.0,0.7063094616734815,0.2528262494886372,0.10657264979656324,0.3432388260923012,0.08553291564478067,0.3761514480384827,-0.28887536450345913,-0.34723138588900554,0.2640776425115321,0.04261108412951435,-0.21936387470955598,-0.1924864425873045,-0.3161832482573359,-0.4937058540212767,-0.08561110629696729,-0.20147433714277654,-0.2312480477527241,-0.4020365843582422,-0.03837427930587659,-0.07310221412550406,0.29485574026193867,0.18843987481434757,0.16708254151863175,0.26862962821150976,-0.07571555530477225,0.06596348818978565,0.26647253351819644,0.19392934225136682,0.2533155456317019,0.1686842407546607,-0.10797282673314215,-0.11633438998192346,-0.18821497592816133,0.10318062645222006,0.21298694598738216,0.16575088216386585,0.018562219002343703,0.04168891808723094,0.0008516332374758929,-0.08239077995175556,0.03720061343387952,-0.051676363247975206,0.09192439689413832,-0.07263710065837335,-0.1170413302083942,-0.30559043010904374,-0.20857437079700053,-0.25011617760563293,-0.047536289128073464,-0.23526075977937339,-0.08559498451301129,-0.23572184280051509,0.09552922778670074,0.09788381433347507,0.23012677767858403,0.07386155014983183,-0.05372060545359647,-0.10290171958978121,0.049821552003836984,0.09547521981044813,0.10988728857791759,0.02930093929543774,0.17818883848592265,0.1916231210564605,0.46073358147445803,0.4635379657936049,0.30544049751825286,0.10477345870707323,0.10486454678642465,-0.032022296427211154,0.093991209597298,-0.028808418795581825,0.009653321188256087,0.46643908081648777,0.15938600185803561,0.5720867432585752,-0.046326349242175394,0.4137772735242018,0.08601656916346079,0.13406674015513187,-0.016849279457018317,0.023286707790650573,0.2841871497290533,0.24166997499108264,0.0070093486194714874,-0.0640611176829772,0.060063721351086105,0.048127152510061,-0.12886424047252948,0.08809305493699406,-0.07275720794884558,0.08639543108642687,-0.09725506475919093,-0.02751303345471693,0.41826719035594884,-0.3847669293845711,-0.3664509706321553,-0.16543086475233917,-0.1257285534930868,-0.014254478329299528,-0.07700691019964814,-0.07977340832649837,-0.11056762786086094
#50,0.19856113078192666,0.2199152397208513,-0.19190122182970157,-0.3598982715432376,0.34016601407028696,0.5283878417566296,0.39137524862813694,0.7063094616734815,1.0,0.11599986296483637,0.11151075222228715,0.28048478204355703,0.092252475197643,0.5033015398318901,-0.034306753213776874,-0.10588424962164188,-0.022619265934872023,-0.1460968153431018,-0.033315263500482646,-0.12369882089302592,-0.28224608694075043,-0.35776777779345176,-0.20011446466608762,-0.17763263693944054,-0.24229308194098217,-0.3040572484548278,-0.2362812687037884,-0.24472585913994313,0.4853265568101438,0.27470995903051654,0.14236462235728695,0.3416685643349865,-0.3231760720482525,0.17578346831968691,0.3005596274255728,0.2597384643597737,0.2566003591127376,0.258353603117953,-0.21343267039214225,-0.11113995119129907,-0.19472334011120002,0.15684682088496502,0.1626615780932352,0.24836051533282416,-0.09058064620140542,0.06330097556945163,-0.04102389449904579,-0.04825693287090683,-0.06277701759088151,-0.0882800676308837,0.08330327292366536,-0.05633555881126026,-0.2318155345479754,-0.2106170008242262,-0.2429137706232883,-0.29017800464710425,-0.22569570535827643,-0.23336483798614735,-0.05110000947154807,-0.2528464017185822,-0.02972333003508503,-0.028438423853791542,0.2718580154486995,0.10485164935925985,-0.23788780447500418,-0.21890520995600768,0.13077305969292033,0.27943202955123,0.1907356168496825,0.046519810649647435,0.09856092925962723,0.19662248626121723,0.4080161540275239,0.40246622990066966,0.18604417771848544,0.009479205921531246,0.07874161415331414,-0.22051416399481685,0.3307226791180578,0.13261739177748713,0.06037729004903038,0.48644460252749266,0.23296662992243405,0.43694105271218786,-0.10108801889473079,0.27827206719559555,0.015749773791218866,0.1726743822837716,-0.04318340745995248,-0.18487454229247738,0.23303353532585147,0.1319572047244888,-0.08404084453965253,0.007476074264997794,0.058964215685286654,0.018740364715057543,-0.17706756841178262,0.07132639962275025,-0.07390346678811743,0.03711678015730831,-0.022169468162499522,-0.2839396803453286,0.4565967317113475,-0.5340417513900001,-0.2814101724426316,-0.29647759172791266,-0.06641247987296034,-0.07825634845623843,-0.1271738714247425,-0.12754950899091738,-0.14754374545315313
#51,0.5952021570946933,0.4494330170104973,0.23771852574346614,0.42401944287145094,0.0803691082436727,0.18266988833649386,0.48152423406412037,0.2528262494886372,0.11599986296483637,1.0,0.4159690300530205,0.2985387618066877,0.42057099328326175,0.1841909786527428,-0.2953934017568714,-0.33761151740245815,0.502878343003045,0.002811236077328137,-0.17894575624265704,-0.21130620708834535,-0.09559210274412915,-0.2944744600713792,0.06950060758973284,0.005260135060245091,0.040348391751289236,-0.24410114001164798,0.11065226722662996,-0.009725063126860303,0.002291308544747019,0.033221757153537826,0.020582278532030963,0.02842875078341794,0.19787192451780752,-0.035835904422003816,0.07362536601487638,-0.06217486896012478,-0.03692654310662746,-0.1535515282443579,-0.041509966285319305,-0.10718688976528698,-0.1660136672423487,-0.0988616005304067,0.10868180408441669,-0.11754432986782153,0.08216023844118471,0.0693555115341288,-0.16490932504136246,-0.3889279618236156,-0.2614530160834947,-0.13672602841867468,0.0904645693569222,0.03978896584801591,-0.038238856320646164,-0.03924001910431399,-0.07949772582085071,-0.1094665100166659,0.16413306114388088,-0.007243114486833541,0.32828506538391006,0.2895903656219079,0.2334938122577954,0.2720095602178859,-0.13292934829703582,-0.1077124599222527,0.13212487127763123,-0.21472160701942472,-0.12484346755390217,0.00010277637271952327,-0.17546103264056684,-0.12264203795470988,-0.008764204803082485,-0.03734893384627476,-0.11780147232191979,-0.2732864055072014,-0.05243247491551178,-0.16942987326262587,-0.025854907974841957,0.21506338883929202,-0.09855851099203382,-0.159295719867882,0.050035971730451836,0.102902525678979,0.18562742960322273,0.07670140239368187,-0.07545841285067399,0.29468162499521383,0.12171422928804186,-0.0172184683096108,-0.20941189747351494,0.22927635357490483,-0.058254051102024695,0.4626843173331345,0.42937912994762434,0.26691830084457996,0.43183044719813474,0.04265300076779996,-0.03293720766671436,0.02185509337535745,0.0009378847816405125,-0.20869044764148376,-0.2563351557666614,0.03497661333714882,0.0019753215792093475,0.11426515901117038,0.08908132029349708,0.014053762119047283,-0.06685582893175045,0.17623084782446602,-0.02926627745993233,0.13876704626750472,0.18245224425308781
#52,0.3038492774417953,0.3744070710144431,0.1055182851258406,0.1572297132539201,-0.07685294716286831,0.0286971784862854,0.369441561555994,0.10657264979656324,0.11151075222228715,0.4159690300530205,1.0,0.26887870977363,0.3955000070532805,0.32004280333640317,-0.3123196627322796,-0.31238011942211463,0.23762663157491692,0.0141327588604317,0.03800912089927311,0.07710041654659296,-0.08338065748665419,-0.1456413749463447,-0.1571362069069753,-0.14126028015630068,-0.04451023027953158,-0.15645264326724073,0.06543953021121553,0.07343109851820653,0.005861477601804028,0.05495956455061535,-0.09296102760250935,0.057230317820818465,-0.03307021238435139,-0.026251503860159647,0.07608232588977133,0.025984688335687785,-0.039111850921863756,-0.005944504789177446,0.0035342980877549005,-0.10581089550464207,0.14583080590782774,-0.08120018620660469,-0.08182572791380814,-0.10558357835086242,-0.08883546308816802,-0.13852763777575808,-0.034195512904480446,-0.029159067596624906,-0.13727255689478318,-0.08182571142409763,0.04759271537191948,0.04804815576867658,-0.18253124099447224,-0.18158247400866143,-0.12398175820145378,-0.09290540744786115,-0.05612436344143661,-0.00640155736433015,0.13614967464224753,0.0958315112358758,0.2860290635460267,0.3360041755420446,0.010929360388373775,0.021927641403159465,0.2627008421616894,-0.024072644758505752,0.11002996636592823,0.338689258659917,0.011618566652492932,-0.04684627677475651,0.14469422013892946,0.14941951501643413,-0.13259804563673994,-0.2647281564941569,0.07426217648113852,-0.07641765899605621,0.1456760367818501,0.13430453646848292,-0.13268510327010236,-0.0980071459807385,0.10276952096134198,-0.0759469029045409,0.3854424321323276,-0.13765867362052947,0.04703490164704175,0.24494350322334918,0.052612232806621216,-0.14983465095330123,-0.08333148604558838,0.08396507215505931,-0.16179056593507354,0.16839082428666144,0.16949597257684548,0.06574745628477519,0.04905496117672901,0.11837540783075351,0.056891760357742384,0.011252602156691648,0.12351180819913628,0.0489993410220808,-0.035841547046388415,-0.09529546191933869,-0.10942136902158908,0.22970761129572792,0.1642870241806607,0.0830090503664683,-0.11313824631264573,0.2512801704072564,0.169082448818374,0.13368384778617678,-0.015545833224175422
#53,0.21702944039272665,-0.040236345352795015,0.22772221360154607,0.16458285891625338,0.31951159055505285,0.303366430012313,0.478249899742656,0.3432388260923012,0.28048478204355703,0.2985387618066877,0.26887870977363,1.0,0.6094731602525477,0.39107215908976406,-0.3230841778797033,-0.3999262428384013,0.25111572821090516,-0.12305394953478577,-0.1519538594543179,-0.31330147937520025,-0.3893608317228343,-0.5292954981933525,-0.23848834092736532,-0.15305820165530418,-0.24598980700209383,-0.22234479256302106,-0.09510764313625124,-0.047537095217271265,0.025158446907942597,0.32250298756808937,0.11808360354114984,0.13031439493937202,-0.03992600101164194,0.033882750295733975,0.14139892749832234,0.0754487397803004,-0.08929170957412293,0.09651507487561035,-0.12401158350177238,-0.24881353746198787,-0.1779059011774948,0.20421181605850594,0.11286863222153015,0.18395398842858957,0.07275962621643899,0.008138679585589543,0.12036886641691337,0.04493665146516788,-0.12153044095094342,-0.21707377529860566,0.06317361347619921,-0.08838324704820212,-0.179744590637677,-0.3615878345018268,-0.3292491480644791,-0.3900008665458876,-0.1999750112348682,-0.36571259292697034,0.17769954234285795,-0.0014376600842766257,0.2631369364176993,0.22546677602610116,-0.0516666901776016,-0.13788115423912234,0.004653955983499354,-0.2516437166354643,-0.14717052615457163,-0.12657333497238138,-0.19600663411409788,-0.3297626268834778,-0.16130046370281104,-0.1876684474520528,0.13057959828544827,0.08085356785155061,0.02585893842083096,-0.07331502167372331,0.10875553934420613,-0.07306271575481185,-0.14860052839146914,-0.09998448278294235,0.3670619862440878,0.40242914979757083,0.5630214641401144,0.37475127110190376,0.19278550167968836,0.5122176924487579,0.011902310050118596,-0.07213490708814384,0.030051408338589707,0.36636955562317747,0.08236014856223915,0.34979313735961454,0.08592548108410936,0.1421155407951667,0.17065109839729314,-0.1350832186335579,-0.12627750023678871,0.12239698683857862,0.0882776493632903,0.12679420341257863,-0.09601691175136985,-0.04560812376693543,-0.06428521047996566,0.044791555409563845,-0.22982126987261775,0.008927034821038122,-0.21564216088331253,0.11200972143572548,0.06928296350632679,0.05270896351035724,0.06023541835021754
#54,0.12323693178268641,0.0003042986721695689,0.07793794322310735,0.32033218935841345,-0.11012750315886205,0.23896070919727622,0.41210866888475545,0.08553291564478067,0.092252475197643,0.42057099328326175,0.3955000070532805,0.6094731602525477,1.0,0.37888570259742094,-0.23640701861864524,-0.3165411518611592,0.24309111024680435,-0.20770057010658513,-0.05090493588568043,-0.18650123029363813,-0.21649580934378293,-0.3687015716724134,-0.12076304403463765,-0.010211941002331613,-0.13804479034627576,-0.18617879461451806,0.0050473275120258435,-0.04129312829111105,0.10296540063640743,0.2745221402474291,0.009391342198971028,-0.08583036255876894,0.0843157209561024,-0.07492881224771927,0.16279656525392816,0.02349226053608962,-0.1775278453437265,-0.047667681667314894,-0.1889791484876759,-0.17984293351980862,-0.16784832625654192,0.07925831732910406,0.02868912337580609,-0.010483593061990275,0.04706633912575596,0.006833621174351048,0.1779566847969562,0.005332683088047108,-0.26193183306698803,-0.15795438744274248,0.11495839572127854,0.041751793044659355,-0.10928110950117186,-0.11895821032076305,-0.1641910995661225,-0.22373449034002857,0.013483050967004754,-0.08689843074585418,0.20910074704316406,0.10657748633175004,0.2716194130461506,0.19511268119373748,0.13937161316585486,0.05922377640697831,0.005966269197518051,-0.28012849061812933,0.004300082825665074,0.1011226807302362,-0.14970003405726862,-0.12121606616380136,-0.1214458015851744,-0.07257180743335154,-0.007351936528536565,-0.21313844783494518,-0.0006243160836962414,-0.1835461072945027,0.14006484987596302,0.12420988144443124,0.10664277955677186,-0.0077501445922498555,0.36357484437440424,0.27877506685502285,0.5985772525658827,-0.04178242443417576,-0.01780610733480713,0.3190924241721968,-0.004720861386916769,0.09604915531928186,0.005522920138727951,0.21420409775443702,-0.12365851643313591,0.34946505905610986,0.12703441799352308,0.18967157910858626,0.16579038053455805,-0.07117404876436602,-0.06101410051529252,0.052916934523389685,0.043650133105478786,0.019108747478452228,-0.11000255933320302,-0.16164627596866732,-0.12338767046267504,0.09175995469778708,0.00843451432118221,0.014903380133528675,-0.15468166529967373,0.23855363415238715,0.12369801480382812,0.17335310938831935,0.149738726338763
#58,0.18391207179030394,0.2110732473101811,-0.10063660894396269,-0.21619513807300347,0.08759086136676454,0.28716484322572716,0.4755003294889596,0.3761514480384827,0.5033015398318901,0.1841909786527428,0.32004280333640317,0.39107215908976406,0.37888570259742094,1.0,0.09910423337894454,-0.19719400350245755,-0.04404431072320308,-0.2725528643372032,0.2891429861171288,0.11507608474415737,-0.21614677272113544,-0.3660471199440574,-0.442983497338898,-0.33911406766715774,-0.37890585482736594,-0.3329821471394917,-0.4389973862557761,-0.33568012768452893,0.3749947100396394,0.5245822946538149,-0.18050795710799378,0.16003087321627574,-0.3002799144739361,0.09384288918490276,0.2585946237880953,0.37511078688412264,0.13584819728227027,0.3923119242759808,-0.107319894482924,-0.029949035010469083,-0.006449116627000361,0.35023971077519583,0.25250023729256055,0.48145894083909857,-0.1955592546093188,-0.14456524586728145,-0.044349012439971545,0.051955270110414065,-0.18031772005731295,-0.23650939194676587,-0.13463986957476778,-0.23649165798441427,-0.47039778486688444,-0.38149501333070013,-0.42269020178427846,-0.27799477251155225,-0.24398345098876917,-0.20538386975210743,0.024748953595460105,-0.2286830719253239,0.18614977540339725,0.06812944986427473,0.42262087811326765,0.17281625398258443,-0.17941248188818334,-0.17008280551284402,0.3286365202741509,0.3792105565441344,0.34899269078619893,0.11288190994774527,0.03774956017758145,0.10430834523994252,0.31943017554607506,0.16279414698633476,0.3144171068249557,0.056323467473293254,0.2826459071828593,-0.23074504809329677,0.23653760506868887,0.2353542661263182,0.26962595445999077,0.41610203477065755,0.5626143890952253,0.17014568047027243,0.19941558533159487,0.27218851201979755,-0.09742353740153116,0.0379599494582073,0.13939498975259107,0.013389544620059932,0.017972967798751772,0.2105525136884022,-0.17339421993740717,-0.04544287548138639,-0.09521888344554767,-0.143481861985438,-0.15487593279634357,-0.12768170761935663,-0.04285371697805221,-0.060893993224820295,-0.09865201733897865,-0.47745751406121845,-0.03014733295312793,-0.22463086152798237,-0.18267553096087846,-0.16784590798894852,-0.17211979291568508,0.15846947844013679,0.1321063312260818,-0.0437162324196984,-0.0786247312196331
#101,-0.4879415101678076,-0.053896332898716905,-0.38920283824006546,-0.3196413709158987,-0.2277762215777987,-0.30206862640385473,-0.2859283023963017,-0.28887536450345913,-0.034306753213776874,-0.2953934017568714,-0.3123196627322796,-0.3230841778797033,-0.23640701861864524,0.09910423337894454,1.0,0.5105829435556192,-0.4574455436366311,-0.2092772805774823,0.6654447697910012,0.3944472545609534,0.2848078384113594,0.35974269632806216,-0.29112274118692605,-0.14117967123652067,0.00935345600667442,0.1598027499732983,-0.4697746779169849,-0.4560558458596236,0.18031610787891733,0.1968917200532825,-0.4128156091112262,-0.1491801065246875,-0.28678436912436545,0.05522557398588941,0.09066367338877883,0.23300290393633508,0.2813206965416758,0.43730701720798915,0.1996348415933965,0.19747613472168762,0.19363270142657635,0.449914252261584,0.25278599597076745,0.5502538173361573,-0.16891317008683596,-0.10072769702331412,-0.2123912031485844,-0.06433680018862488,-0.11471173242675169,-0.22505970098121209,-0.28720837204240834,-0.37104084252442954,-0.2864619334452454,-0.13474224290288841,-0.08982211626627544,0.1793213938088319,-0.24087517104205167,-0.014002172410388071,-0.12553509208561472,-0.1902761460069364,-0.22264062729861372,-0.2762866695014137,0.31364729164105654,0.1607362012643509,-0.36504192671440056,-0.11318177512932694,0.38336594635879434,0.12660235418350219,0.6349826590061324,0.44248210985786635,-0.061966091857894534,0.07696821791815374,0.09125695503835977,0.02189056130006066,0.1284684506764096,0.10910376987765581,0.11999081058314508,-0.4109946536133956,0.44931371580922286,0.38523526720849294,0.05266301642608263,-0.10094775937431356,-0.009033438595147747,-0.07258067441452734,0.10564484112989522,-0.3916638285609494,-0.3044748026592883,0.07878433688079754,0.3232349165596919,-0.09373970976758433,-0.14492879209548934,-0.3167708872825323,-0.3314626690016384,-0.16649329031503982,-0.13085044425590914,-0.2522031425387376,-0.029462157134997773,-0.3041797740128934,-0.15562478966109994,-0.04226043532847127,-0.16479324819687924,-0.2516703175789917,-0.15339998347517145,-0.2844523530751295,-0.10543364576007158,-0.09477634047595537,-0.0512289837431961,-0.05686354723581938,0.09821189263697974,-0.27536047301314126,-0.12083801033003307
#102,-0.40906245780626854,-0.05478786755148391,-0.13001533584698816,-0.06945385441626044,-0.08491142087327673,-0.053967268748123326,-0.4315015628054322,-0.34723138588900554,-0.10588424962164188,-0.33761151740245815,-0.31238011942211463,-0.3999262428384013,-0.3165411518611592,-0.19719400350245755,0.5105829435556192,1.0,-0.2913790775518265,0.10792607355966974,0.2754628463412619,0.3171948902005751,0.2074708346852121,0.7312345457586609,0.22139602557721025,0.3996158984972482,0.08150972445855996,0.6446823303232619,-0.1121854488808459,0.0353216195138073,0.05219064815617172,-0.010498908756748478,-0.0029692295600969726,-0.13980045261908455,-0.2362038841407996,0.05753179518079573,-0.12323693178268641,-0.11911378553593847,-0.013479020521015753,0.0856377072404947,0.014455194539551774,0.30961523347366005,-0.13745312087509043,0.04271587572522838,-0.068302772806335,0.08175961210987802,-0.01602061976167973,0.24208269266035634,-0.024220159081703187,0.09171320152431467,-0.09573316835374418,0.10864107467811851,-0.2115061172093998,-0.009736348375629506,-0.028589162533780174,0.3558259089159511,0.15429232421713623,0.35475461637207467,-0.3487557005620457,0.11096744810296984,-0.2848183175709308,-0.18643754924701192,-0.5153832047285193,-0.608508271482781,0.02053955580454755,0.24521837963979903,-0.10191909685766279,0.19227524721748085,0.10006670388111796,0.02786045789896881,0.22241492232322968,0.3938523607329769,-0.004152568502467641,-0.047388774804876035,-0.02715754811848705,0.05314505776636714,-0.25527756673914753,0.055414198858174654,-0.3056146127849777,-0.406777194930505,0.21568246534320254,0.392504579594255,0.02278854466641006,0.05896824613127566,-0.23692694615122636,-0.16095626361535037,-0.00300227921720678,-0.6207729186273107,-0.4246973638868009,0.20062068868230615,0.11790707000683161,-0.2224213710368121,0.1015289496859275,-0.5437801149886241,-0.2405986824472062,-0.10383436479163602,-0.12018104763382592,0.0644593257466905,0.37028876130288196,-0.11229749527934013,-0.017596524143379085,-0.202722969310169,-0.11453761716002685,0.047268667514403805,-0.07987416947622339,-0.12393581111717918,-0.02750174820594773,-0.1890154225015769,-0.14311428531124112,-0.35993535164633644,-0.18037817674714796,-0.23553805446341666,-0.10843794020027286
#201,0.4696134600774249,0.0428166368749534,0.6716564931492495,0.5856129199976623,0.12021651555852914,0.35396545504742827,0.2913484461623101,0.2640776425115321,-0.022619265934872023,0.502878343003045,0.23762663157491692,0.25111572821090516,0.24309111024680435,-0.04404431072320308,-0.4574455436366311,-0.2913790775518265,1.0,0.4865316601608551,-0.4968101035220052,-0.4865526184799979,-0.1420929702976283,-0.27970771205687767,0.40332552098552465,0.11913958039026809,0.11935158184928954,-0.12590025049221823,0.48414563613536654,0.39541294941991806,0.137253210754036,-0.09833844864103437,0.4221041749374777,0.07571716748316785,0.5255471834235818,-0.09998851322893135,-0.048174711772731214,-0.24518694216108483,-0.21880606098467825,-0.4136765123744768,-0.21865774057228302,-0.20603680200232558,-0.1510010620225181,-0.32689617369610036,-0.0879145238964201,-0.32865264205810696,0.053393333239289596,0.032232685707837,0.0989035171686923,-0.05002307430328703,-0.0043299081259836805,0.179684133947842,0.2927994067183504,0.31244702482553205,0.41950776163136333,0.2865489910786078,0.25504218869338985,-0.03434060896008448,0.16262244998720332,-0.15568121590494596,0.012120760222722446,0.13128412024432565,0.1713217646098629,0.21802576664120768,-0.20823823160151786,-0.026600540482807127,0.385412606832009,-0.035161207763445064,-0.28930581613508444,-0.09957821382725106,-0.3388980357621473,-0.16170109003411773,0.08537411607281403,0.007663086958887436,-0.03756657792968081,-0.005597886434123368,-0.1615277808565907,-0.08396184779826811,-0.1526551570564041,0.28587268224165346,-0.14062427577923636,-0.31233417233784005,0.05946318489872497,0.1545285083520917,-0.07137798933140947,0.030260991530017753,-0.3435669043958059,0.30569763997235117,0.3347426459474873,-0.018037454934575786,-0.2899958284884014,0.08263663715708462,-0.046726169484284284,0.321923409434871,0.20298817265624527,0.1982177367836638,0.27520731606555926,0.5186543146931923,0.08379498733432347,0.44475689357405845,0.24679105966470719,0.0909296828240529,0.08296955199577609,0.43516040167424724,0.1575674646277984,0.37067729629622165,0.21222031223865076,0.18002994621369828,0.03476138752133617,0.001346572004925205,-0.09785479512235426,0.2746293501107365,0.2609347007293092
