,#10,#11,#12,#13,#17,#18,#26,#49,#50,#51,#52,#53,#54,#58,#101,#102,#201,#202,#301,#302,#401,#402,#501,#502,#601,#602,#701,#702,#801,#802,#901,#902,#1001,#1002,#1101,#1102,#1201,#1202,#1301,#1302,#1401,#1402,#1501,#1502,#1601,#1602,#1701,#1702,#1801,#1802,#1901,#1902,#2001,#2002,#2101,#2102,#2201,#2202,#2301,#2302,#2401,#2402,#2501,#2502,#2601,#2602,#2701,#2702,#2801,#2802,#2901,#2902,#3001,#3002,#3101,#3102,#3201,#3202,#3301,#3302,#3401,#3402,#3455,#3501,#3502,#3601,#3602,#3701,#3702,#3801,#3802,#3901,#3902,#4001,#4002,#4101,#4102,#4201,#4202,#4301,#4302,#4401,#4402,#4501,#4502,#4601,#4602,#4701,#4702,#4801,#4802
#10,1.0,0.6130433293096047,0.43161119093633304,0.48086727136791324,-0.018484834439354888,0.20235619872516994,0.61439352871592,0.8712723916464976,0.473647130423217,0.7789042426489703,0.8230440749421127,0.5611465006660312,0.5332670996709141,0.18118507203414594,0.3352295238229586,0.23739286570755486,0.5321812975214772,0.4097234509484647,0.5408000032243568,0.10197310483391539,0.024915007970206942,0.12000612627790327,0.003718086424853342,-0.1482724500879645,0.215906558140191,-0.26383178530620305,-0.5144642630430271,-0.6010398550651622,0.18733956305935034,-0.23565574348629548,-0.09120455924050276,-0.477402699995768,0.17945923506165576,-0.5830793816489763,-0.4524727793754018,-0.6179153324211091,-0.6555274543904656,-0.730403467795729,-0.6012421834538101,-0.5412191696072128,-0.2387857878413536,-0.4183961646275969,-0.13580063801960005,-0.3889360227155936,-0.6604881273137279,-0.36840493084762294,-0.714662157941087,-0.7080683483030815,-0.7224215725591115,-0.7356196709946939,-0.6973207610288117,-0.6019491236802809,-0.6271958373553825,-0.365992305878607,-0.2233773928254031,-0.3872488780245978,-0.5891919560358951,-0.40946953285115767,-0.5607692509214607,-0.5351912345860631,-0.00737531311527277,-0.4791075786491154,0.184121654981732,0.10178125560483896,-0.3453370762741751,-0.30279974930625947,0.0979894120183869,0.22983980992416717,0.5594706412238046,0.07711895659814237,0.4678634404290007,0.17953742571384237,0.43871847939333725,-0.4131356265227529,-0.27147028654455757,-0.4645907182859319,0.012365811338853701,-0.35132067638944586,0.21510127503158863,0.25549118037656454,-0.1846238485519615,-0.056088089427535605,0.05285889610114807,0.4442079468303565,0.12156268451885544,-0.0016440189189134724,-0.17993885813434685,-0.06875497508176767,-0.007057713971339499,-0.49280948283332293,-0.5833486154410417,-0.4027136992843943,-0.3053969687015717,0.10314838288430807,0.16364457109001396,0.34576349745981144,0.12184642791648109,-0.22974710966642015,-0.32290603216698943,-0.28896967693960174,-0.4687178949786689,0.4415405976748357,-0.20849859841240734,-0.14786376286467978,0.3846951874459668,0.27879038254978106,-0.1276454336054556,0.10025855311019441,0.00728503112511915,0.5010847945379396,0.41253912051638075
#11,0.6130433293096047,1.0,0.4830106625448639,0.5829753961424602,0.16992803638686638,0.26730280539193063,0.518788931589225,0.5515693549069672,0.48673479463870073,0.8221154601862469,0.5878659393055139,0.46499940550921665,0.5227548904424019,0.05258160141710481,0.2538241879155138,0.23991673098586724,0.4795880078110043,0.21532859218536826,0.373979843739609,0.00040909026788359267,0.0741984954345123,0.022990873055057908,0.07750507332388866,0.020204222698262678,0.24497735896965678,-0.018784699620936554,-0.1632947283781687,-0.18082233189513586,0.18217898001503358,0.006066224258045274,0.036859637703210046,-0.19417358727830028,0.18295605000171294,-0.19040753854617784,-0.16019450932342919,-0.23205494303972207,-0.24868456319033982,-0.32598609899178393,-0.29836706480755626,-0.31049225852086665,-0.059452705739153566,-0.1350574237792283,0.050395487512670714,0.04603615713096733,-0.5650092801018897,-0.2605163404356509,-0.26436541635514677,-0.23276752589057742,-0.33096369978820006,-0.3261013697470694,-0.2432434611051886,-0.2525030077203193,-0.16714783474365355,-0.10838957484840485,-0.031368558087795206,-0.15113970936453974,-0.3745416879104757,-0.25709449179098914,-0.39481886168113933,-0.31280251016176197,-0.04410718568063149,-0.30925410551304555,0.006764297503340232,-0.04936933596387108,-0.035216827918093274,-0.0494394657240797,0.11547671107546406,0.2689246568579046,0.29068825910931173,0.15063912797270582,0.22462683108199338,0.16104735169470177,0.18027177297303834,-0.4418646455323514,-0.35506093026723873,-0.4415704229751543,-0.027618631139628754,-0.2437529094781983,0.19049701444713366,0.11975785080498083,-0.25532915644780674,0.1774593277619135,0.1355983096309522,0.2716169947785572,0.12101857431034031,-0.02821513714600089,-0.12000532018870548,0.04216370462473525,0.09090469405892108,-0.4467834018173281,-0.26454678642465185,-0.23157693214542655,-0.21053961626123738,0.001567440445122455,-0.029743482265030038,0.24317010698818878,0.023976720143967532,-0.00538507888590412,-0.003998605465687806,-0.12687239406476525,-0.13461407472043818,0.13715406178270656,-0.03995582631196055,-0.20546931520707423,0.259305594460555,0.2614135177128025,0.0344381457530183,-0.018916898249375785,-0.019614971494670744,0.15048435884672817,0.14987173105640006
#12,0.43161119093633304,0.4830106625448639,1.0,0.5561842155643733,0.215006962595446,0.37103116945405595,0.34012409743200134,0.3257910254059163,0.19041398725976022,0.5676355187083226,0.4510782450632075,0.2856800269233792,0.36174421580620003,-0.173471604500396,0.30254180076296344,0.0980337469242659,0.3981536526924387,0.43126296040288337,0.4511749757669435,0.03218673862356239,0.17063094616734814,0.06927732088194219,0.3859373708997769,-0.04759029710432608,0.3200500581391834,-0.06732658502326574,-0.06428198612317446,-0.05812668900877226,0.24162644617440143,0.1095011718521713,0.13899194515369098,-0.16938956880273587,0.2989039202132912,-0.17166999514331258,-0.3156036701241176,-0.13438192103147173,-0.3144146885573623,-0.353635764565528,-0.4782039526583814,-0.45319745356422414,0.0041122640425776315,-0.2977238056277117,0.0423660330133831,0.05777523411853139,-0.5382382517537478,-0.2317639448393162,-0.2061375631520506,-0.19993390068578037,-0.2526440733299343,-0.2654681463777374,-0.22189096434465955,-0.19392611789457562,-0.08051420429927673,-0.028143395207396674,0.057635780687311955,-0.21312716258617598,-0.37289565376856776,-0.35592425179808274,-0.39090368644742385,-0.40907535523343336,-0.23212910324591968,-0.44891873210230077,-0.010274009870562227,-0.07613230342003495,0.11466981578846608,-0.0905346991171308,-0.21390584475125096,-0.14908418191014927,0.32523159950264297,0.08220699161465712,0.37695673114708506,0.23639331510228265,0.16184941044651296,-0.32354526090084496,-0.48227470310727233,-0.5602501294780774,-0.18399993551286417,-0.3802375141821318,0.20284227051144343,0.3842824697766931,-0.2575442895633616,0.12248404447194104,0.24534332346545806,0.20414732892268195,0.07045662937832387,-0.15026510258492654,-0.2397345548271644,0.0016190301537816667,-0.05412687440928776,-0.3545619610538004,-0.21139004036491657,-0.3633426906854378,-0.3243045969251728,-0.09051696515477921,-0.11886551006301602,0.2675277042781169,0.12014316144152931,0.20504289402143794,0.21885765069333746,0.03254303004899007,0.030037704822227104,0.2701958595228355,0.1995356926220671,0.062402992203102234,0.4038293267341498,0.25802149436845934,0.1831591844795586,-0.17804051807352742,-0.33539638428690327,0.24655084508376274,0.18383871767330415
#13,0.48086727136791324,0.5829753961424602,0.5561842155643733,1.0,0.185864419827376,0.28631522521124575,0.15828569010303836,0.35656589879953166,0.2909840938449044,0.6994020833375317,0.35082009499761196,0.15245444084615184,0.2825580434602991,-0.13734429883338742,0.2987249684113796,0.2502604675720392,0.36452844789540184,0.2088661750866042,0.5153928777988929,0.3183903204809128,0.2542852709366555,0.3156617085463592,0.33306356214846955,0.15779800613836925,0.42355271722592464,0.19228814464464566,0.0843229757588826,0.0900703917391979,0.16628370712361176,0.12025359566162794,0.010320763044034637,-0.027167221188860655,0.2511826336143226,-0.046994597187151745,-0.05293466848574129,-0.011874096928195589,-0.0618080983751257,-0.17723926541091403,-0.14229126824028712,-0.08731034232593007,0.030315805595468166,-0.22146615533741887,0.12147965733148201,0.0679714563815059,-0.4685212092144056,-0.07852477615910589,-0.16563399923018482,-0.16000024182675934,-0.327240373783561,-0.22525638674547532,-0.14677876680444074,-0.06616501048923569,-0.07390427287731524,0.21342057905417525,0.2555250361228722,0.16037426721453862,-0.48229001880203054,-0.11527357659761842,-0.3864830932866876,-0.2772241512384553,-0.29951251755763036,-0.41742321496585205,-0.07794600411508536,-0.061530803691082436,0.1589434588884433,0.10566741162743364,-0.1112100809515077,0.007980686102820708,0.3337229431122701,0.08638978846204226,0.13894357980182298,0.06857118674466924,-0.03154509162211345,-0.34371764307579455,-0.49694472041803783,-0.48408517944553153,-0.352607194749135,-0.4469027030186025,0.07938970986834548,0.3192028583922954,-0.19356095948797214,0.11043623532161952,0.1315444870552151,0.007937157286139498,-0.06608037112346667,-0.28843120935547123,-0.37847701537413625,-0.10090423055763235,0.052156792409864115,-0.4027072505708119,-0.16101510812678976,-0.4065281133683848,-0.33221797457997715,-0.12298946239896176,-0.24883207751353725,0.060467572039183994,0.24476777577822875,-0.1099171138782362,0.11548396587824426,-0.23561140858041646,-0.16852060464750726,0.005039266620047842,0.1456679758898721,-0.2039256543932869,0.13133167950699584,0.12225430905056799,-0.025376897080546447,-0.24523450142375505,-0.17865556413144895,0.01717493949292959,0.014014263748355075
#17,-0.018484834439354888,0.16992803638686638,0.215006962595446,0.185864419827376,1.0,0.470948343788982,0.04418457024362031,0.09794588320170569,0.017885104076191552,0.08778996539862119,-0.06890651985095411,0.21881815232264526,0.268059723148665,0.24514180116600803,-0.09593146629640303,-0.18740808064116335,0.07921237024482944,0.07239849825582449,-0.14312879491680153,-0.049503146770705914,-0.011795100186811172,-0.09429188086807745,0.08119615576061569,0.13839705132571445,0.0622522535231136,0.005064255385179647,0.16612893799763412,0.22662270793574663,-0.10444860476035976,-0.09216138711829157,0.41011440420939776,0.12399465562861858,0.2837720137921862,0.16493270162809864,-0.034357536833238285,0.041452733952275486,0.23994413801859243,0.11351791432480961,-0.05002065603569363,-0.12992182950004333,0.004843386944982397,-0.11897836255070805,0.17280255046622184,0.05799449038033304,-0.05364080262301425,0.21269429268695728,0.21828855171969055,0.20908462525920807,0.1271118025565119,0.15068346287858483,0.16992561811927298,0.16624098439612836,0.21690933310225444,0.17371343125973604,-0.13405706708475826,-0.0984359854339682,-0.13566924548035864,-0.1805321397839278,0.04397095660620326,0.0776703216094377,-0.298037374325656,-0.14763160917571333,-0.1033257225078241,0.06300191647706777,0.2943753111000498,0.08859686068561917,0.048798624811828555,0.19857160994149808,-0.23777092154132315,-0.08188133157874584,-0.08733613718025968,0.015663522247054248,-0.1081816038353724,0.12415264911138742,-0.3920709036058385,-0.15071490035729904,-0.3199896014493484,-0.2026488091039714,0.10541349353012658,-0.060282977612887756,0.16057175906799967,0.22881124010777412,-0.012115923687535644,0.19231958212335987,0.43411490398470043,-0.1651309995707575,-0.15880803590321288,0.2295125377098603,-0.2511915005954984,0.1444112828305016,0.2918401605729682,0.06702671984168408,0.13057637392865706,0.01863073658415672,-0.14277492175896725,0.07620807580462816,-0.07001328031953376,0.2782736793739911,0.29480415055327946,0.09322703703778341,0.2606025919798155,0.1250071036610556,0.2560715645989807,0.12432676437811226,0.18467221390382954,0.09454660505458232,0.22905709731310317,-0.24573266454799556,-0.09737678422805876,-0.06065297255467804,0.09556550180060175
#18,0.20235619872516994,0.26730280539193063,0.37103116945405595,0.28631522521124575,0.470948343788982,1.0,0.042177408141097855,0.2415216545786874,0.15837355382559856,0.2959496033033535,0.1359537949671821,0.2971329422457242,0.5036014050134717,0.19270086231391934,0.1218230513297449,-0.1292874373013746,0.3413130789987566,0.15967780614763927,0.20697589591776278,0.04852455448457649,0.08488723819734273,-0.062035415528905354,0.3123873742248949,0.06424248775248224,0.09615878345018268,0.09791605790138708,-0.03854839457260143,-0.08516533897058379,0.20594652001217195,0.1654864849069874,0.3892987628546037,0.03833478093518438,0.10632195605604738,-0.07047033289468646,0.07782670291381093,-0.04912509093693763,0.14055978864341234,-0.06366855224364852,-0.09417257966680304,-0.16386140908422223,0.0578195690244104,-0.03760688238957082,0.23385494021840986,0.12869334956259584,-0.22965440940867313,-0.02246449680889439,-0.12212130433293096,-0.13527909830862334,-0.12914717778095736,-0.14055333992982993,-0.09833441819504538,-0.09625793242151211,-0.033881944206536174,0.10076719539400632,0.05472499259405549,0.00565108832117818,-0.22225692884046083,-0.19223252448999745,-0.16441922280909993,-0.15751345665154579,-0.16094336618818555,-0.14937518011055514,0.08324281623383036,0.1390274130783942,0.057154545436225244,-0.10429383563438212,0.050926700294021035,0.09831587814349597,0.08162983174903218,0.002176843878659393,0.17327411264693496,0.18113831886067353,0.011976470256316213,-0.1386316232822743,-0.3284881998617557,-0.2580513196687779,-0.11422969108646717,-0.22164671931772612,0.25667693758652865,0.2180668771902955,0.11439896981800521,0.3243021786575794,0.18908958270777454,0.3890319473301318,0.4524695550186106,-0.1721560669295861,-0.1774681947430893,0.2577014769569327,-0.04057409672667329,0.143550379567251,0.17738194319892467,-0.02141255040576515,0.026040308490336,-0.15737642148791975,-0.20759497242167332,0.0680319130713409,0.08474697867692549,0.19588813900202126,0.09251606636532365,-0.24540136188769968,-0.1430433494618347,0.16099253762925136,0.2225132652053613,-0.12561328273780134,0.11093601062425562,-0.05019074085642947,-0.061929817843993526,-0.12135229523822959,-0.02141013213817175,0.043194692708721685,0.028032960987298048
#26,0.61439352871592,0.518788931589225,0.34012409743200134,0.15828569010303836,0.04418457024362031,0.042177408141097855,1.0,0.48528705843945164,0.3396783301056178,0.5799364398667535,0.6906197415274987,0.6130473597555938,0.474703913361533,0.32563786845833426,0.12170858666365726,0.028272369479044705,0.47090159061550957,0.3526990889176842,0.1633761433871465,-0.22843237818480805,-0.22231577335190025,-0.2256537887199908,-0.054409811717715625,-0.3735227911644563,0.05162154918252479,-0.5333219137363645,-0.5331042696529584,-0.5231966273227964,0.15391185011577457,-0.11994325132047487,-0.05505387698675797,-0.28507062348984225,0.22572875501538622,-0.34728700604365376,-0.3553696624299962,-0.43985103471624654,-0.476583713370803,-0.5616140324007554,-0.45629364217297463,-0.46603361794999426,-0.08549664163087967,-0.16772015807409169,-0.16196145684500718,-0.34155813011488784,-0.39005084407615126,-0.3015946459555482,-0.5033402321133845,-0.4737809412300518,-0.41804712800494936,-0.5033104068130659,-0.5297993039419777,-0.5217045562176683,-0.4397349578717633,-0.4972566769375865,-0.38051239059858166,-0.5738464359773731,-0.1787393974080202,-0.4028354187532621,-0.2674898180858203,-0.286616702571223,0.17682332338484916,-0.22178214230295654,0.04822065885700582,0.044878613042926264,-0.33166177303349503,-0.26959209871368317,0.1875539827859652,0.33482647922405856,0.26344969902644577,0.06152113062070883,0.4644480404979213,0.3374075768354147,0.29301221426656965,-0.38305157157165226,-0.08407389419676234,-0.2615287884680879,0.2777368239682562,0.00018660964929074225,0.22535634180600253,0.07203495202761662,-0.1827682312186255,-0.06434163672381167,-0.05794934938525623,0.48423914248231137,0.25039992100325864,0.28673197332650846,0.12585913994313042,-0.03584638358157522,-0.06275847753933211,-0.38252922577147774,-0.40515211910773985,0.007199585670152331,-0.0657813120310828,0.23249264947412757,0.2882885315674606,0.4198245546860988,-0.15708622937671168,-0.06310348371599059,-0.2842750134516135,-0.053210350991388954,-0.22878866961023572,0.48973989516809985,-0.02141899911934755,0.048798624811828555,0.5069265229543976,0.33734873232397533,0.21267091610022107,0.2772741287687189,0.09247414972703805,0.4675659935150124,0.38694337021863157
#49,0.8712723916464976,0.5515693549069672,0.3257910254059163,0.35656589879953166,0.09794588320170569,0.2415216545786874,0.48528705843945164,1.0,0.5392426388942069,0.6822630148139043,0.6324539571926332,0.49422981199984684,0.5131656533453709,0.18467705043901633,0.2826418767368703,0.16316091757133386,0.47170284327812295,0.3386062314725436,0.49548811723761294,0.15956011712476045,0.11874943321853279,0.13930793211922865,-0.053349804422608386,0.007930708572557097,0.20995439550363446,-0.16393234493362863,-0.337813845791106,-0.434999989923885,0.17843469569125173,-0.2994802739897183,0.0715351767249805,-0.47915594400098344,0.06850508743044961,-0.5843530025815007,-0.45838786190885955,-0.6144056200538871,-0.5605322606973074,-0.665296449378606,-0.5719763090384766,-0.6172962559171985,-0.36007480507755585,-0.46114791132212735,-0.07865536260914952,-0.37388311303587296,-0.6023836057578952,-0.29350312258802996,-0.5697974499368228,-0.5759325948212799,-0.6524643154388249,-0.6326554794920832,-0.5481950655249757,-0.4216197153295998,-0.5182754527702262,-0.27043688019297774,-0.23742188491867566,-0.33676996027995476,-0.6411363439421389,-0.4789995626966102,-0.5797953742571385,-0.567363866648664,-0.1316154229046215,-0.482610842302755,0.1921027441291516,0.09287800041513594,-0.13972629241288695,-0.12703280581512746,0.1289384006787271,0.2687303893612348,0.4295395416979866,-0.018069698502487793,0.326252108427058,0.01672997825574389,0.39944500758731455,-0.3512811780187537,-0.372196774434075,-0.45146274961055816,-0.046302166566241386,-0.36225930680359436,0.20859532911614334,0.2172769097764513,-0.23999250337046046,0.04233056508867989,0.05323050322133396,0.437529497826582,0.11897594428311464,-0.09250800547334566,-0.26861753687354273,-0.12319985167958761,-0.09130773865782119,-0.43385453717381095,-0.5602993009191433,-0.45508128401948317,-0.3379331469923804,0.0878729925859946,0.08660501427785491,0.3005773613879244,0.08726197697406206,-0.11139306319940832,-0.1320281405738952,-0.35656831706712505,-0.4109092081584288,0.4029232824758224,-0.27892096899982466,-0.1676637318302457,0.2562142423869913,0.15886526823625668,-0.2383988650264095,0.009020541167982944,-0.10322979789328589,0.41170239992906416,0.37908964316446436
#50,0.473647130423217,0.48673479463870073,0.19041398725976022,0.2909840938449044,0.017885104076191552,0.15837355382559856,0.3396783301056178,0.5392426388942069,1.0,0.40787508841790887,0.4288342136499114,0.23212104235394168,0.2746511145190771,0.1964773902056132,0.2689036985387618,-0.009791162441079918,0.3111830769633814,0.37057895341409003,0.4108826072149014,0.1636816511931128,0.10683059833985929,0.13963036779834873,0.005180332229662873,-0.1545857406851355,0.22040372977471823,-0.006416873059088353,-0.21298206653057195,-0.26217849636151486,0.32863329591735974,-0.08407873073194914,0.14544952571726824,-0.3112999598970624,-0.0829816433337431,-0.44893001735106997,-0.1642926668050453,-0.4106512596151327,-0.34981812612474633,-0.4433115756424027,-0.30001148677106865,-0.39218295000433273,-0.12461534431092472,-0.2278229747512711,-0.00803227581147992,-0.26273469790799703,-0.4745692964655004,-0.2541208287403043,-0.3926504817390568,-0.4274590254784643,-0.4473589495045574,-0.5190331766161584,-0.39880255449666785,-0.4123279251465571,-0.41011198594180437,-0.26517069946374916,-0.15646312242681215,-0.2269411131688777,-0.38048095311986746,-0.32742658038825284,-0.5050926700294021,-0.5088329239071949,0.003434343027227678,-0.2344425792436062,-0.0021478246675385865,-0.09151732184924923,-0.017030649526523358,0.07184390888773798,0.2758642787617664,0.2723247410942258,0.4508049808251532,0.12484266146470438,0.34666551127214984,0.18296411089369094,0.1466127124296939,-0.23917029238870427,-0.1672889003532686,-0.2269032269765811,-0.006341906763692937,-0.17420917611638315,0.21272573016567148,0.15256568115544825,-0.16740497719775183,0.03304441753002178,-0.009465502405168644,0.25801020911969014,0.09305695221704757,0.009073743055037756,-0.1170429423867898,-0.09208158428770935,-0.030580202852346628,-0.257268607057714,-0.3879122894343874,-0.2846716093369312,-0.26826688807249965,0.01196437891834921,-0.03403268288652481,0.23533491998557102,0.039488294577236446,-0.002025299109472959,0.02529145162557963,-0.10616154430568514,-0.1713967309052583,0.29015382197117023,-0.15996396781285832,-0.2545561169071164,0.11939994720115754,-0.03676129482107843,-0.1483183971722391,0.05716260632820325,0.23295212031687365,0.19139177345669184,0.09129000469546958
#51,0.7789042426489703,0.8221154601862469,0.5676355187083226,0.6994020833375317,0.08778996539862119,0.2959496033033535,0.5799364398667535,0.6822630148139043,0.40787508841790887,1.0,0.7375333267502715,0.4613059048048962,0.5167608111675598,0.019571442677989534,0.3496810909611203,0.2304081028086163,0.6337033954492234,0.32821977215888826,0.5761760337590156,0.1518071512203183,0.12854583523939841,0.13474385508128403,0.25836408227752444,0.04864627395344432,0.35777503259623195,-0.06603281186079646,-0.19725365410309478,-0.2503966966464674,0.17500075570862295,-0.04471417084657503,-0.04821501623262122,-0.2520612708399248,0.22482915947064122,-0.2887141466638991,-0.25920563940002783,-0.31366905604939715,-0.38134508073990925,-0.48059320104066117,-0.4114339722261967,-0.3995054642771496,-0.08882901437458562,-0.2594692305677085,0.047837766488050736,-0.08557160792627508,-0.6597827992656528,-0.332472698766482,-0.45144904609419556,-0.4533489983334106,-0.5016466387088063,-0.49630226732739113,-0.40942922839126766,-0.3417177357760523,-0.2949274822005429,-0.09285865427438873,-0.0060412354929134686,-0.1487569096958424,-0.48816157251880704,-0.3263262686332556,-0.5253690377108678,-0.4367314695207598,-0.09332134947392604,-0.4326131598091987,0.032860629192923346,-0.033839221479052765,-0.030601967260687233,-0.09337938789616765,0.016480896693623633,0.1346213295232184,0.4625553430614865,0.11417890746700576,0.41084794537939595,0.21114418315958752,0.2017919362867098,-0.5058310477345871,-0.4290776525876471,-0.5140015678434897,-0.01800924181265278,-0.3157116860766228,0.21660060093949696,0.2622711966192619,-0.3153167023697007,0.13401031391128584,0.1712330947981049,0.2950185702798943,0.03103000062471913,-0.06371208106032973,-0.19768249355632447,-0.0379728468853721,0.06008306749183331,-0.5287094713465519,-0.37813200919747775,-0.3516721312796868,-0.3187869163662305,-0.07879562212956674,-0.046602031747823056,0.31581889593993023,0.14714956783542882,-0.007701779240381844,-0.07002617774669856,-0.2202949077330152,-0.3192342958710096,0.24601963230241242,-0.003562511209677907,-0.14244281300947356,0.34618346993186533,0.2903480894678401,-0.02608706166380841,0.007388210542437573,-0.1580672399304345,0.21795966732698807,0.18266263353371368
#52,0.8230440749421127,0.5878659393055139,0.4510782450632075,0.35082009499761196,-0.06890651985095411,0.1359537949671821,0.6906197415274987,0.6324539571926332,0.4288342136499114,0.7375333267502715,1.0,0.6394854732650441,0.5305215598632067,0.2172817463116381,0.373108461316787,0.16743319031967482,0.599378505228496,0.45487089473885733,0.4964941165564676,0.0028249395936907396,-0.13357421965527597,-0.06000890728563569,0.1328503515556514,-0.2802743927629312,0.16721554623626878,-0.3813612025238653,-0.6092925962722405,-0.6395056254949891,0.25368392839509657,-0.08949887449795757,-0.12452345014237551,-0.44007351533483935,0.18525662857223466,-0.5493703435753683,-0.3748762149275628,-0.5266458830001833,-0.6548334115911596,-0.7012238449245601,-0.5537264496002805,-0.47443387348026994,-0.061878228135334314,-0.23185342074027201,-0.07656517331925364,-0.27173145944464483,-0.5884688940254684,-0.38008355114535197,-0.7366079363511969,-0.7126848211388831,-0.6368173180203255,-0.7236194211070426,-0.7130991509865524,-0.6787750668550229,-0.5813092097706072,-0.4846583088651675,-0.3032511592570276,-0.49745819923703655,-0.4511572418045919,-0.426076582504237,-0.43867253230906267,-0.44641743732152683,0.2145321760579417,-0.25584263526680545,0.2278592487651721,0.1302716722118886,-0.3612105847572563,-0.3983108400860097,0.11408298285246754,0.24420996205335102,0.582960080447702,0.21097812878484068,0.6442841222595487,0.3725780546246345,0.3682614469704145,-0.3624197185539566,-0.12737539372419254,-0.3765972153648662,0.23966603724535138,-0.128410412254168,0.2954127478976186,0.20763205252477213,-0.23462959193749586,-0.04333898267512792,0.11374200712179806,0.5270400606179076,0.18682447206195602,0.2255215900915516,0.07471439252110443,0.05720049252049986,0.09069752913508644,-0.403780155293084,-0.48182974187008665,-0.2641308443985869,-0.2326998143979622,0.0525348482436324,0.20360160653577122,0.36668312432112177,0.12706424329384167,-0.10492822783305086,-0.34757155553047725,-0.1218069295457889,-0.3982753721613065,0.5232353196042908,-0.14825310394721727,0.0023767539997138383,0.4870733521017768,0.3721774282933278,0.026056430274292,0.3016212468990756,0.05436225245504541,0.44377427084194,0.32647620122404647
#53,0.5611465006660312,0.46499940550921665,0.2856800269233792,0.15245444084615184,0.21881815232264526,0.2971329422457242,0.6130473597555938,0.49422981199984684,0.23212104235394168,0.4613059048048962,0.6394854732650441,1.0,0.7211092593450928,0.416305975337701,0.1425395437132096,-0.09186313411510551,0.5797752220271934,0.3827162384653674,0.1108271885825526,-0.1240446331588822,-0.20611015611932537,-0.3178486285399911,-0.022948956416772297,-0.19010203074021156,-0.007781582070964062,-0.39325021210222016,-0.49514633541774566,-0.48643331727872346,0.20741521453056389,-0.1249555139523964,0.15182246691507648,-0.2242294291074779,0.20461324847901044,-0.327187977985704,-0.29943271472704813,-0.36754483367357016,-0.36185223175870523,-0.4414245208303525,-0.4385354971454366,-0.3478939912095973,-0.1271303426080613,-0.149617812959093,-0.13401515044647266,-0.15941179671236522,-0.34498803965152763,-0.05635812930879867,-0.5016530874223887,-0.4229699147359151,-0.48707738254776584,-0.45544483024769106,-0.4949133756395814,-0.4308429879308295,-0.38297096265187225,-0.39530332128901724,-0.38346509533012374,-0.5017788373372456,-0.44870108801889474,-0.40547697305445335,-0.2725528643372032,-0.2123984579513646,0.12379071506157514,-0.1346205234340206,0.20816487748451806,0.125824478107625,-0.25101899750716916,-0.25571930361954204,0.24250669557839924,0.31422364541748365,0.18709128758642787,0.02706001132555323,0.4118458838062726,0.20946106891458074,0.32338162479369154,-0.13633023862255478,-0.16870197471701232,-0.33973072590347486,0.11996824008560668,-0.09249349586778526,0.28757111218141845,0.09832877557066078,-0.10404556016145966,-0.07162948916112312,0.050045644800825434,0.7136166602515401,0.480622220251782,0.23195095753320583,0.12615094423273407,0.1430143302507139,-0.12647418600105195,-0.183201907207042,-0.27521940740352624,-0.04377265866354441,-0.0003067169397629695,0.13258676038797074,0.20098020446452503,0.3488556556225729,0.07389540589613944,0.09192762125092953,-0.21617337366466285,-0.22760049413267824,-0.3532851157644849,0.5231764750928514,-0.0033408366802828568,0.07074923975712533,0.4940548906439242,0.3206256058264127,0.13176857985220355,0.20818986624964986,0.04054427142635468,0.40858847735796205,0.3624092393943852
#54,0.5332670996709141,0.5227548904424019,0.36174421580620003,0.2825580434602991,0.268059723148665,0.5036014050134717,0.474703913361533,0.5131656533453709,0.2746511145190771,0.5167608111675598,0.5305215598632067,0.7211092593450928,1.0,0.25196776449298,0.2123694387402438,-0.01885321720274957,0.5269143107030508,0.20496228510165793,0.24967927726042524,-0.0006057760321468372,0.0017609018525944987,-0.2451369646308212,0.10347404292021933,-0.06070536835253505,-0.05895696088250645,-0.25160018781878307,-0.336006593809638,-0.31185454926514894,0.2921158430786159,0.005640609161606778,0.18860512309989663,-0.23167688720595378,0.23723648440318162,-0.32386044177718487,-0.22399566324011583,-0.2811030524582698,-0.2326208176565778,-0.3823970271430385,-0.44529616724738674,-0.4057792565036284,0.024211292100527384,-0.08297519462016069,0.1915771739721859,-0.026909272645564596,-0.39390556262003174,-0.1854766909232341,-0.3960078432478946,-0.3267970247247709,-0.3979198868250766,-0.3396960640679694,-0.33945746166542057,-0.27261493320543384,-0.2418682729337415,-0.19893273790211255,-0.22845253041475305,-0.2901973507878514,-0.5299484304435708,-0.34765861316383967,-0.38872482734576996,-0.3080618995894991,-0.0044822589843679156,-0.24498864421842598,0.1898086142722123,0.08766260330536875,-0.14106117612444405,-0.14004308546762242,0.09355350316289249,0.15007244726665228,0.15170719615979106,0.0017657383877813,0.3010223226251101,0.2199289432372139,0.29456232379393943,-0.1502086763410805,-0.31943259381366845,-0.4160069162453171,-0.0414801409850007,-0.21018493701420532,0.24298067602670573,0.20195960283985223,-0.01744659155258825,0.1853396557596081,0.1955560302525276,0.6034323278042332,0.3898880140581956,0.05673457296417135,-0.04860032686916971,0.2118761121511901,0.024827950336844522,-0.11095213240821163,-0.2022006235099945,-0.12605985615338267,-0.11068128643775077,0.020763648601536004,0.05406319336266154,0.17064142532691956,-0.09628372727584171,0.07087498967198215,-0.11766604933668935,-0.19886986294468414,-0.2295939527188381,0.33668048437899895,0.0022614832444284123,0.011939390153217403,0.3322816556266034,0.25057484235918126,0.03775036626677925,0.054245369521364384,-0.07672558506961588,0.3002234882300901,0.3073299705978965
#58,0.18118507203414594,0.05258160141710481,-0.173471604500396,-0.13734429883338742,0.24514180116600803,0.19270086231391934,0.32563786845833426,0.18467705043901633,0.1964773902056132,0.019571442677989534,0.2172817463116381,0.416305975337701,0.25196776449298,1.0,-0.12606066224258045,-0.0750416647354113,0.14365436507376725,0.19973318447552815,-0.25010328017846817,-0.05528200022973542,-0.26474911481329966,-0.09038960306152677,-0.36211824119397934,-0.28548495333751156,-0.1810375577109485,-0.32292296004014326,-0.3546175812084486,-0.35072820082906275,-0.010511000094715481,-0.3453878598936365,0.0326607190718689,-0.1306569828484371,-0.006832815085153248,-0.30320198781596175,-0.1748427622258541,-0.29694915390862575,-0.13351376296544093,-0.16498348524756007,-0.0015077898444852415,-0.04472142564935523,-0.18082958669791604,-0.07212039748258343,-0.06939339772642542,-0.30257726868766666,0.06906048288773395,0.08416014574092696,-0.26820643138266465,-0.2952071951521796,-0.1338313621093742,-0.23125610864470209,-0.24176912396241207,-0.24960995358941443,-0.2281800722658966,-0.4050948867746961,-0.4736809861695246,-0.3842445835843965,-0.06613276692132368,-0.16370260951225557,0.10098161512062118,0.004533042603829327,0.14778234785570196,0.09900750267520853,0.2370849396339952,0.3196752266622063,-0.28953716373485305,-0.2631200085445455,0.4365517116296504,0.5468561513674296,-0.0269390979458832,0.024709455224767897,0.10050279813712787,0.08474456040933209,0.0001342138514337304,-0.027929781569979627,0.18003639492728069,0.23560254159924066,0.1372628838244096,0.1580511181464785,0.1121628783833075,-0.16431362512418812,0.21397516842226177,-0.21244279285724363,-0.3184894694522422,0.39538231803040164,0.39897102713900806,0.10986874852636819,0.10826221275515242,-0.03270586006694571,-0.22546758211529896,0.26112332560159446,0.1298686276129885,0.27521940740352624,0.12159412199756964,0.0445948696453006,0.12652900006650236,0.09517293636127305,-0.09551633035953594,-0.051157241804591885,-0.27973592517880064,-0.061337342283610395,-0.13488492069089905,0.3426310348371599,-0.15964153213373825,0.11193556122952786,0.060687634390183445,0.053979360086090326,0.04176630265021976,0.26436299808755337,0.29427696821791816,0.10407780372937167,0.031399189477311615
#101,0.3352295238229586,0.2538241879155138,0.30254180076296344,0.2987249684113796,-0.09593146629640303,0.1218230513297449,0.12170858666365726,0.2826418767368703,0.2689036985387618,0.3496810909611203,0.373108461316787,0.1425395437132096,0.2123694387402438,-0.12606066224258045,1.0,0.5223744163410402,0.2290828921674328,0.3677262037430752,0.6791611835807692,0.46918623280259075,0.48465427841917846,0.4146486559470238,0.3487968111111335,0.3099666883639009,0.2022618862890273,0.2312875461234163,-0.1708324684667982,-0.24731824200006852,0.5255794269914937,0.2858630091712798,-0.10142980071459808,-0.20335494324124437,0.113435693226634,-0.2414724831376216,-0.20464549204692245,-0.14505696027793955,-0.2476680847119138,-0.1429659648988459,-0.3860187859087547,-0.19788320976657672,-0.06557253492885255,-0.01876051694500255,0.2208180596223875,0.05659592562214972,-0.4365629968784196,0.010831017506242152,-0.3506580710688541,-0.3451258809043515,-0.4469301100513277,-0.3941780207688882,-0.29982286189878343,-0.23281669733164323,-0.20107129254387646,-0.005573703758189362,0.2211009969308154,-0.0035955608667877143,-0.4081926875618422,-0.05287582397430188,-0.5463910379002989,-0.4971115808819825,-0.22480981332989403,-0.4944837300971539,0.39903632036402986,0.16632884811868856,-0.17156359136920296,-0.05502405168643936,0.04721062909216219,-0.1862851983886277,0.6376080915233675,0.44344296818164414,0.3859164125806341,0.4216600197894898,0.3962915866455203,-0.35369219080937403,-0.12988797375373573,-0.44714452977794256,-0.22724259052885498,-0.5888034210425555,0.5745428970442724,0.6935224687287772,-0.17015535354064604,0.1598825528038805,0.35612416191913715,0.04131247443185826,-0.0269286187863118,-0.37947979033619966,-0.446444844354252,0.009267204462509799,0.1557956805710336,-0.16393476320122202,-0.2595716038958291,-0.5306126479425581,-0.4763185100247268,-0.3857680921682389,-0.38649921507064366,-0.003935730508259391,0.4052198306003551,-0.07513517108235612,0.09391624330190257,-0.11684061399814197,-0.25799892387092094,0.18383146287052393,0.11100210993847524,-0.10382227345366901,0.16313673489539984,0.14066861068511535,-0.15608264832545046,-0.2631917504831497,-0.2398054906765708,-0.05240587397198437,-0.1487480427146666
#102,0.23739286570755486,0.23991673098586724,0.0980337469242659,0.2502604675720392,-0.18740808064116335,-0.1292874373013746,0.028272369479044705,0.16316091757133386,-0.009791162441079918,0.2304081028086163,0.16743319031967482,-0.09186313411510551,-0.01885321720274957,-0.0750416647354113,0.5223744163410402,1.0,-0.05514980160129619,-0.017828677832345537,0.3320229009941095,0.4220558095856097,0.11494952874010274,0.5145666363711476,-0.1161127154525284,0.28780729631637386,-0.10283400809716599,0.23224921053639191,-0.21959199795253342,-0.15160482283167043,0.10226813348031026,0.13563700191244663,-0.4176053911245549,-0.16411210282473807,-0.09150039397609543,-0.13999149575896322,-0.06959895047186447,-0.1417286179802226,-0.19132164369648325,0.004142895432094038,-0.23151325109880033,0.05335705922538859,0.017054832202457362,0.11506641167378376,0.2869238225555849,0.028372324539571926,-0.27432384230477025,0.18779580954530523,-0.19459517192874978,-0.14497876962575293,-0.23163819492445936,-0.1328455150204646,-0.13036034202364663,-0.08409968905109196,-0.13837125647138485,0.06957718606352387,0.11709533818464682,0.2154519238326317,-0.24834842399485715,0.2919385034550998,-0.20828982131017706,-0.23680764494995193,-0.17091388347577602,-0.305008433708232,0.4745894486954454,0.373140704884699,-0.2999744066679698,-0.10342487147915352,-0.02247981250365259,-0.041571229064352115,0.3390374891933667,0.31510550699987705,0.002021268663483958,0.10249383845569432,0.23825618723839886,-0.44434256372638914,0.01925384353405626,-0.17650249988412467,-0.21924457350828155,-0.34410617806913424,0.1333888191397819,0.4128430161439514,-0.06911529695318436,0.17469282963506327,0.0498803965152764,-0.26636371147649346,-0.2000257948543296,-0.35114817330111664,-0.3620319896498147,-0.04842459942404927,0.3277095176966807,-0.22020381965366378,-0.2097738315233272,-0.3452379273028457,-0.3117030044959625,-0.1721439755916191,-0.28539064090136895,-0.21876091998960145,0.1549637965189038,-0.44139711379762725,-0.1646296120897258,-0.035112842411577055,-0.21820794279991051,-0.10766893110557149,-0.1610916866005808,-0.24826056027229693,-0.07302966609770205,0.1456470175707293,-0.2454456967935787,-0.17961400418763337,-0.1690671331236158,-0.10498465407689687,-0.15563526882067136
#201,0.5321812975214772,0.4795880078110043,0.3981536526924387,0.36452844789540184,0.07921237024482944,0.3413130789987566,0.47090159061550957,0.47170284327812295,0.3111830769633814,0.6337033954492234,0.599378505228496,0.5797752220271934,0.5269143107030508,0.14365436507376725,0.2290828921674328,-0.05514980160129619,1.0,0.6178597122664609,0.4163962573278546,0.03807844457028393,0.14070730296660977,-0.07590337408785969,0.35034853281689887,-0.0613760345651048,0.41522984625863774,-0.16057256515719748,-0.1358933382773471,-0.2520572403939358,0.3607752965904442,-0.05434371240349601,0.13652208785163122,-0.06500424204440343,0.1991157201500132,-0.24275094060533267,-0.2901320575628296,-0.2777005499543552,-0.3403933312240666,-0.4385121205587004,-0.26237356994738253,-0.26973397041249597,-0.01805599498612519,-0.2521152788161774,-0.03959550444054387,-0.23735900996124726,-0.4267528913411914,-0.12559393659705415,-0.3876156486095969,-0.37256354501907407,-0.37737267317315,-0.3403328745342316,-0.3180694969801883,-0.2123508986886944,-0.15427136589799345,-0.08825910931174089,-0.013559629440795772,-0.2221061901604722,-0.360719676435796,-0.37737267317315,-0.4189507539956834,-0.24339178151758384,-0.10700390751738634,-0.3342807568371478,0.07391394594768884,-0.1033079885454725,-0.004016339428039409,-0.09729698139747654,0.09878421596741788,0.11950151444008036,0.3933429123599672,-0.0028426735560423437,0.513520332592403,0.16937667137557105,0.14410819329212873,-0.19787434278540092,-0.25878405474957833,-0.3973975410249021,-0.006427352218659756,-0.2071290528653448,0.3878155587306513,0.1077447034901647,-0.21066536617609422,0.012649554736479366,0.04392097907593965,0.5222792978156998,0.19855548815754206,-0.014885646171177071,-0.12997180703030695,0.05512884328215339,-0.15571990818644038,-0.2471360658413657,-0.36851052853253474,-0.24446388015065806,-0.16672302573641287,-0.23506165574751675,-0.11731781880323967,0.539245863250998,0.2585067600655351,0.28407993986574587,0.034538100813545525,-0.14641199621944168,-0.20275360069968543,0.5236182119732459,0.2511842457927182,0.13356374049570455,0.4463223187961864,0.2587155371677653,0.14095074190434542,-0.028425526426626737,-0.22412544360096168,0.07319491438325108,0.03209484445501317
