,#10,#11,#12,#13,#17,#18,#26,#49,#50,#51,#52,#53,#54,#58,#101,#102,#201,#202,#301,#302,#401,#402,#501,#502,#601,#602,#701,#702,#801,#802,#901,#902,#1001,#1002,#1101,#1102,#1201,#1202,#1301,#1302,#1401,#1402,#1501,#1502,#1601,#1602,#1701,#1702,#1801,#1802,#1901,#1902,#2001,#2002,#2101,#2102,#2201,#2202,#2301,#2302,#2401,#2402,#2501,#2502,#2601,#2602,#2701,#2702,#2801,#2802,#2901,#2902,#3001,#3002,#3101,#3102,#3201,#3202,#3301,#3302,#3401,#3402,#3455,#3501,#3502,#3601,#3602,#3701,#3702,#3801,#3802,#3901,#3902,#4001,#4002,#4101,#4102,#4201,#4202,#4301,#4302,#4401,#4402,#4501,#4502,#4601,#4602,#4701,#4702,#4801,#4802
#10,1.0,0.10035850817072163,0.392641614757881,0.4183937463600035,0.34316789024289485,0.2115319120637294,0.24619213539074167,0.22544984815294736,-0.15968828530721066,-0.07896409477190698,0.10381179429409762,0.1899005084407615,0.1677306372336631,0.14326663616962534,0.012352913911688898,-0.16286991937092798,0.020559708034492558,0.2429395654776179,0.24132819317121537,0.03148705319987183,0.14401549303438171,0.008415974269632807,-0.133699163480935,-0.11242727564018597,-0.14163269336568438,-0.020091370210570652,0.005052164047212644,0.22333950663310648,-0.08619955141136143,0.06761758322367162,-0.13177664074418155,0.2624195170316571,-0.2282381106881382,0.27136065841365675,-0.24039635405855836,0.08113408689238508,0.03236004780108943,0.2773918177915977,-0.11022826430858707,0.1716836986596752,-0.08544585801141825,-0.0009588431007833172,-0.024882764402294935,0.13753211761647485,0.048842959717707565,-0.060474020752766394,0.10101547086692877,0.362466471727429,0.3829161485864218,0.01762231899770869,0.05696995100992901,-0.004578183598906137,0.10916906310267763,0.033221757153537826,0.12040836478760557,0.24703772295923404,-0.13189513585625817,-0.07086128615561955,-0.018300240013058643,-0.20605776032146836,-0.15354346735237986,-0.16831908234805723,-0.1687527583364737,-0.22468003296904818,0.31409064069984666,0.3350932947485304,-0.14628140976939805,0.0008871011621791009,0.1359215513992701,-0.03452520338638072,0.0490049836464654,0.08153793758048297,0.34891772449080355,0.2614812292054177,0.021025627590821064,0.13057234348266808,-0.20090846252592082,-0.001585174407474059,-0.1868349512215274,-0.06718551941365072,-0.04763221374261169,0.1682255760011124,0.011634688436448935,-0.07689244553356052,0.17639529002081725,-0.2604728116189697,-0.05834352700298052,-0.11911700989272968,0.13385554478530823,-0.0027265967115591176,-0.04389760248920344,-0.08454061984228865,-0.11208065728513189,-0.013890932101091647,-0.2578876835616245,-0.13880815681659253,0.12488135374619878,-0.14408481670539253,0.2661146299143732,0.04835124530704945,0.3367393288904384,-0.12688851584872124,0.23934601983382472,-0.04360982864558878,0.19811052692035638,0.056361353665589864,0.17954790487341377,-0.2671593215147222,-0.17116215894869846,-0.09760168311424501,-0.1205808678759348
#11,0.10035850817072163,1.0,0.09142220332390881,0.0873965938700947,-0.039431062244192634,-0.043068942793864855,0.4785973241869079,-0.02520358790301941,0.18355416818648068,-0.0006235099944984412,-0.14194303770683744,-0.5068201191802879,-0.267926718431028,-0.061113249486621946,0.21312958085376937,0.46114468696533617,0.07454108334357738,0.17146041195188452,0.3912188673237637,0.2585970420556887,0.19755754973066544,0.2547568331173686,0.20083994494410778,0.08894186686227765,0.16387833695737603,-0.06749102721961699,0.04165506234092334,-0.16140203094173386,0.14781459142361397,0.2229308194098218,-0.0291389153666799,0.20138405515262292,-0.10561259756198323,0.2741005555969796,0.043854879761720034,0.2079423968659252,0.15858313701702662,0.4159303377715261,0.14468293489016026,0.36344909445954743,0.061294619556126986,0.25817787567283257,-0.22886121763803774,0.2287386920799721,-0.3505581160083269,-0.022617653756476425,-0.05999842812606429,0.05669265632588574,-0.4653274838127213,-0.2074305302253221,-0.18480924906745555,-0.22486220912775104,-0.213320623993648,0.03678870185380363,-0.03139757729891601,0.4107858765111653,-0.2749896719821532,-0.1368759610094655,-0.23597173045183314,-0.02260556241850942,-0.1077463156685603,0.05773654183703698,-0.0891869179784089,0.10177238862366315,0.3380451933908747,0.09400491311366059,0.2203448852632788,0.46825923022512056,0.47365277304760156,0.466551127214982,0.4860955659048452,0.33692472940593243,-0.042701366119667974,-0.2563843272077272,-0.09816030292832054,-0.011006744951362593,-0.15776173212446823,-0.12251548195065524,-0.06922653726248078,0.35075238350499677,-0.10739324859992383,-0.13883072731413096,-0.13061426012095367,-0.4057212180813868,-0.16433458344333093,-0.30974098338851686,-0.10433897662945893,-0.06265691030040929,0.3037638319868285,-0.13658738107665302,-0.219496879427193,-0.3469516729373689,-0.3055275551516153,-0.012575394530281747,0.14165042732803598,0.25363072650804175,0.30123351799493375,0.24365698486366008,0.18220558095856096,0.034018979370162204,-0.11253690377108679,0.0710982763797728,0.1572297132539201,0.1588749413066303,-0.07948321621529031,0.02723573877067367,0.05265656771250023,-0.1822708741835828,0.06468503072207456,0.070185783407863,0.0556407099227565
#12,0.392641614757881,0.09142220332390881,1.0,0.6262373972991981,0.24267113777475047,0.4217793209907642,0.25495271279243403,0.12353034825068568,-0.3670708532252636,0.0812243688825387,0.017415960163071845,-0.03705471128907769,0.08313560637052293,0.06967230458886428,-0.0807415214530564,0.07780816286226153,-0.1015732845918065,0.7481148596497945,-0.0490017592896742,-0.012920400706940227,-0.05567214740147071,0.22973663050684873,-0.33018340544472946,0.15957543281951864,-0.45808960890567346,0.16486660231387903,0.16137784826579984,0.4455928080721772,-0.032041642567958356,0.021516535912281372,0.052368793868885564,0.0667155694113332,-0.246807987537861,0.2767138967762478,-0.11926774857271831,-0.15378690629011554,-0.2039208178581001,0.02804182796847385,-0.08841549061611413,0.15203527446329573,-0.05157237774145898,-0.0379526946554271,-0.004674108213444358,0.046394866823988405,0.15394409368368656,0.10713207569983657,0.37418539648504806,0.5559061147911322,0.16843838354933166,0.1725857124720136,0.10646705211165142,0.2321613468138317,0.28973868603430314,0.47013499978840156,-0.07012452062883018,0.3831176708858719,-0.23289972451901667,-0.3338664269894785,0.3139124949871328,-0.02281675778833307,-0.1517724893848129,-0.06784248210985787,-0.11989972250379366,-0.16323749604512489,0.4062661343790997,0.2682499601993459,-0.10487583203519385,0.042919816292271824,0.04438206209708135,0.14104021780530124,0.35965241433790857,0.44011543197312497,0.055427902374537256,0.1545688128119817,-0.3491345624850118,-0.08839050185098232,-0.41797780433393855,0.026201526329896033,-0.051315235287360726,0.13880493245980133,-0.19722705315956737,0.23966603724535138,-0.03273165492127531,-0.15355878304713808,0.07482321456280745,-0.27422549942263863,-0.12029470621071575,-0.039543914731884656,0.29347007293092015,-0.13001049931180134,0.10193038210643199,0.16490932504136246,-0.021086084280656076,0.0287092698242524,-0.008800478816983493,-0.25396847788192,0.2591379279074126,-0.34407393450122226,0.6462324398506317,0.1536732477132257,0.6243801677874665,-0.20122847993744747,0.5222881647968756,-0.23854234890361792,0.5777817634410336,0.04951765637626632,0.42976927711935964,-0.3282189660696904,-0.13091734965932655,-0.04763382592100729,-0.06220469426044339
#13,0.4183937463600035,0.0873965938700947,0.6262373972991981,1.0,0.17071316726552377,0.2052839146915802,0.12500226712586882,0.034182615477315645,-0.29572228614957385,0.10171193193382813,-0.0027806046878117298,-0.09821834135056215,0.11649318955389008,-0.019979323812076424,-0.04022022356883901,-0.026153967067225822,0.0003744284323781848,0.3142115540795167,0.07071941445680671,-0.008607017409511449,0.08925865991701312,0.049747391797639366,-0.1730895182206387,-0.014414083990463965,-0.12646209466308495,0.05002629866007823,0.12068968991763783,0.2278769827275237,-0.20153559992180936,-0.015395900633384587,0.0304649320970612,0.1584477140317962,-0.1500708350882567,0.3186942161084835,-0.20563617567101888,0.08704755724744721,0.006290317055033725,0.09526724879741567,-0.07170929199170534,0.21670458644601318,-0.15923687535644257,0.08087775052748462,-0.1006527307279187,0.20202892651086307,0.04056361756710189,-0.011235674283537845,0.20570146889604068,0.5914925346064168,0.23281347297485203,0.1898344091265419,0.0706831404429057,0.1717143300491916,0.09556147135461275,0.22753520090765644,-0.09423142417824244,0.27931756488514237,-0.11541303002883783,-0.11664876476906552,0.17107107086934706,0.03669600159605661,-0.129269703339023,-0.0076106911610304235,-0.05856842588916677,-0.25040475753844543,0.31972842854926115,0.22893134739824636,-0.11109561628542006,-0.09116103042382155,-0.042810188161371,-0.12044141444471539,0.06317280738700141,0.20111562744975545,0.11132857606358432,0.12745922700076376,-0.16035411498459362,0.13272218337320116,-0.32645201854811245,0.03969787776866449,-0.15149922514675862,0.08210864873252549,-0.21479496113642454,0.0887645272387616,0.10009169264624977,-0.17818642021832926,0.06342511330591287,-0.3240337509547119,-0.06828986161463697,-0.2552654754011805,0.26426868565141076,-0.09147459912176582,-0.010396535428627856,0.040634553416508304,-0.0706226837530707,0.1068443018562219,0.1165762167412635,-0.1019884205286736,0.14684809047545155,-0.16706077711029113,0.4027862473121963,0.09107800323644813,0.4623385050672782,-0.10543606402766498,0.17979618034633624,-0.08641235895958067,0.412880902336248,0.002847510091229145,0.3506556528012607,-0.22712812586276734,-0.13134135257736945,0.05155303160071178,0.11487456244470733
#17,0.34316789024289485,-0.039431062244192634,0.24267113777475047,0.17071316726552377,1.0,0.5096656140485225,0.3031826416752146,-0.019396521322066894,-0.3186329533294507,-0.2696968903093972,-0.07928814262942266,0.4593608115706043,0.38654113170892923,0.3387674493121036,-0.0044467910596647075,0.01160969967131713,-0.3532689939805289,0.2172656245276821,0.13391761365353883,0.2309554373739226,0.10317740209542887,0.032303621557243416,-0.2958117620505297,0.19131277671530744,-0.1456196105380041,0.23513823422130775,-0.2242487752482251,0.17631629327943282,0.056774071334863556,0.28547850462392915,-0.19149253460641688,0.12164893606302005,-0.2914330855280791,0.18744919119025116,-0.19287014104545738,-0.058029958305036246,-0.006387853847967547,0.017641665138455897,-0.1787273060700532,0.21892455609675487,-0.20047881698349332,0.07836839485473265,-0.09353012657615628,0.0975702456355308,0.2622308921593719,0.2291457671248612,-0.20049252049985591,-0.04304314793953525,0.2564907309818368,0.019583534015956534,-0.09054598436590001,-0.025462342535513268,0.07472487168067582,-0.01351529453491676,-0.06627786297692771,0.07345447510494274,-0.2639357708127193,0.011027703270505397,-0.029513746843656985,-0.18563871485199196,-0.42791607805361703,-0.41261972943616076,0.29247697103923037,0.1558932173639674,-0.1408814182333346,0.018569473805123905,0.12197056565294233,0.11548477196744206,0.05257998923870921,0.06426747651761405,-0.1350791881875689,-0.06050223387468941,0.4097097474321021,0.24837583102758234,-0.2331278477619941,-0.20009995506052722,-0.32646169161848604,0.05330063298154257,0.207152429452081,0.2322218035036667,0.13699526221073993,0.6066784490037745,0.04696719015442654,0.15729016994375514,0.6933306194997008,-0.3309314562202881,0.0772567978509662,-0.10169177970388313,0.23275140410662143,0.12213903829528257,0.285535736956973,0.025505065262996677,0.15428587550355385,0.0741565787962267,-0.17591324868053274,-0.3657537034760581,0.24617681969598346,-0.35122636395330326,0.13267704237812436,0.043063300169480255,0.15658322971728436,-0.2930178568909543,0.26676111345100895,-0.17387384301009828,0.17128629668515968,-0.2335284740933008,0.174355078261185,-0.46465601151095376,-0.39928217756935896,-0.07530848025988315,-0.08699919189557921
#18,0.2115319120637294,-0.043068942793864855,0.4217793209907642,0.2052839146915802,0.5096656140485225,1.0,0.1814341535962662,0.2106250617162042,-0.21673683001392519,0.0463690719696588,-0.21257660366407846,0.15785846282820426,0.06649550706033376,0.4512410750811631,-0.17201580740916886,0.024463598019438842,-0.11381858559558908,0.3365281335206147,-0.13796740578328695,0.15121548174913296,-0.12252837937782005,0.09262085796103768,-0.16870761734139691,0.2238441184709294,-0.28755095995147345,0.33665065907868036,0.09761619271980541,0.3460448225898437,-0.022815951699135268,0.30306817700912697,0.01612379917899815,0.1329156447806732,-0.048941302599839184,0.16089258256872413,-0.009120496228510166,-0.07385268316865602,-0.12390921017365177,-0.18734036914854812,-0.055776938997184736,0.15990512330141893,-0.039525374680335255,-0.06857360501226263,0.09127871944670038,-0.049247616495003255,0.17556985468226988,0.233507515774158,0.2026576760851472,0.26150783014894513,0.2967951908718459,0.1394602829776129,0.26852241834820234,0.20447298895859323,0.2229670934237228,0.2812868407953682,-0.18922097524701595,0.03237616958504543,-0.17303067370919928,-0.03598664310199245,0.08802453735518104,0.03214079153928778,-0.23512372461574735,-0.2713461488080964,0.1408241859002908,0.21070164018999524,-0.012252152761963874,0.03197634934293654,0.31841611533524244,0.031279082186839384,-0.0640482202558124,0.22663157491692243,0.15399810165993918,0.21652966509009056,0.1875281879316356,0.2524627032604293,-0.15384575080155494,-0.09202596413306115,-0.2515099058286295,0.09728247179191614,0.21224207664699138,0.2916402504519138,0.20511221769244875,0.43630182397833234,0.20676792490473034,0.14292404826056027,0.5163650213714398,-0.1372846482327502,-0.13367981734018777,0.12385600828659696,0.3248801446124021,0.1718150911989166,0.2535420566962837,0.1112584463033757,0.0992968886972188,-0.24570525751527036,-0.3214228280430371,-0.19298138135475382,0.16020257021540718,-0.15525318254091405,0.3105406238727346,0.3071824562746991,0.3888070484439456,-0.10656861935057424,0.306960781745304,-0.03420196161806285,0.39933054292122694,0.14689645582731958,0.3395815994018818,-0.2928824339057238,-0.24617198316079666,-0.2540942277967769,-0.2815697781037961
#26,0.24619213539074167,0.4785973241869079,0.25495271279243403,0.12500226712586882,0.3031826416752146,0.1814341535962662,1.0,0.0423998887596907,-0.0918163809416331,-0.018936244390122987,-0.10704340588807855,-0.10205855028888222,-0.031941687507431135,0.1673292048131586,0.13343879667004552,0.15785443238221525,-0.08149279658540616,0.199084282671299,0.2154736882409723,0.04137454330008887,0.10038994564943583,0.07690211860393412,-0.11910572464396048,0.08950532321153998,-0.14999022616847668,-0.003990544573709804,-0.133755589724781,0.11009929003693904,0.06436340113215228,0.16870278080621012,-0.2096472755192726,0.106384024924278,-0.3416734008701733,0.19216158864059102,-0.15197804213025193,-0.08027802016432128,-0.12574386918784497,0.12607114140215187,-0.10274453219621017,0.13271170421362977,-0.20362095267651842,0.08462284094046427,-0.3232155704189447,0.014573689651628401,-0.03412780141186523,0.15213764779141636,-0.049997279448957425,0.10899817219274399,0.00511906945063006,-0.05278876634093946,-0.0017141486791220882,-0.11378956638446827,0.031603936133552855,0.07531815333025677,0.03588346368467403,0.24383593666557174,-0.1784161556397023,-0.19380359233650998,0.04166151105450574,-0.07781783593263512,-0.12698524655245727,-0.04247727332267952,0.020709640625283392,0.1766169645502123,0.23893572043214442,0.17327088829014375,0.07077181025466373,0.4817652547342626,0.24452514292969088,0.27929983092279076,0.2387914304657382,0.23776366673854296,0.00891333130467552,-0.07186325502848517,-0.3181057709940894,-0.2375331252279721,-0.18350580283461265,-0.030711595391588055,0.14591222091680556,0.21859244734726122,-0.09134723702851338,0.2702643771046485,-0.11448360918377423,-0.13960457294401912,0.11982395011920044,-0.2273385151433932,0.03766330863341683,-0.15649455990552635,0.2641018251874661,-0.11665682566104352,0.010673830112671118,-0.018240589412421432,0.07581954081128847,0.16213154166574303,0.1059503489358615,-0.20404495559456132,0.20602309848596295,-0.11989407987940906,0.17427608151980056,0.14762354828373533,0.06520012171946887,-0.20454231262960404,0.18771923107151423,-0.07025671925726941,0.023111786434727936,-0.045820931315154675,0.03447119541012811,-0.19758737503098406,-0.06014271809247052,0.02940492480195396,-0.006939218859262871
#49,0.22544984815294736,-0.02520358790301941,0.12353034825068568,0.034182615477315645,-0.019396521322066894,0.2106250617162042,0.0423998887596907,1.0,0.27381278175336493,0.6375178095332139,0.45631863093810643,0.29215050491412126,0.07521094346694933,0.25498979289553286,-0.08973667081130862,-0.2131658548676704,0.20980607509123922,0.08743286788399571,-0.2105766963643362,-0.034400259560721694,-0.5260598561533827,-0.06496716194130461,-0.32202094622780486,-0.04576853551729767,-0.5059189114571473,0.10719333847886937,0.2903972609089059,0.29159833381362815,0.11265378670476782,-0.0653621456482267,0.15228677429300938,-0.05346588126709161,0.20726689411816865,-0.10039800654141384,0.18234745265737382,0.007453503767459388,-0.34239565679140227,-0.11465046964771887,0.11870268004506039,-0.13930067731644846,0.2481815635309125,-0.04970466907015596,0.31026816572387816,0.028557725055065968,0.1714055978864341,0.09247737408382925,0.5789070639611626,0.25804809531198675,0.0852378869983858,0.10210610955155243,0.2606896496131779,0.23675686133049054,-0.008110466463666538,0.08803259824715903,-0.2102292719200843,-0.2018411077277756,0.1001980964203594,-0.039057036856413346,0.03519506350975267,0.12284597852175333,-0.08318638998998434,-0.21910753834465552,-0.14664092555161692,-0.16853833860985887,-0.06744024360015557,0.05522557398588941,0.06970212988918288,-0.10044959625007305,-0.19099759583896755,0.09062578719648223,0.07413320220949049,0.3241200024988765,-0.22359745517640253,0.0008338992751242888,0.06980289103890791,0.021169111468029495,-0.13583368767670986,-0.34811647182819017,-0.001973709400813747,-0.13482204573347065,0.19177869627163593,-0.14885767084556742,-0.19088474335127553,0.18282304528407592,0.1546204025206409,0.02308196113440933,-0.44000096730703736,0.34991566291768017,-0.10073978836128111,0.21066536617609422,0.1531887881053478,0.42419436422737355,0.19649673634636042,-0.4620080084961801,-0.26375037029722526,-0.18891949788703868,-0.1921116111103274,-0.1784185739072957,0.14975081767673,0.2490279571886027,0.12677324509343582,-0.12341185313860906,0.05787438308986081,-0.2648176323951127,0.2961865935275068,0.295435318395157,0.2557410680278826,-0.09125292459237076,-0.04938223339103588,-0.3592638793445689,-0.3515754005759507
#50,-0.15968828530721066,0.18355416818648068,-0.3670708532252636,-0.29572228614957385,-0.3186329533294507,-0.21673683001392519,-0.0918163809416331,0.27381278175336493,1.0,0.29007966176497263,0.09405489064392421,-0.021011924074458458,-0.1377650773946391,-0.22817846008750098,-0.2709963060962511,-0.0786069972572815,0.29159913990282593,-0.2750404556016146,-0.01725877276950081,-0.0829969590285013,-0.19619928943237214,-0.26674821602384413,0.14858601878590874,-0.22287278098758018,0.14759855951860354,-0.3931059221358139,0.23526559631456018,-0.3528562763112552,-0.0008717854674208975,0.03630101788913452,0.20236345352795013,0.09841663929322099,0.3139149132547262,-0.01077217299480274,0.1222639821209416,0.38093881178421796,0.30758469478440137,0.22589319721173748,0.18686880696783503,-0.05142083297227255,0.2017282552400836,0.3440642614308486,0.04058376979704689,0.23731548114456605,-0.49455466594656033,-0.319381810194207,0.1386872434369225,-0.08553614000157188,-0.2920731203511325,-0.17617361549142221,-0.18978120723948708,-0.05496923762098895,-0.45729399886744465,-0.26328364465169896,-0.4066103344665604,-0.053540847562487025,-0.11908557241401548,-0.2419940228485983,-0.08424881555268499,0.011706430375053152,-0.01028368294093583,0.07806611140555758,-0.058703042785199396,-0.03541431977155432,0.09023967047073594,-0.189398314870532,0.05866193223611159,0.055437575444910854,0.05212213057435871,0.0763628449306058,0.16487546929505484,0.017627155532895494,-0.33182057260546166,-0.2738700140864087,0.1505303059310028,0.10113960860339001,0.001558573463946653,-0.26857884459204834,-0.3227359473462536,0.06935631762332661,0.20034661835505407,-0.2736515639138049,-0.21348264792240584,0.03948507022044524,-0.12473222724460575,0.3264737829564531,-0.08275674444755685,0.14547773883919124,-0.03063098647180804,-0.07294744499952642,-0.12520620769291227,-0.05016897644808886,-0.10189168982493758,-0.2268161693432187,0.13524524256231574,0.2357548924576249,0.0004437521033890005,0.2623792125717671,-0.07848366561001807,-0.17227456204166272,-0.09096515074875611,0.3638311807393047,-0.07430892965461093,0.13874366968076854,-0.20652932250218148,0.15060607831559603,-0.09729133877309194,0.09919854581508716,0.24926978394794275,-0.14329968582673516,-0.06351297702847308
#51,-0.07896409477190698,-0.0006235099944984412,0.0812243688825387,0.10171193193382813,-0.2696968903093972,0.0463690719696588,-0.018936244390122987,0.6375178095332139,0.29007966176497263,1.0,0.4745684903763026,0.10964384964018194,-0.0026725887353065054,0.009644454207080284,-0.1465353278667051,-0.16769678148735548,0.45812185247358544,0.06728305620658454,-0.4061734341213527,-0.1346898471050314,-0.5925162678876231,-0.09195744655124813,-0.09179461653329249,0.05730609020541168,-0.24574233761836917,0.1037787446369878,0.46468583681127235,0.30441353988025543,0.14070810905580758,-0.13725562902162938,0.3974821803906711,-0.06411512565922982,0.3381959320708633,0.004687005640609161,0.3330450220969201,0.010481174794396874,-0.15605685347112086,-0.1288964840404415,0.22152016331367147,-0.07779687761349233,0.28247662845132127,0.07477484921093944,0.22523381624793692,0.05396323830213432,0.0022574527984394114,0.169130814170242,0.6029341646799926,0.3103141128081528,-0.16485692924350545,0.07905518285125841,0.1907380351172759,0.2958351386372659,-0.05790017794419042,0.23594996604349255,-0.28900272659671156,-0.1373120552654754,0.04083365744836495,-0.1677757782287399,0.07100638221122359,0.22678956839969128,0.04174937477706596,-0.11513089880960778,-0.22854361849410446,-0.26260411145795337,0.08469216461147508,-0.15678797637352562,-0.05099038134064725,-0.06430133226392167,-0.3549682300094917,-0.02976121622738164,0.08640832851359168,0.24200127765137852,-0.6289216743278727,-0.2445541621408117,-0.10322415526890127,-0.10660892381046425,-0.11115929733204628,-0.339592884650651,0.13852844386495589,-0.09016792853213172,0.25594339641653047,-0.3371641378976791,-0.1911765476408792,0.12947525608446203,-0.11795624144789742,0.12204069541315095,-0.4320964566334088,0.4015996840130345,-0.16182845212737015,0.05810170024364046,0.11621025224546222,0.43773988710720785,0.2397410035407468,-0.43860401472724964,0.0015432577691884496,0.11203632237925287,-0.16275706688323596,0.029278368797899332,0.2392791144304073,0.3847782146333403,0.18528725996175108,0.20067227839096535,0.07674170685357189,-0.1528179870743597,0.21690127221027644,0.40587195676137544,0.23108199337797725,0.07199464756772661,0.08490497215969434,-0.30966682318231925,-0.2546979886059292
#52,0.10381179429409762,-0.14194303770683744,0.017415960163071845,-0.0027806046878117298,-0.07928814262942266,-0.21257660366407846,-0.10704340588807855,0.45631863093810643,0.09405489064392421,0.4745684903763026,1.0,0.24160871221204983,0.2630047377892601,-0.10428980518839312,0.15906679053570674,-0.11903962532974086,0.09930898003518579,-0.026435292197258087,-0.14575261525564112,-0.10150879745598249,-0.2545851361182372,-0.045646009959232035,-0.1562930376060763,0.03734973993547256,-0.18873329128234684,0.032621220701176686,0.12150061565062482,0.12863047460516744,-0.00238400880249404,-0.2250887201923329,0.09698824923471906,-0.22398437799134663,0.12254450116177605,-0.10709015906155095,-0.014927562809462681,0.035935859482531037,-0.2585180453143043,-0.06478740405019517,0.03335476187117486,-0.23734853080167587,0.061113249486621946,-0.019638348081406947,0.0901195631802637,-0.004763584114400179,0.18078122134604804,0.10350789866652695,0.2984742746708637,0.25109557598096016,0.025060104025810975,0.20982139078599743,0.08564093159728589,0.17621633821890562,-0.05023668794070408,0.00015920261656553607,-0.1465643470778259,-0.21555993978513693,0.14107810399759785,-0.02980796940085405,0.08046422676901313,0.08996398796508828,-0.13580063801960005,-0.1837000703312825,-0.10134354917043345,-0.22233108904665846,-0.11474881252985049,0.05138778331516274,-0.11092875582147542,-0.07294663891032863,-0.1859901697422328,-0.10393351376296545,-0.13547094753769978,0.09165355092367745,-0.2568663685480117,-0.10565370811107103,-0.01695326496353454,-0.008541724184489634,-0.17284607928290305,-0.3339010888249839,0.1400269636836664,-0.24339903632036403,0.16930976597215364,-0.2549196631353242,-0.1315727001771381,0.19700618471937012,0.009129363209685968,-0.06393456167892259,-0.4022526162632526,0.09274902614348791,-0.23327939253118055,0.013482244877806953,0.10254623425355133,0.19756399844424785,0.17757540460639673,-0.22592705295804508,-0.1324344095295865,0.06612389994014788,-0.19099356539297857,-0.08272691914723823,0.005792153930793212,0.11929918605143253,0.08453255895031064,-0.031219431586202172,-0.1337733236871326,-0.22365226924185297,0.09123841498681036,0.09241852957238983,0.08457689385618966,-0.11282225934710806,0.026851234223322983,-0.270802844688779,-0.21953879606547863
#53,0.1899005084407615,-0.5068201191802879,-0.03705471128907769,-0.09821834135056215,0.4593608115706043,0.15785846282820426,-0.10205855028888222,0.29215050491412126,-0.021011924074458458,0.10964384964018194,0.24160871221204983,1.0,0.4087069724700387,0.21962665978803886,-0.14393327193620611,-0.48924656857904614,-0.05188272208261205,-0.06414736922714183,-0.14818458636540427,-0.08912323693178269,-0.19943976800752888,-0.29475336693381804,-0.3492756280946268,-0.1143425435741592,-0.21771622838925242,0.014231101742563323,-0.08328473287211596,0.09741950695554216,0.03824208067743736,0.000189834006081943,-0.17078732747172137,-0.14618226079806862,-0.16359459355975037,-0.195687422791769,-0.11635131785507725,-0.06893392688367932,-0.11155025059297936,-0.12166828220376726,-0.3991032257674473,-0.14692386286004477,-0.06295113285760635,-0.030362558768940576,0.2052129788421738,-0.02905911253609768,0.3817158817708974,0.09198243531637994,-0.0019712911332203467,-0.0392714565830282,0.3165532431991262,0.17159664102631278,0.023247209419958365,0.21959522230932463,-0.02014295991922986,-0.11797155714265561,-0.03713854456564891,-0.28943962694191927,0.06240218611390443,-0.13025958087392162,0.16314560187657565,-0.22598347920189107,-0.10663068821880485,-0.2653714156740014,0.10102756220489578,-0.106444481614113,-0.3408914943483071,0.07676750170790149,-0.08902570013884886,-0.08488562601894713,-0.30887524359007945,-0.22009580370115855,-0.35430884904569115,-0.20862434832726415,0.04168327546284634,0.21568972014598276,-0.015218561009868547,-0.09781126630567305,-0.17329265269848435,-0.2873373463140564,0.2198112542143351,-0.1549936218192224,0.4185331997912229,0.40636125290444014,-0.01227472325950228,0.6363981516374695,0.5786483093286687,0.04002676216136697,-0.09609349022516087,0.12638309792170052,-0.07112245905570681,0.425927456002644,0.44785066391521555,0.39787393974080204,0.3324033750954712,-0.057867128287080606,-0.3117247689043031,-0.4119845311482942,-0.1262815306827777,-0.3395155000876622,-0.09956531640008626,-0.04241842881124011,0.03942300135221463,-0.17281141744739764,-0.09650459571603896,-0.21859808997164581,0.017221692666402,-0.17359332396926383,-0.08354913012899443,-0.1285361621690248,-0.19403090949028964,-0.35211548033847684,-0.34845825364805744
#54,0.1677306372336631,-0.267926718431028,0.08313560637052293,0.11649318955389008,0.38654113170892923,0.06649550706033376,-0.031941687507431135,0.07521094346694933,-0.1377650773946391,-0.0026725887353065054,0.2630047377892601,0.4087069724700387,1.0,-0.05118142448052589,0.07234690854716529,-0.23590643722681134,-0.02357609381266084,-0.11847616898047854,-0.10565290202187323,0.0002261080199829512,-0.023882407707824908,0.028105509015100064,-0.08299534685010569,0.1130229755573603,-0.015556312383746823,0.18109640222238793,-0.22946659062558566,0.22401742764845645,0.026020156260390993,-0.18028467040020313,0.10873699929265673,-0.23802725790622362,0.053366732295762186,-0.1805788929574002,-0.057598700584213146,-0.21435806079121686,-0.09940974118491082,-0.18119877555050853,-0.13219661321623544,-0.12233491797034801,-0.21982495773069768,-0.17541508555629223,0.12876347932280446,-0.012419819315106313,0.34993420296922956,0.2794231625700542,-0.06277056887729912,0.061436491254939815,0.15701609961650306,0.23941131305884653,-0.12006577687854049,0.3222418146680021,0.03104612240867513,0.0238429093371327,0.00953643825457506,-0.13458505550931738,0.14521334158231278,0.14819264725738227,0.15782783143868784,0.1863029323509793,-0.3553212970781282,-0.23457155351525424,0.10401009223675646,-0.1978138860955659,-0.3526321835142668,-0.08687989069430478,-0.2721667476114569,-0.12309586617307137,-0.3024055716885352,-0.3156157614620846,-0.3709602336046495,-0.13055057907432746,0.0746297531553354,0.06201365112056475,0.0639982427255488,0.051489350554085565,-0.15697660124581087,-0.10977282391182996,0.10494838006299587,-0.18562742960322273,0.19394304576772942,0.19233247955052465,-0.05348200305104761,0.12086702954115387,0.35117961077983084,-0.3086503447038932,-0.20369108243672704,0.01289299367421502,-0.22325970380252427,0.0953712343039319,0.2035492107379142,0.06778847413360525,0.3372721538501843,-0.1562640183949555,-0.13710569643083856,-0.2012308982050409,-0.29267768724948257,-0.16278689218355458,-0.10790753350812034,-0.04407171775592828,0.21651918593051914,-0.053049133151828916,-0.0591681562523301,-0.10603901874761952,0.11366220429121585,-0.033638505268800516,0.25528885198791673,-0.2703345068648571,-0.0683970714779444,-0.17067044453804037,-0.1761284744963454
#58,0.14326663616962534,-0.061113249486621946,0.06967230458886428,-0.019979323812076424,0.3387674493121036,0.4512410750811631,0.1673292048131586,0.25498979289553286,-0.22817846008750098,0.009644454207080284,-0.10428980518839312,0.21962665978803886,-0.05118142448052589,1.0,0.0644569074790971,0.11544688577514545,-0.22508710801393728,0.12547785975257092,0.05373995159434367,0.2472602035778269,-0.16758715335645466,0.0873804720861387,-0.3523129721919379,0.09194454912408333,-0.40103461548537656,0.2670166437267116,-0.19230426642860166,0.14991042333789445,0.18560163474889313,0.18901703467997252,-0.11279082186839384,0.06913544918312936,-0.13752566890289245,0.033707828939811335,0.07244283316170351,-0.10315644377628606,-0.2546834790003688,-0.043598543396819574,-0.07306190966561404,0.04036370744604744,0.10977040564423657,-0.12958246594776945,0.12430903041576066,-0.19566807665102182,0.18390884743351277,0.05301447131632351,0.041930744846571,-0.06997861848402835,0.2775780243962896,-0.08145491039310955,0.1624209276877533,-0.05014963030734166,-0.009190625988718781,-0.0042501052954014625,-0.07972907342061936,-0.13306074083627722,-0.021838971591401447,0.0988873953847363,-0.05655078462707291,-0.20944414104142695,0.10100740997495078,-0.09736227462249836,0.11293269356720669,0.31849108163063783,-0.16977890988527336,0.2198467221390383,0.4895714225257596,0.025007708227953965,0.19659910967448102,0.37116820461768196,0.12291046565757734,0.19146673975208728,0.26115153872351743,0.4030828881369868,-0.015592586397647832,-0.0648776860403488,0.04787726485874295,0.10912069775080961,0.20498727386678972,0.17814934011523045,0.016391420792667814,0.22439548348222474,0.21737283439098953,0.34876779190001267,0.41260763809819373,0.043862134564500235,0.07912450652226923,0.06691144908639865,0.14163188727648657,0.21438143737795307,0.1757213994514563,0.32302291510067044,0.05774702099660838,-0.07773722701285511,-0.2960100599931885,-0.36221174754092417,0.13612791023390694,-0.3334980442260838,0.0454638338005292,0.06545403981677593,-0.11377505677890787,-0.3464446428319526,0.08286637257845766,-0.1672195766822578,0.17980424123831423,-0.12385762046499256,-0.04807153235541279,0.00024142371474115468,-0.1968627008421617,-0.07257341961174714,-0.14707057109404442
#101,0.012352913911688898,0.21312958085376937,-0.0807415214530564,-0.04022022356883901,-0.0044467910596647075,-0.17201580740916886,0.13343879667004552,-0.08973667081130862,-0.2709963060962511,-0.1465353278667051,0.15906679053570674,-0.14393327193620611,0.07234690854716529,0.0644569074790971,1.0,0.32556612651973005,-0.08878790382549781,-0.13485509539058044,0.4555899263032951,0.1456599149978941,0.42753479786305754,0.24915612537105294,0.06730401452572735,0.18287463499273512,0.018090656821630597,0.06701301632532147,-0.28024859790860157,-0.1761445962803014,0.03667343109851821,-0.0944966275243187,-0.434846832976303,-0.1024220965170901,-0.40944131972923464,-0.13307766870943105,-0.10978491524979697,-0.05112983477186668,-0.2822533417435306,0.055993776991392984,-0.1258438242483722,0.09434588884433007,-0.1315009582385339,-0.23193483574924983,-0.3002283247652769,-0.13970210973695293,0.04048139646892627,0.20414571674428633,-0.24494833975853597,-0.17870876601850377,-0.1319572047244888,-0.11695507866422959,-0.024181466800208776,-0.16186633831966676,-0.0874320617947979,-0.06989236693986373,0.46727741358219993,0.057149708901038446,0.1912104033871868,0.13240861467525689,-0.25015970642231417,-0.08777061925787398,-0.1334355723132543,-0.09840616013364958,0.010379607555474051,0.056717645091017545,-0.12220916805549117,0.24028995028444872,0.08090112711422083,0.19002867662321174,0.29526684575281675,0.11072965178961879,0.004140477164500638,0.03060357943908283,0.1995703544575725,-0.06442547000038289,0.15766661359912781,-0.09856415361641842,-0.02079186172345901,-0.13752889325968365,0.43901108977213876,0.024356388156131416,-0.18688895919778004,0.006126680947880288,0.11028630273082868,0.010253857640617222,-0.044186182422015906,-0.33351980863442443,-0.18388144040078755,-0.21214695812165096,-0.0640063036175268,0.14811687487278904,-0.028398119393901532,-0.171809448574532,-0.2119970255308601,0.10641788067058561,-0.16361958232488216,-0.038755559496436075,-0.12056474609197881,-0.10269294248755095,-0.23806111365253121,0.10938428891849028,-0.34721687628344516,-0.3382112477656215,-0.18823835251489754,-0.1483869147540521,-0.12470078976589155,-0.21839817985059137,-0.19942606449116626,-0.24482178375448135,-0.27499047807135096,-0.12908833326951794,-0.22727886454275598
#102,-0.16286991937092798,0.46114468696533617,0.07780816286226153,-0.026153967067225822,0.01160969967131713,0.024463598019438842,0.15785443238221525,-0.2131658548676704,-0.0786069972572815,-0.16769678148735548,-0.11903962532974086,-0.48924656857904614,-0.23590643722681134,0.11544688577514545,0.32556612651973005,1.0,-0.2109878018552143,0.3792839106611342,0.409330885509136,0.5430860721893181,0.12660154809430438,0.6239110238743468,0.04571210927345165,0.5059737255225977,0.014287527986409336,0.3028505329257209,-0.14949286913343396,-0.02040010237332812,0.21117320237070833,0.22109696648482638,-0.094043605395155,-0.0032561973145138375,-0.1571740930992719,0.22897003967974075,0.0979990850887605,0.19128053314739543,0.02092567253029384,0.40742206628874517,0.2545133941796329,0.41226988672431547,0.0631115446079686,0.21448542288446928,-0.1544656333946633,0.10811631061035058,-0.27277615104499386,0.11897916863990585,-0.08155486545363677,-0.03082444787928008,-0.38132009197477745,-0.2300131191016942,-0.15440759497242168,-0.28190672338847655,-0.15028122436888253,0.06370563234674732,-0.018641215743728123,0.33883113035872986,-0.33930188645024517,0.06628189342291671,-0.3105341751591522,-0.07179796180346336,-0.17000864530664642,-0.010271591602968826,0.12784614981570785,0.30569683388315333,0.1810020897862453,0.11801992249452363,0.21306751198553875,0.12126040106968036,0.590818644037056,0.5453777837786641,0.4508493157310322,0.323641991604581,0.1254883389121423,-0.007774327268183861,-0.1881246939380077,-0.2008302718737342,-0.16185102262490855,-0.03785032132730647,0.07653937846492403,0.6045092629724942,-0.20555153630524986,-0.13645034591302702,-0.1258559155863392,-0.2801808864159864,-0.11251030282755939,-0.3157132982550184,-0.020861185394469826,-0.19671841087575545,0.3017961682549983,-0.2673189271758866,-0.1161473772880338,-0.28766058808237427,-0.3960779730081032,0.03465740201481995,-0.025458312089524267,0.06485995207799719,0.46953607551443605,-0.028094223766330865,0.19926968318679303,-0.018705702879552137,-0.19150059549839488,-0.10732473101811081,0.14329887973753735,-0.058520866626496554,0.05055670535223075,-0.1876410404193276,0.033875495492953774,-0.16682298079694008,-0.1995832518847373,0.1279718997305647,0.13294143963500282
#201,0.020559708034492558,0.07454108334357738,-0.1015732845918065,0.0003744284323781848,-0.3532689939805289,-0.11381858559558908,-0.08149279658540616,0.20980607509123922,0.29159913990282593,0.45812185247358544,0.09930898003518579,-0.05188272208261205,-0.02357609381266084,-0.22508710801393728,-0.08878790382549781,-0.2109878018552143,1.0,-0.131089046658458,-0.27112931081388814,-0.20071741938604215,-0.17537639327479781,-0.24046728990796476,0.5463999048814746,-0.2133141752800656,0.28551639081622576,-0.207999629198969,0.3493207690897036,-0.07026155579245622,-0.027917690232012623,-0.16967492437875714,0.3164887560633022,0.0833983914490058,0.4785247761591059,-0.08191760559264685,0.25983841942030095,0.020326748256328304,0.2123025333368264,-0.013965092307289264,0.16182119732458997,-0.18901381032318132,0.048067501909423785,0.019711702198406764,0.1249539017740008,-0.023852582407506304,-0.253839503610272,-0.09975877780755829,0.29534261813741,0.03593908383932224,-0.07214780451530864,-0.2501073106244571,0.3089187724067607,-0.043912112094763846,0.05950993807219738,0.013084036814093664,-0.031166229699147358,-0.11982072576240924,0.06065780908986484,-0.17250026701704677,-0.16277157648879637,0.058527315340078954,0.06856635020948243,-0.02927353226271253,-0.25049262126100563,-0.08512181015390258,0.18745241554704237,-0.08940294988341935,-0.1360416586897423,0.09706482770851009,-0.13876624017830694,-0.02238227571071877,0.09030980023094455,0.12992182950004333,-0.4001164798890821,-0.19550444054386837,0.10716270708935298,0.062378809527168226,0.08889108324281624,-0.04037499269481665,0.06967472285645768,-0.17511844473150176,0.02486099999395433,-0.3657472547624757,-0.05911817872206649,0.006176658478143899,-0.4175965241433791,0.0830042138312815,-0.31840966662166004,0.15812850270946732,-0.22791325674142474,-0.026860101204498783,-0.07821685008554621,-0.1448973546167751,-0.004683781283817961,-0.455162699028461,-0.11976268734016762,0.5351509301261731,-0.20371123466667204,0.6020603639895773,-0.006392690383154348,0.33525128823129924,0.09930494958919679,0.5772852124951886,-0.04252563867454753,0.5043051208831513,-0.2551574594486753,0.6162854200631571,0.0035375224445461013,0.09211463394481917,0.11853340131352234,-0.22969955040374992,-0.22317587052595306
