,#10,#11,#12,#13,#17,#18,#26,#49,#50,#51,#52,#53,#54,#58,#101,#102,#201,#202,#301,#302,#401,#402,#501,#502,#601,#602,#701,#702,#801,#802,#901,#902,#1001,#1002,#1101,#1102,#1201,#1202,#1301,#1302,#1401,#1402,#1501,#1502,#1601,#1602,#1701,#1702,#1801,#1802,#1901,#1902,#2001,#2002,#2101,#2102,#2201,#2202,#2301,#2302,#2401,#2402,#2501,#2502,#2601,#2602,#2701,#2702,#2801,#2802,#2901,#2902,#3001,#3002,#3101,#3102,#3201,#3202,#3301,#3302,#3401,#3402,#3455,#3501,#3502,#3601,#3602,#3701,#3702,#3801,#3802,#3901,#3902,#4001,#4002,#4101,#4102,#4201,#4202,#4301,#4302,#4401,#4402,#4501,#4502,#4601,#4602,#4701,#4702,#4801,#4802
#10,1.0,0.4433623592618641,0.596812723311898,0.5214119458388669,0.16851173766633146,0.1898553674456847,0.2114432422519714,0.7173262827398166,0.010413463301781658,0.44526150541188136,0.6214016682015948,0.10854515006358029,0.41520002095831915,-0.02551715660096368,-0.20746599815002528,-0.07916481098215923,0.5026703719900125,0.27174032642582063,0.03607450682455267,-0.11013072751565324,-0.1660249524911179,0.15460750509347612,0.24458237526273469,0.1055239277502252,0.2367117203354137,0.3500784929356358,0.18470929400692834,0.36022957420353346,0.2018467503521602,0.12074289180469265,0.06029023241566796,-0.14723178893360445,-0.07394699560479864,-0.13934017568714066,-0.16888495696491296,-0.14268463976881363,-0.1796817156802486,-0.13619723390491775,0.23029525032092427,-0.00044617037098240107,-0.1139290198156877,-0.15031911056117914,-0.049759483135606374,-0.27482845414259316,0.007142353337108518,0.05329660253555357,0.11539852042327743,0.2415006962595446,-0.10077041975079752,0.049796563238705176,0.041701815514395744,0.22853958804811547,0.17854271164375693,0.3582675530960878,0.06786424651819847,0.1457364934716851,-0.2119285079490471,-0.20679371975905994,0.021626970132379998,0.06475677266067877,0.16630144108596337,0.22373045989403959,-0.061210786279555764,-0.06432873929664687,0.35383164424059343,0.27719351984893886,-0.09230325881710441,-0.1650890829324719,-0.03586492363312462,-0.2105533197776,-0.02000914911239503,0.10460740433232639,-0.09809742797089212,0.34496063261880244,-0.3072888600488087,-0.14455879715369904,-0.2968870850403951,0.012781753364918595,0.025751728557523532,0.0012772483339143893,-0.05530940726246063,0.09727763525672933,0.13432227043083453,-0.1823651866197254,-0.0975879795978824,0.25946761838931287,0.290190902074269,-0.1284555532492448,-0.10427690776122832,-0.19187139652938295,-0.05187304901223845,0.10219639154170605,0.08990191909685766,0.19914635153952961,0.017374043524786234,0.1650995620920433,0.2922722243829891,0.14784925325911938,0.3929156850851331,0.06924024077884339,0.09377759595988094,0.20062230086070174,0.2851939551371057,0.3152562456798657,0.09526805488661348,0.11211290085304389,0.0847332751605629,0.09961529393034986,0.36924326361333515,0.07591062889063989,-0.003965555808577998
#11,0.4433623592618641,1.0,0.486927449956975,0.35817001630315404,0.09422981199984684,0.010864873252549761,0.4928796125935315,0.39834792018910853,0.3757435669043958,0.6145587770014691,0.4040348794795888,0.12661847596745818,0.39668898862003577,0.14004308546762242,-0.2512035919334654,-0.10200051186664061,0.4627044695630795,0.3479931401809267,-0.13607309616845653,-0.1757278481650387,-0.16702772745318134,0.10160794642731191,0.02198567982540108,-0.09431686963320926,-0.060058884815899306,0.0032110563194370275,0.25763618373191083,0.2985830967125667,-0.03830898608085478,-0.15910709499559675,0.050271349776209485,-0.0028789475699433523,0.047255770087239,-0.15684117826058042,-0.40544795384333254,-0.27306070053181736,-0.3788268580859815,-0.23009453411067202,0.03414714755261244,-0.2677066560800285,-0.11004205770389522,-0.17196260552211404,-0.18372022256122753,-0.2613651523609345,-0.029905506193787873,-0.06756841178260581,0.14331741978908677,0.06862116427493284,0.12118301650669155,0.1849712729962134,0.22718697037420676,0.2719773166499739,0.25759507318282304,0.1791980621615685,-0.05892874776058345,-0.15265193269961289,-0.2061069317625342,-0.3700114666188387,0.05177954266529363,0.10147977824486168,0.15022237985744313,0.21351569757951566,-0.17098804368197362,0.05414944490682617,0.4608730349056775,0.27356370019124465,0.1545800980607509,0.16142943797445905,-0.12352631780469668,-0.17726425417604585,-0.02530757340953563,0.06557092275045695,-0.21375752433885573,0.001452975779034829,-0.44564762213762765,-0.18622554778799047,-0.201779038859545,-0.09671337281826921,0.04481331981790445,-0.013679736731267999,-0.07118372183473963,-0.10774712175775811,-0.10106464230799458,-0.01570866324213106,-0.08172736854196601,0.1739181779159773,0.210617806913424,-0.06997620021643496,-0.22327179514049128,-0.08548535638211047,0.0021478246675385865,-0.058865066713957234,0.011321119738504665,0.15788103332574266,0.10177158253446535,0.2548833891214232,0.08105267188340726,0.3331683537441836,0.39755069797248416,0.36136615997243177,0.18478748465911496,0.3188618826616259,0.3862968866819958,0.2676421689442045,0.18179205720008948,0.29470983811713686,0.13460520773926238,0.13842687662603306,0.34622377439175533,0.2251064541546845,0.07978549966446537
#12,0.596812723311898,0.486927449956975,1.0,0.5865084850964184,0.11842457927181932,0.406579703077044,0.24704658994040984,0.4722695239841765,0.10568030905459844,0.5819226436501331,0.5305167233280199,0.19323610554125867,0.4171056158219188,-0.008998776759642339,-0.3192947525608446,-0.21122721034696093,0.6441148435280106,0.5918528564778336,0.03218512644516679,-0.2384754435002005,-0.24031816340637174,-0.06327598680431983,0.0732843902842069,0.025689659689292918,0.0715053514246619,0.08986080854776986,0.1810488429597177,0.30753552334333556,0.0842907321909706,0.05998956114488849,0.18959338845639964,-0.025226964489755616,0.20780697388069477,0.04397498705219226,-0.1907452899200561,-0.26030917551181626,-0.22899099799888356,-0.2789935170276267,0.11909605157358688,-0.1752038901864686,-0.11162602297757258,-0.21609518301247624,-0.1465804688617819,-0.2913379670027387,-0.06678247481475062,-0.13859615535757108,0.05856197717558437,0.14891651535700684,0.05378751085701388,0.08449628493640964,0.24296616642114532,0.37622722042307594,0.2445968848682951,0.2845732664547996,-0.03129520397079539,-0.06377979255294494,-0.25313417556219686,-0.37808767429159873,0.006511991584428775,0.15435116872857566,0.1867809432452748,0.31042777138504263,-0.004696678710982764,-0.05349973701339922,0.42255639097744363,0.26050908563287073,0.07597834038325511,-0.15479451778736575,0.1103878699697515,-0.19574626730320843,0.14979918302859804,0.15125175576303396,-0.18223298799128618,0.20035790360382327,-0.3586085288267573,-0.20447540722618662,-0.2794957105978562,-0.07916642316055483,0.06867114180519646,0.046684252845998676,-0.029769277119359644,-0.05038259008550591,-0.010531958413858285,-0.014882421814385871,0.023290738236639574,0.31383752869173737,0.24656616077852095,-0.0785570197270179,-0.2556169302914214,-0.11573869006474911,-0.10874264191704133,0.12120316873663656,0.12076143185624205,0.03695314405015487,-0.07873194108294053,0.33479584783454214,0.12682322262369944,0.4651219310672822,0.5797502332620617,0.23173411953899758,0.3297626268834778,0.47734546766272423,0.4166687154767111,0.3579467295953634,0.3373035913288985,0.34817531633962956,0.314847558456581,0.1315469053228085,0.2550518617637635,-0.023240760706375964,-0.12003192113223289
#13,0.5214119458388669,0.35817001630315404,0.5865084850964184,1.0,0.042408755740866506,0.29742313435693224,0.27948845579507603,0.1849535390338618,-0.03985103471624653,0.7331506197818319,0.44528730026621094,0.022021953839302087,0.2459188711526874,-0.04643597737307622,0.020550034964118953,-0.022045330426038293,0.5131858055753159,0.031184769750696763,0.10255590732392493,-0.058084772370486655,0.012162676861008056,0.03940768565745643,0.22068666708314608,0.005251268079069289,0.2066824794497635,0.06831807473655997,0.1338821457288356,0.2083720424083527,0.03956245478343406,0.14326502399122976,-0.044610185340058804,-0.03256721272492408,-0.04556862539624322,0.11803604427847963,0.13731850397905782,-0.03726751883729694,0.12034387765178156,-0.1019876144394758,0.09437168369865967,-0.01769889747149971,0.07080244164418013,-0.05093556727519684,-0.014162584160750308,-0.08575459017417572,-0.16653117650733643,-0.1924953095684803,0.23703012556854477,0.3409664606437025,-0.04319711097631508,0.03864109483034845,0.190273727739343,0.3092194436775401,0.043937100859895654,0.15737319713112854,-0.08469216461147508,0.005461657359695137,-0.280424325353722,-0.1563543003851091,-0.10586329130249908,0.019980129901274225,0.10986552416957698,0.11986103022229924,0.2057135602340077,0.03433416024650208,0.15376030534658813,0.1369049802205863,-0.02503189090388797,-0.05051801307073634,0.0008717854674208975,0.03024728801365515,0.043213232760271086,0.22415607499047807,-0.12775909218234544,0.17331119275003376,-0.11836170431439091,-0.02017359130874627,-0.15004665241232268,-0.09509152135229523,0.12215757834683197,0.11671486408328513,-0.14688758884614378,0.1169808735185592,-0.13565796023158944,-0.1756875437051487,-0.06124222375826997,0.014955775931385688,0.06562815508350077,0.05948172495027437,-0.017454652444566253,-0.08171366502560341,-0.06658981949647638,0.029144557991064503,0.004275094060533269,-0.11917343613657569,-0.12036806032771556,0.046419855589120214,-0.016054475507987335,0.14771624854148235,0.3616257206941234,-0.07029944198475283,0.18483907436777416,0.09432734879278067,0.15277123390088732,0.15930619902745338,0.1037714898342076,0.09327943283564043,0.17686443393393697,0.05902709064271507,0.15388283090465377,-0.14850540986612873,-0.14688839493534156
#17,0.16851173766633146,0.09422981199984684,0.11842457927181932,0.042408755740866506,1.0,0.27694846873280765,0.006291123144231525,0.076366069287397,-0.003681812410952334,-0.0768037757218025,0.1938213262988616,0.6248686578413334,0.3249188368938965,0.1960711212499219,-0.48243592094683235,-0.3033317681768076,-0.009177728561553978,-0.07040423358046685,-0.2052097544853826,-0.25944182353498324,-0.524888608548979,-0.282078420387608,-0.051494187089272364,-0.009373608236619422,-0.07590498626625529,0.12818712554637735,0.0042621966333684655,0.01858881994587111,0.008351487133808792,0.14668526045749591,-0.12050993202652839,0.09883016305169248,0.11990455903898045,-0.08230452840759095,0.07617180179072715,-0.08505651692888076,-0.08769887731926976,0.0008024617964100817,0.09453773807340651,-0.043064106258678056,0.11907912370043307,-0.09113039903430514,0.4467310060194711,-0.017364370454412633,0.328777585883766,0.21780167384421922,0.020243721068954886,-0.012369035695644902,0.09080957553358067,0.22367725800698476,0.18705904401851586,0.21576710470897156,0.19851598978684987,-0.008607017409511449,-0.2415047267055336,-0.2816947219294551,-0.06441096039482248,0.033707022850613534,0.39968119172227,0.30445061998335426,0.1474760339605379,0.022104174937477707,0.459475276236692,0.3219121241861018,-0.15726598726782112,0.06263998242725549,0.11049991636824573,0.09983616237054711,-0.31308625355938763,-0.11686882712006497,-0.26999594940178107,-0.20561682953027166,-0.245815691735369,0.07694725959901093,-0.07365357913679939,-0.0635742398075059,-0.18867283459251183,-0.04006545444286137,0.23074746636089016,0.16307627820556483,-0.012501234324084131,0.4175433222563243,0.1823522891925606,0.33316432329819456,0.49772662693990405,0.30923798372908956,0.191100775256286,0.4106327195635833,0.12823629698744315,0.48437375937834404,0.3839503610271995,0.556778303303152,0.4773841599442186,0.2923068862184945,0.283014289946254,-0.26016569163460784,-0.11110770762338706,-0.08467443064912347,0.019756843193483576,0.09752591072965179,0.2636713735558408,0.12037934557648476,0.19750434784361062,0.1015531323618615,-0.055165117296054396,-0.10658232286693683,0.00711091585839431,0.10438089326774454,0.10113557815740101,0.17676850931939875,0.20767316307385994
#18,0.1898553674456847,0.010864873252549761,0.406579703077044,0.29742313435693224,0.27694846873280765,1.0,-0.04540015275390298,0.10801313119303216,-0.14601459424492616,0.09865121124978085,0.0591431674871983,0.3509942102643368,0.4022905024555492,0.042557076153261736,-0.24158855998210482,-0.24569639053409456,0.24963574844374403,0.30996991272069213,0.18434171733273144,-0.20980768726963483,-0.5344762334676143,-0.46042565540089836,0.06572972232242359,0.18739598930319634,0.2864240472529488,0.168243309963464,0.11144868335405654,0.09770647470995902,0.33485791670277276,0.37908964316446436,0.33353431823998486,0.22499360166699245,0.18511072642743281,-0.029329152417360744,0.26017455861578365,0.09678995129206022,0.08539265612436345,0.029475054562162577,0.2016887568693914,-0.05550286866993267,0.1668939166463465,0.1434560671311084,0.2339637622601129,0.11599502642964957,-0.05944948138236236,-0.21223320966581558,0.19884648635794794,0.3340429605237968,0.023517249301221427,0.10690878899204591,0.15517015535354065,0.1924187310946893,-0.030036898733029303,0.18099241671587168,-0.22502503914570668,0.011001908416175791,-0.45633636490045804,-0.30879624684869506,0.00847884922706122,0.08711043220487563,-0.028220779770385493,-0.08694599000852439,0.32281575017683584,0.3342831751047412,0.13938370450382187,0.09202273977626994,-0.0856417376864837,0.10271712516348497,0.07493848531809287,-0.10031497935404042,0.04461905232123461,0.07405904200329287,-0.24393266736930774,0.13449961005435057,-0.15298565362750216,-0.29429470218026976,-0.2871237326766393,-0.3011827343754723,0.3140156744044512,0.3772445049906997,0.11367671389677625,0.2486345856600762,0.09213317399636857,0.1580849738927861,0.2428065607599809,0.019286087101968268,-0.07671994244523128,0.10533933332392896,-0.08313883072731414,0.23385494021840986,0.22847026437710466,0.2393202249794951,0.16459091980823137,-0.17555615116590725,-0.21165363153259725,0.028204657986429488,0.11535257333900283,0.20369269461512263,0.35438703969787777,0.04750888209534826,0.3198308018773817,0.38299998186299306,0.3144291981629227,0.02070480409009659,0.15441565586439968,-0.027662159956309964,0.2530156804501202,-0.09311337846089358,-0.07264354937195576,-0.1275890073616096,-0.12303863384002757
#26,0.2114432422519714,0.4928796125935315,0.24704658994040984,0.27948845579507603,0.006291123144231525,-0.04540015275390298,1.0,0.29366030998160103,0.484478550974058,0.5669551794253793,0.28982413148926994,-0.08312029067576472,0.35781291878852856,0.44645129306783443,-0.005939668253990646,0.046065176342088135,0.38130235801242585,0.02533901088824984,-0.035286957678301895,0.060806935591457875,-0.01055130455460549,0.045722588433023056,-0.2703361190432527,-0.3020234854087779,-0.3157366748417546,-0.15767064404511683,-0.023640580948484854,0.04071919278227732,0.05305235750862012,-0.06466971502731635,-0.10412052645685509,0.18311323739528398,-0.08690407337023878,-0.007962952140469104,-0.08705319987183181,-0.15692098109116265,-0.07135703101226666,-0.033931115647601984,0.10036898733029304,-0.0009394969600361128,0.10053423561584207,0.061492917498785826,-0.018825004080826564,0.02269020178427844,0.025546981901282285,-0.08335083218633559,0.10323785878526388,0.013375035014499529,0.057336721594928086,-0.026413527788917483,-0.09735743808731155,-0.0688484814287125,0.03321369626155982,-0.07932038619733467,-0.06856312585269123,0.01019904357516681,-0.05553027570265788,-0.20506385234058075,0.023012637463398513,-0.0485527676064995,-0.13489056331528365,-0.014840505176100261,-0.15027074520931114,-0.021122358294557084,0.2526964691277913,0.19173355527655914,0.40409291790183044,0.3241780409211181,0.1616301541847113,0.12817906465439932,0.20188705481205022,0.29549577508499203,0.044697242973421224,-0.06325825284196823,-0.15075439872799123,-0.024273360968757998,-0.048892937247971176,-0.04142049038436348,-0.02189620392444526,-0.07386155014983183,-0.2493882790600194,-0.04401609760128007,0.0016093570834080646,-0.13355809787131995,-0.08953273024426518,0.08537975869719863,0.03209726272260657,0.05460407921438547,0.12347714636363087,-0.026963280621817208,0.16306499295679563,0.0005848177130040325,0.0019785459360005483,0.04713566279676678,0.12078803279976946,0.10981796490690678,-0.06550159907944614,0.01964318461659375,-0.0622764361990476,0.2048413717219879,-0.09022919131116454,0.06416752145708683,0.09828927719996856,0.04978285972234257,0.017422408876654246,0.17455901882822844,-0.08311545414057793,-0.13577484316527044,0.10612688247017973,-0.005761522541276805,0.005540654101079555
#49,0.7173262827398166,0.39834792018910853,0.4722695239841765,0.1849535390338618,0.076366069287397,0.10801313119303216,0.29366030998160103,1.0,0.3705257515270352,0.2929952863934159,0.598289478722268,0.024610306253438474,0.46982304326885294,0.17071800380071056,-0.17093081134892982,-0.09506169605197663,0.4803288037837827,0.33883193644792764,-0.05137327370960234,-0.15350961160607227,-0.07541488403399278,0.09595645506153483,-0.028632691350461384,-0.0772640526537464,0.09726312565116893,0.08909986034504648,0.10041654659296324,0.2118390320480913,0.2376024488989829,-0.05382620313850829,0.04026133411792682,-0.1747573167708873,-0.11267877546989963,-0.3020404132819317,-0.3299286812582246,-0.25112862563807,-0.34845583538046404,-0.3207844053983794,0.0520890809172489,-0.27234086287818177,-0.19982346646568175,-0.12817664638680593,-0.1796414112203586,-0.304185416637278,-0.003059511550250593,-0.06953688160363385,-0.10021421820431539,-0.04162443095140693,-0.11326399622750255,-0.04109160599166101,-0.04584995052627548,0.03546671556941133,0.06477692489062377,0.05552382698907548,0.024873897421119135,-0.10659844465089284,-0.07852155180231468,-0.35900431862287724,-0.06087142272728189,-0.03301620440809878,0.17456869189860205,0.3037541589164549,-0.25683412498009967,-0.17991548154761064,0.41834054447294866,0.10670323624660687,0.007912974610205492,-0.19177789018243813,0.18700906648825225,-0.20977866805851403,0.26674821602384413,0.24717717639045347,0.16851334984472707,0.2773869812564109,-0.17300165449807847,0.03988811481934534,-0.04353566843939116,0.23511485763457154,-0.0865453636772177,-0.24482984464645935,-0.020251781960932885,-0.07514081370674072,0.2463493227843127,-0.1686584459003311,-0.007281806768327949,0.44620866021929656,0.33566158763297954,-0.23983370379849384,-0.2131908436328022,-0.26676594998619574,-0.031778051400277695,0.012329537324952693,-0.032365690425474034,0.26983714982981444,0.018725049020299343,0.3116506086981055,0.17124679831446749,0.1938543759559714,0.16898894247142918,0.060362780443469974,-0.02441603875676863,0.20356694470026582,0.18347597753429407,0.21050495442573197,0.07628384818922138,0.1294365638029676,-0.03127263347325698,0.12663217948382077,0.419799565920967,0.09149152699491962,-0.09368489570213392
#50,0.010413463301781658,0.3757435669043958,0.10568030905459844,-0.03985103471624653,-0.003681812410952334,-0.14601459424492616,0.484478550974058,0.3705257515270352,1.0,0.25899525011940194,0.10923274414930384,-0.07710041654659296,0.13079482410126092,0.34904589267325375,-0.01276482549176479,0.016933918822787334,0.32818188596659165,0.21640955779961832,-0.09064190898043822,-0.03143626958041042,0.16177202588352413,0.006972268516372679,-0.4203138508291635,-0.3210407417632798,-0.31315557723039844,-0.39900730115290906,-0.07176410605715576,-0.17578346831968691,-0.04431918713965294,-0.2886883518095695,0.08907003504472788,0.07575021714027766,0.1191814970285537,0.006600661396186795,-0.1898610100700693,-0.20937159301362493,-0.039929225368433144,-0.21486428480743536,-0.17343533048649498,-0.2719539400632377,-0.10662907604040925,-0.10910860641284262,-0.11111818678295847,-0.20990603015176645,-0.08372324539571926,-0.2012994157868539,-0.09327862674644263,-0.28687142675772787,-0.07404614457612807,-0.2642702978298064,-0.22671943863948266,-0.28273699526221074,0.013479020521015753,-0.34847115107522225,0.04754676828764487,-0.2852794005920725,0.09544620059932732,-0.26202936985992187,-0.1288706891861119,-0.16481501260521983,-0.008985073243279735,0.03779631335105386,-0.38168121993539195,-0.18831251272109514,0.1921438546782394,-0.09636675446321513,0.26420178024799335,0.10576494842036746,0.2039603162287923,-0.0013312563101670015,0.30354699399262025,0.18265699090932908,0.2519943654365074,-0.045995046581879515,0.04750968818454606,0.1568089346926684,0.2097037017631186,0.20581915791891953,-0.09574122924572219,-0.30268609072936964,0.028277206014231504,-0.1633866225467179,-0.0013562450752988072,-0.12325224747744462,-0.047862755253182544,0.18929110500722457,0.03007156056853471,-0.050084337082319845,-0.12607194749134965,0.0009765770631349213,-0.06474468132271176,-0.07625241071050717,-0.23901471717352885,0.11281016800914105,0.058023509591453845,0.32112457503985103,-0.20109789348740384,0.13360807540158356,-0.11748064882119531,0.25324460978229546,-0.08764406325381935,0.19443556626758535,0.08307756794828132,-0.003053868925865992,0.09870360704763785,0.2101809065682163,-0.054820917208593715,0.05466292372582488,0.17681123204688215,0.10479441702621603,-0.006227442097605311
#51,0.44526150541188136,0.6145587770014691,0.5819226436501331,0.7331506197818319,-0.0768037757218025,0.09865121124978085,0.5669551794253793,0.2929952863934159,0.25899525011940194,1.0,0.4696964872647983,-0.01871860030671694,0.35772586115516614,0.1497621029254992,-0.010360261414726847,-0.005641415250804578,0.7087946346702995,0.1545260900844983,-0.032334252946759824,-0.10276629660455078,0.019893072267911805,0.05114756873421829,0.057056202554093625,-0.17195212636254265,0.014340729873464148,-0.08762149275628095,0.12266299627385269,0.09860284589791284,-0.008386955058511999,-0.132057159785016,-0.028770532603285215,0.0216406736487426,-0.03455905913268833,0.10850242733609687,-0.12645645203870035,-0.2172873889360227,-0.05850232657494715,-0.23508261406665953,0.07619034184227656,-0.16726713594492798,-0.01333553664380732,-0.15344996100543506,-0.16461349030576977,-0.22053592840315744,-0.06466084804614054,-0.11294075445918468,0.12105484832424132,0.07705124510552715,0.061367167583929,0.056237215929128635,0.14808382521567925,0.18139626740396958,0.17738436146651806,-0.017998762653081375,-0.08135173097579113,-0.16257408463533532,-0.12299429893414855,-0.2105275249232704,-0.053316754765498575,0.06998506719761075,-0.01514037035768193,0.04820211880545642,-0.007039980008987894,0.013273467775576706,0.3152989684073491,0.17453241788470103,0.18256912718676885,0.1819387654340891,0.07100960656801478,0.05951477460738418,0.1457429421852675,0.2687344198072238,-0.12268314850379769,-0.03766733907940583,-0.26467495460710205,-0.06679617833111323,-0.14998780790088329,-0.10971881593557735,0.12999840797383436,0.0017641262093856995,-0.27729669926625733,-0.08807693315303805,-0.2048454021679769,-0.13652128176243342,-0.17297908400054007,-0.047225138697722595,-0.0029128033162509597,-0.0036439262186557255,-0.1395457284325797,-0.09426044338936325,-0.0291348849206909,-0.07665464922020947,0.049129121382926626,-0.1262130131009647,-0.05616708616892002,0.2874364952853858,-0.003908323475534185,0.36321129814619635,0.2795908291231966,0.23635784717757943,0.17194567764896024,0.22336288321984268,0.22455670132178476,0.3055074029216703,0.1844569880880169,0.37893245577089335,0.23536958182107642,-0.01902652638027661,0.10999530453042282,-0.16102719946475677,-0.16590403911144788
#52,0.6214016682015948,0.4040348794795888,0.5305167233280199,0.44528730026621094,0.1938213262988616,0.0591431674871983,0.28982413148926994,0.598289478722268,0.10923274414930384,0.4696964872647983,1.0,0.03080510173853288,0.3607503078253124,0.2070411891427846,-0.22925620134495983,-0.00975730669477231,0.4325277143542319,0.11671405799408734,-0.04041529715470665,-0.05006015440638584,-0.14288616206826366,0.16896637197389078,-0.005278675111794496,0.03359255818452591,0.04564359169163864,0.06878318820369068,0.024875509599514734,0.16961607986731772,-0.002268738047208614,-0.0036616601810073295,-0.2500468539346221,-0.30348008858920283,-0.1134429480294142,-0.13292934829703582,-0.17915775770167847,-0.25934267456365384,-0.23062574689202234,-0.37741620198983117,-0.04441591784338896,-0.24269935089667347,-0.20140420738256792,-0.14059364438971994,0.005806663536353615,-0.2097536792933822,-0.04824725980053323,-0.05261626325261022,-0.07885607881940176,-0.004292021933687072,-0.09531722632767929,-0.02061049165395397,0.08271402172007343,0.1117138867001328,0.06346461167660508,-0.04577579032007787,-0.14873756355509518,-0.24006827575505368,-0.08849368126830075,-0.15736513623915055,-0.1686270084216169,-0.11128262897930971,0.2927308891365374,0.3018074535037675,-0.01460996366552941,-0.18961354068634464,0.25332602479127325,0.07515693549069673,0.09506733867636123,-0.2415015023487424,0.15792375605322606,0.035536039240422146,0.2720353550722155,0.36259625208827484,0.1015539384510593,0.23847786176779392,-0.11366945909399605,0.11095616285420064,0.04051202785844268,0.25663905139423204,-0.02282078823432207,-0.057833272540773,-0.14801127718787724,0.1442782781128646,0.21649822761137633,-0.06132605703484119,0.09500930025411962,0.37191303103644935,0.24037055920422876,0.04109805470524341,-0.05823873540726649,-0.09515036586373465,0.02524792280889842,0.006815887211999444,-0.015348341370714376,0.11018392940270806,-0.1266200881458538,0.18842858956557837,0.0463811633076258,0.2071669390576414,0.1501369344024763,0.06246747933892625,0.005397976313068923,0.055377924844273646,0.020107491994526654,0.30443691646699167,0.14000036274013902,0.12280164361587431,0.14451285006942444,0.24389316899861554,0.3532093433798917,0.03823966240984396,-0.18394189709062256
#53,0.10854515006358029,0.12661847596745818,0.19323610554125867,0.022021953839302087,0.6248686578413334,0.3509942102643368,-0.08312029067576472,0.024610306253438474,-0.07710041654659296,-0.01871860030671694,0.03080510173853288,1.0,0.2652327683319798,0.08051581647767234,-0.5387009469532851,-0.5157008038724525,0.06102619185325952,0.12910364896427615,-0.22500972345094847,-0.47014386676957737,-0.4654629067979517,-0.3316762826390554,0.08274545919878765,-0.004602366274840142,0.07029782980635722,0.22308961898178842,0.16434345042450674,0.15426249891681765,-0.06791664231605549,-0.009574324446871669,0.09087083831261349,0.1774303085507927,0.14501907408564294,0.03055118364122582,-0.11648996519709888,-0.21253710529338624,-0.2471731459444645,-0.056442768674567684,0.12438319062195827,-0.19571482982449423,0.047931272834995556,-0.2304258367709679,0.24570767578286376,-0.2631103354741719,0.0913440126717222,0.08282203767257866,-0.00945179888880604,-0.006997257281504485,0.06672443639250901,0.12957359896659365,0.2327780050501488,0.3413324251395038,0.21291757939474792,-0.0304584833834788,-0.2070629535511252,-0.3444955191516717,-0.13807380955739657,-0.17024482944160185,0.25493014229489563,0.29742635871372347,0.1332372743705955,0.11061115667754215,0.3561362532571042,0.4221759168760819,0.08094384984170423,0.24380369309765973,-0.012069170514063234,0.10827027364713042,-0.41740145055751143,-0.3447333154650228,-0.39499861957224874,-0.33834747684004973,-0.4879955181440602,-0.15266402403757987,-0.2531672252193066,-0.2419166382856095,-0.3562321778716424,-0.16881321502630875,0.26034303125812386,0.1500676107314655,0.008549785076467637,0.043867777188884835,-0.0019841885603851493,0.73372294311227,0.4616944397982359,0.23639250901308484,0.09081924860395427,0.22778025202378768,-0.22761661591663426,0.4760694284626065,0.15547888751629813,0.4715085757814531,0.4103215691332324,0.029332376774151944,0.13569423424549043,-0.06721373253557372,-0.04079254689927714,0.2569622931625499,0.29736267766709723,0.25681477883935244,0.422558809245037,0.43165149539622305,0.3138584870108802,0.2542949440070291,-0.08840259318894933,0.062262732682685,0.225620739062881,0.15161530199124185,0.14307398085135112,0.1209613419772965,0.041390665084044875
#54,0.41520002095831915,0.39668898862003577,0.4171056158219188,0.2459188711526874,0.3249188368938965,0.4022905024555492,0.35781291878852856,0.46982304326885294,0.13079482410126092,0.35772586115516614,0.3607503078253124,0.2652327683319798,1.0,0.16532607315662515,-0.18652702514796776,-0.1950683462878585,0.46602555705801624,0.1858894085925078,-0.07442984303428096,-0.14690451671929758,-0.32680024908156213,-0.11969255757995902,-0.162083176313875,-0.20732332036201465,-0.08796649893293942,-0.0604659598607884,-0.013212204996543893,0.14910110978330307,0.4490033714680698,0.12006013425415589,-0.07309334714432826,-0.05760111885180655,-0.07895683996912678,-0.29391180981131465,-0.006203259421671305,-0.1281073227157951,-0.23555256406897707,-0.16930251116937345,-0.015397512811780187,-0.1872033339849221,0.1563301177091751,0.11070143866769577,0.16297229269904862,0.022674080000322436,0.1642112517960675,0.07300225906497683,-0.03771892878806504,0.09145525298101861,-0.04967000723465055,0.12108306144616432,0.17649846943813569,0.23506004356912114,0.059520417231768784,0.09471830205371376,-0.16778867565590472,-0.1439639033257225,-0.16351882117515715,-0.19080494052069333,0.2370486656200942,0.16498832178274686,-0.009525959095003658,0.06672282421411341,0.04232169810750409,0.11158088198249577,0.1496395773674336,0.07984273199750919,0.08253103947217279,0.1086160859129867,-0.02530354296354663,-0.26903589716720105,0.006100886093550682,0.02432978721260401,-0.08259310834040341,0.18632953329450672,-0.23008324886190282,-0.2151109481019622,-0.22773108058272187,-0.024000902819901537,0.20427307883753876,-0.004794215503916586,-0.02980313286566725,0.18472299752329094,0.4413930833516383,-0.05029472636294569,0.10328541804793409,0.3615491422203324,0.217621109863912,-0.014067465635409886,0.006565193471483587,0.04052814964239868,0.3716454094227797,0.3121455474655548,0.2991264008318841,0.3297585964374888,0.24124839034063314,0.1386372659066589,-0.07019787474583,0.16163499071989812,0.19653623471705262,0.06481561717211819,0.11295929451073408,0.2339033055702779,0.3469516729373689,0.09970235156371228,-0.06422394770093284,-0.018645246189717125,-0.08556032267750588,-0.08513309540267178,0.17557227294986327,0.07189711077479279,0.061180154890039355
#58,-0.02551715660096368,0.14004308546762242,-0.008998776759642339,-0.04643597737307622,0.1960711212499219,0.042557076153261736,0.44645129306783443,0.17071800380071056,0.34904589267325375,0.1497621029254992,0.2070411891427846,0.08051581647767234,0.16532607315662515,1.0,-0.2030832911815857,-0.2058376979704689,0.18426997539412723,-0.05359324336034404,-0.1713257950558519,-0.02141658085175415,-0.14752520540160372,-0.2695018167235295,-0.3311595794632655,-0.3304671488423552,-0.2565245867281444,-0.14471034192288548,-0.0489816070597292,-0.1258317329104052,-0.04454569820423479,-0.21887860901248027,-0.06651646537947657,0.1505931808884312,0.008420004715621807,-0.1372798116975634,-0.12028019660515535,-0.06529201588801808,-0.06061831071917263,-0.03523778623723608,0.0022389127468900073,-0.1484038426272059,0.019369114289341686,0.001650467632495874,-0.09481422666825197,-0.06957637997432606,0.016505079369557637,-0.12236554935986442,-0.06525896623090828,-0.149690360986895,0.0009153142841021074,-0.1444362715956334,-0.18130195496782697,-0.243282153386683,-0.07790489356599754,-0.2803017997956564,-0.06089238104642469,-0.22374335732120437,0.16831021536688143,-0.133699163480935,0.0030304923391297864,-0.11146238687041915,-0.0626923782251125,-0.035770611196982,-0.025218097508579812,0.06543308149763312,0.061480826160818826,0.10749804019563784,0.4546943612045391,0.24178040921118127,0.14774123730661418,0.22018286133452097,0.23082807528067018,0.24838308583036256,0.08775449747391798,-0.08756426042323713,0.09855689881363822,0.12094522019334049,0.14464343651946807,0.16003248539467135,0.0887717820415418,-0.10187395586258598,0.0507662885436588,-0.06953526942523824,0.1519595020787025,0.12703361190432527,0.1726292412886948,0.08453255895031064,0.050933149007603436,0.03690719696588026,0.05456861128968226,0.10743032870302263,0.16349383241002532,0.049366917696277685,-0.04576853551729767,0.03666940065252921,0.0705872158283675,0.012613280722578358,-0.15648085638916373,0.008673922812928865,-0.2574104787565268,0.16277077039959856,-0.143493953323405,0.06484060593724998,-0.04397256878459886,-0.065808719063808,-0.201738734399655,0.0072294109704709375,-0.16042908127998903,-0.0007436172849706684,0.10735536240762722,0.049591816582463935,0.019177265060265243
#101,-0.20746599815002528,-0.2512035919334654,-0.3192947525608446,0.020550034964118953,-0.48243592094683235,-0.24158855998210482,-0.005939668253990646,-0.17093081134892982,-0.01276482549176479,-0.010360261414726847,-0.22925620134495983,-0.5387009469532851,-0.18652702514796776,-0.2030832911815857,1.0,0.7266382251528043,-0.10000302283449175,-0.3038081668927075,0.528285468428509,0.5615753401192609,0.5292189197195616,0.33392043496573115,-0.08328070242612697,0.08312835156774273,-0.01912325708401263,-0.16238868411984128,-0.4621917968332786,-0.34941185716905504,0.3270372393057154,0.23186309381064563,-0.14294097613371406,-0.09639013104995134,-0.26160778520947237,0.07961863920052073,0.3673239652333729,0.3707272738264853,0.46818748828651635,0.22506534360559668,-0.18339375643611844,0.27055698748345,0.3033849700638624,0.4371433811008357,0.016746906128897694,0.43172726778081627,-0.3094282207797704,-0.2653238564113312,-0.17328056136051734,-0.04190656217063699,-0.34143882891361343,-0.41740789927109384,-0.43238906701221025,-0.4274654741920467,-0.5231023148866538,-0.13461649298803158,0.026291002230851856,0.26840150496853227,-0.04176307829342856,0.20918377423053747,-0.24832182305132974,-0.415482958266747,-0.02419678249496698,-0.053797183927387485,-0.07287247870413101,-0.14818136200861307,-0.33630968334801087,-0.44184126894561515,0.00957835489286067,0.00560594732610137,0.4935059439002223,0.45408012123581537,0.35076205657537035,0.30304157606559956,0.43264056684192387,-0.02432736894501061,0.2895153993265125,0.0331056803090546,0.2703651382543735,0.02362284698613325,0.19891177958296977,0.11356144314149082,-0.09719460806935591,-0.03954552691028026,0.05394227998299152,-0.5058657095700925,-0.18223863061567078,-0.20262462642803739,-0.053796377838189684,-0.07234287810117629,0.23242251971391895,-0.26559228411419866,-0.12614771987594287,-0.22702172208865773,-0.30226531216811797,0.002961168668118971,0.014200470353046916,-0.05337801754453139,-0.06905403417415154,-0.35302152459680425,-0.3978239622105384,-0.4605796184376782,-0.45178196093288703,-0.4170790148783914,-0.25170578550369493,-0.39269884709092484,-0.2648829256201345,-0.22382557841938,-0.39221680575064033,-0.10008201957587617,-0.1334154200833093,0.01668161290387588,0.06806818708524191
#102,-0.07916481098215923,-0.10200051186664061,-0.21122721034696093,-0.022045330426038293,-0.3033317681768076,-0.24569639053409456,0.046065176342088135,-0.09506169605197663,0.016933918822787334,-0.005641415250804578,-0.00975730669477231,-0.5157008038724525,-0.1950683462878585,-0.2058376979704689,0.7266382251528043,1.0,-0.16011228822525356,-0.20334688234926634,0.5291802274380671,0.8072269927028776,0.19278388950129277,0.43155476469248705,-0.18045233695334556,0.28634424442236656,-0.2207092375806845,-0.07658935599518765,-0.5391644482420203,-0.2923496089459779,0.32527915876531316,0.3702025097587173,-0.2638930480852359,-0.1740124903521199,-0.22813976780600656,-0.01602626238606433,0.3135425000453425,0.4229997400362337,0.27469222506816493,0.14181567561358502,-0.1748000394983707,0.3619787877627599,0.30474484254055134,0.5487319209307105,0.17196341161131184,0.5785225594138119,-0.2460276931943904,-0.21972258440257705,-0.14101039250498265,-0.08910550296943108,-0.2988708705561814,-0.34244563432166586,-0.3320043609425601,-0.3905796385899082,-0.411138137490604,-0.021078023388678074,-0.1157080586752327,0.38919719561568084,-0.1448949363491817,0.30929279779453994,-0.09974991082638249,-0.36751339619485596,0.08985597201258305,-0.004940923737916219,-0.16474327066661562,-0.2419190565532029,-0.3533834586466165,-0.35081203410563394,0.06701462850371707,-0.013545119835235368,0.581414807455519,0.5704197507975245,0.4160512511511961,0.3104309957418338,0.4400203134477846,0.09903894015392273,0.1770635379657936,-0.02643932264324709,0.20988668401101923,0.02198406764700548,0.12409702895673921,0.26508283574118896,-0.141642366436058,0.08972216120574822,0.0543017957652104,-0.5834695288207117,-0.0922879431223462,-0.09149475135171083,0.032396321814990435,0.006222605562418509,0.30795307754779605,-0.2618721824663508,-0.013008264429500446,-0.1464926051392217,-0.2506481964761811,0.12735685367264316,0.04465855069192681,-0.19132083760728544,-0.003413384708084873,-0.3843993527103742,-0.3793822535432658,-0.2878999965741209,-0.44917184411041006,-0.4075187969924812,-0.2296245841083545,-0.2622300860701741,-0.1554256856292433,-0.15873629396460864,-0.38741251413175126,0.007522021349272404,-0.07127964644927784,0.13496069307549227,0.1669108445195003
#201,0.5026703719900125,0.4627044695630795,0.6441148435280106,0.5131858055753159,-0.009177728561553978,0.24963574844374403,0.38130235801242585,0.4803288037837827,0.32818188596659165,0.7087946346702995,0.4325277143542319,0.06102619185325952,0.46602555705801624,0.18426997539412723,-0.10000302283449175,-0.16011228822525356,1.0,0.33655715273173553,-0.1103910943265427,-0.18480763688905996,0.056974787545115806,-0.020299341223603096,-0.10671935803056287,-0.25272145789292316,0.0326808713018139,-0.17518212577812797,0.1068443018562219,0.059413207368461354,0.09831426596510037,-0.2428799148769807,0.2582907281605246,0.11642789632886827,0.10305084609137424,-0.08068106476322137,-0.18781031915086563,-0.25283269820221954,-0.11568710035608991,-0.4441063795914337,-0.09050406772761439,-0.38912948412306564,-0.13128412024432565,-0.20866465278715415,-0.19967192169649534,-0.29389085149217187,-0.12551977639085654,-0.17711109722846383,0.03858869903249144,-0.010061202322342979,0.04056764801309089,-0.042058913029021226,0.029597580120228204,0.037813241224207664,0.2056651948821397,-0.014597872327562406,0.08811401325613685,-0.22863712484104928,-6.851758181301552e-06,-0.2884836051533282,-0.18562742960322273,-0.07252989079506593,-0.12976061166048328,-0.03352242842431729,-0.21773396235160403,-0.020780576474689807,0.41629952662411857,0.18952728914218003,0.13572405954580904,0.028775369138472017,0.14687307924058338,-0.09905344975948313,0.2639784935402027,0.33893995240043284,0.042669122551755964,0.13272540772999236,-0.1747371645409423,0.009647678563871486,-0.10500883675283089,-0.012415788869117312,0.11942896641227835,-0.18913714197044473,-0.01143719658298789,-0.08890720502677224,0.07395666867517225,-0.10739727904591283,-0.08319928741714915,0.0203074021155811,-0.03765927818742783,-0.04793530328098456,-0.22280909994095396,-0.010050723162771577,-0.05324501282689436,-0.04097633523637558,-0.04226769013125147,-0.07945016655818049,-0.13079885454724993,0.5597237532319139,-0.03033837609300657,0.5051660241464019,0.22548773434524397,0.24182071367107127,0.12606469268856946,0.45232848940899556,0.3392430419388057,0.2979761115466232,0.15405775226057639,0.3703991955229806,0.18712594942193328,-0.07322232141597629,0.20330415962178294,-0.18921775089022475,-0.2625767044252282
