,#10,#11,#12,#13,#17,#18,#26,#49,#50,#51,#52,#53,#54,#58,#101,#102,#201,#202,#301,#302,#401,#402,#501,#502,#601,#602,#701,#702,#801,#802,#901,#902,#1001,#1002,#1101,#1102,#1201,#1202,#1301,#1302,#1401,#1402,#1501,#1502,#1601,#1602,#1701,#1702,#1801,#1802,#1901,#1902,#2001,#2002,#2101,#2102,#2201,#2202,#2301,#2302,#2401,#2402,#2501,#2502,#2601,#2602,#2701,#2702,#2801,#2802,#2901,#2902,#3001,#3002,#3101,#3102,#3201,#3202,#3301,#3302,#3401,#3402,#3455,#3501,#3502,#3601,#3602,#3701,#3702,#3801,#3802,#3901,#3902,#4001,#4002,#4101,#4102,#4201,#4202,#4301,#4302,#4401,#4402,#4501,#4502,#4601,#4602,#4701,#4702,#4801,#4802
#10,1.0,0.4433405948535235,0.33586310993242957,0.11159619767725398,0.29471225638473025,0.2850980305225675,0.24247767636727843,0.8508678557825816,0.47569459698562944,0.3619844303871445,0.5425476046051876,0.3885249172247155,0.2656970757099127,0.3374075768354147,0.2049042466794163,0.17585279199069773,0.14591705745199235,0.08585212696710955,0.26777033712665477,0.15285667935585412,0.08238191297057976,0.144385487976172,0.12333930511080704,0.044423172646169164,-0.13004999768249356,-0.05539727098502085,-0.4860101204498784,-0.5405331876998849,0.22267125868813015,0.11671970061847194,0.05378186823262928,0.02680125669305937,0.18350660892381046,-0.17151119557134595,-0.2976859194354151,0.031142047023213354,-0.2905504178564879,-0.12333769293241144,-0.2362079145867886,-0.218637588342338,0.07071377183242211,0.17587858684502733,0.10386499618115243,-0.033981093177865594,-0.07577117545942046,-0.007468013373019791,-0.48101639786950623,-0.5239350050279814,-0.5475921108050211,-0.546237074863519,-0.5046194956702934,-0.47987578165461897,-0.5176926502802167,-0.2405938459120194,-0.20867916239271456,0.06695094745709086,-0.4366726250093204,-0.20695171324182876,-0.46902259669543733,-0.6102034770657547,-0.06405466896939481,-0.4498642747313204,0.15924090580243158,-0.012564915370710346,-0.3307629835779478,-0.3757613008667474,0.07079518684139993,0.18864300929219321,0.428791490922428,0.18616831545494666,0.3272677808162862,0.04827305465486283,0.48053999915360635,0.03960920795690647,0.06375964032299994,0.04836575491260985,0.31319426951189283,-0.3745166991453439,0.1263307021238435,0.17507652809321617,0.0238469397831217,-0.1372225793645196,,0.3346652613844985,0.1347164480485588,0.08036830215447491,-0.2045197421320656,0.016535710759074045,0.288492472134504,-0.03991632794126834,0.05745924715299371,-0.07914627093060983,-0.0785828145813475,-0.16545827178506436,0.0936002563363649,0.1836057578951399,-0.05929874270237373,-0.07099429087325658,-0.3623399157233744,-0.15466957396170672,-0.4098008355114535,0.226431664795868,0.09491579390717479,-0.19546332999478058,-0.1332832214548701,0.13143888937030326,-0.04658671605306485,0.10179173476441035,-0.06282860729954073,0.1395304127378215,0.052829876890027265
#11,0.4433405948535235,1.0,0.3853811693532948,0.22851862972897266,0.16530914528347135,0.13631895337378558,0.31429296908849447,0.4567474703913362,0.33715849527329445,0.36884586163881966,0.43252368390824286,0.03834687227315139,0.10430270261555792,0.43064388389897285,0.119672405350014,0.1960767638743065,0.3084834842399486,0.31620662484407214,0.21359630649929567,0.2384101502751787,0.0790455097808848,0.2808152786146551,-0.003673751518974332,-0.02078783127747001,-0.0688581544990861,0.13694367250208073,-0.048237586730159626,-0.07485868248751065,0.02670855643531235,-0.008953635764565529,-0.04595957865717631,0.07426862519472092,0.02286995967538788,-0.012999397448324644,-0.121386957073735,-0.01686378906257872,-0.05359807989553084,0.05186579420945825,0.020375113608196316,0.11926371812672931,-0.026853652490916383,0.15953109791363965,-0.04923068862184945,-0.02105384071274407,0.011536345554317312,-0.04808281760418199,-0.083405646251786,-0.17933912777118352,-0.18980458382622328,-0.23210733883757909,-0.15819702029128033,-0.21239281532698,-0.17248817567907976,0.012373066141633903,-0.14656595925622148,0.1342174788351205,-0.31073730963699786,-0.03894015392273232,-0.34382324076070636,-0.3303301136787291,-0.1372507924864426,-0.23912837575041868,0.026962474532619407,-0.06023461226101974,0.23337209278892757,0.015126666841319325,0.1744590637677012,0.2807870654927321,0.20895565098756003,0.1191742422257735,0.17387867954528508,-0.028866457217823438,0.04624170987640638,-0.030389159712467983,0.038706388055370265,-0.029167934577800706,0.021260199547380915,-0.1744445541621408,0.027805643833518398,0.24791313582804506,-0.21204700306112373,-0.2821598353965858,,-0.06415865447591103,-0.018563831180739305,-0.10481779361295224,-0.28194057913478415,-0.22855248547528026,-0.06289309443536474,-0.2571944468515164,-0.10455662071286498,-0.1611481128444268,-0.13445366297007597,-0.28220739465925604,-0.27925227166012057,0.12662170032424938,0.27136065841365675,0.20342749126904638,-0.02802731836291345,-0.21091686600580786,-0.18736293964608655,0.16577828919659104,0.13453910842504277,-0.017183000384907592,-0.2012615295945573,-0.05294756591290609,-0.09856334752722062,-0.079908025222531,-0.19210758066433842,-0.15263419873726128,-0.22887008461921354
#12,0.33586310993242957,0.3853811693532948,1.0,0.3689804785348523,0.10562952543513703,0.24134753931196257,0.32617230559647575,0.37421764005296004,0.12290482303319274,0.45797514423958585,0.28398401525120764,0.0013441537373318044,0.10174256332334454,0.3372576442446239,0.1925702758638757,0.14981046827736724,0.4710821545958168,0.6823476541796732,0.24100736967049088,-0.13284309675287118,0.16132948291393184,0.18460530850041212,0.39466167428756826,0.11708082857908642,0.15130495765008878,0.1351186865582611,-0.0003188082777299722,-0.14354634912126202,0.11890500843370823,-0.17140317961884072,0.41434072987346415,0.22510161761949768,0.419053127323804,0.07065089687499371,-0.07998057325033302,-0.040092861475586584,0.012464154220985324,-0.05349570656741022,0.13914993863645983,-0.032809039484264134,-0.1298323535990875,-0.03235601735510043,0.04594748731920931,-0.15606491436309886,0.09750898285649799,-0.1875539827859652,-0.18063370702285061,-0.20654060775095068,-0.20032082350072447,-0.16892526142480296,-0.1791343811149423,-0.011401728658284682,-0.03258736495486908,0.25153328241536566,0.16960560070774633,0.18831009445350175,-0.20283259744106985,-0.2989216541756428,-0.33803552032050105,-0.3069825461536446,-0.23115051095979025,-0.20940383658153694,-0.22933761635393765,-0.09989017034679973,0.09985067197610752,-0.08064801510611157,0.12175372765873407,0.16479889082126384,0.1911459162513628,-0.020300147312800897,0.4393673811975664,0.26209305090654805,0.13912091942533902,-0.0631832865465728,-0.14315942630631792,-0.0019970859875499524,-0.03686366814919905,-0.13124139751684222,-0.07431940881418234,0.048767187333114345,-0.08706367903140322,-0.12422439104999164,,-0.044567462612575395,-0.05112499823667988,-0.1258228659292294,-0.25262553327838494,-0.09208319646610495,0.03483393554913819,-0.1687003625386167,0.025936322983819773,-0.15174588844128548,-0.11396529382958871,-0.21552447186043372,-0.1117219475921108,0.3718896544497131,-0.006229860365198711,0.3862581944005014,-0.003761615241534552,-0.09307629835779478,0.027837081312232604,0.3902604272675793,0.508195307351735,0.26416550623409235,0.17099288021716044,0.3121431291979614,0.30039679740761716,-0.08716040973513924,-0.02962015061776661,-0.053541653651684826,-0.13745392696428824
#13,0.11159619767725398,0.22851862972897266,0.3689804785348523,1.0,0.08040457616837592,0.07071860836760892,0.28320613917533044,0.1293124260665064,-0.09190827511018232,0.4801168023247612,0.21900838937332612,-0.18135596294407957,-0.07025510707887381,0.07495057665605988,0.1263339264806347,0.14380994028894267,0.2687642451075424,0.22570699060704563,0.277604625339817,0.09557114442498635,0.15292439084846934,0.07096204730534457,-0.03589152457665203,0.16018241798546218,0.2725552826047966,0.015270956807725559,0.10582218075341127,-0.006836039441944448,0.014337505516672948,-0.10884259697756855,-0.07128931951965145,0.08895718255703584,0.010284489030133629,0.039722866533796294,-0.04565165258361664,-0.027873355326133612,-0.05835561834094752,0.04833834787988465,-0.03523375579124708,0.09073299705978966,0.016705795579809883,0.050564766244208754,-0.08439632987588241,0.09349627082984868,-0.18927740149086197,-0.12968564536508786,0.005406843294244725,-0.01982213641850539,0.012843016143951409,-0.02287237794298128,0.034900840952555606,-0.008267653857237572,0.08676461993901935,0.018241395501619233,0.08070282917156198,-0.0313338962522898,-0.13308653569060686,-0.08178540696420762,0.06907660467168994,-0.02286351096180548,-0.038920001692787316,-0.13895728331818558,-0.09548489288082172,-0.13356777094169356,0.2365932252233371,0.14364872244938265,-0.08887737972645363,0.04741618183760124,0.1280065615660701,0.055864802719744956,0.02755172573621134,0.24026254325172353,-0.08241738089528297,0.048953393937806185,-0.11883649085189521,-0.15359102661505009,-0.06326389546635283,-0.1704100777271509,-0.03898610100700693,0.057292386689049075,-0.22840174679529163,-0.12966791140273626,,-0.2224681242102845,-0.19194958718156957,0.056007480507755586,-0.164592531986627,-0.14767352581399895,-0.1469569125171546,-0.18126326268633255,-0.288339315186922,-0.07893668773918178,-0.16788379418124513,-0.1059471245790703,-0.08091805498737463,0.27809311539368387,0.1668221747077423,0.05328854164357557,-0.1272093393494457,-0.26792833060942356,0.03983168857549932,-0.04885746932326797,-0.06273671313099151,0.014565628759650399,-0.07982499803515758,0.047431497532359444,0.0011063574239807506,-0.05581643736787694,-0.05195768837800747,-0.06428924092595466,-0.10443328906560155
#17,0.29471225638473025,0.16530914528347135,0.10562952543513703,0.08040457616837592,1.0,0.3328136744971515,0.09330522768997003,0.26681592751645933,0.2040030389562757,0.2557805663985748,0.24234789600643258,0.493293136352003,0.3329104052008875,0.09776854357818965,-0.06937082722888702,-0.1705374398204033,0.14507469424029115,0.035606169000630766,-0.03878538479675468,-0.17935444346594173,-0.07683763146811011,-0.1708558450535344,0.20632699411353364,-0.10690717681365032,0.16662065240829224,-0.256626960056265,-0.326453630726508,-0.36095586057075146,0.1951771683295615,0.18659957317576978,0.06518238775711727,0.1677362798580477,0.16791926210594835,-0.14648293206884808,-0.006217769027231708,-0.13764577619336468,-0.1981879114833452,-0.1775673437144187,-0.1885164532881386,-0.16979503166922935,0.16408550188121065,0.15151937737670362,0.3593710892078763,0.06293259280605695,0.1443548565866556,-0.07961138439774053,-0.2679887872992586,-0.23085467622419759,-0.24839114672234056,-0.25230551586685823,-0.35994260644911663,-0.33040104952813554,-0.310204484677252,-0.2724335631359288,-0.048780084760279147,-0.13387972746124222,-0.3257902193167185,-0.2913847201762111,0.11270295814583363,-0.010049110984375977,-0.10127422549942264,-0.03279936641389053,0.11288594039373427,0.06299949820947437,-0.2926728507142958,-0.16758473508886126,0.04036370744604744,-0.006868283009856455,0.16137784826579984,0.01791815373330136,0.2296439302491017,0.06805287139048372,0.02058308462122876,-0.10543203358167598,-0.10397059386606425,-0.269774274872386,-0.022193650838433526,-0.12025278957243014,0.14517867974680737,-0.036803211459364035,0.2513188626887508,0.19365365974571916,,0.3542491984450539,0.4592237764069783,0.13040951346471244,-0.06807060535283532,0.2545158124472264,0.3201137391858096,0.22799467175040253,0.1046065982431286,0.1806530531635978,0.09921547368824098,0.04951443201947511,0.24208672310634533,0.35421292443115293,0.0194352136035613,-0.13072630651944792,-0.35954520447460114,-0.150489195381915,-0.09970960636649248,0.1659983515475905,0.21689482349669403,0.04582979829633048,-0.08881611694742082,0.07010195013129178,0.05037694746112131,-0.04912670311533323,0.04588622454017649,0.04559925678575963,0.10318385080901127
#18,0.2850980305225675,0.13631895337378558,0.24134753931196257,0.07071860836760892,0.3328136744971515,1.0,0.25764827506987786,0.3921104019765307,0.33836279253480794,0.2874348831069902,0.3359711258849348,0.6307635881448461,0.4820989756621519,0.20819631496323227,0.07565268034734383,-0.073731769788986,0.13140100317800665,-0.008735185591961679,0.041153674859891624,0.07205671643595722,0.013137238701148475,-0.1774037076072653,0.2003764436553727,0.009964471618606956,0.08575620235257132,-0.17199001255483926,-0.3602053915275995,-0.3452959657250873,0.27796252894364026,0.33721008498195365,0.29727481394453703,0.10765522758920888,0.2752653544878009,-0.005738145954540599,-0.0001390503866205315,-0.06634476838034513,-0.1218432035596899,-0.20944414104142695,-0.2661525161066698,-0.2825733591550573,0.03427934618105166,0.11760478655765653,0.1015539384510593,0.0313427632334656,0.035735143272278794,0.04825209633572003,-0.3751720496631555,-0.28070645657295207,-0.24781882339190242,-0.27254319126682963,-0.3695229765649718,-0.12651207219334856,-0.32157034236623455,-0.17999931482418188,-0.21000276085550246,-0.3042724742706404,-0.27836476745334254,-0.32460123774996325,-0.08931589225005693,-0.176150238904686,0.11471979331872968,-0.045845920080286484,0.33971137976272764,0.10036656906269964,-0.2553259320910155,0.07934456887326867,-0.11267958155909742,0.11070466302448698,0.23865358921291435,-0.0018310316128031148,0.39974487276889625,0.1704261995111069,0.3170288358258283,0.25751446426304303,0.1147762195625757,-0.11864141726602757,0.003206219784250226,-0.32859057318987633,0.15918044911259654,0.05778007065371819,0.3885184685111331,0.340363505923748,,0.6203505278876634,0.49504799253561405,0.230961886087505,0.04224753790130647,0.20583366752447993,0.19419615777583868,0.31416963744123105,0.3029126017939515,0.39675186357746417,0.2911622395576183,-0.040285516793860825,0.1315581905715777,0.2649135570096509,-0.013985244537234268,-0.09080796335518507,-0.22475499926444362,-0.17466703478073367,-0.1249740540039458,0.45339010888249837,0.16841984349778225,0.07268304774264796,-0.0617992313939499,0.15862747192290563,0.16224358806423725,0.2083091674509243,-0.040497518252882274,-0.08527738536907802,-0.08208849650258049
#26,0.24247767636727843,0.31429296908849447,0.32617230559647575,0.28320613917533044,0.09330522768997003,0.25764827506987786,1.0,0.2636512213258958,0.1877490563718328,0.42088294980281044,0.38747861344597084,0.11804088081366644,0.26072592362707897,0.4327848568083301,0.08759569790195135,0.1722334514925749,0.23990625182629585,0.122282522172491,0.010436839888517863,-0.018817749278046362,-0.02300860701740951,-0.019631093278626745,-0.029586294871459,0.013519324980905762,-0.0010910417292225472,-0.1218633557896349,-0.1444588420931718,-0.19840474947755343,0.06450607892016291,-0.10826543711194363,0.13350086553827614,0.03005624487377651,0.22043194289664123,-0.024516799906493653,-0.20719837653635564,-0.07393812862362285,-0.17157487661797216,-0.1955802129284616,-0.2772700983227299,-0.1646618556576378,-0.17771243977002274,0.03467110553118255,0.05186660029865605,-0.0560687432867884,-0.011367872911977075,-0.25262311501079154,-0.18991018151113512,-0.2159702391868172,-0.12682886524808404,-0.15610763709058226,-0.21120302767102694,-0.12974126551973608,-0.1046743097357438,-0.1288940657728481,-0.094935140047922,-0.2436553726852645,-0.2512326111445862,-0.3820230017552592,-0.10058985577049029,-0.10087762961410494,0.021155407951666892,-0.047525003879304265,0.20137518817144712,0.11354693353593041,0.07222438298909965,0.1342061935863513,0.20185884169012722,0.5615084347158434,0.11497129314844334,0.09413308129611082,0.34006364074216633,0.37025490555657437,0.05955669124566979,0.11060390187476195,-0.15611166753657127,-0.13282939323650858,-0.01748447774488486,-0.17592453392930194,0.09587020351737022,0.05178840964646943,-0.04155591336959391,-0.252951999403494,,0.09651346269721477,0.045152683370178325,0.1143143304522362,-0.002291308544747019,-0.18578784135358498,0.03506367097051124,-0.040679694411585116,-0.03554651839999355,-0.05997182718253689,-0.12639599534886534,-0.0892014275839693,0.05156834729546998,0.21030826866146873,0.012856719660314013,0.10502657071518248,-0.18130920977060716,-0.16213879646852322,-0.008969757548521532,0.24784139388944085,-0.048043319233489784,0.09853674658369321,-0.07802097041048077,0.1669068140735113,0.1316452482049401,0.031972318896947544,-0.05865467743333139,0.0988769162251649,0.07345850555093174
#49,0.8508678557825816,0.4567474703913362,0.37421764005296004,0.1293124260665064,0.26681592751645933,0.3921104019765307,0.2636512213258958,1.0,0.6626129784391291,0.3898847897014044,0.6038337602247377,0.3920813827654099,0.3223345149257491,0.41735550347323686,0.2590903686447424,0.19887953601505776,0.2460164079456212,0.1270465093314901,0.2322161608792821,0.10587538264046609,0.12523845126082428,0.09610074502794107,0.16388881611694742,0.06703639291205768,0.0003042986721695689,0.014236744366947924,-0.41547086692878,-0.5373112491762776,0.2397659923058786,0.011188115020867634,0.09335681739862925,0.0008242262047506867,0.20095118525340422,-0.18594502874715602,-0.28235571507165125,-0.07122725065142084,-0.2127732894283417,-0.19761075161772026,-0.1868260842403516,-0.2168158267553096,-0.013582199938334176,0.12336671214353225,0.0428093820721732,-0.12697315521449026,-0.1457010255469819,-0.07850946046434769,-0.44305040274231544,-0.510789302390256,-0.554656676534542,-0.5590925853900364,-0.46129784391291817,-0.5052579183149511,-0.5108747478452228,-0.19442992364320075,-0.16436279656525393,0.055651995171525706,-0.44662137788857026,-0.2912162475338709,-0.42525517761167864,-0.5914933406956147,-0.16142057099328327,-0.48794554061379664,0.08769807123007196,-0.07661515084951726,-0.3132781027884641,-0.32765712189882373,0.11510268568768477,0.25501075121467565,0.3782634017367192,0.10034883510034803,0.38394471840281486,0.07014064241278618,0.5156403471826175,0.0066522511048460065,0.009069712609048755,0.007119782839570113,0.22327743776487588,-0.37772815850937985,0.16943470979781267,0.16052823025131846,-0.044486047603597575,-0.17112991538078645,,0.343768426695256,0.12244051565525983,0.003528655463370299,-0.2553726852644879,0.02861576347730758,0.2109684557144671,-0.08902086360366206,-0.016082688629910344,-0.0490001471112786,-0.13514367532339291,-0.20083913885490998,0.07301112604615263,0.2781035945532553,-0.04522603748717814,0.01837440021925626,-0.32676639333525453,-0.18112139098751973,-0.3770905419539199,0.27580220989353577,0.0997869909294813,-0.16458769545144017,-0.15516612490755163,0.09770647470995902,0.010978531829439586,-0.0038373876261277693,-0.15297920491391975,0.07160691866358472,0.013873198138740042
#50,0.47569459698562944,0.33715849527329445,0.12290482303319274,-0.09190827511018232,0.2040030389562757,0.33836279253480794,0.1877490563718328,0.6626129784391291,1.0,0.23156484080745954,0.4852709366554956,0.4936228268339033,0.4653702065402047,0.4702043234594124,0.23297710908200547,0.07134655185269526,0.1704028229243707,0.005449566021728134,0.008922198285851321,-0.07032684901747803,0.15036183328866257,-0.015871493260086696,0.17514907612101818,0.03529179421348869,0.024702200421987695,-0.016196347206800167,-0.3404666853410664,-0.4035326859093593,0.2401899952239215,-0.0662359463386421,0.1730258371740125,-0.17906263917633805,0.09251929072211486,-0.307679007220544,-0.31072118785304187,-0.23689712085090775,-0.22358213948164435,-0.4067231869542524,-0.15975519071062808,-0.31635172089967617,-0.013252509456433902,-0.08409968905109196,0.19591877039153768,-0.22007323320362016,0.043954028733049454,0.022578961474982014,-0.4039034869403474,-0.40381723539618275,-0.47892217813362137,-0.39664626589255236,-0.41523145843703335,-0.3642197157326444,-0.44426598525259814,-0.15993011206655072,0.014755865810331243,-0.15204091708768033,-0.1690840609967696,-0.23013483857056202,-0.2529447446007138,-0.2586857118674467,-0.26555520401109983,-0.37186385959538354,0.034542937348732324,0.017962488639180367,-0.3273959489987365,-0.2525811983725059,0.24619777801512627,0.2715307432343926,0.16405084004570525,-0.08504039514492476,0.1691098558510992,-0.1510018681117159,0.3773702549055566,-0.11588781656634214,-0.07759535531404227,-0.1959937366869331,0.0163454737083932,-0.38457508015549463,0.3410422330282957,-0.07739383301459223,0.12654109140446937,-0.02056938110486616,,0.4563460379708317,0.24796794989349547,-0.035754489413025996,-0.19935996517694665,0.19280484782043558,0.19676838840601907,0.11854710482988495,0.061135819984160344,0.2074853442907725,-0.020071217980625645,-0.10381421256169102,0.10342325930075792,0.29637924884578104,-0.24775111189928722,-0.008321661833490184,-0.1474147711815051,-0.09946858569635023,-0.3470145478947973,0.3619997460819027,0.09656988894106078,-0.26555439792190205,-0.12344812715251006,-0.08779318975541238,0.015337056121945174,-0.13900242431326237,-0.04874542292477374,0.04348407873073195,0.058641780006166586
#51,0.3619844303871445,0.36884586163881966,0.45797514423958585,0.4801168023247612,0.2557805663985748,0.2874348831069902,0.42088294980281044,0.3898847897014044,0.23156484080745954,1.0,0.5911338249133958,0.12773652168480704,0.24350302182688024,0.13080449717163453,0.31983402623417295,0.18745886426062475,0.6093079119669987,0.3104197104930646,0.3504291417366789,0.019315106313089074,0.32788121469581216,0.09201629106268754,0.3210350991388952,0.17109847790207225,0.18527436253458626,-0.06430294444231727,-0.18354127075931587,-0.3131991060470796,0.3005483421768036,-0.1394941387239205,0.1254165969735381,0.020605655118767167,0.38479756077408744,-0.10923596850609504,-0.13743055037755203,-0.07454108334357738,-0.1355773513118094,-0.16011390040364917,-0.028566592036241772,-0.1563268933523839,-0.07615406782837555,0.015658685711867446,-0.008802897084576895,-0.03684512809764964,0.05586077227375595,-0.17632032372542183,-0.34479296606566,-0.3346443030653557,-0.2886770665608003,-0.27346696948750865,-0.3845017260384948,-0.17567222801039048,-0.24830973171336274,0.03032950911183077,0.2605244013276289,0.07962750618169653,-0.2520145176664524,-0.2981437780997656,-0.22975758882599154,-0.1748475987610409,-0.13932244172478905,-0.2592112820244124,-0.07937842461957628,-0.14679891903438574,-0.02122553771187551,-0.1315759245339293,-0.16009374817370417,0.04445702839247677,0.41041265721258385,0.07781702984343733,0.41383369976804785,0.386146954091205,0.0799596149311902,-0.25970138425667494,-0.27176128474496347,-0.2694615122636395,0.009993490829727763,-0.373273709602336,0.24701112201570666,-0.011933747528832804,-0.02366476362441886,-0.12078319626458266,,0.11884293956547762,-0.017676326973961303,0.0180979116244108,-0.21428873712020605,-0.009729899662047103,0.06639071546461973,-0.07632012220312238,-0.16724375935819177,-0.05753260126999353,-0.0936333059934747,-0.14364952853858043,-0.0013723668592548108,0.5092972312851278,-0.046830961079998304,0.09971363681248148,-0.11777406528919458,-0.2199668294295105,-0.11150914004389156,0.3461536446315467,0.1589386223532565,0.0750473073597959,0.02180592193429164,0.21451363600639228,0.20239730927425775,-0.06814557164823073,-0.027398568788629306,0.07749701243191065,0.05052365569512094
#52,0.5425476046051876,0.43252368390824286,0.28398401525120764,0.21900838937332612,0.24234789600643258,0.3359711258849348,0.38747861344597084,0.6038337602247377,0.4852709366554956,0.5911338249133958,1.0,0.36176598021454065,0.3593057959828545,0.33889481140535604,0.26480312278955226,0.23951771683295614,0.36489280021280757,0.10630905862888258,0.2402319118622071,0.08265598329783182,0.1726260169319036,0.11693815079107579,0.19896739973761796,0.01157261956821832,0.11970384282872822,-0.21619030153781665,-0.47437664114722616,-0.5337950880954732,0.3130435308319042,0.061979795374257136,-0.04467144811909162,0.0022977572583294205,0.1491510873135667,-0.215967014830026,-0.25441182694071013,-0.033182258782845614,-0.16315205059015805,-0.137245149862058,-0.017271670196665614,-0.17766407441815474,0.020731405033623997,0.09399040350810019,0.18296491698288875,0.006955340643218876,0.06456572952080013,-0.12046720929904499,-0.4810502536158139,-0.527002174425611,-0.5152574548136624,-0.5188929170957413,-0.49747351493179476,-0.48099463346116567,-0.5292390719495066,-0.2190382146736447,-0.005177107872871673,0.0463747145940434,-0.2738200365561451,-0.2035355072215516,-0.22283247652769017,-0.36187399616704585,-0.10698133701984792,-0.42374134209820985,0.007952472980897702,-0.21338511112947203,-0.2918949746384186,-0.19019956753314538,0.04848183175709308,0.2868682024009367,0.43908524997833637,0.050883977566537626,0.39373305953170246,0.17907392442510725,0.40057917508861945,-0.10429786608037113,0.05114192610983368,-0.06100926398010572,0.2662355432940432,-0.41922563041213323,0.2040465677729569,0.08559820886980249,0.06521543741422707,-0.11923550500480631,,0.260007698151839,0.10234471195410128,0.07169961892133174,-0.22076163337854152,0.04782083861489693,0.16190019406597436,-0.11858015448699476,-0.008660219296566261,0.07129254387644265,-0.05663864834963313,-0.11456663637114765,0.14489009981399492,0.35649173859333405,-0.02609592864498421,-0.0728087976575048,-0.39184519863045447,-0.3017647307762841,-0.4262950326768409,0.2909558807229814,-0.021701130338577616,-0.1756746462779839,-0.24450096025375687,0.034844414708709595,-0.130306334047394,0.041422102562759085,-0.06368064358161553,0.15332340500138042,0.11506641167378376
#53,0.3885249172247155,0.03834687227315139,0.0013441537373318044,-0.18135596294407957,0.493293136352003,0.6307635881448461,0.11804088081366644,0.3920813827654099,0.4936228268339033,0.12773652168480704,0.36176598021454065,1.0,0.5306368306184921,0.28311343891758345,0.017278924999445815,-0.13400064084091226,-0.10411327165407488,-0.24624050074260967,-0.13474304899208622,-0.03341118811502087,0.00022368975238955068,-0.21655707212281575,0.07970489074468536,-0.027643619904760563,-0.02557600111240309,-0.32239577770478195,-0.5486287415133921,-0.5171283878417566,0.2576748760134053,0.23765162034004872,0.12041884394717697,-0.06434808543739408,0.03749402990187879,-0.3172150424305201,-0.16196065075580937,-0.12022296427211153,-0.38214955775931386,-0.35117477424464405,-0.4079960017975789,-0.4448641034373659,0.19061954000519926,0.04173002863631875,0.3468976649611163,0.059226194674571714,0.1121451444209559,-0.012905085012182023,-0.47033894035544505,-0.4013135223478154,-0.3915775770167848,-0.4213029222748643,-0.47251538118950553,-0.32148731517886114,-0.5007704197507975,-0.4211449287920955,-0.19937689305010045,-0.3165145509176318,-0.25235871775391305,-0.2291772046035754,-0.08374662198245547,-0.26343680159928096,0.10080266331870953,-0.1346358391287788,0.3118779258518851,0.12433885571607926,-0.48014501544668425,-0.11841651837984132,0.06715166366734311,0.10668389010585966,0.2044907229209448,-0.08974231343569322,0.24778013111040803,-0.09827154323761696,0.39693645800376043,0.16452240222641837,0.11594907934537496,-0.13476723166802024,0.17348369583836298,-0.3570922750456952,0.2150448487877426,-0.07669414759090167,0.5560173551004286,0.3412518162197238,,0.8375706083756698,0.6559748338952447,0.3046948650102877,0.06426828260681186,0.3603246927288739,0.26161100956626354,0.4042243104410719,0.29690723727034013,0.4760162265755517,0.21918089246165534,0.03736102518424176,0.26282659207654624,0.19241470064870028,-0.21025264850682052,-0.33318689379573296,-0.3934170725661648,-0.19959937366869332,-0.31152002224806186,0.2353881218726258,-0.028373936717967528,-0.18125036525916774,-0.22936985992184966,-0.016945204071556537,-0.04096746825519978,0.184113594089754,0.13984317534656798,0.0016141936185948655,-0.03117026014513636
#54,0.2656970757099127,0.10430270261555792,0.10174256332334454,-0.07025510707887381,0.3329104052008875,0.4820989756621519,0.26072592362707897,0.3223345149257491,0.4653702065402047,0.24350302182688024,0.3593057959828545,0.5306368306184921,1.0,0.2719458791712597,-0.06718390723525512,-0.15400616255191718,0.10999611061962061,-0.0007710243176958746,-0.1213571317734164,-0.18867525286010522,0.049894100031639,-0.17819125675351605,0.15479129343057457,0.07557126533836601,0.13326387531412287,-0.04981107284426558,-0.19892870745612357,-0.2145531343770845,0.2839880456971966,0.05734639466530169,0.3589632080737894,-0.09691167076092805,0.12430903041576066,-0.25945472096214806,-0.015500692229098612,-0.2770218228498074,-0.17473877671933788,-0.45497810460216476,-0.2565197501929576,-0.3805841325371859,0.13682840174679528,-0.13984156316817237,0.24566656523377595,-0.18703083089659286,0.14456202151049025,-0.10924080504128185,-0.2790370458443079,-0.21074678118507204,-0.23583308310981152,-0.21822003413787752,-0.2265783730298676,-0.0843020174397398,-0.14419283265789776,-0.08722086642497426,0.003504472787436294,-0.3516269902846099,-0.053415903736828,-0.3412816415200424,-0.019440050138748104,-0.013139656968741876,0.018443723890267077,-0.039805087631971915,0.07653776628652843,0.07800565471572257,-0.23217505033019428,-0.02414358060791217,0.18885984728640148,0.24897394921235008,0.04039030838957485,-0.1849188771983564,0.2779931603331567,0.05486928256046173,0.040778843382914536,0.01685734034899632,-0.11098034553013464,-0.2548366359479508,-0.09907843852461494,-0.2648539064090137,0.3124163934360157,-0.16870278080621012,0.2577055074029217,0.20283501570866325,,0.5139217650129075,0.3606382614268182,0.21441851748105187,0.05615177047416182,0.2533397283076359,0.26851596963461993,0.4078186621740629,0.302607900077183,0.3500930025411962,0.026118499142522615,0.0547628787863521,0.21076935168261043,0.36887326867154485,-0.15707897457393147,0.04118753060619923,-0.08574088665781313,-0.04240311311648191,-0.08429718090455299,0.4795734982054439,0.0935801041064199,0.007094794074438307,0.01134610850363647,0.13633346297934598,0.13846073237234066,0.050652629966768975,0.049603101831233135,0.12817503420841034,0.17296779875177087
#58,0.3374075768354147,0.43064388389897285,0.3372576442446239,0.07495057665605988,0.09776854357818965,0.20819631496323227,0.4327848568083301,0.41735550347323686,0.4702043234594124,0.13080449717163453,0.33889481140535604,0.28311343891758345,0.2719458791712597,1.0,-0.0018592447347261212,0.013935267006970656,0.1298017222095711,0.1152534243676734,-0.13011690308591098,-0.10483713975369945,0.05197864669715027,-0.01901604722070521,-0.0671178079210355,0.03919004157405038,0.0392714565830282,-0.140823379811093,-0.13390632840476963,-0.16772821896606968,-0.15532976101470508,-0.2021901443504231,0.10256558039429853,-0.07148358701632129,0.06318973526015521,-0.13165733954290712,-0.33093629275547487,-0.2586921605810291,-0.24927059003714055,-0.3077185055912362,-0.22184824161717615,-0.2146635685971831,-0.10031900980002942,-0.14825068567962388,0.07976292916692697,-0.22680165973765828,-0.06398131485239499,-0.08623340715766903,-0.14202122835902406,-0.14502471671002753,-0.1978848219449723,-0.15518627713749664,-0.17029722523945887,-0.1668181442617533,-0.20647450843673107,-0.17031415311261267,-0.04115770530588062,-0.20689609308718057,-0.1002593591993922,-0.25675512823871527,-0.17023515637122827,-0.21581385788244398,-0.07051869824655448,-0.10395769643889945,0.09877373680784647,-0.01687588040054572,-0.10968254192167634,0.06648422181156456,0.49832796948146296,0.6020547213651927,0.051955270110414065,-0.04269733567367897,0.08248831674468939,-0.06661561435080599,0.28055329962537007,0.09261843969344428,0.06645117215445476,-0.15293003347285394,0.13711214514442097,-0.14052593289710472,0.06587562446722542,-0.06381767874524155,-0.1297251437357801,-0.31278961273459716,,0.1505593251421236,0.09675609554575261,0.11640613192052766,-0.0020897862452969734,-0.09333182863349744,-0.130245877357559,-0.09630387950578671,-0.12616303557070108,0.0604804694663488,-0.18432237119198425,-0.056093732051920205,0.0869492143653156,0.17192230106222403,-0.18567740713348635,-0.0009177325516955078,-0.15247701134369024,-0.0918155748524353,-0.08879274036068462,0.199100404455255,0.02985149821753526,-0.07125949421933284,-0.08242382960886536,0.004996543892564432,0.09166967270763346,-0.048597102512378504,0.14116354945256468,0.10382791607805361,0.08579086418807673
#101,0.2049042466794163,0.119672405350014,0.1925702758638757,0.1263339264806347,-0.06937082722888702,0.07565268034734383,0.08759569790195135,0.2590903686447424,0.23297710908200547,0.31983402623417295,0.26480312278955226,0.017278924999445815,-0.06718390723525512,-0.0018592447347261212,1.0,0.6956561868353542,0.27308165885096014,0.184924519822741,0.5723197030367395,0.17012310997273403,0.6738643714620242,0.336773184636746,0.2994141746754987,0.0463505319181094,0.2612732581923853,-0.04042416413588246,-0.35167132519048894,-0.47789763876321734,0.3515455752756321,0.029681413396799423,-0.07787587435487674,0.041122237381177415,0.00569461713785939,-0.07755102040816327,-0.09356237014406829,0.26285561128766705,0.16716718088440077,0.10952051799291851,0.19527954165768213,0.027338112098794293,-0.01726844583987441,0.15325569350876522,0.0918615219367099,0.09306662528742118,-0.027262339714201073,-0.207842441805398,-0.44964501846951876,-0.5249232703844844,-0.5847931272834995,-0.5404300082825665,-0.3504541305018107,-0.2751307375917682,-0.4361486670307503,-0.08289861614636967,0.23596528173825074,0.3253049536196428,-0.21130540099914755,-0.01258990413584215,-0.4117443165673498,-0.24838550409795596,-0.22138474032844105,-0.4393335254512588,0.13845670192635165,0.1853904393790695,-0.16417658996056209,-0.19385276377757582,-0.021160244486853694,0.022711966192619046,0.6025786793437627,0.31450094010152696,0.27007252787557207,0.056699911128665945,0.3042426489703218,-0.21593477126211402,0.019879368751549203,-0.07349639174322835,0.22452687602146615,-0.36839122733126034,0.33445890254986166,0.17914163591772247,-0.10030127583767783,-0.08817850039196087,,0.10652509053389303,0.0136845732664548,-0.26943974785529895,-0.4100418561815958,0.0035205945713922973,0.14580420496430033,-0.09856334752722062,-0.013471765718235551,-0.04781116554452333,-0.18952890132057562,-0.4195198529693303,-0.16793457780070653,0.34981087132196614,-0.012314221630194489,-0.05457506000326466,-0.2832270974944732,-0.40123291342803535,-0.5045670998724364,0.0874288374380067,-0.04440624477301536,-0.3708860733984519,-0.22456637439215837,-0.27011525060305547,-0.17504992714968876,-0.12061311144384682,-0.23245315110343534,-0.24966879810085385,-0.1826924588340323
#102,0.17585279199069773,0.1960767638743065,0.14981046827736724,0.14380994028894267,-0.1705374398204033,-0.073731769788986,0.1722334514925749,0.19887953601505776,0.07134655185269526,0.18745886426062475,0.23951771683295614,-0.13400064084091226,-0.15400616255191718,0.013935267006970656,0.6956561868353542,1.0,0.09982568321097571,0.19362383444540054,0.5828077295893177,0.33705289758838264,0.4122110422128761,0.5985176019652455,0.03143788175880602,0.2047776906753617,0.19000610612567334,0.07458703042785199,-0.22407707824909365,-0.29872980494656637,0.2516106669783545,0.1696434869000429,-0.1872331592852407,0.10980829183653318,-0.16813529401095878,0.12732219183713775,-0.053778643875838084,0.34236663758028146,0.21310539817783536,0.29505081384780635,0.16056772862201066,0.15045292136801397,0.021783351436753234,0.23675524915209492,0.13884120647370235,0.20716049034405903,-0.1174226103989537,-0.20781745304026616,-0.29123236931782687,-0.37071921293450727,-0.40474101361686177,-0.3619134945377381,-0.15441484977520187,-0.29904256755531283,-0.327155734417792,-0.0666688162378608,0.0790213271049508,0.4286189878340988,-0.24124839034063314,0.14230255348905632,-0.29483558803199367,-0.2908075603105862,-0.2511350743516524,-0.35686818224870676,0.15304933467412837,0.32067719553507196,0.028585132087791173,-0.1152082833725966,-0.022065482655983296,0.10990421645107139,0.5275487029017196,0.4027814107770095,0.22721276522853637,-0.01112927050942822,0.2330738397857415,-0.12835882254550876,-0.013476602253422353,0.1112463549654087,0.1939116082890152,-0.25863573433718307,0.25053695616688465,0.38605264165506237,-0.10098161512062118,-0.08958109559613318,,-0.08911598212900249,-0.0913818988640188,-0.26088311102065,-0.30850766691588255,-0.05898839836122066,0.13504613853045908,-0.23363004133222362,0.02371071070869347,-0.2834221710803409,-0.2685506314701253,-0.37157689184096665,-0.2428379982386951,0.17403909129564732,0.21252340177702364,-0.007976655656831706,-0.2909526563661902,-0.4056309360912332,-0.48634464746696543,-0.1337483349220008,-0.14623868704191462,-0.3435781896445751,-0.2596909050971035,-0.29338059702996433,-0.32926123940244606,-0.1907864004691439,-0.3358606916648362,-0.2651811786233206,-0.2472876106105521
#201,0.14591705745199235,0.3084834842399486,0.4710821545958168,0.2687642451075424,0.14507469424029115,0.13140100317800665,0.23990625182629585,0.2460164079456212,0.1704028229243707,0.6093079119669987,0.36489280021280757,-0.10411327165407488,0.10999611061962061,0.1298017222095711,0.27308165885096014,0.09982568321097571,1.0,0.5538352716419835,0.3629396460865377,-0.22965682767626652,0.2675583356676333,0.010714134572561127,0.3752317002637927,0.051955270110414065,0.169086479264363,0.16402504519137565,0.17774065289194577,-0.015604677735614834,0.2944091668463574,-0.19562293565594502,0.268830344421762,0.054404169093331026,0.35866737333819676,-0.0772527674049772,-0.04754435002005147,-0.02663117187232353,0.17738919800170488,0.008045173238644723,0.18610463440832045,-0.0264860758167195,-0.04131972923463846,0.1032701023531759,-0.10778903839604372,-0.049896518299232404,0.0693272984122058,-0.10785110726427433,-0.012546375319160941,-0.04470127341941022,-0.09372358798362833,0.021426253922127752,-0.05448235974551764,-0.017610227659741687,0.07434278540091854,0.3629396460865377,0.39720972224181467,0.30391940720200394,-0.11539932651247524,-0.28585978481448865,-0.28386955058512,-0.14627576714501342,-0.5238100612023223,-0.3222466512031889,-0.4417767818097912,-0.2189293926319417,0.16710188765937894,-0.22405853819754426,-0.10312097585158286,0.005283511646981297,0.21619271980541008,-0.023254464222738566,0.30881478690024444,0.3748608992328046,-0.1196417739604976,-0.34596421367006364,-0.43775762106955945,-0.31065267027122884,-0.2523127706696385,-0.2216233427309899,0.1601920910558358,0.13768205020726568,-0.054197004169496375,-0.15834937114966458,,-0.1568153834062508,-0.20763608297076114,-0.3283422977169539,-0.3535680530729128,-0.06869451839193266,0.038125197743756334,-0.14974598114154322,-0.04297866080371123,-0.2508327909024773,-0.19743824852939101,-0.27133808791611835,-0.17326443957656135,0.5513597717155392,0.03211983322014497,0.5736497502131098,0.1557892318574512,-0.1620001491265016,0.041670378035681535,0.4350306213134014,0.2680121638859948,0.28442655822079993,0.16685200000806089,0.20474947755343867,0.2233765867362053,-0.42123279251465573,-0.2762117032060183,-0.060019386445207094,0.03920052073362178
