,#10,#11,#12,#13,#17,#18,#26,#49,#50,#51,#52,#53,#54,#58,#101,#102,#201,#202,#301,#302,#401,#402,#501,#502,#601,#602,#701,#702,#801,#802,#901,#902,#1001,#1002,#1101,#1102,#1201,#1202,#1301,#1302,#1401,#1402,#1501,#1502,#1601,#1602,#1701,#1702,#1801,#1802,#1901,#1902,#2001,#2002,#2101,#2102,#2201,#2202,#2301,#2302,#2401,#2402,#2501,#2502,#2601,#2602,#2701,#2702,#2801,#2802,#2901,#2902,#3001,#3002,#3101,#3102,#3201,#3202,#3301,#3302,#3401,#3402,#3455,#3501,#3502,#3601,#3602,#3701,#3702,#3801,#3802,#3901,#3902,#4001,#4002,#4101,#4102,#4201,#4202,#4301,#4302,#4401,#4402,#4501,#4502,#4601,#4602,#4701,#4702,#4801,#4802
#10,1.0,0.3833441819504537,0.4824794497635136,0.5082162656708779,0.15653647654381195,0.38871676645379194,0.3068084308869198,0.6058449527732491,0.054234084272595184,0.5179667206074688,0.5484554323358651,0.08457850603458526,0.17850482545146032,0.04098117177156238,0.02791285369682582,0.04092555161691417,0.4670694425691675,0.3139213619683086,0.20249726433478496,0.04484636947501426,0.16818365936282678,-0.015353177905901178,0.23376868867424525,-0.10515232063003932,0.3806566805649879,0.39583130971357633,0.029211463394481916,0.08824298752778488,0.19481604036894704,0.19056956247493567,0.18883485852126966,0.02728491021173948,0.17397944069501012,-0.03477025450251198,0.12071548477196745,-0.14339238608448218,0.013408890760807137,0.02728571630093728,-0.043101186361776865,-0.07099751523004778,0.12618883042503068,0.03038190490968778,-0.03154992815730025,-0.16191067322554578,-0.4008379297211133,-0.267127884036008,-0.020324329988734905,0.04303508704755725,0.09815869074992493,0.0984585559315066,0.16268290667703836,0.18841730431680917,0.1740439278308341,0.24565044344981993,0.2754555915384817,0.1536530954832807,-0.07518353643422412,-0.2732259488173664,-0.29169264624977076,-0.17245593211116775,0.09462076526077993,0.04628040215790078,-0.2105879816131054,-0.1306368306184921,0.21288049929164912,-0.04030486293460803,-0.08662032997261312,-0.023695395013935267,0.19493856592701264,-0.010785070421967543,0.4390489759644353,0.3691586242475661,0.2177291258164172,0.3238241677632838,0.014144850198398704,0.10969866370563235,-0.15381753767963194,-0.21508112280164363,0.34061661793185727,0.051144344377427084,-0.2056974384500517,0.02728007367655268,0.0689057137617563,-0.022217027425169733,-0.0989430155393845,-0.08743286788399571,0.03673388778835322,0.27820516179217814,0.31504746857763544,-0.16221940538830323,-0.29780360845829396,-0.0001906400952797432,-0.2639067516015985,-0.2034702139965298,-0.1881101843324473,0.3370085626825036,0.0031215804184812073,0.19719884003764437,0.29561265801867304,0.247683400406672,0.23442645745965018,0.14319086378503212,0.3496101551117139,0.09995949401781054,0.2897153094475669,0.27263266716778545,0.23337934759170775,0.09216461147508277,0.03808489328386633,-0.051332163160514525,-0.06754261692827619
#11,0.3833441819504537,1.0,0.3179759906332435,0.24393992217208796,0.1307158273598765,0.2599601388891688,0.2163144392742779,0.07386719277421643,-0.04410476741303809,0.27215062582750094,0.12825725530658594,-0.0591641258063411,-0.1342440797786479,-0.19621782948392155,-0.045241353181936346,0.169122753278264,0.47322393359437187,0.2485434975807248,-0.12826047966337714,-0.17479600905238168,-0.28843040326627345,-0.13139213619683085,0.06274235575537611,-0.005751849470903203,0.14003421848644662,0.11768136503144755,-0.0781394655225574,0.004601560185642342,0.1727259719924308,-0.05655078462707291,0.08550953905804447,-0.11300846595179989,0.16882450027507795,-0.12415990391416762,-0.29385054703228186,-0.14889797530545743,-0.2529592542062742,-0.2353365321639666,-0.139927814712337,-0.12613159809198687,-0.19058326599129827,-0.13441255242098815,-0.43591570725258605,-0.2233491797034801,-0.40460156018564236,-0.1408201554543018,-0.034256775683513256,0.039835719021488324,0.010693176253418321,-0.08835664610467471,9.22972131481209e-05,0.16993367901125098,-0.0322278491726502,0.08026431664795868,-0.21911237487984234,-0.19499982870604546,-0.30440386680988185,-0.3800698476289894,-0.08675655904704135,0.08522579566041881,-0.21652079810891475,-0.2926446375923728,-0.19406234696900385,0.05932453755670334,0.09646590343454454,-0.008682789794104667,-0.08545714326018745,0.20281889392470723,-0.09326411714088223,-0.012414982779919512,0.3911164939956431,0.30126979200883475,-0.26384548882256564,-0.17731745606310068,-0.32686070577139714,-0.227411869260393,-0.33185201008417586,-0.31145714729063345,0.3690909127549509,-0.1488568647563696,-0.10130002035375224,-0.25078603772900493,-0.332492850996427,-0.21885845678253527,-0.26860625162477353,-0.3438699939341788,-0.30945159736650657,0.07466038454485181,0.009619465441948478,-0.18768698750360222,-0.3505460246703599,-0.29594396067896894,-0.28802494039977994,-0.14496103566340132,-0.07455559294913779,0.3095015748967702,-0.018010047901850578,0.26502076687295834,0.2661122116467798,0.13521864161878833,0.26020357782690445,0.2503434947594126,0.03927226267222599,0.25448356887931434,0.20236264743875235,0.0410746781185072,0.055913168071612965,-0.22593753211761647,-0.16306176860000443,0.037534334361768805,0.08585212696710955
#12,0.4824794497635136,0.3179759906332435,1.0,0.7891730129397468,-0.07125062723815703,0.4834548176928518,0.23909532609330886,0.01594565346628431,-0.2847917166274034,0.60212162676861,0.27710646221557644,-0.128507142957904,-0.06697513013302488,-0.142598388224649,-0.18937171392700458,-0.18423289529102843,0.7427817735171486,0.8011490801514641,0.00225100408485701,-0.14140134576591573,-0.05564715863633891,-0.048061859285039185,0.0861141059563946,0.14023815905349007,0.1995211830165067,0.5402244555371275,0.09143832510786482,0.25680994230416565,0.20314294178222292,0.09015100065897792,0.3362395535878023,0.10265908674124335,0.374823013040508,0.0971414061823011,-0.1651777527442299,-0.3928906963200013,-0.24706754825955266,-0.3250687694846873,0.0789826348234564,-0.05155786813589858,-0.17252848013896976,-0.2053355044002394,-0.27129939563462396,-0.4480997454773358,-0.3448324644363522,-0.2957932219989803,-0.06948771016256804,0.02855933723346157,0.1315638331959623,0.18080379184358644,0.5108868391831898,0.6096730703736022,0.510535384292949,0.5245226440531777,0.07220906729434146,-0.047113092299228373,0.082610842302755,-0.2499348075361279,-0.07572281010755245,0.29818085820286444,0.07236303033112129,0.07569379089643165,-0.2818140231307295,-0.37216211259856957,0.4679238971188357,0.19039705938660642,-0.19754868274948964,-0.09839084443889139,-0.033457941288493276,0.10923193806010605,0.6491005052164047,0.6030978007871461,-0.184004772048051,-0.013981214091245267,-0.23168252983033838,-0.07514161979593852,-0.08701370150113961,0.025067358828591176,0.09146008951620542,-0.11857854230859916,-0.36134842601008016,-0.1615987167059971,-0.2459100041715116,-0.06956025819037005,-0.3157810097476336,-0.19671760478655764,0.12250742105867725,-0.05330788778432277,0.05483542681415412,-0.15030460095561873,-0.39483175910830415,0.04088685933541976,-0.060648942108689034,0.06547822249270993,-0.06552578175538014,0.5871606112574387,0.430687412715654,0.4860375274826036,0.5525552019958768,0.5054529919008188,0.6527537014608351,0.5221954645391286,0.40283944919925113,0.4926555197965431,0.5475832438238454,0.41218444126934867,0.5537006547459509,0.0812130836337695,0.11851163690518174,0.02066046918421758,0.05522879834268061
#13,0.5082162656708779,0.24393992217208796,0.7891730129397468,1.0,-0.19592683128351568,0.4291614858642183,0.22308639462499724,0.0812171140797585,-0.3112918990050844,0.7666129945609131,0.3532488417505839,-0.2142169951816018,-0.077293877954065,-0.2728648208567519,-0.08555951658830808,-0.08590371667576875,0.7109791363963379,0.570905822583798,0.09167934577800707,-0.056350874506018465,-0.05951719287497758,-0.00918014682914738,0.1995381108896605,0.11986909111427725,0.2950749965237403,0.5931530783538852,0.2896371187953803,0.4349016470417534,0.2672987749459416,0.10869911310036012,0.16164305161187612,0.14440322193852362,0.19631536627685536,0.14722695239841765,0.030645496077368443,-0.2962430197713528,-0.18776840251258003,-0.1474647487117687,0.016660654584733075,0.009696043915739496,0.011513775056778908,-0.14370273042563525,-0.13430211820088953,-0.35470141448501985,-0.313702105706507,-0.28278213625728754,0.10804859911773537,0.14402758437234872,0.200984234910514,0.2212057885265294,0.5474494330170105,0.4568321097571052,0.44629652394185676,0.4039792593249406,0.12867883995703544,0.03316291264209841,-0.03737553478980216,-0.2374871781436975,-0.013547538102828768,0.19200198297942658,0.1567597632516026,0.00759698764466782,-0.2964655003899456,-0.3258329420442019,0.5206534159037368,0.15785685064980864,-0.345607922244636,-0.18487696056007077,-0.05544563633688886,-0.07223324997027546,0.46279233328563973,0.49611847899029266,-0.18485035961654336,-0.014731683134397237,-0.27477525225553834,-0.26069609832676033,-0.1546260451450255,-0.1593271573465962,0.01770212182829091,0.05831208952426631,-0.3082456879265975,-0.10618330871402575,-0.18466173474425812,-0.03667665545530941,-0.40192292578135236,-0.13304220078472784,0.15458815895272893,-0.04090781765456256,0.0918373392607759,-0.18386209426004035,-0.341468654213932,0.03479121282165478,-0.09636997882000632,0.12391727106562976,0.06612793038613687,0.4962152096940287,0.32253845549279253,0.40742690282393196,0.5190186670105981,0.4383460661839536,0.49911148818172474,0.32963204043343414,0.27069644091466943,0.4026725887353065,0.38311041608309165,0.34977943384325194,0.4162060202771738,0.01664372671157927,0.04427646441216953,0.1413360525408939,0.11457550335232346
#17,0.15653647654381195,0.1307158273598765,-0.07125062723815703,-0.19592683128351568,1.0,0.36988329843638845,0.046701986808350276,0.30388555145569635,0.26203743075189984,-0.16178411722149114,0.1977099005890497,0.6276657873577001,0.49907037763263695,0.2961470951568146,-0.01461641237911181,0.1470093083150116,-0.14729063344504387,-0.10877004894976654,-0.04508658405595871,0.09366151911539772,0.0904927824788452,-0.08030139675105749,-0.1311890017189852,-0.12992747212442793,-0.0419363874709556,-0.17072928904947976,-0.2704151157846372,-0.24336679275245202,0.064929275749008,0.18213545119835237,0.20315180876339872,-0.033877107671349375,0.007904913718227491,-0.26125391205163806,0.0521092331471939,0.23951449247616494,0.18309953387892136,0.03722640828820913,-0.08967379585388022,-0.1677894817451025,0.11498580275400375,0.010125689458166994,0.09081763642555866,0.09780965412727745,0.026441740910840488,0.0764071798364848,-0.2153971097671813,-0.16959028501298812,-0.2030639450408385,-0.18035318798201616,-0.21715115986159447,-0.09829895027034216,-0.35021230374247064,-0.15252457060636046,-0.1082106230464932,-0.14068795682586258,-0.08215056537081111,0.05048818777041773,-0.15816477672336832,-0.28309812322282524,-0.1580341902733247,0.050096428420286845,0.16307627820556483,0.1510228264308587,-0.19257994893424932,0.01089953508805517,0.15333630242854523,0.1426112856518138,0.14147308770451994,0.19391563873500423,-0.0037414630115895475,-0.08025141922079387,0.1717296457439498,0.12338364001668604,0.15245202257855844,0.2763197191585235,-0.025067358828591176,0.06496796803050242,0.34932641171408824,-0.08535154557527563,0.12875944887681545,0.26378180777593946,0.2874550353369352,0.13148241818698447,0.31861360718870346,0.015739294631647464,-0.04288999099195322,0.3981617135844167,0.16577184048300864,0.13517511280210712,0.14763241526491114,0.22003212265453234,0.044265985252598124,-0.18228457769994538,-0.17858462828204255,-0.17269614669211222,-0.20834221710803408,-0.06562815508350077,0.020950661295425645,-0.15884108556032267,-0.016892002184501726,0.031103354741718946,0.14111679627909227,-0.13471483587016322,-0.10741823736505562,-0.0640401593638344,-0.09122954800563457,0.020155051257196865,-0.008527214578929231,-0.37773944375814905,-0.3038178399630811
#18,0.38871676645379194,0.2599601388891688,0.4834548176928518,0.4291614858642183,0.36988329843638845,1.0,0.39742736632522074,0.18039591070949956,0.19949296989458368,0.39048935659975453,0.12694252382497384,0.16666256904657784,0.5553063844279689,0.06124544811506117,-0.29082287600534434,-0.12522635992285727,0.2817559847084879,0.43591167680659704,-0.0388450353973919,-0.12711422082410528,-0.05395114696416732,-0.05862565822221058,-0.08535960646725363,0.18784820534316224,0.010045080538386975,0.2238199357949954,0.17066963844884256,0.2656140485225393,0.4324825733591551,0.4194408562279459,0.6637826138651373,0.12238167114382043,0.498509339550968,-0.0658063007962146,0.10075671623443493,-0.13091009485654634,0.012443195901842518,-0.12401238959097019,0.10255026469954033,-0.07007454309856657,-0.04199281371480161,-0.200871382422822,-0.1978509661986647,-0.30931214393528716,-0.10048022763958946,-0.14677312418005614,-0.01033688482799064,0.11631181948438504,0.21070405845758863,0.23560415377763627,0.30535505206328606,0.4175497709699067,0.22026830678948778,0.21477722717407294,-0.16227663772134707,-0.26729796885674384,-0.06459152437512973,-0.2606896496131779,-0.07322635186196529,0.22945772364440986,0.012970378237203838,0.1959397287106805,0.049304042738849266,-0.07295711806990003,0.4194086126600339,0.21313280521056058,-0.026328888423148462,0.1632778005050149,-0.10577542757993885,0.16633771509986436,0.34910393109549537,0.44532438036930977,-0.14032682886524808,0.08672995810351394,-0.23058624852133014,-0.01910955356765003,-0.0918067078712595,0.0013562450752988072,0.10402460184231686,0.003351315839854259,0.09547925025643712,0.10742307390024243,0.19620976859194353,-0.3379170252084244,-0.02989019049902967,-0.20347827488850778,0.015199214869121343,0.24834600572726376,0.20379829230003446,-0.1778881672151432,-0.27189912599778726,0.11157685153650677,-0.02468124210284489,0.08003216295899222,-0.08011599623556345,0.15862344147691662,0.18865268236256683,0.42629664485523644,0.37365902023888453,0.4936357242610681,0.5022052585228819,0.6127184753628913,0.4626045145025523,0.42025661849611967,0.30742750739083036,0.4883526156586857,0.4664769670087844,0.027963637316287232,-0.004478228538378914,-0.017385328773555437,0.06414736922714183
#26,0.3068084308869198,0.2163144392742779,0.23909532609330886,0.22308639462499724,0.046701986808350276,0.39742736632522074,1.0,0.317356914129333,0.0914302642158868,0.23889541597225442,0.347608635633576,0.06592802026508243,0.20899031282306543,0.4017343009090671,0.03187397601481592,0.13106486398252398,0.06952640244406245,0.21306348153954976,-0.078141077700953,-0.07526011490801515,-0.07809351843828279,-0.016680806814678078,-0.05399145142405733,0.0697448526166663,-0.07793149450952495,0.12199958486406313,-0.05832498695143111,0.1156629176801559,-0.057942094582476025,0.20304862934608028,0.22534666873562895,-0.03524181668322508,0.13334770859069411,-0.16147457896953588,0.015682062298603652,-0.08817769430276307,-0.23783218432035597,-0.058590996386705174,-0.10448407268506296,-0.22905790340230098,-0.02057986026443756,-0.028320734830912714,-0.07790892401198654,-0.25488741956741223,0.038532272788645426,-0.10746499053852804,-0.04439979605943296,0.1876079907622178,0.06178310960999389,0.2796061448179548,0.028332020079681917,0.25576363852542106,0.027527543060277333,0.10562871934593923,-0.09167370315362246,-0.20736040046511348,0.12457342767263911,-0.07034458297982964,-0.17375857225481287,-0.046901090840206924,-0.018067280234894394,-0.01995191677935122,0.29688144241601055,0.3153376606888435,0.25147121354713503,-0.03804297664558072,0.32967153880412636,0.6657857455216707,0.12908188455593553,0.20547576392065664,0.3513400225301931,0.3438716061125744,0.17242530072165135,0.1739512275730871,0.008636842709830056,0.18164212460929866,0.010192594861584409,-0.05218178117499592,0.2110232697799175,-0.0004123146246747934,0.2128361643857701,0.2198886387773239,0.09971121854488808,-0.022075961815554702,0.09916710833637296,-0.08004909083214604,-0.06552094522019335,0.09160921601779845,0.22900792587203736,0.05813313772235467,-0.2420311029516971,-0.0582806520455521,-0.12687884277834763,-0.11652382094340649,-0.1955914981772308,0.02640385471854388,0.05320309618860875,0.14405821576186512,0.20767880569824454,0.1620565753703476,0.1659798114960411,0.20547576392065664,0.14540277254379583,0.16657792968080884,0.14726403250151646,0.21669652555403518,0.17026739993914028,-0.015417665041725192,0.06695900834906887,0.004120324934555633,-0.037770518496724255
#49,0.6058449527732491,0.07386719277421643,0.01594565346628431,0.0812171140797585,0.30388555145569635,0.18039591070949956,0.317356914129333,1.0,0.3436805629726957,0.07766709725264649,0.507259437793089,0.48046100241222195,0.4391964902876328,0.358799571966636,0.1651890379929991,0.08474294823093649,-0.04428694357174093,-0.13163476904536872,0.22847187655550025,0.23438131646457339,0.3239612029269099,0.10325478665841768,-0.07399052442147985,-0.054513797224231844,0.08852189439022375,0.02035415528905351,-0.23866487446168355,-0.16725343242856539,-0.08862991034272898,0.10802844688779037,0.03925533479907219,-0.21606052117697083,-0.14138119353597073,-0.41733373906489624,0.10104368398885179,0.10621797054953115,0.05501034817007676,0.22760936111385405,-0.3692803437164339,-0.16405325831329864,0.14580823541028934,0.169901435443339,0.21833127444717396,0.0971583340554549,-0.16267484578506033,0.050122223274616455,-0.32274400823823163,-0.2327256092522918,-0.28757353044901185,-0.19473784971676042,-0.169130814170242,-0.15599720287048363,-0.2887891129592945,-0.12829514149888255,0.1518498739478017,0.07634511096825419,-0.15775850776767703,-0.0052964090741461,-0.3956862136579723,-0.5413916726955421,0.1673146952075982,0.20711373717058662,0.14423555538538116,0.13874528185916413,-0.07679732700822009,-0.19948087855661667,0.21875608345441463,0.20202086561888505,0.4839078398220155,0.043550984134149366,0.21494569981641318,0.029739451819041036,0.563563962170234,0.35399689252614247,0.28064116334793027,0.2799060099995365,-0.10577945802592786,-0.1779687761349232,0.4233673167104306,0.04094892820365038,0.010674636201868919,0.22026911287868559,0.3169353294788835,0.3037372310433011,0.31851445821737406,0.3190972607073836,0.003112713437305405,0.21024136325805132,0.2703611078083845,-0.06957315561753485,-0.10185944625702557,-0.04307942195343626,-0.15908049405206934,-0.41121552205359285,-0.3594041388649861,-0.05890375899545164,-0.26433156060883917,-0.08216507497637152,-0.03622605159373911,-0.09418950753995683,-0.18801103536111788,-0.17289283245637546,0.09129887167664538,-0.18095211225598168,-0.040105758902751386,0.048573725925642304,-0.07514403806353193,0.19653139818186582,0.05110403991753708,-0.26192215999661445,-0.3637151038948215
#50,0.054234084272595184,-0.04410476741303809,-0.2847917166274034,-0.3112918990050844,0.26203743075189984,0.19949296989458368,0.0914302642158868,0.3436805629726957,1.0,-0.18889128476511569,-0.07653051148374823,0.2194992976947864,0.4686147155613504,0.3038307373902459,0.0238380728019459,0.08897894696537645,-0.39875338305560204,-0.2927196038877682,0.0353272621381919,0.09434508275513227,0.008523184132940231,0.03006511185495231,-0.14865373027852397,0.06426344607162505,-0.2422688992650482,-0.22010708894992775,-0.2569260191486489,-0.2874510048909462,-0.0344333092178315,0.013092097706071665,0.31275333872069616,-0.34674612019192985,0.0618032618399389,-0.3222780886819031,0.111676806597034,0.05955427297807639,0.14023574078589665,0.1709275869921386,0.031805458433002906,-0.10787367776181274,0.0028999058890861566,-0.011097833030714014,0.09710432607920229,0.12627750023678871,0.32427880207084314,0.11048460067348752,-0.2517291620904311,-0.24444372792071306,-0.13090042178617275,-0.12950588747397843,-0.2815472076062577,-0.08836309481825712,-0.23600397401974516,-0.18797879179320587,-0.12857163009372802,-0.1321232590992356,-0.0693393897501728,-0.02406780822331895,-0.04791112060505055,-0.1306481158672613,0.023988811481934533,0.12073966744790145,0.4188765937894858,0.4375432013429446,-0.2123912031485844,-0.16365343807118976,0.4882502423305651,0.3300431459243123,0.1408185432759062,0.011399310390691282,-0.1844658550691927,-0.1846206241951703,0.2547657000985444,0.34185074049368935,0.026806899317443973,0.17468799309987645,-0.10528210099088514,-0.1192153527748613,0.2993496875396747,-0.06158722993492845,0.25497689546836805,0.14810881398081105,0.31119275003375496,-0.15817767415053313,0.32383142256606406,0.12833141551278357,-0.18073204990498223,0.017853666597477343,0.015369299689857181,-0.12041803785797918,0.0918437879743583,0.051201576710470896,-0.0697964423253255,-0.16440874364952854,-0.1810069263214321,-0.2853043893572043,-0.29740943084056964,-0.1695773875858233,-0.19703197957369972,0.014193215550266714,-0.11059987142877295,0.04279003593142599,0.0028007569177567345,-0.10177480689125655,-0.2698210280458584,0.0037777370254905556,-0.2035274463295736,0.0005009844364328135,-0.014323802000310344,-0.10914326824834802,-0.1721850861407069
#51,0.5179667206074688,0.27215062582750094,0.60212162676861,0.7666129945609131,-0.16178411722149114,0.39048935659975453,0.23889541597225442,0.07766709725264649,-0.18889128476511569,1.0,0.2681693512795658,-0.22002728611934555,-0.018824197991628763,-0.3152377056283163,-0.005576122025782763,-0.17078410311493017,0.657671651656614,0.42225571970666415,0.06406031159377941,-0.26252833907336015,-0.18712030679754868,-0.2013308532655681,0.3907650391054022,0.011156677542153427,0.4426159206647012,0.5570991268038765,0.32966992662573075,0.3103673146952076,0.2931073327919101,0.15521287808102405,0.11694862995064718,0.15398036769758758,0.09499398455936142,0.1673566118458838,0.0025000856469772664,-0.40455480701216995,-0.2692253281286841,-0.22054318320593766,0.07698917623729654,-0.0379486642094381,0.14636927349195825,-0.141775371153695,-0.10718527758689138,-0.416398675595448,-0.2256191268844854,-0.2926833298738672,0.1408362772382578,0.10545541016841219,0.26863446474669656,0.2977600796416127,0.37811427523512614,0.3964697323582341,0.44540095884310077,0.4372651005697035,0.10648639825239863,0.012131239382293848,0.00922690000261979,-0.47302644174091085,0.03938189080312682,0.1589773146347509,0.06637539976986154,-0.08967298976468241,-0.4123126094517989,-0.2931428007166133,0.5065323453366732,0.10568675776818084,-0.39051273318649077,-0.13279150704421197,-0.22006597840083994,-0.2471675033200799,0.41743369412542347,0.46593446897866486,-0.14946707427910436,0.02234197125082876,-0.40106202251810175,-0.28457810298998637,-0.2552308135656751,-0.28814585377944996,0.02499884124677816,0.030248900192050752,-0.27304135439107013,-0.16852141073670507,-0.04156074990478072,-0.1390798088762512,-0.5550331201899146,-0.13410704461502188,0.13008062907200996,0.030356916144555976,0.15951578221888144,-0.31402776574241825,-0.38600911283838113,-0.018613002621805114,-0.1387065895776697,0.19730766207934738,0.18560808346247554,0.5818146276976279,0.2692374194666511,0.3024402335240406,0.33548666627705687,0.34459950465818795,0.3907319894482924,0.2601221628179266,0.3006378180777594,0.21442577228383206,0.2650505921732769,0.28691414948521127,0.29860969765609413,-0.10210530346235462,-0.033845670192635166,0.257490281587109,0.2101897735493921
#52,0.5484554323358651,0.12825725530658594,0.27710646221557644,0.3532488417505839,0.1977099005890497,0.12694252382497384,0.347608635633576,0.507259437793089,-0.07653051148374823,0.2681693512795658,1.0,0.27443669479246224,0.1801742361801045,0.26733343678144705,0.15832035193854377,0.201694399493776,0.3118102143592699,0.26552054217559445,0.144429822882051,0.11064178806705856,0.08427541649621238,0.13481640310908605,0.06325341630678143,0.07647247306150662,0.15692581762634944,0.3824405559597197,-0.18438766441700608,-0.1487730314797984,0.043867777188884835,0.15477436555742075,-0.02979104152770025,0.08132109958627472,-0.007804152568502467,0.011104281744296415,0.27485102464013156,0.15635268820671352,0.10534981248350037,0.1912031485844066,-0.008370027185358196,0.07537377348490497,0.25641254032965016,0.31470165631177915,0.1337386618516272,-0.06854619797953743,-0.23510357238580235,-0.10725621343629779,-0.16930492943696684,-0.06986415381794073,-0.11303990343051411,-0.009544499146553061,0.04319791706551288,0.004394395261807695,-0.1270690798290285,0.0834604603172364,0.15258583338539325,0.18033626010886233,-0.144300848610403,-0.046102256445186944,-0.3338406321351489,-0.31719166584378394,-0.01399330542921227,-0.06994073229173174,-0.025623560375073302,0.05423247209419958,0.08303968175598471,-0.06419412240061424,0.11470931415915828,0.10965271662135774,0.2330867372129063,0.09600159605661164,0.3161373011730613,0.17165064900256538,0.3496681935339555,0.1678160826886299,0.16123194612099803,0.19797429784592815,-0.07716409759321918,-0.15309447566920517,0.36407058923105134,0.09348337340268388,-0.14794114742766862,0.12487248676502298,0.05812588291957447,0.29559331187792587,0.08266323810061202,0.08236982163261276,0.005472942608464339,0.18682285988356043,0.3628662919695379,0.02141658085175415,-0.18163406371732063,-0.05957442520802139,-0.14196560820437584,-0.28809910060597754,-0.23161320615932757,0.12860064930484882,0.20383940284912228,0.019409418749231695,0.06502358818515062,-0.027663772134705566,-0.004382303923840693,-0.0397188360878073,0.23539295840781263,0.030057050962974306,0.14211715297356228,0.07468698548837922,0.01968107080889036,0.022847389177849474,-0.005472136519266539,-0.17582538495797254,-0.2552590266875981
#53,0.08457850603458526,-0.0591641258063411,-0.128507142957904,-0.2142169951816018,0.6276657873577001,0.16666256904657784,0.06592802026508243,0.48046100241222195,0.2194992976947864,-0.22002728611934555,0.27443669479246224,1.0,0.543502014215383,0.428509359703198,0.03862658522478805,0.026411109521324083,-0.147999991939108,-0.15076729615515605,-0.0016004901022322626,0.12553751035320812,0.11116171559963968,-0.04779746202816073,-0.28099906695175353,-0.1968449668798101,-0.2659324537556703,-0.34622780483774435,-0.3625366014876376,-0.34765458271785066,-0.023046493209706122,0.1527438268681621,0.0432656285581281,0.026785134909103368,-0.12424212501234325,-0.34369023604306936,0.09247334363784024,0.2842774317192069,0.1594964360781342,0.12877315239317808,-0.2305580353994071,-0.2093127485021855,0.11027662966045508,0.07024946445448921,0.24055112318453598,0.1601985397694182,0.02088375589200823,0.1389895268860976,-0.1606338279362303,-0.09639819194192933,-0.23383075754247587,-0.26375359465401643,-0.18125197743756336,-0.24514663770119482,-0.3890899857523734,-0.2586421830507655,-0.16397264939351863,-0.09224441430566499,-0.23697128105710538,0.12074208571549484,-0.14837401732688732,-0.4855393643583631,-0.0021462124891429863,0.13310830009894745,0.35077817835932634,0.2366077348288975,-0.27614076735661186,-0.26637096627927365,0.31844594063556103,0.09557920531696434,0.3558992630329509,0.29153384667780413,-0.04069984664153012,-0.12772523643603784,0.36877734405700663,0.16446516989337456,0.25706305431227494,0.29559814841311266,0.08364827910032385,0.06742734617299077,0.2256554008983864,-0.0940444114843528,0.1390507896651304,0.37109888094667115,0.23826182986278346,0.5243444983404638,0.5135630553198864,0.38880543626555,0.051855315049886844,0.1797026739993914,0.1638936526521342,0.22947142716077248,0.1478766602918446,0.17023193201443707,0.03330478434091124,-0.19175451359570192,-0.2575733087744824,-0.23956447000642855,-0.25243690840609967,-0.08017161639021166,-0.0693055340038652,-0.2259625208827483,-0.2185835803660854,-0.11988440680903545,0.12964534090519786,-0.04932016452280527,-0.04369124365456659,0.05735929209246649,-0.09683912273312603,0.08679605741773357,-0.026999554635718216,-0.36455907928491826,-0.3637860397442279
#54,0.17850482545146032,-0.1342440797786479,-0.06697513013302488,-0.077293877954065,0.49907037763263695,0.5553063844279689,0.20899031282306543,0.4391964902876328,0.4686147155613504,-0.018824197991628763,0.1801742361801045,0.543502014215383,1.0,0.35648528987975164,-0.16788056982445393,-0.0075760293255250155,-0.22260112892792153,-0.05715212716863184,0.07494654621007088,0.17536510802602862,0.09902846099435134,0.12090894617943948,-0.24888527940059207,0.14021075202076486,-0.2557160792627508,-0.09309564449854199,-0.004127579737335835,-0.002136539418769384,0.2159089764077844,0.4705203104249501,0.4851814607545398,-0.002268738047208614,0.13273991733555277,-0.21868111715901922,0.46318489872496843,0.2007980283058222,0.19404219473905884,0.19617188239964695,-0.02061452209994297,-0.0993613758330428,0.22918365331715781,0.10621716446033336,0.2468756990304762,0.11454164760601585,0.19268554661916115,0.1196466104956844,-0.11757254298974452,-0.05688369946576438,0.06631816743681772,0.05068809789147218,0.0003381544184771766,0.0075421735792174085,-0.20232476124645574,-0.12551655203406534,-0.16216056087686384,-0.12259689695963306,-0.20798995612859542,-0.00018016093570834082,-0.12328690931295003,-0.14292969088494487,0.016139920962954156,0.22144761528586945,0.3075145650241928,0.14229126824028712,0.11861723459009357,0.08308965928624831,0.22966811292503572,0.09292072314261934,0.16404439133212287,0.11488665378267432,0.014904992311924275,0.035999540529157256,0.3084141605689378,0.33061143880876137,0.08039167874121111,0.1469367602872096,-0.0361994506502117,-0.0392948331697644,0.11874540277254379,0.02062338908111877,0.2866150903928274,0.4128357613411712,0.6940246622990067,0.015022681334803103,0.4089463809617853,0.15940051146359602,0.04612321476432975,0.2990723928556314,0.2432644194243314,-0.012347271287304297,0.0768247340409453,0.16936377394840627,0.016580045664953056,-0.07481676584922504,-0.16487305102746144,-0.21962262934204985,-0.0587296437287268,0.04134229973217687,0.013781303970190822,0.09342211062365106,-0.003747911725171949,0.14009386908708382,0.3041991201536406,-0.018560606823948105,-0.006440249645824559,0.26687154767110755,0.09771050515594804,0.014324608089508145,-0.01836150279209146,-0.2119019070055197,-0.23238140916483113
#58,0.04098117177156238,-0.19621782948392155,-0.142598388224649,-0.2728648208567519,0.2961470951568146,0.06124544811506117,0.4017343009090671,0.358799571966636,0.3038307373902459,-0.3152377056283163,0.26733343678144705,0.428509359703198,0.35648528987975164,1.0,-0.057647872025278955,-0.05900129578838546,-0.2919086781547812,-0.13714680697992637,-0.013656360144531794,0.20391598132291328,0.11512606227442097,0.02397268969797853,-0.4776429145767125,-0.12200442139924994,-0.39853090243700917,-0.19884729244714575,-0.3333086132646008,-0.2251701352013107,-0.24673624559925678,0.1359392853616217,0.13088026955622775,-0.14240573290637476,0.0008234201155528865,-0.09281834981449873,0.17470250270543686,0.2669537687692832,0.13492925559677807,0.2538411157886676,0.02189862219203866,-0.1598575640387487,-0.018086626375641596,0.22879834268060933,0.1863682255760011,0.13102778387942518,0.23485046037769308,0.12374154362050933,-0.1972996011873694,-0.06962474532619407,-0.21087494936752227,-0.15437454531531186,-0.23600316793054735,-0.12424857372592564,-0.37121334561275876,-0.22185549641995636,-0.09763795712814602,-0.09350271954343108,0.13664219514210346,0.18772164933910762,-0.06773688442494605,-0.22646552054217559,0.16656503225364402,0.19444523933795893,0.5030202147018579,0.3036179298420267,-0.1359908750702809,-0.1460806935591458,0.7443117308145732,0.4441402353377413,0.3594089754001729,0.4164422044121292,0.04213146105682324,-0.02538737624011785,0.3632951314227676,0.29834852475600687,0.3918403620952676,0.4592350616557475,0.28852552179161384,0.2269556227744381,0.18146800934257382,0.004292828022884872,0.15743284773176575,0.4764619939019352,0.26144898563750574,0.25139624725173965,0.5446684252845999,0.30498505712149576,0.08584003562914254,0.09149555744090862,0.2639067516015985,0.32463993003145764,0.18701148475584567,0.08493157310322173,0.08836631917504832,-0.11266990848872382,-0.27097454168791046,-0.36790676772338243,-0.17189408794030103,-0.1797736098487978,-0.09143187639428241,-0.12687964886754544,-0.18867122241411624,-0.04697928149239354,0.008535275470907233,-0.12202457362919494,-0.17541669773468782,-0.0445956757344984,-0.11716708012325104,0.2149964834358746,0.18486728748969716,-0.15735868752556814,-0.2741327991648916
#101,0.02791285369682582,-0.045241353181936346,-0.18937171392700458,-0.08555951658830808,-0.01461641237911181,-0.29082287600534434,0.03187397601481592,0.1651890379929991,0.0238380728019459,-0.005576122025782763,0.15832035193854377,0.03862658522478805,-0.16788056982445393,-0.057647872025278955,1.0,0.38948577554849334,-0.010943063904736379,-0.1342666502761863,0.4690008322870967,0.1765960062310695,0.3757016502661102,0.2879201488040659,0.1355281798707436,-0.13821809952380282,0.31359489584319955,0.06322278491726502,-0.2274094509927996,-0.35391225316037345,0.07274753487847198,-0.022109011472664506,-0.35296751662055165,-0.06896133391640452,-0.31503940768565747,-0.06308171930764998,0.04393065214631325,0.1491454446891821,0.17094048441930343,0.3373334166292171,-0.15739173718267796,0.221175157137013,0.21831676484161355,0.22230368201393325,0.1537175826191047,0.2608492552743424,-0.17735373007700167,-0.017819004761971936,-0.2150529096797206,-0.2992521507467409,-0.3147532460204384,-0.33619360650352764,-0.35316259020641927,-0.36715226823424146,-0.148758521874238,-0.09847387162626481,0.4048909462076526,0.43198763459170575,0.11010009612613683,0.12642904500597513,-0.36730300691423007,-0.4324196984017266,-0.029312224544206938,-0.0587119097663752,0.09812161064682612,0.16506086981054888,-0.35519554716327134,-0.3810903565534044,0.08936506369112274,0.10908764809369981,0.5498177230801474,0.22854684285089566,0.05573502235889912,-0.16343095745259692,0.3915872500871584,-0.02440878395398843,0.2198709048149723,0.16633287856467757,-0.1407919423323788,-0.23358409424794901,0.3346999232200039,0.1616285420063157,-0.1113060055660459,-0.05291371016659849,-0.12985250582903252,0.12597360460921803,-0.041739701706692355,-0.031145271380004554,-0.18449245601272007,-0.0512305959215917,0.09862057986026444,-0.11053941473893794,0.09650943225122575,-0.28156332939021367,-0.15903051652180572,-0.3955902890434341,-0.22876609911269732,-0.07937116981679608,-0.02106028942632647,-0.3782996757506202,-0.2922673878478023,-0.3669128597424948,-0.4213037283640621,-0.3801464261027804,-0.09738081467404776,-0.43074706331629126,-0.3148411097429986,-0.37807558295363175,-0.4796387914304657,-0.04927179917093726,-0.03504593700815964,-0.22184662943878056,-0.30743879263959956
#102,0.04092555161691417,0.169122753278264,-0.18423289529102843,-0.08590371667576875,0.1470093083150116,-0.12522635992285727,0.13106486398252398,0.08474294823093649,0.08897894696537645,-0.17078410311493017,0.201694399493776,0.026411109521324083,-0.0075760293255250155,-0.05900129578838546,0.38948577554849334,1.0,-0.13964245913631573,-0.10005944907833776,0.019984966436461027,0.3149716961930422,-0.03828319122652517,0.36529262045491645,0.09125534285996417,0.055113527587395184,0.04321565102786449,0.029107477887965694,-0.4513740797988001,-0.37469323267966215,0.10920614320577643,0.06176537564764229,-0.1977985704008077,0.04720176211098639,-0.24047776906753618,-0.17981633257628124,0.075534991324465,0.08182168097810863,-0.06454557729085512,0.17169256564085097,-0.13137843268046825,0.05850152048574935,0.24249863468642122,0.1447603194531491,0.0485753381040379,0.2035653325218702,0.00715122031828432,-0.003804337969017962,-0.26410101909826833,-0.1850083530993122,-0.3298819280847522,-0.22929811798324543,-0.26858529330563075,-0.15240849376187723,-0.25140108378692644,-0.03835815752192059,-0.09298198592165216,0.29861775854807215,-0.14497393309056614,0.11454406587360924,-0.24802679440493489,-0.3234783554974276,-0.43241002533135303,-0.4329960521781538,0.09555905308701934,0.4790761411704012,-0.40721167700811933,-0.16219199835557804,0.11065307331582776,0.13215147222115864,0.22674120304782325,0.2657704298269125,0.005129548610201462,-0.14650227820959527,0.1528357210367113,-0.19001174875005794,-0.05139987465312974,0.0829647154605893,-0.2993714519480153,-0.37670926176336045,0.21745666766756075,0.2735782097968051,0.24658470083007036,0.06032811860796457,0.004771645006378181,0.000913702105706507,0.005900169883298436,-0.2779327036433217,-0.37758709289976483,0.2649063022068707,0.09200419972472054,-0.016031905010448932,-0.013343597535785323,-0.2163087966498933,-0.27450601846347306,-0.34010152693446294,-0.1382511491809126,-0.17832184320355968,-0.03494195150164341,-0.19452826652533237,-0.21170763950884985,-0.3623036417094734,-0.2613643462717367,-0.2212267468456722,-0.21400499372258036,-0.2260560272296931,-0.24480001934614073,-0.3930519141595613,-0.44401690369047786,-0.40851189888417105,-0.010459410386056269,-0.27967063195377884,-0.26503366430012315
#201,0.4670694425691675,0.47322393359437187,0.7427817735171486,0.7109791363963379,-0.14729063344504387,0.2817559847084879,0.06952640244406245,-0.04428694357174093,-0.39875338305560204,0.657671651656614,0.3118102143592699,-0.147999991939108,-0.22260112892792153,-0.2919086781547812,-0.010943063904736379,-0.13964245913631573,1.0,0.6978584225237444,-0.0088294980281043,-0.2495140289748762,-0.13237072848296028,-0.15212878081024056,0.28505853215187527,-0.02720188302436606,0.3219870904814972,0.4631655525842212,0.22328308038926048,0.20859129867015436,0.24072685062965643,-0.01248994907531493,0.09587100960656801,0.21657964262035415,0.2296697251034313,0.20016444219635124,-0.1223058987592272,-0.2885529288243391,-0.18355739254327189,-0.272287660991127,0.14848686981457934,0.04654882986076824,-0.07867067830390771,-0.1527486634033489,-0.24235353863081718,-0.37444818156353094,-0.45569391180981134,-0.372168561312152,0.03456873220306193,-0.0036705271621831313,0.1376747954044855,0.019009598507122805,0.33645800376040613,0.3804664435143071,0.4128454344115448,0.41080441656271477,0.0692765147927444,-0.0014424966194634267,-0.14421137270944717,-0.47094673161058637,-0.06629156649329032,0.17780997656295658,-0.08115826956831908,-0.21472563746541373,-0.40072991376860806,-0.3579983193040226,0.39242961329885956,0.053691586242475664,-0.3169861130983449,-0.2414329847669294,-0.1218141843485691,0.007158475121064521,0.5807957309516084,0.4871184930968536,-0.26466689371512403,-0.12047930063701198,-0.3703580849738928,-0.2940762520076659,-0.3271162360470998,-0.2802074873595138,0.050750972848900594,-0.157577137698172,-0.3988533381161292,-0.1932691551983685,-0.3757395364584068,0.02321577194124416,-0.4539430860721893,-0.19368993375962018,0.02873022814339521,-0.09905425584868094,-0.04661009263980106,-0.17499269481664492,-0.37467469262811276,-0.09676415643773062,-0.22286149573881098,0.04820050662706082,0.017937499874048562,0.6824371300806291,0.384533163517209,0.451685230229151,0.461572720329368,0.26066546693724396,0.4122666623675243,0.3564659437390044,0.3637481535519313,0.37078047571354006,0.4337005741370311,0.24265501599079445,0.3539920559909557,-0.15508067945258483,-0.12065422199293463,0.0485761441932357,0.10349822559615335
