,#10,#11,#12,#13,#17,#18,#26,#49,#50,#51,#52,#53,#54,#58,#101,#102,#201,#202,#301,#302,#401,#402,#501,#502,#601,#602,#701,#702,#801,#802,#901,#902,#1001,#1002,#1101,#1102,#1201,#1202,#1301,#1302,#1401,#1402,#1501,#1502,#1601,#1602,#1701,#1702,#1801,#1802,#1901,#1902,#2001,#2002,#2101,#2102,#2201,#2202,#2301,#2302,#2401,#2402,#2501,#2502,#2601,#2602,#2701,#2702,#2801,#2802,#2901,#2902,#3001,#3002,#3101,#3102,#3201,#3202,#3301,#3302,#3401,#3402,#3455,#3501,#3502,#3601,#3602,#3701,#3702,#3801,#3802,#3901,#3902,#4001,#4002,#4101,#4102,#4201,#4202,#4301,#4302,#4401,#4402,#4501,#4502,#4601,#4602,#4701,#4702,#4801,#4802
#10,1.0,0.3595032878363155,0.39664626589255236,0.2150279209145888,-0.03408104823839282,0.20638906298176424,0.04284726826446981,0.4463408588477358,-0.10099370645858817,0.1116695517942538,0.056886117733357784,-0.09254508557644446,-0.05010932584745165,-0.1068467201238153,-0.3360614078750884,-0.192980575265556,0.08752314987414933,0.08132271176467032,-0.23079744389115378,-0.07306835837919645,-0.0795283572103671,0.0397349578717633,0.14465149741144606,-0.14102893255653204,0.16264260221714835,0.10074623707486352,0.1320797302825544,0.21073388375790722,-0.15068507505698042,-0.26241387440727254,0.15215215739697677,-0.20064003482305334,0.31107103056488716,-0.09082005469315207,-0.30210248215016233,-0.29554414043686006,-0.15372564351108273,-0.21065488701652282,-0.14573246302569612,-0.2949782658200043,-0.12290159867640153,-0.25906457379041276,-0.03628812046196972,-0.1413537865032455,0.1315557723039843,0.07281847072787839,0.16763874306511387,0.14209458247602388,0.27391837943827674,0.28110385854746756,0.18562742960322273,0.26964449451154016,0.3297674634186646,0.36631796591451826,-0.040516058304431675,0.10385935355676783,-0.022051779139620694,-0.17103076640945705,-0.05495311583703295,0.36566987019948693,0.04837542798298346,0.08372808193090607,-0.32431910653073315,-0.4658272591153574,0.2518799007704198,-0.05322566668614716,-0.17474038889773347,-0.19264362998087553,-0.21006079927774407,-0.24036088613385515,0.05285647783355467,0.051420026883074746,-0.081642729176197,0.22184179290359374,-0.1645901137190336,-0.14070730296660977,-0.1426322439709566,-0.006229860365198711,-0.1814663971641782,-0.05049786084079134,-0.19075576907962752,0.01488322790358367,0.23846577042982692,0.05256547963314881,-0.017329708618907227,-0.08706287294220542,0.058003357361508835,-0.013657972322927394,-0.14548499364197146,0.10118958613365361,0.043654969640665585,0.025542951455293287,0.09276111748145491,0.02538737624011785,-0.028936586978032055,-0.004426638829719703,-0.00816931097510595,0.2074418154740913,0.3148483645457788,0.3417290210248215,0.23235803257809493,0.10832508771258084,0.08933443230160633,0.10822835700884481,0.1800565471572257,0.2781551842619145,0.23815784435626725,0.099312204391977,0.04641260078634001,0.028912404302098047,-0.06527670019325989
#11,0.3595032878363155,1.0,0.2132206689331208,0.09806921484896912,-0.04486249125897026,0.1404687005640609,0.3805317367393289,0.11909040894920227,0.011666932004360942,0.4004211816058506,0.08374339762566427,0.08082535472962761,0.01615684883610796,-0.079008429677786,0.061573526418565845,-0.10647269473603602,0.21927681707619356,0.334336376991796,-0.11580720764656213,-0.17240434240250854,0.002063185301769567,-0.21617095539706946,0.0309074750666535,-0.21567118009443334,-0.04790467189146815,-0.16502943233183467,0.12519814680093425,-0.058340302646189314,-0.07258389877131854,-0.0046652412322685565,0.32593450928312473,-0.02353498326357303,0.17827912047607627,0.020238078444570283,-0.1554998458354409,-0.14583161199702552,0.026651324102268538,-0.12908107846673775,-0.003922026991896788,-0.21705845960384745,0.010247408927034822,-0.2485999238245708,-0.25367747968151416,-0.3858204879660959,-0.05244134189668758,-0.19988553533391237,0.029081683033636088,0.03187961863920052,0.0015432577691884496,0.057762336691366586,0.09920015799348277,0.08723376385213906,0.04499952642259629,0.2756530833919427,0.13618594865614855,0.027941872907946627,0.1280517025611469,-0.27085604657583384,-0.03149995062703664,0.10547798066595059,-0.010012836970474968,-0.11286336989619586,-0.10302988777223143,-0.0838997789300375,0.32075135574126956,0.1478484471699216,0.09437087760946188,0.14190595760373864,0.027930587659177428,-0.19573095160845022,0.18138256388760698,0.009064069984664153,-0.14443465941723782,-0.18960064325917986,-0.11090860359153042,-0.24478147929459135,0.061351045799973,0.09286832734476233,0.1134203775318758,-0.036210735898980904,0.22531200690012354,-0.22618419541214332,-0.2722344591040722,-0.03888292158968851,-0.1875596254103498,-0.12417441351972802,-0.0887435689196188,-0.24841855375506577,-0.12325144138824681,-0.13892181539348236,-0.37954992009640826,0.03436076119002948,-0.2686538108874437,0.05159091779300839,0.1457969501615201,0.08101801004790185,0.14756309159390033,0.3223111383390129,0.29439868768678595,0.1324303790835975,0.19002142182043155,0.2611789457562427,0.15776737474885283,0.09520679210758067,0.1394635073344041,0.15741914421540315,0.15986481884152892,-0.04790225362387475,-0.009650902920662686,-0.10441716728164555,-0.1730218067280235
#12,0.39664626589255236,0.2132206689331208,1.0,0.5480064406526904,-0.06673330337368481,-0.06582081040177501,0.18308583036255877,0.2976045044264373,-0.26429367441654256,0.3490990945603086,0.43076963381382966,-0.050751778938098395,-0.08882175957180542,-0.28374460675946095,-0.16319074287165247,-0.18345260094755786,0.6524336840493085,0.7402055124409792,-0.4556777900258553,-0.4934051827504973,-0.20493326589053712,-0.22973985486363993,0.19087990681608874,-0.5256648724464605,0.003373886337392664,-0.128486990727959,0.12353921523186148,0.17580523272802753,0.15179989641753808,-0.476289490813606,0.4153402804787364,0.2782285383789143,0.5710879987425008,0.23947096365948373,-0.4982191474397599,-0.5689373527627699,-0.23116582665454846,-0.44848344393548867,-0.14513918137611517,-0.47430328703022634,-0.18379921930261192,-0.4725024837623407,-0.2529012157840326,-0.39972310836055563,-0.06433196365343807,-0.2628161129169748,-0.02353095281758403,0.09813531416318873,0.34941830588263745,0.2241947672719725,0.14979031604742224,0.2595756343418181,0.38912867803386786,0.46995362971889654,-0.02025903676371309,0.06952801462245804,-0.036234918574914905,-0.3500067509970316,0.010069263214320981,0.10823722399002061,-0.12120155655824096,-0.17274451204398023,-0.44362917478633596,-0.40956223310890466,0.4423531355862183,-0.22533135304087074,-0.2697936210131332,-0.12160943769232785,-0.3705015688511012,-0.2658220195355717,0.3328185110323383,0.1890001068068187,-0.1332808031872767,-0.005513247068354349,-0.2084050920654625,-0.14443224114964442,0.15739979807465596,0.3601771784056765,0.17903845650040406,-0.14445964818236962,-0.1250530507453302,-0.29001033809396176,-0.0768400497357035,-0.2908099785781796,-0.4457999729960119,0.2419255052667853,0.008267653857237572,-0.09455627812495591,-0.22878947569943353,-0.3822003413787753,-0.23283281911559925,0.15353621254959968,-0.0635984224834399,0.2738031086829913,0.25902426933052275,0.5141474699882915,-0.050913802866856234,0.6816076642960927,0.5743115494445038,0.5073706781023855,0.60071822547524,0.7425963730016545,0.5338958492451982,0.5954318925160663,0.6577667701819545,0.6387624112546174,0.7044119277018599,-0.13541532738305156,0.22239638227168027,-0.006565999560681387,0.2534372651005697
#13,0.2150279209145888,0.09806921484896912,0.5480064406526904,1.0,-0.18699052643670286,-0.20551526229134884,0.17430026419573458,0.12174486067755827,-0.33435572313254325,0.3964036330440145,0.268015388242786,-0.31371258486607834,-0.21581385788244398,-0.3115796728486991,0.10732070057212181,0.050397099691066316,0.41389496254708064,0.3307605653103544,-0.10835733128049284,-0.28467322151532676,-0.1721770252487289,-0.1461387319813874,0.2874808301912648,-0.22040050541792702,0.1302628052307128,0.017576371913434082,0.20678082233189513,0.19267023092440294,0.0662254671790707,-0.22262047506866872,0.15066734109462881,0.17028352172309627,0.39320184675035214,0.35288932596836503,-0.16919449521686822,-0.21826517513295435,0.050764676365263196,-0.10305810089415444,-0.1121709392752855,-0.04074418154740913,-0.03150236889463003,-0.06128010995056658,0.022387918335103372,-0.043786362179907015,-0.22190144350423097,-0.17496448169472192,0.11899851478065306,0.18242241895276923,0.17610832226640039,0.13934984875751427,-0.010838272309022354,0.04980220586308978,0.0909804664435143,0.20299623354822327,0.004225116530269657,0.17779385477900056,-0.10783820983710952,-0.16183731910854596,-0.015080719757044716,-0.030819611344093282,-0.19671115607297526,-0.2714396551550412,-0.23642797693778805,-0.12373187055013572,0.18119716337211295,-0.2648627733901895,-0.27608031066677685,-0.1205268598996822,-0.16541232470078976,-0.1647327915070442,0.16158904363562349,0.053186168315454946,0.0653170046531499,-0.10229312224544207,-0.05625172553468904,-0.10825818230916343,0.04539047968352938,0.20064084091225115,0.09250639329495006,-0.20291562462844326,-0.3204643879868527,-0.21706652049582548,-0.1554772753379025,-0.37718243612246916,-0.39144940883433454,0.05135553974725073,-0.2626162027959204,-0.16261600127362094,-0.0020164321282971566,-0.2679517071961598,-0.05492329053671434,-0.0071826577969985265,-0.16146732416675566,0.14649985994200188,0.042807769893777596,0.29847911120605053,0.0772584100293618,0.3151200166054375,0.32105202701204905,0.2331592852407083,0.3019066024750969,0.3249921910108963,0.23762098895053232,0.39263113559830964,0.39000409090267885,0.38878609012480275,0.4190281385586722,-0.2605235952384311,0.2370260951225558,0.054228441648210585,0.11006059775544463
#17,-0.03408104823839282,-0.04486249125897026,-0.06673330337368481,-0.18699052643670286,1.0,0.3957934235212798,-0.02419517031657138,0.16752508448822404,0.25241030746257226,-0.08679283306094236,0.09390737632072677,0.5569814377809976,0.4390151202181277,0.2335550750368282,-0.4044798407167745,-0.19716175993454554,-0.07199706583532,0.03781001686741647,-0.18658828792700055,0.059683247249724417,-0.16725585069615878,-0.1532129707812818,-0.15356765002831388,-0.07423718771600671,-0.015349953549109977,-0.05008111272552864,-0.19966547298291293,-0.2052992303863384,0.09325363798131082,-0.007933126840150496,0.03921180598239098,-0.03408749695197522,-0.013823220608476431,-0.21295224123025333,0.00017693657891714007,0.06367741922482432,-0.08596981598998837,-0.08719426548144685,-0.03219560560473819,-0.07963476098447674,-0.17562063830173127,-0.17940280881780973,0.11269086680786662,-0.013883677298311446,-0.06015883987642653,0.001585174407474059,-0.11408378894166533,-0.15060527222639822,-0.1546292695018167,-0.2079859256826064,-0.12174647285595387,0.00031639001013657165,-0.20497357035042713,-0.1306626254728217,-0.22006356013324654,-0.24431152929227384,-0.17784866884445097,-0.17729649774395786,-0.08777948623904978,-0.007366446134096968,0.3700719233086737,0.35694959725768455,-0.004980422108608428,-0.08983017715825345,-0.18252076183490085,-0.04266831646255816,0.09697293353996086,0.003946209667830794,-0.09393720162104538,0.10759799525616508,0.008105629928479735,-0.1442669928640954,0.005969493554309252,0.12571968651191098,0.11933787833292693,-0.014339117695068548,-0.04113916525433122,-0.1497153497520268,-0.021448018330468357,0.10988003377513739,0.2680444074539068,0.14628544021538703,0.11902430963498266,0.3484663145400354,0.4980369712810571,0.42046942604433896,0.3584650449495489,0.05514093462012039,-0.14844334099789813,0.12003030895383729,0.06893795732966831,0.1801161977578629,0.11751934110268972,-0.09003169945770349,-0.177057895341409,0.07083146085530094,-0.10094131066073116,0.05377703169744248,-0.033177422247658815,0.0829800311553475,-0.02374053600901208,0.11847213853448954,0.09125050632477737,-0.005711545011013194,0.07024301574090681,-0.05505629525435137,-0.07691582212029673,0.302229038154217,0.12871592006013424,-0.003919608724303388,-0.055349711722350634
#18,0.20638906298176424,0.1404687005640609,-0.06582081040177501,-0.20551526229134884,0.3957934235212798,1.0,-0.025148773837568996,0.015109738968165523,0.17386739429651588,-0.03147818621869603,-0.42973703355144766,0.29687741197002154,0.37545337479318774,0.24173688039450006,-0.316497623044478,-0.4375432013429446,-0.12644919723592013,-0.07331099122773431,-0.1637074460474424,-0.053634353909431845,-0.177921216872253,-0.21229930898003518,-0.03919487810923718,-0.09953629718896545,0.13233687273665268,-0.11976913605375003,0.24306450930327694,-0.020251781960932885,0.37809412300518114,0.2974795606007783,0.3290024847699522,0.24718362510403588,0.16488594845462626,-0.07012855107481919,0.024927099308173946,0.10806069045570238,0.009382475217795226,-0.06614969479447748,-0.055219125272307004,-0.2189656666458427,-0.1169961892133174,-0.12480558136160556,0.03143385131281702,-0.08683071925323897,0.14776622607174597,0.06334853483212184,0.281977659237883,0.14061379661966494,0.20199587685375325,0.07964443405485033,0.2070468317671692,0.25661486871829803,0.14603152211808,0.04113835916513342,-0.22548047954246378,-0.43426322439709564,-0.15614229892608766,-0.3328846103465579,0.11847052635609394,0.21342783385695543,0.17912632022296426,0.2548970926377858,0.005999318854627859,-0.05198025887554587,0.1695451440179113,0.1403647150575447,0.1532371534572158,-0.19277663469851256,-0.1222938074212602,-0.22546435775850776,-0.013973959288465065,-0.028703627199867802,-0.14029377920813826,0.05881670136208922,-0.06274154966617831,-0.16809901999705779,-0.2136648240811087,-0.2878742017197913,-0.038574995516128835,0.23330196302871894,0.2712808555830745,0.3645743949796765,0.2969862340117246,0.37066117451226566,0.30577421844614217,0.11340022530193078,0.32064817632395115,0.20524602849928358,-0.09913002823327416,0.306908385947447,0.17953581353544676,0.19359239696668634,0.19312808958875344,0.03015055730991913,-0.08530882284779222,-0.05579547904873414,-0.11488584769347653,0.05070583185382378,-0.008634424442236655,0.17224393065214633,0.1077640496309119,-0.015241937596604752,0.20510657506806415,-0.14906967230458887,0.02459337838028467,0.031324223181916196,-0.01751833349119247,0.18881148193453345,-0.11136807443427653,0.10051891992108387,-0.01231502771939229
#26,0.04284726826446981,0.3805317367393289,0.18308583036255877,0.17430026419573458,-0.02419517031657138,-0.025148773837568996,1.0,0.28352454440846153,0.23341642769480656,0.537394276363651,0.33486436541635517,0.17550536754644586,0.22045209512658623,0.20358145430582622,0.014800200716210252,-0.11053377211455334,0.41566513442544983,0.25131725051035525,-0.26383097921700527,-0.3163759035756102,-0.09754283860280559,-0.45007466401194623,0.019604492335099342,-0.3169877252767405,0.0680133730197915,-0.3506088996277883,0.06145744957408262,-0.3054759654429561,0.06304463920455118,-0.005898557704902836,0.11164375693992419,0.17360622139642862,0.2282502020261052,0.006787674090076437,-0.1727058197624858,-0.07016401899952239,-0.19454600048768397,-0.2953297207102452,0.005248849811475889,-0.1686648946139135,-0.0967036997478956,-0.15908613667645394,-0.3319140789524065,-0.260023819935795,-0.07583808086283787,-0.379155742478684,-0.03456631393546853,-0.055021633418845965,0.03681127235134204,-0.05642664689061168,0.08805919919068644,-0.2782623941252219,-0.0003333178832903755,-0.07579052160016767,-0.003540746801337302,-0.11651495396223069,0.11945959780179476,-0.23386219502119007,-0.17444374807294302,-0.22802369096152333,-0.10007960130828276,-0.23857459247152993,0.13453104753306477,0.1223099292052162,0.09542524228018451,-0.20635520723545664,0.2901272210276428,0.41490821666871547,-0.00993384022909055,-0.009063263895466352,0.4848824016621559,0.31593013624922667,0.16789588551921214,0.05930599750515393,0.15634382122553772,0.07033087946346703,0.2657849394324729,0.2612595546760227,0.20641082739010486,-0.31816139114873754,0.07937036372759827,-0.17579797792524732,-0.2313246262265151,-0.1584469079425984,-0.22035778269044362,0.11262073704765801,-0.16680202247779727,-0.11816743681772106,-0.06367177660043973,-0.18958371538602603,-0.2816753757887079,0.03190541349353013,-0.3110613574945136,0.026331306690741865,0.09348417949188167,0.30083530993122043,-0.03327898948658164,0.3288074111840846,0.14638136482992525,0.08591580801373576,0.06570957009247859,0.23501248430645094,0.13842204009084624,0.14907209057218226,0.06732497284487014,0.3085536140001572,0.17009006031562424,-0.20857437079700053,-0.14821763602251406,-0.2703111302781209,-0.1928935176321936
#49,0.4463408588477358,0.11909040894920227,0.2976045044264373,0.12174486067755827,0.16752508448822404,0.015109738968165523,0.28352454440846153,1.0,0.2694929497423537,0.23549936218192224,0.434887137436193,0.19626700092498736,0.26194956702933964,0.3435959236069267,-0.2861540073716857,-0.14185517398427722,0.20602874111034755,0.050963780397119844,-0.3285752574951181,-0.19851195934086086,-0.1464926051392217,-0.27935142063144996,0.11727348389736066,-0.2026552578175538,0.18731134993742732,-0.20409815748161614,-0.11228943438736214,-0.2358234100394379,-0.10133307001086206,-0.3744030405684541,-0.07537780393089397,-0.28415490616114125,0.07478210401371964,-0.31641540194630235,-0.23375740342547605,-0.23924767695169308,-0.12772362425764222,-0.2851230192876993,-0.042088738329339834,-0.27444959221962706,-0.11267635720230622,-0.20637374728700605,-0.080827772997221,-0.048605163404356506,0.08942955082694676,-0.05759547622742194,-0.12659993591590876,-0.19526745031971512,-0.017167684690149388,-0.12123218794775736,-0.07176894259234255,-0.07738980256860323,-0.031461258345542226,0.08105267188340726,-0.005001380427751233,0.019903551427483207,0.0966932205883242,-0.15609151530662627,-0.20035629142542768,0.027128528907366244,-0.05500389945649436,0.022882051013354884,-0.206991211612521,-0.38869097159946236,0.007627619034184228,-0.04799817823841297,0.020141347740834262,-0.03879505786712829,-0.2416014574092696,-0.22404886512717065,0.10193844299840998,-0.049067858603893816,0.20526537464003078,0.1810061202322343,0.2411226404257763,0.13853972911372509,0.25936524506119224,0.22527653897542033,0.08822605965463108,-0.3232881184467467,-0.12005610380816689,-0.1788256489521848,0.17383595681780167,0.0018358681479899157,0.09617087478814969,0.2844055999016571,0.2119285079490471,-0.0971148052387737,-0.1835719021488323,-0.04713646888596457,-0.13259723954754213,0.03874024380167788,0.008308764406325383,-0.059264886956066125,0.06644955997605916,0.15219488012446017,-0.05923022512056072,0.20857275861860494,0.29559492405632143,0.06353232316922029,0.1426765788768356,0.0653637578266223,-0.10793010400565875,0.013121923006390273,0.09649089219967635,0.24776723368324322,0.14334321464341637,-0.029458932778206572,0.08947066137603457,-0.16627080969644695,-0.26778887717820415
#50,-0.10099370645858817,0.011666932004360942,-0.26429367441654256,-0.33435572313254325,0.25241030746257226,0.17386739429651588,0.23341642769480656,0.2694929497423537,1.0,0.03814696215209694,0.06612793038613687,0.33179477775113203,0.3316811191742422,0.595493961384297,-0.1584275618018512,-0.19617107631044914,-0.06017818601717373,-0.215987167059971,-0.10493951308182006,0.03673711214514442,-0.024337848104582012,-0.3168926067514001,-0.16215814260927042,-0.06911449086398655,-0.0477039556812159,-0.28269427253472734,-0.19357627518273035,-0.3493135142869234,-0.021639867559544803,-0.003993768930501004,-0.15988416498227612,-0.10130808124573025,-0.12380925511312454,-0.3243852058449528,-0.03099533878921372,0.1412578618887073,-0.13563780800164443,-0.18468511133099433,0.04206052520741683,-0.13269074589448696,0.06918220235660177,-0.06910804215040416,0.07148197483792569,-0.03395529832353599,0.11326399622750255,-0.0838892997704661,0.01889110339504618,-0.0220735435479613,-0.12223576899901858,-0.17714414688557362,-0.015775568645548473,-0.01925303744485846,-0.1351420631449973,-0.13345250018640814,-0.15202963183891113,-0.3381991564276545,-0.0007186285198388627,-0.10527968272329175,-0.09671901544265381,-0.01465510466060622,0.19486440572081504,0.164644927784484,0.3033083915900714,0.20375798784014446,-0.18839070337328176,0.1849664364610266,0.38273558460611456,0.2741239321837158,0.020886980248799432,0.0988898136523297,0.1841442254792704,0.21350763668753767,0.16107395263822918,0.061073751115929734,0.2634988704675116,0.15113003629416613,0.15121225739234176,-0.00864974013699486,0.1307029299327117,-0.06032892469716236,0.18736858227047115,0.129459134300506,-0.026594897858422523,0.23509712367221994,0.23713411107506102,0.21333513359920842,0.12004159420260649,-0.019063606483375416,-0.11349211947048,0.20144128748566673,0.001972903311615947,-0.05016172164530866,0.04738635653728263,-0.14175038238856322,-0.055695523988206916,0.02238953051349897,-0.07148761746231029,0.0560469788784478,-0.08734742242902889,-0.13677116941375148,-0.1288747196321009,-0.0927006607916199,-0.18527919906977305,-0.22046096210776203,-0.26788077134675337,-0.1500627741962787,-0.24329021427866102,0.12996858267351574,-0.16358008395418996,-0.16876001313925393,-0.15639621702339473
#51,0.1116695517942538,0.4004211816058506,0.3490990945603086,0.3964036330440145,-0.08679283306094236,-0.03147818621869603,0.537394276363651,0.23549936218192224,0.03814696215209694,1.0,0.24293714721002452,-0.17325960304137455,-0.10357319189154876,-0.052294633662687946,0.24341918855030903,0.015967417874624915,0.5332356621921999,0.331774625521187,-0.18341149039847005,-0.4974751271101904,0.05168442413995321,-0.37629735018328453,0.2208293448711567,-0.42797895301104544,0.09907440807862594,-0.4049514028974876,0.3194067989593388,-0.08626162027959204,0.018788730066925555,-0.17514101522904016,0.29025700138848864,0.1458025927859047,0.3654328799753337,0.15287924985339252,-0.3224223786483093,-0.2127273423440671,0.11264088927760302,-0.20148965283753473,0.08369261400620286,-0.12523039036884626,-0.1676863023277841,-0.28625476852141074,-0.3365039508446807,-0.39636897120850906,-0.1002093816691286,-0.32782156409517493,0.04317776483556788,0.07174234164881516,0.2397111782404282,0.011670962450349943,0.047487923776205455,-0.1011226807302362,0.10985988154519238,0.09064835769402063,0.26387450803368645,-0.14603877692086017,0.2618085014197246,-0.21134973590502656,-0.0997684508779319,-0.1531871759269522,-0.26481440803832146,-0.3638263442041179,-0.15256729333384386,-0.0051730774268826715,0.37943384325192503,-0.06380961785326356,0.0869604996140848,0.1381020226793196,-0.08309610799983072,-0.19481200992295802,0.32128982332540007,0.07573651362391505,-0.007376119204470571,-0.21886732376371107,-0.01072622591052813,-0.034319650640941675,0.23960235619872516,0.2899458509581378,0.365185410591609,-0.3324259455930096,0.03285418047934094,-0.36010221211028104,-0.2921811363036377,-0.2605824397498705,-0.405539041922684,-0.16717766004397216,-0.15256487506625047,-0.2940536815101275,-0.10912472819679862,-0.29837593178873206,-0.4547790005703081,-0.23612327522101959,-0.43635502586538716,-0.04249823164182233,0.28620479099114715,0.46683648279100326,-0.04517364168932113,0.43903930289406173,0.20945703846859173,0.1938124593176858,0.18110446311436593,0.32648587429442005,0.06384669795636236,0.08139929023846133,0.11784258287100759,0.35388081568165924,0.21442496619463428,-0.3413928818293388,-0.21078466737736865,-0.20326627342948633,-0.02379938052045149
#52,0.056886117733357784,0.08374339762566427,0.43076963381382966,0.268015388242786,0.09390737632072677,-0.42973703355144766,0.33486436541635517,0.434887137436193,0.06612793038613687,0.24293714721002452,1.0,0.18441587753892907,-0.031835283733321514,0.034954848928808215,-0.05671522682342415,0.07005922740380836,0.45247036110780836,0.38564314834257984,-0.22547886736406816,-0.15438744274247668,-0.10628326377455297,-0.16735903011347722,-0.05051720698153854,-0.1730870999530453,-0.03366026967714113,-0.1394925265455249,-0.29168619753618835,-0.11702359624604261,-0.06806254446085731,-0.38781878308744255,-0.031791754916640304,-0.18644802840658334,0.1187300870777856,-0.13046755188695405,-0.20996245639561245,-0.26904718241597025,-0.2401537212100205,-0.2961986848654738,-0.08229001880203053,-0.24531511034353506,-0.0010281667717941328,-0.1532073281568972,-0.16635947950820498,-0.11120846877311209,-0.06815363254020873,-0.21023652672286453,-0.26725524612926044,-0.2038692281494409,-0.06371449932792313,-0.03126376649208118,0.038951439171501526,-0.025843622726072754,0.036746785215518024,0.06599331349010425,0.023197231889694754,0.18377906707266692,-0.015557118472944624,0.0018245828992207132,-0.21210262321577195,-0.1412844628322347,0.1143506044661372,-0.07043647714837885,-0.06160173954048885,-0.0829792250661497,-0.10961241216146772,-0.2119107739866955,0.03941977699542343,0.17565530013723668,-0.009971726421387158,0.07953238765635612,0.33963238302134324,0.0847969562071891,0.06640200071338893,0.018690387184793933,0.14263546832774782,0.20417392986620936,0.2870415115784637,0.38727386678972964,0.15068346287858483,-0.27437059547824266,-0.027175282080838654,-0.3159922051174573,-0.20434240250854957,-0.16136414474943725,-0.11024761044933427,0.3470564645330829,0.038869218073325905,-0.18040477769067537,-0.10336119043252731,-0.23731951159055506,-0.1510010620225181,0.19851357151925647,-0.06044338936324999,0.05446059533717704,0.040117044151520585,0.3049552318211772,-0.10763991189445068,0.37370254905556577,0.1532089403352928,0.1712621140092257,0.15072376733847484,0.40876178653548906,0.09127227073311797,0.43028114375996274,0.3259175814099709,0.3409551753949333,0.31333049858632106,0.04374525163081921,0.07783718207338233,-0.1929950848711164,-0.06988269386949013
#53,-0.09254508557644446,0.08082535472962761,-0.050751778938098395,-0.31371258486607834,0.5569814377809976,0.29687741197002154,0.17550536754644586,0.19626700092498736,0.33179477775113203,-0.17325960304137455,0.18441587753892907,1.0,0.5638331959622992,0.34055454906362664,-0.2876646185283633,-0.31763179054578283,0.11926452421592712,0.15920705005612396,-0.20480429161888908,-0.08169190061726281,-0.061605769986477855,-0.33006249206505944,-0.20115431973124986,-0.02189378565685186,-0.07928008173744466,-0.19481845863654043,-0.20984557346193142,-0.3835553773202774,0.2133028900312964,-0.02194053883032427,0.091401245004766,0.11810617403868826,-0.11141885805373794,-0.30457878816580447,0.08619390878697682,0.06812219506149453,-0.06981014584168811,-0.10336280261092291,0.04004933265890537,-0.1457429421852675,0.07930668268097206,-0.09533092984404189,0.053654506139376855,-0.1823039238406926,-0.05159172388220618,-0.18170419347752925,-0.13292128740505782,-0.33083311333815646,-0.14680214339117695,-0.195546357182154,0.027661353867112166,0.019411030927627297,-0.09296263978090495,-0.12734718060226954,-0.06017334948198693,-0.2613046956710995,-0.04495035498153048,-0.14838852693244772,-0.15915304207987135,-0.07689405771195612,0.28636681491990496,0.1421300504007271,0.18200647692670432,-0.06567329607857758,-0.1289803173170127,0.0011780993625849668,0.2379909838923226,0.20648740586389586,-0.06080854776985347,-0.03856693462415083,0.19138774301070285,0.019676234273703557,0.008791611835807692,0.07908662032997262,0.16133190118152524,0.01616732799567936,0.12571807433351537,-0.02228957545297175,0.0582669485291895,-0.038437154263305004,0.40822976766494096,-0.10921984672213904,-0.09034688033404337,0.350134113090284,0.2538499827698434,0.4969092524933347,0.3716849077934719,-0.06389022677304357,-0.12281454104303911,0.056443574763765485,-0.08447613270646463,0.40977101021113493,0.16507296114851588,0.10385935355676783,-0.062397349578717634,0.016634053641205668,-0.09919532145829597,0.09645461818577535,-0.04091265418974937,0.12192220030107431,-0.014694603031298428,0.22552884489433178,0.2383416326933657,0.12921005273838576,0.034263224397095664,-0.04779584984976513,-0.10235599720287049,0.23555014580138364,0.01130741622214206,-0.10491291213829267,-0.15509115861215622
#54,-0.05010932584745165,0.01615684883610796,-0.08882175957180542,-0.21581385788244398,0.4390151202181277,0.37545337479318774,0.22045209512658623,0.26194956702933964,0.3316811191742422,-0.10357319189154876,-0.031835283733321514,0.5638331959622992,1.0,0.612344449975112,-0.34356932266339935,-0.3751067564381337,0.05172069815385422,-0.04207584090217503,-0.36489763674799436,-0.0777041773557453,-0.24359169163863828,-0.4074809108001846,-0.20081173182218479,-0.07289101875568041,0.02843197514020914,-0.3346765466332677,-0.2602003534701132,-0.4904565084649442,0.24269612653988226,0.13761030826866147,-0.0573834747684005,0.22616243100380273,-0.02247013943327899,-0.30961523347366005,0.1660942761621287,0.2600786340012454,-0.1762614792139824,-0.13839785741491226,-0.08676784429581055,-0.1823168212678574,-0.07181327749822157,-0.10576414233116965,-0.07085725570963054,-0.05641052510665568,0.07090239670470735,-0.07367050700995319,-0.16929041983140644,-0.21669007684045277,-0.17649202072455328,-0.2662943878054826,0.0030288801607341862,-0.04168246937364854,-0.17111459968602827,-0.25182186234817816,-0.2957642027878595,-0.38336594635879434,0.010534376681451687,-0.1297589994820877,-0.1333444842339029,-0.09675931990254381,0.19479427596060642,0.12968886972187907,0.2976657672054701,0.07566557777450864,-0.13852441341896687,-0.05536180306031764,0.3493143203761212,0.15020061544910251,-0.1668503878296653,0.003527849374172499,0.200012091337967,0.2331737948462687,0.2305346588126709,0.28534791817388555,0.3784197830410924,0.1496210373158842,0.1703504271265137,-0.048243229354544226,0.1350332411032943,-0.012290038954260485,-0.0015569612855510526,0.13842123400164846,0.2242632848537855,0.25673336383037465,0.3606866267786862,0.39168881732608124,0.2773627985804769,-0.07053723829810388,-0.1483111423694589,0.1412070782692459,-0.0007041189142784595,0.22972695743647514,0.19373265648710358,-0.05836287314372772,-0.04145434613067109,0.11023390693297166,-0.171728839654752,0.15989545023104532,0.04158090213472572,0.025667895280952313,0.015304006464835367,0.010897922909659569,0.15310979136396338,-0.09043796841339478,0.08025867402357408,-0.0016673955056496776,-0.017902838038543156,0.13126396801438064,-0.010028152665233171,-0.14112243890347687,-0.07226307527059407
#58,-0.1068467201238153,-0.079008429677786,-0.28374460675946095,-0.3115796728486991,0.2335550750368282,0.24173688039450006,0.20358145430582622,0.3435959236069267,0.595493961384297,-0.052294633662687946,0.034954848928808215,0.34055454906362664,0.612344449975112,1.0,-0.1603758793929342,-0.186731771804209,-0.14057994087335735,-0.21494247545962197,-0.1342859964169335,0.07568008738006904,-0.32271257075951737,-0.32087710565612637,-0.33309661180557937,-0.022079186172345902,-0.04481896244228905,-0.25764182635629546,-0.4381896848795804,-0.4344969902644577,0.16287233763852138,0.11799412764019403,-0.09480294141948277,-0.01673642696932629,-0.11944750646382775,-0.33067673203378317,0.24978648712373266,0.38038019197014244,-0.017510272599214467,-0.07012210236123678,-0.026259564752137646,-0.08799874250085143,0.08405212978842173,0.12207535724865635,0.03275986804319832,0.09375986199752934,0.008312794852314382,-0.03612529044401408,-0.13215389048875203,-0.09566868121792017,-0.23442645745965018,-0.3070478393786664,-0.16094739663417457,-0.16360184836253056,-0.31902068223359253,-0.3398605062643207,-0.3736412862765329,-0.256630990502254,-0.07921478851242285,-0.159416633247552,-0.16546472049864677,-0.13748536444300244,0.17033188707496427,0.10867654260282171,0.49019533556485695,0.2948307514968069,-0.14865131201093057,0.024881152223899337,0.6555927476154874,0.2406228651231402,0.05941562563605476,0.1403276349544459,0.2816519992019717,0.23619421107042599,0.26133452097141807,0.211456945768334,0.45720210469889544,0.2498880543626555,0.24825169329112112,-0.08975037432767123,0.15878627149487226,0.08134447617301092,0.007824304798447472,0.14890603619743542,0.2334825270090262,0.21122156772257633,0.4109479004399232,0.3118150508944567,0.1981854932157518,-0.08705239378263402,-0.04921859728388245,0.2034420008746068,0.06864373477247125,0.09244190615912604,0.11813116280382005,-0.18832702232665555,-0.14727934819627467,-0.0807640919505948,-0.0020317478230553604,0.06989559129665493,-0.1002246973638868,-0.12431386695094745,-0.08789878744032421,-0.1165875019900327,-0.05502485777563716,-0.14230174739985854,0.018996701079958003,-0.03785435177329547,-0.12041803785797918,0.11747661837520632,-0.060589291508051826,-0.09990306777396453,-0.22228675414077945
#101,-0.3360614078750884,0.061573526418565845,-0.16319074287165247,0.10732070057212181,-0.4044798407167745,-0.316497623044478,0.014800200716210252,-0.2861540073716857,-0.1584275618018512,0.24341918855030903,-0.05671522682342415,-0.2876646185283633,-0.34356932266339935,-0.1603758793929342,1.0,0.35658202058348765,0.12337638521390584,-0.006141190553440691,0.5826723066040873,0.00023416891196095303,0.4140747204381901,0.09276031139225711,0.27279388500734547,0.19300233967389663,0.05439530211215522,-0.08551598777162688,0.1766653299020803,-0.13524201820552453,-0.018774220461365152,0.178005856238022,-0.12950185702798944,0.06161544305685145,-0.13131233336624865,0.18930964505877398,0.21134086892385076,0.17595516531881836,0.5470060839582204,0.30665366176094216,0.3013874810317136,0.28056216660654587,0.13697752824838832,0.18792397772775546,-0.15076487788756265,-0.03359336427372371,-0.3616176598021454,-0.15133800730719857,-0.06739510260507876,-0.0445698808801688,-0.2521846024871882,-0.3011907952674503,-0.2714960813988872,-0.405881629831749,-0.2963244347803306,-0.27873637457352846,0.3760917974378455,0.11955713459472858,0.1183310729248745,0.07931071312696106,-0.18000737571615988,-0.4732964816221739,-0.21069357929801721,-0.31449932792313134,0.20466080774168066,0.3691570120691705,-0.08522902001721,0.07651842014578124,0.10177400080205876,0.05996134802296548,0.5737037581893625,0.1677524016420037,0.08141460593321954,0.0017584835850010983,0.08358540414289543,-0.3316238868411984,0.09558565403054675,0.11546058929150806,0.050170588626484464,0.024482138070988244,0.2110200454231263,-0.16845692360088105,-0.03495887937479722,-0.30126817983043913,-0.33103544172680427,-0.19369638247320256,-0.26169564893203257,-0.4016399884729245,-0.41258587368985317,-0.19490390409150724,0.15879433238685026,-0.2428420286846841,-0.34900961865935276,-0.37662220412999803,-0.40898990977846655,-0.1858265336350794,0.008415974269632807,0.04142452083035248,0.028940617424021056,-0.11366623473720484,-0.19463789465623318,-0.34157263972044827,-0.3056146127849777,-0.12324660485306002,-0.10501125502042429,-0.17674755100025594,-0.20495583638807552,-0.1901753848572114,-0.17067447498402935,-0.34856143306537585,-0.1222639821209416,-0.16033960537903322,-0.15433343476622405
#102,-0.192980575265556,-0.10647269473603602,-0.18345260094755786,0.050397099691066316,-0.19716175993454554,-0.4375432013429446,-0.11053377211455334,-0.14185517398427722,-0.19617107631044914,0.015967417874624915,0.07005922740380836,-0.31763179054578283,-0.3751067564381337,-0.186731771804209,0.35658202058348765,1.0,-0.275220213492724,-0.15691936891276703,0.34372409178937696,0.3337842058913029,0.13984478752496357,0.5655945008594926,0.14185598007347502,0.33874649099296084,-0.11161312555040778,0.2985387618066877,-0.21916638285609494,0.23550822916309805,-0.21706007178224307,0.08499928459583696,-0.2790950842665495,-0.27187897376784226,-0.23648359709243627,-0.00679895933884564,0.05691513694447859,0.16981437780997657,0.12743101387884076,0.48322347009308314,-0.12990167727009833,0.46692515260276124,0.013303293075895313,0.23597898525461336,-0.056125169530634414,0.351687446974445,-0.10657426197495884,0.22497183725865186,-0.15888219610941048,0.01342340036636754,-0.3513150337650613,-0.10122102361236783,-0.2856171519659508,-0.27520570388716364,-0.38391811745928744,-0.2559788643412337,0.048662395737400325,0.28371800581593354,-0.13846234455073625,0.5000336542240081,-0.08774966093873117,-0.2811514178101378,-0.10142012764422448,-0.03112753741765295,-0.037296538048417746,0.08086888354630882,-0.14314572278995533,0.08188858638152605,-0.14132879773811372,0.09130773865782119,0.3840293577685839,0.30266996894541365,-0.18788528544626107,-0.21091122338142326,0.012178798644964059,-0.2048381473651967,-0.05635329277361186,0.045466252068122597,-0.015829576621801084,0.04822146494620362,-0.06301561999343037,0.0009620674575745179,-0.1756166078557423,-0.11163408386955058,-0.07696741182895593,-0.19500063479524327,0.014319771554321344,-0.2317776483556788,-0.16878661408278134,-0.10930851653389706,0.1885366055180836,-0.2599851276543006,-0.10849678471171227,-0.2127297606116605,-0.23013886901655103,-0.03193040225866193,-0.029009941095031872,-0.09967816888777828,0.06412963526479022,-0.3126904637632677,-0.20125185652418368,-0.39196046938573986,-0.3990290655612497,-0.2592225672731816,-0.2839106611342078,-0.16620954691741416,-0.2212726939299468,-0.2410791116090951,-0.3770969906675023,-0.025094765861316384,-0.006803795874032441,0.16573879082589885,0.00015597825977433532
#201,0.08752314987414933,0.21927681707619356,0.6524336840493085,0.41389496254708064,-0.07199706583532,-0.12644919723592013,0.41566513442544983,0.20602874111034755,-0.06017818601717373,0.5332356621921999,0.45247036110780836,0.11926452421592712,0.05172069815385422,-0.14057994087335735,0.12337638521390584,-0.275220213492724,1.0,0.6147748089064795,-0.3760418199075819,-0.6278552183191831,-0.02930819409821794,-0.46818023348373616,0.13901693391882278,-0.43944637793895086,0.14712377298109922,-0.34589811435584406,0.23360424647789402,-0.2119817098361019,0.22424232653464268,-0.37251921011319505,0.3392228897088607,0.3686596550341278,0.512266057800626,0.2668457528167779,-0.3443480048284743,-0.3890359777761208,-0.02710918276661904,-0.34357415919858614,0.1624499468988741,-0.23126175126908669,-0.11948539265612436,-0.4450374126148929,-0.36676937586528635,-0.46470437686282173,-0.18243854073672522,-0.5189146815040818,-0.14935502788061014,-0.12445090211457349,0.2569832514816927,-0.003032910606723187,0.07865455651995172,-0.053321591300685374,0.23020658050916623,0.253133369472999,0.20792708117116698,-0.015195990512330141,0.2353582965723072,-0.2949943876039603,-0.2038837377550013,-0.17970912271297382,-0.266187984031373,-0.36931742381953275,-0.1408693268953676,-0.07057431840120268,0.28110144027987416,-0.22617210407417632,0.027791940317155796,0.13345975498918833,-0.24337404755523223,-0.2760932080939416,0.49540025351505274,0.21385425504259173,0.09261602142585088,-0.007156056853471121,0.0353022733730601,0.049678874215826355,0.33857156963703816,0.4786424651819847,0.4609625108066333,-0.28485700985242524,0.015050894456726109,-0.41416822678513493,-0.3405755073827694,-0.252931847173549,-0.530972163724777,0.08119373749302229,-0.14682793824550655,-0.14398808600165652,-0.1518756688021313,-0.3884346352345619,-0.44491649923522286,0.06849380218168041,-0.24420996205335102,0.06959733829346887,0.1579890492782479,0.7024877927867108,-0.017902031949345355,0.6685538558269165,0.3418168847473817,0.3780586550804779,0.4198342277564724,0.652443357119682,0.486903267281041,0.4590931899569347,0.42155119774778677,0.5483740173268873,0.5402881365837536,-0.3262093856995746,0.0015706648019136557,-0.3121189465220274,0.021649540629918404
