,#10,#11,#12,#13,#17,#18,#26,#49,#50,#51,#52,#53,#54,#58,#101,#102,#201,#202,#301,#302,#401,#402,#501,#502,#601,#602,#701,#702,#801,#802,#901,#902,#1001,#1002,#1101,#1102,#1201,#1202,#1301,#1302,#1401,#1402,#1501,#1502,#1601,#1602,#1701,#1702,#1801,#1802,#1901,#1902,#2001,#2002,#2101,#2102,#2201,#2202,#2301,#2302,#2401,#2402,#2501,#2502,#2601,#2602,#2701,#2702,#2801,#2802,#2901,#2902,#3001,#3002,#3101,#3102,#3201,#3202,#3301,#3302,#3401,#3402,#3455,#3501,#3502,#3601,#3602,#3701,#3702,#3801,#3802,#3901,#3902,#4001,#4002,#4101,#4102,#4201,#4202,#4301,#4302,#4401,#4402,#4501,#4502,#4601,#4602,#4701,#4702,#4801,#4802
#10,1.0,0.3797329023443089,0.2172470844761327,0.47352541095434914,0.18555810593221192,0.17158696795593917,0.3101013052599335,0.8341745545853376,0.5561503598180657,0.6281494408763801,0.6791442557076153,0.39887187816767866,0.34538705380443874,0.032634118128341494,0.23493671192185772,0.5033813426624724,0.4148155164109685,0.046583491696273654,0.1951771683295615,0.2577304961680535,0.31636784268363216,0.46926684172237076,0.17641221789397105,0.26023904575160767,0.11399189477311612,-0.2883683343980428,-0.4125762006194795,-0.4847300508037717,-0.10781322107197772,-0.3930809333706821,-0.272469031060632,-0.5990609060845627,-0.23951610465456055,-0.5547445402571022,-0.47697789098852733,-0.525017582820627,-0.5447627377207425,-0.6265977191706148,-0.34814146059332196,-0.38071633116562514,-0.09724780995641073,-0.3530650534134855,0.04648031227895523,-0.15620275561592267,-0.11244178524574637,0.04119478540897943,-0.5668689278812147,-0.5648432257271429,-0.5274229529868628,-0.6075651471213547,-0.5715337660688844,-0.5035248265396808,-0.4348976165957644,-0.2885529288243391,-0.036650054511782,-0.1594311428531124,-0.4720268911356386,-0.251987916722925,-0.520576031340748,-0.39892346787633787,-0.2124548841952106,-0.45235750862011637,-0.29687499370242815,-0.23500361732527514,-0.03538207620364232,-0.13771348768597988,0.11023954955735626,0.09054840263349341,0.3126654749981359,0.21523992237361025,0.5715974471155105,0.2657978368596377,0.48061899589499074,-0.014099709203321894,-0.300651521594122,-0.18123024955116304,-0.4158513410301417,-0.3007087539271658,-0.22624303992358274,-0.40820961543499595,0.34555472035758117,0.24962043274898585,0.1482950205855029,0.47781622375423954,0.3213752687803669,-0.14591947571958575,-0.46915237705628315,0.033233848491504826,-0.13501470105174487,0.17190214883227903,-0.202585934146543,-0.4489469452242238,-0.4589843679152317,-0.36506610939033457,-0.395990109285543,0.0291429458126689,0.22991397013036477,0.055750338053657325,-0.03644450176634295,-0.3336302428545231,-0.4112953248841751,-0.1744026375238552,-0.4459402325164291,-0.14459265290000664,-0.15824619173234614,0.03547800081818053,-0.15616325724523047,-0.38712393419893876,-0.49127307682231575,-0.36538935115865245,-0.39315428748768194
#11,0.3797329023443089,1.0,0.3455813213011086,0.31368275956575975,0.25455289255032515,0.06558543235601735,0.48672915201431616,0.47541810839078397,0.6346973034301111,0.5726389143590684,0.4552457262158344,0.1351227170042501,0.03301862267569218,0.2999582848840138,0.29190545379799004,0.2798415228637125,0.2517186829308597,0.04620543586250537,0.33615330204363764,0.2137204442357569,0.3752703925452871,0.27764654197810257,0.11712274521737202,0.005984809249067456,0.16285460367616977,-0.0640183949554938,-0.2114238961112242,-0.23830616476866248,0.12474512467177055,-0.15252457060636046,-0.07420333196969911,-0.3745634523188163,-0.16184941044651296,-0.1968481912366013,-0.16123597656698702,-0.24555129447849053,-0.2030518537028715,-0.1770280700410904,-0.24421802294532902,-0.1429748318800217,0.10282594720518799,-0.08085437394074842,0.1898497248213001,0.07607990762217794,-0.1623636953547095,0.005701871940639591,-0.3435346608278939,-0.41474619273995766,-0.34804714815717935,-0.39932167594005114,-0.30754519641370914,-0.2613087261170885,-0.31894732811659277,-0.24719732862039848,-0.1492865102987971,-0.15271641983543688,-0.36720224576450505,-0.30250794501665584,-0.4208611853944698,-0.3621641882782539,-0.18269648928002127,-0.23465780505941886,0.09155037150635903,0.13883475776011994,0.16856090910739727,0.07654905153529763,0.4724799132648023,0.5092496720224576,0.3506604893364475,0.23548082213037283,0.40315301789719543,0.26097339301080363,0.3212196935651915,0.04257481011561334,-0.3324581891609216,-0.2868529445134493,-0.30977967567001125,-0.22799225348280913,0.33430655169147744,0.10438169935694235,0.09881484735693429,-0.29702976282840576,-0.132864055072014,0.16163257245230472,0.21047674130380897,-0.1483812721296675,-0.21785326355287846,-0.07351815615156895,-0.08793264318663181,-0.022446762846542786,-0.0896109208964518,-0.3570898567781018,-0.38652097947898423,-0.24432442671943863,-0.3153779651487335,0.02873909512457101,-0.021252138655402913,-0.09421288412669304,-0.16226615856177565,-0.22897890666091655,-0.22907805563224598,-0.09064916378321843,-0.1593327999709808,-0.18690346880334044,-0.1284837663711678,-0.2239287578366984,-0.12645080941431575,-0.3177720500662001,-0.23161643051611877,-0.32975456599149977,-0.3334029257007434
#12,0.2172470844761327,0.3455813213011086,1.0,0.23104088282888943,0.08764728761061055,0.24749155117759555,0.3991451424057329,0.18199196732114392,0.19805732503330156,0.4435155162094462,0.13665025603408146,-0.05470322818571489,-0.07604766405426593,0.1103652994722131,-0.10836861652926205,0.05055992970902195,0.3471265942932915,0.4795791408298285,-0.15478162036020096,-0.02137063376747954,-0.1783927790529661,-0.04298349733889804,-0.19036884626468342,-0.15380383416326934,-0.10564000459470843,-0.25188312512721095,0.081731398987955,0.023867898102264504,-0.02167855984103921,-0.20329851699739834,0.23690679392128136,-0.0697351795462927,0.3094564339016934,-0.037364249541032964,-0.18568627411466215,-0.16803695112882716,-0.1429716075232305,-0.169130814170242,-0.21843525995369018,-0.2508126386725323,-0.11068531688373977,-0.12151834961297642,-0.1951545978320231,-0.1488560586671718,-0.11603291262194618,-0.19108465347232997,0.03255753965455047,-0.05703846859174202,0.014846147800484863,-0.14990881115949886,0.06538955268095191,0.10777211052288992,0.06602072052282945,0.1470085022258138,-0.17458239541496465,0.013895768636278448,-0.2826273671313099,-0.24306450930327694,-0.1911467223405606,-0.2958504543320241,-0.2308909502380986,-0.11119557134594729,0.07034377689063183,-0.0207459146391844,0.18509782900026803,0.2511415230652348,0.2043641669168902,0.25656489118803444,-0.030656781326137642,0.035105587608796854,0.3104511479717788,0.2335292801824986,0.04425228173623552,0.2925059902503512,-0.18036608540918095,0.027904395383607408,-0.11613125550407781,-0.014600290595155807,0.03713290194126431,0.03968578643069749,-0.0834451446224782,-0.16321653772598207,-0.18209434064926455,0.05553027570265788,-0.029611283636590807,0.0414946505905611,0.028313480028132512,-0.21344153737331806,-0.17894978668864603,0.12567696378442755,-0.30887524359007945,0.061918532595224327,-0.09023402784635134,-0.03756254748369181,-0.10271067644990256,0.09653361492715977,-0.0927087216835979,0.39175814099709205,0.39881222756704143,0.17150716512535694,0.10521841994425893,0.35909460061303083,0.24545295159635888,0.3460931879417117,0.35488762108971167,0.34910957371988,0.1630142093373342,-0.14901082779314945,-0.05770671653671837,-0.18061194261451,-0.1650108922802853
#13,0.47352541095434914,0.31368275956575975,0.23104088282888943,1.0,0.0008105226883880836,0.21057992072112738,0.25367425532472293,0.320124218345381,0.21817408705360292,0.6669497383232942,0.4018132976504515,0.21700767598438606,0.1868010954752198,0.2301082376270346,0.3068422866332274,0.3995272286854902,0.3067092819155904,-0.11800299462136983,0.2753975531162401,0.24798165340985806,0.19753820358991825,0.331734321061297,0.18813114265159012,0.20262140207124618,0.02940089435596496,-0.05522799225348281,-0.28090636669400654,-0.22502826350249786,0.17301616410363888,-0.0388329440594249,-0.1037553680502516,-0.279561003822878,-0.11067000118898157,-0.21473531053578734,0.01919419293341905,-0.1148028205061031,-0.08950612930073777,-0.12499823667987982,-0.021331135396787333,-0.041946866630527,0.17807356773063723,0.09283688986604813,0.19771151276744528,0.1915812044181749,-0.25143010299804724,0.09787252908470587,-0.33889158704856487,-0.2526916325926045,-0.3341058354812252,-0.3233421264229993,-0.34057631347196726,-0.3058548273659222,-0.3440416909333102,-0.27568129651386575,-0.11749435233755791,-0.1532742335603146,-0.28848279906413044,-0.014787303289045449,-0.3024684466459636,-0.1200552977189691,-0.27209419958365494,-0.33579862279660555,0.16085147201963634,0.12786630204565286,-0.08029978457266189,-0.15689276796923965,0.2286717866765547,0.2676260471602485,0.3447010718971108,0.39068846063161117,0.2212525417000018,0.20761834900840953,0.1231450376141372,-0.08382400654544428,-0.22705477174576752,-0.21629231540906754,-0.3274386717262199,-0.3067544229106672,0.023072288064035724,-0.05580353994071214,0.12013429446035351,0.05178679746807383,-0.23911144787726485,0.2485604254538786,0.1090296096714582,-0.18242483722036262,-0.2861532012824879,-0.13971097671812874,0.07494654621007088,0.11363318508009504,0.006491839354483771,-0.2672270330073374,-0.18177432323773787,-0.25017824647386355,-0.19835477194728982,-0.06264643114083789,0.13966099918786512,-0.059301967059164934,-0.10784143419390073,-0.23026220066381445,-0.23732837857173086,-0.10092115843078615,-0.2697646018020124,-0.11281822890111905,-0.16551389193971258,-0.08457769994538746,-0.15770933632661122,-0.33219782235003215,-0.3630299280766913,-0.2867247185237282,-0.22071004366988228
#17,0.18555810593221192,0.25455289255032515,0.08764728761061055,0.0008105226883880836,1.0,0.4260330536875558,0.34906443272480314,0.4102095227347382,0.19357224473674134,0.1872017218065265,0.2432491037295732,0.5649246407361207,0.33993305429212267,0.20964082680569018,-0.12402609310733279,0.03322498151032902,0.052605784093038815,0.11734603192516267,0.14300223891274688,0.09560177581450276,0.02409924570203316,0.1421510087198699,-0.004041328193171215,0.05173440167021682,-0.15823893692956595,-0.1850196383480814,-0.39148245849144436,-0.32743464128023086,0.09739613036880596,-0.03421888949121665,0.03447119541012811,-0.19914957589632082,0.013681348909663599,-0.18566370361712375,-0.2195283169059072,-0.346765466332677,-0.16356879870542074,-0.2781777547594529,-0.2614231907831761,-0.1793294547008099,0.06831726864736218,-0.0331314751633842,0.2008504241036792,-0.02479812503652592,-0.06805690183647271,0.052512277746093995,-0.2776820099028058,-0.31763582099177184,-0.44131972923463847,-0.4336417296255917,-0.2494253591631182,-0.32619407000481637,-0.401218403822475,-0.35696007641725597,-0.3833127444717395,-0.3636876968620963,-0.6252813755106071,-0.4142383565453435,-0.3258861439312567,-0.3008111272552864,-0.2945204071556538,-0.37200008866981177,0.104649320970612,0.1863851534491549,0.004912710615993213,-0.14268222150122023,0.2645072880539596,0.3444866521704959,0.23732031767975284,0.10519665553591832,0.27233199589700596,-0.026784328819905567,0.1888662959999839,-0.09783786724920046,-0.4493169401660141,-0.4279363165222812,-0.39200077384562987,-0.45654191764589713,0.13876865844590033,0.03246322721840785,0.3814103739649311,0.21264270297829807,-0.0026201929374494934,0.4994685856963502,0.6509214607142353,-0.008358741936588993,-0.27222720430129194,0.35201794354554305,0.17401893906570232,0.3558517037702807,0.20093183911265702,-0.18801345362871127,-0.08443824651416802,-0.2573403489963182,-0.19330220485547828,0.012601189384611354,-0.00936474125544362,-0.22071568629426688,-0.21434274509645865,-0.30264578626947963,-0.3636989821108655,0.18841085560322676,0.02493596628934975,0.07196159791061679,0.03767459388218603,0.030485890416204003,0.08112199555441807,-0.38782361962262935,-0.5247612464557265,-0.2714138603007116,-0.18730651340224053
#18,0.17158696795593917,0.06558543235601735,0.24749155117759555,0.21057992072112738,0.4260330536875558,1.0,0.24047454471074498,0.2716355348301066,0.10712965743224316,0.11469480455359787,0.2622937671168003,0.5485545813071946,0.5785918830848228,-0.011543600357097514,0.033003306980933976,0.14809591655364623,0.23071764106057155,0.29965519534564095,-3.748314769770849e-05,0.042062943475010224,-0.12571888042271318,0.08894186686227765,0.1378126366573093,0.017638440781664697,-0.20126072350535948,-0.3099126803876483,-0.3209504597731262,-0.2618004405277466,0.44354534150976477,0.25228536363691323,0.31978485479310714,-0.27620928493842484,-0.09693988388285106,-0.2536589396299648,-0.10266634154402356,-0.22639619687116477,-0.1615447087297445,-0.2914532377580241,-0.3355519595020787,-0.3840688561392761,-0.021744659155258826,0.092272627427588,0.02476749364700951,-0.015474091285571204,0.07468134286399461,0.1890033311636099,-0.4074478611430748,-0.3411438002672186,-0.36969709183169663,-0.4191853259522432,-0.16628209494521617,-0.22794146986334773,-0.23478274888507789,-0.3043216457117062,-0.28469337374527176,-0.3138770270624296,-0.3007933932929348,-0.22582548571912225,-0.3078015327786096,-0.4162148872583496,-0.37155673961102165,-0.38610020091773256,0.18534610447319047,0.23183649286711822,0.06329533294506703,0.04171874338754955,-0.022308115504521154,0.12733992579948936,0.2889229237661293,0.2415845295361158,0.39880094231827223,0.1562043677943183,0.2504482863551266,-0.09375260719474914,-0.34911279807667117,-0.3548046654033975,-0.3921660221311789,-0.27230055841829176,-0.020058320553460844,0.1995413352464517,0.3412526223089216,0.4102208079835074,0.16494721123365905,0.5178312976222383,0.5693202451317251,-0.03477912148368778,-0.2736991231764751,0.2777239265410914,0.39038134064724933,0.27482926023179094,0.12073563700191245,0.068422866332274,0.04439415343504836,-0.2190116137301173,-0.10401492877194327,0.0865743828883385,-0.02079105563426121,-0.12295883100944535,0.0014626488494084314,-0.2651295889146614,-0.2964251959300556,0.4496893533753978,0.17147330937904934,0.1435737561539872,0.26194231222655945,0.019595625353923538,-0.030473799078237003,-0.46628753604730133,-0.2818341753606745,-0.3134312597360461,-0.18079976139759746
#26,0.3101013052599335,0.48672915201431616,0.3991451424057329,0.25367425532472293,0.34906443272480314,0.24047454471074498,1.0,0.5585944222657958,0.5324013598724767,0.5606418888282083,0.4815081122801644,0.3364773499011533,0.3108840178709975,0.4649478158005574,0.014663165552584222,0.23551467787668046,0.0997934396430637,0.15997364088323193,0.22637282028442857,0.15310011829358977,0.0719761075161772,0.16147699723712927,-0.0019986981659455526,0.008886730361148112,-0.14075647440767558,-0.3659245943859918,-0.3871489229640706,-0.28364384560973593,0.09975877780755829,-0.2145482978418977,-0.097569439546333,-0.42989744530180984,-0.10609141454547653,-0.32948049566424775,-0.2985298948255119,-0.40166739550564967,-0.36407945621222715,-0.4397244787121919,-0.33270646463384407,-0.36268734016762627,-0.045791106014836075,-0.12957924159097825,0.24883772013792185,-0.13636087001207117,-0.1060035508229163,-0.05040999711823112,-0.3775089022475782,-0.4387233159285241,-0.5327125103028275,-0.48755942388805035,-0.37380653456208196,-0.30932987789763877,-0.39832696186996575,-0.3827678281740266,-0.23422574124939796,-0.4445747174153556,-0.4873095362367323,-0.437602045854384,-0.4671089409398597,-0.35037674593882184,-0.4588989224602648,-0.4300570509629743,0.116086114509001,0.1872025278957243,0.2481654417469565,0.020437182476426927,0.5685044828635513,0.689138149581942,0.3021685814643819,0.0781644542876892,0.4203098203831745,0.2031534209417943,0.2730574761750261,-0.03320482928038402,-0.5301999302732844,-0.384481651290184,-0.4966101934009508,-0.38952204956239433,0.04573467977099006,-0.0450196786525413,0.2757965672691512,-0.010411045034188259,0.007958115605282302,0.3238128825145146,0.3695068547810158,-0.15960364594144166,-0.3107421461721847,0.040142839005850195,-0.13580305628719347,0.2651384558958372,-0.0037729004903037547,-0.2885617958055149,-0.34007411990173775,-0.31183197876761054,-0.27603597576089783,-0.08337098441628059,-0.0516578231964258,-0.006084764309594678,-0.04817148741594001,-0.16576781003701965,-0.3117320237070833,-0.026990687654542413,-0.2477865798239904,-0.045709691005858255,-0.05968002289293322,0.025421231986425458,-0.09813773243078212,-0.5146923862860044,-0.3971057367352984,-0.4216608258786876,-0.3319318129147581
#49,0.8341745545853376,0.47541810839078397,0.18199196732114392,0.320124218345381,0.4102095227347382,0.2716355348301066,0.5585944222657958,1.0,0.7125389189940813,0.617887119299186,0.7628606493451533,0.5391039915521852,0.45133296924971233,0.12437916017596927,0.22408594523026945,0.5080639148124936,0.27696942705195043,-6.569626962071488e-05,0.32779818750843875,0.33253879808070164,0.3690675361682147,0.5471664957085827,0.176936981961739,0.27434238235631964,0.13591107223969867,-0.32651973004072765,-0.4699971585355778,-0.5575182931867326,-0.009437289283245637,-0.33174721848846184,-0.31713040306475115,-0.6767106724194566,-0.30255308601173264,-0.6083172283429022,-0.47092980373743254,-0.5226686388982373,-0.6220207447055054,-0.66464271103919,-0.4498441225013754,-0.41778917946165334,-0.03925130435308319,-0.2576474689806801,0.2070508622131582,-0.08793425536502741,-0.036384851165705744,0.0812703159668133,-0.6249403997799376,-0.7160389582909297,-0.6690979660354317,-0.7473611662498514,-0.65124953901774,-0.6272917619699208,-0.564475649052946,-0.5331115244557386,-0.10015376151448038,-0.3323026139457462,-0.5993623834445401,-0.3638610060396233,-0.6698661690409352,-0.5694476072249774,-0.45001340123291345,-0.6120639309342776,-0.20823823160151786,-0.1315839854259073,0.023993648017121335,-0.12769621722491703,0.2728535356079827,0.31805659955302357,0.4500174316789024,0.16315124450096025,0.616128232669586,0.26385677407133484,0.5925033704604583,-0.08011841450315685,-0.509231938060106,-0.33845032141806314,-0.5775496097520672,-0.415454745144824,-0.17970912271297382,-0.3239184801994265,0.4892449564006505,0.2604881273137279,0.2379458428972458,0.6101164194323923,0.5389371310882406,-0.20726286367217964,-0.6034339399826287,0.17997190779145666,-0.06331226081822083,0.2771604701918291,-0.03938592124911582,-0.4559889404562062,-0.5153977143340797,-0.5141240934015554,-0.5228008375266765,-0.045759668536121866,0.1314928973465559,-0.021704354695368817,-0.2048518508815593,-0.4198269729536922,-0.5888114819345335,-0.211448884876356,-0.490380736080351,-0.1916223149672627,-0.22751263041011804,-0.09451758584346151,-0.2862217188643009,-0.619234900437908,-0.614216189092404,-0.5335959840636165,-0.5092746607875894
#50,0.5561503598180657,0.6346973034301111,0.19805732503330156,0.21817408705360292,0.19357224473674134,0.10712965743224316,0.5324013598724767,0.7125389189940813,1.0,0.5650729611485159,0.6341411018836289,0.3469162050126657,0.2234612261019743,0.32166223653478376,0.2437182476426929,0.4188532172027496,0.2518887677515956,0.09014455194539552,0.14842802530313992,0.2004231968288451,0.3116409356277319,0.38007710243176956,0.1492010648438303,0.12777521396630145,0.19566888274021962,-0.23606846115556918,-0.24054870491694258,-0.3417193479544479,0.03905220032122655,-0.2524312657817151,-0.2534034093542621,-0.5457235960445203,-0.37447478250705835,-0.49153263754400744,-0.36363288279664585,-0.4076542199777116,-0.516118358076913,-0.48577393631492294,-0.30093526499174766,-0.3032116608863354,0.07293938410754842,-0.15815913409898372,0.1024019442871451,-0.08799148769807123,-0.09353093266535409,0.16033476884384643,-0.45928100874002215,-0.5334557245431993,-0.47916722924975264,-0.507360198942814,-0.4322617049189578,-0.39233449477351917,-0.3923546470034642,-0.3697446510943668,-0.044934233197574475,-0.2432144418940678,-0.3265318213786947,-0.26026645278433286,-0.628230855885358,-0.4970253293378179,-0.431393546852927,-0.429711238697118,0.015709469331328857,0.03661942312226559,0.1831970706718552,-0.07324489191351469,0.4679617833111323,0.42134645109154556,0.29774073350086555,0.13481317875229484,0.48363618776235684,0.30756212428686297,0.5195676137542999,0.14103779953770784,-0.4495482877657827,-0.24328905417303887,-0.4149049923119243,-0.24879580349963626,0.03848632570437082,-0.17075830826060057,0.4457774024984735,0.052049582546556686,0.11635937874705525,0.3965922579162997,0.25106172023465256,-0.31409064069984666,-0.49389528498275975,0.1281008740022127,-0.1236577103439381,0.045491240833254405,-0.05089123236931783,-0.44182031062647237,-0.5341481551641097,-0.4849807445442875,-0.5424129877091549,0.053099110682092526,0.184980946066587,0.057324630256961086,-0.12437835408677148,-0.30493991612641896,-0.38299030879261947,-0.14431697039435898,-0.31683940486434525,-0.16651021818819361,-0.20687997130322455,-0.21903176596006232,-0.30136249226658174,-0.46783522730707766,-0.44421439554393893,-0.5483764355944807,-0.5355201189787656
#51,0.6281494408763801,0.5726389143590684,0.4435155162094462,0.6669497383232942,0.1872017218065265,0.11469480455359787,0.5606418888282083,0.617887119299186,0.5650729611485159,1.0,0.5657629735018328,0.19560842605038462,0.1461427624273764,0.31982274098540375,0.27234086287818177,0.44221045779820767,0.48416981881130056,0.008838365009280102,0.2960955054481554,0.2362232302815468,0.27850341479536417,0.34490662464254984,0.08758844309917115,0.13341461399411153,0.10626714199059697,-0.10302102079105563,-0.33132724601640795,-0.3433105680309055,0.0022840537419668173,-0.34324930525187264,-0.10911344294802941,-0.427690373078233,-0.13050624416844847,-0.34548620277576814,-0.17825413171094448,-0.3213930027427185,-0.3106373545764707,-0.36644371582937507,-0.149730665446785,-0.1822974751271102,0.06129058911013798,-0.12565519937608696,0.12116367036594435,-0.11295768233233848,-0.23124482339593289,-0.08588034008903256,-0.3501776419069652,-0.4036721393405787,-0.39575634341818094,-0.4742678191055231,-0.4117983245436024,-0.3519139580390268,-0.3752308941745949,-0.3210713731527962,-0.13426423200859292,-0.25269969348458254,-0.4451156032670795,-0.30528250403548407,-0.4768997003363407,-0.22283650697367918,-0.3682582226136233,-0.452379273028457,0.058028346126640644,-0.012810772576039402,0.06124706029345677,-0.04833351134469785,0.3762643005261747,0.43749725425867,0.294571996864313,0.31455011154259277,0.4009209569084867,0.29218839110641787,0.2885214913456248,-0.029540347787184392,-0.31187067104910493,-0.21055860178964356,-0.4623852582407506,-0.4056873623350792,0.08369906271978526,-0.15872259044824605,0.1391023793737896,-0.15360795448820388,-0.17855157862493273,0.27424565165258363,0.15197965430864752,-0.2829062739937488,-0.41199904075385463,-0.2057361307315461,-0.1722068505490475,0.07934779323005987,-0.16927591022584604,-0.4572859379754667,-0.3392164409952783,-0.3793467856185626,-0.29157656940528753,-0.09839890533086938,0.13101891689824938,0.06192739957640012,-0.0688573484098883,-0.1422501576911993,-0.3231446345695383,-0.12709729295095148,-0.38426070536835255,-0.08331455817243458,-0.1566968882941742,0.031055795479048735,-0.1301233517994934,-0.46426102780403167,-0.46685663502094826,-0.4058638958693974,-0.3390866606344325
#52,0.6791442557076153,0.4552457262158344,0.13665025603408146,0.4018132976504515,0.2432491037295732,0.2622937671168003,0.4815081122801644,0.7628606493451533,0.6341411018836289,0.5657629735018328,1.0,0.5159208662234519,0.47396956610233704,0.325215477718687,0.25544523329228996,0.5599639678128583,0.2641695366800813,0.0009725466171459203,0.22548612216684838,0.3064255385179647,0.248574935059439,0.48506457782085877,0.1589353979964653,0.22943757141446486,0.06689049076725585,-0.3704918957807276,-0.5523577101424159,-0.5691009888699234,0.05203990947618309,-0.27576593587963477,-0.19289029327540239,-0.5843489721355116,-0.326300473778926,-0.539746444642832,-0.4030143705551738,-0.4133710045685105,-0.5046928497872932,-0.5221511296332496,-0.2454900316994577,-0.3421038525017986,0.08950774147913337,-0.09322461877019002,0.1170131170864712,-0.04229348498558108,-0.11882036906793922,0.14910272196169866,-0.5981653409858068,-0.5852413128774765,-0.5816703377312217,-0.6433804962688147,-0.6587776060359959,-0.6045407004512084,-0.5476872293303615,-0.4511943219076907,-0.10098403338821457,-0.2216499436745173,-0.4556278124955917,-0.25418209151933707,-0.4706984561376639,-0.31842578840561603,-0.262585571406404,-0.41714995072779776,-0.14769367804394395,-0.05481205022741791,-0.07697063618574713,-0.15244234950818483,0.3050011789054518,0.29329434548579975,0.38091624128667956,0.131060833536535,0.6044165627147472,0.36890793050705023,0.42485616345876753,-0.08933846274759534,-0.3795998976266719,-0.26087026616466635,-0.5425516350511765,-0.36494116556467554,-0.11782243064106258,-0.20937642954881172,0.39393941836633933,0.17422287963274577,0.10456790596163418,0.514916479082993,0.4846800732735081,-0.07316025254774568,-0.419851961718824,0.1011170381058516,-0.06906209506612954,0.29159349727844136,0.057779264564520386,-0.34983586008709794,-0.41264874864728157,-0.35597987195273095,-0.3977925247318242,0.07906808027842321,0.24693131918512443,-0.12018346590141932,-0.31748105186579423,-0.4180390671129714,-0.5681038565322446,-0.04513333722943112,-0.4132363876724779,-0.23630786964731582,-0.16789266116242094,-0.13547981451887559,-0.25357671853178915,-0.49245480358629085,-0.5021448018330469,-0.3901757879018103,-0.38126769617692047
#53,0.39887187816767866,0.1351227170042501,-0.05470322818571489,0.21700767598438606,0.5649246407361207,0.5485545813071946,0.3364773499011533,0.5391039915521852,0.3469162050126657,0.19560842605038462,0.5159208662234519,1.0,0.6992271619816091,0.1408588477357962,0.10793252227325215,0.3585795096156365,0.1911588136785276,0.1253811290488349,0.02309163420478293,0.047536289128073464,0.11325996578151355,0.3622834894795284,0.21226625932292537,0.24975585573421627,-0.09778305318375005,-0.4203049838479877,-0.5445434814589408,-0.5866801820955497,0.15198690911142773,-0.06141392075740141,-0.14767594408159235,-0.4174715803177201,-0.3167370315362246,-0.45987832083559205,-0.3325823268973828,-0.44488022522132187,-0.35016555056899823,-0.46530491331518287,-0.2914717778095735,-0.308506054737487,0.28757353044901185,-0.012546375319160941,0.1461177736622446,-0.04348649699832535,0.05349328829981682,0.32944260947195114,-0.5804208994746314,-0.5506205879211564,-0.673897421119134,-0.6820163515193773,-0.45283632560360965,-0.6226583612609653,-0.5224026294629632,-0.5903954472082108,-0.1937221773275322,-0.43027227677878693,-0.450745330224516,-0.3460561078386129,-0.47943162650663107,-0.41920305991459483,-0.37323824167763286,-0.48398844874179553,-0.014177899855508512,0.20448669247495582,-0.1594416220126838,-0.27394739864939754,0.23692533397283078,0.21319003754360438,0.38092269000026197,0.1522690403306578,0.41443101186361775,0.09263617365579588,0.3911769506854781,-0.17066722018124916,-0.48429556872615737,-0.4955402098532836,-0.4697464647950619,-0.46959653220427106,-0.10105174488082978,-0.06940307079679901,0.6631554764692487,0.356165272468225,0.07443064912347876,0.7863654042638089,0.7204385931325231,0.00410339706140183,-0.43115010791519137,0.4483230321851264,0.20250210086997178,0.34988261326057035,0.05867321748488079,-0.2472239295639259,-0.27971577294885563,-0.3726747853283705,-0.42074752681758,0.1703399479669423,0.08182168097810863,-0.25265697075709914,-0.23906469470379244,-0.5329027473535084,-0.6347867793310669,0.08415853356253136,-0.2207858160544755,-0.14973147153598282,-0.08861056420198177,-0.19392208744858663,-0.21213567287288174,-0.5269449420925673,-0.4927707905518285,-0.3983213192455811,-0.37588140815721965
#54,0.34538705380443874,0.03301862267569218,-0.07604766405426593,0.1868010954752198,0.33993305429212267,0.5785918830848228,0.3108840178709975,0.45133296924971233,0.2234612261019743,0.1461427624273764,0.47396956610233704,0.6992271619816091,1.0,-0.05965503412780141,0.011366260733581475,0.27839539884285897,0.20238844229308195,0.15786329936339105,-0.05114192610983368,0.03215046460966138,-0.036398554682068346,0.2052331310721188,0.2468636076925092,0.14236865280327596,-0.08086888354630882,-0.36222625714648454,-0.44935885680429966,-0.33894801329241087,0.34781015793302605,-0.006681270315966813,-0.009320406349564611,-0.41512183030613253,-0.27558295363173413,-0.40735274261773435,-0.28730913319213336,-0.3652845595629384,-0.29561830064305766,-0.42725830926821207,-0.25934992936643403,-0.3584182917760765,0.16610878576768912,0.04891711992390518,0.16667949691973166,0.004010696803654809,0.15861538058493863,0.2317236403794262,-0.5434343027227678,-0.3931123708493963,-0.5344447959889002,-0.48321137875511616,-0.39095608224528083,-0.4600661396186795,-0.367916440793756,-0.3932042650179456,-0.17457594670138224,-0.321096361917928,-0.388849771171429,-0.3625285405956596,-0.3457900984033388,-0.3143211822104175,-0.3111919439445572,-0.40790007718304067,-0.04921456683789345,0.07744300445565803,0.01629307791053619,-0.09785157076556307,0.10267440243600155,0.0993138165703726,0.27975527131954786,0.0587119097663752,0.4396430637032141,0.15512420826926604,0.2816519992019717,-0.21957587616857743,-0.4741444874582597,-0.5140335119560285,-0.4891312978237607,-0.38203589918242403,-0.13659221761183984,-0.05678858094042396,0.45108630595518545,0.39532992223254465,0.30485688893904556,0.5668544182756543,0.658059380560756,-0.006246788238352515,-0.41482760774893546,0.3568738248730913,0.22390699342835782,0.3682412947404695,0.1514726242032312,-0.15581905715776978,-0.17859591353081175,-0.34521858116209847,-0.2507425089123237,0.15779316960318243,0.1933465397613573,-0.15292600302686493,-0.10297346152838542,-0.4460595337177035,-0.47936875154920267,0.062128921875850174,-0.1903390209643648,-0.0997466864695913,-0.03283483433859374,-0.11872041400741198,-0.12106129703782371,-0.47802983739165655,-0.3762667187937681,-0.34860012534687024,-0.2568929694915391
#58,0.032634118128341494,0.2999582848840138,0.1103652994722131,0.2301082376270346,0.20964082680569018,-0.011543600357097514,0.4649478158005574,0.12437916017596927,0.32166223653478376,0.31982274098540375,0.325215477718687,0.1408588477357962,-0.05965503412780141,1.0,0.044966476765486485,0.12783808892372986,-0.054090600395386754,-0.07423879989440231,0.21917444374807293,0.2202183292592242,0.13350247771667173,0.07004068735225896,-0.17510635339353475,-0.08260842403516161,-0.21687628344514462,-0.09377275942469414,-0.22258903758995452,-0.0935672066792551,0.007301958998272954,0.05314344558797154,0.05710295572756603,0.08402714102328994,-0.08574008056861532,-0.010248215016232621,0.05933018018108794,0.016858146438194117,0.0711184286097178,0.07737529296304282,-0.005009441319729234,0.05190287431255706,0.11295365188634948,0.1717465736171036,0.18458193191367592,0.07304820614925145,-0.37226771028348143,0.0326889321937919,-0.09734695892774015,-0.05159252997140398,-0.2445033785213503,-0.10072608484491852,-0.2519693766713756,-0.1651463152655157,-0.37286179802226016,-0.21178824842862987,-0.2626927812697114,-0.231010251439373,-0.14756712203988934,-0.05334416179822378,-0.1333372294311227,0.08548938682809946,-0.16364698935760735,-0.1491938100410501,0.2546971825167314,0.3460649748197887,0.12120397482583435,-0.17245915646795895,0.684563593384426,0.5560842605038461,0.10662746386201365,0.06969729335399609,0.012137688095876249,0.19659185487170083,-0.0207571998879536,-0.07255326738180214,-0.13266575712935516,-0.07201521735494416,-0.20696783502578478,-0.35777261432863855,0.1779002585531102,0.0410504954425732,0.06228933362621241,-0.09509716397667983,-0.3660833939579584,0.053966462658925525,0.10209563039198102,-0.13400386519770346,-0.08241415653849177,-0.038246111123426366,-0.02897044272433966,0.05503130648921956,0.2030405684541023,-0.232672407365237,-0.14239041721161655,-0.05894083909855045,-0.07278461498157078,-0.08526287576351761,-0.046956710994855135,-0.22495249111790466,-0.26461611009566266,-0.1002666140021724,-0.12819679861675093,-0.11591683577746295,-0.04309634982659006,-0.12389711883568476,-0.14272978076389042,-0.09771372951273923,-0.029190505075339112,-0.18623280259077069,-0.24295568726157393,-0.09005426995524189,-0.04136648240811087
#101,0.23493671192185772,0.29190545379799004,-0.10836861652926205,0.3068422866332274,-0.12402609310733279,0.033003306980933976,0.014663165552584222,0.22408594523026945,0.2437182476426929,0.27234086287818177,0.25544523329228996,0.10793252227325215,0.011366260733581475,0.044966476765486485,1.0,0.704782728732848,0.2626774655749532,-0.21790807761832887,0.47348349431606357,0.36145886023017876,0.6544142452083035,0.6304492133577041,0.49858349975716565,0.4226426425216082,0.3663236085389029,0.035949562998893646,-0.290017592896742,-0.39058528121429276,0.2512946800128168,-0.04173728343909895,-0.2525924836212751,-0.19280001128524876,-0.4230739002424313,-0.23028477116135285,0.07070087440525731,0.06906048288773395,-0.007721931470326849,0.026575551717675318,0.05714164800906044,0.15640508400457054,0.1946524042617936,0.12055749128919861,0.16083938068166934,0.2950411407774327,-0.01033043611440824,0.3863911991181384,-0.4580122243426846,-0.42968141339679944,-0.26466769980432187,-0.3323421123164384,-0.48139929023846134,-0.4074373819835034,-0.32206447504448604,-0.29744973530045965,0.29202636717766006,0.0317885305598491,0.11856483879223656,0.28953877591324867,-0.38123706478740405,-0.08594079677886757,-0.2052153971097672,-0.2583318387096124,0.22577389601046305,0.22124851125401282,-0.24649603101831233,-0.03602049884830006,0.0547685214107367,0.07677395042148388,0.5677137093605092,0.4475362891280735,0.24607283418946724,0.1677378920364433,0.4485987146907741,0.008938320069807324,-0.003509309322623095,-0.1300101224671439,-0.12784776199410347,-0.09812886544960632,0.20429242497828598,0.10103078656168699,0.1933441214937639,-0.041247181206836445,0.009217226932246188,0.17955112923020497,0.11003722116870843,-0.3480237715704431,-0.359602436807645,-0.15214167823740535,0.132997059789651,-0.21955330567103903,-0.0847735796204529,-0.35167938608246696,-0.333211076471667,-0.39089401337705026,-0.3709852223697813,0.3067906969245682,0.1721689643567509,-0.379224260060497,-0.3920821888546077,-0.3350433172182668,-0.37010658514417916,-0.18804247283983208,-0.29512819841079513,-0.4952535452810531,-0.4111768297720984,-0.5115429957901991,-0.5464926051392217,-0.2790322093091211,-0.20507836194614115,-0.39369436725020807,-0.41404892558386047
#102,0.5033813426624724,0.2798415228637125,0.05055992970902195,0.3995272286854902,0.03322498151032902,0.14809591655364623,0.23551467787668046,0.5080639148124936,0.4188532172027496,0.44221045779820767,0.5599639678128583,0.3585795096156365,0.27839539884285897,0.12783808892372986,0.704782728732848,1.0,0.3456006674418558,-0.06418525541943844,0.42515199819436017,0.5377658834838369,0.5296614626891538,0.8564669513505017,0.37491490720905724,0.49263859192338927,0.21863113962875563,-0.22001922522736753,-0.5346422878423612,-0.5274261773436539,0.257494312033098,-0.028136140404616473,-0.18818273236024932,-0.37550496450184695,-0.4374883872774942,-0.48230130405079974,-0.10435751668100833,-0.09309725667693759,-0.22399082670492904,-0.21996602334031273,-0.10335877216493392,-0.02683269417177358,0.19366172063769715,0.08287927000562247,0.21520203618131364,0.3161131184971273,0.06833742087730718,0.42402992203102235,-0.6391888324402537,-0.5958671806828785,-0.5448409283729291,-0.5893684895702134,-0.6708076812239658,-0.6037571817509466,-0.5378932455770893,-0.39401922119692157,0.17081957103963338,0.06598525259812625,-0.17630823238745483,0.1413618473952235,-0.5243340191808925,-0.23694306793518236,-0.4118813517309758,-0.5417922990268488,0.021998577252565883,0.17096869754122643,-0.30433696140646443,-0.09370504793207893,0.1994631445942651,0.13883636993851556,0.6033775137387828,0.39892669223312904,0.4291937294321303,0.292724440422955,0.46006855788627293,-0.053716575007607466,-0.3249107760019185,-0.30874834676110896,-0.4467164964139107,-0.34353143647110274,-0.032642179020319496,0.07874967504529214,0.35331332888640793,0.1734925628195388,0.11520022248061859,0.4189628453336504,0.2943519345133136,-0.32048050977080866,-0.5791658185936565,-0.03642515562559575,0.21653047117928834,-0.014547088708100994,0.008547366808874236,-0.35522456637439215,-0.4219252231355661,-0.4790979055787418,-0.5406371732064011,0.26071786273510095,0.2873300915112762,-0.2878459885978683,-0.3448235974551764,-0.5782170516078456,-0.6306579904599343,-0.16804823637759636,-0.3088808862144641,-0.48423753030391575,-0.3968719708679364,-0.4895907686665068,-0.594529878703728,-0.5664537919443476,-0.4453687152751888,-0.5130705348200305,-0.5567710485003718
#201,0.4148155164109685,0.2517186829308597,0.3471265942932915,0.3067092819155904,0.052605784093038815,0.23071764106057155,0.0997934396430637,0.27696942705195043,0.2518887677515956,0.48416981881130056,0.2641695366800813,0.1911588136785276,0.20238844229308195,-0.054090600395386754,0.2626774655749532,0.3456006674418558,1.0,0.39092706303416,-0.009112435336532164,0.04489876527287127,0.0808092329456716,0.22185227206316516,0.19179884850158094,0.18209353456006674,0.04649401579531783,-0.19678612236837068,-0.1434423636147458,-0.18683978775671423,0.2543167084153697,-0.22597461222071527,0.1443967732249412,-0.29749407020633867,-0.12067114986608843,-0.33175850373723104,-0.1694427706897907,-0.3346201203894217,-0.2512511511961356,-0.3382983053989839,-0.17021903458727225,-0.2576297350183285,0.030745451137895664,-0.2666877593340091,-0.2525723313913301,-0.1510913440126717,-0.14554464424260866,0.06836563399923018,-0.1964290248537452,-0.20557410680278826,-0.2303976236490449,-0.30524300566479184,-0.21623786080048688,-0.20571275414480988,-0.16452723876160516,-0.15640105355858153,-0.07890525026046757,-0.07384381618748023,-0.26678610221614074,-0.2702474492314947,-0.4061685975861659,-0.30963780397119844,-0.14462570255711646,-0.18693732454964804,-0.07279670631953779,-0.042863390048425806,0.023255270311936367,0.006441055735022359,0.05765996336324596,-0.05353117449211343,0.23159789046456936,0.24139429248543498,0.49428623824369283,0.38400114464666085,0.3341219572651812,0.12753499938535698,-0.2433297126493532,-0.20459192834510873,-0.2852794005920725,-0.2251717473797063,0.07124498461377243,-0.008999582848840138,0.15339434085078685,0.009807284225035922,0.08365714608149964,0.2594490783377635,0.12550284851770271,-0.06725645526305714,-0.3232631296816149,-0.08885722749650862,-0.07977018396970717,-0.11560729752550769,-0.3956942745499503,-0.2771806224217741,-0.383766572690101,-0.31723680683886074,-0.4241145613967914,0.24303065355696934,0.3847177579435052,0.11335266603926057,0.19234376479929385,-0.12156913323243783,-0.17140156744044513,0.14162302029531076,-0.09867297565812146,0.009100343998565161,0.14998619572248767,0.12643307545196414,-0.03662587183584799,-0.2683507213490709,-0.19900770419750796,-0.3439030435912886,-0.3709433057314957
