,#10,#11,#12,#13,#17,#18,#26,#49,#50,#51,#52,#53,#54,#58,#101,#102,#201,#202,#301,#302,#401,#402,#501,#502,#601,#602,#701,#702,#801,#802,#901,#902,#1001,#1002,#1101,#1102,#1201,#1202,#1301,#1302,#1401,#1402,#1501,#1502,#1601,#1602,#1701,#1702,#1801,#1802,#1901,#1902,#2001,#2002,#2101,#2102,#2201,#2202,#2301,#2302,#2401,#2402,#2501,#2502,#2601,#2602,#2701,#2702,#2801,#2802,#2901,#2902,#3001,#3002,#3101,#3102,#3201,#3202,#3301,#3302,#3401,#3402,#3455,#3501,#3502,#3601,#3602,#3701,#3702,#3801,#3802,#3901,#3902,#4001,#4002,#4101,#4102,#4201,#4202,#4301,#4302,#4401,#4402,#4501,#4502,#4601,#4602,#4701,#4702,#4801,#4802
#10,1.0,0.09258458394713667,0.28111272552864336,0.37491248894146384,0.057853424770718004,0.23233788034814992,0.14866179117050196,0.5041624430951407,-0.07360440769573356,0.33137641745747376,0.3275813495142305,0.05093717945359244,0.2722167251417206,0.010477144348407873,-0.26742291268240287,-0.07039133615330205,0.26723509389931543,0.11329220934942556,-0.26215350759638306,0.016250355183052782,-0.12039869171723197,0.06327034417993523,-0.029121181404328296,0.25949502542203806,-0.061804874018334496,0.0865429454096243,0.27448747841192367,0.2912162475338709,0.15957704499791425,0.11415875523706076,0.43817517527401995,0.02935897771767935,0.46335256527811086,-0.07874564459930314,-0.021568931710138385,-0.14457653111605065,-0.18383307504891955,-0.20900482242862584,0.16631756286991936,0.0326720043206381,-0.16658679666198464,-0.09548408679162393,-0.12444364731179329,-0.15842353135586218,-0.11385727787708348,0.19172871874137232,0.3559629440795771,0.4054939009276071,0.391653349401378,0.31452915322344993,0.12437432364078248,0.23629416613095322,0.24651134671307054,0.06143890952253322,-0.24817833917412133,-0.1347099993349764,-0.02005267792907624,0.1439348841146017,-0.2312593330014933,-0.02714223242372885,-0.09450468841629671,-0.043568718096500966,-0.2871866076340677,-0.11312534888548093,0.18559276776771733,0.27699522190628006,0.09208319646610495,-0.14942112719482975,-0.17740531978566088,-0.09871408620720926,0.037731826215229844,0.2308474214214174,-0.07069361960247711,0.21436853995078825,-0.07573087099953045,0.19854017246278388,-0.18921452653343357,-0.12923181714672638,-0.2613506427553741,-0.07255084911420873,0.10429222345598652,0.06043291020367859,0.2826684776803977,0.11998033142357367,-0.047617704137051284,0.14863115978098557,0.046594776945042854,0.14103538127011445,0.03845005169046981,0.07543745453153118,0.06938775510204082,0.010049917073573776,0.041969437128065404,-0.15559818871757256,-0.025549400168875688,0.22323471503739245,0.05900613232357226,0.18888967258672007,0.19324255425484108,0.10037866040066663,0.06386604409710957,0.27570628527899754,0.20297205087228928,0.12255739858894085,0.16572186295274505,0.37323743558843503,0.21560266251262034,-0.13319535773230987,-0.062104739199916166,-0.3167708872825323,-0.16003329148386916
#11,0.09258458394713667,1.0,0.2678839957035446,-0.05359243727114624,0.07338595752312972,0.3005894527258914,0.14558575479169647,0.05001017687612223,0.3340993867676428,0.21977498020043407,-0.09016309199694492,0.17471136968661266,0.1541141785044224,0.10630502818289359,-0.2453828218361503,0.09186958282868792,0.2675156129401499,0.26819514613389545,-0.1465135634583645,0.012733388013050585,-0.21071211934956663,0.1929193124865232,-0.0037406569223917474,0.2700402843076601,-0.15246572609492104,0.12291449610356633,0.07666432229058306,0.45985816860564704,-0.020565350658877157,0.087004028430766,0.19888114819345334,-0.029418628318316563,-0.12346586111486167,-0.08231178321037115,-0.25641012206205677,-0.2490158658506357,-0.3225884330230562,-0.170070714174877,-0.2661944327449554,0.11427563817074178,-0.09479729879509817,-0.12786065942126826,0.09090550014811889,-0.15134848646677,0.16520112933096612,0.3033357986227966,0.02855208243068137,0.04828192163603864,-0.12728349955564333,0.1970021542733811,0.17453161179550322,0.3188554339480435,-0.1554313282536279,-0.09678269648928002,-0.36991876636109167,-0.25718961031632953,-0.00953805043297066,0.18079814921920184,-0.16135608385745925,0.3371391491325473,-0.2975795156613055,-0.06052561046142561,-0.22268576829369055,-0.06299949820947437,0.32565318415309247,0.27010396535428627,0.2648788951741455,0.1845142204210607,-0.12496518702277,-0.020897459408370834,0.06907096204730534,-0.16717927222236775,-0.19975414279467094,0.04353566843939116,-0.290138506276412,-0.21212599980250815,-0.19398254413842164,-0.12951636663354985,-0.022000995520159283,0.03718771600671472,0.1810367516217507,0.19947926637822108,0.038826495345842496,-0.08796408066534603,0.2609806478135838,-0.0335288771378997,-0.17034720276972248,0.015602259468021434,0.05107421461721847,0.1434754132718556,0.10804134431495517,0.12569227947918576,0.22347815397512813,-0.20101244803243704,-0.13292370567265122,-0.04094328557926578,0.25889771332646816,0.15665255338829517,0.12749469492546697,0.08275432617996345,0.19670873780538187,0.18569111064984897,0.06633993184515832,-0.022063870477587698,0.12739796422173097,0.019594013175527936,0.09200823017070954,-0.13238846244531188,-0.059581680010801594,-0.21270154748973746,-0.19610417090703172
#12,0.28111272552864336,0.2678839957035446,1.0,0.555144360499211,-0.04778375851179812,0.2970241202040212,0.2476600238199358,-0.00953643825457506,-0.22216745293950502,0.48274304093119424,0.11883890911948862,-0.10720059328164958,0.02565338567539191,0.0203009534019987,-0.3753461649298803,0.08928364868214492,0.6512479268393444,0.7549367925307775,-0.4458878367185721,-0.30963780397119844,-0.3052486482891764,0.09321897614580542,0.10897398951680998,0.425326113461085,-0.20917974378454848,0.07263226412318655,0.28709793782230975,0.4004977600796416,-0.2511479717788172,-0.026259564752137646,0.39837935766782273,-0.14076211703206018,0.4560937320519202,0.027854815274584208,-0.26985488379216604,-0.4145736896516284,-0.5043115695967337,-0.44739119307246944,-0.24445743143707566,-0.07572764664273925,-0.1651721101198453,-0.28419279235343786,-0.29675811076874714,-0.42658522478804894,-0.05691110649848959,0.08287523955963347,0.4398316885754993,0.49111024680436016,0.3245504541305018,0.29306138570763546,0.405748625114112,0.417169296868545,0.3427140620245333,0.12213258958170016,-0.4462328428952306,-0.4025548997124277,0.1580906165171707,0.0467971053336907,0.07983064065954218,0.18790382549781046,-0.2155373692875985,0.02564854914020511,-0.369651144747422,-0.09299891379480596,0.5787563252811739,0.3753534197326605,0.08099705172875904,-0.12965662615396706,-0.24093965817787566,-0.1063953101730472,0.37461181767068435,0.28288934612059496,-0.24881837399717466,0.12295077011746734,-0.41519840877992353,0.09158261507427104,0.004050195174347017,0.14815717933267905,-0.2829804341999464,-0.17369408511898884,-0.16456431886470396,-0.1183093085165339,-0.08009584400561844,-0.07380754217357922,0.001620642332177267,-0.09346322117273886,-0.004508859927895321,0.2897483591046767,-0.20257223063018037,-0.09043232578901018,-0.1694661472765269,0.0688807249966245,0.08088984186545162,-0.06672201812491561,0.0027531976550865234,0.3491772852124952,0.30446029305372785,0.7280948283332292,0.5977187675702255,0.43824288676663514,0.586001454991002,0.5825143131213184,0.23414352015122233,0.5147036715347737,0.5078309550343293,0.6486789205659552,0.456150964384964,0.0194150613736163,0.008582834733577445,-0.376517412534284,-0.12726818386088512
#13,0.37491248894146384,-0.05359243727114624,0.555144360499211,1.0,-0.09899460524804372,0.12167876136333866,0.2782156409517495,0.17636143427450965,-0.1890033311636099,0.5709936863063583,0.4513361936065035,-0.14027926960257786,0.03748435683150519,0.16297793532343322,-0.05380202046257428,0.032521265640649465,0.4871055956696888,0.4872829352932049,-0.10489679035433666,-0.29557396573717865,-0.13601183338942371,-0.17434298692321798,0.23162690967569016,0.13555881126026,0.03552072354566395,-0.03225686838377101,0.2207680820921239,0.1519216158864059,0.006322560622945732,0.18760718467301998,0.21204861523951932,0.10425917379887671,0.487960050219357,0.15087934255365026,0.07374627939454641,0.01920386600379265,-0.1006172628032155,-0.028292521708989708,0.08702821110670002,-0.12026891135638614,-0.07588402794711249,-0.008464339621500817,-0.2833834787988465,0.039044139429248545,-0.11530098363034362,-0.2563238705178922,0.4476572025077435,0.5356208801284906,0.22768916394443628,-0.10396575733087744,0.12126120715887817,-0.03734651557868136,0.2852882675732483,0.16622969914735916,-0.031292785703201986,-0.048286758171225436,-0.08350801957990661,-0.24131852010084176,0.12251870630744645,-0.004966718592245825,0.05398097226448593,0.10126938896423583,-0.034855699957478795,0.04826096331689583,0.4672685466010241,0.17457433452298665,0.13310346356376065,-0.007181851707800726,0.015622411697966439,0.006787674090076437,0.3517454853966866,0.3999520376927309,-0.011896667425733995,0.024510351192911253,-0.28501258506760063,-0.002454944651900456,0.11691396811514178,0.13214824786436744,-0.16971845319543835,-0.0035568685852933055,-0.15347898021655587,-0.16258859424089572,-0.07910435429232422,0.059532508569735784,-0.07003746299546776,-0.1157249865483865,-0.11066677683219037,0.24273965535656347,0.06899760793030553,-0.1174371200045141,-0.11689542806359238,-0.03677580442663883,-0.12773490950641142,-0.07979597882403677,0.07097172037571818,0.3523331244218829,0.24290732190970593,0.5154436614183543,0.49867297565812146,0.28284662339311156,0.39008469982245886,0.3827597672820486,0.2079367542415406,0.470169661623907,0.47792827015273376,0.5617405884048099,0.42310533772114556,0.09503912555443822,-0.07033813426624723,-0.18876714702865446,0.0582637241723983
#17,0.057853424770718004,0.07338595752312972,-0.04778375851179812,-0.09899460524804372,1.0,0.21395098574632776,0.1050918639402043,-0.00023416891196095303,-0.0980321347458703,-0.0525348482436324,0.09527934013538268,0.5125022419355814,0.055007929902483356,0.05876027511824321,-0.21007289061571108,-0.20478494547814188,-0.012237643156403471,-0.06097943867978711,-0.15566993065617676,-0.10900462090632639,-0.13693399943170712,-0.12121445398540576,-0.13958119635728292,-0.05920523635542891,0.21426052399828302,0.2026609004419384,-0.08572476487385712,-0.012603607652204755,-0.12856921182613462,-0.1991858499102218,0.13982141093822736,0.036808854083748635,-0.013237193761675698,0.031574110833234255,-0.1315791488907205,-0.010002357810903565,-0.13054574253914067,-0.07281202201429599,-0.1435415125860752,-0.03315485175012041,-0.2247235617857294,-0.25889529505887476,-0.07602509355672751,-0.26037930527202485,0.10650010176876122,0.18433768688674246,-0.049965035881045415,-0.20767880569824454,0.012912339814962225,0.0848195267047275,-0.08626726290397664,0.031007430127180723,-0.22513627945500309,-0.3397573268470023,-0.2420367455760817,-0.32289797127501146,0.003112713437305405,0.13748536444300244,0.036895105627913254,0.04425792436062012,0.2048341169192077,0.179724438407732,-0.011805579346382574,-0.12444364731179329,-0.08042069795233192,0.06723549694391433,-0.041204458479353036,-0.0055438784578707555,-0.2427412675349591,-0.12100809515076891,-0.19133131676685683,-0.14338110083571298,-0.1532597239547542,-0.1435366760508884,-0.12781471233699365,-0.014059404743431885,-0.2671101500736564,-0.08059158886226556,0.21124010777412575,0.16153745392696428,-0.008481267494654622,0.11645530336159347,0.0529959312647741,0.3271178482254954,0.36869834731562223,0.2207447055053877,0.17645494062145448,-0.07943726913101569,-0.06238445215155283,0.2994117564079053,0.162954558736697,0.30764595756343416,0.2986306559752369,0.008999582848840138,0.2207519603081679,-0.04202586337191142,-0.2751242888781858,-0.16238304149545668,-0.2961865935275068,-0.046351338007307195,-0.1095245484389075,0.029384772572008954,0.15793262303440186,-0.18162036020095804,-0.004879660958883405,-0.053272419859619564,0.012258601475546277,0.23518498739478017,0.16002684277028675,0.19237681445640367,0.15256245679865704
#18,0.23233788034814992,0.3005894527258914,0.2970241202040212,0.12167876136333866,0.21395098574632776,1.0,0.41654538382944767,0.23570169057057008,0.12778408094747723,0.2656503225364403,0.08037716913565071,0.17445745158930562,0.4238727346374513,0.559368267895684,-0.4283650697367917,-0.2682298079694009,0.27344198072237685,0.2243076197596645,-0.40700289990588906,-0.12370607569580612,-0.3479407443830697,-0.17805502767908782,0.02201792339331309,0.1898408578401243,0.02361639827255085,0.012421431493501913,0.04211292100527384,0.13614725637465414,0.06935148108813981,0.1902350354578486,0.3147717860719878,0.03425919395110666,-0.022237179655114736,-0.14030264618931407,-0.19413892544279487,-0.04449894503076238,-0.27925549601691174,-0.12442510726024389,-0.23036215572434168,0.06237558517037703,-0.26555762227869323,-0.10849839689010787,-0.18706307446450487,-0.2857243618292582,0.18608931871356224,0.32074893747367617,-0.016075433827130142,0.18670517086068159,0.1289029327540239,0.05999923421526209,0.14999264443607008,0.11578141279223253,-0.06045386852282139,-0.17321204377870433,-0.36144515671381616,-0.31837581087535244,-0.12083881641923087,0.053723023721189866,-0.10058904968129248,0.18470526356093933,-0.07051305562216988,0.07087740793957556,0.09680768525441183,-0.16628209494521617,0.1222696247453262,-0.04167199021407714,0.3638900252507441,0.15175072497647227,0.05702557116457722,0.06216197153295998,0.4349629098207862,0.2735959437591567,0.18688654093018664,0.29827517063900705,-0.04816826305914881,0.1942235648085639,0.03712484104928631,0.08355316057498342,0.17815256447202166,0.031139628755619955,0.2035572716298922,0.23676734049006193,0.2344441914220018,0.04308990111300766,0.33801778635814944,0.23265306122448978,0.08699032491440341,0.22904661815353178,-0.09487307117969139,0.18077154827567443,0.12062278451422043,0.24601157141043442,0.3307831358078928,-0.09976442043194289,-0.024600633183064873,0.1655630633807784,0.08590371667576875,0.14252664628604478,0.005765552987265806,0.010119240744584592,0.047737811427523515,0.3734703953665993,0.06428762874755906,0.15118243209202314,0.14093058967440042,0.09478843181392237,0.006297571857813927,0.1819186132041441,-0.008045173238644723,-0.34140497316730584,-0.2667296759722947
#26,0.14866179117050196,0.14558575479169647,0.2476600238199358,0.2782156409517495,0.1050918639402043,0.41654538382944767,1.0,0.2167545639762768,0.02481021637449292,0.36140727052151955,0.21026877029077654,-0.10674192852810127,0.25196857058217775,0.503112108870407,-0.05775911233457538,-0.20720240698234463,0.33270082200945944,0.2569961489088575,-0.1725792637584312,-0.4124174010475129,-0.23818525138899244,-0.2737724772934749,0.13737654240129943,-0.0132436424752581,0.0706702430157409,-0.059762243991108834,0.10279289754807819,0.18106738301126712,-0.07320378136442689,0.03569483881238879,0.18468672350938994,0.17857414912247116,0.15088901562402388,0.027924945034792824,-0.03744969499599978,0.06062153507596383,-0.2556370825213664,-0.09566223250433777,-0.10133710045685106,-0.2150037382386548,-0.15881367852759748,-0.10073414573689651,-0.3978030038913956,-0.18458515627046712,-0.07337064182837152,-0.019277220120792467,0.06070617444173285,0.19058165381290268,0.19846762443498187,-0.037140156744044514,0.044935039286772276,-0.05956233387005439,0.05819359441218968,-0.27485102464013156,-0.15468085921047595,-0.29904901626889524,0.05700864329142341,-0.12369237217944351,0.2639889726997741,0.17361025184241763,0.13438675756665855,0.11582574769811153,0.20076336647031678,0.04770959830560051,0.3173948003216296,0.10261636401375994,0.4870193441255242,0.4274525767648819,0.016435755698546824,0.027622661585617755,0.3641939208783148,0.33779530573955663,0.04486329734816806,0.0948964477664276,-0.1509333505299029,0.01253509007039174,0.03125006297571858,-0.0520890809172489,0.2463864028874115,0.03387146504696477,-0.1323957172480921,-0.23894378132412242,0.22729901677270098,0.1761171892475762,-0.02609754082337981,0.09487145900129579,-0.10698697964423254,0.00967105515060769,-0.014312516751541143,-0.14192691592288145,-0.11819081340445727,-0.008158831815534548,-0.027539634398244337,-0.014222234761387521,-0.005847774085441425,0.29380298776961167,0.09671498499666481,0.3047553217001227,0.03042462763717119,0.24038909925577814,0.1885357994288858,0.2913581192326837,0.1933852320428517,0.23498024073853893,0.18561614435445353,0.2424583302265312,0.1328946864615304,0.16937183484038426,-0.0005928786049820343,-0.023422936865078806,0.14634589690522204
#49,0.5041624430951407,0.05001017687612223,-0.00953643825457506,0.17636143427450965,-0.00023416891196095303,0.23570169057057008,0.2167545639762768,1.0,0.4534666873562894,0.19189316093772357,0.3056500807096809,0.16569848636600884,0.468346287858483,0.3319737295530437,-0.07620807580462816,-0.2643597737307622,0.08496542884952935,-0.13006531337725177,-0.019570636588791733,-0.27660346255614915,-0.10301457207747323,-0.2863297348168062,-0.14541647606015845,-0.1465441948478809,0.05489749568238474,-0.0816451474437904,-0.05488701652281333,-0.09503993164363603,0.34531289359824113,0.17404312174163633,0.1933973233808187,0.14986367016442204,0.26787835307915997,-0.0010878173724313464,0.17302261281722128,0.07216150803167125,0.11946765869377277,-0.007308407711855355,0.16236933797909409,-0.1739093109348015,-0.06209022959435576,0.096685965785544,-0.03623894902090391,-0.04257481011561334,0.036260713429244515,0.03817759354161335,-0.0059251586484302425,0.03921099989319318,0.04618125318657136,-0.06861310338295484,-0.21734381517986873,-0.2155405936443897,-0.03921664251757778,-0.17158616186674136,-0.01386271897916864,-0.11813761151740246,-0.24381417225723112,-0.28752919554313283,-0.1646957114039454,-0.13388940053161583,-0.002849122269624745,0.004311368074434277,-0.0755116147377288,-0.15126868363618776,0.08183216013768004,-0.04248452812545972,0.29026989881565346,-0.009906433196365343,-0.0203138508291635,-0.12521588076328585,-0.058047692267387846,0.10171838064741054,0.1262742758799975,0.18572174203936537,-0.08003296904819003,0.02387998944023151,0.06572166143044558,-0.14865050592173276,0.04483347204784945,-0.007554264917184411,0.24991384921698512,0.03056246888999502,0.5663498064378314,0.24793328805799006,-0.010689145807429322,0.38289277199968563,0.0551876877935928,-0.08268500250895262,0.07346334208611854,0.046334410134153396,0.07529961327870735,-0.1677701356043553,-0.07089514190192715,0.0860472005529772,0.18973606624441028,0.18478909683751055,-0.07144570082402468,0.060806935591457875,-0.0573939539279719,-0.10710950520229816,-0.1863384002756825,0.023514024944430226,-0.03454132517033672,0.07793633104471175,-0.04874542292477374,0.1889291709574123,-0.019729436160758368,0.040368543981234246,-0.05338366016891599,0.14495378086062113,-0.023536595441968632
#50,-0.07360440769573356,0.3340993867676428,-0.22216745293950502,-0.1890033311636099,-0.0980321347458703,0.12778408094747723,0.02481021637449292,0.4534666873562894,1.0,0.16087887905236153,0.0026879044300647087,0.2829788220215508,0.4596518097710102,0.34503479282500005,0.09394123206703438,-0.18423289529102843,-0.09191311164536912,-0.188571267353589,0.1377642713054413,-0.14456524586728145,0.06715891847012331,-0.0755333791460694,0.09703177805140027,-0.16215088780649023,0.017991507850301174,-0.20521700928816278,-0.023835654534352498,-0.12143935287159201,0.31182553005402813,0.11377263851131447,-0.011998234664656817,-0.02158908394008339,-0.19009558202662916,-0.1959107094995597,0.03743679756883498,-0.01738371659515984,0.2127273423440671,0.012838179608764608,-0.07538908917966318,-0.12959778164252767,-0.01690006307647973,0.10134757961642246,0.233567972463993,0.03236246606868283,0.22011998637709257,0.10438734198132694,-0.3063368687062067,-0.2343877651781558,-0.271545252839953,-0.04253531174492113,-0.011724164337404756,-0.046874489896679514,-0.16364215282242056,-0.22458169008691656,0.11304715823329431,-0.04764349899138089,-0.0874336739731935,-0.11628683071925323,-0.1403534298087755,0.010890668106879367,-0.16407663490003485,0.01977135279904398,0.09544700668852511,0.032590589311660284,-0.15040213774855257,-0.3016526843777898,0.2851875064235233,0.15648972337033953,0.10451067362859037,-0.0702365670273244,-0.19194313846798716,-0.30011466618838706,0.140895927838895,0.19980976294931915,-0.0582838764023433,-0.17553358066836885,0.012294875489447285,-0.1580245172029511,0.2411008760174357,0.003922833081094588,0.26869169707974033,0.14621369827678282,0.45848620479099117,0.009617047174355079,0.08572798923064832,0.09531561414928369,-0.12999518361704315,-0.17817191061276885,0.044480404979212976,0.06635282927232312,0.11575239358111172,-0.14271527115833002,0.03246886984279245,-0.15025139906856394,-0.05807590538931085,-0.15380947678765394,-0.192948331697644,-0.1884930767014024,-0.15838645125276338,-0.3164428089790276,-0.1650310445102303,-0.07572361619675025,-0.0984271184527924,-0.08305177309395172,-0.1394054689121625,-0.2879185366256703,-0.22620192937449493,-0.02945409624301977,0.027980565189441038,0.10439459678410715,-0.08856784147449837
#51,0.33137641745747376,0.21977498020043407,0.48274304093119424,0.5709936863063583,-0.0525348482436324,0.2656503225364403,0.36140727052151955,0.19189316093772357,0.16087887905236153,1.0,0.4242403113116482,0.05410591609014496,0.27293978715214734,0.30443046775340926,-0.024835205139624724,-0.10026419573457901,0.5405428607702585,0.366992662573077,-0.048194057913478416,-0.3477771082759163,-0.13315344109402427,-0.15293648218643635,0.36886923822555584,0.1227726244047535,0.02948230936494278,-0.07819589176640342,0.2141170401210746,0.17643237012391605,0.18906378785344494,0.2119430175546075,0.29961247261815754,0.02936300816366835,0.2608218482416172,0.041783230523373564,0.10196343176354179,-0.08812610459410386,-0.09461915308238433,-0.12488135374619878,0.005573703758189362,-0.22540631933626615,-0.04070548926591472,-0.04701152506030555,-0.10113235380060981,-0.03978171104523571,-0.08590855321095556,-0.08446404136849762,0.3676407582881084,0.41033607873879285,0.08900312964131046,-0.04607243114486834,0.26084280656076,0.10230601967260687,0.32077634450640136,0.08547084677655006,-0.03814454388450354,-0.13281488363094818,0.019856798254010797,-0.15035216021828895,0.0711103677177398,0.1526954615162941,-0.12237119198424902,0.07117646703195943,-0.1483756295052829,-0.028636721796450385,0.41330651743268654,0.05584303831140435,0.262694393448107,0.19150140158759268,0.06823746581677996,0.03197554325373874,0.2543521763400729,0.17582377277957692,0.04862612172349931,0.285515584727028,-0.3548287765782723,-0.14684889656464936,0.05071550492419739,0.06070053181734825,0.0036286105238975217,-0.006015440638583862,-0.015062179705495312,-0.12301606334248916,0.23202189338261225,0.04506723791521151,0.029802326776469452,-0.040779649472112336,-0.07042196754281844,0.07091206977508097,0.0348984226849622,-0.25348724263083333,-0.01699034506663335,-0.018154337868256813,0.014776824129474047,-0.2158968850698174,-0.00029865604778496767,0.33233727578125155,0.14936953748617054,0.4262410247005882,0.39003391620299743,0.19845633918621264,0.3055541560951427,0.3307089756016952,0.23424589347934296,0.18080621011117987,0.41787865536260915,0.3804035685568787,0.38175941058757856,0.018181744900982018,0.11629650378962685,-0.26561001807655027,0.061948357895542934
#52,0.3275813495142305,-0.09016309199694492,0.11883890911948862,0.4513361936065035,0.09527934013538268,0.08037716913565071,0.21026877029077654,0.3056500807096809,0.0026879044300647087,0.4242403113116482,1.0,0.08059642539745236,0.16272562940452176,0.10913762562396342,0.24774869363169383,-0.004312174163632077,0.2692599899641895,0.17741982939122128,0.11277631226283344,-0.1413336342733005,0.2089088978140876,-0.17796152133214302,0.25601110790914566,-0.00247267861425206,0.18860351092150102,-0.08338549402184099,0.020699967554909788,-0.07927846955904906,0.15482273090928877,0.20809394163511163,0.014203694709838116,0.19414940460236627,0.14234124577055074,0.18181704596522127,0.23465458070262765,0.19876829570576132,0.18781354350765683,0.1947120548624308,0.09148507828133721,-0.012352913911688898,-0.10836539217247085,0.10170064668505893,0.050089979706704445,0.1378094123005181,-0.08703224155268902,-0.3341324364247526,0.23595319040028373,0.04309393155899666,-0.017710182720268912,-0.33369392390114927,-0.0944643839564067,-0.280420294907733,0.002246973638868009,0.0423829608865369,0.11629166725444004,0.006829590728362047,-0.24292102542606853,-0.34675095672711664,0.004312980252829877,-0.22571424540982582,0.08042231013072751,0.06222726475798179,-0.010982562275428587,-0.16184941044651296,0.2256537887199908,0.059751764831537435,0.07631770393552899,0.0018415107723745172,0.2353091251312414,0.013609606971059382,0.20962954155692098,0.28149239354080724,0.16816108886528838,0.03478879455406138,-0.005314949125695504,-0.1549210737914204,0.14557043909693826,0.04454650429343259,-0.025131039875217392,-0.027437261070123713,0.08970845768938562,-0.009175310293960579,0.17952049784068855,0.13808348262777018,0.16561142873264642,-0.023189977086914552,-0.05174568691898602,0.16764680395709186,0.13480431177111904,-0.09924852334535078,0.0600540482807125,-0.1376433579257713,-0.08021433911769507,-0.05895051216892405,0.10926740598480925,0.3186466568458133,0.15971004971555128,0.1656323870517892,0.08805275047710405,0.0028499283588225453,-0.01117038105851603,0.10453969283971118,0.2565794007935948,0.04318985617353488,0.13168555266483012,0.1956704949186152,0.1492413693037203,0.13676875114615808,-0.19032854180479342,0.040629716881321505,0.025624366464271103
#53,0.05093717945359244,0.17471136968661266,-0.10720059328164958,-0.14027926960257786,0.5125022419355814,0.17445745158930562,-0.10674192852810127,0.16569848636600884,0.2829788220215508,0.05410591609014496,0.08059642539745236,1.0,0.43929644534816,0.1986707589128275,-0.23450142375504562,-0.3460948001201073,-0.03915376756014937,-0.21348829054679044,-0.17069220894638096,-0.03068177009126945,-0.16188165401442497,-0.23781686862559775,0.03429143751901867,-0.08171447111480121,0.14114500940101526,0.07489979303659847,-0.1315654453743579,-0.08666950141367893,0.1218577131652503,0.04683499152598731,0.0843640863079704,-0.10572625613887304,-0.1332775788304855,-0.0247247709195261,-0.05460569139278107,0.054295347051628,-0.005481809589640141,-0.05183677499833744,-0.20036193404981228,-0.09515197804213026,-0.07704157203515355,-0.007378537472063971,0.22506050707040987,-0.0900292811901101,0.204352881668121,0.21566150702405976,-0.13188707496428018,-0.18823432206890853,-0.09893817900419771,0.039598728797335066,-0.0366524727793754,0.016043996348415933,-0.22977774105593654,-0.40369148548132594,-0.21308202159109915,-0.23595399648948154,-0.02591617075387477,0.1885253202693144,-0.18430302505123705,-0.13063199408330528,-0.009676697774992292,0.04646257831660362,0.10525469395815994,-0.07843852461494126,-0.12943172726778082,-0.030036092643831502,0.1981798505913672,0.04167440848167054,-0.14045580313689612,-0.026478014924741496,-0.20206842488155527,-0.2623703455905913,0.15207235456639454,0.18624892437472668,-0.08667836839485474,-0.005853416709826025,-0.19889243344222254,-0.022458048095311985,0.2489328386632623,0.0031231925968768074,0.43547880690737834,0.4450994814831235,0.3226101974313968,0.3853368344474158,0.45224868657841333,0.290776122831872,0.24801873351295686,0.15952706746765064,0.30535585815248384,0.3709586214262539,0.35511493824349133,0.376553686548185,0.37729931905615016,-0.06925878083039279,0.19151429901475747,-0.08927881214695813,-0.30659159289271154,-0.2758554117805906,-0.3242908934088102,-0.2630321448219853,-0.22721115305014075,-0.12303621557243417,-0.06684293150458565,-0.3020041392680307,-0.14723823764718685,-0.197349578717633,-0.19323610554125867,0.13852683168656027,0.1987642652597723,0.1408975400172906,0.04997954548660582
#54,0.2722167251417206,0.1541141785044224,0.02565338567539191,0.03748435683150519,0.055007929902483356,0.4238727346374513,0.25196857058217775,0.468346287858483,0.4596518097710102,0.27293978715214734,0.16272562940452176,0.43929644534816,1.0,0.4772439004238014,-0.14505857245633516,-0.3125816417215647,0.08865892955384978,-0.11027904792804848,-0.15041664735411298,-0.17208513108017967,-0.06007178224306411,-0.1261670660166901,-0.031578947368421054,-0.0450519222204533,0.08279785499664466,-0.1460968153431018,0.0004485886385758016,-0.011978888523909614,0.23501167821725313,0.25984728640147675,0.2524635093496271,-0.03983894337827952,0.016260834342624184,-0.16403391217255145,-0.012963123434423636,0.01077136690560494,0.004566092260939134,-0.08558208708584648,-0.11939591675516854,-0.19768329964552228,-0.01359832172229018,-0.04620382368410977,0.06271817307944211,-0.12063326367379182,0.12996132787073553,0.1721391390564323,-0.06509371794535924,0.025000453425173763,0.0569385135312148,0.03729976240520895,0.04172035556594515,-0.04040078754914625,-0.05749552116689472,-0.21202926909877212,-0.028979309705515464,-0.22410206701422547,-0.109038476652634,-0.029238870427207124,-0.014769569326693845,0.06177666089641149,-0.11060793232075096,0.031025970178730128,0.048580174639224705,-0.14695771860635237,-0.04703006511185495,-0.09926383904010898,0.4225314022123118,0.11506963603057496,-0.0843407097212342,-0.10707645554518835,-0.12802510161761949,-0.10707323118839715,0.16657309314562202,0.2653762522091882,-0.057066681713665024,-0.038731376820502074,-0.10051891992108387,-0.10401089832595425,0.16415482555222147,-0.08857912672326756,0.38681600812537914,0.22708701531367953,0.6656745052123743,0.2198168968387197,0.17568109499156628,0.4578308542731796,0.21382523583147092,0.10689992201087012,0.004987676911388629,-0.044879419132124065,0.28141339679942284,0.19769700316188488,0.2941117199323691,0.031322611003520594,0.16051855718094485,0.04758223621234808,-0.23315767306231272,-0.02048232347150374,-0.11072320307603638,-0.11249337495440558,-0.05393099473422232,0.04753548303887567,-0.010222420161903015,0.0037720944011059546,-0.028351366220429122,-0.011503295897207505,-0.0909087245049101,-0.014874360922407869,-0.0154531329664284,0.014003784588783671,-0.08373130628769726
#58,0.010477144348407873,0.10630502818289359,0.0203009534019987,0.16297793532343322,0.05876027511824321,0.559368267895684,0.503112108870407,0.3319737295530437,0.34503479282500005,0.30443046775340926,0.10913762562396342,0.1986707589128275,0.4772439004238014,1.0,0.01112604615263702,-0.3319721173746481,0.15285103673146952,-0.038913552979204916,-0.012398860995963509,-0.1668302355997203,-0.19791625942368654,-0.43254383613818786,0.13663574642852105,-0.24751331558593617,0.1280226833500261,-0.21221870006025517,-0.06944418134588683,-0.1700247670906024,0.2216088331254295,0.22772624404753508,0.00891816783986232,0.040048526569707574,-0.12968645145428567,-0.15113326065095734,0.1787329486944378,0.31499749104737185,0.00036072491601558173,0.14937759837814854,-0.10052778690225966,-0.17367070853225264,0.11735570499553628,0.2585938176988975,0.01395219488012446,0.11237810419912016,0.11847778115887414,-0.051402292920723146,-0.01903136291546341,0.05951074416139518,-0.025197139189437008,-0.2489296143064711,-0.04587413320220949,-0.20791579592239778,-0.015183093085165338,-0.22625593735074756,0.002807205631339136,0.011468634061702098,-0.18051359973237838,-0.21884717153376607,-0.07566960822049763,0.014056180386640684,-0.02393399741648412,-0.019027332469474408,0.42709306098266303,0.005516471425145549,0.028939811334823255,-0.11399511912990731,0.5961823615592183,0.4394479901173464,0.36629620150617764,0.2989015019456978,0.3897517849837674,0.31806788480179277,0.4751134066740155,0.31275414480989394,0.07246217930245072,0.16169302914213973,0.14839900609201911,0.028621406101692184,0.4153515657275056,0.06187097333255411,0.024025891585033342,-0.06962796968298528,0.30281345282262206,0.10395366599291045,0.14203170751859548,0.20829465784536388,-0.0083925976828966,0.023860643299484303,-0.018000374831476977,-0.04877605431429015,0.02998289075677669,0.07543342408554218,0.0670831460855301,-0.09421852675107764,-0.012972796504797239,0.13442061331296615,-0.040566035834695285,0.0529830338376093,-0.12954457975547284,-0.1117356511084734,-0.1073255371073086,0.0644278882679763,-0.13213776870479602,-0.006494257622077171,0.02720430129195946,-0.04472868045213543,-0.11930805303260833,0.11065146113743217,0.006014634549386062,-0.13177099811979695,-0.11720174195875645
#101,-0.26742291268240287,-0.2453828218361503,-0.3753461649298803,-0.05380202046257428,-0.21007289061571108,-0.4283650697367917,-0.05775911233457538,-0.07620807580462816,0.09394123206703438,-0.024835205139624724,0.24774869363169383,-0.23450142375504562,-0.14505857245633516,0.01112604615263702,1.0,0.30093284672415427,-0.024409590043186227,-0.2352752693849338,0.6642654612946196,0.06742250963780397,0.6541361444350625,0.023519667568814826,0.1912644113634394,-0.512818228901119,0.19741567803185261,-0.38483947741237307,-0.11184366706097863,-0.3303639694250367,0.39507197368924857,0.13350812034105633,-0.36804541506540406,0.22375464256997357,-0.1779325021210222,0.15375708098979693,0.541012810772576,0.4264522200704119,0.5778148130981434,0.5205421755944404,0.13699929265672894,-0.11773537300770016,0.3209262770971922,0.3891415754610326,0.28272974045943056,0.5140233322518303,-0.3444753669217267,-0.6528036789910988,-0.07782912118140432,-0.3574445360251339,-0.36255997807437385,-0.5695233796095707,-0.4176827756875437,-0.517736179096898,-0.19389790477265262,0.11646820078875827,0.6640236345352795,0.5125780143201746,-0.2502443457880832,-0.44275859845271176,-0.08982534062306664,-0.3767624636504152,0.2538749715349752,0.09510119442266884,0.3611791472785421,0.29244150311452716,-0.06817862130534054,-0.09913486476846095,-0.13128815069031463,0.23277075024736862,0.5651366421951421,0.2176912396241206,-0.01885805373793637,0.12014799797671612,0.20562730868984308,-0.19300395185229222,0.2811860796456432,-0.2989240724432362,0.26098709652716623,-0.07937036372759827,0.27081251775915266,0.14540841516818043,-0.11282064716871246,-0.28668763842062944,-0.029169546756196308,0.009698462183332897,-0.17733680220384787,-0.23777172763052096,-0.1801161977578629,-0.30540019305836286,-0.006343518942088537,-0.2252031848584205,-0.1810520673165089,-0.4489106712103228,-0.4649462036221618,-0.14813138447834945,-0.28006722783909654,0.19985248567680255,-0.042594962345558346,-0.1435358699616906,-0.152316599593328,-0.14556802082934486,-0.2552042126221477,-0.27080848731316365,0.07350284045681074,-0.1650705428809225,-0.07652164450257243,-0.21230978813960658,-0.10500238803924848,-0.0011482740622663602,-0.17450662303037143,0.1991632794126834,0.11341392881829339
#102,-0.07039133615330205,0.09186958282868792,0.08928364868214492,0.032521265640649465,-0.20478494547814188,-0.2682298079694009,-0.20720240698234463,-0.2643597737307622,-0.18423289529102843,-0.10026419573457901,-0.004312174163632077,-0.3460948001201073,-0.3125816417215647,-0.3319721173746481,0.30093284672415427,1.0,-0.03241969840172664,0.11343972367262299,0.43037465010690756,0.4162608343426242,0.08327264153414896,0.6334115911596198,-0.10734407715885802,0.2656704747663853,-0.002778186420218329,0.348209978175135,-0.15947870211578263,0.1664554041227432,0.06255131261549747,0.17186668090757581,-0.31318298426312363,0.0988970684551099,-0.19985812830118715,0.19708679363915013,0.06769254951906703,0.09851014564016582,0.1095269667065009,0.358121650951286,-0.24740449354423313,0.31773174560631007,0.14015029533092985,0.3324428734661634,0.13168152221884113,0.34824705827823377,-0.27301555953674056,-0.22861455434351088,0.19800492923544455,-0.10880632296366755,-0.28195428265114675,-0.025717066722018126,-0.1390548201111194,-0.052194678602160725,-0.32998510750207066,0.5066629317867168,0.024145192786307768,0.49694875086402684,-0.3360356130207588,0.02733649992039869,-0.20685175818130155,-0.151517765198308,0.011661289379976342,-0.09608784760077627,-0.03861046344083204,0.1615495452649313,0.24740126918744193,0.2392347795245283,-0.15825102826753296,-0.1209565054421097,0.18256993327596666,0.2626194271527116,-0.08989950082926426,-0.013869973781948841,-0.2728575660539717,-0.3166032207293898,-0.026727096486861755,-0.2629015583719416,0.005443923397343533,-0.14087899996574121,-0.15260437343694266,0.4362937630863543,-0.24890220727374587,-0.11682529830338376,-0.34279950747950017,-0.23849398355174992,-0.1449231494711047,-0.2670222863510962,-0.11065790985101456,-0.16562110180302,0.040499130431277876,-0.13506064813601948,-0.027163996832069454,-0.3669983051974616,-0.21975563405968687,-0.018993476723166803,-0.2242544178726097,-0.006735278292219426,0.3761587028412629,-0.031285530900421785,0.13751196538652985,-0.10389562757066884,0.01024096021345242,-0.16541796732517436,-0.041939611827746796,-0.09568883344786518,-0.04744842540551325,-0.05866676877129839,-0.08187730113275685,-0.18599823063421084,-0.34979313735961454,-0.04412169528619189,-0.08731517886111688
#201,0.26723509389931543,0.2675156129401499,0.6512479268393444,0.4871055956696888,-0.012237643156403471,0.27344198072237685,0.33270082200945944,0.08496542884952935,-0.09191311164536912,0.5405428607702585,0.2692599899641895,-0.03915376756014937,0.08865892955384978,0.15285103673146952,-0.024409590043186227,-0.03241969840172664,1.0,0.517611235271239,-0.3321204377870433,-0.2613909472152641,-0.06383138226160416,0.008501419724599625,0.17554083547114907,0.14162705074129978,-0.07552693043248701,-0.19102903331768176,0.19394868839211402,0.21607986731771806,-0.003051450658272591,-0.09415403961525362,0.2943882085272146,-0.10191264814408038,0.33166177303349503,-0.009175310293960579,-0.17341437216735217,-0.2762640990038753,-0.3303776729413993,-0.3328862225249535,-0.21861501784479961,-0.25579749427172865,-0.12468869842792454,-0.18600951588298004,-0.17892076747752522,-0.23212265453233727,-0.12153527748613023,-0.08498638716867216,0.2905617031052571,0.26657087640032806,0.19530775477960513,0.024628846304987878,0.1952150545218581,0.10696763350348533,0.1858216970998926,-0.11581768680613354,-0.2733791057649484,-0.33890045402974067,0.0675506778202542,-0.1319991213627744,0.062098290486333765,0.1442871450940404,-0.13139777882121545,0.0587175523907598,-0.20805524935361722,-0.06904194283618453,0.5798888806040833,0.3867587757923353,0.0644794779766355,-0.012634239041721161,0.030033674376238103,0.0211908758763701,0.4707242509919935,0.3726659183471947,-0.0030103401091847817,0.20330254744338735,-0.2626798838425466,-0.03190621958272793,0.12856598746934342,0.13630766812501638,-0.06029265068326135,-0.17687168873671716,-0.02623135163021464,-0.0631268603027268,-0.01840664378716827,-0.04898321923812479,0.07167059971021093,-0.009766979765145912,0.07097010819732258,0.17359171179086821,-0.1024696557797603,-0.06013707546808592,-0.13249406013022372,0.03077043990302747,0.0006210917269050407,-0.1668874679327641,0.030644689988170642,0.5932949500526981,0.1267087579576118,0.6695155202398921,0.42193973274112645,0.34463980911807796,0.38008596941294537,0.5165109235162417,0.22747393812862363,0.3294982296265993,0.44958698004727715,0.4963119403977647,0.4363098848703103,0.08569655175193411,-0.0029305372786025637,-0.3218355457123108,-0.04008963711879538
