,#10,#11,#12,#13,#17,#18,#26,#49,#50,#51,#52,#53,#54,#58,#101,#102,#201,#202,#301,#302,#401,#402,#501,#502,#601,#602,#701,#702,#801,#802,#901,#902,#1001,#1002,#1101,#1102,#1201,#1202,#1301,#1302,#1401,#1402,#1501,#1502,#1601,#1602,#1701,#1702,#1801,#1802,#1901,#1902,#2001,#2002,#2101,#2102,#2201,#2202,#2301,#2302,#2401,#2402,#2501,#2502,#2601,#2602,#2701,#2702,#2801,#2802,#2901,#2902,#3001,#3002,#3101,#3102,#3201,#3202,#3301,#3302,#3401,#3402,#3455,#3501,#3502,#3601,#3602,#3701,#3702,#3801,#3802,#3901,#3902,#4001,#4002,#4101,#4102,#4201,#4202,#4301,#4302,#4401,#4402,#4501,#4502,#4601,#4602,#4701,#4702,#4801,#4802
#10,1.0,0.5412481888183337,0.1289005144864305,0.5674130380897299,0.15344190011345704,0.15679361899791022,-0.019419897908803097,0.7294538947207203,-0.04826015722769803,0.45133055098211894,0.6486853692795377,0.12791305521912527,0.1403340836680283,-0.01385788244398184,-0.06391521553817538,-0.08008617093524484,0.37170667220181247,-0.0054406990405523326,0.023318145269364782,0.07489576259060947,-0.02798459563543004,0.04143661216831949,0.08723698820893026,0.13326790576011188,0.1712250339061269,0.06659868647765219,0.10125084891268643,0.008353905401402193,0.14240653899557257,0.11091344012671722,-0.23900907454914425,-0.1681473853489258,-0.09609913284954547,-0.20402480336461631,0.05503614302440637,-0.019311075867100073,-0.04222254913617467,-0.11845359848294013,-0.09086680786662447,-0.03978896584801591,-0.01850740493689329,-0.020213089679438478,-0.07863682255760011,0.051844835890315445,0.04970789342694716,0.024360418602120418,-0.20162426973356737,-0.27695088700040105,0.10217785149015664,0.2477430510073092,0.005847774085441425,-0.02542929287840346,0.04528649417701316,0.007160893388657922,0.05026248279503368,0.06770302867863844,0.14727370557189007,0.07245411841047271,-0.00476922673878478,0.21847878877037138,-0.24447838975621847,-0.30617403868825105,-0.032853374390143145,-0.2685619167188945,0.1213958240549108,0.20623993648017122,0.2106073277538526,0.2549349788300824,0.06127688559377538,0.06604409710956566,0.1708526206967432,-0.02802731836291345,-0.011801548900393572,0.11676081116755975,-0.1633987138846849,-0.13703395449223435,-0.24660968959520216,-0.14662641594605652,0.08088984186545162,0.05388746591754111,-0.13529118964659034,-0.013502397107751958,,0.03077124599222527,-0.04445299794648777,-0.19915763678829881,-0.24023594230819612,-0.016162491460492562,-0.06308252539684779,0.05014963030734166,0.11402978096541273,0.08982534062306664,0.07250812638672532,-0.026693240740554146,0.00852560240053363,0.044779464071596844,0.1562712731977357,0.009913687999145545,-0.1943638243289811,-0.06559832978318215,-0.1898513369996957,0.12722868549019292,-0.08127837685879132,-0.07411385606874328,-0.2781213285156069,0.13499777317859107,-0.05529328547850462,-0.2318929191109642,-0.36045527917891756,-0.11665440739345012,0.030380292731292183
#11,0.5412481888183337,1.0,0.22535231136001355,0.3709828041021879,0.23951771683295614,0.25136964630821224,0.37426922976161925,0.40785251792037047,0.3735356885916211,0.4791003238463352,0.4276839243646506,0.20630281143759963,0.32339371613165857,0.1351331961638215,-0.10169016752548753,-0.07469665855875282,0.3454708870810099,0.07508116310610351,-0.021690651179006214,-0.04221287606580106,-0.21573324896266396,-0.07099670914084998,0.04347763001714955,-0.01775532371534572,0.2022852628757635,0.021202161125139302,-0.02202356601769769,-0.07871420712058892,0.16959028501298812,0.10878052810933794,-0.11751128021071172,-0.040023537804575765,-0.1108433103665086,-0.09699227968070807,0.09111105289355793,0.02388724424301171,0.08798826334128003,-0.06817539694854934,-0.00047518958210320764,-0.0025057282713618675,0.006097661736759481,-0.09519067032362466,-0.08743286788399571,0.0830275904180177,0.06785779780461607,-0.135615237504106,-0.1757447760381925,-0.09518180334244886,-0.07542213883677298,0.042313637215526084,-0.08217716631433851,0.0494418839916731,-0.014370555173782756,-0.08615118605949341,0.03848390743677742,0.03808650546226193,-0.029688668199579625,-0.0755091964701354,0.00015436608137873496,0.06381606656684595,-0.20173631613206158,-0.18705259530493346,-0.06345493860623147,-0.02569449622447972,-0.02821513714600089,0.0887395384736298,0.28804912307571395,0.2855978058252036,0.1368582270471139,0.15471390886758574,0.18152846603240883,0.1655034127801412,-0.10448890922024977,0.04924036169222305,-0.16319396722844368,-0.030853467090400887,-0.2869641270154749,-0.16045568222351644,0.03011589547441372,0.021781739258357635,-0.2026052802872902,-0.07431134792220433,,0.13474385508128403,-0.06433599409942707,-0.167371927540642,-0.13445849950526276,0.0046072028100269434,-0.06837933751559279,0.04410879785902709,0.1301870328461196,0.0745692964655004,-0.024557910455581464,-0.09900669658601073,-0.07293615975075722,0.10575769361758726,0.09687378456863144,0.13825276135930822,-0.04377668910953342,-0.03329752953813104,-0.037758427158757255,0.17599224542191716,0.0012836970474967907,-0.07872791063695153,-0.16853672643146328,0.07883270223266556,-0.08063672985734237,-0.23366470316772903,-0.27032644597287914,-0.21565667048887294,-0.1285160099390798
#12,0.1289005144864305,0.22535231136001355,1.0,0.3770462070480409,0.1832680065212616,0.29070035044727877,0.16622647479056796,-0.15825264044592854,-0.03600115270755285,0.3514657724450499,0.3254589166564226,-0.02124810820941391,0.10963337048061053,-0.1470004413338358,-0.19818952366174078,-0.5025712230186832,0.5462499722906838,0.6847119137968212,-0.40777835771417287,-0.45929874270237375,-0.03554087577560895,-0.1859240704280132,0.032784050719132325,0.04385165540492883,-0.028751186462538013,-0.31756569123156325,0.15903051652180572,0.11805377824083124,0.04878250302787255,-0.04332286089117191,0.3150974461078991,0.17199243082243265,0.2243100380272579,0.09469653764537315,-0.1877152006255252,-0.22480336461631162,-0.12198910570449173,-0.3238805940071299,-0.1337588140815722,-0.06167912410347767,0.10620668530076195,0.04348891526591875,-0.15988738933906732,-0.35265797836859636,-0.1659217730737995,-0.362397954145616,0.1677016180225423,0.19664102631276664,0.012561691013919145,0.00993625849668395,0.07031798203630223,0.08639543108642687,0.28187931635575136,0.3958901542250158,0.05505710134354917,0.2362619225630412,0.08271402172007343,-0.2850802965602159,-0.1673606422918728,-0.04020813223087201,0.14116113118497128,0.01699759986941355,-0.20746035552564068,0.13366611382382518,0.28595006680464224,0.1245355414803425,0.10149751220721329,0.202674603958301,0.05353842929489363,0.056936901352819196,0.26520213694246336,0.19840877992354244,-0.011825731576327578,0.2208237022467721,-0.014113412719684497,-0.06429810790713046,0.011090578227933813,0.04690995782138273,0.12330867372129063,-0.061711367671389676,-0.18680754418880222,-0.19748016516767664,,-0.018566249448332704,-0.1663490003486336,-0.03286385354971454,0.044736741344113436,0.26823383841538984,0.047181609881041385,0.03741180880370317,-0.054404169093331026,0.04624251596560417,-0.19899400068114537,0.06278669066125513,0.18583378843785958,0.41163952497163575,0.11387178748264389,0.6036459414416502,0.5149583957212786,0.3428148231742583,0.3091525382741227,0.5627046710853789,0.3894752963889219,0.5057593057959828,0.38400759336024326,0.4547483691807917,0.41123486819434,0.052825040354840466,0.10980829183653318,0.05770994089350957,-0.020742690282393197
#13,0.5674130380897299,0.3709828041021879,0.3770462070480409,1.0,0.024745729238668905,0.12640808668683234,0.04792885456740215,0.2547802097041048,-0.09568560909107397,0.6512793643180587,0.5839451214474137,-0.008089508144523732,0.08639462499722907,-0.1610489638730974,0.14166493693359639,-0.06774091487093505,0.4659409176922472,0.16279495307553257,0.15302273373060096,0.01709191230555617,0.1492349205901379,-0.04657462471509785,0.05922941903136292,-0.0671250627238157,0.12201167620203014,0.03056246888999502,0.12301203289650016,0.010059590143947379,0.19534886532869294,0.09684718362510404,-0.010407820677397057,0.03302910183526358,0.06646648784921295,0.013414533385191739,0.12015525277949632,0.06595623338700544,0.084341515810432,-0.030485084327006206,-0.0008145531343770845,0.022502383001190996,0.06537665525378711,-0.06993025313216034,-0.182326494338231,0.07142877295087088,-0.16876323749604513,-0.05071872928098859,-0.02389127468900071,0.008220094594567361,-0.004198515586742251,0.13913139858491042,0.07485707030911505,0.10194408562279458,0.057505194237268326,0.04359531904002838,0.10565290202187323,0.04583221656392388,0.07086612269080635,-0.01903216900466121,-0.18698327163392264,0.06779250457959425,-0.10708693470475976,-0.22800192655318274,-0.10590843229757589,-0.058482980434199944,0.09470298635895555,0.15608829094983506,0.23028960769653967,0.08283815945653467,0.21441448703506286,0.1439171501522501,0.2022328670779065,0.09651507487561035,-0.1266483012677768,0.03978332322363131,-0.13445769341606495,-0.11358481972822702,-0.2431684948097932,-0.18874538262031385,0.24657019122450996,0.10438814807052474,-0.20694526452824638,-0.230969946979483,,-0.1121943158620217,-0.27905316762826393,-0.2374758928949283,-0.16439987666835273,-0.07262097887441735,0.0158860028656471,-0.014673644712155624,-0.03525713237798329,0.09653119665956636,-0.09522775042672348,-0.06665027618631139,0.03889178857086431,0.1382277725941764,0.07576553283503586,0.1483772416836785,-0.08447290834967343,0.11098034553013464,0.05646050263691929,0.27028130497780234,0.08334922000793998,0.06735399205599095,-0.1328511576448492,0.1456929646550039,0.061210786279555764,-0.1884995254149848,-0.20456649530553803,-0.18387418559800733,-0.1276341483566864
#17,0.15344190011345704,0.23951771683295614,0.1832680065212616,0.024745729238668905,1.0,0.6961067906969246,0.1920213291201738,0.1840644226486882,0.22640022731715378,0.19960743456067132,0.25863815260477646,0.7282721679567452,0.5757963657468517,-0.15695000030228345,0.052948372002103894,-0.08311142369458892,0.4424361627735917,0.22772624404753508,-0.14677393026925395,-0.04657543080429565,-0.0741855980073475,-0.16106427956785557,-0.07269916952660396,-0.03897642793663333,-0.13929745295965726,-0.13473418201091042,-0.31630899817219277,-0.4449495488923327,0.41793266333886175,0.4148268016597377,0.17236968056700314,0.16282961491103798,0.10187073150579477,-0.015062985794693113,0.14536408026230144,0.07867632092829233,0.10490888169230367,0.01921676343095745,-0.13574743613254525,-0.13929584078126164,0.545862243386542,0.39522432454763284,0.43020940182135853,0.09077813805486647,-0.06527025147967748,-0.06429730181793267,-0.17408987491510874,-0.22149195019174847,0.062360269475618825,0.03156201949526725,-0.2675809061651717,-0.2980228647200956,-0.21086850065393986,-0.07564542554456363,-0.1117203354137152,0.05025119754626448,-0.26085651007712257,-0.24178685792476368,-0.12280244970507212,-0.044124919642983096,-0.2509553164605429,-0.2971829197759878,0.2321847234005679,0.21136021506459798,-0.06385798320513156,-0.1125739838741856,-0.26605900975972496,0.12469837149829814,0.24218022945329015,0.3827484820332794,0.2115383607773118,0.10764958496482428,0.021661631967885408,-0.05213180364473231,-0.0512185045836247,-0.08132835438905492,-0.2976585124026899,-0.3054276000910881,0.1249135973141108,0.32162515643168493,0.1654985762449544,0.4502632888842315,,0.5022939283346398,0.4714432825564313,-0.1853477166515861,-0.21174310743355307,0.4833113338156434,0.4674370192433644,0.5555449868305178,0.48531204720458343,-0.068422866332274,0.04817068132674221,-0.19227363503908526,-0.1876458769545144,0.10396817559847085,0.20388696211179247,0.08454868073426665,-0.13544434659417237,-0.16009374817370417,-0.27645514214375394,0.2362409642438984,0.4380212122372401,0.04519460000846394,-0.02948875807852518,0.04167682674926394,-0.08492109394365034,-0.22844205125518163,-0.20406188346771512,-0.25767810037019645,-0.10633324130481658
#18,0.15679361899791022,0.25136964630821224,0.29070035044727877,0.12640808668683234,0.6961067906969246,1.0,0.3315190952454844,0.23771691356507055,0.37425310797766326,0.34054084554726405,0.24797439860707787,0.7203209041096442,0.777982076606687,0.005770389522452607,-0.11541867265322245,-0.17288557765359525,0.3937000098745927,0.30804738998393866,-0.17929398677610672,-0.019042648164232612,-0.3108283977163493,-0.1862827801210343,-0.22155482514917688,-0.04918877198356384,-0.19488294577236445,-0.18248851826698884,-0.3268171769547159,-0.36972852931041084,0.3925545571245186,0.36851052853253474,0.23244509021145734,0.017996344385487976,0.1916279575916473,-0.07824183885067802,0.18523083371790505,-0.0024049671216368447,0.06939500990482102,-0.06683487061260764,-0.16210171636542442,-0.20774893545845316,0.41795765210399355,0.2274030022792172,0.3364338210844721,-0.05501276643767016,-0.2092716379530977,-0.2114182534868396,-0.07320781181041588,-0.12277423658314911,-0.043425234219292536,-0.09222023162973099,-0.2948049566424773,-0.27033692513245056,-0.11488020506909193,-0.08786976822920341,-0.2747986288422745,-0.05798078686397043,-0.44428210703655413,-0.37185015607902094,-0.3837891431876394,-0.3971347559464192,-0.15270513458666768,-0.2119502723573877,0.14451285006942444,0.33581474458056154,0.03806877149991032,0.10143624942818047,-0.15334436332052323,0.14419122047950217,0.18509702291107022,0.34230618089044645,0.2994826922573117,0.18435864520588527,-0.008319243565896785,-0.0037068011760841395,-0.18637870473557253,-0.06915398923467876,-0.1893443068942794,-0.23604589065803078,0.04501403602815669,0.21014463255431529,0.21702621603593544,0.4024089975676258,,0.5047138081064361,0.41227472325950226,-0.04098762048514478,-0.13224256030051004,0.5685584908398039,0.38096783099533876,0.5062308679766959,0.3700372614731683,-0.11815453939055626,-0.09103366833056913,-0.26473621738613484,-0.2957754880366287,-0.06651968973626776,0.03747226549353819,0.2798125036525917,-0.021439151349292557,-0.05799449038033304,-0.1311519216158864,0.38535779276655857,0.4599347470794381,0.3079184157122906,0.15522335724059547,0.2317776483556788,0.00047357740370760726,-0.1483232337074259,-0.1041624430951407,-0.31102024694542574,-0.26687074158190977
#26,-0.019419897908803097,0.37426922976161925,0.16622647479056796,0.04792885456740215,0.1920213291201738,0.3315190952454844,1.0,0.1718263764476858,0.5221366200276891,0.22611890218712152,0.14989430155393846,0.25276337453120873,0.3680897499712831,0.36208035500168273,-0.10544493100884078,0.012464960310183123,0.12579304062891078,0.06697513013302488,0.03547155210459813,-0.06141875729258821,-0.20559748338952447,0.08002571424540983,-0.025765432073886135,-0.11773537300770016,0.09058709491498781,-0.1898182873425859,-0.07085161308524594,-0.13877913760547173,0.021867184713324453,-0.04306652452627145,0.0317933670950359,-0.0715271158330025,-0.12986943370218632,-0.13976176033759016,0.00935990472025682,-0.1687414730877045,-0.06350652831489069,-0.17053985808799674,-0.1828045052325265,-0.24312254772551856,0.0003760406107737852,-0.05932211928910994,0.026232963808610243,-0.11756045165177753,-0.19610739526382293,-0.17814127922325246,-0.12048171890460539,-0.06494620362216182,-0.16484403181634064,-0.14541970041694963,-0.21606052117697083,-0.060195113890327535,-0.09804422608383731,-0.21782827478774663,-0.26723670607771105,-0.3297585964374888,-0.2861620682636637,-0.3839455244920127,-0.21284019483175912,-0.3395308157824204,0.0569635022963466,0.01619876547439357,-0.010469083456429872,0.40252507441210905,0.15664932903150397,0.15520078674305704,0.18204355702980313,0.4458741332022095,0.2546641328596216,0.2463428740707303,0.3334907894233036,0.3849281472241311,0.08406260894799314,0.2575442895633616,-0.28850859391846007,-0.0776816068582069,-0.030168291272270734,-0.015066210151484313,0.0410585563345512,0.10761331095092327,0.1696378442756583,0.03829044602930537,,0.2193727416907318,0.04540579537828759,0.06140344159783001,0.07122080193783843,0.08205222248867948,0.03213837327169438,0.09961368175195426,-0.0044467910596647075,-0.17278723477146363,-0.31105974531611796,-0.041733252993109954,-0.1536813086052037,0.10648720434159642,-0.14448624912589703,0.07527946104876235,-0.07032201248229122,-0.002507340449757468,0.009638005493497883,0.058889249389891235,0.059663901108977214,0.05888118849791324,0.09837955919012219,0.0631574916922432,0.014324608089508145,0.011766887064888164,0.15032233491797034,-0.07790328138760194,-0.08152262188572476
#49,0.7294538947207203,0.40785251792037047,-0.15825264044592854,0.2547802097041048,0.1840644226486882,0.23771691356507055,0.1718263764476858,1.0,0.23540746801337303,0.2776078496966082,0.5287844376419473,0.3254041025909722,0.33742289253017294,0.13969001839898593,-0.03476541796732517,0.02595566912456698,0.2202328388647846,-0.1430256154994831,0.10225523605314546,0.11925968768074031,-0.07629835779478178,0.1624523651664675,0.03916263454132517,0.13921281359388823,0.15520723545663945,0.09522613824832787,0.055208646112735606,-0.03770038873651564,0.14195915949079346,0.07132720571194806,-0.30352845394107086,-0.3072816052460285,-0.1253972508327909,-0.3009771816300333,0.050319715128077494,-0.10064386374674289,-0.08807935142063145,-0.08963026703719901,-0.11855113527587395,-0.22664124798729604,-0.008968951459323731,-0.06527347583646868,0.06522430439540287,0.037040201683517286,0.030272276778786956,0.12477656215048476,-0.3448711567178466,-0.39229419031362917,0.0006912214871136566,0.20495099985288873,-0.15868228598835604,-0.20463340070895544,-0.18393464228784237,-0.24403745896502177,-0.09652797230277517,-0.13653256701120262,-0.012592322403435552,0.015478121731560206,-0.12789935170276268,0.02710112187464104,-0.35564212057885264,-0.36216741263504515,0.03467271770957815,-0.0922911674791374,0.041652644073329935,0.03571982757752059,0.179724438407732,0.28285629646348515,0.18026854861624714,0.16692938457104972,0.3148886690056688,0.050707444032219384,0.2608339395795842,0.14939533234050015,-0.24928348746430537,-0.027600091088079353,-0.24752137647791417,-0.19158362268576828,0.01579975132148248,0.07708510085183476,0.07975325609655337,0.04712195928040417,,0.1528381393043047,0.14762193610533975,-0.20829949438055068,-0.33532464234829906,0.010049917073573776,-0.011939390153217403,0.08488804428654052,0.07171735288368335,-0.166488453779853,0.11883326649510402,-0.15479371169816797,-0.15564091144505596,-0.009534019986981659,0.09622488276440229,-0.19523843110859432,-0.32821493562370146,-0.30075792536823165,-0.40600737974660583,-0.10097839076382997,-0.12773007297122463,-0.19590748514276848,-0.3245875342336006,0.029321897614580542,-0.20199829512134665,-0.3223748193856391,-0.2745559959937367,-0.2053443713814152,-0.05174649300818382
#50,-0.04826015722769803,0.3735356885916211,-0.03600115270755285,-0.09568560909107397,0.22640022731715378,0.37425310797766326,0.5221366200276891,0.23540746801337303,1.0,0.1390419226839546,0.06773849660334165,0.36872091781316063,0.4869548569897002,0.31114760903867816,-0.02305455410168412,0.10800507030105416,0.06714843931055191,0.04741618183760124,0.22631236359459356,0.020866828018854425,-0.22190628003941776,0.18151153815925503,-0.09208642082289616,0.08311626022977572,-0.06879769780925109,-0.08727648657962246,-0.1633382571948499,-0.08671141805196454,0.060681185676601045,-0.031003399681191722,0.01845823349582748,-0.14312557056001032,-0.26106125673336383,-0.29478641659092786,0.041132716540748814,-0.13493006168597585,-0.04338976629458933,-0.16532849142421854,-0.211456945768334,-0.348508231178321,0.0777082078017343,-0.08835180956948792,0.1439010283682941,-0.10170951366623474,-0.0467938809768995,-0.1413078394189709,-0.3126606384629491,-0.2552292013872795,-0.15332582326897382,-0.05629767261896365,-0.3231067483772417,-0.18290446029305374,-0.26019471084572865,-0.22508065930035487,-0.31843465538679183,-0.36009979384268764,-0.2847465756323266,-0.3576492826813751,-0.18212497203878095,-0.3121640875171042,-0.16243382511491808,-0.1620009552156994,-0.04031534209417943,0.32134383130165267,-0.1244992674664415,-0.039131197062610965,0.12879814115830987,0.21766463868059321,0.2567639952198911,0.26908829296505804,0.3038936123476743,0.278524373114507,-0.04961116272321114,-0.01518389917436314,-0.38922057220241707,-0.147862956775482,-0.1810657708328715,-0.16654165566690782,-0.07221470991872606,-0.030648720434159643,0.1973221716849078,0.1271787079599293,,0.20458261708949405,0.1341223603097801,-0.04915169188046503,-0.044298228820510134,0.1143731749636756,0.09807324529495812,0.16816673148967298,0.0949262730667462,-0.05550045040233927,-0.12398417646904718,0.02287237794298128,-0.09637239708759973,0.03303635663804378,0.00927445926529,0.05377461342984908,-0.1329543370621676,-0.14608472400513478,-0.14186565314384864,0.033488572678009684,0.013276692132367908,-0.07393812862362285,-0.15918851000457457,-0.14543098566571885,-0.2631861078587651,-0.11111173806937606,-0.04352921972580876,-0.06027814107770095,-0.050925894204823234
#51,0.45133055098211894,0.4791003238463352,0.3514657724450499,0.6512793643180587,0.19960743456067132,0.34054084554726405,0.22611890218712152,0.2776078496966082,0.1390419226839546,1.0,0.6251781960932887,0.24932782237018436,0.3191222494725154,-0.058822343986473825,0.15329841623624862,-0.07501586988108169,0.5914610971277027,0.3264036531962444,0.09500285154053721,0.03340473940143847,0.18294879519893273,0.04389115377562104,0.07049290339222487,-0.04478349451758584,0.20098584708890962,-0.08254554907773319,0.1281073227157951,-0.05346426908869601,0.3063876523256681,0.07631609175713339,0.0036286105238975217,-0.08074635798824319,0.11270618250262483,-0.10499755150406168,0.11067080727817936,-0.03239874008258384,0.12063890629817642,-0.1351348083422171,0.08658405595871212,-0.1320112127007414,0.15273657206538188,-0.013651523609344992,-0.057092476567994634,-0.06676151649560783,-0.2343966321593316,-0.13564183844763342,-0.13302285464398064,-0.10720704199523198,0.0012788605123099897,0.025003677781964963,-0.03351517362153709,0.005542266279475155,0.01814305261948761,-0.05438079250659482,0.11311083927992052,0.021716446033335817,-0.08461236178089286,-0.13177986510097275,-0.42140126515699594,-0.21834981449872334,-0.23361553172666322,-0.2454053923336887,-0.14515369098167558,0.031113027812092547,0.10157247850260871,0.12280325579426991,0.2618746007339442,-0.03412941359026083,0.39668334599565114,0.29243747266853815,0.3125800295431691,0.24836938231399996,-0.08573846839021972,0.0036221618103151206,-0.18245546860987902,-0.04834399050426925,-0.3234630398026694,-0.265348845176463,0.12010446916003491,0.03270424788855011,-0.14677070591246275,-0.21239281532698,,0.18484310481376318,-0.11424823113801658,-0.35932111167761266,-0.21976127668407147,0.06630849436644412,-0.010427972907342061,0.04379845351787402,-0.050895262815306826,-0.038525824075063025,-0.17543765605383063,-0.261839132809241,-0.1863916021627373,0.2976907559706019,0.04613208174550555,0.33452016532889445,0.01846468220940988,0.0697835448981607,-0.05451299113503405,0.3222853434846833,0.14492717991709372,0.11071675436245398,-0.07645151474236382,0.13544837704016138,-0.063965193068439,-0.30802078904041125,-0.20330415962178294,-0.35403316654004346,-0.2878613042926265
#52,0.6486853692795377,0.4276839243646506,0.3254589166564226,0.5839451214474137,0.25863815260477646,0.24797439860707787,0.14989430155393846,0.5287844376419473,0.06773849660334165,0.6251781960932887,1.0,0.2892638994967988,0.3029601610566217,-0.20439479830640658,0.019582727926758737,-0.143542318675273,0.4177972403536313,0.16941213930027427,-0.014119861433266899,-0.003339224501887256,0.047737005338325714,-0.018154337868256813,-0.03184092635770611,-0.01099142925660439,0.024403141329603827,-0.1103975430401251,0.004491125965543717,-0.1334210627076939,0.15776898692724844,0.05408979430618895,-0.10660892381046425,-0.023943670486857725,-0.009529183451794859,-0.16699306561767593,0.03624378555609071,-0.025624366464271103,-0.07077825896824613,-0.2162975114011241,-0.13269235807288254,-0.1337539775463854,0.03572788846949859,-0.15285426108826072,-0.14098217938305962,-0.042658643392184566,-0.1773867797341115,-0.16410162366516667,-0.1355394651195128,-0.10133790654604885,0.08659131076149232,0.09085713479625088,-0.007709034043162046,-0.012876871890259017,-0.06575954762274219,-0.043960477446631854,0.04363481741072058,-0.009147097172037572,0.13270928594603637,-0.08672834592511834,-0.21168748727890485,-0.014451164093562773,-0.10389562757066884,-0.20519282661222876,-0.08376435594480708,-0.14597912632022297,0.06304866965054018,0.02622732118422564,0.15574731521916557,0.20097698010773382,0.27475751829318673,0.19788562803417012,0.35152058651050033,0.10500722457443529,0.1827585581482519,0.2246792268798504,-0.06594897858422524,-0.010986592721417589,-0.116985710053746,-0.07671107546405548,0.03773021403683425,-0.006161342783385696,-0.19303377715261083,-0.21912446621780934,,0.15285506717745853,-0.06499215070643642,-0.18643190662262732,-0.10517166677078651,-0.009725063126860303,-0.022817563877530866,-0.014340729873464148,-0.03042140328037999,-0.0045040233927085204,-0.1002303399882714,0.0009943110254865251,0.03736827998702196,0.10952374234970971,0.005131966877794863,0.11209758515828569,-0.10403427491269046,0.006044459849704669,-0.050713892745801785,0.18480924906745555,0.10233100843773868,0.08910389079103548,0.0009612613683767177,0.19273713632782036,0.06987705124510553,-0.15780848529794064,-0.14062508186843414,-0.07692630127986812,-0.08484370938066152
#53,0.12791305521912527,0.20630281143759963,-0.02124810820941391,-0.008089508144523732,0.7282721679567452,0.7203209041096442,0.25276337453120873,0.3254041025909722,0.36872091781316063,0.24932782237018436,0.2892638994967988,1.0,0.8162027959203826,-0.07563494638499223,0.145256870398994,0.02133194148598513,0.29431727267780816,0.13081013979601913,0.06748780286282578,0.04880265525781755,-0.16581214494289864,-0.1033619965217251,-0.006087182577188079,0.013662808858114195,-0.10655652801260723,-0.073731769788986,-0.3545361661994708,-0.49386384750404555,0.48144765559032937,0.3199525213462496,0.036704062488034615,-0.09263456147740028,-0.03618332886625569,-0.19704245873327114,0.16185827742768877,-0.017872206649026747,0.09840051750926498,0.02569772058127092,-0.11621831313744023,-0.22546516384770557,0.48715879755674363,0.26770826825842414,0.4866412882917559,0.16972006537383394,0.0031505996296020138,0.03627683521320052,-0.21009626720244728,-0.2682749489644777,0.03804700709156972,-0.0013102979910241967,-0.36570614421338793,-0.43813245254653654,-0.34937316488756065,-0.3451637670966481,-0.15747234610245797,-0.16126177142131662,-0.3969574163229032,-0.22820667320942398,-0.3337519623233909,-0.3621327507995397,-0.31552306120433754,-0.3664944994488365,0.3161945335061051,0.14410738720293095,-0.21620642332177267,-0.19849906191369607,-0.24748187810722194,-0.04331721826678731,0.3522863712484105,0.36836785074452416,0.3496673874447577,0.14463859998428127,0.2605735727686947,-0.05046964771886833,-0.060974602144600314,-0.01709030012716057,-0.2233564345062603,-0.3487460274916721,0.10492661565465526,0.39730645294555067,0.2984629894220945,0.37067487802862825,,0.6162701043683989,0.4106077307984515,-0.17575283693017052,-0.27124377547997575,0.4228288491263001,0.35198731215602663,0.43681772106492445,0.31781719106127687,-0.15612134060694485,0.06679940268790444,-0.3245448115061172,-0.3822761137633685,-0.037028110345550286,0.10587215828367488,-0.00856751903881924,-0.26775260316430316,-0.2597787688196637,-0.4468116149392511,0.1478557019727018,0.27793592800011285,-0.06613034865373028,-0.06390393028940618,-0.07036876565576364,-0.25187425814603515,-0.289251002069634,-0.2574024178645488,-0.4140980970249263,-0.39278106818910047
#54,0.1403340836680283,0.32339371613165857,0.10963337048061053,0.08639462499722907,0.5757963657468517,0.777982076606687,0.3680897499712831,0.33742289253017294,0.4869548569897002,0.3191222494725154,0.3029601610566217,0.8162027959203826,1.0,-0.06939339772642542,0.07073553624076272,0.053273225948817365,0.34998176223189975,0.21394776138953656,0.020041392680307038,0.11500514889475096,-0.25273838576607693,0.0016230605997706675,-0.02977008320855744,0.13456570936857018,-0.014986407320902095,-0.017315199013346824,-0.26546895246693525,-0.27348550953905804,0.4324285653829024,0.2657583384889455,0.05629767261896365,-0.15352170294403927,0.010447319048089267,-0.17996787734546765,0.20005723233304382,-0.07832647821644705,0.10752625331756085,0.01694762233914994,-0.053935025180211316,-0.24845885821495578,0.40288297801593237,0.16325926045346548,0.43223671615382603,0.06982787980403972,-0.07663852743625346,0.0856360950620991,-0.18844390526033658,-0.19277421643091916,-0.09915340482001035,-0.07263145803398875,-0.3434588884433007,-0.35658443885108104,-0.31620420657647874,-0.2573379307287248,-0.17327491873613274,-0.1528333027691179,-0.40744705505387696,-0.208879072513769,-0.43810826987060253,-0.43360061907650393,-0.3904200329287437,-0.4021712012542748,0.23601445317931655,0.28330690032505546,-0.08698468229001881,-0.09215655058310478,-0.18561936871124474,-0.014902574044330876,0.3048851020609686,0.3789969429067173,0.34849210939436503,0.24715541198211288,0.17557872166344568,0.0023598261265600344,-0.150577865193673,0.03740777835771417,-0.24479598890015175,-0.3295877055275552,0.04756692051758987,0.3137980303210452,0.2375460226551369,0.3583884664757579,,0.5230781322107197,0.25037976877331364,-0.2481912366012861,-0.3175914860858928,0.43467755424476495,0.25302051698530703,0.42903734812775707,0.33149330039115477,-0.2481654417469565,0.08096319598245144,-0.41477359977268285,-0.4387458864260625,-0.0031796188407228203,0.16871970867936392,0.10825334577397662,-0.14560348875404808,-0.23938309993692353,-0.31112262027354637,0.18300522144277875,0.3059289875721198,0.014581750543606402,-0.05285083520917007,-0.013516100624114562,-0.2347601783875395,-0.34548700886496597,-0.2719869897203475,-0.4713675101718381,-0.4299562898132493
#58,-0.01385788244398184,0.1351331961638215,-0.1470004413338358,-0.1610489638730974,-0.15695000030228345,0.005770389522452607,0.36208035500168273,0.13969001839898593,0.31114760903867816,-0.058822343986473825,-0.20439479830640658,-0.07563494638499223,-0.06939339772642542,1.0,-0.2832383827432425,-0.08851060914145455,-0.10913117691038102,-0.11669713012093354,0.0547451448240005,-0.013341179268191922,-0.11581607462773794,0.002777380331020529,-0.055390016182240646,-0.10080508158630293,0.11095858112179403,-0.1571724809208763,0.0971091626143891,0.04450700592274038,-0.22088174066901373,-0.23935085636901152,-0.02224524054709274,-0.1801460230581815,-0.10125084891268643,0.010839078398220155,-0.1161030423821548,-0.06431261751269086,-0.03922147905276458,-0.12270733117973169,0.013179155339434085,-0.02830219477936331,-0.29868627612988513,-0.2931428007166133,-0.2694236260713429,-0.09378082031667215,0.079048734137676,-0.1518498739478017,-0.00410823359658863,-0.11252481243311979,-0.018727467287892742,-0.18241838850678022,-0.020594369869997964,-0.0011772932733871667,0.21210745975095874,-0.06981014584168811,-0.11408378894166533,-0.14252422801845138,-0.17506927329043595,-0.23728243148745626,0.1350421080844701,-0.13134860738014964,0.21380669577992154,0.21745021895397834,-0.2344546705815732,0.14631929596169463,0.3147451851284604,0.3363540182538899,0.44138099201367126,0.23288924535944525,-0.11468754975081767,-0.14060492963848914,0.10869427656517332,0.12080899111891226,-0.0966988632127088,0.2291441549464656,-0.24683136412459722,-0.18591439735763962,0.1090271914038648,0.15721762191595312,-0.16581214494289864,-0.19286449842107278,0.13386924830167082,-0.03346761435886688,,-0.040029180428960365,-0.07206397123873742,0.2670625908109862,0.22938356343821226,-0.15087289384006788,-0.28901239966708514,-0.2150496853229294,-0.18480441253226876,0.0671016861370795,-0.15202398921452653,0.1046598001301834,-0.029555663481942593,-0.02762507985321116,-0.2617125768051864,0.09653280883796196,0.09702049280263107,0.004819204269048392,0.05376735862706888,-0.021345645002347736,-0.21041144807878714,0.07037279610175264,0.09370585402127672,0.025278554198414824,0.08173542943394402,0.25672772120599,0.03859192338928264,0.22319682884509584,0.12726898995008293
#101,-0.06391521553817538,-0.10169016752548753,-0.19818952366174078,0.14166493693359639,0.052948372002103894,-0.11541867265322245,-0.10544493100884078,-0.03476541796732517,-0.02305455410168412,0.15329841623624862,0.019582727926758737,0.145256870398994,0.07073553624076272,-0.2832383827432425,1.0,0.462254671790707,0.08097528732041843,-0.07481918411681844,0.47206638950633084,0.11230071963613134,0.5332590387789361,0.21948962462441282,0.12504015331816543,-0.004027624676808612,0.07382930658191983,0.21082094139126964,0.004686199551411361,-0.24091547550194167,0.41618667413642657,0.23918802635105588,-0.2535235166447343,0.00755104056039321,-0.014447939736771572,-0.10267279025760595,0.20431499547582438,0.20852761762352814,0.2163434584853987,0.22112759787434277,0.07668689278812146,0.04223464047414167,0.35352210598863815,0.2929187079196248,0.3970493104914524,0.43943186833339043,-0.09245238531869744,0.12446944216612289,-0.19786063926903832,-0.15264467789683267,-0.09058548273659221,0.08024900095320048,-0.10354175441283456,-0.20874445561773639,-0.38297257483026786,-0.29600844781479296,0.22667994026879043,-0.16257489072453313,-0.10568030905459844,0.09244996705110405,-0.09640705892310514,0.03922147905276458,-0.519499096172487,-0.4670863704423213,0.2758304230154588,-0.0918276661904023,-0.42580976697976514,-0.35780727616414393,-0.07099751523004778,-0.2915548049969469,0.4337271750805585,0.2185819681876898,0.019195805111814648,-0.1466385072840235,0.0057986026443756136,-0.44927179917093724,0.01157423174661392,-0.07748733936153705,-0.36509996513664217,-0.47780332632707473,0.4060210832629685,0.279395755537329,-0.06158078122134605,-0.0012433925876067817,,0.0006202856377072405,-0.25972153648661994,-0.6042497022508025,-0.5118130356714622,-0.10987277897235719,0.24447355322103168,0.04070307099832132,-0.04274650711474478,-0.456893372536138,-0.07004552388744577,-0.2736209325242885,-0.1866971099687036,0.21397033188707495,0.08621970364130643,-0.3524435586419815,-0.37187675702254835,-0.21610001954766306,-0.3894527258913835,-0.30268528464017186,-0.0348661791170502,-0.4211392861677109,-0.43156443776286063,-0.3625124188117036,-0.4146373706982546,-0.4564556661017325,-0.19716417820213897,-0.27876861814144044,-0.12384149868103655
#102,-0.08008617093524484,-0.07469665855875282,-0.5025712230186832,-0.06774091487093505,-0.08311142369458892,-0.17288557765359525,0.012464960310183123,0.02595566912456698,0.10800507030105416,-0.07501586988108169,-0.143542318675273,0.02133194148598513,0.053273225948817365,-0.08851060914145455,0.462254671790707,1.0,-0.2821574171289924,-0.4458805819157919,0.606623634938324,0.5505359485553873,0.15567396110216575,0.47490462957178525,-0.09452967718142852,0.06443030653556969,-0.1589668354751795,0.30966762927151703,-0.25952001418716986,-0.09565820205834877,-0.011282427457010255,-0.03801476352365771,-0.30670847582639255,-0.254835829858753,-0.17799618316764843,-0.1757318786110277,0.016794465391567905,0.13622625311603856,-0.0463529501857028,0.17437523049113,-0.118780870697247,-0.16723731064460937,0.03424145998875506,0.02842713860502234,0.19102983940687956,0.3542250157691199,-0.18225797675641797,0.2642767465433888,-0.2352389953710328,-0.20097698010773382,-0.13484945276619584,-0.13661640028777383,-0.1276019047887744,-0.09754686904879459,-0.35476751379923943,-0.39754505534809953,-0.3079474349234114,-0.45682485495432495,-0.2708705561813943,0.10006347952432676,-0.11763380576877734,-0.153296804057853,-0.3001557767374749,-0.21533504089895067,0.2628185311845682,0.06880011607684448,-0.1342634259193951,0.03282596735741793,-0.1796905826614244,-0.09186474629350111,0.32468910147252344,0.40346497441674406,-0.005373793637134917,0.1637824123428378,-0.10626875416899256,-0.31505149902362445,-0.2599399866592238,-0.12545287098743912,-0.19645078926208578,-0.18463110335474173,0.06789326572931928,0.2468474859085532,0.013900605171465248,0.17908843403066765,,-0.04254740308288814,-0.04095779518482618,-0.1603210653274838,-0.20317518535013493,-0.2612797069059677,0.06957396170673266,-0.01200951991342602,-0.10234229368650788,-0.276019047887744,-0.028370712361176324,-0.25895494565951194,-0.3021838971591401,-0.22720309215816276,-0.0379809077773501,-0.5472543594311429,-0.5517168692301647,-0.21605810290937744,-0.19142643529219724,-0.5543447200149932,-0.42806601064440786,-0.4522172490996991,-0.426947964927059,-0.36492262551312615,-0.32205238370651906,-0.16836180507554063,-0.03435189420885368,-0.23433375720190316,-0.06587643055642323
#201,0.37170667220181247,0.3454708870810099,0.5462499722906838,0.4659409176922472,0.4424361627735917,0.3937000098745927,0.12579304062891078,0.2202328388647846,0.06714843931055191,0.5914610971277027,0.4177972403536313,0.29431727267780816,0.34998176223189975,-0.10913117691038102,0.08097528732041843,-0.2821574171289924,1.0,0.6425816618737946,-0.14476434989913808,-0.2635367566598082,0.21569213841357615,-0.1166003994171975,0.11287626732336066,-0.008861741596016307,0.2506860826684777,-0.039686592519895286,0.2763334226748861,0.017074178343204568,0.4482940129740056,0.26469107639105804,0.1179183552556008,0.05491522964473634,0.08812932895089506,-0.031442718293992825,0.03334347662240565,-0.07703270505397775,0.11859547018175297,-0.045154295548573926,0.01819303014975122,-0.07363826344204118,0.520753370964264,0.37071115204252925,0.15477758991421195,-0.009367159523037022,-0.26686751722511853,-0.10640659542181641,-0.06167428756829087,-0.14058235914095074,-0.040079157959223975,0.07118694619153082,-0.022939283346398696,-0.17012310997273403,-6.851758181301552e-06,0.01903136291546341,0.1672856759964774,0.14800402238509702,-0.021978425022620877,-0.21607825513932244,-0.33321430082845815,-0.10790350306213134,-0.28935015104096345,-0.2785477497012432,-0.020806371329019413,0.024843266031602727,0.295390983489278,0.01872907946628834,0.02221863960356533,0.1010759275567638,0.3052510665567698,0.23125530255550428,0.30260064527440284,0.1938172958528726,0.003951852292215395,0.09387593884201256,-0.09115619388863475,-0.05786229175189381,-0.3632121042353942,-0.29650016222545106,0.3186829308597143,0.32429895430078814,-0.0609415524874905,-0.022973945181904102,,0.19585670152330706,-0.09163501087212805,-0.4231246838618927,-0.3153707103459533,0.379256503628409,0.1783274858279443,0.19181416419633915,0.0923064831738956,-0.03269860526416551,-0.1506093026723872,-0.17405763134719673,-0.05798965384514623,0.6233564345062603,0.3230946570392747,0.45981060934297685,0.17952936482186435,0.010793131313945544,-0.2017524379160176,0.4750287673082465,0.40064285613524564,0.20084236321170118,-0.11042575616204811,0.2021740225664671,-0.05641939208783148,-0.2886182220493609,-0.23503424871479153,-0.2923359054296153,-0.20061585214711933
