,#10,#11,#12,#13,#17,#18,#26,#49,#50,#51,#52,#53,#54,#58,#101,#102,#201,#202,#301,#302,#401,#402,#501,#502,#601,#602,#701,#702,#801,#802,#901,#902,#1001,#1002,#1101,#1102,#1201,#1202,#1301,#1302,#1401,#1402,#1501,#1502,#1601,#1602,#1701,#1702,#1801,#1802,#1901,#1902,#2001,#2002,#2101,#2102,#2201,#2202,#2301,#2302,#2401,#2402,#2501,#2502,#2601,#2602,#2701,#2702,#2801,#2802,#2901,#2902,#3001,#3002,#3101,#3102,#3201,#3202,#3301,#3302,#3401,#3402,#3455,#3501,#3502,#3601,#3602,#3701,#3702,#3801,#3802,#3901,#3902,#4001,#4002,#4101,#4102,#4201,#4202,#4301,#4302,#4401,#4402,#4501,#4502,#4601,#4602,#4701,#4702,#4801,#4802
#10,1.0,0.24571560373659324,0.1537615807480875,-0.13780801906738938,0.2205820166839657,-0.002129704378579941,0.013693153423288355,0.23330642371122132,-0.09434513512474532,0.09410679275746742,0.27960635067081846,0.07702302694806443,-0.13779264214046824,-0.06907315572982739,-0.38011763349094685,0.26061584592319226,-0.12246184600007688,-0.12277707300196056,0.04454695729058548,0.30371737208318916,-0.31631107523161495,0.002245031330488602,0.21928266635912813,0.36065044400876484,0.08876331065236613,0.4342597931803329,-0.042471072156229576,0.23498250874562718,-0.238242417252912,-0.09919655556836966,-0.15772113943028485,-0.08743320647368623,-0.1700918771383539,0.08237419751662631,-0.11932495290816131,-0.09630569330719256,-0.35579133510167993,-0.16846192288471148,-0.014469688232806673,0.08096720870334063,-0.08312766693576289,-0.05027486256871564,0.0450159535616807,-0.12720562795525314,0.017721908276630914,0.12102410333294891,-0.05324260946449852,0.13495559912351515,0.05820935686003152,0.1259600968746396,-0.06954984046438319,0.0076115788259716296,-0.13764656133471725,0.17876446392188522,-0.2578787529312267,0.19083535155499173,0.11322800138392343,0.15708299696305694,0.1465421135586053,0.034098335447660784,0.3758505362703264,0.44990581632260795,-0.19797024564640756,0.053488640295237,0.1752585245838619,0.05632568331219006,-0.2559643255295429,0.0638680659670165,-0.24121785261215545,-0.04739168877099911,-0.21103294506592857,-0.04687656171914043,-0.41392380732710565,0.08637988697958712,-0.2619613270287933,0.0887709991158267,-0.1439587898358513,0.09462960827278669,0.1521239380309845,0.17023795794410487,0.000722715565294276,-0.064513896897705,,-0.028101333948410412,0.1302195056317995,0.06368354284396263,-0.13525544919847768,-0.1642717102986968,-0.07862991581132511,0.3113673932264637,-0.0339906969592127,-0.05665628724099489,-0.05483412140083804,0.05171260523584362,-0.35660631222850114,-0.21772959674009149,0.15081689924268635,-0.07466266866566716,-0.15609887364010303,-0.08920924153307962,-0.14302848575712143,-0.19358782147387846,0.04640756544804521,-0.2557413600891862,-0.058024833736977664,-0.2584476992273094,-0.09086994964056433,0.38859800868796374,0.20449775112443777,0.139161188636451,0.060562026678968206
#11,0.24571560373659324,1.0,0.27707684619228845,0.19219620958751393,0.2464075654480452,0.24580786529812018,0.30886095413831544,0.06271479644792988,0.08887863760427478,0.13947641563833468,0.026471379694768,0.14664206358359283,0.07407834544266328,0.02747856840810364,-0.014623457502018222,0.0819667089532157,0.3385153577057625,0.34641909814323607,-0.167816091954023,-0.15254680352131628,-0.23301426209971937,-0.2915542228885557,0.18408488063660478,0.16254949448352746,0.2545957790335601,0.07655403067696921,0.22326529043170723,0.09283819628647215,0.02046668973205705,-0.20188367354784145,-0.07361703763502864,0.08653365624879868,0.008595702148925537,0.09875831315111674,-0.22583323722754006,-0.27388613385614885,-0.17627340176065814,-0.27429362241955946,0.3008726406027755,-0.012286164610002691,-0.06992657517395148,0.11006804290162611,-0.061707607734594244,0.005520316764694576,-0.054234421250913004,-0.017314419713220314,-0.16404105639487948,-0.04935224695344635,-0.08950909160804213,0.10478606850420943,-0.19607888363510553,0.13897666551339716,0.09065467266366817,0.3823319109675931,-0.01021796793910737,-0.37943336024295543,0.07435513012724407,-0.24691500403644331,0.3253834621150963,0.1941490793065006,0.04697651174412794,-0.03973397916426402,-0.44254026832737475,0.0570945296582478,0.20992580632760544,0.0752623688155922,-0.046530580863414446,0.11486564410102641,-0.3918963595125514,-0.1484104101795256,0.0641371621881367,0.3539614807980625,-0.24362434167531619,0.2194287471648791,-0.3953100372890478,0.09010110329450659,-0.2593703148425787,0.013424057202168146,0.10636989197708838,-0.09821243224541576,-0.03477492023219159,0.02487986775842848,,-0.03362933917656556,0.1470956829277669,0.07081074847191789,-0.017775727520854958,0.20968746396032753,0.3013570138007919,0.016084265559527928,0.26538269326875025,0.05112828201283973,0.18995117825702534,0.10896090416330297,0.18911313573982239,0.35741360089186175,0.005958559181947488,-0.09795102448775612,0.1045246607465498,-0.07185637950255641,0.10074193672394571,0.21859839311113674,0.27084919078922076,-0.16748548802521815,-0.17357475108599546,-0.13064237112213123,-0.0009610579325721755,-0.059039710913773885,0.3079383385230462,0.22013608580325222,0.18310844577711144
#12,0.1537615807480875,0.27707684619228845,1.0,0.25940106869642104,0.24415484565409604,-0.0790066505208934,0.09113135739822396,0.09898127859147349,-0.15458424633836929,0.1670626225348864,-0.029854303617422057,-0.03763502863952639,-0.23738899780878792,0.05316572482989275,-0.24916003536693193,0.28589551378157074,0.43073847691538847,0.48245108215123206,0.009041633029639026,0.06362203513627801,-0.33162649444508513,-0.07055702917771883,0.0896551724137931,0.17308268942451852,0.1511013723907277,0.2696651674162919,0.3025794794910237,0.2943528235882059,-0.17605812478376195,-0.23168415792103947,0.11868681044093338,0.10628531887902203,0.23393687771498867,0.19405681774497366,-0.4016683965709453,-0.29462960827278667,-0.06855034021450813,-0.15318494598854418,0.1998923615115519,0.027993695459962328,-0.24280167608503442,0.06257640410563949,-0.10330988351977857,-0.10620843424441626,-0.15500711182870103,-0.03941875216238035,0.05890131857148349,-0.00841117902587168,-0.05166647445508015,0.17189097758812902,-0.01012570637758044,0.35217006881174795,0.2600161457732672,0.3158805212778226,0.022650213354861032,-0.09674393572444547,-0.05667935263137662,-0.149640564333218,0.12492215430746165,0.26555952792834353,0.03837312113174182,-0.03974935609118518,-0.27656940760389037,0.22370353284896013,0.49082381885980086,0.33757736516357206,-0.18340060738861338,0.07870680044593088,-0.31674162918540727,0.052004766847345556,0.26402952369968863,0.27976011994002997,-0.14999423365240458,0.16635528389651327,-0.4177834159843155,0.0916618613770038,-0.24680736554799523,-0.03499788567254834,-0.005604889862760927,0.04011840233729289,-0.21729904278629916,-0.13857686541344713,,-0.20813439434129088,-0.03195325414215969,-0.007273286433706224,-0.0925152808211279,0.07496251874062969,-0.034921001037942566,-0.2652135470726175,-0.025771729519855457,-0.11966324530042671,-0.1718294698804444,-0.14721100987967556,-0.08526505977780341,0.403475185484181,0.15709837388997808,0.1303886518279322,0.22790912236189598,0.015200092261561528,0.17634259793180332,0.2742398031753354,0.10391727213316419,0.03762734017606581,0.07745358090185676,0.14465075154730328,0.42471841002575633,-0.10866105408834044,0.31129819705531847,-0.09828931688002153,-0.09986545188943989
#13,-0.13780801906738938,0.19219620958751393,0.25940106869642104,1.0,0.016053511705685617,0.21146349901972092,0.13258755237765732,0.33793103448275863,0.11509629800484374,0.14345903971091378,0.004520816514819513,-0.1062238111713374,-0.005305039787798408,-0.14989428362741705,0.01202475685234306,0.22628685657171416,0.2990197209087764,0.024826048514204436,0.3155576058124784,0.23551301272440703,0.10687733056548648,0.16953830776919232,-0.028116710875331564,0.13394072194671894,0.0983662015146273,0.12649828931688,0.1137431284357821,0.2397416676277246,0.0984353976857725,-0.06911159804713028,-0.014485065159727828,-0.0466151539614808,-0.007565448045208165,0.04830661592280783,-0.1128282012839734,-0.13352554491984778,0.12140852650597778,0.1066005458809057,0.1488255872063968,0.06084649982700957,-0.16103486718179372,-0.027324799138892093,-0.16867719986160765,0.005143582055126283,-0.05782493368700265,0.10637758044054896,-0.16805443432130088,0.21085611040633528,-0.20314458155537615,0.03371391227463191,-0.3696151924037981,0.03430592396109638,-0.13925345019797794,0.09845077461269365,-0.16616307230999885,-0.08896321070234113,-0.24581555376158074,-0.14847191788721023,-0.0041825241225541075,0.06499058163226079,-0.2148310460154538,-0.2819282666359128,-0.009372236958443855,-0.09439895436896936,0.3395225464190981,0.1191558067120286,-0.08548033675469957,0.06153846153846154,-0.03916503286818129,-0.08863260677353631,0.12519125052858188,0.19715526851958637,-0.1150040364433168,0.11854841809864299,-0.21253988390420175,-0.162503363702764,-0.3863991081382386,-0.23523622803982625,-0.17524314765694077,0.04877561219390305,-0.18666820435935877,-0.09607503940337524,,-0.025264290931457347,-0.1813247222542575,-0.24448544958290086,-0.05303502095106293,0.07963710452466075,-0.02069734363587437,-0.16392572944297082,0.024026448314304387,-0.17021489255372313,-0.09685926267635413,-0.12631376619382617,0.010433244916003536,0.2385192019374928,0.16141929035482258,-0.1566216891554223,0.07170261023334487,-0.33025794794910235,-0.13381770653134972,0.20994118325452657,-0.14666512897397455,-0.02313458655287741,-0.01563064621535386,-0.07269442201975936,-0.042463383692769,-0.20976434859493331,-0.10647753046553646,-0.10882251182101257,-0.08968592626763541
#17,0.2205820166839657,0.2464075654480452,0.24415484565409604,0.016053511705685617,1.0,0.15326183062314996,0.12492984277092223,0.13280282935455348,-0.08455772113943029,0.0074962518740629685,-0.08560335217006881,0.436458693730058,-0.3777188328912467,0.11935570676200362,-0.22859339560988737,0.06179986929612117,0.10157229077768808,0.23761196324914466,-0.19940029985007496,-0.033883058470764615,-0.3155422288855572,-0.32369968861722986,-0.018306231499634798,0.16432552954292085,-0.1910198746780456,0.06336062737861839,0.007742282704801445,-0.05915503786568254,-0.09446046207665398,-0.15978933610118018,0.3425748664129474,0.09190789220774229,0.2384500057663476,0.12998116326452158,0.00379041248606466,-0.23048475762118942,-0.024003382923922654,-0.3331718756006612,0.3371852535270826,-0.03651251297428209,0.07147964479298811,0.04217891054472764,-0.05694844885249683,-0.023426748164379348,-0.33444816053511706,-0.09162341905970092,-0.20269865067466267,0.09116211125206627,-0.06857340560488986,-0.08559566370660823,-0.08422711721062545,-0.08252796678583785,0.06125398839042018,0.09771268212047822,-0.05632568331219006,-0.29966555183946486,-0.02147387844539269,-0.09728212816668588,0.2489293814631146,-0.04361665321185561,0.15692922769384537,0.167670011148272,-0.13185714834890247,0.3899588667204859,0.05394994810287164,0.2840733479414139,0.1429362241955945,0.2563718140929535,-0.084926767385538,0.0865259677853381,0.06098489216929997,-0.041402375735209315,-0.12047822242724791,0.3346173067312498,-0.10489370699265751,0.1928881712989659,-0.011494252873563218,0.16015069388382733,0.25435743666628224,0.03755045554146004,0.25967016491754125,0.051597278283934955,,-0.2094644985199708,0.41583823472878945,0.11941721446968823,0.1510398646830431,0.2883250682351132,0.3050705416522508,-0.046146157690385575,0.26735862837811863,0.20462076653980701,0.13001960558182446,0.05439587898358513,0.14744935224695344,0.07395533002729404,-0.0469534463537462,-0.08272786683581286,0.0418175527620805,0.04373198016376427,0.03035405374235959,0.012416868488832507,0.21819090454772613,-0.18301618421558452,0.15500711182870103,0.03675854380502057,0.15563756583246838,0.15030946065428824,0.155353092684427,0.12128551109060855,0.06138469226924999
#18,-0.002129704378579941,0.24580786529812018,-0.0790066505208934,0.21146349901972092,0.15326183062314996,1.0,0.33012724407027255,0.08215892053973013,0.0315073232614462,0.00825740975666013,0.0031445815553761583,0.3185714834890247,0.16687041094837196,0.1833698535347711,-0.04523891900203744,0.011840233729289202,-0.12991965555683696,0.1714527351708761,0.05999308038288548,-0.08869411448122093,-0.13200322915465343,-0.11182101257063776,0.15595279283435207,0.10311767193326414,0.07579287279437205,-0.12222350363279899,0.11856379502556415,-0.050482451082151235,0.023034636527889903,0.09561373159574059,0.24163302963902664,0.09502940837273671,-0.0706723561296275,-0.08917079921577672,0.22825510321762196,0.1756429477568908,-0.1204474685734056,0.12198516126552109,-0.05991619574827971,-0.12849728981663014,-0.03539768577249837,0.09967324030292546,0.037596586322223506,0.3021335486103102,-0.053319494099104296,0.024087956021989005,0.031084457771114442,-0.10706954215200093,-0.29004728405028257,-0.09239226540575866,-0.19029715911275133,0.006404490062660978,-0.269534463537462,-0.12303848075962019,-0.08891707992157767,-0.0610079575596817,-0.12711336639372622,-0.03329873524776074,0.024172529120055356,0.1845154345903971,-0.07751508860954139,0.022788605697151423,0.15839772421481568,0.2990504747626187,-0.0025218160150693885,-0.10084188674893323,0.13963018490754622,0.3203090762311152,0.04673816937685003,0.01356244954445854,-0.1528774074501211,0.002660208357359782,0.1225925498789067,0.2758543805020567,0.07808403490562411,0.009364548494983277,-0.03223003882674048,-0.1374312843578211,0.16771614192903547,0.2539422596394111,-0.05193557067620036,0.27569292276938456,,0.3889824318609926,0.15268519586360665,-0.13381001806788914,0.04636912313074232,0.1532464536962288,-0.032007073386383735,0.10320224503133049,0.23332180063814248,0.01873678545342713,0.06340675815938185,-0.2151462730173375,0.04830661592280783,0.04258639910813824,-0.07061084842194287,0.0005612578326221505,0.09238457694229808,-0.28182831661092533,-0.0960212201591512,-0.023465190481682236,0.12399953869219237,-0.1585899358013301,-0.04796063506708184,-0.3300888017529697,-0.07779187329412217,-0.004351670318686811,-0.006842732479913889,0.1306193057317495,0.0731864836812363
#26,0.013693153423288355,0.30886095413831544,0.09113135739822396,0.13258755237765732,0.12492984277092223,0.33012724407027255,1.0,0.10711567293276439,0.25537231384307846,0.20459001268596472,0.07808403490562411,0.14337446661284742,0.15846692038596086,0.343435974320532,-0.05825548764079499,-0.021520009226156152,0.009303040787298659,0.23864990581632262,-0.16202667896820822,-0.17704993657017645,-0.3089762810902241,-0.27786106946526734,-0.1862914696497905,-0.17931803329104679,-0.04124860646599777,-0.04014146772767462,0.13759274209049321,0.0719332641371622,0.3583208395802099,0.14757236766232268,0.19215776727021106,0.16241879060469766,-0.008095952023988006,0.1506631299734748,-0.03838849805866298,-0.04592319225002883,-0.19897743435974322,0.019705531849459886,-0.18232422250413255,-0.0609387613885365,0.007619267289432207,-0.017698842886249185,-0.06633606273786184,-0.015699842386499057,0.06743551301272441,-0.11569599815476878,-0.10054972513743128,0.14405105139737823,0.008311229000884173,0.05217391304347826,0.07237919501787568,0.14833352554491985,0.05138968977049937,0.06831199784723023,0.03738130934532734,-0.2549110060354438,-0.10720793449429132,-0.2918771383539,0.09146964979048937,0.05171260523584362,-0.028593395609887363,-0.06826586706646677,-0.09985007496251874,0.2766924230192596,0.08471149040864183,-0.306831199784723,0.3603044631530389,0.4311229000884173,0.02736324145619498,0.05700995656018145,0.24190981432360742,0.21621496943835775,0.05190481682235805,0.14813362549494483,-0.12341521546918849,0.20465920885710992,-0.08735632183908046,-0.06555952792834352,0.4667204859108907,0.0003844231730288702,0.18775996617076077,0.16688578787529312,,0.03603582823972629,0.10028831737977165,0.1074847191788721,0.01809095452273863,0.132902779379541,0.07031868681044093,-0.09179256525583362,-0.020151462730173375,-0.11026025448814054,0.12830507823011572,0.07232537577365164,0.16299542536424097,0.032737477415138584,-0.18283166109253066,-0.04370122630992196,-0.03721985161265521,-0.1894514281320878,-0.010171837158343905,0.106977280590474,-0.007096451774112943,0.15742128935532235,-0.015423057701918272,-0.0922077422827048,-0.15393841540768077,-0.018137085303502096,0.03360627378618383,0.15007880675047092,0.0446392188521124
#49,0.23330642371122132,0.06271479644792988,0.09898127859147349,0.33793103448275863,0.13280282935455348,0.08215892053973013,0.10711567293276439,1.0,0.22710183369853534,0.09276900011532695,0.3341175566063122,-0.022642524891400454,0.10014223657402069,-0.14585015184715336,-0.24884480836504824,-0.1104140237573521,0.20840349056241111,-0.07200246030830738,0.020097643485949335,0.22329604428554953,0.021819859301118672,-0.08434244416253411,0.12622150463229923,0.3230077269057779,0.12185445738669128,0.4156229577518933,0.05997001499250375,0.0967977549686695,-0.12978126321454658,-0.2357206012378426,0.10330219505631799,-0.12505285818629147,0.07473186483681236,0.20135316956906163,-0.24407027255602967,0.03660477453580902,-0.26167685388075196,-0.07571598815976627,-0.208295852073963,-0.24294775689078538,-0.10796909237688848,-0.23591281282435705,-0.4434167531618806,-0.35237765732518356,-0.24059508707184868,-0.19331103678929765,-0.013539384154076808,0.14138315457655787,-0.04264021835236228,0.0682889324568485,-0.09775112443778111,0.09520624303233,-0.23445969323030794,-0.0006381424672279245,-0.13382539499481028,-0.09765886287625418,0.02149694383577442,0.12107023411371237,-0.17106062353438664,-0.2424941375466113,0.2143928035982009,0.2599546380655826,0.011701841386998809,0.1272517587360166,0.10719255756737016,-0.03403682773997616,0.02949294583477492,0.08879406450620843,-0.0718948218198593,0.11049859685541845,0.0044439318802137395,-0.020720409026256104,-0.0403874985584131,0.20005381924422405,0.015230846115403837,0.20705800945681005,-0.014377426671279744,0.12009379925421905,-0.0127936031984008,-0.16510975281589974,-0.005351170568561873,-0.04627686156921539,,0.11781032560642755,0.17102986968054434,0.04986737400530504,0.08112097797255219,-0.006896551724137931,0.1427670779994618,0.012309230000384423,-0.031069080844193287,-0.06634375120132241,0.05894744935224695,-0.1135739822396494,-0.2985122823203783,-0.29532925844769925,0.10173374851036021,0.1347018798293161,0.09085457271364318,0.10195671395071695,0.07743820397493562,0.002591012186214585,-0.16533271825625648,0.18436166532118556,0.019982316534040673,-0.0010225656402567946,0.0729173874601161,0.3167723830392496,0.004367047245607965,0.2705416522507977,-0.010002690962211203
#50,-0.09434513512474532,0.08887863760427478,-0.15458424633836929,0.11509629800484374,-0.08455772113943029,0.0315073232614462,0.25537231384307846,0.22710183369853534,1.0,0.26778918233191096,0.22159689386076192,-0.13017337485103603,0.19497174489678237,0.10475531465036712,0.4495521470034214,-0.029162341905970092,0.22724791450428633,-0.04217122208126706,-0.05261984392419175,-0.21873678545342715,0.09486795064006458,-0.03254526582862415,-0.19689386076192672,0.035159343405220464,0.0652289239995387,-0.0713873832314612,-0.09289970399415677,-0.08650290239495637,0.36324145619497944,0.199254219044324,-0.10928381962864721,-0.05243532080113789,-0.04078729865836313,-0.11971706454465075,0.04006458309306885,0.06513666243801176,0.036197285972398414,-0.0618921308576481,-0.13724676123476723,-0.05953177257525084,0.263768115942029,0.09056241110214124,-0.09602890862261178,-0.0028831737977165262,0.058078652981201705,-0.060423634336677814,-0.17505093607042632,0.08520355207011879,-0.05987775343097682,-0.06718948218198594,-0.04880636604774536,-0.09890439395686772,-0.010786914235190096,-0.05069003959558682,0.0472609848921693,-0.10810748471917887,-0.1091146734325145,-0.32918156306462154,-0.19716295698304695,-0.2815592203898051,-0.31880982585630263,-0.3265674854880252,-0.16222657901818321,-0.040941067927574674,-0.08441164033367932,-0.04798370045746358,0.40648137469726675,0.21601506938838272,0.2245646407565448,0.08298158613001191,0.18579171952485296,0.2939453350247953,0.20296774689578287,-0.05990081882135855,-0.06226117710375582,-0.0037827240226040826,-0.12097028408872487,-0.15264675354630378,0.05997001499250375,-0.2679352631376619,0.15312343828085956,0.14184446238419252,,0.04968285088225118,0.006942682504901395,-0.052689040095336946,-0.07610041133279515,0.21103294506592857,0.09572905854764925,-0.058440010763848846,0.04487756121939031,-0.08331219005881675,0.04687656171914043,0.16725483412140082,0.01036404874485834,-0.15126283012339983,-0.10835351554991735,0.04761465421135586,0.013954561180947988,-0.04839887748433475,0.10078806750470919,0.0899627109522162,-0.016091954022988506,0.26992657517395147,-0.1673009649021643,-0.008657209856610157,-0.11966324530042671,-0.22700188367354784,-0.02537192941990543,-0.030692346134624994,-0.19494867950640066
#51,0.09410679275746742,0.13947641563833468,0.1670626225348864,0.14345903971091378,0.0074962518740629685,0.00825740975666013,0.20459001268596472,0.09276900011532695,0.26778918233191096,1.0,0.15793641640718104,-0.014346672817437435,0.11660323684311691,-0.040618152462230425,0.011517318263944951,0.02736324145619498,0.17970245646407565,0.19519471033713912,0.19413370237957944,0.11887902202744781,-0.16132702879329566,-0.027755353092684426,-0.08122092799753969,-0.1603275285434206,-0.13175719832391497,-0.03844231730288702,0.12366893476338754,0.05747895283127667,0.19607888363510553,0.11473494022219659,-0.21981317033790798,-0.06474455080152232,0.09367623880367508,0.21060239111213624,0.07620036135778264,0.0755007111828701,0.16421789105447276,0.1036404874485834,0.04256333371775651,-0.05441894437396686,0.34228270480144546,0.08458078652981202,-0.14159843155345403,0.253288740245262,-0.062384192519125053,0.13200322915465343,-0.18156306462153537,-0.01768346595932803,0.08465767116441779,0.07041863683542844,0.036120401337792644,0.006904240187598509,-0.07481643793487872,0.004859108907084919,-0.21318571483489024,-0.043424441625341176,-0.32877407450121093,-0.3452888940145312,0.22410333294891016,0.04932149309960404,-0.09943489793564757,-0.18137854149848154,-0.03866528274324376,0.19511013723907278,0.22744781455426133,0.040395187021873676,0.07177180640449006,0.14997116826202284,0.25753277207550074,0.06843501326259947,0.24951370468611847,0.09971168262022835,0.0899934648060585,-0.0021989005497251375,-0.11446584400107639,-0.04164071810248722,-0.30792296159612503,-0.3619267289432207,0.2927228693345635,0.07445508015223158,-0.08687194864106408,0.032030138776765464,,-0.1535924345519548,-0.09439895436896936,-0.024710721562295774,-0.22039749356091184,0.16288778687579286,-0.0371890977588129,-0.06561334717256756,0.07912197747280206,-0.10372506054664975,0.12366124629992696,0.244300926459847,-0.027370929919655555,-0.08403490562411102,0.046123092300003846,-0.05776342597931804,-0.02037442817053012,-0.0016145773267212547,0.1741052550647753,0.05075923576673202,-0.06282243493637797,0.07685388075193172,-0.0018606081574597316,-0.07013416368738708,0.10355591435051704,-0.2343366778149387,-0.14544266328374275,0.023642025141275516,-0.14866412947372468
#52,0.27960635067081846,0.026471379694768,-0.029854303617422057,0.004520816514819513,-0.08560335217006881,0.0031445815553761583,0.07808403490562411,0.3341175566063122,0.22159689386076192,0.15793641640718104,1.0,-0.29001653019644025,0.18024833736977666,0.1332026294545035,-0.042140468227424746,0.005035943566678199,-0.15060931072925077,-0.2184446238419252,-0.015661400069196172,0.20426709722062045,-0.13607811478875947,-0.00012301541536923846,0.020351362780148388,0.19447199477184485,-0.10763079998462308,0.18171683389074694,-0.4112174681889824,-0.0011763349094683427,-0.027401683773497866,0.005889363010802291,-0.01628416560950294,-0.21001806788913235,-0.18265482643293737,0.03422135086303002,0.08352746703571291,0.3404220966439857,-0.28075193172644447,-0.07228693345634875,-0.10764617691154423,-0.11807173336408719,0.14538115557605813,-0.007550071118287011,0.030630838426940376,-0.01637642717102987,-0.04809902740937224,0.10124937531234383,-0.07481643793487872,0.018959750893783878,0.1483104601545381,-0.1033329489101603,0.08482681736055049,-0.12102410333294891,-0.03359089685926268,-0.028455003267596972,-0.19101218621458502,-0.01836005074385884,-0.13798485372698266,0.03714296697804944,-0.07185637950255641,-0.14415100142236573,0.30202591012186214,0.16948448852496828,0.1910506285318879,0.07187944489293814,-0.007626955752892784,-0.2848345058240111,0.21462345750201822,0.10936839272671357,0.08228962441855996,0.12150847653096529,-0.02824741475416138,-0.05341175566063122,-0.10658516895398455,-0.09615961250144159,0.11498865951639564,0.06008534194441241,-0.012263099219620958,-0.010963748894783378,0.20722715565294275,0.18546880405950872,-0.12302310383269903,0.03717372083189174,,0.02721716065044401,0.06745857840310614,0.08581094068350441,-0.14466612847422441,-0.12641371621881367,-0.11131357398223965,0.13050397877984085,-0.0785991619574828,-0.23771191327413216,-0.17708837888747933,0.007503940337523546,-0.32396878483835007,-0.32151616499442587,0.019913120362895477,-0.06875024026448315,-0.11696459462576404,-0.14090646984200209,-0.17609656710106486,-0.20914158305462655,-0.18089416830046515,-0.06416022757851843,0.07259447199477184,0.010202591012186214,-0.08956291085226617,0.2474608849421443,0.03610502441087149,0.11824856802368047,0.016745473417137585
#53,0.07702302694806443,0.14664206358359283,-0.03763502863952639,-0.1062238111713374,0.436458693730058,0.3185714834890247,0.14337446661284742,-0.022642524891400454,-0.13017337485103603,-0.014346672817437435,-0.29001653019644025,1.0,-0.07135662937761889,-0.039034328989351476,-0.13022719409526007,0.01987467804559259,-0.09000115326951909,0.17781878291623418,-0.11349709760504363,-0.074447391688771,-0.18323914965594126,-0.2600545880905701,0.009464498519970783,-0.10936839272671357,-0.08459616345673317,-0.09911198247030331,0.0509360704263253,-0.04899857763425979,0.20232191596509438,0.039987698458463075,0.24869872755929728,0.12869718986660517,0.17648099027409372,0.20437473570906856,0.27427055702917774,-0.08696421020259101,0.17660400568946297,-0.11433514012224658,-0.01157882597162957,-0.3297812632145466,0.11910198746780457,0.08679506400645831,-0.1105831699534848,-0.1837388997808788,-0.39143505170491677,-0.15982777841848306,-0.10673124975973551,-0.23880367508553416,-0.21720678122477222,-0.14323607427055704,-0.08790220274478146,-0.1718602237342867,-0.1372621381616884,-0.060185291969399916,0.11511167493176488,-0.11216699342636374,-0.021604582324222504,0.06865797870295622,-0.010079575596816976,-0.1297043785799408,0.050098027909122364,0.254780302156614,0.09457578902856265,0.06991119824703033,-0.06699727059547149,-0.019943874216737784,0.027501633798485373,0.17300580478991273,0.014285165109752815,-0.03469034713412524,-0.11506554415100143,-0.11239764733018107,-0.07004959058932073,0.004551570368661823,0.18919002037442817,0.26419098143236075,0.22966209203090762,0.11029100834198285,0.1724753008111329,0.01634567331718756,0.408641832929689,0.1927497789566755,,0.1995540691192865,0.35303117671933265,0.011947872217737285,0.16327221004882175,0.0642063583592819,0.07928343520547419,0.30229500634298234,0.042140468227424746,0.10937608119017414,0.12465305808634145,-0.032499135047860686,0.01628416560950294,0.040341367777649635,-0.041187098758313154,-0.1429669780494368,0.0008918617614269788,0.19185791719524853,0.012885864759927729,-0.05174335908968593,0.170399415676777,-0.020812670587783032,-0.0853342559489486,-0.15381539999231153,0.13836158843655094,0.18252412255410755,0.06648983200707338,-0.03094606542882405,0.13799254219044324
#54,-0.13779264214046824,0.07407834544266328,-0.23738899780878792,-0.005305039787798408,-0.3777188328912467,0.16687041094837196,0.15846692038596086,0.10014223657402069,0.19497174489678237,0.11660323684311691,0.18024833736977666,-0.07135662937761889,1.0,0.19674777995617576,0.02497212931995541,-0.30767693076538655,-0.039926190750778454,0.023403682773997618,-0.06507515473032714,-0.09072386883481336,0.16428708722561797,-0.10320224503133049,0.1775112443778111,-0.09150040364433168,-0.022188905547226388,-0.1020412870487833,0.04480067658478453,-0.050228731787952174,0.049475262368815595,0.08187444739168877,-0.08025218160150693,-0.11300503594356667,-0.021104832199284974,0.0027063391381232462,0.1663091531157498,0.1763887287125668,0.010625456502517972,0.0944527736131934,-0.2270480144543113,-0.27114135240072273,-0.08535732133933034,-0.09876600161457733,0.05937800330603929,-0.022050513204935993,-0.07378618383116134,-0.0015223157651943259,0.005866297620420559,-0.259201168646446,-0.09426056202667897,-0.21426978818283166,-0.06450620843424441,-0.053619344174066816,-0.24139468727174873,-0.1310344827586207,-0.0672356129627494,-0.2577864913696998,-0.18273939953100374,-0.039880059970014994,-0.05174335908968593,-0.0918310075731365,0.054049898127859146,-0.05003652020143774,0.18637604274785685,-0.2058124783761965,-0.19412601391611886,-0.46782762464921385,0.2664898320070734,0.05398839042017453,0.18384653826932687,0.06115403836543267,0.1191250528581863,0.15284665359627878,0.3537385153577058,-0.1069080844193288,0.15060162226579019,0.05158958982047438,0.009933494791066005,-0.13534002229654404,-0.03455195479183485,-0.12864337062238113,0.021150962980048437,0.14684196363356783,,0.38202437242917003,0.1289201553069619,0.21715296198054818,0.11090608541882904,0.03399838542267328,-0.02010533194940991,0.24148694883327568,0.04269403759658632,0.039311113673932266,-0.02330373274901011,0.12819743974166764,0.05379617883366009,-0.14834121400838043,-0.1691308192057817,0.08161303963402913,-0.17485103602045132,-0.13364087187175644,-0.044669972705954714,-0.011202091262061276,-0.09242301925960097,0.19274209049321492,0.14039903125360398,0.09352246953446354,-0.16661669165417292,0.037242917003036946,-0.13325644869872755,0.13207242532579863,0.1431361242455695
#58,-0.06907315572982739,0.02747856840810364,0.05316572482989275,-0.14989428362741705,0.11935570676200362,0.1833698535347711,0.343435974320532,-0.14585015184715336,0.10475531465036712,-0.040618152462230425,0.1332026294545035,-0.039034328989351476,0.19674777995617576,1.0,0.041302425710221816,-0.09325337331334332,-0.11610348671817937,0.10148771767962173,-0.3389997309037789,-0.22993118825202782,-0.21591511936339522,-0.28708722561796024,-0.14272094721869835,-0.20457463575904355,-0.35055549148502674,-0.2250105716372583,-0.25102833198785224,-0.36863875754430475,0.17286741244762235,0.24889862760927228,0.3275746742013609,0.05471110598546881,-0.11632645215853611,-0.24064121785261217,0.1371160573559374,-0.003067696920770384,-0.122423403682774,-0.04837581209395302,0.018436935378464615,-0.043801176334909465,0.04520816514819513,0.09969630569330719,0.18739091992465307,0.0360665820935686,0.03289124668435013,0.05109752815899742,-0.1254834121400838,-0.010025756352592934,0.006073886133856149,-0.214154461230923,0.11348940914158305,-0.1195632952754392,0.05009033944566178,-0.3819321108676431,-0.04010302541037174,-0.17771883289124668,-0.09175412293853073,-0.11664167916041979,0.07473955330027295,-0.03667397070695422,0.20226040825740976,-0.014431245915503786,0.1829546765078999,0.19234997885672547,-0.29807403990312537,-0.1733594741090993,0.6526275323876524,0.3284742244262484,0.19565601814477376,0.21363164571560372,0.19184254026832737,0.11201322415715219,0.2654672663668166,-0.08944758390035751,0.2241263983392919,0.050751547303271444,0.21475416138084805,-0.059116595548379655,0.33370237957944104,0.17884134855649098,0.05932418406181525,0.2931072925075924,,0.2542728635682159,0.12947372467612348,0.48438857494329757,0.14136008918617615,0.04883711990158767,-0.043040018452312305,0.02587936800830354,-0.1399761657632722,-0.05812478376196517,-0.21363164571560372,-0.11050628531887902,-0.047099527159497175,-0.06524430092645984,-0.3547918348518049,0.02380348287394764,-0.3223157651943259,-0.17690385576442547,-0.11136739322646369,-0.13968400415177026,0.038134778764463924,-0.020328297389766655,0.14448160535117058,0.1256218044823742,-0.15290047284050282,0.1512090108791758,0.028977818782916234,0.026940375965863222,0.06934994041440819
#101,-0.38011763349094685,-0.014623457502018222,-0.24916003536693193,0.01202475685234306,-0.22859339560988737,-0.04523891900203744,-0.05825548764079499,-0.24884480836504824,0.4495521470034214,0.011517318263944951,-0.042140468227424746,-0.13022719409526007,0.02497212931995541,0.041302425710221816,1.0,0.0205512628301234,0.07129512166993426,-0.12134701879829315,0.059385691769499864,-0.3926805827855303,0.46364510052665975,0.06361434667281744,-0.10274862568715643,-0.1303886518279322,0.1784646138469227,-0.37948717948717947,-0.1926190750778457,-0.15141659939261137,0.30945296582477994,0.08460385192019375,-0.08085188175143197,-0.013969938107869142,-0.14611924806827356,-0.35116288009841234,0.14978664513896897,0.036966132318456156,0.36976127320954905,0.03131511167493176,0.009264598469995772,0.056779302656364126,0.17202168146695881,0.13993003498250875,0.25534155998923613,0.09678237804174836,0.19274209049321492,0.1023488255872064,-0.21407757659631724,0.04313228001383924,-0.0814592703648176,-0.150186445238919,-0.1890746934225195,-0.18321608426555952,0.1674086033906124,0.09735132433783109,0.3808711029100834,0.07779956175758275,0.022296544035674472,-0.41586130011917116,-0.15714450467074156,-0.19528697189866606,-0.4480375197016876,-0.5042324991350479,-0.17821089455272363,-0.20582785530311767,-0.20840349056241111,-0.020243724291700304,0.19307269442201977,-0.11413524007227156,0.14350517049167724,-0.3399223465190482,0.017991004497751123,-0.004697651174412794,0.19627878368508053,-0.24424710721562296,-0.04466228424249414,-0.3436820051512705,-0.09419136585553377,-0.28531119055856685,0.018675277745742513,-0.20143005420366739,0.18406181524622303,-0.11863299119670934,,-0.08278937454349748,-0.3218467689232307,-0.09163879598662207,-0.1946180755775958,0.018044823741975167,-0.016560950294083727,-0.1633260292930458,-0.07966785837850306,-0.12546034674970208,-0.04127936031984008,0.025894744935224694,0.20279091223618959,0.13169569061623035,-0.06529043170722332,-0.15840541267827624,0.02401875985084381,-0.17902587167954484,0.07918348518048668,0.02794756467919886,0.06753546303771191,0.09580594318225502,-0.27044939068927076,-0.046768923230692344,-0.12453773113443278,-0.4830046515203936,-0.12543728135932034,-0.24207896051974012,-0.16746242263483643
#102,0.26061584592319226,0.0819667089532157,0.28589551378157074,0.22628685657171416,0.06179986929612117,0.011840233729289202,-0.021520009226156152,-0.1104140237573521,-0.029162341905970092,0.02736324145619498,0.005035943566678199,0.01987467804559259,-0.30767693076538655,-0.09325337331334332,0.0205512628301234,1.0,-0.12938915157805714,0.052389190020374427,0.18527659247299427,0.4520585860915696,-0.06664360127628494,0.3731595740591243,-0.19403375235459194,0.27226386806596703,0.19122746319148118,0.3231614961749894,0.05915503786568254,0.18020220658901318,0.10736170376350286,-0.07317879521777573,0.03563602813977627,0.03408295852073963,0.04044900626609772,0.02232729788951678,-0.17432822050513205,-0.11387383231461193,0.003828854803367547,-0.0482835505324261,0.23330642371122132,0.15588359666320686,0.0776457924883712,-0.07154884096413332,0.0765232768231269,0.08318917464344751,-0.06309153115749817,0.1470956829277669,-0.1717525852458386,-0.152369968861723,-0.17898742936224196,-0.19995386921923652,-0.568015992003998,-0.15438434628839426,-0.0651597278283935,0.33095759812401493,-0.04264021835236228,0.407004190212586,-0.1705685618729097,0.028047514704186368,-0.1414062199669396,-0.1076231115211625,-0.22631761042555645,-0.07956021989005498,-0.08451159035866682,0.0005228155153192634,0.28054434321300886,0.2581478491523469,-0.165978549186945,0.06596701649175413,-0.03399838542267328,-0.10008841732979663,-0.1041863683542844,0.06846576711644178,-0.22042824741475417,0.03488255872063968,-0.23778110944527736,-0.09747433975320033,-0.30257179102756315,-0.2673509399146581,-0.10131088302002844,0.24621535386153076,-0.11631876369507554,-0.06059278053281052,,-0.044431630338676815,-0.22983123822704032,-0.4060661976703956,-0.2132010917618114,-0.18396186522123553,-0.04605389612885865,-0.18282397262907008,-0.3940106869642102,-0.41757582747087996,-0.41471571906354515,-0.2774766462922385,-0.3525391150578557,0.16419482566409102,0.5184330911467343,-0.28894783377542,-0.21599969246146158,-0.29339176565563374,-0.3920962595625264,-0.1693768500365202,0.12089339945411909,-0.2453849998077884,-0.1775112443778111,-0.13747741513858455,-0.13955330027294044,-0.11777188328912466,0.005166647445508015,-0.3895821320109176,-0.22092030907623111
#201,-0.12246184600007688,0.3385153577057625,0.43073847691538847,0.2990197209087764,0.10157229077768808,-0.12991965555683696,0.009303040787298659,0.20840349056241111,0.22724791450428633,0.17970245646407565,-0.15060931072925077,-0.09000115326951909,-0.039926190750778454,-0.11610348671817937,0.07129512166993426,-0.12938915157805714,1.0,0.2623380617383616,0.002767846845807865,-0.25800176834659594,-0.035735978164763774,-0.30385576442547957,0.0031292046284550033,-0.0354207511628801,0.08926306077730366,-0.11631107523161496,0.12581401606888865,-0.02590243339868527,0.017775727520854958,-0.23086918079421828,-0.08309691308192058,0.2912466843501326,0.20232191596509438,0.13873832314611925,-0.2924460846499827,-0.22727097989466805,0.09117748817898742,-0.2649675162418791,0.01220159151193634,-0.02493368700265252,-0.15003267596970746,0.08062891631107523,-0.34758774458924385,-0.18133241071771805,0.011517318263944951,-0.31802560258332374,0.0011917118363894976,-0.02170453234921001,-0.009479875446891939,0.050590089570599316,0.08301233998385422,0.3050397877984085,0.2664129473724676,0.1920655057086841,0.18857494329758198,-0.3741052550647753,0.0813208780225272,-0.33193403298350826,0.247230231038327,0.06275323876523277,0.11661861377003806,-0.2140852650597778,-0.3658862876254181,-0.006650520893399454,0.21613039634029138,0.0219121208626456,0.0029985007496251873,-0.15714450467074156,-0.2016299542536424,0.013001191711836389,0.35509937339022796,0.16239572521431592,-0.03295275439203475,0.1878214738784454,-0.1428670280244493,0.19698612232345367,0.01969015492253873,0.1223542075116288,-0.11681082535655249,-0.4407257909506785,-0.1672394571944797,-0.15170876100411332,,-0.1001037942567178,0.05250451697228309,0.1587360166070811,0.10881482335755199,0.18219351862530273,0.20675815938184755,-0.15616038134778765,0.19506400645830932,0.14664206358359283,0.0992888171298966,0.059424134086802756,0.2155537615807481,0.30580094568100563,-0.08976281090224118,0.2302464152539115,0.2786299158113251,0.1813247222542575,0.41630723099988465,0.5441510014223657,0.15240841117902587,0.16463306808134395,0.03316803136893092,0.19175796717026103,0.26830430938376965,-0.16294929458347748,0.19729366086187675,0.21107907584669203,0.08880175296966901
