,#10,#11,#12,#13,#17,#18,#26,#49,#50,#51,#52,#53,#54,#58,#101,#102,#201,#202,#301,#302,#401,#402,#501,#502,#601,#602,#701,#702,#801,#802,#901,#902,#1001,#1002,#1101,#1102,#1201,#1202,#1301,#1302,#1401,#1402,#1501,#1502,#1601,#1602,#1701,#1702,#1801,#1802,#1901,#1902,#2001,#2002,#2101,#2102,#2201,#2202,#2301,#2302,#2401,#2402,#2501,#2502,#2601,#2602,#2701,#2702,#2801,#2802,#2901,#2902,#3001,#3002,#3101,#3102,#3201,#3202,#3301,#3302,#3401,#3402,#3455,#3501,#3502,#3601,#3602,#3701,#3702,#3801,#3802,#3901,#3902,#4001,#4002,#4101,#4102,#4201,#4202,#4301,#4302,#4401,#4402,#4501,#4502,#4601,#4602,#4701,#4702,#4801,#4802
#10,1.0,0.328827893745435,0.4750163379848537,0.43836543266828126,0.15176258024833736,0.07872986583631261,0.20931072925075925,0.5595279283435205,-0.11227463191481182,0.4068350440164533,0.2812593703148426,0.15476108099796257,-0.09736670126475223,-0.37129127743820395,0.1993234152154692,0.2414023757352093,0.5394149079306501,0.27973705454964826,-0.10401722215815169,0.027647714604236342,-0.0313381770653135,0.17317495098604543,0.060861876753930726,0.08152846653596278,0.06466766616691653,0.06253796178833661,0.07668473455579902,0.05569522930842271,-0.00441317802637143,-0.01477722677122977,-0.032437627340176065,-0.15732133933033482,0.1691308192057817,-0.11072156229577519,-0.2383193018875178,-0.09881213239534078,-0.2216737784953677,-0.1980625072079345,-0.32802060508207437,-0.3836773920731942,-0.12120862645600276,-0.061461576903855765,-0.24282474147541613,-0.23889593664706107,-0.2004766847345558,-0.1851305116672433,0.20096105793257218,-0.029569830469380696,-0.006081574597316727,-0.13144965978549186,0.08136700880329066,0.17382078191673395,0.17172183139199632,-0.050559335716757005,-0.0724407027255603,-0.10992965055933572,-0.015661400069196172,-0.2225579517933341,0.0544420097643486,0.04836812363049245,0.014031445815553762,-0.009279975396916926,-0.029592895859762425,-0.09188482681736056,0.2137854149848153,0.06887325567985238,-0.21702994656517896,-0.24380117633490947,0.019951562680198362,-0.14055280052281552,0.2174220582016684,0.25397301349325335,-0.08190520124553108,0.12338446161534618,-0.23448275862068965,-0.18956675508399645,-0.14312074731864838,-0.02754007611578826,-0.17466651289739746,0.012747472417637335,0.014815669088532657,0.04216353361780648,,0.0033829239226540577,-0.1042555645254296,-0.03592050128781763,-0.022342674816437934,-0.04543113058855188,-0.11485795563756583,-0.05425748664129474,-0.2096951524237881,-0.18150155691385075,-0.2209971937108369,0.024441625341175565,0.06462153538615308,0.2254488140545112,0.34956367969861224,0.1830546265328874,0.20478991273593972,-0.06974205205089763,0.1510398646830431,0.17006881174797217,-0.020766539807019566,0.006758159381847538,0.2962211202091262,0.11893284127167186,0.03632798985122823,-0.08603390612386115,-0.038565332718256254,0.00986429861992081,0.02140468227424749
#11,0.328827893745435,1.0,0.25779417983316033,0.08806366047745358,0.00876484834505824,-0.18986660515895898,0.47718448468073654,0.28110560104563104,0.22551032176219582,0.3216622458001768,0.3266520585860916,-0.13723138430784607,-0.07294814131395841,-0.18564563871910197,0.3020028447314804,0.16518663745050552,0.14887171798716026,0.12777457425133587,0.17149886595163957,0.2242571022181217,0.38524583861915196,0.09964248644908315,0.06293007342482605,0.10024218659900819,0.10942221197093761,0.06678968208203591,0.2571329719755507,0.24277861069465267,-0.09088532656748549,-0.04839118902087418,-0.16820820359051245,0.031099834698035598,-0.037481259370314844,-0.03818090954522738,-0.15856687041094839,0.001237842617152962,-0.16249567523930342,-0.12317687310191058,-0.08772536808518817,-0.3114365893976089,-0.2288855572213893,-0.13807711528850958,-0.24992119324952908,-0.20222196594010686,-0.2341214008380425,-0.24572329220005382,0.27654634221350866,0.34632683658170915,0.2587091069849691,0.058785991619574825,-0.021719909276131166,0.03428285857071464,-0.09728212816668588,-0.0623688155922039,0.021635336178064814,-0.2887248683350632,-0.0433475569907354,-0.2719870833813862,-0.13660093030407874,-0.25638719101987467,-0.3325260446699727,-0.1571598815976627,-0.022896244185599508,-0.15326183062314996,0.3242686349133126,0.34002998500749626,0.0014992503748125937,-0.2162687886825818,0.19477953331026795,0.019890054972513744,0.2830123399838542,0.24687656171914044,0.050205666397570445,0.18678353131126743,-0.10875331564986737,-0.06775842847806866,-0.22165840156844654,-0.17841079460269865,-0.1421596893860762,-0.04338599930803829,-0.1541690693114981,-0.021243224541575366,,-0.21326259946949602,-0.19215776727021106,-0.4382577941798332,-0.27140276015838233,-0.1300119171183639,0.027939876215738284,-0.1849921193249529,-0.031407373236458695,-0.09521393149579056,-0.28453465574904857,-0.1946257640410564,-0.07014954061430823,0.03905739437973321,0.03133048860185292,0.057163725829393,0.10077269057778802,-0.03946488294314381,0.08792526813516319,-0.3355245454195979,-0.1566908853265675,-0.18555337715757506,0.1495713681620728,-0.09312266943451351,-0.02073578595317726,-0.2093184177142198,-0.2939837773420982,-0.3749048552646754,-0.21624572329220004
#12,0.4750163379848537,0.25779417983316033,1.0,0.6560642755545304,0.19708607234844117,0.3263598969745896,0.21118671433514014,0.22168915542228887,-0.015353861530773075,0.39096605543382157,0.16167300964902165,0.20677353630876869,-0.026440625840925693,-0.12445315803636643,0.14342828585707146,0.2276630915311575,0.43961865221235535,0.34101410833045015,0.013362549494483527,0.19690923768884788,0.023234536577864912,0.3291200553569369,-0.1514473532464537,-0.04254026832737477,-0.2599853919194249,-0.14250567024180216,-0.01577672702110483,0.12549110060354438,0.09703609733594741,-0.024779917733440973,0.10048821742974666,0.06125398839042018,0.2791373543997232,0.03506708184369354,-0.07127974474301312,0.022365740206819668,-0.1300734248260485,-0.06337600430553954,-0.3128282012839734,-0.16142697881828316,-0.12686733556298774,0.04443931880213739,0.04036443316803137,-0.0888401952869719,-0.3551762580248337,-0.3726828893245685,0.301118671433514,0.26171529619805484,0.07333256448698727,-0.02872409948871718,0.08422711721062545,0.13166493676238802,-0.11617268288932457,-0.1509014723407527,-0.15980471302810134,-0.21494637296736246,-0.2777149886595164,-0.47273286433706224,0.052166224580017684,-0.24520047668473455,0.14038365432668282,0.2131011417368239,0.07062622534886404,0.05340406719717065,0.3351785645638719,0.20209895052473764,-0.014169838157844155,-0.02603313727751509,0.2551185945488794,0.14305923961096376,0.4219890054972514,0.3095913581670703,0.2110867643101526,0.5456656287240995,0.12420712720562796,0.14317456656287242,0.05098220120708876,-0.009672087033406374,-0.11843309114673432,-0.0019913120362895476,0.06034674970207204,0.2926152308461154,,0.01406219966939607,0.007650021143274516,0.13737746511359705,0.2052358436166532,-0.08684888325068235,0.17082228116710876,0.11062930073424826,0.040910314073732364,-0.024949063929573675,-0.29212316918463843,0.0629454503517472,0.008572636758543806,0.21273209549071617,0.29640564333218006,0.2947987544689194,0.3497789566755084,0.028278168608003692,0.3873063468265867,0.31120593549379155,0.15496098104793757,0.201291661861377,0.2573328720255257,0.09532156998423864,0.0857417445123592,0.1266366816591704,0.09650559335716757,-0.01628416560950294,-0.20158382347287895
#13,0.43836543266828126,0.08806366047745358,0.6560642755545304,1.0,0.21702994656517896,0.29300734248260485,0.19913120362895476,0.1760504363203014,-0.08594164456233422,0.5011801791411986,0.2043593587821474,0.15732133933033482,-0.04521585361165571,-0.20006919617114519,0.20864952139314957,0.1947641563833468,0.41197093760811904,0.2257640410563949,-0.13044247107215623,-0.11809479875446892,-0.19230384807596201,0.1430746165378849,-0.06895782877791873,-0.06176911544227886,-0.23015415369238457,-0.15323107676930767,-0.02309614423557452,-0.056417944873716985,0.15012493753123438,0.029154653442509514,0.18877484334755698,0.0686656671664168,0.28039057394379735,0.14945604121016415,0.09324568484988276,-0.001922115865144351,0.032529888901703,0.08113635489947334,-0.12067812247722293,-0.16700880329066237,-0.07546226886556721,0.07228693345634875,0.06698958213201092,-0.044016453311805634,-0.2148771767962173,-0.11142890093414831,0.2955368469611348,0.11470418636835429,0.11251297428208973,-0.11216699342636374,0.08547264829123899,-0.005681774497366701,-0.037427440126090804,-0.17132971975550687,-0.19437204474685735,-0.1985699457963326,-0.21508476530965287,-0.3065390381732211,0.20233729289201552,-0.10547034175220082,0.1794102948525737,0.26875024026448313,0.03849613654711106,-0.019198093261061776,0.09028562641756045,0.0031292046284550033,-0.0880252181601507,-0.18167839157344404,0.17618882866259178,-0.028109022411870986,0.2562334217506631,0.18799830853803867,0.12592165455733673,0.4156767769961173,-0.002098950524737631,0.14591165955483795,-0.013893053473263368,0.0746549802022066,-0.09891977088378888,0.13383308345827086,-0.05724061046399877,0.16078114788759468,,0.06200745780955676,0.0026217660400568946,0.21612270787683083,0.34618844423941875,-0.1024487756121939,0.022242724791450428,0.14665744051051396,-0.05853996078883635,0.03781955176258025,-0.3243301426209972,0.19937723445969324,0.21787567754584247,0.14066812747472418,0.2791142890093415,0.24916003536693193,0.2271864067966017,0.08089801253219545,0.3731749509860454,0.3540768077499712,0.2030907623111521,0.36200361357782646,0.29118517664244803,0.1634259793180333,0.11940183754276708,0.25394994810287164,0.06254565025179717,0.21526928843270673,0.03469803559758582
#17,0.15176258024833736,0.00876484834505824,0.19708607234844117,0.21702994656517896,1.0,0.546403721216315,0.09888901702994657,0.08880175296966901,-0.06640525890900703,0.1206166147695383,-0.22100488217429748,0.6185445738669128,0.3437050705416522,0.01089455272363818,-0.16545573367162572,-0.2778533810018068,0.3548456540960289,0.38786760465920883,-0.11063698919770884,-0.13560143005420366,0.02339599431053704,-0.24934455848998577,-0.12360742705570292,-0.06895782877791873,-0.0606312228501134,-0.31019105831699534,0.05722523353707761,-0.1770730019605582,0.5054395878983585,0.3804636143466728,0.39550224887556223,0.37644254795679083,0.19456425633337177,0.17828009072386883,0.4394264406258409,0.03808864798370046,0.10518586860415946,0.0027217160650444007,-0.010979125821704532,-0.10064198669895821,0.1505631799484873,0.0818975127820705,0.34891784876792376,0.11675700611232845,0.05951639564832968,0.05381155576058125,0.23651251297428208,-0.1553915350017299,-0.005827855303117672,-0.27071079844693036,-0.09628262791681083,-0.09196171145196633,-0.2153077307500096,-0.1903356014300542,-0.2287548533425595,-0.31097528158997423,-0.12516818513820013,-0.34364356283396763,0.10783838849805866,-0.0452542959289586,0.0514127551608811,-0.00858801368546496,0.05820935686003152,-0.1635259293430208,0.08824818360050744,-0.10627763041556144,0.14173682389574443,-0.08677199861607658,0.03272210048821743,-0.04284780686579787,0.15373851535770577,0.1208242032829739,0.13812324606927306,0.22788605697151423,0.09256141160189137,0.13371006804290161,0.028931688002152768,-0.017929496790066505,-0.11337408218967439,0.05479567908353516,0.15128589551378158,0.3700918771383539,,0.489639795486872,0.3707684619228847,0.24562334217506632,0.2310306385268904,0.16610156460231423,0.0303848075962019,0.4347441663783493,0.16212662899319571,0.2883250682351132,-0.12635220851112905,0.14255180102256565,0.11904047976011994,0.18371583439049705,-0.10215661400069197,0.42780917233690846,0.11305116672433015,0.02357282897013032,0.0018836735478414638,0.28374274401260907,0.35361549994233654,0.03128435782108945,0.07280206050820744,0.11189789720524353,0.09761273209549072,-0.053588590320224505,0.40128397339791644,0.06306077730365586,-0.026432937377465115
#18,0.07872986583631261,-0.18986660515895898,0.3263598969745896,0.29300734248260485,0.546403721216315,1.0,-0.0668588782531811,0.06708184369353784,-0.24230192596009686,0.08760235266981893,-0.3085149732825895,0.6909160804213278,0.42841656095029407,0.3824164840656595,-0.16890785376542497,-0.21502325760196825,0.2780840349056241,0.4796217275977396,-0.0915619113520163,-0.01629185407296352,-0.057786491369699766,-0.09971937108368892,-0.20049975012493754,-0.19151193633952254,-0.19488717179871604,-0.3904970591627263,-0.08537269826625149,-0.12491446584400108,0.500080728866336,0.44084880636604773,0.30092645984699956,0.2697574289778188,0.1185099757813401,0.2643831930188752,0.2983277591973244,0.22853188790220275,-0.003751970168761773,0.158082497212932,-0.12795140891092915,0.20777303655864376,0.07394764156383347,0.039334179064313995,0.24066428324299388,0.17810325606427554,-0.22893168800215277,-0.20723484411640333,0.2659055087840695,0.057509706685118976,0.0006227655403067697,-0.08394264406258409,0.11513474032214661,-0.05368085188175143,-0.18657594279783185,-0.22652519893899203,-0.2731864836812363,-0.26178449236920004,-0.33984546188444237,-0.549240764233268,0.15597585822473378,-0.12833583208395802,0.3784184830661592,0.45424210971437357,0.26547495483027717,0.044239418752162384,0.1605274285933956,-0.08990120324453157,0.21869834313612424,0.19965401914427403,-0.017252912005535692,-0.007419367239457194,0.1772729020105332,0.2038519201937493,0.15605274285933957,0.4062276554030677,0.21509245377311345,0.3455503017721908,-0.011678775996617076,-0.1397147580056126,0.09401453119594048,0.043232230038826744,0.20150693883827317,0.46522123553607814,,0.25532618306231497,0.11713374082189675,0.5094606542882405,0.4763541306269942,0.14391265905508785,0.01285511090608542,0.39471802560258334,0.38083266059278054,0.2670126475223927,-0.2967746895782878,0.19525621804482374,0.17412063199169647,0.14207511628800984,0.011294352823588205,0.3793564756083497,0.28814054511205933,0.05517241379310345,0.2398031753354092,0.57789566755084,0.4055741360089186,0.1686925767885288,0.014823357551993235,0.1753277207550071,0.042932379963864224,0.2155537615807481,0.3208703340637374,0.1417137585053627,-0.06076192672894322
#26,0.20931072925075925,0.47718448468073654,0.21118671433514014,0.19913120362895476,0.09888901702994657,-0.0668588782531811,1.0,0.18868258178603006,0.032383808095952024,0.2238188598008688,0.2949679006650521,0.02620228347364779,-0.004874485834006074,-0.04292469150040364,0.20630454003767348,0.28031368930919154,0.21431591896359511,0.050866874255180106,0.07551608810979125,0.09951178257025334,0.0910852266174605,0.23547457040710415,0.015115519163495175,0.05266597470495522,-0.08944758390035751,0.03455964325529543,0.09669011648022142,-0.047560834967131815,0.04706108484219429,0.08539576365663322,0.1726828893245685,0.061523084611540386,0.048137469726675125,0.04428554953292584,0.05102833198785223,-0.03482873947641564,-0.09178487679237304,-0.02384192519125053,-0.07294814131395841,-0.18573021181716834,-0.16450236420251413,-0.09007803790412486,-0.025271979394917925,-0.1332795140891093,-0.11634182908545727,-0.15993541690693114,0.16106562103563604,0.08773305654864876,0.19259600968746396,-0.08871717987160266,-0.025210471687233307,0.012040133779264214,-0.06166916541729135,0.01124822204282474,0.028147464729173875,-0.16068888632606773,-0.1122131242071272,-0.07227924499288817,-0.2310613923807327,-0.2906777380540499,-0.33424826048514206,-0.1711528850959136,0.024080267558528427,0.10208741782954676,0.14699573290277937,0.15816707031099836,0.137523545919348,-0.05442663283742744,0.2138546111559605,0.047783800407488565,0.30597009187713836,0.08940914158305463,0.14166762772459923,0.05524160996424864,0.018460000768846345,-0.030361742205820167,0.04937531234382809,-0.16316457156037367,-0.10686195363856534,0.18262407257909508,0.01633798485372698,0.044808365048245105,,0.041702225810171835,-0.008165148195133202,-0.2522354207511629,-0.2353515549917349,-0.06543651251297428,-0.15072463768115943,0.08290470149540614,0.02350363279898512,-0.057778802906239185,-0.1980625072079345,-0.14258255487640795,-0.2248414254411256,-0.15044785299657865,0.020766539807019566,0.05424979817783416,0.057017645023642025,-0.09055472263868065,-0.04250182601007189,-0.04856802368046746,-0.12888940145311958,-0.031245915503786567,0.21821396993810788,-0.10224887556221889,-0.07503940337523546,-0.18333141121746818,-0.17472802060508208,-0.2708107484719179,-0.3268827124899089
#49,0.5595279283435205,0.28110560104563104,0.22168915542228887,0.1760504363203014,0.08880175296966901,0.06708184369353784,0.18868258178603006,1.0,-0.06819667089532157,0.1729212316918464,0.25469572905854765,0.25567985238150154,0.017129896590166456,-0.04818360050743859,0.15380771152885095,0.012193903048475762,0.29668242801676087,0.08830200284473148,-0.12005535693691616,-0.08511897897205244,0.09156959981547688,-0.05147426286856572,0.17255987390919925,-0.06596701649175413,0.13750816899242688,-0.07219467189482182,-0.10532426094644985,-0.13020412870487832,-0.0002537192941990543,-0.21096374889478337,-0.19331103678929765,-0.11096759312651366,0.1184407796101949,-0.07726136931534233,-0.16347211009879675,-0.02072809748971668,-0.03281436204974436,-0.36987660016145774,-0.21461576903855764,-0.3367085687925268,-0.2079268058278553,-0.35228539576365664,-0.24812978126321455,-0.34302079729366086,-0.1631107523161496,-0.20106869642102027,-0.052904317072233115,-0.01869065467266367,-0.1334409718217814,-0.15608349671318186,-0.0504593856917695,0.07844539268827125,-0.00805750970668512,-0.18266251489639795,-0.026279168108253564,-0.18688348133625496,0.1641025641025641,-0.1935724445469573,-0.08967823780417483,-0.18343904970591626,0.03607427055702918,0.0018606081574597316,0.014708030600084573,-0.2328681812939684,0.011571137508168992,-0.12174681889824318,-0.07477799561757582,-0.4045823242225041,0.21536923845769423,-0.017283665859378003,0.31491946334525045,0.06431399684772998,0.1122515665244301,0.06681274747241764,0.15793641640718104,0.09633644716103487,0.0484526967285588,-0.0770691577288279,-0.05691769499865452,-0.021197093760811903,0.038211663399069694,0.08006765847845308,,0.05032099334947911,0.01474647291738746,-0.06529812017068388,0.06021604582324223,0.09897359012801292,-0.062438011763349094,0.11057548149002422,-0.25687156421789104,0.03864221735286203,-0.04345519547918349,-0.13557836466382195,0.10249490639295737,0.04675354630377119,0.1276669357628878,0.08296620920309077,0.060369815092453774,-0.03296813131895591,0.0015530696190366356,0.042601776035059394,-0.06495982777841848,0.04703801945181255,0.2795679083535155,0.13212624457002267,-0.09563679698612232,0.06174605005189713,-0.06788144389343789,-0.17332872025525697,-0.034674970207204094
#50,-0.11227463191481182,0.22551032176219582,-0.015353861530773075,-0.08594164456233422,-0.06640525890900703,-0.24230192596009686,0.032383808095952024,-0.06819667089532157,1.0,0.049767423980317534,0.01836005074385884,-0.1061238611463499,0.121877522777073,0.04019528697189867,-0.07988313535539922,-0.1426978818283166,0.07919117364394726,-0.18386191519624803,0.16813900741936724,-0.010079575596816976,0.019736285703302194,-0.1496713181870603,0.02970053434821051,-0.08904778380040748,-0.12332295390766156,-0.13323338330834583,0.05921654557336716,0.15197785722523355,-0.03978779840848806,-0.11127513166493676,-0.17161419290354823,-0.03808864798370046,-0.0071118287010340986,0.0795832852804367,0.25969323030792296,0.2706031599584823,0.1592665205858609,-0.1301426209971937,0.1291892515280821,0.004220966439856994,0.07661553838465383,0.2832122400338292,0.24064890631607272,-0.01803713527851459,0.14662668665667167,0.04490062660977204,-0.006104639987698459,0.07194864106408334,0.07334025295044785,-0.021989005497251374,-0.1151731826394495,-0.07434744166378349,-0.3145734824895245,-0.10607773036558643,-0.1618882866259178,-0.2881866758928228,-0.06300695805943182,-0.2924076423326798,0.13416368738707568,-0.007211778726021604,-0.14392034751854843,-0.3089762810902241,0.07106446776611694,-0.059039710913773885,0.2698189366855034,0.34139853150347904,0.10493983777342099,-0.0035751355091684926,0.1398762157382847,0.246684350132626,0.1571983239149656,0.027640026140775768,-0.113781570753085,0.049959635566831966,-0.014738784453926883,0.06742013608580326,-0.09523699688617229,-0.008964748395033252,0.00974128320455157,-0.03940337523545919,-0.118202437242917,0.2162380348287395,,-0.11774881789874293,0.2785376542497982,-0.21996693960711952,-0.2329758197824165,-0.17960250643908815,0.23485180486679738,0.18256256487141045,0.22727866835812863,0.10158766770460924,0.18964363971860224,0.0447084150232576,-0.02108176680890324,-0.14209818167839158,-0.10275631415061699,0.05220466689732057,0.11819474877945643,0.19331872525275823,0.07501633798485373,-0.18551493484027218,-0.16806212278476146,0.01554607311728751,0.1191250528581863,-0.12971975550686196,0.2753623188405797,-0.2726406027755353,-0.058386191519624805,-0.10769999615576827,-0.019890054972513744
#51,0.4068350440164533,0.3216622458001768,0.39096605543382157,0.5011801791411986,0.1206166147695383,0.08760235266981893,0.2238188598008688,0.1729212316918464,0.049767423980317534,1.0,0.5573982239649407,-0.019628647214854113,0.2546649752047053,0.08022142774766462,0.18061738361588436,0.16343366778149387,0.47876061969015493,0.26492907392457615,-0.0015992003998001,-0.014100641986698957,-0.10717718064044901,0.06675123976473302,0.2839733979164264,0.1306500595855918,-0.059039710913773885,-0.047214854111405836,-0.004144081805251221,-0.007480874947141814,0.053204167147195634,0.07240226040825741,0.17286741244762235,-0.20681966708953214,0.23101526159996924,0.048460385192019374,0.12716718563795026,0.19780878791373543,-0.11122131242071272,0.00956444854495829,-0.20281397762657133,-0.2058201668396571,-0.18233191096759313,-0.019113520162995425,-0.02158151693384077,0.02946219198093261,-0.168015992003998,-0.4043132280013839,0.2451235920501288,-0.01580748087494714,0.04461615346173067,-0.2608311229000884,0.031430438626840425,-0.08016760850344058,-0.24295544535424596,-0.265459577903356,-0.29925806327605425,-0.2547111059854688,-0.2033367931418906,-0.28674893322569484,0.030623149963479798,-0.10202591012186214,0.01214008380425172,0.03109214623457502,0.24363971860223735,-0.06421404682274247,-0.007796101949025487,0.02008226655902818,0.1946257640410564,-0.07051089839695537,0.32339215007880673,0.2613231845615654,0.2988428862491831,0.3046707415523008,0.10982201207088764,0.21954407411678775,-0.10846115403836543,0.05014415868988582,-0.22770922231192095,-0.10212586014684966,0.3202783223772729,0.3472648291238996,-0.20501287817629646,0.08037519701687618,,0.015338484603851921,0.06788144389343789,0.026924999038942066,0.021220159151193633,-0.2274555030177219,0.05647176411794103,0.07942182754776458,0.019620958751393535,0.028293545534924844,-0.037834928689501404,-0.05015953561680698,0.1288202052819744,0.043309114673432514,0.348295083227617,0.2763464421635336,-0.06196901549225387,0.17984084880636605,0.022857801868296623,0.20566639757044555,-0.04174066812747473,0.37425902433398683,0.1420212970437858,0.14498904393956868,0.0004228654903317572,0.07952946603621266,-0.28081343943412906,-0.010433244916003536,0.029216161150194132
#52,0.2812593703148426,0.3266520585860916,0.16167300964902165,0.2043593587821474,-0.22100488217429748,-0.3085149732825895,0.2949679006650521,0.25469572905854765,0.01836005074385884,0.5573982239649407,1.0,-0.3037327490101103,0.17099142736324147,0.04457002268096721,0.2381501556913851,0.2807442432629839,0.2648137469726675,-0.137869526775074,0.09002421865990082,0.10540114558105562,-0.0175912043978011,0.20311382770153386,0.34335908968592627,0.17332872025525697,0.06800445930880714,0.1556298773690078,0.003098450774612694,0.11954791834851805,-0.2668511897897205,-0.11209010879175797,-0.06916541729135432,-0.21285511090608542,-0.027909122361895976,-0.13018875177795716,-0.09481413139584054,0.08658747549302272,-0.09512166993426363,-0.04257102218121708,-0.32711336639372623,-0.37153730826894243,-0.2579710144927536,-0.15856687041094839,-0.16654749548302772,-0.09234613462499519,-0.08139007419367239,-0.24211740283704303,0.1072463768115942,0.134540422096644,-0.1144274016837735,-0.05788644139468727,-0.13785414984815283,0.001791411986314535,-0.17671164417791105,-0.19906969592127013,-0.18097105293507093,-0.1184792219274978,-0.07782262714796448,0.055218544573866914,-0.0017299042786299158,-0.16823126898089416,-0.17056087340944912,-0.20957982547187945,0.20604313228001384,0.0415100142236574,-0.059908507284819126,0.10664667666166916,0.16102717871833314,-0.02780917233690847,0.340998731403529,0.2462384192519125,0.14655749048552646,0.24935993541690693,-0.004128704878330065,-0.03918809825856302,-0.155499173490178,-0.09542920847268674,-0.12335370776150387,-0.06126167685388075,0.2704647676161919,0.3756352592934302,-0.17341329335332334,-0.12524506977280592,,-0.03901895206243032,0.07523161496174989,-0.2595087071848691,-0.15106293007342483,-0.11279744743013109,0.08095183177641949,-0.05065159727828394,-0.07483181486179986,-0.05371160573559374,0.11078307000345981,-0.15003267596970746,-0.030592396109637487,-0.1946949602122016,0.20162226579018183,-0.012624457002268098,-0.20603544381655325,0.13434052204666896,-0.11714142928535733,-0.20650444008764848,-0.36150386345288893,-0.006719717064544651,0.010433244916003536,-0.14527351708761005,-0.24626148464229425,-0.11205166647445508,-0.4049359935416907,-0.11723369084688424,-0.021250913005035944
#53,0.15476108099796257,-0.13723138430784607,0.20677353630876869,0.15732133933033482,0.6185445738669128,0.6909160804213278,0.02620228347364779,0.25567985238150154,-0.1061238611463499,-0.019628647214854113,-0.3037327490101103,1.0,0.35019413370237956,0.18508438088647983,-0.19426440625840927,-0.17864913696997656,0.17231384307846076,0.4462230423249913,-0.09575981240149156,-0.047214854111405836,0.004935993541690693,-0.1394994810287164,-0.12144696882328067,-0.15979702456464076,-0.20758082497212932,-0.3655479952331527,-0.2246030830738477,-0.25435743666628224,0.4394648829431438,0.38162457232922,0.29735132433783107,0.14010686964210203,0.3305501095606043,0.18624533886902703,0.35439972321531543,0.06992657517395148,0.10380194518125553,-0.015269288432706724,-0.08726406027755353,-0.032360742705570295,0.17043016953061932,0.015300042286549033,0.25278130165686385,0.06529043170722332,0.0965671010648522,-0.05929343020797294,0.15743666628224348,-0.06129243070772306,0.006804290162611002,-0.2829892745934725,-0.08273555529927344,-0.16111944027986008,-0.3200784223272979,-0.3463345250451697,-0.3674393572444547,-0.4024449313804636,-0.22394956367969862,-0.42958520739630185,0.11557298273939953,-0.1649867374005305,0.257909506785069,0.20811132895090917,0.2182754776457925,-0.19722446469073154,0.06602852419943875,-0.061138661438511516,0.14197516626302234,-0.016091954022988506,0.11076000461307807,0.008687963710452466,0.1975781340099181,0.14384346288394265,0.2587783031561143,0.2831891746434475,0.21413908430400186,0.14205973936108868,0.011471187483181487,-0.1597508937838773,-0.0038057894129858148,0.037558144004920614,0.4327067235612963,0.5216161150194134,,0.5313804636143467,0.2395110137239073,0.39736285703302193,0.3561757582747088,0.26702033598585323,0.04975973551685696,0.6041133279514089,0.20310613923807327,0.3435897435897436,-0.21732210817668088,0.19922346519048167,0.2084726867335563,-0.014423557452043208,-0.18855187790720024,0.31941721446968824,0.22829354553492484,0.10746165378849037,0.04689962710952216,0.5223465190481682,0.2569561373159574,0.03545150501672241,0.02807826855802868,0.17610425556452544,-0.016683965709452967,0.13500172990427864,0.3393841540768078,0.04772229269980394,-0.07670779994618075
#54,-0.09736670126475223,-0.07294814131395841,-0.026440625840925693,-0.04521585361165571,0.3437050705416522,0.42841656095029407,-0.004874485834006074,0.017129896590166456,0.121877522777073,0.2546649752047053,0.17099142736324147,0.35019413370237956,1.0,0.5093376388728712,-0.11904816822358051,-0.11153653942259639,0.25204320916464845,0.13666243801176334,0.054595779033560145,0.021504632299234997,-0.06428324299388767,-0.2115019413370238,0.2497136047360935,0.035520701187867605,-0.044370122630992194,-0.10557029177718832,-0.13471725675623727,-0.08202052819743974,0.2570868411947872,0.2745704071041402,0.19999231153653943,-0.04411640333679314,-0.0007073386383731211,0.11777957175258524,0.4228654903317572,0.30994502748625685,0.15473801560758083,0.03808864798370046,-0.11407373236458694,0.05466497520470534,0.0970745396532503,-0.05163572060123784,0.27207934494291314,0.26652827432437626,0.11239764733018107,-0.10221812170837657,0.0534194441240918,0.012001691461961327,-0.1304578479990774,-0.2273171106754315,-0.19426440625840927,-0.16440241417752663,-0.5108830200284473,-0.25683312190058816,-0.40852650597778034,-0.26873486333756197,-0.3056164225579518,-0.3900895705993157,0.17656556337216006,-0.1091146734325145,0.05316572482989275,-0.10787683081536155,0.43788874793372545,-0.004067197170645446,-0.08079806250720793,-0.03149963479798562,0.5235305424210971,0.2173528620305232,0.2211970937608119,0.27562372659823936,0.2015992003998001,0.14823357551993235,0.1936647061084842,0.1753969169261523,0.07279437204474686,0.0663821935186253,-0.17099911582670205,-0.30736939222696347,0.4374274401260908,0.37714988659516396,0.04097951024487756,0.33849998077884136,,0.21230154153692385,0.3360704263252989,0.06696651674162919,0.027786106946526737,0.14425095144735325,0.08413485564909853,0.46258409256910005,0.40590473993772347,0.37091454272863567,0.10424018759850844,0.02842424941375466,0.08962441855995079,-0.20685810940683505,-0.13441740668127475,0.18408488063660478,-0.012355360781147887,0.13093453273363317,-0.0634913312574482,0.16337984853726983,-0.04400876484834506,0.019151962480298313,-0.11059085841694537,0.10038057894129858,-0.06801214777226772,-0.0472609848921693,0.006942682504901395,-0.04487756121939031,0.010879175796717025
#58,-0.37129127743820395,-0.18564563871910197,-0.12445315803636643,-0.20006919617114519,0.01089455272363818,0.3824164840656595,-0.04292469150040364,-0.04818360050743859,0.04019528697189867,0.08022142774766462,0.04457002268096721,0.18508438088647983,0.5093376388728712,1.0,-0.045331180563564374,-0.1667550839964633,-0.08012147772267712,-0.09924268634913312,0.07749971168262022,-0.007288663360627379,-0.058709106984969055,-0.1837312113174182,-0.020451312805135895,-0.2716487909891208,-0.18935916657056087,-0.21652250797678085,-0.35523776573251836,-0.2471610348671818,0.1641025641025641,0.1245992388421174,-0.012639833929189251,-0.05845538769077,-0.12164686887325568,0.16166532118556107,0.2882251182101257,0.4701879829316111,0.13251066774305156,0.16530965286587476,-0.06989582132010917,0.19473340252950447,0.09578287779187329,0.1306269941952101,0.2469226924999039,0.3313035789797409,0.003936493291815631,-0.24778380040748857,0.001906738938223196,0.01803713527851459,-0.1775419982316534,-0.20977972552185445,-0.04710721562295775,-0.29287663860377505,-0.4194979433360243,-0.30271018336985356,-0.28020605082074346,-0.1875139353400223,-0.19919271133663938,-0.19733210317917965,-0.10477838004074885,-0.22481836005074385,0.11385845538769077,0.13353323338330836,0.5069849690539345,0.24067966016991504,-0.14781071002960058,-0.1741436973820782,0.6092261561526929,0.3266366816591704,0.22381117133740822,0.3086379886979587,0.11032176219582517,0.043755045554146006,0.16292622919309577,-0.03593587821473879,0.29772805904739935,0.28362741706070044,-0.05405758659131973,-0.2582170453234921,0.4498443086149233,0.23095375389228462,0.09051628032137778,0.2528043670472456,,0.1641333179564064,0.21383154576557875,0.19412601391611886,0.11469649790489371,0.10845346557490486,0.07881443893437896,0.3572982739399531,0.35112443778110947,0.15121669934263637,0.14062199669396072,-0.0483143043862684,0.05612578326221505,-0.32083958020989506,-0.19933110367892976,-0.010079575596816976,-0.2058893630108023,0.1011571137508169,-0.046584400107638486,0.08461154038365433,-0.145219697843386,0.1238842117402837,-0.12665205858609158,0.006581324722254258,-0.17936416407181024,0.10518586860415946,0.001922115865144351,-0.12558336216507132,-0.1427978318533041
#101,0.1993234152154692,0.3020028447314804,0.14342828585707146,0.20864952139314957,-0.16545573367162572,-0.16890785376542497,0.20630454003767348,0.15380771152885095,-0.07988313535539922,0.18061738361588436,0.2381501556913851,-0.19426440625840927,-0.11904816822358051,-0.045331180563564374,1.0,0.35067081843693537,0.11151347403221466,0.14517356706262252,0.17509706685118978,-0.08029062391880983,0.2190827663091531,0.19538692192365356,0.040994887171798715,0.08345058240110714,0.3081843693537846,0.21645331180563565,-0.24748395033252604,-0.18741398531503478,-0.09106984969053934,-0.19430284857571214,-0.3827086456771614,0.13340252950447853,-0.22591781032560643,0.08534194441240918,-0.17891823319109676,-0.06150770768461923,0.08120555107061854,0.21154807211778726,0.20215276976896168,0.010071887133356399,0.019682466459078153,0.05631799484872948,-0.07799177334409718,0.01557682697112982,-0.30596240341367775,-0.037265982393418676,-0.2974820282166609,-0.26678199361857535,-0.2340598931303579,-0.34615000192211587,-0.22681736055049398,0.024925998539191942,0.013923807327105677,0.20311382770153386,0.42937761888286624,0.23543612808980124,-0.06402183523622804,-0.009971937108368892,0.08272786683581286,-0.04905239687848383,-0.2114327451658786,-0.038188598008687964,0.025625648714104485,0.12902779379541,-0.0916618613770038,-0.11711067543151502,-0.011017568139007419,-0.23319878522277324,0.23266828124399339,0.008841732979664015,0.26533656248798676,0.10989889670549341,0.1387229462191981,0.012578326221504633,0.05028255103217622,-0.13903817322108178,-0.05995463806558259,-0.14741090992965056,0.023580517433590898,0.10031138277015339,-0.11367393226463691,-0.45217391304347826,,-0.18575327720755008,-0.51438127090301,-0.2973205704839888,-0.21783723522853957,-0.1573751585745589,-0.040648906316072736,-0.27241763733517854,-0.159374159074309,-0.2234036827739976,-0.47741513858455387,0.03937262138161688,0.19267289432206974,0.19116595548379656,0.19205781724522356,-0.37874139853150346,-0.09085457271364318,-0.11342790143389843,-0.025894744935224694,-0.30772306154615,-0.03308345827086457,-0.22020528197439743,0.005789412985814785,-0.08840195286971898,-0.15750586245338868,0.06696651674162919,-0.017229846615153963,-0.02336524045669473,-0.03539768577249837
#102,0.2414023757352093,0.16518663745050552,0.2276630915311575,0.1947641563833468,-0.2778533810018068,-0.21502325760196825,0.28031368930919154,0.012193903048475762,-0.1426978818283166,0.16343366778149387,0.2807442432629839,-0.17864913696997656,-0.11153653942259639,-0.1667550839964633,0.35067081843693537,1.0,0.2096643985699458,-0.0016837734978664514,0.13234921001037941,0.38330834582708645,0.053311805635643715,0.6110790758466921,0.21430054203667398,0.3867220236035828,-0.01643024641525391,0.47137200630454,-0.02158151693384077,0.046199976934609616,-0.15949717448967823,-0.030730788451927882,-0.16278014838734478,-0.1343712759005113,0.007796101949025487,-0.03987237150655441,-0.39767039557144507,-0.22385730211817167,-0.25129742820897244,0.16248798677584284,-0.14370507054165224,-0.06851189789720524,-0.03316803136893092,-0.07315572982739399,-0.22215815169338407,0.09113135739822396,-0.08535732133933034,0.0287856071964018,-0.12493753123438281,-0.04855264675354631,-0.19893130357897973,-0.0363049244608465,-0.15064006458309306,0.19451043708914773,0.1634182908545727,0.3140891092915081,0.16650136470226426,0.3668550340214508,-0.27249452196978435,0.20702725560296775,-0.13720063045400377,-0.09999615576826971,-0.1561065621035636,-0.11216699342636374,-0.14218275477645792,0.35842847806865796,0.015276976896167301,0.17042248106715874,-0.02960827278668358,0.09152346903471341,0.021273978395417677,-0.10654672663668166,-0.03688924768385038,-0.01939030484757621,-0.05444969822780917,-0.04078729865836313,-0.3890823818859801,-0.489839695536847,-0.020505132049359935,-0.2760158382347288,0.13710836889247685,0.24323223003882674,-0.11679544842963134,-0.16742398031753353,,-0.2945296582477992,-0.3898896705493407,-0.26153846153846155,-0.23845769422980817,-0.1662399569446046,-0.08109022411870988,-0.2832968131318956,-0.10859185791719525,-0.4146849652097028,-0.2992042440318302,-0.06664360127628494,-0.22436474070656978,0.05031330488601853,0.2538038672971207,-0.23880367508553416,0.09503709683619728,-0.3476723176873102,-0.06269941952100873,-0.10140314458155537,-0.003721216314919463,-0.10311767193326414,-0.011771037558144005,-0.18214738784453927,-0.010294852573713143,-0.10840733479414139,-0.11960942605620267,-0.036943066928074426,-0.2230423249913505
#201,0.5394149079306501,0.14887171798716026,0.43961865221235535,0.41197093760811904,0.3548456540960289,0.2780840349056241,0.21431591896359511,0.29668242801676087,0.07919117364394726,0.47876061969015493,0.2648137469726675,0.17231384307846076,0.25204320916464845,-0.08012147772267712,0.11151347403221466,0.2096643985699458,1.0,0.2604005689462961,-0.1675008649521393,-0.07117210625456502,-0.08932456848498828,0.1397378233959943,0.039610963748894785,0.14189059316495597,-0.0033060392880482833,-0.0687656171914043,-0.03774266712797447,-0.15571445046707416,0.22824741475416138,0.03159958482297313,0.16101949025487255,0.13447891438895937,0.23473647791488872,0.14850267174105256,0.06784300157613501,0.00601237842617153,-0.09474493522469535,-0.032829738976665516,-0.2167762272709799,-0.22161995925114367,-0.015615269288432706,-0.04653826932687503,-0.0031368930919155806,-0.06777380540498981,-0.2721024103332949,-0.1984007996001999,0.06586706646676661,-0.17371314342828587,-0.121877522777073,-0.34623457502018223,-0.027847614654211355,0.27123361396224965,-0.010686964210202592,0.05853996078883635,-0.055710606235343865,-0.007265597970245646,-0.20750394033752353,-0.42290393264906007,0.18833660093030408,0.015838234728789452,0.10891477338253949,-0.03013877676546342,-0.043693537846461385,-0.1052396878483835,0.11861761426978819,-0.026617460500518973,-0.0038211663399069697,-0.08998577634259793,0.08754853342559489,-0.037834928689501404,0.41837542767078,0.210825356552493,0.05319647868373505,0.23918040979510244,0.07668473455579902,0.06674355130127244,0.1987698458463076,-0.02410333294891016,-0.0409333794641141,0.021643024641525392,0.015023257601968246,0.16857724983662015,,0.017929496790066505,0.16550186445238918,0.13529389151578058,0.11408142082804751,-0.0851958636066582,0.04752239264982893,0.18487679237304425,0.030592396109637487,0.052927382462614844,-0.12433014262099719,0.09762042055895129,0.08030600084573097,0.3763502863952639,0.3235228539576366,0.4210894552723638,0.2894398954368969,-0.008903240687348633,0.20087648483450582,0.2910621612270788,0.25561834467381694,0.14965594126013917,0.3450121093299504,0.09218467689232307,0.2600622765540307,-0.0645446507515473,0.15279283435205473,0.18221658401568447,-0.016806981124822203
