,#10,#11,#12,#13,#17,#18,#26,#49,#50,#51,#52,#53,#54,#58,#101,#102,#201,#202,#301,#302,#401,#402,#501,#502,#601,#602,#701,#702,#801,#802,#901,#902,#1001,#1002,#1101,#1102,#1201,#1202,#1301,#1302,#1401,#1402,#1501,#1502,#1601,#1602,#1701,#1702,#1801,#1802,#1901,#1902,#2001,#2002,#2101,#2102,#2201,#2202,#2301,#2302,#2401,#2402,#2501,#2502,#2601,#2602,#2701,#2702,#2801,#2802,#2901,#2902,#3001,#3002,#3101,#3102,#3201,#3202,#3301,#3302,#3401,#3402,#3455,#3501,#3502,#3601,#3602,#3701,#3702,#3801,#3802,#3901,#3902,#4001,#4002,#4101,#4102,#4201,#4202,#4301,#4302,#4401,#4402,#4501,#4502,#4601,#4602,#4701,#4702,#4801,#4802
#10,1.0,0.36191135201629954,0.34526582862414945,0.3626878868258179,0.12536039672471458,0.306231499634798,0.13374082189674394,0.7596278783685081,0.3088071348940914,0.5592511436589398,0.460838811363549,-0.0675739053550148,-0.012301541536923847,0.11210548571867912,0.4579479491023719,0.4711029100834198,0.3493484027217161,0.1052396878483835,0.5756506362203514,0.27327874524276324,0.32133164187137203,0.11046015453811556,-0.07894514281320877,0.02395725214315919,-0.09256910006535193,-0.09871218237035329,-0.17156806212278475,-0.3918656056587091,-0.16555568369661322,0.09529081613039635,-0.4198054818744474,-0.1972782839349556,-0.5103909583669703,-0.32999654019144276,-0.007542382654826433,0.3916272632914312,0.06875792872794372,0.16618613770038057,-0.17057625033637028,-0.18161688386575942,0.282889324568485,0.3039787798408488,0.07837619651712605,0.11399684772998116,-0.3342790143389844,-0.12045515703686618,-0.4533810018067889,-0.3181716833890747,-0.0997270595471495,0.03073847691538846,-0.32965055933571674,-0.176111944027986,-0.47770730019605584,-0.2556567869911198,-0.09878137854149849,-0.06312228501134048,-0.5110367892976588,-0.31475800561257833,-0.7166186137700381,-0.691331257448199,-0.4838734478914389,-0.6323914965594126,0.2864952139314958,0.15666781993618575,0.16261100219121208,-0.33142659439511013,0.4852266174605005,0.13138815207780724,0.5392303848075962,0.2694652673663168,0.3660169915042479,0.37844923692000154,0.6944527736131934,0.1155499173490178,0.48847883750432475,0.2715565294275939,-0.5058547649252297,-0.5821089455272364,0.06782762464921385,0.2077576596317226,0.053488640295237,0.26707415523007727,,0.2855495329258448,0.1882597162956983,-0.43714296697804944,-0.6897858762926229,-0.16688578787529312,0.27949102371890977,-0.08168992426863492,-0.066005458809057,-0.32990427862991584,-0.17729596740091494,-0.7180025371929419,-0.5759966170760773,-0.0018144773766962672,0.02318840579710145,0.06881943643562834,-0.37327490101103294,-0.1069080844193288,-0.052581401606888865,-0.10930688501902895,-0.25460346749702073,0.2665897820320609,0.10383269903509784,0.20512820512820512,-0.5221081766808904,-0.402329604428555,-0.0951678007150271,-0.4852112405335794,-0.6950524737631184
#11,0.36191135201629954,1.0,0.4355514550417099,0.1077538153999923,-0.03053088840195287,0.09774343597432053,0.33979933110367894,0.3380771152885096,0.2452542959289586,0.3962787836850805,0.37854918694498907,-0.13884596163456733,0.018813670088032905,0.1656018144773767,0.21479260369815092,0.12417637335178565,0.26391419674777994,0.18202437242917002,0.12178526121554607,-0.06054664975204705,0.2001307038788298,-0.0055895129358397725,0.07150271018336986,-0.004190212586014685,0.005174335908968593,-0.10580863414446623,0.03762734017606581,-0.04592319225002883,0.07191019874678045,-0.13377926421404682,-0.2055741360089186,-0.23489793564756084,-0.1416830046515204,-0.13469419136585553,0.06984200207588513,0.09326875024026449,-0.01243993387921424,-0.22637911813324108,-0.1441663783492869,-0.14481989774343598,0.118202437242917,0.14826432937377465,0.05379617883366009,-0.16649367623880368,-0.03632030138776766,-0.0292622919309576,-0.18916695498404643,-0.09835851305116672,0.06073117287510091,0.06281474647291739,-0.10026525198938992,0.2583246838119402,-0.05694844885249683,0.1029946565178949,0.1287586975742898,-0.03499019720908776,-0.21919809326106177,-0.3247145657940261,-0.3471033713912275,-0.18902856264175605,-0.2751162880098412,-0.1838388498058663,-0.050536270326375275,0.026186906546726636,0.14802598700649675,0.022696344135624495,0.19331103678929765,0.1137431284357821,0.283635105524161,0.05098988967054934,0.29300734248260485,0.20063045400376733,0.2290239495636797,0.2982970053434821,0.13477107600046132,-0.026402183523622804,-0.18722946219198094,-0.31072925075923574,-0.10444008764848345,-0.10705416522507977,-0.04621535386153077,0.024918310075731365,,-0.10879175796717026,-0.12916618613770037,-0.20305231999384923,-0.3615192403798101,-0.133248760235267,0.10577019182716334,-0.18293161111751816,-0.011271287433206474,-0.252343059239611,-0.15303117671933264,-0.36277245992388424,-0.3197324414715719,0.1768654134471226,-0.21376234959443355,0.06163841156344904,0.0554261330873025,-0.06421404682274247,-0.04204051820243724,0.22070503209933495,-0.16643985699457964,0.25822473378695265,0.2278245492638296,0.12385345788644139,-0.07092607542382655,-0.10910698496905394,-0.05199707838388498,-0.19858532272325377,-0.307776880790374
#12,0.34526582862414945,0.4355514550417099,1.0,0.47874524276323377,-0.17076846192288472,0.1607350171068312,0.2285857071464268,0.45851689539845464,0.15220851112905087,0.6645907815323108,0.43257601968246645,-0.18709875831315112,0.16105793257217546,0.22305001345481107,0.3718294698804444,0.22725560296774688,0.6295775189328413,0.6360281397762657,0.32692884327067234,0.019267289432206975,0.3148425787106447,0.04400876484834506,0.2666589782032061,0.04515434590397109,-0.00180678891323569,-0.28308922461846,0.22188905547226387,-0.10508591857917195,0.45415753661630726,-0.40971821781416984,-0.06495982777841848,-0.37550455541460037,-0.11797947180256026,-0.21781416983815785,-0.05220466689732057,-0.20509745127436282,-0.08433475569907355,-0.33143428285857074,-0.4399108138238573,-0.40702725560296776,0.20169915042478762,0.07813785414984815,0.08009072386883481,-0.2001307038788298,-0.2530042670972206,-0.2264636912313074,-0.3473263368315842,-0.24863721985161266,-0.028147464729173875,-0.085672548341214,0.008664898320070735,0.009341483104601546,0.005428055203167647,0.2809210779225772,0.36144235574520434,0.04417791104447776,-0.25401914427401684,-0.4530427094145235,-0.40994887171798716,-0.28914004536193444,-0.41246299926959595,-0.4237265982393419,-0.22554876407949873,-0.20692730557798025,0.2798293161111752,-0.013908430400184524,0.18546880405950872,0.10743089993464806,0.4750394033752355,0.1917964094875639,0.6431707223311421,0.5500711182870104,0.3218160150693884,0.2727482412639834,0.05032868181293968,0.13967631568830968,-0.4514819513320263,-0.2962364971360474,0.24194056817744974,0.09223849613654711,-0.11621881367008803,0.05416522507976781,,-0.005028255103217622,-0.23748125937031483,-0.36895398454618844,-0.4454849498327759,0.09600584323223003,0.04098719870833814,-0.05673317187560066,-0.009933494791066005,-0.402729404528505,-0.3548456540960289,-0.40202206589013184,-0.3783723522853958,0.5369007803790412,0.09774343597432053,0.39906200745780956,0.11029100834198285,-0.034513512474531965,0.18131703379079692,0.5329719755506862,0.013647022642524891,0.3991158267020336,0.47430131088302,0.27137200630454006,-0.12362280398262407,-0.29685157421289354,-0.06011609579825472,-0.39453350247952945,-0.41322415715219313
#13,0.3626878868258179,0.1077538153999923,0.47874524276323377,1.0,-0.06649752047053396,0.3024872179294968,0.25303502095106295,0.38313151116749317,0.05454964825279668,0.5215469188482682,0.2004459308807135,-0.10740014608080575,0.017398992811286665,0.04550032675969708,0.2769538307769192,0.28296620920309073,0.4804674585784031,0.32295390766155385,0.35991235151654943,0.11234382808595703,0.2358666820435936,0.09023180717333641,0.10991427363241456,0.048429631338177064,0.014023757352093184,-0.04139468727174874,0.18086341444662285,-0.1142890093414831,0.14863337561988238,-0.05340406719717065,-0.109014723407527,-0.1333794641140968,-0.05140506669742052,-0.1824779917733441,-0.17977165263522085,-0.0896551724137931,-0.2542574866412947,-0.12112405335793641,-0.22860108407334795,-0.2288855572213893,0.22955445354245954,0.10395571445046707,0.0495752123938031,-0.03468265867066467,-0.3224464690731557,-0.18728328143620498,-0.3353553992234652,-0.31668780994118323,-0.025963941106369893,-0.10182601007188713,-0.014431245915503786,-0.20481297812632146,-0.1084380886479837,-0.00017683465959328028,0.0728481912889709,-0.1016337984853727,-0.41509245377311343,-0.2892399953869219,-0.3635182408795602,-0.3278053281051782,-0.369999615576827,-0.30972206204590014,-0.12015530696190366,0.08494983277591973,0.27427055702917774,-0.029269980394418176,0.1494791066005459,0.145765578749087,0.3320954907161804,-0.0032675969707453966,0.36569407603890364,0.4521816015069388,0.29123899588667207,0.08318148617998693,-0.0069965017491254375,0.10665436512512974,-0.419521008726406,-0.17332872025525697,0.12727482412639834,0.04631530388651828,-0.08561872909698996,0.2396340291392765,,0.03901895206243032,-0.25003652020143774,-0.32948141313958407,-0.4247645408065198,-0.11482720178372352,0.14367431668780994,-0.0010533194940991043,-0.02324222504132549,-0.2505977780340599,-0.10692346134624996,-0.32406873486333754,-0.3484180986429862,0.2157536616307231,0.02765540306769692,0.35078614538884406,-0.06715103986468304,0.08450390189520625,0.15992772844347058,0.3066082343443663,0.006481374697266751,0.31219774728020605,0.27208703340637375,0.2885710990658517,-0.10353284896013532,-0.30215661400069194,-0.09340714258255488,-0.25414984815284664,-0.364940606619767
#17,0.12536039672471458,-0.03053088840195287,-0.17076846192288472,-0.06649752047053396,1.0,0.39181178641448505,-0.04412409180025372,0.09924268634913312,0.17444354745704072,-0.03341406219966939,0.1469572905854765,0.6087417829546765,0.1208242032829739,-0.29602122015915117,-0.1466189981932111,0.09750509360704264,-0.01087148733325645,0.020743474416637833,0.044593088071348944,6.919617114519663e-05,-0.27582362664821436,-0.06545188943989544,-0.1137431284357821,0.12287702302694807,0.030277169107753816,0.04651520393649329,-0.2460692730557798,-0.1765578749086995,0.19759351093683927,0.19272671356629378,-0.06957290585476493,0.1366778149386845,-0.17995617575827472,-0.16826971129819707,0.2936685503402145,0.15752892784377043,0.09167723830392496,0.24301695306193058,0.21619959251143658,0.060392880482835504,0.127590051128282,0.18316226502133548,-0.022165840156844654,-0.13482489524468536,0.1851997078383885,0.11145965478799062,-0.2479375696767001,-0.2140237573520932,-0.16466382193518625,-0.16856956137315957,-0.10630069580594319,-0.1527082612539884,-0.15935109368392728,-0.22281167108753316,-0.31012955060931074,-0.24554645754046053,-0.2037750355591435,-0.20831122900088417,0.015822857801868297,-0.10283319878522278,-0.2397724214815669,-0.10839195786722024,0.3263752739015108,0.08744858340060739,0.025533387152577556,-0.14634990197209088,0.15843616653211856,-0.12862030523199938,0.12037827240226041,-0.1553300272940453,0.00538961288586476,-0.09133894591165956,0.14046822742474915,0.05373467112597547,0.047483950332526045,0.004889862760927228,-0.13097297505093608,-0.26765847845308116,0.009256910006535194,0.104593856917695,0.1840695037096836,0.3668550340214508,,0.3533771575750586,0.46013147272517585,0.0323223003882674,-0.05446507515473033,-0.08743320647368623,0.18889785876292622,0.3261984392419175,-0.017398992811286665,0.08913235689847385,0.08111328950909161,-0.002229654403567447,-0.01791411986314535,-0.16926921154807212,0.2421865990081882,-0.14621150962980048,-0.16064275554530427,-0.12496059662476454,-0.17946411409679774,-0.10848421942874717,-0.02433398685272748,0.046469073155729824,-0.1372236958443855,0.09873524776073501,-0.21846000076884634,-0.14717256756237265,-0.10345596432552955,-0.0017606581324722255,-0.11397378233959943
#18,0.306231499634798,0.09774343597432053,0.1607350171068312,0.3024872179294968,0.39181178641448505,1.0,0.07085687925268135,0.2628455003267597,0.11676469457578903,0.23974935609118517,0.21792180832660593,0.32481451581901355,0.16911544227886058,-0.00654288240495137,0.11761811401991312,0.11154422788605697,0.26728943220697343,0.3015030946065429,0.14179064313996848,0.012901241686848884,0.0953061930573175,-0.018890554722638682,0.011801791411986314,-0.03782724022604082,0.12658286241494637,-0.18114788759466421,-0.003482873947641564,-0.23086918079421828,0.26436781609195403,0.10371737208318918,-0.06653596278783686,0.028324299388767155,-0.2060815745973167,-0.06626686656671664,0.07573136508668743,0.024533886902702494,0.03907277130665437,0.06082343443662784,-0.12420712720562796,-0.20842655595279283,0.22355745204320918,0.3397685772498366,0.16960750394033752,-0.017844923692000154,-0.031222850113404838,-0.03976473301810633,-0.2280013839234229,-0.3495713681620728,-0.31709529850459384,-0.1333794641140968,-0.134540422096644,-0.20519740129935032,-0.2001383923422904,-0.247776111944028,-0.08534194441240918,-0.07792257717295198,-0.20063814246722791,-0.15863606658209356,-0.21107907584669203,-0.2612155460731173,-0.3848691039095837,-0.25095913581670704,0.13526313766193826,-0.045684849882750934,0.13067312497597355,-0.081797562757083,0.31821781416983813,0.15214700342136625,0.19983854226732786,-0.14611155960481298,0.18910544727636183,0.18045592588321224,0.21046399876984584,0.19897743435974322,0.10131857148348902,0.14179064313996848,-0.31944796832353056,-0.15169338407719218,0.14371275900511282,-0.01569215392303848,0.2913773882289624,0.546711259754738,,0.35091684926767386,0.18059431822550262,-0.21305501095606044,-0.2803290662361127,-3.844231730288702e-05,0.06993426363741206,0.22356514050666973,0.07540076115788259,0.01693768500365202,0.021427747664629224,-0.30351747203321416,-0.3411832545265829,0.09103140737323646,0.03209933494791066,0.36911544227886056,-0.0063968015992004,-0.16999961557682697,-0.18168608003690462,-0.007450121093299504,0.03591281282435705,0.16041210164148695,0.1485795563756583,0.163049244608465,-0.2191288970899166,-0.2782147387844539,-0.12665974704955216,-0.14996347979856225,-0.2785530311767193
#26,0.13374082189674394,0.33979933110367894,0.2285857071464268,0.25303502095106295,-0.04412409180025372,0.07085687925268135,1.0,0.20531272825125899,0.28252796678583786,0.35779802406489064,0.35272363818090957,-0.05107446276861569,-0.07589282281935955,0.10168761772959674,0.19202706339138123,0.055549148502671744,0.1133048860185292,0.22373428670280243,0.14894860262176604,-0.08847883750432477,0.13529389151578058,-0.12728251258985893,-0.05915503786568254,-0.07527005727905278,-0.014108330450159535,-0.24879867758428478,-0.220212970437858,-0.1251374312843578,0.10786914235190097,0.03645100526659747,0.13098066351439666,-0.05441125591050629,0.12054741859839312,-0.05031330488601853,0.05027486256871564,-0.11618037135278515,0.03213008880175297,-0.1874754930227194,-0.31366624380117636,-0.36830046515203935,-0.14142159689386077,-0.1477030715411525,-0.09217698842886249,-0.34611924806827354,-0.08468073655479952,-0.23004651520393649,-0.25858609156959983,-0.2666128474224426,0.1225925498789067,-0.06206896551724138,-0.047837619651712605,0.23880367508553416,0.1709068542651751,0.03534386652827432,0.21312420712720562,-0.11178257025333486,0.04919078922077423,-0.16401799100449774,-0.10736170376350286,-0.13433283358320838,-0.153115749817399,-0.19956175758274708,-0.1562757082996963,0.034759543305270445,0.01907507784569254,-0.002037442817053012,0.11119824703033099,0.29246146157690384,0.33397916426402185,0.18600699650174912,0.3719371083688925,0.27721523853457886,0.18860569715142428,-0.11825625648714104,0.07054934071425825,0.17535078614538885,-0.07818398493061161,-0.17654249798177835,0.16153461730673124,-0.07967554684196364,-0.015030946065428824,0.11140583554376658,,-0.07634644216353362,-0.16457156037365933,0.02650213354861031,-0.22417252912005536,0.09383769653634721,0.008180525122054357,-0.09888132856648599,-0.007696151924037981,-0.2248721792949679,-0.08188213585514935,-0.04496213431745666,0.030092645984699958,0.30286395263906507,-0.2977203705839388,0.13502479529466035,0.06925767885288125,0.2566870410948372,-0.06099258063276054,0.45010571637258295,-0.02964671510398647,0.1931649559835467,0.2248029831238227,0.29366086187675394,0.048844808365048245,-0.1258601468496521,-0.0432783608195902,-0.13427901433898434,-0.0569253834621151
#49,0.7596278783685081,0.3380771152885096,0.45851689539845464,0.38313151116749317,0.09924268634913312,0.2628455003267597,0.20531272825125899,1.0,0.38655287740745015,0.5116979971552685,0.5847076461769115,-0.04011071387383231,-0.04868335063237612,0.1767654634221351,0.4460615845923192,0.5577595817475878,0.36637066082343445,0.2206589013185715,0.598854418944374,0.26406027755353095,0.3024410871487333,0.19410294852573712,0.024111021412370738,0.22816284165609502,-0.022819359550993734,-0.08194364356283397,-0.2592780532810518,-0.47498558413101144,0.11167493176488678,0.054595779033560145,-0.4076577096067351,-0.3376081190174144,-0.3657709606735094,-0.4488524968285088,-0.0826817360550494,0.13543228385807096,0.02685580286779687,0.07323261446199977,-0.156790835351555,-0.256218044823742,0.26194595010187216,0.2399723215315419,0.23662015146273016,-0.05593357167570061,-0.30425556452542957,-0.06960365970860724,-0.55699073540153,-0.4620305231999385,-0.24067966016991504,-0.1899973090377888,-0.4129627493945335,-0.27462422634836425,-0.4629070080344443,-0.09360704263252989,-0.056118094798754466,0.08126705877830316,-0.5682312689808942,-0.46090031907123363,-0.6885557221389306,-0.7010494752623688,-0.6171606504440088,-0.6151232076269557,0.2622688655672164,0.14064506208434244,0.12850497828009072,-0.2205205089762811,0.42567177949486795,0.3067620036135778,0.6921692999654019,0.35453042709414523,0.48355053242609464,0.3562526429093146,0.6802675585284281,0.252050897628109,0.3206012378426171,0.18213969938107868,-0.6073040402875486,-0.6244646907315573,0.20389036251105216,0.4097259062776304,0.1508630300234498,0.3326183062314996,,0.29432975819782414,0.07892976588628763,-0.42193518625302734,-0.7732595240841118,-0.20876484834505823,0.3436589397608888,0.04997501249375312,-0.03973397916426402,-0.38209356860031524,-0.32275400761157885,-0.6733094990966055,-0.49559835466881946,0.1154807211778726,0.06382193518625302,0.12181601506938838,-0.34425095144735324,-0.22182754776457925,-0.07905278130165687,0.12903548225887057,-0.26817360550493985,0.35575289278437705,0.24841425441125592,0.28684119478722175,-0.5301503094606543,-0.5102141237073771,-0.012216968438857494,-0.5052781301656863,-0.6748241263983393
#50,0.3088071348940914,0.2452542959289586,0.15220851112905087,0.05454964825279668,0.17444354745704072,0.11676469457578903,0.28252796678583786,0.38655287740745015,1.0,0.35689847384000306,0.37937185253527084,0.13024257102218123,0.029162341905970092,0.2500518971283589,0.21839080459770116,0.22105870141852152,-0.007803790412486065,0.1592665205858609,0.3689232306923461,0.06276092722869335,0.12476838503825011,0.046799677084534655,-0.017091454272863568,0.2703417522008227,0.006296851574212893,0.10404028754853342,-0.18055587590819974,-0.26228424249413756,0.2313381770653135,0.06255333871525776,-0.18643755045554147,-0.08484988275093222,-0.034513512474531965,-0.1232383808095952,0.09745127436281859,0.11866374505055165,0.07995233152654442,0.03880367508553416,-0.07372467612347672,0.06538269326875024,-0.06728943220697343,0.10616999192711336,-0.13390996809287664,-0.10220274478145543,-0.00278322377272902,-0.034098335447660784,-0.29806635143966476,-0.2219121208626456,-0.08367354784146389,-0.15703686618229346,-0.24154076807749972,0.012316918463845,-0.1862914696497905,-0.017391304347826087,-0.15992003998001,-0.09439895436896936,-0.25739437973321033,-0.29811248222042824,-0.18160150693883828,-0.26129243070772307,-0.4956521739130435,-0.3225156652443009,0.03265290431707223,-0.07110291008341983,0.10802291162111252,0.01166339906969592,0.1875139353400223,0.10385576442547957,0.2660208357359782,0.13955330027294044,0.10840733479414139,0.06336062737861839,0.21971322031292045,0.11864067966016992,0.03618190904547726,-0.11258217045323492,-0.3058163226079268,-0.4207204090262561,0.16447929881213239,0.1744512359205013,0.2222119709376081,0.09542152000922616,,0.14801061007957558,0.09205397301349326,-0.14696497904893707,-0.31125206627455504,-0.1745511859454888,0.12942759389536002,-0.050559335716757005,-0.20601237842617154,-0.15344635374620383,-0.22054357436666283,-0.15241609964248645,-0.15325414215968938,0.04516203436743167,0.057701918271633415,-0.03492868950140315,-0.14221350863030024,-0.06834275170107254,-0.0982662514896398,0.14748010610079576,-0.15712143928035982,0.3043324491600354,0.0403874985584131,0.07412447622342674,-0.1874524276323377,-0.4708799446430631,-0.07066466766616691,-0.1711759504862953,-0.2289239995386922
#51,0.5592511436589398,0.3962787836850805,0.6645907815323108,0.5215469188482682,-0.03341406219966939,0.23974935609118517,0.35779802406489064,0.5116979971552685,0.35689847384000306,1.0,0.5374620382116634,-0.1750586245338869,0.27687694614231345,0.3013570138007919,0.49514473532464537,0.3695998154768769,0.5903279129665936,0.49912735939722447,0.4306154615000192,-0.07899896205743283,0.28055972013993,-0.044593088071348944,0.11894052973513243,-0.03675854380502057,0.05730211817168339,-0.3991773344097182,0.11777957175258524,-0.34857955637565835,0.2731941721446969,-0.26918848268173606,-0.1107523161496175,-0.2943451351247453,-0.25179717833390997,-0.25929343020797296,0.05752508361204013,-0.08760235266981893,0.10253334871026025,-0.16048898627609273,-0.474447391688771,-0.486564410102641,0.1887364010302541,0.0677814938684504,-0.004405489562910852,-0.08751777957175258,-0.3186714335140122,-0.2142236574020682,-0.4532195440741168,-0.38996655518394646,-0.06319916964594625,-0.011155960481297812,-0.07168723330642371,-0.005297351324337831,-0.08997039941567678,0.0657363625879368,0.2594471994771845,-0.0283781186329912,-0.377203705839388,-0.49817398992811285,-0.5180563564371661,-0.4699265751739515,-0.5253219544074117,-0.511252066274555,-0.05384999807788413,-0.03855764425479568,0.2553569369161573,-0.055356936916157305,0.44578479990773845,0.18120170683888825,0.5129050859185792,0.07453965325029793,0.6192903548225887,0.5746126936531735,0.47327105677930265,0.16457156037365933,0.1976550186445239,0.20126859647099526,-0.585791719524853,-0.5401837542767078,0.21955945104370891,-0.055633721600738095,-0.05754046053896129,0.05077461269365317,,0.02724791450428632,-0.15264675354630378,-0.4885095913581671,-0.5008572636758544,0.10406335293891515,0.14788759466420637,-0.22679429516011226,0.05419597893361012,-0.45278130165686387,-0.29412985814784914,-0.45487256371814094,-0.40232191596509437,0.495552223888056,-0.11025256602467996,0.30402491062161224,-0.1650251797178334,-0.0006996501749125438,0.06697420520508976,0.3301579979241149,-0.015230846115403837,0.39251143658939763,0.31586514435090146,0.22474916387959867,-0.1843462883942644,-0.44612309230000385,-0.09775881290124169,-0.45154345903971094,-0.4676123476723177
#52,0.460838811363549,0.37854918694498907,0.43257601968246645,0.2004459308807135,0.1469572905854765,0.21792180832660593,0.35272363818090957,0.5847076461769115,0.37937185253527084,0.5374620382116634,1.0,-0.08797139891592665,0.12142390343289894,0.2676815438434629,0.3232306923461346,0.2119786260715796,0.36224964440856494,0.37558912851266674,0.3998308538038673,-0.07586975742897782,0.09299965401914427,-0.11729519855456887,0.0929227693845385,0.2031676469457579,0.011947872217737285,-0.1866989582132011,-0.2640449006266098,-0.46485987775343096,0.23099219620958752,-0.021727597739591743,-0.09807403990312535,-0.1417752662130473,-0.17978702956214201,-0.2658670664667666,0.08337369776650136,-0.07451658785991619,0.17459731672625226,-0.11407373236458694,-0.18666820435935877,-0.2591704147926037,0.10875331564986737,0.06857340560488986,0.2344289393764656,-0.39446430630838425,-0.010587014185215085,-0.25037481259370314,-0.4752623688155922,-0.41365471110598545,-0.10992965055933572,-0.18827509322261946,-0.26218429246915004,-0.07585438050205666,-0.15775189328412717,0.02813208780225272,0.06324530042670973,-0.01057163725829393,-0.42990043439818554,-0.600545880905701,-0.3334871026025449,-0.3633644716103487,-0.5174643447507016,-0.44301695306193056,0.03398300849575212,-0.13245684849882752,-0.02066658978203206,-0.2041133279514089,0.3286741244762234,0.2320532041671472,0.42335755199323416,0.1301118671433514,0.42103563602813976,0.3432822050513205,0.3618882866259178,0.15542228885557222,0.0063506708184369355,-0.103502095106293,-0.4783300657363626,-0.44323991850228733,0.21443124591550378,0.24866028524199438,0.0924460846499827,0.23771191327413216,,0.11108292007842233,-0.002660208357359782,-0.2571867912197747,-0.4615153961480798,-0.03495175489178488,0.20720409026256104,0.10531657248298927,-0.016384115634490447,-0.23908814823357552,-0.19300349825087457,-0.328481912889709,-0.1318802137392842,0.28697958712951216,-0.07439357244454696,0.07024180217583516,-0.14605005189712836,-0.26024679967708453,-0.2243954945604121,0.3352246953446354,0.05209702840887249,0.3249067773805405,0.28310460154538114,0.1786337600430554,-0.2927536231884058,-0.5189020874178295,0.02934686502902395,-0.2927766885787875,-0.3378310844577711
#53,-0.0675739053550148,-0.13884596163456733,-0.18709875831315112,-0.10740014608080575,0.6087417829546765,0.32481451581901355,-0.05107446276861569,-0.04011071387383231,0.13024257102218123,-0.1750586245338869,-0.08797139891592665,1.0,0.18706031599584824,-0.22996963056933073,-0.33172644447007266,-0.1149732825894745,-0.11304347826086956,0.1905355014800292,-0.07512397647330181,-0.1273517087610041,-0.3373390227962942,-0.10022680967208704,-0.1821012570637758,0.09532156998423864,-0.03837312113174182,-0.001791411986314535,-0.07976780840349056,-0.005897051474262869,0.3065697920270634,0.21892899703994156,0.13323338330834583,0.0770999115826702,0.16690885326567487,0.015992003998001,0.42196594010686966,0.01986698958213201,-0.03656633221850613,0.003159958482297313,0.07255602967746896,0.04019528697189867,0.07589282281935955,0.14653442509514475,-0.048052896628608774,-0.05586437550455541,0.14455080152231575,0.14842578710644677,-0.04613078076346442,-0.04792988121323953,-0.07753815399992312,-0.23223003882674048,-0.016599392611386616,-0.16494829508322761,-0.06502902394956368,-0.2234805674086034,-0.26918079421827545,-0.2872640602775535,0.033529389151578055,0.022458001768346596,0.17293660861876753,0.08780225271979394,-0.14394341290893015,0.072063968015992,0.16864644600776535,0.05631799484872948,-0.049113904586168454,-0.1684926767385538,0.040641217852612155,-0.08118248568023681,-0.11957867220236036,-0.3494791066005459,-0.23809633644716102,-0.3232076269557529,-0.011471187483181487,0.07023411371237458,-0.14258255487640795,-0.024649213854611156,0.05948564179448737,0.02608695652173913,-0.03265290431707223,-0.09854303617422058,0.28292776688578786,0.2730250259485642,,0.3952023988005997,0.35050936070426325,0.16827739976165762,0.09973474801061008,-0.03416753161880598,0.12969669011648022,0.4623534386652827,-0.1120439780109945,0.2340906469842002,0.15872063968015993,0.18616845423442124,-0.04395494560412102,-0.0743781955176258,0.1292968900165302,-0.11424287856071964,-0.08161303963402913,-0.007550071118287011,-0.21022565640256793,-0.07083381386229962,0.03372928920155307,-0.14037596586322224,-0.19793949179256526,0.047237919501787566,-0.004428554953292584,0.048468073655479955,-0.035220851112905086,0.1882597162956983,0.0924153307961404
#54,-0.012301541536923847,0.018813670088032905,0.16105793257217546,0.017398992811286665,0.1208242032829739,0.16911544227886058,-0.07589282281935955,-0.04868335063237612,0.029162341905970092,0.27687694614231345,0.12142390343289894,0.18706031599584824,1.0,0.14493522469534464,-0.0018913620113020413,0.02537961788336601,0.3128205128205128,0.20436704724560797,-0.1219774728020605,-0.22494906392957367,-0.030284857571214394,0.000953369469111598,0.08219736285703302,0.0020297543535924343,-0.05314265943951101,-0.256071964017991,0.16248798677584284,0.002245031330488602,0.2759005112828201,-0.24468534963287586,0.21834467381693767,-0.3600891861761427,0.0910852266174605,0.05910890708491908,0.21205551070618536,-0.10585476492522969,0.1429669780494368,0.0169453734671126,-0.2885864759927728,-0.09991158267020336,0.09788182831661092,0.11239764733018107,-0.04187137200630454,-0.16005843232230038,-0.21893668550340215,0.12649060085341945,-0.061838311613424055,-0.07017260600468997,-0.09999615576826971,0.09335332333833084,0.25401914427401684,0.17093760811901743,0.02837043016953062,-0.09095452273863068,0.10624687656171913,0.0926152308461154,0.022611771037558143,-0.022427247914504286,-0.04381655326183062,0.010840733479414139,-0.347549302271941,-0.10750009610579325,0.019259600968746397,-0.15553761580748088,0.059439511013723904,0.11730288701802945,0.12732864337062239,-0.00079960019990005,-0.051981701456963826,-0.0595779033560143,0.05103602045131281,0.0053819244224041825,0.14481989774343598,0.18160919540229886,0.04343213008880175,0.03603582823972629,-0.08737938722946219,-0.1928881712989659,0.2535193941490793,-0.09058547649252296,-0.18333141121746818,0.08205897051474263,,-0.039926190750778454,-0.10604697651174413,-0.38739860838811363,-0.029861992080882634,0.040610463998769844,-0.0991811786414485,-0.03083073847691539,0.05623342175066313,-0.20429785107446277,-0.009587513935340023,0.04237112213124207,-0.1081305501095606,0.2958290085726368,-0.028739476415638336,0.24472379195017877,-0.10974512743628186,0.04452389190020374,-0.14905624111021412,0.09123130742321148,0.44520047668473456,-0.08925537231384308,0.14269019336485603,0.17761888286625918,0.1500172990427863,-0.13856917694998655,-0.000722715565294276,-0.18648368123630493,0.005889363010802291
#58,0.11210548571867912,0.1656018144773767,0.22305001345481107,0.04550032675969708,-0.29602122015915117,-0.00654288240495137,0.10168761772959674,0.1767654634221351,0.2500518971283589,0.3013570138007919,0.2676815438434629,-0.22996963056933073,0.14493522469534464,1.0,0.2908084419328797,0.0009610579325721755,0.048168223580517436,0.14213662399569446,-0.004274785684081036,-0.1884673048091339,0.20473609349171568,0.0388574943297582,0.15094760312151617,0.0007534694191365856,0.052904317072233115,-0.3674316687809941,-0.008418867489332257,-0.26144619997693463,0.23393687771498867,-0.08177449736670127,0.1355552992734402,-0.35227770730019603,0.027401683773497866,-0.20086879637104524,-0.0725790950678507,-0.3012263099219621,0.08657209856610157,-0.3541383154576558,-0.34565025179717834,-0.2080036904624611,-0.022734786452927383,-0.033452504516972285,-0.10041133279514089,-0.1763502863952639,-0.08552646753546304,-0.0004536193441740668,-0.19375696767001116,-0.2287240994887172,0.05953177257525084,0.02173528620305232,-0.16734709568292777,0.13119594049129282,0.05340406719717065,0.12611386614385114,0.32053973013493253,0.037673470956829276,0.017721908276630914,-0.05312728251258986,-0.17570445546457542,-0.142836274170607,-0.08089032406873486,-0.10063429823549763,-0.19381847537769575,-0.3206550570868412,-0.15456118094798754,0.06231499634797986,0.16312612924307077,0.17026871179794717,0.20808826356052743,-0.07741513858455387,0.19990004997501248,0.14639603275285434,0.170053434821051,0.08037519701687618,0.09256141160189137,0.14835659093530157,0.008157459731672626,-0.15374620382116633,0.28664129473724675,-0.12205435743666629,0.060046899627109525,-0.021158651443509015,,-0.10436320301387768,-0.09322261945950101,-0.12382270403259908,-0.13102679429516012,0.09304578479990774,-0.04555414600392112,-0.029500634298235497,0.14771844846807367,-0.18291623419059702,-0.13877676546342213,-0.1315034790297159,-0.08320455157036866,0.36636297235997384,-0.08774074501210934,0.13665474954830278,-0.10598546880405951,-0.05776342597931804,-0.09671318187060315,0.20849575212393803,-0.025471879444892938,-0.003951870218736785,0.17169876600161457,-0.033121900588167455,-0.04994425863991082,-0.13831545765578748,-0.005397301349325337,-0.08624149463729673,0.002744781455426133
#101,0.4579479491023719,0.21479260369815092,0.3718294698804444,0.2769538307769192,-0.1466189981932111,0.11761811401991312,0.19202706339138123,0.4460615845923192,0.21839080459770116,0.49514473532464537,0.3232306923461346,-0.33172644447007266,-0.0018913620113020413,0.2908084419328797,1.0,0.6396647829931188,0.2737169876600161,0.0591012186214585,0.616883865759428,0.2509975781340099,0.6511129050859186,0.34554261330873026,0.14079114289009342,0.03289124668435013,0.329373774651136,-0.11525006727405528,-0.0614154461230923,-0.466605158958982,0.013647022642524891,-0.1589359166570561,-0.3287510091108292,-0.2823818859800869,-0.43633567831468884,-0.15130127244070274,-0.09845077461269365,0.002798600699650175,0.3263983392918925,0.22505670241802175,-0.16108099796255718,-0.3135586053127283,0.07722292699803944,0.20063814246722791,0.226271479644793,0.22121247068773306,-0.48398877484334757,-0.16848498827509323,-0.5306577480490524,-0.5261061776803906,-0.31712605235843616,-0.13105754814900242,-0.3661092530657748,-0.06686656671664168,-0.38211663399069695,-0.0474993272594472,0.28405797101449276,0.16248029831238228,-0.3903817322108177,-0.27755353092684426,-0.6919078922077423,-0.6191135201629955,-0.47100296005843234,-0.5667320186060816,0.09515242378810594,0.04890631607273287,0.11255910506285319,-0.11614961749894284,0.4991196709337639,0.3275516088109791,0.6379118133241072,0.26724330142620994,0.4719793949179257,0.5263445200476685,0.5865221235536078,0.02501826010071887,0.3701149425287356,0.2301157113750817,-0.48726406027755353,-0.5245607965248145,0.39896974589628265,0.2765232768231269,-0.24016453311805636,0.11894052973513243,,0.012716718563795026,-0.15459193480182987,-0.6371814092953523,-0.6853035020951063,0.01738361588436551,-0.11143658939760889,-0.2998962057432822,0.06030061892130858,-0.5353707761503863,-0.3996078883635106,-0.7080229116211125,-0.4660362126628993,0.16803136893091916,0.016753161880598163,0.19757044554645753,-0.33672394571944797,-0.2932610617768039,-0.1498481528466536,0.015507630799984623,-0.15832852804367048,0.24979048937069925,0.21625341175566062,-0.03785030561642256,-0.40103794256717795,-0.47309422211970936,-0.26378349286895014,-0.5389920424403183,-0.5128666436012763
#102,0.4711029100834198,0.12417637335178565,0.22725560296774688,0.28296620920309073,0.09750509360704264,0.11154422788605697,0.055549148502671744,0.5577595817475878,0.22105870141852152,0.3695998154768769,0.2119786260715796,-0.1149732825894745,0.02537961788336601,0.0009610579325721755,0.6396647829931188,1.0,0.18386191519624803,0.011740283704301696,0.6616230346365279,0.5950101872140853,0.30760773459424134,0.5184561565371161,-0.015799792411486564,0.20379810094952525,0.05705608734094491,0.15839772421481568,-0.23339099680928765,-0.25172798216276476,-0.1261599969246146,0.03091531157498174,-0.37691154422788603,-0.15669857379002805,-0.4443778110944528,-0.17365932418406183,-0.02064352439165033,0.15322338830584709,0.05109752815899742,0.38350824587706145,-0.15347710760004613,-0.05417291354322839,0.2092569100065352,0.32447622342674814,0.18036366432168532,0.3160804213277976,-0.5128128243570522,0.1262061277053781,-0.500572790527813,-0.4712182370353285,-0.3029177718832891,-0.1773036558643755,-0.4095490716180371,-0.1435205474185984,-0.52729788951678,0.04187137200630454,-0.12453773113443278,0.3572213893053473,-0.690839195786722,-0.33476338753700075,-0.6858032522200438,-0.6523738130934533,-0.6005612578326222,-0.5212855110906085,0.3119747818398493,0.29562142005920117,0.23384461615346172,-0.05404220966439857,0.38650674662668666,0.3075539153500173,0.6837119901587668,0.40895705993157266,0.3642640218352362,0.3032022450313305,0.6110560104563103,0.0637604274785684,0.275246991888671,0.06881943643562834,-0.5790258716795449,-0.649813554761081,0.37698074039903123,0.4855495329258448,-0.1218467689232307,0.1831238227040326,,0.1160266020835736,0.1385538000230654,-0.6112866643601276,-0.6907392457617345,-0.2754238265482643,0.1421212470687733,-0.2903163802714028,0.10317149117748818,-0.5289816630146466,-0.35053242609464497,-0.6911928651059086,-0.5414831046015454,-0.017522008226655904,0.26331449659785494,0.018221658401568447,-0.3483181486179987,-0.3789105447276362,-0.04098719870833814,-0.1369161573059624,-0.10207204090262562,0.2823741975166263,0.20449775112443777,0.13502479529466035,-0.39948487294814133,-0.4240187598508438,-0.15728289701303194,-0.4405105139737823,-0.6055280052281552
#201,0.3493484027217161,0.26391419674777994,0.6295775189328413,0.4804674585784031,-0.01087148733325645,0.26728943220697343,0.1133048860185292,0.36637066082343445,-0.007803790412486065,0.5903279129665936,0.36224964440856494,-0.11304347826086956,0.3128205128205128,0.048168223580517436,0.2737169876600161,0.18386191519624803,1.0,0.5327643870372506,0.2375965863222235,-0.061161726828893245,0.28644139468727176,0.11230538576865413,0.1697920270633914,0.05319647868373505,0.18990504747626186,-0.38920539730134934,0.2551954791834852,-0.18330834582708647,0.27521623803482875,-0.3246299926959597,-0.08078268558028678,-0.22709414523507476,-0.2634298235497636,-0.2886095413831546,-0.043255295429208473,-0.10526275323876523,-0.12334601929804329,-0.19501018721408528,-0.5438203974935609,-0.35248529581363164,0.18639141967477799,0.037296736247260986,0.18518433091146735,-0.2398416176527121,-0.30475531465036715,-0.1128282012839734,-0.45189712835889745,-0.3608272786683581,-0.08178218583016184,0.1406296851574213,0.03499019720908776,0.042055895129358395,-0.028616461000269097,0.23520547418598392,0.313089609041633,0.03313727751508861,-0.23319109675931265,-0.34868719486410643,-0.3553377157575059,-0.2540729635182409,-0.34589628262791683,-0.3332795140891093,-0.19668627224849114,-0.20297543535924345,0.22767077999461807,0.07838388498058663,0.16577864913696996,0.04932149309960404,0.3719678622227348,-0.052304616922308075,0.5856071964017991,0.5142582554876408,0.3617498942836274,0.27518548418098643,0.14239034328989353,0.19353400222965442,-0.35606811978626074,-0.24143312958905164,0.12880482835505325,-0.07524699188867105,-0.15449967324030292,0.2729481413139584,,-0.06216122707876831,-0.19620958751393533,-0.44142544112559107,-0.40393649329181563,0.12502979279590973,0.18590704647676162,-0.016960750394033754,0.06477530465536463,-0.3456271864067966,-0.11029869680544344,-0.32744397032253103,-0.3431361242455695,0.4707876830815362,0.003490562411102141,0.42577941798331603,0.11202860108407335,-0.05476492522969285,0.13001960558182446,0.269826625148964,0.17027640026140775,0.21875216238034828,0.2835274670357129,0.19363395225464192,-0.18637604274785685,-0.1254526582862415,0.03534386652827432,-0.3339176565563372,-0.31037558144004923
