,#10,#11,#12,#13,#17,#18,#26,#49,#50,#51,#52,#53,#54,#58,#101,#102,#201,#202,#301,#302,#401,#402,#501,#502,#601,#602,#701,#702,#801,#802,#901,#902,#1001,#1002,#1101,#1102,#1201,#1202,#1301,#1302,#1401,#1402,#1501,#1502,#1601,#1602,#1701,#1702,#1801,#1802,#1901,#1902,#2001,#2002,#2101,#2102,#2201,#2202,#2301,#2302,#2401,#2402,#2501,#2502,#2601,#2602,#2701,#2702,#2801,#2802,#2901,#2902,#3001,#3002,#3101,#3102,#3201,#3202,#3301,#3302,#3401,#3402,#3455,#3501,#3502,#3601,#3602,#3701,#3702,#3801,#3802,#3901,#3902,#4001,#4002,#4101,#4102,#4201,#4202,#4301,#4302,#4401,#4402,#4501,#4502,#4601,#4602,#4701,#4702,#4801,#4802
#10,1.0,0.31937620030440916,0.4751683414482544,0.6350994907920217,0.3347990660535983,0.3829913378861892,0.26080532955079727,0.7933460303293516,-0.13037796141494473,0.5494632995720741,0.49124943222115086,0.4325590290782459,0.35134872379252363,0.06937819251089737,-0.08333160675437688,0.006548781168070508,0.6136585676832232,0.024905768633107284,-0.0998318577723944,-0.03746782586521528,-0.12235016615002112,0.009591278916877177,0.13033811728518038,0.23806867534206186,0.045908406314497684,0.1316975989927404,0.3084142833236379,0.11053080349672083,0.08201196917658121,0.12874116456422474,-0.07042210871072364,-0.043299412697527274,-0.057122138195379674,-0.03929906206918535,-0.10241216361593447,0.1131860163042179,-0.09507446867852959,0.039982787335941794,-0.22491214369386958,-0.09946688554375284,-0.1629465530843341,-0.17669596538342006,-0.09835443744073186,-0.021050450637107636,-0.2502338850417168,0.013229844846958697,0.18852967192343553,0.039463219883814515,0.11809800062156843,-0.06653013411534078,0.10298591908454127,0.016991130696714454,0.11119062228561866,0.03752520141207596,-0.18943971184725356,-0.012925435695558974,-0.0890117858935843,-0.09195547020057535,-0.08270047573890939,-0.13719927643060348,-0.2348747699001506,-0.19534620564352254,0.12296854704396401,0.14125062754504378,0.2719106853987202,-0.15767119030353258,0.062330562838177055,0.2584003378782204,-0.0020750822781279636,-0.01152770362342516,-0.022137398497079425,-0.09258500745085227,0.20568177290439799,0.09823809258181992,-0.09253081943437273,0.11481803185936616,-0.16611495828319614,-0.08992501334778347,0.1317406306528859,0.21903274390584035,-0.09672401565077417,0.19359465769908119,0.033080190295563756,0.15461912996358246,0.24475770784690293,-0.17499223039469594,-0.2768115133597367,-0.013757381125038848,-0.024628453489947327,-0.01683334794284758,-0.07750958251320833,-0.2024783048713433,-0.12809409589685153,-0.2612037708484409,-0.12858178804516732,0.08298097841245049,0.12964801695766162,0.25731179625305806,0.08098080309827953,0.2934057965239981,0.31825259584505416,0.0028337145088414123,0.1066372351361474,0.4459689693917395,0.18324474655149056,0.2789312210632008,-0.034964020750822784,-0.20011634485891194,-0.17547673501263059,-0.2725944106654767,-0.19202639275155592
#11,0.31937620030440916,1.0,0.3641896899329822,0.3225780745722733,0.15520722931890443,0.10937851126393548,0.38400337878220403,0.29212919060634795,0.16459769382176923,0.4668488871534557,0.24574584226505908,0.06121652096996549,0.12128553100271737,-0.1066308600753851,0.0531935070006136,0.22194774043940108,0.3004725513790053,0.2086844265234403,-0.3055725999888436,-0.05876849763724311,0.06330435336961805,0.030675198622986875,-0.15469084939715833,-0.022511933316864425,-0.17734940911155558,-0.10107818215142363,0.08814637139510235,0.164025532118353,-0.07005713648208209,0.02484998685143718,-0.174265473467794,-0.17358015443584696,-0.26229550000398444,-0.1290439799504339,-0.20375650455418404,-0.09965813736662178,-0.2619018400019125,-0.09607535321821035,-0.22465395373299651,-0.1631760552717768,-0.03031022639434532,-0.0007825387085720661,-0.14130003426595159,0.017295539848114178,-0.20817760919283762,0.258551745571325,0.008064451864306831,0.010563475683127604,0.14625664400863822,0.19077528707695496,-0.04342850767796381,0.043038035206273056,-0.01889568009945095,0.011750830750105587,-0.09435727434277108,-0.25430276757325343,0.14534341655443903,0.10828200081282024,-0.16513160516061168,-0.08061104957406626,-0.206955191291667,-0.19512945357760442,0.06926503518236658,0.0678147088589438,0.14111037620827324,-0.01821673612826622,-0.02978906517702747,0.32843038035206273,0.07954800819195308,0.08267656926105077,0.23739610643163941,0.22259799663715546,0.13038433647570705,0.016624564702882323,-0.08678370215716119,0.05678585374016846,-0.06899887639554064,0.07751914510435177,0.14979958402728527,0.017305102439257623,0.23933571866856856,0.18484329303763677,-0.04294559682521974,0.31457418578520824,0.208752958426635,-0.13753874841619584,-0.24046091689311413,0.019037525201412078,0.04387316816613408,0.1122743826152093,0.03093338858385994,-0.36049056092565884,-0.03854839866442477,-0.3786164524380623,-0.3068683310887807,0.222075241654647,0.053845356963558556,0.10548016160779032,0.17475475938130036,-0.019051869088127248,0.17182701272621503,0.002314147056714134,-0.20712094287148675,0.10326642175808239,-0.0777980540127023,-0.23872530660057853,-0.01400760225995904,-0.21390081999219054,-0.3901840001912518,-0.33608842209277306,-0.26265569093705426
#12,0.4751683414482544,0.3641896899329822,1.0,0.6748256819322809,0.2724780658065647,0.454282048625776,0.3111922160508092,0.40256914948720607,-0.14894054458956563,0.5932727171305852,0.38298336906023633,0.16093044011825738,0.23278374997011692,0.17008502737291714,-0.08883009666185882,-0.007034879551195723,0.767396345496418,0.6782395269704914,-0.3505486536668553,-0.23726223015563117,-0.22171664448676776,-0.24306194168413167,0.056282223939946925,0.057122138195379674,0.01282821601893393,-0.09663954609567373,0.10114352652423718,0.14876841794898357,0.18764194471228554,0.10606985472830288,0.13392568272916353,-0.2079720134832535,-0.08987879415725682,-0.10397405350269745,-0.039233717696371795,-0.043122504761373505,-0.1262341719194511,0.028651116830957293,-0.1287507271553682,-0.2143470742455514,-0.15072237407262787,-0.21777845070085824,-0.2127485277594052,-0.1470694642558312,-0.16949214672202345,0.053142506514515214,0.06654607176724653,0.0012526994397915356,0.13041461801432794,0.12348970826128186,0.08012335742575047,0.3765636828726024,0.3629083027197603,0.2866625760026775,0.0752384671166397,-0.041498458032178116,0.09943660400513192,-0.1040330228147487,-0.1596235526619863,-0.13332164572193578,-0.2463307540899999,-0.1895688068276901,0.02976037740359713,0.13011339639330938,0.1953302679916168,0.0036481285212249677,0.12235813497597399,0.291091649467284,0.07003960506498577,0.05230259225908247,0.3631346173768219,0.287271394305477,0.16390918725944106,0.28247097355146666,0.00994190725880356,0.2767493565173043,-0.05240459323127924,0.05612603495127063,0.25253528197690633,0.26089458040146946,0.2320538055128338,0.08679963980906694,-0.10000398441297643,0.26178230761261945,0.18463132226729037,-0.17818454207141662,-0.245626309875766,-0.011895863382447865,-0.1416060371825419,0.011930926216640502,-0.1946879806198153,-0.3583596968658608,-0.23014766234490672,-0.34633633226816696,-0.43177330283929266,0.26877893679924136,0.22356063081226243,0.5669086533481023,0.4107085083154699,0.24461267521456065,0.4584688697814151,0.34203316625361585,0.11715130409836719,0.513638645618341,0.15330905497693026,0.18510148299850984,0.1617416666002598,-0.16346612053646137,-0.13988317701153088,-0.3062483564296472,-0.4174453537760282
#13,0.6350994907920217,0.3225780745722733,0.6748256819322809,1.0,0.22343472336220704,0.4318609599247743,0.2771430165193762,0.4892651945588856,-0.20846926822271275,0.669155065384217,0.4273729171481166,0.2584067129389827,0.30942313668927157,0.03555690140171649,0.11169584585103076,0.08930503868865,0.6921626596753501,0.18828263831889647,-0.27008104295994073,-0.19223517599152118,-0.08631672895632286,-0.09578369418833524,0.1392520459960634,0.16630939763644623,0.018234267545362542,-0.002161145598418985,0.18847070261138427,0.1435169616460407,0.10035142522452167,0.08858943811808206,-0.023420379475491877,-0.14846241503239327,-0.1614659452222904,-0.1107634932145447,-0.12925435695558973,0.0754201563483652,-0.1388392608117046,0.13163225461992684,-0.1392711711783503,-0.12536238236020686,-0.20239064778586172,-0.252720158739013,-0.08931300751460287,-0.029545219102869575,-0.2609806437217605,0.07146921244093107,0.026963319494138927,0.0016638908589597494,0.13799456526070014,0.08068117524245152,0.09399230211412953,0.15596426778442732,0.16626955350668185,-0.002471929810581007,-0.015975902270318514,-0.06755173760249902,0.10734008558519073,0.070461952840488,-0.2164317191148228,-0.19335240539011386,-0.2693781925108974,-0.26294734996692937,0.24863374479038003,0.23920502992294146,0.24027922766138865,-0.1187179752807019,0.2120440835451713,0.40088772721114996,0.08391651857931771,0.03761763979312928,0.03148164380941756,0.07627919578608483,0.18363681278837188,0.10959366956466304,0.04934456406537625,0.2619799344962507,-0.17319924455529967,-0.062089904294400304,0.263184820980325,0.24528046282941135,0.22199077209954657,0.0763381650981361,-0.0917466869606101,0.2442285778036322,0.18360812501494156,-0.2490034983145933,-0.3108654941867415,-0.14441743897871526,-0.15161488257934957,-0.06390520284646463,-0.10981679669134346,-0.3415550366964435,-0.15103156451959932,-0.3558017037349887,-0.29430308632629154,0.2314354246188909,0.21654009514778189,0.33736502801042323,0.1624955175354015,0.17151304098367187,0.2720110926057264,0.1275888723314394,0.017137757094247304,0.478016399843811,0.09086214727984127,0.1620843261162333,-0.07912247288606969,-0.2875869598132107,-0.06953756902995481,-0.3856130816246842,-0.31672895632286496
#17,0.3347990660535983,0.15520722931890443,0.2724780658065647,0.22343472336220704,1.0,0.34272486034632516,0.04137255058212273,0.3808062858099116,-0.13966642494561277,0.21612412243304194,0.3145821546111611,0.5744423814039478,0.3881136992086956,0.32918901258277616,-0.33692674258301525,-0.28544972069265034,0.2888173465403342,0.08907075520563555,-0.26469092908541786,-0.2327215931276845,-0.25199818310768274,-0.320410553913092,-0.028080548892731635,0.05136067703145296,-0.05124273840735045,-0.09823012375586705,-0.09764043063535449,-0.10185275203404283,0.47513009108368065,0.5575771581572887,0.32802397022846624,0.2672027030257632,0.15649817912326977,0.2016973599279618,0.34921785973272557,0.2841922399572871,0.2684809027086039,0.061337647124449154,0.003364438317302712,0.0034775956458334995,0.15667030576385182,0.11145837483763517,0.2970794252882723,0.043936918773757064,0.05835730621807489,-0.1421989178334356,-0.11958817107475556,-0.1260588577484879,-0.09439233717696371,-0.09008917116241265,0.025089051630023347,0.04422060897767932,0.029232841125516978,0.13407230912669638,-0.06851437177760601,0.128575412984405,0.06438970746439927,-0.0974842416466782,0.025297834869988604,-0.0333208488393405,-0.09422180430157225,0.01002000175314171,0.0618094016208592,-0.021330953310648743,-0.06772227047789049,-0.3191658232992533,0.15357680752894676,0.18839579564742726,-0.1683526046107627,-0.13532978986205962,-0.006853190319470233,-0.13477356581054914,-0.03501183370654001,0.1450517575245639,0.034645267712707886,0.05394576417056475,-0.12242666687916869,-0.058782841523958275,0.004577293627329886,0.11278119994581198,0.02512889575978771,0.37875192247926115,0.17456350755843142,0.32952210950760624,0.4680952115324849,0.04075576345337042,-0.0069041908055686154,0.2546518021499892,0.2706802986715967,0.3511463156133207,0.1467315860354294,0.151388567922288,0.09805321581971328,-0.011028855118775351,-0.028106049135780825,-0.08272916351233972,0.08133621273577764,0.1573317183179402,0.04390026217437385,0.05133517678840376,0.058027396823625975,0.006545593637689359,0.2226569659492067,0.29073145853421417,0.15454581676481605,0.12303548518196813,-0.05601447138793041,-0.036771350476934236,0.036935508291563404,-0.1470073074133988,-0.1354126656519695
#18,0.3829913378861892,0.10937851126393548,0.454282048625776,0.4318609599247743,0.34272486034632516,1.0,0.10803496720828121,0.16240467291953875,0.0412498306624485,0.31571054036608787,0.18398425359991713,0.39959199611121293,0.5507159990118656,0.29303604299978486,-0.3282582537114807,-0.30206631656957983,0.5160898564814446,0.2800882945915578,-0.2073663827108352,-0.2615496178947956,-0.4283706141574162,-0.3156563523496083,-0.18102303787582977,-0.1793671158428229,-0.33311445624716113,-0.2367283188167887,0.0661045988094574,-0.11377411565953988,0.5408999992031174,0.47077911211341233,0.19515814135103476,-0.004668138243192631,-0.11732024320856808,-0.10183203308656535,0.249809943501024,0.31708595972555365,0.10443943293834519,0.15002589868434685,-0.11546828805712055,-0.15491875781941047,-0.0423176533401334,-0.03519511670345608,0.2939014574982668,0.2304919156260708,0.01728597725697073,0.10640932671389525,0.07488146371395102,-0.006783064651084956,0.05200774569882619,-0.04521511845659779,-0.04514658655340309,0.08548318976165241,0.09378670640454542,-0.08243909824765518,-0.3180039684753245,-0.1257783550749468,-0.11830040880077138,-0.19314362215014863,-0.018975368358979672,-0.09835284367554128,0.04816358405916056,0.06406617313071265,0.26290591207197445,0.17275936536270112,0.06179505773414403,-0.28651754337033525,0.25640016256404946,0.31588744830224164,-0.3157966036863789,-0.3299093944489158,-0.17153216616595876,-0.358193945286041,0.038126050888922534,0.09046848727776936,-0.047710954745037414,0.05251615679461945,0.05435058052897067,0.12438859182876587,0.32071177553411057,0.4249679254755397,-0.041903274390584035,0.5239805879399788,0.11392552335264446,0.062058028990588814,0.21855142681828685,0.10720142801361075,0.11345217509104384,0.1440269665070245,0.20554152156762745,0.25081879686665765,0.15627823952697048,-0.00593996286527106,0.006021244889990358,0.05060523233112066,-0.1187992573054212,-0.10851787806102527,-0.06190662129748424,0.136354580879599,0.0885495939883177,0.13489628573022336,0.15919004853015006,0.4165448764433536,0.29810581007100223,0.28269728820852824,-0.09072348970826129,0.14997649196343904,-0.08377467347735658,0.05946975432109587,0.09218497238801808,0.03928153065208903,-0.14039318187251473
#26,0.26080532955079727,0.38400337878220403,0.3111922160508092,0.2771430165193762,0.04137255058212273,0.10803496720828121,1.0,0.1613782881368088,0.2659547848815434,0.47117117835029365,0.3520324490592801,0.08214425168739889,0.15912789168771765,0.08888269091314777,0.17484879152754423,0.20899202320522117,0.15547657563611153,0.21310712492728445,-0.135294727027867,-0.18726103483173823,-0.06607112974045534,-0.021324578249886445,0.007098630158818701,0.10130927810405693,-0.03965925300225518,-0.019254277267330203,0.03672034999083585,-0.02531855381746607,-0.09693917395150173,-0.06707998310608898,-0.04128808102702229,-0.17762831801990614,-0.046182533927276496,-0.08965088573500467,-0.1759261767963726,-0.15615711337248683,-0.16103722238602586,-0.1076859326315454,-0.20852664376957342,-0.19496688952816582,-0.09418674146737961,-0.21888133621273578,-0.15379037206448373,-0.11171975232888938,-0.16294017802357177,0.1912279163910781,-0.11323223549474457,-0.037772235016615,0.09737267808333798,-0.0550789312210632,0.004280853301883034,-0.07690076421040888,0.0685334969598929,-0.12237407262787973,-0.10027173696499295,-0.21252221310234362,0.012171584760417247,-0.06551490568894484,-0.030750105586943875,-0.04727266931762943,-0.140751779040394,-0.20073472575285484,0.18224704954219095,0.08655260620452788,0.166860840392385,-0.09943819777032249,0.10821028137924439,0.3164277347018464,0.2607112974045534,0.11531050530325367,0.31104877718365753,0.3446851915307318,0.2059240252133653,0.08164380941755851,0.0057439297468304,0.06025707432523966,0.005436333065049526,0.011234450828359457,0.17616524157495875,0.1686649825881153,0.024110479803010624,0.017864514021149264,-0.07941413191594482,0.10197069065814533,0.03129198575173919,-0.0768306385420236,-0.13936679708978475,-0.10083752360764689,-0.130961279474695,-0.10289985576425026,0.05849596378965487,-0.09432699280415016,0.006842033963136211,-0.18714309620763572,-0.12338451975870394,0.31726605519208856,0.043074691805656276,0.12754424690610333,0.005417207882762632,0.2776354899632637,0.35525185474424054,0.01860402106957582,-0.04476567667285579,0.22066954075656034,0.0648869622038585,0.09202400210377006,0.10715839635346525,-0.16837332355824017,-0.2823625975185076,-0.1304002741276128,-0.15248985966897496
#49,0.7933460303293516,0.29212919060634795,0.40256914948720607,0.4892651945588856,0.3808062858099116,0.16240467291953875,0.1613782881368088,1.0,-0.1993067121421001,0.4691391277323112,0.40252611782706055,0.420790666911044,0.2780116185482393,-0.04136776928655101,-0.05659141438691837,0.09857118950664999,0.5010383380216593,0.02549227422323869,-0.0007570384655228745,0.03703750926376017,-0.053105849915132,0.1529934894691965,0.1759947086995673,0.325601447138793,0.184441664209612,0.28330132521575596,0.19896086509574545,0.1733155894142116,0.024870705798914646,0.1541744694754122,-0.14587414036290033,0.05127301994597136,0.06611575516579142,0.11586513558957359,-0.1493405796523998,0.1387898540907968,-0.1317661308959351,0.06613488034807832,-0.18867948585134953,0.07749205109611201,0.029895847444795957,-0.03190399158491979,-0.12814669014814048,-0.07184374726071607,-0.2727075679940074,-0.04778586170899441,0.18226139342890613,0.06285331782068548,-0.010061439648096646,-0.08378104853811888,0.17739722206727282,0.0870514547091777,0.11462678003649722,0.13469228378582984,-0.08790730661651619,0.1472320283052698,-0.12521894349305518,-0.01898652471531369,-0.17398178326387173,-0.25295444222202745,-0.277866585915897,-0.22972531456940448,0.059076094319023977,0.05524627656607352,0.22241949493581112,-0.08621154045374495,0.047776299117850966,0.25546780992756335,0.15381587230753294,0.10876491166556432,0.0741084875965224,0.022661747244778426,0.20973631154921946,0.09070914582154611,-0.13140115866729354,0.06968419542748767,-0.20275562001450326,-0.15498728972260517,-0.08211397014877798,0.11731227438261521,0.03041222736654209,0.2032273745109133,0.043299412697527274,0.2970347998629362,0.3357919817673262,-0.16703774832853877,-0.3297723306425264,0.15024743204583668,0.12041374144347314,0.11164006406936067,-0.11672736255767438,-0.26784339663237416,-0.1697009299619887,-0.2748209006367092,-0.2481556152332077,0.018109953860497734,0.285870474702962,0.3334714596498498,0.19528245503589955,0.27383117245336247,0.31698555251854743,-0.1517391962642144,0.010297316896301667,0.49791296448294275,0.29727705217190353,0.3368853046880603,0.07118233470662767,-0.2262780004621919,-0.17883639203436158,-0.39008996804500795,-0.3321518220720541
#50,-0.13037796141494473,0.16459769382176923,-0.14894054458956563,-0.20846926822271275,-0.13966642494561277,0.0412498306624485,0.2659547848815434,-0.1993067121421001,1.0,0.028743555212010614,-0.04211524516093044,0.09981592012048865,0.18354596817250915,0.1674393771565635,-0.08165337200870196,-0.11882157001808924,-0.25623600474942027,-0.005001235168022695,0.2747348373164182,0.028659085656910166,-0.017571261226083563,-0.09316673174541194,-0.29763564933978276,-0.13076843388663548,-0.2802588274669493,-0.130298273155416,-0.02424116854863773,-0.0316665205715242,-0.1451027580106623,-0.08330770027651827,-0.11182334706627672,0.13786228274988246,-0.09821896739953302,0.05542477826741786,-0.020126066826574442,-0.03256062284343648,-0.06441202017706732,-0.08010582600865415,-0.22031094358868109,-0.03523814836360159,0.09523543896277761,0.12466431320673525,-0.006808564894134147,-0.07536596833188566,0.07037748328538757,0.02464757867223422,0.05495302377100782,0.10586744654909992,0.06216799878873846,0.026540971718636692,0.026443752042011652,-0.056024033979073865,-0.02650431511925348,-0.11325932950298433,-0.18633505725601446,-0.1260971081130617,-0.25683047916550455,-0.2762839770816566,0.1367163655778594,0.04337591342667485,0.09321773223151034,0.1326347329247982,-0.17023962259640288,-0.2802030456852792,0.17032887344707504,0.16695009124305715,-0.11307604650606826,-0.1734462781598387,-0.012883997800604037,-0.07605128736383268,0.10810509287666648,0.08649363689247663,0.12259241845898844,0.0846847134011746,0.004056132410012033,-0.14901704531871318,0.10245041398050825,0.136953836591255,-0.20530883184980356,-0.10294288742439577,-0.3212855310027174,0.2211269513662552,0.3004805202049582,-0.08846353066802667,-0.014967048904684872,0.15236713974930075,0.23188646016782347,0.04577771756887058,0.08970666751667476,0.027771358445760185,0.29267425830152444,0.11672098749691208,0.0917897186207556,0.09265991441480927,0.07203499908358502,-0.017204695232251432,-0.31508259688100154,-0.2413135812700715,-0.04638334834128888,-0.004524699376040928,-0.06845699623074532,0.018951461881121054,0.12665651969495334,-0.26744176780434936,-0.2170756002518149,-0.15465259903258452,-0.11496943955247073,0.035888404561355974,0.008470861987903323,0.12191188072261314,0.0031843428507677962
#51,0.5494632995720741,0.4668488871534557,0.5932727171305852,0.669155065384217,0.21612412243304194,0.31571054036608787,0.47117117835029365,0.4691391277323112,0.028743555212010614,1.0,0.41010925260381387,0.3121452876347728,0.3626437376981249,0.03387388536046984,0.01297006112089506,0.026840599574464694,0.6138004127851844,0.179583867908741,-0.12965279825323336,-0.03608603144498721,-0.08250125509008757,-0.2383730844934616,-0.03402688681876499,0.011266326132170948,-0.10403621034512985,-0.12018583302122099,0.04400704444214234,0.14275673565013666,0.05586625122520699,0.08985010638382647,-0.02665731657754863,-0.13672592816900286,-0.059944696347887065,-0.05377841882555443,-0.08792324426842194,-0.007629353967280001,-0.1845962594330977,-0.07547593813003531,-0.2990062874036768,-0.17395787678601313,-0.002698244467642582,-0.12967032967032968,-0.13711480687550304,-0.14634908238969152,-0.07563690841428332,0.06397851604523105,-0.12860569452302592,-0.03169680211014511,0.1560088932097634,0.08699407916231701,0.08235940998812645,0.2005115986261744,0.2707042051494553,0.014979799026209469,-0.09001904549402737,-0.14645427089226945,0.12339089481946625,-0.02789089083505327,0.022939062387938386,0.012707089864450271,-0.32268166930966063,-0.36297524085776445,-0.02537114806875503,0.002601024791017539,0.20753850935141727,0.043264349863334634,-0.05520324490592801,0.20267115045940282,0.09302169911306968,0.0747268684904653,0.25367801161854825,0.18714628373801687,0.11345217509104384,0.16051924869908915,0.044840583636812786,0.18340571683573859,-0.2721370000557818,-0.160665875096622,0.06951844384766792,0.039868036242220434,0.08535568854640646,0.14640167664098047,-0.07093370733689805,0.3243232474559523,0.1791965829674314,-0.2321223374160285,-0.35441353425399835,0.12508825474742807,-0.020194598729769142,0.07938225661213333,0.042631625082676566,-0.23522061694650528,-0.09921028934807034,-0.25747914159806834,-0.22147598594299103,0.18019109244634987,0.04371219788188606,0.10881431838647213,0.03742160667468862,0.09072986476902357,0.2300488489030911,0.07741714413215502,-0.06827211946863869,0.2724987847540422,0.06656838447991457,0.04614268979751213,-0.016485907131302345,-0.3473690921116592,-0.2388528078158245,-0.3244124983066245,-0.21997944042904158
#52,0.49124943222115086,0.24574584226505908,0.38298336906023633,0.4273729171481166,0.3145821546111611,0.18398425359991713,0.3520324490592801,0.40252611782706055,-0.04211524516093044,0.41010925260381387,1.0,0.19297468303994772,0.18297221270390232,0.10126624644391141,0.07873837547514125,0.10012192303707895,0.375561204567731,-0.012278367028185737,-0.2410378598921021,-0.2547490218266143,-0.006003713472894038,0.08791527544246906,0.27461211739674396,0.2942584609009555,0.11792109268541466,0.19337790563316307,0.006480249264875806,0.12267210671851717,0.11081768123102423,0.15852385468048993,-0.10232928782602459,-0.006583844002263146,-0.04587493724549562,0.043444445329869553,-0.0008606332029102152,0.1290694801934831,0.045246993760409276,0.06516746487739962,0.08087561459570161,0.007952888300966618,-0.198063575293452,-0.17239279936886898,0.037149072827100386,0.11542047510140331,-0.170916972802397,0.17458582027109945,0.043849261688275465,0.14003299093944488,0.15628302082254222,0.0432850688108121,0.07011769955932393,-0.18361609384089442,-0.012750121524595781,-0.07708882850289667,0.0016367968507199834,0.05629338029628095,0.026212656089378353,0.00022472089187100064,-0.09233159878555093,-0.11064874212082335,-0.09056251942401326,-0.08719011228075768,0.13269051470646828,0.13553538557164374,0.0019730813059311973,-0.2119867079983106,0.12684777151782228,0.26129461546430366,0.02154133031580457,-0.0343073894923061,-0.12978189323366987,-0.07320960402903841,0.022072054124265873,0.013121468813999634,-0.11418211954832695,0.09486249790818319,-0.02378535170413343,0.04740813935882826,0.29743802245615153,0.34069759102391445,-0.11706205324769502,0.05711735689980795,0.08408067639394688,-0.04284997091378527,0.17808254109921987,-0.12821681581652575,-0.11572329048761246,-0.1957111778721641,-0.04898437313230642,-0.1755946736367331,-0.03962897146363426,-0.1813019467841803,-0.0723107204615544,-0.2030839356437616,-0.01690506737642343,0.19837117197523288,0.254079640446573,0.1664608053295508,0.0016766409804843453,0.1929523703272797,0.18907633338380256,-0.19545617544167218,0.09142474639211405,0.3026974475850473,0.052653220601008854,0.07131621098263592,-0.13346189705870634,-0.08688410936416738,-0.16513638645618342,-0.16379284240052913,-0.15519607296257043
#53,0.4325590290782459,0.06121652096996549,0.16093044011825738,0.2584067129389827,0.5744423814039478,0.39959199611121293,0.08214425168739889,0.420790666911044,0.09981592012048865,0.3121452876347728,0.19297468303994772,1.0,0.6522420291818406,0.3961590258907155,-0.1984062348094255,-0.24059638693431296,0.32499581636637476,-0.11082724382216767,0.09774561913793241,0.015029205747117276,-0.15474981870920956,-0.24428914088087403,-0.05314728781008694,0.014994142912924639,-0.07797496194885607,-0.05773095649817912,-0.03268812405868243,-0.1606164683757142,0.41227677326299517,0.42805504864968247,0.1794085537377778,0.2941373347464718,0.12560941596474592,0.19447919737985003,0.23333359896086509,0.27127955438325274,0.14968642669875448,0.10998573580154436,-0.1738287818055766,0.07783152308170438,0.1246356254333049,0.1834614986174087,0.2797775103793958,0.040221852114527966,0.13181872514722406,-0.1784921387531975,-0.169418833523257,-0.15637227167321438,-0.11021842551936824,-0.17959502426507504,0.0605232331120656,0.005323175736518739,0.10107658838623305,-0.020526101889408635,-0.1856593008152109,0.15372821522205132,-0.07170827721951725,-0.15723609240650574,0.1064619209651842,-0.029859190845412744,-0.16539776394743763,-0.10803656097347178,-0.06978460263449386,-0.05974866322944641,0.08059033062658878,-0.1886125477133454,0.03538477476113444,0.031534238060706515,-0.05035182366581931,-0.06619863095570129,0.02774745196790157,-0.14147694220210535,0.052511375499047726,0.06392910932432325,0.032493684705432346,-0.016742503326984834,-0.23074054299580044,-0.1880993553219804,-0.13100909243041223,0.06595319111635282,-0.1349122233821291,0.45520643243630915,0.2569229175465579,0.3861438054331455,0.48317701153089115,0.057791519575420953,-0.05023069751133565,0.3081544995975743,0.27910653523416395,0.3337073368980548,0.15726159264955494,0.10587063407948107,0.015081799998406234,-0.029357154810381786,-0.012821840958171633,-0.14636502004159727,0.0011204169289738544,-0.012734183872690036,-0.07332276135756918,-0.09863972140984469,-0.07126042920096583,-0.01746129142793392,0.19589127333869902,0.13054052546438333,0.09666345257353234,0.1520579493023293,-0.1373793718971384,-0.18139119763485245,-0.0004127851843587884,-0.1585254484456805,-0.10037214417199913
#54,0.35134872379252363,0.12128553100271737,0.23278374997011692,0.30942313668927157,0.3881136992086956,0.5507159990118656,0.15912789168771765,0.2780116185482393,0.18354596817250915,0.3626437376981249,0.18297221270390232,0.6522420291818406,1.0,0.46406617313071263,-0.24512746137111618,-0.34980436532285697,0.3364231127827937,0.02744144905131127,0.07789049239375563,-0.08897991058977281,-0.1304863374479038,-0.2531441002797058,-0.19129804205946338,-0.17017746575397047,-0.1683526046107627,-0.19357393875160372,0.1293563579277865,-0.04020591446262222,0.48020623321566036,0.35030002629712564,0.056428850337479776,0.015159894492744384,-0.10298113778896956,-0.10900716397453163,0.07873200041437894,0.14443656416100217,0.007108192749962148,-0.007976794778825236,-0.2730231335017412,-0.13679605383738813,-0.07050339073544294,-0.0790348158005881,0.4196240307915435,0.08610157065559532,0.15078931221063202,-0.009747467905553475,0.01384344444532987,0.07668879344006248,0.09723242674656743,-0.07688960785407487,0.22985281578465044,0.12189434930551682,0.24855246276566073,-0.04891105993353999,-0.16932798890739428,-0.13431774896604484,-0.08090908366470367,-0.2255161807010973,0.12054124265871909,-0.029522906390201532,-0.12627720357959663,-0.09659970196590936,0.07785861708994414,0.10308313876116632,0.29036170501000086,-0.11193491062961694,0.15089450071320992,0.13906238793838505,-0.09696626795974149,-0.20359872180031716,0.09976332586919968,-0.09645466933356708,0.10238666337288527,0.08831052920973154,-0.0460948768417949,-0.10486656200941916,-0.19205508052498627,-0.09853453290726677,0.11466662416626158,0.09840543792683024,-0.11305054626301907,0.53358302321319,0.4864378551108065,0.18373881376056866,0.3177489660448326,0.04211524516093044,-0.026378407669198096,0.1591438293396234,0.09346795336643052,0.19132194853732198,0.24281331431440206,0.09046051845181649,0.004822733466678354,0.02425232490497175,-0.028134736909211165,-0.0846974635226992,-0.14048083895799632,-0.034554423096845144,-0.011247200949884054,0.060614077727928345,0.025831746208831052,0.0729418514770219,0.1422913562144889,0.13528516443672353,-0.1183800970603001,0.13683908549753365,-0.2937468622747811,-0.16210026376813905,-0.020577102375507018,-0.0811194606698595,-0.14134625345647825
#58,0.06937819251089737,-0.1066308600753851,0.17008502737291714,0.03555690140171649,0.32918901258277616,0.29303604299978486,0.08888269091314777,-0.04136776928655101,0.1674393771565635,0.03387388536046984,0.10126624644391141,0.3961590258907155,0.46406617313071263,1.0,-0.08694785997179036,-0.23029588250763014,0.06207396664249456,0.21891639904692842,0.08767780442907347,-0.11554638255145869,-0.11727561778323199,-0.23660081760154275,-0.05902828136330674,0.08207093848863246,-0.07457546079736073,-0.05928647132417981,-0.21356931683255106,-0.24885209062148875,0.3317183179402179,0.2357433719290137,0.1558287977432285,0.1410370630095068,0.029709376917498746,0.08040386009929157,0.2888125652447625,0.26243097004518323,0.2920702212942967,0.21730828996963877,0.022596402871964873,0.06485508690004702,-0.14242045119492544,0.09722923921618629,0.33114615623680166,0.18170198184701447,0.24702244818270924,0.04308744192718087,-0.27400489285913504,-0.17238961183848783,-0.0855341902477508,-0.08474049518284471,0.17838695025061957,0.20257552454796834,0.16273298854879711,0.10268947875909443,-0.07005713648208209,0.12459418753834997,-0.044840583636812786,-0.057338890261297806,0.18310130768433885,0.11226482002406585,-0.15022033803759693,-0.07782833555132322,0.2966028894962905,0.2956418490863741,0.023249846600100408,-0.10817203101467061,0.4663787264222362,0.21056825697869933,0.20087497708962537,0.12074205707273147,0.19557411406577468,0.07504084023300847,0.1998884364366598,0.3159591677358175,0.08198328140315088,-0.026066029691845502,-0.1379292208878866,-0.05745842265059089,0.19939596299277226,0.28260963112304666,-0.11824462701910128,0.2623225940122242,0.3395277673740328,0.058760528811290236,0.44801536389643715,0.005791742702547634,0.04294081552964802,-0.01946624803767661,0.04993903848146053,0.08420339631362111,0.3242005275362781,0.28950904063304356,0.06364223159001985,0.07184374726071607,0.0906406139183514,-0.07092733227613576,0.004558168445042992,0.08067320641649865,-0.061305771820637664,-0.0866211381077226,-0.07204456167472846,0.11934591876578823,0.33690124233996604,0.031852991098821413,-0.06643928949947804,0.03403644940990844,-0.14586776530213805,-0.1600235877248205,0.049118249408314676,-0.04694754121875224,-0.07420570727314744
#101,-0.08333160675437688,0.0531935070006136,-0.08883009666185882,0.11169584585103076,-0.33692674258301525,-0.3282582537114807,0.17484879152754423,-0.05659141438691837,-0.08165337200870196,0.01297006112089506,0.07873837547514125,-0.1984062348094255,-0.24512746137111618,-0.08694785997179036,1.0,0.699619887002048,-0.051669867478424406,-0.1530317398337703,0.03320131645004742,-0.056693415359115144,0.6159105578975049,0.4926583206496187,0.31088461936902834,0.13264588928113222,0.2965534827753827,0.1365984269537569,-0.11146793742877861,-0.13265545187227565,-0.1839858473651077,-0.2524747188996645,-0.2967192343552024,-0.17015834057168358,-0.1024727266931763,-0.10316920208145734,-0.31225844496330357,-0.1421734175903864,-0.07517790403939788,0.0534182278924846,0.17488226059654632,0.0571954513941461,-0.2361736885304688,-0.0940688028432771,-0.1598243670759987,0.029543625337679,-0.2617456510132362,0.10256197754384846,-0.28393564376160463,-0.2089458040146945,-0.1277896867454518,0.09952585485580409,-0.015534429312529385,-0.1695319908517878,-0.19839667221828208,-0.17400728350692093,0.3647682266971607,0.05155830391508419,0.2214712046474193,0.4270637267011451,-0.31897457147638436,-0.16219588967957352,-0.16534038840057694,-0.2178932017945796,0.14354405565428047,0.13717536995274487,-0.1102391444668457,0.007393476719074979,0.11419486966985154,0.1943373522778889,0.5834423734351218,0.4522946234331296,0.02945915578257855,0.3211516547267091,0.19752488265903784,-0.1415630055223964,0.23939150045023866,0.2603766067145327,-0.05667429017682825,-0.06737961096191698,0.34532269760696155,0.06094398712237726,0.07533409302807417,-0.3153089115380631,-0.14867438580273967,-0.03131270469921667,-0.05158699168851453,-0.19151638789057207,-0.28444086732701673,-0.35548135693168326,-0.24486289634948083,-0.25880356047143577,-0.15159575739706269,-0.26578106447577077,-0.10757915036377691,-0.4262732191666202,-0.20363059710412865,0.39599964937165805,0.21779279458757342,-0.05870952832519185,-0.25485102279881106,-0.1502522133414084,-0.08554853413446598,-0.29472702786698435,-0.20262493126887615,-0.07726095514347871,0.028198487516834146,-0.06488377467347736,-0.035021396297683464,-0.23530349273641515,-0.13938592227207167,-0.37288846034313766,-0.13323239487126362
#102,0.006548781168070508,0.22194774043940108,-0.007034879551195723,0.08930503868865,-0.28544972069265034,-0.30206631656957983,0.20899202320522117,0.09857118950664999,-0.11882157001808924,0.026840599574464694,0.10012192303707895,-0.24059638693431296,-0.34980436532285697,-0.23029588250763014,0.699619887002048,1.0,-0.06124520874339583,0.03767342157479939,-0.010375411390639817,0.10472152937707688,0.4666241662615847,0.6464072548191475,0.23367466471164802,0.22529305357441687,0.2086971766449649,0.24101076588386233,-0.08864840743013332,0.03904884093426515,-0.3413558160476217,-0.25697391803265623,-0.3329471109021508,-0.20856489413414722,-0.12285379595024265,-0.12920495023468193,-0.453566448055208,-0.17340165273450261,-0.3197618914805282,0.03477117516276327,0.013457753269210847,0.13556407334507406,-0.05768633107284304,0.005131923913649802,-0.3021683175417766,0.10268150993314155,-0.40509686107945714,0.23113898429344404,-0.09914175744487565,-0.0038043175099012664,-0.12912207444477206,0.1653993577126282,-0.06163886874546773,-0.10007570384655229,-0.22689478759094422,-0.03072301157870411,0.13468431495987696,0.050358198726581614,0.019193714190088373,0.32246651100893303,-0.45937890970523315,-0.34672361720947653,-0.010863103538955607,-0.08558359696865861,0.1737092494162835,0.14314083306106512,-0.08323916837332355,0.10194837794547729,0.11965192168237854,0.25187705695319906,0.5068316744893975,0.5439568408386393,0.08608882053407071,0.3737140307118552,0.13871016583126808,-0.19711847253544135,-0.08228928431974117,0.08518196814063383,0.04702722947828097,-0.009903656894229774,0.2162261234052387,0.1540979687462646,0.1609033461100176,-0.23250802859214753,-0.28526165640016254,-0.015387802914996534,0.0011315732853078755,-0.09240650574950793,-0.16378009227900453,-0.16868251400521161,-0.08450143040425855,-0.16372271673214386,-0.191172134609408,-0.45701216839723,-0.188786268119118,-0.41750910438365113,-0.35574273442293747,0.32828375395452986,0.38248292679039597,0.05585190733849182,0.09311094996374185,-0.07727689279538445,0.07933125612603495,-0.19642518467754147,-0.23760648343679525,-0.013500784929356358,0.1035772059702444,-0.03129198575173919,0.0911474312489541,-0.08423049032186088,-0.27356660743172706,-0.3128800133876276,-0.28140474463897236
#201,0.6136585676832232,0.3004725513790053,0.767396345496418,0.6921626596753501,0.2888173465403342,0.5160898564814446,0.15547657563611153,0.5010383380216593,-0.25623600474942027,0.6138004127851844,0.375561204567731,0.32499581636637476,0.3364231127827937,0.06207396664249456,-0.051669867478424406,-0.06124520874339583,1.0,0.3939787551100096,-0.37804429073464607,-0.2757309405605272,-0.2172445393620158,-0.21926224609328307,0.14773406434030073,0.030220975543673152,0.06307803871255648,-0.09705870634079482,0.19634390265282217,0.052624532827578514,0.28251081768123104,0.1690522675294249,0.08616850879359944,-0.17637083728454286,-0.06250268947875909,-0.12520938090191172,-0.0075879160723250644,0.02905912071974436,-0.07210353098677971,0.040915139972427864,-0.14959239455251058,-0.2187602100582521,-0.16565436014312013,-0.2508952975958052,-0.0394265632844313,-0.08750567778849141,-0.11631776490369673,0.04833571069974261,0.10392942807736136,0.006697001330793934,0.17222704778904924,0.10657667205890556,0.10592960339153233,0.1922574887041892,0.3238881495589255,0.0797217285977257,0.031562925834136855,-0.10383698969630804,0.11036823944728223,-0.020479882698881974,-0.05622962968865797,-0.028665460717672467,-0.29604029038401775,-0.2858226617472448,0.049425846090095545,0.09806596594123788,0.09613751006064276,-0.16998302640072038,0.09940313493612986,0.32198678768657013,-0.03945843858824279,-0.05512833794197101,0.11488656376256086,-0.011926144921068778,0.08557562814270574,0.10196590936257362,0.022889655667030575,0.23008869303285548,-0.18870179856401756,-0.05853580791941923,0.3126823865039964,0.2528269410067815,0.15912311039214594,0.15422387619632,-0.11379005331144562,0.33957558032975,0.1792220832104806,-0.25219580999131397,-0.38123500864617615,0.012700714803687972,-0.1137725218943493,0.10261138426475627,-0.1750209181681263,-0.26336969774243163,-0.15437528388942456,-0.313904804405167,-0.2821984397038784,0.29787471411836897,0.18445760186151774,0.46724573468590874,0.19756472678880221,0.2212273585732614,0.31741108782443084,0.28044211046386536,0.07876387571819043,0.5193427312354071,0.16505988572703584,0.22568671357648878,0.05135111444030951,-0.24003538158723076,-0.11223135095506379,-0.3122297571898732,-0.2546518021499892
