,#10,#11,#12,#13,#17,#18,#26,#49,#50,#51,#52,#53,#54,#58,#101,#102,#201,#202,#301,#302,#401,#402,#501,#502,#601,#602,#701,#702,#801,#802,#901,#902,#1001,#1002,#1101,#1102,#1201,#1202,#1301,#1302,#1401,#1402,#1501,#1502,#1601,#1602,#1701,#1702,#1801,#1802,#1901,#1902,#2001,#2002,#2101,#2102,#2201,#2202,#2301,#2302,#2401,#2402,#2501,#2502,#2601,#2602,#2701,#2702,#2801,#2802,#2901,#2902,#3001,#3002,#3101,#3102,#3201,#3202,#3301,#3302,#3401,#3402,#3455,#3501,#3502,#3601,#3602,#3701,#3702,#3801,#3802,#3901,#3902,#4001,#4002,#4101,#4102,#4201,#4202,#4301,#4302,#4401,#4402,#4501,#4502,#4601,#4602,#4701,#4702,#4801,#4802
#10,1.0,0.19384922923153808,0.3615423057701918,0.38902087417829545,0.15829777418982816,0.5647637719601738,-0.011478875946642063,0.48018298543036175,0.022611771037558143,0.27728443470572406,0.08654134471225926,0.0625687156421789,0.23128435782108944,0.11662630223349864,-0.050836120401337795,-0.026133087302502595,0.0575020182216584,0.11265136662438012,0.33621650713104984,0.3284972898166301,0.0026063891131357397,0.2801522315765194,-0.38460769615192403,-0.05365009802790912,-0.2001076384884481,0.2782224272479145,0.004497751124437781,0.4495290816130396,0.2271940952600623,0.2825125898589167,0.07327874524276323,0.3294660362126629,0.18901318571483489,0.2341214008380425,0.22118940529735132,0.14074501210932994,0.09346096182677892,0.4102025910121862,-0.02763233767731519,0.2794756467919886,0.338415407680775,0.3022642524891401,-0.05244300926459847,0.20345980855725984,-0.2962288086725868,0.22267327874524276,0.15931265136662437,0.3382847038019452,-0.007519317264444701,0.07980625072079345,0.20873409449121594,0.16763925729442972,0.1055779802406489,0.016015069388382732,-0.26483681236304923,0.20135316956906163,-0.5867143351401223,-0.05809402990812286,-0.2949679006650521,-0.2838042517202937,-0.12425325798639142,0.01563833467881444,0.0442317302887018,-0.05540306769692077,0.2266097720370584,0.13833083458270864,0.019474877945642562,-0.059439511013723904,0.2376657824933687,0.14152923538230885,-0.0037981009495252375,-0.07723061546150002,-0.04190981432360743,0.17823395994310537,-0.2764233267981394,-0.20007688463460577,-0.31676469457578904,-0.2203129204628455,-0.1556298773690078,0.32920462845500326,-0.06886556721639181,0.4059201168646446,0.3123899588667205,0.05958559181947488,0.3766655133971476,-0.19089685926267635,-0.13187252527582363,0.08908622611771037,0.3643101526159997,0.17844154845654095,0.12852804367047246,-0.19317264444700727,-0.0317456656287241,-0.23472110098796756,-0.39687848383500557,-0.015799792411486564,0.07418598393111137,0.33220312920462847,0.12011686464460078,-0.004167147195632953,0.26664360127628495,0.0765232768231269,0.07875293122669434,0.4002614077576596,0.15905893207242533,0.3883289124668435,0.2329988851727982,-0.09106984969053934,-0.18839042017452812,-0.37051474262868567,-0.36311075231614964
#11,0.19384922923153808,1.0,0.503848075962019,0.40671971706454463,0.29709760504363203,0.18632991196709336,0.15114750317149117,0.15515319263445201,-0.05493407142582555,0.238788298158613,0.40351362780148387,0.09128512666743552,-0.07229462191980933,-0.12417637335178565,0.05308884019528697,0.09279975396916926,0.08282012839733979,-0.10585476492522969,-0.07892207742282704,-0.016960750394033754,-0.008434244416253412,-0.015892053973013492,-0.07583131511167493,0.005789412985814785,-0.171691077538154,-0.10826125398839043,-0.1931342021297044,0.06136162687886826,-0.06254565025179717,0.10725406527505478,0.20135316956906163,0.09010879175796717,0.2064736862338062,0.1089455272363818,-0.17670395571445047,-0.13023488255872065,-0.13891515780571254,-0.09630569330719256,-0.09191558067120285,-0.09491408142082805,0.09708991658017145,-0.23166878099411833,0.10601622265790182,0.06513666243801176,-0.28056740860339063,0.22890862261177103,0.16237265982393417,0.2324222504132549,0.017714219813170336,0.031707223311421215,0.12322300388267404,0.02603313727751509,-0.014054511205935493,-0.010679275746742014,-0.009272286933456348,0.04386268404259409,-0.24172529120055358,-0.2361665321185561,-0.03405220466689732,-0.3497405143582055,0.08743320647368623,0.225179717833391,-0.05051320493599354,0.15340022296544037,-0.05572598316226502,-0.05888594164456233,0.04556952293084227,-0.14336677814938684,-0.12246184600007688,-0.07315572982739399,0.10964517741129436,0.22924691500403643,-0.011125206627455503,0.15869757428977818,-0.21369315342328835,-0.22001307038788298,-0.060754238265482645,0.1448429631338177,-0.09284588474993273,-0.2543651251297428,-0.20988736401030253,0.160266020835736,0.002567946795832853,-0.11501941337023795,0.04248644908315073,-0.0036443316803136893,0.2561027178718333,-0.06822742474916388,0.0754699573290278,-0.059693230307922965,-0.04664590781532311,-0.11587283281436205,-0.2406565947795333,0.0711105985468804,-0.02549494483527467,0.07783031561142506,0.19298043286049282,0.15678314688809442,0.3808864798370046,-0.05217391304347826,-0.0044746857340560485,0.048737169876600164,0.12949679006650522,0.10167224080267559,0.1903432898935148,0.18865951639564832,0.1869680544343213,-0.0008995502248875562,-0.07540844962134317,0.05992388421174028,0.017598892861261678
#12,0.3615423057701918,0.503848075962019,1.0,0.5031176719332642,0.1853688540345212,0.4876407949871218,-0.1563756583246838,0.21707607734594242,-0.11705685618729098,0.22911621112520664,0.29436051205166647,-0.026279168108253564,0.06895014031445816,-0.43033098835197786,-0.15642947756890785,-0.06259178103256065,0.4734863337561988,0.12991196709337638,-0.12159304962903164,-0.11443509014723408,-0.09618267789182332,-0.08127474724176373,-0.2595010187214085,0.019021258601468496,-0.07485488025218161,-0.06372198516126552,-0.03333717756506362,0.34761080997962557,-0.00013070387882981586,0.13351016799292661,0.08830969130819205,0.2671049090839196,0.3398377734209818,0.08372736708568793,-0.11751047553146504,-0.2065659477953331,-0.10664667666166916,0.06578249336870026,-0.13058086341444664,-0.038626840425940875,-0.06678199361857533,-0.25949333025794796,0.04912928151308961,-0.015584515434590397,-0.23356783146888094,0.08420405182024372,0.3316188059816246,0.4153154192134702,0.06819667089532157,0.0830584707646177,0.1552608311229001,0.256071964017991,0.36693191865605657,0.02458001768346596,-0.023403682773997618,0.11771806404490062,-0.30011917118363896,-0.362103563602814,0.0011763349094683427,-0.0657363625879368,0.10720793449429132,0.3364779148887095,-0.08581094068350441,-0.02073578595317726,0.12268481144043362,0.24686887325567985,-0.06494445085149733,-0.5298350824587706,-0.002683273747741514,0.03580517433590897,0.22392649828931688,0.04802214277476646,-0.21423903432898936,0.012639833929189251,-0.3156114250567024,-0.17721908276630916,-0.23884980586629762,0.08424249413754661,-0.2156537116057356,0.105885518779072,-0.4415484565409603,0.042986199208088265,0.20177603505939337,-0.23347556990735402,0.04774535809018567,0.125352708261254,0.25643332180063816,0.10818436935378464,0.17921808326605929,0.1594433552454542,-0.30161842155845153,0.07670011148272018,-0.2548187444739169,0.16673201860608158,0.034759543305270445,0.2978972052435321,0.22621766040056895,0.5577518932841272,0.39464882943143814,0.12638296236497137,0.4039134279014339,0.3937108368892477,0.08368892476838503,0.41499250374812596,0.1245300426709722,0.330865336562488,0.21356244954445855,0.12285395763656633,-0.07370161073309499,0.0855034021450813,-0.033037327490101104
#13,0.38902087417829545,0.40671971706454463,0.5031176719332642,1.0,-0.08030600084573097,0.2825356552492984,-0.13417906431399684,0.2645754046053896,0.13023488255872065,0.34873332564486986,0.24384730711567293,0.05809402990812286,0.02760158382347288,-0.16309537538922847,0.012339983854226733,-0.029193095759812403,0.3201937492792066,-0.05052089339945412,0.1477338253949948,0.19074308999346481,0.17209087763810402,0.293714681120978,-0.13622419559451043,0.10204897551224387,-0.01646100026909622,0.22419559451043708,0.008549571368162073,0.24616153461730672,-0.06827355552992734,0.09457578902856265,0.17674239803175334,0.11877138353899973,0.1102756314150617,-0.001445431130588552,-0.027855303117671933,-0.04409333794641141,0.01554607311728751,0.09513704686118479,-0.10613923807327105,0.05090531657248299,0.02084342444162534,-0.0884634605774036,0.18973590128012915,-0.08751777957175258,-0.44972129319955406,0.10389420674278245,0.10685426517510475,0.278868258178603,-0.018698343136124247,-0.047068773305654864,0.10883020028447314,0.20420558951293585,0.06397570445546458,-0.061100219121208624,-0.19423365240456694,0.1564525429592896,-0.2848114404336293,-0.06775074001460808,-0.20206819667089532,-0.21048706416022758,-0.10715411525006728,0.048245108215123206,0.11796409487563911,-0.02158151693384077,0.07806096951524238,0.10613923807327105,0.21797562757082997,-0.20902625610271788,0.18821358551493483,0.11333563987237151,0.0830200284473148,-0.08939376465613347,-0.1989466805059009,-0.014246722792449928,-0.09351478107100296,0.09923499788567255,-0.16031215161649945,0.006973436358743705,-0.053665474954830275,0.15461500019221158,-0.2828508822511821,-0.03406758159381847,0.1240918002537193,-0.3013570138007919,0.09714373582439549,-0.0808749471418137,0.1613808480375197,0.09315342328835582,0.28983969553684696,0.10413254911006035,-0.07592357667320186,0.05648714104486218,-0.14839503325260447,0.0299081228616461,-0.018083266059278052,0.12965824779917734,0.10015761350094184,0.1522315765194326,0.2185445738669127,0.009779725521854457,0.2500980279091224,0.17448967823780417,-0.01995925114365894,0.1954407411678776,0.028101333948410412,0.23370622381117134,0.06452158536116558,-0.07389382231960942,-0.3322261945950102,-0.15752123938030985,-0.16558643755045555
#17,0.15829777418982816,0.29709760504363203,0.1853688540345212,-0.08030600084573097,1.0,0.3318802137392842,0.027101833698535346,0.09923499788567255,-0.07626186906546727,-0.13498635297735748,0.2047976011994003,0.3380309845077461,-0.06635912812824357,-0.06166147695383078,-0.04523891900203744,0.049798177834159844,-0.17330565486487526,-0.18851343558989736,-0.09083919578672202,0.07507784569253835,-0.0857109906585169,-0.07384000307538538,-0.020459001268596472,0.08671049090839196,-0.1821320109176181,0.06106946526736632,-0.40648137469726675,0.13451735670626225,-0.1483181486179987,0.14606542882404952,-0.11454272863568216,0.03474416637834929,0.2162303463652789,0.09848921692999654,0.006181524622304232,-0.11865605658709107,-0.18317764194825664,-0.031022950063429824,-0.09911198247030331,0.2076192672894322,0.3387229462191981,-0.08987044939068928,-0.032791296659362625,0.2082343443662784,0.04169453734671126,0.31554991734901777,0.17472802060508208,0.360865720985661,0.08360435167031868,0.15713681620728098,0.10948371967862222,-0.07594664206358359,-0.08292776688578787,-0.020812670587783032,-0.2391650328681813,-0.11448890939145812,-0.14436627839926192,0.02768615692153923,0.04244800676584785,0.06280705800945681,0.14358974358974358,0.17796486372198517,0.1427978318533041,0.30382501057163724,-0.3512013224157152,-0.2534963287586976,-0.06848114404336293,-0.07494714181370853,-0.09735132433783109,0.09965786337600431,-0.20262176604005688,-0.0008687963710452466,0.19720139930034983,0.1381770653134971,-0.12894322069734362,-0.2837965632568331,0.13126513666243803,0.31656479452581404,-0.16559412601391613,-0.15084765309652867,-0.11724137931034483,0.32427632337677315,-0.036904624610771534,0.040564333218006385,0.2791757967170261,-0.02837043016953062,0.0976511744127936,0.1920039980009995,0.005174335908968593,-0.05152808211278976,0.017483565909353016,-0.07057240610463998,-0.07477030715411526,-0.05476492522969285,0.0079960019990005,-0.1301118671433514,-0.013746972667512397,0.061100219121208624,0.003098450774612694,-0.10912236189597509,-0.16061969015492253,-0.17752662130473226,0.036120401337792644,-0.0326990350978357,0.10720793449429132,0.12933533233383307,0.14850267174105256,0.045331180563564374,0.11591127513166494,-0.010248721792949679,-0.09071618037135279
#18,0.5647637719601738,0.18632991196709336,0.4876407949871218,0.2825356552492984,0.3318802137392842,1.0,-0.035766732018606084,0.22312689808941683,-0.029423749663629723,0.12020912620612771,0.040941067927574674,0.3337869526775074,0.19386460615845924,0.021243224541575366,-0.16710875331564987,-0.1768961673009649,0.13564756083496712,0.12152385345788644,0.20788067504709185,0.1884980586629762,-0.10202591012186214,0.12406104639987699,-0.4339906969592127,0.009925806327605428,-0.3354937915657556,0.18990504747626186,-0.1771037558144005,0.465605658709107,0.3394072194671895,0.41137892592165454,0.06555183946488294,0.21510783070003459,0.27797639641717603,0.14826432937377465,0.2305923961096375,0.25228155153192633,0.104047976011994,0.28221273978395417,0.1178641448506516,0.29372236958443854,0.2611002191212086,0.024826048514204436,-0.08964748395033252,0.08497289816630146,-0.07520854957136816,0.30181832160842653,0.42576404105639487,0.5571060623534386,-0.10625456502517971,0.13986852727482413,0.23728904778380042,0.10103409833544766,0.07734594241340868,-0.05400376734709568,-0.402983123822704,0.1273209549071618,-0.5083304501595356,-0.11367393226463691,-0.2940068427324799,0.044370122630992194,-0.1444047207165648,0.051243608964748395,0.26313766193826166,0.12887402452619845,0.07831468880944144,0.07936800830354054,0.004689962710952216,-0.23850382501057163,0.14565025179717833,0.10971437358243954,-0.03376004305539538,-0.014008380425172029,-0.06554415100142237,0.08918617614269789,-0.20456694729558297,-0.31740283704301697,-0.3135355399223465,-0.1671318187060316,-0.17162188136700882,0.2961673009649022,-0.13544766078499212,0.41621496943835773,0.23903432898935148,0.1816630146465229,0.4447084150232576,-0.2181370853035021,-0.10628531887902203,0.15619882366509052,0.15988928612616768,0.17492792065505708,0.09934263637412064,-0.1685234305923961,0.07736131934032983,-0.2200053819244224,-0.3072848191288971,-0.0203129204628455,0.11641102525660246,0.35849767423980317,0.3059777803405989,0.046415253911505784,0.2723023103832699,0.13391765655633722,0.18704493906892708,0.33976088878637606,0.27224080267558526,0.2948371967862223,0.22921616115019414,-0.18539191942490293,-0.18852112405335794,-0.24586168454234422,-0.3156883096913082
#26,-0.011478875946642063,0.15114750317149117,-0.1563756583246838,-0.13417906431399684,0.027101833698535346,-0.035766732018606084,1.0,0.13196478683735055,0.22853957636566333,0.3629185407296352,0.23667397070695423,0.026955752892784377,0.21559989236151156,0.36224964440856494,0.0010302541037173721,-0.22961596125014416,-0.14733402529504477,0.035082458770614694,0.22367277899511784,0.14949448352746703,0.37894898704493907,0.09585976242647906,-0.07586975742897782,0.018190904547726136,0.09311498097105293,0.16395648329681314,-0.04217122208126706,-0.30583938799830857,0.2724791450428632,0.17059931572675202,0.21872140852650598,0.03817322108176681,0.09311498097105293,0.31802560258332374,0.17018413869988083,0.19548687194864106,0.2776381040249106,0.09136201130204129,0.24331680313689308,-0.03403682773997616,0.22691731057548148,0.08155922038980509,0.38946680505900894,0.14125245069772807,0.17781109445277363,-0.04171760273709299,-0.2187829162341906,-0.1575750586245339,-0.23931880213739284,-0.06465997770345597,-0.1575673701610733,-0.034674970207204094,-0.302064352439165,-0.0025448814054511207,0.023180717333640872,0.011517318263944951,-0.16258024833736978,0.06575942797831853,-0.29236151155191636,-0.1929650559335717,-0.21862145850151848,-0.09358397724214816,0.18712951216699342,0.26848114404336293,-0.1293968400415177,-0.41853688540345213,0.17232153154192134,0.469480644293238,0.11913274132164686,-0.2270480144543113,0.09396071195171644,0.11120593549379157,0.26857340560488985,0.05739437973321032,0.10437089147733826,-0.08983969553684697,0.059524084111790256,-0.15684465459577904,0.2646292238496137,-0.002152769768961673,0.3460654288240495,0.3022719409526006,0.22485680236804675,0.35479952331526543,0.11183638949755892,-0.21110982970053435,-0.2874178295467651,-0.16579402606389113,0.0943528235882059,0.22498750624687655,0.3327259447199477,-0.33255679852381503,0.2788913235689847,-0.42832429938876715,-0.3113520162995425,-0.02843193787721524,0.0015223157651943259,-0.34645754046053895,-0.07472417637335178,-0.1069080844193288,-0.19072002460308307,-0.15901280129166187,0.25780186829662094,0.011970937608119018,0.1249759735516857,0.11608042132779764,0.2765770960673509,-0.032007073386383735,0.06624380117633491,-0.3169492176988429,-0.25377311344327835
#49,0.48018298543036175,0.15515319263445201,0.21707607734594242,0.2645754046053896,0.09923499788567255,0.22312689808941683,0.13196478683735055,1.0,0.04300157613500942,0.33366393726213817,0.2865413447122593,0.18165532618306232,0.3277591973244147,0.0507976780840349,0.021689155422288855,-0.03141506169991927,-0.02096643985699458,0.0631145965478799,0.3000576634759543,0.3721985161265521,0.2653673163418291,0.3869680544343213,-0.2524122554107562,0.05441894437396686,-0.09071618037135279,0.34411255910506283,-0.07497789566755084,0.13764656133471725,0.30853035020951064,0.28182831661092533,-0.05003652020143774,0.151278207050321,0.1535539922346519,0.11315111674931765,0.21045631030638526,0.07181793718525353,0.021835236228039828,0.47181024872179295,0.04320147618498443,0.40117633490946836,0.22166609003190713,0.16350286395263908,0.2565794026063891,0.3280667358628378,-0.3140814208280475,0.26572098566101565,0.08431937877215238,0.21463883442893938,-0.24050282551032176,0.003029254603467497,-0.1963864221735286,-0.19984623073078844,-0.11130588551877907,-0.10349440664283242,-0.3613500941836774,0.17749586745088994,-0.4164302464152539,0.11059854688040595,-0.38187060315995847,-0.265059777803406,-0.40364433168031366,-0.16246492138546112,0.2891707992157767,0.1748587244839119,-0.09789720524353208,-0.173874601160958,0.20909545227386306,0.01196324914465844,0.4446392188521124,0.20474378195517626,0.24272479145042863,0.172582939299581,0.37333640871871754,0.26956521739130435,-0.023165340406719716,-0.06722792449928881,-0.11927113366393727,-0.22050513204935993,-0.11785645638719101,0.2802906239188098,-0.008418867489332257,0.3916964594625764,0.4197055318494599,0.13747741513858455,0.34315150117249066,-0.23213777726521354,-0.297043785799408,0.09310729250759235,0.11649559835466881,0.11516549417598893,0.08657209856610157,-0.2836812363049245,0.10465536462537962,-0.48942451850997576,-0.40828047514704185,-0.04995194710337139,0.14608080575097065,0.05889363010802291,-0.0016530196440241417,0.12207742282704802,-0.04347057240610464,0.03609733594741091,0.02271172106254565,0.21699150424787605,0.17180640449006265,0.3170184138699881,0.26193826163841155,-0.22361127128743322,-0.3965940106869642,-0.5084919078922078,-0.5350094183677392
#50,0.022611771037558143,-0.05493407142582555,-0.11705685618729098,0.13023488255872065,-0.07626186906546727,-0.029423749663629723,0.22853957636566333,0.04300157613500942,1.0,0.1658017145273517,-0.09677468957828778,0.13029639026640527,0.08341982854726483,0.12686733556298774,0.08239726290700804,0.031138277015338483,0.0017299042786299158,-0.1308960904163303,0.16232652904317071,0.18579171952485296,0.3436589397608888,0.1554607311728751,0.10472456079652481,0.16768538807519318,0.19234229039326492,0.31828701034098333,0.19114289009341484,0.06477530465536463,-0.05450351747203321,-0.1409295352323838,0.09043939568677199,-0.09912735939722446,0.0354207511628801,0.25398070195671396,0.08907853765424979,0.2002690962211202,0.09988851727982163,0.03565140506669742,-0.07307884519278822,0.016084265559527928,-0.039034328989351476,-0.11727982162764772,0.05120516664744551,-0.13104985968554184,-0.2835428439626341,-0.10602391112136239,-0.1679467958328528,-0.2151693384077192,-0.28534963287586973,-0.1638642217352862,-0.2278322377272902,-0.1278668358128628,-0.3264675354630377,-0.02655595279283435,-0.01836005074385884,-0.11937108368892477,-0.06835044016453312,0.17044554645754045,-0.14693422519509475,-0.14485834006073886,0.03136124245569523,-0.028701034098335448,0.20287548533425595,-0.007257909506785069,-0.05345788644139469,-0.1576365663322185,0.013170337907969093,0.18263176104255566,0.2086033906123861,0.015023257601968246,-0.04669972705954715,0.08359666320685812,0.16785453427132588,-0.0931918656056587,0.045654096028908624,-0.13583977242148157,-0.02987736900780379,-0.04822973128820205,-0.06759697074539653,-0.13819244224041824,0.12550647753046554,-0.09804328604928306,-0.00257563525929343,-0.2170145696382578,-0.07230231038326991,0.13944566178449236,-0.04097951024487756,0.21230923000038443,0.258509206934994,-0.02298081728366586,0.06316841579210394,-0.10419405681774498,0.047045707915273134,-0.021358551493484028,0.01726060046899627,-0.115819013570138,-0.16387959866220736,-0.21658401568446545,-0.18083266059278053,-0.3278975896667051,0.06308384269403759,-0.017106831199784723,0.10537808019067389,-0.13934571175950486,-0.0871026025448814,0.04603083073847691,-0.018429246915004038,-0.05455733671625725,-0.11006035443816553,-0.03506708184369354,0.03248375812093953
#51,0.27728443470572406,0.238788298158613,0.22911621112520664,0.34873332564486986,-0.13498635297735748,0.12020912620612771,0.3629185407296352,0.33366393726213817,0.1658017145273517,1.0,0.2241263983392919,-0.2697112981970553,0.18090185676392573,-0.11855610656210357,0.04935993541690693,-0.03638949755891285,0.24599238842117402,0.20974128320455157,0.1449121593049629,0.06032368431169031,0.16131934032983508,0.14506592857417444,-0.024710721562295774,0.027132587552377657,0.05391919424902933,0.01148656441010264,0.05051320493599354,-0.05728674124476223,0.12941221696843885,0.05520316764694576,0.30723099988467306,0.1182716334140622,0.36888478837504324,0.16802368046745858,-0.12413024257102218,-0.02863952639065083,0.20087648483450582,0.08993964556183447,-0.053288740245261985,-0.07089532156998424,-0.04350901472340753,0.1033713912274632,0.21850613154960982,0.17043016953061932,-0.2271940952600623,0.007796101949025487,0.006181524622304232,0.01332410717718064,-0.007142582554876408,-0.09585976242647906,-0.12962749394533502,0.07236381809095452,0.03941106369891977,-0.019597893361011802,-0.03974935609118518,0.2556952293084227,-0.39158882097412834,-0.1958789835851305,-0.26531349709760504,-0.3423519009725906,-0.15193941490793064,0.07043401376234959,-0.10583169953484796,0.16931534232883558,0.19165032868181295,0.005135893591665706,0.06658209356860031,0.10348671817937186,0.19543305270441702,-0.02214277476646292,0.4232037827240226,0.09399146580555875,-0.003313727751508861,-0.13653942259639412,-0.1654941759889286,-0.16609387613885365,-0.17954099873140353,-0.12507592357667321,0.20858032522200437,0.03387537000730404,0.09812017068388883,0.1821089455272364,0.23561296274939453,0.0267097220620459,0.008718717564294775,-0.11059854688040595,-0.05454964825279668,0.06024679967708454,0.26159996924614615,0.11761042555645254,0.16408718717564294,-0.14965594126013917,0.033798485372698264,-0.1617498942836274,-0.2675969707453965,0.097243685849383,0.2570483988774843,0.06335293891515781,0.163595125514166,0.0030369430669280745,0.2769307653865375,0.2030984507746127,0.20242955445354247,0.41880598162457233,0.20518202437242916,0.4459078153231077,0.2868258178603006,0.05684849882750932,-0.2509668242801676,-0.18364663821935187,-0.18156306462153537
#52,0.08654134471225926,0.40351362780148387,0.29436051205166647,0.24384730711567293,0.2047976011994003,0.040941067927574674,0.23667397070695423,0.2865413447122593,-0.09677468957828778,0.2241263983392919,1.0,0.04634605774036059,0.30703109983469806,-0.18257794179833162,0.09758197824164841,0.078322377272902,-0.034190597009187716,-0.0471917887210241,-0.009026256102717872,0.10672356129627494,0.17936416407181024,0.1118748318148618,-0.026832737477415138,0.29201553069619035,-0.011440433629339176,0.19081997462807057,-0.37485103602045133,0.06562103563602814,-0.052166224580017684,0.23390612386114634,-0.25845538769077,-0.03194556567869911,0.13305654864875255,0.20747318648368124,-0.11328950909160804,-0.02754007611578826,-0.0725406527505478,-0.03142275016337985,0.18716795448429632,0.019474877945642562,0.17051474262868566,-0.19165032868181295,0.33962249644408565,0.19451043708914773,-0.15703686618229346,0.2166762772459924,-0.1848921692999654,0.05381155576058125,-0.35727520854957134,0.10979125821704533,-0.11552685195863607,-0.008272786683581286,-0.022458001768346596,-0.16739322646369123,-0.19572521431591897,0.06524430092645984,-0.20505900895705992,0.002629454503517472,-0.23662015146273016,-0.4271172106254565,-0.029193095759812403,-0.010556260331372774,0.19665551839464884,0.37881059470264866,-0.19262676354130626,-0.14774920232191596,0.3027793795409987,-0.07833006573636259,0.13187252527582363,0.030484757621189407,0.12067812247722293,-0.07760735017106832,0.1297043785799408,0.1528389651328182,-0.053580901856763924,-0.11617268288932457,0.010579325721754507,0.10426325298889016,0.01633798485372698,-0.007588513435589897,-0.10766155383846539,0.09034713412524507,-0.024833736977665014,0.11214392803598201,0.2137162188136701,-0.1081689924268635,0.026517510475531466,0.011732595240841118,-0.08285857071464268,0.02620228347364779,0.09425287356321839,-0.03858839810863799,0.028062891631107523,-0.2027524699188867,-0.18036366432168532,-0.0002152769768961673,0.15074001460808056,-0.08200515127051859,-0.0649521393149579,0.15108599546380655,-0.08741782954676508,-0.22868565717141429,-0.10715411525006728,0.0009072386883481336,-0.01685311190558567,0.09814323607427056,0.12471456579402607,-0.020459001268596472,-0.2645830930688502,-0.1784569253834621,-0.19614039134279015
#53,0.0625687156421789,0.09128512666743552,-0.026279168108253564,0.05809402990812286,0.3380309845077461,0.3337869526775074,0.026955752892784377,0.18165532618306232,0.13029639026640527,-0.2697112981970553,0.04634605774036059,1.0,0.16626302233498635,0.18975127820705032,-0.14563487487025717,-0.35463037711913276,-0.02961596125014416,-0.17721908276630916,0.12649060085341945,0.18303924960596624,0.060262176604005686,-0.038511513474032213,-0.14170607004190214,0.00011532695190866105,-0.030715411525006727,0.16037365932418407,-0.29365317341329333,0.03220697343635874,0.27280206050820743,0.3767347095682928,-0.03533617806481375,-0.010379425671779494,0.22642524891400453,0.08463460577403606,0.3236458693730058,0.2667666166916542,0.06865029023949563,0.18147849152346904,0.16691654172913542,0.358482297312882,0.37064544650751546,-0.2514665744051051,0.06456771614192904,0.05615653711605736,-0.013301041786798909,0.27224849113904587,0.22674816437934878,0.2747164879098912,-0.3258601468496521,-0.011448122092799754,0.03270672356129627,-0.3101141736823896,-0.3536616307231,-0.25006727405528006,-0.41511551916349515,-0.2094875639103525,-0.22087417829546765,0.1203475185484181,-0.07520086110790758,0.02706339138123246,-0.09622880867258678,-0.04252489140045362,0.531811017568139,0.179241148656441,-0.2889093914581171,-0.3536001230154154,0.11229769730519355,-0.06703571291277438,0.10858416945373467,0.017545073617037634,-0.1892438396186522,0.04543113058855188,0.3484796063506708,0.10991427363241456,0.000399800099950025,-0.2875946642063584,0.091731057548149,0.04643063083842694,-0.34918694498904396,-0.012063199169645947,0.011009879675546843,0.3254603467497021,0.07946795832852804,0.23635105524160996,0.5398147080306,-0.06941913658555338,-0.03972629070080345,0.3368392726713566,-0.1387229462191981,0.03776573251835621,0.17203705839387998,-0.14412024756852343,0.20844962134317457,-0.16244185599507938,0.03921116364894476,0.0008303540537423596,-0.12596778533810019,-0.07086456771614193,0.12291546534425095,-0.05518010225656403,-0.2672586783531311,-0.0891092915080921,0.2468227424749164,-0.07610809979625571,0.23377541998231655,0.16251874062968516,0.06828124399338792,-0.17067620036135778,-0.0761465421135586,-0.07001114827201783,-0.08603390612386115
#54,0.23128435782108944,-0.07229462191980933,0.06895014031445816,0.02760158382347288,-0.06635912812824357,0.19386460615845924,0.21559989236151156,0.3277591973244147,0.08341982854726483,0.18090185676392573,0.30703109983469806,0.16626302233498635,1.0,-0.04138699880828817,-0.198362357282897,-0.13440202975435359,0.15019413370237958,0.2302156614000692,0.07358628378118633,0.037996386422173525,0.0604620766539807,0.003090762311152116,-0.1782570253334871,0.18483835005574137,0.07872217737285203,0.035659093530158,0.1515857455887441,0.17086072348441164,0.019198093261061776,0.05488025218160151,0.020297543535924344,0.14771844846807367,0.2261945950101872,0.08239726290700804,0.1837388997808788,0.11088302002844731,0.028239726290700803,-0.07497789566755084,0.08662591781032561,-0.13357167570061124,0.10437857994079883,0.12329988851727983,0.2563103063852689,0.22741706070041903,0.1266751239764733,0.026002383423672778,-0.032145465728674126,0.08670280244493138,-0.1266366816591704,0.21441586898858264,-0.028155153192634452,0.16432552954292085,0.05032099334947911,0.165632568331219,-0.13915350017299044,0.2562334217506631,-0.15364625379617883,-0.07660016145773267,-0.19776265713297198,-0.11379694768000614,-0.04619228847114904,-0.03505170491677238,0.09058547649252296,0.18578403106139238,-0.011601891362011302,-0.09482181985930112,-0.055110906085418826,0.1412447622342675,-0.0038596086572098565,-0.03768884788375043,-0.02271172106254565,-0.12011686464460078,0.014938684503901895,0.18510744627686157,-0.206058509206935,-0.13477107600046132,-0.18990504747626186,0.04439318802137393,-0.01572290777688079,0.029239226540575865,0.07593895360012301,0.04668435013262599,0.09755891285126668,0.04839887748433475,0.11401222465690232,0.1263983392918925,-0.1995233152654442,0.036635528389651326,0.15295429208472686,0.34650367124130244,0.25483412140083805,-0.023372928920155307,0.09653634721100988,-0.28470380194518125,-0.2552646753546304,-0.04228654903317572,0.07540076115788259,0.10843040018452313,-0.12209279975396917,0.1979933110367893,-0.04836812363049245,0.22471841002575635,0.06112328451159036,0.2399415676776996,0.10079575596816977,0.16765463422135085,0.032437627340176065,0.06787375542997733,-0.004920616614769538,-0.18474608849421442,-0.1687310191058317
#58,0.11662630223349864,-0.12417637335178565,-0.43033098835197786,-0.16309537538922847,-0.06166147695383078,0.021243224541575366,0.36224964440856494,0.0507976780840349,0.12686733556298774,-0.11855610656210357,-0.18257794179833162,0.18975127820705032,-0.04138699880828817,1.0,0.15819013570138007,-0.18012532195440742,-0.4035751355091685,-0.3808711029100834,0.4665128973974551,0.3984315534540422,0.2863568215892054,0.2574251335870526,-0.1605658709106985,-0.2044593088071349,0.012309230000384423,0.19191942490293315,-0.0034444316303386766,-0.1197324414715719,0.1505631799484873,0.13623188405797101,-0.05172029369930419,0.020597393610886864,-0.4046284550032676,0.10328681812939684,0.4297389766655134,0.2961211701841387,0.1027870680044593,0.24136393341790643,0.14611155960481298,0.24597701149425288,0.22767846845807865,0.2065659477953331,0.03986468304309384,0.13025794794910237,-0.04488524968285088,0.11969399915426902,-0.28541882904701493,-0.13057317495098605,-0.28167454734171377,0.06514435090147234,-0.002037442817053012,-0.12332295390766156,-0.4256410256410256,-0.19668627224849114,-0.17102986968054434,-0.21876753930726944,-0.02235805174335909,0.4235728289701303,-0.22022065890131856,-0.14370507054165224,-0.26931918656056586,-0.24427786106946528,0.3101679929266136,-0.018290854572713643,-0.1810479375696767,-0.26529043170722333,0.3445431130588552,0.5495790566255334,0.24743781955176258,-0.02042824741475416,-0.241917502787068,-0.05923192250028832,0.33710068042901625,0.09852765924729942,0.34289009341483107,0.18827509322261946,0.15699073540153,-0.18685272748241263,0.28056740860339063,0.0677430515511475,0.5125591050628532,0.31487333256448696,0.167670011148272,0.32063199169645945,0.29931188252027835,-0.27433206473686234,-0.33428670280244493,-0.024218659900818822,0.021158651443509015,0.22717102986968055,0.36568638757544303,-0.1420520508976281,0.4449851997078384,-0.3346019298043286,-0.31280513589359166,-0.43968015992004,-0.2737861838311613,-0.5422135086303003,-0.347603121516165,-0.14195978933610118,-0.21301656863875754,-0.46159996924614616,-0.10384038749855841,-0.3408065198170146,-0.04759927728443471,-0.27352477607350173,-0.02637911813324107,-0.14244416253411757,0.041433129589051626,-0.3925191250528582,-0.31384307846076964
#101,-0.050836120401337795,0.05308884019528697,-0.15642947756890785,0.012339983854226733,-0.04523891900203744,-0.16710875331564987,0.0010302541037173721,0.021689155422288855,0.08239726290700804,0.04935993541690693,0.09758197824164841,-0.14563487487025717,-0.198362357282897,0.15819013570138007,1.0,0.6296774689578287,-0.1591973244147157,-0.31107523161496176,0.462676354130627,0.4508130550109561,0.45145119747818396,0.5047322492599854,0.2661822934686503,0.29858916695498405,0.17412063199169647,0.2967746895782878,-0.383408295852074,-0.23638180909545228,-0.1874754930227194,-0.20018452312305385,-0.2320532041671472,-0.38058662976204205,-0.3472955829777419,0.0671356629377619,0.11224387806096951,0.14398185522623302,0.13270287932956598,0.07266366816591704,0.21068696421020258,-0.04516203436743167,0.23445200476684736,0.04504670741552301,0.24050282551032176,-0.11205166647445508,-0.22665590281782186,-0.09239226540575866,-0.44321685311190556,-0.3928574174451236,-0.1954407411678776,-0.14612693653173414,-0.4416484065659478,-0.22591781032560643,-0.48355053242609464,-0.2954445853996079,-0.04121016414869488,-0.08018298543036174,-0.046361434667281744,0.237296736247261,-0.3708761004113328,-0.20007688463460577,-0.05824011071387383,-0.07527774574251336,0.14206742782454926,0.05340406719717065,-0.2974512743628186,-0.25143582055126285,0.0499827009572137,0.1633567831468881,0.3699534847960635,0.4459308807134894,-0.07250989889670549,0.237296736247261,0.10616999192711336,0.005466497520470534,0.3256525583362165,0.28927074924076424,0.32425325798639143,0.10800753469419136,0.043747357090685425,0.09400684273247992,-0.03863452888940146,0.022465690231807174,-0.09290739245761735,-0.11441202475685235,-0.04483143043862684,-0.1442048206665898,-0.009041633029639026,-0.169307653865375,-0.042002075885134355,-0.1508630300234498,0.0679506400645831,0.06487525468035213,-0.10145696382577941,-0.22346519048168223,-0.24806058509206935,-0.2653980701956714,0.17991004497751126,-0.363049244608465,-0.3035251604966747,-0.17931803329104679,-0.20052281551531925,-0.3907046476761619,-0.2173836158843655,-0.411371237458194,-0.4122246569023181,-0.3191634951754892,-0.421158651443509,-0.022173528620305232,-0.32376888478837507,-0.24302464152539116,-0.23425210471687233
#102,-0.026133087302502595,0.09279975396916926,-0.06259178103256065,-0.029193095759812403,0.049798177834159844,-0.1768961673009649,-0.22961596125014416,-0.03141506169991927,0.031138277015338483,-0.03638949755891285,0.078322377272902,-0.35463037711913276,-0.13440202975435359,-0.18012532195440742,0.6296774689578287,1.0,-0.12665205858609158,-0.12206973436358744,0.10174912543728136,0.1696151924037981,0.04506977280590474,0.2877330565486488,0.3405528005228155,0.44310152615999693,0.08238188598008687,0.19990773843847306,-0.0727097989466805,0.04932918156306462,-0.49457578902856264,-0.42263483642793986,-0.13271056779302656,-0.2041825241225541,-0.2464383193018875,-0.1290201053319494,-0.2337831084457771,-0.08222042824741475,-0.10222581017183716,-0.16190366355283897,0.019528697189866606,-0.205912428401184,0.01501556913850767,0.2085341944412409,0.08471917887210241,-0.06665897820320608,-0.16339522546419097,0.032529888901703,-0.23036174220582017,-0.17051474262868566,0.12924307077230615,0.11333563987237151,-0.23765809402990812,0.13161880598162456,-0.11707223311421212,0.18435397685772498,0.14638834428939376,0.23592818975127822,0.05345788644139469,0.1456271864067966,-0.1548149002421866,-0.007004190212586014,0.061707607734594244,-0.04528504978280091,-0.14708799446430632,0.1806020066889632,-0.09953484796063507,-0.04033367931418906,-0.31131357398223963,0.08167454734171375,-0.05555683696613232,0.3641563833467881,-0.24326298389266904,0.04016453311805636,-0.15352323838080958,-0.065259677853381,-0.0632529888901703,0.11731057548149003,-0.11209010879175797,0.23286049283050783,-0.01308576480990274,-0.07181024872179295,-0.13540921846768922,-0.16004305539537925,-0.2699573290277938,-0.3114212124706877,-0.3146349901972091,-0.05619497943336024,-0.018959750893783878,-0.2775458424633837,0.12306154615000192,-0.03461346249951947,0.05240456694729558,0.08782531811017569,-0.22141237073770806,-0.08731787952177757,-0.1893437896436397,-0.24274785684081038,0.3254526582862415,-0.1410679275746742,-0.2092184676892323,-0.26378349286895014,-0.007942182754776457,-0.19620189905047478,-0.2232729788951678,-0.24234805674086035,-0.30634682658670664,-0.25833237227540073,-0.30985276592472993,-0.07512397647330181,-0.04915234690347134,-0.08837119901587667,-0.06352208511129051
#201,0.0575020182216584,0.08282012839733979,0.4734863337561988,0.3201937492792066,-0.17330565486487526,0.13564756083496712,-0.14733402529504477,-0.02096643985699458,0.0017299042786299158,0.24599238842117402,-0.034190597009187716,-0.02961596125014416,0.15019413370237958,-0.4035751355091685,-0.1591973244147157,-0.12665205858609158,1.0,0.09881213239534078,-0.234367431668781,-0.31213623957252146,0.003259908507284819,-0.3116979971552685,-0.0766232268481144,-0.11591896359512552,0.2579479491023719,-0.31703379079690924,0.20212201591511936,0.06766616691654173,0.011094452773613194,0.0649213854611156,0.032360742705570295,0.1941798331603429,0.35436128089801255,-0.08109022411870988,-0.1752969669011648,-0.12699035097835698,-0.056963825779417984,-0.21666090031907123,-0.16313381770653135,-0.22072809748971667,-0.3260600468996271,-0.2416791604197901,-0.05183562065121285,-0.17871064467766118,-0.0863875754430477,-0.24186368354284396,0.29083150732326146,0.21889824318609927,0.26253027332487605,0.03947257140660439,0.10510129550609311,0.2815207780725022,0.3406604390112636,0.019228847114904087,0.08330450159535617,0.2128935532233883,-0.03422135086303002,-0.32998885172798215,0.20818821358551493,0.07106446776611694,0.13594741090992965,0.41767577749586743,-0.30341752200822664,-0.20192211586514436,0.19538692192365356,0.12788990120324453,-0.21471571906354514,-0.4252489140045362,-0.1442663283742744,0.004497751124437781,0.32533733133433285,0.05810171837158344,-0.1459347249452197,-0.13390227962941606,-0.11506554415100143,0.09229231538077115,-0.05788644139468727,0.24500826509822013,-0.09131588052127783,-0.12536039672471458,-0.42945450351747205,-0.1763502863952639,0.14323607427055704,-0.3180640449006266,-0.11921731441971321,0.23093837696536348,0.23675085534155998,0.23234536577864914,0.25993157267520084,0.14952523738130935,-0.23866528274324375,0.24677661169415294,-0.08317379771652635,0.24043362933917656,0.15955099373390227,0.32940452850497826,0.3104985968554184,0.4506285318879022,0.2881251681851382,0.1054780302156614,0.4169761273209549,0.37314419713220315,0.09365317341329335,0.24812209279975397,0.04186368354284396,0.3390535501480029,0.04290931457348249,0.07642332679813939,0.008534194441240917,0.19221927497789568,0.1295659862376504
