,#10,#11,#12,#13,#17,#18,#26,#49,#50,#51,#52,#53,#54,#58,#101,#102,#201,#202,#301,#302,#401,#402,#501,#502,#601,#602,#701,#702,#801,#802,#901,#902,#1001,#1002,#1101,#1102,#1201,#1202,#1301,#1302,#1401,#1402,#1501,#1502,#1601,#1602,#1701,#1702,#1801,#1802,#1901,#1902,#2001,#2002,#2101,#2102,#2201,#2202,#2301,#2302,#2401,#2402,#2501,#2502,#2601,#2602,#2701,#2702,#2801,#2802,#2901,#2902,#3001,#3002,#3101,#3102,#3201,#3202,#3301,#3302,#3401,#3402,#3455,#3501,#3502,#3601,#3602,#3701,#3702,#3801,#3802,#3901,#3902,#4001,#4002,#4101,#4102,#4201,#4202,#4301,#4302,#4401,#4402,#4501,#4502,#4601,#4602,#4701,#4702,#4801,#4802
#10,1.0,0.34265943951101374,0.4621227847614654,0.5467497020720409,0.23241456194979435,0.04251720293699304,-0.030723099988467305,0.7477953331026794,0.1715603736593242,0.7090916080421328,0.6046284550032676,0.3941644562334218,0.17561219390304847,-0.23140737323645869,0.5583131511167493,0.4164379348787145,0.6081959020489756,-0.07111828701034098,0.5282973897666551,0.19771652635220852,0.4107023411371237,0.30049590589320724,0.3414139084304002,0.45214315918963593,0.36088109791258216,0.11918656056587092,0.034398185522623304,0.06433706223811171,-0.120585860915696,-0.35732133933033483,-0.29579825471879445,-0.30310998346980356,-0.3393841540768078,-0.5063237611963249,-0.12507592357667321,-0.009472186983431361,-0.08989351478107101,0.03838849805866298,-0.25737131434282856,-0.11471187483181486,-0.272409948871718,0.04528504978280091,-0.0706339138123246,0.28479606350670816,0.1149348402721716,0.23564371660323685,-0.2810748471917887,-0.46642832429938874,-0.3730211817168339,0.06466766616691653,-0.2408641832929689,-0.0016914619613270288,-0.17820320608926307,-0.14009918117864145,0.21257832622150463,-0.3703840387498558,-0.046453696228808676,-0.09376081190174143,-0.5034021450813055,-0.3754738015607581,-0.3312420712720563,-0.2925075923576673,0.028501134048360435,-0.13859993080382885,0.059062776304155615,-0.07513935340022297,-0.3166109253065775,-0.3599892361511552,0.3758966670510898,-0.04504670741552301,0.3194018375427671,0.2321224003382924,0.25368085188175143,0.2216814669588283,-0.07684619228847114,0.10463229923499788,-0.6847729981163264,-0.5591281282435705,0.15990466305308884,0.3548379656325683,-0.09453734671125975,0.2518740629685157,,0.2190212586014685,0.279214239034329,-0.4689655172413793,-0.5831238227040326,-0.1783954176757775,-0.3501172490677738,0.02943912659055088,0.07370929919655557,-0.12842040518202438,-0.17316726252258485,-0.634367431668781,-0.4923768884788375,0.2873716987660016,0.06316841579210394,-0.03070003459808557,-0.06209971937108369,-0.2995963556683197,-0.40209126206127704,-0.17144504670741553,-0.18338523046169222,-0.12805135893591665,-0.39940029985007497,-0.22754007611578825,-0.4141467727674624,-0.3802406489063161,-0.22687117979471802,-0.6068657978702956,-0.5813170337907969
#11,0.34265943951101374,1.0,0.18269326875024025,0.42111252066274557,0.2133702379579441,0.15720601237842619,0.15437665782493368,0.13654711105985468,0.4460000768846346,0.5127974474301311,0.1531465036712413,0.3475954330527044,0.3905355014800292,-0.21918271633414063,0.34595010187214087,0.1799254219044324,0.3143582055126283,-0.14374351285895515,0.36238803675085535,0.018283166109253065,0.20228347364779148,0.13008111328950908,0.26138469226925,0.2682197362857033,0.3536308768692577,0.09052396878483834,-0.31984007996002,-0.22607157959481797,-0.07786106946526737,-0.15433052704417022,-0.05248914004536193,-0.33860761926728944,-0.4473224925998539,-0.37282897013031946,-0.0014608080575097067,0.005789412985814785,-0.05119747818398493,-0.1392688271248991,-0.09076231115211625,-0.0872409948871718,-0.2112559105062853,-0.020282166609003192,-0.11928651059085842,-0.017629646715103985,0.02025141275516088,0.2918694498904394,-0.5227386306846576,-0.49779725521854457,-0.6041210164148695,-0.10276400261407757,-0.4051820243724292,0.048706416022757854,-0.35250836120401335,-0.17765732518356206,0.1736670126475224,-0.3624034136777765,0.18950524737631183,0.04315534540422097,-0.30796909237688846,0.024887556221889054,-0.23320647368623382,-0.18292392265405757,0.03711221312420713,-0.157536616307231,-0.12410717718064045,-0.15803636643216853,-0.17398223964940607,-0.19533310267942952,0.27404759158882097,-0.0687656171914043,0.3610041133279514,0.0023988005997001498,0.09207703840387499,-0.043339868527274825,0.03682005151270518,-0.0435167031868681,-0.30869180794218276,-0.23402913927651559,-0.10195671395071695,0.0849959635566832,0.09692077038403875,0.07055702917771883,,0.42601007188713336,-0.008126705877830315,-0.2081728366585938,-0.3332795140891093,-0.07367854534271326,-0.10050359435666782,0.013670088032906624,0.2589551378157075,0.11638795986622073,-0.03500557413600892,-0.19828547264829124,-0.21094068350440165,0.16898473840003075,0.039303425210471685,-0.17215238534578864,-0.168761772959674,-0.45434974820282165,-0.32155460731172875,0.11291277438203975,-0.12365355783646638,-0.3519547918348518,-0.5013493253373313,-0.43516703186868105,-0.4790758466920386,-0.2710644677661169,-0.07104909083919579,-0.32969669011648023,-0.1927497789566755
#12,0.4621227847614654,0.18269326875024025,1.0,0.5852535270826126,0.1391996309537539,0.023918809825856303,-0.20900319071233614,0.2761772959674009,-0.006950370968361973,0.5258755237765732,0.27826855802867795,0.08341982854726483,-0.1765963172260024,-0.4144927536231884,0.20696574789528313,0.2459308807134894,0.5888363510552416,0.5019951562680198,0.1288202052819744,0.04899857763425979,-0.0658747549302272,-0.12023988005997001,0.2453158036366432,0.24367816091954023,0.13297197555068618,0.19331103678929765,0.20957982547187945,0.1579056625533387,0.07630799984623073,-0.3581901357013801,0.03399838542267328,-0.18981278591473494,0.09021643024641525,-0.13500941836773922,-0.38809825856302615,0.005858609156959981,-0.43715065544151,-0.3641717602737093,0.011694152923538231,0.30351747203321416,-0.1240918002537193,0.29318417714219813,-0.0981970553184946,0.2682274247491639,-0.07013416368738708,-0.004689962710952216,-0.10766155383846539,-0.1496021220159151,-0.16754699573290277,0.039580209895052475,0.1056164225579518,0.2598393111136739,0.2257871064467766,0.40280628916311073,-0.04158689885826317,-0.000876484834505824,-0.39773959174259027,-0.5219005881674548,-0.023073078845192788,-0.03472110098796755,-0.13206473686233805,-0.17047630031138278,-0.4276938453849998,-0.1752585245838619,0.3178641448506516,0.2946219198093261,-0.39990773843847305,-0.31560373659324187,-0.044101026409871985,-0.30304847576211896,0.2716180371352785,0.1295044785299658,-0.09432206973436359,-0.03366009303040787,-0.3785645638719102,-0.2946372967362473,-0.21812170837658093,-0.08641064083342943,0.25922423403682776,0.3320262945450352,0.001330104178679891,0.025610271787183333,,0.07446276861569215,-0.11143658939760889,-0.10598546880405951,-0.18553031176719334,0.11685695613731596,-0.22880098412332295,-0.11743359089685926,-0.039910813823857305,-0.21324722254257486,-0.1224541575366163,-0.16135778264713796,-0.12896628608772537,0.5091300503594357,0.30085726367585436,0.5153961480798063,0.3360012301541537,0.09633644716103487,0.1368238957444355,0.3253680851881751,0.19303425210471686,0.19289585976242649,0.13897666551339716,0.1472648291238996,0.19913120362895476,-0.1901664552339215,-0.14888709491408142,-0.1856763925729443,-0.10075731365086688
#13,0.5467497020720409,0.42111252066274557,0.5852535270826126,1.0,0.2868796371045247,0.21493099604044133,0.0007457809556760082,0.2259639411063699,0.07853765424979818,0.691784876792373,0.29787413985315037,0.14518894398954368,0.05259677853381002,-0.39961557682697113,0.4136777764963672,0.32911236689347634,0.6447929881213239,0.1369469111598047,0.42097412832045517,0.3183100757313651,0.22253488640295238,0.1418521508476531,0.3480874947141814,0.3378310844577711,0.20585092069349942,0.10857648099027409,-0.003467497020720409,-0.002122015915119363,0.044347057240610464,-0.2114327451658786,-0.10428631837927191,-0.3649482950832276,-0.2879560219890055,-0.386791219774728,-0.17512013224157152,0.033721600738092494,-0.3454119094299004,-0.16251105216622458,0.01311651866374505,0.017829546765079,-0.15047860685042094,0.2449775112443778,0.07922192749778957,0.3402913927651559,0.12156229577518933,0.1632183908045977,-0.41680698112482223,-0.3978779840848806,-0.45500326759697074,0.12140852650597778,-0.17146042363433667,0.10348671817937186,-0.08889401453119594,0.1539922346519048,0.11083688924768385,-0.20142236574020683,-0.09314573482489524,-0.2185445738669127,-0.07939876215738284,0.017091454272863568,-0.3615653711605736,-0.2915619113520163,-0.2349440664283243,-0.11553454042209664,0.23066159228078267,0.07808403490562411,-0.30986045438819054,-0.28761004113327954,0.21051781801406988,-0.04703033098835198,0.4030215661400069,0.2630300234498136,0.07752277707300197,-0.08117479721677623,-0.18831353553992233,-0.13121900588167454,-0.5243685849383001,-0.32850497828009073,0.13679314189059316,0.32134701879829314,0.1958789835851305,0.2671971706454465,,0.2609003190712336,0.03146888094414331,-0.4161303963402914,-0.348894783377542,0.04586937300580479,-0.1901664552339215,0.08102102794756467,0.2484834505824011,-0.020989505247376312,-0.09818167839157345,-0.33251835620651216,-0.21271671856379504,0.37226002383423673,0.1484796063506708,0.16466382193518625,-0.009156959981547688,-0.28783300657363625,-0.21073309499096607,0.34085265059777803,-0.04739168877099911,-0.05174335908968593,-0.2686118479221927,-0.243209164648445,-0.11913274132164686,-0.39143505170491677,-0.13637027640026142,-0.4802598700649675,-0.3474647291738746
#17,0.23241456194979435,0.2133702379579441,0.1391996309537539,0.2868796371045247,1.0,0.5251912505285818,-0.11172875100911082,0.44425479567908355,0.4206896551724138,0.3142275016337985,-0.08004459308807135,0.6502825510321762,0.16780071502710184,-0.3250297927959097,0.09886595163956484,-0.161211701841387,0.19477953331026795,-0.03220697343635874,0.017191404297851074,-0.15516856956137315,0.11724906777380541,-0.13006573636258795,0.03948025987006497,-0.16576327221004883,0.07636950755391535,-0.19065082843193787,-0.2925075923576673,-0.2510360204513128,0.17842617152961981,-0.26659747049552146,-0.06896551724137931,-0.2312305385768654,-0.20578172452235421,-0.19519471033713912,-0.07757659631722601,0.2330065736362588,-0.07733056548648752,-0.26289163110752317,0.05890900703494407,-0.0513435589897359,-0.08711797947180255,0.15387690769999615,0.027055702917771884,0.09575981240149156,0.10535501480029216,0.028047514704186368,-0.33492484526967287,-0.3086379886979587,-0.17405143582055127,0.1544381655326183,-0.20198362357282898,0.046092338446161535,-0.22645600276784686,-0.10375581440049206,0.19658632222350364,-0.41730673124975975,0.008403490562411102,-0.19650943758889786,0.06830430938376965,-0.11587283281436205,-0.097989466805059,-0.010686964210202592,-0.04461615346173067,-0.08330450159535617,-0.07613116518663746,-0.20347518548418098,-0.10807673086533656,-0.15956637066082344,0.08885557221389305,-0.10991427363241456,0.15189328412716718,-0.049113904586168454,0.25271979394917926,0.20443624341675315,0.0011917118363894976,0.06674355130127244,-0.3116979971552685,-0.25890900703494407,0.08494214431245915,0.029039326490600852,0.2494445085149733,0.24275554530427093,,0.4490293314881021,0.3320801137892592,-0.06828124399338792,-0.05196632453004267,0.3278899012032445,-0.23138430784607697,0.21343174566562872,0.19255756737016108,0.3229385307346327,-0.08566485987775344,-0.24880636604774536,-0.390266405258909,-0.016261100219121208,-0.09491408142082805,-0.08024449313804637,-0.21601506938838272,-0.2855956637066082,-0.2244031830238727,0.11240533579364165,0.025987006496751622,-0.1973167262522585,-0.3242455695229308,-0.2194287471648791,-0.22105101295506094,-0.2067350939914658,-0.173728520355207,-0.25329642870872254,-0.21639180409795103
#18,0.04251720293699304,0.15720601237842619,0.023918809825856303,0.21493099604044133,0.5251912505285818,1.0,0.09535232383808095,0.030799984623073078,0.1506708184369354,0.12493753123438281,-0.13553992234651904,0.38640679660169913,0.1271825625648714,-0.06138469226924999,-0.2777149886595164,-0.4171068311997847,0.09496790066505209,0.22388036750855342,-0.14310537039172722,0.0067350939914658054,-0.036335678314688806,-0.22239649406066198,0.020943374466612846,-0.14481989774343598,0.10461692230807673,-0.21751431976319532,-0.11002191212086264,-0.022281167108753316,0.39640179910044976,0.13635489947334026,0.2958751393534002,0.07612347672317687,-0.08130550109560604,-0.129227693845385,0.19275746742013608,0.0939068927074924,0.12403029254603468,-0.09306116172682889,0.2513512474531965,-0.02973128820205282,0.009572137008418868,-0.09579056625533387,-0.19915426901933647,-0.11352785145888594,0.00864952139314958,-0.014684965209702841,-0.12073963018490755,0.006143082305001346,0.05485718679121977,0.16620920309076231,-0.05179717833390997,0.059685541844462384,-0.2274631914811825,-0.14246722792449928,-0.01738361588436551,-0.21077153730826895,0.08815592203898051,-0.032552954292084726,0.2127628493445585,0.1197324414715719,0.1188175143197632,0.16014300542036675,0.1797178333909968,0.13350247952946603,0.24083342943912658,0.2678199361857533,0.2201514627301734,0.06376811594202898,-0.023080767308653365,-0.16956906162303464,0.09928112866643601,0.10390958366970361,0.13151885595663707,-0.011271287433206474,0.0011148272017837235,-0.03259139660938761,-0.02496444085649483,-0.01157882597162957,0.24960596624764542,-0.14903317571983238,0.1771037558144005,0.0709414523507477,,0.17444354745704072,0.08807903740437474,0.05383462115096298,0.13933802329604428,0.12975050936070426,-0.14147541613808481,-0.08776381040249107,0.18530734632683657,0.31725675623726596,-0.10690039595586821,0.037996386422173525,-0.16887709991158267,-0.16797754968669512,-0.07589282281935955,0.055572213893053474,-0.0546111559604813,-0.06652827432437627,0.10869180794218275,0.40740399031253605,0.28930150309460656,0.08318917464344751,-0.0950986045438819,-0.08702571791027564,-0.013477876446392189,0.12945065928574173,0.0623688155922039,0.014815669088532657,0.06465228923999539
#26,-0.030723099988467305,0.15437665782493368,-0.20900319071233614,0.0007457809556760082,-0.11172875100911082,0.09535232383808095,1.0,-0.0179986929612117,0.1607734594241341,0.12212355360781148,0.0944527736131934,-0.009272286933456348,0.30290239495636795,0.3850766924230193,-0.06914235190097259,-0.09687463960327529,-0.10666205358859032,-0.11692615230846115,0.007088763310652366,-0.1696920770384039,-0.18867489332256948,-0.05016722408026756,0.0801291661861377,0.09948871717987161,9.995002498750625e-05,0.010194902548725637,0.10463229923499788,0.1625418060200669,0.06926536731634184,0.22727097989466805,-0.06562872409948872,-0.11841771421981317,-0.23764271710298696,-0.16640141467727676,0.21570753084995964,0.06502902394956368,-0.008603390612386115,0.16140391342790145,-0.15240841117902587,-0.30182601007188714,-0.07486256871564217,-0.10467843001576135,0.022581017183715836,0.13819244224041824,0.32819743974166765,0.2254488140545112,0.056425633337177566,0.07660016145773267,-0.016276477146042363,0.09517548917848768,0.0008995502248875562,-0.04284780686579787,-0.09001653019644024,-0.19111213623957252,-0.273155729827394,-0.1439972321531542,0.13169569061623035,0.09425287356321839,0.08978587629262291,0.29100834198285475,-0.2678814438934379,-0.0898627609272287,0.33468650290239493,0.3111059854688041,0.15932802829354553,0.06762772459923884,0.21678391573444047,0.3744819897743436,-0.052389190020374427,0.3141198631453504,0.04204051820243724,-0.05471110598546881,-0.11942490293314881,-0.2164302464152539,-0.12064736862338062,-0.12020143774266713,-0.10257179102756314,0.15486103102295007,0.15922807826855803,0.07916041979010495,-0.07794564256333372,-0.13291815630646214,,0.12151616499442586,-0.16027370929919654,-0.053011955560681195,-0.06080036904624611,0.008534194441240917,0.04353976857724984,0.127736131934033,0.19936185753277208,0.203874985584131,0.15566063122285012,0.06764310152616,0.20444393188021373,-0.06901933648560335,-0.15204705339637872,-0.21171721831391996,-0.12037058393879983,-0.11676469457578903,-0.16394110636989198,-0.015146273017337486,-0.0931918656056587,-0.2878637604274786,-0.18726021604582324,-0.23631261292430708,-0.20635067081843694,-0.14954830277169107,-0.044762234267481646,-0.03289124668435013,0.13117287510091108
#49,0.7477953331026794,0.13654711105985468,0.2761772959674009,0.2259639411063699,0.44425479567908355,0.030799984623073078,-0.0179986929612117,1.0,0.24248644908315073,0.5282051282051282,0.4831584207896052,0.48627224849113904,0.21173259524084112,-0.2690347134125245,0.43583592818975125,0.32004766847345556,0.36401030254103717,-0.1750893783877292,0.4331065236612463,-0.0203129204628455,0.2448852496828509,0.24737631184407796,0.16487141044862183,0.17552762080498213,0.1620881866758928,-0.04610002690962211,-0.020274478145542615,-0.03231461192480683,-0.1469188482681736,-0.5246530580863414,-0.45815553761580746,-0.4066505208933995,-0.4014761849844309,-0.5195017875677546,-0.26119248068273554,-0.020205281974397415,-0.15822857801868295,-0.07780725022104333,-0.3320570483988775,-0.24328604928305078,-0.3091069849690539,-0.008964748395033252,-0.041433129589051626,0.15034021450813054,0.1180332910467843,0.20106100795755968,-0.2222811671087533,-0.4959443355245454,-0.24200976434859495,0.04480067658478453,-0.23934955599123514,-0.02576404105639488,-0.17073001960558182,-0.1776419482566409,0.20882635605274286,-0.5549225387306347,-0.09921962095875139,-0.11408142082804751,-0.46724330142620996,-0.5053550148002922,-0.14043747357090686,-0.06637450505516472,-0.004013377926421404,-0.20487448583400608,-0.027117210625456502,-0.2663591281282436,-0.42472609848921694,-0.3645177411294353,0.36670895321569985,-0.054941759889286124,0.22538730634682658,0.07310191058316995,0.3661476953830777,0.2637758044054896,-0.053588590320224505,0.1973474801061008,-0.5597585822473379,-0.5256986891169799,0.007811478875946642,0.2548648752546804,-0.05589512935839772,0.14523507477030714,,0.35040172221581517,0.24673048091338945,-0.17593510936839274,-0.43057701918271635,-0.007242532579863914,-0.4569253834621151,-0.05441125591050629,-0.02981586130011917,-0.11103678929765887,-0.21941337023795796,-0.5633337177565063,-0.5987929112366893,0.20416714719563295,-0.14039903125360398,-0.12122400338292393,-0.20329066236112714,-0.39613270287932956,-0.4731480413639334,-0.3981701456963826,-0.31243608964748393,-0.33032714412024755,-0.4346980355975858,-0.21698381578441547,-0.4246261484642294,-0.23106908084419328,-0.22039749356091184,-0.48990120324453157,-0.5668319686310691
#50,0.1715603736593242,0.4460000768846346,-0.006950370968361973,0.07853765424979818,0.4206896551724138,0.1506708184369354,0.1607734594241341,0.24248644908315073,1.0,0.22260408257409756,0.08953215699842386,0.38722177372852035,0.2124245569522931,-0.047945258140160686,0.20729635182408795,-0.1370853035020951,0.17088378887479339,-0.21546150001922115,0.040349056241110216,-0.2788451927882213,0.14934071425825549,-0.07868373505554915,0.10919155806712029,-0.13653942259639412,0.1906738938223196,-0.16218044823741976,-0.33621650713104984,-0.438588398108638,0.07849152346903471,-0.1864913696997655,-0.16788528812516818,-0.14847191788721023,-0.2608464998270096,-0.0701264752239265,0.1158574558874409,0.12439165032868181,0.04663053088840195,0.025049013954561182,-0.1136816207280975,-0.17323645869373006,-0.02135086303002345,-0.06432937377465113,-0.02214277476646292,-0.04172529120055357,-0.19407219467189482,-0.02304232499135048,-0.4217660400568946,-0.40848037519701685,-0.2807365547995233,-0.13481720678122477,-0.331065236612463,-0.1582516434090647,-0.27242532579863915,-0.3522930842271172,0.2287548533425595,-0.3525237381309345,0.15982008995502248,-0.024587706146926538,-0.24623073078845192,-0.1935032483758121,-0.1240533579364164,-0.024925998539191942,0.1608734094491216,-0.08733325644869873,-0.22808595702148926,-0.2588936301080229,0.051620343674316685,-0.11932495290816131,0.1282051282051282,0.033806173836158845,0.3497558912851267,0.2248721792949679,0.36812363049244606,0.242263483642794,0.22594856417944872,0.25377311344327835,-0.09549840464383193,-0.09968861722984662,0.05491100603544382,-0.13547072617537384,0.09027024949063929,-0.05915503786568254,,0.4275016337984854,0.2040133779264214,0.037565832468381195,-0.15735209318417714,0.17488178987429362,-0.17101449275362318,0.03321416214969438,0.09169261523084611,0.2835274670357129,-0.04120247568523431,-0.2532733633183408,-0.29793564756083496,0.10558566870410949,-0.05683312190058817,-0.11610348671817937,-0.2975204705339638,-0.2557951793334102,-0.21967477799561758,-0.016238034828739475,-0.05089762810902241,-0.19288048283550532,-0.3797639641717603,-0.21406219966939607,-0.3058240110713874,-0.18879790873793872,-0.10777688079037405,-0.26268404259408756,-0.27008034444316303
#51,0.7090916080421328,0.5127974474301311,0.5258755237765732,0.691784876792373,0.3142275016337985,0.12493753123438281,0.12212355360781148,0.5282051282051282,0.22260408257409756,1.0,0.6183216084265559,0.26221504632299236,0.22614077576596317,-0.34934071425825547,0.5374543497482028,0.3478722177372852,0.6709491408142083,0.09842002075885134,0.5175027870680045,0.08072886633606274,0.22458770614692652,0.06339138123246069,0.43345250451697226,0.38886710490908394,0.4251874062968516,0.17844154845654095,0.006565947795333102,-0.009964248644908314,-0.028262791681082537,-0.3376926921154807,-0.18153231076769308,-0.4696882328066736,-0.304047976011994,-0.48270480144543115,-0.2324606927305578,-0.0598854418944374,-0.13926113866143852,-0.12198516126552109,-0.04528504978280091,-0.11203628954753393,-0.19363395225464192,0.13050397877984085,-0.08920155306961904,0.2812286164610003,0.05836312612924307,0.19361857532772075,-0.377003805789413,-0.49018567639257293,-0.4547879906200746,0.0884327067235613,-0.16071964017991006,0.19711682620228346,-0.04326298389266905,-0.007811478875946642,0.23726598239341867,-0.3777418982816284,-0.13216468688732558,-0.2928612616768539,-0.3389843539768577,-0.17807250221043325,-0.3484104101795256,-0.3176488678737554,-0.13152654442009765,-0.22305001345481107,0.11048321992849729,-0.029369930419405683,-0.3306269941952101,-0.3250836120401338,0.43012339983854225,-0.17561219390304847,0.5450889939645562,0.22685580286779686,0.16387191019874678,-0.05335024795294661,-0.2262022834736478,-0.08818667589282282,-0.6508976281090224,-0.5120593549379157,0.23392918925152809,0.4266328374274401,0.11382001307038789,0.12734402029754355,,0.2905239687848383,0.05605658709106985,-0.5092838196286472,-0.5356398723715066,-0.0627763041556145,-0.3176949986545189,0.0631145965478799,0.13821550763079998,-0.017368238957444354,0.03840387498558413,-0.5027409372236958,-0.3440356744704571,0.5111367393226464,0.15029408372736708,0.057402068196670895,-0.06911928651059086,-0.39460269865067465,-0.3082766309153116,0.09984238649905816,-0.10711567293276439,-0.17334409718217814,-0.3560527428593396,-0.25809402990812286,-0.3147964479298812,-0.4013377926421405,-0.1649252296928459,-0.5708222811671088,-0.417429746665129
#52,0.6046284550032676,0.1531465036712413,0.27826855802867795,0.29787413985315037,-0.08004459308807135,-0.13553992234651904,0.0944527736131934,0.4831584207896052,0.08953215699842386,0.6183216084265559,1.0,0.03330642371122131,0.22477991773344097,-0.04234805674086034,0.5285664859877753,0.37545073617037633,0.40329066236112715,0.00340598931303579,0.5460116095798254,0.10802291162111252,0.19930034982508746,0.19985391919424902,0.29456041210164147,0.3879521777572752,0.43668934763387535,0.17363625879368008,-0.06754315150117249,-0.04458539960788836,-0.04204051820243724,-0.16051205166647445,-0.2772998116326452,-0.20542805520316765,-0.1662476454080652,-0.34002229654403565,-0.09780494368200515,-0.3302810133394841,0.03458270864567716,0.13000422865490333,-0.169307653865375,-0.2191288970899166,-0.16309537538922847,-0.044131780263714296,-0.13319494099104295,0.2378349286895014,0.02099719371083689,0.07851458885941645,-0.2572021681466959,-0.40359820089955023,-0.2894168300465152,-0.11638795986622073,-0.20475147041863684,-0.08734863337561988,-0.07909891208242033,-0.18521508476530965,0.2008149771268212,-0.27875293122669437,-0.07430131088302003,-0.11269749740514358,-0.43419828547264827,-0.34840272171606507,-0.11930957598124015,-0.08609541383154577,-0.013962249644408564,-0.21285511090608542,-0.033767731518855953,-0.05055164725329643,-0.1909199246530581,-0.20287548533425595,0.3900741936723946,0.012093953023488256,0.345219697843386,0.1471187483181486,0.19665551839464884,-0.029654403567447047,-0.07769961173259524,0.10126475223926498,-0.419720908776381,-0.46353746203821167,0.267843001576135,0.36575558374658823,-0.16661669165417292,0.06316072732864338,,0.09741283204551571,-0.023426748164379348,-0.29296890016530197,-0.45914734940222196,-0.23305270441702225,-0.22910083419828547,-0.0686272248491139,0.016045823242225043,-0.21945181255526083,0.07745358090185676,-0.43642793987621575,-0.22420328297389766,0.43206858109406837,0.07895283127666936,-0.036881559220389805,-0.19730134932533733,-0.3964940606619767,-0.36969976550186445,-0.2552031676469458,-0.19022796294160613,-0.1470956829277669,-0.2760081497712682,-0.1778572252335371,-0.23376773151885596,-0.22288086725867837,0.05691769499865452,-0.2958520739630185,-0.36742398031753354
#53,0.3941644562334218,0.3475954330527044,0.08341982854726483,0.14518894398954368,0.6502825510321762,0.38640679660169913,-0.009272286933456348,0.48627224849113904,0.38722177372852035,0.26221504632299236,0.03330642371122131,1.0,0.48650290239495636,-0.20301387767654636,0.1528774074501211,-0.2273555529927344,0.13870756929227693,-0.25336562487986775,0.11139045861684542,-0.1990466305308884,0.1617268288932457,-0.11258217045323492,0.08238188598008687,-0.03876523276823127,0.10779994618075578,-0.15707530849959636,-0.2729481413139584,-0.14029139276515587,0.17118363894975588,-0.17731134432783607,-0.1915350017299043,-0.26295313881520777,-0.3289893514781071,-0.34511205935493794,0.18287010340983353,0.3126283012339984,0.004574635759043555,-0.1267135662937762,-0.174620382116634,-0.14308230500134547,-0.10893783877292124,0.045769422980817286,-0.10454003767347096,-0.056640910314073735,0.03561296274939453,-0.11485795563756583,-0.2189520624303233,-0.2692346134624995,-0.28360435167031867,-0.04763771960173759,-0.3136508668742552,-0.046038519201937494,-0.4052973513243378,-0.34243647407065697,0.13770806904240188,-0.42674816437934876,0.18303156114250568,-0.02194287471648791,-0.17432822050513205,-0.20627378618383116,-0.1817629646715104,-0.14170607004190214,0.21951332026294545,0.04496982278091723,-0.08033675469957328,-0.30439395686772,0.022788605697151423,-0.1608042132779764,0.21766808903240686,0.06163072309998847,0.25629492945834775,0.1591665705608734,0.36625533387152576,0.40155306961903664,0.19658632222350364,0.19126590550878406,-0.3190174143697382,-0.2777457425133587,0.09121593049629032,-0.008218967439357244,0.18194748779456427,0.2796755468419636,,0.5806865797870295,0.39504862953138814,-0.09728981663014646,-0.22458770614692652,0.208295852073963,-0.30488601852919694,0.16008149771268212,0.02332679813939184,0.3614807980625072,-0.33685464959827777,-0.34843347556990734,-0.5372313843078461,-0.014408180525122055,-0.2024833736977665,-0.2448852496828509,-0.2784838350055741,-0.2725406527505478,-0.2731864836812363,-0.042248106715872834,-0.11910198746780457,-0.23149963479798563,-0.42938530734632685,-0.23064621535386154,-0.3800561257832622,-0.15564525429592896,-0.08250490139545612,-0.37482797063006956,-0.30414023757352093
#54,0.17561219390304847,0.3905355014800292,-0.1765963172260024,0.05259677853381002,0.16780071502710184,0.1271825625648714,0.30290239495636795,0.21173259524084112,0.2124245569522931,0.22614077576596317,0.22477991773344097,0.48650290239495636,1.0,0.08350440164533118,0.010448621842924692,-0.15169338407719218,-0.06469842002075885,-0.35690616230346367,0.179986929612117,-0.2387191019874678,0.09269980394418176,-0.025579517933341022,0.19780878791373543,0.16187290969899665,0.20090723868834814,-0.04585399607888364,-0.1224541575366163,0.013869988082881635,0.03352170068811748,0.039687848383500555,-0.11930957598124015,-0.34784915234690345,-0.31795640641217854,-0.24202514127551608,0.19138123246069272,-0.10471687233306423,0.0409333794641141,-0.05401145581055626,-0.2473609349171568,-0.3448275862068966,-0.0013377926421404682,-0.1265444200976435,-0.10337907969092378,-0.23648175912043978,0.2524814515819014,0.011863299119670934,-0.2008534194441241,-0.19221927497789568,-0.19215007880675047,-0.10088032906623612,-0.2683196863106908,-0.04013377926421405,-0.2858647599277284,-0.289147733825395,0.03795794410487064,-0.4082727866835813,0.2537654249798178,0.19025871679544842,-0.17687310191058317,-0.03193018875177796,-0.1941106369891977,-0.10033444816053512,0.14844116403336793,-0.01054088340445162,-0.14401260908007535,-0.2075193172644447,0.05806327605428055,0.13267212547572368,0.15503786568254335,0.12047053396378733,0.1270518586860416,-0.014854111405835544,0.08967823780417483,0.11358167070310998,0.12100872640602775,0.113781570753085,-0.22998500749625186,-0.18190135701380078,-0.09846615153961481,-0.17797255218544575,0.1480721177872602,0.20515895898204745,,0.629308422711721,0.09768192826663591,-0.06626686656671664,-0.230546265328874,0.17017645023642025,-0.12028601084073348,0.24343213008880174,0.025179717833390996,0.42434936377964866,-0.012301541536923847,-0.020182216584015686,-0.21399300349825087,0.07105677930265636,-0.056018144773766966,-0.40137623495944336,-0.27038019451812556,-0.39191942490293313,-0.3116903086918079,-0.11721062545650252,-0.33343328335832084,-0.40733479414139084,-0.3547764579248837,-0.3291584976742398,-0.36051974012993504,-0.10548571867912197,-0.00921077922577173,-0.2436935378464614,-0.17408218967439357
#58,-0.23140737323645869,-0.21918271633414063,-0.4144927536231884,-0.39961557682697113,-0.3250297927959097,-0.06138469226924999,0.3850766924230193,-0.2690347134125245,-0.047945258140160686,-0.34934071425825547,-0.04234805674086034,-0.20301387767654636,0.08350440164533118,1.0,-0.3432745165878599,-0.2980279091223619,-0.47932187752277705,-0.14072194671894822,-0.28561872909699,-0.14384346288394265,-0.04080267558528428,-0.19002037442817052,0.02780917233690847,-0.09028562641756045,-0.013547072617537384,-0.21175566063122286,0.0579787029562142,0.09312266943451351,-0.01388536500980279,0.39617114519663243,0.09871987083381387,0.2827509322261946,0.012578326221504633,0.18919770883788875,0.39293430207972935,-0.016261100219121208,0.14080651981701456,0.2016299542536424,-0.141344712259255,-0.2903394456617845,0.0037673470956829276,-0.23302963902664053,0.05130511667243302,-0.12440702725560297,0.24464690731557298,0.10529350709260754,0.18627609272286932,0.3270749240764233,0.3740514358205513,0.08776381040249107,0.10563948794833353,-0.23635874370507054,-0.11367393226463691,-0.39239610963748894,-0.16581709145427287,-0.017583515934340523,0.3370622381117134,0.3152423788105947,0.18333909968092876,0.24806827355552993,0.12796678583785032,0.14624995194710338,0.5017952562180448,0.27021104832199283,-0.12444546957290585,0.06356821589205397,0.6766693576288779,0.6461846000076885,-0.24397032253104217,0.48062122784761463,-0.1945258140160689,-0.05978549186944989,-0.12732864337062239,-0.09672855879752432,0.11817937185253527,0.049959635566831966,0.30985276592472993,0.3301887517779572,0.16160381347787645,-0.2604697651174413,-0.10098027909122362,-0.1639334179064314,,-0.16612462999269595,0.0011840233729289201,0.20643524391650328,0.14784146388344288,-0.09348402721716065,0.25591050628531886,0.11292046284550032,-0.0011994002998500749,0.27374774151385844,0.17380540498981278,0.30035751355091683,0.2868258178603006,-0.4521585361165571,-0.022488755622188907,-0.3534002229654404,-0.20039980009995004,0.1600968746396033,0.06671279744743012,-0.1398147080306001,0.044808365048245105,-0.03035405374235959,0.10944527736131934,-0.037212163149194635,0.04370122630992196,0.3112213124207127,0.2369584438549956,0.2663898819820859,0.3376926921154807
#101,0.5583131511167493,0.34595010187214087,0.20696574789528313,0.4136777764963672,0.09886595163956484,-0.2777149886595164,-0.06914235190097259,0.43583592818975125,0.20729635182408795,0.5374543497482028,0.5285664859877753,0.1528774074501211,0.010448621842924692,-0.3432745165878599,1.0,0.5747587744589244,0.4633836927690001,-0.25567985238150154,0.5909199246530581,0.23286049283050783,0.5238227040325991,0.423342175066313,0.2703263752739015,0.2759235766732019,0.42767846845807866,0.10346365278899013,-0.22366509053165726,-0.33168031368930917,-0.2593856917694999,-0.43149963479798564,-0.5314957905662553,-0.4899627109522162,-0.44567716141929037,-0.402037442817053,-0.2634144466228424,0.020143774266712797,0.040641217852612155,0.17146811209779725,-0.2779456425633337,-0.03600507438588398,-0.33935340022296545,0.10648521892899704,0.2454849498327759,0.3226309921962096,-0.10126475223926498,0.20643524391650328,-0.5432437627340176,-0.6612770537808019,-0.6346980355975859,-0.15520701187867605,-0.3537538922846269,-0.050828431937877214,-0.17495098604543882,-0.0936377964863722,0.5193941490793065,-0.20218352362280398,0.014208280475147042,0.028831737977165265,-0.6131549609810479,-0.4849575212393803,-0.3467189482181986,-0.3630723099988467,-0.10155691385076693,-0.3539230384807596,-0.2810902241187099,-0.43905739437973323,-0.3787106446776612,-0.5476261869065467,0.7284588474993272,0.0910160304463153,0.4447776111944028,0.2486525967785338,0.39836235728289704,0.11327413216468689,0.11817168338907469,0.13612424556952293,-0.6317302887018029,-0.6663129973474801,0.04690731557298274,0.4285857071464268,0.029677468957828777,0.06479068158228578,,0.15559143505170492,0.013854611155960482,-0.5406296851574213,-0.7165801714527352,-0.16837734978664515,-0.23597432053204168,-0.0518202437242917,0.08430400184523124,-0.4030523199938492,-0.11321262445700227,-0.7311805635643717,-0.4938684503901895,0.4709030100334448,-0.12231576519432591,-0.12325375773651635,-0.345219697843386,-0.4485142044362434,-0.5277745742513359,-0.3385922423403683,-0.39044323991850227,-0.3271441202475685,-0.5952639065082843,-0.4474378195517626,-0.48670280244493136,-0.5752739015107831,-0.27228693345634875,-0.6065967016491755,-0.6128397339791642
#102,0.4164379348787145,0.1799254219044324,0.2459308807134894,0.32911236689347634,-0.161211701841387,-0.4171068311997847,-0.09687463960327529,0.32004766847345556,-0.1370853035020951,0.3478722177372852,0.37545073617037633,-0.2273555529927344,-0.15169338407719218,-0.2980279091223619,0.5747587744589244,1.0,0.23607427055702918,-0.0030600084573098067,0.5463883442893938,0.4977588129012417,0.18529965786337602,0.6941221696843886,0.03187636950755392,0.5159958482297313,0.05102833198785223,0.3821935186253027,-0.09898127859147349,-0.04728405028255103,-0.2859800868796371,-0.35863606658209357,-0.2271940952600623,-0.35097835697535845,-0.22544112559105062,-0.325352708261254,-0.3741821396993811,-0.20811132895090917,-0.20426709722062045,0.12557567370161074,-0.3149963479798562,0.0617537385153577,-0.22587167954484297,0.2043593587821474,0.14605005189712836,0.4150693883827317,0.00891092915080921,0.33537077615038635,-0.31069080844193286,-0.4724330142620997,-0.44645369622880865,-0.01786030061892131,-0.2288163610502441,0.10649290739245762,-0.0232729788951678,0.24530811517318263,0.14517356706262252,-0.035605274285933956,-0.260638911313574,0.05720216814669588,-0.346511359704763,-0.22665590281782186,-0.17831084457771115,-0.1496098104793757,-0.28484219428747165,-0.24355514550417098,-0.023618959750893783,-0.06559797024564641,-0.4766386037750356,-0.29883519778572254,0.30700034598085574,0.006081574597316727,0.11047553146503672,0.011325106677430516,0.03939568677199862,-0.024503133048860187,-0.09396071195171644,0.014016068888632606,-0.47185637950255643,-0.435313112674432,-0.16610156460231423,0.5711913274132164,-0.1282743243762734,0.1558682197362857,,-0.19931572675200862,0.05441125591050629,-0.3250144158689886,-0.3552454541959789,-0.36099642486449085,-0.046938069426825046,0.03597432053204167,0.1742128935532234,-0.5292968900165302,0.00459001268596471,-0.31601891362011303,-0.1603890362511052,0.2840656594779533,0.13828470380194519,-0.04741475416138085,-0.01220159151193634,-0.30670818436935376,-0.4223811171337408,-0.2822665590281782,-0.2393649329181563,-0.2536654749548303,-0.2589397608887864,-0.21560758082497214,-0.2299388767154884,-0.34205205089762813,-0.3328643370622381,-0.29185407296351823,-0.4549494483527467
#201,0.6081959020489756,0.3143582055126283,0.5888363510552416,0.6447929881213239,0.19477953331026795,0.09496790066505209,-0.10666205358859032,0.36401030254103717,0.17088378887479339,0.6709491408142083,0.40329066236112715,0.13870756929227693,-0.06469842002075885,-0.47932187752277705,0.4633836927690001,0.23607427055702918,1.0,0.305339637873371,0.32137777265213546,-0.02185061315496098,0.23714296697804943,0.028385807096451773,0.3632952754392035,0.26180755775958175,0.36099642486449085,0.10424787606196902,0.1538307769192327,0.09325337331334332,0.007065697920270634,-0.3013954561180948,-0.13025794794910237,-0.20891092915080922,-0.08117479721677623,-0.32288471149040865,-0.2861876753930727,-0.07780725022104333,-0.08266635912812824,-0.03292200053819244,0.19497174489678237,0.18282397262907008,-0.19032791296659363,0.16367969861223233,-0.08527274824126398,0.26120016914619615,-0.10110329450659286,0.1639334179064314,-0.20765002114327452,-0.2874178295467651,-0.2823511321262446,0.12949679006650522,0.03129204628455003,0.18649905816322607,0.20508976281090224,0.18358513051166725,0.3227386306846577,-0.12785145888594165,-0.19681697612732096,-0.32768231268980896,-0.34194441240918,-0.27103371391227465,-0.4176065813247223,-0.4363741206319917,-0.29086994964056434,-0.23811940183754277,0.26289163110752317,0.1747895283127667,-0.41340868027524696,-0.5906738938223196,0.20655825933187252,-0.3200630454003767,0.3502479529466036,0.2644216353361781,0.11410448621842925,-0.004543881905201245,-0.225179717833391,-0.10252566024679968,-0.5384846038519202,-0.3853919194249029,0.18056356437166032,0.36742398031753354,-0.009856610156460232,0.07557759581747588,,0.07218698343136125,-0.05883212240033829,-0.48382731711067545,-0.44696882328066734,-0.05149732825894745,-0.3407296351824088,-0.10783070003459809,-0.0773382539499481,-0.1770960673509399,0.03247606965747895,-0.49345327336331835,-0.29172336908468843,0.5852227732287703,0.18681428516510976,0.49444508514973284,0.17469726675123975,-0.09878906700495906,-0.037888747933725445,0.25704071041402377,0.03114596547879906,0.21576903855764426,-0.05398070195671395,0.007872986583631262,-0.1264752239264983,-0.4542959289585976,-0.1700918771383539,-0.5293507092607542,-0.3670549340714258
