,#10,#11,#12,#13,#17,#18,#26,#49,#50,#51,#52,#53,#54,#58,#101,#102,#201,#202,#301,#302,#401,#402,#501,#502,#601,#602,#701,#702,#801,#802,#901,#902,#1001,#1002,#1101,#1102,#1201,#1202,#1301,#1302,#1401,#1402,#1501,#1502,#1601,#1602,#1701,#1702,#1801,#1802,#1901,#1902,#2001,#2002,#2101,#2102,#2201,#2202,#2301,#2302,#2401,#2402,#2501,#2502,#2601,#2602,#2701,#2702,#2801,#2802,#2901,#2902,#3001,#3002,#3101,#3102,#3201,#3202,#3301,#3302,#3401,#3402,#3455,#3501,#3502,#3601,#3602,#3701,#3702,#3801,#3802,#3901,#3902,#4001,#4002,#4101,#4102,#4201,#4202,#4301,#4302,#4401,#4402,#4501,#4502,#4601,#4602,#4701,#4702,#4801,#4802
#10,1.0,0.3247376311844078,0.2781455426133087,0.33104985968554185,0.19853919194249028,0.07250989889670549,0.07986006996501749,0.600945681005651,0.09898127859147349,0.4734402029754354,0.3576519432591397,0.31581901357013803,0.20215276976896168,-0.12573713143428286,-0.22144312459155038,-0.12516049667473955,0.3908737938722946,0.16770076500211434,-0.16170376350286395,-0.08920155306961904,-0.3062930073424826,-0.13136508668742553,0.07252527582362665,0.10976819282666359,0.14453542459539462,0.026786606696651675,0.1456656287240995,0.29876600161457734,-0.02434167531618806,-0.012962749394533502,0.07763810402491061,-0.03395225464190981,0.1944258639910814,-0.20605082074347442,0.018290854572713643,-0.2315688309691308,-0.18343136124245568,-0.35676008149771266,-0.2851036020451313,0.16517894898704494,-0.15405374235958944,-0.1986006996501749,-0.10016530196440242,-0.2995886672048591,-0.26387575443047706,-0.0417483565909353,-0.016830046515203936,0.09758966670510899,0.08630300234498135,-0.2696190366355284,0.1059547149502172,-0.021573828470380193,0.03788105947026487,-0.24550032675969707,-0.38209356860031524,-0.2954753392534502,-0.18412332295390765,-0.16701649175412295,0.017283665859378003,-0.09116211125206627,0.21326259946949602,0.3631184407796102,-0.15752892784377043,-0.020128397339791642,0.1787337100680429,0.13945335024795294,-0.1685311190558567,-0.050920693499404146,0.010479375696767,-0.0879560219890055,0.19617114519663245,0.16797754968669512,-0.23781186329911966,0.24912159304962903,-0.2592780532810518,-0.152023988005997,-0.2569330719255757,-0.028362741706070043,0.029923499788567256,0.23581286279936955,-0.05793257217545074,0.21696843885749434,-0.07277130665436513,0.343182255026333,0.22281167108753316,0.2146311459654788,0.2828201283973398,-0.11974781839849306,-0.23029254603467497,0.16381809095452274,-0.2620612770537808,0.21662245800176835,-0.059554837965632566,0.25586437550455543,0.27861453888440396,0.11717218313919964,0.08017529696690116,0.22321915965094377,0.22411870987583132,0.20711951716449467,0.2373582439549456,0.192449928881713,0.26561334717256757,0.1688386575942798,0.2555414600392112,0.2138776765463422,0.2310306385268904,0.18284703801945182,0.1399454119094299,0.3281666858878253,0.019267289432206975
#11,0.3247376311844078,1.0,0.1806481374697267,0.23928035982008997,0.06439088148233575,0.07925268135163188,0.5347633875370007,0.4885403452120094,0.5292046284550033,0.48468073655479954,0.2898627609272287,0.17555068619536385,0.38620689655172413,0.1614577326721255,0.11611117518163995,-0.058655287740745014,0.3743128435782109,0.343528235882059,-0.30961442355745206,-0.38230115711375084,-0.16231884057971013,-0.19289585976242649,0.17474339753200324,0.024503133048860187,0.24445469572905854,-0.05531849459885442,0.006135393841540768,-0.05591819474877946,0.0007688463460577404,0.007096451774112943,0.04049513704686118,-0.11458885941644563,0.07457040710414024,-0.31226694345135125,-0.18680659670164917,-0.19521777572752086,-0.1785568754084496,-0.39556375658324683,0.026017760350593933,0.02505670241802176,-0.17732672125475724,-0.1391304347826087,-0.27623111521162497,-0.04681505401145581,0.04114096797754969,-0.03850382501057164,-0.2322915465344251,-0.10467074155230077,-0.15514550417099143,-0.2196363356783147,0.15888978587629263,0.027194095260062275,0.07486256871564217,-0.16450236420251413,-0.17059931572675202,-0.36974589628262794,-0.19128128243570522,-0.27181793718525354,-0.23914196747779956,-0.05455733671625725,-0.04403951870218737,-0.06693576288778688,-0.13523238380809596,0.054019144274016835,-0.08863260677353631,-0.07302502594856418,0.081251681851382,0.25181255526083113,-0.03888055972013993,-0.10040364433168031,0.15918963595125515,0.2919155806712029,-0.23370622381117134,-0.2064736862338062,-0.274793372544497,-0.28558797524314766,-0.1431361242455695,0.03217621958251644,0.2731095990466305,0.35878214738784453,-0.04801445431130589,0.18126321454657288,0.10078806750470919,0.266697420520509,0.053665474954830275,-0.21260139161188638,-0.02869334563487487,-0.08800984123322954,-0.1652942759389536,0.037911813324107174,-0.15272363818090953,-0.02848575712143928,-0.24653826932687503,0.03254526582862415,-0.01261676853880752,0.3173567062622535,0.0987429362241956,0.11665705608734095,0.2071118287010341,0.2619536385653327,0.20794218275477647,0.17967939107369393,-0.033475569907354015,0.03476723176873102,0.23313727751508861,0.1219467189482182,0.11451197478183985,-0.12071656479452582,-0.01388536500980279,0.23321416214969437,0.3305501095606043
#12,0.2781455426133087,0.1806481374697267,1.0,0.6412639833929189,0.01397762657132972,0.07071079844693039,0.14512743628185906,-0.053942259639411065,-0.005651020643524391,0.6336062737861838,0.21662245800176835,-0.04125629492945835,0.23046938069426826,-0.050889939645561835,-0.1388920924153308,0.15221619959251143,0.5975166263022335,0.5518394648829431,-0.1295659862376504,-0.3322261945950102,-0.6209510629300734,-0.4271940952600623,-0.04436243416753162,0.08844039518702188,0.37334409718217815,0.08474993272594472,0.3736055049398378,0.40648137469726675,-0.12377657325183562,0.06836581709145427,0.11108292007842233,-0.24689962710952215,0.2327989851228232,-0.019436435628339677,-0.10097259062776304,-0.32679045092838194,-0.411917118363895,-0.3437896436397186,-0.07786875792872794,0.3741206319916965,0.10806135393841541,-0.4043132280013839,-0.1482105101295506,-0.35074770307154113,-0.27722292699803947,-0.048129781263214544,0.274101410833045,0.40760389036251105,0.45204320916464846,0.03341406219966939,0.5589359166570561,0.15264675354630378,0.4495521470034214,-0.15282358820589706,-0.6066197670395571,-0.5194710337139122,-0.3615499942336524,-0.29674393572444546,0.34070656979202707,0.3857763425979318,0.11980932610617769,0.21441586898858264,-0.4705032099334948,-0.20958751393534003,0.5506093107292508,0.46387575443047707,-0.27501633798485375,-0.029769730519355705,-0.3405758659131973,-0.33748510360204514,0.39886210740783457,0.3634951754891785,-0.556790835351555,0.03176873101910583,-0.5763733517856456,-0.4100026909622112,-0.23422135086303003,0.1516856956137316,0.13051166724330143,0.24399338792142392,-0.20971052935070927,-0.03023103832699035,0.040971821781416985,-0.08258178603006189,-0.17456656287240996,0.2572482989274594,0.12972744397032254,-0.07453196478683735,-0.3551224387806097,-0.07472417637335178,-0.06783531311267443,0.3640641217852612,0.11505785568754084,0.3467420136085803,0.22651751047553145,0.5424210971437359,0.2590243339868527,0.5323184561565372,0.4270787683081536,0.3780494368200515,0.7135586053127283,0.32376888478837507,0.2829200784223273,0.4306154615000192,0.1958097874139853,0.18011763349094684,0.5623495944335525,0.12872794372044746,0.12643678160919541,0.38483835005574135,0.17660400568946297
#13,0.33104985968554185,0.23928035982008997,0.6412639833929189,1.0,0.11927882212739783,0.17850305616422557,0.10321762195825164,0.10614692653673163,-0.02496444085649483,0.5066543651251297,0.15548379656325684,0.015499942336524046,0.15636028139776265,-0.13860761926728943,-0.11811786414485065,-0.04962134317456656,0.2880252181601507,0.20239111213623956,0.027909122361895976,-0.15260062276554032,-0.36728558797524313,-0.23777342098181678,0.09892745934724945,0.09284588474993273,0.21519240379810095,0.03745050551647253,0.5038711413524007,0.5164110252566024,-0.14385115134740323,0.06307615423057703,-0.22268865567216392,-0.18284703801945182,0.008872486833506324,-0.040372121631491946,0.1018029446815054,-0.031484257871064465,-0.13972244646907317,-0.18267020335985854,0.060531272825125895,0.310452466074655,0.12243878060969515,-0.27510859954638067,0.023680467458578405,-0.242263483642794,-0.3041786798908238,-0.005051320493599354,0.3613116518663745,0.46166916541729136,0.44074116787759965,0.020828047514704188,0.3437742667127974,0.003751970168761773,0.22802444931380464,-0.20661976703955715,-0.39289585976242647,-0.3489947334025295,-0.13387921423903432,-0.1778495367700765,0.09713604736093492,0.20093799254219044,0.04820666589782032,0.0035520701187867604,-0.2681197862607158,-0.13431745665628725,0.5623726598239341,0.4380348287394764,-0.17951793334102178,0.020597393610886864,-0.2182754776457925,-0.4345903971091377,0.15208549571368163,0.17806481374697267,-0.31498865951639565,0.21377003805789413,-0.3561373159574059,-0.20222965440356744,-0.16319532541421597,0.18925921654557337,0.028708722561796025,0.1448122092799754,-0.19467189482181985,0.041594587321723754,-0.17190635451505018,-0.010102640987198708,-0.1397147580056126,0.07548533425594894,0.04556952293084227,0.11378925921654558,-0.1406296851574213,0.059447199477184486,-0.021781416983815784,0.33568600315227004,0.00796524814515819,0.27204859108907087,0.184007996001999,0.2721024103332949,0.1046938069426825,0.2892861261676854,0.325206627455503,0.28103640487448583,0.45657940260638913,-0.06642832429938876,0.0223196094260562,0.1719986160765771,0.06950370968361973,0.03371391227463191,0.3825779417983316,0.05617191404297851,0.05534155998923615,0.28488063660477453,0.04528504978280091
#17,0.19853919194249028,0.06439088148233575,0.01397762657132972,0.11927882212739783,1.0,0.5406681274747241,0.10498596855418445,0.1492638296236497,-0.06111559604812978,0.12754392034751855,0.016899242686349132,0.6307922961596125,0.07072617537385154,-0.07420136085803253,-0.19201168646446007,-0.2715795948179756,-0.034621150962980046,0.21601506938838272,-0.11888671049090839,-0.013154960981047938,-0.24040287548533426,-0.14249029331488103,0.009057009956560181,-0.12838196286472148,-0.24254026832737477,0.017698842886249185,3.0753853842309616e-05,0.24265559527928343,0.32740552800522815,0.21121746818898243,-0.04856033521700688,0.03845769422980817,-0.1295659862376504,-0.16695498404643833,-0.026579018183216084,0.16287240994887173,-0.027324799138892093,0.03389843539768577,-0.0573328720255257,-0.051297428208972436,0.08897089916580171,0.055656786991119825,0.2593626263791181,0.13804636143466728,-0.03125360396724715,-0.09997309037788799,0.09495252373813093,0.04649213854611156,-0.0551877907200246,-0.41144812209279974,0.1766885787875293,-0.14076807749971168,-0.09802022065890131,-0.10814592703648176,-0.2980894168300465,-0.09553684696113482,-0.10564717641179411,-0.12408411179025872,0.10786914235190097,-0.08566485987775344,0.34367431668780996,0.22089724368584937,0.17704993657017645,0.07537000730404028,0.16294929458347748,0.21879829316111174,0.24033367931418906,0.027201783723522853,-0.022673278745242765,-0.026655902817821858,0.1327643870372506,-0.0015915119363395225,-0.01969784338599931,0.33813862299619424,-0.10793833852304617,0.02037442817053012,-0.43122285011340483,-0.10377119132741322,0.07425518010225657,0.14638065582593318,0.2302464152539115,0.30198746780455926,-0.11624956752393034,0.4364433168031369,0.35071694921769886,0.18952831276669357,0.15950486295313882,0.25694076038903624,-0.007742282704801445,0.21510014223657403,-0.13136508668742553,0.2249029331488102,0.007519317264444701,0.26101564602314226,0.2848037519701688,-0.24816822358051743,-0.13919194249029332,0.14680352131626495,0.31862530273324874,0.06685118978972053,0.09063160727328644,0.15284665359627878,0.262130473224926,0.045592588321224,0.13370237957944106,0.08856341060239112,-0.010010379425671779,0.20648906316072732,0.09239995386921923,0.24595394610387114,0.01747587744589244
#18,0.07250989889670549,0.07925268135163188,0.07071079844693039,0.17850305616422557,0.5406681274747241,1.0,0.13465574904855265,0.26082343443662787,-0.04604620766539807,0.11425056702418021,0.06239956944604621,0.5062930073424826,0.2752700572790528,-0.06196901549225387,-0.24036443316803136,-0.3997616576327221,-0.02209664398569946,0.18807519317264446,-0.15092453773113443,-0.24041825241225542,-0.14578864413946874,-0.12556798523815016,0.3153423288355822,-0.044846807365548,-0.1908507284819129,0.10378656825433437,0.26409871987083383,0.22175835159343404,0.45223542075116285,0.273555529927344,-0.03289124668435013,-0.1999692461461577,-0.30560104563103063,-0.3261061776803906,-0.03213008880175297,0.004728405028255103,-0.31385845538769075,-0.14527351708761005,0.07396301849075462,-0.02208895552223888,0.09562142005920117,-0.09616730096490217,0.3324260946449852,-0.04120247568523431,0.04906777380540499,-0.07622342674816437,0.18736785453427132,0.2203206089263061,0.053973013493253376,-0.03935724445469573,0.2466459078153231,-0.018575327720755007,-0.024764540806519818,-0.20902625610271788,-0.26817360550493985,-0.33560911851766423,0.08892476838503825,-0.22744781455426133,0.18287779187329412,0.0242263483642794,0.14135240072271557,0.13043478260869565,-0.021904432399185023,0.3163495175489178,0.1822012070887633,0.2815207780725022,0.09948102871641103,-0.04899088917079922,-0.34802598700649673,-0.29566755083996465,-0.14699573290277937,-0.15387690769999615,-0.18019451812555262,0.09818167839157345,-0.2616845423442125,-0.22285780186829662,-0.12140083804251721,0.04087956021989005,0.11661092530657748,0.17362088186675892,0.05581824472379195,0.4012993503248376,0.005889363010802291,0.46352977357475106,0.36394110636989196,-0.02331142121247069,0.026609772037058395,0.2690116480221428,0.13194172144696883,0.35739053550148003,0.027701533848460386,0.1293583977242148,0.03707377080690424,0.49219236535578365,0.19573290277937955,-0.16064275554530427,0.04273247991388921,0.07453196478683735,0.3773344097182178,-0.010463998769845845,0.07431668780994119,0.1617960250643909,0.12794372044746857,0.1063314496597855,-0.05817860300618921,-0.05327336331834083,-0.17535847460884943,0.050697728059047396,0.15803636643216853,0.25561065621035634,0.09062391880982586
#26,0.07986006996501749,0.5347633875370007,0.14512743628185906,0.10321762195825164,0.10498596855418445,0.13465574904855265,1.0,0.20422865490331757,0.49365317341329334,0.56071964017991,0.6010994502748626,0.1416061200169146,0.6837119901587668,0.5489024718410026,0.09869680544343214,0.10542421097143735,0.2179679391073694,0.34222888555722136,-0.345565678699112,-0.44557721139430284,-0.4086725867835313,-0.5000192211586515,-0.17799561757582746,-0.3396378733710068,0.10447084150232576,-0.3142275016337985,0.02108945527236382,-0.06085418829047015,0.09116979971552686,0.005551070618536886,0.19899281128666435,-0.060784992119324956,0.19926190750778458,-0.42998500749625185,0.0034751854841809865,-0.12052435320801137,-0.09354553492484527,-0.40407488563410604,0.0854034521200938,0.009664398569945797,-0.10677738054049898,-0.15976627071079844,-0.23859608657209858,-0.05824011071387383,0.04048744858340061,-0.09600584323223003,-0.29872755929727446,-0.009133894591165955,-0.13628570330219505,-0.1750278706800446,0.13336408718717566,-0.08678737554299773,0.1374620382116634,-0.26678199361857535,-0.2967593126513666,-0.438442317302887,-0.2448775612193903,-0.37195248529581365,-0.10823050013454812,0.06554415100142237,-0.002475685234305924,-0.004812978126321455,-0.012055510706185369,0.35642178910544725,0.024433936877714987,0.14165993926113865,0.40083035405374234,0.6893630108022911,-0.04892169299965402,0.08197439741667628,0.37433590896859265,0.364940606619767,-0.28308922461846,-0.36695498404643834,-0.16792373044247108,-0.17961019490254873,-0.01548456540960289,0.11852535270826126,0.6064506208434245,0.2696421020259101,0.11127513166493676,0.2517202936993042,0.20433629339176565,0.2506285318879022,0.04526967285587975,-0.2815284665359628,-0.22971591127513166,-0.15701380079191174,-0.011955560681197862,0.11305116672433015,-0.015407680774997117,-0.11864067966016992,-0.24030292546034676,0.021781416983815784,-0.053996078883635105,0.2452542959289586,0.013339484104101795,0.1046938069426825,0.04395494560412102,-0.027086456771614194,0.2678814438934379,0.22231192096259564,-0.009287663860377503,0.125206627455503,0.23538999730903779,0.16610925306577481,0.19378003306039288,0.09604428554953293,-0.051566524430092645,0.17465882443393688,0.4622842424941375
#49,0.600945681005651,0.4885403452120094,-0.053942259639411065,0.10614692653673163,0.1492638296236497,0.26082343443662787,0.20422865490331757,1.0,0.33195709837389,0.2206512128551109,0.27530849959635567,0.3620651212855111,0.30661592280782685,-0.11993234152154691,-0.0900319071233614,-0.17954099873140353,0.17871064467766118,0.07178718333141122,-0.18833660093030408,-0.10587014185215085,-0.042471072156229576,-0.06734325145119748,0.2120093799254219,0.08477299811632645,0.04463153038865183,0.01921347018798293,0.04213277976396417,0.0966286087725368,0.17179102756314152,-0.047868373505554916,-0.007665398070195672,-0.25368085188175143,0.002860108407334794,-0.49485257371314345,-0.13930726944220198,-0.15187790720024602,-0.20967977549686695,-0.342036673970707,-0.08701802944681505,0.12263868065967017,-0.1495098604543882,-0.023257601968246645,-0.13355629877369007,-0.15649867374005305,0.0617229846615154,0.019382616384115633,-0.24619997693460963,-0.041002575635259296,-0.0977203705839388,-0.0004228654903317572,0.09779725521854457,0.0909160804213278,0.04378579940798832,-0.1773651635720601,-0.2082650982201207,-0.2555414600392112,0.06316072732864338,-0.16545573367162572,-0.09235382308845577,-0.22114327451658786,0.05349632875869757,0.09921193249529081,-0.1071464267866067,0.09321493099604045,-0.05202014377426671,-0.03505939338023296,-0.028324299388767155,0.015461500019221159,-0.023695844385499557,-0.046830430938376966,0.06253796178833661,0.19527928343520548,0.07854534271325876,0.16261869065467266,-0.15255449198477683,-0.12139314957905663,0.006904240187598509,0.04624610771537308,-0.006112328451159036,0.15138584553876908,-0.08803290662361127,0.2977434359743205,0.04556952293084227,0.4528120555107062,0.3226924999038942,0.004697651174412794,0.11416599392611386,-0.011255910506285318,0.07804559258832122,0.2697881828316611,-0.1884980586629762,0.12730557798024064,0.006658209356860031,0.18027140276015838,0.10527813016568639,0.06096182677891823,0.06007765348095183,-0.07113366393726214,0.047891438895936646,0.020943374466612846,0.05983931111367393,0.06068504209433745,0.02955445354245954,0.013823857302118171,0.01465421135586053,0.029915811325106678,-0.13585514934840273,-0.1209933494791066,0.05333487102602545,0.15968938607619268,0.019966939607119517
#50,0.09898127859147349,0.5292046284550033,-0.005651020643524391,-0.02496444085649483,-0.06111559604812978,-0.04604620766539807,0.49365317341329334,0.33195709837389,1.0,0.3807403990312536,0.49230769230769234,-0.011732595240841118,0.46387575443047707,0.24410871487333258,0.19829316111175183,-0.0005381924422404183,0.1749586745088994,0.2723638180909545,-0.23235305424210972,-0.22771691077538153,-0.11508092107792257,-0.192449928881713,0.04493906892707492,-0.08226655902817821,0.13654711105985468,-0.07969861223234537,0.10230269480644293,-0.0028293545534924846,-0.18156306462153537,-0.32589858916695497,0.18097105293507093,-0.22484911390458617,0.01956713950716949,-0.465951639564833,-0.282197362857033,-0.2672125475723677,-0.16002767846845808,-0.2645446507515473,0.07615423057701919,0.0313381770653135,-0.1898589166954984,-0.2909083919578672,-0.20901087917579672,-0.11014492753623188,0.13833852304616923,0.03359858532272325,-0.29076231115211626,0.006688963210702341,-0.16422557951793335,-0.02226579018183216,0.10730788451927882,0.04929073924576174,0.12477607350171069,-0.06020066889632107,-0.08314304386268405,-0.21050244108714875,-0.10334063737362088,-0.17143735824395495,-0.10094952523738131,0.02519509476031215,-0.07169492176988429,-0.10487064160227579,-0.02205820166839657,0.040564333218006385,-0.013131895590666205,-0.023296044285549534,0.2860877253680852,0.30726944220197594,0.04556952293084227,0.16908468842501825,0.2865182793218775,0.30551647253296427,-0.044539268827124896,-0.27314035290047284,-0.09116979971552686,-0.11069849690539346,0.005189712835889747,0.01685311190558567,0.2570868411947872,0.22461846000076885,0.09948871717987161,0.020212970437857993,0.16490985276592474,0.19843924191750278,0.050613154960981045,-0.1673317187560066,-0.09140045361934418,-0.2342290393264906,-0.13978395417675776,0.07100296005843232,-0.22802444931380464,-0.05498789067004959,0.07506246876561719,-0.12150847653096529,-0.15459193480182987,0.2717564294775689,-0.019136585553377158,0.08123630492446085,0.04667666166916542,0.2200745780955676,0.1333410217967939,0.15813631645715603,0.062445700226809675,0.05945488794064506,0.08049821243224542,0.13400222965440356,0.050567024180217586,-0.07107215622957752,-0.21835236228039825,-0.016030446315303887,0.22451082151232077
#51,0.4734402029754354,0.48468073655479954,0.6336062737861838,0.5066543651251297,0.12754392034751855,0.11425056702418021,0.56071964017991,0.2206512128551109,0.3807403990312536,1.0,0.6612693653173414,0.16208049821243226,0.5166263022334986,0.1860146849652097,-0.15816707031099836,0.13505554914850268,0.554461230923,0.4701187867604659,-0.26797370545496485,-0.4182831661092531,-0.6409180025371929,-0.4761234767231769,-0.09948102871641103,-0.03136124245569523,0.32279244992888173,-0.06784300157613501,0.34860262176604007,0.39718602237342865,-0.10668511897897205,0.029562142005920118,0.07608503440587398,-0.1872371506554415,0.1393995310037289,-0.27174874101410834,-0.07828393495559913,-0.28814823357551994,-0.3676392572944297,-0.396816976127321,-0.10834582708645678,0.24618460000768846,-0.04049513704686118,-0.33121131741821397,-0.23364471610348672,-0.21505401145581055,-0.22394956367969862,-0.02883942644062584,-0.041486948833275666,0.22381117133740822,0.1348018298543036,-0.24439318802137394,0.35626801983623574,-0.03688924768385038,0.255180102256564,-0.24336293391765657,-0.6585553377157575,-0.6063737362088186,-0.4125475723676623,-0.38037904124860644,0.144327836081959,0.17038403874985583,0.12296928458847499,0.17457425133587054,-0.2381424672279245,0.0838734478914389,0.35556836966132316,0.34002998500749626,0.03878060969515242,0.318056356437166,-0.18699880828816362,-0.14969438357744205,0.38029446815054013,0.4285395763656633,-0.5432053204167148,-0.1686695113981471,-0.4916695498404644,-0.3798869795871295,-0.19773959174259023,0.2399723215315419,0.3146888094414331,0.38656825433437125,-0.05346557490485526,0.08129781263214547,0.038188598008687964,0.19661707607734594,-0.016053511705685617,0.07615423057701919,0.05155114750317149,-0.24792219274977895,-0.24884480836504824,0.06694345135124745,-0.17483565909353016,0.3024872179294968,-0.11814861799869296,0.30597009187713836,0.2534963287586976,0.4502287317879522,0.17462807058009458,0.4239034328989352,0.32210048821742976,0.2853726982662515,0.5321493099604044,0.3023795794410487,0.11316649367623881,0.22384192519125054,0.23828854803367547,0.15094760312151617,0.44459308807134895,0.1528082112789759,0.1500864952139315,0.5069080844193288,0.4367124130242571
#52,0.3576519432591397,0.2898627609272287,0.21662245800176835,0.15548379656325684,0.016899242686349132,0.06239956944604621,0.6010994502748626,0.27530849959635567,0.49230769230769234,0.6612693653173414,1.0,0.02934686502902395,0.5137738822896244,0.2963672010148772,-0.019774728020605082,0.18083266059278053,0.28113635489947336,0.26101564602314226,-0.15949717448967823,-0.2616537884903702,-0.39896205743282204,-0.25142813208780224,-0.09086226117710376,-0.15935109368392728,0.2734863337561988,-0.17906431399684772,0.3143197631953254,0.2924153307961404,-0.14162149694383577,-0.26491369699765505,0.06177680390573944,-0.2779456425633337,0.06490600853419444,-0.3564602314227502,-0.12153154192134702,-0.18328528043670472,-0.31887902202744783,-0.3057548149002422,-0.03920347518548418,0.22810133394841042,-0.13583977242148157,-0.19783185330411718,-0.20532810517818015,-0.21465421135586052,-0.16511744127936032,-0.08737169876600162,-0.16421020259101218,0.19120439780109946,-0.05934724945219698,-0.028201283973397915,0.2699188867104909,0.06595163956483296,0.1807480874947142,-0.08558797524314765,-0.36952293084227117,-0.39005881674547344,-0.2893168800215277,-0.22942374966362972,0.042717102986968056,0.12475300811132894,0.06973436358743705,0.024272479145042863,-0.11686464460077653,0.2835659093530158,0.26254565025179716,0.29971168262022835,0.16952293084227119,0.368162072809749,-0.018844423941875216,0.06366816591704148,0.370545496482528,0.3219467189482182,-0.3459347249452197,-0.21646100026909623,-0.28452696728558796,-0.2699188867104909,0.009871987083381386,0.13244916003536694,0.3461423134586553,0.31121362395725216,0.044047207165647945,0.1743743512858955,-0.04839887748433475,0.29422211970937606,0.06326836581709146,-0.0650905316572483,-0.01886748933225695,-0.24662284242494137,-0.07059547149502172,0.11435051704916772,-0.05923192250028832,0.1689309191558067,-0.005289662860877254,0.15626033137277515,0.1153115749817399,0.22737092991965555,0.14891784876792374,0.25451889439895437,-0.021450813055010957,0.14612693653173414,0.27849921193249527,0.13911505785568754,-0.1260600468996271,0.20515895898204745,0.12363049244608465,0.12702110483219928,0.23632798985122824,0.19368777149886596,-0.05138200130703879,0.23621266289931958,0.335086303002345
#53,0.31581901357013803,0.17555068619536385,-0.04125629492945835,0.015499942336524046,0.6307922961596125,0.5062930073424826,0.1416061200169146,0.3620651212855111,-0.011732595240841118,0.16208049821243226,0.02934686502902395,1.0,0.3145888594164456,0.08270480144543113,-0.3578057125283512,-0.4100949525237381,-0.11531926344520048,0.06057740360588936,-0.1609041633029639,0.07122592549878906,-0.16119632491446584,-0.09966555183946488,-0.00018452312305385768,-0.2425710221812171,-0.36051974012993504,-0.07350171068311998,-0.015269288432706724,0.15666013147272517,0.47719217314419715,0.40389805097451276,-0.002760158382347288,0.17361319340329834,-0.06964210202591012,-0.2848498827509322,0.17940260638911312,0.2552954292084727,0.11910198746780457,0.010064198669895821,-0.2928920155306962,-0.24327067235612962,0.19307269442201977,0.21114058355437665,0.3206012378426171,0.21715296198054818,0.00016145773267212547,-0.057048398877484335,0.07144889093914582,0.014508130550109561,-0.07889132356898473,-0.44693038096336446,-0.06834275170107254,-0.33257986391419675,-0.29818167839157345,-0.3420828047514704,-0.2840041517702687,-0.10692346134624996,-0.009164648445008266,-0.06242263483642794,-0.016015069388382732,-0.21703763502863951,0.16071195171644947,0.21546150001922115,0.32702110483219926,0.20376734709568292,-0.05286587475493023,0.06203052319993849,0.29501403144581556,0.26153846153846155,-0.012509130050359436,0.05806327605428055,0.05240456694729558,0.061377003805789414,0.087310191058317,0.29053165724829894,0.06950370968361973,0.11115211624956753,-0.35690616230346367,-0.2404874485834006,0.15612962749394532,0.11688770999115827,0.3686618229346865,0.3940260638911314,-0.04696882328066736,0.6214277476646293,0.6048129781263215,-0.040702725560296776,0.08478837504324761,0.27435513012724405,-0.05824779917733441,0.4136777764963672,0.07627724599238841,-0.008511129050859186,-0.06768923230692346,0.08727174874101411,0.2604697651174413,-0.38079421827547766,-0.35210856110406336,0.09121593049629032,0.15227001883673547,0.06153846153846154,-0.04558489985776343,0.14571944796832353,0.26013916118863645,-0.07874524276323376,0.13522469534463538,0.13284896013531697,-0.16116557106062354,0.035251604966747396,-0.024387806096951525,0.0986045438819052,-0.0357590435551455
#54,0.20215276976896168,0.38620689655172413,0.23046938069426826,0.15636028139776265,0.07072617537385154,0.2752700572790528,0.6837119901587668,0.30661592280782685,0.46387575443047707,0.5166263022334986,0.5137738822896244,0.3145888594164456,1.0,0.2949525237381309,-0.057640410563948793,0.020658901318571482,0.14703417522008227,0.33683158420789605,-0.4209203090762311,-0.425325798639142,-0.4408411179025872,-0.5132587552377658,-0.03265290431707223,-0.2181063314496598,0.043639718602237344,-0.2696651674162919,0.05307346326836582,0.12363049244608465,0.05973167262522585,-0.047753046553646254,0.16868488832506823,-0.13909199246530582,0.04782993118825203,-0.5559527928343521,-0.18975127820705032,-0.2095952023988006,-0.25703302195056316,-0.40475147041863685,-0.10916849267673856,0.028085957021489256,-0.13519394149079306,-0.32539883904201744,-0.08318917464344751,-0.1790720024603083,0.08634913312574483,0.028009072386883483,-0.15098604543881905,0.20328297389766656,-0.09997309037788799,-0.10436320301387768,0.1996924614615769,-0.05305039787798409,0.06417560450543959,-0.328135932033983,-0.4286779687079537,-0.5171029869680545,-0.28881712989659014,-0.4185291969399915,0.20931072925075925,0.2016683965709453,-0.01157882597162957,0.062061277053780804,-0.032222350363279896,0.32669050090339447,0.023434436627839925,0.16354899473340254,0.2959212701341637,0.5552147003421366,-0.1866220735785953,0.10031907123361396,0.29140814208280474,0.39363395225464193,-0.19084304001845231,-0.14436627839926192,-0.2126244570022681,-0.22681736055049398,0.07214085265059778,0.1276669357628878,0.5520931841771421,0.37053011955560683,0.018321608426555953,0.2729481413139584,0.45574904855264675,0.42597931803329103,0.22156614000691963,-0.2507976780840349,-0.21736823895744437,-0.16251105216622458,-0.17961019490254873,0.13510167992926614,0.024218659900818822,-0.13389459116595548,-0.0231038326990351,0.1770730019605582,0.26414485065159726,0.21308576480990274,-0.09648252796678584,0.219321108676431,0.1714527351708761,0.0781532310767693,0.30753853842309614,0.20236804674585784,0.1243608964748395,0.17558912851266675,0.07839926190750779,0.17458962826279167,0.13922269634413562,0.09116211125206627,-0.12958905162803214,0.222596394110637,0.42702494906392957
#58,-0.12573713143428286,0.1614577326721255,-0.050889939645561835,-0.13860761926728943,-0.07420136085803253,-0.06196901549225387,0.5489024718410026,-0.11993234152154691,0.24410871487333258,0.1860146849652097,0.2963672010148772,0.08270480144543113,0.2949525237381309,1.0,0.09043170722331142,-0.006327605428055203,0.0039749356091185175,-0.09552915849767424,-0.09393764656133471,-0.04216353361780648,-0.026463691231307422,-0.1972782839349556,-0.035497635797485876,-0.3632798985122823,-0.042709414523507475,-0.36402567946795833,-0.031076769307653865,-0.19753200322915465,0.01516164994425864,0.08617229846615154,0.08857109906585169,0.05065928574174451,0.10280244493138047,-0.27443201476184986,0.08325068235113213,0.1626725098988967,0.2636604774535809,-0.12176219582516434,-0.14686502902394957,-0.2209279975396917,-0.1155499173490178,0.07524699188867105,0.08170530119555607,0.08423480567408603,0.06207665398070196,-0.1467573905355015,-0.15170876100411332,-0.04791450428631838,-0.20089955022488756,-0.1674086033906124,-0.11759504862953139,-0.1657325183562065,-0.12270787683081537,-0.26891169799715525,-0.08331987852227732,-0.17295967400914927,0.12100872640602775,0.1344327836081959,-0.12561411601891362,0.021281666858878254,0.18284703801945182,-0.017791104447776113,0.24492369200015376,0.34738015607580824,-0.0756391035251605,0.061707607734594244,0.4792834352054742,0.7025487256371814,0.06114634990197209,-0.02093568600315227,0.17902587167954484,-0.0031292046284550033,-0.11155960481297812,-0.3490101103294507,0.19743205320416715,0.025594894860262177,-0.04634605774036059,-0.14106023911121363,0.5571445046707415,-0.0800984123322954,0.26106177680390574,0.11229000884173299,-0.0380732710567793,0.11420443624341675,0.09893514781071003,-0.18922077422827047,-0.09589820474378195,-0.010133394841041019,-0.07637719601737593,0.04280167608503441,0.29307653865375005,-0.07379387229462192,-0.17066082343443661,-0.2397801099450275,-0.3223157651943259,-0.13008111328950908,-0.27548533425594895,-0.06409103140737324,-0.3477107600046131,-0.020766539807019566,-0.09291508092107792,0.08844039518702188,-0.21201706838888248,-0.09689001653019644,-0.008541882904701495,0.09056241110214124,-0.13951485795563756,0.18418483066159227,-0.2495060162226579,-0.08212816668588782,0.28351209010879175
#101,-0.22144312459155038,0.11611117518163995,-0.1388920924153308,-0.11811786414485065,-0.19201168646446007,-0.24036443316803136,0.09869680544343214,-0.0900319071233614,0.19829316111175183,-0.15816707031099836,-0.019774728020605082,-0.3578057125283512,-0.057640410563948793,0.09043170722331142,1.0,0.5085687925268135,0.049798177834159844,0.2381424672279245,0.3003036943066928,-0.21733748510360204,0.250705416522508,0.12091646484450083,0.23974935609118517,0.3874754930227194,0.32196209587513935,0.3227155652942759,-0.21257832622150463,-0.3743128435782109,-0.12142390343289894,-0.3625110521662246,-0.12074731864836813,-0.442809364548495,-0.11910198746780457,0.2001076384884481,-0.3293968400415177,-0.3448275862068966,-0.16271864067966016,0.1346711259754738,0.5363241456194979,0.2690116480221428,-0.09579825471879445,0.11225925498789067,-0.18138622996194212,0.011386614385115134,0.20189136201130203,0.22932379963864222,-0.2366432168531119,-0.3527313266443701,-0.1062622534886403,0.21406219966939607,-0.05834006073886134,0.4179602506439088,0.2048667973705455,0.3660708107484719,0.36722408026755854,0.027286356821589204,-0.041917502787068,-0.19677084534655748,-0.17551224387806097,0.061869065467266365,-0.4295006342982355,-0.5414139084304002,-0.18231653404067197,-0.005873986083881137,-0.12855879752431476,-0.17014569638257795,-0.15459193480182987,-0.028862491831007572,0.17372083189174645,-0.005750970668511898,0.02707107984469304,0.0896551724137931,0.013285664859877753,-0.3464114096797755,-0.2520124553108061,-0.33584746088494216,0.10974512743628186,0.05098220120708876,0.3992080882635605,0.25872448391189024,0.03808095952023988,-0.11685695613731596,0.025510321762195826,-0.34322069734363586,-0.3865144350901472,-0.4681505401145581,-0.4547111059854688,-0.01865221235536078,-0.02786299158113251,-0.3522085111290509,-0.11360473609349171,-0.17439741667627726,-0.21566908853265676,-0.34553492484526965,-0.3391996309537539,0.35846692038596084,0.2495752123938031,-0.24586168454234422,-0.09289970399415677,-0.276976896167301,-0.0336831584207896,0.1380386729712067,-0.27843001576135007,-0.29143120747318646,-0.01909045477261369,-0.2894860262176604,0.16807749971168262,-0.3884903701995156,-0.20563564371660323,-0.2694729558297774,-0.1069388382731711
#102,-0.12516049667473955,-0.058655287740745014,0.15221619959251143,-0.04962134317456656,-0.2715795948179756,-0.3997616576327221,0.10542421097143735,-0.17954099873140353,-0.0005381924422404183,0.13505554914850268,0.18083266059278053,-0.4100949525237381,0.020658901318571482,-0.006327605428055203,0.5085687925268135,1.0,0.3049013954561181,0.27969092376888477,0.12573713143428286,-0.14052973513243378,-0.13840003075385385,-0.026186906546726636,-0.05954714950217199,0.2667281743743513,0.43415215469188484,0.05837081459270365,-0.266205358859032,-0.3186176142697882,-0.11114442778610695,-0.2885403452120094,0.05112828201283973,-0.23396763156883096,0.1506938838273171,0.33577826471379696,-0.34229808172836657,-0.2644447007265598,-0.31843309114673435,0.04904470841502326,0.26112328451159034,0.36416407181024874,-0.07195632952754392,-0.1792795909737439,-0.38317764194825665,0.027447814554261332,-0.09109291508092107,0.12652904317072233,-0.40961057932572176,-0.2679352631376619,-0.14305155114750318,0.294168300465152,0.007634644216353362,0.4137162188136701,0.2668511897897205,0.38688348133625494,-0.06449851997078383,-0.08993195709837389,-0.4826048514204436,-0.13552454541959788,0.015784415484565408,0.19072771306654365,-0.29331488102102793,-0.2727482412639834,-0.34778764463921885,0.04476992273094222,-0.06444470072655979,-0.08178987429362242,-0.2336524045669473,-0.07503171491177488,0.064513896897705,0.08375812093953024,0.21992080882635606,0.30553953792334604,-0.08328143620497444,-0.2636989197708838,-0.37940260638911316,-0.40774228270480145,0.2594395110137239,0.38052512205435746,0.1893514781071003,0.3520470533963787,-0.10613923807327105,-0.270426325298889,0.10294083727367086,-0.38502287317879524,-0.3845538769077,-0.271172106254565,-0.3250374812593703,-0.2662514896397955,-0.1289509091608042,-0.49410679275746744,-0.020297543535924344,-0.03586668204359359,-0.0842501826010072,-0.02554876407949871,0.07124130242571022,0.5690616230346365,0.30520124553108063,0.0980279091223619,-0.06080036904624611,-0.26279936954599625,0.2008149771268212,0.13965325029792797,-0.23928804828355052,-0.04753008111328951,-0.05065928574174451,-0.13365624879867757,0.296843885749433,-0.21989774343597432,0.17209087763810402,0.02274247491638796,0.10035751355091685
#201,0.3908737938722946,0.3743128435782109,0.5975166263022335,0.2880252181601507,-0.034621150962980046,-0.02209664398569946,0.2179679391073694,0.17871064467766118,0.1749586745088994,0.554461230923,0.28113635489947336,-0.11531926344520048,0.14703417522008227,0.0039749356091185175,0.049798177834159844,0.3049013954561181,1.0,0.6642140468227424,-0.09164648445008265,-0.4056433321800638,-0.44700726559797027,-0.3763272210048822,-0.033859993080382886,0.15752892784377043,0.5549840464383193,0.09279206550570869,0.07557759581747588,0.06797370545496483,0.03562065121285511,0.04210971437358244,0.3723445969323031,-0.31032945065928574,0.40539730134932533,0.057025333487102606,-0.21732979664014146,-0.5180794218275477,-0.4850267174105255,-0.5040095336946911,0.070772306154615,0.19548687194864106,-0.05172029369930419,-0.29041633029639025,-0.44264790681582283,-0.41223234536577863,-0.17987160266020835,-0.12400722715565295,-0.07141044862184293,0.0737323645869373,0.23152270018836735,0.18954368969361474,0.3702072040902626,0.20026140775765963,0.5402145081305502,-0.04767616191904048,-0.3244454695729059,-0.47719217314419715,-0.4234113712374582,-0.46463691231307425,0.18972052435320802,0.18453081151731826,-0.03226848114404336,0.07786106946526737,-0.5565217391304348,-0.016837734978664514,0.3017029946565179,0.24461615346173068,-0.36558643755045556,-0.042655595279283434,-0.07559297274439704,-0.08582631761042556,0.4627839926190751,0.5685003652020144,-0.3489716680121478,0.010740783454426632,-0.5226848114404337,-0.4042440318302387,-0.002767846845807865,0.21734517356706262,0.23322185061315495,0.3726060046899627,-0.22798600699650176,-0.026309921962095875,0.0030138776765463423,0.010118017914119863,-0.05940106869642102,0.036197285972398414,0.056748548802521816,-0.23608964748395034,-0.3552685195863607,-0.06050051897128359,-0.2352823588205897,0.15690616230346366,-0.11486564410102641,0.16583246838119403,0.05997770345596432,0.7109445277361319,0.5668242801676086,0.3945027486256872,0.3505939338023296,0.36170376350286393,0.4946988044439319,0.5545611809479876,0.21002575635259293,0.4003075385384231,0.3168415792103948,0.19487179487179487,0.3953331026794295,-0.08497289816630146,0.22469534463537463,0.17239841617652713,0.06885787875293123
