,#10,#11,#12,#13,#17,#18,#26,#49,#50,#51,#52,#53,#54,#58,#101,#102,#201,#202,#301,#302,#401,#402,#501,#502,#601,#602,#701,#702,#801,#802,#901,#902,#1001,#1002,#1101,#1102,#1201,#1202,#1301,#1302,#1401,#1402,#1501,#1502,#1601,#1602,#1701,#1702,#1801,#1802,#1901,#1902,#2001,#2002,#2101,#2102,#2201,#2202,#2301,#2302,#2401,#2402,#2501,#2502,#2601,#2602,#2701,#2702,#2801,#2802,#2901,#2902,#3001,#3002,#3101,#3102,#3201,#3202,#3301,#3302,#3401,#3402,#3455,#3501,#3502,#3601,#3602,#3701,#3702,#3801,#3802,#3901,#3902,#4001,#4002,#4101,#4102,#4201,#4202,#4301,#4302,#4401,#4402,#4501,#4502,#4601,#4602,#4701,#4702,#4801,#4802
#10,1.0,0.644593088071349,0.30700034598085574,0.28347364779148887,-0.07249452196978434,0.006358359281897513,0.13030407872986582,0.3180640449006266,0.049252296928458845,0.3063622035136278,0.22060508207434745,-0.002114327451658786,0.16544804520816514,-0.08992426863491332,-0.008987813785414986,-0.05783262215046323,0.22900088417329797,0.07227924499288817,0.36763156883096915,0.06476761619190405,0.08850959135816706,0.06772767462422635,0.08959366470610848,-0.19099680928766385,0.3054549648252797,0.10664667666166916,0.14715719063545152,0.14352823588205896,0.15898973590128013,-0.038296236497136045,-0.1513474032214662,0.0010379425671779494,0.1373543997232153,0.12325375773651635,-0.12496059662476454,-0.0033214162149694383,0.027378618383116133,0.1353169569061623,-0.05120516664744551,-0.2079268058278553,0.2822819359550994,0.09146196132702879,0.0308614923307577,-0.08202821666090032,-0.2693730058047899,-0.2569868911697997,0.05747895283127667,0.24081805251220545,0.019451812555260833,-0.04722254257486641,0.0978895167800715,0.06459078153231076,0.14428939376465613,-0.25661015646023144,0.08521124053357937,0.01909814323607427,-0.22938530734632684,-0.29685157421289354,-0.09689770499365702,-0.11269749740514358,-0.15562218890554722,-0.191358167070311,0.14681889824318609,-0.05174335908968593,0.08575712143928035,0.00438242417252912,0.11176719332641372,0.018367739207319416,0.22421097143735824,0.06226886556721639,0.23254526582862414,0.07183331411217468,0.09100834198285472,0.22484911390458617,-0.04785299657863376,0.09077768807903741,0.004666897320570484,-0.07949102371890977,-0.017721908276630914,-0.030746165378849038,-0.02196594010686964,-0.036228039826240725,,0.18802906239188097,-0.16361819090454774,-0.2097259062776304,-0.1715603736593242,0.12563718140929536,-0.08551877907200246,-0.055987390919924655,-0.033883058470764615,-0.05037481259370315,-0.2010533194940991,-0.2008149771268212,-0.2249336870026525,0.3149502171990928,0.16497136047360936,0.018014069888132856,0.11005266597470495,0.06702033598585323,0.25489562910852265,-0.20099181178641448,-0.09967324030292546,0.16803905739437974,0.04043362933917657,0.2173836158843655,0.1314804136393342,-0.022196594010686965,0.08837119901587667,-0.34717256756237264,-0.3550455541460039
#11,0.644593088071349,1.0,0.25397301349325335,0.3228693345634875,-0.37306731249759734,-0.24267866066966517,0.288747933725445,0.11887902202744781,0.15128589551378158,0.276684734555799,0.36799292661361627,-0.1776419482566409,0.09894283627417061,-0.10989889670549341,-0.10184138699880829,-0.09898127859147349,0.2936993041940568,-0.05689462960827279,0.37970245646407563,0.06465997770345597,0.04035674470457079,0.21852919693999154,0.0880252181601507,-0.08840964133317956,0.3771114442778611,0.2194902548725637,0.17555837465882443,0.17572752085495713,0.18320070733863839,-0.2478683735055549,-0.15038634528889402,0.05921654557336716,0.08411179025871679,0.17057625033637028,-0.12428401184023373,0.07751508860954139,0.1743128435782109,0.21216314919463344,-0.04220966439856995,0.001445431130588552,0.406058509206935,0.07401683773497866,0.12115480721177872,0.022903932649060085,-0.10208741782954676,-0.2990427862991581,0.20024603083073847,0.18634528889401453,0.0756391035251605,0.07093376388728713,0.2956521739130435,0.030715411525006727,0.19055856687041095,-0.2068119786260716,0.14671894821819859,0.13414062199669397,-0.15967400914927152,-0.17848767923730444,0.09406066197670396,-0.06529812017068388,-0.25980086879637104,-0.19940798831353554,0.13976088878637605,0.06345288894014531,0.10682351132126244,-0.023203782724022605,0.0217429746665129,-0.18481528466535962,0.18711413524007228,0.16983815784415485,0.16974589628262793,0.23982624072579095,-0.044454695729058545,-0.09902740937223696,-0.02704032599085073,0.10787683081536155,0.01817552762080498,-0.07915273132664437,-0.16465613347172567,0.029423749663629723,-0.04117941029485257,-0.25435743666628224,,-0.05703302195056318,-0.059739361088686424,-0.2858032522200438,-0.33070387882981583,0.2056125783262215,-0.14470457079152732,0.022350363279898512,-0.035766732018606084,0.004643831930188752,-0.23221466189981932,-0.3367085687925268,-0.14444316303386767,0.12948910160304464,0.2940837273670857,0.0537269826625149,0.04616922308076731,0.07649252296928459,0.11641102525660246,-0.1982624072579095,-0.11060623534386653,0.04811440433629339,-0.0557336716257256,0.25085149732825895,0.12399185022873178,-0.03260677353630877,0.10014992503748125,-0.2937454349748203,-0.2802675585284281
#12,0.30700034598085574,0.25397301349325335,1.0,0.4363203013877677,0.030192596009687465,0.012055510706185369,0.09761273209549072,0.23117671933264136,0.12479145042863184,0.17207550071118288,-0.00180678891323569,0.021327797639641717,-0.06956521739130435,-0.21403913427901433,0.029246915004036443,0.018998193211086763,0.17814169838157845,0.3193557067620036,0.15880521277822626,-0.04891400453619344,-0.2397801099450275,-0.039664782993118826,0.1794794910237189,-0.0047976011994002995,0.026440625840925693,0.17645792488371198,0.10583938799830854,0.2801983623572829,0.1618959750893784,0.13564756083496712,0.2178987429362242,0.23818859800868797,0.37851843309114674,0.11120593549379157,-0.08826356052742859,0.10325606427555453,0.09027024949063929,-0.05751739514857956,0.23364471610348672,-0.10357897974089877,0.23349863529773573,0.14561949794333603,0.011624956752393034,-0.014192903548225886,-0.08474224426248414,-0.095952023988006,0.023388305847076463,0.2648752546803521,-0.03420597393610887,0.16929996540191442,-0.00031522700188367357,0.19856225733287203,0.10812286164610002,0.13505554914850268,0.022288855572213894,0.23931880213739284,-0.3016337984853727,-0.2396109637488948,-0.12288471149040864,-0.030938376965363473,-0.2597086072348441,-0.19429516011225156,0.08342751701072541,-0.0037827240226040826,0.23084611540383654,-0.005927805328105178,-0.04166378349286895,-0.1481182485680237,0.10948371967862222,0.2811440433629339,0.235459193480183,0.15276976896167302,0.021235536078114788,0.10171068311997847,-0.06445238919002037,0.08461922884711491,-0.16626302233498635,0.0034213662399569444,0.03307576980740399,-0.004013377926421404,-0.08149771268212049,0.20890324068734864,,0.0661130972975051,0.03568215892053973,-0.3052627532387652,-0.1832237727290201,-0.1496482527966786,0.051974012993503245,-0.012286164610002691,0.18875946642063585,-0.13702379579441049,-0.12557567370161074,-0.27923730442471073,-0.1265444200976435,0.15170107254065274,0.11525006727405528,0.08701802944681505,0.29030869180794217,0.2246722792449929,0.12309230000384423,0.2028601084073348,0.1632568331219006,0.2511359704763003,0.2983277591973244,0.2877945642563334,0.30627763041556144,-0.18362357282897013,0.06340675815938185,-0.2487909891208242,-0.3399531003728905
#13,0.28347364779148887,0.3228693345634875,0.4363203013877677,1.0,-0.24510052665974705,0.014884865259677853,-0.1602967746895783,-0.006881174797216776,-0.15469957329027795,0.15427670779994618,-0.10503978779840849,-0.15918194748779457,-0.027017260600468995,-0.26169223080767307,0.11959404912928151,0.05255833621650713,0.09665167416291855,0.2649905816322608,0.32441471571906355,0.025510321762195826,-0.07518548418098643,0.09232306923461346,0.27700765002114325,0.09382231960942605,0.20808057509706684,0.2250028831737977,0.15347710760004613,0.17889516780071502,0.16503286818129398,0.11651097528158998,0.21702994656517896,0.19244224041825242,0.26491369699765505,0.08838657594279783,-0.06885787875293123,0.1986698958213201,0.29017798792911237,0.1410294852573713,0.1198016376427171,0.27819936185753275,0.21999769346096182,0.0933994541190943,0.06543651251297428,0.09730519355706763,-0.1747203321416215,-0.1527082612539884,0.055925883212240034,0.24027217160650444,0.06459846999577135,0.12981970553184946,0.030730788451927882,0.15364625379617883,0.09553684696113482,0.2929535232383808,0.15567600814977126,0.3819321108676431,-0.3552531426594395,-0.20539730134932535,-0.08634144466228424,0.0033829239226540577,-0.204220966439857,-0.08274324376273402,0.23016953061930573,0.038926690500903395,0.2440625840925691,0.17488178987429362,-0.13024257102218123,-0.26707415523007727,0.18393879983085382,-0.06384500057663475,0.16902318071733363,0.1509014723407527,-0.11671856379502557,-0.11782570253334872,-0.1689309191558067,0.016061200169146195,-0.19740129935032483,-0.16568638757544304,-0.22893937646561335,0.03187636950755392,-0.232929689001653,0.09752815899742437,,0.03561296274939453,-0.15479952331526545,-0.41566908853265677,-0.13037327490101103,-0.14884865259677854,0.12225425748664129,0.07025717910275632,0.30979125821704534,-0.16659362626379118,-0.09119286510590859,-0.15673701610733096,-0.12658286241494637,0.1780186829662092,0.3877753430976819,0.1573751585745589,0.2837734978664514,0.2353823088455772,0.1122515665244301,0.034674970207204094,-0.2015300042286549,0.12694422019759352,0.2512820512820513,0.23413677776496367,0.20450543958789835,-0.15029408372736708,0.20773459424134086,-0.2526121554607312,-0.24024141775266214
#17,-0.07249452196978434,-0.37306731249759734,0.030192596009687465,-0.24510052665974705,1.0,0.0727482412639834,-0.13261830623149964,0.05540306769692077,0.1534847960635067,-0.051620343674316685,-0.0287856071964018,0.3060546649752047,0.19073540153000423,-0.07350939914658056,0.07064929073924577,-0.018813670088032905,-0.025594894860262177,0.008595702148925537,-0.061792180832660595,0.025348864029523698,0.06941913658555338,-0.1581516933840772,-0.02507976780840349,-0.34102179679391076,-0.126298389266905,-0.2844500826509822,-0.17910275631415062,-0.2568869411448122,0.15688309691308192,0.3166801214777227,0.028047514704186368,0.15894360512051667,-0.02055895129358398,0.0037981009495252375,-0.005489562910852266,-0.0007380924922154307,-0.08418098642986199,0.004267097220620459,0.04577711144427786,-0.17096067350939914,-0.1718294698804444,0.29386076192672894,0.012832045515703687,-0.003098450774612694,0.02873178795217776,0.1867297120670434,-0.16749317648867873,-0.1361626878868258,-0.07262522584861415,-0.013362549494483527,-0.1222850113404836,-0.1765194325913966,-0.10568561872909699,-0.18862876254180602,-0.0019374927920655057,-0.08702571791027564,-0.011532695190866105,-0.13749279206550571,-0.004836043516703187,-0.07074155230077268,-0.10808441932879714,-0.15493791565755582,0.06898858263176104,-0.04732249259985392,-0.1786030061892131,-0.2326298389266905,0.1427978318533041,0.13431745665628725,0.10903010033444815,0.12899703994156766,0.1306269941952101,-0.1125898589166955,0.023288355822088956,0.30538576865413447,-0.039903125360396724,-0.11774881789874293,-0.15855149348402722,-0.11411217468188982,0.4038134778764464,-0.0019144274016837735,0.05314265943951101,0.41167877599661706,,0.2880867258678353,0.32479913889209244,-0.0022757851843309114,0.03645100526659747,0.06951139814708031,0.38105562603313725,0.11610348671817937,0.16953830776919232,0.19541767577749586,0.2123476723176873,0.1428747164879099,0.08734863337561988,0.005658709106984969,-0.15038634528889402,0.05718679121977473,-0.24995963556683196,-0.055979702456464074,-0.11049090839195787,0.10254872563718141,0.11669549840464383,0.0018759850843808865,0.10194133702379579,-0.09062391880982586,-0.006927305577980241,-0.2496751624187906,-0.03809633644716103,-0.009602890862261177,-0.0002075885134355899
#18,0.006358359281897513,-0.24267866066966517,0.012055510706185369,0.014884865259677853,0.0727482412639834,1.0,-0.2574943297581978,0.24781455426133087,0.06784300157613501,-0.14388190520124552,0.052958136316457155,0.6662284242494138,0.255180102256564,-0.10302541037173721,0.20978741398531503,0.21161726828893246,0.11200553569369162,0.2816822358051743,0.03292200053819244,0.1217083765809403,0.06467535463037712,0.14383577442048207,0.25966247645408064,0.2949063929573675,0.031046015453811554,0.15762887786875793,-0.12958905162803214,-0.1311344327836082,0.26381424672279247,0.389666705108984,0.33311805635643715,0.08934763387537001,-0.21002575635259293,-0.16354899473340254,0.33332564486987276,0.1840695037096836,0.018237035328489602,0.22980817283665858,0.044593088071348944,0.13999923115365395,-0.23921885211240534,0.04303232998885173,0.04400107638488448,-0.039011263598969746,-0.21671471956329527,0.23203013877676545,-0.1285818629146965,0.005258909007034944,-0.16132702879329566,-0.09592895859762426,-0.37800330603928806,-0.19331872525275823,-0.43898819820858803,0.14230577019182716,0.02131242071272056,0.012309230000384423,-0.1961557682697113,-0.11426594395110137,-0.279068158228578,-0.2396417176027371,-0.12775150886095413,-0.14715719063545152,0.35021719909276133,0.22502594856417946,-0.01243993387921424,-0.03283742744012609,0.23803482873947643,0.11407373236458694,0.17871833314112176,-0.008265098220120708,0.4143159189635951,0.03202245031330488,-0.027693845384999808,0.048429631338177064,-0.10039595586821974,-0.1535924345519548,-0.1111598047130281,-0.22815515319263446,0.20339061238611464,0.5030715411525006,0.1518855956637066,-0.040287548533425595,,0.3878445392688271,0.2113327951408911,0.10024218659900819,-0.05913197247530081,-0.04590781532310768,0.2736708568792527,-0.20905700995656018,0.260146849652097,-0.2411332795140891,-0.0198362357282897,-0.0712182370353285,-0.16411025256602468,0.1580056125783262,0.1268135163187637,-0.225179717833391,0.18405412678276248,-0.11919424902933148,-0.100372890477838,-0.009080075346941914,0.07814554261330874,-0.03458270864567716,0.16343366778149387,-0.11652635220851112,-0.018675277745742513,-0.06984969053934571,0.032145465728674126,-0.2279706300695806,-0.1972398416176527
#26,0.13030407872986582,0.288747933725445,0.09761273209549072,-0.1602967746895783,-0.13261830623149964,-0.2574943297581978,1.0,0.20602775535309267,0.25754814900242184,0.3563756583246838,0.25940106869642104,-0.23060777303655863,0.25024410871487335,0.24213277976396416,-0.2947526236881559,-0.25302733248760234,0.1550916849267674,-0.13314112174681889,0.04992888171298966,-0.07536231884057971,-0.1753277207550071,-0.004405489562910852,-0.16758543805020568,-0.03138430784607696,0.06142313458655288,0.009795102448775612,-0.04450851497328259,0.1986698958213201,-0.18073271056779303,-0.18806750470918387,-0.2561488486525968,-0.037919501787567755,0.1698150924537731,0.20236804674585784,-0.2337216007380925,-0.007542382654826433,-0.15898973590128013,-0.15367700765002115,-0.027086456771614194,-0.13430976819282667,0.07497020720409026,-0.032845115903586665,-0.14598854418944374,-0.08323530542421097,-0.1210317917964095,-0.1432822050513205,0.14099104294006842,0.06964210202591012,-0.05581824472379195,-0.16914619613270288,0.12763618190904547,-0.0239880059970015,0.10011917118363894,-0.13910736939222695,-0.004105639487948333,-0.11420443624341675,0.012670587783031562,0.06909622112020912,-0.008964748395033252,-0.013908430400184524,0.0739707069542152,0.026186906546726636,-0.1817629646715104,0.0481451581901357,0.17312882020528197,-0.0825125898589167,0.1249759735516857,0.21566140006919618,0.0913543228385807,0.1782262714796448,-0.029677468957828777,-0.01519240379810095,-0.14664975204705338,0.037242917003036946,0.01584592319225003,0.17830315611425057,0.13787721523853458,0.19391842540268328,0.03256064275554531,-0.0216737784953677,-0.19161188636451004,-0.13695459962326528,,-0.08030600084573097,-0.08671049090839196,0.046422942374966365,0.08722561796025065,-0.09626725098988967,-0.4813900741936724,-0.17379002806289162,-0.2358974358974359,0.005674086033906124,-0.10334832583708146,0.02774766462922385,0.023119209625956254,0.13917656556337216,-0.049306116172682886,0.06782762464921385,-0.04868335063237612,-0.09334563487487026,-0.08923230692346135,-0.10482451082151233,0.01978241648406566,0.21603044631530388,-0.28345058240110715,0.21842155845154346,-0.06472917387460116,0.08068273555529927,-0.07912197747280206,0.043478260869565216,-0.028185907046476763
#49,0.3180640449006266,0.11887902202744781,0.23117671933264136,-0.006881174797216776,0.05540306769692077,0.24781455426133087,0.20602775535309267,1.0,0.32110867643101526,0.200545880905701,0.37698842886249184,0.3405835543766578,0.2873332564486987,0.18756006612078577,-0.20732710567793028,-0.00918002537192942,0.06419098143236074,0.02125860146849652,0.37273670856879254,0.2401184023372929,0.059831622650213356,0.24290162611002192,0.060915695998154766,-0.12041671471956329,0.28297389766655134,0.18272402260408258,-0.061138661438511516,-0.059008957059931574,0.27860685042094335,0.16711644177911045,-0.13721600738092493,-0.029600584323223003,-0.03304501595356168,-0.18806750470918387,-0.0646138469226925,0.07048783300657363,-0.03801176334909468,0.21862914696497904,-0.21944412409180025,-0.16167300964902165,0.09466805059008956,-0.10786914235190097,-0.021066389881982086,-0.10663129973474801,-0.20086879637104524,-0.08674893322569484,-0.0835351554991735,-0.11648790989120825,-0.2809595202398801,-0.2526352208511129,-0.2312689808941683,-0.2530119555606812,-0.28684888325068236,-0.20926459846999576,-0.03438280859570215,-0.02357282897013032,-0.4164148694883328,-0.22973128820205282,-0.3706992657517395,-0.35503017721908275,-0.10799984623073079,-0.15462268865567216,0.1823780417483566,0.12004766847345558,0.08000615077076846,-0.16700880329066237,0.2846192288471149,0.14309768192826663,0.32002460308307384,0.21164802214277476,0.3830238726790451,0.005889363010802291,0.0826125398839042,0.20405182024372429,-0.027132587552377657,-0.10992196209587514,-0.015054011455810557,-0.23414446622842425,0.0737323645869373,0.26527505478030217,-0.04616153461730673,-0.015676776996117327,,0.31865605658709106,-0.04515434590397109,0.10031907123361396,0.014508130550109561,-0.09693614731095991,-0.019966939607119517,-0.09902740937223696,-0.09396071195171644,-0.07174105255064775,0.0015992003998001,0.0561411601891362,0.006865797870295621,0.05990081882135855,0.21300888017529696,0.021504632299234997,-0.027670779994618075,-0.08133625494944835,-0.06792757467420137,-0.0860492830507823,-0.07278668358128627,0.05071310498596855,-0.10011917118363894,0.09804328604928306,-0.08694883327566985,-0.13647022642524892,-0.1275977395917426,-0.19148887094914083,-0.18772921231691847
#50,0.049252296928458845,0.15128589551378158,0.12479145042863184,-0.15469957329027795,0.1534847960635067,0.06784300157613501,0.25754814900242184,0.32110867643101526,1.0,0.08027524699188868,0.24629992695959713,0.2145619497943336,0.10147234075270058,0.09771268212047822,-0.2260946449851997,-0.31593434052204666,0.1406604390112636,-0.05631799484872948,0.09048552646753547,-0.11012186214585015,-0.09623649713604736,-0.015945873217237536,0.02309614423557452,-0.13810018067889132,0.010025756352592934,0.08327374774151386,-0.13154960981047936,-0.019298043286049282,0.27523930342521047,0.1068388882481836,0.036174220582016685,0.22128166685887826,-0.0581478491523469,-0.03339868527274824,0.04897551224387806,0.2754930227194095,0.06197670395571445,0.04739168877099911,0.12502210433244915,0.007765348095183177,-0.031622650213354864,-0.07977549686695114,-0.02357282897013032,-0.0719947718448468,0.10883020028447314,0.19184254026832737,0.10899165801714528,0.06815054011455811,0.026356052742859338,-0.1155499173490178,-0.0514127551608811,-0.2644216353361781,-0.20138392342290393,-0.08958597624264791,0.09987314035290047,0.020858801368546495,-0.11592665205858609,-0.030592396109637487,-0.038273171106754315,-0.06629762042055895,-0.06150001922115865,-0.03591281282435705,0.06188444239418752,-0.08596470995271595,0.002022065890131857,-0.2054511205935494,0.3531541921347019,0.08245108215123208,0.14780302156614,0.12877407450121092,0.21152500672740554,0.06186137700380579,-0.014308230500134548,-0.012455310806135394,-0.18725252758236266,-0.21998231653404068,-0.10754622688655673,-0.010133394841041019,0.21902894706492906,0.16238034828739475,-0.12031676469457579,-0.16923076923076924,,0.30675431515011725,0.055925883212240034,0.11434282858570714,0.17129127743820396,0.07734594241340868,-0.07124130242571022,-0.06286856571714143,-0.03125360396724715,0.003490562411102141,0.18769076999961556,0.08255872063968016,0.11095221619959252,0.02489524468534963,0.1209933494791066,0.0857417445123592,-0.0898243186099258,-0.0967362472609849,-0.2873716987660016,0.06362972359973859,0.2776457924883712,0.01750663129973475,-0.09359935416906931,0.2056125783262215,0.05196632453004267,-0.06096182677891823,0.09083150732326145,0.01243993387921424,-0.004897551224387806
#51,0.3063622035136278,0.276684734555799,0.17207550071118288,0.15427670779994618,-0.051620343674316685,-0.14388190520124552,0.3563756583246838,0.200545880905701,0.08027524699188868,1.0,0.13353323338330836,-0.11616499442586399,0.15606811978626073,0.12125475723676624,-0.312689808941683,-0.274393572444547,0.42193518625302734,0.08897858762926229,0.0843501326259947,-0.052281551531926346,-0.22226579018183215,-0.2145311959404913,-0.009226156152692884,-0.23738130934532733,0.1411678775996617,0.03202245031330488,0.10914542728635682,0.169307653865375,-0.11817937185253527,0.040372121631491946,-0.15571445046707416,0.07358628378118633,0.3921193249529082,0.25287356321839083,-0.1580748087494714,-0.2851651097528159,0.04959827778418483,-0.17647330181063314,-0.03964940606619767,-0.24318609925806328,0.032683658170914544,0.057263675854380504,-0.029016261100219123,-0.2768692576788529,-0.1732595240841118,-0.3062699419521009,0.09272286933456349,-0.036912313074232116,-0.10151847153346404,0.02873178795217776,0.026094644985199707,0.08575712143928035,0.19822396494060662,-0.05280436704724561,0.005335793641640718,-0.1836697036097336,-0.13540921846768922,-0.13238765232768232,-0.01063314496597855,0.0324606927305578,0.014508130550109561,0.004605389612885865,-0.14584246338369278,-0.3113520162995425,0.0766232268481144,-0.14336677814938684,0.007150271018336985,0.0702956214200592,0.09778187829162342,-0.059093530157997926,0.01658401568446546,0.04527736131934033,-0.0156844654595779,0.04736093491715681,0.182170453234921,0.21816015069388384,0.05608734094491216,0.1686925767885288,-0.1744127936031984,-0.07168723330642371,-0.22185830161842157,-0.08302771691077539,,-0.08637219851612656,-0.30371737208318916,-0.002952369968861723,0.05857840310613924,0.1226617460500519,-0.21413908430400186,0.062276554030676966,-0.04847576211894053,0.04776073501710683,0.04303232998885173,0.12117787260216045,0.0832583708145927,0.44084880636604773,0.09294583477492023,0.3597662707107984,0.052227732287702305,-0.07164879098912083,0.17745742513358706,0.1981932110867643,0.09559835466881944,0.13066543651251297,0.12819743974166764,0.2540960289086226,0.06788913235689847,0.15241609964248645,0.09212316918463845,0.08888632606773536,0.02576404105639488
#52,0.22060508207434745,0.36799292661361627,-0.00180678891323569,-0.10503978779840849,-0.0287856071964018,0.052958136316457155,0.25940106869642104,0.37698842886249184,0.24629992695959713,0.13353323338330836,1.0,0.3365471110598547,0.2898550724637681,0.16888478837504325,-0.3453888440395187,-0.08059816245723292,0.27323261446199976,-0.06618998193211087,0.1578364663821935,0.08945527236381809,-0.007896051974012993,0.0479068158228578,-0.16517894898704494,0.05172798216276477,0.015399992311536539,0.16700880329066237,-0.1288586475992773,0.0687656171914043,0.13129589051628032,-0.08149771268212049,-0.2542728635682159,-0.10122630992196209,-0.12313843078460769,0.06928843270672357,-0.06681274747241764,-0.0515819013570138,0.16796986122323454,0.24370891477338255,-0.16537116057355938,-0.13204167147195633,0.15749048552646752,-0.09774343597432053,-0.011294352823588205,-0.08834044516203436,-0.08586475992772845,-0.15336946911159804,0.1561065621035636,-0.08430400184523124,0.10450159535616807,-0.11421212470687733,0.24849882750932226,-0.1867681543843463,0.10478606850420943,-0.2740399031253604,-0.1612424556952293,-0.19604044131780263,-0.23625110521662246,-0.16338753700073042,0.057156037365932416,-0.2751777957175259,-0.07505478030215662,-0.10035751355091685,0.16921539230384808,0.09092376888478837,0.10362511052166225,-0.10391727213316419,0.21563064621535386,0.03539768577249837,0.2133394841041018,0.22730942221197092,0.32895859762426477,-0.08055972013993004,-0.01436204974435859,0.15356936916157307,0.052573713143428284,-0.13474801061007957,-0.05882443393687772,-0.13498635297735748,-0.1474339753200323,0.32157767270211046,-0.051458885941644564,-0.19173490177987929,,0.16725483412140082,-0.011002191212086265,0.16608618767539307,-0.07390151078307,0.005174335908968593,0.02244262484142544,-0.02384192519125053,-0.06779687079537154,0.04534655749048553,0.0013454811056010456,-0.07803790412486064,-0.03894206742782455,-0.0721024103332949,0.1109214623457502,0.008595702148925537,-0.15306961903663552,0.11402760158382347,0.015653711605735594,0.0829508322761696,-0.17503555914350516,0.10195671395071695,-0.26533656248798676,0.01856763925729443,-0.17451274362818592,0.02715565294275939,-0.08306615922807827,0.02073578595317726,0.02188136700880329
#53,-0.002114327451658786,-0.1776419482566409,0.021327797639641717,-0.15918194748779457,0.3060546649752047,0.6662284242494138,-0.23060777303655863,0.3405835543766578,0.2145619497943336,-0.11616499442586399,0.3365471110598547,1.0,0.12140083804251721,0.13246453696228808,0.15573751585745588,0.19538692192365356,0.1561834467381694,0.0648521892899704,0.009080075346941914,0.20188367354784145,0.17345173567062622,0.11079844693038096,0.23719678622227347,0.2110944527736132,-0.07689232306923462,0.05788644139468727,-0.24576942298081728,-0.2785684081036405,0.3200322915465344,0.22995425364240957,0.11561142505670242,-0.03643562833967631,-0.33121131741821397,-0.17381309345327337,0.3691308192057817,0.19414139084304002,0.1325952408411179,0.2880713489409142,0.09545996232652905,-0.053750048052896626,-0.08411947872217737,0.051920193749279205,0.15997385922423404,0.008949371468112097,-0.01922115865144351,0.30481682235805174,-0.12913543228385807,-0.1443047706915773,-0.18864413946872718,-0.0692730557798024,-0.20601237842617154,-0.2799292661361627,-0.4315073232614462,-0.036281859070464766,-0.0331065236612463,-0.05340406719717065,-0.16589397608887863,-0.03937262138161688,-0.19707838388498058,-0.39155037865682546,-0.22161227078768309,-0.31866374505055167,0.43802714027601586,0.13394072194671894,-0.1952715949717449,-0.22385730211817167,0.4457540460538961,0.19818552262330374,0.26679737054549646,0.14638834428939376,0.42077422827048017,0.09399146580555875,0.18293929958097874,0.20448237419751664,0.028139776265713297,-0.11586514435090148,0.06312997347480107,-0.18212432245415755,0.4170145696382578,0.5186253027332488,0.209733594741091,0.07653865375004805,,0.37179102756314153,0.2877561219390305,0.22151232076269559,-0.1352477607350171,0.1315419213470188,0.4593856917694999,0.054626532887402456,0.22356514050666973,-0.08679506400645831,0.009971937108368892,-0.10054972513743128,-0.1686695113981471,-0.05275823626648214,0.07297120670434014,-0.18207050320993348,-0.08288932456848498,-0.19630953753892286,-0.08576480990274093,0.05251220543574367,-0.013793103448275862,-0.033421750663129975,-0.0015530696190366356,-0.17612732095490716,-0.15633721600738093,-0.13703917272133165,-0.0012993503248375812,-0.22546419098143236,-0.2780379041248606
#54,0.16544804520816514,0.09894283627417061,-0.06956521739130435,-0.027017260600468995,0.19073540153000423,0.255180102256564,0.25024410871487335,0.2873332564486987,0.10147234075270058,0.15606811978626073,0.2898550724637681,0.12140083804251721,1.0,0.03425979318033291,-0.1002729404528505,-0.1633567831468881,0.13613193403298351,0.0884634605774036,0.19111213623957252,-0.10427094145235075,-0.10917618114019913,-0.06818129396840042,-0.03275285434205974,-0.12655210856110408,0.07491638795986622,-0.06680505900895706,-0.0275938953600123,-0.07401683773497866,0.20657363625879369,0.20077653480951832,0.08403490562411102,0.012001691461961327,-0.07713066543651251,0.0723715065544151,-0.13095759812401492,-0.03684311690308692,-0.18632991196709336,0.033260292930457847,0.028024449313804635,-0.06639757044554646,0.036443316803136894,0.1495406143082305,-0.2334832583708146,-0.0865567216391804,-0.14218275477645792,-0.15031714911774882,-0.05850151847153347,-0.03512858955137816,-0.25091300503594355,-0.1922346519048168,-0.10925306577480491,-0.12516049667473955,0.010725406527505478,-0.11302810133394842,0.10068811747972167,-0.10377119132741322,-0.08463460577403606,-0.2709414523507477,0.08696421020259101,-0.13920731941721448,-0.02309614423557452,-0.08158228578018684,0.10081113289509092,0.24523891900203745,0.13764656133471725,-0.20482835505324262,0.177203705839388,0.09926575173951485,0.06871948641064084,0.0410333294891016,0.1786337600430554,-0.13590896859262677,-0.1814938684503902,0.06798908238188597,-0.1277284434705724,-0.2509514473532464,-0.12700572790527814,-0.18154768769461424,0.1309960404413178,0.13329489101603045,-0.017191404297851074,-0.05839387998308538,,0.29665167416291854,0.09943489793564757,0.05859378003306039,-0.022942374966362974,0.03605120516664745,0.06981124822204282,-0.16891554222888555,0.20338292392265406,-0.04728405028255103,0.02075116288009841,0.10391727213316419,0.15393841540768077,0.2049359935416907,0.02001307038788298,0.009333794641140968,-0.08396570945296583,-0.09988851727982163,-0.14656517894898705,-0.06861953638565332,0.016576327221004883,0.023142275016337983,0.046230730788451926,0.07651558835966632,-0.015799792411486564,-0.027447814554261332,-0.07660016145773267,0.018844423941875216,0.03105370391727213
#58,-0.08992426863491332,-0.10989889670549341,-0.21403913427901433,-0.26169223080767307,-0.07350939914658056,-0.10302541037173721,0.24213277976396416,0.18756006612078577,0.09771268212047822,0.12125475723676624,0.16888478837504325,0.13246453696228808,0.03425979318033291,1.0,-0.19128128243570522,0.07650021143274517,-0.09211548072117787,-0.2478760619690155,-0.03431361242455695,0.17864913696997656,0.11711067543151502,0.05049013954561181,-0.2069119286510591,0.012931995540691193,-0.1410756160381348,-0.016084265559527928,-0.14220582016683966,-0.13475569907354015,-0.26727405528005227,-0.16711644177911045,-0.44822973128820204,-0.26618998193211085,-0.13156498673740052,-0.15802098950524737,-0.17920270633913812,-0.009595202398800599,-0.0952677507400146,0.0001999000499750125,-0.07441663783492869,-0.2719409526006228,-0.17784184830661592,-0.08128243570522431,-0.15656018144773767,-0.10091108292007842,-0.033144965978549185,-0.045707915273132664,0.02579479491023719,-0.20961826778918233,-0.15388459616345673,-0.3523392150078807,-0.01217083765809403,-0.1480721177872602,-0.09187713835389998,-0.28486525967785337,-0.21090224118709877,-0.3711759504862953,-0.06771998616076577,0.05684081036404875,-0.1604966747395533,-0.4163687387075693,0.27996001999000497,0.3068696421020259,0.11130588551877907,-0.009018567639257295,-0.058324683811940184,-0.08152077807250221,0.5251681851382002,0.36792373044247106,0.14233652404566946,-0.0013608580325222004,0.07185637950255641,0.01080997962557183,0.19807788413485564,0.16082727866835814,0.22285780186829662,0.15187021873678547,0.3836773920731942,0.09485257371314343,0.17211394302848576,0.03688924768385038,0.006127705378080191,-0.10583169953484796,,-0.02668665667166417,-0.14257486641294737,0.34949448352746704,0.2841425441125591,-0.08192057817245224,-0.2288855572213893,0.014615769038557644,-0.2362357282897013,-0.10515511475031715,-0.16211125206627455,0.1061238611463499,-0.025218160150693884,-0.049060085341944414,-0.22179679391073695,-0.24748395033252604,-0.22089724368584937,-0.13771575750586246,-0.02860877253680852,-0.05132049359935417,-0.21267827624649213,0.031115211624956753,-0.24250951447353247,-0.15156268019836236,-0.24073347941413908,0.29348402721716066,0.20038442317302887,0.18832122400338291,0.0855034021450813
#101,-0.008987813785414986,-0.10184138699880829,0.029246915004036443,0.11959404912928151,0.07064929073924577,0.20978741398531503,-0.2947526236881559,-0.20732710567793028,-0.2260946449851997,-0.312689808941683,-0.3453888440395187,0.15573751585745588,-0.1002729404528505,-0.19128128243570522,1.0,0.5982316534040671,0.04788375043247607,0.08148233575519932,0.13782339599431054,0.09179256525583362,0.28191288970899164,0.07915273132664437,0.3814092953523238,0.2340906469842002,-0.11840233729289201,-0.1369853534771076,-0.14142928535732133,-0.17616576327221004,0.15886672048591088,0.2136777764963672,0.35200861107907583,0.10603159958482297,-0.17292892015530698,-0.1048321992849729,0.20134548110560105,0.2440318302387268,-0.12103948025987006,0.08586475992772845,0.13363318340829586,0.17191404297851073,0.22285780186829662,0.2789143889593665,0.19971552685195865,0.2610771537308269,-0.00198362357282897,-0.03050013454811056,-0.2739399531003729,-0.03223003882674048,-0.12952754392034752,0.02594087571598816,-0.2768615692153923,-0.1180332910467843,-0.23891131357398224,0.2241263983392919,0.2221889055472264,0.1580517433590897,-0.004251720293699304,-0.1822012070887633,-0.1301426209971937,-0.011348172067812247,-0.2965055933571676,-0.1771729519855457,0.19374159074309,0.285872448391189,-0.1532464536962288,-0.01791411986314535,-0.06800445930880714,-0.13612424556952293,0.0878176296467151,-0.1473955330027294,0.03431361242455695,0.013700841886748933,0.02487986775842848,-0.19278053281051782,-0.26203052319993847,0.013162649444508515,0.019851612655210855,-0.1318802137392842,0.43727367085687924,0.047999077384384733,0.03839618652212355,0.18694498904393958,,0.20052281551531925,0.3370853035020951,-0.1794102948525737,-0.33226463691231306,-0.0428708722561796,0.310906085418829,-0.03223003882674048,0.18027140276015838,-0.3023488255872064,-0.0943835774420482,-0.384899857763426,-0.33849998077884136,-0.1046938069426825,0.07341713758505362,-0.3370007304040288,0.04290162611002191,-0.3644716103486718,-0.18687579287279438,-0.1804328604928305,0.09358397724214816,-0.03329873524776074,0.062499519471033715,-0.22003613577826472,-0.13311805635643717,-0.207350171068312,-0.032522200438242416,-0.3780494368200515,-0.3216391804097951
#102,-0.05783262215046323,-0.09898127859147349,0.018998193211086763,0.05255833621650713,-0.018813670088032905,0.21161726828893246,-0.25302733248760234,-0.00918002537192942,-0.31593434052204666,-0.274393572444547,-0.08059816245723292,0.19538692192365356,-0.1633567831468881,0.07650021143274517,0.5982316534040671,1.0,-0.13889978087879137,-0.23415215469188483,0.10038057894129858,0.4825817860300619,0.11087533156498673,0.3513089609041633,0.03896513281820628,0.34200592011686465,-0.19898512282320377,-0.0326990350978357,-0.17748049052396878,-0.12037827240226041,-0.03910352516049667,0.07085687925268135,0.034813362549494485,-0.21196324914465844,-0.23189174643447508,-0.3501633798485373,0.27581593818475375,0.14690347134125245,0.013270287932956598,0.228654903317572,-0.07233306423711221,-0.023611271287433205,0.012862799369545996,0.37412832045515704,0.15582977741898282,0.3412447622342675,-0.2547726136931534,-0.08539576365663322,-0.3069157728827894,-0.10903778879790874,-0.17974089878137856,-0.024064890631607272,-0.3079306500595856,-0.2415792103948026,-0.32502210433244916,0.08314304386268405,-0.21900588167454735,-0.02780917233690847,-0.34129089301503096,-0.10610079575596817,-0.22416484065659478,-0.15812862799369545,-0.08960904163302964,0.0033829239226540577,0.30400953369469114,0.48139776265713297,-0.037950255641410066,0.11711067543151502,-0.08971668012147772,-0.07841463883442894,0.08609541383154577,0.12972744397032254,0.13959943105370393,0.03272978895167801,-0.03624341675316188,0.047783800407488565,0.04566947295582978,0.1515857455887441,0.1484104101795256,-0.1293583977242148,0.1406296851574213,0.26771998616076575,0.14149848152846653,0.2022142774766463,,0.0670280244493138,0.15346173067312496,-0.13013493253373312,-0.22870103409833545,-0.09597508937838772,0.27089532156998425,0.08215123207626955,0.17600430553953791,-0.2818360050743859,-0.08677199861607658,-0.35827470879944645,-0.2975435359243455,-0.22003613577826472,0.11727982162764772,-0.3819936185753277,-0.17798024064890633,-0.3426056202667897,-0.1565524929842771,-0.27028024449313803,-0.27803021566140007,-0.2382501057163726,-0.13557067620036137,-0.3731903279129666,-0.41185561065621035,-0.03838849805866298,-0.03978010994502749,-0.2063968015992004,-0.20434398185522623
#201,0.22900088417329797,0.2936993041940568,0.17814169838157845,0.09665167416291855,-0.025594894860262177,0.11200553569369162,0.1550916849267674,0.06419098143236074,0.1406604390112636,0.42193518625302734,0.27323261446199976,0.1561834467381694,0.13613193403298351,-0.09211548072117787,0.04788375043247607,-0.13889978087879137,1.0,0.298481528466536,0.16626302233498635,-0.2830969130819206,-0.13173413293353323,-0.012978126321454658,0.3061315496098105,0.24583861915196248,0.13525544919847768,0.3326183062314996,0.371491177488179,0.35326183062315,0.3192480682735555,-0.02674047591588821,0.05123592050128782,0.1897897205243532,0.312143928035982,0.3156883096913082,0.13492484526967286,-0.034482758620689655,0.07685388075193172,0.07347864529273825,0.34715719063545153,0.06827355552992734,0.2045592588321224,0.05491100603544382,0.07479337254449699,-0.07367854534271326,-0.05866297620420559,-0.11052935070926076,0.4531811017568139,0.3027870680044593,0.2737400530503979,0.2071810248721793,0.23897282128166686,0.19916195748279705,0.33003498250874563,0.1986391419674778,0.4051205166647445,-0.02392649828931688,-0.11273593972244647,-0.34105255064775303,0.04514665744051052,-0.027670779994618075,-0.45010571637258295,-0.41743743512858955,0.08130550109560604,-0.16268788682581786,0.18456925383462114,0.014723407527005728,0.03369853534771076,-0.14165993926113865,0.18381578441548457,-0.16061969015492253,0.11749509860454388,0.3588205897051474,-0.006120016914619613,0.12173144197132203,-0.3247145657940261,-0.12400722715565295,-0.2541344712259255,-0.03745050551647253,-0.0944912159304963,0.16853880751931727,-0.30722331142121245,-0.335340022296544,,0.06953446353746204,0.040041517702687116,-0.2686733556298774,-0.4154845654096029,0.13251835620651212,0.023780417483565908,-0.12205435743666629,0.07841463883442894,-0.334194441240918,-0.12277707300196056,-0.33896897704993656,-0.27001114827201783,0.22383423672778996,0.19267289432206974,0.14781839849306116,0.25503402145081305,-0.006212278476146542,0.21979779341098682,0.28130550109560604,0.2722946219198093,0.36271864067966014,0.19046630530888403,0.32956598623765043,0.25158958982047436,-0.17916426402183525,-0.05008265098220121,-0.29303040787298656,-0.26547495483027717
