,#10,#11,#12,#13,#17,#18,#26,#49,#50,#51,#52,#53,#54,#58,#101,#102,#201,#202,#301,#302,#401,#402,#501,#502,#601,#602,#701,#702,#801,#802,#901,#902,#1001,#1002,#1101,#1102,#1201,#1202,#1301,#1302,#1401,#1402,#1501,#1502,#1601,#1602,#1701,#1702,#1801,#1802,#1901,#1902,#2001,#2002,#2101,#2102,#2201,#2202,#2301,#2302,#2401,#2402,#2501,#2502,#2601,#2602,#2701,#2702,#2801,#2802,#2901,#2902,#3001,#3002,#3101,#3102,#3201,#3202,#3301,#3302,#3401,#3402,#3455,#3501,#3502,#3601,#3602,#3701,#3702,#3801,#3802,#3901,#3902,#4001,#4002,#4101,#4102,#4201,#4202,#4301,#4302,#4401,#4402,#4501,#4502,#4601,#4602,#4701,#4702,#4801,#4802
#10,1.0,0.18738694228179362,0.5264525177505598,0.5999139366797089,0.03011100574552351,-0.12428180956099738,-0.12680155232729562,0.5066547665532437,-0.19702444038919745,0.4061854027046195,0.23714110400114752,0.1452398218170517,-0.24748304632278526,-0.11694570838878308,-0.035429400186470526,0.054132234697861964,0.3003259249814725,0.10777040218664584,0.13329136418331486,0.10634238857589111,0.03563977719162636,0.1775629736470926,0.04422220274286989,0.29509518762600706,0.2583700563395995,0.19096813266501447,0.30865494186741466,0.3237988987082533,-0.20735682011969175,-0.007685135748950107,0.2082859852257967,0.2725354413534254,0.3393189841340675,0.12734343249209093,-0.1440094350899282,0.014208416673971424,-0.16662496314417996,-0.025120926933834838,-0.22845986500808835,-0.06537146682179315,-0.07340244961709791,-0.05314091274932464,-0.05441751866697479,-0.19633752759205986,-0.15974627258166055,-0.16048418586489652,0.1691447059104782,0.3181569699336197,0.04331375658424244,0.15611089418196017,0.26311788284232085,0.27249400345847047,0.2760959127891688,0.2255608061264334,-0.009733124018838305,0.20563714747906192,-0.31167193937317217,-0.06791989736152172,-0.22721194686386856,-0.1778036321908693,-0.19681087585366047,-0.11506665922909577,-0.095136625520962,-0.22054203954131438,0.18939668018710804,0.005751898572783271,-0.16059574942823673,-0.24340938249567692,0.12050299229414531,0.15807281913155735,0.2596100056578664,0.12333351927260557,-0.00798157607439696,0.019949158890420673,0.02537114806875503,0.04842814908079593,-0.18376909529918958,-0.1702938106128824,-0.2548844918678131,-0.1270406171058818,-0.23066563603184342,-0.019225589493899863,,-0.10600132282510817,0.0744017403915881,-0.11696802110145112,-0.11941763819936409,-0.07899178414044258,-0.03471220585071202,-0.05840352540860155,-0.10007411008136172,-0.23671238116488297,0.10910119612077553,-0.3425846090095546,-0.26576353305867445,0.04682800882945916,0.10534309780140091,0.35409637498107405,0.4860712891169744,0.32966076707918623,0.37903561268318336,-0.0004733482616006184,0.16963080429360342,0.22202902246412037,0.28681717122616324,0.4668791686920766,0.333208488393405,-0.07593813003530189,0.0021228952338451976,-0.29654392018423925,-0.3287284144427002
#11,0.18738694228179362,1.0,0.33366908653348104,0.18573420777916788,0.2694260054666146,0.044317828654304364,0.258102303787583,0.10735283570671533,0.38110431990054905,0.24459833132784548,0.3635888404561356,-0.011784299819107651,0.08537959502426508,0.22073647889456446,0.22745579293802645,0.11525631728677414,0.3351799759341456,0.10753452493844082,-0.12463881296368606,-0.07788252356780276,-0.005745523512020974,-0.02601981050131884,0.11072843038035206,-0.010332379730494307,0.0906916144044498,-0.1836479691447059,0.0529624110479803,-0.03730048052020496,0.12446031126234172,0.04866402632900095,0.038621711863191195,0.08170915379037207,0.0647132417980859,-0.02936990493190638,0.0036943477117516274,-0.06038935683605735,0.010887010016814223,-0.09061192614492107,0.006548781168070508,0.015317677246611257,0.1102008941022719,0.06094558088756784,0.03028153862091498,0.00500282893321327,0.014155822422682466,-0.04305078532779766,-0.11682139470391827,-0.08480424579046769,0.029605782180111406,0.06660185354891664,0.0806142371044474,0.16516507422961374,0.10807003004247384,0.20446573006398966,-0.07731833069033939,-0.03216058778060228,-0.10141127907625369,-0.23060985425017333,-0.08307660432388496,-0.07348691917219836,-0.16006661938496602,-0.11026145717951374,0.038679087410051875,0.15669421224171043,-0.1398688331248157,-0.05987297691431121,0.07593334873973018,0.2108694785997179,0.07462486751826854,0.13118918789694714,0.09105021157232905,0.12637442325622167,-0.28730964467005077,-0.3259042625250022,-0.16852791878172588,-0.1573954689255632,-0.1134856441600459,-0.07544087529584266,0.27530221772426267,0.14913976523838743,-0.07498824598171952,0.13655061399803967,,-0.07293388265106902,0.0269027564168971,-0.1504976531807569,-0.03985528612069584,0.02587318410378599,0.20326084357991536,0.01796970252372718,0.06585756520491835,-0.09085258468869781,0.014331136593645658,-0.16182613615536023,-0.14890070045980125,0.1862203061622931,-0.21001043916199827,0.05360788595016296,0.02106320075863223,-0.03848624182199237,0.10543712994764481,0.17923483333200518,0.061049175624955175,0.1158332602857621,0.11816015746400083,-0.06039095060124792,0.11784140442588593,-0.031352548828981024,-0.176426619066213,-0.18441775773175337,-0.13537122775701457
#12,0.5264525177505598,0.33366908653348104,1.0,0.5585397923323957,0.151613288814159,0.16854066890325048,0.045973750687311236,0.16758281602371522,0.0008972898022934281,0.5052458781247758,0.27546637553889186,0.12305620412944561,0.09740774091753061,0.10570169496928018,0.15023468192431208,0.13345711576313463,0.6466431320673525,0.5243662791160978,0.024628453489947327,0.036650224322450575,-0.07941731944632598,-0.05473945923547084,0.19974818509988923,0.14379268302401008,0.38603224186980534,-0.12940417088350373,0.30316760831626677,0.3107124927284463,0.12220832104806,0.08290288391811235,0.38142307293866395,0.41674728462255656,0.4463658169241926,0.09656942042728844,0.0838113300767398,0.003672034999083585,-0.06214568607607041,-0.09216744097092175,-0.24074938839260812,-0.05900915618101985,0.04017403915881073,0.015016455625592682,0.018326705926415863,-0.09666026504315119,-0.0036879726509893296,-0.17802197802197803,0.17194495135031757,0.257128513256142,0.1043645259743882,0.29361139223358224,0.35927611185044106,0.3798133700961837,0.27813752599829467,0.4028847149949398,-0.16252898660440357,0.10702930137302871,-0.3782100423144658,-0.2966220146785774,-0.20791782546677398,-0.07813752599829467,-0.1568759014734359,-0.2194232163775311,0.04418235861310553,0.08058714309620764,0.28392608117046114,0.08372686052163934,0.04110957932567795,-0.03508833443568759,0.010421630581166477,0.10922550980564033,0.299683637609671,0.25257831363705185,-0.26607431727083647,0.04782729960394935,-0.3194782012766059,-0.17554048562025357,-0.39062547314904095,-0.2516858051303302,0.10964945134633315,0.15216632533528834,-0.04601837611264732,0.1193172309923579,,-0.13349217859732726,-0.07766258397150348,-0.21513758178007633,-0.18471419805720024,0.11133724868315151,0.18185976460088135,0.02597359131079218,-0.03654662958506323,-0.12775621767644973,-0.0024990238188207733,-0.3385348516603049,-0.28899425447648797,0.4603415438803401,0.023307222146961088,0.5751340754966571,0.5198718612786778,0.4077010734008559,0.48933213269688974,0.38050028289332133,0.38921658472057313,0.472162500298831,0.42274940433026004,0.4258986843468352,0.38524332810047096,-0.17613655380152843,-0.12010455099650169,-0.3846520412147678,-0.3356294177178876
#13,0.5999139366797089,0.18573420777916788,0.5585397923323957,1.0,-0.028735586386057742,0.03200599255711656,0.013516722581262103,0.23603503095888884,-0.043186255368996486,0.6002948465602562,0.11843587884197021,0.09314920032831563,-0.10232769406083402,-0.10786921562846145,0.20592880650893705,0.08301922877702428,0.3998007793511782,0.3704930312617042,0.2568145415135988,0.09350779749619488,0.10290463705982197,0.1523129517328212,0.1821880802301397,0.15250739108607128,0.2430475977974165,0.1435408681238993,0.16150419558686419,0.17371881200742695,-0.09523703272796818,0.10035461275490282,0.25872865350747876,0.2973854282048626,0.3890827084445649,0.12486990891631936,-0.08075608220640854,0.007599072428659086,0.0161703416235686,0.07885153280367203,-0.15604395604395604,0.06068420339631362,-0.18334834128887792,-0.029867159671365617,0.0039366000207189476,-0.06544637378575015,-0.1560152682705257,-0.185640175632924,0.16876220226474034,0.3964522786857812,-0.0520635274804963,0.026467658519870266,0.16286208352923365,0.21210464662241313,0.0827498824598172,0.1313485644160046,-0.005793336467738208,0.11360517654933898,-0.3100383300528333,-0.15232729561953637,-0.25070563953812686,-0.2771222975718987,-0.22195570926535393,-0.22358772482050218,-0.07219915689821418,-0.11579022862561658,0.16594761293818583,-0.09795121484751651,-0.09844209452621346,-0.10509128290129015,0.1879240411510172,0.212187522412323,0.2959781335415853,0.18329574703758894,-0.0023555849516690708,0.0819259058562902,-0.11157312593135653,-0.1324976691184088,-0.24878196495310345,-0.18822207524165466,-0.10193403405876213,-0.044285953350492874,-0.24330738152348014,-0.02824630047255138,,-0.14379905808477236,0.030362820645634277,-0.24145383260684203,-0.22381563324275436,-0.09868434683518078,-0.10946457458422651,-0.0170819753125772,-0.037177760600530727,-0.3177760600530724,0.0027763389619807313,-0.3871255647905394,-0.2647084605025142,0.15256476663293198,0.16202854433456318,0.3674744399907562,0.39886842671469214,0.2519790579253959,0.3133358302321319,0.07933763118679725,0.34830781980890757,0.39977846663851013,0.30628341926383984,0.2936719553108241,0.2348572384830543,-0.18674784244037326,-0.17217445353776029,-0.19685231374861542,-0.21192773868625936
#17,0.03011100574552351,0.2694260054666146,0.151613288814159,-0.028735586386057742,1.0,0.45293531703974055,0.34315039565220856,0.28459386878531184,0.05716357609033461,-0.020669540756560335,0.2971272382439895,0.546145080445298,0.44306194168413165,0.21802070300982557,0.031502362756895025,-0.010818478113619521,0.08606969535178383,0.04875008964929197,-0.18534532907266774,-0.05192168237853517,-0.24918359378112823,-0.34321255249464094,0.11425383898190279,-0.08770967973288496,-0.02845667747770721,-0.2656631258516683,-0.29213715943230084,-0.18377228282957073,0.25284128489349667,0.2812883997800604,0.2941883352325702,0.011567547753189522,0.17509104383651156,0.043329694236148186,0.3958179601399326,0.12347377060937612,0.26628469427599233,0.10130768433886636,0.014498481938655978,-0.061954434253201476,0.16286048976404308,0.28555650296041885,0.30072755380949723,0.18917833435599932,0.08053614261010925,0.10274366677557395,-0.06696204448198646,-0.0391333104893656,-0.24806955191291666,-0.12936592051892995,-0.18774713321486344,-0.19056809760218027,-0.23499270852425314,-0.05991441480926615,-0.31293420140410716,-0.14968802046394505,-0.3081034991114759,-0.23450661014112792,-0.09128927635091522,-0.08074651961526508,-0.14387077751834823,0.016646877415550366,0.37262548908669285,0.33927435870873146,0.028789774402537275,0.05618181673294074,0.3732550263369698,0.37668162149670487,-0.12514084899871702,-0.01890683645578497,-0.11372630270382264,-0.2250970204559762,0.024791017539385923,-0.02929340420275881,0.1651252300998494,0.15171688355154636,-0.05225956059893696,-0.11490090764927603,0.34855007211787487,0.3288830096661859,0.4632692905354254,0.49777430691136276,,0.49140402744463657,0.5943054769740774,0.03296862673222354,-0.10617823076126194,0.26764576974874293,0.306050729546016,0.4222409932344668,0.35947055120369115,0.20725163161711385,0.11311748440102319,-0.06482002406585438,-0.14054140203523816,-0.012702308568878547,-0.2880762457267171,-0.05775645674122831,-0.15626708317063648,-0.026627035038927716,-0.12494640964546694,0.15734128090908367,0.14304998844520236,-0.06153846153846154,-0.09962148076723856,-0.048930185115826884,-0.009490871709870985,-0.14329861581493197,0.10891791312385946,-0.07954322689638135,-0.1288814159009953
#18,-0.12428180956099738,0.044317828654304364,0.16854066890325048,0.03200599255711656,0.45293531703974055,1.0,0.30257154013499193,0.04561515351943198,0.09318745069288942,0.11973160994190726,0.29501549936647836,0.35126106670704205,0.6380734566376336,0.23507877184454415,0.31590338595414735,0.10308313876116632,0.2611718955446294,0.23652112934201405,0.010705320785088733,0.12237088509749859,0.004379666743698651,-0.1594307070739268,0.21383228808899585,-0.06970810190534628,0.1938942855549092,-0.12993330092677446,-0.19213158125413382,-0.13153822247368296,0.5844321016184686,0.3517790403939788,0.2436914789344086,0.04351297723306425,0.027396823625975186,0.06210584194630605,0.4188861175083075,0.26460964706069856,0.3968618763397589,0.21709791296448294,0.12846863071663653,0.03669963104335838,0.12843516164763447,0.294151678633187,0.16947461530492713,0.2029341217158476,-0.045562559268143024,0.20768513574895012,-0.2251225206990254,0.008023013969351895,-0.2577883320450398,-0.16604005131923913,-0.18974730852903443,-0.10141127907625369,-0.20113794834607018,-0.11435424618890899,-0.05436173688530469,-0.08414602076676043,-0.30446174565101325,-0.11630182725179099,-0.19534142434795082,-0.21820398600674162,-0.20343775151606913,-0.2439161998262796,0.41650981360916095,0.2623576568464168,-0.05233128003251281,0.07401923674585023,0.5701710906932081,0.2570631688833284,0.17178876236164126,0.07283347544406282,0.03457354827913203,-0.09251010048689527,0.14901385778833204,0.07632382121142092,0.024319263042975877,-0.05307238084612994,-0.18418666177912008,-0.1949605144674035,0.40239383531624284,0.4547123652272311,0.4503247296575795,0.3884244834208576,,0.20549530237710079,0.18795272892444756,-0.1853708293157169,-0.2705512036911602,0.26732064164986574,0.267765302138036,0.20405453864482145,0.08054411143606212,0.048391492481412716,-0.004693638486241822,-0.20306640422666528,-0.10017132975798676,0.28263513136609586,-0.058175616986349404,-0.06621138107722589,-0.08634382296456262,-0.08193706221262421,-0.1301994597136004,0.2255241495270502,0.14077409175306202,-0.05966738120472711,-0.11473356230426571,-0.08281363306744018,-0.12335742575046418,-0.24714835563276463,-0.06604722326259672,-0.24882180908286783,-0.16538023253034131
#26,-0.12680155232729562,0.258102303787583,0.045973750687311236,0.013516722581262103,0.34315039565220856,0.30257154013499193,1.0,-0.026537784188255545,0.19773525966419367,0.33146809680529765,0.4129238419303684,0.09575819394528604,0.4415303333359896,0.5252747252747253,0.4294639370781503,0.1824383013650599,0.3603726223015563,0.05566224928081346,0.03610356286208353,0.13849819506092167,0.016060371825418963,-0.10543872371283539,0.13264907681151336,-0.14706468296025946,-0.015663524292965917,-0.38061822151742386,-0.15332339886364543,-0.15037333949589207,0.49853772043764794,0.37879176660902547,0.24882021531767726,-0.004854608770489844,0.04502546039891943,-0.07333073018352206,0.4377913601989019,0.07386464152236451,0.4397006908972101,0.08635976061646837,0.14206344779223676,0.025442867502330883,0.11271585557299843,0.025106583047119668,0.3415566304616341,0.25295284845683685,0.24939078325590291,0.022129429671126553,-0.11543163145773733,-0.001550733530428962,-0.21546749117452527,-0.01648750089649292,-0.2657444078763876,-0.03668688092183379,-0.24816995911992287,-0.02395269704914375,-0.17085800349034577,-0.14667899178414046,-0.26912319008040547,-0.26619703719051074,-0.20025659619568248,-0.07475077496832391,-0.1397572695614755,-0.06242618874961152,0.3531130218584896,0.5756313302361163,-0.08620994668855438,-0.062118592067830644,0.3786483277418738,0.6451943995091203,0.02792595366924591,0.13335033349536612,-0.04461905027532294,-0.050555825610212844,-0.3096637952330483,-0.3570320904621122,-0.1838551586194806,-0.15887926431798802,-0.2383523655459841,-0.2235494744559284,0.6667660113635459,0.42212146084517366,0.2736383268653029,0.31330714245870156,,0.06094239335718669,0.20647706173449465,-0.26178708890819113,-0.17499541792507708,0.061340834654830305,0.1621847333232395,0.36333065049526253,0.4607001410482194,0.0006231621895146189,-0.1270198981584043,-0.1924264278143901,-0.20365450358198728,0.17040537417622262,-0.17900851867494363,-0.09451346333144738,-0.16158866514196463,-0.2076596355059009,-0.1270406171058818,0.2181306728079752,0.18146769836400004,-0.02561977543848465,-0.1046322785264047,-0.19348309413574097,-0.11891400839914255,-0.17471491525153598,-0.0870450796484154,-0.19230052036433473,-0.11708436596036306
#49,0.5066547665532437,0.10735283570671533,0.16758281602371522,0.23603503095888884,0.28459386878531184,0.04561515351943198,-0.026537784188255545,1.0,-0.050088852409374524,0.1980460438763557,0.3062069185346923,0.32061774338786664,0.03372407143255584,0.04603112623417192,-0.247199356118863,-0.13161153567244938,-0.005463427073289292,-0.11889807074723681,0.07430930201053479,0.07700914024336794,-0.11283538796229152,-0.06440564511630502,0.002200989728183347,0.028474208894803527,0.11157153216616596,0.07914478559873774,0.030638542023603662,0.090428643148005,-0.10362980022153336,0.06554996852313749,0.18174820103754113,0.13206416498657253,0.3269513662552096,0.2073424762329766,-0.07182940337400091,-0.06496027540262493,-0.08963972937867064,0.06392273426356095,-0.19498920224083385,-0.04689335320227271,-0.020151567069623632,0.05203005841149423,0.012211428890181609,0.053007036473316387,-0.2735554510753931,-0.14168253791168947,0.25057973208807144,0.2470431671301867,-0.01884946090892429,-0.018090828678210838,0.04683279012503088,0.0546167393157966,0.07403039310218426,-0.022389213397190192,-0.10882547474280614,0.05896612452087434,-0.2961024472264501,-0.13040824295356565,-0.2973886157352437,-0.21723657053606293,-0.21121532564607257,-0.17477547832877782,0.10416211779518524,-0.03950943907434118,0.15777956633649165,0.03748376351712102,0.03241718397628477,0.05360151088940066,0.04235590370470719,-0.03236140219461467,0.21455585748551667,-0.05244124983066245,0.19364247065479842,0.012370805409239056,0.2847771517822279,0.24730932591701266,-0.131635442150308,-0.17823873008789615,-0.19348468790093157,-0.13224585421829801,0.043473133103299894,0.2075863223071345,,0.31695527097992654,0.355122759763804,0.06764895727912407,-0.09012264023141471,-0.0925579134426125,0.0005147861565555547,0.053897951214847514,0.08777024281012678,-0.18192829650407605,-0.14030393102184255,-0.1706316888332842,-0.19761094597932888,-0.18973296464231926,-0.042950378120791464,0.15377921570814973,0.20593040027412762,0.2820263130632964,0.1328530787559069,-0.11379483460701735,0.010000876570854815,-0.002873558638605774,0.1977591661420523,0.32858497557554844,0.31672736255767436,-0.11890444580799911,0.15168022695216313,-0.24027444636581693,-0.35046099658137364
#50,-0.19702444038919745,0.38110431990054905,0.0008972898022934281,-0.043186255368996486,0.05716357609033461,0.09318745069288942,0.19773525966419367,-0.050088852409374524,1.0,0.03233590195156547,0.22539664831180423,0.04566774777072094,0.16552685892787417,0.11379324084182678,0.13017395947055121,0.09060076978858704,0.00642127995282455,-0.05850712014598889,-0.19241845898843724,-0.20495979727306776,-0.04979400584911825,-0.11862075560407685,-0.07705695319908518,-0.004998047637641547,-0.1834312170787878,-0.32525560009243837,-0.10515503350891313,-0.242929659173314,0.137702906230825,0.07750161368725546,-0.1135669261847652,-0.17730797121660066,-0.21282184095817164,-0.361489851700149,-0.057944521033716105,-0.01709313166891122,0.05575150013148563,-0.15161807010973075,0.037427981735450915,-0.017493166731745412,0.1776936623927197,0.07603375594673636,0.17489819824845207,0.006531249750974189,0.12876666480727395,0.17028584178692954,-0.2176238554773725,-0.3118998477954243,0.09015610930041677,-0.015510522834670769,-0.20083194542947988,-0.1526938616133685,0.018859023500067736,-0.012053646136314737,-0.06381276446541131,-0.02524683438389022,0.16676840201133167,0.008513893648048833,0.08254428675023309,0.07224218855835969,-0.02306975113356549,0.062070779112113415,0.042754345002350806,0.1851461084238459,-0.28573022336619147,-0.056977105563037395,0.09026129780299469,0.19511351592569867,0.0746519615265083,-0.06930328554694037,0.12477109547450374,0.15171210225597462,-0.12306257919020791,-0.08494927842280997,-0.012206647594609887,0.09938082222346181,0.08873925204599606,0.15474981870920956,0.18832407621385142,0.11868928750727155,0.22148554853413446,0.23084573149837834,,0.10770665157902286,-0.02947190590410315,0.010493350014742327,-0.022237805704085616,0.06566312585166828,0.19436125875574753,0.1923260206073839,0.05673644701926065,0.03220521320593837,0.09024854768147009,-0.04028719648734152,-0.07861565555546701,0.12282032688124059,-0.28131071249272843,-0.1276207476352509,-0.2213341408410299,-0.23754273282917227,-0.19745475699065257,0.029816159185267234,-0.23803201874267865,-0.10168381292384193,-0.14849110280582362,-0.29674792212863277,-0.29643076285570846,0.046499693200200816,0.1894859310377802,0.008966522962171984,0.015347958785232171
#51,0.4061854027046195,0.24459833132784548,0.5052458781247758,0.6002948465602562,-0.020669540756560335,0.11973160994190726,0.33146809680529765,0.1980460438763557,0.03233590195156547,1.0,0.3468989313804397,0.14413215500960244,0.16412275179497804,0.16632533528835197,0.3231008295547817,0.08680442110463865,0.6018216736128266,0.275469563069273,0.04438157926192734,0.06774617695574911,0.04630366008176016,0.012329367514284121,0.15526938616133684,0.06766967622660154,0.1640749388392608,-0.11275729346795337,0.2255416809441465,0.16282542692985041,0.1889488321685566,0.16055112400290064,0.3225796683374638,0.22236052562375985,0.26960928846353066,0.09678617249320658,0.14811656798603862,0.07852162340922311,0.17338890261297804,0.03640637824829268,-0.11968060945580887,-0.06279116097825307,-0.09289419789782372,-0.04363729091792906,0.0994190725880356,-0.05161089816637315,-0.02108073217572855,-0.1988827706014073,0.0843548040067257,0.27054482863039786,-0.023772601582608834,0.19295077656208912,0.07931372470893863,0.2850783734032465,0.08934169528803321,0.1791965829674314,-0.006287403676816294,0.06606316091450247,-0.24596578186135837,-0.16975830550884938,-0.3133788618922774,-0.18610555506857174,-0.20304568527918782,-0.2818860617265258,0.11846456661540056,0.1666982763429464,0.1086533481022241,-0.09192837619233558,0.06490768115133598,0.17419694156459928,0.05446373785750146,0.10921275968411574,0.15220138816948098,0.10981520292615289,-0.13219963502777135,-0.04656503757301437,-0.15166110176987624,-0.042543967997194974,-0.2596992565085386,-0.20595111922160508,0.2407318569755118,0.09257385109451824,-0.12203619440747794,0.07622182023922415,,-0.21366813027436668,-0.03336706802986716,-0.27900772179234834,-0.23537202463960985,-0.09024695391627952,0.009317151304098367,0.13335352102574727,0.12392321239311813,-0.24843293037636766,-0.13567723067360485,-0.4013897632461809,-0.275083871893154,0.2652136840679263,-0.07260875455219183,0.2779128051064237,0.27675891910844774,0.13613942257887146,0.1952983926878053,0.1898907473961861,0.3594498322562137,0.2770346404864171,0.16316808644582392,0.12469140721497501,0.17815904182836742,-0.182804867358892,-0.13296782984962827,-0.3023213190000717,-0.23523655459841103
#52,0.23714110400114752,0.3635888404561356,0.27546637553889186,0.11843587884197021,0.2971272382439895,0.29501549936647836,0.4129238419303684,0.3062069185346923,0.22539664831180423,0.3468989313804397,1.0,0.23651794181163288,0.2858035365649579,0.38784754042186964,0.24286750233088159,0.12789965654360144,0.5080795926336172,0.07308050904860187,-0.12338451975870394,0.0253169600522755,-0.07805146267800366,-0.07742830048848903,0.19848114177338252,0.17059662599909156,0.22046713257735737,-0.1387324785439361,0.01852592657523767,-0.12204894452900254,0.3813131031405143,0.21320912589948124,0.32396465028807303,0.12480137701312466,0.039758066444070796,-0.15527257369171799,0.20161289037286137,0.027019101275809036,0.21909171321789161,-0.03569077767772474,0.045188024448358025,-0.13583341966228116,0.1626086748639323,0.21220346006422874,0.12126003075966818,-0.029145184040035382,-0.08443608603144499,0.019123588521703098,-0.10959048203428189,-0.17019180964068564,-0.09313326267640988,0.04308903569237144,-0.11580138498195061,-0.022586840280821426,-0.036471722621106234,0.0931571691542685,-0.09622676091131493,0.09730255241495271,-0.1857405828399302,-0.13617607917825467,-0.33875160372622304,-0.3281403150873782,-0.12548988357545282,-0.11301388966363586,0.3008630238506961,0.24302209755436732,-0.16439050434699456,-0.20916733737618437,0.3670520922152539,0.25879081034991114,0.08551347130027333,0.15139972427862203,0.05451792587398099,-0.03968156571492322,-0.13454246985791582,-0.2970682689319383,0.05927212743746464,0.05536262142498546,-0.06085154874132394,-0.05678425997497789,0.3598865239184311,0.3345504386838687,0.13868466558821888,0.19174589007801482,,0.0039557252030058415,0.09395564551474632,-0.08996166994716669,-0.11324657938145972,0.1453641355019165,0.20775207388695424,0.1310967495158938,0.03344038122863358,0.003287937588155137,-0.11718636693255982,-0.2983321247280638,-0.3601255886970173,0.2484281490807959,-0.09491668592466272,0.10130290304329463,-0.01959056172254142,-0.006685844974459913,-0.014057008980866849,0.392584210568257,0.11349680051637992,0.04444851739993147,-0.021570018089234914,0.03774673477356581,0.005699304321494314,-0.03049510315645196,0.009635904342213262,-0.36619942783829657,-0.35397206129620923
#53,0.1452398218170517,-0.011784299819107651,0.12305620412944561,0.09314920032831563,0.546145080445298,0.35126106670704205,0.09575819394528604,0.32061774338786664,0.04566774777072094,0.14413215500960244,0.23651794181163288,1.0,0.358793200997697,0.08948354038999434,0.08343360772657364,-0.18094334961630104,0.12542613296782984,-0.04447242387779009,-0.17431647395389238,-0.17676768481699592,-0.1217142538389819,-0.3677342237168198,0.06019013618723554,-0.01598227733108081,-0.015284208177609193,-0.08031620301380997,-0.22571380758472853,-0.2815704962187921,0.22153814278542341,0.2544972069265035,0.36754456565914145,0.05955422387619632,0.20228545928328379,-0.041531927101180185,0.2660934424531234,0.18274111675126903,0.21629943660400514,0.002097394990796006,-0.1946800117938624,-0.24478480185514268,0.052246810477412364,0.22170389436524318,0.2680155232729562,-0.08990907569587772,-0.03843046004032226,-0.10224959956649587,-0.038331646598506644,-0.11366573962658082,-0.13313039389906686,-0.24097251551928855,-0.23698650877766178,-0.28644263640637824,-0.2045948250444262,-0.2685940600371347,-0.20115229223278536,-0.23466758042537592,-0.13280685956538024,-0.1923515208504331,-0.12317733028392927,-0.25616109778546325,-0.06224449951788603,0.04468439464813649,0.29412299085975663,0.15643761604602793,-0.1303875240060882,-0.21717919498920224,0.2751651539178733,0.18372128234347235,-0.03424682641506427,-0.11566910247113293,0.16117109866203413,-0.1034528922853796,0.25155352261951247,0.11276366852871567,0.23293675142841205,0.23123779773525965,0.05174796197276255,0.0928702914199651,0.023162189514618813,0.028918869382973805,0.3519639171560854,0.31245766561212535,,0.6581182414394887,0.5305803695941477,0.27320163520308555,-0.05104511152371921,0.2003251280988772,0.11256444787989385,0.4363314712843357,0.14247304544621442,0.21705488130433742,0.2259162157639315,-0.07297053925045223,-0.15187785383579439,-0.03022735060443545,-0.23951581413510348,0.04935890795209142,-0.06755811266326132,0.11596873032696092,-0.14516172732271354,0.12054761771948139,0.03479986293619361,-0.1132545482074126,0.005398082700475739,0.1416490688426874,-0.07826343344835006,-0.017099506729673516,0.19370462749723083,-0.06478655499685232,-0.040948609041429926
#54,-0.24748304632278526,0.08537959502426508,0.09740774091753061,-0.10232769406083402,0.44306194168413165,0.6380734566376336,0.4415303333359896,0.03372407143255584,0.16552685892787417,0.16412275179497804,0.2858035365649579,0.358793200997697,1.0,0.43282359409988125,0.19147654376080772,0.031704770936097984,0.27121580377562976,0.05872705974228817,-0.07829212122178039,0.025978372606363903,-0.056777884914215586,-0.2525002191427137,0.25220377881726685,-0.10996342308887631,0.10226394345321103,-0.300016734534501,-0.09294838591430325,-0.16857891926782428,0.5867781239789942,0.40652487469021187,0.2467180390313095,-0.022875311780315405,0.06964594506291388,-0.004950234681924312,0.29128290129015294,0.09025970403780412,0.40487373395277676,-0.01816254811178669,0.10532875391468575,-0.0858529432858657,0.17695096781391198,0.22246093283076604,0.308972101140339,0.22951812509462982,0.06953119396919252,0.10497812557275936,-0.06957103809895689,-0.012665651969495335,-0.1013491222338213,-0.038192989026926666,-0.20564033500944306,-0.06938775510204082,-0.1087282550661811,0.033948792324426845,-0.11573763437432763,-0.14867119827235853,-0.173816031684052,-0.20709544262843754,-0.16114878594936607,-0.12698961661978342,-0.1163639840942234,-0.1386272900413582,0.30440277633896196,0.48750408402330087,0.0487229956410522,0.12806700188861175,0.379434053980827,0.5364342691391277,-0.07021173170556781,-0.0719298105810071,-0.042631625082676566,-0.10039764441504834,-0.03102263943453211,0.029873534732127914,-0.09762608674863932,-0.017066037660671454,-0.13315589414211604,-0.16002199395962993,0.5742909737108431,0.3746910087736774,0.5497453960108057,0.43515049127812,,0.3133772681270868,0.2257966833746384,-0.14119165823299254,-0.1619902939699894,0.2436022280837364,0.37000215158300725,0.31987983010463067,0.2996932002008144,0.030930201053478792,-0.18420259943102582,-0.09846918853445322,-0.10610969885806724,0.2014359824367076,-0.20797520101363465,-0.09953063615137582,-0.09188534453219008,-0.02200352222107117,-0.1531241782148236,0.21436301189745716,0.1278518435878842,-0.07964363410338755,-0.1174620883105292,-0.04339025731339002,-0.06079098566408211,-0.13735865294966093,0.1149901584999482,-0.17469897759963024,-0.10437886986110337
#58,-0.11694570838878308,0.22073647889456446,0.10570169496928018,-0.10786921562846145,0.21802070300982557,0.23507877184454415,0.5252747252747253,0.04603112623417192,0.11379324084182678,0.16632533528835197,0.38784754042186964,0.08948354038999434,0.43282359409988125,1.0,0.19748185099889234,0.11031723896118385,0.3391404824327232,-0.047051135956139585,-0.05057813832288089,0.19723162986397214,0.027831921523002016,-0.13944807911450405,0.21988381451760713,-0.1414323167767693,0.10824693797862761,-0.2524269059439473,-0.06569340739028919,-0.1340515901792189,0.43913809178493735,0.3056698196654687,0.133422052928942,-0.03718094813091187,-0.07583294153272398,0.04836917976874467,0.2591318761006941,0.045739467204296794,0.16514116775175514,0.021724613312720638,0.010679820542039541,-0.1039517407900294,0.1835045302775542,0.031067264859868195,0.08119755516419766,0.12701033556726088,0.04897002924559125,-0.02563411932519982,-0.013876913514331934,-0.009906844424610923,-0.18036003155655078,-0.008423049032186087,-0.16061328084533305,0.01010925260381388,-0.18890101921283936,-0.03230721417813513,-0.11495509566575557,-0.19039278343121707,-0.2207476352508985,-0.16534038840057694,-0.17516116950489685,-0.22972690833459505,-0.0794412259241846,-0.060588577484879155,0.45322219477404396,0.41360119213636254,-0.07669516850082478,-0.0937564248659245,0.5022097554367315,0.5656814541513598,0.0002741276127788093,0.1811505390910757,-0.01185123795711178,-0.15254086015507334,-0.1567579628493334,-0.18060069010032753,-0.11010048689526572,-0.09393652033245942,-0.18024209293244825,-0.13111587469818073,0.570550406808565,0.42285618659802854,0.13133262676409885,0.22181227039820223,,0.09752408577644256,0.09775677549426642,-0.15596904907999903,-0.0910470240419479,0.07895512754105938,0.19501948377945477,0.10032433121628191,0.2200160970284248,-0.013432253026161656,-0.1925332100821586,-0.11333742399732248,-0.09611997864354645,0.03789973623186096,-0.02231430643323319,-0.09873215979089801,-0.01693694268023492,-0.1293452015714525,-0.113766146833587,0.3579819745156946,0.06440883264668616,0.01969096892954761,-0.06488218090828678,-0.1122249758943015,-0.06606953597526477,-0.1058562901927659,-0.0006311310154674912,-0.18470782299643793,-0.11077146204049758
#101,-0.035429400186470526,0.22745579293802645,0.15023468192431208,0.20592880650893705,0.031502362756895025,0.31590338595414735,0.4294639370781503,-0.247199356118863,0.13017395947055121,0.3231008295547817,0.24286750233088159,0.08343360772657364,0.19147654376080772,0.19748185099889234,1.0,0.4639243280287515,0.3601925268350214,0.08273553857310202,0.26768880140888845,0.20988612547713345,0.41616237279761575,0.22369131955788954,0.2528667851365458,0.005114392496553483,0.2911713377268127,-0.08419542748766824,-0.22332156603367626,-0.28898309812015394,0.566722182820805,0.422727091617592,0.03726860521639347,-0.014453856513319893,-0.20970921754097968,-0.04642159870586267,0.24796436341033876,0.20695997258723872,0.5564216783941222,0.22499023818820774,0.37526476424228417,0.05806564718819976,0.04198136888492218,0.19937683781048537,0.26564240690419083,0.19626421439329345,0.1290933866713417,0.02526436580098654,-0.4591541888133621,-0.09781415104112712,-0.4163998438110113,-0.21449529440827483,-0.2901624843611791,-0.060496139103825834,-0.22129907800683726,-0.09296113603582784,0.230891950688905,0.15507335304289618,-0.10871709870984708,-0.00933946401676641,-0.3299173632748687,-0.32737212026552126,-0.2800898883567484,-0.19873614420387445,0.19066850480918646,0.32073568201196917,-0.3689901106869925,-0.2700523551865104,0.2681063678888189,0.2822605965463108,0.4117938624102511,0.291541091251026,0.08584178692953168,0.0267465674282208,0.024293762799926687,-0.17578433169441146,-0.14496250667389174,-0.2816772784865606,-0.10936735490760147,-0.16478575811425702,0.49619966690307515,0.41017459697662745,0.0034744081154523504,0.12604929515734448,,-0.105837165010479,0.04169130362023763,-0.38402091019930035,-0.30742136760991,0.2386408370454781,0.09688020463945048,0.2770920160332778,0.16578823641912838,-0.1323669803727817,-0.04567252906629266,-0.4014678577405191,-0.2884173114775,0.3157615408521863,0.088855596904908,-0.2695487253862888,-0.21759676146913276,-0.3167257687924838,-0.245701216839723,0.1028472615129613,-0.00016097028424802174,-0.1290631051327208,-0.1814756671899529,-0.30270222888061904,-0.3209269338348381,-0.17325183880658862,-0.1545171289913857,-0.35611567547753187,-0.08806349560519248
#102,0.054132234697861964,0.11525631728677414,0.13345711576313463,0.08301922877702428,-0.010818478113619521,0.10308313876116632,0.1824383013650599,-0.13161153567244938,0.09060076978858704,0.08680442110463865,0.12789965654360144,-0.18094334961630104,0.031704770936097984,0.11031723896118385,0.4639243280287515,1.0,0.10567938225661214,0.09579166301428811,0.40740782060579017,0.5395947055120369,0.07690395174079002,0.5165743610993793,0.1768378104853812,0.21853548916638113,0.2006295372502769,0.16750790905975824,-0.26470527297213303,-0.0537178557483126,0.27565284606618906,0.4405645116305015,0.002049582035078772,-0.08872650192447147,-0.199325837324387,0.08244866083879862,0.23066404226665285,0.1956123644303485,0.20717513088796627,0.3736566551649945,0.23317422244180766,0.27384551634007764,0.08049948601072604,0.2568161352787894,0.15578257855270183,0.40531998820613757,0.061490648582744306,0.2525687510459084,-0.3549665707751277,-0.05438404959797273,-0.4049199531433034,-0.1681023834758425,-0.26454270892269444,-0.14146578584577135,-0.23373204025850872,-0.05395692052689877,-0.11112209038242396,0.22827180071560058,-0.2399078803719848,0.29568806827690075,-0.2530883184980357,-0.11662536158547761,-0.3799121835379993,-0.2072994445728311,0.34614189291491687,0.3735674043143224,-0.026298719409669373,-0.020725322538230444,0.3341392472647005,0.30486656200941914,0.40064547490218266,0.47855190494784405,0.09038083019228776,0.06930328554694037,-0.06392273426356095,-0.0691455027930735,-0.03238849620285443,-0.11748280725800668,-0.0848409023898509,-0.14361896261823745,0.4243336069296911,0.5874745993672752,-0.016492282192064642,0.21149582831961367,,-0.17465275840910358,-0.03713472894038521,-0.5315653164819227,-0.33334395843460385,0.041461801432794904,0.06922678481779279,0.136279673915642,0.23082182502051973,-0.15339511829722127,-0.08184781136195204,-0.44175346046267006,-0.3744296312824232,0.08601231980492315,0.22520699025412586,-0.2868825155989768,-0.11022798811051168,-0.2833921698316187,-0.23529233638008112,0.04432739124544781,-0.028837587358254507,-0.14895010718070906,-0.3360278590155312,-0.28893847269481787,-0.348852887504084,-0.1889679573508435,-0.15478169401302105,-0.31390799193554814,-0.15893026480408642
#201,0.3003259249814725,0.3351799759341456,0.6466431320673525,0.3998007793511782,0.08606969535178383,0.2611718955446294,0.3603726223015563,-0.005463427073289292,0.00642127995282455,0.6018216736128266,0.5080795926336172,0.12542613296782984,0.27121580377562976,0.3391404824327232,0.3601925268350214,0.10567938225661214,1.0,0.4798763238212114,-0.08710086143008551,-0.025230896731984476,0.07406864346675804,-0.06511965192168238,0.26982763429463935,0.15716118544254876,0.3369920869558288,-0.18105013188406952,0.28252675533313676,0.10562360047494203,0.4088533656336412,0.2070492234379109,0.3822311118902852,0.3038322084007363,0.26216321749316673,-0.019938002534086653,0.1884611400202408,0.01184805042673063,0.15984986731904788,-0.08767621066388288,-0.07640988453171195,-0.03523814836360159,0.054999242961534474,0.015056299755357043,0.0785040919921268,-0.17314186900843898,-0.030934982349050514,-0.1568950266557228,0.06337926033357505,0.10085983632031492,0.022218680521798723,0.18615496178947954,0.18142466670385451,0.267454517925874,0.1479555977017906,0.2865701376216242,-0.017913920742057072,0.10385452111340436,-0.2842416466781949,-0.29159209173712436,-0.319436763381651,-0.24798986365338796,-0.11018176891998502,-0.20421710269426005,0.134118528317223,0.24421423391691702,0.05621687956713337,-0.13511144403095093,0.18332602857620986,0.1393588282638319,0.07419295715162286,0.14240291977782912,0.23693869582194454,0.13963614340699185,-0.29279697822119866,-0.17735419040712733,-0.2874881463713951,-0.22203539752488266,-0.31129581078819657,-0.16299914733562304,0.35431631457737334,0.23450501637593732,-0.0582696491325933,0.035080365609734716,,-0.14877638677493646,-0.15370749627457386,-0.24293762799926688,-0.1855700499645387,0.18213389221366016,0.18641633928073376,0.014312011411358764,-0.055088493812206644,-0.18812804309541076,-0.09758783638406554,-0.3738654384049598,-0.2968658607527353,0.5007403039310219,0.021592330801902957,0.3708388783080589,0.3296304855405653,0.20811704611559578,0.3600698069153472,0.5914096056228036,0.39937365028010424,0.4000063750607623,0.2686960610093315,0.2280088294591558,0.2533226019810501,-0.15080365609734717,-0.1792029580281937,-0.3521679191004789,-0.266128505287316
