,#10,#11,#12,#13,#17,#18,#26,#49,#50,#51,#52,#53,#54,#58,#101,#102,#201,#202,#301,#302,#401,#402,#501,#502,#601,#602,#701,#702,#801,#802,#901,#902,#1001,#1002,#1101,#1102,#1201,#1202,#1301,#1302,#1401,#1402,#1501,#1502,#1601,#1602,#1701,#1702,#1801,#1802,#1901,#1902,#2001,#2002,#2101,#2102,#2201,#2202,#2301,#2302,#2401,#2402,#2501,#2502,#2601,#2602,#2701,#2702,#2801,#2802,#2901,#2902,#3001,#3002,#3101,#3102,#3201,#3202,#3301,#3302,#3401,#3402,#3455,#3501,#3502,#3601,#3602,#3701,#3702,#3801,#3802,#3901,#3902,#4001,#4002,#4101,#4102,#4201,#4202,#4301,#4302,#4401,#4402,#4501,#4502,#4601,#4602,#4701,#4702,#4801,#4802
#10,1.0,0.3393687771498866,0.16520970284088726,0.24064121785261217,0.18691423519009726,0.32931995540691195,0.056202667896820824,0.7290893015030946,-0.025748664129473724,0.34809518317764193,0.33713912274631913,0.3491715680621228,0.34033752354591934,0.13644716103486718,-0.24663821935186253,-0.2773613193403298,0.18496905393457116,-0.10893015030946065,-0.18709106984969054,-0.198508438088648,-0.19771652635220852,-0.3315342328835582,-0.19839311113673933,0.028631837927190252,-0.14715719063545152,-0.11753354092184677,0.17323645869373006,0.05806327605428055,-0.2684580786529812,-0.27518548418098643,0.1172183139199631,-0.1269134663437512,0.14456617844923692,-0.05824011071387383,-0.20721177872602162,-0.3022027447814554,-0.10524737631184408,-0.2897320570483989,-0.02463383692769,-0.08167454734171375,-0.10959904663053088,-0.3201091761811402,0.03095375389228463,-0.2760773459424134,-0.11435051704916772,-0.02528735632183908,0.2792988121323953,0.1468496520970284,0.10294852573713144,-0.2212970437857994,-0.14560412101641487,-0.21216314919463344,-0.3062238111713374,-0.2526352208511129,-0.3672087033406374,-0.2832583708145927,-0.0021758351593434053,-0.25448814054511204,-0.09469880444393187,-0.28810210279475645,-0.04610771537308269,0.08970899165801714,-0.07412447622342674,-0.08243570522431092,0.14108330450159537,0.14459693230307924,-0.11877138353899973,0.07684619228847114,-0.005220466689732057,-0.0057048398877484335,0.34585784031061395,0.3241917502787068,0.23872679045092837,0.13748510360204513,0.18770614692653673,0.23158420789605197,0.18335447660784993,0.09441433129589051,-0.14545804021066389,-0.27631568830969133,0.025241225541075617,0.11310498596855419,-0.018398493061161727,0.15292353823088456,0.29410679275746743,0.2345288894014531,0.0796832353054242,-0.19098912082420327,-0.08766386037750355,0.08020605082074347,0.10277937954099874,-0.0931303578979741,0.004920616614769538,-0.19514089109291508,-0.09143120747318649,0.11984776842348056,-0.13384077192173144,0.040702725560296776,0.055902817821858304,0.05112059354937916,0.08997039941567678,0.013954561180947988,-0.017583515934340523,0.14592703648175911,0.14612693653173414,0.3880905700995656,0.11705685618729098,0.05522623303732749,0.1326644370122631,-0.13179564064121785,-0.04656902318071733
#11,0.3393687771498866,1.0,0.39543305270441703,0.49500634298235496,0.24553876907699995,0.2697574289778188,0.6353823088455772,0.355898973590128,0.44926767385538,0.6698650674662668,0.38636835428439625,0.39831622650213355,0.3925652558336217,0.2923000038442317,-0.044047207165647945,-0.10998346980355976,0.33638565332718257,0.19965401914427403,-0.1073155729827394,-0.19810863798869796,-0.27510091108292006,-0.28542651751047554,0.22112020912620614,0.05218928997039941,0.030392496059662478,-0.05758659131972475,0.21433129589051628,0.09006266097720371,0.05131280513589359,-0.2556644754545804,0.15977395917425902,0.005143582055126283,0.22992349978856724,0.05213547072617537,0.019236535578364664,-0.13741590743089993,0.15539922346519047,-0.20991811786414485,0.18571483489024718,0.08425787106446776,0.06928074424326298,-0.3557144504670742,0.050505516472532964,-0.047868373505554916,0.0386191519624803,-0.13677007650021145,0.145765578749087,0.1124207127205628,0.15980471302810134,-0.14748779456425634,-0.1319494099104294,-0.22638680659670166,0.002444931380463614,-0.18732172375350786,-0.23969553684696113,-0.196125014415869,-0.04493906892707492,-0.22386499058163226,0.03743512858955138,-0.1831238227040326,-0.11026794295160113,-0.1079614039134279,0.2054434321300888,-0.16367201014877178,0.27520854957136814,0.2559873909199247,0.13647022642524892,-0.1320801137892592,0.1708069042401876,0.09466805059008956,0.39127359397224465,0.32958905162803215,-0.09283819628647215,0.016660900319071234,-0.08291238995886673,-0.013139584054126782,0.11245915503786569,0.056694729558297775,0.20551262830123398,-0.09548302771691078,0.09567523930342521,-0.1874754930227194,-0.2598623765040557,0.24043362933917656,0.07064929073924577,-0.09124668435013263,-0.146711259754738,-0.11399684772998116,-0.24020297543535923,0.2718563795025564,-0.13093453273363317,0.0284780686579787,-0.09413754661130973,-0.18913620113020413,-0.11441971322031293,0.29422211970937606,0.03171491177488179,0.21177872602160458,0.2111636489447584,0.3214700342136624,0.3530157997924115,0.19480259870064967,0.21113289509091607,0.07317110675431515,0.15300042286549034,0.26922692499903894,0.28306615922807826,-0.03141506169991927,0.04595394610387114,-0.27915273132664437,-0.15206243032329989
#12,0.16520970284088726,0.39543305270441703,1.0,0.616630146465229,0.33793103448275863,0.3320570483988775,0.43278360819590206,0.17075308499596356,0.0939453350247953,0.5969938107869143,0.3418367739207319,0.24598469995771344,0.5128128243570522,0.2198362357282897,-0.2492369200015377,-0.16391035251604966,0.6841041017952563,0.6488140545112059,0.06460615845923193,-0.19634797985622574,-0.3837081459270365,-0.02025910121862146,0.21318571483489024,-0.019067389382231962,0.19822396494060662,0.22055895129358397,0.5153346403721216,0.5256910006535194,0.17027640026140775,0.011878676046592089,0.2561949794333602,0.041625341175566065,0.36048129781263216,0.23805020566639756,-0.04329373774651136,-0.04436243416753162,0.07982931611117518,-0.02001307038788298,0.05442663283742744,0.07541613808480375,0.024856802368046747,-0.19052781301656863,-0.10708491907892208,-0.002360358282397263,-0.14596547879906202,0.017991004497751123,0.29156959981547687,0.39081997462807055,0.3912582170453235,0.061430823050013454,0.08132856648598777,-0.008111328950909161,0.03597432053204167,0.10329450659285742,-0.20495137046861184,0.03908814823357552,-0.35458424633836927,-0.3711528850959136,-0.14636527889901202,-0.3027870680044593,-0.1905431899434898,0.028385807096451773,-0.03032329988851728,-0.34088340445162035,0.5232922000538193,0.21553069619036636,0.1384538499980779,-0.274593472494522,0.1024487756121939,-0.10499365701764503,0.32682889324568487,0.2294314381270903,-0.2941452350747703,0.0932995040941068,-0.34112943528235884,-0.18773690078037905,-0.15206243032329989,0.10904547726136932,-0.145219697843386,0.13078076346442163,-0.017637335178564563,0.01655326183062315,-0.07867604659208857,0.02105101295506093,-0.05647176411794103,-0.14703417522008227,0.04006458309306885,-0.036204974435858996,-0.20590473993772346,-0.05469572905854765,-0.11866374505055165,0.01898281628416561,-0.10873025025948564,-0.05612578326221505,-0.11465036712413024,0.4843116903086918,0.32562949294583476,0.5613039634029139,0.4552954292084727,0.5693691615730596,0.45585668704109483,0.48119017414369736,0.02165071310498597,0.17984853726982664,0.3305654864875255,0.40407488563410604,0.38079421827547766,-0.19732441471571907,0.1280974897166801,-0.37844154845654093,-0.29175412293853076
#13,0.24064121785261217,0.49500634298235496,0.616630146465229,1.0,0.35986622073578595,0.2181063314496598,0.525498789067005,0.13800023065390382,0.3935801330104179,0.6778995117825702,0.4809518317764195,0.25933187252527584,0.5200169146196133,0.4691884826817361,-0.17942567177949487,-0.2921616115019413,0.5723907277130665,0.22088955522238882,0.07161034867181794,-0.33727751508860954,-0.3225310421712221,-0.19841617652712107,0.26364510052665974,-0.0851651097528159,0.20756544804520816,0.06412947372467612,0.4594702648675662,0.31716449467573904,0.17571983239149655,-0.07966785837850306,0.06968823280667359,-0.006612078576096567,0.27741513858455386,0.1550916849267674,0.08073655479952331,0.03029254603467497,0.19020489755122438,0.06445238919002037,0.2335524545419598,0.0992888171298966,0.17216007380924922,-0.25737900280628917,0.07724599238842117,0.13950716949217698,-0.16326452158536117,-0.02348056740860339,0.22700957213700843,0.21144043362933918,0.22995425364240957,-0.13753892284626917,-0.07576980740399031,-0.25170491677238305,0.11310498596855419,-0.018252412255410758,-0.1205166647445508,-0.027263291431207475,-0.09283819628647215,-0.3923807327105678,0.013224157152193133,-0.1333794641140968,-0.011302041287048783,0.17016876177295967,0.13828470380194519,-0.09287663860377504,0.3143582055126283,0.24625379617883367,0.19210394802598701,-0.13274132164686886,0.11544227886056972,0.04242494137546611,0.18538423096144235,0.0763156883096913,-0.23248375812093952,-0.10449390689270749,-0.1563525929343021,-0.01290893015030946,0.18216276477146043,0.30547034175220084,0.1814938684503902,-0.0726790450928382,-0.1975550686195364,0.01273209549071618,-0.07354784146388345,-0.13423288355822088,-0.04164071810248722,0.04124860646599777,0.11218237035328489,-0.18056356437166032,-0.11817937185253527,-0.05379617883366009,-0.044946757390535504,0.19617883366009303,-0.03187636950755392,-0.04727636181909046,-0.23805020566639756,0.419321108676431,0.12860492830507822,0.5068465767116441,0.3691000653519394,0.5331488102102795,0.5152270018836735,0.3810171837158344,0.051135970476300315,0.06514435090147234,0.2129627493945335,0.30209510629300734,0.31019105831699534,0.040256794679583284,0.19289585976242649,-0.40515127051858685,-0.2839503325260447
#17,0.18691423519009726,0.24553876907699995,0.33793103448275863,0.35986622073578595,1.0,0.5463575904355514,0.16123476723176874,0.3161265521085611,0.21727597739591742,0.29059316495598353,0.24669203859608657,0.5143043862684042,0.39381847537769576,0.1728520355207012,-0.36609387613885364,-0.12282320378272402,0.10021143274516588,0.13826932687502402,-0.28024449313804634,-0.14479683235305424,-0.24953677007650021,-0.10900703494406642,0.251305116672433,0.3735593741590743,0.046092338446161535,0.13955330027294044,0.16837734978664515,-0.05521085611040633,0.13074232114711876,0.015238534578864414,0.22358820589705147,0.00278322377272902,0.27692307692307694,0.13452504516972283,0.08734094491215931,-0.21047168723330642,0.19532541421596894,-0.12900472840502825,0.0032368431169030867,0.15676008149771267,0.2810287164110253,-0.3888517279821628,0.12516049667473955,0.040695037096836195,0.3876138853650098,0.10916849267673856,-0.04439318802137393,-0.19378003306039288,0.07879906200745782,-0.1898589166954984,-0.07496251874062969,-0.01506938838273171,-0.11617268288932457,-0.2069426825049014,-0.28997039941567676,-0.20675047091838697,-0.06655902817821858,-0.11140583554376658,0.2786299158113251,0.014754161380848037,-0.03855764425479568,0.013723907277130666,-0.004290162611002191,0.21148656441010263,-0.006096951524237881,0.02131242071272056,-0.052896628608772533,0.2417483565909353,-0.1639334179064314,-0.02312689808941683,0.028331987852227732,0.09113135739822396,-0.12883558220889554,-0.11757198323914965,-0.2468534963287587,-0.14349748202821666,-0.03651251297428209,-0.033806173836158845,0.15850536270326376,0.19406450620843424,-0.095952023988006,0.4019067389382232,-0.07861453888440395,-0.1506938838273171,0.43312190058816746,0.10927613116518664,0.08139776265713297,0.20960289086226117,0.2026832737477415,0.3316880021527698,0.20677353630876869,0.4087187175642948,0.3660169915042479,0.2709030100334448,0.35070926075423825,0.14002998500749625,0.2550417099142736,0.16524045669472956,0.0538269326875024,0.17262907008034445,0.2473609349171568,0.2869027024949064,0.23888055972013994,0.08866336062737862,0.15735978164763773,0.13756198823665092,0.30684657671164417,-0.11811786414485065,-0.08747164879098912,-0.11522700188367355,0.14136008918617615
#18,0.32931995540691195,0.2697574289778188,0.3320570483988775,0.2181063314496598,0.5463575904355514,1.0,0.06743551301272441,0.3918425402683274,0.07127974474301312,0.3117748817898743,0.07667704609233844,0.5059085841694537,0.5594126013916119,-0.022865490331757197,-0.47498558413101144,-0.22402644831430438,0.18631453504017223,0.45062084342444164,-0.08497289816630146,-0.2543266828124399,-0.38633760043055393,-0.17177565063622036,-0.03744281705301195,0.039926190750778454,-0.010963748894783378,0.041048706416022755,0.14493522469534464,-0.07044939068927075,0.27244839118902087,0.13041171721831393,0.5782800907238689,0.2597086072348441,0.6038980509745128,0.26213816168838655,0.1470264867566217,-0.09871218237035329,0.26538269326875025,-0.10699265751739515,0.08806366047745358,0.12203129204628455,0.08807134894091416,-0.19471033713912275,0.27258678353131127,0.07703840387498559,0.11804097951024488,-0.043309114673432514,0.029516011225156652,-0.10902241187098759,-0.07221004882174298,-0.3250297927959097,-0.19689386076192672,-0.23590512436089647,-0.18970514742628686,-0.09854303617422058,-0.23989543689693615,-0.17156806212278475,-0.299281128666436,-0.330865336562488,0.118748318148618,-0.22950832276169608,-0.15537615807480876,-0.11189789720524353,0.01598431553454042,-0.1604582324222504,0.29161573059624035,0.014577326721254757,-0.13615499942336523,-0.09315342328835582,-0.13597816476377195,-0.027932187752277706,0.3013416368738708,0.10534732633683158,-0.10527813016568639,0.08808672586783531,-0.10733863837312113,-0.10644677661169415,-0.16496367201014878,-0.23884980586629762,0.010056510206435243,0.10674662668665667,0.07665398070195671,0.4536270326375274,-0.030154153692384576,0.0274247491638796,0.443755045554146,-0.052166224580017684,-0.09553684696113482,0.28248183600507437,-0.010018067889132357,0.32191596509437587,0.15397685772498365,0.0654980202206589,-0.07783031561142506,0.018583016184215585,0.10219505631799485,-0.03490562411102141,0.12185445738669128,0.29583669703609733,0.2221504632299235,0.15245454195978933,0.27827624649213856,0.5078460769615193,0.407350171068312,0.5069157728827893,0.4806827355552993,0.4527736131934033,0.5369699765501864,-0.14527351708761005,0.008464998270095721,0.08079037404374735,0.018398493061161727
#26,0.056202667896820824,0.6353823088455772,0.43278360819590206,0.525498789067005,0.16123476723176874,0.06743551301272441,1.0,0.08474224426248414,0.39191942490293313,0.6638296236497137,0.4876869257678853,0.30250259485641795,0.3630108022911621,0.38902087417829545,0.038926690500903395,-0.11355860531272825,0.396524814515819,0.18736016607081074,0.06422942374966363,-0.2206512128551109,-0.07550839964633069,-0.1945873217237535,0.31152116249567524,-0.08930150309460655,0.26538269326875025,-0.037565832468381195,0.1877215238534579,0.10642371122131242,0.15047091838696036,-0.21675316188059815,0.08953215699842386,0.012685964709952716,0.02999269595971245,0.019713220312920464,0.08147464729173874,-0.06133087302502595,0.16085034405873985,-0.030623149963479798,0.2888325068235113,0.11496559412601391,0.14598854418944374,-0.1977242148156691,0.062176604005689466,0.05624111021412371,0.028385807096451773,-0.07552377657325184,0.14664206358359283,0.13625494944835276,0.08631069080844193,-0.12639065082843193,-0.21310883020028448,-0.28873255679852383,0.15201629954253643,-0.030815361549994234,0.08243570522431092,0.07880675047091838,0.06095413831545766,-0.16001230154153692,0.07438588398108638,-0.023519009725906277,-0.07922192749778957,-0.04896782378041748,0.18344673816937684,-0.2978510744627686,0.10173374851036021,0.18379271902510283,0.1301810633144966,-0.2336524045669473,0.14578864413946874,0.027978318533041172,0.1209241533079614,0.03611271287433206,-0.3255295429208473,0.008265098220120708,-0.006081574597316727,-0.012808980125321955,0.1566216891554223,0.12319225002883173,0.18939760888786375,-0.14020681966708953,-0.10407872986583631,-0.2082650982201207,-0.31021412370737705,0.19596355668319687,-0.10021143274516588,-0.08515742128935533,-0.05732518356206512,-0.15413062699419522,-0.2183984930611617,0.13234921001037941,-0.18402337292892015,0.19941567677699612,-0.01706070041902126,-0.07177180640449006,-0.14393572444546957,0.3911890208741783,0.034805674086033904,0.2770384038749856,0.30808441932879715,0.3727213316418714,0.36387191019874676,0.15860531272825126,0.19453350247952947,-0.016330296390266404,0.06994195210087265,0.03298350824587706,0.15319263445200476,0.0006304540037673471,-0.05130511667243302,-0.208641832929689,-0.19982316534040673
#49,0.7290893015030946,0.355898973590128,0.17075308499596356,0.13800023065390382,0.3161265521085611,0.3918425402683274,0.08474224426248414,1.0,0.21848306615922808,0.34179833160342904,0.3460731172875101,0.44370891477338253,0.48861722984661515,0.14340522046668974,-0.2668511897897205,-0.3786337600430554,0.16327221004882175,-0.04060277553530927,-0.12629070080344443,-0.17443585899358013,-0.1982624072579095,-0.4051743359089686,-0.05450351747203321,0.04802214277476646,-0.01972090877638104,-0.04980586629762042,0.16121939030484758,-0.1173490177987929,-0.10832276169607503,-0.18946680505900895,0.2343289893514781,-0.07794564256333372,0.19480259870064967,0.03777342098181678,-0.05452658286241495,-0.27089532156998425,0.09487563910352516,-0.19073540153000423,0.15584515434590396,0.036912313074232116,0.04703033098835198,-0.3824395494560412,-0.11870218736785454,-0.1405912428401184,0.08311229000884174,-0.1326644370122631,0.0036750855341559988,-0.1289893514781071,-0.043716603236843114,-0.2389574443547457,-0.35523776573251836,-0.22235036327989852,-0.4092876638603775,-0.31910967593126516,-0.2594702648675662,-0.2949602122015915,0.006066197670395571,-0.2721408526505978,0.15268519586360665,-0.08132856648598777,-0.1338561488486526,-0.01456963825779418,0.08178987429362242,-0.12692115480721178,0.12754392034751855,0.10534732633683158,-0.04146388344289394,0.024856802368046747,0.06956521739130435,-0.013400991811786415,0.4414715719063545,0.34585784031061395,0.2723945719447968,0.3369853534771076,0.29991158267020335,0.16644754545804022,0.1471187483181486,-0.031791796409487566,-0.1741052550647753,-0.35217775727520856,0.10998346980355976,0.1823472878945143,0.025633337177565062,0.22006688963210702,0.38656825433437125,0.19600968746396033,-0.015392303848075961,-0.09370699265751739,-0.0015146273017337486,0.1752969669011648,0.08072886633606274,0.07330181063314496,0.10253334871026025,-0.1278975896667051,0.03499019720908776,0.07603121516164994,-0.077376696267251,-0.13204935993541692,-0.15735978164763773,0.11205935493791566,0.18385422673278745,-0.021643024641525392,0.0850651597278284,0.020097643485949335,0.2227270979894668,0.2773382539499481,0.2499827009572137,-0.06197670395571445,-0.028754853342559488,-0.1766193826163841,-0.07330949909660554
#50,-0.025748664129473724,0.44926767385538,0.0939453350247953,0.3935801330104179,0.21727597739591742,0.07127974474301312,0.39191942490293313,0.21848306615922808,1.0,0.4246261484642294,0.3057163725829393,0.2620997193710837,0.2545496482527967,0.24265559527928343,-0.1689001653019644,-0.4372506054664975,0.2504824510821512,0.052904317072233115,-0.1018721408526506,-0.25401914427401684,-0.20444393188021373,-0.4107023411371237,0.16302617921808327,-0.04305539537923346,0.07664629223849613,-0.10181063314496598,0.11149040864183293,-0.044731480413639335,0.22551032176219582,0.003851920193749279,0.031515011724906776,0.008726406027755353,0.08446545957790336,0.05990081882135855,0.16984584630761543,-0.032683658170914544,0.20858032522200437,0.043778110944527736,0.36238034828739474,0.19856225733287203,0.24530042670972207,-0.2166993426363741,-0.08529581363164572,-0.05587975243147657,0.13258755237765732,-0.2216353361780648,-0.12233883058470765,-0.04228654903317572,0.04631530388651828,-0.0720332141621497,-0.2692038596086572,-0.35858224733786953,0.016361050244108714,-0.15755968169761272,0.02585630261792181,-0.12360742705570292,0.20233729289201552,-0.12638296236497137,0.2109868142851651,0.21809095452273863,-0.0016914619613270288,0.10598546880405951,0.22437242917003036,-0.12397647330181064,-0.02265790181832161,0.18835966632068582,0.2600622765540307,-0.2516049667473955,0.02554876407949871,-0.026486756621689155,0.18939760888786375,-0.04882943143812709,-0.03507477030715411,0.1293968400415177,0.11832545265828624,0.19464114096797755,0.28307384769153887,0.28403490562411104,0.20208357359781648,-0.3283588974743398,0.12842809364548494,0.04202514127551609,0.07566985737900281,0.08617229846615154,0.10138776765463423,0.07057240610463998,-0.01646100026909622,-0.05963172260023834,-0.0769000115326952,0.08015992003998001,-0.068934763387537,0.2719255756737016,0.08767923730442471,-0.01986698958213201,-0.0367124130242571,0.16521739130434782,0.13687002652519895,0.10083419828547265,0.12582939299580978,0.2723945719447968,0.38279321877522776,0.18155537615807482,0.28754084496213433,-0.03412140083804252,0.052796678583785034,0.007511628800984123,0.2093568600315227,0.10646984200207589,0.11952485295813632,-0.22760158382347287,-0.09742820897243686
#51,0.34809518317764193,0.6698650674662668,0.5969938107869143,0.6778995117825702,0.29059316495598353,0.3117748817898743,0.6638296236497137,0.34179833160342904,0.4246261484642294,1.0,0.5584054126782763,0.4101410833045016,0.6251720293699304,0.43199938492292317,-0.1266366816591704,-0.27294045285049784,0.5675777495867451,0.29991158267020335,-0.00034598085572598315,-0.33077307500096104,-0.36234959443355247,-0.28083650482451084,0.2678814438934379,-0.04601545381155576,0.2126859647099527,0.04856802368046746,0.44492369200015375,0.238242417252912,0.14870257179102755,-0.15310037289047784,0.23336024295544536,0.05721754507361704,0.28947064929073923,0.11029100834198285,0.10944527736131934,-0.06827355552992734,0.18959750893783878,-0.04724560796524815,0.22216584015684465,0.1550532426094645,0.14204436243416754,-0.2331757198323915,0.08631069080844193,-0.028762541806020066,-0.08605697151424288,-0.06505208933994541,0.2664129473724676,0.1826394495060162,0.22100488217429748,-0.19579441048706417,-0.14394341290893015,-0.3221466189981932,0.07524699188867105,-0.016099642486449083,-0.06671279744743012,-0.024587706146926538,-0.11930957598124015,-0.2828508822511821,-0.08161303963402913,-0.16218044823741976,-0.10345596432552955,0.00660439011263599,0.22012839733979164,-0.2816361050244109,0.3450966824280168,0.21638411563449045,0.20296774689578287,-0.2098258563026179,0.12040133779264214,0.004021066389881982,0.34526582862414945,0.211025256602468,-0.1624034136777765,0.08618767539307269,-0.032329988851727984,0.034844116403336796,0.13161111751816398,0.17669626725098989,0.19221927497789568,-0.10332526044669972,-0.0518202437242917,-0.1430746165378849,-0.17160650444008765,0.09253065774804906,-0.042824741475416137,-0.04784530811517318,-0.006927305577980241,-0.31719524852958136,-0.3103140737323646,0.08254334371275901,-0.23481336254949448,0.08341982854726483,-0.04184061815246223,-0.20551262830123398,-0.21493868450390188,0.37313650866874254,0.11656479452581402,0.4627993695459962,0.33352554491984776,0.5768731019105832,0.46011609579825474,0.2879790873793872,0.20322146618998194,0.13788490370199516,0.22325760196824665,0.38000999500249877,0.37142966978049435,-0.019597893361011802,0.10202591012186214,-0.40771921731441974,-0.35436128089801255
#52,0.33713912274631913,0.38636835428439625,0.3418367739207319,0.4809518317764195,0.24669203859608657,0.07667704609233844,0.4876869257678853,0.3460731172875101,0.3057163725829393,0.5584054126782763,1.0,0.2627071079844693,0.46521354707261753,0.3096989966555184,-0.1362395725214316,-0.33942259639411065,0.3322569484488525,0.07985238150155691,0.0029600584323223006,-0.2958520739630185,-0.18864413946872718,-0.260838811363549,0.16180371352785147,0.13702379579441049,0.2503671241302426,0.09342251950947603,0.36151155191634954,0.20678891323568985,0.033390996809287664,-0.1563064621535386,0.005435743666628225,0.04908315073232614,0.01877522777073002,0.08597239841617653,0.11578057125283513,-0.12699035097835698,0.22344981355476107,0.049467573905355014,0.3338792142390343,0.24612309230000384,0.338415407680775,-0.13771575750586246,0.03065390381732211,-0.032091646484450086,-0.09399915426901934,-0.06756621689155422,0.1960558182447238,0.1745819397993311,0.1549225387306347,-0.19957713450966824,-0.19005881674547342,-0.13145734824895244,0.008511129050859186,0.10606235343866528,-0.04716872333064237,0.012924307077230615,0.04000307538538423,-0.32652904317072234,-0.039933879214239035,0.09670549340714259,-0.021189405297351326,0.1270826125398839,-0.000438242417252912,-0.20405182024372429,0.12284626917310576,-0.004636143466728174,0.02869334563487487,-0.05373467112597547,0.04468534963287587,-0.15310037289047784,0.17653480951831776,0.04225579517933341,-0.04932918156306462,0.01726060046899627,0.06123092300003844,0.17483565909353016,0.35289278437704225,0.39531772575250834,0.00841117902587168,-0.22883942644062585,-0.13151885595663707,0.011771037558144005,-0.1314727251758736,0.08078268558028678,-0.10072655979702456,0.03109214623457502,0.07253296428708722,-0.21190174143697382,0.007065697920270634,0.02537192941990543,-0.17037635028639525,0.18879022027447814,0.0029293045784799907,-0.10489370699265751,-0.26218429246915004,0.3032560642755545,0.13311805635643717,0.15667550839964633,0.28916311075231615,0.3570906854265175,0.42105870141852153,0.08371199015876676,0.10474762618690654,-0.06209203090762311,0.0404566947295583,0.19735516856956137,0.1565217391304348,0.0055587590819974626,0.2607388613385615,-0.3775881290124169,-0.3089147733825395
#53,0.3491715680621228,0.39831622650213355,0.24598469995771344,0.25933187252527584,0.5143043862684042,0.5059085841694537,0.30250259485641795,0.44370891477338253,0.2620997193710837,0.4101410833045016,0.2627071079844693,1.0,0.5453350247952946,0.2259562526429093,-0.2493753123438281,-0.2079960019990005,0.29617498942836273,0.017337485103602047,-0.0289547533925345,-0.1481182485680237,-0.2075885134355899,-0.281997462807058,0.09371468112097797,0.14980202206589013,0.0959827778418483,0.00361357782647138,0.21338561488486527,-0.07168723330642371,0.2368200515127052,-0.14026832737477415,0.38076346442163533,0.037504324760696574,0.27048783300657364,0.02873178795217776,0.11804866797370546,-0.2613923807327106,0.18443086149233076,-0.24332449160035366,0.1486564410102641,0.07646176911544228,0.24292469150040363,-0.2567485488025218,0.11373543997232154,0.11332026294545035,0.2675969707453965,0.10439395686771999,0.04935993541690693,-0.024180217583515934,-0.05381155576058125,-0.2280398262407258,-0.12867412447622342,-0.2747318648368124,-0.20328297389766656,-0.16092722869334564,-0.24444700726559798,-0.23995694460462078,-0.15820551262830124,-0.30209510629300734,0.21656095029408373,-0.1360627378618383,-0.24360896474839502,-0.13078076346442163,0.07284050282551033,-0.03493637796486372,0.2343597432053204,0.004244031830238726,0.015253911505785568,0.07610809979625571,-0.010786914235190096,0.000991811786414485,0.1532464536962288,0.0941836773920732,-0.03805020566639757,0.003090762311152116,0.014684965209702841,-0.15732133933033482,-0.10222581017183716,-0.13754661130972975,-0.004090262561027179,-0.15403836543266827,-0.048737169876600164,0.41771421981317036,-0.015115519163495175,0.29233075769807404,0.5678007150271018,-0.10698496905393456,-0.08977049936570176,0.1964863721985161,0.11917887210241034,0.5429362241955945,0.07713835389997309,0.3380309845077461,0.1749586745088994,-0.047568523430592397,0.11092915080921079,0.16697804943682004,0.06664360127628494,0.2164994425863991,0.08199746280705801,0.07867604659208857,0.10174143697382078,0.361011801791412,0.22267327874524276,0.12264636912313075,0.22999269595971245,0.2524583861915196,0.20601237842617154,-0.21515396148079807,-0.120585860915696,-0.08102871641102526,-0.028447314804136394
#54,0.34033752354591934,0.3925652558336217,0.5128128243570522,0.5200169146196133,0.39381847537769576,0.5594126013916119,0.3630108022911621,0.48861722984661515,0.2545496482527967,0.6251720293699304,0.46521354707261753,0.5453350247952946,1.0,0.33716987660016146,-0.35343097681928265,-0.4299388767154884,0.44265559527928344,0.2711029100834198,0.02807826855802868,-0.41563833467881445,-0.43937262138161687,-0.39032022450313303,0.16846961134817207,0.016330296390266404,0.18983585130511668,0.0400492061661477,0.49759735516856957,0.16074270557029177,0.2686041594587322,0.041671471956329524,0.3004882174297467,0.07999077384384731,0.37730365586437553,0.13119594049129282,0.1487563910352516,-0.11967862222734786,0.23931111367393226,-0.06915004036443317,0.2852650597778034,0.14272863568215893,0.24421635336178066,-0.2769999615576827,0.002952369968861723,0.10453234921001038,-0.09341483104601546,-0.1325260446699727,0.25323492100103795,0.05010571637258294,0.06007765348095183,-0.2937377465113597,-0.26677430515511474,-0.321677622727098,-0.13978395417675776,-0.037150655441510014,-0.12183908045977011,-0.16051974012993503,-0.2441317802637143,-0.5192096259562526,0.051628032137777266,-0.10070349440664284,-0.1061238611463499,0.06345288894014531,0.19081997462807057,-0.20019221158651443,0.4261561526928843,0.18922846269173105,0.08512666743551302,-0.1997924114865644,0.0926844270172606,-0.0740706569792027,0.41482335755199323,0.24421635336178066,-0.018836735478414638,0.21230923000038443,0.10930688501902895,0.022773228770230268,0.06499058163226079,0.0280705800945681,-0.010410179525621805,-0.19487948333525545,-0.13224157152193133,0.19239610963748896,0.15682927766885787,0.12339215007880674,0.1875446891938646,0.03441356244954446,0.070026525198939,-0.03948794833352554,-0.13778495367700766,0.0459693230307923,-0.12454541959789336,0.11914042978510744,0.007773036558643755,-0.18124014915619113,-0.1950255641410064,0.30693114980971054,0.0275938953600123,0.38756775458424636,0.2201745281205551,0.5528620305231999,0.46024679967708454,0.4104947526236882,0.29681313189559067,0.17578902856264175,0.27885288125168184,0.49412985814784915,0.38688348133625494,-0.10410948371967862,0.2634144466228424,-0.2560027678468458,-0.32931226694345134
#58,0.13644716103486718,0.2923000038442317,0.2198362357282897,0.4691884826817361,0.1728520355207012,-0.022865490331757197,0.38902087417829545,0.14340522046668974,0.24265559527928343,0.43199938492292317,0.3096989966555184,0.2259562526429093,0.33716987660016146,1.0,-0.17706531349709762,-0.34960981047937567,0.25411909429900437,0.003844231730288702,0.08463460577403606,-0.21809095452273863,-0.17532003229154652,-0.23312958905162803,0.2644293237996386,-0.12737477415138584,0.16278014838734478,-0.021058701418521508,0.20813439434129088,0.0001999000499750125,0.1987775343097682,-0.05125898589166955,0.04128704878330066,0.0023680467458578403,0.10360204513128052,0.1780878791373544,0.19784723023103834,0.12660592780532812,0.15982777841848306,-0.014561949794333602,0.2217814169838158,0.07384769153884596,0.1563064621535386,0.00018452312305385768,0.0877484334755699,0.03977242148156691,-0.036335678314688806,-0.02458001768346596,0.08559566370660823,-0.016015069388382732,0.08082881636105024,-0.20300618921308577,-0.27051089839695536,-0.44321685311190556,-0.06387575443047706,-0.0219121208626456,0.015007880675047092,-0.03931880213739284,0.0259946949602122,-0.22122015915119364,0.21010264098719872,0.1096605543382155,0.017883366009303042,0.11372006304540037,0.26144619997693463,-0.06224580017683466,0.009080075346941914,0.05104370891477338,0.474593472494522,-0.0038211663399069697,0.1786030061892131,0.027286356821589204,0.04171760273709299,0.02550263329873525,-0.2290239495636797,-0.1278283934955599,0.13749279206550571,0.0003921116364894476,0.20765002114327452,0.2261638411563449,-0.0013454811056010456,-0.30800753469419134,-0.15646791988621075,-0.04864490831507323,-0.05015953561680698,0.1627109522161996,0.05178180140698881,0.13261830623149964,0.0783608195902049,-0.2854111405835544,0.04806058509206935,0.16238034828739475,-0.24152539115057856,0.3516856956137316,0.12285395763656633,-0.0047668473455579905,-0.16397186022373428,0.14169838157844156,-0.09766655133971476,0.18027909122361896,0.0899934648060585,0.30855341559989236,0.11197478183984931,0.024026448314304387,0.06132318456156537,0.13073463268365818,0.14051435820551264,0.01655326183062315,0.1449813554761081,0.09798177834159844,0.08421942874716488,-0.2079268058278553,-0.1833929189251528
#101,-0.24663821935186253,-0.044047207165647945,-0.2492369200015377,-0.17942567177949487,-0.36609387613885364,-0.47498558413101144,0.038926690500903395,-0.2668511897897205,-0.1689001653019644,-0.1266366816591704,-0.1362395725214316,-0.2493753123438281,-0.35343097681928265,-0.17706531349709762,1.0,0.6278706800445931,-0.023472878945142814,-0.2627839926190751,0.27922192749778957,0.38273171106754317,0.6598854418944374,0.3280667358628378,0.1386460615845923,-0.19780878791373543,0.27177949486795067,-0.09908891707992158,-0.30519355706762,-0.2275246991888671,-0.15295429208472686,-0.36261869065467267,-0.319693999154269,-0.16152692884327066,-0.3597662707107984,-0.2081267058778303,-0.06133087302502595,0.05081305501095606,-0.027524699188867106,0.021058701418521508,0.07282512589858917,-0.061569215392303846,-0.2021758351593434,0.04907546226886557,-0.0017683465959328027,0.08265098220120709,-0.01613808480375197,-0.07586975742897782,-0.3055549148502672,-0.10686195363856534,-0.19201168646446007,0.22520278322377274,0.18510744627686157,0.16926152308461154,0.5323953407911429,0.13515549917349018,0.5545073617037635,0.23553607811478877,0.14922538730634682,0.41638411563449046,-0.17454349748202821,-0.030676969207703842,-0.11053703917272133,-0.31400453619344176,0.35849767423980317,0.13534771076000462,-0.3033406373736209,0.05864759927728443,0.1152116249567524,0.27138738323146117,0.4824203282973898,0.3155576058124784,0.00033060392880482836,0.03498250874562719,0.2124168684888325,-0.1328335832083958,0.2279014338984354,-0.1034713412524507,-0.11900203744281705,-0.2103102295006343,0.2984430861492331,0.12549110060354438,0.12544496982278092,-0.2436550955291585,-0.21131741821396993,0.07856840810364049,-0.3353861530773075,-0.31971706454465076,-0.314327451658786,-0.25720985661015644,-0.09383769653634721,-0.14807980625072079,-0.020658901318571482,-0.36472532964287085,-0.29134663437512015,-0.4368123630492446,-0.2145619497943336,0.2189828162841656,-0.17120670434013763,-0.12333064237112214,-0.3006496751624188,-0.2835044016453312,-0.3067235612962749,-0.24332449160035366,-0.3098297005343482,-0.4261023334486603,-0.37092991965555683,-0.47262522584861416,-0.3681390074193672,-0.10729250759235767,-0.3455041709914274,-0.19246530580863414,-0.1651558835966632
#102,-0.2773613193403298,-0.10998346980355976,-0.16391035251604966,-0.2921616115019413,-0.12282320378272402,-0.22402644831430438,-0.11355860531272825,-0.3786337600430554,-0.4372506054664975,-0.27294045285049784,-0.33942259639411065,-0.2079960019990005,-0.4299388767154884,-0.34960981047937567,0.6278706800445931,1.0,-0.2794064506208434,-0.053611655710606235,0.032468381194018375,0.5977319032791296,0.4814592703648176,0.6674047591588821,0.089693614731096,0.15861300119171184,-0.04394725714066044,0.07689232306923462,-0.5278053281051782,-0.33372544496982276,-0.2514050666974205,-0.15350017299042787,-0.07305577980240649,-0.030853803867297122,-0.1751355091684927,-0.06592857417445123,-0.2696421020259101,-0.04613078076346442,-0.08654134471225926,-0.04356283396763157,-0.27651558835966633,0.010317917964094876,-0.21992849728981664,0.09398377734209819,-0.021889055472263868,0.05438819052012455,0.03239918502287318,0.16816976127320954,-0.3095990466305309,-0.22290393264906008,-0.22213508630300235,0.15750586245338868,0.3288586475992773,0.48400415177026873,0.38788298158613,0.25161265521085613,0.18469995771345096,0.278868258178603,-0.08980125321954407,0.5261830623149963,-0.2505670241802176,-0.15395379233460194,-0.011209779725521854,-0.2487602352669819,-0.021712220812670588,0.2618844423941875,-0.2925075923576673,-0.009841233229539077,-0.18629915811325107,0.364740706569792,0.16521739130434782,0.32998885172798215,-0.22125860146849652,0.06329143120747319,0.0039749356091185175,-0.17136047360934917,-0.19805481874447392,-0.24157152193134201,-0.3826163841156345,-0.39610194902548723,0.1177641948256641,0.5536154999423365,0.09000884173297967,-0.12004766847345558,-0.2954676507899896,-0.1283127666935763,-0.19199630953753893,-0.3163956483296813,-0.1934724945219698,0.0632529888901703,0.10018067889132357,0.051958636066582096,-0.044846807365548,-0.3868988582631761,-0.22339599431053703,-0.1492023219159651,0.04509283819628647,0.06006227655403068,0.0180678891323569,-0.14332833583208396,-0.21865990081882136,-0.43158420789605195,-0.40002306539038174,-0.2329066236112713,-0.20828816361050245,-0.21685311190558568,-0.23285280436704725,-0.34762618690654673,-0.1907738438473071,-0.15799023565140508,-0.4073732364586937,0.09332256948448853,0.08757159881597663
#201,0.18496905393457116,0.33638565332718257,0.6841041017952563,0.5723907277130665,0.10021143274516588,0.18631453504017223,0.396524814515819,0.16327221004882175,0.2504824510821512,0.5675777495867451,0.3322569484488525,0.29617498942836273,0.44265559527928344,0.25411909429900437,-0.023472878945142814,-0.2794064506208434,1.0,0.36110406335293893,0.17276746242263483,-0.1144581555376158,-0.12721331641871372,-0.06386037750355592,0.2680736554799523,-0.11791027563141507,0.3873294122169684,0.12386883481336255,0.3686925767885288,0.3814092953523238,0.1910506285318879,-0.07068773305654864,0.08185907046476762,-0.13493253373313344,0.2287240994887172,0.007596201899050475,0.09230000384423173,0.047422442624841424,0.06010840733479414,0.04193287971398916,0.23184561565371162,-0.05697151424287856,-0.0018144773766962672,-0.05720985661015646,0.03142275016337985,0.04770691577288279,-0.04349363779648637,0.10301003344481606,0.09137738822896244,0.3195402298850575,0.27386306846576713,0.18865182793218777,0.17369007803790412,-0.14649598277784184,0.2757851843309115,0.15856687041094839,0.1264752239264983,0.10484757621189406,-0.11777188328912466,-0.19463345250451697,-0.14605005189712836,-0.21800638142467227,-0.38629915811325105,-0.11787183331411218,0.09022411870987583,-0.4612462999269596,0.36878483835005577,0.24586168454234422,0.2135470726175374,-0.1759427978318533,0.24289393764656134,-0.13696228808672586,0.2576019682466459,0.07533925345019797,-0.1990158766770461,-0.02620997193710837,-0.05708684119478722,-0.11652635220851112,-0.19613270287932957,0.029846615153961482,0.06034674970207204,-0.13019644024141774,0.0063968015992004,0.09911967093376389,0.007311728751009111,0.26247645408065196,0.11913274132164686,-0.3670779994618076,-0.19689386076192672,-0.1549225387306347,-0.3331795640641218,-0.012586014684965209,0.0400492061661477,0.0019144274016837735,-0.04296313381770653,-0.303848075962019,-0.16653211855610656,0.4844885249682851,0.21502325760196825,0.5943720447468573,0.3440356744704571,0.44992119324952906,0.30454772613693154,0.46166916541729136,-0.0267097220620459,0.11841771421981317,0.24029523699688618,0.25231230538576865,0.11262061277053781,-0.2895936647061085,0.06295313881520778,-0.5053011955560681,-0.25251989389920426
