,#10,#11,#12,#13,#17,#18,#26,#49,#50,#51,#52,#53,#54,#58,#101,#102,#201,#202,#301,#302,#401,#402,#501,#502,#601,#602,#701,#702,#801,#802,#901,#902,#1001,#1002,#1101,#1102,#1201,#1202,#1301,#1302,#1401,#1402,#1501,#1502,#1601,#1602,#1701,#1702,#1801,#1802,#1901,#1902,#2001,#2002,#2101,#2102,#2201,#2202,#2301,#2302,#2401,#2402,#2501,#2502,#2601,#2602,#2701,#2702,#2801,#2802,#2901,#2902,#3001,#3002,#3101,#3102,#3201,#3202,#3301,#3302,#3401,#3402,#3455,#3501,#3502,#3601,#3602,#3701,#3702,#3801,#3802,#3901,#3902,#4001,#4002,#4101,#4102,#4201,#4202,#4301,#4302,#4401,#4402,#4501,#4502,#4601,#4602,#4701,#4702,#4801,#4802
#10,1.0,0.5037327490101103,0.4098258563026179,0.4342290393264906,0.288455772113943,0.15445354245953946,0.2506592857417445,0.5220159151193634,0.015707530849959635,0.48425018260100716,0.25561834467381694,0.014200592011686464,0.25505708684119477,-0.2310998346980356,-0.20405182024372429,-0.13816168838657594,0.4636604774535809,0.2851958636066582,0.07589282281935955,-0.17575058624533887,-0.02928535732133933,-0.11905585668704109,0.016860800369046247,-0.05779417983316034,0.23167646945757892,0.07087225617960251,0.06795832852804368,0.1529773574751086,0.05528774074501211,-0.2734709568292777,0.09269980394418176,-0.2197670395571445,0.24394725714066043,0.05638719101987468,-0.3592972744397032,0.0029600584323223006,-0.3674624226348364,-0.14608849421443124,-0.17191404297851073,0.10477069157728829,-0.23239918502287318,-0.19839311113673933,-0.36166532118556105,-0.3128589551378157,-0.03811171337408219,-0.26988044439318803,-0.06199208088263561,0.05524160996424864,-0.11833314112174682,-0.018313919963095376,0.1445431130588552,0.13693153423288357,0.19438742167377848,0.22484911390458617,0.03558220889555223,-0.006381424672279245,-0.0685580286779687,-0.2337523545919348,-0.1528389651328182,-0.1890054972513743,-0.05316572482989275,0.09808172836658594,-0.27374774151385844,-0.13828470380194519,0.2177219082766309,-0.018060200668896322,-0.2521662245800177,-0.1763502863952639,0.0390958366970361,-0.08727943720447469,0.3888824818360051,0.32719793949179254,-0.042632529888901705,0.08338907469342252,-0.03100757313650867,0.13397916426402184,-0.008695652173913044,0.02389574443547457,-0.08745627186406797,-0.1765194325913966,0.22028985507246376,-0.24036443316803136,-0.16463306808134395,0.20110713873832314,-0.1350478606850421,-0.016683965709452967,-0.22847038019451812,-0.13799254219044324,0.07531618805981624,-0.45035174720332144,-0.20307538538423095,0.04603083073847691,-0.004351670318686811,-0.1755737515857456,-0.21045631030638526,0.36687041094837197,0.22747087994464307,0.2510437089147734,0.37408218967439355,0.1874447391688771,0.2054741859839311,0.24815284665359627,-0.05362703263752739,0.21916733940721947,0.32850497828009073,0.3083612040133779,0.1462038211663399,-0.05824011071387383,0.18698343136124246,-0.11677238303924961,-0.24897551224387807
#11,0.5037327490101103,1.0,0.45109752815899745,0.3082996963056933,0.25190481682235805,0.13840003075385385,0.5623265290431707,0.3708837888747934,0.24813746972667514,0.39217314419713223,0.45587975243147655,-0.17147580056125783,0.40292930457848,-0.2541421596893861,-0.057132971975550687,-0.2067658478453081,0.28299696305693306,0.30976819282666357,-0.312343828085957,-0.4202591012186215,0.07520086110790758,-0.4372582939299581,0.05016722408026756,-0.2784838350055741,0.17640410563948794,-0.2450774612693653,0.15286203052319994,-0.009010879175796717,-0.22203513627801483,-0.35948948602621766,0.13574751085995465,-0.07982162764771461,0.3330104178679891,0.0018913620113020413,-0.34560412101641486,-0.13496328758697573,-0.3919348018298543,-0.3853304117172183,-0.10128781762964671,-0.2985122823203783,-0.0622996194210587,-0.39577134509668244,-0.10404028754853342,-0.3030561642255795,0.04081036404874486,-0.15680621227847616,-0.030223349863529772,0.07624649213854612,-0.007734594241340868,0.12444546957290585,0.10362511052166225,0.277922577172952,0.2496751624187906,0.1145965478799062,0.0016145773267212547,-0.28115173182639447,0.07140276015838234,-0.36889247683850385,-0.09878137854149849,-0.05138968977049937,-0.05926267635413063,0.1830238726790451,-0.2528197439741668,-0.10461692230807673,0.22339599431053703,0.08089032406873486,-0.010448621842924692,-0.035190097259062775,-0.11804097951024488,-0.12396109637488947,0.42900088417329796,0.3284511590358667,-0.03763502863952639,0.12889708991658017,-0.051274362818590706,0.15023257601968246,0.06261484642294238,0.13863068465767117,0.03171491177488179,-0.3730596240341368,0.4055049398377734,-0.2736631684157921,0.04743781955176258,0.2568561872909699,-0.042632529888901705,0.14373582439549457,0.017452812055510705,0.20447468573405606,0.12203898050974513,-0.27282512589858915,-0.049936570176450236,0.010271787183331412,-0.1274593472494522,-0.09358397724214816,-0.0687656171914043,0.4140775765963172,-0.010517818014069888,0.3305885518779072,0.3145657940260639,0.3100987967554684,0.29511398147080303,0.2712489908891708,0.09398377734209819,0.22946219198093262,0.4276938453849998,0.39491792565255834,0.37375158574558875,0.08584938300080729,0.03325260446699727,-0.0790758466920386,-0.29416061200169147
#12,0.4098258563026179,0.45109752815899745,1.0,0.5022258101718372,0.2026602083573598,0.4783531311267443,0.34289009341483107,0.04011071387383231,-0.07838388498058663,0.6700188367354785,0.24644600776534809,-0.22173528620305233,0.34631914811824854,0.014146772767462422,-0.24731480413639334,-0.15692922769384537,0.6843885749432976,0.7236766232268481,-0.36409487563910353,-0.47540844962134315,-0.09413754661130973,-0.4473916887709991,0.07149502171990928,-0.172582939299581,0.08071348940914158,-0.16793910736939222,0.4328681812939684,0.13969169261523084,0.07686925767885289,-0.3560296774689578,0.40519740129935033,-0.1125514165993926,0.6040287548533425,0.1671395071694922,-0.4633606273786184,-0.2681582285780187,-0.4357897974089878,-0.39906200745780956,0.24551570368661824,-0.17050705416522507,-0.04287856071964018,-0.1918656056587091,-0.21768346595932803,-0.561703763502864,-0.07685388075193172,-0.01933648560335217,0.1930573174950986,0.20295236996886173,0.054680352131626496,0.1346326836581709,0.2995425364240956,0.5617345173567062,0.5202475685234306,0.5155806712028601,0.1072463768115942,-0.26729712067043404,-0.14246722792449928,-0.6127244070272556,-0.2630300234498136,-0.19875446891938647,0.0941836773920732,0.2190597009187714,-0.5247222542574866,-0.5219082766309153,0.4796063506708184,0.30758466920385963,-0.4065582593318725,0.08205128205128205,-0.4363279898512282,-0.36430246415253914,0.5322415715219313,0.4200053819244224,-0.34103717372083187,0.21220927997539693,-0.2341214008380425,0.06612078576096567,-0.09697458962826279,0.2781686080036905,0.1125206627455503,-0.3794718025602583,0.25161265521085613,-0.1033329489101603,0.1282435705224311,-0.038242417252912005,-0.21382385730211817,0.3127666935762888,-0.0049436820051512705,-0.1186099258063276,0.2330988351977857,-0.34578864413946875,-0.11078307000345981,0.1344327836081959,-0.0513435589897359,-0.09470649290739246,-0.22265021335486104,0.5936108868642602,0.08827893745434975,0.7171952485295814,0.5736285703302195,0.4909237688847884,0.5663091531157498,0.6498212432245416,0.4842886249183101,0.6198977434359744,0.600999500249875,0.6158920539730135,0.6177680390573944,0.2741244762234267,0.09960404413178027,-0.10822281167108753,-0.32123938030984506
#13,0.4342290393264906,0.3082996963056933,0.5022258101718372,1.0,0.12862030523199938,0.20269096221120209,-0.011517318263944951,0.005281974397416676,-0.0731864836812363,0.6356514050666974,0.1798562257332872,-0.23434436627839927,0.2232114711874832,-0.14385115134740323,-0.24019528697189865,-0.33468650290239493,0.46362203513627803,0.25039787798408486,-0.004836043516703187,-0.16643216853111906,-0.017314419713220314,-0.2350824587706147,-0.047291738746011606,-0.18134009918117863,0.0554953292584477,0.008149771268212048,0.17716526352208511,0.09286126167685388,-0.16527121054857186,-0.402383423672779,0.08340445162034367,0.06438319301887518,0.34904855264675355,-0.0161611501941337,-0.44117172183139197,0.0050590089570599316,-0.2052127782262715,-0.20332141621496944,0.06863491331257449,0.12552954292084728,0.043939568677199864,-0.17705762503363703,-0.24997501249375312,-0.3736516357206012,0.10604697651174413,-0.2601545381155576,0.20165301964402413,0.16737784953677007,0.1192557567370161,-0.10181063314496598,0.0975512243878061,0.047153346403721215,0.17622727097989466,0.09713604736093492,0.0031445815553761583,0.06844270172606004,-0.006888863260677353,-0.31094452773613196,-0.06652827432437627,-0.11000653519394149,0.27374774151385844,0.3835697535847461,-0.22717102986968055,-0.27957559681697614,0.36571714142928535,0.25370391727213315,-0.37235997385922426,-0.06429861992080883,-0.22542574866412948,-0.282943143812709,0.14612693653173414,0.1451505016722408,-0.35458424633836927,0.08335063237611963,-0.0859493330257948,-0.003959558682197363,0.011701841386998809,0.1158574558874409,-0.35486871948641063,-0.2734632683658171,0.1824779917733441,-0.3478645292738246,0.110306385268904,0.01934417406681275,-0.2881866758928228,0.12373813093453273,-0.09273824626148464,0.021865990081882135,0.18915926652058587,-0.27807634644216356,-0.40713489409141584,0.008664898320070735,0.08482681736055049,-0.07176411794102948,-0.34262099719371086,0.22895475339253452,0.1388844039518702,0.3851228232037827,0.4249336870026525,0.2958290085726368,0.2615538384653827,0.19995386921923652,0.1279283435205474,0.2974051435820551,0.3786645138968977,0.41156344904470843,0.29286895014031444,0.21715296198054818,0.368761772959674,-0.04453158036366432,-0.33156498673740054
#17,0.288455772113943,0.25190481682235805,0.2026602083573598,0.12862030523199938,1.0,0.3180794218275478,0.17746511359704764,0.26221504632299236,0.16225733287202554,0.05469572905854765,0.2821051012955061,0.41011801791411984,0.20916464844500826,-0.06395263906508285,-0.16957675008649523,-0.28555722138930534,0.1112981970553185,0.21772959674009149,-0.15699073540153,-0.2634913312574482,0.02428016760850344,-0.18418483066159227,0.046722792449928885,-0.15782108945527237,0.04397032253104217,-0.049636720101487716,0.23440587398608387,0.12232345365778649,0.015499942336524046,-0.015615269288432706,0.22684042594087572,-0.008165148195133202,0.4000768846346058,0.23342943912659056,0.031622650213354864,0.11077538153999923,-0.13559374159074308,-0.09911967093376389,-0.020113020412870487,0.11807942182754777,-0.2804213277976396,-0.15541460039211163,-0.10538576865413447,-0.033390996809287664,-0.22803213777726522,-0.15320801137892592,0.18337754199823164,0.07879137354399723,-0.12089339945411909,-0.07867604659208857,-0.07207165647945259,-0.07736131934032983,0.07233306423711221,0.08742551801022566,-0.04860646599777035,-0.147949102371891,0.07266366816591704,-0.13387152577557376,-0.03392918925152808,-0.08993964556183447,0.026540575865913196,0.05504170991427363,-0.028009072386883483,-0.12787452427632337,0.20754238265482644,0.08622611771037558,0.07284050282551033,0.13237227540076116,-0.21646100026909623,0.10019605581824473,0.12164686887325568,0.16450236420251413,-0.10451697228308922,0.029239226540575865,-0.08198208588013685,0.09153884596163457,0.02052050897628109,0.11679544842963134,0.14472763618190904,-0.13438665282743245,0.007688463460577404,0.10966824280167609,0.2179371852535271,0.23184561565371162,0.315473032714412,0.04526967285587975,-0.05300426709722062,-0.12419943874216738,0.15267750740014607,-0.17150655441510015,0.14079114289009342,0.02824741475416138,0.21613039634029138,-0.04142544112559105,-0.17034559643255295,0.1165724829892746,-0.16669357628877868,0.09238457694229808,0.19898512282320377,0.2748241263983393,0.19946949602122016,0.1631107523161496,0.21410064198669895,0.25973167262522584,0.31305116672433014,0.2510821512320763,0.3357167570061123,0.01311651866374505,-0.004789912735939723,-0.24053357936416409,-0.3071694921769884
#18,0.15445354245953946,0.13840003075385385,0.4783531311267443,0.20269096221120209,0.3180794218275478,1.0,0.05962403413677776,0.019436435628339677,-0.09920424403183024,0.3361319340329835,0.010241033329489101,0.17854918694498903,0.2997424364740707,-0.04689962710952216,-0.21370084188674893,-0.14707261753738515,0.44550801522315764,0.4377349786645139,-0.19517933341021798,-0.3019413370237958,-0.026494445085149733,-0.23369853534771076,0.15809018567639258,-0.18342367277899513,0.18146311459654788,-0.1287586975742898,0.4431630338676815,0.2988505747126437,0.18062507207934494,0.06555183946488294,0.2647906815822858,0.09257678852881251,0.5135278514588859,0.05269672855879753,-0.3579902356514051,0.009795102448775612,-0.32621381616883866,-0.16718563795025565,0.20096105793257218,-0.1798562257332872,-0.16987660016145772,-0.0006765847845308116,0.08951678007150271,-0.13534771076000462,-0.20160688886326067,0.004935993541690693,0.3741206319916965,0.31798716026602086,-0.12944297082228118,0.137323645869373,0.20640449006266098,0.2848268173605505,0.32623688155922037,0.29159266520585864,0.15031714911774882,-0.1104140237573521,-0.17525083612040135,-0.484580786529812,-0.17794179833160342,-0.30475531465036715,-0.06805827855303118,-0.004105639487948333,-0.21780648137469727,-0.26346826586706645,0.4475300811132895,0.14495829008572636,-0.250013454811056,0.02549494483527467,-0.38572252335370777,-0.23076923076923078,0.22312689808941683,0.10357897974089877,-0.2255180102256564,0.0742090493214931,-0.2991888671049091,-0.023765040556644756,-0.11118287010340984,0.1696843885749433,0.24476223426748164,-0.21216314919463344,-0.14087571598815976,0.11834082958520739,0.1292892015530696,-0.14338984353976858,-0.04462384192519125,0.21777572752085494,-0.037558144004920614,-0.09083150732326145,-0.08067504709183869,0.05585668704109484,0.10527044170222581,0.030938376965363473,-0.06034674970207204,-0.05784031061392381,-0.125206627455503,0.3814323607427056,-0.11972475300811133,0.5377003805789413,0.48289701303194554,0.35193172644447007,0.40131472725175876,0.41280898012532197,0.41583823472878945,0.33966093876138853,0.44308614923307577,0.45109752815899745,0.5492484526967285,-0.03602813977626571,0.003959558682197363,-0.09917349017798793,-0.21576135009418368
#26,0.2506592857417445,0.5623265290431707,0.34289009341483107,-0.011517318263944951,0.17746511359704764,0.05962403413677776,1.0,0.29932725944719946,0.22406489063160728,0.3029177718832891,0.5107369392226964,-0.08319686310690809,0.18986660515895898,-0.004405489562910852,-0.015092453773113444,-0.05348095183177642,0.09818167839157345,0.20331372775150885,-0.2940375965863222,-0.31910198746780455,-0.06309921962095875,-0.2593780033060393,-0.05907815323107677,-0.2569561373159574,-0.020159151193633953,-0.1992157767270211,0.06415253911505786,-0.0425325798639142,-0.09743589743589744,-0.31880982585630263,0.11835620651212855,-0.12086264560027679,0.1953715449967324,-0.14657286741244763,-0.24305539537923346,-0.18308538038672972,-0.1731903279129666,-0.3258678353131127,-0.1739745511859455,-0.259347249452197,-0.014308230500134548,-0.21979779341098682,-0.1439664782993119,-0.12702879329565986,0.08680275246991889,-0.022765540306769694,-0.14432014761849846,0.026586706646676662,-0.014200592011686464,0.11082151232076269,-0.0055280052281551535,0.2918771383539,0.1850305616422558,0.19523315265444202,-0.03765809402990812,-0.2595163956483297,-0.038903625110521665,-0.31087533156498676,-0.11353553992234652,-0.03020797293660862,0.16061200169146195,0.18090185676392573,-0.11877138353899973,-0.00402875485334256,0.16537116057355938,0.18028677968707954,0.13424826048514205,0.2814823357551993,-0.01445431130588552,-0.12757467420136087,0.49590589320724254,0.37536616307231,0.23192250028831737,0.15104755314650367,0.13615499942336523,0.3935570676200361,0.21960558182447237,0.23894206742782456,0.2801906738938223,-0.25597970245646406,0.12363049244608465,-0.2576711644177911,-0.08579556375658325,0.13534771076000462,0.1615192403798101,0.16601699150424787,0.20093030407872986,0.03920347518548418,0.10148771767962173,-0.047568523430592397,0.2163302963902664,-0.17761888286625918,-0.1332103179179641,-0.08538807519317264,-0.09494483527467036,0.3636335678314689,-0.014838734478914388,0.2281705301195556,0.16064275554530427,0.1437204474685734,0.1917656556337216,0.20495905893207242,0.08793295659862377,0.09659785491869449,0.31349709760504363,0.2425710221812171,0.2776842348056741,-0.015907430899934648,0.030715411525006727,-0.12568331219005882,-0.36434859493330257
#49,0.5220159151193634,0.3708837888747934,0.04011071387383231,0.005281974397416676,0.26221504632299236,0.019436435628339677,0.29932725944719946,1.0,0.29291508092107793,0.14083727367085688,0.37678084034905623,0.28290470149540614,-0.0055280052281551535,-0.1623342175066313,0.13590896859262677,-0.1480490523968785,0.13604736093491715,-0.06918848268173605,0.004051820243724292,-0.21627647714604237,0.18213969938107868,-0.071518087110291,-0.24290162611002192,-0.0386191519624803,0.2336831584207896,-0.07041094837196786,-0.21736823895744437,-0.18889017029946564,0.08547264829123899,-0.15357705762503363,0.09981932110867643,-0.08973205704839887,0.03601276284934456,-0.02691731057548149,0.018460000768846345,0.04006458309306885,-0.08890170299465652,0.02318840579710145,-0.18055587590819974,-0.030284857571214394,-0.034505824011071384,-0.10717718064044901,-0.09873524776073501,0.07314035290047284,-0.10978356975358475,-0.1408295852073963,-0.42263483642793986,-0.33935340022296545,-0.1767577749586745,-0.08205897051474263,-0.12732864337062239,-0.0007611578825971629,-0.005312728251258986,-0.005727905278130166,0.19424134086802752,-0.005897051474262869,0.00858801368546496,-0.06786606696651674,-0.11638027140276015,0.004851420443624342,-0.03674316687809941,0.16388728712566794,0.013170337907969093,-0.029146964979048937,-0.17412063199169647,-0.2622996194210587,-0.0035136278014838733,-0.233275669857379,0.2221504632299235,-0.004582324222504133,0.23799638642217352,0.11676469457578903,0.096697804943682,-0.07981393918425403,0.22934686502902396,0.1617498942836274,0.17537385153577056,0.17017645023642025,-0.04392419175027871,-0.25259677853381,0.16316457156037367,0.0515819013570138,-0.2010225656402568,0.2593395609887364,0.188228962441856,-0.01350094183677392,-0.013908430400184524,0.0732941221696844,0.1656018144773767,-0.18529196939991543,0.1673701610733095,-0.022173528620305232,0.015153961480798063,-0.29213085764809904,-0.2908776381040249,0.3021719909276131,-0.038596086572098565,-0.10031138277015339,-0.06262253488640296,-0.17408218967439357,-0.02837043016953062,0.031138277015338483,-0.10092645984699958,-0.056802368046745856,0.1296736247260985,-0.0018990504747626188,0.02863952639065083,-0.07796101949025487,0.09061623034636528,-0.06595163956483296,-0.16987660016145772
#50,0.015707530849959635,0.24813746972667514,-0.07838388498058663,-0.0731864836812363,0.16225733287202554,-0.09920424403183024,0.22406489063160728,0.29291508092107793,1.0,0.10399415676776996,0.4314611924806827,-0.06193826163841156,-0.10949909660554338,-0.10264098719870834,0.2631145965478799,-0.06961903663552839,-0.15270057279052782,-0.10250259485641794,0.003959558682197363,-0.2692346134624995,0.21685311190558568,-0.07932956598623765,-0.2883173797716526,-0.23906508284319378,-0.12196209587513936,-0.19729366086187675,-0.23219928497289816,-0.5123668934763388,-0.19575596816976126,-0.030584707646176913,0.10131857148348902,0.032383808095952024,0.012639833929189251,-0.08711029100834199,0.37496636297235997,0.26534425095144737,0.32875869757428977,0.22431860992580632,-0.12114711874831816,-0.04252489140045362,0.22138161688386576,0.1270518586860416,0.247776111944028,0.3149963479798562,0.12472994272094722,-0.17811094452773613,-0.31808711029100833,-0.28126705877830316,-0.2531349709760504,-0.3535309268442702,-0.33230307922961594,-0.2579248837119902,-0.1574674201360858,-0.0673355629877369,0.10454772613693153,0.10636989197708838,0.06402952369968862,0.0024910621612270786,0.01637642717102987,-0.05793257217545074,-0.22553338715257756,0.004220966439856994,0.3230999884673048,0.24530042670972207,-0.30756160381347786,-0.27379387229462193,0.37219082766309153,0.005712528351209011,0.34687271748741016,0.28556490985276595,0.18785991619574827,0.0058509206934994045,0.09339176565563372,-0.05202014377426671,0.3291508092107792,0.24190981432360742,0.2967285587975243,0.07360166070810749,0.14441240918002538,-0.010048821742974667,0.19389536001230154,0.0858416945373467,0.026110021912120862,0.2798523815015569,0.2231345865528774,-0.24530811517318263,-0.10982201207088764,0.10690039595586821,0.19361857532772075,0.16659362626379118,0.3931034482758621,-0.11880213739284204,0.06878868258178603,-0.2560027678468458,-0.30918386960365973,0.02920078422327298,-0.22890862261177103,-0.2178603006189213,-0.20093030407872986,-0.22756314150617,-0.3109291508092108,-0.030600084573098065,-0.26126936531734135,0.0359666320685811,0.04755314650367124,-0.14885634106023912,-0.07884519278822127,-0.04524660746549802,0.13939184254026832,-0.3990235651405067,-0.18549955791335102
#51,0.48425018260100716,0.39217314419713223,0.6700188367354785,0.6356514050666974,0.05469572905854765,0.3361319340329835,0.3029177718832891,0.14083727367085688,0.10399415676776996,1.0,0.35799792411486564,-0.2670818436935378,0.28252796678583786,-0.025310421712220813,-0.11601891362011302,-0.23431361242455695,0.6872256179602506,0.44458539960788834,-0.14775689078537654,-0.33277976396417175,0.006304540037673471,-0.29869680544343213,-0.10788451927882213,-0.16963825779417982,-0.10935301579979241,-0.054918694498904394,0.2205897051474263,0.0012070887633106524,0.10510129550609311,-0.40415945873217235,0.24180986429861992,-0.15135509168492678,0.3450274862568716,-0.06476761619190405,-0.37734978664513896,-0.13362549494483528,-0.30463998769845846,-0.2981509245377311,0.11382001307038789,-0.06279168108253566,0.1303117671933264,0.019559451043708913,-0.1550224887556222,-0.2810902241187099,0.16554799523315267,-0.196324914465844,0.08182062814746473,0.09525237381309345,0.03566678199361858,-0.07427055702917772,0.05032099334947911,0.29512166993426364,0.347257140660439,0.34172913543228384,0.01815246223042325,-0.07099527159497175,-0.11614192903548226,-0.5360550493983778,-0.1665859378003306,-0.24165609502940838,0.025218160150693884,0.281797562757083,-0.353115749817399,-0.2782916234190597,0.33235689847384,0.29195402298850576,-0.3327643870372506,-0.06103871141352401,-0.21410833045015953,-0.33023488255872063,0.37754968669511396,0.3295275439203475,-0.29853534771076,0.09450659285741744,-0.09732057048398877,0.05419597893361012,-0.05210471687233306,0.1747203321416215,-0.018905931649559834,-0.3202168146695883,0.24611540383654326,-0.2878637604274786,-0.005128205128205128,-0.004136393341790643,-0.3066697420520509,0.12702110483219928,-0.18965132818206282,-0.0502210433244916,0.18984353976857726,-0.2148694883327567,-0.1495406143082305,0.050836120401337795,0.028808672586783532,-0.13484027217160652,-0.34588090570099567,0.47280206050820744,0.13924576173451736,0.5226540575865913,0.38020989505247377,0.1621650713104986,0.2957828777918733,0.4744320147618498,0.06700495905893207,0.39021258601468495,0.4771614192903548,0.4359205012878176,0.3431668780994118,0.10845346557490486,0.27382462614846426,-0.06073886133856149,-0.3310191058316995
#52,0.25561834467381694,0.45587975243147655,0.24644600776534809,0.1798562257332872,0.2821051012955061,0.010241033329489101,0.5107369392226964,0.37678084034905623,0.4314611924806827,0.35799792411486564,1.0,-0.0052050897628109025,0.2068119786260716,-0.0981970553184946,-0.02475685234305924,-0.14298235497635797,0.13813093453273365,0.14975589128512667,-0.19634029139276515,-0.38454618844423943,-0.10766155383846539,-0.2953061930573175,-0.29505247376311844,-0.21948256640910313,-0.14660362126628992,-0.08559566370660823,-0.06316841579210394,-0.23704301695306193,0.013816168838657595,-0.28405797101449276,0.10835351554991735,-0.054326682812439936,0.191904047976012,-0.02707107984469304,-0.01773728520355207,-0.009395302348825588,0.013270287932956598,-0.022365740206819668,-0.12321531541921348,-0.055956637066082345,-0.031076769307653865,-0.10708491907892208,-0.03624341675316188,0.08464229423749664,0.004136393341790643,-0.18606850420943374,-0.16236497136047362,-0.09213854611155961,0.08518048667973706,-0.05006727405528005,0.05387306346826587,0.10424787606196902,0.14553492484526967,0.10903778879790874,-0.1612808980125322,-0.17037635028639525,-0.03682005151270518,-0.2595702148925537,-0.13831545765578748,-0.039956944604620764,0.0033444816053511705,0.19334947910660055,0.03841156344904471,-0.028501134048360435,0.1358935916657056,0.053042709414523506,0.15614500442086648,0.11293583977242148,0.088601852919694,-0.050128781762964675,0.4828201283973398,0.3643101526159997,0.19433360242955444,0.04291700303694307,0.1920424403183024,0.2784838350055741,0.21515396148079807,0.26628224349363777,0.17847230231038327,-0.16466382193518625,0.2736939222696344,-0.12768231268980895,0.0994195210087264,0.2221504632299235,0.179041248606466,0.04755314650367124,0.0746857340560489,-0.05428055203167647,0.3161880598162457,-0.06362203513627801,0.1500864952139315,-0.11995540691192864,-0.22040518202437243,-0.12241571521931342,-0.23093837696536348,0.2287548533425595,-0.15984315534540422,0.17459731672625226,0.1619651712605236,0.032737477415138584,0.14584246338369278,0.19939261138661438,0.03974935609118518,0.1652635220851113,0.23767347095682928,0.23546688194364357,0.1965632568331219,0.04228654903317572,0.18766770460923385,-0.20584323223003884,-0.3021104832199285
#53,0.014200592011686464,-0.17147580056125783,-0.22173528620305233,-0.23434436627839927,0.41011801791411984,0.17854918694498903,-0.08319686310690809,0.28290470149540614,-0.06193826163841156,-0.2670818436935378,-0.0052050897628109025,1.0,0.05931649559835467,-0.13505554914850268,-0.08691039095836697,-0.3240841117902587,-0.02576404105639488,-0.24397801099450275,0.18919002037442817,0.04244800676584785,0.03221466189981932,0.018813670088032905,-0.020766539807019566,-0.012609080075346942,0.13534002229654404,0.11244377811094453,0.026871179794718026,0.2066351439664783,0.16833890746934224,0.4788605697151424,-0.03147656940760389,0.3193403298350825,-0.0926152308461154,0.1766193826163841,0.18172452235420752,0.33240302925460347,0.08990120324453157,0.24890631607273286,-0.2425018260100719,0.11702610233344866,-0.0005381924422404183,0.08170530119555607,0.0821358551493484,0.3713835389997309,-0.15483027716910774,0.05793257217545074,0.09760504363203014,0.05618729096989967,-0.09579056625533387,-0.13751585745588743,-0.09737438972821282,-0.354407411678776,-0.2511282820128397,-0.4211663399069696,-0.14405105139737823,-0.11628800984123323,0.062199669396071196,0.10420174528120556,0.12458386191519624,0.00657363625879368,0.00849575212393803,0.08045208165148195,0.31203628954753393,0.15438434628839426,0.0915619113520163,0.11298965901664552,0.15515319263445201,-0.0546111559604813,0.15367700765002115,0.23914196747779956,-0.1852612155460731,-0.006212278476146542,-0.0775458424633837,-0.2522584861415446,-0.08565717141429285,-0.11962480298312382,-0.015945873217237536,0.026394495060162226,-0.05407296351824088,0.03515165494175989,-0.2321531541921347,0.3596048129781263,0.17654249798177835,0.1398070195671395,0.5574289778187829,0.18786760465920885,0.13199554069119288,-0.3067620036135778,0.012278476146542113,0.1600199900049975,0.040648906316072736,0.13149579056625532,0.18539191942490293,0.26426017760350595,0.13753892284626917,-0.10399415676776996,-0.2428401184023373,-0.24510821512320763,-0.0774074501210933,-0.013547072617537384,-0.16698573790028062,-0.14961749894283627,0.0005612578326221505,-0.14050666974205206,-0.09337638872871257,-0.07432437627340176,-0.14082189674393572,-0.07409372236958443,-0.09853534771076,0.20975666013147273,0.08831737977165263
#54,0.25505708684119477,0.40292930457848,0.34631914811824854,0.2232114711874832,0.20916464844500826,0.2997424364740707,0.18986660515895898,-0.0055280052281551535,-0.10949909660554338,0.28252796678583786,0.2068119786260716,0.05931649559835467,1.0,-0.12451466574405105,-0.16976896167300964,-0.36470226425248914,0.2694191365855534,0.36427939876215737,-0.4397186022373429,-0.4895859762426479,-0.1262061277053781,-0.48052127782262716,0.2926536731634183,-0.23816553261830622,0.07609272286933456,-0.16805443432130088,0.2006150770768462,0.0875792872794372,-0.09935801330104178,-0.045031330488601855,0.13954561180947989,0.030461692230807674,0.34652673663168415,-0.0655672163918041,-0.33093453273363316,-0.028939376465613346,-0.1861838311613424,-0.3373543997232153,0.02131242071272056,-0.20668127474724177,-0.13962249644408564,-0.2350824587706147,-0.238242417252912,-0.1810863798869796,-0.1040864183292969,-0.07640026140775766,0.24114865644101027,0.2342982354976358,-0.037373620881866756,0.08025218160150693,0.22227347864529273,0.3188867104909084,0.20768077499711682,0.14908699496405645,-0.022350363279898512,-0.3321185561065621,0.003521316264944451,-0.560266020835736,-0.044454695729058545,-0.08200515127051859,0.12541421596893862,0.24874485834006074,-0.23209164648445008,-0.0643063083842694,0.2949755891285127,0.0184753776957675,-0.11256679352631377,3.844231730288702e-05,-0.2313996847729981,-0.15759812401491563,0.3537923346019298,0.326698189366855,0.03594356667819936,-0.03128435782108945,-0.10912236189597509,-0.03672010148771768,0.064513896897705,0.09869680544343214,0.21165571060623534,-0.2282397262907008,0.07018798293161112,-0.286564410102641,0.11777188328912466,-0.007280974897166801,-0.012309230000384423,0.41051012955060934,0.28709491408142085,-0.12234651904816822,-0.01729904278629916,-0.19168877099911583,-0.2263406758159382,0.0557336716257256,-0.2856110406335294,0.11718756006612079,-0.009556760081497712,0.3273209549071618,-0.16061969015492253,0.4209126206127705,0.27460116095798254,0.31141352400722716,0.3836312612924307,0.36486372198516126,0.24628455003267596,0.1668934763387537,0.3676469457578903,0.5176488678737554,0.3836312612924307,0.0639987698458463,-0.033852304616922305,0.23097681928266636,-0.01388536500980279
#58,-0.2310998346980356,-0.2541421596893861,0.014146772767462422,-0.14385115134740323,-0.06395263906508285,-0.04689962710952216,-0.004405489562910852,-0.1623342175066313,-0.10264098719870834,-0.025310421712220813,-0.0981970553184946,-0.13505554914850268,-0.12451466574405105,1.0,0.29188482681736055,0.17617345173567062,0.07085687925268135,-0.047153346403721215,-0.11593434052204667,-0.06312228501134048,0.0494368200515127,0.1071464267866067,0.14343597432053204,0.18177065313497098,-0.1136124245569523,-0.10769999615576827,-0.16395648329681314,-0.15585284280936454,0.22431092146234574,-0.12216199592511437,0.3347018798293161,0.12314611924806827,0.004128704878330065,-0.02930842271172106,0.11927882212739783,0.04885249682850882,0.138961288586476,-0.0388574943297582,0.04966747395533003,-0.11132126244570023,0.0321531541921347,0.0815899742436474,0.058432322300388265,0.0685964709952716,-0.0973820781916734,-0.09508322761696075,-0.08751009110829201,-0.0742090493214931,-0.16344135624495446,0.00048437319801637643,-0.15289278437704223,0.10184907546226886,0.016268788682581786,0.10130319455656787,0.23668165917041478,0.14595779033560144,-0.12015530696190366,0.14016837734978665,-0.25593357167570063,-0.0920385960865721,0.02736324145619498,-0.12522200438242417,0.11764886787375543,0.09245377311344327,-0.18239341867527775,-0.17340560488986276,0.32848960135316957,0.3156268019836236,0.09184638450005767,0.0031368930919155806,0.05469572905854765,-0.02585630261792181,-0.011255910506285318,0.07217160650444009,0.09970399415676777,-0.12724407027255602,-0.03468265867066467,0.021781416983815784,0.2677046092338446,0.15280052281551532,0.24752239264982892,0.10986045438819052,-0.007811478875946642,-0.1892438396186522,-0.02314996347979856,-0.09269211548072118,-0.13357167570061124,-0.06648983200707338,0.1636643216853112,0.11923269134663438,0.27521623803482875,-0.08810979125821705,-0.026794295160112253,-0.1311651866374505,-0.23806558259331873,-0.02760158382347288,-0.11747972167762273,0.005997001499250375,-0.18477684234805675,-0.15688309691308192,0.08581094068350441,0.0018375427670779994,0.06335293891515781,0.10191827163341406,-0.13182639449506017,-0.17787260216045822,0.107523161496175,0.11671087533156499,0.08459616345673317,-0.17852612155460731,-0.011740283704301696
#101,-0.20405182024372429,-0.057132971975550687,-0.24731480413639334,-0.24019528697189865,-0.16957675008649523,-0.21370084188674893,-0.015092453773113444,0.13590896859262677,0.2631145965478799,-0.11601891362011302,-0.02475685234305924,-0.08691039095836697,-0.16976896167300964,0.29188482681736055,1.0,0.41875985084380885,-0.3038788298158613,-0.3023334486602852,0.2725022104332449,0.20220658901318572,0.7149117748817899,0.444447007265598,0.13330257947949103,0.045169722830892246,0.023057701918271632,-0.14621150962980048,-0.5191942490293315,-0.6234728789451428,0.21566140006919618,0.05060546649752047,-0.3102448775612194,0.037727290201053316,-0.37211394302848577,-0.4684888325068235,0.26942682504901394,0.18938223196094262,0.26350670818436933,0.13986083881136355,-0.21093299504094107,-0.0521585361165571,0.059470264867566215,0.14122169684388575,0.315672932764387,0.29003959558682196,-0.15356936916157307,-0.1576673201860608,-0.5507092607542383,-0.5016337984853727,-0.4670664667666167,-0.3797485872448391,-0.6014992503748126,-0.1448814054511206,-0.4424018759850844,-0.053534771076000465,0.4251028331987852,0.49205397301349324,-0.2013993003498251,0.04627686156921539,-0.3899973090377888,-0.2439318802137393,-0.07726136931534233,-0.010056510206435243,0.2894629608272787,0.39916964594625765,-0.5185022873178795,-0.1793103448275862,0.3642717102986968,0.04503901895206243,0.5422211970937608,0.31012186214585014,0.08437319801637642,0.11345096682428017,0.36976127320954905,-0.010371737208318917,0.49430669280744244,0.0932995040941068,0.29695152423788107,-0.2090185676392573,0.1416061200169146,0.03127666935762888,0.09558297774189828,0.07462422634836428,-0.19689386076192672,0.0742090493214931,0.08002152769768962,-0.19610194902548725,-0.09353784646138469,0.029154653442509514,-0.032845115903586665,0.1679160419790105,0.2819743974166763,-0.2611386614385115,-0.15721370084188674,-0.38130165686387574,-0.38127090301003347,-0.10913773882289625,-0.18792911236689347,-0.37243685849383,-0.4883096913081921,-0.47230999884673047,-0.3586898858263176,-0.3165494175988929,-0.17725752508361203,-0.3074616537884904,-0.2938376965363472,-0.50945296582478,-0.3126821204782224,0.06542113558605313,-0.19282666359128128,-0.21121746818898243,-0.21459270364817593
#102,-0.13816168838657594,-0.2067658478453081,-0.15692922769384537,-0.33468650290239493,-0.28555722138930534,-0.14707261753738515,-0.05348095183177642,-0.1480490523968785,-0.06961903663552839,-0.23431361242455695,-0.14298235497635797,-0.3240841117902587,-0.36470226425248914,0.17617345173567062,0.41875985084380885,1.0,-0.21053319494099104,0.066551339714758,0.3763733517856456,0.4769615192403798,0.12499903894206743,0.5670549340714258,0.11341252450697728,0.3989466805059009,-0.06987275592972744,0.24126398339291893,-0.34893322569484486,-0.2058201668396571,0.41230154153692383,0.11362011302041287,-0.19740129935032483,-0.21220159151193635,-0.18829047014954062,-0.19640948756391036,0.12002460308307385,-0.042709414523507475,0.14908699496405645,0.2590704647676162,-0.13487102602544881,0.05131280513589359,-0.11329719755506862,0.18899012032445317,0.2152385345788644,0.1377003805789413,-0.2247337869526775,-0.22134317456656288,-0.27384000307538536,-0.31046784300157615,-0.31042940068427327,0.03016953061930573,-0.13766193826163842,0.10627763041556144,-0.229746665128974,0.24571560373659324,-0.03189943489793565,0.3455041709914274,-0.5279206550570869,0.12805904739937723,-0.3551993234152155,-0.2246722792449929,-0.2040133779264214,-0.34571175950486294,0.06247645408065198,0.2862030523199938,-0.2647214854111406,-0.17749586745088994,0.08807903740437474,0.05164340906469842,0.318348518048668,0.27309422211970935,0.11707223311421212,0.11388920924153308,0.33084995963556685,0.18857494329758198,-0.0009303040787298658,0.12284626917310576,-0.0722023603582824,-0.19171183638949757,0.1710760004613078,0.45647176411794105,0.0019298043286049282,0.15204705339637872,-0.1879214239034329,-0.05940106869642102,-0.08129012416868489,-0.27739976165763275,-0.291584976742398,0.07521623803482874,-0.15735209318417714,0.1783877292123169,0.18498443086149233,-0.17755737515857456,-0.20077653480951832,-0.33484796063506705,-0.027186406796601698,-0.17119901587667705,0.3226463691231307,-0.207350171068312,-0.10531657248298927,-0.2080036904624611,-0.11243608964748394,-0.17565832468381193,-0.04973667012647522,-0.13869988082881637,-0.26078499211932493,-0.3595125514165994,-0.195779033560143,-0.06699727059547149,-0.26801214777226773,-0.3060469765117441,-0.1296351824087956
#201,0.4636604774535809,0.28299696305693306,0.6843885749432976,0.46362203513627803,0.1112981970553185,0.44550801522315764,0.09818167839157345,0.13604736093491715,-0.15270057279052782,0.6872256179602506,0.13813093453273365,-0.02576404105639488,0.2694191365855534,0.07085687925268135,-0.3038788298158613,-0.21053319494099104,1.0,0.5626263791181333,-0.11113673932264637,-0.36929227693845385,-0.1440664283242994,-0.3482720178372352,0.026163841156344906,0.03559758582247338,0.06831199784723023,0.07077999461807558,0.3149040864183293,0.12060892630607772,0.31579594817975626,-0.23452120093799253,0.522077422827048,-0.13295659862376505,0.45014415868988583,0.22370353284896013,-0.3265751739514858,-0.16395648329681314,-0.3964171760273709,-0.19146580555875908,0.19318802137392843,0.018644523891900203,0.014623457502018222,0.00900319071233614,-0.2093184177142198,-0.3988467304809134,-0.05980855725983162,-0.133248760235267,0.11695690616230346,0.063422135086303,0.028032137777265213,0.12489140045361935,0.20712720562795525,0.3713220312920463,0.44115634490447087,0.37129127743820395,0.12709798946680506,-0.14205973936108868,-0.2534732633683158,-0.5296736247260985,-0.2905085918579172,-0.24653826932687503,0.10436320301387768,0.3211624956752393,-0.4073194172144697,-0.3810479375696767,0.3991773344097182,0.24151770268711797,-0.41952869718986663,-0.15529927344020297,-0.3313727751508861,-0.3528620305231999,0.37588897858762926,0.2618844423941875,-0.37116057355937415,0.16531734132933534,-0.29192326913466343,-0.07375542997731903,-0.1627724599238842,0.21617652712105487,-0.0054434321300888015,-0.22297312882020529,0.3358628378118633,-0.08512666743551302,0.1511090608541883,-0.19633260292930457,-0.24247107215622957,0.2750240264483143,-0.1427363241456195,-0.14342059739361088,0.2753623188405797,-0.32301541536923845,-0.09506785069003959,0.2530042670972206,0.21945181255526083,-0.08254334371275901,-0.208095952023988,0.5238688348133625,0.20288317379771653,0.5893053473263369,0.46906546726636683,0.22227347864529273,0.4302541037173721,0.5397301349325337,0.3002344981355476,0.5477645792488371,0.4131011417368239,0.48544189443739666,0.4180755775958175,0.2827893745434975,0.26365278899012035,-0.014723407527005728,-0.22208126705877831
