,#10,#11,#12,#13,#17,#18,#26,#49,#50,#51,#52,#53,#54,#58,#101,#102,#201,#202,#301,#302,#401,#402,#501,#502,#601,#602,#701,#702,#801,#802,#901,#902,#1001,#1002,#1101,#1102,#1201,#1202,#1301,#1302,#1401,#1402,#1501,#1502,#1601,#1602,#1701,#1702,#1801,#1802,#1901,#1902,#2001,#2002,#2101,#2102,#2201,#2202,#2301,#2302,#2401,#2402,#2501,#2502,#2601,#2602,#2701,#2702,#2801,#2802,#2901,#2902,#3001,#3002,#3101,#3102,#3201,#3202,#3301,#3302,#3401,#3402,#3455,#3501,#3502,#3601,#3602,#3701,#3702,#3801,#3802,#3901,#3902,#4001,#4002,#4101,#4102,#4201,#4202,#4301,#4302,#4401,#4402,#4501,#4502,#4601,#4602,#4701,#4702,#4801,#4802
#10,1.0,0.2558023332599604,0.2760686770856262,0.3427074620294959,0.0599405679066696,0.3780475456746643,0.034213075060532686,0.5364120625137574,0.22445300462249615,0.18904028175214616,0.21957957296940347,0.2008496588157605,0.12431873211534228,-0.008531807175874973,-0.2961699317631521,0.01314109619194365,0.08305304864626899,0.15421527624917455,0.18986352630420428,0.11748624257098833,-0.31021571648690294,0.1075676865507374,-0.15648470173893902,0.0946731234866828,0.04345146379044684,0.2041866607968303,0.09047765793528506,0.3382588597842835,0.07554259300022012,0.22997358573629761,-0.13274047985912393,0.001325115562403698,0.015265243231344927,0.18532247413603345,0.12055029716046665,0.17999559762271627,0.03716266784063394,0.19174994497028394,0.006202949592780101,0.14010125467752588,0.02900726392251816,-0.10373321593660577,-0.17672243011226063,-0.21341184239489325,-0.469933964340744,-0.1639489324235087,0.2149042482940788,0.30074180057230904,-0.031175434734756768,0.09178956636583756,0.021474796390050628,0.09856482500550297,-0.0977525863966542,0.1391503411842395,-0.1422738278670482,0.08518600044023773,-0.35850759410081445,-0.23873651771956858,0.032311248073959936,0.07440017609509135,-0.06315650451243672,-0.27552058111380145,0.1660576711424169,0.11428131190843055,0.387343165309267,0.2732489544353951,-0.15570548095971826,-0.13554699537750386,0.036326216156724635,-0.02242791107197887,0.09627338762931983,0.03245652652432313,-0.11435615232225402,0.21618754127228704,-0.026053268765133173,-0.1913779440898085,-0.235181598062954,-0.19756988773937925,-0.14181818181818182,0.05071978868589038,0.0025907990314769976,0.26715606427470834,-0.2548206031256879,-0.10433634162447722,0.07308826766453885,-0.1707902267224301,-0.03239049086506714,0.11967642526964561,0.10565925599823905,0.10613471274488223,-0.030660356592559983,-0.015212414703940127,0.08653753026634382,-0.10038080563504292,-0.11068456966762051,-0.2780629539951574,0.23190182698657275,0.10671802773497689,0.18199207572088927,0.22809156944750164,0.2836231565045124,0.09938586836891922,0.10789566365837552,0.2644287915474356,0.2298151001540832,0.35541712524763375,0.17828747523662777,-0.315725291657495,-0.06761611270085846,-0.029502531366938145,0.006790666960158486
#11,0.2558023332599604,1.0,0.3285163988553819,0.13084745762711864,-0.0765661457186881,0.03619854721549637,0.3447457627118644,0.20888839973585735,0.21057671142416906,0.4071494607087827,0.43062733876293197,0.02137574290116663,0.15370900286154524,-0.07695575610829848,-0.0549240589918556,0.10789566365837552,0.26124147039401274,0.2843495487563284,0.05808056350429232,0.2766607968302884,-0.07120845256438477,0.034791987673343606,0.21332599603786045,-0.0019348448162007485,0.08087387189082104,0.16589478318291878,0.11707462029495928,0.011292097732775699,0.077046004842615,0.08944970283953335,0.020024213075060533,-0.15584195465551398,0.010779220779220779,0.17397314549856924,-0.007285934404578472,0.1439555359894343,0.023013427250715385,0.14861325115562404,0.19530266343825667,-0.000275148580233326,-0.046506713625357694,0.172623816861105,0.13528285274047985,0.09208232445520581,-0.18705701078582435,-0.05283072859344046,0.006689412282632622,0.03675104556460489,0.07687871450583315,-0.09535549196566145,0.11407219898745323,0.13053488883997358,0.17387409200968523,0.15419986792868148,-0.0736517719568567,0.22041602465331278,-0.14386748844375963,-0.17869249394673123,-0.13691833590138675,-0.16025974025974027,0.04461369139335241,-0.1304028175214616,-0.02701518820162888,-0.025712084525643848,0.14182918776139114,0.387706361435175,-0.15180277349768875,-0.006894122826326217,0.11741360334580674,0.21126788465771518,0.24076821483601143,0.1424058991855602,0.07683028835571208,0.0387673343605547,0.0692493946731235,0.13877834030376404,-0.11481399955976228,-0.09568346907329958,-0.1422077922077922,-0.06996257979308827,-0.02235527184679727,-0.10788025533788245,-0.07573629760070438,-0.030781421967862647,0.08202729473915915,-0.11504732555580013,0.002654633502091129,0.04029275808936826,-0.09903808056350429,-0.05404798591239269,-0.12413823464670923,-0.15198106977767994,-0.1837442218798151,-0.23415364296720229,-0.2941140215716487,0.12454765573409642,0.2070680167290337,0.34929341844596085,0.2629407880255338,0.21187981510015408,0.12038300682368479,0.2187805414924059,-0.032000880475456746,0.16289016068677087,-0.192293638564825,-0.0337970504072199,-0.07476777459828307,-0.1455249834910852,0.06794188861985472,-0.1833480079242791,-0.2223992956196346
#12,0.2760686770856262,0.3285163988553819,1.0,0.2627646929341845,0.2116200748404138,0.39630420427030594,0.2643913713405239,0.1235659255998239,0.14300242130750607,0.453944530046225,0.38115562403697995,0.09184239489324235,0.27740259740259743,0.19404578472375084,-0.20966762051507815,-0.00042923178516398854,0.3466189742460929,0.7100792427911072,-0.11703059652212194,0.0464010565705481,-0.3739863526304204,-0.16152322254017168,0.09744662117543473,0.23070217917675545,0.1249900946511116,0.1669205370900286,0.2481399955976227,0.1470327977107638,0.22361655293858684,0.0537442218798151,0.34608628659476115,0.18099713845476556,0.16324014968082765,0.023913713405238828,-0.03610609729253797,-0.12956856702619415,-0.13619854721549637,0.20016068677085627,0.21918776139115123,0.04517059211974466,0.1793616552938587,0.022414703940127668,0.11344486022452124,0.07382566585956417,-0.05458067356372441,0.14939027074620295,-0.1801386748844376,0.14624477217697557,0.3037200088047546,0.2865705480959718,0.47641866607968303,0.5107241910631741,0.2306669601584856,0.21986572749284614,-0.35918556020250936,-0.09271186440677966,-0.42012106537530264,-0.3329011666299802,-0.13231565045124366,0.13131631080783623,-0.18573849878934626,-0.19991635483160908,0.007369579572969403,-0.12687651331719127,0.08599163548316091,0.11606867708562624,-0.07617433414043584,-0.13564604886638784,0.14666299801893024,0.18852080123266565,0.458333700198107,0.02272066916134713,-0.18088928021131412,-0.11082324455205811,-0.3498789346246973,-0.1679440898084966,-0.4434360554699538,-0.316649790887079,-0.07283953334800793,0.09944530046224961,-0.2356834690732996,-0.012170372000880475,0.10445520581113801,-0.049839313229143735,0.07195905789126128,-0.060913493286374645,-0.009255998239049086,-0.0798613251155624,-0.16161127008584636,-0.01425709883337002,-0.022744882236407662,-0.14178736517719567,0.13210433634162447,-0.072557781201849,-0.15606647589698436,0.40369579572969405,0.2844750165089148,0.6589038080563504,0.5474356152322254,0.36708782742681045,0.46654853620955317,0.6306999779881136,0.44636363636363635,0.38660136473695794,0.2184195465551398,0.3227734976887519,0.1711600264142637,-0.3313383226942549,-0.1543429451904028,-0.17572529165749504,-0.17266563944530047
#13,0.3427074620294959,0.13084745762711864,0.2627646929341845,1.0,0.05271186440677966,0.2002443319392472,0.031215056130310368,-0.024014968082764692,-0.09808716707021792,0.5837882456526524,0.2427624917455426,0.06038300682368479,0.13126128109178956,0.16502091129209773,-0.3218489984591679,0.127211093990755,0.4051595861765353,0.13464230684569667,-0.11360114461809377,0.30478758529605987,-0.36211974466211755,0.20282412502751485,-0.015419326436275589,0.1988465771516619,-0.082161567246313,0.17105877173673784,0.2613845476557341,0.4761963460268545,0.06410521681708123,0.2554853620955316,0.18302443319392472,0.28351749944970284,0.3662161567246313,0.26555800132071317,0.0062425709883337,0.009867928681488003,-0.13921197446621175,0.2741382346467092,-0.02968302883557121,0.23863086066475897,0.04909090909090909,-0.07495927801012547,-0.03437376183138895,0.02681928241250275,-0.06007043803653973,0.06474796390050627,0.4293154303323795,0.5203609949372662,0.2757032797710764,0.2684943869689632,0.32983491085186,0.2188201628879595,0.015034118423948932,0.061620074840413826,-0.28771076381245875,0.10357252916574951,-0.42902047105436936,-0.10041382346467093,0.10918996257979309,0.3155580013207132,-0.27860004402377286,-0.25970504072198985,0.2328351309707242,0.10819942769095311,0.22669381465991637,0.25650451243671585,-0.017756988773937925,-0.004047985912392692,-0.2181796169931763,-0.09579132731675105,-0.07451243671582655,-0.041928241250275146,-0.3203477878054149,-0.14142416905128768,-0.2746511116002641,-0.30287695355491967,-0.5051882016288796,-0.38323134492626015,-0.08890821043363416,0.17793968743121286,-0.2177195685670262,-0.061358133392031694,-0.1395839753466872,-0.42412502751485803,-0.0728351309707242,-0.22161787365177196,-0.2660290556900726,-0.11561082984811798,0.04812458727712965,-0.15320493066255778,-0.16112260620735197,-0.06270746202949593,0.2530442438917015,-0.13581994276909531,-0.08325335681267884,0.007455425930002201,0.18418886198547216,0.29942769095311467,0.41691613471274486,0.30673343605546993,0.3766651992075721,0.36169711644287916,0.30535769315430333,0.3769051287695355,0.3228527404798591,0.48204710543693596,0.33566365837552276,-0.40811358133392034,-0.016264582874752367,-0.09293858683689192,-0.02364736957957297
#17,0.0599405679066696,-0.0765661457186881,0.2116200748404138,0.05271186440677966,1.0,0.5022320052828527,0.10977107638124588,0.1255690072639225,0.057301342725071536,0.06389170151882016,0.059128329297820824,0.5254567466431873,0.40078142196786265,0.1237838432753687,-0.10579572969403478,-0.2845036319612591,-0.06580893682588598,0.14868589038080562,-0.17908650671362536,-0.3598040942108739,-0.35863086066475897,-0.3841514417785604,0.07578472375082544,-0.022791107197886858,0.18029716046665198,-0.07908650671362535,0.03979308826766454,-0.16696235967422407,-0.01920096852300242,-0.4033348007924279,0.1923464670922298,0.12646268985252035,0.025738498789346247,-0.15345366497908872,-0.10401937046004843,-0.15432313449262602,-0.012044904248294078,-0.1737508254457407,0.14211093990755008,-0.10349328637464231,0.061419766674003964,-0.2380893682588598,-0.007175874972485142,0.029515738498789346,0.06207131851199648,-0.017140655954215277,-0.18279991195245432,-0.08570548095971825,0.07773057451023553,0.03540391811578252,0.09715166189742461,0.1274554259300022,0.12097512656834691,-0.05128989654413383,-0.22067576491305305,-0.3543627558881796,-0.026940347787805415,-0.17639665419326436,0.17546114902047105,0.12187321153422849,0.13454985692273827,0.10543033237948492,0.10720008804754567,0.1699471714725952,-0.18935725291657496,-0.2046929341844596,0.16338983050847458,0.1899273607748184,0.0448646268985252,0.16903367818622056,0.24577151661897426,0.06961919436495707,-0.010898084965881577,0.14365397314549858,-0.08175434734756769,-0.06526524323134493,-0.12128109178956636,-0.059478318291877615,-0.11402377283733216,-0.17312348668280872,0.38362315650451245,0.465775918996258,0.2984679727052608,0.2535064935064935,0.3618666079683029,0.14226942548976448,0.20830288355712084,0.27823244552058113,-0.18948492185780322,0.21925159586176535,0.11918556020250935,0.1565529385868369,0.1641800572309047,0.09362976007043804,0.22062293638564826,0.19617873651771958,-0.10790006603565926,0.22839533348007923,0.07007484041382346,0.035569007263922515,0.018875192604006163,0.28568346907329956,0.07023112480739599,0.16003081664098615,0.07773497688751926,0.16267224301122607,0.07101915034118424,0.08637904468412944,-0.04208012326656394,0.26675764913053046,0.21016288795949814
#18,0.3780475456746643,0.03619854721549637,0.39630420427030594,0.2002443319392472,0.5022320052828527,1.0,0.09965441338322695,0.21401716927140657,0.09536429672022892,0.16608848778340304,0.1506317411402157,0.5169755668060753,0.46903808056350427,0.2719348448162007,-0.27919876733436055,-0.3091811578252256,0.11475676865507374,0.3715430332379485,-0.08526084085406119,-0.16932863746423069,-0.42726832489544353,-0.2984591679506934,-0.1328087167070218,0.18932423508694696,0.02717807616112701,0.26187541272287035,0.20607968302883556,0.1084833810257539,0.07685009905348889,0.05299581774158045,0.19609289016068676,0.31231124807395994,0.12809377063614352,0.010682368478978648,0.034281311908430555,-0.001336121505613031,-0.10527624917455426,0.09424169051287695,0.056209553158705704,0.043662777900066035,0.22513977547875852,-0.17865067136253576,0.013684789786484701,0.013332599603786044,-0.03170372000880475,-0.016746643187321154,0.06742460928901607,0.22477657935285053,0.20758309487123047,0.1595333480079243,0.2375280651551838,0.375544794188862,0.127673343605547,0.06506053268765133,-0.4075236627779001,-0.24428791547435616,-0.3836363636363636,-0.3750297160466652,0.007327756988773938,0.2317147259520141,0.03978648470173894,-0.04907329958177416,0.19974025974025975,0.13548316090688972,0.04066916134712745,-0.08780761611270085,0.06229583975346687,-0.16881576051067576,0.08296940347787805,0.07302223200528285,0.2773167510455646,0.09283292978208232,-0.25528285274047985,0.10763152102135153,-0.1710477657935285,-0.14366057671142418,-0.34425489764472816,-0.20561963460268545,-0.03935725291657495,0.04922298040942109,0.09190182698657275,0.48257979308826765,0.006460488663878494,0.09546775258639666,0.2860114461809377,0.09489764472815321,0.14408320493066257,0.15318732115342285,0.016577151661897424,0.22971384547655735,0.14864406779661016,0.05648690292758089,0.14370019810697776,-0.11275368699097513,-0.12872991415364296,0.0488597842835131,0.055595421527624915,0.3462359674224081,0.4680783623156505,0.13378164208672683,0.3790380805635043,0.4250935505172793,0.37500770416024654,0.33379925159586177,0.4135901386748844,0.4715760510675765,0.31114461809377064,-0.1910807836231565,-0.03273827867048206,0.011307506053268765,-0.0068589038080563505
#26,0.034213075060532686,0.3447457627118644,0.2643913713405239,0.031215056130310368,0.10977107638124588,0.09965441338322695,1.0,0.030215716486902928,0.31659035879374864,0.2985296059872331,0.17254237288135593,0.12258199427690954,0.19351529826106098,0.3711600264142637,-0.1174818401937046,0.033570327977107635,-0.031569447501650895,0.15961038961038962,-0.1556614571868809,0.07802773497688752,-0.20439137134052388,-0.20418445960818843,0.022733876293198327,-0.1768280871670702,-0.15901386748844376,-0.09567026194144838,-0.06423068456966761,-0.052423508694695135,-0.08210873871890821,0.1222804314329738,0.045582214395773715,0.036493506493506495,-0.03496808276469293,0.10374202069117323,0.01898745322474136,0.1379969183359014,0.1097952894563064,-0.05915254237288135,0.2433281972265023,-0.021846797270526085,-0.0046511116002641425,0.07311688311688312,0.13342945190402816,-0.0850231124807396,-0.0004116222760290557,0.015227823024433195,0.045881576051067574,0.05617213295179397,0.01109619194364957,0.020693374422187983,0.07127008584635704,0.10180497468633062,-0.03143957737178076,-0.04120845256438477,-0.20523222540171693,-0.1791635483160907,-0.07614571868809157,-0.24737178076161126,-0.12473695795729695,-0.0036803874092009685,0.009308826766453886,0.04763152102135153,-0.010836451683909312,0.047545674664318735,0.08195025313669381,0.13219898745322475,0.015758309487123045,0.09296059872331058,0.013748624257098833,0.28635042923178516,0.3348910411622276,0.1544023772837332,0.02532027294739159,-0.1791745542593,0.009016068677085626,0.07604666519920757,-0.033535108958837774,-0.058529605987233106,-0.15650231124807396,-0.20246973365617432,0.1289522342064715,0.015844155844155845,-0.018412942989214174,0.0738300682368479,0.11044684129429892,0.22453885097952894,0.12382786704820603,0.05466872110939908,0.11107197886858904,0.06936165529385868,-0.08238828967642527,-0.10318732115342284,-0.030330178296279993,0.11617433414043583,-0.09532247413603345,0.23173233546114902,0.17406999779881135,0.39250055029716047,0.21436275588817963,0.13483601144618093,0.11809597182478539,0.19803433854281313,0.13484921857803214,0.18569007263922518,-0.0775478758529606,-0.0200726392251816,-0.18499889940567907,0.097640325775919,0.17998899405679067,-0.04757208892802113,-0.15535549196566145
#49,0.5364120625137574,0.20888839973585735,0.1235659255998239,-0.024014968082764692,0.1255690072639225,0.21401716927140657,0.030215716486902928,1.0,0.22200748404138235,-0.0761171032357473,0.16558441558441558,0.30613471274488224,-0.07730574510235527,-0.13364736957957296,0.06988994056790666,-0.1709421087387189,-0.08446621175434735,0.23076821483601145,0.4700968523002421,0.1281664098613251,-0.1307660136473696,-0.06561303103675985,-0.03457627118644068,-0.20032137354171253,-0.03635263042042703,-0.051217257318952235,-0.20516839093110278,-0.009381465991635482,0.10575170592119745,0.04821483601144618,-0.3338036539731455,-0.12892581994276908,-0.1556680607528065,-0.09696896324014968,0.22519040281752145,0.3241470394012767,0.1669227382786705,0.007787805414924059,-0.1515166189742461,-0.19979308826766454,0.1263878494386969,-0.07839313229143738,-0.10082544574069997,-0.3573673783843275,-0.3554061193044244,-0.3421109399075501,0.03060972925379705,-0.06810037420206912,-0.13871670702179176,-0.23866387849438697,-0.11226722430112261,-0.09500110059432093,-0.17300682368478978,0.023414043583535108,-0.16059432093330397,0.002740479859123927,-0.1372705260840854,-0.2877503852080123,-0.19355051727933084,-0.10565925599823905,-0.024701738939027076,-0.35650231124807397,0.11543253356812679,0.09401716927140656,0.2780959718247854,0.19368699097512657,-0.18714065595421528,0.04152322254017169,0.3838058551617874,0.14882236407660138,0.21531807175874973,0.03882236407660136,0.2240413823464671,0.4275302663438257,0.3285560202509355,0.17410301562843936,0.11466211754347348,0.04341184239489324,-0.002073519700638345,-0.06368258859784283,0.15576491305304865,0.17347127448822364,-0.28973365617433416,0.34940788025533787,0.2606207351970064,-0.026130310367598504,-0.09342945190402817,0.14762491745542594,0.06453664979088708,0.008470173893902708,0.007422408100374202,-0.014712744882236407,-0.050774818401937045,-0.2441470394012767,-0.18933744221879814,-0.18053929121725731,0.12754347347567688,-0.03401716927140656,-0.15209112920977327,-0.10169931763152103,0.04461369139335241,-0.18199867928681487,-0.14600924499229584,-0.06381465991635484,0.013370019810697777,-0.04802113141096192,-0.0323200528285274,-0.07392031697116443,-0.17421307506053268,-0.16628659476117102,-0.021996478098173015
#50,0.22445300462249615,0.21057671142416906,0.14300242130750607,-0.09808716707021792,0.057301342725071536,0.09536429672022892,0.31659035879374864,0.22200748404138235,1.0,-0.07652652432313449,0.07085846357032798,0.43950913493286375,0.31384547655734096,0.2837662337662338,0.09205591019150342,-0.07084525643847678,-0.07146158925819943,0.11293418445960819,0.19785384107418005,0.04938366718027735,0.01829407880255338,-0.15085186000440237,-0.04654853620955316,-0.045408320493066257,0.029834910851860005,0.04667180277349769,-0.32173013427250713,-0.37552718467972707,0.2348250055029716,0.13296279991195245,0.04749724851419767,-0.1162425709883337,-0.16143297380585517,0.10496808276469294,0.2512502751485802,0.3038828967642527,0.30461809377063614,-0.06006823684789787,0.0877129650011006,-0.06120405018710103,0.09533788245652652,-0.020365397314549855,0.2680959718247854,-0.0399801893022232,-0.052480739599383666,-0.04780101254677526,-0.15990314769975786,-0.26012987012987016,-0.41273387629319835,-0.26869689632401494,-0.23423728813559322,-0.11583535108958838,-0.3954985692273828,-0.21414043583535108,-0.17817301342725073,-0.020068236847897866,-0.200297160466652,-0.3536561743341404,-0.03735857362976007,0.06920757208892803,0.2068545014307726,-0.05530266343825666,0.17423948932423508,0.0059300022011886415,-0.1897754787585296,0.012181377944089808,0.22509355051727933,-0.11148580233325996,0.35312348668280874,0.18528065155183798,0.4318247853841074,0.09879815100154084,0.2001188641866608,-0.007968302883557122,0.19565925599823905,-0.1296896324014968,0.08031476997578693,-0.17331278890600924,0.061569447501650894,0.12048426150121065,0.28157825225621835,0.2743715606427471,0.07627118644067797,0.32416464891041163,0.18911292097732776,0.2861589258199428,0.14478758529605987,0.031943649570768215,0.2217543473475677,0.3571076381245873,0.19471274488223642,0.3066850099053489,0.0488663878494387,0.04682148360114462,-0.07345146379044684,-0.05745322474136033,0.1198084965881576,0.06750385208012327,-0.12217697556680608,0.029192163768434955,-0.2228417345366498,0.03196566145718688,0.01961699317631521,0.10043803653973145,-0.06082104336341625,-0.02889720449042483,-0.37435395113361214,0.1601386748844376,-0.035177195685670265,-0.03038961038961039,-0.06639225181598063
#51,0.18904028175214616,0.4071494607087827,0.453944530046225,0.5837882456526524,0.06389170151882016,0.16608848778340304,0.2985296059872331,-0.0761171032357473,-0.07652652432313449,1.0,0.3979154743561523,0.03235086946951354,0.24726392251815982,0.15302003081664098,-0.26353510895883775,0.07875632841734537,0.5739643407440017,0.2256284393572529,-0.26492846136913933,0.1479022672243011,-0.25336561743341407,-0.04098613251155624,0.0878252256218358,0.13867928681488004,-0.09350209112920978,0.010895883777239709,0.4170592119744662,0.4900946511116003,0.08155403918115782,0.20239049086506714,0.30199647809817304,0.20268765133171912,0.19945410521681708,0.202062513757429,-0.04638564825005503,0.06404578472375083,-0.1598811358133392,0.11011446180937706,0.06448382126348227,-0.025910191503411843,0.1857671142416905,0.024028175214615893,0.0512788906009245,0.03386748844375963,-0.0660048426150121,0.06220559101915034,0.3128065155183799,0.46949592780101257,0.437541272287035,0.3186220559101915,0.3412920977327757,0.3588928021131411,0.1251948051948052,-0.03848998459167951,-0.18284613691393353,-0.11906229363856483,-0.21479418886198548,-0.13656394453004622,-0.05523002421307506,0.11277790006603566,-0.23768434954875634,-0.1307990314769976,-0.036108298481179836,0.02219458507594101,0.22210433634162446,0.2835659255998239,-0.0352278230244332,-0.07684789786484701,-0.26486242570988333,-0.08079242791107198,0.035023112480739596,0.04169931763152102,-0.2289786484701739,-0.13226502311248073,-0.3179440898084966,-0.11672903367818623,-0.45116883116883116,-0.26826986572749284,-0.12773057451023553,-0.064950473255558,-0.17158485582214394,-0.1774025974025974,0.05602245212414704,-0.2649636803874092,-0.07535769315430332,-0.2607440017609509,-0.07835351089588377,-0.07846357032797711,-0.041210653753026634,-0.1327360774818402,-0.12378604446401056,-0.20102355271846797,0.09038740920096852,-0.1273233546114902,-0.09441338322694255,0.24031476997578693,0.1355624036979969,0.4530244331939247,0.4754919656614572,0.33990534888839974,0.3196896324014968,0.4937816420867268,0.30470834250495266,0.3064450803433854,0.10945850759410082,0.2902927580893683,0.18021571648690293,-0.2597534668721109,-0.07673123486682809,-0.125115562403698,-0.046557340964120626
#52,0.21957957296940347,0.43062733876293197,0.38115562403697995,0.2427624917455426,0.059128329297820824,0.1506317411402157,0.17254237288135593,0.16558441558441558,0.07085846357032798,0.3979154743561523,1.0,0.06495267444419987,-0.049425489764472814,0.08089368258859785,-0.2575038520801233,-0.01366718027734977,0.2584569667620515,0.38943649570768213,-0.1585097952894563,0.09924499229583976,-0.322161567246313,-0.030488663878494388,0.10565925599823905,0.1447787805414924,-0.020614131631080782,0.15016068677085626,0.3050803433854281,0.37366938146599166,-0.049700638344706144,-0.01303764032577592,0.0018886198547215496,0.22011446180937708,0.13115122165969623,-0.01286154523442659,-0.2500858463570328,0.036130310367598506,-0.1827360774818402,0.05464670922298041,-0.1537046004842615,-0.04025533788245653,-0.09666740039621395,0.0436781862205591,-0.23591679506933744,0.1544948272066916,-0.24828307285934403,0.021303103675985032,0.23469513537310147,0.3402047105436936,0.23243451463790446,0.17111820383006823,0.38918776139115124,0.3276777459828307,0.2804336341624477,0.10910631741140216,-0.26253356812678846,-0.07845916795069337,-0.38430772617213294,-0.1941338322694255,-0.10133171912832929,0.07486682808716708,-0.29729914153642967,-0.23166850099053488,-0.0863548316090689,0.08820162887959498,0.24537310147479638,0.20523662777900065,-0.09584855822143958,0.06154963680387409,-0.01603345806735637,-0.0836847897864847,0.09281972265023113,0.05866387849438697,-0.06970283953334801,0.17280651551837992,-0.2251353731014748,-0.08637904468412944,-0.3741866607968303,-0.1528483381025754,-0.026550737398195027,0.0005723090468853181,-0.1907726172132952,-0.14444419986792867,-0.19026854501430773,-0.03490644948272067,0.11222099933964341,-0.1918908210433634,-0.09582874752366277,-0.060873871890821045,-0.045524983491085184,-0.11504732555580013,0.04985692273827867,-0.24210213515298262,0.10642306845696677,-0.2185956416464891,-0.0514571868809157,0.2758661677305745,0.07332159366057671,0.3930662557781202,0.33582434514637904,0.4242989214175655,0.3685208012326656,0.4475368699097513,0.309273607748184,0.21629319832709662,0.10848117983711204,0.12436055469953775,0.1453731014747964,-0.35816640986132514,-0.18198106977767994,-0.20816861104996698,-0.1931168831168831
#53,0.2008496588157605,0.02137574290116663,0.09184239489324235,0.06038300682368479,0.5254567466431873,0.5169755668060753,0.12258199427690954,0.30613471274488224,0.43950913493286375,0.03235086946951354,0.06495267444419987,1.0,0.5322672243011226,0.20972044904248294,-0.08738278670482061,-0.43397314549856925,0.016581554039181157,0.11385428131190843,-0.0709817301342725,-0.17303984151441779,-0.2016288795949813,-0.3606383447061413,-0.06228263262161567,0.024965881576051067,0.09338762931983272,0.09573849878934625,-0.17621835791327317,-0.22836451683909312,0.2052212194585076,-0.1764406779661017,0.2058617653532908,0.13376843495487564,-0.13821263482280433,0.02648250055029716,0.30820162887959496,0.14510235527184678,0.14693374422187983,-0.04409200968523003,0.0911600264142637,-0.005498569227382787,0.08675104556460489,-0.2531234866828087,0.22264362755888178,-0.05039401276689412,0.05235747303543914,-0.04481399955976227,-0.11968082764692935,-0.1249108518600044,-0.21983931322914374,-0.24217917675544795,-0.15635263042042702,-0.08028615452344266,-0.1972903367818622,-0.20746423068456968,-0.20910851860004404,-0.25325996037860443,-0.14818842174774377,-0.4682104336341624,-0.10722430112260621,-0.0008914813999559762,0.27436495707682146,-0.03916795069337442,0.36998899405679064,0.27576271186440676,-0.2862117543473476,-0.24163548316090688,0.3504864626898525,-0.0029187761391151223,0.2666651992075721,0.11174334140435835,0.40718027734976886,0.08093330398415144,0.05642306845696676,0.14252256218357914,0.2523662777900066,-0.028503191723530708,-0.02709883337001981,-0.11310367598503192,-0.04234206471494607,0.02169271406559542,0.5584085406119305,0.5999757869249395,0.1838961038961039,0.35480959718247856,0.5929958177415805,0.222425709883337,0.18560642747083425,0.1869073299581774,-0.002117543473475677,0.549357252916575,0.2953026634382567,0.34300022011886416,0.08754347347567687,-0.06289016068677086,-0.07075941008144399,0.01847457627118644,-0.08716486902927581,0.14627118644067796,-0.036200748404138235,-0.09069117323354611,-0.12020250935505172,0.14485582214395773,-0.040537090028615455,0.14843935725291657,0.2197226502311248,0.15958617653532908,-0.074983491085186,0.1860180497468633,0.1621087387189082,0.024796390050627337,0.07482500550297161
#54,0.12431873211534228,0.15370900286154524,0.27740259740259743,0.13126128109178956,0.40078142196786265,0.46903808056350427,0.19351529826106098,-0.07730574510235527,0.31384547655734096,0.24726392251815982,-0.049425489764472814,0.5322672243011226,1.0,0.26931763152102134,-0.1299405679066696,-0.25740479859123927,0.07378164208672683,0.14529605987233105,-0.2923882896764253,-0.26359674224081003,-0.25431432973805856,-0.31071318511996476,-0.0162491745542593,0.1981994276909531,0.13414924058991856,0.1457935285053929,0.11407440017609509,-0.0936055469953775,0.34990534888839975,-0.06055690072639225,0.5527801012546776,0.09022232005282853,0.07511336121505613,0.10939907550077041,0.24416905128769537,-0.11598943429451904,0.03294519040281752,-0.005203609949372661,0.26981950253136694,0.12447501650891482,-0.0018005723090468854,-0.30133392031697115,0.4345036319612591,0.2700462249614792,0.29686770856262384,0.10706141316310808,-0.18465111160026415,-0.032436715826546336,0.11386528725511777,0.028619854721549636,0.11688531807175875,0.1527030596522122,0.013587937486242572,-0.23470173893902707,-0.1280761611270086,-0.26150561303103675,-0.10948051948051948,-0.2531807175874973,0.04407440017609509,0.2892537970504072,0.11175874972485142,-0.016751045564604886,0.3962998018930222,0.20647809817301344,-0.2218203830068237,-0.23887959498128988,0.42358353510895885,-0.19050407219898746,0.04036759850319172,0.10506053268765134,0.3845080343385428,-0.0038410741800572307,-0.12373541712524763,-0.09387189082104336,-0.13103896103896104,-0.24179837112040503,-0.26522562183579135,-0.30529165749504733,0.0236649790887079,0.018941228263262163,0.2489126128109179,0.44233766233766236,0.5287211093990755,0.14977327756988773,0.36193044243891703,0.13308826766453885,0.1523464670922298,-0.011490204710543694,-0.09880475456746643,0.41314769975786925,0.22009024873431654,0.1987079022672243,0.13539511336121507,-0.03882456526524323,-0.12534008364516838,0.08138895003301783,-0.02730794629099714,0.367970504072199,0.20199207572088929,0.10665419326436276,-0.03274047985912393,0.428663878494387,0.036143517499449704,0.32215936605767115,0.20092449922958397,0.3669601584855822,0.07488003521901827,0.002399295619634603,0.16010125467752587,-0.0017015188201628879,-0.08035219018269865
#58,-0.008531807175874973,-0.07695575610829848,0.19404578472375084,0.16502091129209773,0.1237838432753687,0.2719348448162007,0.3711600264142637,-0.13364736957957296,0.2837662337662338,0.15302003081664098,0.08089368258859785,0.20972044904248294,0.26931763152102134,1.0,-0.1360840854061193,-0.16628439357252917,0.012841734536649791,0.05218578032137354,-0.17692934184459608,0.0674818401937046,-0.3297930882676645,-0.3094651111600264,-0.01619194364957077,0.06928901606867709,-0.39582434514637904,-0.038848778340303765,-0.17004402377283734,-0.014629099713845477,0.0462491745542593,0.29580233325996036,0.19262601804974686,0.3483623156504512,0.1053731014747964,0.1484261501210654,0.16228263262161569,0.19546114902047104,0.012769095311468193,-0.033563724411182036,-0.05464670922298041,-0.032736077481840195,0.013090468853180718,-0.23292317851639885,0.24833590138674885,0.16007263922518158,0.18127668941228264,0.0636517719568567,0.020138674884437595,-0.04053488883997359,-0.043638564825005506,0.0055359894342945195,0.04300902487343165,0.033385428131190845,-0.27523662777900065,-0.3292670041822584,-0.41737398195025316,-0.34165089148139993,-0.2253731014747964,-0.26224521241470394,0.06808936825885978,0.40180057230904687,0.10344926260180498,0.10984591679506933,0.3542438917015188,0.18928021131410963,-0.04854941668500991,-0.07333259960378605,0.31849218578032135,-0.020008804754567466,0.07203609949372661,0.15477657935285055,0.3544486022452124,0.03334360554699538,0.030365397314549857,-0.1533215936605767,0.02774818401937046,-0.14240369799691835,-0.0274884437596302,-0.20723970944309927,0.0375346687211094,0.07319832709663218,-0.023913713405238828,0.08193704600484261,0.08938806955756108,0.11574730354391372,0.25954875632841734,0.3723662777900066,0.12049746863306185,-0.12428131190843056,0.029244992295839753,0.30183138895003303,0.16557781201848998,0.2331058771736738,0.18957296940347787,0.06902047105436936,0.053682588597842834,-0.09241470394012767,0.04955756108298481,0.2529958177415805,0.18475456746643187,0.12127448822364077,0.15897644728153204,0.30298261060972925,0.32776799471714724,0.25732995817741583,0.2732907770195906,0.3023728813559322,-0.10635923398635264,0.13683909311027956,0.09677525863966542,0.09755668060752806,0.10871230464450804
#101,-0.2961699317631521,-0.0549240589918556,-0.20966762051507815,-0.3218489984591679,-0.10579572969403478,-0.27919876733436055,-0.1174818401937046,0.06988994056790666,0.09205591019150342,-0.26353510895883775,-0.2575038520801233,-0.08738278670482061,-0.1299405679066696,-0.1360840854061193,1.0,-0.02559322033898305,-0.030530486462689854,-0.1754919656614572,0.41057671142416907,-0.16038520801232667,0.5624697336561744,-0.11585075941008144,0.241930442438917,-0.44093110279550957,0.13434074400176096,-0.32353731014747966,-0.17270085846357033,-0.45915914593880697,0.1176271186440678,-0.20244772176975567,-0.2805811138014528,-0.26238168611049967,-0.14635042923178515,-0.09926260180497469,0.10534008364516839,0.0027580893682588596,0.4157076821483601,-0.07290116662998018,0.05034118423948932,-0.3030134272507154,0.16644948272066917,0.07861765353290777,0.04410961919436496,-0.383530706581554,0.06593000220118864,-0.3288663878494387,-0.32408980849658814,-0.41728593440457845,-0.2030794629099714,-0.31890380805635044,-0.270594320933304,-0.35563944530046226,-0.08666299801893022,-0.1491965661457187,0.3511027955095752,0.11628659476117104,0.33391811578252256,-0.09291877613911512,0.01906669601584856,-0.2171912832929782,-0.12913493286374642,-0.16929121725731897,-0.16900946511116002,-0.3959872331058772,-0.03118203830068237,0.04329738058551618,0.1260246533127889,0.022923178516398857,0.40430772617213295,0.1669931763152102,0.1135989434294519,0.007512656834690733,0.45800352190182697,0.07349768875192604,0.32161127008584633,0.20553378824565266,0.3915694475016509,0.3091833590138675,0.4388817961699318,-0.12838212634822804,0.2126304204270306,0.01665199207572089,0.08421527624917455,0.3618908210433634,0.04316530926700418,-0.28632621615672466,-0.39482940788025533,0.13122386088487784,0.10161127008584636,-0.18497248514197667,-0.13602025093550518,-0.15209112920977327,-0.23582214395773718,-0.361699317631521,-0.202095531587057,-0.03068897204490425,-0.01705921197446621,-0.33607307946291,-0.5412414703940127,-0.2915826546335021,-0.43655734096412063,-0.4213911512216597,-0.3781091789566366,-0.3764450803433854,-0.3584679727052608,-0.35660356592559983,-0.3462579793088268,0.08681047765793529,-0.3079286814880035,-0.16795729694034778,-0.10473255558001321
#102,0.01314109619194365,0.10789566365837552,-0.00042923178516398854,0.127211093990755,-0.2845036319612591,-0.3091811578252256,0.033570327977107635,-0.1709421087387189,-0.07084525643847678,0.07875632841734537,-0.01366718027734977,-0.43397314549856925,-0.25740479859123927,-0.16628439357252917,-0.02559322033898305,1.0,-0.1140479859123927,-0.017334360554699536,0.13861325115562403,0.5145894783182918,-0.038969843715606425,0.6617631521021351,-0.11011446180937706,0.14677525863966542,-0.08020030816640986,0.30557120845256436,-0.03731454985692274,0.07458947831829188,-0.08409861325115563,0.15097732775698877,-0.06696676205150781,-0.4282874752366278,0.09343385428131191,0.17336561743341405,-0.18570988333700197,-0.12214836011446181,0.004681928241250275,0.3423200528285274,-0.14797930882676646,0.23041162227602904,-0.15001760950913492,0.12755668060752806,-0.2207065815540392,0.013722209993396434,-0.11156944750165089,0.05364076601364737,-0.07206031256878714,-0.007882456526524324,0.04818181818181818,0.16717587497248515,0.10866607968302884,0.05901606867708563,0.022262821923838872,0.27854501430772616,-0.0044706141316310805,0.4811864406779661,-0.20736737838432753,0.3698613251155624,-0.08014307726172133,-0.185148580233326,-0.2287541272287035,-0.08023772837332159,0.02981289896544134,-0.029881135813339205,0.16051067576491304,0.21008364516839093,-0.25802553378824566,-0.08892802113141096,0.04085626238168611,0.2740083645168391,-0.07938806955756109,0.06883557120845256,0.014092009685230025,0.032518159806295396,-0.09209773277569888,0.04296500110059432,-0.0950231124807396,-0.030083645168390932,-0.2977922077922078,0.16798151001540831,-0.2931410961919437,-0.3125930002201189,-0.15877834030376403,-0.5118688091569448,-0.42699757869249394,-0.35917675544794186,-0.22913273167510456,-0.100363196125908,0.14238168611049967,-0.6193968743121285,-0.2142791107197887,-0.2799207572088928,0.06081003742020691,0.12493506493506494,-0.1061831388950033,-0.0028945630640545895,0.3079947171472595,-0.13734756768655074,0.036429672022892365,0.12122386088487784,0.1667642526964561,-0.1720250935505173,-0.12966762051507813,-0.07637244111820383,-0.15475236627779002,-0.10812678846577152,-0.15846357032797712,-0.4225775918996258,-0.12240369799691833,-0.0913647369579573,-0.15536869909751266
#201,0.08305304864626899,0.26124147039401274,0.3466189742460929,0.4051595861765353,-0.06580893682588598,0.11475676865507374,-0.031569447501650895,-0.08446621175434735,-0.07146158925819943,0.5739643407440017,0.2584569667620515,0.016581554039181157,0.07378164208672683,0.012841734536649791,-0.030530486462689854,-0.1140479859123927,1.0,0.3583733215936606,-0.18445080343385428,0.003975346687211094,0.013673783843275368,-0.17555359894342945,0.20715386308606648,-0.0611005943209333,0.09767994717147259,-0.07637244111820383,0.2897820823244552,0.2858881796169932,0.38302223200528285,0.20205150781421968,0.3231895223420647,0.273911512216597,0.3763790446841294,0.07739379264802994,0.1367114241690513,0.1388663878494387,0.09095091349328638,0.069867928681488,0.13760510675764914,-0.0924521241470394,0.33810917895663656,0.013871890821043363,0.08947831829187762,-0.04761171032357473,0.055403918115782526,0.029205370900286156,0.1750231124807396,0.3501716927140656,0.20574290116663,-0.030140876073079463,0.1628021131410962,0.15939027074620296,0.11102355271846798,-0.09535549196566145,-0.06747963900506274,-0.034378164208672686,-0.16427690953114682,-0.37277349768875195,0.07981730134272508,0.010427030596522122,-0.17196786264582875,-0.22778780541492405,0.012577591899625798,0.03977327756988774,-0.018963240149680826,0.1758331499009465,0.1738036539731455,-0.17325996037860444,0.04823464670922298,-0.0038432753686990975,0.11116222760290558,0.09336781862205591,-0.02026634382566586,-0.23975346687211094,-0.15737398195025315,-0.042449922958397536,-0.38296940347787806,-0.300231124807396,0.24860444640105658,0.14247413603345807,-0.21606207351970064,-0.2510851860004402,0.16952894563064055,-0.08069557561082985,-0.12385208012326657,-0.30497908870790225,-0.18884877834030375,-0.24958177415804533,-0.2586264582874752,0.01936605767114242,-0.1451221659696236,-0.0610939907550077,-0.08042703059652212,-0.2742306845696676,-0.0338036539731455,0.1805084745762712,0.026306405458947833,0.2809971384547656,0.32818401937046005,0.2211534228483381,0.11680607528065155,0.3975324675324675,0.3395179396874312,0.2874818401937046,0.18631961259079904,0.2759388069557561,0.30664098613251156,-0.24937046004842614,-0.07399955976227163,-0.08566585956416464,0.07953114681928242
