,#10,#11,#12,#13,#17,#18,#26,#49,#50,#51,#52,#53,#54,#58,#101,#102,#201,#202,#301,#302,#401,#402,#501,#502,#601,#602,#701,#702,#801,#802,#901,#902,#1001,#1002,#1101,#1102,#1201,#1202,#1301,#1302,#1401,#1402,#1501,#1502,#1601,#1602,#1701,#1702,#1801,#1802,#1901,#1902,#2001,#2002,#2101,#2102,#2201,#2202,#2301,#2302,#2401,#2402,#2501,#2502,#2601,#2602,#2701,#2702,#2801,#2802,#2901,#2902,#3001,#3002,#3101,#3102,#3201,#3202,#3301,#3302,#3401,#3402,#3455,#3501,#3502,#3601,#3602,#3701,#3702,#3801,#3802,#3901,#3902,#4001,#4002,#4101,#4102,#4201,#4202,#4301,#4302,#4401,#4402,#4501,#4502,#4601,#4602,#4701,#4702,#4801,#4802
#10,1.0,0.4511402157164869,0.34227823024433196,0.27907550077041604,-0.03893022232005283,-0.011468192824125027,0.22885978428351308,0.5514968082764693,0.3270526084085406,0.46073959938366715,0.33325115562403695,0.062359674224081,0.0423200528285274,0.22066696015848558,-0.04147259520140876,0.2855998239049086,0.25077481840193705,0.35832269425489766,0.12640545894783184,-0.1313053048646269,-0.15668060752806515,0.09104776579352851,-0.006522121945850759,-0.05540171692714065,0.2267422408100374,0.05740699977988114,-0.32919216376843496,-0.29567906669601585,0.08553158705701079,-0.036986572749284616,-0.06281311908430552,-0.28657495047325554,-0.05267884657715166,-0.2254105216817081,-0.14051727933083866,-0.10657715166189742,-0.026643187321153422,-0.08635923398635263,-0.3276887519260401,-0.22672463130090248,-0.17658375522782302,-0.14847237508254457,-0.34861985472154966,-0.11874972485141977,-0.23814219678626458,-0.1306185340083645,-0.42988333700198106,-0.49069777679947174,-0.25215936605767114,-0.2956614571868809,-0.0411534228483381,-0.16724191063174115,-0.050688972044904246,-0.13348448162007484,-0.14173453664979088,-0.15363416244772177,-0.28142637023992956,-0.34410961919436495,-0.044637904468412946,-0.42694915254237287,0.06192604006163328,-0.16254897644728153,0.09248734316530927,0.19053268765133172,0.041399955976227164,-0.2026172132951794,0.08738278670482061,-0.0009795289456306405,0.3325511776359234,0.17502091129209774,0.3574862425709883,0.4393594541052168,-0.1799537750385208,-0.06679947171472596,-0.1450561303103676,-0.17044464010565705,-0.13549636803874093,-0.34642306845696674,0.0909949372661237,0.28016508914814,-0.2167774598283073,-0.07323794849218578,-0.13262161567246314,0.3005524983491085,-0.01217477437816421,0.2538630860664759,0.1847127448822364,-0.04420647149460709,-0.2177129650011006,-0.054858023332599606,-0.15766233766233767,0.01904688531807176,-0.05535108958837772,0.2075874972485142,-0.024479418886198548,0.42196786264582875,0.3680739599383667,0.17733215936605767,0.2381928241250275,0.019064494827206693,0.09596302003081664,0.09171032357473036,0.07624036979969183,0.02699977988113581,-0.13607528065155183,0.025245432533568125,-0.11520360994937266,-0.08947391591459387,0.055016508914814,0.13613911512216598,-0.25502091129209775
#11,0.4511402157164869,1.0,0.12062073519700639,-0.02612590799031477,0.08373981950253137,-0.0991899625797931,0.3975478758529606,0.2653753026634383,0.3369865727492846,0.20515298261060974,0.3710411622276029,-0.3037486242570988,-0.13950693374422188,-0.029764472815320273,0.07070878274268105,0.36125687871450585,0.14932423508694695,0.18187761391151222,0.16452784503631962,0.1286946951353731,-0.09355271846797271,0.1531036759850319,0.07264582874752366,-0.006108298481179837,0.3479639005062734,0.35030816640986134,-0.27410301562843936,-0.17213295179396873,-0.07920757208892802,0.1566585956416465,-0.0001386748844375963,0.10314329738058552,-0.07100814439797491,-0.18589038080563505,0.0374488223640766,0.1684767774598283,0.16069997798811358,0.05192163768434955,0.09425269645608629,0.06079242791107198,0.00687211093990755,0.15317851639885538,-0.14933524103015627,0.12526304204270305,-0.12776139115122165,-0.03588817961699318,-0.17499889940567906,-0.14320713185119965,-0.12430552498349108,-0.2670548095971825,-0.19569887739379266,-0.23330838652872551,-0.21133612150561304,-0.2583314990094651,-0.07491745542593001,-0.07958617653532908,-0.2728131190843055,-0.13886198547215498,-0.13016729033678187,-0.31593000220118866,0.09655073739819503,0.11809597182478539,0.15674224081003743,0.332326656394453,-0.12307946290997139,-0.09037200088047545,0.13821263482280433,0.19222980409421087,0.438630860664759,0.39073519700638343,0.24927801012546774,0.3332115342284834,-0.07311908430552498,-0.17657495047325555,0.04419326436275589,0.0811732335461149,-0.08610609729253797,-0.19629319832709663,0.004816200748404139,0.3418225841954656,-0.16928461369139336,-0.05537970504072199,-0.0033392031697116443,-0.009044684129429893,-0.30777019590578913,0.008547215496368039,-0.0027977107638124587,-0.18724851419766675,-0.05500110059432093,-0.273647369579573,-0.14362095531587057,-0.17376183138895004,-0.23265463350209112,-0.03539511336121506,-0.17070878274268106,0.19144618093770635,0.3647237508254457,0.0068412942989214175,0.04701959057891261,-0.1793924719348448,-0.07435174994497028,-0.06480299361655294,0.025681267884657716,0.1110213515298261,-0.14527845036319612,-0.011767554479418886,-0.21596081884217477,0.11447061413163108,0.30700638344706144,-0.01657274928461369,-0.34720889280211314
#12,0.34227823024433196,0.12062073519700639,1.0,0.4015232225401717,-0.025960818842174774,0.3214417785604226,0.09315430332379485,0.1173035439137134,0.004921857803213735,0.4825952014087607,0.21831388950033018,0.04709883337001981,0.19611490204710544,0.1813911512216597,-0.10567026194144838,-0.02003742020691173,0.5425467752586397,0.5428747523662778,-0.30359454105216815,-0.1598613251155624,-0.13387189082104337,-0.272326656394453,0.2889258199427691,-0.0035108958837772397,0.10694915254237287,-0.24542152762491745,0.032132951793968745,-0.02752586396654193,0.02029936165529386,-0.1972903367818622,-0.02490644948272067,-0.07068016729033678,0.2583381025753907,0.1137904468412943,-0.11336561743341404,-0.15970504072198988,-0.02425709883337002,-0.3026150121065375,-0.32797930882676646,-0.22825005502971604,-0.05968743121285494,-0.4415298261060973,0.01788465771516619,-0.3058287475236628,-0.22519260400616334,-0.18133392031697115,-0.14172353070658156,-0.14981950253136694,0.08817961699317632,0.1432621615672463,0.2627404798591239,0.015434734756768655,0.37145278450363195,0.2594034778780541,0.19814659916354832,0.192326656394453,-0.2752542372881356,-0.42642967202289234,-0.2631388950033018,-0.1852982610609729,-0.10001540832049306,-0.1160972925379705,0.036935945410521684,-0.1275214615892582,0.23092449922958397,0.1356174334140436,0.0028703499889940567,-0.09071098393132292,-0.16900286154523442,-0.09778780541492406,0.31650891481399956,0.35527624917455425,-0.19973145498569228,-0.053590138674884435,-0.018553819062293638,0.016251375742901166,-0.11347567686550737,-0.10697996918335902,0.12451023552718468,-0.2593000220118864,-0.07773057451023553,0.04094210873871891,0.04324675324675325,0.16983711204050186,-0.10784503631961259,-0.06247413603345807,-0.08167070217917675,-0.03050627338762932,-0.29899185560202507,-0.017600704380365397,-0.3357164869029276,-0.1688201628879595,-0.039815100154083204,-0.167739379264803,-0.2859189962579793,0.5384195465551398,0.03192383887299142,0.6016244772176975,0.6256284393572529,0.3684767774598283,0.35403037640325774,0.5313955535989434,0.29461809377063614,0.45393132291437377,0.3353202729473916,0.32640986132511557,0.29561743341404356,0.004532247413603346,-0.09438696896324016,-0.2560510675764913,-0.29861325115562404
#13,0.27907550077041604,-0.02612590799031477,0.4015232225401717,1.0,-0.09115122165969623,-0.0007285934404578472,-0.0288135593220339,0.24554699537750385,0.06898084965881576,0.4830068236847898,-0.06328417345366498,0.21380145278450363,0.15420867268324895,-0.07382126348228044,0.04175874972485142,0.0835593220338983,0.22195465551397756,0.18680607528065155,-0.18984371560642746,0.11490865067136254,0.11414483821263482,0.07283953334800793,0.21937706361435175,0.2179176755447942,0.13579132731675106,-0.17214615892581994,0.1732291437376183,0.21069997798811357,-0.04171692714065595,-0.3964560862865948,-0.19250935505172792,-0.09167070217917675,0.17155844155844155,-0.09891701518820163,-0.3470636143517499,-0.251369139335241,-0.16608628659476118,-0.3055249834910852,-0.2415496368038741,-0.013682588597842835,-0.12018489984591679,-0.25073519700638347,0.018036539731454984,-0.2739643407440018,0.03804094210873872,0.21401937046004843,0.11163548316090689,-0.05557561082984812,-0.10906889720449042,0.0411270085846357,0.1389984591679507,0.15888399735857364,0.2034272507153863,0.3003455866167731,0.1825775918996258,0.06553819062293638,-0.27084745762711865,-0.13455425930002202,-0.23316090688972044,-0.0028923618754127228,-0.10547655734096412,-0.19952894563064055,-0.028875192604006162,-0.09658815760510676,0.18348888399735858,0.19397974906449483,-0.09999119524543254,-0.23296500110059432,-0.14172573189522342,-0.15208012326656395,0.05715386308606647,-0.045932203389830506,-0.2918379925159586,-0.17545454545454545,-0.15866607968302884,-0.18746423068456966,-0.3493022232005283,-0.1987012987012987,0.03828087167070218,-0.30203389830508476,0.007759189962579793,0.03886198547215496,-0.10287915474356152,0.044508034338542814,-5.943209333039841e-05,-0.03066255778120185,-0.036425269645608625,0.004836011446180938,-0.13168170812238608,0.00031697116442879153,-0.09285714285714286,-0.020191503411842397,0.06487563284173453,-0.07856042262821925,-0.15226942548976447,0.19357252916574952,0.026550737398195027,0.24822804314329738,0.3511930442438917,0.22393352410301562,0.11122386088487783,0.1770658155403918,0.02829848117983711,0.3837068016729034,0.27720889280211314,0.14808496588157605,0.13599603786044465,-0.05558221439577372,-0.21642967202289237,-0.1851287695355492,-0.24463790446841294
#17,-0.03893022232005283,0.08373981950253137,-0.025960818842174774,-0.09115122165969623,1.0,0.33189522342064715,0.1461038961038961,-0.0576271186440678,-0.05064935064935065,-0.1926634382566586,0.03686550737398195,0.08092449922958397,-0.04100594320933304,0.1186154523442659,-0.1848382126348228,-0.10103675985031917,-0.14174994497028395,0.18596302003081663,-0.055985031917235306,-0.01623816861104997,-0.2518445960818842,-0.1073233546114902,0.08826326216156724,0.03822584195465551,0.0036099493726612373,0.027211093990755008,-0.1223398635263042,-0.05272066916134713,0.003570327977107638,0.03771516618974246,0.3478318291877614,0.07678846577151661,0.08107197886858904,0.10304424389170151,0.13809156944750164,0.05300462249614792,0.3476007043803654,0.1735527184679727,0.02919436495707682,-0.022949592780101256,-0.0627426810477658,0.097706361435175,0.045186000440237725,0.19449262601804976,0.019427690953114682,0.10908210433634162,-0.01092229804094211,0.1085890380805635,-0.029289016068677086,-0.07697776799471714,-0.10110499669821704,0.06351970063834471,0.02290777019590579,-0.011705921197446621,-0.06727492846136914,-0.1477129650011006,-0.1441206251375743,-0.14309707241910632,-0.04349768875192604,-0.011556240369799691,-0.03667620515078142,-0.08439577371780761,0.24742681047765794,0.42163108078362316,-0.3947259520140876,-0.019192163768434956,0.4273827867048206,0.12629319832709662,0.2179506933744222,0.28507153863086065,0.17790006603565925,0.1509685230024213,0.019088707902267223,-0.05016949152542373,0.06360774818401937,0.10974025974025974,-0.04730574510235527,-0.15881796169931764,0.09765793528505393,0.2514791987673344,-0.1608562623816861,0.10005062733876294,0.11167290336781863,0.36884437596302005,0.3180431432973806,0.10586396654193264,-0.053761831388950035,0.020627338762931983,0.026907329958177417,0.24343165309267004,0.421534228483381,-0.18524763372220998,0.25390710983931325,-0.23417125247633722,-0.2583226942548976,-0.13584855822143957,0.02631300902487343,-0.11227162667840634,-0.12619194364957076,0.08198767334360554,0.07199427690953114,0.20134932863746424,0.14747083425049526,-0.15803433854281312,-0.06840413823464671,0.040125467752586394,0.07125467752586397,-0.0025115562403698,0.030114461809377064,-0.08948492185780321,-0.12533568126788466
#18,-0.011468192824125027,-0.0991899625797931,0.3214417785604226,-0.0007285934404578472,0.33189522342064715,1.0,0.0012546775258639666,-0.08090468853180717,-0.14568567026194146,0.06806075280651552,-0.036821483601144615,0.00738498789346247,0.5884789786484702,0.16678406339423288,-0.23482940788025533,-0.3703499889940568,0.25750605326876513,0.49082104336341625,-0.3151463790446841,-0.33787585296059874,-0.33850099053488886,-0.48827646929341845,0.251056570548096,-0.011727933083865287,-0.017063614351749946,-0.31331499009465114,0.21308386528725512,0.08010125467752587,0.3380673563724411,0.09742681047765793,0.5301430772617214,-0.02057230904688532,0.2808518600044024,0.2645080343385428,0.21876953554919656,-0.11194585075941008,0.017752586396654193,-0.14380585516178737,-0.28064935064935065,-0.2790843055249835,0.15009024873431653,-0.14785384107418006,0.1447721769755668,-0.17038080563504293,-0.005445740699977988,0.002632621615672463,0.0824521241470394,0.09810257539071099,0.13768434954875633,0.03405458947831829,0.1744684129429892,0.08173673783843276,0.2847127448822364,0.16627779000660356,0.05087167070217918,0.07648250055029716,-0.30126128109178957,-0.5075830948712304,-0.01979308826766454,-0.09195465551397755,-0.15723970944309928,-0.05028835571208452,0.03034338542813119,-0.10712304644508035,0.03854721549636804,0.2562271626678406,0.3235725291657495,-0.17191723530706582,-0.19522562183579134,-0.20290556900726392,0.162689852520361,0.24298261060972925,-0.04324455205811138,-0.13156064274708343,-0.08387849438696897,-0.11706141316310807,-0.1479022672243011,-0.17952014087607307,0.17195905789126129,-0.06202509355051728,-0.04460928901606868,0.28255337882456527,0.24455866167730575,0.4660048426150121,0.2072044904248294,-0.007977107638124587,-0.06762931983270966,0.3205833149900946,-0.2790292758089368,0.2683711204050187,0.05317851639885538,-0.1623068456966762,0.18859344045784723,-0.17452124147039402,-0.05569007263922518,0.24484261501210652,-0.09454105216817081,0.2946070878274268,0.24030376403257758,0.5435197006383448,0.29382566585956416,0.6362315650451243,0.4174818401937046,0.17453664979088707,0.24299361655293858,0.40892802113141097,0.5253422848338103,-0.006709222980409421,-0.12784943869689633,-0.18594761171032356,-0.0325841954655514
#26,0.22885978428351308,0.3975478758529606,0.09315430332379485,-0.0288135593220339,0.1461038961038961,0.0012546775258639666,1.0,0.1681598062953995,0.2707307946290997,0.23197446621175435,0.28793308386528726,0.06572309046885318,-0.015225621835791327,0.424983491085186,0.2506317411402157,0.15248734316530926,0.1098745322474136,0.12591459388069556,0.25237728373321594,0.15370680167290338,-0.07645608628659475,-0.05494166850099053,-0.07028615452344265,-0.1645432533568127,0.1228813559322034,0.16616773057451023,-0.32194585075941007,-0.30850539291217255,0.1110345586616773,0.2201452784503632,0.10535549196566146,0.026955756108298482,-0.33287034998899406,-0.007362976007043803,0.2231234866828087,0.22605326876513318,0.32943429451904027,0.2579286814880035,0.008536209553158706,0.05337882456526524,0.0018864186660796831,0.15809377063614352,-0.03924719348448162,0.24759189962579792,-0.061333920316971165,-0.07784503631961259,-0.22942328857583094,-0.19512436715826548,-0.22064054589478319,-0.21631300902487344,-0.34107197886858903,-0.23445520581113802,-0.2888795949812899,-0.28534228483381024,-0.2869733656174334,-0.26395113361215056,-0.15332379484921857,-0.17074620294959278,-0.1897622716266784,-0.3397644728153203,0.15128769535549197,-0.09322694254897644,0.29376843495487565,0.3513625357693154,-0.30687431212854943,-0.162194585075941,0.3960576711424169,0.34687651331719127,0.5313911512216597,0.3577701959057891,0.36617213295179396,0.4913075060532688,0.1705084745762712,-0.2085163988553819,0.12740039621395555,0.1258793748624257,-0.060167290336781865,-0.2241140215716487,0.16739159145938806,0.18170592119744663,-0.2964340744001761,0.062379484921857804,-0.07718027734976887,0.08969183359013867,-0.09890160686770856,0.03256658595641646,-0.11382786704820604,-0.03433414043583535,-0.044525643847677744,0.11425489764472815,0.21329738058551617,-0.051027955095751705,0.009548756328417346,-0.010741800572309047,-0.1759850319172353,0.058789346246973365,0.0425445740699978,-0.09775478758529606,-0.23032577591899625,-0.18578472375082544,-0.32031256878714504,0.006610169491525424,-0.10912172573189523,-0.14297380585516178,-0.22226942548976447,-0.05655073739819502,-0.18944309927360775,-0.07567246313009025,0.1825643847677746,-0.03608188421747744,-0.11362315650451243
#49,0.5514968082764693,0.2653753026634383,0.1173035439137134,0.24554699537750385,-0.0576271186440678,-0.08090468853180717,0.1681598062953995,1.0,0.634472815320273,0.216781862205591,0.4089830508474576,0.5124411182038301,0.152359674224081,0.21777019590578914,-0.009482720669161348,0.09200088047545675,0.012606207351970064,0.00833810257539071,0.09498789346246973,-0.07437156064274708,0.019544353951133613,-0.04408100374202069,-0.092227602905569,0.10566806075280652,0.12528285274047987,0.01762491745542593,-0.3021747743781642,-0.3081465991635483,-0.07617873651771957,0.00598943429451904,-0.12408320493066256,-0.261005943209333,0.011032357473035439,-0.11888839973585737,-0.16127448822364077,-0.15927580893682589,-0.08312128549416685,-0.031611270085846355,-0.2826656394453005,-0.2767180277349769,-0.06922077922077922,0.058162007484041385,-0.14430112260620734,-0.1729605987233106,-0.2406251375742901,-0.023033237948492186,-0.2623332599603786,-0.2972265023112481,-0.24024213075060533,-0.2337904468412943,-0.34438917015188203,-0.35375522782302443,-0.2669161347127449,-0.2894254897644728,-0.24136253576931543,-0.38997578692493945,-0.3529650011005943,-0.20702399295619633,-0.21729253797050407,-0.33289676425269643,0.03447941888619855,0.02307065815540392,0.16267444419986793,0.13350649350649352,-0.17629319832709664,-0.2710081443979749,0.0665133171912833,-0.06073519700638345,0.22684569667620516,0.204785384107418,0.25591239269205374,0.12357473035439137,-0.011826986572749285,0.11277349768875193,0.09326876513317191,0.17106537530266344,0.020992736077481842,-0.14557561082984813,0.005307065815540392,0.10325996037860445,-0.0940677966101695,-0.0789654413383227,-0.034884437596302005,0.3916420867268325,0.12294519040281753,0.417508254457407,0.05393792648029936,-0.192293638564825,-0.15241470394012768,0.13442659035879376,0.02290116662998019,0.0017917675544794189,-0.027257318952234207,0.009793088267664538,-0.1518600044023773,0.19401056570548095,0.1860444640105657,-0.022546775258639667,0.015500770416024653,-0.0574290116662998,-0.14240369799691835,-0.1304006163328197,-0.06796390050627339,-0.07374202069117324,-0.13240369799691834,0.0006295399515738499,-0.11298701298701298,0.07289676425269645,0.08929121725731895,0.0474686330618534,-0.24314549856922738
#50,0.3270526084085406,0.3369865727492846,0.004921857803213735,0.06898084965881576,-0.05064935064935065,-0.14568567026194146,0.2707307946290997,0.634472815320273,1.0,0.06432533568126789,0.31167950693374424,0.3078186220559102,0.005663658375522782,0.1540611930442439,-0.032707462029495926,0.007169271406559542,0.00476337222099934,-0.17745982830728593,0.08173893902707462,0.04822804314329738,-0.08338102575390711,-0.11002861545234427,-0.26732555580013206,-0.03729473915914594,0.07297160466651992,0.009848117983711204,-0.12314109619194365,-0.16177635923398634,-0.17090688972044904,0.17996257979308827,-0.1565639445300462,-0.09089148139995598,-0.05451683909311028,-0.07197226502311248,-0.00845476557340964,0.052502751485802336,-0.017803213735417125,0.10230684569667621,-0.06577591899625798,-0.20770636143517499,0.10735857362976008,0.2474884437596302,0.0020206911732335462,0.04563504292317851,-0.08565485362095532,-0.147607307946291,-0.07751265683469073,-0.034609289016068676,0.10475236627779001,-0.15009685230024214,-0.2526964560862866,-0.21176095091349328,-0.26289896544133834,-0.3155315870570108,-0.2692868148800352,-0.3844948272066916,-0.08770416024653313,-0.017756988773937925,-0.16060092449922958,-0.1904886638784944,-0.14623156504512436,0.1048316090688972,0.2712722870349989,0.22178076161127008,-0.2030728593440458,-0.2927602905569007,0.05634602685450143,0.05279550957517059,0.16348228043143298,0.18846136913933523,0.07026634382566586,0.022126348228043144,0.021014747963900505,0.08888399735857364,0.13422187981510014,0.17709663218137794,-0.028965441338322694,-0.2015694475016509,-0.021080783623156504,0.11785604226282193,-0.171930442438917,-0.04726612370680167,-0.025252036099493728,0.2341602465331279,0.02779881135813339,0.0971186440677966,-0.03287255117763593,-0.17204710543693594,-0.08250715386308606,0.13497248514197666,0.23248294078802553,0.17583755227823025,-0.09766453885097953,-0.0776271186440678,-0.17357032797710764,-0.06311908430552499,0.08976007043803653,-0.09791107197886859,-0.21280431432973806,-0.1944486022452124,-0.1856350429231785,-0.34946290997138457,-0.11949812898965441,-0.23424389170151882,-0.1659013867488444,-0.06431873211534228,-0.1340215716486903,-0.035177195685670265,0.039969183359013866,-0.10515078142196786,-0.21830948712304646
#51,0.46073959938366715,0.20515298261060974,0.4825952014087607,0.4830068236847898,-0.1926634382566586,0.06806075280651552,0.23197446621175435,0.216781862205591,0.06432533568126789,1.0,0.3546819282412503,0.027794408980849658,0.29507814219678624,0.31532467532467534,-0.06124367158265463,0.1187277129650011,0.537226502311248,0.4151793968743121,-0.1270878274268105,0.025071538630860663,-0.11810037420206912,-0.1199405679066696,0.2515210213515298,0.02072198987453225,0.13773497688751926,-0.1499075500770416,0.03725952014087607,-0.07528505392912173,0.11506493506493506,-0.08209773277569887,-0.06083865287255118,-0.1579771076381246,-0.04518379925159586,-0.10913713405238828,-0.18022232005282854,-0.10582214395773717,0.0112656834690733,-0.1261963460268545,-0.22127668941228262,-0.2593286374642307,-0.06300902487343166,-0.25513977547875855,-0.12851199647809816,-0.14384107418005723,-0.08410301562843936,0.06996478098173013,-0.14528725511776358,-0.18123486682808718,-0.13256878714505832,-0.12406559542152762,0.12589258199427691,-0.030367598503191724,0.07751265683469073,0.10725511776359234,0.16195465551397756,0.0897292537970504,-0.2596566145718688,-0.20390710983931323,-0.1909487123046445,-0.30302223200528283,-0.08549856922738279,-0.14906009244992297,0.07723530706581554,-0.04152762491745542,0.20418225841954654,0.20447281532027295,0.10060752806515519,0.011426370239929562,0.03914373761831389,0.06148580233325996,0.38921197446621175,0.3438652872551178,-0.20288135593220338,-0.2650671362535769,-0.0287607307946291,-0.011699317631521022,-0.24639665419326437,-0.16767774598283072,0.35507814219678624,-0.10291657495047325,-0.14179837112040503,0.22562623816861105,-0.009865727492846137,0.1649636803874092,-0.0928945630640546,-0.09616112700858463,-0.10568126788465772,0.0803367818622056,-0.3535130970724191,0.01016288795949813,-0.14659035879374863,-0.17535549196566147,0.04099273607748184,-0.17803653973145497,-0.25762491745542593,0.5037860444640105,0.05110279550957517,0.2715320272947392,0.280594320933304,0.06361215056130311,0.050143077261721326,0.35671362535769313,0.15285934404578472,0.22028615452344266,-0.0023618754127228705,0.07199427690953114,-0.0076997578692493945,-0.13811138014527846,-0.08170372000880476,-0.23896103896103896,-0.3161897424609289
#52,0.33325115562403695,0.3710411622276029,0.21831388950033018,-0.06328417345366498,0.03686550737398195,-0.036821483601144615,0.28793308386528726,0.4089830508474576,0.31167950693374424,0.3546819282412503,1.0,0.2767378384327537,0.19268104776579353,0.3051177635923399,-0.10032577591899626,0.25491745542593003,0.034598283072859344,0.0951419766674004,0.09719128329297821,0.06589478318291878,-0.05491525423728814,0.030279550957517058,-0.0028901606867708565,0.0474224081003742,-0.02846797270526084,0.19591019150341185,-0.368861985472155,-0.3276997578692494,-0.15421527624917455,0.28061193044243893,-0.07574069997798812,0.02161567246313009,-0.17514637904468414,-0.0388928021131411,-0.04407880255337882,0.12876953554919657,0.023259960378604446,0.15161787365177196,-0.11209773277569887,-0.14276029055690073,-0.01191503411842395,0.07486682808716708,-0.036022452124147036,0.022857142857142857,-0.12333920316971164,-0.058575830948712306,-0.5047127448822364,-0.3261281091789566,-0.2296169931763152,-0.15583975346687212,-0.16790887079022673,-0.21753026634382566,-0.2201452784503632,-0.1764208672683249,-0.02044023772837332,-0.1289060092449923,-0.17847237508254457,0.11658815760510675,-0.14474136033458068,-0.28948932423508694,0.05042262821923839,-0.19077922077922077,0.12701738939027074,0.20585075941008144,-0.1302707462029496,-0.14479198767334361,0.1855712084525644,0.1289192163768435,0.2541008144397975,0.24719788685890381,0.18691613471274487,0.3568082764692934,-0.08009685230024213,-0.1462161567246313,0.13725071538630862,0.23937486242570988,0.05410521681708123,-0.014298921417565485,0.20670702179176756,0.18656834690732996,-0.17918996257979308,0.07810697776799472,-0.06089368258859784,0.23881135813339202,-0.0898943429451904,0.057950693374422185,-0.11322694254897644,-0.2105326876513317,-0.05461369139335241,-0.05372881355932203,0.03422187981510015,-0.08265023112480739,0.1299933964340744,-0.12368919216376843,-0.17031036759850318,0.1440611930442439,0.2774047985912393,-0.020785824345146378,0.051353731014747966,-0.33416024653312787,-0.020332379484921857,0.009073299581774158,0.03950693374422188,0.0199141536429672,-0.19938146599163548,-0.20019590578912613,-0.15813119084305524,0.08704160246533128,0.030022011886418665,-0.06812018489984592,-0.35578252256218357
#53,0.062359674224081,-0.3037486242570988,0.04709883337001981,0.21380145278450363,0.08092449922958397,0.00738498789346247,0.06572309046885318,0.5124411182038301,0.3078186220559102,0.027794408980849658,0.2767378384327537,1.0,0.20334580673563724,0.41288575830948715,-0.16861104996698217,-0.1852080123266564,-0.1904688531807176,-0.11090468853180717,-0.10718688091569448,-0.04697556680607528,-0.0053290777019590575,-0.2764428791547436,-0.09812458727712965,0.13079242791107198,-0.24676645388509796,-0.2532907770195906,-0.23247853841074181,-0.2613977547875853,-0.22503852080123266,0.00600264142637024,-0.10477437816420868,-0.24285934404578471,0.03976007043803654,0.09966541932643627,-0.17235747303543913,-0.08554259300022012,-0.04942328857583095,0.052183579132731674,-0.32279991195245433,-0.2045014307726172,-0.1301122606207352,0.08144177856042263,0.10462689852520361,-0.22122165969623597,-0.0738168611049967,0.025419326436275588,-0.1771274488223641,-0.13859784283513096,-0.05796830288355712,0.0398217037200088,-0.19334580673563725,-0.055296059872331056,-0.012339863526304205,0.08353510895883777,-0.17192383887299142,-0.2831983270966322,-0.18044904248294077,-0.03675985031917235,-0.22310587717367378,-0.01583535108958838,0.011488003521901827,-0.08837552278230244,0.2978098173013427,0.18909971384547655,-0.2642857142857143,-0.3443913713405239,0.21977767994717148,-0.0017169271406559542,0.010433634162447723,0.12542152762491746,0.13815100154083204,0.040044023772837334,0.055417125247633724,0.22522342064714945,0.22031917235307066,0.15659035879374864,0.04026414263702399,-0.0588267664538851,0.10531146819282412,0.0008628659476117103,0.08367158265463351,0.022890160686770855,-0.1458287475236628,0.39675764913053047,0.4427008584635703,0.4249900946511116,0.046724631300902486,-0.21057230904688531,-0.10730354391371341,0.3163614351749945,0.18763812458727713,0.04387849438696896,0.09737178076161127,-0.13201628879594982,-0.11857803213735417,-0.08763592339863527,-0.17879815100154084,-0.009339643407440017,-0.02075941008144398,0.0028065155183799252,-0.02089588377723971,-0.03637244111820383,-0.024074400176095093,-0.04431653092670042,-0.018307285934404578,-0.020917895663658377,0.05294298921417565,0.07801672903367819,-0.1078648470173894,-0.19936385648250055,-0.16120405018710104
#54,0.0423200528285274,-0.13950693374422188,0.19611490204710544,0.15420867268324895,-0.04100594320933304,0.5884789786484702,-0.015225621835791327,0.152359674224081,0.005663658375522782,0.29507814219678624,0.19268104776579353,0.20334580673563724,1.0,0.22738498789346248,-0.21740479859123926,-0.3155359894342945,0.22335241030156283,0.24136693814659915,-0.1985626238168611,-0.21120405018710103,-0.10326876513317192,-0.3298635263042043,0.11973585736297601,0.09186440677966101,-0.10761171032357474,-0.33346467092229803,0.31355712084525644,0.21441778560422628,0.13892802113141095,0.1197424609289016,0.22927801012546775,-0.05575830948712305,0.21290997138454765,0.2809178956636584,-0.037774598283072856,-0.12200528285274048,-0.17600264142637023,-0.1049438696896324,-0.3325797930882677,-0.273911512216597,0.18100374202069117,-0.11652872551177636,0.08168611049966983,-0.23554259300022012,0.12352630420427031,0.005412722870349989,0.020865067136253575,0.04798151001540832,0.03797490644948272,0.06647369579572969,0.21350429231785165,0.08325555800132071,0.15823024433193925,0.07532027294739159,0.03985912392692054,0.07463790446841294,-0.20892802113141096,-0.28182038300682366,-0.036315210213515296,-0.0890446841294299,-0.1013251155624037,0.09613691393352411,-0.07755888179616993,-0.20879154743561523,0.12998899405679068,0.32128769535549195,0.12390050627338763,-0.11539511336121505,-0.2810631741140216,-0.2619854721549637,-0.034908650671362534,0.07617433414043584,-0.20611490204710545,-0.18598283072859345,-0.1749438696896324,-0.15645828747523663,-0.2546731234866828,-0.23898965441338324,0.15045784723750824,-0.1288333700198107,0.1311402157164869,0.2813955535989434,0.32104996698217036,0.2854435395113361,0.020162887959498128,0.05627338762931983,-0.08906669601584856,0.2642791107197887,-0.24656174334140435,0.32573189522342066,0.005696676205150781,0.02683909311027955,0.19383887299141536,-0.15124807395993836,0.029867928681488003,0.28191943649570766,0.025091349328637463,0.19197446621175435,0.1356812678846577,0.3507241910631741,0.18854721549636805,0.4067422408100374,0.21061413163108078,0.12022892361875413,0.2604468412942989,0.22670702179176755,0.46679286814880033,0.1172044904248294,-0.17938146599163549,-0.2332379484921858,-0.11916354831609069
#58,0.22066696015848558,-0.029764472815320273,0.1813911512216597,-0.07382126348228044,0.1186154523442659,0.16678406339423288,0.424983491085186,0.21777019590578914,0.1540611930442439,0.31532467532467534,0.3051177635923399,0.41288575830948715,0.22738498789346248,1.0,-0.08933303984151442,-0.17885097952894563,0.27508474576271186,0.09215936605767114,-0.06548316090688971,-0.05019150341184239,-0.11288795949812899,-0.36745762711864405,-0.15666519920757208,-0.17122386088487784,-0.23334800792427912,-0.2697754787585296,-0.23524543253356814,-0.4058661677305745,-0.017004182258419546,0.10407660136473695,0.14616112700858463,-0.28027514858023334,-0.08674003962139555,-0.0035835351089588377,0.13663658375522783,0.24153202729473916,0.37184239489324233,0.2053070658155404,-0.09957957296940348,-0.20165089148139995,-0.14646709222980409,0.04971384547655734,-0.06888619854721549,0.18199207572088927,-0.15412942989214176,-0.08223200528285274,-0.19933744221879815,-0.1315298261060973,-0.16594100814439797,-0.19057891261281093,-0.19504512436715826,-0.21914373761831388,-0.04317851639885538,-0.17928021131410962,-0.27372881355932205,-0.333020030816641,-0.13995157384987894,-0.21482720669161348,-0.29277790006603566,-0.3996169931763152,0.2699779881135813,0.034298921417565485,0.5460928901606867,0.26118864186660795,-0.22499889940567908,-0.12683248954435394,0.5291481399955976,0.26005502971604666,0.30818622055910194,0.2944199867928681,0.4534338542813119,0.389603786044464,0.2400528285274048,0.06813999559762271,0.3303896103896104,0.23404358353510896,0.1918578032137354,-0.0137310147479639,0.28214615892581996,0.056548536209553156,-0.08968082764692935,0.166616773057451,0.00451023552718468,0.44491305304864626,0.33997138454765574,0.3355646048866388,0.09230904688531807,-0.16192604006163328,-0.43209333039841513,0.2574180057230905,0.15835571208452565,-0.19184239489324234,-0.07838212634822804,-0.044087607307946294,-0.2766035659255998,0.10178516398855382,-0.25092009685230027,-0.03832929782082325,-0.0885692273827867,0.1002905569007264,-0.19361655293858684,0.2792537970504072,-0.06981510015408321,-0.07313229143737618,-0.13214836011446182,0.1370482060312569,0.0585890380805635,0.20242350869469514,-0.04508474576271186,-0.11228263262161567,-0.23674224081003742
#101,-0.04147259520140876,0.07070878274268105,-0.10567026194144838,0.04175874972485142,-0.1848382126348228,-0.23482940788025533,0.2506317411402157,-0.009482720669161348,-0.032707462029495926,-0.06124367158265463,-0.10032577591899626,-0.16861104996698217,-0.21740479859123926,-0.08933303984151442,1.0,0.4727756988773938,-0.04264802993616553,-0.22922518159806296,0.35466872110939907,0.026700418225841956,0.6352652432313449,0.4190556900726392,-0.08292978208232446,-0.04173893902707462,0.4037310147479639,0.19965221219458507,0.032276029055690075,-0.15337882456526525,0.21673563724411182,-0.24480959718247855,-0.32515958617653534,0.00462029495927801,-0.31724851419766675,-0.07664318732115342,0.15903367818622055,-0.05766453885097953,0.23901606867708564,0.276385648250055,0.42130090248734314,0.21308606647589698,-0.04963680387409201,0.11900286154523443,-0.180066035659256,0.2368611049966982,0.019711644287915473,0.1510807836231565,0.03539951573849879,-0.08396434074400176,-0.3186022452124147,-0.4137574290116663,-0.47382126348228043,-0.482788906009245,-0.43152322254017167,-0.4544838212634823,-0.20164428791547437,-0.21993836671802774,0.0747721769755668,0.0775808936825886,-0.27265903587937484,-0.3592449922958397,0.06063614351749945,0.08951573849878934,-0.029366057671142417,-0.09472375082544573,-0.15938366718027736,-0.08238168611049967,-0.14739819502531368,0.06392031697116443,0.3277591899625798,-0.05068677085626238,-0.08839313229143737,-0.048868589038080563,0.28410301562843937,-0.15511116002641426,0.0012282632621615672,-0.09984811798371121,0.12561523222540172,0.05140215716486903,0.18528285274047987,-0.04934844816200749,-0.05948272066916135,-0.25614571868809155,-0.19418666079683028,-0.3990821043363416,-0.277310147479639,-0.20200968523002422,-0.26373321593660576,-0.13757649130530486,0.14588157605106758,-0.08178296279991196,-0.07897424609289017,-0.026955756108298482,-0.2369865727492846,0.07810257539071098,-0.06216817081223861,-0.010847457627118645,-0.06596081884217478,-0.2923024433193925,-0.2439027074620295,-0.23302883557120846,-0.47695795729694035,-0.3145608628659476,-0.451237068016729,-0.07315870570107859,-0.2618115782522562,-0.2260642747083425,-0.3809421087387189,-0.01834470614131631,-0.01938806955756108,0.1490512876953555,0.19883777239709444
#102,0.2855998239049086,0.36125687871450585,-0.02003742020691173,0.0835593220338983,-0.10103675985031917,-0.3703499889940568,0.15248734316530926,0.09200088047545675,0.007169271406559542,0.1187277129650011,0.25491745542593003,-0.1852080123266564,-0.3155359894342945,-0.17885097952894563,0.4727756988773938,1.0,-0.16515958617653534,-0.0361699317631521,0.4461281091789566,0.27500770416024656,0.24251595861765354,0.7045410521681709,-0.0224785384107418,0.15049086506713624,0.21353510895883776,0.6065595421527625,-0.24332379484921857,-0.12583975346687212,-0.005811138014527845,-0.06521681708122386,-0.3778010125467753,-0.09294519040281753,-0.47623376623376623,-0.3287673343605547,-0.24166189742460928,-0.09342284833810258,-0.14179837112040503,0.17810917895663658,0.060255337882456524,0.3974003962139555,-0.1150231124807396,0.17438917015188202,-0.2800440237728373,0.1924983491085186,0.007380585516178736,0.21856702619414484,-0.16025533788245652,-0.3162161567246313,-0.3580761611270086,-0.33431212854941667,-0.38006383447061415,-0.3391349328637464,-0.41068897204490423,-0.3071230464450803,-0.06025753907109839,0.03680167290336782,-0.09205811138014527,0.2546819282412503,-0.0009355051727933084,-0.17502091129209774,-0.09129429892141756,-0.11915474356152322,-0.23453004622496149,0.03989214175654854,0.027175874972485144,-0.16409861325115563,-0.2278318291877614,-0.022137354171252475,0.4101408760730795,0.14773277569887738,0.013673783843275368,0.1270217917675545,-0.1258529605987233,-0.17571208452564385,-0.34329958177415804,-0.15521021351529826,-0.1905480959718248,-0.21172132951793968,0.0036803874092009685,0.3120515078142197,-0.2776469293418446,-0.06871890821043364,-0.15704380365397314,-0.3528791547435615,-0.3188135593220339,-0.13934404578472376,-0.023697996918335903,-0.15448382126348228,0.3371912832929782,-0.2773893902707462,-0.09679286814880035,-0.019291217257318954,-0.17278450363196127,0.2640479859123927,0.10518379925159586,0.07765133171912833,0.41389170151882015,-0.16066475896984372,0.010801232665639445,-0.4797468633061853,-0.2583050847457627,-0.327607307946291,-0.27576711424169054,-0.03523662777900066,-0.2914065595421528,-0.43320713185119963,-0.5259652212194585,-0.2240215716486903,0.168036539731455,0.26707902267224304,0.028511996478098173
#201,0.25077481840193705,0.14932423508694695,0.5425467752586397,0.22195465551397756,-0.14174994497028395,0.25750605326876513,0.1098745322474136,0.012606207351970064,0.00476337222099934,0.537226502311248,0.034598283072859344,-0.1904688531807176,0.22335241030156283,0.27508474576271186,-0.04264802993616553,-0.16515958617653534,1.0,0.5212392692053709,-0.2591767554479419,-0.20564164648910413,-0.06572749284613691,-0.22924058991855603,0.2351287695355492,-0.13817521461589258,0.2837552278230244,-0.30062733876293196,0.1466651992075721,0.04305745102355272,0.23677305745102356,-0.1455580013207132,-0.019275808936825886,-0.17490865067136255,0.26115562403697995,0.23300902487343164,0.012967202289236188,0.017574290116662998,0.09654413383226942,-0.10030816640986133,-0.19041382346467092,-0.296634382566586,-0.012841734536649791,-0.35290116662998017,-0.023532907770195906,-0.20991195245432534,-0.22268765133171914,-0.18066475896984371,0.051146819282412506,0.01691833590138675,0.14954655513977547,0.04728153202729474,0.22935725291657494,-0.032379484921857805,0.2576931543033238,0.1062623816861105,0.20539071098393133,0.19649130530486464,-0.14377503852080123,-0.35793968743121285,-0.13369579572969403,-0.27430772617213295,-0.12192163768434955,0.03211314109619194,0.07622716266784063,-0.16620735197006384,0.2087673343605547,0.28130310367598504,0.07536649790887079,0.07965001100594321,-0.08369359454105217,-0.06861104996698217,0.2886682808716707,0.35010345586616776,-0.18273387629319832,-0.1410015408320493,-0.0036979969183359015,-0.03658815760510676,-0.1013647369579573,-0.08717367378384328,0.20731895223420646,-0.17478318291877615,-0.18172573189522342,0.2213119084305525,0.0678120184899846,0.12362976007043804,-0.18598943429451903,-0.16254897644728153,-0.1313911512216597,0.1288267664538851,-0.4416068677085626,-0.09681928241250275,-0.1772176975566806,-0.2854149240589919,-0.14760290556900726,-0.2090248734316531,-0.30666079683028835,0.5565023112480739,-0.006335020911292098,0.49873651771956856,0.3790116662998019,0.4227162667840634,0.20561963460268545,0.4947347567686551,0.2589016068677086,0.35368258859784285,0.2775016508914814,0.4475214615892582,0.33275808936825885,0.006671802773497689,-0.03916795069337442,-0.324356152322254,-0.17583755227823025
