,#10,#11,#12,#13,#17,#18,#26,#49,#50,#51,#52,#53,#54,#58,#101,#102,#201,#202,#301,#302,#401,#402,#501,#502,#601,#602,#701,#702,#801,#802,#901,#902,#1001,#1002,#1101,#1102,#1201,#1202,#1301,#1302,#1401,#1402,#1501,#1502,#1601,#1602,#1701,#1702,#1801,#1802,#1901,#1902,#2001,#2002,#2101,#2102,#2201,#2202,#2301,#2302,#2401,#2402,#2501,#2502,#2601,#2602,#2701,#2702,#2801,#2802,#2901,#2902,#3001,#3002,#3101,#3102,#3201,#3202,#3301,#3302,#3401,#3402,#3455,#3501,#3502,#3601,#3602,#3701,#3702,#3801,#3802,#3901,#3902,#4001,#4002,#4101,#4102,#4201,#4202,#4301,#4302,#4401,#4402,#4501,#4502,#4601,#4602,#4701,#4702,#4801,#4802
#10,1.0,0.7249240589918556,0.17841074180057231,0.36712965001100595,0.2791965661457187,0.16045124367158264,0.4379969183359014,0.6775280651551838,0.4339995597622716,0.5326458287475236,0.6733854281311908,0.2531763152102135,0.2978582434514638,0.16097732775698878,0.2677305745102355,0.27275368699097513,0.23352410301562843,0.017109839313229142,0.3317015188201629,0.3685890380805635,0.16396434074400176,0.028972044904248293,-0.10569227382786704,0.12803874092009684,0.0901584855822144,0.04402157164869029,-0.411452784503632,-0.4637023992956196,0.060033017829628,0.08649570768214836,-0.1174686330618534,-0.14739159145938807,-0.18213075060532688,-0.14417785604226283,0.09068897204490425,-0.012181377944089808,-0.0860114461809377,0.08620074840413823,-0.20732775698877393,-0.017827426810477658,0.18054369359454106,0.06974466211754347,-0.2202245212414704,-0.07952454325335681,-0.3084965881576051,-0.0034954875632841735,-0.3749812898965441,-0.32440677966101694,-0.46990975126568346,-0.48012106537530264,-0.40395333480079243,-0.37672243011226064,-0.278481179837112,-0.16272507153863086,-0.047792207792207796,0.010303764032577592,-0.4911093990755008,-0.1704798591239269,-0.374356152322254,-0.4320801232665639,0.13834910851860005,-0.29741800572309046,0.15403037640325776,-0.04578472375082544,0.027266123706801672,-0.15023992956196347,0.19983270966321814,0.2898151001540832,0.5020801232665639,0.27451683909311025,0.3007572088928021,0.26644508034338543,0.362656834690733,0.11624477217697557,0.07866607968302884,-0.11945410521681708,-0.0025269645608628657,-0.2649240589918556,0.24798591239269205,0.4382478538410742,-0.08667620515078142,-0.09588817961699318,0.010832049306625577,0.20979749064494826,0.13838212634822805,-0.11223640766013647,-0.2987519260400616,0.18193704600484262,0.1310147479639005,-0.12422408100374202,-0.1034734756768655,-0.3600374202069117,-0.44657495047325557,-0.21770856262381685,-0.28612370680167293,-0.01014968082764693,0.10704160246533127,-0.17125687871450584,-0.19793528505392913,-0.34617433414043586,-0.298382126348228,-0.18787585296059872,-0.05642306845696676,-0.189405679066696,-0.00021791767554479418,-0.13077922077922077,-0.27840854061193043,0.1304226282192384,0.12342504952674445,0.2536781862205591,-0.09791107197886859
#11,0.7249240589918556,1.0,0.4133876293198327,0.32820823244552055,0.20719568567026195,0.19889720449042483,0.4745938806955756,0.549390270746203,0.45289016068677085,0.5018710103455866,0.669075500770416,0.25297820823244555,0.18621175434734757,0.09880255337882457,0.24668721109399075,0.30645608628659476,0.17834250495267445,0.22353070658155405,0.3682874752366278,0.35323354611490204,0.3589258199427691,0.20804754567466432,0.04692934184459608,0.15509355051727933,0.3059586176535329,0.19604006163328197,-0.22010565705480958,-0.20630640545894782,0.12231565045124367,0.08051948051948052,-0.01825445740699978,-0.1346731234866828,-0.1683711204050187,-0.16647589698437157,0.15209112920977327,-0.06038740920096852,-0.07624036979969183,-0.03642306845696676,-0.15453224741360336,0.02366057671142417,0.23619414483821263,0.07320052828527404,-0.2892339863526304,0.0363416244772177,-0.18018710103455865,0.11479639005062733,-0.30547435615232227,-0.2671516618974246,-0.3682940788025534,-0.28341844596081883,-0.17033458067356372,-0.09303103675985032,-0.022493946731234865,0.1067048206031257,0.09485582214395774,0.2870878274268105,-0.48394012766894123,-0.23327756988773937,-0.47051067576491307,-0.43778340303764035,-0.04685450143077262,-0.35775918996257977,-0.024891041162227602,-0.15574730354391372,0.17133392031697117,0.07311027955095752,-0.02160246533127889,0.37655734096412063,0.4237574290116663,0.16855161787365178,0.281551837992516,0.19604666519920758,0.16409200968523002,-0.2093000220118864,-0.12580233325996037,-0.2230970724191063,-0.20329297820823244,-0.48669821703720006,0.4100176095091349,0.39728373321593663,-0.05127668941228263,-0.07625797930882677,0.07400616332819723,0.12651551837992517,-0.12194144838212635,-0.363350209112921,-0.48938366718027737,0.1785494166850099,0.1911798371120405,-0.2908760730794629,-0.21948492185780322,-0.4186198547215496,-0.5425775918996258,-0.24672903367818622,-0.47442218798151004,0.06359454105216818,0.3025731895223421,-0.20302883557120846,0.08436495707682148,-0.2998943429451904,-0.2333303984151442,-0.11221879815100154,-0.0795971824785384,-0.17880475456746645,0.008307285934404579,-0.15891481399955976,-0.27678626458287475,-0.06809597182478538,0.07022892361875413,0.0659123926920537,-0.2589632401496808
#12,0.17841074180057231,0.4133876293198327,1.0,0.34850099053488887,-0.09896984371560642,0.13260180497468632,0.07918115782522563,0.009154743561523222,0.12386748844375962,0.3640898084965882,0.3473563724411182,0.002493946731234867,0.1251882016288796,-0.1309487123046445,-0.047792207792207796,0.27300902487343165,0.398564825005503,0.7815518379925159,-0.02416024653312789,-0.17466431873211535,-0.10030156284393572,0.03978208232445521,0.19528945630640546,0.030644948272066916,0.5277327756988774,0.38049966982170375,0.3649768875192604,0.23442218798151002,0.4392163768434955,0.15806735637244113,0.21412282632621615,0.14412502751485803,0.1836979969183359,0.01397094430992736,0.15423068456966763,0.1487409200968523,0.07260180497468634,-0.2615034118423949,0.3557340964120625,0.07488883997358574,0.21415144177856044,-0.014045784723750825,0.04965661457186881,0.08453004622496148,-0.0987937486242571,-0.05674224081003742,-0.02272507153863086,0.06578912612810918,-0.04236187541272287,0.10628659476117103,0.3268214836011446,0.36870349988994056,0.3655359894342945,0.5050517279330838,0.14447941888619856,0.30423508694695134,-0.4606999779881136,-0.4197248514197667,-0.1498481179837112,0.04712304644508034,-0.2603169711644288,-0.05727052608408541,-0.2765133171912833,-0.21271626678406338,0.5880497468633061,0.29852740479859124,-0.2568016729033678,0.08314549856922739,0.029614791987673344,-0.11945850759410082,0.5130508474576271,0.11303323794849218,-0.25186220559101913,-0.2472507153863086,-0.5738917015188202,-0.23513317191283292,-0.44903147699757867,-0.46542593000220117,0.43403037640325776,0.361336121505613,0.035326876513317194,-0.0998283072859344,-0.16609509134932865,-0.0337970504072199,-0.4643429451904028,-0.3616156724631301,-0.15057010785824346,0.013819062293638565,-0.1586088487783403,-0.16040721989874532,-0.33475236627779,-0.23979308826766454,-0.17773717807616113,-0.2588333700198107,-0.30641426370239927,0.6962161567246313,0.48250935505172793,0.31007704160246535,0.5297930882676646,0.0927690953114682,0.10106317411402158,0.39406559542152764,0.08672683248954435,0.20986792868148801,0.15507814219678626,0.07034118423948932,0.08093330398415144,-0.20687651331719129,-0.1387871450583315,-0.3187211093990755,-0.17267884657715166
#13,0.36712965001100595,0.32820823244552055,0.34850099053488887,1.0,0.007587497248514197,0.34405679066696016,0.12948051948051947,0.04130310367598503,-0.20617433414043584,0.4634712744882236,0.24082104336341625,0.13834910851860005,0.139702839533348,0.0071076381245872775,0.12426150121065375,0.05512656834690733,0.5829583975346687,0.31100594320933306,-0.11818842174774379,-0.008217037200088047,-0.23479859123926922,-0.1963086066475897,-0.013165309267004183,0.12438036539731455,0.029828307285934403,0.22799031476997578,-0.022936385648250054,-0.07182258419546556,0.32580893682588596,0.32070438036539733,0.3008298481179837,0.31740479859123927,0.17249614791987675,0.25803213735417124,0.45009685230024216,0.33035439137134054,0.2071648690292758,0.17106537530266344,0.38931102795509576,0.12772837332159365,0.3692934184459608,0.1942703059652212,0.0412590799031477,-0.07359674224081003,-0.13819062293638565,-0.26011226062073517,0.05461369139335241,-0.001133612150561303,-0.046040061633281976,-0.20435615232225401,-0.0987805414924059,-0.20562403697996917,-0.040578912612810915,-0.13533348007924278,-0.22174994497028394,-0.08974466211754348,-0.2288003521901827,-0.22225841954655515,0.0388795949812899,-0.0363878494386969,0.017827426810477658,0.01702839533348008,0.17946731234866828,0.1772309046885318,0.1458397534668721,-0.1638696896324015,-0.0006141316310807836,-0.014741360334580674,0.06656174334140436,0.21851199647809819,0.14693154303323794,0.07682588597842835,0.023871890821043365,0.06104996698217037,-0.094785384107418,-0.16238828967642527,-0.029139335241030156,-0.14933083865287256,0.04040942108738719,0.42213295179396876,0.021549636803874093,0.18518820162887958,-0.12086286594761171,0.13597842835130972,0.10016288795949813,-0.11204490424829408,0.05439797490644948,0.3161809377063614,0.11463130090248734,0.16733436055469955,-0.16396654193264362,0.06783623156504512,-0.04320052828527405,-0.08680387409200968,-0.02328417345366498,0.18559982390490865,0.03599163548316091,0.12935725291657496,0.09576491305304864,0.1441668500990535,-0.02793088267664539,0.14408320493066257,0.3554853620955316,0.24759189962579792,0.39502751485802334,0.23744001760950914,0.20099493726612372,0.07456966762051508,-0.062460928901606864,-0.13123046445080344,-0.12185780321373542
#17,0.2791965661457187,0.20719568567026195,-0.09896984371560642,0.007587497248514197,1.0,0.3236209553158706,0.3196984371560643,0.34134052388289676,0.02887739379264803,0.15895663658375522,0.2291173233546115,0.1338432753686991,0.40105216817081224,0.13334580673563726,-0.13307285934404578,-0.011078582434514638,-0.05220779220779221,-0.024871230464450802,-0.03532467532467533,0.13263922518159807,-0.12489324235086947,0.1317257318952234,-0.11653532907770196,0.027479639005062735,-0.2509685230024213,-0.08572088928021132,-0.20375302663438258,-0.2619568567026194,-0.02133612150561303,0.23042482940788026,0.045881576051067574,0.09455646048866388,-0.02700858463570328,-0.23335901386748845,0.001694915254237288,-0.01464670922298041,-0.2993088267664539,0.11180937706361435,-0.32250055029716046,-0.11823904908650672,0.02221219458507594,0.04611930442438917,0.14024433193924718,0.0037860444640105658,-0.050418225841954656,0.06512436715826546,-0.060781421967862646,-0.04855381906229364,-0.07266784063394233,-0.19818622055910193,-0.15652212194585077,-0.3564142637023993,-0.2648536209553159,-0.2987541272287035,-0.31022011886418666,-0.18670041822584196,-0.24852080123266565,-0.0784041382346467,-0.1413515298261061,-0.2869073299581774,-0.021146819282412504,-0.10646709222980409,0.30461149020471057,0.07577812018489985,-0.07048646268985252,0.08693154303323795,0.3525511776359234,0.25451904028175215,0.13616552938586837,0.06320272947391592,0.0665001100594321,0.06456966762051508,0.11552498349108518,0.16637684349548756,0.12465551397754787,0.15014087607307947,0.04052828527404798,-0.04311908430552498,-0.05341844596081884,0.2727162667840634,-0.14432973805855162,0.09521021351529826,0.1821417565485362,0.3690710983931323,0.44248954435395116,-0.0475478758529606,0.01020691173233546,-0.019806295399515738,0.20652212194585076,-0.08987012987012986,0.26929782082324455,0.008076161127008584,0.07599603786044463,-0.019755668060752806,-0.16585516178736517,-0.08561082984811798,-0.02012326656394453,0.029225181598062953,-0.22078802553378823,-0.015241030156284394,-0.04688972044904248,0.16310587717367378,0.06307065815540391,-0.05691393352410302,-0.023116883116883116,-0.0007638124587277129,-0.17948932423508696,0.08667400396213956,0.11343825665859564,0.05943429451904028,-0.0423728813559322
#18,0.16045124367158264,0.19889720449042483,0.13260180497468632,0.34405679066696016,0.3236209553158706,1.0,0.24526964560862866,0.13885758309487123,0.02520581113801453,0.3438961038961039,0.24735637244111822,0.0015540391811578252,0.24371340523882898,0.21609949372661236,-0.02038300682368479,-0.07704380365397315,0.3112987012987013,0.11134712744882236,-0.089801893022232,0.04418445960818842,-0.20637684349548757,-0.07691173233546116,-0.06686770856262382,-0.008335901386748844,-0.06441338322694255,-0.03388069557561083,-0.004924058991855602,-0.1292163768434955,0.20627118644067796,0.28439357252916575,0.36364957076821486,0.2940611930442439,0.13603345806735637,0.13022892361875413,0.5093022232005283,0.19926480299361654,0.03228923618754127,0.29885538190622934,0.0863680387409201,0.17766453885097952,0.15503852080123268,0.2282588597842835,0.027109839313229144,-0.012786704820603127,0.02096852300242131,-0.18100594320933305,0.05468412942989214,0.049931763152102134,0.04154743561523223,-0.1498613251155624,-0.09317631521021351,-0.32403037640325777,-0.05277129650011006,-0.16153422848338103,-0.11486902927580894,-0.19631080783623156,-0.2402377283733216,-0.27952234206471493,-0.08010785824345146,-0.12506493506493507,-0.23226942548976448,-0.14102575390710984,0.22035659255998238,0.12949152542372883,0.16329738058551618,0.06789126128109178,0.26036759850319174,0.2624411182038301,-0.018362315650451242,0.1352608408540612,0.10971384547655734,0.007992515958617654,0.019755668060752806,0.10313009024873432,0.04447501650891481,0.0678582434514638,0.050832049306625576,-0.050327977107638124,0.13503411842394894,0.2849108518600044,-0.20314769975786925,0.2128285274047986,0.41909090909090907,0.2657737178076161,0.10440677966101695,-0.22262821923838874,-0.05080563504292318,0.0659255998239049,0.18794629099713844,0.1594739159145939,0.25823684789786483,0.17886858903808056,-0.06533568126788465,-0.19175214615892583,-0.25152542372881354,0.14709663218137795,-0.09688531807175875,0.17287915474356153,-0.011767554479418886,0.06712524763372221,0.04551397754787585,0.1722672243011226,0.609885538190623,0.12398415144177856,0.22549636803874093,0.0587145058331499,0.011294298921417565,-0.1306735637244112,-0.26104556460488665,-0.18700858463570327,-0.07314109619194364
#26,0.4379969183359014,0.4745938806955756,0.07918115782522563,0.12948051948051947,0.3196984371560643,0.24526964560862866,1.0,0.5568897204490425,0.3372154963680387,0.3549658815760511,0.47797710763812457,0.3499603786044464,0.5406075280651552,0.44009685230024215,0.0064384767774598286,0.017490644948272068,-0.06075280651551838,0.018756328417345366,0.20027294739159146,0.17845256438476778,-0.01814439797490645,-0.0772176975566806,-0.18018930222320054,-0.1775941008144398,0.05386748844375963,-0.22758529605987232,-0.24973365617433413,-0.46872551177635924,0.03143957737178076,-0.0006889720449042483,-0.1798217037200088,-0.12327977107638124,-0.1965529385868369,-0.19849218578032138,-0.05559101915034118,-0.21946070878274268,-0.0752674444199868,0.08996918335901387,-0.25397314549856925,-0.11916354831609069,0.1643627558881796,0.023233546114902047,-0.10275148580233326,-0.06135373101474796,-0.10294959278010125,-0.1305194805194805,-0.15320272947391592,-0.13493946731234868,-0.3198437156064275,-0.46002201188641867,-0.4374950473255558,-0.38683909311027953,-0.3867840633942329,-0.19694254897644728,-0.03437156064274708,-0.08435174994497029,-0.41297600704380366,-0.33687211093990754,-0.21796830288355712,-0.4447963900506273,0.10403037640325775,-0.08000440237728373,0.1755513977547876,-0.0991899625797931,-0.07425489764472816,0.0069865727492846134,0.4176953554919657,0.490462249614792,0.4389632401496808,0.0763614351749945,0.336271186440678,0.15399955976227162,0.35614791987673344,0.07063834470614132,0.14048646268985251,0.1989588377723971,0.11461809377063614,-0.019755668060752806,0.2765793528505393,0.2054655513977548,-0.16576491305304863,0.09176095091349329,0.22856482500550296,0.33456306405458947,0.1359255998239049,0.047862645828747524,-0.06975126568346908,0.13688311688311688,0.2792097732775699,-0.18817081223860885,0.03623156504512437,-0.25834030376403255,-0.3481488003521902,-0.016667400396213956,-0.19349768875192605,-0.10671142416905129,-0.05957957296940348,-0.27480519480519483,-0.27794629099713847,-0.3362029495927801,-0.32855381906229364,-0.08572529165749505,-0.08599603786044464,-0.2188729914153643,-0.05128989654413383,-0.21594320933303984,-0.3213053048646269,0.12123046445080343,0.31449922958397536,0.19999559762271626,0.03325555800132071
#49,0.6775280651551838,0.549390270746203,0.009154743561523222,0.04130310367598503,0.34134052388289676,0.13885758309487123,0.5568897204490425,1.0,0.6066255778120185,0.40655513977547875,0.6539335241030156,0.23420867268324896,0.3802509355051728,0.16588597842835132,0.375857362976007,0.29205811138014526,-0.0473893902707462,-0.03268104776579353,0.5683381025753907,0.35981069777679947,0.28302443319392473,0.06789786484701739,-0.08659035879374863,0.02780761611270086,0.12661237068016729,-0.14780321373541713,-0.45612810917895663,-0.5533964340744002,-0.03974686330618534,-0.11298921417565486,-0.2909046885318072,-0.22068236847897865,-0.4478648470173894,-0.36574510235527186,-0.07904688531807176,-0.09167290336781862,-0.19668060752806515,0.10336561743341405,-0.48740479859123925,-0.16119524543253358,0.1377591899625798,0.026504512436715828,-0.28180057230904687,0.012546775258639665,-0.23277129650011005,-0.042196786264582876,-0.43141976667400395,-0.4034624697336562,-0.5741008144397974,-0.5904468412942989,-0.477805414924059,-0.47637023992956196,-0.32642526964560864,-0.21686770856262383,0.1277261721329518,-0.018364516839093112,-0.4778890600924499,-0.2359850319172353,-0.5462293638564825,-0.6456174334140435,0.04257318952234206,-0.40002861545234425,0.12140876073079462,-0.04085186000440238,0.04453885097952895,-0.10374642306845697,0.29958837772397096,0.36036539731454986,0.5731124807395994,0.16554479418886198,0.3333612150561303,0.29891481399955977,0.5199933964340744,0.17915254237288136,0.2226502311248074,-0.008439357252916575,0.02328417345366498,-0.2592559982390491,0.20807616112700858,0.29159366057671143,-0.059352850539291215,-0.1735395113361215,0.16836231565045123,0.219042482940788,0.13118423948932423,-0.19003521901826986,-0.39006383447061416,0.08985031917235307,0.1366387849438697,-0.21194144838212634,-0.0664538850979529,-0.4913075060532688,-0.5223970944309927,-0.2735703279771076,-0.39153863086066476,-0.23915254237288136,0.09697336561743342,-0.3485912392692054,-0.34773057451023553,-0.3634866828087167,-0.442194585075941,-0.2666409861325116,-0.14881796169931763,-0.3797226502311248,-0.2913405238828968,-0.3415804534448602,-0.49374202069117323,0.05165089148139996,0.047160466651992076,0.15589038080563505,-0.242326656394453
#50,0.4339995597622716,0.45289016068677085,0.12386748844375962,-0.20617433414043584,0.02887739379264803,0.02520581113801453,0.3372154963680387,0.6066255778120185,1.0,0.39926920537090027,0.62293638564825,0.2603653973145499,0.07560862865947612,0.2166916134712745,0.1975016508914814,0.11225181598062954,-0.049447501650891484,0.0015122165969623596,0.3719238388729914,0.14197666740039622,0.2894629099713846,-0.01894342945190403,-0.16972485141976668,-0.14275368699097513,0.2506009244992296,-0.26151221659696233,-0.12235527184679727,-0.20952894563064053,0.10879154743561523,-0.023290777019590578,-0.16994276909531147,-0.2836891921637684,-0.29053709002861544,-0.23220559101915034,-0.050457847237508256,-0.10608188421747744,-0.1140215716486903,-0.12901606867708562,-0.44290777019590577,-0.16171912832929783,0.006097292537970504,-0.06846136913933525,-0.35506713625357694,-0.05222760290556901,-0.2256944750165089,-0.03818401937046005,-0.3525974025974026,-0.3481554039181158,-0.2934536649790887,-0.20878494386968963,-0.20477437816420868,-0.1010477657935285,0.04104776579352851,0.00021351529826106098,0.1255095751705921,0.03703059652212195,-0.3015826546335021,-0.27898084965881575,-0.35963240149680825,-0.41386748844375965,0.12132071318511997,-0.2568545014307726,-0.09878934624697337,-0.2129143737618314,0.21996257979308828,0.12536429672022892,0.10802333259960378,0.34792648029936163,0.3223222540171693,0.04257539071098393,0.2610477657935285,0.13174774378164208,0.18823024433193924,0.13681047765793528,-0.04808936825885978,-0.0736121505613031,-0.030990534888839974,-0.25017389390270744,0.25790887079022673,-0.02290777019590579,0.07663218137794409,-0.1333744221879815,0.24454325335681268,-0.1587277129650011,-0.10391591459388069,-0.0811864406779661,-0.21083865287255119,-0.03844155844155844,-0.035615232225401715,-0.18129429892141757,-0.06313889500330179,-0.3218335901386749,-0.42491525423728815,-0.059185560202509355,-0.19275808936825886,-0.04240810037420207,0.03666299801893022,-0.3011644287915474,-0.23717807616112702,-0.39554479418886196,-0.33374202069117326,-0.38154303323794847,-0.1486154523442659,-0.42024213075060535,-0.33777679947171474,-0.3891701518820163,-0.4563240149680828,0.03854061193044244,-0.04194805194805195,0.2700968523002421,-0.016374642306845696
#51,0.5326458287475236,0.5018710103455866,0.3640898084965882,0.4634712744882236,0.15895663658375522,0.3438961038961039,0.3549658815760511,0.40655513977547875,0.39926920537090027,1.0,0.6665133171912833,0.2863636363636364,0.16710323574730354,0.19301562843935724,0.22933083865287254,0.17024873431653093,0.5701804974686331,0.35110499669821704,0.07896103896103897,-0.07554699537750385,-0.16495487563284172,-0.17244111820383007,-0.07090028615452344,-0.08208012326656394,0.28011446180937705,0.03177415804534449,-0.11526964560862867,-0.23278890600924498,0.3779154743561523,0.12117103235747304,0.007259520140876073,0.056123706801672904,-0.09805194805194806,-0.16652212194585075,0.11781862205591019,0.012027294739159146,-0.14375963020030816,-0.1565991635483161,0.00861765353290777,-0.08205370900286155,0.2543517499449703,0.07569007263922518,-0.1364472815320273,-0.1444684129429892,-0.43026194144838215,-0.35949372661237067,-0.33803213735417126,-0.4174730354391371,-0.2795993836671803,-0.31275588817961697,-0.14790887079022672,-0.2420493066255778,0.011404358353510896,-0.011230464450803434,-0.06259520140876074,-0.13484701738939028,-0.3885406119304424,-0.4867840633942329,-0.20321153422848337,-0.2894254897644728,0.0660642747083425,-0.1767026194144838,0.001111600264142637,0.05722870349988994,0.33763812458727716,-0.07983931322914374,0.08605987233105877,0.18058551617873653,0.1940281752146159,0.12800792427911073,0.5224411182038301,0.17516618974246093,0.2279484921857803,0.20344486022452124,-0.2143957737178076,-0.09326216156724632,-0.05410961919436496,-0.2591239269205371,0.2471912832929782,0.2550473255558001,-0.08812678846577152,-0.10500110059432094,0.11276249174554259,0.16722650231124808,-0.08060972925379704,-0.05323574730354391,0.008635263042042703,0.02407660136473696,-0.04938146599163548,-0.05173893902707462,-0.10458287475236627,-0.18845476557340965,-0.3613119084305525,-0.1160114461809377,-0.1246599163548316,0.3310873871890821,0.17427470834250494,0.030891481399955976,-0.07139995597622716,-0.25147259520140874,-0.2715892581994277,0.03357693154303324,0.11020691173233546,-0.18079242791107197,0.005067136253576932,-0.18977988113581334,-0.21263922518159806,0.020338983050847456,-0.0900264142637024,0.10867928681488004,0.009733656174334141
#52,0.6733854281311908,0.669075500770416,0.3473563724411182,0.24082104336341625,0.2291173233546115,0.24735637244111822,0.47797710763812457,0.6539335241030156,0.62293638564825,0.6665133171912833,1.0,0.14097072419106318,0.22983050847457628,0.2133744221879815,0.25645828747523663,0.30450363196125907,0.21730574510235529,0.22211754347347568,0.34541712524763374,0.2016596962359674,0.1416486902927581,0.033138895003301784,-0.05767554479418886,0.03674884437596302,0.27968082764692936,0.07105877173673784,-0.2625467752586397,-0.29296279991195245,0.20705701078582434,0.07301782962799912,-0.0775148580233326,-0.20794629099713846,-0.30240810037420207,-0.3272947391591459,0.11711864406779661,-0.015923398635263042,-0.14532247413603347,-0.16620515078142198,-0.24472375082544573,-0.11540391811578252,0.20604886638784944,0.04528945630640546,-0.3186594761171032,0.021054369359454105,-0.23979088707902269,-0.12484701738939027,-0.40077701959057893,-0.3762953995157385,-0.3970107858243451,-0.347376183138895,-0.2230662557781202,-0.2128483381025754,-0.09678846577151662,-0.01772176975566806,0.011307506053268765,0.026953554919656616,-0.43635703279771076,-0.3419502531366938,-0.38215056130310365,-0.42459388069557563,0.05947391591459388,-0.2392427911071979,0.03570327977107638,-0.09739159145938807,0.24958617653532908,0.06434734756768655,0.1889522342064715,0.31850539291217256,0.4442460928901607,0.16123486682808716,0.4552058111380145,0.19250055029716046,0.190891481399956,0.10219238388729913,-0.1051617873651772,-0.11729033678186221,-0.11068236847897865,-0.39217917675544794,0.36063614351749945,0.298895003301783,-0.09941228263262161,-0.1225313669381466,0.20955535989434296,0.0836451683909311,0.03208892802113141,-0.169867928681488,-0.20847897864847018,0.0388333700198107,0.06915254237288136,-0.15825005502971604,-0.08614791987673344,-0.2971186440677966,-0.5446357032797711,-0.18585736297600705,-0.3245014307726172,0.15197886858903809,0.250693374422188,-0.3063416244772177,-0.21992295839753467,-0.3958265463350209,-0.33259300022011884,-0.20374202069117323,-0.03979308826766454,-0.31456526524323136,-0.1664340744001761,-0.3424785384107418,-0.3546489104116223,-0.0514043583535109,0.016535329077701957,0.1887211093990755,-0.102623816861105
#53,0.2531763152102135,0.25297820823244555,0.002493946731234867,0.13834910851860005,0.1338432753686991,0.0015540391811578252,0.3499603786044464,0.23420867268324896,0.2603653973145499,0.2863636363636364,0.14097072419106318,1.0,0.3158331499009465,0.20593440457847237,0.025881576051067577,-0.08238388729914153,-0.013986352630420426,-0.1649108518600044,0.0007506053268765133,-0.07994497028395334,-0.22976007043803653,-0.3659189962579793,-0.09170592119744662,-0.164356152322254,-0.058685890380805635,-0.34017389390270747,-0.25724851419766676,-0.42142196786264585,0.048069557561082984,0.10122165969623596,-0.2625269645608629,-0.04398415144177856,-0.24197226502311248,-0.049251595861765356,-0.16071318511996477,0.042995817741580455,-0.13272507153863086,-0.015115562403697998,-0.1766123706801673,-0.18718247853841075,0.1234668721109399,0.014188861985472156,-0.07809156944750165,-0.15920977327756988,-0.23313449262601804,-0.22306185340083645,-0.18794849218578033,-0.25594100814439796,-0.11940788025533788,-0.3868104776579353,-0.33846797270526086,-0.3017719568567026,-0.25010125467752586,-0.26894783182918774,-0.05733215936605767,-0.20886858903808056,-0.16159806295399515,-0.35074840413823466,0.013469073299581774,-0.30570327977107636,0.3269535549196566,0.017675544794188862,0.14614791987673342,0.2639093110279551,-0.07329958177415805,-0.04722650231124807,0.014169051287695356,0.10788906009244992,0.18116883116883117,0.31286374642306847,0.1344486022452124,0.2507968302883557,0.1940876073079463,0.19068897204490426,0.05826766453885098,0.06320713185119965,0.11825885978428351,0.06825225621835791,-0.0035615232225401717,0.1033810257539071,0.1886550737398195,0.018571428571428572,0.0899801893022232,0.27918996257979306,0.259141536429672,0.36963240149680826,0.11634602685450143,0.10229363856482501,0.060316971164428794,-0.013099273607748183,0.07066475896984371,0.010939907550077042,-0.08846136913933524,0.24097072419106316,0.12922958397534667,-0.08875852960598724,-0.14542152762491745,-0.00300462249614792,-0.2376271186440678,-0.05475676865507374,-0.27138234646709225,-0.045610829848117984,-0.2689654413383227,-0.26800792427911074,-0.24385428131190842,-0.16078802553378824,-0.2258661677305745,0.35139995597622714,0.3458793748624257,0.2595179396874312,0.16486022452124147
#54,0.2978582434514638,0.18621175434734757,0.1251882016288796,0.139702839533348,0.40105216817081224,0.24371340523882898,0.5406075280651552,0.3802509355051728,0.07560862865947612,0.16710323574730354,0.22983050847457628,0.3158331499009465,1.0,0.2750583314990095,-0.11602465331278891,0.08054369359454105,-0.010728593440457847,0.14583094871230465,0.12544353951133613,0.20055910191503412,-0.10313009024873432,-0.06075280651551838,-0.11808496588157605,-0.09447061413163108,0.011353731014747964,-0.12069117323354611,-0.10665419326436276,-0.2311402157164869,0.009341844596081884,0.0809090909090909,-0.05659255998239049,0.02957076821483601,0.0261237068016729,-0.1509024873431653,0.03948272066916135,-0.1468500990534889,-0.06817521461589258,0.12459828307285935,-0.12730574510235526,-0.013495487563284173,0.11342284833810258,0.03220559101915034,0.10811578252256218,-0.004464010565705481,-0.1639885538190623,0.00659916354831609,-0.054089808496588156,0.05925819942769096,-0.1900066035659256,-0.23387409200968523,-0.22565045124367158,-0.24066696015848557,-0.3231146819282413,-0.14366057671142418,-0.10154083204930663,-0.025740699977988113,-0.4487409200968523,-0.23901606867708564,-0.2096103896103896,-0.3433876293198327,-0.09692053709002861,-0.030851860004402376,0.16163108078362315,-0.15451243671582654,0.0663020030816641,0.17222760290556902,0.33882456526524324,0.32250935505172795,0.3884855822143958,0.072623816861105,0.2697754787585296,0.33520801232665637,0.2892119744662118,0.31398415144177855,0.05663218137794409,0.15902047105436937,-0.054457406999779884,0.014791987673343606,0.09651771956856703,0.373119084305525,-0.01386748844375963,0.28913273167510456,0.17679286814880035,0.4082060312568787,0.2534888839973586,-0.03154523442659036,-0.04658595641646489,0.20627338762931982,0.028276469293418444,-0.05027074620294959,0.04060312568787145,-0.09699757869249395,-0.12029055690072639,-0.01953775038520801,-0.307772397094431,-0.060438036539731455,0.08119744662117544,-0.013915914593880696,-0.08319612590799032,-0.020915694475016507,-0.05166629980189302,0.0649570768214836,0.05927801012546775,0.04642967202289236,0.04016068677085626,0.036746643187321154,-0.06574730354391371,0.07221659696235967,0.13630640545894784,-0.11586616773057451,-0.15929782082324456
#58,0.16097732775698878,0.09880255337882457,-0.1309487123046445,0.0071076381245872775,0.13334580673563726,0.21609949372661236,0.44009685230024215,0.16588597842835132,0.2166916134712745,0.19301562843935724,0.2133744221879815,0.20593440457847237,0.2750583314990095,1.0,-0.2592604006163328,-0.3728813559322034,0.10612590799031477,-0.1212524763372221,-0.1495069337442219,-0.06066475896984372,-0.17278670482060313,-0.16534448602245214,-0.1696566145718688,-0.303053048646269,-0.25721109399075504,-0.35865947611710325,-0.10645608628659477,-0.07134712744882236,0.12979749064494828,0.1540215716486903,0.020389610389610388,0.03933524103015629,0.06791767554479419,0.06651111600264142,0.10178956636583755,-0.005555800132071319,0.012234206471494606,0.12052388289676426,-0.0985362095531587,-0.1360048426150121,-0.14001100594320934,0.05174334140435835,0.10896764252696456,-0.10770856262381687,-0.13621175434734756,-0.15974025974025974,-0.0037090028615452343,0.027774598283072858,-0.004686330618534009,-0.13830948712304644,-0.09692273827867048,-0.24602245212414703,-0.23247633722209993,-0.27608628659476114,-0.2346885318071759,-0.3469865727492846,-0.05077261721329518,-0.17261281091789565,0.08206691613471274,-0.166649790887079,0.20571868809156946,0.18638564825005502,0.40316530926700417,-0.01763592339863526,-0.07980409421087387,-0.17151882016288797,0.5948624257098833,0.4824675324675325,0.24434074400176095,0.03499889940567907,0.2226370239929562,0.09436275588817962,0.35883997358573627,0.24454765573409643,0.2921417565485362,0.3030926700418226,0.26864406779661015,0.33404578472375085,0.016403257759189962,-0.03681267884657715,-0.12385428131190843,0.3770988333700198,0.2068280871670702,0.11793748624257099,0.32184679727052606,0.24987012987012988,0.17435615232225402,0.015366497908870791,0.13246313009024874,0.10951133612150561,0.31454325335681266,0.06132951793968743,-0.08335901386748844,0.04824785384107418,-0.0889984591679507,0.015097952894563064,-0.32453444860224523,0.021637684349548755,-0.19397094430992737,-0.04648910411622276,-0.05824565265243231,-0.012198987453224742,0.0801188641866608,0.01816200748404138,0.09076381245872771,0.03950253136693815,0.019722650231124808,0.3067708562623817,0.15150121065375302,0.14801232665639447,0.09172353070658155
#101,0.2677305745102355,0.24668721109399075,-0.047792207792207796,0.12426150121065375,-0.13307285934404578,-0.02038300682368479,0.0064384767774598286,0.375857362976007,0.1975016508914814,0.22933083865287254,0.25645828747523663,0.025881576051067577,-0.11602465331278891,-0.2592604006163328,1.0,0.6861963460268545,0.07292097732775699,-0.039348448162007485,0.5471560642747083,0.06964340744001761,0.3699141536429672,0.11125467752586396,0.2973299581774158,0.408036539731455,0.4213713405238829,0.14638564825005504,-0.5436451683909311,-0.4872639225181598,-0.23737178076161128,-0.24552058111380146,-0.34518600044023773,-0.2817455425930002,-0.6025445740699978,-0.3350033017829628,0.008049746863306185,-0.0808628659476117,-0.11874972485141977,-0.054358353510895886,-0.23844155844155845,-0.023585736297600704,-0.037640325775919,-0.02464010565705481,-0.40299581774158044,-0.02160906889720449,-0.16254897644728153,-0.05963680387409201,-0.5956174334140436,-0.5868038740920097,-0.5947039401276689,-0.5341008144397975,-0.39005062733876295,-0.26420206911732336,-0.09770195905789127,0.013576931543033239,0.5004710543693595,0.11437816420867268,-0.056519920757208894,-0.10519700638344706,-0.3583601144618094,-0.41788245652652434,0.11786924939467312,-0.19411622276029056,-0.13714065595421526,0.3773365617433414,-0.19064274708342505,-0.2206801672903368,-0.2589258199427691,-0.16628439357252917,0.3476931543033238,0.5597446621175435,0.007041602465331279,0.25498789346246975,0.15482720669161348,-0.14340303764032578,0.033328197226502314,-0.22784283513097073,0.05032357473035439,-0.3432973805855162,0.20886198547215495,0.1387343165309267,0.038809156944750164,-0.3232467532467532,0.0759916354831609,0.11395333480079242,-0.11844596081884218,-0.1494783182918776,-0.22828307285934404,-0.05693814659916355,-0.057904468412942986,-0.26499449702839534,-0.39068236847897864,-0.3197622716266784,-0.4444684129429892,-0.26536429672022893,-0.23089148139995597,-0.13186660796830288,0.2986858903808056,-0.36903587937486243,-0.26090688972044906,-0.34456966762051505,-0.5114241690512877,-0.34716707021791765,-0.22633061853400838,-0.3221153422848338,-0.26719348448162006,-0.4954171252476337,-0.45267224301122605,-0.07470614131631081,-0.10466872110939908,0.11198987453224742,-0.25233546114902045
#102,0.27275368699097513,0.30645608628659476,0.27300902487343165,0.05512656834690733,-0.011078582434514638,-0.07704380365397315,0.017490644948272068,0.29205811138014526,0.11225181598062954,0.17024873431653093,0.30450363196125907,-0.08238388729914153,0.08054369359454105,-0.3728813559322034,0.6861963460268545,1.0,-0.02991635483160907,0.23820162887959498,0.4459101915034118,0.23596962359674223,0.3788928021131411,0.4361831388950033,0.3255888179616993,0.583383226942549,0.52640325775919,0.4479308826766454,-0.3999273607748184,-0.24209112920977327,-0.30226722430112263,-0.22831388950033019,-0.2538696896324015,-0.3576535329077702,-0.4463152102135153,-0.46335461149020474,-0.027435615232225402,-0.20845036319612592,-0.2441800572309047,-0.2690644948272067,-0.2747457627118644,-0.03494607087827427,-0.05421967862645829,-0.1842394893242351,-0.2080937706361435,0.07614131631080784,-0.10744662117543473,0.2540986132511556,-0.5170085846357033,-0.42829627999119524,-0.5523684789786485,-0.3398305084745763,-0.22170812238608847,0.002808716707021792,-0.14696676205150783,0.3045740699977988,0.4219084305524983,0.42230904688531806,-0.28397094430992736,0.02700198106977768,-0.45880475456746644,-0.32009465111160024,-0.10584415584415584,-0.27028835571208454,-0.3270349988994057,0.21772176975566807,-0.048062953995157386,0.12010125467752586,-0.3085119964780982,-0.17020911292097732,0.35724191063174116,0.46565265243231346,0.1647589698437156,0.3125269645608629,0.010257539071098392,-0.17339643407440017,-0.2109090909090909,-0.17690072639225182,-0.2581223860884878,-0.4558155403918116,0.3495179396874312,0.34523222540171694,-0.08665639445300462,-0.4359388069557561,-0.05690732995817742,0.087574290116663,-0.2962491745542593,-0.30985031917235306,-0.3126304204270306,-0.14466872110939907,-0.1513647369579573,-0.37419106317411405,-0.4735901386748844,-0.3979969183359014,-0.44542152762491743,-0.20449702839533349,-0.30666079683028835,0.049625797930882676,0.7040479859123927,-0.24457847237508254,-0.06756548536209553,-0.29457847237508256,-0.3851529826106097,-0.25393132291437376,-0.21445080343385428,-0.2282214395773718,-0.2740061633281972,-0.4139181157825226,-0.452227602905569,-0.21724851419766675,-0.020405018710103456,0.05331719128329298,-0.30343825665859564
#201,0.23352410301562843,0.17834250495267445,0.398564825005503,0.5829583975346687,-0.05220779220779221,0.3112987012987013,-0.06075280651551838,-0.0473893902707462,-0.049447501650891484,0.5701804974686331,0.21730574510235529,-0.013986352630420426,-0.010728593440457847,0.10612590799031477,0.07292097732775699,-0.02991635483160907,1.0,0.3921153422848338,-0.18346246973365618,-0.3073409641206251,-0.4152828527404799,-0.2348117983711204,0.050860664758969845,0.0037750385208012325,0.17868589038080562,0.11553378824565265,0.19963460268545014,0.09808276469293419,0.5033898305084745,0.293449262601805,0.3335791327316751,0.4569205370900286,0.34748404138234645,0.32750605326876514,0.26771956856702617,0.2518864186660797,0.21153422848338102,0.03953995157384988,0.4596302003081664,0.1447457627118644,0.297739379264803,0.2710741800572309,0.025993836671802772,-0.2117081223860885,-0.27493286374642306,-0.2927030596522122,-0.03123486682808717,-0.026667400396213955,0.04633061853400836,-0.03885097952894563,0.17994497028395334,-0.015417125247633723,0.26825445740699977,0.036850099053488884,-0.046213955535989434,-0.22009024873431654,-0.29489324235086944,-0.44141536429672024,-0.0274950473255558,0.04523882896764253,-0.010334580673563725,-0.038181818181818185,0.06917675544794188,-0.008408540611930443,0.33025974025974025,-0.23154523442659036,0.01384767774598283,0.004263702399295619,-0.11049966982170371,0.012619414483821263,0.3784173453664979,0.044858023332599604,0.02801452784503632,0.13176535329077702,-0.22026634382566587,-0.10238168611049966,-0.03553819062293639,-0.1595575610829848,0.11163548316090689,0.24537530266343827,0.060352190182698655,0.05483381025753907,-0.22664098613251155,0.037796610169491526,-0.12512436715826547,-0.13141316310807835,0.11604226282192384,0.17397754787585296,0.034131631080783625,0.17825665859564166,-0.1259784283513097,-0.038188421747743784,0.0684899845916795,-0.19983270966321814,-0.10912172573189523,0.5045146379044684,-0.07926260180497469,0.386172132951794,0.2662359674224081,0.132656834690733,0.16029275808936827,0.3302619414483821,0.4470944309927361,0.2355844155844156,0.32336341624477216,0.19219018269865729,0.31632401496808277,-0.04830728593440458,-0.3090975126568347,-0.25286374642306847,-0.08603345806735638
