,#10,#11,#12,#13,#17,#18,#26,#49,#50,#51,#52,#53,#54,#58,#101,#102,#201,#202,#301,#302,#401,#402,#501,#502,#601,#602,#701,#702,#801,#802,#901,#902,#1001,#1002,#1101,#1102,#1201,#1202,#1301,#1302,#1401,#1402,#1501,#1502,#1601,#1602,#1701,#1702,#1801,#1802,#1901,#1902,#2001,#2002,#2101,#2102,#2201,#2202,#2301,#2302,#2401,#2402,#2501,#2502,#2601,#2602,#2701,#2702,#2801,#2802,#2901,#2902,#3001,#3002,#3101,#3102,#3201,#3202,#3301,#3302,#3401,#3402,#3455,#3501,#3502,#3601,#3602,#3701,#3702,#3801,#3802,#3901,#3902,#4001,#4002,#4101,#4102,#4201,#4202,#4301,#4302,#4401,#4402,#4501,#4502,#4601,#4602,#4701,#4702,#4801,#4802
#10,1.0,0.3545476557340964,0.28723310587717366,0.3825269645608629,-0.18154083204930663,0.16529826106097292,0.2913625357693154,0.43467092229804094,0.06832049306625577,0.2693946731234867,0.22720008804754568,-0.11656834690732996,-0.08917895663658376,0.0024389170151882015,-0.09454545454545454,0.07132731675104556,0.2188531807175875,-0.07402597402597402,0.08097072419106317,0.4280277349768875,0.13579132731675106,0.1622738278670482,-0.06069997798811358,0.14937486242570988,-0.14893462469733657,0.20790006603565925,0.18063394232885757,0.48022892361875413,-0.08545454545454545,0.04382786704820603,-0.15494607087827428,-0.009154743561523222,0.03238388729914154,0.07381465991635483,0.20661677305745102,0.02861765353290777,0.08664979088707903,0.00488003521901827,-0.18250275148580233,0.23803874092009686,-0.11258859784283513,-0.028705701078582436,-0.08813339203169712,-0.05800132071318512,0.09605326876513318,0.2401386748844376,0.20513317191283292,0.48987893462469734,0.13304204270305967,0.3359255998239049,0.23412502751485803,0.2953642967202289,0.15039181157825227,0.1270195905789126,0.07696235967422409,0.0949372661237068,0.051171032357473036,0.22549636803874093,-0.24534008364516838,0.18806515518379927,-0.20620074840413824,0.025311468192824125,-0.09005502971604666,-0.045128769535549194,0.08773057451023553,0.3297754787585296,-0.3106537530266344,-0.21560202509355053,0.0671318511996478,0.17606427470834252,0.13923398635263043,0.3327206691613471,0.03831609068897204,-0.013596742240810037,0.15853841074180058,0.15410081443979748,-0.22906889720449042,-0.07850099053488883,-0.11902707462029496,0.029385868368919217,-0.12675764913053048,-0.08669601584855822,-0.13378604446401057,-0.1226436275588818,0.02735417125247634,-0.42835571208452566,-0.2781532027294739,-0.024204270305965222,0.19652212194585075,-0.1416817081223861,0.07943649570768214,-0.043105877173673784,0.2504644508034339,-0.34496588157605107,-0.1500132071318512,0.06542372881355932,0.3117675544794189,-0.1049768875192604,0.13927801012546775,-0.04160466651992076,0.1545168390931103,-0.0879771076381246,-0.04395113361215056,-0.20080343385428132,-0.34569667620515077,-0.15372220999339645,-0.11149460708782742,0.03291877613911512,-0.14964120625137575,-0.37801672903367817,-0.3395245432533568
#11,0.3545476557340964,1.0,0.43597842835130973,0.405709883337002,-0.059691833590138674,0.010411622276029056,0.1908958837772397,0.2241206251375743,0.4236253576931543,0.4013427250715386,0.2802905569007264,-0.20298921417565485,-0.027083425049526745,-0.1786088487783403,-0.08181377944089809,-0.08472375082544574,0.2955293858683689,-0.01700858463570328,-0.00049966982170372,0.1292868148800352,-0.1960048426150121,0.005582214395773718,-0.009971384547655735,-0.06388509795289456,-0.21815320272947392,0.08111160026414263,-0.054998899405679064,0.17020911292097732,-0.0023420647149460707,0.08768875192604006,-0.07651551837992517,-0.16467532467532467,0.020528285274047986,0.00913713405238829,0.0029870129870129872,0.13339203169711644,0.09927360774818401,0.05719348448162007,0.04974686330618534,0.05419766674003962,0.11587057010785824,0.04474356152322254,-0.1287739379264803,0.08355491965661457,0.07665199207572089,-0.006524323134492626,0.08871230464450804,0.060805635042923176,-0.09502531366938147,0.07580893682588598,0.13091349328637464,0.029271406559542152,0.02092890160686771,-0.03411842394893242,-0.06894783182918776,0.17090688972044904,-0.12749724851419766,0.017554479418886198,-0.04272507153863086,0.1336847897864847,-0.01723750825445741,-0.056909531146819285,-0.07572088928021131,-0.07808056350429232,0.16693154303323796,-0.03302663438256659,-0.22127668941228262,-0.14668941228263263,0.1152080123266564,0.20943649570768214,0.1472176975566806,0.12987012987012986,0.25822584195465553,0.22867268324895443,-0.1199405679066696,0.07774598283072859,-0.02604666519920757,-0.03382566585956417,-0.02313449262601805,0.2519810697776799,-0.2566035659255998,0.04720449042482941,-0.06828307285934404,-0.019086506713625356,-0.025747303543913712,-0.09780541492405899,-0.08328417345366498,0.05942989214175655,0.07958397534668721,-0.16092670041822585,0.267508254457407,-0.14796610169491525,-0.05020250935505173,-0.042577591899625795,0.07180057230904689,0.07349548756328417,0.31047765793528503,0.07386528725511776,0.08344265903587937,-0.050849658815760514,0.059438696896324014,-0.052791107197886857,-0.09906229363856482,-0.028881796169931764,-0.2075478758529606,-0.037567686550737396,-0.12487343165309267,-0.2725049526744442,-0.02651551837992516,-0.08967202289236187,-0.10138895003301783
#12,0.28723310587717366,0.43597842835130973,1.0,0.35269865727492844,0.05055910191503412,0.18980409421087388,0.2599933964340744,-0.00040061633281972264,0.011087387189082105,0.3796984371560643,0.11778340303764033,-0.16214395773717807,0.12567026194144837,-0.25010125467752586,-0.3390578912612811,-0.25685890380805637,0.29893022232005284,0.5198855381906229,-0.29109619194364955,-0.0012194585075941007,-0.3082786704820603,-0.13020911292097734,0.0664670922298041,0.057944089808496586,-0.16512436715826545,-0.009165749504732555,0.14578472375082543,0.34469733656174334,0.08302663438256659,0.03811578252256218,0.29005723090468855,0.10683469073299581,0.4156570548095972,0.09193484481620075,0.11766894122826327,-0.13189522342064716,-0.19331278890600925,-0.19827206691613472,-0.019627999119524543,0.06648690292758089,-0.14070658155403917,-0.18172793308386528,-0.17562843935725292,-0.35430332379484925,-0.19006383447061412,-0.12792648029936166,0.17175874972485142,0.21758309487123045,0.2684855822143958,0.17922738278670483,0.34297600704380365,0.05632621615672463,0.2408452564384768,0.12168611049966982,-0.05233546114902047,-0.06302443319392471,0.06063614351749945,-0.24753246753246752,0.14250935505172793,0.2457671142416905,0.13628659476117103,0.12071758749724851,-0.29030596522121943,-0.23359013867488443,0.30484921857803216,0.11859784283513097,-0.09194364957076821,-0.14583094871230465,-0.1939753466872111,0.0386550737398195,0.187838432753687,0.23681928241250275,0.09957296940347787,0.2466057671142417,-0.1934998899405679,0.11411622276029056,0.19566806075280652,0.2338961038961039,-0.16715386308606647,0.03424609289016069,0.15330178296279992,0.04416685009905349,-0.00959057891261281,-0.10736737838432754,-0.09547655734096412,-0.008408540611930443,0.09807616112700858,0.07847897864847017,0.020728593440457847,-0.16471054369359453,0.15973365617433413,0.03880475456746643,0.03432313449262602,0.1284833810257539,0.06731234866828087,0.36937706361435174,0.11396654193264363,0.38479418886198546,0.39150561303103676,0.2226304204270306,0.42070217917675545,0.37278010125467753,0.30250055029716044,0.2967774598283073,-0.02006383447061413,0.14040721989874533,0.20774818401937045,-0.008230244331939246,-0.022799911952454326,0.10841954655513977,-0.006097292537970504
#13,0.3825269645608629,0.405709883337002,0.35269865727492844,1.0,-0.2753664979088708,0.24777679947171471,0.3271912832929782,0.13329077701959058,-0.01160246533127889,0.4901694915254237,0.2028659476117103,-0.019313229143737617,0.07795729694034778,0.09271626678406339,-0.09103675985031917,-0.0946136913933524,0.18046004842615013,0.09606207351970064,-0.02453004622496148,0.17434734756768655,-0.09432313449262601,0.03840854061193044,0.10065595421527625,0.10111160026414263,-0.08206031256878714,0.05481620074840414,0.22178296279991194,0.4388003521901827,-0.05417125247633722,0.14277129650011006,-0.14571208452564385,0.3469403477878054,0.13022232005282852,0.2779771076381246,0.1301518820162888,0.03983050847457627,-0.044340744001760954,-0.013647369579572969,-0.18448602245212414,0.08151441778560423,-0.05661237068016729,0.08796169931763152,-0.1686484701738939,-0.2024389170151882,-0.057244111820383005,0.05865287255117763,0.3004336341624477,0.3602839533348008,0.11058551617873652,0.187871450583315,0.18670261941448382,0.17880915694475016,0.1844353951133612,0.021014747963900505,-0.1266850099053489,0.0636781862205591,0.062357473035439134,0.08670041822584196,-0.08213075060532687,0.13625357693154302,-0.01715606427470834,0.02759189962579793,-0.19265903587937486,-0.03150561303103676,0.33644948272066916,0.11440677966101695,-0.16064935064935065,-0.04383887299141537,-0.056117103235747305,0.1891701518820163,0.22117543473475676,0.17163108078362316,0.07186440677966102,0.03197886858903808,-0.15628439357252916,0.011829187761391151,-0.007455425930002201,0.13384767774598283,-0.1602047105436936,0.22696896324014967,-0.17789346246973364,0.022364076601364736,-0.1885956416464891,-0.27060092449922957,-0.09765133171912833,-0.21921857803213735,-0.07421747743781643,0.04846357032797711,0.31408760730794627,-0.22024653312788905,0.2364340744001761,0.07503191723530707,0.22323794849218578,-0.09466872110939907,-0.13189082104336342,0.25718688091569447,0.2291239269205371,0.08714725952014088,0.25718247853841075,0.12595861765353292,0.21425709883337002,-0.03283072859344046,0.07050847457627119,-0.019861325115562403,-0.0835725291657495,0.030290556900726393,-0.06804094210873872,0.011716927140655954,-0.09037200088047545,-0.10944750165089148,-0.2508430552498349
#17,-0.18154083204930663,-0.059691833590138674,0.05055910191503412,-0.2753664979088708,1.0,-0.09406339423288576,-0.04179396874312129,-0.32659476117103237,-0.038652872551177636,-0.06322694254897644,0.03717807616112701,0.12676865507373983,0.18615452344265904,-0.1345410521681708,-0.14850319172353071,-0.22461149020471055,-0.049379264802993615,0.18450363196125907,-0.3591129209773278,-0.23894342945190403,-0.09101034558661678,-0.20033237948492186,0.07539511336121506,-0.13866607968302883,0.10294078802553379,-0.0388465771516619,-0.2703521901826987,-0.3206845696676205,0.2956856702619414,0.16149900946511117,0.36126128109178957,-0.11458067356372441,0.0665001100594321,-0.09221219458507594,0.08540171692714066,-0.04777459828307286,-0.09302663438256659,-0.06297820823244552,0.20698437156064275,-0.29123706801672905,-0.06788906009244992,-0.1981003742020691,-0.06745102355271847,0.2684173453664979,0.0225511776359234,0.1455513977547876,-0.13730134272507155,-0.3130794629099714,-0.10766453885097953,-0.08673343605546996,-0.21045344486022452,-0.26645388509795287,-0.041800572309046886,-0.1899867928681488,0.1240545894783183,-0.14603125687871452,0.12424389170151882,-0.08311688311688312,0.0006097292537970504,0.12359454105216817,0.22276029055690072,0.16177635923398634,0.33968743121285494,0.12983050847457628,-0.274323134492626,-0.22970724191063174,0.16836451683909312,0.08155403918115782,-0.13524983491085185,-0.13587717367378385,-0.2542945190402818,-0.17411842394893243,0.010468853180717587,0.1413449262601805,0.139867928681488,-0.13461149020471055,0.06208452564384768,-0.08128109178956637,0.2665133171912833,-0.05404578472375082,0.3165067136253577,0.2815298261060973,0.21683909311027955,0.3023464670922298,0.3800858463570328,0.3676205150781422,0.24018930222320053,0.11509795289456307,-0.09567466431873212,0.2806317411402157,0.3424058991855602,0.15804534448602245,0.23350869469513538,0.03368699097512657,0.2002707462029496,0.0017873651771956856,-0.22574290116662998,0.1645696676205151,-0.32115122165969623,-0.06093550517279331,-0.10646929341844596,0.2512942989214176,0.4436583755227823,0.05453004622496148,0.1163350209112921,0.09319172353070658,0.01772176975566806,0.13322694254897643,-0.1413977547875853,0.04211314109619194,-0.0625511776359234
#18,0.16529826106097292,0.010411622276029056,0.18980409421087388,0.24777679947171471,-0.09406339423288576,1.0,0.010537090028615453,0.2567840633942329,-0.19889720449042483,0.31192824125027513,0.07607968302883557,0.2994585075941008,0.08428571428571428,0.034466211754347345,-0.07825445740699978,-0.25875192604006164,0.30634382566585955,0.23631961259079903,-0.0812326656394453,-0.24631961259079904,-0.1571912832929782,-0.21600044023772838,0.2963746423068457,0.1822540171692714,0.10700418225841955,0.19057891261281093,0.16854501430772617,0.17228263262161567,-0.002234206471494607,0.2890182698657275,-0.14214615892581994,0.16653532907770197,0.08988994056790667,0.08973585736297601,-0.22452784503631962,-0.14343385428131192,-0.18104116222760291,-0.14911512216596962,-0.1718710103455866,0.06652872551177635,-0.13969183359013868,-0.2746136913933524,-0.14239489324235086,-0.2138234646709223,0.07861765353290777,-0.2275214615892582,-0.031322914373761834,0.06745982830728593,0.221798371120405,0.054422187981510016,0.0028769535549196565,0.17023992956196346,0.19860004402377285,0.020171692714065596,-0.132656834690733,-0.1783116883116883,-0.032022892361875416,-0.18756548536209552,0.036200748404138235,0.01055910191503412,0.01778120184899846,-0.1709443099273608,-0.035326876513317194,0.011829187761391151,0.020398415144177857,-0.19266784063394232,0.007426810477657936,-0.17074840413823464,-0.07806955756108298,-0.15598283072859345,0.1162359674224081,0.015888179616993178,-0.26304204270305964,-0.1313845476557341,-0.2868897204490425,-0.23259520140876072,-0.024721549636803872,-0.04714505833149901,0.09525423728813559,0.22018930222320052,-0.04117763592339863,-0.010184899845916796,0.13937926480299362,-0.026436275588817962,-0.2031719128329298,0.1522870349988994,-0.0017015188201628879,-0.08172793308386529,0.17534228483381026,-0.2432819722650231,-0.04934844816200749,0.33499449702839534,0.19400176095091348,0.06459388069557562,-0.04449702839533348,0.3385031917235307,0.20361655293858683,0.0911996478098173,0.19011666299801894,0.18002421307506053,0.19988333700198108,0.08527845036319613,0.1628813559322034,0.3141800572309047,-0.08107638124587277,-0.06581774158045345,-0.02907770195905789,0.06382126348228043,0.0033722209993396436,0.07191943649570769,-0.17499889940567906
#26,0.2913625357693154,0.1908958837772397,0.2599933964340744,0.3271912832929782,-0.04179396874312129,0.010537090028615453,1.0,-0.028109178956636584,0.028919216376843495,0.3701716927140656,0.1266784063394233,0.13133392031697116,-0.020427030596522122,0.041133612150561306,-0.04354391371340524,0.08163768434954875,-0.01430332379484922,0.04490644948272067,-0.05571648690292758,0.2965991635483161,0.0018005723090468854,0.09068897204490425,-0.185148580233326,0.0450627338762932,-0.33437376183138895,-0.25255337882456524,0.017583094871230463,0.2424653312788906,0.02148580233325996,0.060380805635042924,0.2308826766453885,0.024351749944970285,0.04129429892141757,0.06899185560202509,0.1620977327756989,-0.03607748184019371,-0.0075368699097512655,-0.12276469293418446,0.05058331499009465,-0.08755007704160246,-0.05145498569227383,-0.033759630200308165,0.06312128549416685,-0.0933281972265023,0.11185780321373542,0.07658595641646489,0.14805194805194805,0.1742460928901607,0.14559762271626678,0.15689412282632623,0.16790887079022673,0.12149680827646929,0.04271846797270526,0.08738058551617874,-0.1921021351529826,-0.04945410521681708,0.015500770416024653,0.12157605106757649,0.05816640986132512,0.2535681267884658,-0.03664758969843716,0.1410015408320493,0.2136781862205591,0.18429451904028174,0.04538850979528945,0.09666299801893022,-0.11599163548316091,0.22306845696676206,0.09493946731234867,0.25597402597402596,0.16556020250935505,0.14810697776799472,0.14325335681267884,0.020418225841954657,0.09579572969403478,0.10572309046885318,-0.010851860004402377,0.00775478758529606,-0.08543913713405239,0.03997138454765573,0.05160026414263703,-0.06762271626678407,-0.36951353731014747,0.04796390050627339,0.10467752586396654,-0.0847325555800132,-0.03685890380805635,-0.010242130750605326,0.13926700418225843,-0.1432687651331719,-0.15061413163108078,-0.054008364516839096,0.18718688091569446,-0.24478978648470173,-0.24688751926040062,-0.14405899185560203,0.07038520801232666,-0.07335461149020471,-0.14974466211754348,-0.11771736737838433,-0.10412502751485803,-0.016046665199207572,0.1606735637244112,-0.16339203169711644,-0.10907770195905789,-0.12276029055690073,-0.09787365177195685,0.12420427030596522,-0.22180277349768876,-0.12386088487783403,-0.2600066035659256
#49,0.43467092229804094,0.2241206251375743,-0.00040061633281972264,0.13329077701959058,-0.32659476117103237,0.2567840633942329,-0.028109178956636584,1.0,0.2884041382346467,0.1808122386088488,0.34401056570548094,-0.03292978208232446,-0.08077922077922078,0.1484899845916795,0.1746665199207572,0.17468412942989214,0.15825445740699978,-0.2219502531366938,0.4142130750605327,0.16879594981289897,0.14013647369579574,0.10720228923618755,-0.12350209112920978,0.112920977327757,-0.07224521241470394,0.3566233766233766,0.1311204050187101,0.24565265243231346,0.0022055910191503413,0.10435174994497029,-0.33038740920096854,-0.09323134492626019,-0.036304204270305965,-0.013178516398855382,-0.09065155183799252,0.03351529826106097,0.2815100154083205,0.03695795729694035,-0.013011226062073519,0.27136033458067355,0.046563944530046225,0.0036825885978428352,0.051963460268545016,-0.06480299361655294,0.20053709002861544,-0.05355051727933084,-0.22231565045124368,0.07205811138014528,-0.06272947391591459,0.06315870570107858,-0.06795729694034779,0.07048646268985252,-0.11761831388950034,0.04409421087387189,0.023770636143517498,0.056801672903367816,-0.3894519040281752,-0.013332599603786044,-0.3272176975566806,-0.19989654413383226,-0.3719436495707682,-0.17813119084305526,-0.07290997138454766,-0.029068897204490424,0.2116486902927581,0.15850539291217258,-0.20139555359894343,-0.12649130530486463,0.3097094430992736,0.18265023112480738,0.376880915694475,0.20177635923398635,0.18517939687431212,0.10295839753466872,-0.15574950473255558,-0.08882456526524324,-0.35931322914373764,-0.22849218578032138,-0.09851419766674004,0.12498789346246973,-0.31441998679286814,-0.2966563944530046,-0.16077261721329517,-0.172161567246313,-0.1810609729253797,-0.29879154743561526,-0.407012987012987,-0.18086726832489544,-0.03126348228043143,-0.26892802113141095,-0.09136913933524103,-0.17504732555580013,-0.12134052388289676,-0.2675478758529606,-0.24267884657715166,-0.06436275588817962,0.3437508254457407,-0.28864406779661017,0.02072639225181598,-0.013440457847237509,-0.1473497688751926,-0.2663240149680828,-0.29263482280431435,-0.27817521461589256,-0.45590799031477,-0.3260048426150121,-0.19666960158485583,-0.34357473035439134,-0.1491767554479419,-0.19219898745322475,-0.25304864626898527
#50,0.06832049306625577,0.4236253576931543,0.011087387189082105,-0.01160246533127889,-0.038652872551177636,-0.19889720449042483,0.028919216376843495,0.2884041382346467,1.0,-0.023693594541052167,0.05732775698877394,-0.15279330838652871,-0.05702839533348008,-0.07255998239049087,0.1913779440898085,0.05647149460708783,0.11484701738939027,-0.18497908870790228,0.05747083425049527,0.020011005943209332,0.01357473035439137,-0.059368258859784286,0.011963460268545015,-0.12796610169491526,0.06354171252476337,0.003048646268985252,-0.02759850319172353,-0.12598723310587717,0.015718688091569448,-0.13209112920977328,-0.0937178076161127,-0.16663658375522783,0.005963020030816641,-0.19359674224081003,-0.1441316310807836,0.08018269865727493,0.06849878934624698,-0.1401716927140656,-0.03312348668280872,-0.14543913713405238,-0.006852300242130751,0.17641646489104115,0.05072639225181598,0.009095311468192825,0.19458947831829188,-0.15775038520801232,0.08063394232885758,-0.04723310587717367,-0.12224961479198768,-0.0010257539071098394,0.15942328857583096,-0.0038190622936385647,-0.10702179176755448,0.05966321813779441,0.19084085406119305,0.020044023772837333,-0.14741140215716486,-0.06441998679286814,0.05569667620515078,0.005047325555800132,-0.08746423068456967,-0.022337662337662337,-0.1533215936605767,-0.2062887959498129,-0.07649130530486463,-0.14702179176755448,-0.07600044023772837,-0.01176535329077702,0.09322694254897644,0.10524983491085187,0.1261303103675985,0.07918115782522563,0.28034118423948934,0.24991635483160907,-0.11893242350869469,-0.0587343165309267,-0.15103675985031917,-0.08329077701959058,0.02820383006823685,-0.026070878274268103,-0.15435395113361214,-0.10151441778560423,-0.145544794188862,-0.04524543253356813,-0.0411270085846357,-0.1059454105216817,-0.09934404578472375,0.020744001760950915,-0.07171472595201409,-0.06283733215936606,0.18271186440677967,-0.22262601804974685,-0.14508034338542813,0.10974025974025974,0.10706581554039181,-0.1373497688751926,-0.021547435615232226,-0.018287475236627777,-0.010821043363416244,0.02618534008364517,-0.14547215496368038,-0.09349328637464231,-0.1685956416464891,-0.13395993836671802,-0.12761171032357474,-0.10867268324895443,-0.06337222099933965,-0.2585119964780982,-0.03879815100154083,-0.001915034118423949,0.11422848338102576
#51,0.2693946731234867,0.4013427250715386,0.3796984371560643,0.4901694915254237,-0.06322694254897644,0.31192824125027513,0.3701716927140656,0.1808122386088488,-0.023693594541052167,1.0,0.31821703720008804,0.05755227823024433,0.09211974466211754,-0.047627118644067795,-0.007402597402597403,-0.2020250935505173,0.46590358793748626,0.12942989214175654,0.06734756768655074,0.08310587717367378,-0.08970724191063174,-0.003852080123266564,-0.0652410301562844,-0.08526524323134492,-0.1979176755447942,0.06408760730794628,0.0765661457186881,0.17675985031917235,0.032317851639885535,0.09116222760290557,-0.0050979528945630645,0.14144177856042262,0.08057891261281092,0.14256658595641647,0.05062953995157385,0.03549196566145719,0.08186000440237728,-0.06445080343385429,-0.01335461149020471,-0.056341624477217696,-0.033196125907990315,-0.05279550957517059,-0.17066916134712745,-0.03752366277790006,-0.08333039841514418,-0.1468765133171913,0.1771912832929782,0.18165969623596742,0.05047985912392692,0.04047765793528505,0.05663218137794409,0.06787585296059873,-0.10399955976227163,-0.04541932643627559,-0.21610829848117985,-0.13755007704160246,-0.15618534008364518,-0.009062293638564825,-0.10670261941448382,0.09231344926260181,0.02167510455646049,0.1123794849218578,-0.057915474356152324,0.14073299581774157,0.11453885097952894,0.047506053268765135,0.022553378824565266,0.010354391371340524,0.17489984591679508,0.19230904688531808,0.32138234646709224,0.0036803874092009685,0.028300682368478977,-0.015819942769095312,-0.030827646929341843,0.007922077922077922,0.08970063834470614,0.09291877613911512,-0.07571648690292758,0.18573629760070437,-0.11599383667180277,-0.0388994056790667,-0.16266784063394232,-0.17073739819502531,-0.14202729473915915,0.030541492405899186,0.014129429892141757,0.05033458067356372,0.23166850099053488,-0.18136913933524104,-0.02192163768434955,0.008344706141316311,0.05167950693374422,-0.008600044023772837,-0.14160686770856262,0.10284833810257539,0.27709883337001984,0.056174334140435836,0.09466431873211534,0.022683248954435395,0.19799691833590138,0.05959498128989654,0.12658155403918117,0.05186880915694475,-0.07403918115782522,0.08540611930442439,0.14234866828087167,-0.032546775258639665,-0.08886198547215496,0.015643847677745983,-0.28631741140215716
#52,0.22720008804754568,0.2802905569007264,0.11778340303764033,0.2028659476117103,0.03717807616112701,0.07607968302883557,0.1266784063394233,0.34401056570548094,0.05732775698877394,0.31821703720008804,1.0,0.08390490865067136,-0.18480959718247855,-0.08117763592339863,0.049933964340744,0.36352850539291215,-0.007312348668280871,-0.017807616112700857,0.10315210213515298,0.3221087387189082,0.013821263482280431,0.3102421307506053,-0.21482280431432973,0.24587057010785823,-0.19363196125907992,0.18517279330838654,0.0022254017169271406,0.2986286594761171,-0.21482280431432973,0.1164935064935065,-0.09923838872991415,-0.03755227823024433,-0.15906229363856483,-0.03819722650231125,-0.06868368919216376,-0.12555580013207132,0.033981950253136696,-0.058139995597622715,0.021113801452784502,0.04149900946511116,0.1508166409861325,0.1255095751705921,-0.08005282852740479,0.006447281532027295,0.0338102575390711,0.1500858463570328,-0.04436495707682148,0.0760048426150121,0.09967642526964561,0.22739159145938806,0.15654853620955317,0.1489192163768435,-0.07542593000220119,-0.016273387629319833,-0.17942989214175656,0.023398635263042044,-0.10324895443539511,0.10949592780101254,-0.19300682368478977,0.21320713185119966,-0.2266453885097953,0.09903587937486243,0.11099493726612371,0.2676557340964121,0.02581994276909531,0.12901826986572748,-0.21902927580893683,0.07422408100374202,0.12732115342284833,0.2985868368919216,0.1401386748844376,-0.041140215716486905,0.15230464450803433,0.17703720008804755,-0.015137574290116662,0.0786088487783403,-0.07265463350209113,-0.10642526964560863,-0.1937640325775919,0.03155624036979969,0.019768875192604007,-0.22468192824125027,-0.06828307285934404,-0.3072639225181598,-0.1415936605767114,-0.11413163108078363,-0.25903587937486244,-0.1864076601364737,0.04104556460488664,-0.12312128549416684,-0.06267884657715166,-0.15017609509134933,0.015232225401716927,-0.36531807175874975,-0.32898965441338324,0.00016949152542372882,0.2627492846136914,-0.10782302443319393,-0.003532907770195906,-0.07250935505172794,-0.058996257979308825,-0.3827360774818402,0.06434514637904469,-0.1059982390490865,-0.15471934844816201,-0.12454105216817081,-0.2151683909311028,-0.19401056570548095,-0.05601144618093771,-0.17613251155624038,-0.29448602245212413
#53,-0.11656834690732996,-0.20298921417565485,-0.16214395773717807,-0.019313229143737617,0.12676865507373983,0.2994585075941008,0.13133392031697116,-0.03292978208232446,-0.15279330838652871,0.05755227823024433,0.08390490865067136,1.0,0.22895003301782962,0.07431653092670042,-0.017499449702839533,-0.09435615232225401,-0.1772243011226062,-0.09541932643627558,0.032863746423068455,-0.06339643407440018,0.0022474136033458067,-0.08053929121725732,0.06730574510235528,-0.302062513757429,-0.13076821483601145,-0.1669535549196566,-0.009848117983711204,-0.17324455205811137,0.20646268985252036,0.07783623156504513,0.05077922077922078,0.034747963900506273,-0.0623068456966762,-0.11713185119964781,-0.08520581113801452,0.06358353510895884,-0.034274708342504956,-0.13053929121725732,-0.08414263702399295,-0.34705260840854063,-0.14475236627779,-0.09341624477217697,0.011322914373761832,-0.09622716266784063,0.0797490644948272,-0.0984503631961259,-0.17139995597622718,-0.24754567466431873,0.0651683909311028,-0.134818401937046,-0.10178296279991195,-0.0611996478098173,-0.0524455205811138,-0.36318071758749726,-0.24005062733876292,-0.42069777679947173,0.05788906009244992,-0.05342725071538631,-0.02475676865507374,-0.2367312348668281,0.05044904248294079,-0.04542593000220119,0.2755646048866388,0.26875852960598723,-0.2504490424829408,-0.26992295839753466,0.24218578032137353,0.13155183799251596,-0.10463130090248735,0.05123046445080343,-0.0711732335461149,-0.022931983270966322,-0.0061809377063614356,-0.03227823024433194,0.044083204930662555,-0.2718467972705261,-0.07235747303543914,-0.17832489544353952,0.169702839533348,-0.08551397754787585,0.14587717367378383,0.02326436275588818,-0.1616949152542373,0.21453664979088707,0.1975478758529606,0.36189522342064717,0.07059652212194585,0.047395993836671806,-0.12200088047545675,0.2582192383887299,-0.12202509355051729,0.3606339423288576,0.12660796830288357,-0.018353510895883777,-0.06612150561303104,-0.21398415144177857,-0.1608892802113141,-0.10595641646489104,-0.32619194364957077,0.043794849218578034,-0.21388069557561082,0.013026634382566587,0.09583755227823025,0.07258859784283513,0.021069777679947173,0.007970504072198988,-0.12207572088928022,0.05935945410521682,-0.18935725291657496,0.04695575610829848,-0.14262601804974687
#54,-0.08917895663658376,-0.027083425049526745,0.12567026194144837,0.07795729694034778,0.18615452344265904,0.08428571428571428,-0.020427030596522122,-0.08077922077922078,-0.05702839533348008,0.09211974466211754,-0.18480959718247855,0.22895003301782962,1.0,0.14110939907550077,0.23842835130970724,-0.3194408980849659,-0.037867048206031255,0.08898745322474136,0.030583314990094652,-0.21679066696015847,-0.004772176975566806,-0.10701959057891261,0.2617873651771957,-0.267739379264803,0.11700418225841955,-0.16985031917235308,-0.10398635263042043,-0.1925775918996258,0.15979308826766453,-0.06318511996478098,0.1446004842615012,0.14639005062733876,0.13369359454105217,0.0386220559101915,-0.19736517719568566,0.11257979308826767,0.12067796610169491,-0.00026194144838212637,0.048908210433634164,-0.16910631741140217,0.046960158485582215,-0.04302223200528285,0.09495927801012546,-0.19774378164208672,0.0027536869909751266,-0.0735197006383447,-0.2500616332819723,-0.3133083865287255,-0.1388465771516619,-0.17043583535108958,-0.2562689852520361,-0.20533788245652654,-0.1455822143957737,-0.11659035879374863,-0.02165529385868369,-0.11278670482060313,-0.05684349548756328,-0.018465771516618976,-0.1557274928461369,-0.1316552938586837,-0.004589478318291877,-0.19983491085186,0.16511556240369799,-0.00714505833149901,-0.02318511996478098,-0.258729914153643,0.24648470173893902,0.08572749284613691,0.08310367598503192,0.041749944970283955,0.21882456526524324,0.13539731454985693,0.2103565925599824,0.09779661016949152,0.04437376183138895,-0.1646268985252036,0.036051067576491305,-0.09255998239049086,0.3308496588157605,-0.07303984151441778,0.004261501210653753,0.2935681267884658,-0.0627360774818402,0.40563064054589476,0.30392471934844817,0.17577812018489986,0.08130530486462689,0.1660906889720449,-0.10369799691833591,0.11082764692934184,0.017266123706801674,0.09413603345806736,-0.07191723530706581,0.10129429892141757,-0.09674444199867929,-0.09309046885318072,-0.18194805194805194,-0.057226502311248074,0.0057935285053929125,-0.04332599603786044,0.04810477657935285,0.25048426150121067,0.08832709663218138,0.10430552498349109,0.07728813559322034,0.13418666079683028,0.22744441998679288,-0.07832269425489764,-0.2445014307726172,0.032725071538630864,-0.12944750165089147
#58,0.0024389170151882015,-0.1786088487783403,-0.25010125467752586,0.09271626678406339,-0.1345410521681708,0.034466211754347345,0.041133612150561306,0.1484899845916795,-0.07255998239049087,-0.047627118644067795,-0.08117763592339863,0.07431653092670042,0.14110939907550077,1.0,-0.011989874532247414,-0.07143737618313889,-0.15391371340523882,-0.1859057891261281,-0.004364957076821483,0.04395333480079243,0.04976227162667841,-0.06424609289016069,-0.01974246092890161,-0.09061633281972264,-0.12443759630200309,-0.20977988113581333,0.04694034778780541,0.030633942328857584,-0.09533568126788466,-0.19734536649790888,0.010658155403918115,-0.23263922518159807,0.014558661677305745,0.06324675324675325,-0.01787145058331499,-0.1278648470173894,0.04174554259300022,0.11770195905789126,-0.08896324014968082,-0.10063834470614132,-0.01412722870349989,-0.056691613471274487,0.041893022232005285,0.02776139115122166,0.14819942769095312,-0.09714065595421528,-0.24979969183359013,-0.1233149900946511,0.11906009244992295,0.23872331058771737,0.07724851419766673,0.019911952454325334,-0.03202509355051728,-0.09146379044684129,-0.10870790226722431,-0.21837332159366057,0.03615232225401717,0.16641646489104117,0.03590578912612811,-0.0715826546335021,-0.0016707021791767555,0.030856262381686112,0.29776359233986355,0.16275808936825886,-0.03378604446401057,-0.054065595421527626,0.15714946070878275,0.14804534448602244,0.2757318952234206,0.16446841294298922,0.24589478318291877,0.24270085846357034,0.18902047105436937,0.12501871010345586,0.19953334800792427,-0.0028703499889940567,-0.08860444640105657,-0.03297820823244552,0.0005723090468853181,-0.04404358353510896,-0.17716707021791767,-0.1029473915914594,-0.23968302883557122,-0.059106317411402154,0.007660136473695796,-0.10468192824125028,-0.0654919656614572,-0.19925159586176536,-0.026315210213515298,-0.09237948492185781,-0.036935945410521684,0.15642526964560863,0.1912854941668501,-0.08211093990755007,-0.11105657054809598,-0.20091349328637464,-0.11116662998018931,-0.032909971384547654,-0.15372220999339645,0.1268434954875633,0.019209773277569887,-0.12195465551397755,-0.2150561303103676,-0.06806735637244112,-0.08220338983050847,0.15376843495487563,-0.030101254677525863,0.037435615232225404,-0.01760510675764913,-0.059053488883997356,-0.0046335020911292095
#101,-0.09454545454545454,-0.08181377944089809,-0.3390578912612811,-0.09103675985031917,-0.14850319172353071,-0.07825445740699978,-0.04354391371340524,0.1746665199207572,0.1913779440898085,-0.007402597402597403,0.049933964340744,-0.017499449702839533,0.23842835130970724,-0.011989874532247414,1.0,0.34237068016729033,-0.20484041382346468,-0.2407792207792208,0.6978516398855382,0.07763812458727713,0.5220977327756989,0.30929782082324453,0.010832049306625577,0.015023112480739599,0.28518379925159587,-0.06327977107638125,-0.17635042923178518,-0.21194364957076822,-0.06601584855822144,-0.04414263702399296,-0.12149460708782743,-0.11354831609068897,-0.2305811138014528,-0.2189720449042483,-0.12386308606647589,0.10613251155624037,0.3916508914814,0.03415804534448602,-0.00438036539731455,0.1456174334140436,0.2810345586616773,0.39947391591459386,0.570264142637024,0.12209112920977327,0.3649086506713625,0.0727624917455426,-0.19396434074400176,-0.18149900946511116,-0.4175280651551838,-0.2845520581113801,-0.3873717807616113,-0.07582434514637905,-0.5431344926260181,0.21380585516178738,0.11759850319172353,0.19976667400396214,-0.46547875852960596,-0.033495487563284174,-0.42348007924279113,-0.2741712524763372,-0.3361699317631521,-0.47016949152542376,0.1089324235086947,0.3401584855822144,-0.13368699097512657,-0.07053048646268985,0.07844155844155844,0.18791107197886858,0.4467642526964561,0.18019370460048426,0.27070878274268106,-0.09476117103235747,0.1015562403697997,-0.08957517059211974,-0.21168611049966982,-0.33347127448822367,-0.38376183138895004,-0.5536231565045124,0.19798811358133392,0.0010323574730354392,-0.16273827867048207,-0.016700418225841954,-0.03449262601804975,0.1691811578252256,0.167112040501871,-0.04144177856042263,-0.28167730574510236,-0.036390050627338764,0.01187541272287035,-0.007462029495927801,-0.20185780321373542,-0.47433193924719347,-0.410807836231565,-0.29309487123046446,-0.3526502311248074,-0.42275808936825887,-0.07822804314329738,-0.41013427250715384,-0.03969183359013868,-0.4235659255998239,-0.41060312568787144,-0.22930442438917015,-0.21852740479859123,-0.14942328857583095,0.20877613911512216,-0.2622518159806295,0.1480277349768875,-0.4109597182478538,-0.2888839973585736,-0.16360114461809377,-0.2991129209773278
#102,0.07132731675104556,-0.08472375082544574,-0.25685890380805637,-0.0946136913933524,-0.22461149020471055,-0.25875192604006164,0.08163768434954875,0.17468412942989214,0.05647149460708783,-0.2020250935505173,0.36352850539291215,-0.09435615232225401,-0.3194408980849659,-0.07143737618313889,0.34237068016729033,1.0,-0.4434536649790887,-0.2844486022452124,0.3059806295399516,0.5579903147699757,0.4292207792207792,0.6754479418886199,-0.2141206251375743,0.4245718688091569,0.009544353951133611,0.10603345806735637,-0.0036143517499449703,0.07887519260400616,-0.3565441338322694,-0.20926480299361655,-0.20167950693374423,-0.10354611490204711,-0.3039995597622716,-0.2150231124807396,-0.17284173453664978,-0.12679727052608408,-0.038958837772397094,-0.10074620294959279,-0.19198767334360556,0.12815100154083206,0.04354391371340524,0.0535989434294519,0.10120184899845917,0.11442438917015188,0.08171032357473035,0.30779440898084964,-0.054246092890160684,0.011554039181157825,-0.07431653092670042,0.02227162667840634,0.014725952014087607,0.19331719128329297,-0.25480299361655295,0.48680607528065156,0.1099735857362976,0.40263482280431434,-0.14073959938366717,0.2847655734096412,-0.2925533788245653,0.041703720008804755,-0.31244331939247194,0.029002861545234425,-0.024968082764692933,0.1035923398635263,-0.08407440017609509,0.22501871010345587,-0.40341624477217697,0.1504402377283733,0.13100154083204932,0.11196346026854502,0.06755668060752806,-0.07681047765793529,0.09958617653532907,-0.155974025974026,0.1187607307946291,0.19322474136033457,-0.1292537970504072,-0.16978868589038082,-0.252656834690733,-0.0638828967642527,-0.009495927801012547,-0.29920096852300243,0.02256878714505833,-0.15643187321153423,-0.08592339863526305,-0.3500726392251816,-0.4283909311027955,-0.1968368919216377,-0.12690512876953555,-0.12174554259300022,-0.26559542152762494,-0.4721219458507594,-0.19168611049966983,-0.5000286154523442,-0.46119524543253354,-0.247607307946291,0.09523222540171693,-0.5079594981289897,-0.06029716046665199,-0.338135593220339,-0.3130838652872551,-0.5475522782302443,-0.2718445960818842,-0.3021131410961919,-0.052302443319392475,-0.320231124807396,-0.05970063834470614,-0.07050407219898745,-0.01618534008364517,-0.3273189522342065,-0.1534008364516839
#201,0.2188531807175875,0.2955293858683689,0.29893022232005284,0.18046004842615013,-0.049379264802993615,0.30634382566585955,-0.01430332379484922,0.15825445740699978,0.11484701738939027,0.46590358793748626,-0.007312348668280871,-0.1772243011226062,-0.037867048206031255,-0.15391371340523882,-0.20484041382346468,-0.4434536649790887,1.0,0.20526304204270307,-0.1444375963020031,-0.21265463350209113,-0.3744816200748404,-0.29393132291437374,0.14032577591899625,-0.10180937706361436,-0.0188399735857363,0.2912854941668501,0.24470394012766894,0.2784965881576051,0.0983248954435395,0.10110939907550077,-0.09302443319392471,0.1480497468633062,0.2860246533127889,0.2500902487343165,-0.05633722209993396,0.0653532907770196,0.017776799471714726,0.15996257979308826,0.19832269425489765,0.15051287695355492,-0.04750385208012327,-0.09098613251155624,-0.16693374422187982,-0.05230464450803434,-0.07787145058331499,-0.30584415584415586,0.2383050847457627,0.3151287695355492,0.020416024653312787,0.0225445740699978,0.13575170592119745,-0.01848778340303764,0.2607395993836672,-0.17024653312788907,-0.13333259960378605,-0.12668060752806515,-0.21617213295179397,-0.26824345146379047,0.1264472815320273,0.07238168611049967,0.07481620074840414,0.0007880255337882456,-0.18278450363196125,-0.1671076381245873,0.26218357913273166,0.02032577591899626,-0.021001540832049307,-0.2545036319612591,0.08641206251375742,0.07062293638564825,0.10894783182918776,0.036832489544353954,-0.21003081664098613,-0.02692273827867048,-0.2628197226502311,-0.12895663658375522,-0.15273827867048206,0.06775918996257979,0.1857605106757649,0.2743671582654634,-0.2704666519920757,-0.019172353070658156,0.10508034338542813,-0.2082412502751486,-0.32280871670702177,0.0018842174774378164,0.09273387629319833,0.07169271406559542,0.18974466211754348,-0.1511468192824125,0.06491525423728814,0.023017829627999118,0.10507814219678627,0.18859784283513098,0.12788685890380805,0.38829627999119526,0.3161501210653753,0.4921747743781642,0.2273299581774158,0.2790578912612811,0.3069755668060753,0.35235086946951355,0.2528285274047986,0.32278010125467754,-0.019289016068677084,0.13976667400396214,0.0836847897864847,0.06505392912172574,-0.02228483381025754,0.15061413163108078,-0.00725511776359234
