,#10,#11,#12,#13,#17,#18,#26,#49,#50,#51,#52,#53,#54,#58,#101,#102,#201,#202,#301,#302,#401,#402,#501,#502,#601,#602,#701,#702,#801,#802,#901,#902,#1001,#1002,#1101,#1102,#1201,#1202,#1301,#1302,#1401,#1402,#1501,#1502,#1601,#1602,#1701,#1702,#1801,#1802,#1901,#1902,#2001,#2002,#2101,#2102,#2201,#2202,#2301,#2302,#2401,#2402,#2501,#2502,#2601,#2602,#2701,#2702,#2801,#2802,#2901,#2902,#3001,#3002,#3101,#3102,#3201,#3202,#3301,#3302,#3401,#3402,#3455,#3501,#3502,#3601,#3602,#3701,#3702,#3801,#3802,#3901,#3902,#4001,#4002,#4101,#4102,#4201,#4202,#4301,#4302,#4401,#4402,#4501,#4502,#4601,#4602,#4701,#4702,#4801,#4802
#10,1.0,0.3959916354831609,0.5084899845916795,0.3097490644948272,0.28302443319392473,0.32496588157605105,0.26046665199207575,0.5157583094871231,0.16548095971824786,0.3543539511336122,0.6117411402157165,0.11696676205150781,0.10290556900726393,0.127739379264803,-0.10513537310147479,-0.32345806735637245,0.4761347127448822,0.41602465331278893,-0.139636803874092,-0.06353070658155403,-0.14852740479859125,-0.1862887959498129,0.03679066696015849,-0.35529605987233104,0.02789126128109179,-0.26435395113361215,0.13575170592119745,-0.07848117983711204,-0.11927801012546775,-0.04194144838212635,0.262755888179617,0.13891041162227602,0.26102575390710986,0.08816200748404138,0.02784503631961259,-0.07300462249614792,-0.18207131851199648,-0.18129650011005943,-0.15283513097072418,-0.37525863966541934,0.02484701738939027,-0.06643627558881796,0.03856482500550297,0.021774158045344487,0.15163768434954875,-0.14415804534448604,-0.14891041162227603,0.01798151001540832,0.10171912832929782,0.1705348888399736,0.22984371560642747,0.27416905128769536,0.1794849218578032,0.2540655954215276,-0.08690732995817742,-0.21400616332819722,-0.21171692714065596,-0.40997578692493947,0.010294959278010125,0.10841734536649791,0.053968743121285495,0.0813449262601805,-0.3669601584855822,-0.14209773277569887,0.2772044904248294,0.2914902047105437,-0.08031036759850319,-0.18845256438476776,0.04855381906229364,-0.21594761171032356,0.36163768434954874,-0.04729694034778781,-0.3286814880035219,0.054499229583975344,-0.34411402157164866,-0.21225621835791328,-0.14668280871670702,0.02913713405238829,0.19873651771956857,-0.15194364957076822,-0.09808716707021792,0.19174994497028394,-0.19820603125687872,-0.03274928461369139,0.1435725291657495,0.11226502311248074,0.14322694254897644,-0.04912172573189522,-0.1353202729473916,-0.06092890160686771,0.14318952234206472,-0.19568126788465773,-0.07189082104336342,0.22947611710323576,0.07357032797710764,0.3496720228923619,0.026654193264362757,0.2785097952894563,0.026403257759189964,0.0810609729253797,0.33163108078362313,0.3973519700638345,0.11278010125467752,0.2316949152542373,-0.02896103896103896,0.1753664979088708,0.1498547215496368,0.15450803433854282,0.15070878274268104,0.018065155183799253,0.08584415584415585
#11,0.3959916354831609,1.0,0.31543913713405236,0.1475016508914814,0.3089522342064715,0.15099933964340745,0.5678340303764032,0.36172573189522345,0.2277657935285054,0.4627404798591239,0.34096191943649573,-0.04331499009465111,0.10482280431432973,0.31823024433193925,-0.029517939687431213,0.10227162667840634,0.12534888839973585,0.19626678406339423,0.08826106097292538,0.14033898305084747,-0.25982610609729256,-0.020475456746643188,-0.22020691173233545,-0.11053048646268986,-0.1905480959718248,-0.12562183579132732,-0.062465331278890604,-0.06014087607307946,-0.04708342504952674,0.05368699097512657,-0.026887519260400616,0.07082104336341624,0.10360114461809378,0.11540391811578252,0.024461809377063614,-0.16950033017829627,-0.09211093990755008,0.023620955315870572,-0.18115122165969624,-0.05299581774158045,0.013656174334140436,0.0013515298261060973,-0.04176315210213515,0.045197006383447064,0.000981730134272507,0.0013735417125247634,0.10173673783843275,0.004092009685230024,-0.09293198327096633,0.015963020030816642,-0.056691613471274487,0.04835791327316751,-0.15184239489324236,0.21905789126128108,-0.13425269645608628,-0.02453664979088708,-0.349966982170372,-0.1865001100594321,-0.0740149680827647,0.10558001320713185,-0.05216817081223861,0.13390710983931323,-0.08544574069997798,0.07417345366497909,0.33014747963900504,0.3035130970724191,0.049575170592119744,-0.0012612810917895663,0.09604446401056571,0.05504732555580013,0.2095179396874312,-0.0899735857362976,-0.2251882016288796,-0.20128769535549196,-0.27607968302883557,-0.24181818181818182,-0.08761171032357473,0.024547655734096414,0.07581113801452785,-0.015353290777019591,-0.028826766453885096,-0.025245432533568125,0.006130310367598503,-0.15837552278230244,-0.1834668721109399,-0.15817741580453445,-0.13434954875632843,-0.2319062293638565,0.04305524983491085,-0.0939951573849879,0.35844596081884217,-0.2723574730354391,0.048223640766013647,0.007853841074180056,0.011131410961919436,0.03569887739379265,0.0814703940127669,0.016680607528065154,0.09427911071978869,-0.02511996478098173,0.08001760950913493,0.20025313669381467,0.08703940127668941,0.062161567246313006,0.005084745762711864,0.022359674224081003,0.0684767774598283,-0.06668500990534888,-0.10180717587497248,0.09755668060752806,0.08116442879154744
#12,0.5084899845916795,0.31543913713405236,1.0,0.19356812678846577,0.052209993396434076,0.25756548536209556,0.40303323794849216,0.32288355712084527,0.21303103675985033,0.33831609068897206,0.39646268985252037,0.010482060312568786,0.2866651992075721,-0.02276909531146819,-0.21223640766013646,-0.32993836671802773,0.5849614791987673,0.6542659035879375,-0.19527845036319613,-0.25617433414043583,-0.3235086946951354,-0.2325445740699978,0.3073497688751926,-0.14209112920977326,0.26091349328637464,-0.3897116442879155,0.38192163768434956,0.05690292758089368,0.11314549856922738,-0.167607307946291,0.3614637904468413,0.08745322474136033,0.33498128989654413,0.05378824565265243,-0.16277790006603565,-0.4407682148360115,-0.5293286374642306,-0.463746423068457,-0.37756548536209555,-0.48627999119524545,-0.08729473915914594,-0.13545894783182919,0.11957296940347788,-0.04700858463570328,0.27236847897864847,-0.2206779661016949,-0.1557891261281092,0.025580013207131852,0.30442879154743563,0.3875214615892582,0.5229473915914594,0.46644948272066916,0.42627118644067796,0.46693374422187983,-0.2792471934844816,-0.3798437156064275,-0.16481399955976228,-0.547490644948272,0.06904908650671363,0.21907329958177416,0.08443319392471935,0.11301342725071539,-0.6131807175874973,-0.35931322914373764,0.2952256218357913,0.3609619194364957,-0.2096984371560643,-0.25532027294739157,-0.10904028175214615,-0.38408320493066256,0.3422540171692714,-0.1431719128329298,-0.4664010565705481,-0.11925379705040721,-0.556649790887079,-0.3029275808936826,-0.2893594541052168,-0.0662557781201849,0.5536209553158705,-0.17057671142416905,-0.06706581554039182,0.08280871670702179,-0.009399075500770416,-0.11219678626458288,-0.17358133392031697,0.1572639225181598,-0.047783403037640323,0.01474356152322254,-0.30442879154743563,0.09825445740699978,0.08172793308386529,-0.10877613911512217,0.14836891921637685,0.2090843055249835,0.04219898745322474,0.7116464891041162,0.2071714725952014,0.6093088267664539,0.3490358793748624,0.24432973805855163,0.5366409861325115,0.6653026634382566,0.0720493066255778,0.3892383887299142,0.1832577591899626,0.389966982170372,0.4655558001320713,-0.14596081884217477,-0.029548756328417344,0.0325115562403698,0.05023992956196346
#13,0.3097490644948272,0.1475016508914814,0.19356812678846577,1.0,0.15138895003301783,0.30793528505392914,0.2592229804094211,0.11814219678626459,0.1832885758309487,0.3770327977107638,0.31176975566806076,-0.13886418666079683,0.16231565045124366,0.003211534228483381,0.004629099713845477,-0.17037200088047547,0.5576711424169051,0.16979969183359014,-0.16312128549416685,-0.12095971824785384,-0.09577591899625798,-0.13240149680827648,-0.04116222760290557,-0.16304644508034338,0.02135593220338983,-0.19250275148580234,0.13507814219678627,0.08333039841514418,-0.03425489764472815,0.057719568567026196,0.20192824125027514,0.20325335681267884,0.11587277129650012,0.09151441778560422,-0.0614637904468413,-0.13534228483381025,-0.08402817521461589,-0.18287255117763593,-0.19442659035879375,-0.19681267884657716,-0.16025753907109838,-0.11281311908430552,-0.1347655734096412,-0.1933039841514418,0.17309707241910632,0.05414043583535109,0.05302883557120845,0.35649790887079025,0.09252916574950473,0.20942769095311467,0.16445740699977987,0.18302443319392472,-0.018919216376843496,0.2563416244772177,0.003024433193924719,-0.16081443979749063,-0.05701518820162888,-0.205313669381466,0.06361655293858684,-0.059203169711644285,0.016511116002641428,-0.06419766674003963,-0.12166189742460928,-0.14912832929782083,0.2612260620735197,0.07649790887079022,-0.010052828527404798,-0.07828307285934405,-0.12387189082104336,-0.24161347127448823,0.16511116002641427,0.05188641866607968,-0.21867928681488003,-0.14559322033898306,-0.16093330398415145,-0.09942108738718908,-0.08544794188861986,-0.13099273607748185,0.24463570327977108,0.008589038080563504,-0.27599603786044463,0.19151882016288796,-0.11894342945190403,-0.12998899405679068,-0.10710323574730354,-0.09482280431432974,0.015355491965661458,0.002808716707021792,-0.01049306625577812,0.0027316751045564605,-0.16879815100154083,-0.01811798371120405,-0.05046885318071759,0.14449262601804974,0.1511864406779661,0.21902047105436936,-0.1589126128109179,0.15837992515958618,0.18539951573849878,0.07628439357252917,0.1556702619414484,0.21026854501430772,0.18162667840633942,-0.020028615452344266,-0.11841734536649791,0.18027955095751705,0.11038740920096853,-0.18372661237068016,0.02361435174994497,-0.037642526964560864,0.026711424169051288
#17,0.28302443319392473,0.3089522342064715,0.052209993396434076,0.15138895003301783,1.0,0.2947457627118644,0.27637023992956194,0.21352190182698658,0.09933303984151441,0.20581554039181157,0.3145674664318732,0.14426590358793748,0.16350209112920977,0.14193484481620075,-0.11693594541052169,-0.09444419986792868,0.1646665199207572,0.10542813119084306,-0.26417785604226285,-0.1685890380805635,-0.26325996037860444,-0.1745410521681708,-0.058736517719568566,-0.003178516398855382,-0.08904908650671363,0.053658375522782305,0.12103235747303544,-0.001639885538190623,0.053469073299581775,0.22338322694254897,0.05914813999559762,0.14923838872991416,0.3074642306845697,0.24363416244772176,-0.1189852520360995,0.013854281311908431,-0.011518820162887959,0.11270746202949593,0.05453004622496148,0.06621175434734757,0.05107197886858904,0.022733876293198327,-0.15272066916134713,-0.09266123706801672,0.16858463570327978,0.09298921417565485,-0.0028659476117103237,-0.06560642747083426,-0.09827206691613471,-0.0872969403477878,0.0524983491085186,-0.03465771516618974,0.0500132071318512,0.13398415144177855,-0.006911732335461149,0.07155403918115782,-0.11158265463350209,-0.2114043583535109,-0.020911292097732775,-0.03522342064714946,0.07709663218137794,0.06561082984811799,-0.05248954435395113,-0.021807175874972485,0.08403697996918336,0.02025313669381466,-0.10530486462689853,-0.029046885318071758,-0.14415584415584415,-0.13019370460048427,-0.10788465771516619,-0.1831322914373762,-0.2277525863966542,-0.009581774158045344,-0.19738498789346248,-0.24892141756548536,-0.11034118423948933,-0.0042130750605326875,0.2246070878274268,0.04827206691613471,0.060138674884437596,0.0986286594761171,-0.022637023992956196,0.12435835351089589,0.12643847677745984,0.09580013207131852,0.1374884437596302,-0.0462491745542593,0.028415144177856042,0.0892295839753467,0.26373321593660576,-0.10946070878274268,0.09896764252696456,0.10907770195905789,0.028412942989214176,-0.07235307065815541,0.1306471494607088,-0.022313449262601804,-0.03817961699317632,0.0062579793088267666,0.05299141536429672,0.21290336781862207,0.2136979969183359,0.1418666079683029,0.05260840854061193,0.06701298701298701,0.019641206251375744,0.0043165309267004185,-0.049815100154083206,0.04795729694034779,0.0112987012987013
#18,0.32496588157605105,0.15099933964340745,0.25756548536209556,0.30793528505392914,0.2947457627118644,1.0,0.12927801012546775,0.37083425049526747,0.13551177635923398,0.2837332159366058,0.3316927140655954,0.1686352630420427,0.2879352850539291,0.024904248294078803,-0.3496434074400176,-0.19759630200308168,0.3465617433414044,0.34616552938586836,-0.37675324675324673,-0.2620162887959498,-0.10395333480079243,-0.15016729033678186,0.033488883997358575,0.05172573189522342,-0.06937046004842615,0.01298481179837112,0.3491173233546115,-0.054428791547435615,-0.19448602245212415,0.31035219018269866,0.1558463570327977,-0.028963240149680828,0.2873959938366718,-0.020814439797490644,-0.40714285714285714,-0.20122165969623595,-0.09037860444640106,-0.2552850539291217,0.014268104776579353,-0.27679947171472596,-0.043398635263042044,-0.44771516618974244,-0.4901694915254237,-0.4497116442879155,0.20223860884877834,0.15875632841734535,0.20665419326436277,0.0825049526744442,0.06919656614571869,-0.06591899625797931,0.14560862865947613,0.035676865507373985,0.15038961038961038,0.08891481399955976,0.022760290556900726,-0.23406339423288575,-0.09417565485362095,-0.3697864847017389,-0.11161787365177196,-0.05546335020911292,0.15604006163328196,0.22313449262601806,-0.235148580233326,-0.26315430332379486,0.2398877393792648,0.025034118423948933,-0.33215056130310366,-0.19733876293198327,-0.22287255117763594,-0.2960444640105657,0.07956856702619415,0.02551617873651772,-0.2505723090468853,0.09554699537750386,-0.23211314109619194,-0.15772176975566807,-0.1013251155624037,-0.008188421747743781,0.42941888619854723,0.1441602465331279,0.15184459608188422,0.03653753026634383,-0.32688972044904246,0.2088861985472155,0.1893528505392912,0.20913493286374643,0.14364296720228922,0.0827823024433194,-0.3628615452344266,-0.1783711204050187,0.026933744221879816,0.01689852520360995,0.05549636803874092,0.020873871890821044,-0.030438036539731456,0.14936605767114242,0.12508254457407,0.23685230024213075,0.16581774158045345,0.12143737618313889,0.2196962359674224,0.4449438696896324,0.47052608408540614,0.19462029495927802,0.19401276689412283,0.25973805855161786,0.2120559101915034,0.09617873651771956,0.20782082324455206,-0.10459388069557561,-0.12650451243671582
#26,0.26046665199207575,0.5678340303764032,0.40303323794849216,0.2592229804094211,0.27637023992956194,0.12927801012546775,1.0,0.31403037640325776,0.19247413603345806,0.4639731454985692,0.4144309927360775,-0.015608628659476117,0.26828307285934405,0.28469733656174334,-0.10920316971164429,0.025848558221439576,0.2122011886418666,0.19679286814880034,-0.09593000220118864,-0.0100462249614792,-0.10745762711864407,-0.04838872991415364,-0.09845256438476778,-0.12639665419326437,0.004554259300022012,-0.16805855161787364,0.11204050187101035,0.038073959938366715,0.014384767774598283,-0.0413449262601805,0.0175148580233326,0.11343165309267005,0.13805414924058992,0.022755888179616993,-0.047237508254457404,-0.38687211093990753,-0.13710983931322915,-0.11992956196346027,-0.1650693374422188,-0.08905569007263922,0.028082764692934185,-0.11912832929782083,0.07538190622936386,-0.03349768875192604,0.1459211974466212,0.19310807836231564,0.01804754567466432,-0.05563064054589478,-0.09419546555139775,0.07957296940347788,0.044805194805194806,0.016603565925599823,0.046953554919656616,0.3245168390931103,-0.07404578472375083,-0.08219678626458288,-0.20287034998899406,-0.14120405018710103,-0.06027514858023333,0.09477657935285054,-0.028888399735857363,0.10283072859344046,-0.13499009465111161,-0.06651551837992516,0.21308826766453884,0.20904248294078803,0.0387607307946291,0.010961919436495708,-0.11360994937266124,-0.10708122386088488,0.09030596522121946,-0.2585230024213075,-0.2606119304424389,-0.09597842835130971,-0.3031454985692274,-0.2785692273827867,-0.18578032137354172,-0.07896103896103897,0.2210741800572309,-0.10619414483821263,0.010794629099713845,0.051217257318952235,0.1646026854501431,0.022850539291217258,-0.0538696896324015,-0.11405458947831829,-0.05889060092449923,-0.14478098173013426,-0.13379925159586176,0.18029936165529387,0.1730508474576271,-0.015661457186880917,0.14832049306625578,0.06376623376623376,0.08125467752586396,0.1440942108738719,0.003664979088707902,0.10357252916574951,0.2230926700418226,0.09427250715386308,0.13198327096632181,0.2389588377723971,-0.06807836231565045,0.060305965221219456,0.027563284173453665,0.08900726392251816,0.20939907550077042,-0.14228263262161567,-0.18138895003301783,0.0790512876953555,0.07329517939687431
#49,0.5157583094871231,0.36172573189522345,0.32288355712084527,0.11814219678626459,0.21352190182698658,0.37083425049526747,0.31403037640325776,1.0,0.27438036539731453,0.4211996478098173,0.5044970283953335,0.21885097952894564,0.1914902047105437,0.12148800352190182,-0.17028175214615893,-0.29464450803433856,0.330891481399956,0.19674664318732116,-0.19097072419106317,-0.2761347127448822,-0.20949812898965442,-0.3061104996698217,0.15389830508474575,-0.3050473255558001,-0.26977107638124587,-0.2688003521901827,0.2358595641646489,-0.2749636803874092,-0.222590799031477,-0.0751221659696236,0.018265463350209114,-0.15880475456746643,0.17197226502311247,-0.24309267004182258,-0.1463350209112921,-0.06430332379484922,-0.22691173233546114,-0.2203037640325776,-0.20973365617433415,-0.26619854721549635,-0.054629099713845476,-0.0928021131410962,-0.04278230244331939,-0.06405899185560203,0.09479639005062734,-0.20803213735417125,0.08019370460048426,-0.03397974906449483,0.24680827646929343,-0.185445740699978,0.10942548976447282,-0.12028615452344266,0.13288575830948712,-0.09593220338983051,-0.16413823464670924,-0.23023992956196346,-0.04640545894783183,-0.402524763372221,-0.06473475676865507,-0.04485362095531587,-0.08163328197226502,0.1659586176535329,-0.327475236627779,-0.1488201628879595,0.22447721769755669,0.1594673123486683,-0.20561963460268545,-0.21573849878934626,-0.0962293638564825,-0.08985252036099493,0.2984591679506934,0.013286374642306845,-0.00237508254457407,0.2447721769755668,-0.1128417345366498,-0.018239049086506715,0.03466431873211534,0.1436715826546335,0.3738762931983271,-0.1455822143957737,-0.009238388729914154,0.0623530706581554,-0.26811798371120404,0.08685890380805635,0.14917235307065815,0.22694695135373102,-0.06179176755447942,0.06308386528725511,-0.17526524323134493,-0.13657054809597183,0.18442659035879375,-0.1539753466872111,-0.09912392692053709,0.034177856042262825,-0.08757208892802112,0.13480519480519482,-0.10378164208672683,0.19675985031917234,-0.03727272727272727,0.2582478538410742,0.227277129650011,0.31061853400836453,0.1351353731014748,0.19206031256878714,0.20799911952454325,0.22347567686550737,0.23681267884657714,0.0649636803874092,0.05869249394673123,-0.12444419986792868,-0.018914813999559764
#50,0.16548095971824786,0.2277657935285054,0.21303103675985033,0.1832885758309487,0.09933303984151441,0.13551177635923398,0.19247413603345806,0.27438036539731453,1.0,0.341666299801893,0.26088047545674664,-0.09416024653312789,0.044422187981510014,0.2490710983931323,-0.2191371340523883,-0.2644794188861985,0.17842615012106539,0.07247413603345806,-0.2601562843935725,-0.2674840413823465,-0.25055249834910853,-0.35606207351970065,0.09259520140876074,-0.17562623816861106,-0.09175434734756768,-0.162293638564825,0.32085186000440236,0.08548536209553159,-0.16304864626898524,-0.10813339203169711,0.03193924719348448,-0.11568346907329959,0.14007484041382345,0.03413603345806736,-0.34272507153863085,-0.11647149460708783,-0.044318732115342284,-0.18039621395553598,-0.08318511996478098,-0.19783623156504512,0.03179837112040502,0.02813119084305525,-0.11550297160466652,-0.09171032357473036,0.1933083865287255,-0.03532027294739159,0.2788333700198107,0.2462821923838873,-0.040697776799471716,-0.05318732115342285,-0.04077041602465331,-0.1661171032357473,0.0161963460268545,-0.12542152762491746,0.042852740479859125,-0.27823024433193927,0.09584415584415584,-0.19858683689192164,0.05707462029495928,-0.15323354611490206,0.1256086286594761,0.36612590799031475,-0.18758309487123045,0.10438476777459828,0.18416464891041162,0.07338983050847457,-0.03450803433854281,-0.07545454545454545,-0.1358331499009465,0.0261963460268545,0.1467290336781862,-0.05639885538190623,-0.0374686330618534,0.17880475456746645,-0.14751705921197447,-0.01968743121285494,0.044994497028395336,-0.04243451463790447,0.19796830288355713,-0.15151441778560423,-0.19041162227602906,-0.11151001540832049,-0.05019370460048426,-0.367640325775919,-0.12704380365397314,-0.015089148139995597,0.06750605326876513,0.011168831168831168,-0.041325115562403696,-0.12219898745322474,0.025745102355271846,-0.05896984371560643,-0.1355249834910852,0.20318511996478097,0.1202245212414704,0.13623816861104995,-0.06524763372221,0.08063394232885758,-0.06368038740920097,0.04514637904468413,0.09843935725291658,0.1282654633502091,0.10441338322694255,-0.02633281972265023,0.09156944750165089,0.09826546335020911,0.2961457186880916,0.08726612370680167,0.09136693814659916,0.3139819502531367,0.22020691173233545
#51,0.3543539511336122,0.4627404798591239,0.33831609068897206,0.3770327977107638,0.20581554039181157,0.2837332159366058,0.4639731454985692,0.4211996478098173,0.341666299801893,1.0,0.5146401056570548,-0.014604886638784944,0.27804534448602247,0.2170327977107638,-0.05025533788245653,-0.2482940788025534,0.45431212854941666,0.21055029716046667,-0.07515298261060972,-0.20083425049526746,-0.13412722870349988,-0.24738718908210433,0.0690182698657275,-0.17056130310367598,-0.15666519920757208,-0.21887519260400617,0.3967972705260841,0.001060972925379705,-0.11497908870790227,-0.07896984371560643,0.17213515298261062,0.10736077481840194,0.23627999119524543,0.10406339423288576,-0.18179176755447943,-0.20516618974246092,-0.14921637684349548,-0.15508254457407,-0.1552344265903588,-0.22768655073739819,-0.06719788685890381,-0.0028153202729473917,0.020904688531807176,-0.14518379925159586,0.05865067136253577,-0.10734096412062513,0.2218511996478098,0.05956856702619415,0.16647369579572968,-0.02615892581994277,0.05532907770195906,-0.032110939907550075,0.2160444640105657,0.2098745322474136,-0.08634602685450143,-0.09806955756108299,-0.09458507594100815,-0.2959476117103236,0.12737838432753687,-0.027860444640105658,-0.18514417785604226,0.055520581113801454,-0.2854435395113361,-0.06807616112700858,0.3976755447941889,0.2880453444860224,-0.14109178956636584,-0.23201408760730793,-0.18654633502091128,-0.2313317191283293,0.22091569447501652,0.034981289896544136,-0.145115562403698,0.02045344486022452,-0.30358353510895886,-0.29005723090468855,-0.2481091789566366,-0.20621395553598942,0.27811798371120405,-0.11857142857142858,-0.13863746423068457,0.1652542372881356,-0.08408980849658816,-0.18532467532467534,-0.06615012106537531,-0.1295575610829848,-0.13737838432753688,-0.09161567246313009,-0.03978868589038081,-0.16323134492626018,0.162227602905569,-0.1509090909090909,-0.061087387189082104,0.09159806295399515,0.019768875192604007,0.10711204050187101,-0.18526524323134494,0.15783403037640326,0.2338762931983271,0.09412282632621616,0.1369535549196566,0.2757473035439137,0.2522364076601365,0.06867928681488003,0.10540171692714066,0.20349768875192603,0.274950473255558,-0.2068280871670702,-0.09899625797930883,-0.07773717807616112,0.05402377283733216
#52,0.6117411402157165,0.34096191943649573,0.39646268985252037,0.31176975566806076,0.3145674664318732,0.3316927140655954,0.4144309927360775,0.5044970283953335,0.26088047545674664,0.5146401056570548,1.0,0.119966982170372,0.25952894563064055,0.2807902267224301,-0.20124807395993838,-0.2323794849218578,0.332029495927801,0.34406339423288573,-0.12664758969843715,-0.0487211093990755,-0.1518269865727493,-0.1318467972705261,-0.07770416024653312,-0.3141536429672023,-0.09721989874532247,-0.18367378384327537,0.2772705260840854,-0.02783843275368699,-0.12598943429451903,-0.029099713845476556,0.15561082984811797,-0.04906009244992296,0.2614417785604226,0.06446621175434734,-0.05577591899625798,-0.07110499669821704,-0.09543473475676865,-0.15981950253136692,-0.06614571868809158,-0.17797270526084086,0.03080343385428131,0.032047105436935945,-0.013033237948492185,-0.09720008804754568,0.05963020030816641,0.04446621175434735,-0.023720008804754566,-0.047642526964560866,0.11785604226282193,0.039440898084965884,0.05194805194805195,0.010354391371340524,0.04841734536649791,0.20125467752586396,-0.06401276689412283,-0.12087167070217918,-0.21077041602465332,-0.22645828747523664,-0.07457406999779881,0.11287915474356153,-0.053009024873431655,-0.04274708342504953,-0.2754435395113361,-0.04406339423288576,0.35827646929341844,0.2594783182918776,-0.0939423288575831,-0.24229583975346689,-0.13830728593440458,-0.12046445080343385,0.2681532027294739,0.009674224081003742,-0.14065155183799252,0.09431212854941669,-0.1914703940127669,-0.21960818842174776,-0.120099053488884,-0.23541492405899186,0.1504094210873872,-0.21466211754347347,-0.1172969403477878,0.23782962799911953,-0.24411622276029055,-0.18151001540832049,0.13823904908650672,0.001151221659696236,-0.04473475676865507,-0.1334272507153863,-0.07424829407880255,-0.14977988113581334,0.19950693374422188,-0.21067576491305304,-0.005381906229363857,0.08417565485362095,0.008243451463790448,0.2381796169931763,-0.010231124807395993,0.16875632841734536,0.03844816200748404,0.056812678846577154,0.19537090028615453,0.3085230024213075,0.24811798371120405,0.19911952454325335,0.045148580233326,0.20892141756548535,0.097937486242571,-0.07449702839533348,-0.07797050407219899,-0.11380585516178736,0.007660136473695796
#53,0.11696676205150781,-0.04331499009465111,0.010482060312568786,-0.13886418666079683,0.14426590358793748,0.1686352630420427,-0.015608628659476117,0.21885097952894564,-0.09416024653312789,-0.014604886638784944,0.119966982170372,1.0,0.6733920316971165,0.3170394012766894,-0.19560862865947612,-0.31424389170151884,-0.1640810037420207,-0.15426370239929563,-0.2951353731014748,-0.1358991855602025,0.053515298261060974,-0.18741140215716487,-0.05530926700418226,-0.3700396213955536,-0.125148580233326,-0.13923178516398854,0.17554479418886199,-0.12843495487563283,0.08905569007263922,0.17963460268545015,-0.3728527404798591,-0.1848448162007484,-0.2647325555800132,-0.229702839533348,-0.04493506493506493,-0.00609289016068677,-0.10767774598283072,-0.16873651771956857,0.014699537750385207,-0.22232885758309487,0.04963460268545014,-0.12478978648470174,-0.042685450143077265,-0.1547391591459388,0.1752080123266564,-0.032443319392471935,-0.09882456526524323,-0.11192604006163329,0.129537750385208,0.025128769535549197,-0.061201848998459166,-0.06587497248514197,-0.05054589478318292,-0.12110939907550076,-0.06092890160686771,-0.22322033898305085,0.25003081664098614,-0.02738498789346247,0.07877173673783844,0.04049306625577812,-0.01339423288575831,0.04279991195245433,0.13790666960158485,0.1409685230024213,-0.18066035659256,-0.20514637904468414,0.1615738498789346,0.22417125247633723,-0.1364869029275809,-0.038584635703279774,-0.07849438696896324,-0.019491525423728815,-0.09593660576711424,0.14856702619414483,-0.0771054369359454,-0.047913273167510456,-0.01522342064714946,0.10010345586616773,0.018655073739819502,-0.13894122826326216,0.590462249614792,-0.07756328417345366,0.27333039841514417,0.12088487783403037,0.48163108078362316,0.3044640105657055,0.2274158045344486,0.11736957957296941,0.0027206691613471273,0.22264142637023993,0.08038740920096853,0.335115562403698,-0.014453004622496149,0.11780761611270085,0.13573629760070438,-0.23819942769095312,-0.0045564604886638785,-0.177970504072199,-0.22809156944750164,0.023929121725731896,-0.1413713405238829,0.029055690072639227,0.08866607968302884,0.035918996257979306,-0.0761633281972265,-0.20466431873211535,-0.1804996698217037,0.07929561963460269,0.10000880475456747,-0.07487123046445081,0.09469733656174334
#54,0.10290556900726393,0.10482280431432973,0.2866651992075721,0.16231565045124366,0.16350209112920977,0.2879352850539291,0.26828307285934405,0.1914902047105437,0.044422187981510014,0.27804534448602247,0.25952894563064055,0.6733920316971165,1.0,0.3227206691613471,-0.31153863086066474,-0.27720228923618756,0.13537530266343825,0.022762491745542592,-0.31343385428131193,-0.27015628439357253,-0.1197094430992736,-0.2397820823244552,-0.04552058111380145,-0.25472815320272946,-0.1464208672683249,-0.28432753686990975,0.23008364516839094,-0.08682808716707022,0.18037420206911733,0.08967202289236187,-0.13425489764472814,-0.1889258199427691,-0.08436495707682148,-0.23753026634382565,-0.09990975126568347,-0.26861104996698215,-0.2549966982170372,-0.32835571208452563,-0.15305084745762712,-0.4142438917015188,-0.11565485362095532,-0.1598943429451904,-0.02549636803874092,-0.307772397094431,0.21345366497908871,0.0042813119084305525,-0.13097952894563064,-0.1212788906009245,0.1278516398855382,0.06827206691613472,0.03446180937706361,0.007662337662337662,-0.024241690512876952,-0.006869909751265684,-0.14499889940567906,-0.3092846136913934,0.19131190843055249,-0.13069117323354612,0.13368258859784282,0.024177856042262823,0.04811138014527845,0.12865287255117763,-0.05995817741580453,0.012159366057671142,-0.024651111600264144,-0.00900726392251816,0.14160686770856262,0.1549372661237068,-0.3121461589258199,-0.16747743781642085,-0.02780761611270086,-0.12142637023992957,-0.14389610389610388,0.10242130750605327,-0.22316751045564606,-0.09609289016068677,-0.03395333480079243,0.07201188641866609,0.1605216817081224,-0.16184459608188423,0.4440721989874532,0.10311027955095751,0.33607528065155184,0.017054809597182478,0.30538190622936384,0.2862953995157385,0.1526040061633282,0.18829627999119525,-0.07559762271626679,0.19242130750605327,0.047453224741360336,0.32180937706361434,0.06448162007484042,0.2242372881355932,0.19156504512436714,-0.031201848998459167,-0.05450363196125908,0.05708562623816861,-0.0771978868589038,0.10724191063174114,-0.002055910191503412,0.2685692273827867,0.07320272947391591,0.16646268985252036,0.03452564384767775,0.00687211093990755,0.052969403477878055,-0.014611490204710543,0.012379484921857803,0.02150561303103676,0.1316883116883117
#58,0.127739379264803,0.31823024433193925,-0.02276909531146819,0.003211534228483381,0.14193484481620075,0.024904248294078803,0.28469733656174334,0.12148800352190182,0.2490710983931323,0.2170327977107638,0.2807902267224301,0.3170394012766894,0.3227206691613471,1.0,-0.21194144838212634,-0.08743341404358354,-0.11614131631080783,-0.10334580673563724,-0.09226722430112261,0.02462689852520361,-0.18631080783623155,-0.12461149020471055,-0.32538190622936386,-0.32083204930662557,-0.27374862425709884,-0.008872991415364297,-0.007301342725071539,0.08563944530046225,0.0989060092449923,0.22805855161787364,-0.3181421967862646,0.0074950473255558005,-0.23567906669601585,0.23485582214395773,0.09577371780761611,-0.01725511776359234,0.06436275588817962,0.11717147259520141,0.041864406779661016,0.0064979088707902265,0.12060972925379705,0.04656174334140436,-0.09291657495047326,0.12251375742901166,0.0400858463570328,0.01673563724411182,0.15224521241470393,0.023224741360334582,-0.10751705921197446,-0.1470988333700198,-0.3341822584195466,-0.3166916134712745,-0.3829738058551618,-0.2291173233546115,-0.23952454325335681,-0.13894122826326216,-0.05572309046885318,-0.039515738498789345,0.03160026414263702,-0.022460928901606867,0.09942108738718908,0.2169997798811358,0.3525775918996258,0.3108716707021792,0.13143517499449703,0.10644508034338543,0.33843055249834914,0.19351089588377723,-0.062359674224081,0.2046555139775479,-0.04830288355712085,-0.019947171472595202,0.024831609068897205,0.16171032357473036,-0.01715166189742461,-0.044111820383006824,0.06117103235747304,0.01023992956196346,-0.17772397094430992,0.012071318511996477,0.22624036979969184,-0.13618754127228702,0.14289016068677085,-0.26997138454765574,0.22709002861545236,-0.08443539511336122,0.1500792427911072,-0.08919436495707682,0.26517939687431213,0.0897226502311248,0.27083865287255116,0.2724851419766674,0.03411842394893242,0.1307109839313229,0.1495971824785384,-0.19621175434734756,0.057433414043583535,-0.24864626898525202,-0.0949636803874092,-0.0812062513757429,-0.13532907770195907,-0.09067796610169492,0.10468853180717587,-0.15455646048866387,-0.13459608188421748,-0.14373981950253137,0.06212194585075941,0.16050627338762932,0.007230904688531807,0.21593220338983052,0.20965001100594322
#101,-0.10513537310147479,-0.029517939687431213,-0.21223640766013646,0.004629099713845477,-0.11693594541052169,-0.3496434074400176,-0.10920316971164429,-0.17028175214615893,-0.2191371340523883,-0.05025533788245653,-0.20124807395993838,-0.19560862865947612,-0.31153863086066474,-0.21194144838212634,1.0,0.37349548756328416,-0.034131631080783625,-0.23072859344045785,0.628234646709223,0.23854281311908432,0.35615232225401716,0.25791327316751045,0.05807395993836672,-0.15461809377063615,0.1745036319612591,-0.009749064494827207,-0.2657891261281092,-0.27428351309707244,0.08903367818622056,-0.12876953554919657,-0.1542394893242351,0.14125027514858024,-0.10900506273387629,0.12596742240810038,0.3338961038961039,0.2832115342284834,0.25620074840413826,0.3447259520140876,0.18438696896324014,0.36323354611490205,0.1380629539951574,0.320198106977768,0.2826634382566586,0.3587937486242571,-0.31204490424829406,-0.24200528285274048,-0.12503411842394893,-0.20547215496368038,-0.20798811358133393,-0.2647171472595201,-0.2839401276689412,-0.24409641206251376,-0.179801893022232,-0.000774818401937046,0.3078956636583755,0.397310147479639,-0.15607307946290996,0.16015628439357252,-0.1961435174994497,-0.32233105877173673,-0.37742460928901606,-0.3601408760730795,0.019134932863746422,0.17907990314769975,-0.12332379484921858,-0.06911952454325336,0.1389588377723971,-0.061380145278450364,0.43376623376623374,0.2981840193704601,0.15535108958837773,0.023535108958837772,0.29952894563064053,-0.1267840633942329,0.30085406119304425,0.10226502311248074,0.07307065815540392,-0.04436275588817962,-0.22717587497248515,-0.06567906669601585,-0.0900528285274048,-0.0588597842835131,-0.020405018710103456,-0.037211093990755006,-0.3348162007484041,-0.34730354391371343,-0.4060906889720449,-0.0036319612590799033,0.17253576931543033,-0.15933083865287256,-0.05804534448602245,-0.4046136913933524,-0.447376183138895,-0.33874312128549416,-0.25141976667400395,-0.15162667840633942,-0.3243979749064495,-0.2829033678186221,-0.2037244111820383,-0.2195663658375523,-0.3300198106977768,-0.35859344045784725,-0.112623816861105,-0.33258639665419326,-0.11517939687431213,-0.32428351309707243,-0.15420206911732334,-0.24924058991855602,-0.1997424609289016,-0.27524983491085186,-0.09959278010125468
#102,-0.32345806735637245,0.10227162667840634,-0.32993836671802773,-0.17037200088047547,-0.09444419986792868,-0.19759630200308168,0.025848558221439576,-0.29464450803433856,-0.2644794188861985,-0.2482940788025534,-0.2323794849218578,-0.31424389170151884,-0.27720228923618756,-0.08743341404358354,0.37349548756328416,1.0,-0.40076161127008586,-0.25807395993836674,0.6197248514197666,0.7251287695355492,0.3046577151661897,0.6999603786044464,-0.17120845256438477,0.2509751265683469,0.020471054369359455,0.3436033458067356,-0.4161831388950033,-0.026766453885097952,0.015544794188861986,0.02806075280651552,-0.14515078142196786,-0.11090248734316531,-0.045582214395773715,0.16589478318291878,0.17635703279771076,0.18574730354391372,0.22407660136473695,0.5067620515078142,0.08497248514197667,0.5211138014527845,0.20604886638784944,0.1521483601144618,0.01804094210873872,0.2754985692273828,-0.48047985912392693,0.15573849878934626,0.1265661457186881,-0.055174994497028396,-0.2696302003081664,-0.14902047105436936,-0.3488223640766014,-0.13119744662117544,-0.24633502091129209,-0.014948272066916134,0.05408540611930442,0.4419590578912613,-0.3989060092449923,0.38764252696456086,-0.5341052168170812,-0.2694012766894123,-0.2858265463350209,-0.21351089588377725,0.22552498349108518,0.11657935285053929,0.027517059211974466,0.036447281532027295,0.117310147479639,0.21085846357032798,0.3118732115342285,0.4568699097512657,-0.015036319612590799,0.09904688531807176,0.27972485141976666,-0.1994607087827427,0.2975918996257979,0.06068016729033678,-0.07825445740699978,-0.18457847237508254,-0.3142945190402818,0.3110103455866168,-0.09455646048866388,-0.007142857142857143,-0.05142196786264583,0.028496588157605106,-0.24172573189522342,-0.4733105877173674,-0.4089456306405459,-0.1543055249834911,0.18646268985252037,-0.25968082764692935,0.037803213735417125,-0.4308848778340304,-0.23109619194364958,-0.53755888179617,-0.4554567466431873,-0.37778340303764035,0.053072859344045785,-0.21531587057010787,0.030647149460708782,-0.19434954875632843,-0.1284833810257539,-0.35746643187321153,-0.07634162447721769,-0.11951793968743121,0.16491965661457186,-0.06587057010785824,-0.09807395993836672,-0.20352850539291217,-0.17423288575830947,-0.3973475676865507,-0.3795355491965661
#201,0.4761347127448822,0.12534888839973585,0.5849614791987673,0.5576711424169051,0.1646665199207572,0.3465617433414044,0.2122011886418666,0.330891481399956,0.17842615012106539,0.45431212854941666,0.332029495927801,-0.1640810037420207,0.13537530266343825,-0.11614131631080783,-0.034131631080783625,-0.40076161127008586,1.0,0.5007131851199648,-0.2589126128109179,-0.4275830948712305,-0.3066453885097953,-0.34614791987673343,0.2313119084305525,-0.09782742681047765,0.03843275368699098,-0.32747303543913714,0.22737178076161127,-0.03597842835130971,0.10550957517059212,-0.049143737618313886,0.4834954875632842,0.27102355271846795,0.4440017609509135,0.17240369799691835,-0.04680167290336782,-0.13695795729694035,-0.25400616332819725,-0.23285053929121727,-0.25128769535549195,-0.3241470394012767,-0.0999603786044464,0.01632621615672463,0.04625797930882677,-0.17995157384987892,0.18708342504952674,-0.30551837992515957,-0.05442438917015188,0.16735857362976006,0.21692714065595423,0.12932863746423068,0.38380805635042925,0.30618754127228703,0.2986330618534008,0.29952234206471495,-0.11611930442438917,-0.174785384107418,-0.21299581774158044,-0.5809949372661237,0.11299801893022232,-0.08961919436495708,0.09246313009024873,0.09348888399735858,-0.452524763372221,-0.22178076161127008,0.28415144177856044,0.38811138014527846,-0.24378824565265242,-0.25772837332159365,-0.027794408980849658,-0.3224741360334581,0.39326436275588816,0.08583975346687212,-0.20800572309046886,0.07397974906449482,-0.2909267004182258,-0.06436715826546335,-0.10056790666960158,-0.02273167510455646,0.568580233325996,-0.012176975566806076,-0.19732115342284834,0.2942769095311468,-0.12932423508694696,-0.054732555580013206,0.005031917235307066,0.1091041162227603,-0.022632621615672463,0.09966762051507815,-0.0740149680827647,0.06356372441118203,0.022117543473475675,-0.14709002861545234,0.05810697776799472,0.15995817741580454,0.005771516618974246,0.5114395773717808,-0.0573827867048206,0.6127294739159146,0.35724851419766673,0.26191723530706584,0.39669161347127446,0.5903191723530706,0.16242130750605327,0.3483535108958838,0.18332599603786046,0.4745476557340964,0.5122187981510016,-0.13323134492626018,-0.03187541272287035,-0.07746643187321153,-0.07681928241250276
