,#10,#11,#12,#13,#17,#18,#26,#49,#50,#51,#52,#53,#54,#58,#101,#102,#201,#202,#301,#302,#401,#402,#501,#502,#601,#602,#701,#702,#801,#802,#901,#902,#1001,#1002,#1101,#1102,#1201,#1202,#1301,#1302,#1401,#1402,#1501,#1502,#1601,#1602,#1701,#1702,#1801,#1802,#1901,#1902,#2001,#2002,#2101,#2102,#2201,#2202,#2301,#2302,#2401,#2402,#2501,#2502,#2601,#2602,#2701,#2702,#2801,#2802,#2901,#2902,#3001,#3002,#3101,#3102,#3201,#3202,#3301,#3302,#3401,#3402,#3455,#3501,#3502,#3601,#3602,#3701,#3702,#3801,#3802,#3901,#3902,#4001,#4002,#4101,#4102,#4201,#4202,#4301,#4302,#4401,#4402,#4501,#4502,#4601,#4602,#4701,#4702,#4801,#4802
#10,1.0,0.3100528285274048,0.15638564825005502,0.26593220338983053,0.25560422628219237,-0.003779440898084966,0.20274047985912394,0.4658221439577372,0.3053026634382567,0.3325093550517279,0.33015628439357253,0.12262161567246313,-0.07336781862205591,0.216007043803654,-0.3211336121505613,-0.01735197006383447,0.10466211754347347,-0.1646401056570548,0.14530926700418226,0.11510015408320493,-0.1901915034118424,0.1862359674224081,-0.2671802773497689,-0.12787365177195686,-0.0028021131410961918,0.08016949152542373,-0.19916795069337442,-0.04636583755227823,0.05521901826986573,0.14884437596302003,-0.09610169491525423,0.12510675764913054,-0.03966101694915254,0.2176271186440678,0.357442218798151,0.14769975786924938,0.10216596962359674,0.23417785604226282,0.023290777019590578,0.010871670702179178,0.07793528505392912,0.38,-0.117640325775919,0.20974686330618533,-0.298069557561083,-0.02559322033898305,-0.03307285934404579,-0.024047985912392694,-0.06311468192824125,0.13231124807395994,-0.11538630860664759,-0.14819942769095312,0.034662117543473474,0.09505833149900947,-0.11038520801232665,0.21406339423288576,-0.1900924499229584,0.12278230244331939,-0.11159586176535329,-0.1837574290116663,0.13335901386748844,0.024851419766674005,0.018139995597622718,0.01805855161787365,0.11197666740039622,0.03506493506493506,-0.07585736297600705,0.11833149900946512,0.07222540171692714,-0.06229143737618314,0.06932863746423068,0.09083645168390932,-0.01586616773057451,0.06284613691393352,-0.054884437596302,0.0022540171692714064,0.07550297160466651,0.056497908870790224,-0.26942108738718906,0.07559101915034118,-0.0762359674224081,-0.033495487563284174,0.04256218357913273,-0.2334206471494607,0.19666299801893022,0.006722430112260621,-0.08388509795289456,-0.16727272727272727,0.060138674884437596,-0.2207704160246533,-0.1938432753686991,-0.0697292537970504,-0.20774158045344487,-0.15308386528725512,-0.09456526524323135,-0.18908650671362537,0.2034140435835351,0.025615232225401716,0.08511776359233986,-0.11274268104776579,0.08656614571868809,-0.11375522782302443,-0.10091789566365837,0.10366277790006603,0.05891701518820163,0.10093110279550957,-0.06229583975346687,0.10959498128989655,-0.00659916354831609,0.058133392031697116,-0.027277129650011007
#11,0.3100528285274048,1.0,0.1920977327756989,0.07304424389170151,0.2507814219678626,0.15955095751705922,0.4285538190622936,0.19186880915694476,0.3756548536209553,0.36862645828747526,0.2648051948051948,0.03053268765133172,-0.048994056790666964,0.22545454545454546,0.10327977107638124,0.23573409641206253,0.2569821703720009,0.016931543033237947,0.19914153642967203,0.08796610169491526,0.01410081443979749,0.13004842615012108,-0.06216376843495488,-0.08649790887079023,-0.10700858463570329,0.005553598943429452,-0.14521021351529825,-0.0003103675985031917,-0.032639225181598064,0.05289236187541272,-0.09779440898084966,0.058450363196125905,-0.06612810917895663,0.10236627779000661,0.05839093110279551,0.021664098613251154,0.09588817961699318,-0.047834030376403255,0.013772837332159366,-0.07046224961479199,0.13817521461589258,-0.07306845696676205,-0.10880035219018269,0.024712744882236407,0.016546335020911292,0.09933083865287255,0.005513977547875853,-0.025271846797270524,-0.06987893462469734,0.07699317631521022,-0.09533568126788466,0.08254677525863967,0.03910851860004402,0.0853004622496148,-0.1235725291657495,0.024239489324235086,-0.28534668721109396,-0.04151001540832049,-0.2268082764692934,-0.2697754787585296,-0.030854061193044242,-0.17844375963020032,0.028250055029716045,0.12854501430772616,0.009709443099273608,-0.14839973585736296,-0.018787145058331498,0.23406999779881135,0.2522672243011226,0.18510675764913054,0.2201122606207352,0.17075280651551838,-0.002216596962359674,-0.0034008364516839094,-0.012302443319392472,-0.08084085406119304,0.10336121505613032,-0.13068236847897866,-0.03581774158045344,0.1622804314329738,0.08390710983931322,0.03958617653532908,0.03567906669601585,0.015421527624917455,0.05946290997138455,-0.1511204050187101,-0.2535351089588378,0.1147655734096412,-0.1312062513757429,0.04761171032357473,0.05038740920096852,-0.1812590799031477,-0.12489984591679507,-0.37319612590799034,-0.24389170151882017,0.08184899845916795,0.17646709222980408,0.11748404138234647,0.155478758529606,-0.09285714285714286,-0.0003015628439357253,-0.03570548095971825,-0.018710103455866166,-0.048672683248954435,-0.03223200528285274,-0.05518379925159586,-0.09314329738058552,0.011071978868589039,-0.14033678186220558,-0.05923838872991415,-0.14176095091349328
#12,0.15638564825005502,0.1920977327756989,1.0,0.4510279550957517,-0.06610829848117984,0.2913911512216597,-0.05186220559101915,-0.011338322694254898,-0.06857142857142857,0.5325115562403698,0.0552080123266564,-0.17226502311248074,-0.12357032797710764,0.007935285053929122,-0.29938586836891923,0.015709883337001983,0.5605855161787365,0.40265903587937485,0.13773057451023552,0.030937706361435176,-0.06325775918996258,0.07084745762711864,0.3296632181377944,0.2140347787805415,0.09014968082764693,0.2165991635483161,0.3541470394012767,0.2863724411182038,0.04538850979528945,-0.056031256878714505,0.3358265463350209,0.07679066696015849,0.22079242791107198,0.04592339863526304,0.14761831388950034,-0.05057230904688532,-0.15225181598062953,-0.10253356812678846,0.09772397094430993,-0.04541712524763372,-0.09927801012546775,-0.15491745542593,-0.2917675544794189,-0.16013647369579573,0.10549196566145719,-0.15496147919876732,0.2528945630640546,0.2455756108298481,0.2467180277349769,0.16006383447061412,0.42447941888619856,0.43069557561082983,0.452590799031477,0.21405018710103457,0.06678406339423289,-0.1788994056790667,-0.1458617653532908,-0.1745630640545895,0.06771516618974247,0.19749064494827206,-0.05731675104556461,-0.013000220118864187,-0.24325335681267884,-0.2637023992956196,0.41305745102355274,0.3296235967422408,-0.262590799031477,-0.0929407880255338,-0.15356812678846576,-0.13651111600264143,0.21606867708562624,0.2387805414924059,-0.23977547875852961,-0.09213075060532688,-0.2536165529385868,-0.1464076601364737,0.00585956416464891,0.10472375082544574,0.03289016068677086,-0.03235086946951354,0.18455646048866386,0.013664979088707903,-0.030055029716046667,-0.16731234866828087,-0.18784063394232886,-0.1555183799251596,-0.1525181598062954,0.2982390490865067,-0.019542152762491747,-0.1326832489544354,0.06194144838212635,-0.02406119304424389,-0.06372000880475456,-0.29090028615452346,-0.2151353731014748,0.28360994937266126,0.11836671802773498,0.5263856482500551,0.5374356152322254,-0.0006999779881135814,0.4975478758529606,0.4740832049306626,-0.031166629980189303,0.18412502751485801,0.34563944530046226,0.29739379264802995,0.4076227162667841,-0.01338102575390711,-0.23963460268545014,-0.17179837112040502,-0.33871890821043366
#13,0.26593220338983053,0.07304424389170151,0.4510279550957517,1.0,-0.17174554259300023,0.19045784723750825,0.18128769535549197,-0.09433414043583535,-0.012139555359894343,0.40820823244552057,0.06959938366718028,-0.0024675324675324677,0.0387079022672243,0.18873651771956856,-0.3176205150781422,-0.15957737178076162,0.4521439577371781,0.0776931543033238,0.06613911512216597,-0.01630640545894783,-0.1845476557340964,0.08221219458507593,0.044968082764692933,0.14668941228263263,0.14123706801672903,0.2844970283953335,0.25506493506493505,0.473827867048206,0.1394981289896544,0.28743121285494166,0.10356152322254017,0.3580563504292318,0.36181157825225624,0.24355712084525644,0.36610609729253796,0.11332159366057672,0.10844816200748404,0.27016508914813997,0.2676359233986353,0.25176975566806076,0.395478758529606,0.07977767994717147,-0.058925819942769096,0.03523222540171693,-0.13523222540171692,-0.0438564825005503,0.47467312348668284,0.33909971384547655,0.17256658595641647,0.19455646048866387,0.06723530706581554,0.015208012326656395,0.2321153422848338,0.036257979308826765,0.058868589038080565,-0.0006471494607087827,-0.07692934184459609,0.13608628659476116,0.01460048426150121,-0.04296059872331059,-0.07138014527845037,-0.08778560422628219,0.07412282632621615,0.21466431873211533,0.24893022232005282,-0.0024609289016068675,-0.016726832489544353,-0.10659696235967422,-0.08432753686990975,0.03242350869469514,-0.07213955535989434,-0.05991195245432534,-0.10918335901386748,0.14079242791107197,-0.20881796169931763,-0.28267884657715164,-0.02955095751705921,-0.06392692053709002,-0.13594981289896543,0.10703720008804754,0.11574510235527184,0.0637970504072199,0.16338542813119084,-0.2755976227162668,0.04210433634162448,-0.1736979969183359,-0.15840633942328858,-0.12604226282192385,0.2678626458287475,-0.05073739819502531,0.11798811358133392,-0.06595421527624917,-0.1825379705040722,-0.09183359013867488,-0.15141096191943648,-0.002487343165309267,0.07268765133171913,0.34296279991195244,0.4573629760070438,0.015584415584415584,0.14480079242791108,0.23346687211093992,0.16248073959938367,0.27815760510675763,0.35735637244111823,0.38146599163548317,0.17224961479198767,-0.07478758529605987,-0.2976909531146819,-0.06709883337001982,-0.11399735857362976
#17,0.25560422628219237,0.2507814219678626,-0.06610829848117984,-0.17174554259300023,1.0,0.07554259300022012,-0.09626458287475237,0.16049966982170372,0.20060312568787145,0.06755888179616994,0.21784723750825447,0.16561523222540173,-0.01799031476997579,0.04543913713405239,-0.13478758529605986,-0.12591459388069556,-0.14826546335020913,-0.09517939687431212,-0.12857142857142856,0.08527845036319613,-0.3076601364736958,-0.15800132071318512,-0.04006383447061413,-0.1480871670702179,-0.08687431212854942,-0.15892361875412722,-0.3900572309046885,-0.35231785163988555,0.25335901386748844,0.2236715826546335,0.23135373101474796,-0.013330398415144178,-0.026352630420427032,0.036350429231785164,0.1783447061413163,0.08206471494607087,-0.011421967862645828,0.044272507153863085,-0.18917235307065816,-0.12757649130530485,0.01604886638784944,0.19332159366057672,0.12366938146599163,-0.03413603345806736,-0.10162447721769756,0.03640545894783183,-0.19189742460928902,-0.13968743121285493,-0.1995575610829848,-0.15292537970504072,-0.055174994497028396,-0.13967862645828746,-0.1528747523662778,-0.24611710323574731,-0.2599603786044464,-0.18418886198547216,-0.14025313669381467,0.07265463350209113,-0.053849878934624694,-0.17195025313669382,0.1727294739159146,0.03917455425930002,0.25056570548095974,0.16292537970504073,-0.2579616993176315,-0.15298921417565486,0.0150099053488884,0.17331499009465112,0.16502091129209773,0.2692053709002862,0.009861325115562404,0.03799471714725952,0.1382808716707022,-0.012390490865067137,0.12989874532247414,0.18701298701298702,0.2769557561082985,0.046938146599163545,-0.029115122165969624,0.10194144838212635,0.17077041602465332,0.2748602245212415,-0.14029936165529386,-0.012824125027514857,0.46512436715826544,0.10558441558441559,0.02314109619194365,0.17052828527404798,0.15930002201188642,0.18403697996918336,0.19484701738939028,-0.028622055910191502,0.1682808716707022,-0.045874972485141975,0.06256658595641647,0.002379484921857803,-0.008395333480079243,-0.04084525643847678,-0.03338102575390711,-0.00461369139335241,-0.10675764913053049,0.09084525643847678,0.01604226282192384,0.051620074840413824,-0.11070217917675544,-0.037206691613471274,-0.15202069117323355,0.20031917235307065,0.16063394232885758,0.10374642306845697,0.09664758969843716
#18,-0.003779440898084966,0.15955095751705922,0.2913911512216597,0.19045784723750825,0.07554259300022012,1.0,0.2723332599603786,0.13995817741580455,-0.013266563944530047,0.3331234866828087,0.15813339203169713,0.3561104996698217,0.4865771516618974,0.15825225621835792,-0.1830728593440458,-0.4626128109178957,0.2510521681708122,0.43338542813119085,-0.28323354611490204,-0.20292317851639885,-0.11012326656394453,-0.3848580233325996,0.29370239929561964,0.12008144397974907,0.06446401056570548,0.19875852960598722,0.20711864406779662,0.15812898965441338,0.09623376623376623,0.011210653753026635,0.30325775918996256,0.20801452784503632,0.39634602685450143,0.12837552278230244,0.021342725071538633,-0.08602465331278891,-0.14929782082324455,-0.059214175654853624,0.0025709883337001983,-0.18231124807395993,-0.023605546995377504,-0.1306141316310808,0.18325335681267885,-0.29337882456526526,0.09775038520801232,-0.16734316530926702,0.28315650451243674,0.10778340303764032,0.08193044243891702,-0.09183138895003302,0.12713845476557342,0.10262821923838873,0.06584635703279772,-0.21054589478318292,-0.16561523222540173,-0.38220559101915036,-0.047966101694915254,-0.22545014307726172,0.06881135813339204,0.23516839093110278,-0.07337662337662337,-0.05030156284393573,0.04863966541932643,-0.05364076601364737,0.02328417345366498,0.07486242570988334,0.22023332599603787,-0.028386528725511777,-0.2781818181818182,-0.0845146379044684,0.14394453004622496,-0.026491305304864626,-0.006224961479198768,-0.14945630640545896,-0.12979088707902267,-0.1024521241470394,-0.016687211093990757,-0.05559322033898305,0.16190182698657274,0.1135130970724191,0.30522342064714947,0.48943649570768216,0.19955535989434295,0.30345586616773057,0.2330508474576271,-0.022093330398415142,-0.04819722650231125,0.3295267444419987,-0.06357693154303323,0.2587167070217918,0.060438036539731455,0.0976007043803654,0.20976007043803654,-0.08433634162447722,0.04097732775698877,0.2420559101915034,-0.19592339863526304,0.34578252256218356,0.21841074180057232,0.37678406339423287,0.1138102575390711,0.4927294739159146,0.306649790887079,0.10666740039621396,0.3026062073519701,0.2507153863086066,0.2130002201188642,-0.06604666519920757,-0.12648470173893903,-0.02489984591679507,0.015221219458507594
#26,0.20274047985912394,0.4285538190622936,-0.05186220559101915,0.18128769535549197,-0.09626458287475237,0.2723332599603786,1.0,0.25234866828087166,0.42484481620074843,0.3375566806075281,0.17660356592559984,0.17412282632621615,0.4047985912392692,0.16445300462249615,0.15918115782522563,-0.1472573189522342,0.2584745762711864,-0.00974686330618534,0.026964560862865947,-0.13902047105436935,0.05487563284173454,-0.2407175874972485,-0.013563724411182039,-0.1535989434294519,0.041532027294739156,0.0036473695795729696,0.03456746643187321,0.07064714946070878,0.02180497468633062,-0.117805414924059,-0.054946070878274265,0.09510015408320494,0.14169711644287916,0.14709663218137795,0.16311027955095753,0.0898481179837112,0.24884437596302003,0.03869029275808937,-0.04730134272507154,-0.10068677085626238,0.019418886198547217,-0.04818622055910191,-0.16649790887079022,0.09850319172353071,-0.04904248294078802,0.013728813559322034,0.21684569667620515,0.08537090028615453,0.18299801893022233,-0.022848338102575392,-0.19865727492846136,-0.13881576051067576,-0.016634382566585955,-0.1361237068016729,-0.10158925819942768,-0.08910851860004403,-0.016128109178956636,-0.04730574510235527,-0.07060092449922958,-0.11127668941228264,-0.09169271406559543,-0.11911512216596962,0.2173497688751926,0.21717587497248514,0.05435615232225402,-0.20147479639005061,0.3001386748844376,0.3791525423728814,0.10426150121065375,0.00774158045344486,0.17021571648690292,0.09618534008364517,-0.016086286594761173,0.1395509575170592,-0.0424719348448162,-0.054699537750385205,-0.10633722209993396,-0.14637684349548757,-0.08105877173673784,0.002447721769755668,-0.07357473035439137,0.10501210653753026,0.12095091349328638,0.09346467092229804,0.12586396654193263,-0.16113801452784504,-0.10155844155844156,-0.008184019370460049,-0.2539489324235087,0.04503852080123267,-0.0037486242570988334,-0.051091789566365835,-0.08347567686550737,-0.20364957076821483,-0.07606427470834251,0.0150033017829628,-0.08804754567466432,0.0020911292097732775,0.07664979088707902,0.06734096412062514,-0.058511996478098176,0.08342504952674444,0.06610389610389611,0.19999779881135812,0.158102575390711,0.1651882016288796,-0.035804534448602245,-0.07789786484701738,-0.20707462029495927,0.07724851419766673,0.0076579352850539295
#49,0.4658221439577372,0.19186880915694476,-0.011338322694254898,-0.09433414043583535,0.16049966982170372,0.13995817741580455,0.25234866828087166,1.0,0.49707682148360116,0.24943429451904028,0.3149482720669161,0.2553070658155404,0.2639555359894343,0.050585516178736516,0.14862645828747523,-0.0748448162007484,-0.048408540611930444,-0.13519920757208892,0.14014747963900506,-0.06716266784063395,0.07827426810477658,-0.05915254237288135,-0.06444199867928682,-0.2294012766894123,0.08396654193264362,-0.06336341624477218,-0.24957296940347787,-0.20470394012766893,0.23206471494607087,0.04152762491745542,-0.08432093330398416,0.08333480079242792,-0.12856482500550298,0.06625137574290117,0.24660796830288356,-0.03802553378824565,0.07463130090248735,0.12118423948932423,0.010312568787145059,-0.1277988113581334,-0.16959498128989656,0.25113581333920315,-0.05950913493286375,0.08204050187101035,-0.18589918556020252,0.037985912392692056,-0.1490777019590579,-0.1864670922298041,-0.0974488223640766,0.004734756768655074,-0.2805238828967643,-0.14256658595641647,-0.036746643187321154,-0.09369139335241031,-0.012905569007263923,0.12296940347787805,-0.08154963680387409,0.03423728813559322,-0.22666299801893022,-0.3048206031256879,-0.14206911732335462,-0.17304424389170153,0.19121725731895223,0.07858463570327977,-0.05686550737398195,-0.06414483821263482,-0.002830728593440458,0.06263482280431433,0.22991635483160908,-0.0837772397094431,0.1972903367818622,0.26976227162667843,0.3233370019810698,0.08107418005723091,0.20139335241030157,0.04912832929782082,-0.14812898965441337,-0.14072198987453224,-0.15092670041822584,0.025740699977988113,0.02298481179837112,0.0436253576931543,0.03172573189522342,0.1033942328857583,0.2960444640105657,-0.1338168611049967,-0.21489324235086946,-0.15022011886418665,-0.030061633281972266,-0.17635703279771076,-0.18912172573189523,-0.16929121725731897,-0.23028835571208453,-0.18723090468853182,-0.10558441558441559,-0.19682808716707023,-0.07458727712965,-0.14182258419546556,-0.24197226502311248,-0.1075016508914814,-0.11849658815760511,-0.17164208672683248,-0.037946290997138456,0.01486022452124147,-0.10322474136033458,-0.005293858683689192,-0.22212414703940128,-0.12774158045344486,-0.17600704380365398,-0.0437640325775919,-0.09944309927360775
#50,0.3053026634382567,0.3756548536209553,-0.06857142857142857,-0.012139555359894343,0.20060312568787145,-0.013266563944530047,0.42484481620074843,0.49707682148360116,1.0,0.37950913493286376,0.2576931543033238,0.004191063174114022,0.10745322474136033,0.24842174774378165,0.17895443539511335,-0.04381465991635483,0.04077041602465331,-0.2645608628659476,0.012220999339643407,-0.029601584855822143,0.04744441998679287,-0.11739819502531366,-0.219933964340744,-0.3586330618534008,-0.10419766674003962,-0.1620977327756989,-0.21586836891921637,0.017999119524543254,0.16154743561523222,0.03515958617653533,-0.16264582874752367,0.11727272727272728,-0.12773057451023553,0.13799471714725953,0.21581333920316972,0.02582874752366278,0.23760290556900726,0.14918556020250937,0.037653532907770196,-0.09804314329738059,-0.02009024873431653,0.15533127889060092,-0.11036319612590799,0.007266123706801673,-0.17886418666079684,-0.012987012987012988,0.13043143297380586,0.08540171692714066,0.11925819942769095,0.23038080563504293,-0.2797512656834691,-0.2004820603125688,-0.011058771736737838,-0.1839753466872111,-0.1585163988553819,0.09825445740699978,-0.11671362535769315,0.1464076601364737,-0.17024653312788907,-0.4801738939027075,-0.05486022452124147,-0.1049966982170372,0.3692824125027515,0.22919876733436056,-0.011151221659696236,-0.05603345806735637,0.037607307946290996,0.04067136253576931,0.2803499889940568,0.14346907329958178,0.019608188421747743,0.16101254677525864,0.045696676205150784,0.1367114241690513,0.08823904908650672,-0.03262161567246313,-0.11567906669601585,-0.15509795289456307,-0.2511512216596962,-0.05216376843495488,-0.18010785824345146,-0.019115122165969625,-0.09799471714725952,-0.17501430772617213,0.11203830068236847,-0.07768214836011446,-0.0877790006603566,-0.2735461149020471,-0.1998084965881576,-0.24420647149460709,-0.21942108738718907,-0.13374642306845697,-0.374686330618534,-0.12075060532687651,-0.0287871450583315,-0.2760774818401937,0.02019590578912613,-0.09390050627338763,-0.01090248734316531,-0.04095311468192824,-0.2723244552058111,-0.25355712084525645,-0.2568016729033678,0.13830948712304644,-0.12064494827206691,0.102128549416685,-0.365857362976007,-0.022403697996918336,-0.022379484921857803,0.04950913493286375,0.015546995377503852
#51,0.3325093550517279,0.36862645828747526,0.5325115562403698,0.40820823244552057,0.06755888179616994,0.3331234866828087,0.3375566806075281,0.24943429451904028,0.37950913493286376,1.0,0.3983425049526744,0.07589258199427691,0.1293418445960819,0.2362029495927801,-0.11737398195025314,-0.2182324455205811,0.5165045124367158,0.1123332599603786,-0.044340744001760954,-0.11702179176755448,-0.008925819942769095,-0.10111820383006824,0.14438476777459827,0.03635923398635263,0.057019590578912614,0.12739819502531366,0.1641800572309047,0.29655513977547876,0.049735857362976005,-0.1016024653312789,0.02120184899845917,0.09097952894563065,0.07721329517939687,0.23946070878274267,0.27788025533788246,-0.04691833590138675,-0.017169271406559543,0.09905569007263923,0.12374202069117324,-0.013411842394893242,-0.038434954875632844,-0.22440677966101694,-0.18558661677305746,-0.11871670702179177,0.039572969403477876,-0.12786044464010565,0.32784723750825445,0.19818401937046004,0.2411270085846357,0.17719568567026195,0.003979749064494827,0.1363746423068457,0.199438696896324,0.0362557781201849,-0.13497468633061854,-0.0787211093990755,-0.058272066916134714,-0.025192604006163327,-0.10003742020691173,-0.1455183799251596,0.008586836891921638,-0.04332819722650231,-0.07854721549636803,-0.08835351089588378,0.21470173893902708,0.054935064935064934,-0.15552498349108518,-0.003112480739599384,-0.11657715166189743,-0.10803653973145498,0.14604886638784945,0.30348007924279113,-0.12342504952674445,0.1027162667840634,-0.11511116002641426,-0.06332379484921857,0.02506053268765133,0.014578472375082545,0.03255998239049086,-0.08237508254457407,0.05191943649570768,0.03837552278230244,0.08156724631300903,-0.10879154743561523,-0.0008958837772397094,-0.16344926260180498,-0.0840215716486903,0.10219678626458288,-0.13351529826106098,-0.09572529165749505,0.03819722650231125,-0.0072969403477878055,-0.06004402377283733,-0.2793242350869469,-0.1151749944970284,0.05298921417565485,0.08451683909311028,0.15659476117103235,0.26724631300902485,-0.07356152322254017,0.07903147699757869,0.16557781201848998,-0.030237728373321594,0.0589588377723971,0.2872727272727273,0.2513889500330178,0.034545454545454546,0.04648690292758089,-0.09890380805635043,-0.02996257979308827,-0.17346687211093992
#52,0.33015628439357253,0.2648051948051948,0.0552080123266564,0.06959938366718028,0.21784723750825447,0.15813339203169713,0.17660356592559984,0.3149482720669161,0.2576931543033238,0.3983425049526744,1.0,0.3111732335461149,0.11213735417125248,0.14433193924719348,-0.10950253136693815,-0.1923134492626018,0.03454985692273828,-0.029035879374862426,-0.016387849438696898,-0.17079903147699757,-0.2023464670922298,-0.10464891041162228,-0.07051507814219679,-0.06859123926920536,-0.04707462029495928,-0.004884437596302003,-0.28840193704600486,-0.08528065155183799,0.08673123486682809,0.06434954875632842,-0.03319832709663218,0.18259079903147699,-0.07829187761391151,0.34202729473915916,0.05432313449262602,0.12667400396213954,-0.05771076381245873,0.2254193264362756,0.025458947831829188,0.11463790446841295,0.03814439797490645,0.010297160466651993,-0.05048426150121065,-0.04043803653973146,-0.22958837772397095,-0.16104556460488664,-0.05600044023772837,0.005701078582434515,-0.003830068236847898,0.03863966541932644,0.014435395113361215,-0.13360334580673563,-0.13709663218137794,-0.16239709443099273,-0.2599603786044464,-0.06107858243451464,-0.060017609509134935,-0.06382126348228043,-0.11666299801893022,-0.20109839313229144,0.08745102355271847,0.019755668060752806,0.1834998899405679,0.1744089808496588,-0.21673123486682808,-0.09107197886858903,-0.025826546335020913,0.049678626458287474,-0.029242791107197887,0.09219018269865728,0.06329958177415805,0.09218578032137355,0.11742020691173234,0.10394453004622496,-0.020920096852300243,0.02384107418005723,0.10717807616112701,0.08374202069117323,-0.21438696896324014,0.011155624036979969,0.0012524763372220998,0.09915914593880695,0.2322143957737178,-0.0009068897204490425,0.1972639225181598,0.0790380805635043,0.031769755668060756,0.007999119524543253,-0.009165749504732555,-0.07134712744882236,-0.10890380805635043,-0.062322254017169273,-0.20230904688531806,0.003805855161787365,0.006709222980409421,-0.1439159145938807,0.1891965661457187,-0.03666519920757209,-0.03590358793748624,0.13678406339423288,-0.021307506053268765,0.10336781862205591,-0.08372220999339644,0.060763812458727716,0.09056570548095971,0.07970724191063173,-0.05025313669381466,0.03526964560862866,-0.09246973365617434,0.13507814219678627,0.027063614351749945
#53,0.12262161567246313,0.03053268765133172,-0.17226502311248074,-0.0024675324675324677,0.16561523222540173,0.3561104996698217,0.17412282632621615,0.2553070658155404,0.004191063174114022,0.07589258199427691,0.3111732335461149,1.0,0.3787057010785824,0.26424829407880257,0.08034558661677306,-0.4194122826326216,-0.006999779881135813,-0.18249614791987673,-0.25574510235527187,-0.04323134492626018,-0.021287695355491965,-0.12463350209112921,-0.17395773717807617,-0.14460708782742682,-0.05639225181598063,0.14351529826106096,-0.3828483381025754,-0.15273387629319832,0.09877834030376403,0.30908210433634165,-0.09449482720669161,0.20014968082764692,0.1406977767994717,0.15442218798151003,0.0963416244772177,-0.009691833590138674,0.11922077922077923,0.09674664318732115,-0.13056130310367597,0.022559982390490865,0.13443099273607748,-0.038619854721549635,0.17683469073299582,0.08420867268324896,-0.11217037200088048,0.0018930222320052829,-0.00023552718467972705,-0.08575830948712304,-0.07691833590138675,-0.15899625797930883,-0.264191063174114,-0.4254105216817081,-0.40920537090028614,-0.3950099053488884,-0.21679066696015847,-0.07242791107197886,0.026806075280651553,0.07832489544353952,-0.09805855161787365,-0.1428087167070218,0.013869689632401497,0.006026854501430773,0.48771736737838434,0.31030596522121945,-0.47371560642747085,-0.42763152102135155,0.15951133612150561,-0.009053488883997358,0.15079242791107197,0.10241030156284393,0.055830948712304644,-0.1247721769755668,0.365049526744442,-0.11408980849658816,0.2692868148800352,0.05941008144397975,0.09017609509134933,-0.08360774818401936,-0.030180497468633063,0.13706581554039182,0.24978648470173895,0.4302179176755448,0.37511776359233984,0.28029275808936827,0.64768875192604,0.054899845916795066,0.05421307506053269,0.11770416024653313,0.07061413163108078,0.38927360774818404,-0.06302003081664098,0.13432753686990975,0.1389588377723971,0.027167070217917675,0.14969183359013868,-0.12935945410521682,0.07128329297820823,-0.1877988113581334,-0.2725467752586397,0.16604886638784944,-0.32210653753026636,0.006962359674224081,0.20173453664979088,0.053693594541052166,0.24586176535329077,0.015201408760730794,-0.23027514858023332,0.04545894783182919,0.03247413603345807,0.08698217037200089,0.13327756988773937
#54,-0.07336781862205591,-0.048994056790666964,-0.12357032797710764,0.0387079022672243,-0.01799031476997579,0.4865771516618974,0.4047985912392692,0.2639555359894343,0.10745322474136033,0.1293418445960819,0.11213735417125248,0.3787057010785824,1.0,0.12285274047985913,-0.025357693154303324,-0.3842394893242351,0.0686352630420427,0.19909971384547656,-0.37035879374862424,-0.22434294519040282,0.027567686550737398,-0.5288795949812899,0.14304204270305965,-0.015038520801232665,-0.040132071318512,0.02965661457186881,0.02526304204270306,-0.1283909311027955,0.09945410521681708,-0.03502531366938147,0.25448602245212415,0.02181598062953995,0.10286154523442659,0.034494827206691614,-0.021371340523882898,-0.043733215936605764,-0.12920537090028617,-0.03916354831609069,-0.1788994056790667,-0.18545674664318731,-0.21942328857583096,-0.08169271406559542,0.08784063394232886,-0.044686330618534005,0.04295179396874312,-0.1968611049966982,0.047246313009024876,-0.15189522342064715,0.19502531366938147,-0.25910631741140216,-0.06959718247853841,-0.10648029936165529,-0.11740699977988113,-0.26460488663878495,-0.1397424609289016,-0.3286946951353731,0.25698877393792646,-0.11249614791987674,0.018492185780321375,-0.0013317191283292978,0.006731234866828087,0.032720669161347124,0.15840633942328858,0.09469073299581775,-0.15920757208892802,-0.2463878494386969,0.25608188421747746,0.19006383447061412,-0.09677745982830728,0.0004974686330618534,0.15478538410741802,-0.04775038520801233,0.11784283513097073,-0.02723530706581554,0.14030596522121946,0.14587057010785826,-0.011113801452784504,0.006238168611049967,0.08780321373541712,-0.01486682808716707,-0.01815100154083205,0.14813119084305526,0.40211754347347567,0.3161325115562404,0.337607307946291,0.07929121725731895,0.11340744001760951,0.14266563944530047,-0.1269029275808937,0.28196125907990316,0.05080563504292318,0.10903587937486242,0.04680607528065155,0.0935329077701959,0.12764913053048646,0.27996257979308825,-0.18345366497908872,-0.0784701738939027,-0.26248734316530925,0.015124367158265463,-0.18059652212194585,0.2746092890160687,0.29913273167510457,0.019317631521021353,-0.05848558221439577,-0.0032401496808276468,-0.11320713185119964,0.03104556460488664,0.043548316090688974,0.12390931102795509,0.0734866828087167
#58,0.216007043803654,0.22545454545454546,0.007935285053929122,0.18873651771956856,0.04543913713405239,0.15825225621835792,0.16445300462249615,0.050585516178736516,0.24842174774378165,0.2362029495927801,0.14433193924719348,0.26424829407880257,0.12285274047985913,1.0,0.05252916574950473,-0.05615892581994277,0.10863746423068457,0.017180277349768874,0.013988553819062294,0.0801386748844376,-0.1575544794188862,-0.046643187321153426,-0.11947611710323575,-0.15168831168831168,-0.14709663218137795,0.004342945190402818,-0.1164604886638785,0.0038652872551177635,0.052392692053709,0.1399537750385208,-0.09034998899405679,-0.061259079903147697,-0.057362976007043806,0.016770856262381686,0.16190182698657274,0.00663878494386969,-0.012819722650231125,0.10730354391371341,-0.02610609729253797,-0.05294959278010126,0.16758969843715607,0.019495927801012548,0.008615452344265903,0.09270085846357033,-0.13885538190622937,-0.11189302223200528,0.20001540832049305,0.03743781642086727,0.11760950913493286,-0.03205150781421968,0.06104996698217037,-0.1298084965881576,-0.20240369799691835,-0.2276469293418446,-0.38094651111600264,0.003299581774158045,-0.15827426810477657,-0.04444860224521242,-0.032300242130750605,-0.3153642967202289,0.02705480959718248,-0.03633942328857583,0.157475236627779,0.2098811358133392,-0.12554919656614572,-0.12065375302663438,0.18844816200748404,-0.0836781862205591,0.13743781642086728,0.15567906669601586,0.11101474796390051,-0.03823024433193925,-0.05554259300022012,-0.00950033017829628,-0.0873299581774158,-0.14465771516618975,-0.006200748404138235,-0.02573629760070438,-0.08851860004402377,0.1914439797490645,0.03978648470173894,0.19313889500330178,0.21521901826986573,-0.04604886638784944,0.11434294519040282,0.10911292097732776,0.019843715606427472,-0.06773057451023552,-0.06531807175874972,0.07801893022232005,-0.20093330398415143,0.06453224741360335,-0.14538190622936387,0.04476997578692494,-0.02957076821483601,-0.215478758529606,0.20027294739159146,0.09048866387849439,0.07547655734096412,0.1324323134492626,-0.09618093770636144,0.038866387849438695,-0.09054809597182478,-0.016286594761171034,-0.03570327977107638,0.0888267664538851,-0.14343165309267003,0.06306405458947832,-0.045478758529605985,0.07887519260400616,-0.002769095311468193
#101,-0.3211336121505613,0.10327977107638124,-0.29938586836891923,-0.3176205150781422,-0.13478758529605986,-0.1830728593440458,0.15918115782522563,0.14862645828747523,0.17895443539511335,-0.11737398195025314,-0.10950253136693815,0.08034558661677306,-0.025357693154303324,0.05252916574950473,1.0,0.33411622276029057,-0.08468853180717588,-0.1821483601144618,0.2855558001320713,0.14516398855381907,0.3911160026414264,0.16130970724191063,-0.08021351529826107,-0.12048206031256879,0.029892141756548536,-0.10167510455646049,-0.19821703720008804,-0.0988003521901827,0.17366718027734976,0.025930002201188643,-0.35674664318732113,-0.0912987012987013,-0.1839753466872111,-0.02645828747523663,0.02908650671362536,-0.1010609729253797,0.25662777900066036,-0.00087607307946291,0.018302883557120845,0.0909751265683469,-0.042599603786044465,-0.19484921857803214,0.06444640105657055,0.19332819722650232,-0.03461149020471054,0.26939687431212855,-0.03936385648250055,-0.08290556900726392,-0.19076821483601145,0.01607307946290997,-0.36420867268324897,-0.11629980189302223,-0.11380145278450363,-0.0711798371120405,0.013845476557340964,0.1812920977327757,-0.18441118203830068,0.07397534668721109,-0.26743121285494165,-0.2190380805635043,-0.40391811578252257,-0.39082764692934185,0.23602025093550516,0.22839313229143737,-0.06644067796610169,-0.031690512876953555,0.09641206251375743,-0.04205150781421968,0.49877613911512214,0.1601915034118424,0.24410521681708122,0.25242350869469515,0.23283733215936606,0.04838212634822804,0.1993022232005283,-0.17076161127008585,-0.35585075941008143,-0.4144618093770636,0.16428791547435614,0.1531366938146599,0.11120845256438477,-0.16489324235086947,0.0413185119964781,0.06430332379484922,0.02081664098613251,-0.29186220559101916,-0.2729451904028175,-0.17913273167510455,-0.08578692493946731,0.005300462249614792,-0.09170151882016289,-0.26508034338542813,-0.07011446180937707,-0.19112260620735197,-0.1870856262381686,-0.17191503411842396,0.0714109619194365,-0.3298635263042043,-0.32416905128769535,-0.07955315870570108,-0.32980409421087387,-0.3349548756328417,-0.06959718247853841,-0.14323794849218577,-0.02708562623816861,-0.0959586176535329,-0.2354061193044244,-0.3766784063394233,-0.17012106537530267,-0.2905348888399736,-0.13329738058551618
#102,-0.01735197006383447,0.23573409641206253,0.015709883337001983,-0.15957737178076162,-0.12591459388069556,-0.4626128109178957,-0.1472573189522342,-0.0748448162007484,-0.04381465991635483,-0.2182324455205811,-0.1923134492626018,-0.4194122826326216,-0.3842394893242351,-0.05615892581994277,0.33411622276029057,1.0,-0.034930662557781204,-0.01938806955756108,0.6363350209112921,0.3000506273387629,0.1264142637023993,0.572623816861105,-0.04980629539951574,0.01073959938366718,-0.05439357252916575,-0.055802333259960375,-0.26232445520581116,-0.25496588157605105,0.005954215276249174,-0.04903587937486242,-0.0739951573849879,-0.22245432533568127,-0.20261501210653754,-0.2223398635263042,-0.24593660576711424,-0.03563284173453665,-0.0872639225181598,-0.16775038520801233,0.028965441338322694,0.015104556460488664,-0.0017455425930002202,0.0450561303103676,-0.12692053709002862,0.3045014307726172,-0.16964780981730135,0.23231124807395995,-0.30720889280211316,-0.27152982610609727,-0.28010345586616775,-0.015005502971604667,0.01049306625577812,0.19665859564164648,0.09880475456746643,0.4183491085186,0.06650231124807396,0.30008144397974906,-0.38498569227382784,-0.23723970944309927,-0.1736253576931543,-0.18004842615012107,-0.0560906889720449,-0.0715694475016509,-0.3325093550517279,-0.006744441998679287,-0.01780541492405899,0.10322033898305084,-0.04213515298261061,0.0837970504072199,0.2960928901606868,0.03968302883557121,0.2030464450803434,0.09501430772617213,-0.17022232005282853,0.09782962799911953,-0.23210873871890822,-0.1886418666079683,-0.2185163988553819,-0.10663878494386969,0.21720228923618753,0.36142857142857143,0.027959498128989655,-0.37504512436715826,-0.26219678626458287,-0.07130310367598504,-0.4159366057671142,-0.07887519260400616,-0.15623376623376622,-0.1764538850979529,0.005698877393792648,-0.2847611710323575,0.01436715826546335,-0.3921747743781642,-0.26261501210653754,-0.0963482280431433,-0.2704094210873872,0.07745982830728594,0.261782962799912,-0.05401056570548096,-0.05439577371780761,-0.2628307285934405,0.13440898084965883,-0.1459652212194585,-0.08434734756768655,-0.10157605106757649,-0.25553819062293637,-0.14924058991855602,0.059115122165969626,-0.1352608408540612,-0.044422187981510014,-0.06449922958397535,-0.12564604886638786
#201,0.10466211754347347,0.2569821703720009,0.5605855161787365,0.4521439577371781,-0.14826546335020913,0.2510521681708122,0.2584745762711864,-0.048408540611930444,0.04077041602465331,0.5165045124367158,0.03454985692273828,-0.006999779881135813,0.0686352630420427,0.10863746423068457,-0.08468853180717588,-0.034930662557781204,1.0,0.41900726392251814,0.09121505613031036,-0.020457847237508254,0.052055910191503414,0.032920977327756985,0.25650891481399957,0.09939467312348668,0.14559101915034117,0.20885538190622938,0.29599603786044465,0.2964340744001761,0.012925379705040723,0.002126348228043143,0.14049306625577812,0.17144838212634822,0.3784239489324235,0.18140876073079462,0.16839093110279552,0.0962491745542593,0.011976667400396214,0.07365617433414044,0.16009024873431654,0.013204930662557781,0.0005480959718247854,-0.1515430332379485,-0.26744001760950914,-0.04338542813119084,0.31828747523662776,-0.10606867708562624,0.3541690512876954,0.23996918335901388,0.23559542152762492,0.06499229583975347,0.2223002421307506,0.2719502531366938,0.3239291217257319,0.1095509575170592,0.02023992956196346,-0.09756548536209553,-0.15161347127448824,-0.2215826546335021,-0.05989654413383227,0.11430992736077482,-0.11511116002641426,-0.05335241030156285,-0.15885097952894564,-0.1540942108738719,0.32710323574730354,0.05025533788245653,-0.187607307946291,-0.017376183138895003,0.04426810477657935,0.016478098173013427,0.37395113361215054,0.22014747963900505,-0.20399955976227163,-0.08729914153642968,-0.3067422408100374,-0.32144838212634824,-0.05724851419766674,-0.04273827867048206,0.22391151221659697,0.06984811798371121,-0.046381245872771294,0.21837772397094432,0.18799471714725952,-0.2964296720228924,-0.11732335461149021,-0.2236187541272287,-0.12549416685009906,0.12504072198987454,-0.1610807836231565,-0.12357693154303324,0.03871890821043363,-0.041283292978208236,0.07189302223200528,-0.2687475236627779,-0.18821043363416246,0.3268677085626238,0.14667400396213956,0.3699229583975347,0.477904468412943,0.12469953775038521,0.28373981950253135,0.3897754787585296,0.11393352410301563,0.2679903147699758,0.4868897204490425,0.4759608188421748,0.3670041822584195,-0.07598503191723531,-0.29037200088047543,-0.15802773497688752,-0.25546114902047107
