,#10,#11,#12,#13,#17,#18,#26,#49,#50,#51,#52,#53,#54,#58,#101,#102,#201,#202,#301,#302,#401,#402,#501,#502,#601,#602,#701,#702,#801,#802,#901,#902,#1001,#1002,#1101,#1102,#1201,#1202,#1301,#1302,#1401,#1402,#1501,#1502,#1601,#1602,#1701,#1702,#1801,#1802,#1901,#1902,#2001,#2002,#2101,#2102,#2201,#2202,#2301,#2302,#2401,#2402,#2501,#2502,#2601,#2602,#2701,#2702,#2801,#2802,#2901,#2902,#3001,#3002,#3101,#3102,#3201,#3202,#3301,#3302,#3401,#3402,#3455,#3501,#3502,#3601,#3602,#3701,#3702,#3801,#3802,#3901,#3902,#4001,#4002,#4101,#4102,#4201,#4202,#4301,#4302,#4401,#4402,#4501,#4502,#4601,#4602,#4701,#4702,#4801,#4802
#10,1.0,0.37952014087607305,0.5339599383667181,0.5783601144618093,0.1674818401937046,0.14760510675764912,0.47065595421527623,0.8155580013207132,0.33141316310807833,0.6395487563284173,0.5201518820162888,0.20201628879594982,0.19515078142196787,-0.037613911512216595,-0.11710763812458727,-0.2320691173233546,0.47812898965441336,-0.19795289456306406,-0.17252696456086286,-0.22296940347787805,-0.11653532907770196,-0.08195245432533568,0.12491305304864626,-0.03442218798151001,0.0011600264142637023,-0.254323134492626,-0.282458727712965,-0.4237112040501871,-0.08474136033458067,-0.4344486022452124,-0.021774158045344487,-0.06764913053048646,-0.10556900726392252,-0.3303896103896104,-0.3132313449262602,-0.4211666299801893,-0.40453885097952896,-0.40832709663218136,-0.30724851419766674,-0.4624895443539511,0.08605987233105877,-0.40920537090028614,-0.24090028615452344,-0.3722562183579133,-0.04070878274268105,-0.21763372220999339,-0.33850759410081444,-0.37161787365177196,-0.3530596522121946,-0.3785450143077262,-0.030046224961479198,-0.25176975566806076,-0.12863086066475898,0.04722650231124807,0.1421175434734757,0.072128549416685,-0.2212722870349989,-0.05252256218357913,-0.18243011226062072,-0.3391437376183139,0.3516046665199208,0.11834470614131631,-0.2697270526084085,-0.25661897424609287,-0.079702839533348,-0.01941448382126348,-0.15120405018710104,0.0037882456526524325,0.01713845476557341,-0.14362976007043804,0.3886814880035219,-0.020378604446401057,0.1983248954435395,0.11965441338322694,-0.04680387409200969,0.07297160466651992,0.09186000440237728,-0.05964340744001761,0.07626018049746863,-0.18948051948051947,-0.10839973585736297,-0.02335461149020471,0.02818401937046005,0.20662337662337663,-0.26769095311468194,0.18390710983931322,-0.08415584415584415,0.38539731454985693,-0.16788025533788245,-0.05750605326876514,-0.18760070438036539,-0.20990094651111602,-0.3284371560642747,-0.14946951353731014,-0.026966762051507814,0.222128549416685,-0.2996434074400176,0.1607065815540392,-0.2691041162227603,-0.07017609509134932,-0.06299801893022232,0.23533788245652654,-0.15602245212414703,0.0411732335461149,-0.008842174774378164,0.15130750605326876,0.06354831609068898,0.1508034338542813,0.1801716927140656,0.19344926260180498,0.2780541492405899
#11,0.37952014087607305,1.0,0.2242593000220119,0.45287034998899406,0.2462755888179617,0.030730794629099716,0.4695091349328637,0.3317543473475677,0.29748404138234646,0.43890160686770857,0.3272198987453225,0.1825841954655514,0.09794408980849659,0.16101034558661678,-0.14834250495267445,0.1586946951353731,0.28283072859344044,0.015923398635263042,0.20580453444860225,0.25959057891261283,-0.1421747743781642,0.18353731014747965,-0.21652872551177635,-0.06667840633942329,-0.06171032357473035,-0.15961479198767334,-0.26751926040061635,-0.14132951793968743,0.13717367378384326,-0.012597402597402597,-0.08173453664979088,-0.1615760510675765,-0.1087805414924059,-0.09304864626898525,-0.0463416244772177,-0.25942328857583097,-0.21515958617653533,-0.1000858463570328,-0.10884877834030376,-0.2854919656614572,0.20757869249394673,-0.06272066916134712,-0.2184437596302003,-0.1654105216817081,-0.007281532027294739,-0.3091569447501651,-0.04836891921637684,-0.09230244331939247,-0.2182654633502091,-0.09933964340744002,-0.1389852520360995,-0.11107638124587277,-0.2084899845916795,-0.28331719128329297,-0.16047545674664318,-0.1304358353510896,-0.3884239489324235,-0.14232005282852742,-0.007574290116662998,-0.08457406999779882,0.06409200968523003,0.07167510455646049,-0.0010587717367378385,0.1633149900946511,-0.03826546335020911,0.36467092229804093,0.2169997798811358,0.24296500110059432,0.3814131631080784,0.30712524763372223,0.2682984811798371,0.13350649350649352,0.15215056130310367,0.0600396213955536,-0.12712744882236407,-0.10257539071098393,-0.21763152102135153,-0.04909531146819283,-0.06380805635042923,0.0437112040501871,0.1363746423068457,0.24559982390490864,0.06177415804534449,0.05719348448162007,0.10322033898305084,0.14687871450583315,-0.03029716046665199,0.19524763372221,-0.09748624257098833,0.12453444860224522,-0.11725952014087607,-0.0003411842394893242,-0.1250033017829628,-0.10476777459828307,-0.06254237288135593,-0.09080343385428132,-0.09665419326436275,-0.05602905569007264,0.0036957957296940348,-0.028162007484041383,-0.11747303543913713,-0.07036539731454985,-0.17441778560422627,-0.08049526744441998,-0.0699801893022232,-0.041364736957957296,-0.024769975786924938,-0.057362976007043806,-0.082161567246313,-0.03693374422187982,0.1360378604446401
#12,0.5339599383667181,0.2242593000220119,1.0,0.5607792207792208,0.36902047105436936,0.4028153202729474,0.2567026194144838,0.5306999779881136,0.15413383226942548,0.4415034118423949,0.316616773057451,0.37003521901826986,0.21910851860004402,0.0627426810477658,-0.27246973365617433,-0.11436275588817962,0.6508716707021792,0.29736517719568567,-0.01882456526524323,-0.110066035659256,-0.21407660136473697,-0.10163988553819062,0.27355051727933083,0.3969073299581774,0.0838036539731455,0.06172793308386529,0.025635042923178517,-0.08729033678186221,0.10933964340744001,-0.30188201628879596,0.2247589698437156,0.2599383667180277,0.18554699537750385,-0.06357473035439137,-0.16635703279771077,-0.10998459167950693,-0.3415100154083205,-0.3959388069557561,-0.07230464450803434,-0.2881884217477438,0.10921197446621175,-0.25904688531807174,-0.27189522342064715,-0.14411622276029057,-0.09041822584195465,-0.09668941228263263,-0.21810697776799473,-0.2376271186440678,-0.39657274928461367,-0.26067576491305305,0.0899075500770416,-0.09081664098613251,-0.008996257979308827,0.34442659035879375,0.32461149020471053,0.28807175874972485,-0.4150275148580233,-0.23060972925379705,-0.3987475236627779,-0.5322452124147039,0.14370239929561965,-0.12163548316090689,-0.23896103896103896,-0.2395443539511336,0.296055469953775,0.00513317191283293,-0.1403499889940568,-0.11930222320052829,-0.0574356152322254,-0.1865001100594321,0.4622386088487783,0.05648250055029716,-0.14830728593440456,0.026317411402157164,-0.2385362095531587,-0.1572243011226062,-0.08842394893242352,-0.09144177856042263,0.15669821703720008,0.05409861325115562,-0.14104556460488663,0.17319172353070658,0.008842174774378164,0.07597182478538411,-0.1480299361655294,0.047459828307285935,-0.21667840633942329,0.062482940788025534,-0.21567906669601586,-0.23131631080783624,-0.05727492846136914,-0.4231168831168831,-0.42936165529385867,-0.31744001760950913,-0.29105877173673783,0.35423728813559324,0.04550517279330839,0.4830178296279991,0.13495927801012547,0.19407660136473695,0.09827206691613471,0.6645740699977988,0.1588201628879595,0.3495443539511336,0.34898745322474134,0.2405723090468853,0.3082544574069998,-0.10528505392912173,-0.05144618093770636,-0.09388729914153643,-0.03407219898745322
#13,0.5783601144618093,0.45287034998899406,0.5607792207792208,1.0,0.21036099493726612,0.36469733656174336,0.4127712965001101,0.5987409200968523,0.2768236847897865,0.710413823464671,0.5295597622716267,0.220561303103676,0.26317411402157165,0.11015628439357253,0.05308166409861325,0.028346907329958176,0.6631366938146599,-0.0709355051727933,0.19645828747523664,0.03465771516618974,-0.11823684789786484,0.07211314109619195,0.1065067136253577,0.12749724851419766,-0.010151882016288796,-0.13228923618754126,-0.16189302223200527,-0.17118203830068238,-0.053647369579572966,-0.2220757208892802,-0.02629319832709663,-0.0476601364736958,-0.18351749944970283,-0.18403918115782522,-0.20055690072639226,-0.2002047105436936,-0.3147127448822364,-0.11205370900286155,-0.2727646929341845,-0.37474136033458066,0.17744662117543472,-0.06054369359454105,-0.17846136913933525,0.0008672683248954436,-0.05425930002201189,-0.12135373101474796,-0.29568787145058334,-0.2730068236847898,-0.4696235967422408,-0.22475676865507374,-0.18225181598062953,-0.24748404138234648,-0.318943429451904,0.019379264802993616,0.12704600484261502,0.1307065815540392,-0.4024983491085186,-0.060794629099713844,-0.36082104336341625,-0.3613251155624037,0.06021571648690293,-0.12064494827206691,-0.11142857142857143,-0.0987673343605547,-0.004818401937046005,0.20338542813119084,-0.025993836671802772,0.07068016729033678,0.2553334800792428,0.12169711644287916,0.42266563944530045,0.0037728373321593662,0.09808276469293419,0.23604226282192384,-0.1495773717807616,-0.051884217477437815,-0.07569227382786704,-0.24302883557120844,0.18354611490204711,0.08164648910411622,-0.12474796390050627,0.09079903147699758,0.02036319612590799,0.23176535329077702,-0.046420867268324895,-0.0925445740699978,-0.30598723310587717,0.07732995817741581,0.013742020691173234,0.006715826546335021,-0.02152542372881356,-0.21505172793308386,-0.27685890380805633,-0.3458067356372441,-0.2684701738939027,0.07303764032577592,-0.13530046224961478,0.07058111380145278,-0.20872331058771737,-0.20846797270526085,-0.261864406779661,0.23786924939467313,-0.10857362976007044,-0.07337001981069778,0.06938586836891922,-0.1015694475016509,0.00040061633281972264,-0.1040149680827647,-0.1469755668060753,-0.06686330618534009,0.15851860004402377
#17,0.1674818401937046,0.2462755888179617,0.36902047105436936,0.21036099493726612,1.0,0.2986242570988334,0.07296940347787806,0.17018710103455867,-0.05740699977988114,0.06351749944970284,0.07966541932643628,0.5085163988553819,0.24096632181377944,0.24827426810477657,-0.06695795729694035,0.09941448382126349,0.19014307726172133,0.34070658155403916,0.12372220999339643,0.1757076821483601,0.027794408980849658,0.00787805414924059,0.15312348668280873,0.15002201188641867,0.28403037640325773,0.10933524103015628,-0.0075148580233326,0.06841954655513978,0.20506713625357692,0.0524851419766674,0.21219898745322474,0.12122165969623597,0.03527624917455426,0.10422628219238389,0.023909311027955096,0.046880915694475014,-0.06979088707902267,-0.09965881576051068,-2.201188641866608e-06,-0.03229804094210874,0.06562403697996919,-0.011461589258199428,-0.00711204050187101,-0.008901606867708562,-0.1276865507373982,-0.11081884217477438,-0.07239489324235086,-0.15094871230464452,-0.2740347787805415,-0.28387849438696894,-0.0999141536429672,-0.1097490644948272,-0.1114836011446181,0.14633281972265022,0.11387849438696897,-0.09001540832049307,-0.3324521241470394,-0.3050429231785164,-0.2469931763152102,-0.35809597182478536,-0.18710983931322914,-0.2296830288355712,0.125181598062954,0.05775258639665419,0.2027426810477658,0.13983711204050187,0.12502091129209772,0.20528945630640547,0.14708122386088487,0.09884877834030377,0.24493946731234867,0.06490204710543694,-0.03578472375082545,-0.040779220779220776,0.023017829627999118,-0.09774158045344486,-0.10388289676425269,-0.2536847897864847,0.1842196786264583,0.16253576931543035,-0.058012326656394456,0.23523222540171693,0.003392031697116443,0.25867708562623815,0.3335263042042703,-0.22289016068677087,-0.3289544353951134,-0.11074400176095091,0.0513977547875853,0.03670261941448382,0.1567224301122606,-0.19710983931322915,-0.46517059211974465,-0.3112788906009245,-0.38909311027955096,0.16118644067796611,0.07443759630200308,-0.09322694254897644,0.11488003521901827,0.16424609289016068,-0.06343825665859563,0.17500550297160467,0.2540721989874532,-0.17346246973365617,-0.03303323794849219,-0.06686990975126568,0.0709685230024213,-0.22247413603345806,-0.1955359894342945,-0.00411402157164869,0.011741140215716487
#18,0.14760510675764912,0.030730794629099716,0.4028153202729474,0.36469733656174336,0.2986242570988334,1.0,0.2032313449262602,0.25139115122165967,-0.1236715826546335,0.10733876293198327,0.15235527184679726,0.4091019150341184,0.2984679727052608,0.1587277129650011,0.03708342504952675,0.0063856482500550295,0.315791327316751,0.24012326656394453,0.17085846357032797,0.07380805635042924,-0.02160906889720449,-0.04585296059872331,0.20170812238608848,0.3808430552498349,0.2280101254677526,0.221765353290777,0.15513317191283293,0.15219238388729914,0.07090248734316532,-0.048782742681047764,0.23152322254017169,0.12164428791547435,0.23227162667840634,0.22286594761171033,-0.015271846797270526,0.02467312348668281,0.0777988113581334,-0.10635263042042703,-0.010944309927360774,-0.09524763372221,0.042788906009244995,0.10707241910631742,-0.14816420867268326,0.11113801452784504,-0.20436935945410523,0.05473035439137134,-0.11672463130090249,-0.04224741360334581,-0.29055469953775037,-0.0987211093990755,-0.07570107858243451,0.07273387629319833,-0.16048646268985253,0.29641866607968304,0.12843715606427472,0.1759784283513097,-0.453119084305525,-0.22302003081664099,-0.36206251375742904,-0.3107726172132952,-0.10064494827206692,-0.1529473915914594,0.024078802553378825,0.0075368699097512655,0.13246313009024874,0.0045916795069337445,-0.10772176975566806,-0.12793528505392912,0.04133392031697117,-0.055025313669381466,0.12268765133171913,0.07448822364076602,-0.12471054369359454,-0.061569447501650894,-0.14397974906449482,-0.2165331278890601,-0.06154963680387409,-0.3144596081884217,0.2887651331719128,0.25078802553378826,-0.00187541272287035,0.1113647369579573,0.15419986792868148,0.1633678186220559,0.09626458287475237,-0.22529165749504731,-0.40111160026414266,0.07558661677305745,0.05807836231565045,-0.08591679506933744,0.15474356152322255,-0.2274488223640766,-0.3668611049966982,-0.4541800572309047,-0.31355051727933086,0.28321373541712525,0.05540832049306626,0.07165969623596742,-0.04375963020030817,-0.008362315650451244,-0.013869689632401497,0.4341052168170812,0.21448162007484042,0.13803874092009685,0.37043363416244773,0.024034778780541492,0.25785604226282194,-0.05890160686770856,-0.20733436055469953,-0.11171912832929783,-0.057076821483601145
#26,0.47065595421527623,0.4695091349328637,0.2567026194144838,0.4127712965001101,0.07296940347787806,0.2032313449262602,1.0,0.57099053488884,0.35213295179396875,0.616253576931543,0.6136407660136474,0.14680167290336782,0.23705921197446622,0.15414924058991855,0.07410301562843935,-0.0019172353070658155,0.2559057891261281,-0.0677195685670262,0.11870349988994057,-0.06326216156724632,-0.1759652212194585,-0.09310147479639005,-0.05314990094651112,-0.15060972925379704,0.0150099053488884,-0.15704380365397314,-0.2424983491085186,-0.3109046885318072,0.07758529605987233,-0.15989874532247414,-0.17289016068677085,-0.19444199867928683,-0.1210081443979749,-0.1720581113801453,-0.2741492405899186,-0.33542593000220117,-0.1806867708562624,-0.20807616112700858,-0.18306845696676205,-0.3270482060312569,0.2707660136473696,-0.09075280651551838,-0.19944970283953334,-0.06588597842835131,-0.011428571428571429,-0.04913713405238829,-0.2639357252916575,-0.18701298701298702,-0.3660576711424169,-0.2118379925159586,-0.21072639225181597,-0.18934404578472375,-0.3150561303103676,-0.19632181377944088,-0.10066255778120185,-0.14372000880475458,-0.3568853180717588,-0.08417125247633722,0.03632401496808276,-0.08288355712084526,0.20469073299581775,0.1416861104996698,-0.07543473475676865,0.038820162887959496,-0.16758529605987232,0.11676645388509796,0.059029275808936826,0.08283072859344046,0.24139555359894344,0.07336341624477218,0.21000220118864188,-0.07927801012546776,0.16194805194805195,-0.08001100594320933,-0.1287475236627779,-0.1359938366718028,-0.10311468192824125,-0.06574730354391371,0.02217477437816421,0.07828087167070218,0.1281399955976227,-0.03357693154303324,0.20458507594100814,0.1535130970724191,-0.1339951573849879,0.12235527184679727,-0.01013647369579573,0.3516905128769536,0.02277790006603566,-0.04618093770636143,-0.09139995597622716,0.0013669381465991636,-0.08016949152542373,-0.06145058331499009,0.07204050187101034,0.18877173673783842,-0.14762491745542594,-0.029238388729914154,-0.31127668941228265,-0.12567686550737397,-0.12034558661677305,0.026550737398195027,-0.162788906009245,0.017952894563064054,0.06541272287034999,0.036401056570548096,0.04786484701738939,0.14390710983931324,0.10022892361875413,0.25617433414043583,0.34572088928021133
#49,0.8155580013207132,0.3317543473475677,0.5306999779881136,0.5987409200968523,0.17018710103455867,0.25139115122165967,0.57099053488884,1.0,0.4940127668941228,0.7292537970504073,0.7672198987453225,0.2901166629980189,0.23374642306845697,0.024732555580013207,-0.12094651111600264,-0.051987673343605545,0.46346467092229804,-0.14890821043363417,0.03580013207131851,-0.10556240369799692,-0.14117543473475677,0.01817741580453445,0.10389390270746203,0.007728373321593661,0.04088928021131411,-0.2078780541492406,-0.32311688311688314,-0.44020691173233545,-0.07644728153202729,-0.35057451023552716,-0.1257891261281092,-0.18959938366718027,-0.2066916134712745,-0.3493528505392912,-0.3107572088928021,-0.3956790666960158,-0.4659255998239049,-0.40856482500550295,-0.3371208452564385,-0.5373299581774158,0.21148580233325995,-0.30732775698877396,-0.21384767774598282,-0.19958177415804534,-0.05836451683909311,-0.09938146599163548,-0.46426150121065374,-0.46318511996478096,-0.538316090688972,-0.4711996478098173,-0.2579110719788686,-0.450462249614792,-0.36966541932643626,-0.07922958397534668,0.11625137574290116,-0.011384547655734096,-0.31087387189082105,-0.0652938586836892,-0.2643913713405239,-0.4134338542813119,0.2700022011886419,0.039647809817301344,-0.14348228043143296,-0.12449042482940788,0.019938366718027734,-0.005186000440237729,-0.11931763152102136,0.009911952454325336,0.11837992515958617,-0.10815320272947392,0.46885318071758747,0.030294959278010125,0.21933303984151442,0.07283292978208232,-0.0911798371120405,0.07083645168390931,0.06330178296279991,-0.1236253576931543,0.03579352850539291,-0.10539951573849879,-0.11449922958397535,0.04833149900946511,0.11077261721329518,0.4045740699977988,-0.18939687431212854,0.12892802113141097,-0.10426810477657936,0.402425709883337,0.003211534228483381,0.050660356592559984,-0.06767114241690513,-0.2025511776359234,-0.25951573849878934,-0.160066035659256,-0.025089148139995597,0.22029495927801013,-0.20881135813339202,0.10067356372441118,-0.3686418666079683,-0.21397754787585296,-0.23096191943649572,0.21964560862865948,-0.12583755227823024,-0.0038036539731454984,-0.0959454105216817,0.0020008804754567465,-0.09199867928681488,0.09035219018269866,0.11927140655954216,0.21916574950473255,0.3674554259300022
#50,0.33141316310807833,0.29748404138234646,0.15413383226942548,0.2768236847897865,-0.05740699977988114,-0.1236715826546335,0.35213295179396875,0.4940127668941228,1.0,0.41985912392692054,0.3023552718467973,0.19014307726172133,0.10303323794849219,0.0974884437596302,0.05698217037200088,0.08286154523442658,0.20358793748624257,-0.2732775698877394,0.2234668721109399,0.07621395553598943,0.008721109399075501,0.13966101694915253,-0.029275808936825885,-0.17764472815320273,0.04444199867928682,-0.20938146599163548,-0.2255910191503412,-0.3498415144177856,-0.04843935725291657,-0.119603786044464,-0.4085626238168611,-0.3096015848558221,-0.2815430332379485,-0.28200528285274046,-0.14268104776579352,-0.37239049086506715,-0.13201848998459167,-0.09404358353510896,-0.14632401496808276,-0.2846180937706361,0.406451683909311,-0.13469733656174335,0.025005502971604667,-0.02154523442659036,0.008892802113141095,0.03556240369799692,-0.21942328857583096,-0.334290116662998,-0.11730134272507153,-0.19234206471494608,-0.09462029495927801,-0.2418710103455866,-0.2550759410081444,-0.3124125027514858,0.0029165749504732556,-0.1853929121725732,-0.08949812898965441,0.09821923838872991,-0.08334580673563724,-0.11446621175434735,-0.05026634382566586,-0.04132291437376183,-0.043845476557340966,-0.056588157605106756,-0.05933964340744002,0.048751926040061636,-0.03645608628659476,0.13035879374862425,0.21345146379044685,0.1158925819942769,0.2413317191283293,0.1612722870349989,0.12300682368478978,0.023048646268985253,-0.03328417345366498,0.07560422628219238,-0.15500770416024653,-0.0586946951353731,-0.06044464010565705,-0.2012062513757429,0.07937706361435175,0.0062359674224081,-0.09199647809817302,0.16965441338322695,-0.25164208672683247,0.07187321153422849,0.05179837112040502,0.11838432753686991,-0.042520360994937265,-0.13186880915694474,0.00062293638564825,-0.13057230904688533,-0.02036979969183359,-0.016984371560642746,0.1466960158485582,-0.0050033017829627996,-0.1911468192824125,-0.042410301562843936,-0.2846621175434735,-0.14997138454765574,-0.26104996698217037,-0.15846357032797712,-0.3390358793748624,-0.07098613251155624,-0.3253929121725732,-0.1059454105216817,-0.331864406779661,-0.136979969183359,-0.03752586396654193,-0.05596522121945851,0.16019590578912613
#51,0.6395487563284173,0.43890160686770857,0.4415034118423949,0.710413823464671,0.06351749944970284,0.10733876293198327,0.616253576931543,0.7292537970504073,0.41985912392692054,1.0,0.6765089148139996,0.0922738278670482,0.37887959498128987,0.06601584855822144,0.11530926700418226,0.031897424609289016,0.5286396654193264,-0.13691833590138675,0.19756328417345367,-0.052137354171252474,-0.12003521901826987,0.09913273167510456,0.21240810037420207,0.0029605987233105877,0.07071538630860665,-0.21392692053709003,-0.3353070658155404,-0.4188465771516619,0.0175874972485142,-0.1651221659696236,-0.19026854501430773,-0.2076469293418446,-0.3422584195465551,-0.43360994937266123,-0.2999889940567907,-0.27656394453004624,-0.39015408320493067,-0.19513317191283294,-0.2520052828527405,-0.5350231124807396,0.3686770856262382,-0.10406559542152763,-0.055141976667400394,-0.0021769755668060754,0.08150561303103676,0.021871010345586618,-0.4878318291877614,-0.46611490204710543,-0.5910697776799472,-0.4020867268324895,-0.2865243231344926,-0.39843495487563285,-0.42505833149900946,-0.1301188641866608,0.11440017609509134,-0.019867928681488005,-0.2918335901386749,0.040968523002421306,-0.21480079242791109,-0.1885362095531587,0.20278670482060313,-0.03560642747083425,-0.10084525643847678,-0.027274928461369138,-0.10317631521021352,0.08603345806735638,-0.019755668060752806,0.18022232005282854,0.23690072639225182,-0.02088267664538851,0.3213449262601805,0.06974686330618533,0.09439577371780762,0.08052608408540612,-0.18808936825885977,-0.09084305524983491,-0.006429672022892362,-0.15956196346026855,0.22184019370460048,-0.04215056130310368,-0.04034998899405679,0.13659035879374862,0.22338983050847458,0.24240810037420207,-0.1635263042042703,0.07092449922958398,-0.14370680167290337,0.2216156724631301,0.1466035659255998,0.11622055910191503,0.08547655734096413,-0.12542372881355932,-0.06912832929782083,-0.24154303323794848,0.03959057891261281,0.17049526744441998,-0.14138234646709222,0.09421747743781642,-0.3217059211974466,-0.28608628659476115,-0.23975346687211094,0.13637244111820382,-0.24801232665639444,-0.011587057010785825,-0.11034998899405679,-0.11574069997798811,-0.18245432533568126,0.006251375742901167,-0.09184239489324235,0.07864626898525204,0.3309553158705701
#52,0.5201518820162888,0.3272198987453225,0.316616773057451,0.5295597622716267,0.07966541932643628,0.15235527184679726,0.6136407660136474,0.7672198987453225,0.3023552718467973,0.6765089148139996,1.0,0.15067136253576932,0.1963746423068457,0.11384547655734097,-0.09322914373761831,0.08473915914593881,0.351765353290777,-0.03720449042482941,0.1332379484921858,-0.03320933303984151,-0.21991195245432535,0.016440677966101696,-0.08811798371120405,-0.036136913933524105,-0.03173233546114902,-0.19786264582874752,-0.3525445740699978,-0.34561303103675983,0.002951793968743121,-0.18720889280211314,-0.07216596962359674,-0.1748778340303764,-0.18818181818181817,-0.21752586396654194,-0.245511776359234,-0.22041822584195467,-0.3681598062953995,-0.2294607087827427,-0.23263262161567247,-0.5278164208672683,0.2291503411842395,-0.056416464891041164,-0.18063614351749946,-0.08068016729033678,-0.09285714285714286,-0.14548756328417345,-0.39734536649790886,-0.32506493506493506,-0.5291811578252256,-0.40740699977988115,-0.3585626238168611,-0.42086726832489546,-0.39013647369579574,-0.17658155403918116,-0.10524763372221,-0.16855381906229364,-0.3356174334140436,-0.104785384107418,-0.2521373541712525,-0.3082940788025534,0.31844816200748405,0.20661457186880916,0.035551397754787585,0.11040061633281972,-0.06789126128109178,0.20109839313229144,0.0952938586836892,0.033931322914373764,0.2433281972265023,0.04075500770416025,0.4044045784723751,0.027770195905789125,0.24155183799251595,0.007589698437156065,-0.06850099053488884,0.09583094871230464,0.15165089148139996,-0.028633061853400837,-0.025701078582434516,0.08843715606427471,-0.050642747083425046,0.02308166409861325,0.22012326656394454,0.4508540611930442,0.008908210433634163,0.19300462249614792,-0.0025445740699977988,0.416700418225842,0.16489544353951133,0.188234646709223,-0.020358793748624256,-0.05790666960158486,-0.10528945630640546,-0.10107197886858904,-0.010704380365397314,0.11358353510895884,-0.026363636363636363,-0.028899405679066695,-0.34801893022232006,-0.3306317411402157,-0.2897424609289016,0.1090380805635043,-0.11976887519260401,0.01197886858903808,-0.02928021131410962,-0.05099933964340744,-0.07221879815100155,0.2530464450803434,0.14048646268985251,0.25387849438696897,0.31798811358133394
#53,0.20201628879594982,0.1825841954655514,0.37003521901826986,0.220561303103676,0.5085163988553819,0.4091019150341184,0.14680167290336782,0.2901166629980189,0.19014307726172133,0.0922738278670482,0.15067136253576932,1.0,0.43658155403918114,0.41483381025753907,-0.2647633722209993,-0.0014968082764692935,0.22393132291437376,0.2749702839533348,0.15448602245212414,0.1964406779661017,-0.05830288355712084,-0.0262689852520361,-0.04659035879374863,0.04181598062953995,0.0005943209333039842,-0.0397754787585296,0.0815166189742461,0.09676865507373981,0.0762953995157385,-0.07989654413383226,0.17383226942548977,0.16581554039181157,0.14287034998899406,-0.04957076821483601,-0.2010345586616773,-0.15301782962799912,-0.1740017609509135,-0.3863130090248734,-0.04905569007263923,-0.21438036539731456,0.031547435615232225,-0.04545894783182919,-0.11838652872551178,-0.069900946511116,-0.40952234206471494,-0.29425709883337003,0.010849658815760511,-0.0511732335461149,-0.15449702839533347,-0.25680387409200967,-0.03782522562183579,-0.12369579572969404,-0.10446401056570548,-0.16511996478098173,0.02597842835130971,-0.22569227382786705,-0.3936275588817962,-0.434175654853621,-0.4859388069557561,-0.5363922518159806,-0.029528945630640548,-0.05562623816861105,0.11197886858903808,0.10381465991635483,0.3018578032137354,0.22946290997138455,0.18412942989214176,0.1798217037200088,0.05183359013867488,0.11441118203830068,0.2677657935285054,0.12046445080343385,-0.07394232885758309,-0.14236187541272288,-0.17160686770856262,-0.1823530706581554,-0.13466431873211535,-0.24746643187321155,-0.006315210213515298,0.17352630420427032,0.2967422408100374,0.10743121285494167,0.05690292758089368,0.45447721769755667,0.25813119084305525,-0.04220779220779221,-0.22640325775918996,0.025764913053048646,-0.021091789566365836,-0.025965221219458507,-0.036539731454985694,-0.2259652212194585,-0.4719458507594101,-0.3069425489764473,-0.22445300462249615,0.12382126348228042,-0.18039841514417784,0.04910411622276029,0.044340744001760954,0.15799691833590138,-0.11322033898305085,0.24578032137354172,0.2858463570327977,0.051884217477437815,0.10044023772837332,0.1801584855822144,0.1159718247853841,-0.09594761171032358,-0.14170151882016288,0.04404358353510896,0.11128989654413383
#54,0.19515078142196787,0.09794408980849659,0.21910851860004402,0.26317411402157165,0.24096632181377944,0.2984679727052608,0.23705921197446622,0.23374642306845697,0.10303323794849219,0.37887959498128987,0.1963746423068457,0.43658155403918114,1.0,0.2269931763152102,0.1746268985252036,0.23077261721329517,0.31969403477878056,0.08767554479418886,0.2580673563724411,0.2564560862865948,0.12152982610609729,0.2700264142637024,0.22285714285714286,0.27246753246753247,0.029887739379264804,0.11002201188641866,-0.16050187101034558,-0.09607307946290997,0.09665639445300463,-0.008835571208452565,-0.03453004622496148,-0.03523002421307506,-0.147277129650011,-0.03702619414483821,-0.24958397534668722,-0.12843935725291658,-0.0985560202509355,0.018523002421307506,-0.14008364516839092,-0.33548316090688973,0.17930442438917016,0.030002201188641865,0.016037860444640107,0.15542372881355931,-0.24689192163768434,0.018069557561082986,-0.19554479418886198,-0.17652652432313448,-0.38349548756328417,-0.28774378164208675,-0.2177195685670262,-0.2609311027955096,-0.3407373981950253,-0.14446621175434735,0.05397314549856923,0.013191723530706582,-0.31851860004402377,-0.026033458067356373,-0.4459145938806956,-0.31430112260620735,-0.03299141536429672,-0.19012326656394454,0.06114241690512877,0.12164869029275809,-0.012315650451243672,0.21321813779440899,-0.17123706801672903,0.15364296720228923,0.16928461369139336,0.026777459828307287,0.07636583755227823,0.15289896544133832,0.022656834690732996,-0.09572088928021132,-0.06865067136253578,-0.22755227823024432,0.05929341844596082,-0.2501474796390051,0.1690314769975787,0.25961919436495706,0.271518820162888,0.053675985031917235,0.34544133832269425,0.24012326656394453,-0.002073519700638345,-0.1543429451904028,-0.3143121285494167,0.041686110499669825,0.020614131631080782,0.08409641206251375,0.2739643407440018,-0.4129363856482501,-0.3993814659916355,-0.5414747963900506,-0.1770327977107638,0.14499449702839534,-0.1123662777900066,0.06229804094210874,-0.09081003742020691,-0.021377944089808497,-0.257574290116663,0.17222320052828527,-0.034045784723750826,0.10310587717367378,0.10402377283733216,-0.07569007263922518,-0.04029716046665199,-0.13542152762491746,-0.2499471714725952,0.006414263702399296,0.14712304644508034
#58,-0.037613911512216595,0.16101034558661678,0.0627426810477658,0.11015628439357253,0.24827426810477657,0.1587277129650011,0.15414924058991855,0.024732555580013207,0.0974884437596302,0.06601584855822144,0.11384547655734097,0.41483381025753907,0.2269931763152102,1.0,0.1163350209112921,0.07130750605326877,0.044519040281752145,0.17961259079903147,0.31434294519040284,0.1604886638784944,-0.0425511776359234,-0.19678626458287476,-0.1454655513977548,-0.14681047765793528,-0.20012106537530266,-0.14025313669381467,0.04104116222760291,0.22413823464670923,0.16256878714505832,0.1584437596302003,0.2232753686990975,0.1406647589698437,0.16028835571208452,0.28702839533348007,0.14127448822364078,-0.04899185560202509,0.18279110719788685,0.035058331499009464,-0.04007704160246533,-0.03427911071978869,0.15976667400396213,0.18673123486682808,0.06369139335241031,0.17577812018489986,-0.3323002421307506,-0.2913823464670922,0.12907550077041602,0.10360554699537751,-0.08950033017829628,-0.04803213735417125,-0.058939027074620294,0.024684129429892142,-0.10854501430772617,-0.14036759850319172,-0.34154963680387407,-0.2907175874972485,-0.4088465771516619,-0.41393352410301565,-0.23292978208232445,-0.06242130750605327,-0.18234206471494607,-0.031626678406339426,0.2823002421307506,0.19210433634162447,0.22770416024653312,0.14860444640105658,0.48364076601364736,0.19552938586836893,0.3717213295179397,0.2412590799031477,0.18923838872991416,0.26264802993616554,0.05316090688972045,-0.14815540391811577,-0.004466211754347348,-0.10967422408100375,-0.09267224301122606,-0.09702399295619635,0.02562623816861105,0.24744441998679287,0.07062953995157385,0.11091569447501651,-0.09817741580453444,0.08686990975126568,0.4261985472154964,-0.10860664758969844,-0.10493946731234867,-0.00325115562403698,0.09576491305304864,0.054318732115342286,0.07553598943429451,-0.028342504952674444,-0.25697116442879153,-0.205676865507374,-0.08868148800352191,-0.005597622716266784,-0.19951353731014748,-0.08810697776799471,0.011197446621175436,-0.11385208012326656,0.10146158925819942,0.011030156284393572,0.33575830948712304,0.15123046445080343,0.20116442879154744,0.15033458067356373,0.18616552938586836,-0.10486242570988334,-0.11187761391151221,0.022456526524323134,0.09259520140876074
#101,-0.11710763812458727,-0.14834250495267445,-0.27246973365617433,0.05308166409861325,-0.06695795729694035,0.03708342504952675,0.07410301562843935,-0.12094651111600264,0.05698217037200088,0.11530926700418226,-0.09322914373761831,-0.2647633722209993,0.1746268985252036,0.1163350209112921,1.0,0.22858243451463792,-0.10375963020030816,-0.2576535329077702,0.21295839753466872,0.03711644287915474,0.47366057671142414,0.23274708342504952,0.20291877613911513,-0.07911512216596962,0.2088597842835131,-0.050917895663658376,-0.16918556020250936,-0.23869469513537311,0.028820162887959497,-0.14163988553819062,-0.3062425709883337,-0.21580233325996037,-0.25324455205811136,0.016310807836231567,0.05102575390710984,0.23581333920316971,0.2913713405238829,0.3715122165969624,-0.044144838212634825,-0.034213075060532686,0.15400616332819722,0.21176975566806075,0.22241470394012766,0.3213053048646269,0.06242791107197887,0.25337662337662337,-0.18892141756548536,-0.26212194585075943,-0.16662117543473476,-0.21312128549416684,-0.2484305524983491,-0.11687871450583315,-0.33932643627558884,-0.06964780981730134,-0.0723134492626018,0.03885097952894563,0.12966101694915255,0.25293198327096633,-0.012619414483821263,0.22573409641206252,-0.4152916574950473,-0.24930002201188642,0.08331939247193484,0.07860004402377284,-0.3422628219238389,-0.05198327096632181,-0.01976667400396214,0.012447721769755667,0.3596478098173013,0.24459167950693375,-0.050189302223200526,-0.07848778340303764,0.24992295839753467,0.06383447061413162,0.3589522342064715,0.02289456306405459,0.0511732335461149,-0.21992515958617653,0.35246973365617434,0.08345586616773057,-0.003136693814659916,0.06298481179837112,-0.1805877173673784,-0.03838652872551178,0.0362227602905569,-0.4866299801893022,-0.24955976227162668,-0.06623376623376623,0.1703279771076381,0.0452410301562844,0.2840788025533788,0.03894122826326216,0.0713383226942549,-0.32134932863746424,-0.049964780981730135,-0.0776139115122166,-0.14241690512876953,-0.2783535108958838,-0.44138674884437595,-0.2800220118864187,-0.23306845696676204,-0.23003742020691173,-0.27176315210213514,-0.22938366718027736,-0.14945850759410081,-0.31247633722209994,-0.29570768214836013,-0.15749724851419766,-0.3292714065595422,-0.10048206031256879,0.14301562843935725
#102,-0.2320691173233546,0.1586946951353731,-0.11436275588817962,0.028346907329958176,0.09941448382126349,0.0063856482500550295,-0.0019172353070658155,-0.051987673343605545,0.08286154523442658,0.031897424609289016,0.08473915914593881,-0.0014968082764692935,0.23077261721329517,0.07130750605326877,0.22858243451463792,1.0,-0.14357473035439136,0.042606207351970064,0.528084965881576,0.7402487343165309,-0.08401056570548096,0.7813295179396874,-0.2415232225401717,0.34954215276249173,0.01605987233105877,0.2161633281972265,-0.09227602905569007,-0.0790710983931323,-0.04445300462249615,0.13087827426810478,-0.3801188641866608,-0.41139335241030156,-0.3392163768434955,0.06099273607748184,0.10169711644287915,0.24950913493286375,-0.04237508254457407,0.5497424609289016,-0.1957495047325556,-0.20725952014087606,0.14309046885318072,0.302194585075941,-0.026726832489544355,0.5353598943429452,-0.07080563504292318,0.01790446841294299,-0.06892141756548537,-0.18886858903808057,-0.2647391591459388,-0.1994585075941008,-0.41366938146599164,-0.4453642967202289,-0.5071164428791547,-0.41585736297600706,-0.26509355051727934,-0.049394673123486686,-0.23756988773937926,0.23334800792427912,-0.10443539511336121,-0.0774620294959278,-0.33099933964340744,-0.2597160466651992,0.3213757429011666,0.39080783623156506,0.08320933303984152,0.16196346026854502,-0.04935285053929122,0.2603565925599824,0.564866828087167,0.5356812678846578,0.05305745102355272,0.30931102795509574,0.02600264142637024,-0.14736517719568568,-0.09186660796830289,0.010515078142196786,-0.1340788025533788,-0.2687695355491966,0.023825665859564166,0.5158881796169932,-0.04143077261721329,0.22959718247853841,-0.0350561303103676,-0.003598943429451904,0.03300242130750605,-0.32275148580233326,-0.23543033237948494,-0.1696500110059432,0.22344706141316312,0.1589456306405459,0.2792361875412723,-0.27684789786484704,-0.17642306845696676,-0.21610169491525424,-0.07077481840193704,-0.4560840854061193,0.44840193704600484,-0.4383645168390931,-0.08477657935285055,-0.3829473915914594,-0.53900946511116,-0.2105679066696016,-0.3694078802553379,-0.16136693814659916,-0.3449218578032137,-0.4457869249394673,-0.45559322033898303,-0.28781421967862647,-0.12309487123046445,0.08937486242570988,0.17048866387849437
#201,0.47812898965441336,0.28283072859344044,0.6508716707021792,0.6631366938146599,0.19014307726172133,0.315791327316751,0.2559057891261281,0.46346467092229804,0.20358793748624257,0.5286396654193264,0.351765353290777,0.22393132291437376,0.31969403477878056,0.044519040281752145,-0.10375963020030816,-0.14357473035439136,1.0,0.27003742020691174,0.04781862205591019,-0.06300902487343166,-0.14085406119304425,-0.022793308386528724,0.36743341404358354,0.3544486022452124,0.1238564825005503,0.11810037420206912,-0.0338036539731455,-0.09101254677525863,0.201996478098173,-0.09778340303764033,0.24716707021791767,0.13370900286154525,0.10936605767114242,-0.0300858463570328,-0.11270526084085405,-0.2058067356372441,-0.23125467752586396,-0.244125027514858,-0.11001540832049307,-0.17635263042042704,0.10175874972485142,-0.12685890380805634,-0.16760950913493286,-0.12636143517499449,0.029795289456306405,0.005824345146379045,-0.282887959498129,-0.29244772176975564,-0.4715386308606648,-0.27374202069117326,0.04580893682588598,-0.14961479198767336,-0.06953554919656614,0.24950913493286375,0.19031917235307066,0.13621175434734756,-0.4986814880035219,-0.2921263482280431,-0.41892141756548534,-0.37985031917235307,0.15225621835791328,-0.13899625797930884,-0.014109619194364957,-0.1468236847897865,0.20022232005282853,0.21200088047545676,0.004930662557781202,0.11882896764252697,0.06415364296720229,-0.09381245872771296,0.46940347787805414,0.11151001540832049,-0.09639665419326436,0.08782302443319392,-0.22413603345806735,-0.32511776359233985,-0.030022011886418665,-0.1854853620955316,0.29369359454105215,0.07924939467312349,-0.05150561303103676,-0.014853620955315871,-0.04068016729033678,0.2628967642526965,-0.036946951353731015,0.017327756988773937,-0.27149680827646927,0.09707902267224301,-0.1343847677745983,-0.1589984591679507,0.006084085406119304,-0.3184217477437816,-0.3702267224301123,-0.38061853400836454,-0.3053202729473916,0.38384107418005725,0.05632621615672463,0.44236407660136473,0.10878934624697337,0.07365617433414044,-0.05022011886418666,0.5622672243011226,0.1402245212414704,0.3064208672683249,0.16589258199427692,0.1929055690072639,0.16397754787585295,-0.0623068456966762,-0.17405458947831828,-0.1793880695575611,-0.09572309046885318
