,#10,#11,#12,#13,#17,#18,#26,#49,#50,#51,#52,#53,#54,#58,#101,#102,#201,#202,#301,#302,#401,#402,#501,#502,#601,#602,#701,#702,#801,#802,#901,#902,#1001,#1002,#1101,#1102,#1201,#1202,#1301,#1302,#1401,#1402,#1501,#1502,#1601,#1602,#1701,#1702,#1801,#1802,#1901,#1902,#2001,#2002,#2101,#2102,#2201,#2202,#2301,#2302,#2401,#2402,#2501,#2502,#2601,#2602,#2701,#2702,#2801,#2802,#2901,#2902,#3001,#3002,#3101,#3102,#3201,#3202,#3301,#3302,#3401,#3402,#3455,#3501,#3502,#3601,#3602,#3701,#3702,#3801,#3802,#3901,#3902,#4001,#4002,#4101,#4102,#4201,#4202,#4301,#4302,#4401,#4402,#4501,#4502,#4601,#4602,#4701,#4702,#4801,#4802
#10,1.0,0.40144618093770634,0.4438366718027735,0.511831388950033,0.07275368699097513,0.36029936165529386,0.15969183359013867,0.4891547435615232,0.13643847677745982,0.4001826986572749,0.06595421527624917,0.13492185780321372,0.16702839533348007,0.08527624917455426,-0.17436495707682148,-0.30517279330838654,0.2884371560642747,0.17294078802553378,0.11674003962139555,-0.08828087167070219,-0.15219018269865728,-0.29548095971824784,-0.1265265243231345,-0.04317191283292978,0.08754347347567687,0.18289896544133832,-0.2331697116442879,0.038320493066255776,0.18054149240589917,0.07625357693154303,0.17641646489104115,0.1211534228483381,0.16758309487123046,0.16024873431653092,0.1583975346687211,0.1494805194805195,0.08543693594541052,0.045540391811578255,0.17473035439137133,0.1259057891261281,-0.10128109178956636,0.1302751485802333,-0.1599801893022232,0.2066982170372001,-0.3725731895223421,-0.2152674444199868,-0.15166189742460928,0.050035219018269864,-0.33418445960818843,0.10217037200088047,0.1448646268985252,0.19887739379264802,0.11063834470614131,0.17269205370900287,-0.0012216596962359675,0.008025533788245652,-0.32436715826546336,-0.40041822584195463,-0.3989500330178296,-0.3179352850539291,0.23594981289896544,-0.005674664318732116,-0.05292537970504072,-0.19822364076601365,0.30039401276689415,0.2143759630200308,0.11910411622276029,0.002577591899625798,-0.009925159586176536,0.07969403477878054,0.21957296940347787,0.19193484481620074,-0.3060752806515518,-0.12118203830068237,-0.20946070878274267,-0.10464010565705481,0.12840193704600483,0.037809817301342724,-0.03501430772617213,0.12039181157825225,0.08981069777679947,0.08899625797930882,0.09886858903808056,0.1613647369579573,-0.04630640545894783,0.34857803213735417,0.21663878494386968,-0.010314769975786925,0.09441558441558441,-0.3482918776139115,-0.13753686990975125,-0.36141976667400394,-0.37119524543253357,-0.11069557561082985,-0.3539885538190623,0.06846797270526084,0.28870570107858246,0.18230904688531807,0.30590358793748623,0.38320713185119964,0.41447281532027297,0.34117103235747304,-0.014338542813119083,0.22570107858243452,0.43277129650011004,0.4448822364076601,0.42392031697116445,0.17410521681708122,-0.12009685230024213,0.08592780101254678,-0.3608848778340304
#11,0.40144618093770634,1.0,0.3022011886418666,0.37192163768434955,0.13414924058991856,0.30589258199427694,0.6169513537310147,0.4151397754787585,0.5646158925819943,0.5816156724631301,0.253464670922298,-0.02138234646709223,0.11687431212854942,0.2609773277569888,0.061254677525863964,-0.16190402817521463,0.3452630420427031,0.11031256878714506,0.18169491525423728,-0.10928021131410962,0.008945630640545895,-0.11900066035659256,-0.032925379705040725,-0.2534558661677306,-0.1605194805194805,-0.22418666079683028,-0.24287034998899407,-0.24667180277349768,-0.0027646929341844594,-0.282887959498129,-0.18354611490204711,-0.29629099713845475,0.08651111600264143,-0.08689852520360995,-0.14502751485802334,-0.18311248073959938,-0.04832489544353951,-0.0537574290116663,-0.05764913053048646,-0.21406339423288576,0.020451243671582655,-0.09828087167070218,0.1297886858903808,-0.03640325775918996,-0.202029495927801,0.010704380365397314,-0.3056614571868809,-0.2761303103675985,-0.15018930222320054,-0.087112040501871,-0.014549856922738278,0.03444640105657055,0.13010785824345147,0.0067290336781862204,0.030081443979749066,0.001223860884877834,-0.0710873871890821,-0.17540832049306626,-0.2306383447061413,-0.23427690953114683,0.09561523222540172,-0.06921637684349549,-0.17932423508694695,-0.1235923398635263,0.29168831168831166,0.1365133171912833,-0.0750759410081444,-0.08394012766894123,0.22003081664098614,0.24608848778340303,0.39325996037860445,0.3314285714285714,-0.24919876733436055,-0.25898745322474137,-0.06664758969843716,0.018073959938366718,0.04939907550077042,-0.015456746643187321,0.08330618534008365,-0.1376271186440678,-0.22610609729253797,0.011496808276469293,0.10993616552938587,-0.07528725511776359,0.20730354391371342,0.11215936605767114,0.05797710763812459,0.07268765133171913,-0.05326656394453005,-0.2739753466872111,-0.31716927140655954,-0.36857362976007046,-0.2127096632181378,-0.1061831388950033,-0.07938806955756109,-0.029731454985692275,-0.09490644948272067,0.07330838652872551,-0.006511116002641426,0.0263746423068457,0.06314329738058552,0.19021351529826105,0.05081003742020691,0.01958397534668721,0.11053488883997359,0.05725291657495047,0.005465551397754787,0.11425930002201189,0.08928021131410963,0.09312788906009245,-0.012419106317411402
#12,0.4438366718027735,0.3022011886418666,1.0,0.4116486902927581,0.2810675764913053,0.38815980629539953,0.41049306625577814,0.22300682368478977,0.04120184899845917,0.38027955095751703,0.12523002421307505,-0.016999779881135813,-0.09033237948492186,0.11603565925599824,-0.4008122386088488,-0.19039181157825225,0.7547963900506274,0.7066387849438697,-0.11578472375082545,-0.26222980409421087,-0.2271054369359454,-0.06470834250495268,-0.02884437596302003,0.024827206691613472,-0.006191943649570768,-0.0112524763372221,0.07684569667620515,0.12775038520801232,-0.12964780981730134,-0.14573849878934625,0.049029275808936824,0.3246731234866828,0.45976227162667843,0.1783975346687211,-0.19935945410521683,-0.13414924058991856,-0.15091129209773277,-0.257475236627779,-0.19118423948932423,-0.08653092670041823,-0.3302531366938147,-0.2136781862205591,-0.31285934404578475,-0.19917895663658375,-0.35061193044243893,-0.26979088707902266,0.051195245432533565,0.1498943429451904,-0.029322033898305084,0.04434294519040282,0.20670922298040942,0.252293638564825,0.27415584415584415,0.38855822143957736,0.10399735857362977,0.40312788906009245,-0.47563504292317854,-0.655463350209113,-0.30075060532687653,-0.3251904028175215,0.08712084525643847,0.012681047765793528,-0.24955756108298482,-0.057123046445080344,0.49198767334360555,0.34133612150561304,-0.18568787145058332,-0.20480299361655294,-0.01971384547655734,0.040422628219238387,0.4901915034118424,0.13570107858243452,-0.2512128549416685,0.247178076161127,-0.41221879815100154,-0.11208232445520581,0.009938366718027735,0.12851860004402377,0.08296940347787805,0.0076579352850539295,0.07607528065155184,0.05620735197006384,-0.12448382126348229,-0.004111820383006824,0.13762931983270965,0.06843715606427471,0.21935505172793307,-0.040400616332819723,-0.13758969843715607,-0.11612590799031478,-0.17699097512656833,-0.21333039841514417,-0.15565485362095532,-0.07242791107197886,-0.11180937706361435,0.4876799471714726,0.03664098613251156,0.5939093110279551,0.6087585296059872,0.5040303764032578,0.618481179837112,0.5821373541712525,0.36895003301782964,0.5698062953995158,0.5365111160026415,0.5047303543913714,0.37524323134492626,0.08018930222320053,-0.07458287475236627,0.09578032137354171,-0.20513977547875853
#13,0.511831388950033,0.37192163768434955,0.4116486902927581,1.0,0.06080343385428131,0.30168831168831167,0.3404886638784944,0.5227646929341845,0.09836671802773497,0.5786220559101916,0.001111600264142637,0.0411666299801893,-0.03637464230684569,0.22476117103235746,0.057083425049526744,-0.3423728813559322,0.33047765793528505,0.030072639225181597,0.15830288355712085,-0.019432093330398414,-0.07062073519700639,-0.1692141756548536,0.0336715826546335,0.056955756108298485,0.25028615452344266,0.11083865287255118,-0.1716552938586837,0.06695795729694035,0.0688135593220339,-0.07423288575830948,-0.04343605546995378,0.13476337222099935,0.13766453885097954,0.1931168831168831,0.06584415584415584,0.26151882016288797,0.24377503852080123,0.19635263042042703,0.28632401496808274,0.01611270085846357,-0.07705480959718247,0.23151221659696236,-0.006803874092009685,0.06904028175214616,-0.3460642747083425,-0.15189962579793087,-0.07523002421307506,0.19306845696676206,-0.03672022892361875,0.17547435615232226,0.18296720228923619,0.27058991855602027,0.12463130090248735,0.012865947611710324,-0.060035219018269866,0.005031917235307066,-0.24016508914814,-0.32360334580673566,-0.2167840633942329,-0.44541052168170814,0.08359454105216817,0.008846577151661898,0.07913273167510455,-0.07671362535769316,0.1260576711424169,0.26743341404358356,0.2056504512436716,0.10515958617653533,0.21792207792207793,0.12983270966321814,0.2234338542813119,0.3677966101694915,-0.2068280871670702,-0.06701959057891262,-0.11864406779661017,0.0013317191283292978,-0.0008826766453885098,-0.047184679727052606,0.06530266343825666,0.08276689412282633,-0.21952014087607308,-0.005927801012546775,0.038274268104776576,0.0663548316090689,0.018439357252916577,0.07477437816420868,0.09052388289676425,0.04910411622276029,0.2255954215276249,-0.15076601364736958,-0.10416244772176976,-0.35369579572969406,-0.3665265243231345,-0.18681267884657715,-0.3161809377063614,-0.11472375082544574,0.37009685230024214,-0.01839093110279551,0.1698084965881576,0.25657495047325557,0.20651551837992516,0.054589478318291876,0.17902267224301122,0.19641206251375742,0.3223662777900066,0.14382126348228044,0.22412282632621616,0.038170812238608846,-0.10178296279991195,-0.025166189742460928,-0.21173673783843275
#17,0.07275368699097513,0.13414924058991856,0.2810675764913053,0.06080343385428131,1.0,0.4657891261281092,0.09405018710103456,0.13356372441118203,0.18621835791327318,0.038584635703279774,0.04892141756548536,0.490297160466652,0.17753907109839312,0.274719348448162,-0.2848910411622276,-0.32272507153863084,0.22167730574510236,0.2669337442218798,-0.3652278230244332,-0.18163768434954874,-0.38133392031697116,-0.37136693814659916,-0.11920537090028616,0.07176535329077702,-0.11009685230024213,-0.01918996257979309,-0.023535108958837772,0.05484701738939027,0.07580893682588598,0.07244992295839753,0.09450143077261722,0.10931322914373762,0.33156284393572527,0.015309267004182258,-0.05312128549416685,0.19742681047765795,0.22537750385208014,0.0663218137794409,-0.02875192604006163,-0.05986132511556241,-0.06514637904468414,0.10005502971604667,0.08772397094430993,-0.03368038740920097,-0.040774818401937044,-0.11161347127448823,0.07146158925819943,0.20565925599823906,-0.07791547435615233,-0.23916574950473254,0.07988553819062294,-0.2146797270526084,0.01565705480959718,-0.04688972044904248,-0.37727272727272726,-0.056984371560642746,-0.2614241690512877,-0.2887739379264803,-0.30141316310807836,-0.14048426150121066,0.22069557561082984,0.1562161567246313,0.28861765353290775,0.42088267664538853,0.25390710983931325,-0.012643627558881796,0.2415232225401717,0.10767554479418887,-0.1821153422848338,0.02570988333700198,0.23487343165309266,-0.01077261721329518,0.12348228043143297,0.2180761611270086,0.07334360554699537,0.25961479198767334,0.21491085186000441,-0.005597622716266784,0.0978120184899846,-0.014959278010125468,0.12130970724191063,0.2901298701298701,-0.14817301342725073,0.16917235307065814,0.38549636803874093,0.1609024873431653,0.21640325775918998,0.22192824125027516,0.23896324014968082,0.25623376623376626,0.25901386748844374,-0.0225049526744442,-0.056751045564604884,-0.11308826766453885,-0.1321021351529826,0.2093220338983051,0.04489544353951134,0.2926370239929562,0.14719568567026195,0.2603830068236848,0.2596786264582875,0.3664670922298041,0.1778978648470174,0.30731014747963903,0.17431432973805855,0.31170812238608847,0.2122738278670482,0.23311908430552497,0.060884877834030376,-0.20530266343825665,-0.39302223200528286
#18,0.36029936165529386,0.30589258199427694,0.38815980629539953,0.30168831168831167,0.4657891261281092,1.0,0.22673563724411183,0.43508254457407,0.1646995377503852,0.3406449482720669,0.06490204710543694,0.16080123266563945,0.39079462909971385,0.4726436275588818,-0.20608848778340302,-0.19845476557340963,0.36157825225621837,0.3321241470394013,-0.00836451683909311,-0.07592339863526304,-0.22426810477657935,-0.32789346246973367,-0.2251882016288796,-0.1163152102135153,0.0012194585075941007,-0.1919722650231125,-0.34702399295619635,-0.2399603786044464,0.03143297380585516,-0.09594320933303985,0.11251375742901167,0.03790446841294299,0.24466431873211533,-0.02985031917235307,-0.013686990975126568,0.14927801012546776,0.24445960818842175,-0.05038300682368479,-0.04734756768655074,-0.12829627999119525,-0.24848558221439576,0.007426810477657936,-0.04441998679286815,0.031547435615232225,-0.3127448822364077,-0.3386880915694475,-0.13077922077922077,0.012938586836891922,-0.24094430992736077,-0.2737772397094431,0.13988333700198108,-0.07356812678846578,-0.06529826106097293,-0.08796390050627338,-0.2540721989874532,-0.06513977547875853,-0.25177635923398634,-0.344191063174114,-0.39558661677305745,-0.3312282632621616,0.33926480299361655,0.04440677966101695,0.03365397314549857,0.036861104996698216,0.15629319832709662,-0.07499229583975346,0.11134712744882236,0.12002421307506053,0.10805414924058993,0.18555359894342946,0.4123574730354391,0.1980739599383667,0.05483381025753907,-0.05902267224301123,-0.06557781201848999,0.07316530926700418,0.212623816861105,0.06921417565485362,0.003482280431432974,-0.06969183359013867,0.02114902047105437,0.24885097952894564,-0.11709663218137795,0.3531168831168831,0.3444816200748404,0.220561303103676,0.2632137354171252,0.18559322033898304,-0.00900066035659256,0.06521241470394012,0.017329958177415804,-0.019134932863746422,-0.31988994056790665,-0.11594541052168171,-0.2480233325996038,0.20384547655734098,-0.12248734316530926,0.3238014527845036,0.07519480519480519,0.14542813119084305,0.3413779440898085,0.34662557781201847,0.1856636583755228,0.23668280871670702,0.3192846136913933,0.33796610169491526,0.3636671802773498,0.36412942989214175,-0.17189742460928903,-0.05679947171472595,-0.2201584855822144
#26,0.15969183359013867,0.6169513537310147,0.41049306625577814,0.3404886638784944,0.09405018710103456,0.22673563724411183,1.0,0.34069557561082986,0.3617763592339864,0.4975346687211094,-0.02934404578472375,-0.20262601804974686,-0.0057429011666299806,0.3801100594320933,0.1212788906009245,-0.054199867928681485,0.456271186440678,0.18397754787585296,0.02469073299581774,-0.2217543473475677,0.06951353731014748,-0.03744001760950914,0.06499889940567907,-0.18276689412282632,-0.07540832049306626,-0.26295179396874313,-0.09578252256218357,-0.21247413603345808,-0.2089588377723971,-0.40643187321153423,-0.30704380365397316,-0.18970063834470613,0.10035439137134053,-0.14763152102135152,-0.43848117983711205,-0.3809377063614352,-0.24809377063614352,-0.2074158045344486,-0.16570107858243452,-0.26790006603565925,-0.12770416024653314,-0.20944089808496588,-0.1247655734096412,-0.1279550957517059,-0.14756988773937926,0.09047765793528506,-0.1503235747303544,-0.16641866607968303,-0.0364274708342505,-0.20170812238608848,-0.024312128549416685,-0.012366277790006604,0.07112920977327757,0.05393132291437376,0.020548095971824786,0.039790887079022674,-0.10454985692273829,-0.29148580233325994,-0.11092449922958397,-0.28237068016729033,0.1776205150781422,-0.07519040281752146,-0.1189258199427691,-0.10236627779000661,0.307904468412943,0.1496103896103896,-0.1436715826546335,0.012773497688751925,0.22414263702399295,0.1065067136253577,0.47519920757208894,0.21998899405679068,-0.061380145278450364,-0.044186660796830285,-0.1432951793968743,-0.011672903367818623,-0.016390050627338764,-0.05012766894122826,0.2884503631961259,-0.1338630860664759,-0.030242130750605327,0.02866387849438697,0.19749064494827206,-0.21134272507153862,0.11645828747523662,0.038842174774378166,0.05432093330398415,-0.02802553378824565,-0.2338498789346247,-0.2677459828307286,-0.31055249834910853,-0.316583755227823,-0.19829848117983712,-0.1271846797270526,-0.061677305745102357,0.11978648470173894,-0.16199867928681488,0.12989214175654853,0.1149636803874092,0.02029055690072639,0.034155844155844155,0.16568567026194145,0.12296059872331058,0.07833810257539071,0.11267444419986793,0.01476997578692494,-0.0663086066475897,0.07753907109839313,-0.01928021131410962,0.10813779440898084,-0.009911952454325336
#49,0.4891547435615232,0.4151397754787585,0.22300682368478977,0.5227646929341845,0.13356372441118203,0.43508254457407,0.34069557561082986,1.0,0.32103235747303543,0.5459982390490865,0.11283953334800792,0.15666960158485582,0.19714946070878275,0.3078098173013427,0.17160466651992076,-0.3380211314109619,0.19397754787585297,-0.012685450143077261,0.17113801452784502,0.05197226502311248,0.1257340964120625,-0.23738718908210435,-0.03368258859784284,0.05436935945410522,0.16411842394893242,-0.06145278450363196,-0.3345234426590359,-0.2611864406779661,-0.05065595421527625,-0.23004182258419548,-0.05918335901386749,-0.060552498349108516,-0.04574950473255558,-0.012295839753466872,-0.0473695795729694,0.09232225401716927,0.09163328197226503,-0.06671362535769315,0.16167290336781862,-0.14340303764032578,-0.06768214836011446,0.04591679506933744,-0.05509134932863746,0.09192604006163328,-0.14973145498569226,-0.06201188641866608,-0.2146268985252036,-0.13312788906009246,-0.4289390270746203,-0.24005723090468853,-0.08395773717807616,0.026088487783403037,-0.08876293198327097,-0.13604446401056572,-0.07813779440898085,-0.12943649570768215,-0.24097732775698877,-0.24623816861104997,-0.37187541272287034,-0.4043517499449703,0.20790666960158485,-0.15475016508914813,0.06733215936605767,-0.11362535769315431,0.06303764032577591,-0.02140215716486903,0.24393352410301564,0.05629980189302223,0.28863086066475896,0.06477437816420867,0.4198481179837112,0.3183072859344046,-0.08196566145718688,-0.15520581113801452,-0.07301562843935726,-0.12457627118644068,-0.027070217917675544,-0.26936825885978427,0.05231785163988554,-0.02157164869029276,-0.12697556680607527,0.12918776139115123,0.1358397534668721,0.19274488223640765,0.07926040061633281,0.32884437596302,0.17345146379044685,0.02820162887959498,0.09842174774378164,-0.20815760510675765,-0.0014285714285714286,-0.21194585075941008,-0.38625797930882677,-0.21296500110059433,-0.3194519040281752,-0.2131697116442879,0.07258859784283513,-0.0699405679066696,-0.09445300462249615,-0.010345586616773057,-0.0563548316090689,-0.02537970504072199,0.0498811358133392,-0.034441998679286816,0.1786946951353731,-0.02964340744001761,-0.0363482280431433,0.15447501650891482,-0.19192824125027516,0.024875632841734538,-0.19055690072639225
#50,0.13643847677745982,0.5646158925819943,0.04120184899845917,0.09836671802773497,0.18621835791327318,0.1646995377503852,0.3617763592339864,0.32103235747303543,1.0,0.3915936605767114,0.3964406779661017,0.05963020030816641,0.24114461809377064,0.28729914153642966,0.15964120625137573,-0.11922738278670482,0.15245432533568126,0.05853841074180057,0.08704380365397314,-0.041824785384107416,0.20507153863086067,-0.08907550077041602,0.14192824125027514,0.02569887739379265,0.01579572969403478,-0.038481179837112044,-0.2382852740479859,-0.31310147479639006,0.08888179616993176,-0.1140677966101695,-0.17627779000660357,-0.32735417125247634,0.0013713405238828967,-0.09596962359674224,-0.1375941008144398,-0.1868699097512657,0.00028395333480079243,-0.08249394673123486,-0.10320052828527405,-0.16128109178956637,0.08112040501871011,-0.08051507814219679,0.17904028175214615,-0.09620515078142197,-0.044001760950913495,0.09097292537970504,-0.41249394673123485,-0.39794629099713846,-0.3985934404578472,-0.27663438256658596,-0.11508034338542814,-0.14598283072859344,0.03255558001320713,-0.02170592119744662,0.010019810697776799,0.04047765793528505,-0.025362095531587057,0.008765133171912833,-0.17944089808496588,0.02462029495927801,-0.00611930442438917,-0.3549746863306185,-0.054435395113361214,0.017880255337882456,-0.0011710323574730353,-0.16060532687651333,-0.007781201848998459,-0.18676865507373983,0.025621835791327315,-0.05703940127668941,0.14939687431212856,-0.023138895003301782,-0.15010785824345146,-0.2697930882676645,-0.07124367158265463,-0.1506845696676205,-0.10683028835571208,-0.26291877613911513,0.2719546555139776,0.032896764252696456,-0.03098613251155624,0.09932863746423068,0.05926260180497469,-0.005472154963680387,0.26651111600264143,0.07824565265243232,-0.036154523442659035,0.137640325775919,0.11143517499449702,-0.03819502531366938,-0.06683909311027955,-0.16639665419326435,0.01882456526524323,-0.10084305524983492,0.02116883116883117,-0.020288355712084524,-0.09990975126568347,0.006640986132511556,-0.13180937706361434,-0.179735857362976,-0.14918776139115122,0.09799691833590139,-0.001437376183138895,-0.09075720889280212,-0.06974025974025974,-0.15178516398855382,-0.20830288355712084,-0.082920977327757,-0.13629099713845477,0.08584855822143958,-0.1388069557561083
#51,0.4001826986572749,0.5816156724631301,0.38027955095751703,0.5786220559101916,0.038584635703279774,0.3406449482720669,0.4975346687211094,0.5459982390490865,0.3915936605767114,1.0,0.19651111600264143,-0.09047325555800131,0.13176755447941887,0.26897424609289017,0.17638344706141315,-0.24118203830068236,0.4857142857142857,0.07675104556460488,0.2300858463570328,-0.10033458067356373,0.21475236627779,0.034063394232885756,0.11138234646709223,0.02904028175214616,0.1496764252696456,-0.07842174774378165,-0.1649240589918556,-0.2513845476557341,0.05418886198547215,-0.19525203609949374,-0.18153863086066477,-0.20267884657715166,-0.05457627118644068,-0.05430552498349109,-0.10943429451904028,-0.055324675324675325,-0.006429672022892362,-0.1135989434294519,0.02325775918996258,-0.2196500110059432,0.06632621615672463,0.00033898305084745765,0.030338983050847458,-0.05355051727933084,-0.23801893022232004,-0.11024653312788905,-0.3813559322033898,-0.23087387189082104,-0.12029936165529385,-0.06922518159806296,0.02664979088707902,0.12595421527624917,0.10272727272727272,0.09090028615452345,0.211897424609289,0.14074400176095092,-0.06561303103675985,-0.1728615452344266,-0.2047127448822364,-0.3098239049086507,0.0589126128109179,-0.2470019810697777,-0.21405679066696015,-0.25730574510235527,0.12933964340744003,0.10983931322914374,-0.06810917895663658,-0.050964120625137575,0.26660576711424167,0.11173013427250715,0.40906669601584855,0.24763372220999338,-0.21105657054809598,-0.2924521241470394,-0.17160026414263702,-0.04210213515298261,-0.03313449262601805,-0.1035857362976007,0.2979286814880035,0.018186220559101914,-0.07616773057451023,0.10476557340964121,0.047673343605546994,-0.12637244111820384,-0.03105877173673784,-0.04774378164208673,-0.04104776579352851,0.15577591899625798,0.14989874532247413,-0.17977547875852962,-0.2706559542152763,-0.31640325775919,-0.1713449262601805,-0.2060444640105657,-0.26298921417565485,0.04226282192383887,0.03164869029275809,0.03799471714725952,0.06828087167070218,-0.10554479418886198,0.009524543253356813,0.16229143737618315,-0.09073739819502531,-0.08659696235967422,0.13376623376623376,-0.0637112040501871,-0.09795289456306405,0.027642526964560862,-0.21710323574730353,0.03791987673343605,-0.08187541272287036
#52,0.06595421527624917,0.253464670922298,0.12523002421307505,0.001111600264142637,0.04892141756548536,0.06490204710543694,-0.02934404578472375,0.11283953334800792,0.3964406779661017,0.19651111600264143,1.0,-0.0018864186660796831,0.10543693594541052,0.03497908870790227,-0.02905128769535549,-0.06537090028615453,0.07348007924279111,0.2579616993176315,0.2638102575390711,0.18197446621175434,0.08194585075941008,0.10368038740920096,0.11187981510015409,0.07075720889280211,0.0023046445080343383,0.0024323134492626017,-0.26347127448822366,-0.23292978208232445,0.11059432093330399,-0.009165749504732555,-0.04265463350209113,-0.26030596522121946,-0.041571648690292756,-0.08665419326436276,-0.051413163108078364,-0.025971824785384106,0.006491305304864627,-0.02766453885097953,-0.15691393352410302,-0.1412987012987013,-0.07285053929121725,-0.034488223640766015,-0.016922738278670482,0.03125687871450583,-0.18523002421307505,-0.06032137354171253,-0.3884239489324235,-0.3515892581994277,-0.4116156724631301,-0.19213955535989435,-0.11110719788685891,-0.21763592339863527,0.016189742460928903,-0.03386748844375963,0.07519920757208892,0.23414924058991857,-0.036033458067356375,-3.962139555359894e-05,-0.06386528725511777,-0.044283513097072416,-0.0001893022232005283,-0.12691613471274488,-0.11929341844596082,0.09205370900286154,0.11352410301562844,0.12187981510015408,-0.07881135813339203,-0.09274488223640766,0.19384767774598283,0.20108738718908212,0.23978428351309708,0.22364296720228924,-0.14310147479639004,-0.20739379264802993,-0.04217257318952234,-0.0028065155183799252,0.01111600264142637,-0.010475456746643188,0.03425489764472815,0.12204050187101034,-0.14710103455866166,0.0623530706581554,0.041910631741140215,-0.0635263042042703,0.002661237068016729,-0.03316971164428791,0.102326656394453,0.02937706361435175,0.03359674224081004,-0.34577151661897426,-0.191666299801893,-0.15915474356152323,0.06857583094871231,0.029724851419766673,0.0649966982170372,0.09222980409421087,0.011391151221659696,0.09129429892141756,-0.035826546335020915,-0.09948712304644508,-0.1436583755227823,0.13440898084965883,-0.024629099713845477,-0.09442438917015188,-0.13949372661237067,-0.20856922738278671,-0.21357473035439137,0.0017609509134932863,-0.10050407219898745,0.12128989654413383,-0.05070658155403918
#53,0.13492185780321372,-0.02138234646709223,-0.016999779881135813,0.0411666299801893,0.490297160466652,0.16080123266563945,-0.20262601804974686,0.15666960158485582,0.05963020030816641,-0.09047325555800131,-0.0018864186660796831,1.0,0.3533546114902047,0.1792361875412723,-0.21714725952014088,-0.2769117323354611,-0.06857583094871231,-0.11363636363636363,-0.24726172132951793,-0.0728087167070218,-0.41432753686990975,-0.36594981289896544,-0.27041822584195463,0.0032181377944089807,-0.1301782962799912,-0.002791107197886859,-0.07884657715166189,0.004142637023992956,0.27882456526524324,0.33603565925599826,0.30730574510235525,0.14017609509134932,0.02677305745102355,0.08778780541492406,0.3026106097292538,0.29691173233546114,0.2332687651331719,0.34559322033898304,0.1388795949812899,0.03464230684569668,-0.07727052608408541,0.4017587497248514,0.18511336121505614,0.15515958617653533,0.06546995377503852,-0.055467752586396656,0.21881576051067578,0.23844155844155845,-0.021131410961919436,0.0027536869909751266,0.11152322254017169,-0.09230464450803434,0.017244111820383008,-0.1260444640105657,-0.3035791327316751,-0.22927140655954215,-0.1964670922298041,-0.1718666079683029,-0.055285053929121725,0.0412392692053709,0.18347787805414925,0.3447985912392692,0.35145498569227385,0.3606911732335461,0.016634382566585955,0.025034118423948933,0.47676425269645606,0.2774862425709883,-0.1511138014527845,0.07250715386308607,-0.023781642086726833,0.15432533568126788,-0.041560642747083425,0.3214637904468413,0.07663218137794409,0.013695795729694035,0.047937486242570986,-0.20635042923178518,-0.018322694254897645,0.10221219458507594,0.22615892581994276,0.2013845476557341,0.012689852520360995,0.42167730574510237,0.23920096852300243,0.33067136253576934,0.0862293638564825,0.1848382126348228,0.37202069117323355,0.2532423508694695,0.2560180497468633,-0.018126788465771516,0.06751045564604886,-0.11694254897644728,-0.0224125027514858,-0.14421747743781643,0.2821021351529826,0.05089148139995597,-0.11952234206471495,0.2501254677525864,0.12626458287475237,0.1549042482940788,-0.09095091349328638,-0.019262601804974685,0.11513317191283293,0.1336517719568567,0.13197886858903807,0.16268765133171914,0.09534888839973586,-0.12202069117323354,-0.19206691613471275
#54,0.16702839533348007,0.11687431212854942,-0.09033237948492186,-0.03637464230684569,0.17753907109839312,0.39079462909971385,-0.0057429011666299806,0.19714946070878275,0.24114461809377064,0.13176755447941887,0.10543693594541052,0.3533546114902047,1.0,0.09607968302883557,-0.1059454105216817,-0.16193044243891702,0.055927801012546775,-0.017096632181377944,-0.12958177415804534,-0.2413911512216597,-0.1578032137354171,-0.39467092229804096,-0.1365859564164649,-0.22302003081664099,-0.14694475016508915,-0.292722870349989,-0.12090468853180718,-0.3852344265903588,0.2671186440677966,0.07716266784063394,0.5243121285494167,-0.32880915694475016,-0.12256878714505832,-0.27524983491085186,0.3970548095971825,0.011351529826106098,-0.079966982170372,-0.021974466211754348,-0.07646929341844597,-0.2528329297820823,-0.05733215936605767,0.1506515518379925,0.021179837112040502,0.11088487783403038,0.059528945630640547,-0.07086726832489544,-0.1809751265683469,-0.2072969403477878,-0.15191283292978208,-0.24596302003081663,-0.10141316310807837,-0.2526260180497469,-0.0947391591459388,-0.13056790666960158,-0.032260620735197004,-0.08072639225181598,0.12043363416244772,-0.03583975346687211,0.03489544353951134,0.048126788465771515,0.2519766674003962,-0.008668280871670701,-0.08082324455205811,0.06535989434294519,0.05474136033458067,-0.03642306845696676,0.04820823244552058,0.0612260620735197,-0.1619458507594101,-0.026031256878714507,0.11648470173893903,0.04846797270526084,0.16557120845256437,-0.11249614791987674,-0.037413603345806734,-0.030939907550077042,0.10633281972265023,0.061769755668060755,0.0797226502311248,-0.06957737178076161,0.2930266343825666,0.318333700198107,0.3720713185119965,0.3492031697116443,0.08396654193264362,0.1887409200968523,0.08041162227602905,0.15955535989434294,0.08161127008584636,-0.07202509355051728,0.15698217037200088,0.10208672683248954,0.06089588377723971,0.0137904468412943,-0.01201848998459168,0.10618534008364516,-0.18809156944750166,0.0903103675985032,-0.16242791107197888,-0.17665419326436277,-0.07403477878054149,0.2678076161127009,-0.44603125687871453,-0.3141866607968303,-0.20904028175214615,-0.02729914153642967,-0.060035219018269866,0.20108298481179837,-0.15907550077041602,0.2370416024653313,0.11810697776799471
#58,0.08527624917455426,0.2609773277569888,0.11603565925599824,0.22476117103235746,0.274719348448162,0.4726436275588818,0.3801100594320933,0.3078098173013427,0.28729914153642966,0.26897424609289017,0.03497908870790227,0.1792361875412723,0.09607968302883557,1.0,0.11034118423948933,-0.1901122606207352,0.02070658155403918,-0.08585296059872331,0.032914373761831386,-0.03765793528505393,-0.03013647369579573,-0.23332599603786044,-0.1949042482940788,-0.16922958397534668,-0.08025533788245652,-0.1501915034118424,-0.3314946070878274,-0.31377944089808496,0.031351529826106096,-0.06791327316751046,-0.33810917895663656,0.03630640545894783,-0.10293638564825006,-0.0449306625577812,-0.22327096632181379,0.22481620074840414,0.3009178956636584,0.17669381465991635,0.03462909971384548,-0.09524103015628439,-0.24156064274708341,0.1425379705040722,0.10029716046665199,0.02137574290116663,-0.22384987893462469,-0.2173365617433414,-0.19321813779440897,-0.08098173013427251,-0.22452784503631962,-0.22619194364957076,-0.13161347127448822,-0.23128109178956638,-0.1797226502311248,-0.2959035879374862,-0.30799691833590137,-0.2971648690292758,-0.01742460928901607,-0.042036099493726616,-0.15202509355051727,-0.2737442218798151,0.31430772617213293,0.0784701738939027,0.2768611049966982,0.1350363196125908,-0.033332599603786046,-0.05894783182918776,0.3779088707902267,0.20628439357252917,0.2792868148800352,0.2162887959498129,0.328399735857363,0.2330464450803434,0.12551397754787585,-0.015630640545894782,0.11678846577151662,0.13660796830288355,0.22996257979308826,-0.09823464670922298,0.07216596962359674,-0.1765133171912833,-0.0035108958837772397,0.18465991635483162,-0.08617873651771957,0.13194805194805195,0.2296896324014968,0.252788906009245,0.20902267224301121,0.05633281972265023,0.014036979969183358,0.05656614571868809,-0.17737398195025314,-0.02021351529826106,-0.25550077041602465,-0.023735417125247633,-0.12531807175874973,-0.13587497248514196,-0.0044111820383006825,-0.014990094651111601,-0.2288201628879595,-0.0009531146819282412,-0.047356372441118205,-0.07601584855822144,0.157145058331499,0.06233766233766234,0.17468853180717586,-0.04762271626678406,-0.05143297380585516,0.2822474136033458,-0.056559542152762494,-0.05863746423068457,-0.17667840633942328
#101,-0.17436495707682148,0.061254677525863964,-0.4008122386088488,0.057083425049526744,-0.2848910411622276,-0.20608848778340302,0.1212788906009245,0.17160466651992076,0.15964120625137573,0.17638344706141315,-0.02905128769535549,-0.21714725952014088,-0.1059454105216817,0.11034118423948933,1.0,0.27148139995597625,-0.34561963460268547,-0.48966541932643626,0.29259960378604444,0.3537992515958618,0.6083425049526744,0.1827096632181378,0.20287915474356152,-0.06909090909090909,0.1569073299581774,-0.06743121285494166,-0.21008364516839093,-0.3876535329077702,0.0335659255998239,-0.16443759630200308,-0.2889082104336342,-0.35337882456526526,-0.474653312788906,-0.24674664318732115,-0.02578252256218358,0.014188861985472156,0.18278450363196125,0.17559322033898306,0.18850099053488883,-0.14565485362095532,0.16601364736957958,0.16501871010345587,0.18587717367378384,0.3269535549196566,0.15172353070658157,0.21405018710103457,-0.23728813559322035,-0.28350209112920977,-0.14969403477878054,-0.2689962579793088,-0.36999779881135814,-0.3264274708342505,-0.31548756328417343,-0.3849196566145719,0.055181598062953995,-0.34280431432973807,0.29706361435174994,0.38648250055029715,0.07639225181598062,-0.004208672683248954,-0.032489544353951134,-0.22474796390050628,0.21370239929561963,-0.035569007263922515,-0.2773673783843275,-0.3026040061633282,0.21808496588157605,0.022256218357913273,0.4023860884877834,0.17822143957737177,-0.13372220999339643,0.007380585516178736,0.03320493066255778,-0.3447413603345807,0.27701738939027076,-0.030821043363416244,-0.044972485141976666,-0.2648690292758089,0.15667620515078143,-0.00783843275368699,-0.1273563724411182,-0.10324895443539511,0.25852740479859126,-0.09824565265243232,-0.1338168611049967,-0.23477437816420868,-0.2957561082984812,-0.27491965661457185,0.05085186000440238,-0.1717851639885538,-0.10600704380365397,-0.20575170592119746,-0.12356812678846577,-0.2962755888179617,-0.23955976227162668,-0.43979308826766456,-0.06685890380805636,-0.5254325335681268,-0.4889192163768435,-0.43668060752806515,-0.6231521021351529,-0.44943869689632404,-0.06374862425709883,-0.46928461369139335,-0.40726612370680165,-0.5015540391811578,-0.46606647589698436,-0.10707241910631742,-0.11849438696896324,-0.13069557561082984,-0.015432533568126789
#102,-0.30517279330838654,-0.16190402817521463,-0.19039181157825225,-0.3423728813559322,-0.32272507153863084,-0.19845476557340963,-0.054199867928681485,-0.3380211314109619,-0.11922738278670482,-0.24118203830068236,-0.06537090028615453,-0.2769117323354611,-0.16193044243891702,-0.1901122606207352,0.27148139995597625,1.0,-0.24275808936825885,-0.018551617873651772,0.10880035219018269,0.3559123926920537,0.34626018049746865,0.4664076601364737,-0.11893462469733657,-0.07173233546114902,-0.10098393132291437,-0.12386528725511776,0.051481399955976226,-0.049075500770416024,-0.22020691173233545,-0.05671142416905129,-0.06771736737838432,-0.13695135373101475,-0.14444640105657056,-0.19985692273827868,-0.11936605767114242,-0.34906229363856484,-0.1034866828087167,-0.0747259520140876,-0.0902377283733216,0.10275148580233326,-0.04932863746423068,-0.1659344045784724,0.00436715826546335,0.17711424169051287,0.010686770856262382,0.3695729694034779,0.24125027514858025,0.020964120625137573,0.1609487123046445,0.026024653312788908,0.07065595421527625,0.017101034558661677,-0.08639885538190623,-0.05330618534008365,0.03585296059872331,0.005907990314769976,0.027347567686550736,0.20291657495047324,-0.19244331939247195,0.033966541932643625,-0.15423068456966763,-0.14622055910191503,-0.056260180497468636,-0.004708342504952674,-0.03684569667620515,-0.20696896324014968,-0.14105436935945412,-0.057979308826766454,0.0853004622496148,0.0812854941668501,-0.1898415144177856,-0.02360114461809377,0.14610829848117984,-0.056290997138454764,0.13896764252696456,-0.13011446180937705,-0.11297600704380366,-0.10497908870790226,-0.20142416905128768,0.21259520140876073,0.013838872991415365,-0.2359189962579793,-0.04475676865507374,-0.016724631300902487,-0.16139555359894342,-0.182623816861105,-0.30591679506933744,-0.3567708562623817,-0.3284855822143958,-0.08300462249614791,-0.351930442438917,-0.16163988553819061,-0.14105877173673784,-0.058736517719568566,-0.1254259300022012,-0.1690248734316531,-0.23695795729694036,-0.15993616552938586,-0.04971604666519921,-0.20749064494827207,-0.23470394012766893,-0.22688531807175874,-0.2019062293638565,-0.18565265243231344,-0.2377195685670262,-0.07284833810257539,-0.11485582214395773,-0.16666519920757208,-0.049988994056790664,-0.13962799911952453,0.05989654413383227
#201,0.2884371560642747,0.3452630420427031,0.7547963900506274,0.33047765793528505,0.22167730574510236,0.36157825225621837,0.456271186440678,0.19397754787585297,0.15245432533568126,0.4857142857142857,0.07348007924279111,-0.06857583094871231,0.055927801012546775,0.02070658155403918,-0.34561963460268547,-0.24275808936825885,1.0,0.6840347787805415,-0.008828967642526964,-0.5115078142196786,-0.17677525863966542,-0.03297600704380366,0.11583755227823024,-0.004327536869909751,0.132425709883337,-0.07222540171692714,0.17971604666519922,0.07402377283733216,-0.007435615232225402,-0.054254897644728156,0.14244772176975568,0.218168611049967,0.38275148580233326,0.2165727492846137,-0.09172793308386529,-0.18797270526084087,-0.1705128769535549,-0.2819106317411402,-0.19107197886858904,-0.022595201408760732,-0.023513097072419106,-0.31348448162007486,-0.2956482500550297,-0.34601364736957957,-0.1824323134492626,-0.190924499229584,-0.12396434074400176,-0.012934184459608188,0.010473255558001321,-0.029132731675104558,0.1724521241470394,0.18622055910191504,0.33972044904248294,0.3790777019590579,0.3149944970283953,0.43641866607968305,-0.2995003301782963,-0.5700176095091349,-0.10705480959718248,-0.18714065595421528,-0.09845916795069337,-0.18217697556680607,-0.43648470173893905,-0.220462249614792,0.3080563504292318,0.29405238828967645,-0.31662337662337664,-0.12969403477878055,0.014952674444199869,-0.03708342504952675,0.5116178736517719,0.048023332599603785,-0.12278450363196126,0.06170592119744662,-0.5212326656394453,-0.2322474136033458,-0.17689852520360996,-0.02733436055469954,0.3566233766233766,0.0536253576931543,0.11487563284173453,0.05647589698437156,-0.15853841074180058,-0.009894342945190402,0.15076161127008586,-0.15536209553158706,0.01225181598062954,0.08049526744441998,-0.10086066475896985,-0.0946268985252036,-0.16207351970063835,-0.14065815540391813,0.04981069777679947,-0.12715386308606647,0.020198106977767995,0.6369667620515078,-0.092491745542593,0.5953444860224522,0.4673497688751926,0.28742681047765795,0.48236187541272285,0.685758309487123,0.2742593000220119,0.371270085846357,0.3107902267224301,0.2996720228923619,0.22817961699317632,-0.13117103235747304,-0.23668941228263263,0.0036869909751265683,-0.10711204050187101
