,#10,#11,#12,#13,#17,#18,#26,#49,#50,#51,#52,#53,#54,#58,#101,#102,#201,#202,#301,#302,#401,#402,#501,#502,#601,#602,#701,#702,#801,#802,#901,#902,#1001,#1002,#1101,#1102,#1201,#1202,#1301,#1302,#1401,#1402,#1501,#1502,#1601,#1602,#1701,#1702,#1801,#1802,#1901,#1902,#2001,#2002,#2101,#2102,#2201,#2202,#2301,#2302,#2401,#2402,#2501,#2502,#2601,#2602,#2701,#2702,#2801,#2802,#2901,#2902,#3001,#3002,#3101,#3102,#3201,#3202,#3301,#3302,#3401,#3402,#3455,#3501,#3502,#3601,#3602,#3701,#3702,#3801,#3802,#3901,#3902,#4001,#4002,#4101,#4102,#4201,#4202,#4301,#4302,#4401,#4402,#4501,#4502,#4601,#4602,#4701,#4702,#4801,#4802
#10,1.0,0.43504512436715825,0.45902267224301124,0.6153114681928241,0.25416244772176977,0.1640788025533788,-0.01966101694915254,0.6585824345146379,0.08565705480959718,0.5888179616993177,0.5470768214836012,0.13360114461809378,0.09306625577812018,0.19214395773717807,0.18796169931763151,0.2984305524983491,0.43699317631521023,0.028485582214395774,0.1810543693594541,-0.024032577591899626,0.1449042482940788,0.19684349548756327,0.3155976227162668,0.15305084745762712,0.36548095971824784,0.1264472815320273,-0.27125467752586396,-0.35869689632401497,0.15993616552938586,-0.19913933524103017,-0.2881554039181158,-0.5555668060752806,-0.26860664758969843,-0.5395289456306406,-0.37909751265683467,-0.1334888839973586,-0.5846313009024874,-0.17295179396874313,-0.38938806955756106,-0.23703279771076383,0.011008144397974906,-0.07730574510235527,-0.16714285714285715,-0.15410521681708123,-0.11243671582654634,0.1036121505613031,-0.4418115782522562,-0.42042703059652214,-0.23461589258199428,-0.2999867928681488,-0.1659982390490865,-0.17025974025974025,-0.06840193704600485,0.05038740920096852,0.20879594981289898,0.17366718027734976,-0.2624455205811138,-0.04884217477437816,-0.3978912612810918,-0.2794849218578032,0.013088267664538852,0.24485582214395774,-0.0678582434514638,-0.08840413823464671,0.3256548536209553,-0.020926700418225842,-0.005476557340964121,-0.2733854281311908,0.05802333259960379,0.018738718908210432,0.2661831388950033,0.23150781421967861,0.2741382346467092,-0.1431432973805855,0.03763812458727713,-0.09429892141756549,-0.1987871450583315,-0.1048382126348228,0.5382148360114462,0.23223860884877834,-0.10608848778340303,0.050821043363416245,-0.04427470834250495,0.03765133171912833,0.1250891481399956,0.09082104336341625,-0.02212854941668501,-0.08894122826326216,0.036218357913273165,-0.03662337662337662,-0.15675324675324676,-0.04044904248294079,-0.2012788906009245,-0.13031697116442878,-0.32674664318732116,0.192194585075941,0.18993836671802775,-0.06906889720449043,-0.09453224741360335,-0.11179396874312128,-0.24027514858023333,0.06721989874532247,-0.47142637023992956,0.004342945190402818,-0.08145938806955756,-0.1800396213955536,-0.20571648690292757,0.12475236627779,0.018738718908210432,-0.2962359674224081,-0.2957803213735417
#11,0.43504512436715825,1.0,0.3481554039181158,0.355511776359234,0.027908870790226723,0.010314769975786925,0.1688201628879595,0.3508826766453885,0.2704798591239269,0.4810543693594541,0.4117851639885538,-0.009658815760510676,0.025850759410081445,0.14015628439357253,0.11683909311027955,0.19673563724411183,0.1732357473035439,0.02562623816861105,0.3070261941448382,0.2123332599603786,0.19280651551837993,0.17792868148800353,0.15451243671582654,0.2853048646268985,0.0013603345806735636,0.2465067136253577,-0.1888465771516619,-0.10807395993836671,0.08854061193044244,0.21534448602245213,-0.22148580233325996,-0.13718247853841073,-0.2810367598503192,-0.18758309487123045,-0.23610169491525423,-0.054884437596302,-0.09942989214175654,-0.1110345586616773,-0.1404556460488664,-0.24948932423508693,0.16335020911292097,0.1645806735637244,0.014754567466431874,-0.011694915254237288,-0.02357693154303324,0.15002861545234428,-0.230363196125908,-0.23477657935285054,-0.18178736517719568,-0.19956196346026855,-0.20893902707462028,-0.20513537310147478,-0.1874290116662998,0.06569667620515078,0.07988113581333921,-0.06080343385428131,-0.20780761611270085,-0.11255998239049086,-0.2554325335681268,-0.2604600484261501,-0.08316530926700418,0.026731234866828088,-0.04911071978868589,-0.022949592780101256,0.4220977327756989,0.00800792427911072,0.09535549196566145,0.03648470173893903,0.17392692053709002,-0.0033788245652652434,0.16480959718247853,0.30687211093990757,0.03167070217917676,-0.1462095531587057,-0.15565705480959718,-0.18987673343605546,-0.21451683909311028,-0.10011005943209333,0.2566982170372001,0.2370724191063174,-0.24936605767114242,-0.04707902267224301,-0.10839973585736297,0.0250363196125908,0.012967202289236188,0.004215276249174554,-0.05808496588157605,-0.10579132731675105,0.07570327977107638,-0.12361435174994496,0.03980629539951574,-0.03067356372441118,0.0076227162667840635,-0.009720449042482942,-0.013042042703059652,-0.027576491305304866,0.32878494386968965,-0.21474796390050627,-0.21743341404358354,-0.16479418886198546,-0.1816817081223861,-0.053865287255117765,-0.29427030596522125,-0.08248734316530927,-0.26494607087827426,-0.2259586176535329,-0.24703720008804755,0.06659916354831609,0.03856482500550297,-0.32151001540832047,-0.26803653973145497
#12,0.45902267224301124,0.3481554039181158,1.0,0.6242350869469514,0.4062887959498129,0.22201408760730795,0.23810257539071097,0.3374686330618534,-0.08799251595861765,0.6830464450803434,0.45130090248734317,0.14542813119084305,0.09665859564164649,0.14912832929782083,0.012956196346026854,0.1531036759850319,0.648003521901827,0.5517257318952234,-0.0684767774598283,-0.09414483821263482,-0.21571648690292758,-0.1415364296720229,0.7071978868589038,0.46244111820383005,0.2813669381465992,-0.11590799031476998,0.10009685230024214,-0.19619854721549637,0.24466651992075722,-0.06953995157384987,-0.08931322914373761,-0.33074180057230906,-0.08695135373101474,-0.4351023552718468,-0.2889368258859784,-0.22524763372221,-0.4941228263262162,-0.4445784723750825,-0.07814439797490645,-0.10057451023552719,-0.06653532907770196,-0.012119744662117543,0.01096632181377944,-0.1433546114902047,-0.09454325335681268,0.18830288355712085,-0.29776359233986355,-0.26205370900286157,-0.03651992075720889,-0.22609509134932865,-0.18105216817081224,-0.001419766674003962,0.41236407660136476,0.40027514858023333,0.22977107638124586,0.03656614571868809,-0.35588817961699315,-0.4405745102355272,-0.4465397314549857,-0.07387189082104337,-0.20796610169491525,0.09162447721769755,-0.4170217917675545,-0.35059652212194586,0.5100968523002422,0.34355051727933084,0.01073959938366718,-0.1660840854061193,-0.22301562843935727,-0.23737838432753686,0.4381818181818182,0.426913933524103,0.0990314769975787,-0.22112920977327757,-0.39380805635042926,-0.1364274708342505,-0.5550539291217257,-0.062465331278890604,0.21899185560202508,-0.0636055469953775,-0.15450803433854282,0.08712524763372222,-0.029022672243011225,0.11151221659696237,0.16946731234866827,-0.010358793748624258,-0.036557340964120624,-0.0897754787585296,-0.044047985912392694,-0.0672903367818622,-0.05666519920757209,-0.04098833370019811,-0.26421747743781643,-0.1027030596522122,-0.2585031917235307,0.5628263262161567,0.09587057010785824,0.2677745982830729,0.1450297160466652,-0.06811798371120405,0.026011446180937706,0.29691613471274486,-0.08336561743341404,0.15601584855822143,0.030684569667620516,-0.11633061853400836,-0.03679286814880035,-0.19306185340083645,-0.14346907329958178,-0.400363196125908,-0.3638895003301783
#13,0.6153114681928241,0.355511776359234,0.6242350869469514,1.0,0.2624983491085186,0.2191943649570768,0.11592339863526305,0.4369865727492846,-0.08657495047325556,0.7113405238828968,0.4500066035659256,0.13395993836671802,0.2620008804754567,0.14607968302883556,-0.0389324235086947,0.20927360774818402,0.5650913493286375,0.19227382786704822,-0.08067796610169492,-0.09086506713625357,-0.19473035439137135,0.0687475236627779,0.42419546555139775,0.4627823024433194,0.3083359013867488,0.12697336561743341,-0.05444199867928681,-0.1450231124807396,0.15188201628879594,0.010096852300242131,-0.2154831609068897,-0.4084701738939027,-0.2049570768214836,-0.5055624036979969,-0.17336561743341405,-0.1601254677525864,-0.5141470394012767,-0.2448976447281532,-0.24128329297820822,0.018952234206471495,0.050022011886418666,0.0038102575390710986,-0.10584415584415584,-0.16888399735857362,-0.08182478538410742,0.22662998018930222,-0.317871450583315,-0.30324675324675326,-0.23123046445080345,-0.1346599163548316,-0.3003896103896104,-0.04683028835571208,-0.001060972925379705,0.2590248734316531,0.17283733215936606,0.16103675985031918,-0.4229980189302223,-0.03364296720228924,-0.3478318291877614,-0.01788465771516619,-0.030299361655293858,0.17046665199207572,-0.12851860004402377,-0.10739159145938806,0.4027514858023333,0.062058111380145276,0.012282632621615672,-0.16141536429672024,-0.2760598723310588,-0.1273893902707462,0.18286814880035218,0.10268765133171913,0.0325313669381466,-0.2110873871890821,-0.20229143737618313,-0.14272287034998898,-0.4528351309707242,-0.16474136033458067,0.25779000660356594,0.129768875192604,-0.017602905569007263,0.14794629099713846,0.009073299581774158,0.09831829187761391,0.033924719348448165,0.2517587497248514,0.1565001100594321,-0.04599823904908651,-0.03526084085406119,-0.012703059652212195,-0.08253356812678847,0.06988333700198107,0.012573189522342064,-0.010543693594541052,-0.1472639225181598,0.2337838432753687,0.2463152102135153,0.04418886198547216,0.08879154743561524,-0.2063944530046225,-0.20527624917455425,0.18317191283292977,-0.3249152542372881,-0.002031697116442879,-0.09601584855822144,-0.23776799471714727,-0.2565551397754788,-0.07823684789786485,-0.07762931983270967,-0.2976667400396214,-0.20567906669601585
#17,0.25416244772176977,0.027908870790226723,0.4062887959498129,0.2624983491085186,1.0,0.4538498789346247,0.0838432753686991,0.17343605546995378,-0.14039621395553598,0.23747303543913714,0.29532907770195904,0.5691503411842395,0.31536209553158706,0.08795509575170592,-0.07924279110719788,0.07882456526524323,0.2975214615892582,0.2171252476337222,-0.0922474136033458,0.1561963460268545,-0.05762931983270966,0.05650011005943209,0.21360994937266123,0.17900286154523443,0.1280211314109619,-0.09899405679066696,-0.12057451023552719,-0.10838872991415364,0.1918247853841074,0.05552278230244332,-0.008844375963020032,-0.26834470614131634,-0.16946951353731016,-0.25156724631300903,-0.15144838212634823,-0.1620647149460709,-0.46965881576051066,-0.12879154743561524,-0.13873211534228483,-0.12965441338322695,-0.1161104996698217,0.048776139115122165,0.18882236407660136,0.005941008144397975,0.25677966101694916,0.38000880475456744,-0.18867268324895445,-0.17588157605106758,-0.013240149680827647,-0.05215716486902928,-0.08001100594320933,-0.011080783623156504,0.04929561963460269,0.08891041162227603,0.09614571868809157,0.07519260400616333,-0.12284173453664979,-0.043823464670922296,-0.3690909090909091,0.09405238828967642,-0.23137574290116664,-0.04793088267664539,-0.027083425049526745,-0.1683469073299582,0.030955315870570106,0.1074224081003742,0.12067576491305305,-0.05046885318071759,-0.01802113141096192,0.10653532907770195,0.24575830948712304,0.21576931543033237,0.14420427030596522,-0.17370239929561965,-0.09566145718688092,-0.02977988113581334,-0.30732555580013204,-0.08863966541932644,0.2146158925819943,-0.010884877834030377,-0.10985692273827867,0.3038564825005503,-0.007329958177415804,0.1423068456966762,0.4722011886418666,-0.050050627338762935,-0.1327162667840634,0.24516398855381907,0.16716266784063394,0.3425797930882677,0.22705701078582435,0.053642967202289234,0.0033370019810697775,-0.298283072859344,-0.26109178956636586,0.055657054809597185,0.00476337222099934,0.056163328197226504,0.0653995157384988,-0.05112920977327757,-0.05287034998899406,0.16561963460268544,0.08478758529605987,-0.10396213955535989,-0.12552718467972707,-0.1939225181598063,-0.16774158045344487,-0.15333259960378604,-0.1431432973805855,-0.4445410521681708,-0.3272903367818622
#18,0.1640788025533788,0.010314769975786925,0.22201408760730795,0.2191943649570768,0.4538498789346247,1.0,0.19552058111380144,0.09213295179396874,-0.14978648470173894,0.1303103675985032,0.04647589698437156,0.2970592119744662,0.5656724631300902,0.32909311027955096,-0.20492626018049748,-0.027032797710763813,0.38749064494827207,0.41789346246973363,-0.30055690072639224,0.09440898084965882,-0.0691107197886859,-0.06350429231785164,0.10389390270746203,-0.01427030596522122,-0.05791767554479419,-0.19631300902487342,0.11964560862865947,0.0625841954655514,0.47196786264582874,0.11175434734756769,0.3330728593440458,-0.2609861325115562,0.11485362095531587,-0.23697116442879154,-0.2222232005282853,-0.25865727492846136,-0.4039555359894343,-0.33691833590138676,-0.1448117983711204,-0.16055029716046665,-0.21099933964340745,-0.09207131851199647,-0.11065815540391812,-0.16367378384327536,0.21066035659256,0.2122672243011226,0.06535108958837772,0.035080343385428134,0.15930222320052828,0.11278010125467752,0.1290710983931323,0.169636803874092,0.14947611710323574,0.11685670261941448,-0.09003742020691173,-0.1457142857142857,-0.1797292537970504,-0.08380585516178736,-0.2831454985692274,0.15960818842174773,-0.14210433634162448,-0.07031036759850319,0.06392031697116443,0.050074840413823464,0.08437376183138895,0.15048426150121066,0.4639555359894343,0.030125467752586396,-0.0636187541272287,0.02254237288135593,0.09542152762491746,0.11212414703940128,-0.05089808496588158,-0.2734800792427911,-0.06934624697336561,-0.20698217037200087,-0.2811336121505613,-0.3799295619634603,0.1152542372881356,-0.1427162667840634,0.3395993836671803,0.4052410301562844,0.23110499669821705,0.39587057010785826,0.408333700198107,0.041996478098173015,-0.12888399735857364,-0.049900946511116005,0.10909971384547655,0.22935505172793308,0.09231124807395993,0.058732115342284834,-0.02603565925599824,-0.38271846797270526,-0.25846797270526084,0.10246092890160687,-0.22147919876733435,0.1589060092449923,0.13213075060532686,0.11924058991855602,0.0635593220338983,0.4427823024433194,0.03769755668060753,0.09912612810917895,0.10396654193264362,-0.0613779440898085,-0.010675764913053049,-0.1646951353731015,-0.1671076381245873,-0.2850693374422188,-0.3654633502091129
#26,-0.01966101694915254,0.1688201628879595,0.23810257539071097,0.11592339863526305,0.0838432753686991,0.19552058111380144,1.0,-0.023240149680827646,0.227607307946291,0.12402157164869029,0.03340523882896764,0.09199427690953114,0.08459167950693375,0.44541272287035,-0.13423508694695135,0.06390490865067136,0.1162623816861105,0.3655029716046665,-0.17874312128549416,0.04110499669821704,-0.18098393132291438,-0.18613251155624036,0.17382786704820602,0.11399735857362976,-0.12118203830068237,-0.2130112260620735,0.14366938146599165,0.042656834690732996,0.06885758309487124,0.015225621835791327,0.17849218578032136,-0.18657495047325556,0.14435615232225402,-0.013215936605767115,-0.19502751485802333,-0.25472375082544574,-0.10521461589258199,-0.26685670261941447,-0.031124807395993836,0.16144618093770635,0.019911952454325334,-0.040543693594541054,-0.02970944309927361,0.07193264362755888,-0.028102575390710986,0.1535593220338983,0.07677966101694915,0.01940347787805415,0.19913713405238828,0.061562843935725295,-0.11097732775698878,-0.038762931983270965,0.10917675544794189,0.3124169051287695,-0.18399295619634604,0.013370019810697777,-0.12888839973585736,-0.25659035879374864,-0.17583535108958837,0.24701738939027074,-0.10868368919216377,0.060178296279991196,-0.23039181157825225,-0.08682808716707022,0.1998084965881576,0.2938366718027735,0.5022694254897645,0.17778340303764031,0.04066916134712745,-0.010605326876513317,0.28940347787805415,0.25696015848558224,0.0030288355712084526,0.14324235086946951,-0.18779661016949153,-0.08212194585075941,-0.2770151882016289,-0.31161347127448824,-0.05127668941228263,-0.26608848778340305,0.015668060752806516,0.0839225181598063,0.1269337442218798,0.07550077041602465,0.10471054369359455,-0.06404798591239269,-0.044479418886198545,0.22812238608848778,0.20433414043583534,0.027765793528505393,0.009564164648910412,-0.06976887519260401,-0.09055910191503412,-0.3083314990094651,-0.08443099273607749,0.13528945630640546,-0.11438917015188202,0.10730134272507154,0.08182038300682369,0.022392692053709,0.21175874972485143,0.21418225841954655,0.022350869469513538,0.16595641646489104,0.00021571648690292758,0.08132071318511996,0.046667400396213955,-0.16875632841734536,0.0337574290116663,-0.18770195905789125,-0.20015628439357253
#49,0.6585824345146379,0.3508826766453885,0.3374686330618534,0.4369865727492846,0.17343605546995378,0.09213295179396874,-0.023240149680827646,1.0,0.22122386088487783,0.5322452124147039,0.547376183138895,0.06291437376183139,-0.012568787145058331,0.2539533348007924,0.2088928021131411,0.22150121065375303,0.21489984591679506,-0.029361655293858684,0.1501915034118424,-0.1594651111600264,0.11550957517059211,-0.039911952454325335,0.3052036099493727,0.17086506713625357,0.3254699537750385,0.010440237728373322,-0.34302223200528287,-0.45888179616993174,0.07000440237728374,-0.18184459608188422,-0.23912832929782082,-0.2984833810257539,-0.20851860004402378,-0.5143165309267004,-0.25216817081223863,-0.09348888399735858,-0.4928813559322034,-0.24211754347347567,-0.256517719568567,-0.17759189962579794,0.016330618534008363,-0.08872331058771736,-0.10879594981289896,-0.2436253576931543,0.05160246533127889,0.10355051727933084,-0.46964780981730136,-0.555445740699978,-0.32496588157605105,-0.46664098613251154,-0.22220559101915033,-0.4137904468412943,-0.06978648470173894,-0.1349108518600044,0.08091129209773278,-0.06806295399515738,-0.2160048426150121,-0.18851860004402377,-0.4780409421087387,-0.40240369799691833,0.15024653312788905,0.28921417565485363,0.016194144838212635,-0.08538630860664759,0.267673343605547,-0.15104116222760292,0.08587497248514198,-0.2970085846357033,0.24569007263922518,0.2113779440898085,0.5472617213295179,0.3083359013867488,0.3927118644067797,-0.13431432973805854,0.2165397314549857,-0.04371340523882897,-0.09313669381465992,-0.07039621395553598,0.4686022452124147,0.09722870349988993,-0.02015628439357253,-0.014001760950913494,0.09476337222099934,0.2259322033898305,0.16154743561523222,0.14553819062293638,0.017849438696896324,-0.026310807836231565,-0.05652652432313449,-0.08697996918335901,-0.12343385428131191,-0.10499449702839533,-0.25093110279550956,-0.3074620294959278,-0.446451683909311,0.17319612590799033,0.16631080783623156,0.024708342504952675,-0.18559322033898304,-0.22406119304424388,-0.18052388289676424,0.02609289016068677,-0.32221659696235966,0.07972485141976668,-0.0363416244772177,-0.03691613471274488,-0.09461149020471055,0.3101760950913493,0.12451904028175215,-0.29743781642086725,-0.3159542152762492
#50,0.08565705480959718,0.2704798591239269,-0.08799251595861765,-0.08657495047325556,-0.14039621395553598,-0.14978648470173894,0.227607307946291,0.22122386088487783,1.0,0.13196786264582874,0.12211093990755008,-0.03500770416024653,-0.28491525423728814,0.18158485582214395,0.4414880035219018,0.12442438917015189,-0.06580453444860225,-0.04309707241910632,0.25834250495267447,0.13896984371560642,0.19963900506273388,0.05904688531807176,-0.028340303764032578,-0.08192383887299141,0.16274047985912393,0.0012282632621615672,-0.028373321593660576,-0.11672022892361876,-0.16986572749284615,-0.28663438256658597,-0.01588377723970944,-0.12119744662117543,-0.1733546114902047,-0.032817521461589255,-0.1397424609289016,-0.059724851419766675,-0.049062293638564826,-0.17795949812898965,-0.04979969183359014,0.01796169931763152,-0.06328417345366498,-0.06964340744001761,0.0921681708122386,-0.02066035659255998,-0.0812854941668501,-0.04847237508254457,-0.18461809377063615,-0.22896324014968084,-0.07538630860664759,-0.12016508914813999,-0.16545234426590358,-0.2631961259079903,-0.05590138674884437,-0.04553158705701078,-0.06435835351089589,-0.13845696676205152,0.1552740479859124,-0.1875610829848118,-0.04338983050847458,-0.2805745102355272,0.05967202289236188,-0.0008628659476117103,-0.10369359454105216,-0.17763592339863526,0.2202443319392472,0.06951573849878935,0.13054589478318293,0.19786924939467312,0.3855888179616993,0.11814659916354832,0.27387189082104335,0.1663548316090689,0.18365617433414044,0.10873871890821044,0.07154743561523222,0.08515738498789346,0.04985692273827867,0.14876953554919656,0.23572309046885317,-0.137079022672243,-0.13675985031917234,-0.21983270966321813,0.013931322914373762,-0.027239709443099273,0.005716486902927581,0.04558441558441558,-0.008690292758089368,-0.08688091569447502,0.13116222760290558,-0.0426106097292538,-0.23680387409200968,0.023616552938586836,-0.23276029055690073,-0.012317851639885538,-0.2289698437156064,0.003352410301562844,0.022707462029495928,-0.15221219458507593,-0.17351089588377724,-0.23031917235307064,-0.10583094871230464,0.036590358793748626,-0.10887959498128989,0.039009465111160026,-0.15705040721989874,-0.061333920316971165,-0.014787585296059872,0.051952454325335684,-0.03180717587497248,-0.03424389170151882,-0.19851199647809817
#51,0.5888179616993177,0.4810543693594541,0.6830464450803434,0.7113405238828968,0.23747303543913714,0.1303103675985032,0.12402157164869029,0.5322452124147039,0.13196786264582874,1.0,0.5434932863746423,0.13541272287035,0.08432753686990975,0.18225841954655514,0.19305524983491085,0.16675985031917234,0.5929121725731895,0.25230244331939244,0.09700418225841954,-0.034723750825445744,-0.024221879815100156,-0.0476931543033238,0.4796390050627339,0.34476337222099934,0.20538850979528947,-0.013178516398855382,-0.18304864626898526,-0.34240369799691833,0.222722870349989,-0.0750693374422188,-0.15747963900506273,-0.34173893902707464,-0.2219128329297821,-0.45579132731675104,-0.18117103235747303,-0.18122165969623596,-0.4304270305965221,-0.39189522342064714,-0.22508474576271187,-0.20642306845696676,-0.04677525863966542,-0.010380805635042923,-0.08117763592339863,-0.1210543693594541,-0.1549240589918556,0.15589918556020252,-0.45056350429231784,-0.4832291437376183,-0.26544353951133615,-0.2990182698657275,-0.26016508914814,-0.16118423948932423,0.08191943649570768,0.21494166850099053,0.2943209333039842,-0.01649570768214836,-0.25556680607528065,-0.1553863086066476,-0.4166431873211534,-0.18679947171472594,0.02296500110059432,0.20929341844596083,-0.1767246313009025,-0.2161963460268545,0.3918688091569448,0.18728813559322033,0.08107858243451464,-0.10751926040061634,-0.04633722209993396,-0.04764472815320273,0.37167510455646047,0.33033458067356375,0.15691393352410302,-0.25149900946511117,-0.19882896764252697,-0.10778120184899846,-0.3338762931983271,-0.011701518820162888,0.4219898745322474,0.036935945410521684,-0.1468765133171913,0.06826546335020911,-0.12536869909751266,0.10123486682808716,0.09894122826326217,0.20445960818842174,0.18815760510675764,-0.18239709443099272,0.0575016508914814,0.040250935505172794,-0.09431432973805855,0.059075500770416026,-0.13607968302883558,0.01299801893022232,-0.13814659916354832,0.3023728813559322,0.10769755668060753,0.05395993836671803,-0.05460048426150121,-0.19702839533348007,-0.2054039181157825,0.18859123926920537,-0.26202069117323357,-0.02911732335461149,-0.14778780541492406,-0.21670922298040943,-0.20642967202289236,-0.0035351089588377725,-0.06834910851860004,-0.3515562403697997,-0.28068236847897865
#52,0.5470768214836012,0.4117851639885538,0.45130090248734317,0.4500066035659256,0.29532907770195904,0.04647589698437156,0.03340523882896764,0.547376183138895,0.12211093990755008,0.5434932863746423,1.0,-0.03842174774378164,0.08554259300022012,0.04405458947831829,0.14785824345146378,0.3510279550957517,0.25398415144177855,0.03317411402157165,0.20163988553819062,0.1492559982390491,0.1612062513757429,0.24936385648250056,0.2771252476337222,0.2772837332159366,0.202458727712965,0.1484305524983491,-0.33217477437816423,-0.2417345366497909,0.14791767554479418,0.012454325335681268,-0.3379815100154083,-0.1547391591459388,-0.34107638124587275,-0.3937574290116663,-0.09831609068897204,0.018368919216376844,-0.36156504512436716,-0.11810477657935285,-0.16596962359674225,-0.09720889280211314,0.16533788245652653,0.25433414043583535,-0.0009531146819282412,0.16922958397534668,0.004541052168170813,0.2525643847677746,-0.39173013427250714,-0.45779440898084967,-0.32299361655293857,-0.1636583755227823,-0.26963900506273386,-0.24035879374862426,-0.06393572529165749,0.07289016068677086,0.20970724191063175,0.1482390490865067,-0.26128329297820824,-0.0060510675764913055,-0.4914219678626458,-0.15546335020911292,-0.13469733656174335,0.09999559762271627,-0.11281972265023113,-0.07805855161787364,0.28408100374202067,-0.054268104776579354,-0.1138961038961039,-0.1817389390270746,0.18684569667620515,0.09181157825225622,0.4223684789786485,0.3188487783403038,0.1885097952894563,-0.23103675985031918,-0.049579572969403476,-0.18435174994497028,-0.3230046224961479,-0.18466651992075722,0.41033678186220557,0.2804204270305965,-0.2736253576931543,0.26204710543693593,0.021104996698217037,-0.06192163768434955,-0.018076161127008585,-0.0023772837332159368,-0.11110719788685891,0.17256658595641647,0.17120405018710103,-0.010033017829628,0.14395773717807617,-0.1658661677305745,-0.22506053268765133,-0.14261281091789565,-0.21471054369359455,0.054858023332599606,0.18252696456086287,-0.04260180497468633,-0.03173453664979089,-0.25931763152102133,-0.20347567686550738,-0.1033942328857583,-0.271038961038961,-0.09987012987012987,-0.17867048206031258,-0.18033458067356373,-0.27629760070438036,0.023966541932643626,0.03799471714725952,-0.4450385208012327,-0.3805745102355272
#53,0.13360114461809378,-0.009658815760510676,0.14542813119084305,0.13395993836671802,0.5691503411842395,0.2970592119744662,0.09199427690953114,0.06291437376183139,-0.03500770416024653,0.13541272287035,-0.03842174774378164,1.0,0.13716046665199208,-0.013933524103015628,0.017451023552718468,-0.21999559762271625,0.28452564384767776,0.13548536209553158,-0.21904688531807176,0.010066035659255998,-0.03812678846577151,-0.04992956196346027,0.03775258639665419,-0.012236407660136474,0.037992515958617655,-0.137145058331499,-0.1758265463350209,-0.14123486682808717,0.043312788906009245,-0.07466651992075721,0.08297380585516179,-0.3056284393572529,-0.07586616773057452,-0.2791767554479419,-0.37428131190843056,-0.15811138014527845,-0.4476975566806075,-0.10594761171032357,-0.4360752806515518,-0.2177327756988774,-0.3316508914814,-0.2104138234646709,0.06103896103896104,-0.1683843275368699,0.1500198106977768,0.2685626238168611,-0.21680387409200969,-0.1530112260620735,-0.04347567686550737,-0.03788025533788246,-0.14167950693374423,-0.06346246973365617,-0.034213075060532686,-0.12650231124807396,-0.03116222760290557,-0.0612788906009245,0.21311248073959937,0.056577151661897425,-0.23775038520801234,-0.06645608628659476,-0.14482500550297162,-0.020011005943209332,-0.003526304204270306,-0.15250055029716048,-0.10652212194585076,-0.12895883777239708,0.23969183359013868,0.15519920757208894,-0.08158705701078582,-0.0163152102135153,0.010180497468633061,-0.17113141096191944,0.23896984371560642,0.15855161787365177,-0.005646048866387849,0.22872551177635925,-0.11097732775698878,-0.023123486682808718,0.16662777900066036,-0.14946951353731014,0.031107197886858905,0.25846797270526084,-0.12068456966762052,0.37482720669161346,0.698102575390711,0.13416024653312789,0.19189522342064716,0.19424389170151882,0.1542791107197887,0.5086308606647589,0.005914593880695576,0.3758617653532908,0.08077261721329518,-0.05281752146158926,-0.20692934184459608,0.10634602685450142,-0.10830068236847898,0.0003543913713405239,-0.06698437156064274,-0.12156724631300903,-0.17399735857362977,0.3707043803653973,-0.07633281972265023,0.13592780101254678,-0.06165529385868369,-0.10543473475676865,-0.14865947611710323,-0.1610741800572309,-0.0176139115122166,-0.2387805414924059,-0.15003521901826986
#54,0.09306625577812018,0.025850759410081445,0.09665859564164649,0.2620008804754567,0.31536209553158706,0.5656724631300902,0.08459167950693375,-0.012568787145058331,-0.28491525423728814,0.08432753686990975,0.08554259300022012,0.13716046665199208,1.0,0.18070658155403918,-0.23143517499449703,-0.04518379925159586,0.18700418225841955,0.1405128769535549,-0.2259916354831609,0.1402245212414704,-0.12621395553598944,0.14151441778560422,0.07906229363856483,0.20546114902047105,-0.10958617653532908,0.051670702179176756,-0.06652872551177635,0.020510675764913052,0.3672176975566806,0.25179837112040504,0.012150561303103677,-0.11700198106977767,0.0463482280431433,-0.1089786484701739,-0.015075941008144397,-0.204884437596302,-0.12199427690953114,-0.17333259960378605,-0.042192383887299144,0.07514637904468413,0.024976887519260402,-0.017732775698877393,-0.02659255998239049,-0.14411402157164868,0.37839093110279554,0.2345740699977988,-0.03520581113801453,-0.05962579793088268,0.06068016729033678,0.23252916574950475,0.03947171472595201,0.13863306185340082,0.0877591899625798,0.21597402597402598,0.10533127889060093,0.01835130970724191,-0.1284701738939027,0.21429672022892363,-0.23942769095311467,0.25940567906669604,-0.31430552498349107,-0.20501210653753027,0.037820823244552056,0.07574510235527185,-0.07924499229583976,0.03346246973365617,0.25623376623376626,-0.055791327316751044,-0.2233612150561303,-0.013843275368699098,-0.14670922298040942,-0.14645168390931101,-0.07142196786264583,-0.27823684789786485,-0.030387409200968524,-0.0662095531587057,-0.3061941448382126,-0.32298261060972927,-0.05028395333480079,0.033363416244772175,0.24832049306625578,0.3330970724191063,0.2599053488883997,0.09866607968302883,0.11545454545454545,-0.06946731234866828,-0.18778780541492407,-0.05224301122606207,0.09318511996478099,0.023843275368699096,0.15014527845036318,-0.20733215936605767,0.12066475896984372,-0.2573607748184019,-0.03969183359013868,-0.17576051067576492,-0.13703499889940568,-0.1269293418445961,-0.13546114902047104,-0.04559982390490865,-0.05058991855602025,0.06428571428571428,-0.047017389390270746,-0.17299581774158046,-0.07940127668941228,-0.3270658155403918,-0.15704600484261502,-0.301221659696236,-0.24507153863086067,-0.3848646268985252,-0.2720383006823685
#58,0.19214395773717807,0.14015628439357253,0.14912832929782083,0.14607968302883556,0.08795509575170592,0.32909311027955096,0.44541272287035,0.2539533348007924,0.18158485582214395,0.18225841954655514,0.04405458947831829,-0.013933524103015628,0.18070658155403918,1.0,-0.14683689192163768,-0.019484921857803213,0.0539159145938807,0.06648250055029715,-0.2071384547655734,0.026090688972044904,-0.18756988773937927,-0.24810257539071098,0.07123706801672904,-0.04128109178956636,-0.07730134272507154,-0.2972639225181598,0.11203389830508474,0.07777459828307286,-0.02569887739379265,-0.06309267004182259,0.10640325775918996,-0.3070482060312569,0.08901606867708563,-0.16242130750605327,-0.14792648029936165,-0.2819832709663218,-0.27820823244552056,-0.3142372881355932,-0.21121725731895225,-0.08867708562623818,0.034477217697556684,-0.18768214836011446,-0.15453224741360336,-0.18605546995377503,0.00029275808936825884,-0.12700418225841956,0.026629980189302224,0.027556680607528066,0.23152762491745543,0.0162557781201849,0.053044243891701516,-0.03189962579793088,0.06818622055910191,0.0687475236627779,-0.25174994497028397,-0.09117763592339863,-0.2844750165089148,-0.21202949592780101,-0.022923178516398857,0.15549416685009906,0.05776359233986353,0.19666519920757208,0.1114836011446181,0.1330002201188642,0.08962359674224081,0.25542372881355935,0.4374686330618534,0.11670261941448382,0.04772617213295179,0.21438476777459828,0.27709443099273606,0.22985031917235307,0.12057010785824346,0.03543253356812679,0.018263262161567248,-0.07454985692273827,-0.05516618974246093,-0.09484921857803214,-0.04973365617433414,-0.3010697776799472,0.26497908870790227,0.024965881576051067,0.2505458947831829,0.3285516178736518,0.0646268985252036,0.11847017389390271,0.009126128109178957,0.01264142637023993,-0.13343165309267005,-0.046850099053488886,-0.17641206251375743,-0.16391371340523883,-0.11315650451243671,-0.20577812018489985,-0.2057671142416905,0.0072617213295179395,-0.2888597842835131,0.027116442879154743,-0.020418225841954657,0.22852300242130752,0.2161104996698217,0.10602025093550517,-0.1435329077701959,0.003827867048206031,0.06224521241470394,0.08252256218357913,0.16604006163328197,0.0746335020911292,0.05087167070217918,-0.16444640105657055,-0.15763152102135153
#101,0.18796169931763151,0.11683909311027955,0.012956196346026854,-0.0389324235086947,-0.07924279110719788,-0.20492626018049748,-0.13423508694695135,0.2088928021131411,0.4414880035219018,0.19305524983491085,0.14785824345146378,0.017451023552718468,-0.23143517499449703,-0.14683689192163768,1.0,0.44046665199207574,0.08371340523882896,-0.07646929341844597,0.6693330398415144,0.16442438917015187,0.3827030596522122,0.026737838432753687,0.19745982830728592,-0.07215716486902927,0.23953334800792428,-0.04323574730354392,-0.24270746202949592,-0.4702905569007264,0.1537904468412943,-0.1960246533127889,-0.22074840413823466,-0.10659035879374862,-0.43296279991195247,-0.12030596522121946,-0.24586396654193265,0.09973365617433413,0.02811138014527845,0.07296279991195245,-0.0236649790887079,0.005034118423948932,0.13941228263262162,0.12466872110939907,0.2596874312128549,0.19126128109178955,-0.25219678626458286,-0.04736737838432754,-0.45568567026194146,-0.43612590799031475,-0.302095531587057,-0.376880915694475,-0.39458507594100817,-0.3985714285714286,0.06751705921197447,-0.14519700638344707,0.48022232005282856,0.22673123486682809,0.12170372000880475,-0.19777900066035659,-0.3800770416024653,-0.6396720228923619,-0.1931785163988554,-0.2803015628439357,-0.1318798151001541,-0.1994871230464451,0.1568412942989214,0.027743781642086726,-0.17890380805635042,0.11440677966101695,0.5223464670922298,0.11594981289896544,0.33706141316310806,0.23765793528505394,0.3471076381245873,-0.16502091129209773,0.07899845916795069,0.13895443539511337,-0.02038300682368479,0.18703499889940567,0.3609949372661237,-0.060041822584195464,-0.19787585296059873,-0.14714505833149902,-0.21454325335681268,-0.14538190622936387,0.055095751705921195,-0.19493946731234868,-0.0789918556020251,-0.17128769535549196,0.0350363196125908,0.009381465991635482,-0.030321373541712524,-0.015203609949372662,-0.3898106977767995,-0.00889720449042483,-0.27721769755668063,0.1941338322694255,0.09156064274708342,-0.24404798591239268,-0.41436055469953775,-0.4495993836671803,-0.44018710103455866,-0.1088861985472155,-0.14161347127448823,-0.11006163328197227,-0.23770195905789127,-0.29896764252696456,-0.34307506053268766,-0.21020911292097733,-0.24007484041382346,-0.23186000440237728,-0.40445300462249617
#102,0.2984305524983491,0.19673563724411183,0.1531036759850319,0.20927360774818402,0.07882456526524323,-0.027032797710763813,0.06390490865067136,0.22150121065375303,0.12442438917015189,0.16675985031917234,0.3510279550957517,-0.21999559762271625,-0.04518379925159586,-0.019484921857803213,0.44046665199207574,1.0,0.09558441558441559,-0.022526964560862867,0.40726612370680165,0.4044331939247193,0.23212414703940126,0.40900066035659255,0.2439687431212855,0.2111600264142637,0.2188333700198107,0.21893682588597843,-0.18538850979528945,-0.1752674444199868,0.11544574069997798,-0.12992295839753468,-0.32968743121285493,-0.24829627999119525,-0.5916046665199207,-0.16033017829628,-0.12457627118644068,0.010323574730354392,0.0161567246313009,0.08561523222540171,0.13653092670041822,0.34459828307285933,0.270873871890821,0.2678164208672683,0.16008144397974908,0.37748624257098834,-0.22771296500110058,0.22364736957957296,-0.282788906009245,-0.3215276249174554,-0.36270746202949594,-0.17167730574510234,-0.5123134492626018,-0.28158485582214393,-0.04956416464891041,0.22877173673783843,0.26411182038300685,0.4494937266123707,-0.22582214395773717,0.07199207572088928,-0.43996478098173014,-0.3427294739159146,-0.2015298261060973,-0.24109839313229145,-0.07167950693374422,-0.010715386308606648,0.11893682588597843,0.13962799911952453,-0.14324455205811137,-0.019892141756548538,0.4094100814439797,0.34540832049306625,0.34712744882236407,0.361188641866608,0.10055469953775038,-0.12478758529605988,-0.029119524543253356,0.014103015628439358,-0.1966123706801673,0.08979969183359014,0.17621175434734757,0.22043803653973146,-0.09444640105657055,0.005298261060972926,-0.20924279110719787,-0.06543693594541052,-0.045122165969623595,-0.157541272287035,-0.3902245212414704,0.07158485582214395,0.1571846797270526,-0.14436715826546334,0.14141976667400397,-0.12226942548976447,-0.15681267884657715,-0.05981289896544134,-0.2641140215716487,0.10908650671362535,0.10557120845256439,-0.21191503411842394,-0.18859344045784723,-0.5295729694034779,-0.40261941448382127,-0.25261941448382125,-0.0850033017829628,-0.36756548536209555,-0.45060972925379705,-0.4583381025753907,-0.5837508254457408,-0.14475676865507375,-0.07180497468633062,-0.23701518820162887,-0.3922209993396434
#201,0.43699317631521023,0.1732357473035439,0.648003521901827,0.5650913493286375,0.2975214615892582,0.38749064494827207,0.1162623816861105,0.21489984591679506,-0.06580453444860225,0.5929121725731895,0.25398415144177855,0.28452564384767776,0.18700418225841955,0.0539159145938807,0.08371340523882896,0.09558441558441559,1.0,0.5482742681047765,-0.17040281752146158,-0.05937266123706802,-0.18730794629099715,-0.06850539291217257,0.4980431432973806,0.29175434734756767,0.3186594761171032,-0.11860664758969844,0.021730134272507154,-0.15692493946731234,0.4800176095091349,-0.14804754567466433,0.13482060312568786,-0.4861369139335241,-0.08423508694695135,-0.5473783843275368,-0.39761611270085845,-0.2753004622496148,-0.5822518159806296,-0.5221241470394012,-0.2332313449262602,-0.2032643627558882,-0.22609509134932865,-0.05633942328857583,-0.12877834030376403,-0.17090468853180718,-0.04337222099933964,0.30493946731234867,-0.32274708342504954,-0.2790821043363416,-0.05632621615672463,-0.0125115562403698,-0.1780233325996038,0.12038300682368479,0.2844816200748404,0.32567246313009024,0.2166916134712745,-0.02686550737398195,-0.3019656614571869,-0.23281972265023113,-0.3250693374422188,-0.04247633722209993,-0.16023992956196345,-0.04197666740039621,-0.32312788906009243,-0.20213075060532687,0.3092758089368259,0.19154743561523221,0.21659476117103235,0.022916574950473254,-0.23611270085846356,-0.25203609949372663,0.24215936605767113,0.1496302003081664,0.017900066035659256,-0.31737838432753684,-0.3600220118864187,-0.1847655734096412,-0.5289742460928901,-0.24973145498569227,0.3179616993176315,0.015177195685670261,0.09553158705701079,0.22015628439357252,0.014622496147919876,0.3004490424829408,0.221732335461149,0.09414043583535109,0.12202949592780102,-0.12533568126788466,0.08524983491085186,0.18586836891921638,-0.06509355051727933,0.16441998679286815,-0.11917235307065815,-0.04180277349768875,-0.07927140655954215,0.577096632181378,-0.039548756328417346,0.17912832929782083,0.11440017609509134,-0.19068897204490426,-0.1259057891261281,0.6037442218798151,-0.3044926260180498,0.1636583755227823,-0.09828527404798591,-0.22383447061413164,-0.1964670922298041,-0.25283733215936605,-0.18230904688531807,-0.24302443319392472,-0.2796324014968083
