,#10,#11,#12,#13,#17,#18,#26,#49,#50,#51,#52,#53,#54,#58,#101,#102,#201,#202,#301,#302,#401,#402,#501,#502,#601,#602,#701,#702,#801,#802,#901,#902,#1001,#1002,#1101,#1102,#1201,#1202,#1301,#1302,#1401,#1402,#1501,#1502,#1601,#1602,#1701,#1702,#1801,#1802,#1901,#1902,#2001,#2002,#2101,#2102,#2201,#2202,#2301,#2302,#2401,#2402,#2501,#2502,#2601,#2602,#2701,#2702,#2801,#2802,#2901,#2902,#3001,#3002,#3101,#3102,#3201,#3202,#3301,#3302,#3401,#3402,#3455,#3501,#3502,#3601,#3602,#3701,#3702,#3801,#3802,#3901,#3902,#4001,#4002,#4101,#4102,#4201,#4202,#4301,#4302,#4401,#4402,#4501,#4502,#4601,#4602,#4701,#4702,#4801,#4802
#10,1.0,0.6491459388069557,0.48826766453885095,0.40829407880255336,0.3646335020911292,0.18620735197006383,0.0651221659696236,0.6343077261721329,0.49640986132511555,0.5072485141976667,0.40528945630640545,0.2127955095751706,0.25744001760950913,-0.1737310147479639,-0.09951353731014748,-0.14081003742020692,0.49297820823244554,0.5044243891701519,0.0032357473035439137,-0.2762337662337662,-0.13013647369579573,-0.14941668500990535,0.03686550737398195,0.0016288795949812899,0.07851860004402378,-0.037114241690512875,0.010898084965881577,0.27649790887079023,0.16047765793528507,0.15035439137134052,0.18411622276029055,0.05276689412282633,0.24343825665859564,0.1469205370900286,-0.07369579572969404,-0.1906801672903368,-0.2518710103455866,-0.03159806295399516,0.02059211974466212,-0.042720669161347126,-0.1159520140876073,-0.02764913053048646,-0.28096632181377945,-0.06426370239929562,-0.099900946511116,0.0690314769975787,0.17213955535989434,0.2515782522562184,-0.10415584415584415,0.08068456966762051,0.38182918776139113,0.29921857803213736,0.30459828307285935,0.22452784503631962,0.0836913933524103,0.05655293858683689,-0.3986484701738939,-0.4424939467312349,-0.037211093990755006,-0.009839313229143738,-0.11942328857583095,-0.13758309487123047,-0.27175654853620956,-0.2971208452564385,0.2008166409861325,0.29445300462249613,-0.22108518600044025,-0.18832929782082325,0.10776139115122166,0.00021351529826106098,0.43130090248734315,0.46957296940347787,-0.14256878714505833,0.01306185340083645,-0.40751705921197445,-0.2543759630200308,-0.1559784283513097,-0.2559850319172353,0.13636583755227824,-0.12831168831168832,0.01210873871890821,0.3485912392692054,0.09772397094430993,-0.03011005943209333,0.13830948712304644,-0.12352630420427031,0.054411182038300684,0.15403697996918336,0.30830508474576274,0.0036825885978428352,0.18657715166189742,-0.12269865727492846,0.0737046004842615,-0.042870349988994055,0.006537530266343826,0.3840721989874532,0.16340523882896765,0.39094651111600265,0.4604270305965221,0.5385560202509355,0.3210081443979749,0.41565045124367156,0.13384107418005722,0.35101915034118425,0.4099075500770416,0.36757869249394676,0.2622760290556901,-0.0634338542813119,-0.05468633061853401,-0.21373321593660577,-0.0775874972485142
#11,0.6491459388069557,1.0,0.37521681708122384,0.29015408320493064,0.25848117983711205,0.14998239049086506,0.3192185780321374,0.35797710763812457,0.43598723310587717,0.6128923618754127,0.3607946290997138,0.21017829627999118,0.22471714725952013,-0.013986352630420426,0.031093990755007704,0.07454325335681268,0.36447941888619856,0.45008364516839094,0.22011005943209333,-0.0725049526744442,-0.09140215716486903,0.049086506713625355,-0.024624697336561745,0.11166189742460929,-0.029352850539291216,0.11520360994937266,-0.04822584195465551,0.09618534008364517,0.08558661677305746,0.1843715606427471,0.16508694695135373,-0.013841074180057231,0.3156064274708342,0.26688972044904247,0.044558661677305746,-0.07533127889060093,-0.17019590578912613,0.169702839533348,0.19113581333920318,0.24460708782742682,-0.033403037640325775,0.19833370019810698,-0.32710763812458726,0.05482060312568787,-0.1921417565485362,-0.019911952454325334,0.24864406779661016,0.15291657495047326,-0.041331719128329295,0.03617433414043583,0.22082324455205812,0.21610169491525424,0.1771054369359454,0.1512920977327757,0.012700858463570329,0.043733215936605764,-0.48267444419986794,-0.326337222099934,-0.1076535329077702,-0.2392427911071979,-0.3274356152322254,-0.42391591459388067,-0.07234866828087166,-0.11127008584635703,0.2844772176975567,0.3468214836011446,-0.16887519260400616,0.039126128109178954,0.19220779220779222,0.14858683689192165,0.4012458727712965,0.424521241470394,-0.10862425709883337,0.06349548756328417,-0.4855624036979969,-0.39933744221879813,-0.3312150561303104,-0.436880915694475,0.06816861104996698,0.11100374202069117,-0.19364957076821485,0.3125181598062954,-0.11708782742681048,-0.057101034558661674,0.04484261501210654,-0.286154523442659,-0.09392692053709002,0.0784371560642747,0.36762271626678406,0.092425709883337,0.047395993836671806,-0.32375522782302446,0.003099273607748184,-0.07479639005062734,-0.05890600924499229,0.2144353951133612,0.3474818401937046,0.23739599383667181,0.3305745102355272,0.39746423068456965,0.26796169931763153,0.20190843055249835,0.18613251155624036,0.3680739599383667,0.40483381025753906,0.37715386308606647,0.29487343165309265,-0.24473695795729694,-0.1967686550737398,-0.23979088707902269,-0.17761611270085848
#12,0.48826766453885095,0.37521681708122384,1.0,0.7084591679506934,0.4872925379705041,0.4932225401716927,0.0747985912392692,0.5209377063614352,0.20690292758089368,0.6394034778780542,0.3052740479859124,0.16309707241910631,0.5193242350869469,-0.16820383006823686,-0.07695135373101475,-0.386550737398195,0.8811512216596963,0.834818401937046,-0.1621087387189082,-0.5504402377283734,-0.14165309267004184,-0.3012524763372221,0.08187321153422848,-0.006636583755227823,-0.03556680607528065,-0.3072220999339643,0.10002421307506053,0.35515298261060974,0.5786748844375963,-0.13310147479639006,0.31527184679727055,-0.1849966982170372,0.5793352410301563,0.04893462469733656,-0.14020030816640985,-0.45050627338762933,-0.2664648910411622,-0.26043803653973147,-0.015425930002201188,-0.38512656834690734,-0.0746004842615012,-0.27055690072639227,-0.33067576491305306,-0.3646819282412503,-0.08565925599823905,-0.1464208672683249,0.132755888179617,0.3652080123266564,0.05710763812458728,0.20906669601584857,0.6681598062953995,0.6519062293638564,0.5603433854281312,0.5511754347347567,0.36934844816200746,0.37987893462469735,-0.44964340744001763,-0.6874994497028395,-0.362194585075941,-0.25509795289456305,-0.36813779440898087,-0.1626634382566586,-0.635031917235307,-0.5584833810257539,0.3100902487343165,0.3774356152322254,-0.217574290116663,-0.388432753686991,-0.09203169711644288,-0.1734602685450143,0.5257406999779881,0.7038322694254897,-0.1052014087607308,0.28058331499009465,-0.37195025313669383,-0.1362425709883337,-0.048879594981289895,-0.16488883997358575,0.2852542372881356,-0.34805855161787363,0.022317851639885537,0.29991635483160906,0.38860444640105657,0.17238168611049967,0.15954435395113362,-0.2850693374422188,-0.12324675324675324,0.07604886638784944,0.24864626898525202,-0.23837552278230245,-0.05298261060972925,-0.11540832049306625,0.09829407880255338,-0.17959057891261282,0.023409641206251375,0.6198569227382786,0.015934404578472373,0.8305480959718248,0.7846290997138454,0.6566123706801673,0.6449130530486463,0.7857803213735417,0.16128109178956637,0.7752696456086287,0.6050583314990094,0.6206757649130531,0.5050429231785164,-0.23399735857362977,-0.02406779661016949,-0.48945630640545895,-0.3067950693374422
#13,0.40829407880255336,0.29015408320493064,0.7084591679506934,1.0,0.44648250055029715,0.4324323134492626,-0.0029561963460268546,0.34747963900506273,0.10363636363636364,0.5199493726612371,0.10801452784503632,0.18329958177415803,0.4687937486242571,-0.0990975126568347,-0.1371648690292758,-0.2871846797270526,0.6750583314990095,0.5512678846577151,-0.04069337442218798,-0.27830948712304643,-0.27503852080123264,-0.1750033017829628,0.0025952014087607307,0.06466211754347348,-0.08964120625137574,-0.08875852960598724,0.1540677966101695,0.4162117543473476,0.47390050627338764,0.18188641866607969,0.2064406779661017,-0.12839313229143737,0.3040369799691834,0.13079462909971384,-0.017074620294959278,-0.18558661677305746,-0.2652762491745543,-0.0016707021791767555,0.040290556900726394,-0.2559013867488444,-0.11917895663658376,-0.074851419766674,-0.39142637023992954,-0.0909949372661237,-0.13374862425709882,-0.145313669381466,0.1769425489764473,0.3973299581774158,0.09836451683909311,0.07458727712965,0.4879661016949153,0.36387849438696895,0.4207131851199648,0.2937772397094431,0.10930882676645388,0.2886022452124147,-0.3758815760510676,-0.44867928681488006,-0.13358793748624256,-0.15371560642747084,-0.3586022452124147,-0.2570658155403918,-0.3514902047105437,-0.2921087387189082,0.30319612590799033,0.3142703059652212,-0.014413383226942548,-0.3810411622276029,-0.0548448162007484,-0.18754347347567688,0.3107638124587277,0.43937266123706803,-0.1736715826546335,0.13113141096191944,-0.41739379264802995,-0.21279110719788685,-0.21966541932643627,-0.21073959938366718,0.25898084965881574,-0.10419766674003962,0.05271406559542153,0.23023552718467974,0.32443319392471937,0.029601584855822143,0.2927823024433194,-0.2563680387409201,-0.11786704820603126,0.07230464450803434,0.13685450143077263,-0.21072859344045786,-0.04107638124587277,-0.026629980189302224,0.10859784283513096,-0.09401937046004842,0.05119744662117544,0.32462469733656174,0.10337222099933964,0.515511776359234,0.5157737178076162,0.3858683689192164,0.4139291217257319,0.470033017829628,0.15733876293198326,0.4967972705260841,0.31282412502751483,0.39078582434514636,0.2739951573849879,-0.20602905569007263,-0.06661016949152543,-0.31637244111820384,-0.09053268765133173
#17,0.3646335020911292,0.25848117983711205,0.4872925379705041,0.44648250055029715,1.0,0.46450143077261724,0.2234338542813119,0.28224521241470396,0.23456526524323135,0.41744001760950916,0.10348228043143297,0.4813647369579573,0.5199471714725952,0.12059432093330398,-0.3688201628879595,-0.3149306625577812,0.40731234866828087,0.30318732115342284,-0.29529605987233104,-0.3116618974246093,-0.4043187321153423,-0.16636363636363635,0.15274047985912392,0.12160026414263703,0.05751045564604887,-0.08705921197446621,-0.013325996037860445,0.11335020911292097,0.24173893902707463,0.09169271406559543,0.17784943869689632,-0.11914813999559762,0.28750605326876516,0.17109619194364958,-0.2024125027514858,-0.13132291437376184,-0.2095509575170592,-0.0990050627338763,-0.15235527184679726,-0.15317631521021352,-0.1758991855602025,-0.10231785163988553,-0.24826326216156724,-0.019132731675104556,-0.0625709883337002,-0.047230904688531805,0.062007484041382344,0.2009156944750165,0.004943869689632402,-0.10081664098613251,0.3446753246753247,0.22820823244552058,0.2843187321153423,0.2560180497468633,-0.0274224081003742,0.07336121505613032,-0.421732335461149,-0.418895003301783,0.00475016508914814,-0.01284833810257539,-0.0025511776359233985,0.06437376183138895,-0.13351749944970284,-0.1138696896324015,-0.042916574950473255,-0.010099053488883998,0.02914373761831389,-0.18909311027955095,-0.07848778340303764,-0.02356812678846577,0.19420867268324896,0.3309355051727933,-0.09169491525423729,0.008707902267224302,-0.24670702179176757,-0.041036759850319175,-0.044541052168170815,0.028115782522562183,0.10835571208452564,-0.11139995597622716,0.1911864406779661,0.49403918115782525,0.11733656174334141,0.2622628219238389,0.24674664318732115,0.11060312568787145,0.13015628439357252,0.23813999559762272,0.1614307726172133,0.030528285274047984,0.2131036759850319,0.19498569227382787,0.2044155844155844,0.09035219018269866,0.2001848998459168,0.15197886858903809,-0.006339423288575831,0.4087034998899406,0.3498173013427251,0.34346907329958176,0.30040501871010344,0.4498415144177856,0.3133414043583535,0.32700858463570326,0.2650957517059212,0.26453885097952895,0.25832489544353954,0.04789346246973366,0.024574069997798813,-0.03151661897424609,-0.012630420427030596
#18,0.18620735197006383,0.14998239049086506,0.4932225401716927,0.4324323134492626,0.46450143077261724,1.0,0.011281091789566365,0.26060532687651333,-0.00965001100594321,0.4129980189302223,0.15604006163328196,0.4673893902707462,0.598151001540832,-0.06540832049306626,-0.1464406779661017,-0.28811138014527843,0.44946731234866827,0.3253422848338103,-0.37169051287695354,-0.4177371780761611,-0.2637684349548756,-0.2622760290556901,0.12660136473695796,0.17232445520581113,-0.07635923398635264,-0.3208254457407,-0.048972044904248294,0.231567246313009,0.4341932643627559,-0.04594541052168171,0.2035725291657495,-0.24451243671582654,0.3892141756548536,-0.16994276909531147,-0.31460488663878494,-0.23596302003081665,-0.23266784063394233,-0.28173453664979087,-0.2501584855822144,-0.1385890380805635,-0.006907329958177416,-0.21157825225621835,-0.20365177195685671,-0.24557340964120625,-0.02909090909090909,0.12565265243231344,0.10513757429011666,0.4014329738058552,0.1559718247853841,0.17134272507153864,0.42865067136253576,0.5127140655954215,0.4303411842394893,0.37034338542813117,0.1336715826546335,0.16877834030376404,-0.3181157825225622,-0.46148580233326,-0.2571340523882897,-0.12913273167510456,-0.13331058771736737,-0.046737838432753684,-0.19789786484701738,-0.2102839533348008,0.010620735197006383,-0.0904820603125688,-0.08550297160466652,-0.25491745542593003,-0.2583909311027955,-0.07629099713845476,0.10856042262821924,0.25802113141096195,-0.08001100594320933,0.17599383667180277,-0.15344486022452125,-0.09256878714505833,-0.047167070217917675,-0.05278890600924499,0.20269865727492847,-0.14544794188861984,0.1455558001320713,0.38899405679066695,0.2853532907770196,0.38611270085846355,0.25424829407880256,0.11334360554699538,-0.043805855161787366,0.3748580233325996,0.005461149020471055,0.06485362095531587,0.1881730134272507,0.019729253797050407,0.14049306625577812,-0.06387409200968523,-0.06524763372221,0.1691547435615232,-0.16197446621175435,0.4996632181377944,0.49135373101474794,0.39755007704160245,0.5012744882236407,0.5979749064494827,-0.035181598062954,0.6003455866167731,0.29925819942769094,0.36219898745322476,0.40778780541492404,-0.1433480079242791,0.1324521241470394,-0.20696015848558222,-0.22540832049306625
#26,0.0651221659696236,0.3192185780321374,0.0747985912392692,-0.0029561963460268546,0.2234338542813119,0.011281091789566365,1.0,0.028954435395113363,0.12310587717367379,0.3743253356812679,0.31854721549636805,0.2262095531587057,0.09398855381906229,0.24781421967862646,-0.00662557781201849,0.18449262601804975,0.08332159366057672,0.05736077481840194,0.09917675544794188,0.10534448602245212,-0.07548756328417346,0.19076161127008584,-0.056141316310807834,0.2167246313009025,-0.09609068897204491,0.10958837772397094,0.019988994056790665,-0.08847457627118645,0.07683909311027955,0.13852520360994938,0.23903147699757868,0.013039841514417786,-0.024708342504952675,0.14967422408100375,0.010391811578252256,0.17070217917675545,-0.02578252256218358,0.09322254017169271,0.07495927801012547,0.1123992956196346,0.12884437596302004,0.0738036539731455,0.018861985472154962,0.1419656614571869,-0.09103675985031917,0.12866607968302884,0.06560202509355052,-0.009790887079022672,0.09387409200968523,0.14150561303103676,0.06606207351970064,0.036757649130530486,0.057387189082104335,0.09481399955976227,-0.12090468853180718,-0.04584635703279771,-0.3401342725071539,-0.09741140215716487,-0.11308606647589699,-0.12965881576051067,-0.2874246092890161,-0.197178076161127,0.11587057010785824,0.16922077922077922,0.10433854281311908,0.11197446621175434,0.1382786704820603,0.1774356152322254,0.02894122826326216,0.07134492626018049,0.030372000880475456,0.12050187101034558,-0.14306625577812018,-0.009271406559542153,-0.29508034338542816,-0.2913713405238829,-0.44237068016729036,-0.2841008144397975,-0.038355712084525644,0.2876601364736958,-0.15174774378164207,0.1087673343605547,-0.17512656834690732,0.09165969623596742,-0.04790666960158486,-0.22696676205150781,-0.18327096632181378,-0.08442879154743561,0.16123706801672905,0.26809377063614354,-0.06699757869249395,-0.10639885538190623,-0.020688972044904247,-0.13044684129429893,-0.08950913493286375,-0.06033237948492186,0.10042042703059652,0.0063856482500550295,0.059145938806955754,0.07101915034118424,0.00018489984591679506,0.0871714725952014,0.18616552938586836,-0.006854501430772617,0.03935064935064935,0.05410521681708123,-0.021283292978208232,-0.2161567246313009,-0.003110279550957517,-0.07843495487563285,-0.09070658155403918
#49,0.6343077261721329,0.35797710763812457,0.5209377063614352,0.34747963900506273,0.28224521241470396,0.26060532687651333,0.028954435395113363,1.0,0.551813779440898,0.46138234646709225,0.42896324014968085,0.2590490865067136,0.3057208892802113,0.14490865067136255,0.024954875632841735,-0.2684107418005723,0.4856350429231785,0.512672243011226,-0.02509355051727933,-0.4277900066035659,-0.038245652652432315,-0.12571868809156944,0.19953334800792427,0.09103675985031917,0.3927823024433194,-0.11507814219678626,0.14630640545894782,0.30115782522562184,0.4277129650011006,0.04545894783182919,0.2005128769535549,0.06291437376183139,0.45002201188641866,0.07092009685230025,0.008853180717587497,-0.2651023552718468,0.016040061633281973,-0.1827030596522122,0.05020691173233546,-0.2124983491085186,0.07782522562183579,-0.4329914153642967,-0.22192163768434955,-0.0674158045344486,-0.05614571868809157,-0.020915694475016507,0.06655073739819503,0.37533788245652655,-0.21130970724191064,0.14302663438256658,0.342755888179617,0.4034008364516839,0.2401915034118424,0.3257781201848998,0.1613581333920317,0.21462249614791987,-0.5165925599823905,-0.6864670922298041,-0.20049086506713626,-0.16529165749504732,-0.22959718247853841,-0.06534888839973586,-0.2829650011005943,-0.21528945630640545,0.14128769535549196,0.16526304204270306,-0.0006977767994717147,-0.013922518159806295,0.122590799031477,0.010092449922958397,0.4327140655954215,0.43567026194144837,-0.10270746202949593,0.039238388729914156,-0.34171032357473036,-0.2854897644728153,-0.24580453444860226,-0.3142526964560863,0.3477371780761611,-0.15425049526744442,0.003733215936605767,0.18856702619414484,0.12226502311248073,0.22331939247193486,0.2305723090468853,-0.001926040061633282,-0.002082324455205811,0.04370019810697777,0.249933964340744,-0.06574290116662998,0.0632819722650231,-0.263020030816641,0.03074620294959278,-0.08360334580673563,0.09511776359233987,0.2824477217697557,0.002718467972705261,0.4949812898965441,0.5523024433193925,0.4199801893022232,0.4215584415584416,0.48564164648910413,0.1981664098613251,0.45125467752586396,0.5400132071318512,0.3464296720228924,0.3843429451904028,-0.2577988113581334,-0.07111820383006824,-0.3364428791547436,-0.18964560862865948
#50,0.49640986132511555,0.43598723310587717,0.20690292758089368,0.10363636363636364,0.23456526524323135,-0.00965001100594321,0.12310587717367379,0.551813779440898,1.0,0.4447633722209993,0.5460620735197006,0.30938586836891924,0.1612722870349989,0.22913493286374642,0.1559850319172353,-0.09569007263922519,0.24686330618534008,0.25552938586836893,0.06267884657715166,-0.09917235307065815,0.17664758969843716,0.0336583755227823,0.19110499669821704,-0.04002421307506053,0.3082522562183579,-0.052872551177635924,-0.06659255998239048,0.013605546995377504,0.03137574290116663,0.05428791547435615,0.18208012326656395,0.08686110499669822,0.2236583755227823,0.2604600484261501,0.1941074180057231,-0.11031697116442879,0.22091569447501652,0.10957737178076161,0.15478978648470174,-0.013625357693154304,0.011862205591019151,-0.11128109178956637,-0.13773937926480298,-0.0362359674224081,-0.12793748624257098,-0.0913977547875853,-0.072656834690733,0.0836781862205591,-0.05487563284173454,-0.02932423508694695,0.14159806295399516,0.09313009024873431,0.09231565045124367,0.07638784943869689,0.1702443319392472,0.0040325775918996255,-0.3643583535108959,-0.3059520140876073,0.030770416024653312,0.02961699317631521,-0.1829187761391151,-0.033649570768214836,-0.052399295619634606,-0.04826766453885098,-0.11451904028175215,-0.011386748844375964,0.052383887299141535,0.06901606867708562,0.3903191723530707,0.33303764032577593,0.46428791547435616,0.3671890821043363,0.17476557340964122,0.149933964340744,-0.09911952454325336,-0.12597402597402596,-0.17798591239269204,-0.19627338762931984,0.19372881355932203,-0.022348668280871672,0.025260840854061193,0.11640766013647369,-0.13820823244552058,-0.02219238388729914,0.10219018269865728,-0.11575170592119745,-0.09608188421747743,-0.12125027514858024,0.09951793968743121,0.008366718027734976,0.018366718027734978,-0.1555161787365177,0.025373101474796392,-0.2616751045564605,0.00032797710763812456,0.17511776359233985,0.1010477657935285,0.13045344486022453,0.16704380365397314,0.20056130310367598,0.17237508254457407,0.16394012766894123,0.3006845696676205,0.24583975346687212,0.3632929782082324,0.20018049746863306,0.20173013427250716,-0.20046665199207572,-0.014968082764692935,-0.3586110499669822,-0.23988994056790666
#51,0.5072485141976667,0.6128923618754127,0.6394034778780542,0.5199493726612371,0.41744001760950916,0.4129980189302223,0.3743253356812679,0.46138234646709225,0.4447633722209993,1.0,0.5272375082544574,0.30123486682808714,0.5040413823464671,-0.06548095971824786,-0.07850539291217257,-0.26008364516839094,0.6552278230244332,0.535461149020471,0.047142857142857146,-0.28578252256218356,-0.022813119084305524,-0.02079903147699758,0.08234426590358794,0.1126106097292538,0.10279771076381246,-0.05679947171472595,0.12178736517719568,0.28519040281752145,0.37728593440457847,0.06648690292758089,0.3292802113141096,-0.11370239929561964,0.47228923618754126,0.30405899185560203,-0.024129429892141757,-0.2687475236627779,-0.13858463570327978,-0.08710543693594541,0.15904028175214616,0.04246973365617433,0.12045124367158265,-0.0724785384107418,-0.2558683689192164,-0.15583975346687212,-0.070033017829628,-0.042639225181598066,0.20966762051507815,0.3625952014087607,0.2369161347127449,0.1990975126568347,0.4828901606867709,0.4622738278670482,0.4493990755007704,0.38387409200968525,0.2609861325115562,0.20655073739819502,-0.5046929341844596,-0.5279771076381246,-0.22246092890160687,-0.1403896103896104,-0.45349548756328417,-0.24735857362976008,-0.31622055910191504,-0.26957737178076163,0.2559388069557561,0.21541712524763373,-0.10904248294078803,-0.1670151882016289,-0.02107197886858904,-0.07308166409861325,0.3754655513977548,0.5527426810477658,-0.05140876073079463,0.21906889720449044,-0.36931102795509574,-0.24590138674884437,-0.3044441998679287,-0.34976447281532025,0.17801893022232004,-0.1256350429231785,-0.028010125467752587,0.4299537750385208,0.08237068016729034,0.02515298261060973,0.07906889720449042,-0.36178296279991196,-0.19646268985252036,0.11130530486462689,0.22784063394232887,0.010233325996037861,0.08525643847677745,-0.22633942328857584,0.007561082984811798,-0.3057803213735417,-0.09267224301122606,0.33053048646268984,0.1424851419766674,0.4913273167510456,0.596847897864847,0.4950891481399956,0.4738520801232666,0.4931653092670042,0.19745322474136034,0.5403059652212194,0.49635703279771076,0.5168060752806516,0.44260840854061195,-0.371270085846357,0.05662557781201849,-0.4445344486022452,-0.3435527184679727
#52,0.40528945630640545,0.3607946290997138,0.3052740479859124,0.10801452784503632,0.10348228043143297,0.15604006163328196,0.31854721549636805,0.42896324014968085,0.5460620735197006,0.5272375082544574,1.0,0.26108518600044023,0.2259123926920537,0.06659476117103236,0.1633744221879815,0.002260620735197006,0.2735197006383447,0.36013867488443757,0.15771736737838432,-0.05184239489324235,0.24709443099273606,0.08619854721549637,0.13170372000880476,0.008269865727492847,0.09230464450803434,-0.21939907550077042,-0.05831829187761391,-0.06989654413383227,0.20161347127448823,-0.0737904468412943,0.10151661897424609,-0.17747303543913714,0.21931763152102135,0.06882896764252697,-0.0175478758529606,-0.16295839753466873,0.05190182698657275,-0.07332159366057671,0.028899405679066695,-0.05431432973805855,0.07880475456746643,-0.14962359674224082,0.04809156944750165,0.010347787805414925,-0.06198547215496368,0.17556900726392252,-0.040737398195025316,0.05119084305524983,0.061763152102135156,0.10136693814659917,0.15475456746643187,0.3015760510675765,0.06745982830728593,0.21246092890160687,0.27926040061633284,0.00021791767554479418,-0.3379837112040502,-0.3540215716486903,-0.2828021131410962,-0.21256878714505834,-0.30498128989654416,-0.0685692273827867,-0.2193220338983051,-0.14150561303103676,0.12634602685450144,0.07159806295399515,-0.1476139115122166,0.10063174114021571,0.21073079462909972,0.21727933083865286,0.47078142196786266,0.4338102575390711,0.18536869909751266,0.21504072198987453,-0.10202289236187541,-0.11957957296940348,-0.20963240149680828,-0.26786704820603124,0.296880915694475,-0.13548316090688972,-0.08657054809597182,0.1633744221879815,-0.004210873871890821,0.10614571868809157,0.12283072859344046,-0.23863086066475897,-0.2382786704820603,0.1034272507153863,-0.07088707902267224,0.17601364736957958,-0.06760950913493287,-0.27575830948712304,-0.1115628439357253,-0.3678582434514638,-0.17096632181377944,0.31095091349328635,-0.025663658375522782,0.24909311027955094,0.33499889940567906,0.2487145058331499,0.24234426590358793,0.2869689632401497,-0.020217917675544796,0.35237068016729034,0.2862953995157385,0.24967202289236187,0.287310147479639,-0.3665529385868369,0.015172793308386529,-0.3794981289896544,-0.29575830948712306
#53,0.2127955095751706,0.21017829627999118,0.16309707241910631,0.18329958177415803,0.4813647369579573,0.4673893902707462,0.2262095531587057,0.2590490865067136,0.30938586836891924,0.30123486682808714,0.26108518600044023,1.0,0.3987277129650011,0.304818401937046,-0.2849966982170372,-0.23239709443099274,0.11126788465771517,0.08103015628439357,-0.3812612810917896,-0.25756548536209556,-0.23630640545894782,-0.37558661677305744,0.154983491085186,0.14089148139995597,0.05514858023332599,-0.18006383447061414,-0.05865947611710324,0.07979969183359013,0.13157164869029275,0.1544618093770636,0.027070217917675544,0.037142857142857144,0.2048051948051948,-0.06318071758749724,-0.18500550297160467,-0.02963020030816641,-0.051107197886858906,-0.18626018049746862,-0.2183314990094651,-0.16421087387189082,-0.049872331058771736,-0.10800792427911073,-0.10440898084965881,0.025538190622936385,-0.06810477657935285,0.09480519480519481,-0.06162227602905569,0.16015408320493066,-0.022643627558881795,-0.018822364076601365,0.014331939247193485,0.1210543693594541,0.07481399955976227,0.09380585516178737,-0.030977327756988773,-0.11975786924939467,-0.2277591899625798,-0.40899625797930883,0.07613251155624037,0.0699141536429672,0.0487739379264803,0.14274708342504952,0.09404358353510896,0.06405679066696016,-0.14478758529605987,-0.16255337882456528,0.13154523442659036,-0.2085494166850099,-0.03706141316310808,0.18657054809597182,0.11069117323354612,0.06394673123486683,-0.11302883557120845,-0.14890160686770856,-0.15020030816640986,-0.2213317191283293,-0.21105877173673784,-0.050728593440457846,0.06653092670041823,-0.11505172793308387,0.3690975126568347,0.4250847457627119,0.027882456526524324,0.46021351529826104,0.48119084305524984,0.31855161787365177,0.11671362535769315,0.3815298261060973,0.13960378604446402,0.4900528285274048,0.2440545894783183,0.15917675544794188,0.3024169051287695,0.10844155844155844,0.02153202729473916,-0.1049438696896324,-0.16745982830728592,0.13975786924939468,0.16394673123486683,0.20066916134712745,0.22412722870349988,0.25378604446401054,0.19452784503631962,0.3026304204270306,0.1716288795949813,0.2180541492405899,0.2516927140655954,-0.05293638564825005,0.021327316751045565,0.051890821043363414,0.007937486242570988
#54,0.25744001760950913,0.22471714725952013,0.5193242350869469,0.4687937486242571,0.5199471714725952,0.598151001540832,0.09398855381906229,0.3057208892802113,0.1612722870349989,0.5040413823464671,0.2259123926920537,0.3987277129650011,1.0,-0.015628439357252916,-0.09863966541932644,-0.19940788025533787,0.4540523882896764,0.3113119084305525,-0.16195465551397756,-0.3396786264582875,-0.35833590138674887,-0.24085846357032797,-0.0850561303103676,0.06442218798151002,-0.13294959278010127,-0.08899405679066696,-0.03840193704600484,0.09834690732995818,0.32552498349108516,0.1091173233546115,0.07128109178956636,-0.10711424169051288,0.24188641866607968,0.1026172132951794,-0.08571208452564384,-0.029687431212854942,-0.16853841074180057,0.023145498569227384,-0.1771714725952014,-0.03788465771516619,-0.09215056130310367,0.012916574950473256,-0.1363878494386969,-0.14523662777900065,-0.1048051948051948,0.005606427470834251,0.0750033017829628,0.3047435615232225,0.03255998239049086,0.018353510895883777,0.42515738498789346,0.3295003301782963,0.31011005943209335,0.24496147919876735,-0.02437376183138895,0.07959057891261281,-0.3949372661237068,-0.37607307946290996,-0.222656834690733,-0.18016949152542372,-0.21086066475896983,-0.08861765353290776,-0.06212854941668501,-0.17167070217917677,0.07062073519700639,-0.03724191063174114,0.05332159366057671,-0.16757649130530486,-0.07777900066035659,0.04571648690292758,0.1595927801012547,0.28701518820162886,0.01578032137354171,0.09844816200748405,-0.17689192163768436,-0.0889192163768435,-0.10718908210433634,-0.12683248954435394,0.12755227823024434,-0.053651771956856706,0.19224081003742022,0.2632621615672463,0.3588135593220339,0.22105877173673782,0.2944155844155844,0.05659916354831609,-0.01640986132511556,0.11045784723750826,0.09908870790226722,0.006722430112260621,0.02441338322694255,0.007767994717147259,0.03132731675104557,-0.08719788685890381,-0.15419106317411402,0.11238388729914153,-0.09777459828307286,0.39372881355932204,0.3445234426590359,0.3419502531366938,0.39125467752586396,0.42465991635483163,0.04194805194805195,0.451005943209333,0.2459145938806956,0.32118203830068237,0.24678626458287475,-0.18058991855602025,0.18041822584195466,-0.20979749064494826,-0.14667620515078142
#58,-0.1737310147479639,-0.013986352630420426,-0.16820383006823686,-0.0990975126568347,0.12059432093330398,-0.06540832049306626,0.24781421967862646,0.14490865067136255,0.22913493286374642,-0.06548095971824786,0.06659476117103236,0.304818401937046,-0.015628439357252916,1.0,0.2665463350209113,-0.05983711204050187,-0.19195465551397756,-0.20260840854061193,0.028093770636143517,0.043645168390931105,0.1439489324235087,0.047252916574950475,0.13192604006163328,0.002436715826546335,0.38513757429011664,0.05661897424609289,-0.2242328857583095,-0.2894673123486683,0.16166409861325115,0.22198547215496367,0.14222320052828527,0.3348404138234647,0.03330838652872551,0.1869007263922518,0.3789984591679507,0.36543693594541055,0.7171890821043363,0.16550957517059212,0.3619458507594101,-0.12248734316530926,0.28959278010125467,-0.12286374642306845,0.07979308826766454,0.3538168611049967,-0.21017829627999118,-0.40970063834470616,-0.1406977767994717,0.030964120625137575,-0.2875434734756769,-0.3910433634162448,-0.3644441998679287,-0.33095311468192823,-0.367937486242571,-0.2898217037200088,-0.1419920757208893,-0.10223200528285274,-0.18311908430552498,-0.0707968302883557,0.247805414924059,-0.1761897424609289,-0.05438476777459828,-0.029799691833590138,0.5005304864626898,0.5982148360114462,-0.44227162667840636,-0.23772176975566806,0.5602861545234427,0.3160004402377284,0.44463350209112923,0.5180277349768875,0.13424609289016068,-0.08033017829627999,0.23727933083865288,0.08010345586616772,0.08650451243671582,-0.08966101694915254,-0.18185780321373543,-0.0908562623816861,0.3900242130750605,0.2782192383887299,0.06979969183359014,0.07997798811358134,-0.10819282412502751,0.12525863966541934,0.3163130090248734,0.06264802993616553,-0.07282632621615673,-0.009940567906669601,-0.010545894783182918,0.19403697996918337,0.14231565045124367,-0.029339643407440018,-0.17905569007263922,-0.03239049086506714,0.1189720449042483,-0.3439423288575831,-0.14340303764032578,-0.2239291217257319,-0.3116442879154744,-0.21567906669601586,-0.15824785384107418,-0.127508254457407,0.5227779000660356,-0.07977547875852961,-0.09321373541712524,-0.22609509134932865,-0.1114109619194365,-0.099702839533348,0.012491745542593,0.03595201408760731,0.04122386088487783
#101,-0.09951353731014748,0.031093990755007704,-0.07695135373101475,-0.1371648690292758,-0.3688201628879595,-0.1464406779661017,-0.00662557781201849,0.024954875632841735,0.1559850319172353,-0.07850539291217257,0.1633744221879815,-0.2849966982170372,-0.09863966541932644,0.2665463350209113,1.0,0.26794629099713846,-0.0374224081003742,-0.03298481179837112,0.24932863746423067,0.11839973585736298,0.5086330618534008,0.16127668941228263,-0.1655690072639225,-0.1875016508914814,0.022333259960378604,-0.19940788025533787,-0.25088707902267227,-0.4309553158705701,0.0174818401937046,-0.20572529165749504,-0.16033898305084746,-0.015595421527624918,-0.0914439797490645,-0.04185119964780982,0.2382148360114462,0.11045124367158266,0.5305106757649131,0.1830068236847898,0.19161567246313008,-0.019462909971384546,-0.0018181818181818182,-0.14036759850319172,-0.11412282632621616,0.02990975126568347,-0.21966982170372001,-0.20100374202069118,-0.16032357473035438,-0.04469513537310148,-0.21657495047325556,-0.02486682808716707,-0.05392031697116443,-0.1486418666079683,-0.13049746863306186,-0.1935263042042703,0.12303984151441778,-0.03611930442438917,-0.008762931983270966,0.10949372661237068,-0.18718247853841075,-0.26916574950473254,-0.3292141756548536,-0.25490865067136254,0.15540171692714067,0.11682148360114462,-0.20265903587937487,-0.10450363196125909,0.21704160246533127,0.2271714725952014,0.5402245212414704,0.4334360554699538,0.3372485141976667,0.22601804974686332,0.45178956636583756,0.30284613691393353,0.17553378824565266,0.0550363196125908,-0.01857803213735417,-0.2258529605987233,0.2670768214836011,0.12752366277790006,-0.22395773717807615,-0.30010125467752585,0.10756328417345366,-0.12151221659696236,0.009969183359013867,-0.3169733656174334,-0.38531587057010785,-0.34380585516178735,-0.321864406779661,-0.1447721769755668,-0.1769535549196566,-0.3744177856042263,-0.4690402817521462,-0.4146379044684129,-0.2755051727933084,0.03031256878714506,-0.1274356152322254,-0.11961919436495708,-0.179801893022232,-0.11759630200308166,-0.026627779000660358,-0.19331719128329297,-0.02706581554039181,0.009557561082984813,0.07238388729914154,-0.04680167290336782,-0.04098393132291438,-0.21935064935064935,-0.004444199867928681,-0.29119524543253356,-0.25062953995157383
#102,-0.14081003742020692,0.07454325335681268,-0.386550737398195,-0.2871846797270526,-0.3149306625577812,-0.28811138014527843,0.18449262601804975,-0.2684107418005723,-0.09569007263922519,-0.26008364516839094,0.002260620735197006,-0.23239709443099274,-0.19940788025533787,-0.05983711204050187,0.26794629099713846,1.0,-0.3656152322254017,-0.20950693374422188,0.4483270966321814,0.7533436055469954,-0.03276689412282632,0.5289962579793088,-0.2515232225401717,0.2502377283733216,-0.25802113141096195,0.3809355051727933,-0.2724125027514858,-0.47414924058991853,-0.4396918335901387,0.16692934184459607,-0.28144618093770635,-0.02588597842835131,-0.4260752806515518,-0.039027074620294956,0.19068897204490426,0.2867422408100374,-0.029322033898305084,0.46498569227382786,-0.07433414043583535,0.4643825665859564,-0.08292978208232446,0.304653312788906,0.1433568126788466,0.31006823684789786,-0.3901342725071539,0.29053709002861544,0.11426810477657935,-0.35286814880035217,-0.3297314549856923,-0.15130750605326876,-0.38627779000660356,-0.3740677966101695,-0.4950693374422188,-0.41484041382346465,-0.4221043363416245,-0.22848998459167952,-0.15221659696235967,0.4799757869249395,-0.13567466431873212,-0.21927140655954216,-0.0759916354831609,-0.13645608628659475,0.34080123266563944,0.24290556900726393,0.1923728813559322,-0.18973585736297602,0.15711644287915474,0.20042923178516397,0.4449240589918556,0.43859344045784726,0.09037420206911732,-0.15005723090468853,0.08618754127228703,0.07967422408100375,0.1238895003301783,0.06335241030156284,-0.10154083204930663,-0.09697336561743342,-0.1550429231785164,0.5127933083865287,-0.2940876073079463,-0.23376623376623376,-0.298828967642527,-0.09525203609949373,-0.1720581113801453,-0.09753026634382567,-0.07888399735857363,-0.3049108518600044,-0.012020691173233546,0.03435174994497028,-0.16428791547435614,-0.1496302003081664,-0.22093330398415145,-0.04991635483160907,-0.27078142196786265,-0.275775918996258,0.37769535549196565,-0.3966607968302884,-0.3250231124807396,-0.3124411182038301,-0.3672925379705041,-0.5356328417345366,-0.33349108518600046,-0.2959145938806956,-0.3131102795509575,-0.10127668941228263,-0.31128109178956637,0.016678406339423288,-0.04105216817081224,0.039405679066696016,-0.049044684129429895
#201,0.49297820823244554,0.36447941888619856,0.8811512216596963,0.6750583314990095,0.40731234866828087,0.44946731234866827,0.08332159366057672,0.4856350429231785,0.24686330618534008,0.6552278230244332,0.2735197006383447,0.11126788465771517,0.4540523882896764,-0.19195465551397756,-0.0374224081003742,-0.3656152322254017,1.0,0.7815518379925159,-0.1340788025533788,-0.5160840854061193,-0.09855822143957738,-0.24174994497028396,0.021351529826106098,0.006537530266343826,-0.02041382346467092,-0.29503852080123266,0.19175214615892583,0.31592339863526303,0.4825181598062954,-0.12892141756548536,0.29576491305304864,-0.1534998899405679,0.5773937926480299,0.12769535549196567,-0.16054589478318293,-0.47719568567026194,-0.27756328417345366,-0.22083865287255117,0.0373563724411182,-0.3121813779440898,-0.08704600484261502,-0.24562623816861104,-0.39479639005062733,-0.26376623376623376,-0.009627999119524543,-0.05293198327096632,0.16587717367378385,0.2987541272287035,0.11888399735857363,0.26093330398415143,0.6842747083425049,0.570281752146159,0.6656174334140436,0.5307814219678626,0.41850319172353073,0.4509531146819282,-0.42600264142637023,-0.6271692714065595,-0.37266123706801674,-0.24637244111820383,-0.4286814880035219,-0.2063086066475897,-0.6055491965661457,-0.5360928901606867,0.26712744882236406,0.35721549636803873,-0.21943209333039843,-0.42198767334360554,-0.07527184679727053,-0.1693022232005283,0.5404798591239269,0.6950583314990094,-0.019984591679506933,0.38043803653973146,-0.33178076161127007,-0.09322914373761831,-0.0798084965881576,-0.21127668941228264,0.299042482940788,-0.3544309927360775,0.0338300682368479,0.3562073519700638,0.33965441338322694,0.1385097952894563,0.038360114461809376,-0.359372661237068,-0.21541052168170813,0.16294519040281752,0.24232225401716928,-0.18460268545014308,0.010092449922958397,-0.1498481179837112,0.01901166629980189,-0.2720757208892802,-0.09331719128329298,0.6644353951133612,0.031067576491305305,0.79983491085186,0.7509905348888399,0.7106515518379926,0.5834932863746423,0.7361545234426591,0.15266123706801674,0.7162557781201849,0.6082698657274929,0.6450935505172793,0.5214241690512877,-0.2695465551397755,0.011926040061633282,-0.5800682368478979,-0.4544243891701519
