,#10,#11,#12,#13,#17,#18,#26,#49,#50,#51,#52,#53,#54,#58,#101,#102,#201,#202,#301,#302,#401,#402,#501,#502,#601,#602,#701,#702,#801,#802,#901,#902,#1001,#1002,#1101,#1102,#1201,#1202,#1301,#1302,#1401,#1402,#1501,#1502,#1601,#1602,#1701,#1702,#1801,#1802,#1901,#1902,#2001,#2002,#2101,#2102,#2201,#2202,#2301,#2302,#2401,#2402,#2501,#2502,#2601,#2602,#2701,#2702,#2801,#2802,#2901,#2902,#3001,#3002,#3101,#3102,#3201,#3202,#3301,#3302,#3401,#3402,#3455,#3501,#3502,#3601,#3602,#3701,#3702,#3801,#3802,#3901,#3902,#4001,#4002,#4101,#4102,#4201,#4202,#4301,#4302,#4401,#4402,#4501,#4502,#4601,#4602,#4701,#4702,#4801,#4802
#10,1.0,0.2584899845916795,0.2779969183359014,0.2918754127228704,0.13243671582654634,0.20512656834690732,-0.07509134932863747,0.390528285274048,0.04670041822584196,0.29093990755007704,0.5129143737618314,-0.06298921417565485,0.06276249174554259,-0.006850099053488884,-0.165379705040722,-0.07156724631300902,0.04786704820603126,0.04799691833590139,-0.08295839753466872,0.0008584635703279771,0.09700638344706142,0.02280871670702179,0.17262161567246312,0.08670482060312569,0.144818401937046,0.10787145058331499,0.3477261721329518,0.15045124367158266,-0.011243671582654633,0.10808716707021791,-0.18682148360114462,-0.11627999119524543,-0.1413845476557341,0.031714725952014085,-0.32732555580013206,-0.044783182918776136,-0.34219238388729917,-0.2075544794188862,-0.08066035659255998,-0.251237068016729,-0.056530926700418226,-0.19422187981510014,-0.35871230464450804,-0.3227074620294959,0.011518820162887959,-0.02722209993396434,0.1738762931983271,0.10714505833149901,0.15248294078802554,0.16068236847897865,0.19279991195245433,0.13545454545454547,0.1817015188201629,0.2370416024653313,0.11427690953114682,-0.08190622936385648,-0.05414483821263482,0.038274268104776576,-0.20725291657495049,0.03384107418005723,-0.13633942328857582,-0.11087387189082104,-0.23092670041822586,-0.1634294519040282,-0.004948272066916135,0.18930882676645389,-0.24789346246973365,-0.03104996698217037,-0.1872507153863086,0.04521241470394013,-0.1343187321153423,0.0030508474576271187,0.07323354611490204,0.064719348448162,-0.06662117543473475,0.18391811578252257,-0.013843275368699098,0.17727492846136914,0.10939687431212855,0.26505172793308385,-0.1198084965881576,0.29891041162227605,0.1392427911071979,-0.0765793528505393,0.12646489104116224,-0.10480079242791107,-0.05270746202949593,0.305544794188862,0.043123486682808715,-0.07801452784503632,0.06230904688531807,-0.002698657274928461,-0.04783843275368699,-0.2501122606207352,-0.15528945630640545,0.1720030816640986,0.03694475016508915,0.03933744221879815,-0.06252256218357913,0.15033898305084745,0.16953334800792427,-0.0814043583535109,-0.0150429231785164,-0.07700858463570329,-0.04195905789126128,-0.15258859784283513,0.05233105877173674,-0.04350429231785164,0.17837552278230245,-0.15271186440677967,-0.11988333700198107
#11,0.2584899845916795,1.0,-0.05602905569007264,0.19489984591679507,-0.21898084965881576,-0.010924499229583976,0.2372903367818622,0.22959938366718027,0.2391745542593,0.5676271186440678,0.4447677745982831,-0.3482478538410742,-0.18055249834910853,0.06839973585736298,-0.2735659255998239,0.09752366277790006,-0.04492626018049747,-0.10863746423068457,-0.0313251155624037,0.07581774158045344,0.009484921857803214,0.37994497028395335,-0.16242350869469513,-0.038177415804534445,-0.06186000440237728,0.10774158045344485,0.12569887739379265,0.3809949372661237,-0.02151882016288796,0.18215936605767113,-0.1632093330398415,-0.038527404798591236,-0.0652278230244332,0.04366718027734977,-0.18612590799031478,0.10257539071098393,-0.040250935505172794,-0.15948272066916136,-0.06829627999119525,0.002729473915914594,0.26567246313009024,0.10865727492846138,0.053629760070438036,-0.30807836231565044,-0.21079462909971383,-0.222722870349989,0.1593418445960819,0.19674003962139555,0.04979528945630641,0.06034778780541492,0.07317631521021352,0.024558661677305745,0.004085406119304425,0.27107638124587274,0.0438036539731455,0.14052828527404798,-0.2212920977327757,0.06352850539291217,-0.044116222760290556,0.10850759410081444,-0.10666740039621396,-0.25111600264142636,-0.4063724411182038,-0.30124367158265464,0.34161787365177193,0.3417367378384328,-0.17136693814659917,0.11731895223420648,-0.2084371560642747,0.03404358353510896,-0.0014902047105436935,0.012907770195905789,-0.3194408980849659,0.008250055029716047,-0.13204710543693596,0.040633942328857586,-0.05377503852080123,-0.010777019590578913,-0.37089808496588156,-0.013493286374642307,-0.18114241690512878,-0.10781421967862646,-0.011932643627558881,-0.1870856262381686,-0.3935417125247634,-0.19551397754787586,-0.24385208012326656,-0.16320272947391593,0.14985692273827866,-0.3717257318952234,-0.07518159806295399,-0.2693946731234867,-0.17734756768655074,0.03132951793968743,-0.3011138014527845,0.15803213735417126,0.01878494386968963,-0.06326216156724632,0.084653312788906,-0.15069557561082986,-0.09358573629760071,-0.28239489324235084,-0.09773717807616113,-0.1326040061633282,-0.026183138895003302,-0.07784283513097072,0.07792648029936165,-0.14835571208452564,0.02991635483160907,0.08742681047765793,-0.034769975786924937
#12,0.2779969183359014,-0.05602905569007264,1.0,0.1621219458507594,0.30491525423728816,0.4889786484701739,-0.04064494827206692,0.10931322914373762,-0.129867928681488,0.15549856922738278,0.1273629760070438,0.15067356372441118,0.04094871230464451,-0.28250715386308606,-0.1743759630200308,-0.14242130750605328,0.42410961919436496,0.5683270966321814,-0.33197446621175436,-0.23077701959057892,-0.010611930442438917,-0.03819062293638565,0.42290556900726395,0.3482412502751486,0.08706801672903368,-0.08374642306845696,0.1518049746863306,-0.03217477437816421,-0.050004402377283735,-0.1727426810477658,0.11333039841514418,-0.24200088047545676,0.3608760730794629,-0.06981510015408321,-0.4554039181157825,-0.4684393572529166,-0.31429672022892363,-0.22038300682368478,-0.21598283072859345,-0.21788245652652433,-0.003352410301562844,-0.2820074840413824,-0.28400396213955537,-0.25882236407660136,0.03508254457407,0.02509355051727933,0.08906889720449042,0.03476117103235747,0.16440677966101694,0.20977767994717147,0.14589478318291876,0.3227690953114682,0.24391151221659696,0.3174180057230905,0.11353290777019591,-0.053383226942548975,-0.14174994497028395,-0.21203169711644287,-0.1862887959498129,0.05987673343605547,-0.10962359674224081,-0.08745322474136033,-0.3076271186440678,-0.222821923838873,0.0361171032357473,-0.2330178296279991,-0.03029716046665199,-0.23896103896103896,0.07737618313889501,-0.13292097732775698,0.3929495927801013,0.08318511996478098,0.1163746423068457,0.15546114902047106,-0.19809817301342725,-0.008516398855381906,-0.1585626238168611,0.07676205150781422,0.17634602685450143,0.30149900946511116,-0.022456526524323134,0.30609289016068675,0.10022892361875413,0.04675544794188862,0.20954215276249175,-0.002584195465551398,0.09117103235747304,0.268597842835131,-0.06402817521461589,0.06716046665199207,0.016973365617433414,-0.1041536429672023,0.17841294298921417,0.011631080783623156,-0.22545014307726172,0.46322254017169273,0.03946511116002641,0.6305040721989874,0.4490953114681928,0.2930706581554039,0.4032379484921858,0.5855712084525644,0.24473695795729694,0.47033678186220557,0.401831388950033,0.34045124367158264,0.3682940788025534,-0.14397974906449482,-0.13012106537530266,-0.361369139335241,-0.15909531146819283
#13,0.2918754127228704,0.19489984591679507,0.1621219458507594,1.0,-0.04050627338762932,0.17281532027294738,-0.2228087167070218,0.2033810257539071,-0.06543253356812678,0.34199427690953116,0.20795729694034779,-0.01713625357693154,-0.11511336121505614,-0.10365177195685671,0.16511336121505613,0.08983491085186,0.2208628659476117,-0.05937706361435175,0.2699933964340744,0.23561303103675985,0.2066916134712745,0.14370239929561965,0.02168611049966982,-0.008283072859344046,0.150132071318512,0.15486242570988334,0.22335681267884658,0.10404138234646709,-0.025194805194805193,0.3931961259079903,-0.359966982170372,-0.2368831168831169,-0.38437816420867266,0.10197886858903808,-0.1423464670922298,-0.03911512216596962,-0.06136033458067356,-0.011364736957957297,0.12917455425930002,0.026154523442659037,0.2434800792427911,0.07038961038961039,-0.16802773497688753,-0.08186880915694475,-0.20789126128109178,0.045890380805635046,0.16369579572969403,0.040790226722430115,-0.06020471054369359,-0.07627338762931983,-0.32995157384987894,-0.22168170812238608,-0.23341844596081884,-0.013581333920316971,0.048718908210433634,0.1888861985472155,-0.2472463130090249,0.025137574290116663,-0.24854721549636805,-0.09203169711644288,-0.1628153202729474,-0.30208672683248955,-0.13030596522121946,-0.2811160026414264,0.24419106317411401,0.24333920316971164,-0.33511776359233986,-0.322623816861105,0.045150781421967864,-0.2520250935505173,-0.25134712744882237,-0.12590799031476999,0.13613471274488223,0.08633942328857583,0.05647149460708783,0.04330398415144178,0.07578912612810917,-0.1711864406779661,-0.12391811578252256,0.044186660796830285,-0.4093880695575611,0.24462469733656175,-0.12634382566585955,-0.36827646929341845,-0.085181598062954,-0.18832269425489764,-0.24084085406119304,0.18020911292097733,0.26286154523442656,-0.26078582434514636,-0.11140655954215277,-0.2435791327316751,-0.1465133171912833,-0.10700198106977768,-0.23204710543693594,-0.041796169931763154,0.030975126568346906,-0.08792207792207792,0.011397754787585297,-0.14425489764472815,0.06692053709002861,-0.15684569667620515,-0.24192163768434954,-0.32043363416244774,-0.1579242791107198,-0.31292978208232447,-0.1727096632181378,-0.17924279110719787,-0.0019524543253356813,-0.10757208892802113,-0.07732775698877394
#17,0.13243671582654634,-0.21898084965881576,0.30491525423728816,-0.04050627338762932,1.0,0.18726832489544354,0.05815980629539952,-0.09848558221439577,-0.09794849218578032,-0.05565485362095532,0.045650451243671585,0.5130860664758969,0.22074620294959277,-0.0010543693594541052,-0.0055954215276249174,0.03878274268104777,0.20389830508474577,0.439042482940788,-0.2125643847677746,-0.1719370460048426,-0.2296830288355712,-0.2806669601584856,-0.11352410301562844,0.059385868368919216,0.09364296720228923,0.09277790006603566,-0.24633061853400837,-0.11957737178076161,0.003407440017609509,-0.39917895663658376,0.4605657054809597,0.03385868368919216,0.34119524543253354,0.06507153863086067,0.01134272507153863,-0.1975280651551838,-0.04346467092229804,0.08161127008584636,-0.14065595421527624,0.028450363196125907,-0.2416486902927581,-0.4003279771076381,0.06656834690732996,0.04331058771736738,0.1621021351529826,0.1241800572309047,-0.017827426810477658,-0.20920537090028615,-0.24326436275588817,-0.12302443319392473,-0.2569073299581774,-0.04077261721329518,-0.2036781862205591,-0.19813779440898086,-0.16786264582874752,-0.25782302443319394,-0.15173013427250714,-0.1002905569007264,-0.11003081664098613,-0.07894122826326216,0.1348117983711204,0.2683975346687211,0.20211754347347569,0.18383887299141535,-0.1667048206031257,-0.28946511116002643,0.44757208892802114,-0.03060312568787145,0.19518600044023773,0.09759189962579794,0.24476777459828308,0.1444706141316311,0.19425709883337003,-0.020257539071098393,0.1839621395553599,0.19559322033898305,0.12315210213515299,0.1648910411622276,0.11631961259079904,0.1640413823464671,0.27741140215716487,0.10913493286374643,0.2409421087387189,0.46773937926480297,0.4783050847457627,0.207805414924059,0.4373233546114902,0.30115782522562184,-0.1771054369359454,0.47255558001320713,0.10815320272947392,0.3096015848558221,0.23772397094430991,0.10668060752806516,0.10821923838872992,0.33114461809377066,0.05033017829627999,0.2984569667620515,0.05651111600264143,0.19544133832269425,0.18455866167730575,0.4327690953114682,0.4267862645828748,0.3875544794188862,0.27623816861105,0.36360334580673564,0.283515298261061,0.17016068677085627,0.07081223860884878,-0.11938146599163549,0.039119524543253355
#18,0.20512656834690732,-0.010924499229583976,0.4889786484701739,0.17281532027294738,0.18726832489544354,1.0,0.0437640325775919,0.11379484921857803,-0.1487541272287035,0.1111402157164869,0.04962799911952454,-0.0032379484921857805,0.24571648690292758,-0.06435395113361216,-0.052137354171252474,-0.1688928021131411,0.2439951573849879,0.2539665419326436,-0.16147479639005063,-0.2011600264142637,-0.10572969403477878,-0.0775610829848118,0.2787034998899406,0.11352850539291218,-0.07113801452784503,-0.09751926040061633,-0.07414263702399296,-0.018683689192163767,0.054486022452124146,0.009757869249394674,0.01591239269205371,-0.22389830508474576,0.11213955535989434,-0.10420647149460709,-0.3033259960378604,-0.2816707021791768,-0.23203389830508475,-0.22093990755007703,-0.04637684349548756,-0.3545828747523663,0.1401386748844376,-0.13280651551837994,-0.1672639225181598,-0.24958617653532908,0.10780761611270086,-0.08277349768875193,0.13029275808936827,0.10274708342504953,0.23398415144177856,0.17224961479198767,0.24737838432753687,0.23560642747083424,0.20786044464010567,0.21209112920977327,0.1111798371120405,-0.15096632181377945,0.051034558661677304,-0.11718688091569447,-0.03639665419326436,0.16432753686990975,-0.125941008144398,-0.24077261721329518,-0.13381465991635483,-0.2633480079242791,-0.15743121285494166,-0.0713185119964781,0.04386748844375963,0.09397974906449483,-0.1425511776359234,-0.31012546775258637,0.05474796390050627,-0.11039841514417785,0.06457627118644067,-0.03953334800792428,-0.08332819722650231,0.006227162667840634,-0.024428791547435616,-0.014552058111380146,0.22361435174994498,0.37186440677966104,-0.13372881355932204,0.48615892581994274,-0.023592339863526303,-0.1248778340303764,0.05120845256438477,-0.10158705701078583,-0.16042482940788025,0.3857076821483601,-0.0161765353290777,0.0030068236847897866,0.07967422408100375,-0.05105216817081224,0.2572243011226062,0.08709883337001981,-0.07647589698437156,0.13615892581994277,-0.2129451904028175,0.17508474576271185,0.1354369359454105,0.20864626898525204,0.19745982830728592,0.3241382346467092,0.036707021791767554,0.07828527404798591,0.0337970504072199,0.00451683909311028,0.28431432973805854,-0.07688972044904248,-0.015544794188861986,-0.23616112700858463,-0.01401056570548096
#26,-0.07509134932863747,0.2372903367818622,-0.04064494827206692,-0.2228087167070218,0.05815980629539952,0.0437640325775919,1.0,-0.03557781201848999,0.22716046665199208,0.11964120625137574,0.09277569887739379,0.049372661237068016,-0.022537970504072198,0.34577151661897426,-0.20471054369359454,-0.15880255337882457,0.15178076161127008,0.11199647809817301,-0.16331939247193483,-0.17272727272727273,-0.34166409861325114,-0.12460268545014308,-0.1739753466872111,-0.1396125907990315,-0.19528285274047985,-0.14740479859123926,-0.11183138895003301,-0.03254237288135593,0.06339643407440018,-0.06622716266784064,0.05163328197226502,0.14461149020471054,0.17320052828527405,0.1983116883116883,-0.06588817961699317,-0.006112700858463571,0.13113801452784504,0.06342945190402817,-0.030821043363416244,0.09386308606647589,0.11221219458507595,0.19904028175214616,0.17381245872771298,-0.2104424389170152,-0.11763812458727713,-0.2750781421967863,-0.10889720449042482,0.0737112040501871,0.043605546995377505,0.06747743781642086,0.2139159145938807,0.07694034778780541,0.061994276909531146,-0.004276909531146819,-0.09074620294959278,0.018003521901826986,-0.12470173893902707,-0.1423002421307506,0.1837640325775919,0.08228043143297381,0.02339203169711644,0.022755888179616993,-0.0934206471494607,-0.10892581994276909,-0.04793968743121285,0.03157164869029276,0.31836231565045126,0.46232225401716925,-0.10530706581554039,-0.11992515958617654,0.297376183138895,0.2543979749064495,0.013321593660576711,-0.04684349548756329,0.016390050627338764,0.07059872331058771,0.19252036099493727,0.11030596522121947,0.029542152762491745,-0.0686616773057451,0.10836011446180938,-0.2622518159806295,0.02493286374642307,0.06952454325335682,-0.16264582874752367,0.09596081884217478,-0.027532467532467533,0.01819722650231125,0.2549042482940788,0.01572309046885318,-0.03560422628219238,-0.029707241910631742,-0.07931322914373762,0.170099053488884,0.09083645168390932,-0.09979969183359014,-0.061177635923398636,-0.02120184899845917,0.04327536869909751,0.02813779440898085,-0.02906009244992296,0.04259520140876073,0.12530926700418227,0.1637442218798151,0.11571648690292759,0.22499889940567908,0.16231785163988555,-0.10155183799251596,-0.05109619194364957,0.14480739599383669,0.094818401937046
#49,0.390528285274048,0.22959938366718027,0.10931322914373762,0.2033810257539071,-0.09848558221439577,0.11379484921857803,-0.03557781201848999,1.0,0.36699757869249394,0.3264979088707902,0.41178296279991194,0.09753246753246753,0.04811138014527845,0.2506493506493506,-0.2565133171912833,-0.21499449702839532,-0.05096632181377944,-0.06402817521461589,0.06151001540832049,0.011413163108078363,-0.15915034118423949,-0.012102135152982611,-0.04380145278450363,-0.05169271406559542,-0.11917455425930003,0.1010807836231565,0.14369579572969404,-0.04276469293418446,0.04432753686990975,0.24188421747743782,-0.27942989214175656,0.10170372000880476,-0.09620735197006383,0.006682808716707022,-0.10397534668721109,0.1137244111820383,-0.041450583314990096,-0.17718908210433634,-0.03917895663658375,-0.1565265243231345,0.050431432973805854,0.06691613471274488,0.02893682588597843,-0.34676645388509797,-0.05959718247853841,-0.2425974025974026,0.02802773497688752,0.0788663878494387,0.05196566145718688,0.009799691833590139,0.07902267224301122,0.07955756108298481,0.017213295179396876,0.17770195905789127,-0.05092670041822584,-0.04140215716486903,-0.2690248734316531,-0.1929275808936826,-0.22758529605987232,-0.21746643187321155,-0.13515958617653534,-0.20910191503411843,-0.06909971384547656,0.019178956636583755,0.061562843935725295,0.2888465771516619,-0.22276029055690072,0.0022276029055690073,-0.11588377723970944,0.09401276689412283,-0.04235086946951354,0.16267004182258418,0.1753731014747964,0.122788906009245,0.16180497468633062,0.22208012326656396,0.04891041162227603,-0.19092670041822585,-0.07206471494607088,0.06086506713625358,-0.17868589038080562,0.1751089588377724,-0.09850319172353071,-0.15683248954435394,0.006053268765133172,-0.1655315870570108,-0.25858023332599606,-0.08915694475016508,0.16020691173233545,-0.0775478758529606,-0.17078802553378825,-0.20347127448822364,-0.18279991195245432,-0.27038740920096854,-0.14744001760950914,-0.021741140215716485,-0.020840854061193043,-0.11212854941668501,-0.008175214615892582,0.05338542813119084,0.21111160026414263,-0.22504732555580012,-0.08115122165969624,-0.24744662117543473,-0.12751926040061634,-0.22491305304864626,0.004697336561743342,-0.0549306625577812,-0.07529826106097293,-0.023885097952894563,-0.21929782082324456
#50,0.04670041822584196,0.2391745542593,-0.129867928681488,-0.06543253356812678,-0.09794849218578032,-0.1487541272287035,0.22716046665199208,0.36699757869249394,1.0,0.18536209553158706,0.19368038740920096,-0.07068016729033678,-0.09967862645828747,0.3008804754567466,-0.10873651771956856,-0.0322672243011226,0.024265903587937485,-0.05173673783843275,0.14602685450143077,0.12780981730134272,-0.1371912832929782,0.021111600264142636,-0.0798877393792648,-0.07633281972265023,0.017922077922077922,0.1365265243231345,0.03803653973145499,0.10051948051948052,0.013083865287255117,0.0636385648250055,-0.1346665199207572,-0.038027734976887516,0.011364736957957297,-0.000600924499229584,0.02427690953114682,0.06298481179837112,0.10624036979969183,-0.04391811578252256,0.022643627558881795,0.16417785604226282,0.15554919656614571,0.18639445300462248,0.37308826766453884,-0.16125467752586398,0.11455205811138014,-0.102458727712965,-0.26981069777679945,-0.06872551177635923,-0.13558221439577373,-0.07957957296940348,0.012909971384547655,0.028283072859344047,-0.01558661677305745,0.047224301122606206,-0.08645828747523662,0.033838872991415365,-0.24942108738718907,-0.08728813559322034,-0.25090688972044906,-0.17841514417785603,-0.08652872551177636,0.014505833149900947,-0.05774158045344486,0.015368699097512657,0.0727426810477658,0.032047105436935945,0.03624477217697557,0.32319392471934844,0.0017697556680607528,0.27457186880915696,0.04089808496588158,-0.0475610829848118,0.055588817961699316,-0.16572969403477877,0.042892361875412725,0.034155844155844155,-0.1139555359894343,-0.09327977107638125,-0.03860664758969844,0.010327977107638124,0.10441558441558442,-0.050457847237508256,0.04103896103896104,0.07841294298921418,-0.09771296500110059,0.04798591239269205,-0.13596962359674225,-0.22523222540171692,0.29542152762491747,-0.014136033458067356,0.00461369139335241,-0.1661831388950033,-0.06206471494607088,-0.11070438036539731,-0.19987673343605547,0.06688972044904248,0.013480079242791107,-0.1913515298261061,0.07359674224081003,-0.13300682368478978,-0.12310587717367379,-0.27933744221879814,-0.07396434074400177,-0.1162029495927801,-0.10389830508474576,-0.13060532687651333,-0.13675544794188862,-0.09660136473695796,0.01236847897864847,-0.03905128769535549,-0.36846136913933525
#51,0.29093990755007704,0.5676271186440678,0.15549856922738278,0.34199427690953116,-0.05565485362095532,0.1111402157164869,0.11964120625137574,0.3264979088707902,0.18536209553158706,1.0,0.5025665859564165,-0.13820162887959497,-0.11265463350209112,0.037435615232225404,-0.02441338322694255,0.061074180057230906,0.1665925599823905,-0.006434074400176095,0.14677305745102356,0.12283072859344046,0.0199537750385208,0.2577966101694915,-0.11660576711424168,-0.08742681047765793,0.014378164208672684,0.1589192163768435,0.00937706361435175,0.045914593880695576,0.09302223200528285,0.36481179837112043,-0.29956636583755225,-0.07941668500990536,-0.14144618093770636,0.02647809817301343,-0.0038212634822804314,-0.031611270085846355,0.02851419766674004,-0.01338762931983271,-0.008311688311688312,0.2033612150561303,0.2667884657715166,0.08713185119964781,-0.008908210433634163,-0.2171516618974246,-0.18849438696896323,-0.18598062953995156,-0.09918556020250935,-0.16133612150561302,-0.1636187541272287,-0.21985252036099492,-0.1465441338322694,-0.09046665199207572,-0.18195465551397755,0.1483381025753907,0.05714505833149901,0.1968677085626238,-0.38680827646929344,-0.018835571208452563,-0.09150121065375302,-0.20986572749284613,-0.09875852960598723,-0.19509134932863748,-0.2412788906009245,-0.31304424389170155,0.21023552718467972,0.25263922518159804,-0.14046224961479198,-0.12371560642747083,0.08330618534008365,0.057915474356152324,0.06585956416464891,-0.038998459167950694,0.01960378604446401,0.011283292978208232,0.14057671142416905,0.1742526964560863,0.12635923398635263,-0.05033678186220559,-0.22256878714505834,0.005342284833810258,-0.23299581774158046,-0.14612810917895663,-0.10867928681488004,-0.22232225401716926,-0.23523002421307507,-0.2326766453885098,-0.32215936605767115,-0.1720823244552058,0.14421747743781643,-0.37772397094430993,-0.22983270966321814,-0.35332379484921855,-0.349207572088928,-0.09994497028395334,-0.33669601584855824,0.21255558001320712,0.20523662777900065,-0.01968743121285494,-0.001639885538190623,-0.16706801672903368,0.11935064935064935,-0.27257318952234205,-0.05198987453224741,-0.17358793748624257,-0.05974025974025974,-0.11060532687651332,0.032110939907550075,-0.12635042923178516,-0.02993616552938587,0.032760290556900724,-0.19484041382346468
#52,0.5129143737618314,0.4447677745982831,0.1273629760070438,0.20795729694034779,0.045650451243671585,0.04962799911952454,0.09277569887739379,0.41178296279991194,0.19368038740920096,0.5025665859564165,1.0,-0.16184019370460048,0.23200528285274047,0.12309927360774818,-0.11803653973145499,0.013946731234866828,0.08550297160466652,0.039284613691393355,0.10944089808496588,0.0019942769095311467,-0.08533568126788466,0.15127668941228264,0.039762271626678405,-0.01727492846136914,0.1569293418445961,0.22168390931102797,0.11264142637023992,0.11292978208232446,0.11876513317191283,0.14824345146379045,-0.13894783182918777,0.13298261060972924,-0.02518600044023773,0.13492185780321372,-0.021360334580673563,0.15042042703059652,-0.03917235307065815,-0.0002465331278890601,-0.051653092670041825,0.064884437596302,0.1308034338542813,-0.07827206691613471,-0.15677966101694915,-0.3353004622496148,-0.08582874752366278,-0.1237970504072199,-0.058661677305745105,-0.11855161787365177,-0.12636143517499449,-0.16931983270966322,0.027142857142857142,-0.1095971824785384,-0.10060972925379705,0.08291877613911512,-0.03346467092229804,0.08906009244992295,-0.42289676425269646,-0.04812238608848778,-0.10607528065155183,-0.11684349548756329,-0.22598283072859343,-0.2097622716266784,-0.1949042482940788,-0.18465991635483162,0.04794408980849659,0.21363636363636362,-0.03729033678186221,-0.05990314769975787,0.04609068897204491,0.16901386748844377,0.09256878714505833,0.052223200528285274,0.05876293198327097,0.04544133832269426,0.040578912612810915,0.10701518820162888,-0.04443979749064495,-0.028274268104776578,-0.06307285934404579,0.21592339863526305,-0.05705701078582435,-0.042617213295179396,0.12406559542152762,0.030026414263702398,-0.036172132951793966,-0.2247721769755668,-0.14415804534448604,0.050539291217257316,0.039815100154083204,-0.17076601364736957,-0.1066585956416465,-0.26302883557120843,-0.24885097952894564,-0.2336649790887079,-0.21976447281532027,0.19826986572749283,0.35766453885097954,-0.05253576931543033,-0.03960378604446401,-0.09800132071318512,0.04534448602245213,-0.20755007704160247,0.12188861985472155,-0.10461369139335241,0.0986814880035219,-0.06375963020030817,0.12194805194805194,-0.11354171252476337,0.1297754787585296,-0.01679506933744222,-0.21221879815100153
#53,-0.06298921417565485,-0.3482478538410742,0.15067356372441118,-0.01713625357693154,0.5130860664758969,-0.0032379484921857805,0.049372661237068016,0.09753246753246753,-0.07068016729033678,-0.13820162887959497,-0.16184019370460048,1.0,0.19071538630860665,0.06213955535989434,0.043915914593880695,-0.09653753026634383,0.2591195245432534,0.19535769315430332,-0.21121065375302664,-0.09051727933083865,-0.19720228923618754,-0.5249592780101254,-0.00021131410961919435,0.1164010565705481,-0.085049526744442,-0.18080783623156504,-0.14331719128329298,-0.19294298921417566,-0.08721989874532247,-0.057329958177415805,0.12025533788245653,0.10945630640545895,0.19183579132731676,0.0749570768214836,-0.02399075500770416,-0.12039621395553599,-0.18095751705921198,0.05444199867928681,-0.25541492405899185,0.13055910191503411,-0.20238828967642528,-0.29740039621395553,0.06297160466651992,0.22256658595641646,0.17616112700858463,0.16161787365177196,-0.21150121065375302,-0.14286374642306846,-0.2105921197446621,-0.09770416024653313,-0.1398283072859344,-0.027012987012987013,-0.046081884217477435,-0.3091943649570768,-0.21370680167290337,-0.14307506053268765,-0.10816861104996699,-0.22901166629980188,-0.05561303103675985,-0.21631300902487344,0.36723530706581553,0.34003742020691174,0.3281620074840414,0.2874818401937046,-0.3214571868809157,-0.1799471714725952,0.13378384327536869,-0.06612810917895663,0.1715430332379485,0.19321373541712525,0.1642703059652212,0.15723310587717368,0.4066806075280652,0.12226942548976447,0.07453444860224522,0.015014307726172132,0.2138432753686991,0.09708782742681048,0.2243033237948492,-0.04543473475676865,0.22462689852520362,0.20979969183359015,0.021300902487343166,0.296766453885098,0.4689038080563504,0.3444111820383007,0.44640986132511556,0.309108518600044,-0.10810257539071098,0.5447963900506273,-0.015978428351309706,0.2300594320933304,0.05212854941668501,0.16546335020911293,0.1862689852520361,-0.0007440017609509135,-0.003576931543033238,0.2959608188421748,0.1136517719568567,0.2383975346687211,0.1313317191283293,0.33041162227602905,0.15189522342064715,0.23492626018049748,0.1706669601584856,0.20900506273387628,0.16916795069337442,0.293614351749945,0.07190402817521462,0.004710543693594541,0.20825665859564166
#54,0.06276249174554259,-0.18055249834910853,0.04094871230464451,-0.11511336121505614,0.22074620294959277,0.24571648690292758,-0.022537970504072198,0.04811138014527845,-0.09967862645828747,-0.11265463350209112,0.23200528285274047,0.19071538630860665,1.0,0.07348888399735858,0.13758529605987233,-0.27558661677305746,0.19857362976007042,0.18827426810477657,0.06627338762931984,-0.2826194144838213,-0.22621835791327316,-0.3306141316310808,0.2601760950913493,0.01679506933744222,-0.07032357473035439,-0.13501210653753026,-0.10087167070217917,-0.1312524763372221,0.18690953114681927,-0.038003521901826987,0.243284173453665,0.29167730574510237,0.1265067136253577,0.1102905569007264,-0.01217477437816421,0.12075060532687651,-0.05164648910411622,0.15054369359454106,-0.06501871010345586,0.002284833810257539,-0.1013251155624037,-0.07958837772397094,-0.12428791547435615,-0.23495927801012548,0.2167444419986793,-0.0213449262601805,-0.1283645168390931,-0.09860444640105658,-0.010033017829628,0.02432973805855162,0.2177327756988774,0.021197446621175436,0.0008958837772397094,-0.1894673123486683,-0.23674664318732117,-0.2929275808936826,-0.11123486682808717,-0.2996191943649571,0.1153664979088708,-0.11747963900506274,-0.03396874312128549,-0.05143957737178076,0.19992515958617654,0.10929121725731895,-0.2034536649790887,0.07164869029275808,0.26773497688751924,-0.07877834030376403,0.1388597842835131,-0.20161567246313009,0.14692493946731236,0.06858463570327977,0.14712304644508034,0.01383447061413163,-0.21036539731454987,-0.34970724191063174,-0.07686550737398196,-0.0761435174994497,0.4002047105436936,0.3063416244772177,0.19031917235307066,0.17251595861765354,0.08614131631080783,0.27967202289236187,0.3112392692053709,0.057915474356152324,0.0901386748844376,0.22795289456306406,-0.0750561303103676,0.3234228483381026,0.05861325115562404,0.26170372000880476,0.22834030376403258,-0.021250275148580234,0.2678736517719569,-0.062262821923838876,0.04950693374422188,-0.015870570107858244,-0.10664538850979528,0.3160114461809377,0.09129429892141756,0.22020250935505173,0.27250275148580233,-0.006491305304864627,-0.026973365617433413,0.13520360994937267,0.0824653312788906,-0.029381465991635485,0.05222980409421087,0.03923398635263042,-0.020189302223200527
#58,-0.006850099053488884,0.06839973585736298,-0.28250715386308606,-0.10365177195685671,-0.0010543693594541052,-0.06435395113361216,0.34577151661897426,0.2506493506493506,0.3008804754567466,0.037435615232225404,0.12309927360774818,0.06213955535989434,0.07348888399735858,1.0,-0.036121505613031034,-0.1065331278890601,-0.06339643407440018,-0.3235461149020471,-0.03594320933303984,0.13904908650671363,-0.057204490424829404,0.0014483821263482281,-0.2520757208892802,-0.1819260400616333,-0.30942989214175654,-0.19171912832929783,-0.18549636803874092,-0.054571868809156945,-0.04523662777900066,0.16307506053268764,-0.28297600704380366,0.2022804314329738,-0.1767642526964561,0.02737178076161127,-0.032397094430992736,0.05563724411182038,-0.005657054809597183,-0.16315430332379485,-0.21350869469513536,-0.13088487783403038,0.23676645388509795,0.11016949152542373,0.09051287695355492,-0.14894342945190403,-0.18655734096412063,-0.25959498128989655,-0.15772397094430993,0.03012987012987013,0.11945630640545894,0.029755668060752808,0.07372881355932204,0.04289016068677086,0.08174774378164208,0.03352410301562844,-0.1850759410081444,-0.08771736737838433,-0.04520360994937266,0.033099273607748184,-0.08940347787805415,-0.08529385868368919,0.10893462469733656,-0.013284173453664979,0.13131410961919437,0.107442218798151,-0.28114681928241253,0.1323134492626018,0.07663218137794409,0.31832929782082325,-0.08395333480079242,0.10973145498569227,-0.1463548316090689,0.003598943429451904,0.18336781862205592,0.05767114241690513,0.37774818401937044,0.3791371340523883,0.2956284393572529,0.052526964560862865,-0.08161127008584636,-0.2525159586176535,-0.23320713185119965,-0.14458067356372442,-0.31770416024653314,-0.177079022672243,-0.011981069777679947,0.11543693594541052,-0.10063394232885758,-0.2503169711644288,0.16795729694034778,-0.03237508254457407,-0.3535329077701959,-0.08676865507373982,-0.2387805414924059,-0.10846577151661897,0.0987343165309267,-0.36024213075060535,-0.1331565045124367,-0.2513251155624037,-0.14777679947171474,-0.05560642747083425,-0.002146158925819943,-0.2755139775478759,-0.09295839753466872,-0.2445234426590359,-0.21396654193264364,-0.1786748844375963,0.014437596302003081,0.1445608628659476,0.1568038740920097,0.027653532907770197,0.06374202069117324
#101,-0.165379705040722,-0.2735659255998239,-0.1743759630200308,0.16511336121505613,-0.0055954215276249174,-0.052137354171252474,-0.20471054369359454,-0.2565133171912833,-0.10873651771956856,-0.02441338322694255,-0.11803653973145499,0.043915914593880695,0.13758529605987233,-0.036121505613031034,1.0,0.08582874752366278,0.24995377503852081,-0.10892361875412723,0.5503852080123267,-0.0914373761831389,0.3162953995157385,-0.2563482280431433,0.0825181598062954,-0.09318291877613911,0.25315430332379485,0.10750385208012327,0.15127448822364076,-0.301336121505613,0.1757693154303324,0.2002113141096192,-0.0598943429451904,0.15017389390270747,-0.29692493946731235,0.03417565485362096,0.34716707021791765,0.16140435835351089,0.2633898305084746,0.25416244772176977,0.19725071538630862,0.268432753686991,-0.1569359454105217,-0.029925159586176534,-0.04646489104116223,0.21774378164208671,0.07173233546114902,0.07122165969623596,-0.3203742020691173,-0.3493330398415144,-0.41414924058991853,-0.40161127008584635,-0.337277129650011,-0.4472309046885318,-0.2925489764472815,-0.38757649130530486,0.020504072198987453,-0.011098393132291438,0.13443759630200308,-0.13625357693154302,0.11174994497028395,-0.24674664318732115,-0.2625181598062954,-0.19995157384987894,0.2895993836671803,0.027792207792207792,-0.20631080783623157,-0.1891965661457187,0.015423728813559322,-0.23353510895883778,0.3556570548095972,-0.05829848117983711,-0.09455866167730574,0.050257539071098395,0.4714968082764693,-0.18956856702619415,0.23911292097732775,-0.22187101034558662,0.13322033898305086,-0.282491745542593,0.324076601364737,0.11624697336561743,0.021294298921417567,-0.09131631080783623,0.0027140655954215275,-0.03977327756988774,0.060002201188641864,-0.25159806295399517,-0.22397754787585297,0.06082324455205811,-0.026539731454985692,0.08787365177195686,0.06770195905789127,0.08071318511996478,-0.1340479859123927,-0.26846797270526085,0.10806075280651552,-0.1697754787585296,0.08809597182478539,-0.3248117983711204,-0.24641646489104116,-0.1762491745542593,-0.31095311468192827,-0.16533788245652653,0.03787145058331499,-0.2562293638564825,-0.14154303323794848,-0.1793616552938587,-0.09211534228483381,-0.28783403037640326,-0.034719348448162005,-0.05042703059652212,-0.05583314990094651
#102,-0.07156724631300902,0.09752366277790006,-0.14242130750605328,0.08983491085186,0.03878274268104777,-0.1688928021131411,-0.15880255337882457,-0.21499449702839532,-0.0322672243011226,0.061074180057230906,0.013946731234866828,-0.09653753026634383,-0.27558661677305746,-0.1065331278890601,0.08582874752366278,1.0,-0.19296940347787805,-0.1232687651331719,0.016086286594761173,0.5818313889500331,0.47590578912612813,0.624965881576051,-0.18005502971604667,0.3193000220118864,0.25212634822804314,0.3083799251595862,-0.14213955535989434,0.2533788245652652,-0.22966321813779442,-0.08287695355491966,0.04289016068677086,-0.21590358793748624,-0.045714285714285714,-0.25103015628439357,0.022518159806295398,-0.11678186220559102,-0.07189302223200528,-0.026966762051507814,-0.20250935505172793,0.13277790006603565,-0.13752366277790007,-0.10376623376623377,0.06776139115122166,0.5027536869909751,0.04891041162227603,0.5404468412942989,0.08418225841954656,-0.030755007704160245,-0.06860884877834031,-0.024935064935064935,-0.21912172573189523,-0.04679727052608409,-0.08509795289456307,-0.001049966982170372,-0.04889280211314109,0.24848117983711204,-0.06226502311248074,0.5989126128109179,-0.239801893022232,0.17961259079903147,-0.13969623596742242,-0.08287034998899406,-0.2563482280431433,-0.16959498128989656,0.061063174114021575,-0.11186440677966102,-0.19402377283733216,-0.1141140215716487,0.11411622276029056,0.37203389830508476,-0.373185119964781,-0.33309927360774816,-0.37014087607307944,-0.08971164428791548,-0.0451089588377724,-0.01559982390490865,-0.41042703059652214,-0.15676645388509794,-0.25970944309927363,0.25867048206031257,0.16059211974466212,-0.04002421307506053,0.24330838652872552,0.10368699097512657,-0.057237508254457406,-0.19642967202289235,-0.11184679727052609,-0.14149240589918555,-0.23038520801232665,-0.15160026414263703,0.19895443539511337,-0.22416905128769535,0.038670482060312567,-0.23847897864847017,-0.3707043803653973,0.11096412062513758,0.22910411622276028,-0.10828527404798591,-0.06917235307065815,-0.20234206471494606,-0.34665419326436275,-0.18283292978208232,0.04023112480739599,-0.013207131851199648,-0.17451463790446842,-0.11063614351749945,-0.21187761391151222,-0.22981289896544133,0.2750627338762932,-0.22586396654193264,-0.24515298261060972
#201,0.04786704820603126,-0.04492626018049747,0.42410961919436496,0.2208628659476117,0.20389830508474577,0.2439951573849879,0.15178076161127008,-0.05096632181377944,0.024265903587937485,0.1665925599823905,0.08550297160466652,0.2591195245432534,0.19857362976007042,-0.06339643407440018,0.24995377503852081,-0.19296940347787805,1.0,0.42773717807616113,0.01598503191723531,-0.17798371120405018,-0.04211093990755008,-0.20359674224081004,0.35755007704160247,0.17138234646709222,0.03780761611270086,-0.013312788906009246,0.08382126348228043,-0.1601122606207352,0.1917543473475677,0.060081443979749065,0.10167950693374422,0.13773057451023552,0.14516618974246093,0.2200198106977768,-0.02760510675764913,-0.059696235967422406,0.08310147479639005,0.1213185119964781,0.07307506053268766,0.22509134932863747,0.05138234646709223,-0.21277349768875192,-0.08828967642526965,-0.2712854941668501,0.06692493946731234,-0.07129650011005943,-0.06274488223640766,-0.05790006603565925,-0.08855381906229363,-0.07470394012766894,0.013898305084745762,-0.011309707241910633,0.11730794629099714,0.05021351529826106,0.043169711644287914,0.09499229583975347,-0.2241998679286815,-0.33613691393352413,-0.07730134272507154,-0.10798591239269205,-0.13204930662557782,-0.1599735857362976,-0.05904468412942989,-0.14999779881135814,-0.19872331058771736,0.010154083204930662,0.12538190622936385,-0.10954655513977547,0.3065001100594321,-0.16486242570988333,0.3668412942989214,0.08714285714285715,0.3551067576491305,0.1553202729473916,-0.0713185119964781,-0.21632401496808276,0.022339863526304203,-0.092227602905569,0.2910741800572309,0.09327316751045564,0.08143957737178076,0.05005502971604667,0.08715386308606647,0.05584635703279771,0.1629936165529386,-0.08574950473255558,-0.06402817521461589,0.31255337882456524,0.23721989874532248,0.1076337222099934,-0.11405899185560202,-0.13442879154743562,0.07910851860004402,0.08713625357693154,-0.05532687651331719,0.1559189962579793,0.10915914593880696,0.31091349328637463,0.2436055469953775,0.2815144177856042,0.06178296279991195,0.389471714725952,0.1729804094210874,0.21825005502971603,0.17308606647589697,0.20327756988773937,0.11300902487343166,-0.32635042923178514,-0.43963240149680827,-0.24580893682588598,-0.031300902487343164
