,#10,#11,#12,#13,#17,#18,#26,#49,#50,#51,#52,#53,#54,#58,#101,#102,#201,#202,#301,#302,#401,#402,#501,#502,#601,#602,#701,#702,#801,#802,#901,#902,#1001,#1002,#1101,#1102,#1201,#1202,#1301,#1302,#1401,#1402,#1501,#1502,#1601,#1602,#1701,#1702,#1801,#1802,#1901,#1902,#2001,#2002,#2101,#2102,#2201,#2202,#2301,#2302,#2401,#2402,#2501,#2502,#2601,#2602,#2701,#2702,#2801,#2802,#2901,#2902,#3001,#3002,#3101,#3102,#3201,#3202,#3301,#3302,#3401,#3402,#3455,#3501,#3502,#3601,#3602,#3701,#3702,#3801,#3802,#3901,#3902,#4001,#4002,#4101,#4102,#4201,#4202,#4301,#4302,#4401,#4402,#4501,#4502,#4601,#4602,#4701,#4702,#4801,#4802
#10,1.0,0.4524125027514858,0.4691217257318952,0.4046092890160687,0.14533127889060093,0.4644948272066916,0.45254897644728154,0.7284591679506933,0.227541272287035,0.461963460268545,0.2550143077261721,0.07041822584195466,0.32138234646709224,0.23225621835791327,0.19410961919436495,0.02286154523442659,0.3801430772617213,0.2774224081003742,0.30877834030376405,-0.16764472815320272,-0.03185560202509355,0.054664318732115344,-0.14285934404578474,-0.2701782962799912,-0.08996918335901387,-0.13265243231344925,-0.32861104996698215,-0.24830728593440457,0.026257979308826767,-0.17298921417565485,0.18237068016729033,-0.13774378164208673,0.1620977327756989,-0.23120405018710102,-0.33598062953995156,-0.2245476557340964,-0.30181598062953996,-0.17654193264362755,-0.1476931543033238,-0.3515760510675765,-0.18531146819282412,-0.015894783182918776,-0.016753246753246753,0.1621681708122386,-0.0007373981950253137,-0.18258859784283513,-0.10727933083865288,-0.15646268985252035,-0.4326304204270306,-0.39619414483821264,-0.40279991195245435,0.12744662117543473,-0.20287915474356152,0.2422672243011226,-0.14813119084305526,-0.26868589038080565,-0.4939005062733876,-0.5113999559762271,-0.12525643847677745,-0.32577591899625796,-0.3507836231565045,-0.27120845256438475,-0.16680607528065156,-0.035097952894563064,0.02387409200968523,0.3078846577151662,0.09257979308826766,0.015593220338983051,0.3750693374422188,0.3071142416905129,0.5583645168390932,0.39294298921417564,0.42258419546555137,0.4677371780761611,0.34008144397974904,0.055364296720228925,-0.16998239049086505,-0.42974686330618533,0.27459167950693375,0.1840677966101695,0.20546775258639666,0.1921681708122386,0.20900726392251817,0.28341844596081883,0.2578252256218358,-0.269324235086947,-0.3604732555580013,0.33096632181377944,0.22370680167290335,0.22240369799691834,0.018296279991195246,-0.14430332379484923,-0.05399955976227162,-0.33832929782082327,-0.20569007263922517,0.3657627118644068,0.1817015188201629,0.15538190622936385,0.28369359454105214,-0.10960158485582214,0.07717587497248514,0.28328417345366497,0.04273827867048206,0.3760752806515518,0.25405458947831827,0.3007329958177416,0.2387211093990755,-0.23383447061413162,-0.1075676865507374,-0.39590799031477,-0.34892361875412725
#11,0.4524125027514858,1.0,0.5289566365837552,0.4875676865507374,0.14148580233325997,0.3372309046885318,0.26291877613911513,0.4374642306845697,0.3676535329077702,0.48377944089808494,0.3804402377283733,-0.13130970724191063,0.2965595421527625,0.005137574290116663,0.22125027514858023,-0.05181157825225622,0.4674576271186441,0.40716046665199207,0.3380871670702179,-0.1682192383887299,0.25259520140876074,0.05630420427030597,-0.16534448602245214,-0.24725291657495047,-0.047475236627779,-0.12317631521021352,-0.10790446841294299,-0.19041382346467092,0.19337882456526526,0.20526084085406118,0.04707902267224301,-0.16411622276029056,0.15047105436935945,-0.04772617213295179,0.007882456526524324,0.015793528505392913,-0.13191943649570767,-0.3160532687651332,0.06254237288135593,-0.08439357252916575,-0.029865727492846137,0.12762491745542592,-0.04660136473695796,0.10775038520801232,0.08754567466431873,-0.044994497028395336,-0.2769359454105217,-0.2062491745542593,-0.2957473035439137,-0.2770592119744662,-0.18337222099933964,0.24656834690732995,-0.019167950693374423,0.26979088707902266,0.11039401276689412,0.04947391591459388,-0.16322254017169271,-0.27586176535329077,-0.21433414043583535,-0.14287915474356153,-0.40184239489324236,-0.3417037200088048,-0.30283953334800795,-0.40092670041822587,0.2543033237948492,0.2797512656834691,-0.1568434954875633,-0.1607440017609509,0.2616596962359674,0.049482720669161345,0.47855381906229366,0.2979330838652873,0.21026194144838212,0.2213251155624037,0.11311248073959938,-0.09680607528065155,-0.2962447721769756,-0.40884877834030375,0.2625467752586397,0.01944309927360775,0.13321813779440897,0.10918776139115122,0.07533348007924279,0.1580431432973806,0.13046885318071758,-0.4338058551617874,-0.35055029716046665,0.025811138014527845,0.2114946070878274,0.2163614351749945,0.2411534228483381,-0.20610169491525424,0.00785163988553819,-0.3455183799251596,-0.3023882896764253,0.35322694254897646,0.17207351970063833,0.2191019150341184,0.3593154303323795,-0.06272947391591459,-0.004177856042262822,0.24395773717807617,0.15124147039401276,0.1510279550957517,0.29429011666299804,0.24132291437376183,0.20730354391371342,-0.3228109178956637,-0.08184019370460048,-0.39398415144177856,-0.36878274268104777
#12,0.4691217257318952,0.5289566365837552,1.0,0.33713185119964784,0.35505392912172573,0.6151882016288795,0.4532225401716927,0.4128087167070218,0.2697402597402597,0.5329782082324456,0.43017609509134935,0.11621835791327317,0.3626348228043143,0.05318511996478098,0.007880255337882457,-0.10948492185780322,0.7235835351089588,0.6983535108958838,0.31203389830508477,-0.2223200528285274,0.054492626018049745,0.15099933964340745,0.09044464010565706,-0.14865727492846137,0.058029936165529386,0.04707902267224301,-0.10661897424609289,-0.2090777019590579,0.24108518600044024,0.190099053488884,0.38848117983711206,0.14067796610169492,0.37867928681488006,0.11919656614571869,0.06325996037860444,0.1390777019590579,0.008767334360554699,-0.1594078802553379,0.1363482280431433,-0.11542152762491746,-0.16788025533788245,0.06662998018930222,0.08443759630200308,0.1537904468412943,0.03596742240810037,0.038589038080563506,-0.4218600044023773,-0.3905877173673784,-0.4308034338542813,-0.2966255778120185,-0.3574202069117323,0.37614571868809155,0.0411798371120405,0.3206317411402157,0.24196566145718687,-0.05521241470394013,-0.3914990094651112,-0.384389170151882,-0.3279683028835571,-0.15608408540611932,-0.5132379484921857,-0.3664164648910412,-0.33796610169491526,-0.23332379484921859,0.3509883337001981,0.34559762271626676,-0.04368699097512657,0.004527845036319612,0.22854501430772617,0.035661457186880914,0.541501210653753,0.35252256218357914,0.18911512216596962,0.25635263042042705,0.16379484921857804,-0.07675104556460488,-0.2856482500550297,-0.4995905789126128,0.3265925599823905,0.0851617873651772,0.24654853620955317,0.20925379705040723,0.0099867928681488,0.24646048866387849,0.3866299801893022,-0.4223002421307506,-0.5204050187101035,0.19235747303543912,0.26420867268324894,0.18419546555139776,0.3221043363416245,-0.22842835130970723,0.03992515958617653,-0.4818578032137354,-0.45116883116883116,0.6066321813779441,0.37175654853620954,0.5610301562843936,0.612540171692714,-0.10625357693154304,0.18905569007263923,0.7007021791767555,0.4844309927360775,0.5652036099493727,0.4868192824125028,0.4524565265243231,0.3757296940347788,-0.4479837112040502,0.02326876513317191,-0.622113141096192,-0.6243715606427471
#13,0.4046092890160687,0.4875676865507374,0.33713185119964784,1.0,0.18559542152762493,0.3686484701738939,0.21579132731675105,0.3965001100594321,0.2696125907990315,0.6249262601804975,0.35668721109399076,0.07049746863306185,0.28032577591899627,0.059167950693374424,0.21537090028615452,0.1935857362976007,0.38388069557561083,0.15294298921417565,0.2550957517059212,-0.10174774378164209,0.15700418225841956,0.24350869469513536,-0.34034118423948934,-0.1412128549416685,-0.1185230024213075,-0.1847721769755668,-0.05809817301342725,-0.18222099933964342,-0.06337882456526524,0.02576271186440678,-0.13066916134712744,-0.16750385208012328,0.10580673563724412,0.06390490865067136,-0.21383887299141535,-0.09801672903367818,-0.20189522342064714,-0.1860906889720449,0.09573189522342064,-0.012639225181598063,-0.17620735197006385,0.10210873871890822,0.08408980849658816,0.16063834470614133,0.2640545894783183,0.11728813559322034,-0.00826106097292538,-0.10890821043363416,-0.20924499229583976,-0.3435857362976007,-0.22435174994497029,0.04511776359233986,-0.167409200968523,-0.002095531587057011,0.062262821923838876,-0.05670702179176756,-0.21187761391151222,-0.24397754787585296,-0.11040281752146158,-0.17443319392471934,-0.4105524983491085,-0.3145960818842175,-0.2881157825225622,-0.05207572088928021,0.06523882896764252,0.12958177415804534,-0.13494827206691615,-0.0701782962799912,0.1638630860664759,-0.01931983270966322,0.1551419766674004,0.05149020471054369,0.09569887739379265,0.08011005943209333,-0.07406559542152763,-0.3432093330398415,-0.3931675104556461,-0.41116222760290555,0.21054589478318292,0.04728593440457847,0.19834250495267444,0.22279330838652872,0.2839687431212855,0.10955756108298481,0.12367378384327538,-0.3524058991855602,-0.4036517719568567,0.12175434734756768,0.20559542152762492,0.15267444419986792,0.09798371120405018,-0.13281972265023112,0.02850759410081444,-0.28288355712084523,-0.23794629099713846,0.19426150121065375,0.10048646268985252,0.1466035659255998,0.28387849438696894,-0.22628659476117102,-0.14278230244331938,0.17379484921857805,0.17987673343605548,0.1369491525423729,0.0685890380805635,0.0037023992956196346,0.062379484921857804,-0.33760290556900724,-0.09206031256878715,-0.27237508254457404,-0.19649790887079022
#17,0.14533127889060093,0.14148580233325997,0.35505392912172573,0.18559542152762493,1.0,0.41228923618754126,0.40053488883997357,0.1261567246313009,0.11865287255117764,0.3437001981069778,0.2129517939687431,0.5103213735417125,0.4034932863746423,0.02430332379484922,-0.11394893242350869,-0.2992692053709003,0.22103896103896103,0.16839973585736298,-0.15509134932863747,-0.34914153642967205,-0.1637640325775919,-0.16896764252696456,0.08342064714946071,-0.07092449922958398,-0.01325115562403698,-0.05670261941448382,0.15208892802113141,0.09007484041382346,0.02602905569007264,-0.02427690953114682,0.1914902047105437,-0.0936385648250055,0.483680387409201,0.3292163768434955,0.006801672903367819,0.0014637904468412944,0.058036539731454985,0.05143517499449703,0.046506713625357694,-0.17036539731454986,-0.12920977327756988,-0.06638564825005502,0.024045784723750824,0.20102135152982611,0.15686110499669823,-0.05791767554479419,-0.04144177856042263,0.054285714285714284,-0.017446621175434735,0.049988994056790664,-0.12355051727933083,0.2786572749284614,0.1882940788025534,0.18435615232225402,0.0915364296720229,-0.07324455205811138,-0.15563944530046225,-0.24224521241470395,-0.005958617653532908,0.035280651551837995,-0.01274488223640766,-0.05195905789126128,0.008029936165529385,-0.13622716266784063,0.20462909971384546,0.01706801672903368,0.16416464891041163,0.08681047765793529,-0.1730772617213295,-0.11817301342725071,0.11446180937706361,0.028681488003521903,-0.12184899845916795,-0.28350209112920977,-0.19412502751485802,-0.2332973805855162,-0.055584415584415584,-0.02298481179837112,0.14743781642086726,-0.0999735857362976,0.08563284173453665,0.3975896984371561,-0.09420206911732336,0.289093110279551,0.5507373981950253,-0.05594100814439797,-0.02792207792207792,0.19149240589918556,0.028549416685009904,0.13721549636803873,0.1361104996698217,-0.08418445960818842,0.12583975346687212,-0.11176095091349329,-0.13319612590799032,0.17368258859784283,-0.08781862205591019,0.11305524983491085,0.15403697996918336,0.184719348448162,0.29482060312568786,0.26139335241030154,0.2541866607968303,0.292194585075941,0.39622716266784064,0.3794849218578032,0.4292163768434955,-0.03381465991635483,0.16206031256878714,-0.03735857362976007,-0.07467532467532467
#18,0.4644948272066916,0.3372309046885318,0.6151882016288795,0.3686484701738939,0.41228923618754126,1.0,0.4263504292317852,0.3639049086506714,0.2389588377723971,0.517310147479639,0.32343165309267,0.4462359674224081,0.5853642967202289,-0.018379925159586176,-0.022612810917895663,-0.23124147039401277,0.5069271406559542,0.4756416464891041,0.10572749284613692,-0.3069293418445961,0.02907770195905789,0.09572529165749505,0.11191723530706582,-0.07552278230244332,0.10323794849218577,-0.12057230904688532,0.05221439577371781,-0.07804314329738059,0.17832049306625578,-0.04801893022232005,0.42104336341624476,0.012694254897644728,0.4432247413603346,0.08470834250495267,-0.16166409861325115,-0.20807395993836672,-0.08537530266343826,-0.22358353510895884,0.1002443319392472,-0.33850759410081444,-0.08566585956416464,0.020955315870570108,-0.0012612810917895663,0.09282632621615672,0.09276469293418446,0.040158485582214395,-0.2571384547655734,-0.25998899405679066,-0.42470394012766893,-0.1869403477878054,-0.35869689632401497,0.28215716486902925,-0.06716266784063395,0.3855646048866388,0.1998217037200088,-0.10450143077261721,-0.3063020030816641,-0.4019722650231125,-0.30513317191283296,-0.10554259300022012,-0.36571868809156943,-0.27909531146819283,-0.2785362095531587,-0.19453224741360334,0.2704270305965221,0.15614791987673343,-0.051344926260180494,-0.007464230684569668,0.02843055249834911,-0.006568346907329958,0.33088487783403037,0.1307770195905789,0.057387189082104335,0.09705260840854062,-0.00337442218798151,-0.23912832929782082,-0.2410081443979749,-0.3815738498789346,0.3506471494607088,0.008126788465771516,0.38136253576931545,0.40976447281532025,0.05896324014968083,0.32389830508474576,0.42733876293198325,-0.21159586176535328,-0.36428571428571427,0.3312150561303104,0.25601584855822146,0.3925599823904909,0.2203103675985032,-0.19988113581333922,0.11787585296059873,-0.3450957517059212,-0.3243055249834911,0.46992515958617653,0.1994871230464451,0.40893462469733655,0.4500066035659256,-0.08410961919436495,0.02659255998239049,0.6828813559322033,0.3223420647149461,0.5150539291217258,0.2979616993176315,0.3429782082324455,0.3256790666960159,-0.36760290556900727,-0.039583975346687214,-0.39960158485582215,-0.45410301562843935
#26,0.45254897644728154,0.26291877613911513,0.4532225401716927,0.21579132731675105,0.40053488883997357,0.4263504292317852,1.0,0.5380255337882457,0.45366718027734976,0.43843495487563283,0.35498569227382787,0.3270394012766894,0.5034448602245213,0.36170372000880474,0.2956856702619414,-0.07053048646268985,0.36181157825225624,0.16256218357913274,0.09524543253356813,-0.24791327316751047,0.01713185119964781,-0.11803874092009685,-0.11864406779661017,-0.30690292758089366,-0.17565925599823906,-0.16032357473035438,-0.3004446401056571,-0.37173673783843275,0.0898745322474136,-0.33442218798151,0.13173013427250715,-0.24313449262601805,0.1351948051948052,-0.11093110279550958,-0.13618534008364516,-0.16692934184459607,-0.07422187981510016,-0.09525423728813559,-0.03342945190402818,-0.4348250055029716,-0.19594981289896543,-0.15547655734096413,-0.0412987012987013,0.04862425709883337,0.11277129650011006,-0.2362359674224081,-0.40032577591899626,-0.2610675764913053,-0.2509333039841514,-0.22935725291657494,-0.43561303103675986,-0.02374642306845697,-0.20467752586396654,-0.0599405679066696,-0.04015408320493066,-0.19343165309267005,-0.2588355712084526,-0.44049746863306183,-0.25306405458947834,-0.2932819722650231,-0.3414109619194365,-0.30298921417565483,-0.012474136033458068,-0.08616552938586837,-0.06898745322474135,0.0600198106977768,0.28736517719568566,0.12334800792427911,0.36145278450363194,0.3379506933744222,0.5140876073079463,0.3381069777679947,0.3006735637244112,0.20464010565705482,0.22142196786264584,0.046467092229804094,-0.015643847677745983,-0.3189522342064715,0.21886418666079682,-0.09439577371780762,0.3947457627118644,0.19931983270966322,0.041989874532247416,0.347079022672243,0.38836231565045126,-0.15924719348448163,-0.31970724191063177,0.307508254457407,0.02583975346687211,0.15198767334360555,0.29615892581994274,0.012357473035439137,0.03835130970724191,-0.3779242791107198,-0.2690490865067136,0.26319832709663216,-0.08438476777459829,0.0350759410081444,0.07657495047325556,-0.19693374422187981,-0.06652872551177635,0.15248073959938366,0.11877834030376404,0.22953334800792427,0.21845476557340965,0.04996918335901387,0.06050627338762932,-0.29385428131190844,0.11708342504952675,-0.3567840633942329,-0.3137244111820383
#49,0.7284591679506933,0.4374642306845697,0.4128087167070218,0.3965001100594321,0.1261567246313009,0.3639049086506714,0.5380255337882457,1.0,0.41326656394453004,0.5421725731895224,0.5208034338542813,0.06055690072639225,0.4339137134052388,0.3844684129429892,0.40751705921197445,0.09461149020471055,0.30500770416024653,0.21530926700418226,0.416766453885098,-0.21050407219898745,0.19003521901826986,0.16281972265023112,-0.2691107197886859,-0.2235923398635263,-0.1497556680607528,-0.1444640105657055,-0.41593000220118864,-0.3781377944089809,0.042306845696676205,-0.11751265683469073,0.06927140655954216,-0.34168611049966985,-0.12064714946070879,-0.3884855822143958,-0.45537310147479637,-0.3060466651992076,-0.29934404578472373,-0.34363636363636363,-0.12942108738718908,-0.4525775918996258,-0.36179616993176317,0.003425049526744442,-0.07771516618974246,0.07363416244772177,-0.09620074840413824,-0.14547215496368038,-0.2614505833149901,-0.37905348888399737,-0.4807770195905789,-0.5286858903808056,-0.5831785163988554,-0.039958177415804534,-0.47448382126348226,0.0018556020250935505,-0.2939555359894343,-0.2511336121505613,-0.41858023332599603,-0.6101584855822144,-0.2578318291877614,-0.3926216156724631,-0.5037860444640105,-0.4793880695575611,-0.16214395773717807,-0.14600484261501212,-0.10677305745102356,0.1710675764913053,0.1084965881576051,-0.0262755888179617,0.5686902927580894,0.4103874092009685,0.5875324675324676,0.31079462909971384,0.5698877393792648,0.4890975126568347,0.3423618754127229,-0.031021351529826106,-0.21730574510235529,-0.5523970944309927,0.33600264142637026,0.21199427690953115,0.2836517719568567,0.22560642747083426,0.25852740479859126,0.3069337442218798,0.22699097512656835,-0.2814043583535109,-0.500840854061193,0.3853995157384988,0.14772397094430992,0.1794144838212635,0.1890777019590579,-0.15509795289456307,-0.16745322474136035,-0.49062733876293196,-0.24372881355932202,0.3836363636363636,0.1297820823244552,-0.0388928021131411,0.17072859344045785,-0.46875852960598724,-0.18439357252916574,0.10291877613911513,-0.13332599603786044,0.0953863086066476,0.13909531146819282,0.0200924499229584,-0.05278230244331939,-0.42153642967202287,-0.0962293638564825,-0.46301342725071537,-0.37108738718908213
#50,0.227541272287035,0.3676535329077702,0.2697402597402597,0.2696125907990315,0.11865287255117764,0.2389588377723971,0.45366718027734976,0.41326656394453004,1.0,0.49367378384327537,0.33889500330178296,0.1320052828527405,0.2815364296720229,0.20511336121505613,0.6041118203830068,0.2577349768875193,0.34447281532027296,0.07075280651551838,0.4070305965221219,0.06648910411622276,0.5321681708122387,0.22250935505172792,-0.2605018710103456,-0.16234866828087166,0.03753026634382567,0.03982390490865067,-0.3058529605987233,-0.4918776139115122,0.10403918115782522,-0.05333920316971164,-0.12325996037860444,-0.3296566145718688,-0.026031256878714507,-0.12626458287475237,-0.057790006603565924,-0.09863966541932644,0.08007704160246533,-0.07412722870349989,0.2975764913053049,-0.062454325335681266,-0.2650627338762932,-0.005916795069337442,-0.009709443099273608,0.11953554919656614,-0.04614571868809157,0.0034558661677305744,-0.4674620294959278,-0.4953224741360335,-0.45877613911512216,-0.5232753686990975,-0.4246731234866828,-0.27039181157825226,-0.33977327756988773,-0.04920757208892802,-0.0348117983711204,0.08199207572088928,-0.2533810257539071,-0.19486682808716707,-0.45448602245212416,-0.435775918996258,-0.4069601584855822,-0.25081223860884877,0.00791767554479419,-0.04598062953995157,-0.10900726392251817,-0.038423948932423506,0.15949592780101254,0.06843715606427471,0.5570526084085407,0.242557781201849,0.36863306185340083,0.15412942989214176,0.38559542152762494,0.2115870570107858,0.22417565485362095,-0.07503411842394893,-0.10815540391811579,-0.3958683689192164,0.37716266784063396,0.2991459388069558,0.3948250055029716,0.014065595421527625,0.4317961699317632,0.3671604666519921,0.054849218578032134,-0.3718137794408981,-0.39556240369799694,0.07392912172573189,-0.0898613251155624,0.16467532467532467,0.22063834470614133,-0.09142857142857143,-0.17869029275808937,-0.5495311468192824,-0.46159806295399514,0.10823464670922298,0.003319392471934845,-0.16519700638344706,-0.09714725952014087,-0.4855293858683689,-0.3232819722650231,0.031311908430552496,0.00238168611049967,-0.03347567686550738,0.03948712304644508,-0.10290336781862205,-0.1369821703720009,-0.24334360554699538,0.06423068456966761,-0.5321967862645829,-0.3989984591679507
#51,0.461963460268545,0.48377944089808494,0.5329782082324456,0.6249262601804975,0.3437001981069778,0.517310147479639,0.43843495487563283,0.5421725731895224,0.49367378384327537,1.0,0.5259388069557561,0.18515958617653533,0.5191525423728813,0.15484701738939027,0.20572529165749504,-0.03815760510675765,0.5342593000220119,0.24908870790226723,0.3252234206471495,-0.24020691173233547,0.15073299581774158,0.06357473035439137,-0.31703059652212195,-0.21673783843275368,-0.14088707902267225,-0.2107506053268765,-0.17120405018710103,-0.25707682148360117,0.0314307726172133,0.0661303103675985,0.12099053488883997,-0.11924279110719789,0.16451904028175215,-0.008723310587717368,-0.17142196786264582,-0.1639489324235087,-0.18242350869469515,-0.27126348228043146,0.04301562843935725,-0.23282412502751484,-0.41209553158705703,0.03283072859344046,-0.09256218357913273,0.2512260620735197,0.023832269425489765,0.031151221659696235,-0.2972683248954435,-0.3188817961699318,-0.32832049306625577,-0.2953070658155404,-0.424554259300022,0.12031697116442878,-0.19959278010125467,0.055192604006163326,0.05559982390490865,-0.09583755227823025,-0.23396213955535988,-0.3486044464010566,-0.27247413603345805,-0.10434734756768656,-0.4737244111820383,-0.4239379264802994,-0.2234338542813119,-0.21836891921637686,0.1147655734096412,0.25966762051507813,-0.04858463570327977,-0.007807616112700858,0.19292537970504073,0.01090909090909091,0.3186088487783403,0.1309289016068677,0.1887541272287035,0.08441998679286815,0.020744001760950915,-0.24222980409421088,-0.36971384547655733,-0.4946158925819943,0.19799911952454324,-0.00460708782742681,0.4300418225841955,0.3505657054809597,0.03703499889940568,0.2067620515078142,0.251336121505613,-0.29362755888179615,-0.35362976007043806,0.3559696235967422,0.30774598283072857,0.26472375082544575,0.263152102135153,-0.1994585075941008,0.0187805414924059,-0.41032797710763813,-0.27911952454325334,0.23074400176095092,-0.008401937046004842,0.18668280871670703,0.2928417345366498,-0.28409641206251374,-0.1861038961038961,0.3410697776799472,0.1552740479859124,0.17201408760730794,0.17337222099933963,0.07214615892581994,0.09262161567246313,-0.43003081664098614,0.04532687651331719,-0.3837574290116663,-0.3155029716046665
#52,0.2550143077261721,0.3804402377283733,0.43017609509134935,0.35668721109399076,0.2129517939687431,0.32343165309267,0.35498569227382787,0.5208034338542813,0.33889500330178296,0.5259388069557561,1.0,0.24637904468412944,0.4554193264362756,0.32588377723970946,0.343068456966762,-0.01532687651331719,0.4431697116442879,0.2489390270746203,0.4020691173233546,-0.28801452784503634,0.1735857362976007,0.10309707241910632,-0.23386968963240148,-0.3142262821923839,0.059610389610389614,0.04334800792427911,-0.190066035659256,-0.3115078142196786,0.03926040061633282,-0.002425709883337002,-0.007961699317631521,-0.22956196346026855,-0.04954215276249174,-0.2515738498789346,-0.2676975566806075,0.016874312128549417,-0.07747303543913714,-0.298250055029716,0.08178076161127008,-0.15443759630200307,-0.2720427030596522,0.10419546555139775,-0.3360928901606868,0.18295179396874311,-0.029852520360994936,-0.01651551837992516,-0.39937046004842613,-0.408613251155624,-0.26046665199207575,-0.3470217917675545,-0.4194254897644728,0.03051287695355492,-0.22176315210213515,-0.08819282412502752,0.005060532687651332,0.0697292537970504,-0.14426370239929562,-0.4741206251375743,-0.1680431432973806,-0.06227162667840634,-0.4554567466431873,-0.4388377723970944,-0.1593154303323795,-0.2814813999559762,0.006251375742901167,0.08174334140435835,-0.11910631741140215,0.1123002421307506,0.3414769975786925,0.10262161567246313,0.3733568126788466,0.3702113141096192,0.0863284173453665,0.12515298261060973,-0.13143077261721328,-0.11935064935064935,-0.43850979528945633,-0.5511182038300683,0.31541052168170813,0.08759189962579793,0.2501188641866608,0.1574488223640766,0.19532467532467532,0.35411842394893245,0.11616332819722651,-0.3535615232225402,-0.4306867708562624,0.27967202289236187,0.02697776799471715,-0.07156504512436716,0.24027514858023333,-0.1778120184899846,-0.12749944970283952,-0.34814659916354834,-0.20639005062733876,0.2583050847457627,0.12154083204930663,0.14959498128989654,0.23713625357693155,-0.31422848338102577,-0.044486022452124144,0.20579132731675104,0.10728153202729473,0.18861985472154963,0.1706977767994717,0.0212590799031477,0.04300462249614792,-0.4716046665199208,-0.15920757208892802,-0.3374466211754347,-0.2897952894563064
#53,0.07041822584195466,-0.13130970724191063,0.11621835791327317,0.07049746863306185,0.5103213735417125,0.4462359674224081,0.3270394012766894,0.06055690072639225,0.1320052828527405,0.18515958617653533,0.24637904468412944,1.0,0.49968523002421306,-0.02310807836231565,-0.0324058991855602,-0.24930222320052828,0.1994342945190403,-0.06231344926260181,-0.2188928021131411,-0.25168390931102796,-0.12876953554919657,-0.16535549196566146,-0.033766233766233764,-0.15538850979528945,-0.05240369799691834,-0.22721549636803873,0.07081443979749065,-0.043548316090688974,-0.027202289236187543,-0.25238168611049966,0.11411842394893243,-0.15784063394232886,0.2329605987233106,0.102161567246313,-0.21179616993176315,-0.2089588377723971,-0.07860444640105657,-0.038084965881576054,-0.05533568126788466,-0.3894783182918776,-0.10563724411182038,-0.21985692273827867,-0.16093330398415145,0.035758309487123045,0.10859123926920537,-0.1393660576711424,-0.11764472815320273,-0.03469293418445961,-0.005210213515298261,0.0034338542813119083,-0.12318732115342285,0.08574950473255558,0.08662777900066036,0.07641206251375743,0.032725071538630864,-0.17532907770195905,-0.08826106097292538,-0.2475148580233326,-0.08469293418445961,-0.04176535329077702,0.0076491305304864626,-0.006528725511776359,-0.01805855161787365,-0.055428131190843055,-0.025174994497028397,-0.056651992075720886,0.09598283072859344,0.12049086506713626,-0.1228945630640546,-0.07181818181818182,-0.030083645168390932,0.02452124147039401,-0.11039621395553599,-0.11983931322914373,-0.1504424389170152,-0.1359938366718028,-0.013823464670922297,-0.036440677966101696,0.13189962579793088,-0.12564825005502972,0.23902927580893682,0.2713911512216597,0.07022011886418666,0.5219370460048426,0.3445366497908871,0.048379925159586175,-0.025458947831829188,0.17461149020471053,-0.100396213955536,0.1422738278670482,0.10625137574290117,0.11344045784723751,0.0964340744001761,-0.0032863746423068456,-0.10607528065155183,0.11957737178076161,-0.2456372441118204,0.09575390710983932,0.0174950473255558,0.07557561082984812,0.1831036759850319,0.2713119084305525,0.08204710543693594,0.2084569667620515,0.036464891041162226,0.06159366057671142,0.2608166409861325,-0.09725952014087608,0.19627779000660356,0.03801232665639445,0.04279991195245433
#54,0.32138234646709224,0.2965595421527625,0.3626348228043143,0.28032577591899627,0.4034932863746423,0.5853642967202289,0.5034448602245213,0.4339137134052388,0.2815364296720229,0.5191525423728813,0.4554193264362756,0.49968523002421306,1.0,0.18071098393132293,0.14150121065375304,-0.2850759410081444,0.3572969403477878,0.15035879374862426,0.011893022232005283,-0.39182258419546556,0.024765573409641205,-0.05231124807395994,-0.19812018489984592,-0.2515210213515298,-0.08852080123266563,-0.2337970504072199,-0.011058771736737838,-0.10667840633942328,0.08250275148580233,-0.1563878494386969,0.16675104556460488,-0.2633700198106978,0.2273893902707462,-0.014144838212634823,-0.2525511776359234,-0.347574290116663,-0.10322033898305084,-0.20855822143957736,0.022960598723310587,-0.478201628879595,-0.27760510675764916,-0.08037640325775919,-0.21912612810917895,0.003805855161787365,-0.03329738058551618,-0.14163328197226502,-0.19010125467752587,-0.1661699317631521,-0.1689588377723971,-0.09554259300022012,-0.28909090909090907,0.17246092890160686,-0.0672837332159366,0.10274047985912392,0.07612370680167291,-0.12443319392471935,-0.12647149460708781,-0.34793968743121284,-0.4033193924719348,-0.14654853620955316,-0.271551837992516,-0.38107858243451465,0.0588333700198107,-0.2472573189522342,-0.025676865507373983,-0.004560862865947612,0.16629980189302224,0.08052388289676425,0.06812678846577151,0.11686770856262382,0.32490865067136254,0.17786924939467313,0.15045784723750824,0.09028835571208453,0.03153202729473916,-0.17747083425049526,-0.20535769315430333,-0.39366277790006604,0.24140215716486904,-0.1891239269205371,0.408201628879595,0.3716618974246093,-0.05757208892802113,0.346484701738939,0.36993616552938585,-0.18395113361215057,-0.3126832489544354,0.36105216817081226,0.041910631741140215,0.21132071318511997,0.19607748184019372,-0.01269865727492846,-0.0588333700198107,-0.32871010345586615,-0.3276535329077702,0.19375302663438257,-0.1724058991855602,0.16905348888399735,0.13318071758749725,-0.15702179176755449,0.00960378604446401,0.3353400836451684,0.0986616773057451,0.2898327096632181,0.22505172793308387,0.1851617873651772,0.24894122826326215,-0.37215936605767114,0.18282632621615671,-0.21744001760950912,-0.25998459167950694
#58,0.23225621835791327,0.005137574290116663,0.05318511996478098,0.059167950693374424,0.02430332379484922,-0.018379925159586176,0.36170372000880474,0.3844684129429892,0.20511336121505613,0.15484701738939027,0.32588377723970946,-0.02310807836231565,0.18071098393132293,1.0,0.2418710103455866,0.2037508254457407,0.04382786704820603,-0.06644287915474356,0.30377944089808495,0.05302883557120845,0.021833590138674884,0.10832269425489764,-0.28564604886638784,-0.2566211754347348,-0.06873871890821043,0.12173233546114902,-0.4279176755447942,-0.33902707462029497,-0.13418445960818842,-0.0889786484701739,-0.11302883557120845,-0.12455866167730574,-0.26546775258639665,-0.3505679066696016,-0.15557781201849,0.07801012546775259,0.07388289676425269,0.03702619414483821,-0.06823904908650671,-0.1840215716486903,-0.1936583755227823,0.07046004842615013,0.1088267664538851,0.05818181818181818,-0.17252036099493726,-0.19075060532687652,-0.24038520801232666,-0.3118181818181818,-0.20580893682588597,-0.32746643187321156,-0.39770195905789124,-0.19983711204050186,-0.3670482060312569,-0.41692053709002863,-0.3270349988994057,-0.2589522342064715,-0.15564384767774597,-0.2937750385208012,-0.22152542372881356,-0.30346246973365615,-0.11172132951793969,-0.19459388069557562,0.3270151882016289,0.1579550957517059,-0.1724785384107418,0.05793528505392912,0.5130750605326877,0.34920537090028614,0.4738762931983271,0.5558485582214395,0.4378186220559102,0.36325775918996256,0.40403697996918336,0.3722320052828527,0.2589324235086947,0.22377503852080124,-0.03476117103235747,-0.19468192824125027,0.16988553819062294,0.0952608408540612,0.06322474136033458,0.20343825665859563,-0.07368258859784284,0.19096852300242131,0.12913273167510456,0.005918996257979309,-0.24521681708122386,0.102425709883337,-0.16321813779440897,-0.16671582654633502,0.03714725952014088,-0.020581113801452784,-0.1750033017829628,-0.2698547215496368,-0.24332599603786045,-0.03149900946511116,0.023224741360334582,-0.23290556900726392,-0.1796764252696456,-0.30013427250715385,-0.15779661016949154,-0.11143077261721329,-0.1349702839533348,0.06140215716486903,-0.021098393132291438,-0.19873211534228483,-0.17188861985472154,-0.13732775698877395,0.18370900286154523,-0.158234646709223,-0.1674290116662998
#101,0.19410961919436495,0.22125027514858023,0.007880255337882457,0.21537090028615452,-0.11394893242350869,-0.022612810917895663,0.2956856702619414,0.40751705921197445,0.6041118203830068,0.20572529165749504,0.343068456966762,-0.0324058991855602,0.14150121065375304,0.2418710103455866,1.0,0.37008804754567465,0.14288355712084524,-0.12831388950033018,0.5589346246973366,-0.01099933964340744,0.6026612370680168,0.14672243011226063,-0.3500198106977768,-0.2598921417565485,0.08686770856262381,-0.15256658595641648,-0.36519040281752146,-0.5919084305524983,0.12171252476337222,-0.1623662777900066,-0.5125555800132071,-0.5610939907550077,-0.41546555139775476,-0.43328637464230685,-0.2462557781201849,-0.021857803213735417,0.15678846577151662,-0.04869909751265684,0.4295487563284173,-0.02013647369579573,-0.34134932863746426,0.035786924939467314,0.01840854061193044,-0.009348448162007484,0.0901915034118424,0.06678626458287475,-0.3024389170151882,-0.3450363196125908,-0.38830288355712084,-0.5640039621395554,-0.2629385868368919,-0.4792207792207792,-0.4787189082104336,-0.2600770416024653,-0.17556460488663878,0.2259388069557561,-0.20687871450583314,-0.2847611710323575,-0.2676997578692494,-0.3705921197446621,-0.48207131851199647,-0.3696588157605107,0.07523882896764253,-0.06287255117763592,-0.47300022011886417,-0.20849878934624697,0.17194364957076821,0.07387849438696896,0.7472881355932204,0.39058991855602027,0.35443319392471934,0.2222011886418666,0.43264582874752366,0.26637244111820385,0.14491525423728813,0.02236847897864847,-0.1815892581994277,-0.45407660136473693,0.5454149240589918,0.2817939687431213,0.28924279110719786,-0.017393792648029937,0.5556900726392252,0.3141646489104116,-0.06526964560862866,-0.4870283953334801,-0.4403896103896104,0.13995817741580455,-0.18506053268765132,0.06467972705260841,0.25042923178516396,-0.17072859344045785,-0.37582654633502094,-0.5301298701298701,-0.26476117103235747,-0.03582874752366278,-0.015582214395773718,-0.42865947611710326,-0.36746643187321154,-0.47171692714065594,-0.4563086066475897,-0.3672925379705041,-0.21841294298921418,-0.19966982170372,-0.1216288795949813,-0.3403764032577592,-0.3801562843935725,-0.3004116222760291,-0.05055469953775039,-0.3892626018049747,-0.2039753466872111
#102,0.02286154523442659,-0.05181157825225622,-0.10948492185780322,0.1935857362976007,-0.2992692053709003,-0.23124147039401277,-0.07053048646268985,0.09461149020471055,0.2577349768875193,-0.03815760510675765,-0.01532687651331719,-0.24930222320052828,-0.2850759410081444,0.2037508254457407,0.37008804754567465,1.0,-0.10185780321373542,-0.1315100154083205,0.34554479418886197,0.4233964340744002,0.35016508914814,0.5087365177195685,-0.31696015848558223,0.22888179616993176,0.004397974906449483,0.19040942108738718,-0.2429187761391151,-0.3204468412942989,-0.20144838212634822,0.0007109839313229144,-0.28274488223640765,-0.2174290116662998,-0.2974950473255558,-0.06839753466872112,0.029405679066696017,0.08787805414924059,0.16664758969843715,0.2512612810917896,0.19741140215716488,0.357277129650011,-0.12242570988333701,0.057362976007043806,0.328778340303764,-0.15840854061193044,0.17346467092229803,0.20668721109399074,0.0362623816861105,-0.1374158045344486,-0.32198767334360556,-0.501602465331279,-0.10535329077701959,-0.49504072198987453,-0.38990314769975787,-0.2266387849438697,-0.28026634382566584,0.043031036759850316,-0.24306185340083644,0.034747963900506273,-0.11821923838872991,-0.3386814880035219,-0.29517059211974467,-0.21498569227382786,0.040878274268104774,0.1859850319172353,-0.18933524103015628,-0.06869029275808937,-0.01677966101694915,0.06719348448162007,0.41709002861545236,0.22301782962799913,0.05851639885538191,0.03508254457407,0.2359189962579793,0.3182786704820603,0.11770636143517499,0.02615232225401717,-0.22032577591899627,-0.2948668280871671,0.23275808936825887,0.4750319172353071,-0.1897292537970504,-0.10264582874752366,0.44848778340303763,-0.04030596522121946,-0.18577591899625798,-0.24142637023992955,-0.3432687651331719,-0.3290314769975787,-0.34410961919436495,-0.2554655513977548,-0.14086506713625357,0.10950033017829627,-0.31006823684789786,-0.3498327096632181,-0.17343165309267003,-0.1374158045344486,0.22657054809597182,-0.36776139115122164,-0.20428131190843055,-0.4323750825445741,-0.23479418886198547,-0.2742152762491746,-0.11177415804534449,-0.17010125467752588,-0.29377944089808494,-0.2800352190182699,-0.3419458507594101,-0.16148800352190182,0.014025974025974027,-0.2669931763152102,-0.12524323134492626
#201,0.3801430772617213,0.4674576271186441,0.7235835351089588,0.38388069557561083,0.22103896103896103,0.5069271406559542,0.36181157825225624,0.30500770416024653,0.34447281532027296,0.5342593000220119,0.4431697116442879,0.1994342945190403,0.3572969403477878,0.04382786704820603,0.14288355712084524,-0.10185780321373542,1.0,0.6222364076601364,0.36818401937046,-0.3758727712965001,0.0435725291657495,0.0786220559101915,-0.18015408320493068,-0.3292824125027515,0.1816486902927581,0.0438036539731455,-0.1413647369579573,-0.237012987012987,0.298795949812899,0.06834030376403258,0.16574069997798813,0.04159806295399516,0.38456526524323137,0.14710763812458727,-0.05,0.16493286374642308,0.0024323134492626017,-0.18960158485582215,0.23810917895663658,-0.08546114902047106,-0.11506053268765133,0.10453004622496148,-0.062458727712965,0.21878494386968964,-0.02192824125027515,-0.05482060312568787,-0.2991305304864627,-0.23658815760510676,-0.37186880915694476,-0.3094827206691613,-0.24489984591679506,0.31253356812678845,0.035016508914814,0.34108518600044024,0.27722650231124807,0.059702839533348005,-0.32413603345806735,-0.3989874532247414,-0.3069667620515078,-0.12315870570107858,-0.5665969623596743,-0.3549460708782743,-0.3528329297820823,-0.332689852520361,0.2161963460268545,0.13846577151661899,-0.048672683248954435,-0.0137310147479639,0.22374202069117324,-0.06130750605326876,0.5072529165749504,0.2526436275588818,0.09591019150341185,0.15689632401496809,-0.005258639665419326,-0.18880255337882457,-0.3393418445960819,-0.48441338322694255,0.2346070878274268,-0.07320933303984152,0.3082940788025534,0.1404204270305965,0.14326656394453005,0.3142526964560863,0.1111270085846357,-0.5637222099933964,-0.5072419106317412,0.10224741360334581,0.1448051948051948,0.14019370460048425,0.13162667840633943,-0.31484701738939025,0.04041382346467092,-0.554785384107418,-0.39626458287475236,0.4539819502531367,0.3327426810477658,0.5545916795069338,0.5076953554919656,-0.033863086066475895,0.2145234426590359,0.5799911952454325,0.5218842174774379,0.5527690953114682,0.43745762711864405,0.337541272287035,0.4075654853620955,-0.5171340523882897,0.08809817301342725,-0.5300440237728373,-0.47057010785824344
