,#10,#11,#12,#13,#17,#18,#26,#49,#50,#51,#52,#53,#54,#58,#101,#102,#201,#202,#301,#302,#401,#402,#501,#502,#601,#602,#701,#702,#801,#802,#901,#902,#1001,#1002,#1101,#1102,#1201,#1202,#1301,#1302,#1401,#1402,#1501,#1502,#1601,#1602,#1701,#1702,#1801,#1802,#1901,#1902,#2001,#2002,#2101,#2102,#2201,#2202,#2301,#2302,#2401,#2402,#2501,#2502,#2601,#2602,#2701,#2702,#2801,#2802,#2901,#2902,#3001,#3002,#3101,#3102,#3201,#3202,#3301,#3302,#3401,#3402,#3455,#3501,#3502,#3601,#3602,#3701,#3702,#3801,#3802,#3901,#3902,#4001,#4002,#4101,#4102,#4201,#4202,#4301,#4302,#4401,#4402,#4501,#4502,#4601,#4602,#4701,#4702,#4801,#4802
#10,1.0,0.522359674224081,0.30739379264802996,0.26112480739599386,0.16288355712084526,0.14516618974246093,-0.04404578472375083,0.7227514858023333,0.30505833149900946,0.3292802113141096,0.44098833370019813,0.31169931763152103,0.19458507594100816,-0.12583314990094652,0.008408540611930443,-0.13748624257098832,0.3204754567466432,0.2342923178516399,-0.07173013427250716,-0.09493286374642307,0.11942548976447281,-0.005078142196786264,-0.04877834030376403,-0.18583535108958837,0.19941008144397976,-0.08032797710763813,-0.21441998679286814,0.04410301562843936,0.1686154523442659,0.04953114681928241,0.05196125907990315,0.08756988773937927,0.02765133171912833,-0.082458727712965,-0.08065815540391812,-0.052740479859123925,-0.06914153642967202,-0.06457847237508255,0.09636583755227823,0.1373167510455646,0.01811358133392032,0.14475676865507375,-0.023066255778120184,0.013044243891701519,-0.13690953114681928,-0.1177327756988774,0.19968523002421307,0.10787585296059872,-0.10050847457627118,-0.2098811358133392,-0.09031256878714505,-0.19034778780541492,-0.1831653092670042,0.0036121505613031036,0.07495267444419987,0.21643187321153423,-0.3266453885097953,-0.21438036539731456,-0.3746929341844596,-0.24958617653532908,-0.1282060312568787,-0.2198084965881576,-0.17073299581774157,-0.08457406999779882,0.23568567026194145,0.06556680607528065,-0.19543033237948493,-0.23740479859123928,0.08234426590358794,0.05528285274047986,0.1717851639885538,0.2811798371120405,0.06922298040942108,0.1564406779661017,-0.237508254457407,-0.0687805414924059,-0.23504072198987452,-0.18891701518820164,-0.05530266343825666,-0.19919656614571868,-0.0988465771516619,0.02403037640325776,-0.005857362976007044,0.06103235747303544,0.0475478758529606,-0.03167730574510236,-0.0973497688751926,0.3317917675544794,0.05955756108298481,-0.17717587497248513,-0.07584415584415584,-0.16371340523882896,-0.007072419106317411,-0.24904688531807176,-0.3290909090909091,0.2008496588157605,0.06736077481840194,0.24467752586396654,0.28671582654633504,0.29075500770416024,0.15215496368038742,0.19544794188861986,0.09786264582874753,0.2086088487783403,0.27595641646489105,0.255692273827867,0.18664758969843714,-0.15841514417785604,0.13283733215936605,-0.05854721549636804,-0.25261281091789567
#11,0.522359674224081,1.0,0.4331036759850319,0.37837552278230246,-0.06934624697336561,0.2161897424609289,0.18821043363416246,0.5320889280211314,0.5254677525863967,0.45317851639885537,0.5594188861985472,-0.02908650671362536,0.12474356152322254,-0.12550077041602464,-0.0026348228043143298,0.028712304644508035,0.2597776799471715,0.24458727712965,0.020200308166409862,0.05445960818842175,0.08244111820383007,0.10951573849878934,-0.04949592780101255,-0.00988333700198107,0.24034118423948933,-0.12736737838432755,-0.1636979969183359,0.04922738278670482,0.10740479859123928,-0.08720889280211314,0.07503852080123266,-0.046563944530046225,-0.10200308166409862,-0.11208232445520581,-0.0976931543033238,-0.08691613471274488,-0.3877657935285054,-0.2246401056570548,-0.20128769535549196,0.05233105877173674,-0.045104556460488665,-0.05817301342725072,-0.17360994937266125,-0.1633678186220559,-0.14742681047765793,0.001151221659696236,0.14616112700858463,-0.012020691173233546,-0.24969843715606427,-0.37854281311908433,-0.292590799031477,-0.20295619634602685,-0.2714109619194365,0.025091349328637463,0.13459167950693374,0.1848910411622276,-0.2545674664318732,-0.22541712524763372,-0.24395773717807617,-0.15825005502971604,-0.26423068456966764,-0.27545894783182917,-0.24904028175214615,-0.1432687651331719,0.2641140215716487,0.20687871450583314,-0.10171252476337223,-0.03051287695355492,-0.009592780101254677,0.0004094210873871891,0.19906889720449042,0.29955095751705924,-0.038705701078582434,0.08716486902927581,-0.21025533788245654,-0.1417521461589258,-0.3531168831168831,-0.12975126568346906,0.06395113361215056,-0.09485141976667401,-0.31211093990755007,-0.02818401937046005,0.025817741580453444,0.00011666299801893022,-0.10723750825445741,-0.002859344045784724,-0.10961919436495708,0.12639005062733877,-0.03528945630640546,-0.22963900506273388,-0.15397094430992736,-0.1013383226942549,-0.1721219458507594,-0.14235747303543914,-0.35581554039181157,0.20984591679506934,0.11145278450363195,0.16774378164208673,0.21620074840413822,0.13008804754567466,0.057607307946291,0.16369359454105217,0.024787585296059872,0.07680167290336781,0.12365617433414043,0.07044464010565706,-0.001303103675985032,-0.2003367818622056,-0.12266123706801672,0.05895223420647149,0.13873211534228483
#12,0.30739379264802996,0.4331036759850319,1.0,0.4977459828307286,-0.08871010345586616,0.3946599163548316,0.05418666079683029,0.2518445960818842,0.12600264142637024,0.46686550737398197,0.12234426590358793,0.2362557781201849,0.35806735637244114,-0.1756746643187321,-0.09405238828967642,-0.06221439577371781,0.45685230024213075,0.6458947831829188,-0.1500066035659256,-0.12886638784943868,-0.003735417125247634,0.05174554259300022,0.26028615452344267,0.19885097952894562,0.3684877834030376,-0.11409200968523002,0.04935945410521682,0.16681708122386088,-0.09020030816640986,-0.41750385208012325,0.3490512876953555,-0.022643627558881795,0.22684349548756327,-0.1490446841294299,-0.3552080123266564,-0.30073519700638346,-0.19930002201188643,-0.428976447281532,0.012405899185560202,-0.18286594761171032,-0.36460928901606865,-0.4401760950913493,-0.20222760290556901,-0.1996125907990315,-0.21092670041822584,0.11592780101254678,0.0712458727712965,0.10968082764692934,-0.3813383226942549,-0.32906009244992296,-0.3357473035439137,-0.12480519480519481,-0.12033898305084746,0.34931763152102135,0.3061457186880916,0.2531432973805855,-0.45906669601584854,-0.39217257318952237,-0.39439357252916574,-0.22977327756988775,0.053675985031917235,0.14174994497028395,-0.5134580673563724,-0.3512128549416685,0.2366057671142417,0.21515298261060972,-0.17804094210873872,-0.20554699537750384,-0.13536429672022893,0.0014725952014087607,0.4398481179837112,0.40906669601584855,0.11880695575610829,0.14435174994497027,-0.20155183799251597,0.05171472595201409,-0.19483601144618093,-0.01525643847677746,0.17275588817961698,0.001303103675985032,-0.0788003521901827,-0.034081003742020693,0.1566894122826326,0.1512458727712965,0.0690777019590579,0.30883557120845256,0.19832709663218137,0.02606647589698437,-0.1945146379044684,-0.045318071758749724,-0.0576271186440678,-0.04880255337882457,-0.053105877173673786,0.10139555359894344,-0.11780761611270085,0.4288729914153643,0.16559322033898305,0.3021703720008805,0.47258859784283513,0.21166409861325117,0.34914153642967205,0.49741360334580675,0.3485186000440238,0.33138674884437597,0.41803874092009685,0.35580453444860227,0.27646489104116223,-0.014252696456086287,0.1598613251155624,0.2926106097292538,0.08537090028615453
#13,0.26112480739599386,0.37837552278230246,0.4977459828307286,1.0,0.17577151661897425,0.22162447721769757,0.07848558221439578,0.14470394012766893,0.08245432533568127,0.4770878274268105,0.30026194144838214,0.06796830288355712,0.2466916134712745,0.10803213735417125,-0.09512656834690733,-0.1593748624257099,0.49368919216376844,0.26690953114681926,0.03834470614131631,-0.04898525203609949,-0.08832709663218138,0.10692493946731235,0.15889060092449922,0.031010345586616774,0.15160026414263703,0.1762425709883337,0.13101254677525864,0.3847347567686551,0.09818401937046005,0.04134932863746423,0.09248294078802553,0.0737244111820383,0.20146158925819943,0.2555073739819502,-0.08541272287034998,0.08694034778780542,-0.02918996257979309,-0.09391151221659697,-0.0005260840854061193,0.18406559542152762,0.003149900946511116,-0.04698877393792648,-0.18673783843275368,-0.26555800132071317,-0.2417477437816421,-0.12669601584855822,0.29037200088047543,0.4306669601584856,-0.028388729914153643,-0.09946951353731015,-0.15804534448602245,-0.15463790446841294,-0.256337222099934,0.1466387849438697,-0.00835130970724191,0.23333259960378605,-0.4429583975346687,-0.3295641646489104,-0.3657539071098393,-0.21204710543693595,0.12409861325115562,0.12793308386528726,-0.10013427250715386,-0.10578912612810917,0.2515870570107858,0.14666299801893024,0.15689852520360995,-0.054435395113361214,-0.09687211093990755,-0.003638564825005503,0.264521241470394,0.15718688091569447,-0.1300858463570328,0.08877613911512217,-0.2940457847237508,-0.27931322914373763,-0.30527184679727054,-0.17474356152322254,-0.11690292758089368,-0.005322474136033458,-0.08016508914814,0.09395773717807616,0.12296059872331058,-0.005436935945410522,0.1911204050187101,0.26360114461809375,0.1322804314329738,-0.021193044243891703,0.17395333480079242,-0.2492031697116443,0.044494827206691616,-0.05911732335461149,-0.03913933524103016,0.1327426810477658,-0.23996478098173013,0.10470394012766894,0.29058331499009465,0.30455646048866386,0.29748404138234646,0.2774686330618534,0.18923178516398856,0.20501210653753027,0.13445740699977987,0.21061413163108078,0.16511996478098173,0.31457186880915694,0.17800792427911072,-0.041727933083865285,-0.05115562403697997,0.21614571868809157,0.05258639665419326
#17,0.16288355712084526,-0.06934624697336561,-0.08871010345586616,0.17577151661897425,1.0,0.04579793088267665,0.03390490865067136,0.015456746643187321,-0.05409200968523002,-0.14601584855822144,-0.007191283292978208,0.17600044023772837,0.03573849878934625,0.008120184899845917,-0.11331278890600925,-0.2994541052168171,0.14018269865727492,0.06673343605546996,-0.04297160466651992,-0.18639225181598063,-0.2891547435615232,-0.17080783623156504,0.0788795949812899,0.07130310367598504,-0.06274488223640766,0.09473695795729695,-0.08327756988773938,0.042557781201849,0.08917455425930002,0.21602025093550517,0.10598062953995158,0.33409421087387187,0.21720228923618753,0.36581774158045344,0.1715628439357253,0.4384965881576051,0.2843715606427471,0.1937178076161127,0.27479639005062734,0.2219106317411402,0.35419546555139775,0.3349108518600044,0.07466872110939908,0.09285053929121725,0.06240149680827647,-0.06658815760510675,0.19159145938806957,0.09661897424609289,0.21380805635042924,0.10557340964120625,0.17502531366938145,0.12805635042923177,0.0015474356152322254,0.01852740479859124,-0.37188861985472155,-0.27579572969403476,-0.16065595421527626,-0.04472815320272947,0.2576799471714726,0.1667708562623817,0.07384547655734096,0.18400616332819722,0.2658199427690953,0.3601893022232005,-0.1330596522121946,-0.29779440898084963,0.18547215496368039,-0.007406999779881135,0.012187981510015409,-0.023618754127228702,-0.25605546995377504,-0.2284833810257539,-0.10513757429011666,0.019889940567906668,-0.03538630860664759,0.01421087387189082,0.15463350209112922,-0.017426810477657935,-0.14559762271626678,-0.06287255117763592,0.15312788906009245,0.26128769535549196,-0.016916134712744883,0.08500770416024653,0.26654413383226944,0.06311688311688311,0.013053048646268986,0.27008364516839095,0.2905987233105877,0.23765573409641205,0.325313669381466,0.016940347787805416,0.2439753466872111,0.09667400396213956,0.08810257539071098,-0.2146136913933524,0.14768875192604006,0.38373761831388953,0.15002421307506053,0.17697116442879154,0.1504424389170152,0.08359233986352631,0.11826106097292538,0.3386506713625358,-0.08177415804534449,0.29,0.18310147479639005,0.0599471714725952,0.19687211093990756,0.009977988113581334,-0.09540171692714065
#18,0.14516618974246093,0.2161897424609289,0.3946599163548316,0.22162447721769757,0.04579793088267665,1.0,0.11547435615232225,0.03144618093770636,0.08837332159366057,0.15480739599383667,0.13841294298921417,0.1553863086066476,0.4900616332819723,-0.007776799471714726,-0.38308826766453885,-0.40345806735637246,0.2384305524983491,0.5342637023992957,-0.4111996478098173,-0.23527184679727053,-0.33491745542593,-0.23763152102135152,0.1749966982170372,0.25382786704820604,0.04906449482720669,-0.25812458727712967,0.08877834030376404,0.1267708562623817,0.16312128549416685,0.009471714725952015,0.4578120184899846,0.11588377723970944,0.19497468633061854,-0.013299581774158045,-0.1360378604446401,-0.08287034998899406,-0.2006339423288576,-0.3185075941008144,-0.08032577591899626,-0.06798371120405018,-0.06236847897864847,-0.16968743121285493,-0.26423508694695136,-0.16909531146819282,0.018478978648470173,0.024069997798811357,0.11635703279771076,0.19751265683469074,-0.06894122826326216,-0.028789346246973366,0.031215056130310368,0.3142593000220119,0.24207131851199648,0.26324455205811137,-0.008672683248954436,-0.08155183799251596,-0.17221219458507595,-0.2157032797710764,-0.12234866828087167,-0.018978648470173894,0.12518379925159587,0.2809685230024213,-0.11479418886198547,-0.08821923838872991,-0.0687739379264803,0.17702619414483822,0.16351749944970284,0.055491965661457185,-0.18431653092670042,-0.1151948051948052,0.13931102795509576,0.16619414483821263,0.04506713625357693,0.21177856042262821,-0.09087827426810478,-0.005901386748844376,0.06530926700418226,0.1687871450583315,0.1983513097072419,0.0249570768214836,-0.00687871450583315,0.19207351970063835,0.19175214615892583,0.35080563504292317,0.19653973145498568,0.2534470614131631,0.09236407660136474,0.02360114461809377,-0.18432093330398416,0.07276469293418446,-0.08757649130530487,-0.08217477437816421,0.019346246973365618,-0.033070658155403915,-0.0032863746423068456,0.14946511116002642,-0.1153334800792428,0.3711424169051288,0.303794849218578,0.12566585956416465,0.31667400396213957,0.6440215716486903,0.3823552718467973,0.4537838432753687,0.14990975126568346,0.27718908210433635,0.15428351309707242,0.20173893902707463,0.10294519040281752,0.33508474576271186,0.1376865507373982
#26,-0.04404578472375083,0.18821043363416246,0.05418666079683029,0.07848558221439578,0.03390490865067136,0.11547435615232225,1.0,0.08479639005062733,0.2262755888179617,0.2922870349988994,0.26052388289676426,0.18556020250935507,0.3975874972485142,0.23089148139995597,0.020385208012326655,-0.29839533348007924,0.2327162667840634,-0.005846357032797711,-0.01073959938366718,-0.3049526744441999,-0.08029275808936825,-0.2769359454105217,0.035027514858023336,-0.13378164208672683,0.0726370239929562,-0.23356372441118203,-0.014734756768655074,-0.11952014087607309,0.07905789126128109,-0.08167510455646049,-0.047823024433193924,0.09675985031917235,0.024836011446180938,-0.0763944530046225,-0.034983491085186,-0.2389258199427691,0.07835351089588377,-0.18870570107858242,0.1422408100374202,-0.132458727712965,0.17989654413383227,-0.07333700198106978,-0.0766255778120185,-0.3245036319612591,0.09010125467752586,-0.16283953334800794,0.15679727052608408,0.1286748844375963,0.07739819502531367,-0.1228813559322034,-0.0965133171912833,-0.1317873651771957,0.05228263262161567,0.04763592339863526,0.16310587717367378,-0.09801893022232006,-0.11996257979308826,-0.4940039621395554,0.07799031476997578,-0.15573849878934626,0.06073299581774158,0.0675346687211094,-0.11049746863306185,-0.037820823244552056,0.10383667180277349,-0.20894342945190403,0.09720449042482941,0.20707021791767555,-0.02170592119744662,0.018901606867708563,0.2710499669821704,0.20651771956856702,0.01288135593220339,0.11591459388069558,0.006425269645608629,-0.06728593440457847,-0.09869689632401497,-0.23111820383006823,0.48931102795509573,-0.22653753026634382,-0.13991855602025094,-0.10080783623156504,-0.08942769095311469,0.10193484481620074,-0.037723970944309924,0.29076821483601145,0.15565705480959718,0.048868589038080563,-0.2088729914153643,0.012692053709002862,-0.24565705480959718,0.212194585075941,-0.0500792427911072,0.09113801452784503,0.3538961038961039,-0.012810917895663658,-0.1502179176755448,0.11001760950913493,0.05953114681928241,0.025672463130090247,0.1213647369579573,0.17821043363416245,0.15055469953775039,-0.012806515518379925,0.0018027734976887519,0.026933744221879816,-0.013308386528725511,0.03506053268765133,-0.015309267004182258,0.16921197446621175,0.3918930222320053
#49,0.7227514858023333,0.5320889280211314,0.2518445960818842,0.14470394012766893,0.015456746643187321,0.03144618093770636,0.08479639005062733,1.0,0.559636803874092,0.45684789786484703,0.4929650011005943,0.3536649790887079,0.3076865507373982,-0.1475280651551838,0.13852740479859124,-0.24417785604226283,0.3837354171252476,0.19059872331058772,-0.03430112260620735,-0.37124367158265464,0.3335285053929122,-0.15482060312568788,0.014371560642747083,-0.43309267004182256,0.3183072859344046,-0.2962095531587057,-0.14362976007043804,-0.17245652652432314,0.2034800792427911,-0.006478098173013427,0.0007836231565045125,0.059139335241030155,-0.10692934184459608,-0.1956900726392252,-0.07943649570768214,-0.02046004842615012,-0.17146599163548315,-0.1316288795949813,0.07857803213735418,-0.04788465771516619,-0.0250231124807396,0.041967862645828746,-0.09481399955976227,-0.06481840193704601,-0.1599867928681488,-0.26403037640325777,0.1034140435835351,-0.020416024653312787,-0.14521681708122386,-0.38865287255117764,-0.24544133832269424,-0.4427426810477658,-0.05460048426150121,-0.21506713625357693,0.2867884657715166,0.08537750385208012,-0.08915474356152323,-0.30107638124587277,-0.1436121505613031,-0.3701254677525864,-0.32903587937486245,-0.34860664758969845,-0.35231785163988555,-0.21141536429672023,0.34689632401496806,0.0009509134932863746,-0.1977525863966542,-0.2642372881355932,0.05987673343605547,-0.10580893682588598,0.31827646929341846,0.3214109619194365,0.13470394012766895,0.14593660576711423,-0.17550737398195027,0.06353510895883777,-0.23857803213735418,-0.13093110279550957,0.10191943649570769,-0.3943759630200308,-0.03827206691613471,-0.07929121725731895,0.1750363196125908,0.15729473915914594,0.023372220999339645,-0.112689852520361,-0.1421549636803874,0.24746643187321155,0.031776359233986355,-0.1188928021131411,-0.22604226282192383,-0.09897864847017389,-0.23119084305524984,-0.2237442218798151,-0.16863746423068457,0.3886264582874752,-0.14201628879594982,0.31729473915914597,0.1734800792427911,0.1750363196125908,0.028943429451904028,0.14532247413603347,9.905348888399736e-05,-0.019262601804974685,0.2145234426590359,0.10481399955976227,0.0037200088047545676,-0.2829077701959058,0.045197006383447064,-0.16864406779661018,-0.08672903367818623
#50,0.30505833149900946,0.5254677525863967,0.12600264142637024,0.08245432533568127,-0.05409200968523002,0.08837332159366057,0.2262755888179617,0.559636803874092,1.0,0.29807175874972486,0.4012062513757429,0.13184019370460048,0.22474356152322253,-0.0500066035659256,0.11618093770636144,-0.19647149460708782,0.15432753686990974,0.15630640545894783,0.1084965881576051,-0.27447941888619853,0.23967202289236186,-0.20586396654193265,-0.0073145498569227385,-0.32805635042923176,0.2568346907329958,-0.33322033898305087,-0.09830728593440458,-0.2050561303103676,0.09860884877834031,-0.023112480739599383,-0.06595421527624917,0.09525643847677746,-0.14343385428131192,-0.3257825225621836,-0.12961038961038962,-0.0024125027514858024,-0.15819722650231124,-0.15085626238168612,-0.11262601804974687,0.010257539071098392,-0.020508474576271186,0.0008914813999559762,-0.07087827426810478,-0.040710983931322914,-0.08467092229804095,-0.1659454105216817,0.12993836671802775,-0.0350363196125908,-0.094983491085186,-0.43102575390710984,-0.2862293638564825,-0.30754567466431876,-0.051056570548095974,-0.21550957517059213,0.27810477657935284,-0.04237508254457407,-0.028212634822804315,-0.25409641206251377,-0.09436715826546335,-0.05038080563504292,-0.2960136473695796,-0.2625511776359234,-0.28548316090688974,-0.1411270085846357,0.17121505613031038,0.03935725291657495,-0.0915166189742461,-0.15683469073299583,-0.0009685230024213075,-0.23997578692493945,0.11450143077261721,0.052509355051727935,0.05493286374642307,0.09380585516178737,-0.015778120184899845,0.12529826106097292,-0.140759410081444,-0.06410741800572309,0.1359057891261281,-0.35052608408540614,-0.11872331058771737,-0.28039841514417785,-0.039119524543253355,0.07809377063614352,0.0349438696896324,-0.057633722209993396,-0.23127668941228263,0.16932643627558883,-0.10984591679506933,-0.18626018049746862,-0.3580211314109619,-0.06816420867268325,-0.30701738939027073,-0.2138102575390711,-0.19902267224301123,0.1934404578472375,-0.174818401937046,0.12947391591459387,0.08666299801893022,0.08902267224301122,-0.03545014307726172,0.18460488663878494,0.012670041822584195,-0.0018666079683028836,0.04443099273607748,-0.07600044023772837,-0.013583535108958837,-0.2186484701738939,-0.13514417785604227,-0.157475236627779,0.14867048206031258
#51,0.3292802113141096,0.45317851639885537,0.46686550737398197,0.4770878274268105,-0.14601584855822144,0.15480739599383667,0.2922870349988994,0.45684789786484703,0.29807175874972486,1.0,0.4037178076161127,0.23328417345366498,0.3979110719788686,-0.10716927140655955,0.14206031256878715,-0.12709663218137796,0.5487167070217918,0.30756548536209555,-0.009790887079022672,-0.2841448382126348,0.3501364736957957,0.017101034558661677,0.3276601364736958,-0.15374642306845696,0.5203697996918336,-0.15777459828307286,0.17368699097512658,0.08365617433414044,-0.07082544574069997,-0.11594541052168171,-0.17850979528945632,-0.10715166189742462,-0.10598062953995158,-0.19499889940567908,-0.21786924939467311,-0.3750605326876513,-0.13401276689412284,-0.25835351089588376,0.14300462249614793,-0.04494827206691614,-0.06148139995597623,-0.1303896103896104,-0.2349438696896324,-0.25635703279771077,-0.11173673783843276,-0.16318732115342285,0.20189522342064714,0.21291657495047325,-0.2151948051948052,-0.3368302883557121,-0.2958001320713185,-0.46760290556900724,0.025767114241690512,-0.057840633942328856,0.528729914153643,0.2888201628879595,-0.17712084525643848,-0.47283072859344044,-0.2857473035439137,-0.4544992295839754,-0.02320493066255778,-0.07815320272947392,-0.5180827646929342,-0.47708562623816864,0.5288839973585736,0.16443979749064494,-0.15241470394012768,-0.23937926480299362,-0.2119898745322474,-0.02798151001540832,0.417904468412943,0.3844706141316311,0.15290556900726393,0.10831168831168832,-0.2547149460708783,-0.16226722430112261,-0.306469293418446,-0.15926700418225842,0.3611358133392032,-0.203020030816641,-0.27067576491305306,-0.2490975126568347,0.02149460708782743,-0.041278890600924496,-0.1202509355051728,0.056370239929561965,-0.008743121285494166,0.06000440237728373,-0.16358793748624256,-0.41442218798151004,-0.46111820383006824,-0.35014747963900505,-0.33683248954435396,-0.11753907109839314,-0.14968743121285494,0.5134360554699537,0.1062557781201849,0.19437156064274708,0.20042923178516397,0.21397094430992736,0.07045784723750825,0.18667400396213957,0.058426150121065376,-0.03903587937486243,0.17703720008804755,0.14141536429672022,-0.013075060532687652,-0.12069777679947172,0.02026634382566586,0.21387189082104335,0.1762161567246313
#52,0.44098833370019813,0.5594188861985472,0.12234426590358793,0.30026194144838214,-0.007191283292978208,0.13841294298921417,0.26052388289676426,0.4929650011005943,0.4012062513757429,0.4037178076161127,1.0,0.047712965001100595,0.25074180057230905,0.019982390490865067,-0.04809817301342725,-0.19818401937046004,0.24078142196786265,0.10320713185119965,-0.1372000880475457,-0.12595641646489103,0.13708782742681047,-0.025734096412062514,0.03173893902707462,-0.1532489544353951,0.2080277349768875,-0.12254017169271407,-0.1455844155844156,-0.017195685670261942,0.07048866387849438,-0.021659696235967422,-0.06928681488003521,-0.04749284613691394,-0.15654853620955317,-0.051331719128329296,-0.09993616552938586,-0.10491525423728813,-0.2581818181818182,-0.14582434514637904,-0.033046445080343385,-0.012130750605326876,0.07990534888839973,0.012553378824565265,0.020261941448382125,-0.14445740699977988,-0.12473035439137134,-0.07855161787365177,0.021085186000440237,0.03688531807175875,-0.15699097512656834,-0.20809156944750165,-0.0872044904248294,-0.14830948712304645,0.02450363196125908,-0.0017081223860884879,0.18039181157825226,0.08193924719348449,-0.09783182918776138,-0.23887739379264802,-0.19947831829187762,-0.33079022672243014,-0.1389126128109179,-0.24395553598943429,-0.19050407219898746,-0.15545894783182918,0.29383887299141537,0.1280145278450363,-0.11005502971604667,-0.053843275368699095,-0.2068875192604006,-0.0837046004842615,0.1930596522121946,0.30982610609729255,0.13094430992736078,0.26053709002861547,-0.13948272066916134,-0.056117103235747305,-0.20225841954655513,-0.10185560202509356,0.05830948712304645,-0.15902487343165309,0.0013537310147479639,0.037050407219898746,-0.03164208672683249,0.034615892581994274,-0.09302443319392471,-0.07841074180057231,-0.13241470394012766,0.34267224301122606,0.1542438917015188,-0.21451023552718468,-0.2532313449262602,-0.10867928681488004,-0.19721549636803873,-0.05473475676865507,-0.2193418445960819,0.1242262821923839,-0.09751705921197447,0.21996478098173014,0.17899625797930882,0.24115782522562185,0.08667180277349769,0.11098173013427251,-0.04204490424829408,-0.03729914153642967,0.05664979088707902,0.06294298921417565,-0.030028615452344264,-0.12430552498349108,-0.2505591019150341,-0.023301782962799913,0.20476117103235747
#53,0.31169931763152103,-0.02908650671362536,0.2362557781201849,0.06796830288355712,0.17600044023772837,0.1553863086066476,0.18556020250935507,0.3536649790887079,0.13184019370460048,0.23328417345366498,0.047712965001100595,1.0,0.5696103896103896,0.07694475016508914,0.10360114461809378,-0.5094607087827426,0.22480079242791107,0.20602245212414705,-0.15814439797490645,-0.5373211534228484,0.07381906229363856,-0.304620294959278,0.29867928681488004,-0.07303103675985032,0.20287695355491966,-0.1712392692053709,0.08081884217477438,-0.1389852520360995,0.01603345806735637,-0.056944750165089146,0.13471054369359453,0.23452564384767774,0.2554985692273828,-0.13402817521461588,-0.2961655293858684,-0.10357693154303324,0.05277569887739379,-0.18158045344486023,0.22705701078582435,-0.07189742460928901,-0.15357693154303323,0.024651111600264144,-0.2039357252916575,-0.008516398855381906,0.1470680167290337,-0.07848778340303764,0.13087167070217917,0.041228263262161564,-0.11592780101254678,-0.297178076161127,-0.11834470614131631,-0.11367378384327537,0.18697116442879155,0.13089808496588157,0.1525181598062954,-0.009374862425709883,-0.018485582214395772,-0.35600924499229586,-0.04144838212634823,-0.30979308826766455,0.011329517939687431,0.0773365617433414,-0.12622055910191504,0.023609949372661237,0.22096632181377945,-0.11492846136913934,0.009658815760510676,-0.2220977327756989,-0.14338983050847456,-0.19527624917455427,0.1492361875412723,0.08600484261501211,0.2274025974025974,0.24157605106757649,-0.0904820603125688,0.08225181598062954,0.15695795729694034,0.014353951133612151,0.17395993836671803,-0.29029936165529385,0.1742791107197887,-0.012797710763812458,-0.06055029716046665,0.1732291437376183,0.24734096412062515,0.1386682808716707,0.09587057010785824,0.18271846797270527,-0.0884701738939027,0.12325775918996258,-0.09270526084085406,-0.11492846136913934,0.06458507594100814,-0.07701738939027075,-0.005219018269865728,0.2154259300022012,-0.06960818842174775,0.3619700638344706,0.1872375082544574,0.2711622276029056,0.18119744662117543,0.47917235307065814,0.479867928681488,0.26617873651771956,0.24951793968743122,0.2163878494386969,0.1870856262381686,-0.04336121505613031,0.30266123706801673,-0.03408320493066256,-0.12595861765353292
#54,0.19458507594100816,0.12474356152322254,0.35806735637244114,0.2466916134712745,0.03573849878934625,0.4900616332819723,0.3975874972485142,0.3076865507373982,0.22474356152322253,0.3979110719788686,0.25074180057230905,0.5696103896103896,1.0,0.24521241470394012,0.04535989434294519,-0.5357340964120625,0.42813779440898087,0.4901364736957957,-0.23479639005062733,-0.5503940127668941,0.07913933524103016,-0.31393792648029933,0.27186660796830286,-0.07950253136693815,0.3049086506713625,-0.2992604006163328,0.08891041162227603,-0.07956636583755228,0.2119260400616333,-0.04405458947831829,0.3383799251595862,0.16471274488223642,0.08724631300902487,-0.10334580673563724,-0.19698437156064275,-0.21141756548536209,0.04098613251155624,-0.3751749944970284,0.2577767994717147,-0.14282632621615673,-0.04767994717147259,-0.1497952894563064,-0.16859123926920538,-0.16769535549196565,0.036775258639665416,-0.09335461149020471,0.10539731454985692,0.11194585075941008,-0.16734096412062513,-0.28212414703940125,-0.10856042262821924,-0.10827867048206032,0.24442218798151003,0.049971384547655734,0.29328637464230684,0.06289016068677086,-0.1123002421307506,-0.4354963680387409,-0.07333259960378605,-0.3631234866828087,0.07973145498569227,0.17774818401937045,-0.19582434514637906,-0.13118423948932423,0.3028527404798591,0.06035439137134052,0.18197666740039622,-0.021188641866607967,-0.1212326656394453,-0.1503764032577592,0.3434954875632842,0.20195245432533568,0.09197666740039621,0.14047105436935944,-0.2668016729033678,-0.049568567026194145,-0.03218578032137354,-0.055714285714285716,0.38497908870790226,-0.15663438256658596,0.05811358133392032,0.0803830068236848,0.04432093330398415,0.3454105216817081,0.21324675324675324,0.20627338762931982,0.2110081443979749,0.07629760070438037,-0.24597622716266784,0.013812458727712964,-0.3390909090909091,-0.007305745102355272,-0.030068236847897865,-0.02540611930442439,0.02550957517059212,0.3388663878494387,-0.12546555139775478,0.35869249394673125,0.22442659035879375,0.2560180497468633,0.20126788465771517,0.5646665199207572,0.3406559542152762,0.18423068456966762,0.1147325555800132,0.20080563504292318,0.1524191063174114,0.06644508034338543,0.15868148800352191,0.13171472595201408,0.2033546114902047
#58,-0.12583314990094652,-0.12550077041602464,-0.1756746643187321,0.10803213735417125,0.008120184899845917,-0.007776799471714726,0.23089148139995597,-0.1475280651551838,-0.0500066035659256,-0.10716927140655955,0.019982390490865067,0.07694475016508914,0.24521241470394012,1.0,-0.09054809597182478,-0.20257318952234207,-0.10772176975566806,-0.13556680607528065,0.03189522342064715,0.04536649790887079,-0.1390843055249835,-0.12119524543253357,-0.22106537530266343,-0.16443979749064494,-0.2584129429892142,-0.05957957296940348,-0.04843055249834911,0.0137640325775919,0.1995861765353291,0.17132291437376182,-0.023739819502531366,0.08651771956856702,0.08837992515958618,0.17791987673343607,0.09735857362976007,0.034466211754347345,0.03228923618754127,-0.014629099713845477,-0.10547215496368038,-0.06356812678846577,0.1749768875192604,0.13224521241470394,0.11566145718688091,-0.12526304204270305,0.0824323134492626,-0.2147919876733436,0.019432093330398414,0.20686110499669821,0.06341404358353511,0.12432313449262601,0.06732775698877394,0.245511776359234,0.08834470614131631,0.017860444640105656,-0.23298921417565485,-0.0437244111820383,0.021937046004842614,-0.046092890160686774,0.0836121505613031,0.009509134932863747,-0.053090468853180715,0.05671582654633502,0.30151221659696237,0.3799493726612371,0.035049526744442,0.10937046004842615,0.4266299801893022,0.39752586396654194,0.2530662557781202,0.20420867268324897,0.21614571868809157,0.17471054369359454,-0.19918556020250935,0.04589918556020251,-0.2180497468633062,-0.22704380365397314,-0.0820559101915034,-0.23615232225401717,-0.09924499229583976,-0.1274554259300022,0.05563724411182038,0.14560422628219238,-0.11228043143297381,0.05641206251375743,0.19488663878494386,0.07068456966762052,0.1135989434294519,-0.09362976007043804,0.09672243011226062,0.05220118864186661,0.07139335241030156,0.1510675764913053,0.08118864186660797,0.15492185780321374,0.2567510455646049,-0.13348228043143298,-0.1277790006603566,0.026103896103896105,-0.06539071098393132,-0.043359013867488444,0.05097292537970504,0.03280211314109619,0.08440237728373322,0.0658793748624257,-0.01101254677525864,-0.0064891041162227605,-0.01817741580453445,0.006647589698437156,0.05202289236187541,-0.06677745982830728,0.13124807395993837
#101,0.008408540611930443,-0.0026348228043143298,-0.09405238828967642,-0.09512656834690733,-0.11331278890600925,-0.38308826766453885,0.020385208012326655,0.13852740479859124,0.11618093770636144,0.14206031256878715,-0.04809817301342725,0.10360114461809378,0.04535989434294519,-0.09054809597182478,1.0,0.20516398855381907,0.00040061633281972264,-0.11289236187541273,0.2355513977547876,-0.09555800132071318,0.7211974466211755,0.1825049526744442,0.1521351529826106,-0.26652212194585073,0.45857362976007043,-0.00029055690072639226,-0.027803213735417127,-0.15184679727052608,-0.21292317851639886,-0.2354325335681268,-0.34861765353290775,-0.3111071978868589,-0.16382786704820604,-0.26628659476117106,-0.31779000660356593,-0.2900506273387629,-0.08684789786484702,0.0224323134492626,-0.08790446841294298,0.09536429672022892,-0.18241470394012768,0.0063438256658595645,0.24912612810917895,0.12405238828967642,-0.007307946290997139,0.2228461369139335,0.03250935505172793,-0.016121505613031037,-0.11300022011886418,-0.23420427030596522,-0.2806515518379925,-0.42214615892581997,-0.1255381906229364,-0.2578098173013427,0.327673343605547,0.3459057891261281,0.1034734756768655,-0.02657274928461369,-0.16718467972705262,-0.37631080783623155,-0.11878494386968963,-0.12463350209112921,-0.05416685009905349,-0.14880915694475016,0.24739379264802994,-0.32832929782082326,-0.01094651111600264,-0.09507153863086067,0.09925819942769096,-0.1548051948051948,0.041228263262161564,-0.18932423508694696,-0.009445300462249616,-0.4496874312128549,-0.21828307285934404,-0.3177591899625798,-0.2017807616112701,-0.25462909971384545,0.28385428131190843,-0.0801122606207352,-0.06789126128109178,-0.15708122386088488,-0.07861545234426591,-0.24011005943209332,0.02793748624257099,-0.045082544574069995,0.10127008584635704,-0.03381465991635483,-0.17909311027955097,-0.3150627338762932,-0.38181598062954,-0.04914593880695576,-0.039762271626678405,-0.09221219458507594,-0.12974025974025974,0.2029473915914594,0.005315870570107858,-0.35673123486682806,-0.19265463350209114,-0.021890821043363415,-0.19446401056570548,-0.25593660576711424,-0.2244287915474356,-0.32955315870570107,0.04238828967642527,-0.1867554479418886,0.01587937486242571,-0.1959344045784724,-0.055267444419986794,-0.1461963460268545,-0.154620294959278
#102,-0.13748624257098832,0.028712304644508035,-0.06221439577371781,-0.1593748624257099,-0.2994541052168171,-0.40345806735637246,-0.29839533348007924,-0.24417785604226283,-0.19647149460708782,-0.12709663218137796,-0.19818401937046004,-0.5094607087827426,-0.5357340964120625,-0.20257318952234207,0.20516398855381907,1.0,-0.22232225401716926,-0.09029055690072639,0.19679286814880034,0.6890821043363416,0.17444640105657055,0.6238917015188201,-0.1531322914373762,0.18299581774158044,0.023986352630420427,0.22674884437596302,-0.19097292537970503,-0.019878934624697336,-0.2262095531587057,-0.10470173893902708,-0.278646268985252,-0.2504160246533128,-0.3282522562183579,-0.15788245652652433,0.060413823464670925,-0.026409861325115563,-0.1260114461809377,0.23138014527845036,-0.2897380585516179,0.09236847897864847,-0.1448712304644508,-0.07917015188201629,0.26728813559322034,0.2637640325775919,-0.13881796169931762,0.2363944530046225,-0.1858859784283513,-0.24768214836011446,-0.07573849878934624,0.026251375742901168,-0.03971824785384107,-0.002212194585075941,-0.3594298921417565,0.0060510675764913055,0.06963460268545014,0.3775676865507374,-0.10637904468412943,0.40288575830948714,-0.22895663658375523,0.1808166409861325,-0.19383887299141536,-0.25910191503411845,-0.058003521901826983,-0.16684789786484702,-0.24787365177195686,0.021441778560422627,-0.2966321813779441,0.007845036319612591,0.1564274708342505,0.3611732335461149,-0.12889720449042483,-0.11425709883337001,-0.009577371780761611,-0.1754655513977548,0.2411798371120405,0.11795069337442218,-0.07892361875412723,0.004217477437816421,-0.04877173673783843,0.5581421967862645,-0.2580805635042923,-0.17934844816200748,-0.23943869689632402,-0.4738762931983271,-0.43765573409641206,-0.3446885318071759,-0.21536429672022891,-0.20276029055690073,-0.1426766453885098,-0.34502751485802335,0.08026634382566586,-0.11926040061633282,0.032471934844816204,-0.04377503852080123,-0.1936913933524103,-0.024752366277790008,0.23955976227162668,-0.5253995157384987,-0.13353731014747963,-0.11850099053488884,-0.06014087607307946,-0.4863086066475897,-0.23221659696235966,-0.27007484041382346,-0.15112920977327757,-0.2823134492626018,-0.13965881576051067,-0.2794320933303984,-0.034972485141976664,-0.12727492846136915,-0.19374862425709882
#201,0.3204754567466432,0.2597776799471715,0.45685230024213075,0.49368919216376844,0.14018269865727492,0.2384305524983491,0.2327162667840634,0.3837354171252476,0.15432753686990974,0.5487167070217918,0.24078142196786265,0.22480079242791107,0.42813779440898087,-0.10772176975566806,0.00040061633281972264,-0.22232225401716926,1.0,0.48567026194144836,-0.006768655073739819,-0.4142438917015188,0.02870349988994057,-0.06351089588377724,0.3507660136473696,-0.10420647149460709,0.51343165309267,0.018725511776359234,0.2095179396874312,0.21166189742460928,0.014118423948932424,-0.08668941228263262,0.02981730134272507,0.003548316090688972,0.15392692053709003,0.08112920977327757,-0.21880475456746643,-0.12697776799471713,0.07722430112260621,-0.22707021791767554,0.28392912172573187,-0.07021351529826106,0.03759850319172353,-0.15386528725511775,-0.19844596081884217,-0.16307285934404578,-0.23163108078362316,-0.301122606207352,0.3110609729253797,0.2802839533348008,0.03836451683909311,-0.22683248954435395,-0.1187409200968523,-0.32221659696235966,0.005890380805635043,-0.07492846136913933,0.281798371120405,0.28485802333259963,-0.3316552938586837,-0.4705326876513317,-0.23685890380805635,-0.36038520801232665,-0.008685890380805635,0.08025533788245652,-0.490132071318512,-0.35871670702179176,0.47408540611930444,0.06717147259520141,-0.15152102135152984,-0.26794629099713846,-0.1678912612810918,-0.19097512656834692,0.4069271406559542,0.31210653753026635,-0.008857583094871231,-0.018219238388729915,-0.33908650671362534,-0.0710411622276029,-0.287244111820383,-0.20993616552938588,0.19533348007924278,-0.18302003081664098,-0.21103896103896103,-0.007147259520140876,0.24747303543913712,0.12277349768875193,-0.013046445080343385,0.21505833149900946,0.24401937046004843,0.04844155844155844,-0.1314175654853621,-0.3121989874532247,-0.23201408760730793,-0.08674224081003742,-0.062029495927801014,0.08785824345146379,-0.004030376403257759,0.48407660136473696,0.18654853620955317,0.3983425049526744,0.35253576931543035,0.3547787805414924,0.24422848338102576,0.39198987453224743,0.09846136913933524,0.2080299361655294,0.2558331499009465,0.3951529826106097,0.20758969843715605,-0.06894783182918776,0.08660576711424169,0.3660664758969844,0.021554039181157825
