,#10,#11,#12,#13,#17,#18,#26,#49,#50,#51,#52,#53,#54,#58,#101,#102,#201,#202,#301,#302,#401,#402,#501,#502,#601,#602,#701,#702,#801,#802,#901,#902,#1001,#1002,#1101,#1102,#1201,#1202,#1301,#1302,#1401,#1402,#1501,#1502,#1601,#1602,#1701,#1702,#1801,#1802,#1901,#1902,#2001,#2002,#2101,#2102,#2201,#2202,#2301,#2302,#2401,#2402,#2501,#2502,#2601,#2602,#2701,#2702,#2801,#2802,#2901,#2902,#3001,#3002,#3101,#3102,#3201,#3202,#3301,#3302,#3401,#3402,#3455,#3501,#3502,#3601,#3602,#3701,#3702,#3801,#3802,#3901,#3902,#4001,#4002,#4101,#4102,#4201,#4202,#4301,#4302,#4401,#4402,#4501,#4502,#4601,#4602,#4701,#4702,#4801,#4802
#10,1.0,0.5112965001100594,0.6549746863306185,0.5395333480079243,0.32788906009244995,0.4566651992075721,0.19329297820823244,0.5857473035439137,0.3427734976887519,0.6553863086066476,0.45600264142637026,0.13523662777900067,0.24250275148580233,0.15354611490204711,-0.482161567246313,-0.3991173233546115,0.6604798591239269,0.2346995377503852,-0.20631741140215717,-0.1756152322254017,-0.27275148580233327,-0.05207131851199648,-0.009720449042482942,0.2758595641646489,-0.09211754347347567,0.10854721549636803,-0.004675324675324675,0.37469733656174337,0.06775038520801233,-0.10102355271846797,0.024419986792868147,-0.2634998899405679,-0.22779661016949151,-0.3627823024433194,-0.3862998018930222,-0.21508694695135372,-0.5720911292097732,-0.4636451683909311,-0.45739379264802993,0.0005172793308386529,-0.010834250495267445,-0.1457032797710764,-0.037699757869249395,0.07478318291877614,-0.13519040281752145,-0.05018269865727493,-0.15723970944309928,-0.17020691173233546,-0.027182478538410743,0.20683469073299582,0.11017609509134933,0.48842174774378166,0.06183138895003302,0.2716596962359674,-0.3759674224081004,-0.2995333480079243,-0.28158265463350207,-0.2856482500550297,-0.08391591459388069,-0.05179396874312128,0.09823684789786484,-0.13809156944750164,-0.04565265243231345,-0.10309267004182258,0.5124058991855602,0.15453444860224522,-0.11866607968302884,0.038084965881576054,0.0799405679066696,-0.03637464230684569,0.4028505392912173,0.37349108518600044,0.03648470173893903,0.4633083865287255,-0.11631741140215716,0.14670702179176756,-0.2838696896324015,-0.1387673343605547,-0.04252256218357913,-0.13190843055249835,0.03178956636583755,0.1407572088928021,-0.002104336341624477,0.15578472375082544,0.043416244772176975,0.1296500110059432,-0.26560642747083424,0.2444089808496588,0.20240149680827646,0.19858023332599603,0.1953731014747964,-0.04776359233986353,-0.006370239929561964,0.019399075500770416,-0.0687607307946291,0.3297886858903808,0.03454765573409641,0.3235064935064935,0.19808936825885978,0.1283314990094651,0.17302663438256657,0.3254589478318292,-0.13548316090688972,-0.041382346467092226,-0.010354391371340524,-0.29592339863526307,-0.11650891481399955,-0.14965881576051068,-0.24802773497688752,0.08555139775478758,-0.033332599603786046
#11,0.5112965001100594,1.0,0.5832599603786044,0.4501804974686331,0.1993418445960819,0.3062359674224081,0.2172837332159366,0.25161787365177196,0.33506493506493507,0.5727316751045565,0.32603565925599826,-0.014232885758309487,0.05987893462469734,0.056927140655954216,-0.4117279330838653,-0.09736517719568567,0.4876139115122166,0.2670438036539731,-0.26062293638564826,-0.17728813559322035,-0.2828615452344266,-0.034316530926700416,-0.011688311688311689,0.08399955976227162,-0.035194805194805195,0.12787805414924058,0.06278010125467752,0.43601584855822145,0.018142196786264584,-0.06984591679506934,0.03007704160246533,-0.08207572088928021,-0.07138234646709223,-0.11911512216596962,-0.22466211754347348,-0.2437970504072199,-0.44701078582434517,-0.3615166189742461,-0.225280651551838,0.08285053929121726,-0.0851749944970284,-0.14806515518379926,-0.05597842835130971,0.11929121725731895,0.1152542372881356,-0.0752014087607308,0.008582434514637905,0.06883777239709443,-0.046449482720669164,0.20313229143737618,0.22303764032577592,0.4188179616993176,0.09238388729914154,0.3205414924058992,-0.27249614791987675,-0.08693594541052169,-0.3424719348448162,-0.3400462249614792,0.1086814880035219,0.1654985692273828,0.09465331278890601,0.0561501210653753,-0.17032137354171253,-0.12826766453885097,0.5809707241910632,0.419900946511116,-0.11250275148580233,-0.04639885538190623,-0.12008364516839093,-0.13206691613471275,0.27236407660136475,0.28593880695575613,-0.13877173673783844,0.14616773057451024,-0.38937266123706804,-0.1306449482720669,-0.39361435174994497,-0.14180277349768874,-0.238399735857363,-0.08438256658595641,0.1112392692053709,0.1364208672683249,-0.20836231565045124,0.16984591679506933,-0.014591679506933745,0.2178582434514638,0.057915474356152324,0.07721989874532248,0.17224521241470395,0.05301782962799912,0.1287739379264803,0.2369755668060753,-0.010321373541712526,0.1597754787585296,0.165808936825886,0.278745322474136,0.0886154523442659,0.4054633502091129,0.31398415144177855,0.018996257979308828,0.19054369359454104,0.17725511776359235,-0.09774158045344486,0.22521681708122387,0.10788685890380806,-0.06375522782302444,0.04036319612590799,-0.047580893682588596,-0.1509619194364957,0.13623156504512438,0.25839533348007926
#12,0.6549746863306185,0.5832599603786044,1.0,0.7535174994497028,0.3990909090909091,0.46542813119084303,0.23278450363196126,0.2944353951133612,0.2144023772837332,0.7492758089368259,0.4504930662557781,-0.022916574950473254,0.2169403477878054,0.008318291877613912,-0.6678780541492406,-0.2910675764913053,0.8092053709002861,0.5759542152762491,-0.4912414703940128,-0.4653334800792428,-0.5135615232225401,-0.2525357693154303,-0.04191943649570768,0.23366718027734976,-0.1662029495927801,0.07769535549196566,0.09298921417565485,0.6038630860664759,0.24568567026194144,-0.1588267664538851,0.2871736737838433,-0.14537970504072198,0.12852740479859123,-0.12827867048206032,-0.26051948051948054,-0.3500528285274048,-0.5737156064274709,-0.44509355051727933,-0.23755888179616994,0.09173233546114902,-0.0049350649350649355,-0.19418886198547217,0.13038520801232667,0.0400528285274048,0.19703499889940568,-0.10829407880255337,0.01099933964340744,0.07603565925599824,0.28856482500550296,0.5052366277790007,0.5058881796169932,0.7106823684789787,0.4268280871670702,0.5842570988333701,-0.36659916354831606,-0.15355712084525644,-0.3877019590578913,-0.5100198106977768,0.21680607528065154,0.354025974025974,-0.02848778340303764,0.10720669161347128,-0.2197182478538411,-0.29428131190843054,0.7130750605326877,0.2967048206031257,-0.1828615452344266,-0.24207131851199648,-0.16597402597402597,-0.270792427911072,0.5305128769535549,0.531140215716487,-0.0977657935285054,0.33590358793748626,-0.4314109619194365,-0.046759850319172354,-0.3964384767774598,-0.05107638124587277,-0.054554259300022015,-0.16993176315210212,-0.010039621395553599,0.13884217477437816,-0.1254391371340524,0.08900506273387629,0.010955315870570108,0.08889500330178296,-0.005282852740479859,0.17927801012546776,0.23098613251155625,0.015593220338983051,0.18662117543473475,0.16279771076381247,-0.034816200748404136,0.2384965881576051,0.18905128769535548,0.5104402377283733,0.09488883997358574,0.6904666519920757,0.6465881576051068,0.22975346687211093,0.5452542372881356,0.59900946511116,0.1645080343385428,0.29801232665639443,0.37172353070658154,0.01225841954655514,0.25608188421747746,0.03987012987012987,-0.17466211754347347,0.10411842394893242,0.23476117103235747
#13,0.5395333480079243,0.4501804974686331,0.7535174994497028,1.0,0.21619194364957076,0.4072375082544574,0.19499449702839533,0.18565485362095532,0.12832929782082325,0.6568434954875633,0.4511468192824125,-0.09303764032577592,0.225445740699978,0.052273827867048206,-0.47801452784503634,-0.13497468633061854,0.7193374422187981,0.4269623596742241,-0.43523002421307505,-0.30346467092229806,-0.4855712084525644,-0.2150693374422188,-0.13487343165309268,0.08948051948051948,-0.29679727052608407,-0.07312788906009245,-0.015925599823904908,0.5610851860004402,0.2562293638564825,0.017541272287035,0.25657495047325557,-0.045828747523662776,0.03386748844375963,-0.10012326656394453,-0.00539951573849879,-0.28020250935505175,-0.5469293418445961,-0.380693374422188,-0.27959498128989657,-0.032293638564825006,0.1467620515078142,-0.15421527624917455,0.14661016949152542,0.11531807175874972,0.18055249834910853,-0.12070438036539731,0.07929121725731895,0.0991437376183139,0.2331168831168831,0.45542593000220116,0.3919194364957077,0.6090050627338763,0.2833766233766234,0.45782742681047767,-0.3842372881355932,-0.12909311027955095,-0.3244243891701519,-0.37695575610829846,0.22406779661016948,0.3519986792868149,-0.18756988773937927,0.0312722870349989,-0.10237728373321593,-0.1818335901386749,0.5858177415804534,0.2533612150561303,-0.1431719128329298,-0.2697182478538411,-0.23834250495267445,-0.15307946290997138,0.36550077041602463,0.44584635703279774,-0.26120845256438474,0.18367598503191723,-0.38111600264142637,-0.050400616332819725,-0.34272066916134714,-0.08310367598503192,-0.07949152542372881,-0.07371340523882897,0.005034118423948932,0.07824125027514858,-0.09576271186440678,0.07752366277790007,-0.08817741580453445,0.09559322033898306,0.049586176535329075,0.12562183579132732,0.2483843275368699,0.04932423508694695,0.2240149680827647,0.24123706801672903,0.03444419986792868,0.334488223640766,0.2446136913933524,0.28385868368919215,-0.002476337222099934,0.6143187321153423,0.4744618093770636,0.2846268985252036,0.45181377944089807,0.4638410741800572,0.10025093550517279,0.18807395993836673,0.29215716486902926,0.009447501650891482,0.18758529605987234,-0.09070438036539731,-0.07954215276249174,-0.012159366057671142,0.2946797270526084
#17,0.32788906009244995,0.1993418445960819,0.3990909090909091,0.21619194364957076,1.0,0.31068016729033676,0.2544750165089148,0.11495927801012547,0.057312348668280874,0.3574400176095091,0.24983491085186,0.38806955756108297,0.3957120845256438,0.17370019810697776,-0.3961149020471054,-0.403860884877834,0.506352630420427,0.3935130970724191,-0.46268104776579355,-0.5075192604006163,-0.3898217037200088,-0.5956548536209553,-0.07973365617433414,0.12981730134272507,-0.15437596302003082,-0.18460488663878494,-0.09882456526524323,0.10082544574069997,0.31012546775258637,-0.16924058991855603,0.3903697996918336,-0.07712744882236408,0.18610829848117982,0.10246973365617433,-0.2574268104776579,-0.17129650011005942,-0.27692493946731234,-0.2829451904028175,-0.21390490865067135,0.08330618534008365,-0.21029275808936826,-0.21824125027514857,0.18069777679947172,0.10286374642306846,-0.08108518600044023,-0.22849218578032138,-0.03216376843495487,0.053411842394893244,0.1356812678846577,0.05155844155844156,0.08442879154743561,0.19590138674884439,0.11544574069997798,0.07640325775918996,-0.4524653312788906,-0.3025313669381466,-0.3053356812678847,-0.5394166850099054,0.20574510235527185,0.34741800572309045,0.1301056570548096,0.24928461369139335,0.08855161787365178,0.1084965881576051,0.2670724191063174,0.02843055249834911,0.3079286814880035,-0.0018600044023772838,-0.05210873871890821,-0.1864142637023993,0.235016508914814,0.18060532687651332,-0.13656174334140436,0.15605106757649131,-0.25610169491525425,0.05318511996478098,-0.2351287695355492,-0.2387343165309267,0.3899141536429672,-0.13130750605326877,-0.1541734536649791,0.17624477217697557,0.16817081223860886,0.3493330398415144,0.47583975346687213,0.4659784283513097,0.3196588157605107,0.11111600264142638,0.16750605326876514,0.3905701078582435,0.3154171252476337,0.3312788906009245,0.39202069117323357,0.3219150341184239,0.3015430332379485,0.30720669161347125,-0.189933964340744,0.4939049086506714,0.28047765793528506,0.09717147259520141,0.22073519700638344,0.46639005062733874,0.41072859344045787,0.2298217037200088,0.3742526964560863,0.1575016508914814,0.34681488003521904,0.07494166850099053,0.027726172132951792,0.22627779000660356,0.3413449262601805
#18,0.4566651992075721,0.3062359674224081,0.46542813119084303,0.4072375082544574,0.31068016729033676,1.0,0.26860004402377285,0.28967422408100374,0.14598283072859344,0.35791547435615234,0.12753026634382567,0.3159388069557561,0.45506493506493506,0.06681047765793528,-0.6072132951793969,-0.3728087167070218,0.542705260840854,0.3559850319172353,-0.314554259300022,-0.26950473255558,-0.498729914153643,-0.22950253136693816,-0.20351749944970285,0.11717147259520141,-0.37032577591899624,-0.0950693374422188,-0.09362315650451243,0.2822143957737178,0.16128989654413384,-0.10293858683689192,0.14114241690512877,-0.15664098613251157,0.20246092890160686,-0.035258639665419325,-0.1533436055469954,-0.1445080343385428,-0.4098569227382787,-0.46593440457847235,-0.3934800792427911,-0.06268104776579353,0.15360774818401937,-0.21156944750165088,-0.10665199207572089,-0.1583248954435395,-0.17238168611049967,-0.06614131631080783,-0.025373101474796392,0.039434294519040285,0.022370680167290338,0.20599603786044465,0.23569447501650892,0.3314615892581994,0.2686946951353731,0.23107858243451465,-0.5210455646048866,-0.3421065375302663,-0.3305370900286155,-0.2617389390270746,7.704160246533128e-05,0.12952894563064055,0.017180277349768874,0.016986572749284615,-0.17124367158265463,-0.1362821923838873,0.43585075941008145,0.2464670922298041,-0.11299141536429672,-0.07296720228923619,-0.08445080343385428,0.04616552938586837,0.3881730134272507,0.4145102355271847,0.14428131190843055,0.428003521901827,-0.07810037420206911,0.14805194805194805,-0.11455646048866387,0.018470173893902708,0.11136033458067357,-0.27294298921417565,0.18042482940788027,0.06708122386088487,0.1341008144397975,0.034092009685230025,0.19292097732775698,0.17463570327977107,-0.04974906449482721,0.22855381906229363,0.2797314549856923,0.20499889940567906,0.005597622716266784,0.09638344706141316,0.040279550957517056,0.06688751926040061,0.15038740920096852,0.11390270746202949,0.040055029716046665,0.32745762711864407,0.33140655954215276,0.17598943429451905,0.3009090909090909,0.5294188861985473,-0.03765793528505393,0.17857142857142858,0.29707241910631743,-0.09559982390490865,0.24420647149460709,-0.11938806955756108,-0.013563724411182039,0.23398635263042042,0.207970504072199
#26,0.19329297820823244,0.2172837332159366,0.23278450363196126,0.19499449702839533,0.2544750165089148,0.26860004402377285,1.0,0.20198547215496368,0.22550737398195025,0.3449372661237068,0.12438256658595642,0.13363416244772178,0.29685450143077263,0.313086066475897,-0.2281069777679947,0.023376623376623377,0.2882874752366278,0.14300682368478979,-0.09835130970724192,-0.0475676865507374,-0.3267554479418886,-0.19064274708342505,-0.23853180717587497,0.17447941888619856,-0.32489324235086947,-0.09314990094651111,-0.2641404358353511,-0.0862821923838873,0.19523222540171692,-0.027532467532467533,0.1659057891261281,-0.005069337442218798,0.028655073739819504,0.008824565265243231,-0.07503411842394893,-0.13025313669381466,-0.13878274268104776,-0.19854721549636803,-0.24643187321153423,-0.004362755888179617,-0.06166409861325116,-0.029484921857803215,0.1903367818622056,-0.02166850099053489,0.11167510455646049,-0.08817081223860884,-0.19143517499449703,-0.13220779220779222,0.0858133392031697,-0.04512656834690733,-0.10683028835571208,0.08068456966762051,-0.11355051727933084,-0.04378164208672683,-0.4530992736077482,-0.24852740479859123,-0.14200088047545675,-0.16787365177195684,0.04292097732775699,0.08292978208232446,-0.033270966321813776,-0.09857142857142857,0.09894342945190403,0.16972044904248293,0.25724851419766676,-0.002654633502091129,0.29574069997798813,0.31470394012766895,0.15912832929782084,0.1983182918776139,0.37842835130970726,0.3675544794188862,0.0973497688751926,0.23456966762051507,0.042795509575170594,0.14529165749504733,-0.21136913933524104,-0.18287034998899407,0.15902267224301123,0.1812722870349989,-0.0739159145938807,0.12712084525643846,0.06177856042262822,0.12191283292978208,0.1573299581774158,0.0824125027514858,0.08198327096632181,0.1129672022892362,-0.11904248294078802,0.396682808716707,0.19425269645608628,0.18815980629539952,-0.03077261721329518,0.07820603125687871,0.08086066475896984,0.012683248954435395,-0.18758529605987234,0.09834690732995818,0.08238388729914153,-0.23966762051507814,-0.007063614351749945,0.15128329297820822,0.13924499229583975,0.16743341404358353,0.17707021791767555,-0.07577812018489985,0.09186660796830289,-0.12958177415804534,-0.022287034998899405,-0.09479418886198547,0.10600484261501211
#49,0.5857473035439137,0.25161787365177196,0.2944353951133612,0.18565485362095532,0.11495927801012547,0.28967422408100374,0.20198547215496368,1.0,0.6511490204710544,0.3313713405238829,0.4801034558661677,0.26564384767774596,0.23955756108298482,0.37394012766894125,-0.12279991195245432,-0.36403477878054147,0.27596962359674226,-0.2707990314769976,0.18467752586396655,0.030911292097732777,0.0740281752146159,-0.11079903147699757,-0.159603786044464,-0.08072198987453225,-0.1496302003081664,-0.2063284173453665,-0.0809751265683469,-0.016282192383887298,0.02996257979308827,0.13188201628879595,-0.25015408320493066,-0.3725775918996258,-0.3637772397094431,-0.5337772397094431,-0.08584635703279771,0.12076601364736958,-0.3709487123046445,-0.4173123486682809,-0.49080783623156504,-0.3487233105877174,0.17412502751485803,0.1325709883337002,-0.05816640986132512,0.09359013867488444,-0.2970658155403918,-0.17061853400836452,-0.13328637464230683,-0.21215496368038742,0.055817741580453446,-0.06804094210873872,0.03675324675324675,0.21388509795289457,-0.169966982170372,-0.04964120625137574,-0.19155624036979968,-0.36080783623156504,-0.10941888619854721,-0.0798084965881576,-0.4079793088267665,-0.24220999339643406,0.13802113141096192,-0.3089478318291878,0.2512326656394453,0.11270085846357032,0.2288994056790667,0.0026876513317191284,-0.07950253136693815,0.3268743121285494,0.43681708122386087,0.37354171252476337,0.2648976447281532,0.32370460048426153,0.42346467092229806,0.5661853400836452,0.24038520801232666,0.3699075500770416,-0.0846995377503852,-0.1856746643187321,-0.037153863086066476,-0.13965221219458507,-0.10445080343385428,0.14933303984151441,0.2713625357693154,0.08302223200528286,-0.0662359674224081,-0.1562161567246313,-0.47756988773937925,0.21973145498569227,0.1677790006603566,0.24350429231785164,0.025174994497028397,-0.3988928021131411,-0.10669161347127448,-0.31584415584415587,-0.1833766233766234,-0.009564164648910412,-0.12687871450583316,-0.13027294739159145,-0.19911512216596963,0.029341844596081884,-0.15917455425930002,-0.055203609949372665,-0.30153202729473916,-0.35737178076161125,-0.28547435615232225,-0.44251375742901167,-0.2712194585075941,-0.18053929121725731,-0.14457406999779882,-0.0022430112260620736,-0.21784063394232886
#50,0.3427734976887519,0.33506493506493507,0.2144023772837332,0.12832929782082325,0.057312348668280874,0.14598283072859344,0.22550737398195025,0.6511490204710544,1.0,0.3242659035879375,0.5058507594100814,0.005606427470834251,-0.05258199427690953,0.15666960158485582,0.007026194144838213,-0.07577591899625798,0.17959498128989654,-0.23065815540391812,0.08609729253797051,0.04256218357913273,0.11807836231565046,0.08815540391811579,-0.1531256878714506,-0.22533568126788467,-0.09449922958397534,-0.1276535329077702,-0.039905348888399736,-0.015302663438256658,0.16447061413163108,0.20000220118864187,-0.14267444419986794,-0.34530266343825666,-0.35818181818181816,-0.46762931983270967,0.05341844596081884,-0.02672903367818622,-0.23474356152322254,-0.32438256658595643,-0.31949592780101255,-0.3163790446841294,0.22940788025533787,0.24895443539511336,0.09650451243671583,-0.011248073959938367,-0.059749064494827205,-0.2054589478318292,-0.15006823684789786,-0.2720118864186661,-0.044047985912392694,0.03246973365617433,0.1296169931763152,0.2694849218578032,-0.09013647369579574,0.0035461149020471054,0.03741800572309047,-0.08084745762711865,-0.03812898965441339,-0.0011952454325335682,-0.29151882016288794,-0.25502531366938147,-0.11621835791327317,-0.2635064935064935,0.20453224741360335,0.12551617873651771,0.1684437596302003,-0.01970063834470614,-0.1416618974246093,0.07078802553378824,0.29983491085186,0.20321593660576712,0.1737310147479639,0.40152542372881356,0.3962469733656174,0.42208672683248954,0.1399735857362976,0.20624697336561743,-0.08285934404578472,0.00020030816640986132,-0.07881576051067576,-0.007087827426810477,-0.23959498128989654,0.006977767994717147,0.015148580233325996,0.14349768875192603,0.019297820823244553,-0.17937706361435174,-0.4931322914373762,0.4286022452124147,-0.014298921417565485,0.2802685450143077,0.18980629539951574,-0.20226062073519702,-0.06519040281752146,-0.23442879154743562,-0.2014968082764693,0.0686220559101915,0.0424455205811138,-0.072491745542593,-0.20694034778780543,0.01398415144177856,-0.17418886198547215,-0.2290182698657275,-0.24182918776139115,-0.24721329517939689,-0.2914373761831389,-0.3216552938586837,-0.29297160466651995,-0.23092670041822586,-0.1162095531587057,-0.08516618974246093,-0.24596742240810038
#51,0.6553863086066476,0.5727316751045565,0.7492758089368259,0.6568434954875633,0.3574400176095091,0.35791547435615234,0.3449372661237068,0.3313713405238829,0.3242659035879375,1.0,0.6198128989654413,0.05130090248734317,0.10457627118644068,0.18739819502531366,-0.5294761171032357,-0.31355712084525644,0.7232775698877394,0.41349328637464233,-0.41523222540171695,-0.366088487783403,-0.4719502531366938,-0.17637244111820383,0.012342064714946071,0.21404798591239269,-0.14479639005062733,0.13870570107858243,0.19814439797490646,0.49187541272287033,0.36380145278450365,-0.08687871450583315,0.2318115782522562,-0.1859255998239049,0.07408980849658815,-0.16678406339423288,-0.11800572309046885,-0.421699317631521,-0.49154523442659037,-0.4998943429451904,-0.22649130530486464,0.07596302003081665,-0.0411270085846357,-0.11602685450143077,0.19165309267004182,0.15348228043143297,0.0962293638564825,-0.13213955535989436,-0.007048206031256879,0.00774158045344486,0.23475236627779,0.2946335020911292,0.3255712084525644,0.5283579132731675,0.2860466651992076,0.4577657935285054,-0.37221879815100156,-0.1515496368038741,-0.35791107197886857,-0.4749768875192604,0.16134272507153863,0.3143825665859564,-0.024695135373101473,0.02560202509355052,-0.090099053488884,-0.1813383226942549,0.69214615892582,0.16436935945410522,-0.06319832709663219,-0.14976667400396215,-0.14626458287475236,-0.2060312568787145,0.41340303764032577,0.45635923398635264,-0.19753246753246753,0.25105877173673785,-0.4160708782742681,-0.07394012766894123,-0.5152080123266564,-0.19968743121285495,-0.05234206471494607,-0.08295399515738498,-0.16838872991415366,0.1860972925379705,-0.064785384107418,0.14126128109178956,-0.04356152322254017,0.13832489544353951,-0.010200308166409862,0.23274047985912394,0.20686550737398196,0.1448316090688972,0.2655029716046665,0.12954655513977548,0.05341404358353511,0.20661457186880916,0.08655954215276249,0.5204116222760291,0.06966101694915254,0.6246467092229804,0.43560422628219236,0.09092449922958397,0.28528505392912173,0.38095091349328636,0.1358661677305745,0.20612590799031477,0.2871318511996478,0.0692031697116443,0.20918335901386748,-0.03843935725291658,-0.15771956856702618,-0.04399075500770416,0.2125643847677746
#52,0.45600264142637026,0.32603565925599826,0.4504930662557781,0.4511468192824125,0.24983491085186,0.12753026634382567,0.12438256658595642,0.4801034558661677,0.5058507594100814,0.6198128989654413,1.0,-0.10666960158485582,0.04558441558441558,0.22950693374422187,-0.1919436495707682,-0.11968523002421308,0.4300264142637024,0.127838432753687,-0.17147259520140876,-0.11376183138895003,-0.2190314769975787,-0.03842835130970724,-0.11393132291437376,0.17925599823904909,-0.14627338762931982,-0.05293858683689192,0.03428571428571429,0.21811798371120406,0.42619194364957075,0.05675764913053049,0.24162667840633942,-0.31113581333920315,-0.08760950913493286,-0.3113053048646269,0.0689522342064715,-0.29209993396434075,-0.4098128989654413,-0.43853400836451684,-0.3258111380145278,-0.09543693594541053,0.08760510675764913,0.15051287695355492,0.232590799031477,0.16318071758749725,0.018283072859344045,-0.10979969183359013,-0.13580453444860224,-0.10702839533348008,0.23090688972044904,0.2828989654413383,0.36382126348228044,0.5239797490644948,0.24049086506713627,0.3803235747303544,-0.08756768655073739,-0.03304424389170152,-0.2700770416024653,-0.23984591679506934,-0.09960818842174775,0.18675324675324675,-0.1486154523442659,-0.19027514858023334,0.08391371340523883,0.012927580893682589,0.37467972705260844,0.08660356592559983,-0.018534008364516838,-0.17849878934624697,0.05572969403477878,-0.07239709443099274,0.14804094210873872,0.3014263702399296,0.001611270085846357,0.26145938806955754,-0.2211534228483381,0.01923398635263042,-0.40695135373101476,-0.26717587497248513,0.03326876513317191,-0.057226502311248074,-0.39976227162667843,-0.03295619634602685,0.08998459167950694,0.1906185340083645,-0.09333259960378605,-0.02313449262601805,-0.19702399295619635,0.2542703059652212,0.007252916574950473,0.11967862645828747,0.37923178516398853,0.06643187321153422,0.04016729033678186,0.01965001100594321,-0.04469513537310148,0.3426832489544354,0.12471714725952014,0.23299801893022232,-0.0032423508694695135,0.0262359674224081,-0.021967862645828746,0.1395795729694035,0.07799251595861766,-0.14648250055029716,-0.005285053929121725,-0.05757208892802113,-0.002284833810257539,-0.14215276249174555,0.07847457627118644,-0.1045410521681708,0.07664758969843716
#53,0.13523662777900067,-0.014232885758309487,-0.022916574950473254,-0.09303764032577592,0.38806955756108297,0.3159388069557561,0.13363416244772178,0.26564384767774596,0.005606427470834251,0.05130090248734317,-0.10666960158485582,1.0,0.3849064494827207,0.39495487563284176,-0.17242130750605328,-0.32085186000440236,0.14352410301562843,-0.13577151661897424,-0.11948492185780321,-0.22458507594100816,-0.05458287475236628,-0.5150715386308606,-0.17225181598062955,-0.16093330398415145,-0.23863306185340083,-0.27925159586176534,-0.15565925599823904,-0.07139995597622716,-0.26482720669161347,-0.27002201188641867,-0.11200088047545674,-0.05830508474576271,0.040112260620735196,-0.012993616552938587,-0.2605128769535549,0.16813119084305525,-0.2350561303103676,-0.266139115122166,-0.21487563284173453,-0.2756504512436716,-0.15952234206471494,-0.2633149900946511,-0.31572309046885316,0.023328197226502312,-0.3920427030596522,-0.21926480299361656,0.06800792427911072,0.17016949152542374,0.06441558441558441,-0.14658375522782302,-0.10538630860664759,-0.06881135813339204,-0.18466211754347348,-0.2578098173013427,-0.40893462469733655,-0.47668721109399076,0.0018269865727492847,-0.13138234646709224,0.04584195465551398,0.055991635483160905,0.3349548756328417,0.22097292537970503,0.09825445740699978,0.09889720449042483,-0.14798371120405018,-0.04291877613911512,0.20273167510455645,0.3053224741360335,0.11208452564384767,0.2112458727712965,0.05847677745982831,-0.04093110279550957,0.13166409861325115,0.2656350429231785,0.12337882456526525,0.2517631521021352,0.0726370239929562,-0.08821043363416245,0.10687651331719128,-0.2829077701959058,0.09204270305965222,0.2973959938366718,0.4124323134492626,-0.01991635483160907,0.1968633061853401,0.5126458287475236,0.2309222980409421,0.13513317191283292,0.20082764692934185,0.42012326656394455,-0.15039841514417784,-0.06134932863746423,0.08701518820162887,0.11073299581774158,0.15956636583755227,-0.20275808936825887,-0.27680607528065154,0.022995817741580455,0.043783843275368696,-0.08477437816420867,0.08317411402157165,0.16407660136473695,-0.041410961919436495,0.09964780981730134,0.25792207792207794,0.010332379484921857,0.15323354611490206,-0.052049306625577815,0.0187805414924059,0.1224323134492626,0.14222980409421088
#54,0.24250275148580233,0.05987893462469734,0.2169403477878054,0.225445740699978,0.3957120845256438,0.45506493506493506,0.29685450143077263,0.23955756108298482,-0.05258199427690953,0.10457627118644068,0.04558441558441558,0.3849064494827207,1.0,0.23242350869469514,-0.2522408100374202,-0.21866387849438698,0.38689852520360996,0.18422628219238388,-0.11694915254237288,-0.19189742460928902,-0.1755249834910852,-0.4095619634602685,-0.2158925819942769,-0.08652432313449263,-0.2682390490865067,-0.22455866167730573,-0.3320581113801453,-0.06313009024873431,0.07582214395773718,-0.2776271186440678,0.011457186880915694,0.012793308386528725,0.0037640325775918997,-0.01383447061413163,-0.21789346246973365,0.03833370019810698,-0.1949570768214836,-0.20577151661897425,-0.2757693154303324,-0.11790446841294298,0.07072859344045784,-0.2878648470173894,-0.1642262821923839,0.05339643407440017,0.00020250935505172792,-0.1636253576931543,-0.210627338762932,-0.010658155403918115,-0.061970063834470616,-0.03489984591679507,-0.15807395993836673,0.042639225181598066,-0.004413383226942549,-0.049966982170372,-0.48385428131190844,-0.2929231785163989,-0.16542813119084304,-0.2767972705260841,0.11173673783843276,0.20782302443319392,0.14590799031476998,0.043783843275368696,0.07753907109839313,0.13151882016288796,0.11971164428791548,0.16805194805194806,0.176979969183359,0.25344486022452123,0.08705260840854061,0.11699977988113582,0.32028175214615895,0.167508254457407,0.10190182698657275,0.18393132291437375,0.07942989214175655,0.26642526964560864,0.09845916795069337,0.008258859784283513,0.16403257759189963,-0.2699075500770416,0.26951573849878935,0.15929341844596082,0.4475786924939467,0.1832819722650231,0.217706361435175,0.2087475236627779,0.08335681267884658,0.06426590358793749,-0.025362095531587057,0.2477327756988774,0.07465551397754788,0.0187541272287035,0.20750385208012326,0.0735527184679727,0.14653532907770195,-0.14165309267004184,-0.23731895223420646,0.11679727052608409,0.1495971824785384,-0.004056790666960158,0.17749284613691393,0.3610807836231565,-0.10689192163768435,0.09916354831609069,0.17044464010565705,-0.09337222099933964,0.03718467972705261,0.11401496808276469,0.00968302883557121,0.17048866387849437,0.16082764692934184
#58,0.15354611490204711,0.056927140655954216,0.008318291877613912,0.052273827867048206,0.17370019810697776,0.06681047765793528,0.313086066475897,0.37394012766894125,0.15666960158485582,0.18739819502531366,0.22950693374422187,0.39495487563284176,0.23242350869469514,1.0,-0.004937266123706802,-0.05556240369799692,0.11084305524983491,-0.1390975126568347,0.06310587717367379,-0.02187541272287035,-0.005991635483160907,-0.3099141536429672,-0.2306009244992296,-0.006537530266343826,-0.3417367378384328,-0.3450627338762932,-0.21608628659476117,-0.21898745322474136,-0.014477217697556681,-0.1386484701738939,0.07657274928461369,-0.03385868368919216,-0.15445300462249614,-0.15970063834470613,0.0425643847677746,0.05226722430112261,-0.10362095531587057,-0.2227294739159146,-0.4153268765133172,-0.29463130090248735,0.012399295619634603,-0.10305745102355272,0.043565925599823904,0.40315650451243673,-0.18170372000880475,-0.14209773277569887,-0.1397050407219899,-0.10411182038300683,-0.013992956196346027,-0.21993836671802774,-0.11074180057230905,0.03132731675104557,-0.25326656394453007,-0.2593946731234867,-0.3570063834470614,-0.46287695355491965,-0.050154083204930665,-0.15130310367598504,-0.08276029055690072,-0.11714285714285715,-0.04148800352190183,-0.2184833810257539,0.40381465991635485,0.3732687651331719,-0.04311027955095752,-0.13420206911732335,0.49120405018710106,0.46183359013867487,0.29180277349768874,0.3196125907990315,0.19095751705921196,0.11597402597402598,0.15222980409421089,0.3175544794188862,0.1965133171912833,0.31006823684789786,-0.09022452124147039,-0.25264802993616553,0.17947171472595203,0.05116222760290557,-0.10699317631521021,0.2692802113141096,0.17523662777900065,0.22439797490644947,0.13570988333700199,0.07727272727272727,0.04552718467972705,-0.16427911071978868,0.013013427250715387,0.4360180497468633,0.14957517059211975,-0.08863526304204271,-0.05886418666079683,-0.06983270966321814,0.02846797270526084,-0.15480079242791106,-0.24992515958617653,-0.10215276249174554,-0.2096059872331059,-0.14993616552938588,-0.2021813779440898,0.007847237508254458,0.12327536869909751,-0.197442218798151,-0.023385428131190843,-0.1753334800792428,-0.10855602025093551,-0.27623156504512436,0.033988553819062295,-0.15281752146158925,-0.01221879815100154
#101,-0.482161567246313,-0.4117279330838653,-0.6678780541492406,-0.47801452784503634,-0.3961149020471054,-0.6072132951793969,-0.2281069777679947,-0.12279991195245432,0.007026194144838213,-0.5294761171032357,-0.1919436495707682,-0.17242130750605328,-0.2522408100374202,-0.004937266123706802,1.0,0.30425489764472813,-0.5470746202949592,-0.5651727933083865,0.5626040061633282,0.39209993396434073,0.69049526744442,0.22184459608188423,0.18296279991195247,-0.30011446180937706,0.27421307506053266,-0.14064274708342506,-0.050327977107638124,-0.5966872110939908,-0.14001100594320934,0.2789830508474576,-0.33326876513317194,0.19117763592339865,-0.20783182918776139,-0.0027140655954215275,0.2526370239929562,0.2994541052168171,0.5109443099273607,0.35753686990975125,0.3140193704600484,-0.0913779440898085,0.030950913493286374,0.34841734536649793,0.003409641206251376,-0.05185780321373542,-0.03477657935285054,-0.023508694695135373,-0.14866167730574512,-0.2728791547435615,-0.29237068016729034,-0.4761369139335241,-0.3859344045784724,-0.6030794629099714,-0.3855602025093551,-0.4540810037420207,0.5774906449482721,0.26449922958397537,0.2619392471934845,0.37180937706361433,-0.3182742681047766,-0.3280915694475017,0.030913493286374643,-0.1942659035879375,0.30121505613031035,0.28907990314769977,-0.5359476117103236,-0.2754479418886199,0.07003521901826987,0.19557561082984812,0.32209333039841515,0.2436979969183359,-0.36384987893462467,-0.39277790006603563,0.07794849218578032,-0.4287277129650011,0.31521021351529827,-0.0736517719568567,0.16010125467752587,-0.09953554919656614,0.16959498128989656,0.06757208892802113,-0.06564825005502972,-0.037296940347787806,0.21010785824345146,-0.07309927360774818,-0.19067136253576933,-0.30089368258859783,-0.18589478318291877,-0.16307506053268764,-0.17028835571208453,-0.15679506933744222,-0.13674003962139555,-0.3714109619194365,-0.05056350429231785,-0.3186176535329078,-0.30902707462029494,-0.28612370680167293,-0.14399075500770417,-0.5116464891041163,-0.5171076381245873,-0.2389522342064715,-0.42412502751485803,-0.5683094871230464,-0.20879594981289898,-0.2933017829627999,-0.4356680607528065,0.009095311468192825,-0.26455866167730574,-0.039837112040501874,0.019667620515078144,-0.32689852520360996,-0.3661038961038961
#102,-0.3991173233546115,-0.09736517719568567,-0.2910675764913053,-0.13497468633061854,-0.403860884877834,-0.3728087167070218,0.023376623376623377,-0.36403477878054147,-0.07577591899625798,-0.31355712084525644,-0.11968523002421308,-0.32085186000440236,-0.21866387849438698,-0.05556240369799692,0.30425489764472813,1.0,-0.26875192604006165,-0.02364076601364737,0.35471054369359456,0.4924014968082765,0.094719348448162,0.3841536429672023,-0.13692493946731235,-0.1623068456966762,-0.08180497468633062,-0.03373981950253137,-0.30116883116883114,-0.23448602245212416,-0.001476997578692494,0.18292317851639886,0.01024653312788906,0.16871010345586618,-0.0561699317631521,0.18681267884657715,0.14896984371560643,0.06217037200088048,0.22200088047545674,0.48763152102135154,0.21498789346246974,0.1012260620735197,0.06762271626678407,0.30430992736077483,-0.030794629099713845,0.131732335461149,0.28781421967862647,-0.14058991855602024,-0.112656834690733,-0.22963240149680827,-0.14585075941008144,-0.14036539731454986,-0.16848117983711203,-0.232656834690733,-0.12359013867488444,-0.05726832489544354,0.23005723090468852,0.47540832049306625,-0.01299801893022232,0.1712524763372221,0.1826766453885098,-0.014353951133612151,-0.2778494386968963,-0.030341184239489324,-0.08370680167290337,0.07125687871450584,-0.2255359894342945,0.0449966982170372,0.10592559982390491,-0.033006823684789785,0.04645608628659476,0.09005723090468853,-0.0010741800572309048,-0.0361104996698217,-0.1214439797490645,-0.3367048206031257,-0.16209333039841514,-0.31927140655954217,-0.11123486682808717,0.04550297160466652,-0.12781201848998458,0.4875478758529606,-0.04578912612810918,-0.1838300682368479,-0.1357473035439137,-0.09050627338762932,-0.10630420427030597,-0.13092009685230024,0.14294519040281753,-0.07264582874752366,-0.3037530266343826,-0.1709421087387189,-0.11212854941668501,0.0887409200968523,-0.0964802993616553,0.17452564384767774,0.06600924499229584,-0.10327977107638124,0.2225841954655514,-0.19362095531587056,-0.08229363856482501,-0.29655513977547876,-0.15976667400396213,-0.30767554479418885,-0.030046224961479198,0.136979969183359,-0.13966541932643628,0.0840677966101695,-0.19510675764913052,-0.003189522342064715,0.00725511776359234,-0.1852872551177636,0.09308166409861325
#201,0.6604798591239269,0.4876139115122166,0.8092053709002861,0.7193374422187981,0.506352630420427,0.542705260840854,0.2882874752366278,0.27596962359674226,0.17959498128989654,0.7232775698877394,0.4300264142637024,0.14352410301562843,0.38689852520360996,0.11084305524983491,-0.5470746202949592,-0.26875192604006165,1.0,0.5321725731895224,-0.5572683248954435,-0.46577812018489984,-0.49071538630860667,-0.3470261941448382,-0.04324014968082765,0.1985758309487123,-0.26857362976007043,-0.0055359894342945195,0.008476777459828307,0.4961743341404358,0.28574290116663,-0.12495927801012546,0.3107770195905789,-0.0684767774598283,0.18933524103015628,-0.045368699097512656,-0.28994276909531147,-0.3036671802773498,-0.5462139555359894,-0.4806867708562624,-0.2975148580233326,0.03035879374862426,-0.046260180497468634,-0.29881576051067577,0.05415364296720229,0.08138895003301783,0.16697556680607528,-0.2753709002861545,0.034869029275808934,0.034774378164208676,0.19942108738718908,0.3238234646709223,0.33152542372881355,0.5399625797930883,0.3317499449702839,0.4773453664979089,-0.46323134492626017,-0.23290777019590578,-0.33871670702179174,-0.5996566145718688,0.22121065375302665,0.3329451904028175,0.014571868809156945,0.1246136913933524,-0.1814307726172133,-0.2019436495707682,0.6527734976887519,0.35573849878934627,-0.005280651551837993,-0.018551617873651772,-0.17339203169711645,-0.2221021351529826,0.4501452784503632,0.5068280871670702,-0.2692559982390491,0.17762271626678405,-0.46637023992956195,-0.06717147259520141,-0.4963592339863526,-0.18985912392692053,0.03815540391811578,-0.18029716046665198,0.015397314549856923,0.14105877173673784,0.02042262821923839,0.1864208672683249,0.051430772617213294,0.27452124147039403,0.10779220779220779,0.17891041162227603,0.2476271186440678,0.1414439797490645,0.2524697336561743,0.19554479418886198,0.11884437596302003,0.32969403477878056,0.245610829848118,0.45276689412282634,-0.06518600044023773,0.7029583975346687,0.533119084305525,0.05526304204270306,0.42974686330618533,0.6350913493286374,0.18569007263922518,0.3110675764913053,0.4363284173453665,0.07147039401276689,0.30742460928901605,0.009859123926920538,-0.08274488223640766,0.03310147479639005,0.28348448162007484
