,#10,#11,#12,#13,#17,#18,#26,#49,#50,#51,#52,#53,#54,#58,#101,#102,#201,#202,#301,#302,#401,#402,#501,#502,#601,#602,#701,#702,#801,#802,#901,#902,#1001,#1002,#1101,#1102,#1201,#1202,#1301,#1302,#1401,#1402,#1501,#1502,#1601,#1602,#1701,#1702,#1801,#1802,#1901,#1902,#2001,#2002,#2101,#2102,#2201,#2202,#2301,#2302,#2401,#2402,#2501,#2502,#2601,#2602,#2701,#2702,#2801,#2802,#2901,#2902,#3001,#3002,#3101,#3102,#3201,#3202,#3301,#3302,#3401,#3402,#3455,#3501,#3502,#3601,#3602,#3701,#3702,#3801,#3802,#3901,#3902,#4001,#4002,#4101,#4102,#4201,#4202,#4301,#4302,#4401,#4402,#4501,#4502,#4601,#4602,#4701,#4702,#4801,#4802
#10,1.0,0.4990226722430112,0.7290666960158485,0.44644948272066914,0.04344706141316311,-0.028036539731454986,0.28662117543473475,0.652722870349989,0.22563724411182037,0.5336407660136474,0.4171274488223641,-0.3409222980409421,0.09904248294078803,-0.004578472375082545,-0.13851639885538192,0.20946290997138456,0.4728175214615893,0.6054853620955316,0.1902377283733216,-0.0872176975566806,-0.38730794629099713,0.035780321373541715,0.2694078802553379,0.10924719348448161,0.08382786704820604,0.23146158925819943,0.35771736737838433,0.347012987012987,0.1673893902707462,0.0048316090688972045,0.14242130750605328,-0.4014615892581994,0.19872991415364297,-0.12438696896324015,-0.24598062953995156,-0.21073299581774158,-0.37149900946511116,-0.2663900506273388,0.08437596302003082,-0.23675985031917235,0.15361435174994498,0.06758529605987233,-0.3001122606207352,0.048648470173893905,-0.05724631300902487,-0.157145058331499,0.2346995377503852,0.17994497028395334,0.01685890380805635,0.00927360774818402,-0.16437376183138894,0.02232445520581114,0.13189742460928902,0.27959498128989657,-0.1736451683909311,-0.17123046445080342,-0.47955976227162667,-0.40252916574950476,0.018822364076601365,-0.02785824345146379,-0.2777327756988774,-0.24260840854061194,-0.3774950473255558,-0.20177635923398635,0.5934580673563724,0.33258639665419326,-0.014662117543473475,0.22400616332819723,0.09411622276029055,-0.12005723090468853,0.37043363416244773,0.2713955535989434,-0.11781421967862646,-0.3394320933303984,-0.5287475236627779,-0.394290116662998,-0.5043253356812679,-0.17068236847897864,0.05242130750605327,0.07524103015628439,-0.05850979528945631,-0.32965221219458507,-0.2099075500770416,-0.1965133171912833,-0.35153202729473915,-0.2765001100594321,-0.21924058991855602,0.1238498789346247,0.07586616773057452,-0.2455756108298481,-0.41058331499009465,-0.24185560202509354,-0.18246973365617433,0.19545894783182918,0.2779220779220779,0.446418666079683,0.15215936605767114,0.5139577371780761,0.5683777239709443,0.19069557561082984,0.18344926260180497,0.3879815100154083,-0.11564384767774598,0.30512436715826546,0.26767114241690515,0.436913933524103,0.3147589698437156,-0.345808936825886,-0.4099119524543253,0.03157164869029276,0.07290777019590579
#11,0.4990226722430112,1.0,0.35495267444419987,0.2976051067576491,0.06188201628879595,-0.1662689852520361,0.42519040281752146,0.46965881576051066,0.4955293858683689,0.6202553378824566,0.3983865287255118,-0.16329958177415804,0.16646268985252036,0.2083050847457627,-0.11930222320052829,0.35279110719788687,0.1959652212194585,0.33462469733656175,-0.08248734316530927,0.142458727712965,-0.07489324235086947,0.02663878494386969,0.2079903147699758,0.13250935505172792,0.08823464670922299,0.10337882456526525,0.1403279771076381,0.16278010125467754,-0.09604886638784944,-0.037206691613471274,-0.15797050407219898,-0.34850099053488887,0.07922518159806295,-0.23165309267004183,-0.3485582214395774,-0.2550671362535769,-0.4130596522121946,-0.035016508914814,0.08014307726172133,-0.06678846577151662,0.0057671142416905125,0.057219898745322476,0.010653753026634382,0.38675324675324674,0.18393792648029936,0.0836385648250055,-0.07581554039181158,-0.019498128989654414,-0.09469733656174334,-0.01163548316090689,-0.12366057671142416,0.006464891041162228,0.10266123706801673,0.11487783403037641,-0.11431212854941669,-0.37109619194364957,-0.1137574290116663,-0.055560202509355054,-0.10601804974686331,-0.10572088928021131,-0.203020030816641,-0.15857142857142856,-0.3859211974466212,-0.17642526964560862,0.2498547215496368,0.34267224301122606,0.0671186440677966,0.28080563504292316,0.028109178956636584,-0.043876293198327095,0.22384767774598283,0.1158001320713185,-0.02907109839313229,-0.39782962799911953,-0.37933964340744003,-0.2902685450143077,-0.34246092890160684,-0.07518159806295399,-0.1943913713405239,-0.07569447501650892,-0.03549636803874092,-0.1582984811798371,-0.12222099933964341,-0.1594078802553379,-0.16520360994937267,-0.19920316971164428,-0.26843935725291657,0.034125027514858026,0.31383667180277347,-0.1282280431432974,-0.21106317411402156,-0.07454325335681268,-0.14651771956856702,0.020484261501210653,0.10701518820162888,0.30531587057010784,0.1338036539731455,0.21034778780541494,0.2515100154083205,0.06341404358353511,-0.1387277129650011,0.05619414483821263,-0.2907131851199648,0.045161787365177196,0.14201188641866608,0.09561963460268545,0.16588597842835132,-0.2496235967422408,-0.15165969623596742,-0.01460048426150121,0.007827426810477657
#12,0.7290666960158485,0.35495267444419987,1.0,0.6059057891261281,-0.04455205811138015,0.16741140215716488,0.2526634382566586,0.4190116662998019,0.05240810037420207,0.5603169711644288,0.28469733656174334,-0.4001012546775259,0.21555580013207132,-0.00836451683909311,-0.10049306625577813,0.22648910411622275,0.7609134932863746,0.7602575390710984,0.18033017829627998,-0.3120713185119965,-0.45322033898305086,-0.08849218578032138,0.3995993836671803,0.2731587057010786,0.015963020030816642,0.30976447281532027,0.4689500330178296,0.5485340083645168,0.2927492846136914,-0.03326216156724631,0.36856042262821925,-0.30115562403698,0.40983931322914374,-0.1437838432753687,-0.2845278450363196,-0.4677041602465331,-0.39216596962359673,-0.5168831168831168,0.026909531146819283,-0.3336715826546335,0.09294739159145939,-0.009687431212854942,-0.3890865067136254,-0.10675324675324675,-0.07063174114021571,-0.11286374642306846,0.3914836011446181,0.14606207351970063,0.023403037640325777,0.11170812238608849,-0.16011446180937705,0.09032797710763812,0.16438696896324015,0.327343165309267,-0.11673783843275369,-0.23451683909311027,-0.5513669381465992,-0.5482324455205811,0.16905348888399735,0.022885758309487123,-0.4366387849438697,-0.30675104556460486,-0.5005040721989874,-0.25060972925379704,0.6755800132071319,0.4222804314329738,-0.17690292758089368,0.21016508914814,-0.011470394012766894,-0.09174334140435836,0.48879154743561526,0.4415122165969624,-0.04289016068677086,-0.06774158045344486,-0.6446907329958177,-0.4719700638344706,-0.6418357913273167,-0.011325115562403698,0.2413515298261061,0.04416685009905349,-0.10084745762711865,-0.14140655954215275,0.030345586616773057,-0.3166387849438697,-0.619487123046445,-0.4438102575390711,-0.27181598062953993,0.22168611049966983,-0.06227162667840634,-0.46627999119524544,-0.49552278230244334,-0.3666762051507814,-0.15761611270085846,0.2589720449042483,0.27703279771076383,0.5950627338762932,0.1771274488223641,0.7194144838212635,0.812656834690733,0.2739643407440018,0.2547105436935945,0.6830882676645389,0.12394453004622497,0.41319392471934846,0.333053048646269,0.48066035659255996,0.4121219458507594,-0.5629760070438037,-0.5689346246973366,0.019425489764472816,0.18833810257539071
#13,0.44644948272066914,0.2976051067576491,0.6059057891261281,1.0,-0.234290116662998,0.10952014087607308,0.31064714946070876,0.15187321153422847,0.009819502531366937,0.5937464230684569,0.10771516618974246,-0.4013713405238829,0.2713141096191944,0.009132731675104557,0.005212414703940128,0.31167510455646047,0.7048360114461809,0.5189412282632622,-0.06263702399295619,-0.32080783623156506,-0.3257627118644068,-0.23817301342725072,0.3295333480079243,0.06113141096191944,0.120066035659256,0.052463130090248736,0.38225401716927143,0.4568545014307726,0.19091129209773278,-0.012256218357913273,0.31012106537530265,-0.08279991195245433,0.26428131190843057,-0.11872551177635923,-0.30848558221439576,-0.4226524323134493,-0.32695575610829847,-0.2716508914814,0.008694695135373102,-0.3532555580013207,-0.10143297380585516,-0.017426810477657935,-0.24933524103015628,-0.12316310807836231,0.032936385648250056,-0.07682588597842835,0.3269865727492846,0.22844596081884216,-0.03763152102135153,0.07686770856262382,-0.08219018269865727,0.005117763592339864,0.23532467532467533,0.18806295399515738,-0.04565265243231345,-0.16557781201848998,-0.26758309487123044,-0.39463790446841296,0.022099933964340745,-0.20835130970724192,-0.48971824785384105,-0.28822804314329736,-0.4484459608188422,-0.06027294739159146,0.3913977547875853,0.35386748844375965,-0.0651023552718468,0.19357693154303324,-0.10514417785604226,0.05336121505613031,0.3779440898084966,0.2991943649570768,0.1802443319392472,0.025712084525643848,-0.4463416244772177,-0.3322298040942109,-0.3574884437596302,0.22371340523882896,0.11571648690292759,-0.11644508034338542,-0.01598283072859344,-0.20925159586176537,-0.18558441558441557,-0.29837552278230245,-0.552029495927801,-0.3659454105216817,-0.1408518600044024,0.27974466211754345,-0.07286594761171032,-0.38086506713625357,-0.43458507594100815,-0.2900880475456747,-0.14304864626898525,0.12813339203169713,0.12387409200968523,0.4615892581994277,0.004323134492626018,0.6134514637904468,0.5642020691173234,0.29272066916134715,0.18915474356152323,0.4934888839973586,0.06077922077922078,0.4287519260400616,0.36302883557120846,0.49378824565265245,0.3647809817301343,-0.5378296279991195,-0.3731939247193484,-0.004235086946951354,0.20526524323134493
#17,0.04344706141316311,0.06188201628879595,-0.04455205811138015,-0.234290116662998,1.0,0.3713911512216597,0.038120184899845914,0.22345806735637244,0.17819722650231123,-0.03400836451683909,-0.08045564604886639,0.31302223200528284,0.20165309267004183,0.24797930882676644,-0.3297820823244552,-0.16058331499009465,-0.31554259300022014,-0.09079683028835571,0.015080343385428132,0.22672903367818623,0.025016508914814,-0.04136913933524103,-0.14603565925599823,0.2425709883337002,-0.38721549636803876,0.2600770416024653,-0.25248954435395116,-0.1320647149460709,0.09814219678626458,0.16466211754347349,-0.05059432093330398,-0.1561897424609289,0.06532467532467533,-0.07241690512876954,0.10688531807175874,0.16358133392031698,0.14375522782302444,-0.07646929341844597,0.2199405679066696,0.23872991415364297,0.147574290116663,-0.016264582874752367,0.09098833370019811,0.038102575390710984,-0.011771956856702619,0.2461765353290777,-0.2019656614571869,-0.18713405238828967,-0.23539731454985693,-0.02388069557561083,-0.18413383226942548,0.10855381906229364,-0.23414483821263482,0.042359674224081004,-0.26263922518159805,0.007136253576931543,-0.05551837992515959,0.08895663658375523,-0.05762931983270966,0.16246313009024874,0.20247413603345807,0.10419546555139775,0.16760290556900725,-0.015421527624917455,-0.12024873431653092,0.03311248073959938,0.18353510895883776,0.20115122165969623,-0.20115562403697998,-0.12161787365177196,-0.21160246533127888,-0.12252256218357914,-0.3134140435835351,-0.23181598062953995,0.10058771736737838,0.0712128549416685,-0.035494166850099054,-0.27053488883997356,0.055291657495047324,0.21510455646048868,0.009011666299801893,0.21755668060752806,0.23071758749724852,0.2808848778340304,0.32394673123486684,0.23461809377063614,0.03381906229363856,-0.11663658375522783,0.1920030816640986,0.1549636803874092,0.3003543913713405,0.17254017169271407,0.19783843275368698,-0.15655073739819503,0.019905348888399736,-0.2789786484701739,0.3184305524983491,-0.27868368919216374,-0.04527404798591239,-0.1822143957737178,-0.22155844155844157,0.019029275808936826,0.07238388729914154,-0.318432753686991,-0.1663020030816641,-0.1936517719568567,-0.2570614131631081,0.10159145938806956,0.2792427911071979,-0.027090028615452344,-0.09068677085626238
#18,-0.028036539731454986,-0.1662689852520361,0.16741140215716488,0.10952014087607308,0.3713911512216597,1.0,-0.05798151001540832,-0.06767994717147259,-0.11639445300462249,-0.09578692493946732,-0.0864142637023993,0.11952234206471495,0.297409200968523,-0.10506053268765134,-0.2744574069997799,-0.3397842835130971,0.0799207572088928,0.12992295839753468,0.05211093990755008,-0.23695135373101475,-0.2547677745982831,-0.08027074620294959,0.14020250935505174,0.2180541492405899,-0.20806955756108297,0.2861677305745102,-0.10778340303764032,0.16016949152542373,0.3203940127668941,0.15428571428571428,0.1959652212194585,0.006533127889060093,0.16268104776579353,-0.019821703720008806,0.1766585956416465,0.04312788906009245,0.1054985692273828,-0.29146599163548315,-0.06578912612810918,0.0021967862645828748,-0.049218578032137354,-0.21360774818401937,-0.224785384107418,-0.31913493286374645,-0.0313845476557341,0.09794849218578032,0.0438498789346247,-0.10580893682588598,-0.10100374202069118,0.015963020030816642,-0.10501871010345587,0.11925379705040721,-0.18138234646709223,0.12105216817081224,-0.22419546555139774,0.097211093990755,-0.12794188861985473,-0.22143737618313888,0.09510675764913053,0.08183579132731675,-0.02820162887959498,-0.03051287695355492,0.1649042482940788,0.006216156724631301,0.06848778340303764,0.015478758529605988,0.014149240589918555,0.08853400836451684,-0.37393132291437375,-0.07749064494827207,-0.10466872110939908,0.06306185340083645,-0.2413317191283293,0.1850627338762932,0.012328857583094871,-0.1013185119964781,-0.023902707462029497,-0.03670261941448382,0.24996918335901386,0.3181377944089808,-0.11611710323574731,0.5338344706141316,0.15872991415364296,0.12962579793088266,0.07106757649130531,0.05670482060312569,0.038062953995157384,-0.015505172793308387,0.024662117543473475,0.05509795289456306,0.22208232445520582,0.14252916574950472,0.45268104776579354,0.13037860444640106,0.2618115782522562,-0.08185119964780982,0.3993748624257099,0.07410521681708122,0.2568434954875633,0.14892802113141096,0.18909531146819283,0.3597468633061853,0.4932225401716927,0.08560422628219239,-0.15733436055469954,-0.005487563284173454,-0.12292317851639886,-0.0921087387189082,0.030257539071098394,0.02393352410301563,0.14593660576711423
#26,0.28662117543473475,0.42519040281752146,0.2526634382566586,0.31064714946070876,0.038120184899845914,-0.05798151001540832,1.0,0.25338542813119086,0.440891481399956,0.6350781421967863,0.2818379925159586,-0.11399295619634603,0.3271516618974246,0.38527845036319613,-0.09548095971824785,0.1354325335681268,0.2527118644067797,0.2682192383887299,-0.06705040721989874,0.024001760950913494,-0.21930662557781203,-0.07224521241470394,-0.06742681047765793,-0.20962579793088268,-0.06342725071538631,-0.1970195905789126,-0.04190402817521462,-0.018366718027734978,0.17950473255558003,0.2816707021791768,-0.05164428791547435,-0.2735042923178516,0.01237508254457407,0.031879815100154085,0.07913273167510455,0.15370900286154524,-0.14130970724191064,0.233482280431433,-0.08602025093550517,-0.25406999779881134,0.19259520140876074,0.20975346687211094,-0.039680827646929345,0.19780101254677526,-0.20240810037420207,-0.21589698437156063,-0.04194364957076822,-0.16578912612810917,-0.16873871890821043,-0.2735989434294519,-0.17718688091569448,-0.16736517719568567,0.0174950473255558,-0.17302883557120846,-0.14037200088047547,-0.10944530046224961,-0.3142989214175655,-0.19357252916574952,-0.1038762931983271,-0.38535769315430335,-0.11090248734316531,-0.10206471494607088,-0.0786418666079683,0.10867048206031257,0.2287343165309267,0.2743253356812679,0.4142394893242351,0.6219128329297821,0.3606669601584856,0.32029716046665196,0.5283535108958838,0.30213295179396876,0.3901452784503632,-0.07925379705040722,-0.0734272507153863,-0.024389170151882016,-0.006777459828307286,0.1935791327316751,0.050143077261721326,-0.06601584855822144,0.18354831609068897,-0.0720823244552058,-0.02837772397094431,0.0388994056790667,-0.0485890380805635,-0.09904688531807176,-0.05427470834250495,-0.0660312568787145,0.07202509355051728,-0.10713625357693154,-0.2529385868368919,-0.07284833810257539,-0.26184679727052607,-0.012124147039401277,0.11369579572969403,0.13817961699317632,-0.18673343605546996,0.24238168611049968,0.09473035439137134,0.047477437816420866,-0.04132951793968743,-0.044629099713845474,-0.15100374202069117,-0.07063834470614132,-0.016357032797710763,0.09530266343825666,0.06697556680607528,-0.06452124147039401,-0.06360774818401937,-0.08390050627338763,0.08573629760070438
#49,0.652722870349989,0.46965881576051066,0.4190116662998019,0.15187321153422847,0.22345806735637244,-0.06767994717147259,0.25338542813119086,1.0,0.35876293198327097,0.4475941008144398,0.47016508914814,-0.19458287475236627,0.05589698437156064,0.03610169491525424,-0.04768655073739819,0.23782522562183578,0.17915474356152322,0.3091569447501651,0.3501584855822144,0.035161787365177194,-0.07136033458067356,0.20796610169491525,0.10175214615892582,0.07911952454325336,0.0600264142637024,0.21232885758309486,0.20650891481399955,0.1668941228263262,0.24359013867488444,0.12645388509795288,-0.1794188861985472,-0.41122826326216155,-0.1027162667840634,-0.06148139995597623,-0.11429672022892362,-0.07566145718688091,-0.15165529385868368,-0.11591679506933744,0.27471494607087826,0.013691393352410302,0.2903918115782523,0.24735857362976008,-0.12134052388289676,0.2580959718247854,-0.18219018269865728,-0.1611996478098173,0.03591239269205371,-0.043513097072419106,-0.16702839533348007,-0.10700638344706141,-0.27094210873871893,-0.018252256218357913,-0.05570107858243451,0.1865067136253577,-0.058258859784283516,-0.03568567026194145,-0.3098745322474136,-0.17261281091789565,-0.08292758089368259,-0.130891481399956,-0.167475236627779,-0.2553510895883777,-0.31164208672683247,-0.21713845476557342,0.41966541932643625,0.299867928681488,0.017083425049526743,0.08910851860004403,0.20210873871890822,-0.14244772176975568,0.3346423068456967,0.252557781201849,-0.2016817081223861,-0.4302465331278891,-0.291353731014748,-0.256517719568567,-0.3815628439357253,-0.3244287915474356,-0.1307307946290997,0.0900858463570328,-0.11935945410521681,-0.23195685670261942,-0.15378604446401056,-0.028236847897864847,-0.1563548316090689,-0.26796610169491525,-0.3983909311027955,0.06346467092229804,0.24349548756328418,-0.1200528285274048,-0.11904028175214616,-0.24800572309046887,-0.21012326656394453,-0.139735857362976,-0.05605546995377504,0.23796169931763153,0.2489720449042483,0.2010741800572309,0.26685670261941447,-0.1361501210653753,-0.1360510675764913,0.12693814659916355,-0.36232445520581114,-0.10252916574950473,-0.06976667400396214,0.0600858463570328,-0.12765573409641207,-0.2676469293418446,-0.17557561082984813,-0.2340744001760951,-0.17935285053929123
#50,0.22563724411182037,0.4955293858683689,0.05240810037420207,0.009819502531366937,0.17819722650231123,-0.11639445300462249,0.440891481399956,0.35876293198327097,1.0,0.4557825225621836,0.4279110719788686,0.011109399075500771,0.19875852960598722,0.41898084965881577,0.021591459388069556,0.21011005943209332,-0.0650561303103676,0.03924279110719789,0.010794629099713845,0.17631300902487343,0.06589258199427692,0.1846731234866828,-0.24233766233766232,-0.13318732115342286,-0.00026414263702399294,-0.03160246533127889,-0.20829627999119524,-0.207046004842615,0.0873563724411182,0.23411622276029057,-0.2560906889720449,-0.11499229583975347,0.002689852520360995,-0.0513119084305525,0.07053929121725731,0.05018710103455866,0.06889500330178296,0.25126348228043144,0.18593000220118863,0.17021571648690292,0.2952608408540612,0.09519920757208893,0.15878934624697336,0.4243033237948492,-0.15936825885978428,-0.04058771736737839,-0.3054963680387409,-0.27960598723310587,-0.22484261501210653,-0.2187673343605547,-0.2557032797710764,-0.004957076821483601,-0.162590799031477,-0.17699317631521022,-0.21476777459828308,-0.11566585956416466,-0.1285097952894563,0.08224961479198767,-0.2649306625577812,-0.30708342504952674,0.032714065595421525,-0.05891041162227603,0.021144618093770638,-0.049086506713625355,-0.05040281752146159,0.07515298261060972,0.30327316751045563,0.3224036979969183,0.2577349768875193,0.07539951573849879,0.19233105877173673,-0.08194585075941008,0.11610829848117983,-0.3437838432753687,0.024047985912392694,0.023799251595861767,0.0125511776359234,-0.052533568126788464,-0.1185362095531587,-0.021093990755007706,0.1723002421307506,-0.15010785824345146,-0.09571208452564385,0.0007924279110719789,0.027765793528505393,-0.030449042482940787,-0.21410741800572308,-0.15419546555139776,0.0726040061633282,-0.026084085406119305,0.07639885538190623,-0.14250275148580233,-0.19626678406339423,-0.29090688972044904,-0.17916574950473255,0.06975786924939467,-0.06984591679506934,-0.10324675324675325,-0.09299141536429673,-0.1175280651551838,-0.23138895003301782,-0.23043363416244772,-0.21931763152102135,-0.1687145058331499,-0.017756988773937925,-0.10523222540171692,-0.08237508254457407,0.08746643187321153,0.02768434954875633,-0.20502531366938145,-0.13817521461589258
#51,0.5336407660136474,0.6202553378824566,0.5603169711644288,0.5937464230684569,-0.03400836451683909,-0.09578692493946732,0.6350781421967863,0.4475941008144398,0.4557825225621836,1.0,0.46016068677085625,-0.3188575830948712,0.31829187761391153,0.2944948272066916,-0.08690953114681928,0.3140017609509135,0.5601760950913494,0.46635042923178516,0.09565045124367158,-0.11575390710983931,-0.1426040061633282,0.020081443979749064,0.25374202069117324,0.06611930442438917,0.14658155403918116,0.08868148800352191,0.23604886638784944,0.20885758309487124,0.32564384767774596,0.1660576711424169,0.06034998899405679,-0.2756812678846577,0.13473475676865507,-0.0938234646709223,-0.1465727492846137,-0.18745102355271848,-0.19666740039621394,-0.06398195025313669,0.23665199207572088,-0.1389456306405459,0.16664098613251155,0.13330618534008365,-0.1496566145718688,0.1855381906229364,0.013935725291657495,-0.06394453004622497,-0.027690953114681928,-0.13821703720008804,-0.14129650011005943,-0.08079462909971384,-0.2176865507373982,-0.03200528285274048,0.17430772617213294,0.09040501871010345,0.004001760950913493,-0.11624697336561743,-0.29269865727492844,-0.28098613251155624,-0.14756988773937926,-0.3081928241250275,-0.40907990314769976,-0.3613647369579573,-0.3757825225621836,-0.11966101694915254,0.35755668060752804,0.35554699537750384,0.17425489764472815,0.3868743121285494,0.10494827206691613,0.02513317191283293,0.5182126348228043,0.3411248073959938,0.1507175874972485,-0.23186880915694474,-0.38176095091349327,-0.2756900726392252,-0.38361435174994496,0.058399735857362974,0.08034998899405679,-0.08415584415584415,0.08227602905569008,-0.2862953995157385,-0.1466960158485582,-0.1862161567246313,-0.38391811578252255,-0.4379528945630641,-0.4011468192824125,0.1523662777900066,0.19500110059432094,-0.2107197886858904,-0.3668280871670702,-0.39762931983270966,-0.2723068456966762,-0.16089368258859785,-0.02029275808936826,0.4840611930442439,0.06924279110719789,0.4046467092229804,0.3842372881355932,-0.034723750825445744,-0.11603786044464011,0.31012546775258637,-0.1495443539511336,0.06392471934844816,0.11874972485141977,0.14554039181157824,0.11899185560202509,-0.41331278890600925,-0.3369161347127449,-0.24098173013427251,-0.07200748404138235
#52,0.4171274488223641,0.3983865287255118,0.28469733656174334,0.10771516618974246,-0.08045564604886639,-0.0864142637023993,0.2818379925159586,0.47016508914814,0.4279110719788686,0.46016068677085625,1.0,-0.11201628879594981,0.03350429231785164,0.06119524543253357,-0.02223860884877834,0.06315430332379485,0.27588597842835133,0.17215276249174555,0.16198767334360556,-0.034673123486682805,-0.04847017389390271,0.2597776799471715,0.21942328857583096,0.13934404578472376,0.34785824345146377,0.2678582434514638,0.16328637464230686,0.08678406339423289,0.21030156284393572,0.1327096632181378,-0.10659696235967422,-0.12845256438476776,-0.043323794849218576,-0.16804754567466432,-0.015245432533568127,0.003948932423508695,-0.08287255117763592,-0.04928901606867708,0.14184679727052607,-0.03894783182918776,0.24722650231124807,0.045564604886638785,-0.1489522342064715,0.12225401716927141,0.024758969843715607,-0.027950693374422186,-0.040279550957517056,-0.11667620515078142,-0.11142637023992956,-0.06743341404358354,-0.10272507153863086,-0.014910851860004402,0.01613251155624037,-0.06403918115782523,-0.09424609289016068,-0.1364935064935065,-0.1755888179616993,-0.13635042923178517,-0.1797578692493947,-0.22470834250495267,-0.06616552938586837,-0.0922342064714946,-0.11556680607528065,-0.10357252916574951,0.23950913493286374,0.1525775918996258,0.13626458287475238,0.15480299361655295,0.13496588157605108,-0.09868589038080564,0.23275368699097512,0.06589038080563504,-0.195214615892582,-0.3184503631961259,-0.20637023992956197,-0.29988773937926483,-0.23619194364957077,-0.25393132291437376,0.03486022452124147,0.07000880475456747,-0.07597622716266784,-0.06531146819282413,-0.20638344706141315,-0.2561765353290777,-0.13198987453224742,-0.16743341404358353,-0.2840171692714066,0.053493286374642304,0.1421175434734757,0.02419986792868149,-0.03371560642747083,-0.2419920757208893,-0.125016508914814,-0.2456966762051508,-0.19304864626898524,0.3183711204050187,0.11799251595861765,0.13929341844596083,0.1507175874972485,-0.015694475016508915,-0.14690512876953554,0.10352410301562844,-0.23049086506713626,0.05296059872331059,0.05547875852960599,0.0162755888179617,-0.15027514858023333,-0.05070217917675545,-0.10288355712084525,-0.21459167950693375,-0.18889720449042482
#53,-0.3409222980409421,-0.16329958177415804,-0.4001012546775259,-0.4013713405238829,0.31302223200528284,0.11952234206471495,-0.11399295619634603,-0.19458287475236627,0.011109399075500771,-0.3188575830948712,-0.11201628879594981,1.0,0.24988994056790667,0.2766762051507814,-0.1490490865067136,-0.36519040281752146,-0.44411182038300684,-0.4164406779661017,-0.11089148139995597,0.2810301562843936,0.256814880035219,-0.07301782962799912,-0.1310081443979749,0.06152542372881356,-0.13922077922077922,-0.1300198106977768,-0.2780827646929342,-0.29571208452564385,-0.04850319172353071,0.14095311468192825,-0.16222320052828526,0.05540611930442439,-0.13123486682808716,0.04024213075060533,0.2507197886858904,0.24482280431432973,0.3658661677305745,0.22301342725071538,0.257871450583315,0.41218578032137354,0.07451683909311028,-0.20715606427470834,0.4156482500550297,0.11187761391151221,0.15167730574510235,0.27891921637684347,-0.09056790666960159,0.0577129650011006,0.04865947611710324,0.0018203830068236847,0.024785384107418006,0.09570327977107639,-0.12367598503191723,-0.09441778560422628,0.02605546995377504,0.08902487343165309,0.22159586176535329,0.305824345146379,-0.11273387629319832,0.23137354171252475,0.2871406559542153,0.26440017609509137,0.38701078582434517,-0.0701056570548096,-0.37648250055029714,-0.19039181157825225,0.1414175654853621,0.045863966541932644,-0.03341404358353511,-0.05349768875192604,-0.3168104776579353,-0.3374158045344486,-0.2379418886198547,0.013904908650671363,0.29654193264362755,0.14834030376403257,0.17040281752146158,-0.26957296940347786,0.02340083645168391,-0.03296500110059432,0.40654413383226945,0.14204930662557783,0.06257979308826767,0.3485956416464891,0.5322826326216157,0.3694276909531147,0.1084239489324235,-0.2854655513977548,0.05420206911732336,0.3993286374642307,0.3879683028835571,0.31251375742901166,0.2312987012987013,-0.26,-0.2677503852080123,-0.40572969403477877,-0.010898084965881577,-0.3996984371560643,-0.3971912832929782,-0.2341998679286815,-0.10666960158485582,-0.22779000660356594,-0.10690072639225182,-0.18834690732995818,-0.2183601144618094,-0.3406119304424389,-0.35797930882676643,0.4006339423288576,0.30658815760510677,-0.06145938806955756,-0.2939841514417786
#54,0.09904248294078803,0.16646268985252036,0.21555580013207132,0.2713141096191944,0.20165309267004183,0.297409200968523,0.3271516618974246,0.05589698437156064,0.19875852960598722,0.31829187761391153,0.03350429231785164,0.24988994056790667,1.0,0.41824345146379044,-0.19608188421747744,0.0036803874092009685,0.16933744221879815,0.12623156504512437,-0.048379925159586175,0.008080563504292319,-0.159471714725952,-0.010354391371340524,0.04662998018930222,0.195478758529606,-0.2067312348668281,0.08759850319172353,-0.04705921197446621,0.04761831388950033,0.2959189962579793,0.24537090028615452,0.3004446401056571,-0.13621175434734756,0.05826326216156725,-0.06522562183579132,0.1688069557561083,-0.0462755888179617,0.15335681267884657,0.02927801012546775,0.2172969403477878,0.07587937486242571,0.22608628659476118,-0.10373321593660577,0.1562887959498129,0.024118423948932422,0.10672243011226062,0.16521021351529827,0.008837772397094431,0.023812458727712964,-0.11453444860224521,0.03818622055910192,-0.2603565925599824,0.08926700418225841,0.015436935945410521,0.19412502751485802,-0.14541052168170812,0.0175214615892582,-0.20832709663218138,0.01642967202289236,-0.03210213515298261,0.11624036979969184,-0.17394012766894124,-0.10026634382566586,0.07076161127008584,-0.14068897204490424,0.02737178076161127,0.1779308826766454,0.1235923398635263,0.24067136253576932,-0.06468192824125027,-0.0176139115122166,0.08372661237068017,-0.02745762711864407,-0.05528725511776359,0.004314329738058551,-0.142557781201849,-0.15607528065155185,-0.16640986132511557,-0.10528945630640546,0.23727933083865288,0.07343825665859564,0.5490512876953555,-0.16440898084965883,-0.22805414924058992,-0.043702399295619636,-0.037004182258419546,-0.018080563504292317,-0.10231785163988553,-0.19919216376843496,-0.028102575390710986,-0.18176975566806075,0.06332599603786045,0.06485582214395774,0.13393792648029937,-0.14526084085406119,-0.04803213735417125,0.038382126348228046,0.1899075500770416,0.11545894783182918,0.08158045344486023,-0.10555800132071319,-0.12305745102355271,0.21307946290997137,0.09498128989654413,0.057043803653973144,-0.21564384767774597,-0.1979176755447942,-0.13346907329958177,-0.1852278230244332,-0.102623816861105,-0.11482280431432974,-0.08556020250935505
#58,-0.004578472375082545,0.2083050847457627,-0.00836451683909311,0.009132731675104557,0.24797930882676644,-0.10506053268765134,0.38527845036319613,0.03610169491525424,0.41898084965881577,0.2944948272066916,0.06119524543253357,0.2766762051507814,0.41824345146379044,1.0,-0.18929782082324456,0.031437376183138896,0.04462469733656174,0.051688311688311686,-0.13677525863966541,0.057655734096412066,-0.1525841954655514,-0.18553598943429453,-0.2849636803874092,-0.22571208452564384,-0.20977767994717147,-0.25130970724191065,-0.2108122386088488,-0.24803653973145498,0.14532027294739158,0.16839313229143738,0.0649240589918556,-0.0929407880255338,0.021069777679947173,0.09523002421307505,0.059082104336341625,0.14756548536209554,0.23015408320493067,0.2391767554479419,0.22375522782302443,-0.0005833149900946512,0.16154083204930664,0.03168170812238609,0.01944970283953335,0.1395575610829848,-0.18652212194585077,-0.10327096632181378,-0.14393132291437377,0.020200308166409862,-0.18906669601584855,-0.03907770195905789,-0.12959938366718027,0.04246973365617433,0.03762711864406779,-0.20715386308606648,-0.12857803213735416,-0.22078142196786266,-0.1662887959498129,-0.06602245212414704,0.033713405238828965,-0.1016156724631301,0.10770195905789126,0.22799911952454324,0.23479859123926922,-0.0010301562843935724,0.026671802773497687,0.15128109178956636,0.4220691173233546,0.506172132951794,0.15054369359454106,0.26025974025974025,0.15708122386088488,-0.0008716707021791767,0.1442791107197887,-0.02032577591899626,0.1841734536649791,0.17050187101034558,0.14324235086946951,0.10621175434734757,-0.00017829627999119526,-0.08774378164208672,0.3688245652652432,-0.22948492185780323,-0.053808056350429234,0.19035219018269867,0.10533127889060093,0.2669931763152102,0.05671802773497689,-0.2756878714505833,0.002678846577151662,-0.05776139115122166,-0.061327316751045566,0.1893528505392912,-0.11462909971384548,-0.06062513757429012,-0.021624477217697557,0.0323992956196346,-0.21113141096191942,0.054785384107418005,-0.12679066696015848,-0.17241030156284393,-0.20994276909531145,-0.061844596081884216,-0.008705701078582434,-0.10569667620515077,-0.11657935285053929,-0.16302223200528285,-0.04331499009465111,0.18385208012326656,0.04144618093770636,-0.07001100594320933,0.01650231124807396
#101,-0.13851639885538192,-0.11930222320052829,-0.10049306625577813,0.005212414703940128,-0.3297820823244552,-0.2744574069997799,-0.09548095971824785,-0.04768655073739819,0.021591459388069556,-0.08690953114681928,-0.02223860884877834,-0.1490490865067136,-0.19608188421747744,-0.18929782082324456,1.0,0.4638410741800572,0.014765573409641207,-0.17366057671142418,0.366601364736958,0.15194144838212634,0.3946070878274268,0.353515298261061,-0.08771956856702619,-0.25357032797710766,0.24640325775918998,-0.24969843715606427,-0.09839093110279551,-0.26524983491085186,-0.05629760070438036,-0.0036737838432753687,-0.2621571648690293,0.35309487123046446,-0.04486022452124147,0.2443759630200308,0.1350363196125908,0.044415584415584415,0.21859344045784723,0.28758969843715604,-0.032626018049746866,-0.09122165969623597,0.005430332379484922,0.20567246313009024,0.2838234646709223,0.33789566365837553,-0.14685890380805636,-0.21085186000440237,-0.04978428351309707,-0.06210213515298261,-0.2782786704820603,-0.35693814659916356,-0.17452564384767774,-0.3810345586616773,-0.2603940127668941,-0.25093990755007706,0.03615232225401717,0.120099053488884,-0.15121065375302664,-0.03697996918335902,-0.3210477657935285,-0.3192339863526304,-0.03317631521021352,-0.20666740039621395,-0.050107858243451465,0.0068765133171912836,-0.0928153202729474,-0.170264142637024,-0.15298261060972926,-0.2543649570768215,0.5372859344045785,0.15518820162887959,0.021923838872991416,0.02237508254457407,0.24136033458067357,0.04057010785824345,-0.0650297160466652,-0.22694695135373102,-0.04227823024433194,-0.08609729253797051,0.1427690953114682,0.06320493066255778,-0.08878934624697336,-0.16632181377944089,-0.03791107197886859,-0.12070217917675545,-0.09709002861545235,-0.10106977767994717,-0.08205150781421967,0.1983116883116883,-0.37296500110059433,-0.31473695795729695,-0.18574290116662998,-0.3091833590138675,-0.3103896103896104,-0.07400176095091349,-0.23748624257098833,-0.019322033898305085,-0.30654193264362756,-0.06269425489764473,-0.20658155403918116,-0.035527184679727056,-0.09436055469953775,-0.2889192163768435,-0.11314109619194365,-0.10690292758089369,-0.04818842174774378,0.05533348007924279,0.10339203169711644,-0.05569007263922518,-0.17953114681928242,-0.02165529385868369,-0.09355051727933084
#102,0.20946290997138456,0.35279110719788687,0.22648910411622275,0.31167510455646047,-0.16058331499009465,-0.3397842835130971,0.1354325335681268,0.23782522562183578,0.21011005943209332,0.3140017609509135,0.06315430332379485,-0.36519040281752146,0.0036803874092009685,0.031437376183138896,0.4638410741800572,1.0,0.16886858903808055,0.22002201188641868,0.09201628879594981,0.2444640105657055,0.09139995597622716,0.34967422408100374,0.14120184899845917,0.06855161787365177,0.23532907770195904,0.12310807836231565,0.09124807395993836,0.08291437376183139,-0.19059652212194586,-0.15568787145058333,-0.09670702179176756,-0.05347787805414924,0.11640986132511556,-0.10018269865727493,-0.4201915034118424,-0.23654853620955316,-0.3119436495707682,0.08264142637023993,0.010132071318511996,-0.011168831168831168,-0.2575038520801233,0.1397490644948272,0.01287475236627779,0.2801716927140656,-0.05700198106977768,-0.03685890380805635,0.007131851199647809,-0.01679506933744222,-0.31257539071098395,-0.1929077701959058,-0.253251155624037,-0.3251904028175215,-0.1429253797050407,-0.11529165749504733,-0.12794408980849659,-0.20629319832709664,-0.20418886198547215,0.08572088928021132,-0.254719348448162,-0.35491085186000443,-0.2781443979749065,-0.3065793528505393,-0.3474444199867929,-0.0949438696896324,0.25529605987233106,0.1719898745322474,-0.014039181157825226,0.13739379264802995,0.3706405458947832,0.2012987012987013,0.19255558001320713,0.0947787805414924,0.2538806955756108,-0.0911996478098173,-0.3772793308386529,-0.2591305304864627,-0.227673343605547,-0.026044464010565704,-0.018771736737838433,0.0336451683909311,-0.14810257539071098,-0.4286880915694475,-0.11140215716486902,-0.17970724191063175,-0.3209289016068677,-0.21298701298701297,-0.23008364516839094,0.007565485362095532,-0.0498877393792648,-0.5450011005943209,-0.35794849218578034,-0.32261941448382125,-0.23889500330178295,-0.027120845256438476,-0.026832489544353952,0.24303103675985033,-0.002795509575170592,0.1635130970724191,0.2558815760510676,0.02552938586836892,-0.14814219678626458,-0.12447061413163107,-0.3202575390710984,-0.033909311027955094,0.03352410301562844,0.28337442218798153,0.20946290997138456,-0.3874025974025974,-0.2525687871450583,0.045179396874312126,0.027360774818401937
#201,0.4728175214615893,0.1959652212194585,0.7609134932863746,0.7048360114461809,-0.31554259300022014,0.0799207572088928,0.2527118644067797,0.17915474356152322,-0.0650561303103676,0.5601760950913494,0.27588597842835133,-0.44411182038300684,0.16933744221879815,0.04462469733656174,0.014765573409641207,0.16886858903808055,1.0,0.6195113361215057,0.04475016508914814,-0.5405414924058992,-0.3863328197226502,-0.25969403477878056,0.4029605987233106,0.09379484921857803,0.2577790006603566,0.0925841954655514,0.4973365617433414,0.4615694475016509,0.25458727712965,-0.1450363196125908,0.3340721989874532,-0.08063174114021572,0.32743341404358356,-0.13421747743781642,-0.31563724411182037,-0.5133127889060093,-0.28521021351529824,-0.4649966982170372,-0.0013053048646268985,-0.5007880255337882,-0.06156724631300903,-0.08869249394673123,-0.40904688531807176,-0.21935725291657496,-0.038256658595641646,-0.21775258639665418,0.4554897644728153,0.16155403918115782,0.034028175214615895,-0.01236847897864847,-0.06321153422848338,-0.05668500990534889,0.24398415144177857,0.04565705480959718,0.0031410961919436497,-0.29619194364957074,-0.37572749284613693,-0.5837486242570988,0.2329914153642967,-0.16017609509134934,-0.3817059211974466,-0.24296279991195247,-0.4668214836011446,-0.08244111820383007,0.5912788906009245,0.38781421967862645,-0.12059211974466212,0.18921857803213735,-0.03165969623596742,-0.06461589258199428,0.5295707682148361,0.3763020030816641,0.1796654193264363,0.09144177856042263,-0.4699075500770416,-0.36287695355491967,-0.41731454985692273,0.23792868148800353,0.25862865947611713,-0.17016729033678185,-0.08260620735197007,-0.14163548316090688,-0.031386748844375964,-0.3627867048206031,-0.6897886858903808,-0.3963900506273388,-0.23049086506713626,0.2774620294959278,-0.08543913713405239,-0.3898943429451904,-0.5312084525643848,-0.36983711204050185,-0.17866387849438697,0.17987012987012987,0.22363636363636363,0.6911996478098174,-0.08430992736077482,0.7459344045784724,0.6741162227602906,0.22410301562843934,0.3069007263922518,0.627327756988774,0.1651419766674004,0.4120030816640986,0.4115144177856042,0.4519502531366938,0.4345410521681708,-0.4984063394232886,-0.487079022672243,0.00362095531587057,0.22997358573629761
