,#10,#11,#12,#13,#17,#18,#26,#49,#50,#51,#52,#53,#54,#58,#101,#102,#201,#202,#301,#302,#401,#402,#501,#502,#601,#602,#701,#702,#801,#802,#901,#902,#1001,#1002,#1101,#1102,#1201,#1202,#1301,#1302,#1401,#1402,#1501,#1502,#1601,#1602,#1701,#1702,#1801,#1802,#1901,#1902,#2001,#2002,#2101,#2102,#2201,#2202,#2301,#2302,#2401,#2402,#2501,#2502,#2601,#2602,#2701,#2702,#2801,#2802,#2901,#2902,#3001,#3002,#3101,#3102,#3201,#3202,#3301,#3302,#3401,#3402,#3455,#3501,#3502,#3601,#3602,#3701,#3702,#3801,#3802,#3901,#3902,#4001,#4002,#4101,#4102,#4201,#4202,#4301,#4302,#4401,#4402,#4501,#4502,#4601,#4602,#4701,#4702,#4801,#4802
#10,1.0,0.34493946731234865,0.338366718027735,0.40325996037860445,0.047723970944309926,-0.20622716266784064,0.3210851860004402,0.36646489104116226,0.06710323574730355,0.5412568787145058,0.2747787805414924,-0.23125687871450584,-0.008223640766013647,0.23725291657495048,-0.09192604006163328,0.24673783843275368,0.2551243671582655,0.05950693374422188,-0.06575610829848118,0.21205370900286155,-0.03412722870349989,0.07877613911512217,0.04994497028395334,-0.02218137794408981,0.1365133171912833,0.07773717807616112,0.45735857362976007,0.3318445960818842,-0.1661765353290777,-0.22022011886418666,-0.04852520360994937,-0.15376843495487563,0.10439137134052388,0.0072793308386528725,-0.037079022672243014,0.09904688531807176,-0.24355712084525644,-0.03453224741360335,0.12176975566806075,0.0024301122606207354,-0.2488333700198107,-0.07109178956636583,-0.2178912612810918,0.0636979969183359,-0.1258793748624257,0.20165749504732555,0.2670548095971825,0.20270085846357033,0.04942108738718908,0.34035219018269863,0.315115562403698,0.344620294959278,0.07463790446841294,0.17377503852080123,-0.03965441338322694,0.005648250055029716,-0.14330838652872552,0.06219898745322474,-0.21469733656174333,-0.026986572749284614,-0.3448316090688972,-0.2351749944970284,-0.19539291217257318,-0.06567466431873212,0.3946995377503852,0.20319172353070658,-0.07786704820603126,0.11336341624477218,-0.08136033458067356,0.11093990755007704,0.06394453004622497,0.22805635042923178,0.22966541932643628,0.0722209993396434,0.044904248294078804,0.2365991635483161,-0.055254237288135596,0.08124807395993837,-0.1587409200968523,-0.0312854941668501,-0.02034998899405679,0.004186660796830288,-0.19206691613471275,-0.09410741800572309,-0.3214747963900506,-0.40248734316530926,-0.35357473035439135,-0.05025533788245653,-0.06934624697336561,0.03261281091789566,-0.07672903367818622,-0.2485890380805635,-0.12788025533788247,-0.3139665419326436,-0.2590116662998019,0.09121505613031036,0.08554039181157826,0.2380343385428131,0.3400858463570328,0.11930882676645388,0.2669997798811358,0.34291877613911514,-0.009060092449922959,0.044615892581994276,0.05154083204930662,0.052392692053709,0.02841734536649791,-0.1662491745542593,0.022168170812238607,-0.39945410521681707,-0.2473827867048206
#11,0.34493946731234865,1.0,0.2990556900726392,0.1047589698437156,0.18701738939027074,0.2587475236627779,0.41301562843935724,0.2949086506713625,0.0261237068016729,0.38471054369359453,0.3622077922077922,-0.1597820823244552,0.0600396213955536,0.19144838212634824,-0.23467532467532468,-0.23006603565925599,0.3623134492626018,0.15168831168831168,-0.22834030376403258,-0.14168390931102795,-0.2828351309707242,-0.23046885318071758,0.02675544794188862,-0.013552718467972706,0.18530486462689852,0.18882236407660136,0.05155183799251596,-0.03694915254237288,0.19028175214615892,-0.13596081884217479,0.28169051287695357,0.18184239489324236,0.34547875852960597,-0.002674444199867929,0.09761171032357473,0.2579969183359014,0.07208892802113141,-0.033396434074400176,0.24770856262381685,0.10391151221659696,-0.1366519920757209,-0.1082984811798371,-0.12263262161567247,-0.13395333480079244,-0.18295399515738497,0.06683248954435395,0.025326876513317192,-0.025188201628879595,-0.06702839533348008,-0.24862425709883337,-0.04508034338542813,-0.15588817961699317,-0.054268104776579354,-0.12264802993616553,-0.10995597622716267,-0.24588157605106759,0.015668060752806516,-0.11530706581554039,-0.0325379705040722,0.22920757208892803,0.01580673563724411,0.15701298701298702,0.16682368478978649,0.1298811358133392,0.2560246533127889,-0.06320052828527405,-0.1128285274047986,0.009289016068677085,-0.07662998018930223,-0.0006845696676205151,-0.03815540391811578,0.052694254897644725,-0.10217037200088047,0.04009024873431653,-0.05587717367378384,0.1564340744001761,-0.0187277129650011,0.1914902047105437,0.17587497248514197,0.12416464891041162,-0.15942108738718908,-0.005599823904908651,0.22964120625137574,0.024532247413603346,0.1780629539951574,0.058908210433634166,0.09659035879374862,0.022641426370239928,-0.1871186440677966,-0.275775918996258,-0.11948712304644508,0.007281532027294739,0.0326370239929562,0.0439423288575831,0.004378164208672684,0.38858683689192164,-0.09459828307285935,0.1532225401716927,0.267277129650011,0.058399735857362974,0.0813185119964781,0.30503852080123267,0.3511798371120405,0.09462029495927801,0.24043803653973145,0.22303543913713406,0.09950033017829628,0.07907550077041603,0.17897424609289017,-0.014384767774598283,0.01940347787805415
#12,0.338366718027735,0.2990556900726392,1.0,0.35029495927801013,0.18838212634822804,0.2113977547875853,0.10277790006603565,-0.06299581774158046,-0.03467532467532468,0.3059255998239049,0.09338542813119084,0.061448382126348226,0.08298921417565486,0.09176975566806075,-0.38402597402597405,-0.11755227823024433,0.6291525423728813,0.6917565485362096,-0.19789346246973366,-0.13424389170151882,-0.25104556460488664,0.03607307946290997,0.0727426810477658,-0.024292317851639884,0.20110279550957516,0.26831609068897205,0.1927492846136914,0.024695135373101473,0.23772176975566806,-0.09965441338322695,0.5204072198987453,0.3556944750165089,0.5096962359674224,0.3178538410741801,0.1393088267664539,0.10951353731014749,-0.08564604886638785,0.19083425049526745,0.24531366938146598,0.4007792207792208,-0.16371560642747082,0.03072639225181598,-0.2595883777239709,-0.18193484481620076,0.0650693374422188,0.11426150121065376,-0.1089654413383227,-0.06214836011446181,-0.12774158045344486,0.02317411402157165,0.19570548095971824,0.3880673563724411,0.33732775698877393,0.44233766233766236,-0.17553819062293638,0.05578032137354171,-0.03391371340523883,-0.22478978648470174,0.11666079683028835,0.19136693814659916,-0.2726304204270306,-0.13296940347787806,-0.2930552498349108,-0.06685230024213075,0.22471494607087827,0.20375522782302444,-0.27235527184679725,-0.1725181598062954,-0.21103896103896103,-0.17051948051948052,-0.184686330618534,0.002863746423068457,-0.2829033678186221,-0.1120889280211314,-0.386715826546335,-0.12745982830728594,-0.36496808276469295,-0.15446621175434735,0.04799471714725952,0.1449966982170372,-0.011016949152542373,-0.16770856262381686,-0.0299471714725952,0.08230244331939247,0.012632621615672463,-0.14590578912612812,-0.029509134932863747,0.09036759850319172,-0.013858683689192164,-0.03911732335461149,-0.23683028835571207,0.09023332599603787,0.009738058551617874,-0.1349108518600044,-0.06377503852080123,0.6116530926700419,0.33918556020250934,0.4388267664538851,0.4235439137134052,0.10666960158485582,0.512425709883337,0.5656592559982391,0.39627999119524543,0.2890446841294299,0.2626876513317191,0.1518269865727493,0.1377591899625798,-0.3530970724191063,-0.02291217257318952,-0.21514637904468412,-0.13038520801232667
#13,0.40325996037860445,0.1047589698437156,0.35029495927801013,1.0,-0.000336781862205591,0.1027030596522122,0.03110279550957517,0.17173453664979088,0.1779308826766454,0.45088047545674664,0.12745762711864406,-0.18950913493286375,0.0937574290116663,0.3312326656394453,0.12398415144177856,0.14342284833810257,0.34907550077041605,0.09092890160686772,0.03308386528725512,0.19967202289236188,0.20234866828087167,0.042663438256658595,-0.2209949372661237,0.07892361875412723,0.08378164208672684,0.023697996918335903,0.34729914153642966,-0.001314109619194365,-0.17693374422187982,-0.286847897864847,0.10753246753246753,0.019815100154083203,0.15040501871010345,0.11569007263922518,0.01918115782522562,0.1687739379264803,-0.18438036539731456,-0.02852520360994937,-0.03791987673343605,-0.17472375082544575,-0.19500110059432094,-0.10926040061633283,-0.22248073959938366,0.1852542372881356,0.05216596962359674,0.14716927140655955,0.23128769535549196,0.04927140655954215,0.0885824345146379,-0.027413603345806736,0.08607087827426811,0.10998459167950693,0.09639885538190623,0.040900286154523444,-0.042617213295179396,0.004637904468412943,-0.012357473035439137,-0.015212414703940127,0.21079462909971383,0.20899625797930882,-0.4358353510895884,-0.44951573849878934,-0.17320052828527405,-0.15536649790887078,0.14809597182478537,-0.014023772837332159,-0.21712304644508035,-0.08833590138674885,-0.12455425930002201,-0.14043363416244772,-0.21231344926260182,-0.12823024433193925,-0.037809817301342724,-0.16991855602025094,-0.20897204490424828,0.06082104336341625,-0.36106317411402156,-0.3336121505613031,-0.30481620074840415,-0.16165969623596743,-0.14071538630860664,-0.1467312348668281,-0.07695575610829848,0.03913053048646269,-0.014862425709883336,-0.25726832489544355,-0.3774840413823465,-0.1581465991635483,-0.13474576271186442,0.1340413823464671,-0.06836451683909311,0.07340523882896764,0.25680827646929344,-0.1992692053709003,-0.08719788685890381,0.03453664979088708,-0.03468192824125028,0.188267664538851,0.08233105877173674,-0.018600044023772837,0.036654193264362755,0.31305965221219456,0.03168831168831169,0.08204270305965221,0.1302179176755448,0.16416024653312788,-0.040504072198987454,-0.39669161347127446,-0.2387673343605547,-0.28808496588157606,-0.03414703940127669
#17,0.047723970944309926,0.18701738939027074,0.18838212634822804,-0.000336781862205591,1.0,0.3416354831609069,0.1976469293418446,-0.07833149900946511,0.0062293638564825,0.23362315650451243,0.016583755227823023,0.09902047105436936,0.12860444640105656,0.06607968302883557,-0.22149460708782742,-0.14748404138234647,0.16171692714065594,0.18900726392251815,-0.05021571648690293,-0.3307550077041602,-0.31772837332159365,-0.10151661897424609,0.11823024433193925,0.030827646929341843,0.03472595201408761,0.18883777239709443,0.01073959938366718,0.01642967202289236,0.3939533348007924,-0.1342659035879375,0.24112480739599385,0.03589258199427691,0.16788025533788245,-0.05307726172132952,-0.03490644948272067,0.07060752806515519,0.09059211974466212,0.19013427250715387,0.4104688531807176,0.3085890380805635,0.20189522342064714,0.13965661457186881,0.22298481179837112,0.0376337222099934,0.1916024653312789,0.4334932863746423,0.024780981730134273,-0.09524103015628439,-0.10805635042923178,-0.14378164208672684,-0.12415804534448602,-0.011210653753026635,-0.04346467092229804,0.010380805635042923,-0.2935064935064935,-0.02316090688972045,-0.14612370680167291,-0.3463394232885758,0.08210653753026634,0.14040061633281972,0.003352410301562844,0.020391811578252258,-0.037429011666299805,0.01476997578692494,-0.04000220118864187,0.13004842615012108,-0.14475676865507375,0.10091349328637464,-0.09767994717147259,-0.14797710763812458,-0.10689412282632621,0.05213515298261061,-0.21564604886638786,-0.15099933964340745,-0.1630244331939247,-0.08679506933744222,-0.1864406779661017,-0.04060972925379705,0.21169491525423728,0.09397314549856922,-0.157277129650011,0.35507153863086066,0.23855381906229364,-0.005513977547875853,0.17699317631521022,-0.019788685890380804,0.029509134932863747,0.239966982170372,0.001347127448822364,0.13201628879594982,0.26254897644728153,0.0388465771516619,0.13767554479418886,0.04807395993836672,0.032075720889280214,0.16933083865287255,0.002009685230024213,-0.01691833590138675,-0.08398195025313669,-0.006332819722650231,0.02064054589478318,0.12343825665859565,0.18423728813559323,0.06961479198767334,-0.0261963460268545,0.18401716927140657,-0.1617609509134933,-0.0009222980409421088,-0.08196125907990315,0.0462161567246313,0.020462249614791986
#18,-0.20622716266784064,0.2587475236627779,0.2113977547875853,0.1027030596522122,0.3416354831609069,1.0,0.10897424609289016,0.04643407440017609,0.06336561743341404,0.18425269645608627,0.13241030156284395,0.4000132071318512,0.4597974906449483,0.12213515298261061,-0.38074840413823463,-0.5484041382346467,0.3099053488883997,0.3483645168390931,-0.36979749064494827,-0.5574202069117323,-0.4871802773497689,-0.6267312348668281,-0.034954875632841734,-0.009997798811358134,0.11309927360774819,0.031054369359454104,0.07107638124587277,-0.008010125467752587,0.618069557561083,0.17273387629319834,0.5566651992075721,0.4295509575170592,0.22376623376623378,0.1434206471494607,-0.010035219018269866,0.1308694695135373,0.08840854061193044,-0.09992956196346027,-0.002667840633942329,0.010035219018269866,0.033046445080343385,-0.061976667400396215,0.11243451463790446,-0.12106537530266344,0.0687079022672243,0.10154083204930663,-0.32363416244772175,-0.10993616552938587,-0.17064274708342506,-0.3391173233546115,-0.1254391371340524,-0.205049526744442,0.0401452784503632,-0.3285846357032798,-0.4020493066255778,-0.4747281532027295,0.30277790006603567,-0.3517081223860885,0.23473475676865507,0.259735857362976,0.0638696896324015,0.0588663878494387,0.2626084085406119,0.34009024873431654,0.167442218798151,-0.08851199647809817,-0.08841954655513977,0.18188641866607969,-0.2902509355051728,-0.3046951353731015,-0.21720228923618753,-0.11563724411182039,-0.5452982610609729,-0.2673475676865507,-0.24515078142196786,-0.15106977767994717,-0.20854281311908432,-0.10391151221659696,0.09779000660356593,0.014298921417565485,0.0249702839533348,0.13260840854061193,0.5006977767994717,0.5531322914373762,0.6003433854281311,0.5367356372441118,0.2704666519920757,0.22205811138014528,-0.04028615452344266,0.22461149020471055,0.1704534448602245,0.5312326656394453,0.4066850099053489,0.32909971384547654,0.17031256878714507,0.4707704160246533,-0.38177635923398634,0.12778560422628218,0.04089588377723971,0.06827646929341845,-0.03953334800792428,0.2403830068236848,0.46833590138674885,0.004360554699537751,0.3634932863746423,0.3266916134712745,0.07590358793748624,-0.04090248734316531,-0.08850539291217258,0.09172573189522341,0.13802553378824564
#26,0.3210851860004402,0.41301562843935724,0.10277790006603565,0.03110279550957517,0.1976469293418446,0.10897424609289016,1.0,0.36382566585956416,0.3465199207572089,0.48944309927360774,0.5339599383667181,-0.1062623816861105,-0.16371340523882896,0.15314109619194366,-0.0771846797270526,-0.0287012987012987,0.07181377944089809,-0.07666960158485582,-0.21905348888399737,-0.09205370900286154,-0.09053268765133173,-0.18134052388289676,0.035265243231344924,-0.01798151001540832,-0.0011468192824125028,0.03894783182918776,0.07616773057451023,0.23143297380585517,0.14571868809156946,0.18652432313449263,0.05049086506713625,0.0005370900286154524,0.06726392251815981,-0.07621175434734757,0.3259850319172353,0.1350297160466652,0.05079903147699758,-0.16347127448822363,0.11741140215716486,-0.0849372661237068,0.15588377723970945,0.12700418225841956,0.2559762271626678,-0.08331719128329299,-0.12902047105436937,0.274488223640766,-0.17256218357913272,0.05307506053268765,-0.1967422408100374,-0.12317411402157165,-0.025095751705921196,-0.11871890821043364,-0.14779661016949153,-0.2136913933524103,-0.11303984151441779,-0.23636583755227822,-0.11634602685450143,-0.28581113801452784,-0.09937046004842615,-0.05028395333480079,-0.1422672243011226,-0.04391811578252256,0.2219128329297821,0.2372969403477878,0.09259960378604447,0.1420250935505173,0.043473475676865506,0.42809597182478537,0.04267224301122606,0.08150561303103676,0.16761611270085847,0.010693374422187981,-0.02300462249614792,0.05327096632181378,0.051160026414263704,0.13257318952234207,0.02811798371120405,0.12349768875192604,0.17858023332599604,0.064719348448162,-0.09244992295839753,0.3389742460928902,0.17060972925379705,-0.06848117983711204,0.025938806955756108,-0.15049526744442,-0.08929341844596082,0.16743121285494167,0.058914813999559765,-0.013614351749944971,0.19070217917675544,-0.10821263482280431,0.1358793748624257,-0.16409421087387188,-0.1240413823464671,0.24794849218578033,-0.25940127668941226,0.1039819502531367,0.14855161787365176,0.22080563504292317,0.04818842174774378,0.08623816861104996,0.3062843935725292,-0.09055469953775039,0.1618534008364517,0.14293858683689192,-0.0021967862645828748,0.038223640766013645,0.1858463570327977,-0.2211204050187101,-0.15273387629319832
#49,0.36646489104116226,0.2949086506713625,-0.06299581774158046,0.17173453664979088,-0.07833149900946511,0.04643407440017609,0.36382566585956416,1.0,0.44082104336341627,0.4186374642306846,0.5946379044684129,0.1516685009905349,0.054957076821483604,0.10253797050407219,-0.007673343605546995,0.02864406779661017,-0.11619194364957076,-0.35311468192824125,0.058511996478098176,-0.036711424169051286,-0.1087145058331499,-0.1810873871890821,0.14782522562183578,-0.1682544574069998,-0.15664538850979529,0.0054413383226942546,0.11169711644287915,0.03068236847897865,0.09134052388289676,0.11008144397974906,-0.2162821923838873,0.04632621615672463,-0.16554919656614572,0.21203830068236848,0.1288994056790667,0.22390050627338762,-0.021014747963900505,-0.16528285274047985,-0.26314549856922737,-0.13969843715606428,-0.050385208012326654,0.07208672683248954,0.12578032137354173,0.05110059432093331,-0.3535725291657495,-0.11453224741360335,-0.1261897424609289,0.11035439137134052,0.16211093990755007,-0.18125687871450583,-0.19947391591459387,-0.35308606647589696,-0.2466321813779441,-0.2658155403918116,-0.17559542152762492,-0.25929782082324454,-0.14829407880255338,-0.18941008144397975,-0.2720911292097733,-0.024047985912392694,-0.1961765353290777,-0.09939687431212856,0.23633942328857582,0.1792956196346027,0.24095971824785384,-0.10579132731675105,0.02562623816861105,0.17179176755447942,0.03613471274488224,0.08395113361215056,0.05343825665859564,0.0112062513757429,0.1915694475016509,0.16147919876733435,0.3390909090909091,0.33373321593660576,0.22434514637904468,0.13298261060972924,-0.038463570327977106,0.167574290116663,-0.11340303764032578,0.013284173453664979,0.23587057010785825,0.09563504292317852,-0.007576491305304865,-0.01703279771076381,-0.3380343385428131,-0.0376799471714726,-0.03589258199427691,-0.14915474356152322,0.054928461369139335,-0.2271846797270526,0.08939687431212855,-0.18527624917455426,-0.17834030376403257,-0.07015408320493066,-0.0628615452344266,-0.2418335901386749,0.03133612150561303,-0.06694254897644727,-0.053429451904028175,-0.21164428791547435,0.25722870349988997,-0.4092758089368259,0.14734096412062514,-0.1360312568787145,0.36863306185340083,-0.08345586616773057,0.17863306185340083,-0.16126128109178955,-0.1543715606427471
#50,0.06710323574730355,0.0261237068016729,-0.03467532467532468,0.1779308826766454,0.0062293638564825,0.06336561743341404,0.3465199207572089,0.44082104336341627,1.0,0.24385868368919217,0.4514880035219018,0.06528505392912172,-0.05403697996918336,-0.06962799911952454,0.19616552938586837,0.0511864406779661,0.041289896544133835,-0.1757340964120625,0.0018115782522562184,-0.10055910191503412,0.06738058551617873,-0.20113581333920316,0.11082544574069998,-0.2422738278670482,-0.11689632401496808,-0.010744001760950913,-0.06265903587937487,-0.1374818401937046,0.03647589698437156,0.06902927580893682,-0.005773717807616113,0.04582214395773718,0.00812458727712965,0.1686352630420427,0.006352630420427031,-0.012198987453224742,0.08320052828527405,-0.07650671362535769,-0.05412062513757429,-0.0670394012766894,0.05772837332159366,0.018003521901826986,0.17612810917895663,0.04171912832929782,-0.16433634162447722,0.03544574069997799,-0.2662007484041382,-0.1850033017829628,0.046293198327096635,-0.35465111160026414,-0.33652432313449265,-0.3113581333920317,0.04918115782522562,-0.17260840854061194,0.025800132071318514,-0.12783403037640326,-0.08957517059211974,-0.3406009244992296,-0.007745982830728594,-0.05205811138014528,-0.1898481179837112,-0.254521241470394,-0.08421087387189082,-0.15315210213515298,-0.06325335681267885,-0.044858023332599604,-0.1510873871890821,-0.13062733876293198,0.09203169711644288,-0.05681047765793529,0.11092449922958397,0.015505172793308387,0.16812238608848779,-0.01984591679506934,0.039372661237068014,0.03792207792207792,0.08915474356152323,0.06198547215496368,0.013178516398855382,-0.07039621395553598,-0.20948272066916135,0.029546555139775478,0.3073827867048206,0.04559101915034119,0.145214615892582,-0.10414263702399296,-0.21218798151001542,-0.14923838872991416,0.09073739819502531,-0.015091349328637465,0.040704380365397315,-0.06942769095311468,0.3370966321813779,-0.15217697556680607,-0.09701078582434515,0.0785428131190843,-0.18289016068677086,0.12255558001320713,0.032064714946070876,0.12911732335461149,-0.020151882016288796,-0.07323794849218578,0.11669601584855822,-0.2607109839313229,0.21768875192604006,-0.025976227162667842,0.23121065375302663,-0.2309222980409421,0.0811534228483381,-0.018252256218357913,0.05086506713625358
#51,0.5412568787145058,0.38471054369359453,0.3059255998239049,0.45088047545674664,0.23362315650451243,0.18425269645608627,0.48944309927360774,0.4186374642306846,0.24385868368919217,1.0,0.5166916134712745,-0.05460488663878495,0.05170372000880476,0.19667620515078144,-0.10100374202069118,0.0671912832929782,0.2893682588597843,0.085148580233326,-0.05026634382566586,-0.03595861765353291,-0.13771516618974247,-0.15530926700418227,0.04291217257318952,-0.07246973365617433,0.13334360554699537,-0.0017697556680607528,0.297706361435175,0.13209993396434075,0.11813119084305525,-0.12288795949812899,0.18414483821263483,-0.025034118423948933,0.09334580673563725,0.005423728813559322,0.05465331278890601,0.13591459388069557,-0.1445014307726172,-0.024734756768655074,-0.13987893462469733,0.021008144397974906,-0.09983270966321814,0.019324235086946952,-0.08292758089368259,0.05696015848558222,-0.10526524323134492,0.13092449922958396,0.08676645388509795,0.06634602685450143,-0.03050627338762932,-0.05267444419986793,-0.03169931763152102,-0.0676469293418446,-0.0814043583535109,-0.06951353731014748,-0.26723530706581555,-0.10710323574730354,-0.1574158045344486,-0.19209112920977328,-0.08069997798811358,0.24221879815100153,-0.23813559322033898,-0.17223860884877834,-0.03630640545894783,0.10913713405238828,0.29028615452344264,0.04096632181377944,-0.174686330618534,0.1416024653312789,-0.05381465991635483,-0.07008144397974907,-0.10102575390710984,-0.08716707021791767,-0.07210873871890822,-0.1266850099053489,-0.16700418225841954,0.06397754787585296,-0.17511116002641428,0.054745762711864404,0.057404798591239266,0.06098833370019811,-0.03279771076381246,0.02554699537750385,0.20613911512216598,0.06433854281311908,-0.02017609509134933,-0.24059652212194585,-0.18672683248954436,0.035326876513317194,0.014642306845696677,0.039801893022232006,0.012938586836891922,0.010750605326876514,0.05377503852080123,-0.12263262161567247,0.02074620294959278,0.22633061853400838,-0.03160026414263702,0.07027514858023333,0.20536869909751265,-0.006825885978428352,0.10259520140876073,0.2946158925819943,0.2222870349988994,-0.15008804754567467,0.1379749064494827,0.1008892802113141,0.04431653092670042,-0.22744662117543474,-0.08951573849878934,-0.20035439137134053,-0.09504732555580013
#52,0.2747787805414924,0.3622077922077922,0.09338542813119084,0.12745762711864406,0.016583755227823023,0.13241030156284395,0.5339599383667181,0.5946379044684129,0.4514880035219018,0.5166916134712745,1.0,-0.01930442438917015,0.02894783182918776,0.2687651331719128,0.08505392912172573,0.06445300462249615,0.09497908870790227,-0.14840633942328857,-0.05028395333480079,-0.10490204710543694,-0.010915694475016509,-0.20250055029716046,0.0776469293418446,-0.13123486682808716,-0.00787805414924059,-0.127541272287035,0.08968523002421308,-0.1355910191503412,0.17096632181377944,0.19915254237288135,-0.023563724411182038,-0.03381465991635483,-0.054439797490644946,0.18064935064935064,0.18438036539731456,0.023548316090688973,0.07042703059652212,-0.20497468633061852,-0.15296940347787805,-0.03898965441338323,0.09387189082104336,0.04758529605987233,0.21270526084085406,-0.07883557120845257,-0.2490512876953555,0.04981950253136694,-0.1715364296720229,-0.1697820823244552,0.03466431873211534,-0.29795949812898964,-0.28913273167510456,-0.38031256878714503,-0.04951353731014748,-0.20498569227382787,-0.1251023552718468,-0.19485362095531586,-0.07486902927580893,-0.30451243671582656,-0.02479418886198547,0.09674003962139556,-0.24558441558441557,-0.15076821483601144,0.023689192163768434,0.0488201628879595,0.14459167950693375,-0.034045784723750826,0.05937926480299362,0.024116222760290556,0.048908210433634164,0.10173673783843275,0.1150561303103676,0.10757649130530486,0.053015628439357254,-0.06044464010565705,-0.05830948712304645,0.1214769975786925,0.026682808716707022,0.19907550077041603,0.09409641206251376,0.007704160246533128,-0.1214703940127669,0.022995817741580455,0.2942130750605327,0.020684569667620514,-0.05255337882456527,-0.05225401716927141,-0.13196786264582874,-0.009553158705701078,0.036321813779440895,-0.14090468853180718,-0.0463614351749945,0.006715826546335021,0.22109178956636583,-0.10281311908430553,0.10174114021571648,0.12213295179396874,-0.06783182918776139,-0.002683248954435395,0.13617433414043584,-0.045971824785384106,-0.06612150561303104,-0.0672705260840854,0.3217213295179397,-0.36110499669821705,0.1787079022672243,-0.13724851419766673,0.2894783182918776,-0.2657671142416905,0.2787365177195686,-0.06987233105877173,0.062104336341624475
#53,-0.23125687871450584,-0.1597820823244552,0.061448382126348226,-0.18950913493286375,0.09902047105436936,0.4000132071318512,-0.1062623816861105,0.1516685009905349,0.06528505392912172,-0.05460488663878495,-0.01930442438917015,1.0,0.5242791107197887,-0.1138300682368479,-0.41234646709222983,-0.4292802113141096,-0.017272727272727273,0.08549196566145718,-0.13194805194805195,-0.3936319612590799,-0.5455183799251596,-0.3175698877393793,0.10220999339643408,-0.06455425930002201,-0.2308892802113141,-0.061047765793528504,-0.051481399955976226,0.015036319612590799,0.3556196346026855,0.3377129650011006,0.0612920977327757,0.2601342725071539,-0.12402157164869029,0.16513757429011666,0.01152542372881356,-0.0018798151001540831,-0.08499229583975347,0.03461149020471054,-0.1137838432753687,0.07530266343825666,0.19602905569007265,0.06286374642306845,0.0500594320933304,-0.17429892141756548,-0.03591019150341184,-0.06567466431873212,-0.16540391811578253,-0.03461149020471054,-0.05013427250715386,-0.2728153202729474,-0.08072639225181598,-0.2622187981510015,-0.08980629539951573,-0.30881135813339206,-0.4230464450803434,-0.3836209553158706,-0.08276469293418445,-0.35578252256218357,-0.12834250495267444,0.007728373321593661,0.1163548316090689,0.01780101254677526,0.1748646268985252,0.18935064935064935,0.18465551397754787,-0.04629099713845477,0.07154523442659036,0.1433237948492186,-0.30699757869249394,-0.28768875192604004,-0.17531146819282412,-0.16233105877173673,-0.20668721109399074,0.18761611270085846,0.04692493946731235,-0.039790887079022674,0.009881135813339203,-0.07038961038961039,-0.08359233986352631,0.20402597402597403,0.4244023772837332,0.188267664538851,0.07110279550957517,0.41836891921637687,0.25949592780101255,0.4635461149020471,0.12479418886198547,0.41412282632621616,0.2734558661677306,0.2913713405238829,0.08079903147699757,0.20116222760290556,0.018972044904248295,0.15162887959498128,0.12297820823244553,0.04303764032577592,-0.04272947391591459,0.07593660576711424,-0.03741800572309047,0.15992515958617654,0.02513317191283293,-0.01918115782522562,0.14441778560422627,-0.09655734096412062,0.0634338542813119,-0.11167510455646049,0.13221659696235968,0.016084085406119303,-0.017591899625797932,0.14302663438256658,0.10880035219018269
#54,-0.008223640766013647,0.0600396213955536,0.08298921417565486,0.0937574290116663,0.12860444640105656,0.4597974906449483,-0.16371340523882896,0.054957076821483604,-0.05403697996918336,0.05170372000880476,0.02894783182918776,0.5242791107197887,1.0,0.2940655954215276,-0.3275676865507374,-0.21706361435174995,0.03718027734976888,0.17510675764913053,-0.06690072639225182,-0.24068897204490425,-0.491056570548096,-0.26116442879154744,0.00027955095751705923,0.09697996918335901,-0.028622055910191502,0.029652212194585074,0.07183138895003302,0.13137574290116663,0.3790314769975787,0.13550077041602465,0.19989654413383226,0.18163548316090689,-0.04404358353510896,0.17186220559101914,-0.05817741580453445,0.12435615232225401,-0.055560202509355054,0.07827867048206032,0.06132951793968743,0.03425049526744442,0.07940788025533788,-0.042727272727272725,0.04595201408760731,-0.12382566585956417,-0.08698657274928462,-0.02107638124587277,0.030248734316530926,0.08753026634382567,-0.011994276909531146,-0.17200528285274047,-0.067376183138895,-0.23604226282192384,-0.1713647369579573,-0.2444023772837332,-0.3421219458507594,-0.23519700638344707,0.03182698657274929,-0.16846136913933524,-0.11576271186440679,0.007787805414924059,-0.09375522782302444,-0.19472154963680388,0.2914571868809157,0.28145498569227384,0.24028835571208454,0.040554699537750385,0.08696676205150781,0.15024873431653094,-0.10007704160246533,-0.20839533348007924,-0.07275588817961699,0.05209333039841514,-0.10900506273387629,0.0023332599603786046,0.10714065595421528,0.09246092890160687,-0.028972044904248293,-0.1228021131410962,-0.07016068677085627,0.11271846797270527,0.1457957296940348,0.09345806735637244,0.1663878494386969,0.40659255998239047,0.19895223420647148,0.3088003521901827,-0.044541052168170815,0.20794629099713846,0.03814439797490645,0.29019590578912613,0.041571648690292756,0.13570107858243452,-0.014952674444199869,0.023039841514417785,-0.05378824565265243,-0.011023552718467973,-0.008551617873651772,0.09690732995817741,-0.10387409200968523,0.03345586616773057,-0.20210433634162447,0.08555580013207131,0.0683843275368699,-0.06112920977327757,0.019775478758529606,0.05872331058771737,-0.06641206251375743,-0.018302883557120845,-0.242425709883337,0.015650451243671582,0.03385868368919216
#58,0.23725291657495048,0.19144838212634824,0.09176975566806075,0.3312326656394453,0.06607968302883557,0.12213515298261061,0.15314109619194366,0.10253797050407219,-0.06962799911952454,0.19667620515078144,0.2687651331719128,-0.1138300682368479,0.2940655954215276,1.0,-0.05894342945190403,-0.03790887079022672,-0.05339423288575831,0.06525423728813559,-0.02534888839973586,0.13209333039841514,-0.006216156724631301,-0.03288355712084526,-0.1385428131190843,-0.0413845476557341,-0.03347567686550738,0.027737178076161127,0.24802553378824566,0.1917345366497909,0.025381906229363857,0.0788729914153643,-0.07546995377503853,-0.09451904028175215,-0.09627118644067796,0.17824345146379045,0.19843275368699098,0.17239709443099274,0.020611930442438916,-0.023546114902047107,0.17105877173673784,-0.1681994276909531,-0.006088487783403038,-0.01656174334140436,-0.08064714946070878,-0.03704820603125688,-0.1528417345366498,0.07567906669601585,0.21477657935285055,0.17764252696456087,-0.04794188861985472,-0.01099933964340744,0.08257318952234206,-0.037279330838652876,-0.07609949372661237,-0.09051948051948051,-0.07685009905348889,-0.04104556460488664,-0.03296940347787805,-0.0033590138674884436,-0.024202069117323356,0.04901826986572749,-0.3270724191063174,-0.24315650451243673,0.19215936605767114,0.2456636583755228,0.19358133392031698,0.18513317191283293,0.24949372661237068,0.12725511776359233,-0.05879815100154083,0.04348448162007484,0.16617433414043584,0.11994276909531147,0.05335020911292098,0.009269205370900285,0.10430552498349109,0.13202289236187542,-0.11683469073299582,-0.13160466651992075,-0.13014968082764694,-0.012828527404798592,-0.22004842615012107,-0.008331499009465112,0.051377944089808496,-0.1732357473035439,-0.1822077922077922,-0.05986572749284614,-0.22375522782302443,-0.0072022892361875415,-0.06879374862425709,0.027873651771956855,0.17293638564825006,0.04188201628879595,0.023462469733656174,-0.20217697556680608,-0.02381465991635483,-0.07363416244772177,-0.05989654413383227,-0.016180937706361434,0.10528505392912173,-0.052659035879374864,-0.16189082104336341,0.03605987233105877,0.09898965441338323,-0.026304204270305966,-0.0363482280431433,0.09310147479639005,-0.020220118864186662,-0.18051067576491306,-0.21208452564384767,-0.21791547435615233,0.01684129429892142
#101,-0.09192604006163328,-0.23467532467532468,-0.38402597402597405,0.12398415144177856,-0.22149460708782742,-0.38074840413823463,-0.0771846797270526,-0.007673343605546995,0.19616552938586837,-0.10100374202069118,0.08505392912172573,-0.41234646709222983,-0.3275676865507374,-0.05894342945190403,1.0,0.6421703720008805,-0.19740699977988113,-0.38502751485802333,0.6269579572969404,0.40756328417345367,0.6615980629539951,0.22953554919656616,-0.03696896324014968,-0.14055029716046666,-0.06230244331939247,-0.4141118203830068,-0.004069997798811358,-0.23109839313229144,-0.3136253576931543,-0.16275808936825886,-0.3360906889720449,-0.29482060312568786,-0.2459388069557561,-0.14015628439357253,0.009394673123486684,-0.04689412282632622,0.3310411622276029,-0.062557781201849,-0.13044023772837332,-0.2850979528945631,0.14376843495487562,0.030378604446401055,0.2542703059652212,0.09917015188201629,0.062137354171252476,-0.04625797930882677,0.005709883337001981,-0.16880915694475015,-0.055192604006163326,-0.15882456526524324,-0.3711666299801893,-0.14722650231124806,-0.08135152982610609,-0.07132731675104556,0.45471934844816203,0.32518379925159585,-0.21471714725952015,-0.0476601364736958,0.09384547655734096,-0.1740611930442439,-0.20818401937046005,-0.37615892581994276,-0.025974025974025976,-0.2890380805635043,-0.31542152762491743,-0.0014747963900506274,0.1150033017829628,-0.2907770195905789,0.4680739599383667,0.22303984151441777,0.177277129650011,0.03304864626898525,0.2875192604006163,-0.2040611930442439,-0.04666519920757209,-0.1375280651551838,-0.1725841954655514,-0.2371714725952014,-0.05201408760730795,-0.22799691833590138,-0.23450583314990095,-0.019291217257318954,-0.12338102575390711,-0.23423948932423508,-0.11324895443539511,-0.29992515958617655,-0.2720911292097733,-0.3674158045344486,-0.04005062733876293,-0.13953995157384988,-0.1326502311248074,-0.15376183138895003,-0.009839313229143738,-0.13988994056790666,-0.05258639665419326,-0.304686330618534,-0.05018269865727493,-0.2100726392251816,-0.15307946290997138,-0.2928417345366498,-0.21430772617213295,-0.2481730134272507,-0.22598062953995157,-0.1842174774378164,-0.13064274708342505,-0.15191063174114022,-0.11022232005282853,-0.27588597842835133,-0.03340083645168391,-0.11085186000440238,-0.02648250055029716
#102,0.24673783843275368,-0.23006603565925599,-0.11755227823024433,0.14342284833810257,-0.14748404138234647,-0.5484041382346467,-0.0287012987012987,0.02864406779661017,0.0511864406779661,0.0671912832929782,0.06445300462249615,-0.4292802113141096,-0.21706361435174995,-0.03790887079022672,0.6421703720008805,1.0,-0.11874312128549416,-0.12920757208892802,0.5298371120405019,0.591912832929782,0.47568787145058333,0.47138895003301784,0.035947611710323575,-0.12513757429011665,-0.2602091129209773,-0.2,-0.11552938586836892,-0.12508474576271186,-0.30056570548095973,-0.14800352190182697,-0.23261281091789565,-0.10351309707241911,-0.1970526084085406,-0.18516398855381908,0.031210653753026635,0.10434734756768656,0.04035879374862426,0.18657054809597182,-0.11630640545894783,-0.166979969183359,0.0375214615892582,0.20683028835571207,0.11045784723750826,0.17500550297160467,-0.034919656614571866,-0.048040942108738716,0.11549196566145718,-0.06548095971824786,-0.17593440457847237,0.09883777239709443,-0.15175654853620954,0.03202729473915915,-0.3064825005502972,0.31141536429672023,0.22514637904468413,0.6040810037420207,-0.43277790006603567,0.2063812458727713,-0.2729275808936826,-0.3466233766233766,-0.3272661237068017,-0.30279771076381246,-0.0885626238168611,-0.25618754127228704,-0.07311688311688312,0.2632093330398415,0.18673343605546996,-0.11353510895883777,0.5366035659255999,0.40343165309267004,0.2753334800792428,0.21744441998679287,0.4744772176975567,0.06219458507594101,0.15010345586616772,0.1798811358133392,0.043576931543033236,-0.0488135593220339,-0.03758529605987233,0.06699977988113581,-0.22313009024873431,-0.06681928241250275,-0.25903587937486244,-0.29453664979088706,-0.3328021131410962,-0.48481620074840415,-0.39618534008364514,-0.41108958837772397,0.022857142857142857,-0.12197666740039621,-0.14090248734316532,-0.3194739159145939,-0.3431454985692274,-0.3987167070217918,-0.24908430552498348,-0.28851419766674,0.3337772397094431,-0.007054809597182478,0.012916574950473256,-0.24259960378604448,-0.049189962579793085,-0.10883557120845257,-0.31861985472154963,-0.07267224301122606,-0.2538476777459828,-0.16347787805414923,-0.22110279550957518,-0.21920316971164427,0.039330838652872555,-0.3926942548976447,-0.374208672683249
#201,0.2551243671582655,0.3623134492626018,0.6291525423728813,0.34907550077041605,0.16171692714065594,0.3099053488883997,0.07181377944089809,-0.11619194364957076,0.041289896544133835,0.2893682588597843,0.09497908870790227,-0.017272727272727273,0.03718027734976888,-0.05339423288575831,-0.19740699977988113,-0.11874312128549416,1.0,0.5176293198327097,-0.1687673343605547,-0.0727294739159146,-0.07781642086726832,-0.09105216817081224,0.14049966982170373,0.0702113141096192,0.35517719568567024,0.20504072198987452,0.21188201628879594,0.019209773277569887,0.11814439797490645,-0.1924521241470394,0.48709002861545236,0.22745762711864406,0.543662777900066,0.12564384767774597,0.11954435395113361,0.16497248514197665,0.07966982170372001,-0.030587717367378385,0.3357605106757649,0.273020030816641,-0.15236407660136475,-0.0787475236627779,-0.22611930442438918,-0.1922232005282853,0.0007351970063834471,0.16227823024433194,-0.06044684129429892,-0.12309707241910632,-0.21388509795289457,-0.1054523442659036,0.10355712084525644,0.19744441998679288,0.29052388289676423,0.16295399515738498,0.008496588157605107,-0.06887299141536429,0.0006911732335461149,-0.16125027514858023,0.18534008364516838,0.08507814219678626,-0.21048206031256878,0.03217037200088048,-0.23009024873431652,-0.1011071978868589,0.16641426370239928,0.13559322033898305,-0.1398613251155624,-0.13922518159806296,-0.09005502971604666,-0.05615892581994277,-0.11433634162447721,0.09573849878934625,-0.19409200968523002,-0.18809156944750166,-0.4293748624257099,-0.0737904468412943,-0.44239049086506715,-0.1658463570327977,0.15869689632401496,-0.07594320933303984,-0.0024961479198767336,-0.05596522121945851,-0.12462029495927801,0.15141096191943648,0.09983270966321814,-0.16176535329077701,0.00400396213955536,-0.045036319612590796,-0.11400396213955535,0.012423508694695135,-0.12518379925159587,0.18896103896103897,0.21902047105436936,-0.045993836671802776,-0.017246313009024874,0.5887101034558662,0.09456086286594761,0.5175698877393793,0.33919876733436055,0.3241184239489324,0.33319392471934844,0.6184349548756328,0.18354611490204711,0.4388663878494387,0.24474796390050627,0.2774862425709883,0.05547875852960599,-0.2557869249394673,0.027517059211974466,-0.2559057891261281,-0.08447721769755669
