,#10,#11,#12,#13,#17,#18,#26,#49,#50,#51,#52,#53,#54,#58,#101,#102,#201,#202,#301,#302,#401,#402,#501,#502,#601,#602,#701,#702,#801,#802,#901,#902,#1001,#1002,#1101,#1102,#1201,#1202,#1301,#1302,#1401,#1402,#1501,#1502,#1601,#1602,#1701,#1702,#1801,#1802,#1901,#1902,#2001,#2002,#2101,#2102,#2201,#2202,#2301,#2302,#2401,#2402,#2501,#2502,#2601,#2602,#2701,#2702,#2801,#2802,#2901,#2902,#3001,#3002,#3101,#3102,#3201,#3202,#3301,#3302,#3401,#3402,#3455,#3501,#3502,#3601,#3602,#3701,#3702,#3801,#3802,#3901,#3902,#4001,#4002,#4101,#4102,#4201,#4202,#4301,#4302,#4401,#4402,#4501,#4502,#4601,#4602,#4701,#4702,#4801,#4802
#10,1.0,0.4537442218798151,0.5734382566585956,0.422194585075941,0.031140215716486903,0.2000198106977768,0.11998239049086507,0.5602861545234427,0.30609509134932866,0.5125731895223421,0.3832555580013207,0.1129672022892362,0.04399295619634603,-0.025177195685670263,-0.39288575830948713,-0.36915914593880694,0.45033017829627997,0.47868368919216375,-0.21915254237288134,-0.20911952454325336,-0.21896764252696457,0.044604886638784945,0.05663878494386969,0.08830068236847897,0.20127008584635703,0.24388509795289456,0.18185780321373543,0.21929782082324456,-0.14354831609068897,-0.05261501210653753,0.34674884437596304,0.4048646268985252,0.38899845916795067,0.15134712744882237,-0.27225841954655516,-0.10528505392912173,0.09132291437376183,-0.2196257979308827,0.13069777679947173,0.028120184899845916,-0.013046445080343385,-0.015252036099493726,-0.22514637904468413,-0.35086726832489545,0.0824521241470394,-0.14727272727272728,0.0411138014527845,0.10796169931763153,-0.1994012766894123,-0.19548756328417347,-0.05688311688311688,-0.07887079022672243,0.1198084965881576,0.04331719128329298,-0.044479418886198545,0.2220360994937266,-0.40160466651992077,-0.37183138895003304,-0.022687651331719128,-0.15842835130970725,0.0075544794188861985,0.10558001320713185,-0.21392471934844817,-0.09258199427690954,0.31915914593880695,0.12673783843275369,-0.19900066035659256,-0.08324014968082764,-0.17014087607307946,-0.17277349768875191,0.22679286814880034,0.23128989654413384,-0.00410741800572309,0.09806295399515738,-0.25445300462249615,-0.31650451243671585,-0.06967642526964561,-0.002958397534668721,0.19198547215496367,-0.18069997798811357,0.11413603345806736,0.1567444419986793,-0.33006383447061416,-0.02705480959718248,-0.0988465771516619,0.03988553819062294,0.17502091129209774,0.12321153422848338,-0.06436715826546335,-0.137970504072199,-0.05062293638564825,-0.0791635483160907,0.13046665199207572,0.16570988333700198,-0.03630640545894783,0.11200528285274047,0.4177812018489985,0.36018049746863307,0.36393132291437374,0.2472243011226062,0.25933083865287254,0.3191899625797931,0.18846577151661897,0.5353334800792428,0.25214395773717807,0.2528769535549197,0.3379771076381246,-0.07482280431432974,0.1149636803874092,0.12818401937046006,0.019889940567906668
#11,0.4537442218798151,1.0,0.302788906009245,0.46531807175874973,-0.2281003742020691,-0.032821923838872995,0.3878362315650451,0.3743319392471935,0.44699757869249396,0.5972353070658155,0.40366718027734977,-0.25688972044904246,-0.007072419106317411,0.15458507594100815,-0.04598062953995157,-0.07725291657495047,0.33003742020691174,0.1697292537970504,-0.0225313669381466,-0.1862095531587057,0.01848778340303764,-0.010724191063174114,0.12750385208012327,-0.10525643847677746,0.27646929341844595,-0.018065155183799253,0.2527294739159146,0.07702399295619634,-0.013772837332159366,-0.026277790006603567,0.09831388950033018,0.19896324014968084,0.13108958837772397,0.2062953995157385,-0.07609509134932864,-0.23260620735197007,-0.03686550737398195,-0.13455425930002202,0.2008232445520581,-0.03937926480299361,0.11796830288355713,-0.03989654413383227,-0.29138895003301785,-0.2596654193264363,0.07174554259300021,-0.22035219018269867,0.07526084085406119,0.1441646489104116,-0.14220559101915034,-0.1996434074400176,-0.1036319612590799,-0.07107638124587277,0.0037310147479639004,-0.08649790887079023,-0.01787805414924059,0.07923838872991415,-0.3188069557561083,-0.4045102355271847,-0.125148580233326,-0.1763482280431433,-0.20891261281091789,-0.020517279330838654,-0.08967422408100374,-0.08078582434514638,0.2789654413383227,0.10799471714725951,0.003830068236847898,0.2612458727712965,-0.21373321593660577,-0.058950033017829626,0.19774598283072858,0.194785384107418,-0.24095751705921198,-0.09271846797270526,-0.3377129650011006,-0.26178956636583756,-0.3254985692273828,-0.23436715826546334,0.3232621615672463,0.10990314769975787,-0.08093110279550958,-0.2871868809156945,-0.08479418886198548,-0.23629980189302224,-0.3652168170812239,-0.15055249834910853,0.04643407440017609,-0.21076161127008586,-0.03144177856042263,-0.4026502311248074,-0.28695355491965663,-0.21665419326436275,-0.14450583314990095,0.11387189082104336,0.09182918776139115,0.08066035659255998,0.22417565485362095,0.2892956196346027,0.33760290556900724,-0.05525863966541933,0.06676645388509796,0.1336517719568567,0.07624477217697556,0.25019590578912615,0.2586264582874752,0.06086286594761171,0.2264406779661017,-0.29382566585956416,-0.01855822143957737,0.14446180937706363,0.11465551397754788
#12,0.5734382566585956,0.302788906009245,1.0,0.4616464891041162,-0.056841294298921416,0.3467356372441118,0.1463680387409201,0.3217345366497909,-0.010451243671582655,0.42888399735857363,0.2920493066255778,-0.137871450583315,0.21494166850099053,-0.057380585516178736,-0.3530728593440458,-0.1672903367818622,0.7643759630200309,0.7471032357473035,-0.20618974246092892,-0.13950033017829627,-0.04338102575390711,0.22142637023992956,0.13446841294298922,0.2012656834690733,0.23399515738498788,0.08738718908210434,0.11196125907990315,0.27805855161787363,-0.08523662777900066,-0.3395575610829848,0.5320515078142197,0.48109178956636584,0.41996257979308826,0.20349768875192603,-0.3741602465331279,-0.317046004842615,-0.217871450583315,-0.5363108078362315,-0.001016949152542373,-0.031811578252256216,-0.15443979749064496,-0.2506779661016949,-0.4279947171472595,-0.5531410961919436,-0.12403477878054149,-0.3493022232005283,-0.11218798151001541,-0.0006801672903367818,-0.2921835791327317,-0.37813119084305524,0.09018710103455867,0.233086066475897,0.12075941008144397,0.2508562623816861,0.006563944530046225,0.404058991855602,-0.46880475456746645,-0.49966982170372,-0.13478758529605986,-0.35730794629099716,-0.12456306405458947,0.05420647149460709,-0.40244992295839754,-0.12103015628439358,0.5409068897204491,0.32310807836231564,-0.1875610829848118,-0.08225841954655513,-0.3083579132731675,-0.32661457186880916,0.4603521901826987,0.41755668060752804,0.052293638564825,0.15008364516839093,-0.3924235086946951,-0.4708848778340304,-0.2634998899405679,-0.003918115782522562,0.05037200088047546,-0.16653312788906008,0.006407660136473696,0.011041162227602905,-0.28464891041162227,0.008575830948712304,-0.24236187541272286,-0.21682148360114462,0.16608848778340304,-0.2793000220118864,-0.47914813999559763,-0.2027096632181378,-0.2493858683689192,-0.2891503411842395,-0.19957296940347788,0.11464670922298041,-0.08244992295839754,0.49569887739379265,0.40214175654853623,0.7567312348668281,0.6046401056570548,0.5589632401496808,0.606337222099934,0.7193198327096633,0.20722870349988995,0.7286946951353731,0.35624697336561745,0.4590534888839974,0.39323134492626016,-0.1980959718247854,0.11970504072198987,0.09923398635263042,0.050160686770856264
#13,0.422194585075941,0.46531807175874973,0.4616464891041162,1.0,-0.08832709663218138,0.23202729473915915,0.23944309927360774,0.19116883116883118,0.07855161787365177,0.5049900946511116,0.18450803433854282,-0.02434074400176095,0.250231124807396,0.026953554919656616,-0.15750385208012327,0.04582434514637904,0.5504578472375082,0.2987211093990755,-0.12985912392692053,0.11041382346467092,0.0002685450143077262,0.14530926700418226,0.18613911512216597,0.08966101694915254,0.044932863746423066,-0.11026854501430773,0.12992515958617654,0.07181377944089809,-0.2917477437816421,-0.20914813999559762,0.42093110279550955,0.30053268765133173,0.25699757869249396,0.21197666740039622,-0.2543451463790447,-0.16364076601364738,-0.15141536429672023,-0.06877834030376404,-0.09308606647589698,-0.1335593220338983,-0.17517719568567025,-0.16363416244772178,-0.39309487123046444,-0.1615496368038741,-0.1692471934844816,-0.1842130750605327,0.19456086286594762,0.21320052828527405,0.06306405458947832,-0.13572749284613692,0.002419106317411402,0.1237508254457407,0.1521153422848338,0.11439357252916575,-0.187277129650011,0.17566585956416464,-0.4122408100374202,-0.32308826766453885,-0.16521901826986574,-0.04312128549416685,-0.2632621615672463,-0.09350209112920978,-0.30901166629980187,-0.10556240369799692,0.09778340303764033,0.19412942989214177,0.020510675764913052,0.048787145058331496,-0.19437596302003082,0.011287695355491966,0.14817081223860884,0.17757208892802112,-0.1313581333920317,0.025049526744442,-0.2871384547655734,-0.29233105877173676,-0.42734756768655074,-0.26373321593660576,0.18769535549196567,-0.0046511116002641425,0.16465111160026413,-0.1610675764913053,-0.09555800132071318,-0.008318291877613912,-0.27739819502531365,-0.2577834030376403,-0.08103235747303544,-0.1441206251375743,-0.17200528285274047,-0.24219898745322474,-0.24655293858683688,-0.27329958177415803,-0.12097512656834691,0.03813999559762272,0.0901915034118424,0.008853180717587497,0.19282632621615672,0.3914307726172133,0.23100374202069118,0.1739555359894343,0.28411842394893244,0.4415496368038741,0.20522782302443318,0.383977547875853,0.0863878494386969,0.1601254677525864,0.15857142857142856,-0.3721571648690293,0.18260620735197006,0.07591019150341184,0.1278648470173894
#17,0.031140215716486903,-0.2281003742020691,-0.056841294298921416,-0.08832709663218138,1.0,0.3171912832929782,-0.21422187981510016,-0.012377283733215937,-0.06572969403477878,0.0685428131190843,-0.05070878274268105,0.6622804314329738,0.4005899185560203,0.010781421967862645,0.06710983931322914,-0.2874884437596302,-0.10938146599163548,-0.06116222760290557,-0.1829473915914594,-0.16558661677305744,-0.14213735417125248,-0.37679947171472594,-0.3021087387189082,-0.21033458067356373,-0.3785208012326656,-0.09586396654193265,-0.33424169051287694,-0.29062953995157387,-0.10597182478538411,0.06309267004182259,-0.062392692053709,0.10023552718467972,0.13529605987233106,-0.06596962359674224,0.03298040942108739,0.1995531587057011,0.05393792648029936,0.06215496368038741,-0.36236627779000663,-0.30651771956856705,-0.1294453004622496,0.17409861325115564,0.0399801893022232,0.13471054369359453,-0.22963020030816642,-0.056737838432753686,0.07053268765133172,0.003178516398855382,-0.016808276469293417,-0.04555139775478759,0.048886198547215494,-0.07476557340964121,-0.2032951793968743,-0.30340523882896764,-0.3451287695355492,-0.38192163768434956,0.2366057671142417,0.10519920757208893,0.15942328857583096,-0.009115122165969623,0.18118423948932424,0.15855381906229363,0.23368038740920097,0.31635703279771077,-0.3350033017829628,-0.37461809377063615,0.1446599163548316,0.1634536649790887,0.17164208672683248,0.1760378604446401,-0.08746423068456967,0.10847897864847017,0.07621835791327317,0.19018269865727494,0.2283182918776139,0.26308826766453886,0.24221219458507595,0.18119084305524982,-0.22796610169491524,-0.1907660136473696,0.2683314990094651,0.5706911732335461,-0.0026084085406119306,0.535956416464891,0.6527845036319613,0.40397094430992736,0.17245432533568128,0.35378164208672686,0.08495927801012547,0.5564428791547436,0.5949284613691393,0.38201188641866607,0.4243957737178076,-0.15165969623596742,0.14112920977327756,-0.05520140876073079,-0.1811204050187101,0.07985252036099494,-0.024290116662998018,0.2546070878274268,0.14619194364957078,0.11139335241030156,0.034395773717807616,0.16761171032357472,0.1898547215496368,0.21423288575830948,0.14862865947611711,0.30242350869469514,0.3568170812238609,0.04383226942548976,0.039612590799031476
#18,0.2000198106977768,-0.032821923838872995,0.3467356372441118,0.23202729473915915,0.3171912832929782,1.0,0.3316134712744882,0.3770151882016289,0.0641008144397975,0.3351683909311028,0.30664758969843714,0.3421879815100154,0.6584811798371121,0.45163108078362313,-0.189570768214836,-0.2854589478318292,0.2601848998459168,0.12933524103015628,-0.3279903147699758,-0.23425709883337,-0.11655073739819502,-0.2038036539731455,-0.15436715826546335,-0.059156944750165086,-0.1213845476557341,0.06115782522562183,-0.09548976447281532,-0.11066916134712745,0.00903367818622056,0.13923838872991415,0.24999779881135814,0.21178736517719568,0.192656834690733,0.03789786484701739,-0.038589038080563506,0.1476271186440678,-0.05130090248734317,-0.21109178956636585,-0.2659211974466212,-0.2131322914373762,-0.08337882456526524,0.11414924058991856,-0.28331278890600925,0.00023992956196346028,-0.16558001320713184,-0.2667026194144838,0.03391151221659696,0.12194585075941008,-0.03954655513977548,-0.1751749944970284,0.11421307506053269,0.07581554039181158,-0.014651111600264142,-0.07164208672683249,-0.237937486242571,-0.09381245872771296,-0.006808276469293419,-0.15010125467752586,0.07451463790446841,-0.1022077922077922,0.06316530926700419,0.27824565265243234,0.09904688531807176,0.25099273607748185,-0.11948712304644508,-0.26504072198987455,0.3204182258419547,0.26568567026194145,-0.14552058111380145,0.03872991415364297,0.15825665859564164,0.1744111820383007,-0.012084525643847677,0.17622716266784064,-0.009115122165969623,-0.04138014527845036,0.05596522121945851,0.15084525643847677,0.10952014087607308,-0.04268324895443539,0.13235747303543913,0.2126370239929562,0.058236847897864846,0.23721989874532248,0.20044684129429893,0.2201915034118424,0.19549636803874093,0.08139555359894343,-0.12511996478098172,0.15608628659476118,0.21414043583535108,0.07679727052608408,0.2762579793088268,-0.11677745982830728,0.11206691613471274,-7.263922518159807e-05,0.018553819062293638,0.35177635923398637,0.13125687871450584,0.5329627999119525,0.33286594761171034,0.40815100154083206,0.0964538850979529,0.4466453885097953,0.23850759410081443,0.4036121505613031,0.23055469953775037,0.2109090909090909,0.47548756328417346,-0.10906669601584856,-0.007052608408540612
#26,0.11998239049086507,0.3878362315650451,0.1463680387409201,0.23944309927360774,-0.21422187981510016,0.3316134712744882,1.0,0.36399735857362975,0.3082368478978649,0.3057296940347788,0.20840854061193045,-0.0727294739159146,0.2473365617433414,0.6039709443099274,0.23898745322474135,-0.15556240369799693,0.2846379044684129,-0.028256658595641648,0.0514505833149901,-0.11028835571208452,0.1572176975566806,-0.2339159145938807,-0.2053070658155404,-0.2733149900946511,-0.019938366718027734,-0.1406647589698437,-0.044433193924719346,-0.2631036759850319,0.05089368258859784,0.04527404798591239,-0.037653532907770196,-0.002493946731234867,-0.013841074180057231,-0.02159806295399516,0.13853400836451685,0.05991855602025094,-0.0075192604006163325,-0.018472375082544575,0.04547655734096412,-0.10325335681267885,0.284851419766674,0.10830728593440458,-0.02859784283513097,0.14281752146158927,-0.0013405238828967643,-0.38012987012987015,-0.11219898745322474,0.07686770856262382,-0.137244111820383,-0.2535747303543914,-0.134356152322254,-0.11777239709443099,-0.1865969623596742,-0.19425049526744442,-0.14720669161347127,-0.2786330618534008,-0.12151882016288795,-0.26676645388509795,-0.08213295179396875,-0.15272507153863085,0.04904908650671363,0.21992075720889281,0.27646929341844595,0.21006823684789785,-0.07783843275368699,-0.08518379925159586,0.4697930882676645,0.49942328857583096,0.022857142857142857,0.21398415144177857,0.25569447501650894,0.21571868809156944,-0.07448602245212414,0.017329958177415804,-0.0024389170151882015,0.026779661016949154,-0.0037244111820383006,0.007288135593220339,0.19716046665199208,0.22250275148580234,-0.1139555359894343,-0.18999119524543254,0.13039841514417785,0.026467092229804094,-0.0562557781201849,0.060937706361435175,0.11439577371780761,-0.07051727933083865,0.04039841514417786,-0.13864406779661018,-0.18244331939247194,0.028051948051948054,-0.19296940347787805,-0.030959718247853842,-0.10072859344045784,-0.03188201628879595,-0.11472154963680388,0.10675985031917236,0.14333039841514417,0.08352410301562845,0.1320360994937266,0.14850539291217257,-0.15943649570768215,0.07010125467752587,0.02668500990534889,0.037756988773937926,0.031215056130310368,0.16060312568787144,0.17705260840854062,-0.05729914153642967,-0.007440017609509135
#49,0.5602861545234427,0.3743319392471935,0.3217345366497909,0.19116883116883118,-0.012377283733215937,0.3770151882016289,0.36399735857362975,1.0,0.6328923618754128,0.5031080783623156,0.594472815320273,0.24404798591239268,0.32371340523882897,0.3729804094210874,-0.11452564384767774,-0.4719128329297821,0.32360334580673566,0.28939027074620294,-0.1277591899625798,-0.33655513977547874,-0.0462425709883337,-0.1751221659696236,0.007186880915694475,-0.0802575390710984,0.17623376623376624,0.10271406559542152,0.0895245432533568,-0.02201188641866608,0.006376843495487563,0.22947391591459387,0.10939247193484482,0.20036979969183358,0.2847699757869249,0.17947171472595203,0.028505392912172575,-0.09693154303323795,0.06469953775038521,-0.2152344265903588,0.18735197006383447,-0.08078362315650452,0.19460488663878495,0.15422628219238388,-0.11318291877613912,-0.1291239269205371,0.12464891041162228,-0.39822364076601363,-0.02227823024433194,0.20335020911292098,-0.277706361435175,-0.25300242130750605,-0.09075280651551838,-0.09144618093770636,-0.025181598062953996,-0.014576271186440677,-0.002038300682368479,0.0030860664758969843,-0.2896434074400176,-0.5167136253576932,-0.024241690512876952,-0.2048712304644508,0.009524543253356813,0.23495487563284173,0.19815760510675764,0.1381620074840414,0.09666079683028836,-0.0061457186880915695,0.1454589478318292,0.3360444640105657,-0.11097292537970505,-0.18242350869469515,0.260099053488884,0.06638564825005502,-0.08472595201408761,0.11073519700638344,-0.14046665199207573,-0.1477261721329518,0.07460928901606868,0.05683689192163768,0.27317411402157166,0.1414307726172133,-0.19032357473035438,0.2559960378604446,0.09207792207792208,-0.03852080123266564,0.015863966541932645,0.20064494827206691,0.17911512216596961,0.039933964340744005,-0.016850099053488884,0.07519260400616333,-0.005971824785384107,0.05808056350429232,0.17486242570988333,-0.12989214175654853,-0.07960818842174774,0.12047325555800133,0.2389654413383227,0.35362755888179614,0.3311292097732776,0.17022892361875414,0.2436385648250055,0.25242350869469515,0.11405899185560202,0.3598745322474136,0.4076667400396214,0.2956702619414484,0.3836077481840194,0.18394012766894122,0.124719348448162,-0.1432291437376183,-0.11793968743121286
#50,0.30609509134932866,0.44699757869249396,-0.010451243671582655,0.07855161787365177,-0.06572969403477878,0.0641008144397975,0.3082368478978649,0.6328923618754128,1.0,0.3782280431432974,0.357904468412943,0.15670261941448382,0.20666299801893023,0.35936605767114244,0.10419546555139775,-0.2941118203830068,0.16307285934404578,-0.08981289896544134,0.05243671582654633,-0.3053863086066476,0.01851419766674004,-0.3358023332599604,-0.082425709883337,-0.30630640545894783,0.08693814659916355,-0.03608188421747744,-0.056530926700418226,-0.2065199207572089,0.1457935285053929,0.1266850099053489,0.019579572969403478,0.04571648690292758,0.08530706581554039,-0.02643187321153423,0.13791327316751045,-0.15837992515958618,0.15547655734096413,-0.03816200748404138,0.1864076601364737,-0.07926700418225842,0.19759850319172353,0.023273167510455647,0.08953554919656614,-0.049183359013867486,-0.05574950473255558,-0.19506493506493505,-0.03912832929782082,0.19170812238608848,-0.28132731675104555,-0.21697116442879155,-0.24098613251155623,-0.32221659696235966,-0.32492846136913933,-0.31863306185340085,-0.06348668280871671,-0.28074400176095093,-0.09703059652212194,-0.32741580453444863,-0.13168390931102794,-0.09372881355932203,0.047627118644067795,0.09799471714725952,0.33967202289236187,0.2245806735637244,-0.04486022452124147,-0.21474136033458066,0.2679066696015849,0.3565573409641206,0.07522562183579133,0.018580233325996037,0.1656504512436716,-0.029735857362976008,0.09201628879594981,-0.005963020030816641,0.04544133832269426,0.0020581113801452786,0.1583513097072419,0.1476535329077702,0.35852080123266566,0.13762051507814219,-0.014541052168170813,0.011567246313009025,0.26314990094651114,0.025423728813559324,0.0014351749944970283,0.2257539071098393,0.06453885097952894,0.028300682368478977,0.1946357032797711,0.044904248294078804,-0.19312788906009246,0.1778318291877614,0.09523882896764253,-0.09829848117983711,0.043370019810697776,0.03510455646048866,-0.03057671142416905,0.16407219898745323,0.15824345146379046,-0.16919876733436057,-0.03695575610829848,-0.034006163328197225,-0.028236847897864847,0.010213515298261061,0.20642526964560862,0.012780101254677526,0.23756988773937926,0.19014307726172133,0.013389830508474577,0.008551617873651772,0.0952014087607308
#51,0.5125731895223421,0.5972353070658155,0.42888399735857363,0.5049900946511116,0.0685428131190843,0.3351683909311028,0.3057296940347788,0.5031080783623156,0.3782280431432974,1.0,0.5176821483601145,0.10768875192604006,0.3041338322694255,0.15089808496588158,-0.20114241690512877,-0.39598062953995156,0.524521241470394,0.31653753026634385,-0.14313449262601805,-0.2678296279991195,0.10756548536209554,-0.12079242791107198,0.09958177415804534,-0.12381906229363857,0.3371670702179177,-0.023715606427470833,0.29696456086286593,0.10019590578912613,0.05874532247413603,-0.10220338983050847,0.2236187541272287,0.3880299361655294,0.1568434954875633,0.2557296940347788,-0.10940347787805416,-0.09987233105877173,-0.0021329517939687433,-0.30230464450803435,0.17333920316971163,-0.08199647809817301,0.007759189962579793,-0.0027206691613471273,-0.2746841294298921,-0.2536825885978428,-0.030790226722430113,-0.36181598062953996,-0.08654633502091129,0.06069997798811358,-0.17446180937706363,-0.21753246753246752,-0.04296059872331059,0.010515078142196786,0.022852740479859125,-0.0964670922298041,0.04143077261721329,0.0031454985692273827,-0.2711534228483381,-0.48274488223640766,0.04202509355051728,-0.15497908870790228,-0.13278670482060312,0.018388729914153645,-0.22874312128549418,-0.25372661237068017,0.35070217917675545,0.1392031697116443,-0.017860444640105656,0.09717587497248514,-0.28010785824345147,-0.2784899845916795,0.30508694695135374,0.25322474136033457,-0.25242791107197887,-0.1466387849438697,-0.28863966541932645,-0.3152080123266564,-0.1857296940347788,-0.10674444199867929,0.18027074620294958,-0.13990975126568347,0.046592559982390494,-0.004444199867928681,-0.2019656614571869,-0.05914153642967202,-0.21802993616552938,-0.029330838652872553,0.041521021351529824,-0.00475676865507374,-0.1693660576711424,-0.1942042703059652,-0.050165089148139996,-0.15809597182478538,-0.005815540391811578,0.14006163328197227,0.14252916574950472,0.29894783182918777,0.2729583975346687,0.38188861985472156,0.29971384547655733,0.04275808936825886,0.1275874972485142,0.3635593220338983,0.14970944309927361,0.3342064714946071,0.3314902047105437,0.1551089588377724,0.2800880475456747,-0.21305745102355272,0.13341624477217698,0.16817301342725072,0.1440281752146159
#52,0.3832555580013207,0.40366718027734977,0.2920493066255778,0.18450803433854282,-0.05070878274268105,0.30664758969843714,0.20840854061193045,0.594472815320273,0.357904468412943,0.5176821483601145,1.0,0.06548316090688971,0.3223838872991415,0.17058771736737838,-0.09290997138454765,-0.3252542372881356,0.27161127008584635,0.19705921197446621,-0.1117147259520141,-0.3130464450803434,0.04344265903587938,-0.0613251155624037,-0.09217037200088048,-0.09408540611930442,0.3336385648250055,0.020182698657274928,0.019601584855822144,0.14160906889720448,0.022500550297160467,-0.039181157825225625,-0.04429011666299802,0.07613911512216597,0.04964120625137574,0.040378604446401054,-0.014263702399295619,-0.12598943429451903,-0.002951793968743121,-0.28629980189302223,0.2894585075941008,-0.13171472595201408,-0.02850099053488884,-0.04976227162667841,-0.2020250935505173,-0.21740699977988115,-0.022890160686770855,-0.3807021791767555,-0.07154523442659036,0.16619194364957077,-0.2904490424829408,-0.16761611270085847,-0.05664979088707902,0.10327536869909751,-0.011833590138674884,-0.027294739159145938,0.015436935945410521,0.07607528065155184,-0.25477437816420867,-0.37767114241690514,0.12459608188421747,-0.03168170812238609,-0.059718247853841076,0.22173673783843276,-0.06287255117763592,-0.07177635923398636,0.28209112920977325,0.16257979308826767,-0.01265463350209113,0.07412502751485803,-0.2385890380805635,-0.2212458727712965,0.34944089808496587,0.33388069557561084,-0.05527404798591239,0.006993176315210213,-0.2003367818622056,-0.20461369139335242,-0.010261941448382127,0.1984173453664979,0.15287255117763593,-0.012929782082324455,-0.14640545894783183,0.16383447061413164,0.1063944530046225,-0.07515738498789347,-0.045097952894563066,0.004063394232885758,0.12870349988994056,-0.0723992956196346,-0.14855381906229365,-0.0847325555800132,-0.1534668721109399,-0.10852740479859124,0.07589478318291877,-0.04831388950033018,0.08030156284393572,0.2217587497248514,0.15732775698877394,0.3034602685450143,0.34788025533788247,0.13195685670261942,0.15401496808276469,0.10708122386088488,-0.017389390270746204,0.1485494166850099,0.21793968743121286,0.07539951573849879,0.23575830948712304,-0.04167730574510235,0.05973365617433414,0.019099713845476558,0.15331939247193485
#53,0.1129672022892362,-0.25688972044904246,-0.137871450583315,-0.02434074400176095,0.6622804314329738,0.3421879815100154,-0.0727294739159146,0.24404798591239268,0.15670261941448382,0.10768875192604006,0.06548316090688971,1.0,0.5490204710543694,0.16811138014527846,0.14693374422187983,-0.3931587057010786,-0.11963900506273388,-0.1981950253136694,-0.042174774378164206,-0.23278890600924498,-0.1422143957737178,-0.4878890600924499,-0.3524961479198767,-0.2828087167070218,-0.3104974686330619,-0.15927801012546774,-0.4031300902487343,-0.391864406779661,-0.13897644728153202,0.18749724851419766,-0.1470658155403918,0.03896103896103896,-0.034505833149900945,-0.21261281091789566,-0.032260620735197004,0.1832225401716927,0.03635923398635263,0.05205150781421968,-0.34028395333480077,-0.30324014968082763,-0.04720008804754568,0.08800572309046885,0.022773497688751927,0.20065375302663438,-0.2763746423068457,-0.13420206911732335,-0.09240369799691833,-0.04667840633942329,-0.13488883997358572,-0.09174994497028395,-0.14949152542372882,-0.21341844596081885,-0.2583447061413163,-0.30879815100154084,-0.3948206031256879,-0.38113141096191944,0.21931763152102135,0.0059740259740259745,0.20213515298261062,0.02200528285274048,0.3793550517279331,0.3253048646268985,0.3978846577151662,0.3697160466651992,-0.37044464010565703,-0.4003059652212195,0.2781399955976227,0.12561523222540172,0.38667180277349766,0.24885758309487124,0.03914593880695576,0.04113141096191943,0.12867048206031256,0.15553378824565264,0.2623134492626018,0.20379264802993616,0.29441338322694255,0.2764384767774598,-0.100132071318512,-0.2667510455646049,0.4033193924719348,0.626304204270306,0.10769095311468192,0.5949130530486463,0.731419766674004,0.653086066475897,0.26532467532467535,0.3375808936825886,0.07579793088267664,0.567012987012987,0.5326722430112261,0.454043583535109,0.4357296940347788,-0.04631300902487343,0.15218357913273167,-0.21741140215716487,-0.2509707241910632,-0.03517059211974466,-0.14322694254897644,0.1799405679066696,0.08438696896324015,-0.07892802113141097,-0.0006471494607087827,0.03068236847897865,0.14893462469733657,-0.02837112040501871,0.13958617653532907,0.4496103896103896,0.21643187321153423,0.10928681488003522,0.12575170592119744
#54,0.04399295619634603,-0.007072419106317411,0.21494166850099053,0.250231124807396,0.4005899185560203,0.6584811798371121,0.2473365617433414,0.32371340523882897,0.20666299801893023,0.3041338322694255,0.3223838872991415,0.5490204710543694,1.0,0.41561743341404356,0.13423508694695135,-0.3081289896544134,0.3139203169711644,0.017149460708782743,-0.11684569667620515,-0.17204050187101033,-0.0903565925599824,-0.5103257759189963,-0.3745344486022452,-0.37871010345586614,-0.3155161787365177,-0.29611930442438916,-0.4767092229804094,-0.281798371120405,0.04419986792868149,0.07232005282852741,0.08796169931763152,0.02567026194144838,0.1177922077922078,0.07039401276689412,0.16587717367378385,0.1349108518600044,-0.09489544353951133,-0.08930662557781202,-0.28895443539511334,-0.3875500770416025,-0.11101034558661678,0.1691107197886859,-0.3042593000220119,0.06723310587717367,-0.29366057671142415,-0.46819062293638564,0.03009685230024213,0.25815540391811576,-0.07585516178736518,-0.2066651992075721,0.11942548976447281,0.1703279771076381,-0.15968743121285495,-0.2965595421527625,-0.3999449702839533,-0.3785296059872331,-0.0027999119524543255,-0.22580233325996038,0.17287475236627778,-0.049229583975346686,0.12178956636583756,0.24718688091569446,0.2575016508914814,0.39548756328417345,-0.3191855602025094,-0.23265903587937486,0.5085384107418006,0.29530926700418225,0.17019370460048427,0.233020030816641,0.3051287695355492,0.2872353070658155,0.05298261060972925,0.17464010565705482,-0.006960158485582214,0.08873211534228484,0.043629760070438034,0.24293638564825004,0.03036319612590799,-0.11444860224521242,0.269324235086947,0.27658155403918117,0.4151221659696236,0.32669601584855823,0.3133127889060092,0.26642086726832487,0.15464450803433855,0.12071538630860665,-0.059128329297820824,0.32491305304864626,0.04181598062953995,0.15775258639665418,0.14219238388729913,-0.18924279110719788,0.21319832709663217,0.01724851419766674,-0.23771736737838434,0.30565925599823907,0.1590446841294299,0.3838344706141316,0.4105062733876293,0.2860708782742681,0.0774158045344486,0.2922870349988994,0.3156746643187321,0.3376513317191283,0.35540832049306625,0.22395333480079244,0.3629936165529386,-0.010801232665639445,0.2405062733876293
#58,-0.025177195685670263,0.15458507594100815,-0.057380585516178736,0.026953554919656616,0.010781421967862645,0.45163108078362313,0.6039709443099274,0.3729804094210874,0.35936605767114244,0.15089808496588158,0.17058771736737838,0.16811138014527846,0.41561743341404356,1.0,0.2854567466431873,-0.13987012987012987,0.038589038080563506,-0.14677966101694914,-0.05372881355932203,-0.15205370900286155,0.2163614351749945,-0.3655976227162668,-0.34810477657935285,-0.403779440898085,-0.1237178076161127,-0.11782082324455206,-0.21142857142857144,-0.4984437596302003,0.14904248294078803,0.20165089148139995,-0.17397754787585296,-0.14524543253356811,0.024479418886198548,-0.11885097952894563,0.19948492185780323,0.005370900286154523,0.11495267444419986,-0.042876953554919654,-0.1484261501210654,-0.1852872551177636,0.28792427911071977,0.1807506053268765,0.06040061633281972,0.1961038961038961,-0.11180057230904689,-0.27708122386088485,-0.06887519260400617,-0.010418225841954655,-0.11372220999339644,-0.29454545454545455,-0.09511116002641426,-0.2263878494386969,-0.2904248294078803,-0.3956702619414484,-0.21320052828527405,-0.40269645608628657,0.057790006603565924,-0.15952454325335683,-0.02711204050187101,-0.1579881135813339,0.1313581333920317,0.3701474796390051,0.44409641206251377,0.4826854501430773,-0.323053048646269,-0.3563724411182038,0.6394959278010125,0.5831961259079903,0.14038520801232665,0.27830728593440457,0.19320713185119964,0.13411622276029056,-0.05571208452564385,0.024981289896544134,0.2422738278670482,0.25958617653532906,0.13814219678626458,0.08180717587497248,0.10123486682808716,0.19240149680827648,-0.1011798371120405,0.006238168611049967,0.20842174774378164,0.07153202729473916,0.19462249614791988,0.34070878274268107,0.2455491965661457,0.16097952894563064,0.13421307506053268,0.001082984811798371,-0.015767114241690514,0.18454545454545454,0.04391811578252256,-0.1409421087387189,-0.002075720889280211,-0.10653753026634383,-0.14106317411402158,-0.033213735417125245,-0.020924499229583976,0.08388729914153643,0.014204270305965222,0.01931983270966322,-0.11619414483821264,0.05836451683909311,0.14880255337882456,0.08164208672683249,0.029181157825225623,0.29024653312788906,0.2636253576931543,-0.12316310807836231,-0.05798811358133392
#101,-0.39288575830948713,-0.04598062953995157,-0.3530728593440458,-0.15750385208012327,0.06710983931322914,-0.189570768214836,0.23898745322474135,-0.11452564384767774,0.10419546555139775,-0.20114241690512877,-0.09290997138454765,0.14693374422187983,0.13423508694695135,0.2854567466431873,1.0,0.3200484261501211,-0.11552718467972706,-0.36253576931543036,0.5028285274047986,0.3553334800792428,0.575643847677746,-0.4088972044904248,-0.5999977988113582,-0.6157693154303324,-0.2613251155624037,-0.41821043363416244,-0.4131454985692274,-0.5905260840854061,0.06062293638564825,0.06574510235527185,-0.44940567906669604,-0.32040501871010346,-0.34252696456086285,-0.08516618974246093,0.30237728373321593,0.1494144838212635,0.25873871890821043,0.4447655734096412,-0.010818842174774378,0.12824565265243232,0.16784063394232887,0.10173893902707462,0.3111842394893242,0.5775963020030817,-0.4088069557561083,-0.3007858243451464,-0.07643407440017609,-0.04847457627118644,-0.11285274047985912,-0.2815628439357253,-0.2146731234866828,-0.25507373981950254,-0.5841514417785604,-0.4614659916354832,-0.06834910851860004,-0.4377129650011006,-0.023222540171692715,-0.1445894783182919,-0.11097952894563064,-0.22329297820823243,-0.02697776799471715,0.08468412942989215,0.4752212194585076,0.3042262821923839,-0.37738058551617876,-0.11270526084085405,0.28578692493946733,0.33621395553598943,0.5572705260840854,0.42296279991195246,0.08720889280211314,0.1300396213955536,0.15561082984811797,0.09502091129209773,0.4916773057451024,0.31509795289456305,0.20016508914814,-0.0552080123266564,-0.36612590799031475,0.0237442218798151,-0.2025115562403698,-0.08338102575390711,0.162590799031477,0.2899691833590139,0.22299141536429673,0.15876953554919657,-0.1272705260840854,-0.1211071978868589,0.07384767774598283,-0.011686110499669822,0.03423728813559322,-0.06345146379044685,-0.4076865507373982,-0.2722958397534669,-0.29976007043803654,-0.31027734976887517,-0.4830332379484922,-0.2036913933524103,-0.08210433634162448,-0.07248073959938367,-0.17207572088928022,-0.3954193264362756,-0.3227492846136914,-0.31287475236627776,0.017406999779881135,-0.2527118644067797,-0.16822804314329737,0.2187343165309267,-0.182689852520361,-0.2753532907770196,-0.14465111160026414
#102,-0.36915914593880694,-0.07725291657495047,-0.1672903367818622,0.04582434514637904,-0.2874884437596302,-0.2854589478318292,-0.15556240369799693,-0.4719128329297821,-0.2941118203830068,-0.39598062953995156,-0.3252542372881356,-0.3931587057010786,-0.3081289896544134,-0.13987012987012987,0.3200484261501211,1.0,-0.10611930442438917,-0.18756988773937927,0.055267444419986794,0.6138014527845036,0.33097072419106316,0.4690182698657275,-0.016803874092009684,0.07965881576051068,-0.18893682588597843,-0.19170812238608848,-0.07357032797710764,-0.08971164428791548,-0.20356372441118203,-0.12585736297600705,-0.13886858903808055,-0.3083469073299582,-0.34544574069997797,-0.02459388069557561,-0.07165089148139996,-0.1361435174994497,-0.17822804314329738,0.4057671142416905,-0.3226436275588818,0.2634932863746423,-0.15198106977767994,-0.021327316751045565,0.1429011666299802,0.3604072198987453,-0.30601584855822145,0.21548976447281531,0.013229143737618314,-0.2859454105216817,0.2528857583094871,0.067178076161127,0.1315760510675765,0.12045344486022452,-0.06489324235086948,0.23707021791767555,0.09935725291657495,0.224554259300022,-0.13675324675324677,0.29879154743561526,-0.3632753686990975,-0.020766013647369578,-0.2918710103455866,-0.19428131190843057,-0.174290116662998,-0.10193704600484262,-0.15390490865067136,0.1626964560862866,-0.22815540391811578,-0.07133392031697117,0.1148976447281532,0.19823024433193925,-0.21066035659256,-0.06698877393792647,0.11050187101034559,0.23298261060972925,0.18859123926920537,0.0750297160466652,-0.1161237068016729,-0.20536429672022893,-0.2906207351970064,0.13239709443099273,-0.1559388069557561,-0.3477239709443099,-0.01896103896103896,-0.09789566365837553,-0.17160026414263702,-0.3106009244992296,-0.2743627558881796,-0.24637904468412944,-0.17625357693154303,-0.28972044904248295,-0.16710983931322915,-0.16772397094430994,-0.4645762711864407,0.0301056570548096,-0.2046929341844596,-0.07666960158485582,-0.32121725731895223,-0.17025533788245653,-0.386271186440678,-0.1276799471714726,-0.22752586396654192,-0.27182918776139114,-0.2256878714505833,-0.2816420867268325,-0.3623772837332159,-0.20351749944970285,-0.4475698877393793,-0.24621395553598943,-0.17634602685450143,-0.24281752146158925,-0.29521901826986574
#201,0.45033017829627997,0.33003742020691174,0.7643759630200309,0.5504578472375082,-0.10938146599163548,0.2601848998459168,0.2846379044684129,0.32360334580673566,0.16307285934404578,0.524521241470394,0.27161127008584635,-0.11963900506273388,0.3139203169711644,0.038589038080563506,-0.11552718467972706,-0.10611930442438917,1.0,0.5644243891701519,-0.04396434074400176,0.015214615892581993,0.19786264582874752,0.08937486242570988,0.056031256878714505,-0.0412392692053709,0.1765397314549857,-0.14536209553158705,-0.025428131190843056,0.01449702839533348,0.05825445740699978,-0.37138234646709223,0.40680607528065155,0.2789302223200528,0.27141536429672025,0.20871230464450805,-0.11749724851419767,-0.25856702619414484,-0.07873211534228483,-0.3224125027514858,0.05284613691393352,-0.08666960158485582,-0.10766453885097953,-0.11119084305524983,-0.34876293198327096,-0.34638344706141316,-0.2252872551177636,-0.47738498789346245,-0.02695135373101475,0.1510081443979749,-0.24206251375742902,-0.4365595421527625,-0.004184459608188422,0.12012766894122827,-0.042467532467532466,0.022643627558881795,0.08934184459608188,0.15391371340523882,-0.5227779000660356,-0.6092714065595422,-0.21134272507153862,-0.3873233546114902,-0.15089148139995598,0.014131631080783623,-0.2691811578252256,-0.05663218137794409,0.41637904468412945,0.3218534008364517,-0.06428351309707242,0.039165749504732554,-0.03712524763372221,-0.1492692053709003,0.6084085406119304,0.4506317411402157,0.09022232005282853,0.007613911512216597,-0.2899273607748184,-0.4058595641646489,-0.21021351529826107,-0.038181818181818185,0.03937046004842615,-0.12016729033678186,-0.12351089588377724,-0.062419106317411405,-0.1352542372881356,0.032725071538630864,-0.24255998239049087,-0.20914813999559762,-0.025672463130090247,-0.2508760730794629,-0.36408320493066254,-0.1473827867048206,-0.4428395333480079,-0.3825841954655514,-0.36519040281752146,0.006112700858463571,-0.08884437596302003,0.467277129650011,0.21022232005282854,0.7257340964120625,0.5279947171472595,0.36424829407880255,0.4610301562843936,0.5935197006383447,0.1195575610829848,0.5509134932863746,0.3114924058991856,0.36597622716266787,0.3167356372441118,-0.21932643627558882,0.09062733876293198,-0.06187541272287035,0.05832049306625578
