,#10,#11,#12,#13,#17,#18,#26,#49,#50,#51,#52,#53,#54,#58,#101,#102,#201,#202,#301,#302,#401,#402,#501,#502,#601,#602,#701,#702,#801,#802,#901,#902,#1001,#1002,#1101,#1102,#1201,#1202,#1301,#1302,#1401,#1402,#1501,#1502,#1601,#1602,#1701,#1702,#1801,#1802,#1901,#1902,#2001,#2002,#2101,#2102,#2201,#2202,#2301,#2302,#2401,#2402,#2501,#2502,#2601,#2602,#2701,#2702,#2801,#2802,#2901,#2902,#3001,#3002,#3101,#3102,#3201,#3202,#3301,#3302,#3401,#3402,#3455,#3501,#3502,#3601,#3602,#3701,#3702,#3801,#3802,#3901,#3902,#4001,#4002,#4101,#4102,#4201,#4202,#4301,#4302,#4401,#4402,#4501,#4502,#4601,#4602,#4701,#4702,#4801,#4802
#10,1.0,0.2795179396874312,0.42020471054369357,0.376649790887079,0.25183138895003304,0.32799251595861767,0.09764472815320273,0.515989434294519,0.07358793748624257,0.30506493506493504,0.2192868148800352,0.20319612590799033,0.0784503631961259,0.16577151661897424,-0.2644287915474356,0.011380145278450363,0.2499867928681488,0.2780167290336782,-0.013942328857583095,0.16848117983711203,-0.22279330838652872,0.10983711204050187,-0.22434954875632843,-0.09662557781201848,-0.32514417785604227,-0.13806515518379925,-0.23267444419986794,0.1953180717587497,0.1435461149020471,0.05278890600924499,0.06680167290336782,0.002700858463570328,-0.19549416685009904,-0.3123222540171693,0.17493286374642306,0.17946951353731014,0.003779440898084966,-0.03224521241470394,0.027197886858903807,-0.1774356152322254,0.0886550737398195,-0.0588201628879595,-0.03255998239049086,-0.01862425709883337,-0.1185692273827867,-0.2434536649790887,-0.14924939467312348,-0.12757649130530485,-0.1123068456966762,0.03575610829848118,0.03279771076381246,0.2092956196346027,-0.2240083645168391,0.13273167510455647,-0.17807836231565044,0.0374224081003742,-0.17986572749284613,0.08143517499449703,-0.03760510675764913,0.10873871890821044,-0.15565265243231344,0.054296720228923616,-0.11087607307946291,-0.11581333920316972,0.3096346026854501,0.32878494386968965,-0.037999119524543254,-0.1161369139335241,0.05038743692903962,-0.020455646048866388,0.3781818181818182,0.19238828967642527,-0.07896324014968083,0.17225621835791327,-0.05452784503631961,-0.0021417565485362094,-0.09980409421087387,0.05150781421967863,-0.2876909531146819,-0.007961699317631521,-0.1762755888179617,0.10995817741580453,-0.08983711204050188,0.07155183799251597,0.12126788465771517,0.015498569227382786,0.04506053268765133,-0.0175214615892582,-0.05077041602465331,0.05225401716927141,-0.07809817301342725,-0.0077173673783843275,-0.1477129650011006,-0.07923398635263042,0.015817741580453445,0.03914373761831389,-0.12244992295839753,0.09871670702179176,-0.0009399075500770416,-0.1626502311248074,0.09833810257539072,0.1421219458507594,0.15923398635263042,-0.19125027514858023,-0.1047721769755668,-0.271551837992516,-0.2367950693374422,-0.2074620294959278,0.1414505833149901,-0.051228263262161566,-0.16200748404138235
#11,0.2795179396874312,1.0,0.31569007263922516,0.2695465551397755,0.07253356812678846,-0.045494166850099056,0.14987233105877174,0.38434954875632843,0.21403697996918336,0.4042526964560863,0.33270526084085406,0.22130970724191062,0.05507373981950253,-0.2073893902707462,0.04732115342284834,-0.005403918115782522,0.08590358793748624,0.19446841294298922,0.16310147479639006,0.12732775698877394,-0.00852080123266564,0.026511116002641427,0.0775280651551838,-0.1288201628879595,-0.12567466431873212,-0.24465111160026415,-0.1638828967642527,-0.0068589038080563505,0.11839533348007925,-0.03663218137794409,0.02569887739379265,0.19277129650011007,-0.05884217477437816,-0.042416905128769535,0.13300682368478978,-0.03220118864186661,0.22416464891041163,0.001987673343605547,0.20836011446180938,0.1810543693594541,-0.026700418225841956,0.09542152762491746,0.07585956416464891,-0.0898943429451904,-0.2810587717367378,-0.06006823684789787,-0.10026414263702399,-0.0697160466651992,0.03732555580013207,-0.13466431873211535,-0.2306713625357693,-0.0715826546335021,-0.13530046224961478,0.05972705260840854,-0.03213075060532688,0.23731895223420646,-0.2991943649570768,-0.22401716927140655,-0.2455161787365177,-0.11842394893242351,-0.3011468192824125,0.17880475456746645,-0.23491525423728812,-0.11104996698217037,0.22858023332599603,0.08416024653312788,-0.11368919216376844,-0.2245740699977988,0.17093449864326749,0.05406779661016949,0.32869689632401494,0.2351882016288796,0.34169711644287915,0.23513977547875853,-0.07952894563064054,-0.07114461809377064,-0.20596742240810037,-0.15087827426810477,-0.2558067356372441,-0.12019590578912613,-0.03168170812238609,-0.09238168611049967,-0.026427470834250497,-0.04674224081003742,0.006220559101915034,-0.12138674884437596,-0.11578472375082545,-0.010823244552058112,-0.10398415144177856,0.11798811358133392,0.02140215716486903,-0.2260840854061193,-0.20146599163548315,-0.32217917675544794,-0.14112260620735198,-0.19376843495487564,-0.062183579132731676,0.14436495707682148,0.1138036539731455,0.15528285274047987,-0.007704160246533128,0.031206251375742903,0.12244992295839753,-0.01582654633502091,0.03701518820162888,-0.08556020250935505,-0.08284393572529165,-0.1862821923838873,0.08418886198547215,-0.1922672243011226,-0.22243011226062073
#12,0.42020471054369357,0.31569007263922516,1.0,0.49521901826986575,0.23850099053488885,0.3923332599603786,0.2735923398635263,-0.06459608188421748,-0.0028043143297380585,0.3579661016949153,0.21360994937266123,-0.1933964340744002,-0.03791547435615232,-0.16558881796169933,-0.22930442438917015,-0.08647589698437157,0.45718908210433634,0.6289478318291878,-0.19163328197226503,-0.020286154523442658,-0.10717587497248514,0.18061413163108078,0.149735857362976,-0.1035197006383447,0.045335681267884655,-0.02913713405238829,0.05212854941668501,0.2611071978868589,-0.15239489324235087,-0.12399955976227163,0.18804094210873873,0.10791547435615233,0.37293638564825005,0.19725511776359234,-0.03599163548316091,-0.11565485362095532,0.09804754567466432,-0.15064935064935064,0.525544794188862,0.050057230904688534,-0.18555800132071318,-0.2408452564384768,-0.21605767114241692,-0.18890380805635043,-0.1794188861985472,-0.20458287475236628,0.09609949372661238,0.0937574290116663,-0.18599383667180278,-0.05226502311248074,-0.010261941448382127,0.19390050627338762,0.08433854281311909,0.5004116222760291,0.14910191503411843,0.426535329077702,-0.4310345586616773,-0.22716046665199208,-0.043248954435395115,0.18790226722430112,-0.07603125687871451,0.11795509575170592,-0.35666079683028834,-0.35255558001320714,0.3305480959718248,0.1280101254677526,-0.06445960818842175,-0.44223860884877836,0.02558112787867869,-0.2266718027734977,0.548399735857363,0.29666960158485584,0.1278318291877614,0.3321153422848338,-0.1865859564164649,-0.029676425269645607,-0.21950693374422187,0.12398855381906229,-0.2680541492405899,0.07141976667400396,-0.03343385428131191,-0.09202509355051727,-0.232029495927801,0.1445674664318732,0.02316530926700418,0.34063614351749943,0.11364736957957297,-0.11635042923178517,-0.12598062953995157,0.06398415144177856,0.0005855161787365177,-0.018613251155624035,-0.14361435174994497,-0.009815100154083205,-0.097673343605547,0.3275478758529606,-0.012102135152982611,0.47293858683689194,0.2542945190402818,0.29083425049526745,0.5054655513977548,0.477706361435175,0.45978648470173894,0.4664054589478318,0.5191723530706581,0.29290116662998017,0.34671582654633504,-0.004752366277790006,-0.09193264362755889,-0.12353951133612151,-0.13256218357913274
#13,0.376649790887079,0.2695465551397755,0.49521901826986575,1.0,0.3785031917235307,0.24234646709222982,0.02779881135813339,0.013590138674884438,-0.15104996698217038,0.43680827646929343,-0.12123046445080343,0.12024653312788906,-0.03101254677525864,-0.006456086286594762,-0.1829451904028175,-0.023816861104996697,0.2590843055249835,0.3311138014527845,-0.1492339863526304,-0.031580453444860226,-0.257541272287035,-0.07965881576051068,-0.04511996478098173,-0.05695795729694035,-0.07539951573849879,-0.14664979088707902,-0.11999779881135814,0.08059432093330399,-0.07866607968302884,0.04856482500550297,0.20750385208012326,0.022617213295179395,0.39504072198987455,0.07059432093330398,0.04649130530486463,0.029495927801012546,0.20040721989874533,0.16891481399955977,0.24134712744882236,-0.039165749504732554,0.08205370900286155,0.00388069557561083,-0.05634602685450143,-0.009517939687431212,-0.22465111160026413,-0.1634294519040282,-0.014959278010125468,0.04694695135373102,-0.03543693594541052,0.09661016949152543,-0.020182698657274928,0.15998899405679068,-0.04098613251155624,0.29610169491525423,-0.023605546995377504,0.1887805414924059,-0.3541602465331279,-0.09625797930882676,-0.11349108518600044,0.0563746423068457,-0.06331278890600925,0.00785824345146379,-0.20167290336781862,-0.21391151221659696,0.3662931983270966,0.18138234646709223,0.10730794629099714,-0.1670856262381686,-0.06000333480263665,-0.2814483821263482,0.21810477657935284,0.06380585516178737,0.08580453444860224,0.32279991195245433,-0.08675985031917235,-0.02804534448602245,-0.2248117983711204,0.00046445080343385426,-0.28222760290556903,0.09600924499229584,0.0099801893022232,0.050165089148139996,-0.1368633061853401,0.10788685890380806,0.14464891041162228,0.30970724191063176,0.14297600704380364,-0.10997138454765573,-0.023858683689192164,0.09871010345586617,0.043341404358353514,0.12607968302883557,-0.06134932863746423,0.05229583975346687,-0.17715606427470834,0.18184679727052608,-0.04386528725511776,0.28759189962579795,0.07029936165529387,0.21790666960158486,0.48110059432093333,0.3146401056570548,0.4813493286374642,0.30883116883116885,0.3104160246533128,0.20773057451023552,0.2278516398855382,-0.2660246533127889,-0.08863746423068457,-0.10527624917455426,-0.1705480959718248
#17,0.25183138895003304,0.07253356812678846,0.23850099053488885,0.3785031917235307,1.0,0.2970988333700198,-0.07903147699757869,-0.06794849218578032,-0.1088729914153643,0.08055469953775038,-0.06967422408100374,0.07342945190402818,0.1478318291877614,0.15447281532027296,-0.2411798371120405,-0.06493946731234866,0.34211974466211753,0.299537750385208,-0.3190777019590579,0.13501871010345587,-0.17391371340523884,0.012859344045784723,0.04553158705701078,-0.21147479639005062,0.029784283513097073,-0.015335681267884657,-0.144983491085186,-0.07059432093330398,0.02524763372220999,-0.02202509355051728,0.2887981510015408,-0.07781201848998459,0.2235659255998239,-0.058058551617873655,0.12703940127668942,-0.125016508914814,0.06576931543033238,-0.048373321593660576,0.13510015408320494,-0.31200088047545677,0.04689412282632622,-0.016026854501430772,-0.11669161347127449,-0.11405018710103455,0.03165529385868369,-0.25632621615672463,-0.07020030816640986,0.016169931763152103,-0.09955095751705921,0.0005326876513317191,-0.030968523002421307,-0.002055910191503412,-0.07463570327977108,0.07176975566806075,-0.061626678406339425,-0.007490644948272067,-0.18689412282632623,-0.046260180497468634,-0.016200748404138234,0.18437816420867267,-0.08339863526304205,-0.04637904468412943,-0.06933524103015629,0.023506493506493507,0.1316354831609069,0.2533348007924279,0.3094981289896544,0.01898084965881576,-0.057573221204730934,0.0032533568126788467,0.24733215936605768,0.07690512876953555,-0.08240149680827646,0.09016508914813999,0.06905789126128109,0.2131961259079903,0.06556240369799692,0.3004204270305965,-0.0027646929341844594,0.15649570768214835,0.03239489324235087,0.2825291657495047,0.026154523442659037,0.24804534448602245,0.4442460928901607,0.09693814659916355,0.2505833149900947,-0.0878846577151662,0.05106317411402157,0.22412282632621616,0.220066035659256,0.35503852080123266,0.3681928241250275,0.050763812458727714,-0.10052828527404799,0.2546555139775479,-0.0824389170151882,0.09647369579572969,-0.22110939907550076,0.19556020250935505,0.1730508474576271,0.3710697776799472,0.3199867928681488,0.19205811138014528,0.08368919216376844,0.12176315210213515,-0.03959718247853841,-0.14572969403477878,0.0014703940127668942,-0.005115562403697997,0.0007550077041602465
#18,0.32799251595861767,-0.045494166850099056,0.3923332599603786,0.24234646709222982,0.2970988333700198,1.0,0.1226634382566586,-0.029462909971384548,-0.08429451904028175,0.10338322694254898,0.0677988113581334,0.04691613471274488,0.405709883337002,0.02963680387409201,-0.4646136913933524,-0.02177195685670262,0.18285934404578472,0.3395333480079243,-0.39446841294298923,0.132260620735197,-0.22441998679286815,0.3537838432753687,-0.02441778560422628,0.1939753466872111,-0.1792956196346027,0.2885714285714286,-0.0837442218798151,0.364785384107418,0.13013427250715387,0.3062887959498129,0.11983491085186,0.19056350429231786,0.12652432313449263,0.109768875192604,0.09789566365837553,0.22783843275368698,0.05360774818401937,-0.1190777019590579,0.28427470834250496,0.020400616332819723,-0.001560642747083425,-0.10433414043583535,0.0663416244772177,-0.09982390490865067,0.05448822364076601,-0.05923398635263042,-0.07316310807836232,-0.034327536869909754,-0.10730794629099714,0.22952234206471495,0.11422628219238389,0.3666123706801673,-0.03726612370680167,0.37888399735857364,-0.08450143077261721,0.28061633281972265,-0.14513317191283293,0.19080123266563945,-0.05044904248294079,0.4830068236847898,-0.05063614351749945,-0.10224961479198767,-0.15920096852300242,-0.07838652872551177,0.3187012987012987,0.05785604226282193,-0.09560202509355052,-0.17129650011005942,-0.42390734311438466,-0.2668589038080563,-0.04809377063614352,-0.05865947611710324,-0.0875148580233326,0.0937574290116663,-0.05529385868368919,0.11396874312128549,0.022445520581113803,0.20410301562843935,-0.1498877393792648,0.016984371560642746,-0.06052828527404799,0.26409200968523,0.06788906009244992,0.02312128549416685,-0.10698657274928461,0.07775038520801232,-0.00895443539511336,0.17531807175874972,0.16941668500990534,-0.04590799031476998,0.23377723970944309,-0.00809156944750165,0.11727272727272728,0.06828967642526965,0.037889060092449925,0.2184195465551398,0.14975346687211094,0.25121505613031037,-0.011518820162887959,0.16716927140655954,0.3639159145938807,0.45116883116883116,0.30630640545894783,0.17483381025753908,0.2623178516398855,0.10453004622496148,0.2670349988994057,0.005628439357252916,-0.06441778560422629,-0.1417521461589258,-0.13195685670261942
#26,0.09764472815320273,0.14987233105877174,0.2735923398635263,0.02779881135813339,-0.07903147699757869,0.1226634382566586,1.0,0.23104336341624476,0.3096346026854501,0.2679440898084966,0.4242989214175655,0.07069557561082984,0.031822584195465554,0.1353400836451684,0.0823464670922298,-0.18049086506713624,0.3122562183579133,0.19702839533348007,0.022980409421087387,-0.12304644508034339,0.2734074400176095,-0.1520162887959498,0.14194364957076822,-0.38121725731895223,0.15046445080343385,-0.32085406119304427,0.13716927140655955,0.0449108518600044,0.10356152322254017,-0.05485582214395774,-0.00961699317631521,0.07479418886198547,0.05982610609729254,0.018478978648470173,0.03465991635483161,-0.131666299801893,-0.04619194364957077,-0.11096632181377944,0.01465331278890601,-0.13227162667840633,0.25585075941008145,-0.22836011446180937,0.05741140215716487,-0.18249394673123487,0.0488135593220339,-0.30387409200968524,-0.13755007704160246,-0.11666079683028835,-0.13149460708782743,-0.02504072198987453,-0.0273959938366718,0.08600044023772838,-0.014336341624477217,0.05037200088047546,0.08858023332599604,-0.006431873211534229,-0.09474576271186441,-0.23141536429672022,0.12796390050627338,0.008655073739819502,0.062339863526304204,-0.03212854941668501,-0.06752586396654194,-0.07092449922958398,-0.020627338762931983,0.0009156944750165089,0.024805194805194806,-0.06987673343605547,0.19700208947949796,-0.031415364296720226,0.416913933524103,0.31804974686330617,0.06930002201188643,0.1955359894342945,-0.18392031697116443,-0.1614307726172133,-0.1412392692053709,-0.14635703279771076,0.0702245212414704,-0.22591459388069557,-0.06488663878494387,-0.07331499009465112,-0.10957737178076161,-0.023006823684789787,-0.02358133392031697,0.12574950473255558,-0.077475236627779,-0.10268545014307726,-0.09772837332159366,0.11367158265463351,-0.14364957076821483,-0.21685009905348887,-0.19094210873871892,-0.0686484701738939,0.023999559762271628,0.09858683689192163,-0.027946290997138454,0.1992824125027515,-0.00017829627999119526,0.04078582434514638,-0.01140215716486903,0.13139335241030156,0.11083865287255118,0.19601584855822143,0.006462689852520361,0.19970063834470614,-0.002190182698657275,0.06923398635263042,-0.11648690292758089,0.0913119084305525,0.060620735197006385
#49,0.515989434294519,0.38434954875632843,-0.06459608188421748,0.013590138674884438,-0.06794849218578032,-0.029462909971384548,0.23104336341624476,1.0,0.5059806295399516,0.2643055249834911,0.540924499229584,0.40583755227823026,0.051331719128329296,0.1137904468412943,0.030598723310587717,-0.20716266784063395,0.02184459608188422,-0.21850539291217258,0.24130970724191064,0.0033766233766233766,0.0764142637023993,-0.2094805194805195,-0.14652872551177637,-0.3041140215716487,-0.26418225841954657,-0.38687211093990753,-0.09706141316310808,-0.10764252696456086,0.17446621175434734,-0.024069997798811357,-0.2107440017609509,0.029830508474576273,-0.4458441558441558,-0.4040413823464671,0.019641206251375744,0.09460488663878494,-0.04779440898084966,-0.12474796390050627,-0.3468280871670702,-0.20059872331058773,0.30085846357032797,0.009680827646929341,0.1333678186220559,-0.08966541932643628,-0.05054589478318292,-0.15619854721549636,-0.13852740479859124,-0.2237244111820383,0.02745102355271847,-0.09591019150341185,0.045357693154303325,0.0032203389830508474,-0.21899625797930883,-0.22211754347347568,-0.21458947831829187,-0.24961038961038962,0.045421527624917454,-0.0858925819942769,0.0801254677525864,-0.3189060092449923,-0.09335020911292098,0.10508254457407,-0.03279771076381246,-0.012176975566806076,0.12206471494607088,0.08796169931763152,-0.21754567466431873,-0.0463152102135153,0.15709451744142675,0.08224741360334581,0.18127008584635704,0.1466255778120185,0.07666079683028836,0.16592780101254678,-0.06350209112920978,-0.11760290556900727,-0.11374862425709883,-0.256370239929562,-0.06938806955756108,-0.46928461369139335,-0.14279330838652873,0.0923068456966762,-0.02288795949812899,-0.18266123706801674,-0.025192604006163327,-0.19188861985472155,-0.16289016068677087,0.0026260180497468632,-0.07947171472595202,0.06712084525643848,-0.06584635703279772,-0.22167730574510236,-0.3213779440898085,-0.1758287475236628,0.05820603125687871,-0.1825313669381466,-0.29712965001100594,-0.05681047765793529,-0.1161897424609289,-0.29458947831829185,-0.29736517719568567,-0.17083645168390932,-0.17240149680827646,-0.45888179616993174,-0.39856702619414486,-0.5174796390050628,-0.44332599603786044,-0.23466431873211535,0.25631080783623156,0.09094210873871891,0.03385208012326656
#50,0.07358793748624257,0.21403697996918336,-0.0028043143297380585,-0.15104996698217038,-0.1088729914153643,-0.08429451904028175,0.3096346026854501,0.5059806295399516,1.0,0.3606471494607088,0.5781576051067576,0.1529407880255338,0.10969623596742241,0.03512436715826547,0.18792648029936165,-0.20680827646929342,0.16803874092009685,-0.1834690732995818,0.1203896103896104,-0.319966982170372,0.42250275148580235,-0.2574818401937046,0.2175941008144398,-0.1807572088928021,0.22036759850319174,-0.27579132731675104,0.1891701518820163,-0.1275280651551838,0.02455646048866388,-0.11643627558881796,-0.30417785604226283,0.08064714946070878,-0.09970944309927361,-0.00020911292097732775,-0.07623156504512436,-0.12775258639665418,0.1224455205811138,-0.15363416244772177,-0.09977327756988774,0.08588157605106758,0.12112700858463571,-0.14138234646709222,0.17741800572309047,-0.043444860224521244,0.006097292537970504,-0.04151221659696236,0.06104556460488664,-0.0872176975566806,-0.08338322694254897,-0.27696456086286597,-0.06012326656394453,-0.2509751265683469,-0.013709002861545234,-0.06295619634602685,0.04012106537530266,-0.0664208672683249,0.039918556020250934,-0.3737068016729034,-0.164884437596302,-0.28944309927360773,0.07123706801672904,0.1453378824565265,-0.03438917015188202,0.011153422848338103,0.07942769095311468,0.04580233325996038,-0.22640325775918996,-0.1416861104996698,0.025698891535823578,-0.018415144177856044,0.04022011886418666,-0.06939027074620295,0.049975786924939467,0.002357473035439137,-0.09714725952014087,-0.19649130530486464,-0.10448382126348228,-0.3414175654853621,0.2583314990094651,-0.4389478318291878,0.029784283513097073,-0.039498128989654414,0.002784503631961259,-0.1998745322474136,-0.117310147479639,0.01950693374422188,-0.11696235967422408,-0.023409641206251375,-0.051395553598943426,0.08238608848778341,0.082689852520361,-0.3185075941008144,-0.2778934624697337,-0.17065595421527624,-0.07254237288135593,0.05487343165309267,-0.11315650451243671,0.010416024653312789,-0.2274818401937046,-0.0896500110059432,-0.23699537750385208,-0.03580233325996038,-0.02943649570768215,-0.10966321813779441,-0.037292537970504074,-0.1857935285053929,-0.09147259520140875,0.10809817301342725,-0.005320272947391591,0.06157825225621836,0.11617653532907771
#51,0.30506493506493504,0.4042526964560863,0.3579661016949153,0.43680827646929343,0.08055469953775038,0.10338322694254898,0.2679440898084966,0.2643055249834911,0.3606471494607088,1.0,0.3746687211093991,0.22192163768434955,0.17183359013867489,-0.0688597842835131,-0.10222980409421087,-0.18596081884217477,0.3829253797050407,0.12017389390270747,-0.07313229143737618,-0.15719348448162007,0.0018093770636143517,-0.12929561963460268,0.20891041162227603,-0.19625797930882677,0.10656834690732996,-0.2548624257098833,0.010911292097732776,0.0790843055249835,0.11538630860664759,-0.05089808496588158,0.11271846797270527,-0.00789786484701739,0.17189082104336342,-0.025544794188861984,0.024290116662998018,-0.02848117983711204,0.12091349328637464,-0.018732115342284833,0.20026854501430771,-0.043702399295619636,-0.02782742681047766,-0.19688091569447502,-0.04821483601144618,-0.13287695355491966,-0.015947611710323575,-0.25614131631080783,0.07913713405238829,-0.026823684789786483,-0.0996566145718688,-0.140726392251816,-0.005513977547875853,-0.05805194805194805,0.05158265463350209,0.10526304204270306,0.08724851419766674,0.07912612810917896,-0.1090248734316531,-0.21577151661897426,-0.08310587717367378,-0.10382126348228043,-0.11644508034338542,-0.08648910411622276,-0.37292317851639883,-0.20900066035659257,0.2744441998679287,0.38935725291657497,0.053801452784503635,-0.23300242130750606,-0.07294743173423499,-0.13738718908210434,0.21988994056790667,-0.011016949152542373,0.18316751045564605,0.2312194585075941,-0.2187012987012987,-0.03399295619634603,-0.2523178516398855,-0.09531146819282413,0.06565045124367158,-0.18211314109619195,-0.13079242791107198,0.05580893682588598,0.07674884437596302,0.10972925379705041,0.03533348007924279,0.12176755447941888,-0.05147699757869249,-0.06469073299581775,-0.07953114681928242,0.2720647149460709,-0.06946511116002642,0.016685009905348887,-0.19551617873651772,-0.030283953334800794,-0.1066585956416465,0.28238828967642526,-0.1013383226942549,0.246847897864847,-0.08213735417125248,0.02784503631961259,0.018633061853400835,0.3278956636583755,0.19890821043363416,0.04590138674884438,0.13957076821483602,0.005307065815540392,0.08006163328197226,-0.25278450363196125,-0.08223860884877834,-0.016724631300902487,0.049568567026194145
#52,0.2192868148800352,0.33270526084085406,0.21360994937266123,-0.12123046445080343,-0.06967422408100374,0.0677988113581334,0.4242989214175655,0.540924499229584,0.5781576051067576,0.3746687211093991,1.0,0.25427250715386307,0.19516618974246092,0.039412282632621615,-0.0250561303103676,-0.3517235307065816,0.21784503631961258,-0.07490865067136254,0.1095971824785384,-0.19343165309267005,0.2880409421087387,-0.1621351529826106,0.2032951793968743,-0.21250055029716047,0.0052696456086286595,-0.23001100594320933,0.17645168390931104,0.14591679506933744,0.13003742020691172,0.028069557561082984,-0.12297820823244553,0.13304204270305967,-0.11441558441558441,-0.011815980629539952,-0.07054369359454105,-0.05880915694475017,-0.044915254237288135,-0.24143957737178076,-0.05519700638344706,-0.02955095751705921,0.11010345586616772,-0.052309046885318074,0.07184679727052608,-0.16403477878054148,0.01824125027514858,-0.1736649790887079,0.15026634382566587,0.06452564384767774,0.050942108738718905,-0.02932423508694695,0.1738828967642527,0.009729253797050407,0.21386748844375963,0.08445520581113801,0.08319832709663218,0.005403918115782522,-0.019368258859784285,-0.37355051727933086,0.06036319612590799,-0.1905150781421968,-0.087112040501871,0.10196566145718688,-0.09423948932423509,-0.04670261941448382,0.1535130970724191,-0.05609289016068677,-0.11143077261721329,-0.04480959718247854,0.009777685327805425,-0.10294078802553379,0.2318071758749725,0.07523002421307506,0.08040942108738719,0.11125467752586396,-0.34823244552058114,-0.2951639885538191,-0.3077525863966542,-0.34948932423508694,0.17349548756328417,-0.2984789786484702,0.13177415804534448,0.03792648029936165,0.03871230464450803,-0.0777988113581334,-0.11739819502531366,-0.07826326216156725,-0.17685890380805636,0.06808276469293419,0.010913493286374643,0.2137310147479639,-0.09121725731895224,-0.3331587057010786,-0.3743165309267004,-0.08743781642086727,-0.09309487123046445,0.15997798811358133,-0.11202289236187542,0.19516398855381906,0.09035879374862425,0.03577591899625798,-0.059295619634602684,0.17738718908210432,-0.21538190622936385,-0.05269645608628659,0.051067576491305305,-0.1449900946511116,-0.0041954655513977545,-0.10470614131631081,0.22826326216156725,0.05340303764032578,-0.014842615012106538
#53,0.20319612590799033,0.22130970724191062,-0.1933964340744002,0.12024653312788906,0.07342945190402818,0.04691613471274488,0.07069557561082984,0.40583755227823026,0.1529407880255338,0.22192163768434955,0.25427250715386307,1.0,0.5274268104776579,0.10282632621615673,-0.21266563944530045,-0.17325775918996258,0.07103896103896104,-0.02261501210653753,-0.07826546335020912,-0.07950913493286374,-0.1280497468633062,-0.2559652212194585,-0.09667180277349768,-0.09773057451023552,-0.26751045564604886,-0.18364296720228923,-0.19558441558441558,-0.016861104996698215,0.5347105436935945,0.29149900946511115,0.3225643847677746,-0.04526744441998679,-0.06997798811358133,-0.10414043583535108,0.46825005502971606,0.2367620515078142,0.06619194364957076,0.006812678846577152,-0.2236979969183359,-0.19521681708122385,0.17353070658155403,0.11052388289676425,0.1856416464891041,-0.07150121065375303,-0.1522077922077922,-0.12207792207792208,-0.2298547215496368,-0.18827867048206032,0.08990975126568347,0.11836671802773498,0.012729473915914594,-0.0112854941668501,-0.21788685890380804,-0.1112590799031477,-0.22645828747523664,-0.1574950473255558,-0.12209553158705701,-0.055095751705921195,-0.020633942328857582,-0.12766894122826325,0.05729914153642967,-0.09771076381245873,-0.022780101254677526,0.0634338542813119,0.15320713185119963,0.059456306405458945,0.1825379705040722,0.20302223200528285,-0.2227846262297422,-0.01475676865507374,-0.055916795069337444,-0.1530398415144178,-0.15889500330178297,0.0765199207572089,-0.1368038740920097,-0.06447721769755668,-0.07140215716486903,-0.27260620735197005,0.05348228043143297,0.01486022452124147,-0.03694254897644728,0.18845916795069337,0.35590138674884436,0.20617213295179396,0.2148778340303764,0.04335020911292098,0.015452344265903587,0.09416905128769536,0.047241910631741144,0.3396169931763152,-0.022273827867048207,-0.07175434734756769,-0.20880475456746644,-0.01060312568787145,-0.18167070217917675,0.1599405679066696,-0.08961919436495708,0.11861985472154964,-0.10943429451904028,0.06687431212854941,-0.07359674224081003,0.2215760510675765,-0.07757649130530486,-0.21500770416024653,-0.18268104776579352,-0.04684789786484702,-0.1446467092229804,-0.1809685230024213,0.09913713405238829,0.24052168170812238,-0.12116222760290557
#54,0.0784503631961259,0.05507373981950253,-0.03791547435615232,-0.03101254677525864,0.1478318291877614,0.405709883337002,0.031822584195465554,0.051331719128329296,0.10969623596742241,0.17183359013867489,0.19516618974246092,0.5274268104776579,1.0,-0.07296720228923619,-0.3768434954875633,-0.1519832709663218,0.09232885758309486,0.044138234646709226,-0.37403918115782525,-0.0976271186440678,-0.09402597402597403,0.04490644948272067,0.0749306625577812,0.050631741140215715,-0.09483601144618094,0.05203609949372661,-0.07177415804534448,0.26032577591899625,0.4896346026854501,0.3414703940127669,0.37537530266343827,0.02530266343825666,0.007776799471714726,-0.08220118864186661,0.26306185340083643,0.10577591899625798,0.005454545454545455,-0.33131631080783625,-0.07280431432973807,-0.16026634382566585,0.032117543473475674,-0.07890600924499229,0.07774598283072859,-0.13985692273827868,0.03686330618534008,-0.11453444860224521,-0.17359013867488443,-0.20522562183579132,0.16288575830948712,0.05702399295619635,0.05272507153863086,0.10351529826106097,-0.1347787805414924,0.12779661016949154,-0.20221659696235966,0.004184459608188422,0.07308826766453885,0.045558001320713186,0.0849438696896324,0.23949812898965442,0.08791107197886859,-0.13383887299141536,-0.1609222980409421,0.06755227823024433,0.15704820603125688,-0.005813339203169712,0.10119524543253357,0.09620074840413824,-0.5153986987666963,-0.2629011666299802,-0.2548007924279111,-0.49377944089808495,-0.2775038520801233,-0.057607307946291,-0.24843275368699097,0.10702619414483822,-0.06181157825225622,0.02044904248294079,0.17906669601584857,-0.04797490644948272,-0.02823024433193925,0.34179616993176315,0.47916574950473256,0.28108518600044025,0.1116222760290557,0.1481532027294739,0.12063614351749945,0.32905128769535547,0.10551397754787585,0.2832885758309487,0.047270526084085406,0.09839313229143738,-0.00401056570548096,0.1850231124807396,0.005868368919216377,0.29316090688972046,-0.15653092670041824,0.21095531587057012,-0.16962799911952453,0.04801893022232005,0.09007704160246534,0.4641932643627559,-0.023482280431432974,-0.005447941888619854,-0.006304204270305965,0.01989654413383227,0.014519040281752146,-0.02804094210873872,0.020832049306625577,0.22429011666299803,-0.022837332159366057
#58,0.16577151661897424,-0.2073893902707462,-0.16558881796169933,-0.006456086286594762,0.15447281532027296,0.02963680387409201,0.1353400836451684,0.1137904468412943,0.03512436715826547,-0.0688597842835131,0.039412282632621615,0.10282632621615673,-0.07296720228923619,1.0,0.02108958837772397,0.19089368258859785,0.017415804534448603,-0.14188201628879596,0.036079683028835574,0.16964120625137574,0.008087167070217918,0.026887519260400616,-0.17516398855381907,-0.03949592780101255,-0.039491525423728815,-0.030675764913053048,-0.17300462249614793,-0.14407219898745321,-0.07500770416024653,-0.16437376183138894,-0.27483381025753906,-0.11911732335461149,-0.25054369359454104,-0.14083645168390932,0.03605326876513317,-0.04628659476117103,0.11608188421747744,0.24847017389390272,-0.12924719348448163,-0.14976007043803655,0.1385890380805635,0.0037596302003081662,0.17196786264582875,0.19075720889280212,0.19333920316971165,-0.02169271406559542,-0.14776579352850538,-0.003649570768214836,-0.06666740039621395,-0.017950693374422188,-0.06685230024213075,-0.18876513317191285,-0.13222320052828526,-0.2609861325115562,0.060777019590578914,-0.2807131851199648,-0.009185560202509355,0.11804094210873872,-0.014433193924719348,-0.13359674224081003,0.12822364076601364,0.12957517059211973,0.25164428791547433,0.13928241250275147,-0.3173035439137134,0.22156724631300903,0.18557781201849,0.09315870570107858,0.14887747571952273,0.2701122606207352,0.10004182258419547,0.18845256438476776,-0.034305524983491084,0.2413515298261061,0.21719348448162007,-0.033495487563284174,0.20825885978428352,-0.008095971824785385,0.09031476997578693,0.05451683909311028,0.01476997578692494,-0.26158485582214397,-0.11928461369139336,-0.20622055910191503,0.10774598283072859,-0.01162887959498129,-0.05384107418005723,-0.317475236627779,-0.11014968082764692,-0.0961435174994497,-0.1961765353290777,-0.05348888399735857,0.09705260840854062,0.03573189522342065,-0.18629319832709662,-0.04197006383447061,0.2753070658155404,-0.28486242570988335,-0.26840633942328856,-0.19824345146379044,-0.24299361655293858,-0.1474158045344486,-0.0661765353290777,-0.28135593220338984,-0.3469359454105217,-0.21517279330838654,-0.28615232225401716,0.1488201628879595,0.13130970724191063,0.025518379925159585,-0.02550297160466652
#101,-0.2644287915474356,0.04732115342284834,-0.22930442438917015,-0.1829451904028175,-0.2411798371120405,-0.4646136913933524,0.0823464670922298,0.030598723310587717,0.18792648029936165,-0.10222980409421087,-0.0250561303103676,-0.21266563944530045,-0.3768434954875633,0.02108958837772397,1.0,0.07737178076161128,-0.30074180057230904,-0.37743781642086727,0.6984899845916795,-0.10996257979308827,0.5723662777900066,-0.29149240589918557,0.2196632181377944,-0.23613471274488224,0.4009971384547656,-0.13110279550957518,0.1463350209112921,-0.3628483381025754,-0.35421527624917454,-0.3626832489544354,-0.4285494166850099,-0.16731895223420648,-0.09215276249174555,0.09127668941228263,-0.07182698657274929,-0.219405679066696,0.28993836671802775,0.1595641646489104,0.05062293638564825,0.2773805855161787,0.1363416244772177,-0.10391371340523883,0.06834690732995818,0.11198327096632181,-0.07219238388729914,0.21015408320493068,0.01742460928901607,0.01413383226942549,-0.1754655513977548,-0.26488003521901826,-0.30438696896324013,-0.3542262821923839,0.005712084525643848,-0.30587497248514195,0.29650891481399955,-0.09212634822804314,0.055020911292097734,-0.18156504512436716,-0.2319986792868149,-0.30907770195905787,-0.21226942548976446,-0.01691833590138675,0.1351948051948052,0.04267664538850979,-0.36244111820383007,-0.2523398635263042,-0.17986572749284613,-0.0747391591459388,0.5730896836285722,0.1955359894342945,0.015738498789346248,0.13987893462469733,0.17244552058111381,-0.24590358793748623,0.05693814659916355,-0.32590799031476997,-0.13035439137134053,-0.3307880255337882,0.2600726392251816,-0.279900946511116,0.12642086726832488,-0.29368699097512657,-0.16925379705040722,-0.2179308826766454,-0.09256878714505833,-0.2867312348668281,-0.20440237728373323,-0.22589698437156064,-0.201930442438917,-0.10178076161127009,-0.3142703059652212,-0.3122143957737178,-0.26297600704380364,-0.446337222099934,-0.12468412942989214,-0.395478758529606,-0.08086946951353731,-0.5680739599383667,0.023656174334140436,-0.2747457627118644,-0.35069557561082987,-0.618745322474136,-0.25712084525643847,-0.18159366057671142,-0.15958397534668722,-0.23572749284613692,-0.10226282192383887,-0.02479418886198547,0.003341404358353511,-0.16424389170151882,0.0137244111820383
#102,0.011380145278450363,-0.005403918115782522,-0.08647589698437157,-0.023816861104996697,-0.06493946731234866,-0.02177195685670262,-0.18049086506713624,-0.20716266784063395,-0.20680827646929342,-0.18596081884217477,-0.3517235307065816,-0.17325775918996258,-0.1519832709663218,0.19089368258859785,0.07737178076161128,1.0,-0.4172066916134713,-0.02639665419326436,0.16124147039401276,0.5504710543693595,-0.35908650671362535,0.4630904688531807,-0.3642262821923839,0.35137574290116663,-0.20235527184679727,0.08376183138895003,-0.5920206911732335,-0.3372969403477878,-0.027902267224301124,0.0414373761831389,-0.08589698437156064,-0.005428131190843055,-0.2389258199427691,-0.07551617873651773,0.0975016508914814,0.2576007043803654,-0.045478758529605985,0.34023552718467975,0.010244331939247193,0.19130970724191063,-0.014039181157825226,0.03154963680387409,0.15252256218357912,0.3812590799031477,-0.2045278450363196,0.3762953995157385,-0.3305524983491085,-0.31449482720669164,-0.18803433854281312,-0.21241030156284393,-0.20925599823904908,-0.24375963020030816,-0.3593462469733656,-0.2376535329077702,-0.20628439357252917,-0.09909311027955096,-0.2235989434294519,0.4780607528065155,-0.2873299581774158,-0.05747083425049527,-0.13129429892141756,0.12555800132071318,0.28137354171252477,0.23294078802553378,-0.10527404798591239,-0.1024389170151882,0.09140435835351089,0.08138674884437597,0.2874302704327259,0.500594320933304,-0.030471054369359454,0.14028835571208453,0.277079022672243,0.028963240149680828,0.49933964340744,0.19523662777900067,0.3486044464010566,0.20627779000660357,-0.32682368478978646,0.36376183138895,-0.10208892802113141,-0.3181752146158926,-0.10461809377063615,-0.2019436495707682,-0.03801452784503632,-0.1635593220338983,-0.21567906669601586,-0.2723046445080343,-0.01572309046885318,-0.3359211974466212,-0.12541272287035,-0.09667180277349768,0.051970063834470615,-0.19599383667180278,-0.19443539511336122,-0.3601584855822144,0.24547435615232224,-0.2428813559322034,0.07778120184899846,-0.15791107197886858,-0.18201188641866609,-0.2220977327756989,-0.026361435174994497,-0.22400396213955537,-0.1577790006603566,-0.15535108958837773,-0.18184239489324236,0.1956218357913273,0.0900396213955536,-0.16452124147039401,-0.2189984591679507
#201,0.2499867928681488,0.08590358793748624,0.45718908210433634,0.2590843055249835,0.34211974466211753,0.18285934404578472,0.3122562183579133,0.02184459608188422,0.16803874092009685,0.3829253797050407,0.21784503631961258,0.07103896103896104,0.09232885758309486,0.017415804534448603,-0.30074180057230904,-0.4172066916134713,1.0,0.37457627118644066,-0.31631080783623156,-0.25176095091349326,0.16953334800792427,-0.1508958837772397,0.32720228923618755,-0.2532049306625578,0.11283072859344045,-0.14797270526084086,0.33760290556900724,0.13844816200748405,0.11851639885538191,-0.11871670702179177,0.23453004622496149,0.004968082764692934,0.2838300682368479,0.13737838432753688,-0.0022496147919876734,-0.07466872110939908,0.03780541492405899,-0.03685230024213075,0.16504512436715826,-0.15517719568567026,-0.11547875852960598,-0.17040501871010347,-0.23984151441778562,-0.17956416464891042,-0.016401056570548096,-0.2849966982170372,0.29311027955095753,0.3311138014527845,-0.03841074180057231,0.2014769975786925,0.3214131631080784,0.22693814659916356,0.3657957296940348,0.24393352410301564,0.22814880035219018,0.13557781201848998,-0.07714725952014087,-0.3028087167070218,0.16169271406559543,0.07819282412502751,-0.02367378384327537,-0.1686946951353731,-0.41372000880475457,-0.2263416244772177,0.2514571868809157,0.36118203830068235,0.07848558221439578,-0.19523882896764252,-0.09476232377413045,-0.21458507594100815,0.4154435395113361,0.24048206031256877,-0.06507373981950253,0.2675368699097513,-0.3504820603125688,-0.07869029275808936,-0.28726612370680166,-0.012920977327756988,0.0914902047105437,-0.018406339423288575,-0.027710763812458728,0.10483381025753907,0.1015364296720229,0.16302883557120845,0.197640325775919,0.13961479198767335,0.04366057671142417,0.018448162007484042,-0.1480299361655294,0.20436935945410523,0.041697116442879156,0.14738058551617875,-0.1791745542593,0.13671802773497688,0.021320713185119966,0.528778340303764,-0.08322474136033459,0.43617873651771955,0.03993616552938587,0.15238828967642526,0.19833590138674884,0.5271494607087828,0.31959938366718027,0.4591679506933744,0.28283072859344044,0.3018049746863306,0.177012987012987,-0.1079572969403478,-0.2919788685890381,-0.04455646048866388,0.03265243231344926
