,#10,#11,#12,#13,#17,#18,#26,#49,#50,#51,#52,#53,#54,#58,#101,#102,#201,#202,#301,#302,#401,#402,#501,#502,#601,#602,#701,#702,#801,#802,#901,#902,#1001,#1002,#1101,#1102,#1201,#1202,#1301,#1302,#1401,#1402,#1501,#1502,#1601,#1602,#1701,#1702,#1801,#1802,#1901,#1902,#2001,#2002,#2101,#2102,#2201,#2202,#2301,#2302,#2401,#2402,#2501,#2502,#2601,#2602,#2701,#2702,#2801,#2802,#2901,#2902,#3001,#3002,#3101,#3102,#3201,#3202,#3301,#3302,#3401,#3402,#3455,#3501,#3502,#3601,#3602,#3701,#3702,#3801,#3802,#3901,#3902,#4001,#4002,#4101,#4102,#4201,#4202,#4301,#4302,#4401,#4402,#4501,#4502,#4601,#4602,#4701,#4702,#4801,#4802
#10,1.0,0.5939071098393133,0.420363196125908,0.24360774818401937,0.20261941448382126,-0.010305965221219458,0.04219898745322474,0.7101716927140655,0.3872859344045785,0.3959388069557561,0.3042130750605327,0.17177195685670263,0.03350869469513537,0.03287475236627779,-0.4099207572088928,0.03905348888399736,0.21299581774158044,0.22796610169491524,0.1945806735637244,0.06486462689852521,-0.14945410521681707,0.15888179616993175,-0.18499449702839532,0.017699757869249395,-0.12799691833590138,-0.04157384987893462,0.2703433854281312,0.16760290556900725,0.13678626458287474,0.1807836231565045,-0.14527624917455426,-0.023348007924279112,-0.12119744662117543,-0.02758529605987233,-0.021008144397974906,-0.1248580233325996,-0.3458067356372441,-0.08594981289896544,-0.34216596962359674,-0.1110477657935285,0.047431212854941666,0.10260180497468634,-0.2100066035659256,-0.10391371340523883,-0.382458727712965,-0.1911402157164869,0.20686110499669821,0.18691173233546116,0.3517015188201629,-0.27884437596302003,0.13558441558441559,-0.07288355712084525,0.09966982170372,0.046185340083645166,-0.25623376623376626,-0.013020030816640986,-0.4939159145938807,-0.5170261941448382,-0.2890777019590579,-0.2790314769975787,0.12990314769975786,0.011754347347567686,-0.1233612150561303,-0.10817521461589258,0.5271626678406339,0.15220999339643407,-0.15154083204930663,-0.12435174994497028,0.06303103675985032,-0.1552410301562844,0.24517719568567026,0.3120757208892802,-0.29016729033678185,0.037992515958617655,-0.512161567246313,-0.3273629760070438,-0.3265001100594321,-0.0735791327316751,-0.14211093990755008,0.12381906229363857,0.03650891481399956,0.09704600484261501,0.011067576491305305,0.13832929782082323,0.12024653312788906,0.26889500330178295,0.23499229583975348,0.18485362095531588,0.10157384987893463,0.05484701738939027,0.10673563724411182,-0.05763812458727713,-0.09031476997578693,0.05119084305524983,-0.21421087387189083,0.19076161127008584,0.16230904688531808,0.3022826326216157,0.48140876073079464,0.27855822143957737,0.21592780101254677,0.115181598062954,-0.18108958837772396,0.057123046445080344,-0.08430112260620735,-0.0006537530266343826,0.16218578032137354,0.04713625357693154,0.0424191063174114,0.07782522562183579,-0.23903587937486243
#11,0.5939071098393133,1.0,0.4600396213955536,0.428895003301783,0.27246973365617433,-0.008012326656394453,0.23659476117103237,0.3684723750825446,0.4071824785384107,0.4764913053048646,0.4137750385208012,0.003623156504512437,-0.0891833590138675,0.0599537750385208,-0.26979528945630643,0.2200198106977768,0.05345586616773058,0.2567510455646049,0.29694915254237286,0.13744441998679288,-0.3136319612590799,0.1082984811798371,-0.16998459167950694,0.2774818401937046,-0.13861325115562403,0.26668721109399074,0.10783623156504513,0.06563724411182038,0.13769755668060754,0.25784723750825445,-0.16919436495707682,0.08764692934184459,-0.018410741800572308,0.21063614351749946,-0.03957076821483601,-0.028327096632181376,-0.27198106977767994,0.1729473915914594,-0.29842835130970724,0.08992295839753467,-0.04463350209112921,0.06422848338102576,-0.09952014087607308,0.01700198106977768,-0.21540832049306627,0.03993616552938587,0.04298701298701299,-0.040840854061193047,0.0739093110279551,-0.1916354831609069,-0.07856702619414484,-0.2789500330178296,-0.06347567686550737,0.01572969403477878,-0.35987893462469733,0.14958617653532907,-0.4228945630640546,-0.2449570768214836,-0.13357473035439138,-0.2031168831168831,-0.00012546775258639664,-0.15113581333920317,-0.07837992515958618,-0.009302223200528285,0.4430442438917015,0.2006383447061413,-0.10276469293418446,0.007701959057891262,0.07095311468192825,0.1676997578692494,0.19102575390710985,0.3128945630640546,-0.21171912832929782,-0.0675610829848118,-0.4902223200528285,-0.4678604446401057,-0.34083425049526744,-0.05712965001100594,-0.10412722870349989,0.16142637023992956,0.05437816420867268,0.10879594981289896,-0.006649790887079022,-0.018983050847457626,-0.039680827646929345,0.12165089148139996,0.035533788245652655,0.24268545014307727,0.1659454105216817,-0.03444419986792868,0.04254677525863967,-0.07454765573409641,-0.030140876073079463,0.2248976447281532,-0.04662557781201849,0.2216729033678186,0.3633920316971164,0.24309046885318072,0.36918115782522565,0.19192383887299141,0.058903808056350426,0.03633061853400837,-0.025053929121725733,0.23782962799911953,0.22595421527624918,0.04960378604446401,0.2389192163768435,-0.02166629980189302,-0.13617213295179398,-0.056927140655954216,-0.18165309267004182
#12,0.420363196125908,0.4600396213955536,1.0,0.43795509575170594,0.014226282192383888,0.011465991635483161,-0.09627338762931983,0.1834932863746423,-0.0006977767994717147,0.3353951133612151,0.22255337882456527,-0.08574069997798811,-0.14047765793528505,-0.3028329297820823,-0.38088047545674664,0.12609949372661236,0.4321373541712525,0.6406361435174994,0.2396984371560643,-0.10948712304644508,-0.4039071098393132,0.18942548976447282,0.1948117983711204,0.26413603345806735,0.253053048646269,0.1593418445960819,0.3259916354831609,0.21907550077041602,-0.04649790887079023,-0.11659696235967422,0.11772617213295179,0.33434514637904467,0.3103896103896104,0.34369579572969405,-0.05957957296940348,-0.11932863746423068,-0.23999779881135813,-0.21888839973585736,-0.16120405018710104,0.1684305524983491,-0.13530266343825667,-0.14273167510455645,-0.4255381906229364,-0.27366277790006605,-0.24349768875192604,-0.19246313009024874,-0.11039621395553599,-0.14943429451904028,0.013838872991415365,-0.0923662777900066,0.18973365617433413,0.10044464010565705,0.13223640766013647,0.31080343385428133,-0.10389390270746203,0.21903587937486244,-0.4342328857583095,-0.5993814659916354,-0.09404578472375083,-0.02117543473475677,0.1561038961038961,0.0836781862205591,-0.4397864847017389,-0.35740479859123925,0.5573893902707462,0.2671538630860665,-0.37640986132511556,-0.3168280871670702,0.12893022232005283,-0.14493286374642306,0.5524433193924719,0.5500550297160467,-0.20335020911292098,0.15325335681267885,-0.6320559101915034,-0.2821417565485362,-0.5162821923838873,0.025701078582434516,-0.11520581113801452,-0.06704820603125689,-0.008800352190182699,-0.18616552938586836,0.09386088487783403,0.13291657495047327,-0.016423068456966762,0.29541272287035,0.3222077922077922,-0.001292097732775699,-0.0653070658155404,-0.26338322694254895,-0.14073959938366717,0.1249240589918556,-0.0150099053488884,0.2465727492846137,0.22601584855822143,0.6623090468853181,0.32567246313009024,0.5476359233986353,0.6191789566365837,0.19398415144177855,0.1944486022452124,0.3698877393792648,0.2585780321373542,0.3333237948492186,0.33198767334360557,0.2351617873651772,0.3794541052168171,0.06289236187541272,-0.04473915914593881,0.0174356152322254,-0.08031256878714506
#13,0.24360774818401937,0.428895003301783,0.43795509575170594,1.0,0.14736517719568568,0.19647149460708782,0.050717587497248515,0.10815540391811579,-0.08260840854061192,0.5843363416244772,0.2551705921197447,-0.0629407880255338,0.19530486462689853,-0.06632621615672463,-0.22747743781642088,0.15837552278230244,0.34055029716046664,0.1350363196125908,0.23227823024433195,0.1823662777900066,-0.3358991855602025,0.23946951353731014,0.03464670922298041,0.35872551177635925,-0.03414483821263482,0.3125379705040722,0.08720889280211314,0.17943649570768214,0.05255998239049087,0.2733017829627999,-0.09005502971604666,-0.010950913493286375,0.029414483821263483,0.30257539071098394,-0.09190402817521462,-0.020988333700198106,-0.057944089808496586,0.20212634822804315,-0.1329341844596082,0.10500110059432094,0.0915958617653533,0.12457627118644068,-0.011672903367818623,-0.04717147259520141,-0.17109619194364958,0.026693814659916354,0.11842394893242351,-0.03363416244772177,-0.04132291437376183,-0.010792427911071979,-0.06461369139335241,-0.1664802993616553,-0.09564604886638785,0.08130970724191063,-0.32024653312788903,0.24747303543913712,-0.25858683689192163,-0.09805855161787365,0.018034338542813118,-0.01135593220338983,-0.10027955095751706,-0.0924323134492626,0.08154523442659035,0.22288355712084526,0.2926150121065375,0.10875192604006163,-0.05037200088047546,0.004818401937046005,-0.11220559101915034,0.0814968082764693,0.04597402597402597,0.22185560202509355,-0.19181157825225623,-0.0902047105436936,-0.30317411402157163,-0.33402377283733214,-0.23493506493506494,-0.05287915474356152,-0.02203609949372661,0.22167950693374422,-0.017440017609509136,0.0962425709883337,0.04769755668060753,-0.08156064274708343,-0.08032797710763813,-0.1511798371120405,-0.09683469073299582,0.21423288575830948,0.15848117983711205,-0.008633061853400837,0.18180277349768875,-0.11326436275588818,0.028569227382786704,0.07580453444860225,0.028285274047985913,0.08733876293198327,0.3928747523662778,0.1643187321153423,0.12097952894563065,0.1803764032577592,0.015698877393792648,0.1000462249614792,0.09437376183138894,0.1866563944530046,0.07031256878714506,0.09692493946731234,0.04302443319392472,-0.14313229143737619,-0.12172573189522343,-0.08783623156504512,-0.11103675985031917
#17,0.20261941448382126,0.27246973365617433,0.014226282192383888,0.14736517719568568,1.0,0.2170658155403918,0.13552058111380144,0.15541052168170813,0.056869909751265685,0.2850363196125908,-0.05401276689412283,0.2879418886198547,0.3302047105436936,0.14931322914373762,-0.3563284173453665,-0.18740479859123926,0.003755227823024433,-0.07601584855822144,0.18953554919656615,0.18812018489984592,-0.2642108738718908,0.0857671142416905,-0.007831829187761392,0.2882588597842835,-0.18762491745542592,0.18546555139775478,0.06900286154523443,-0.01906669601584856,0.173449262601805,0.3955888179616993,-0.24717367378384328,0.31479859123926923,0.008450363196125908,0.30918556020250937,-0.11071978868589039,0.16779000660356594,-0.11132731675104557,0.26223640766013645,0.11536209553158706,0.2944309927360775,0.3728769535549197,0.42730134272507153,0.1316090688972045,-0.0970856262381686,-0.20055690072639226,0.2957274928461369,0.21779440898084965,0.17598283072859344,-0.04417125247633722,-0.0008122386088487783,-0.09341624477217697,-0.0873167510455646,-0.005560202509355051,0.07966541932643628,-0.18295399515738497,0.09639885538190623,-0.18432313449262602,0.08983931322914374,-0.5233458067356372,-0.1075544794188862,-0.1812987012987013,-0.17798371120405018,0.3608430552498349,0.3162843935725292,0.09334800792427911,-0.34778780541492404,0.11786264582874752,0.21482280431432973,-0.18890160686770857,0.027902267224301124,-0.2573079462909971,-0.22703720008804754,-0.07589478318291877,0.07111380145278451,-0.1495113361215056,0.00199867928681488,-0.009359454105216818,0.02701518820162888,0.36576931543033236,0.48837992515958617,0.2548117983711204,0.4820691173233546,0.06361435174994497,0.12239709443099274,0.2135395113361215,-0.14396213955535989,-0.23138014527845036,0.4667950693374422,0.4844816200748404,0.23404578472375082,0.43371340523882895,-0.18667620515078143,0.3160862865947612,-0.1555712084525644,-0.4316200748404138,-0.14664098613251156,0.33453885097952896,-0.08662117543473476,0.1302377283733216,0.22105657054809597,0.024765573409641205,0.025588817961699317,0.06859784283513097,0.033667180277349766,0.0031631080783623157,0.10170592119744662,0.15060752806515518,-0.04660796830288356,0.06971384547655735,-0.1453929121725732,-0.31125467752586394
#18,-0.010305965221219458,-0.008012326656394453,0.011465991635483161,0.19647149460708782,0.2170658155403918,1.0,0.07789346246973365,-0.05852300242130751,-0.11419106317411402,0.11587497248514197,0.01905348888399736,0.21167070217917675,0.4121439577371781,0.08674003962139555,-0.2694519040281752,-0.22811798371120404,-0.1551617873651772,0.25221659696235965,-0.04155624036979969,-0.0537508254457407,-0.12247413603345807,-0.15451904028175215,-0.056713625357693156,0.16363196125907992,-0.07397754787585296,0.06432313449262601,-0.29865067136253576,-0.12414483821263482,0.47202729473915916,0.21399295619634603,0.057409200968523005,0.09942769095311468,0.12142857142857143,0.3498481179837112,0.10183359013867488,0.2094144838212635,-0.144191063174114,0.26000220118864187,-0.109735857362976,0.21649790887079023,0.09605326876513318,0.17104996698217037,0.027023992956196344,-0.2115496368038741,-0.2511468192824125,0.05429451904028175,0.09743781642086727,0.07463790446841294,-0.17277790006603566,-0.08393352410301563,-0.275181598062954,-0.2805128769535549,-0.3706295399515738,-0.23626458287475235,-0.30539511336121505,-0.22083425049526745,-0.11425709883337001,0.008263262161567246,-0.15582874752366277,-0.054151441778560426,0.20260840854061193,0.08082324455205811,0.32184239489324235,0.31594541052168174,-0.0702047105436936,-0.2188135593220339,0.4127184679727053,0.2475808936825886,-0.12549416685009906,0.07814880035219018,-0.11555580013207131,-0.04807175874972485,0.10632401496808276,-0.018941228263262163,0.24788465771516618,0.0890578912612811,0.3069821703720009,0.029933964340744003,0.11247633722209993,0.3803697996918336,0.3175478758529606,0.5339687431212855,-0.2529187761391151,0.17705480959718248,0.4258617653532908,0.08923178516398855,0.0486616773057451,0.29674664318732114,0.17405238828967642,0.2941976667400396,0.33909311027955097,0.011080783623156504,0.2895245432533568,0.048184019370460046,-0.21097952894563063,-0.2196962359674224,0.29260840854061193,0.02720889280211314,-0.08660136473695795,-0.05594100814439797,-0.05981289896544134,0.08547435615232225,0.21906229363856483,0.07981730134272508,0.036707021791767554,0.19944970283953334,0.0488201628879595,0.2199801893022232,0.055698877393792645,-0.051774158045344486,-0.22360994937266124
#26,0.04219898745322474,0.23659476117103237,-0.09627338762931983,0.050717587497248515,0.13552058111380144,0.07789346246973365,1.0,0.18936825885978428,0.2972022892361875,0.34175654853620957,0.12774818401937046,-0.049379264802993615,0.08059652212194585,0.4795905789126128,-0.13198767334360556,-0.01160906889720449,0.00040501871010345584,0.04568346907329958,-0.18437596302003081,0.0004930662557781202,-0.11210653753026634,-0.20131410961919435,-0.3717015188201629,-0.05351970063834471,-0.2441844596081884,-0.14610829848117984,-0.17362095531587057,-0.2692670041822584,0.44165749504732554,0.3116618974246093,-0.02258859784283513,-0.009599383667180278,-0.01711864406779661,0.20208452564384768,0.11084305524983491,0.09585296059872331,-0.18530486462689852,0.25832049306625576,-0.12068897204490425,-0.005170592119744662,0.1123992956196346,0.2553753026634383,0.05791767554479419,0.04985912392692054,-0.08578032137354172,0.007781201848998459,-0.056227162667840634,-0.05480959718247854,-0.038567026194144836,-0.281452784503632,-0.28999559762271626,-0.43942328857583096,-0.17195685670261943,-0.30980629539951576,-0.1823068456966762,-0.12018489984591679,-0.16644508034338543,0.017530266343825665,-0.04873871890821043,-0.13929782082324454,0.01362755888179617,-0.050464450803433855,0.4149218578032137,0.41136913933524105,0.031910631741140214,-0.04266563944530046,0.5395817741580453,0.6575808936825887,0.019757869249394672,0.03581774158045344,0.06395333480079243,-0.01231124807395994,0.006370239929561964,0.1010741800572309,0.1523002421307506,-0.03338102575390711,0.14416244772176975,0.11416464891041163,0.1792361875412723,0.1879881135813339,-0.09482060312568787,0.22273827867048207,-0.13083865287255117,-0.2266453885097953,0.10175214615892582,0.07594320933303984,-0.022456526524323134,0.13399295619634602,0.24769535549196567,0.13540171692714065,0.05434734756768655,-0.2031432973805855,0.0374554259300022,0.06717147259520141,-0.13653973145498569,-0.12519700638344705,-0.06665639445300463,0.041221659696235965,-0.10257979308826766,0.10464891041162228,-0.025692273827867047,0.11511116002641426,0.07713185119964781,-0.06409200968523003,0.10678406339423288,-0.05684569667620515,0.15668721109399075,-0.0014968082764692935,0.07083865287255117,0.05700858463570328,0.030310367598503193
#49,0.7101716927140655,0.3684723750825446,0.1834932863746423,0.10815540391811579,0.15541052168170813,-0.05852300242130751,0.18936825885978428,1.0,0.5125731895223421,0.3560774818401937,0.42447061413163106,0.14415144177856043,-0.03145938806955756,0.20287034998899406,-0.2284107418005723,0.011223860884877835,0.2842923178516399,0.0874620294959278,-0.09348448162007485,-0.01835791327316751,0.08011446180937706,0.08052388289676425,-0.13499009465111161,-0.094818401937046,-0.09165529385868369,-0.22342064714946072,0.19385428131190843,-0.06039621395553599,0.1510675764913053,0.1939357252916575,-0.13806515518379925,-0.14919876733436055,-0.3532621615672463,-0.18556240369799692,-0.07561303103675986,-0.21122826326216157,-0.2856284393572529,-0.20863306185340083,-0.19372661237068017,-0.17168390931102795,-0.033378824565265246,0.14016288795949813,-0.18722209993396435,-0.1481223860884878,-0.1643517499449703,-0.19780541492405898,0.1946995377503852,0.06871890821043364,0.24764913053048646,-0.5205194805194805,0.019821703720008806,-0.3042328857583095,0.1618511996478098,-0.1053004622496148,0.025381906229363857,-0.010812238608848779,-0.2301188641866608,-0.43455646048866386,-0.2706735637244112,-0.3493880695575611,0.06578912612810918,0.04533348007924279,-0.03438917015188202,-0.046880915694475014,0.4266916134712745,0.09920757208892803,-0.05631961259079903,0.051606867708562626,0.08214175654853621,-0.2109421087387189,0.24046445080343384,0.21296059872331058,0.03831168831168831,0.2986682808716707,-0.18698437156064274,-0.09507373981950253,-0.05798591239269205,0.13317191283292978,-0.1403830068236848,-0.07119084305524984,-0.060851860004402375,0.14626458287475236,-0.12122826326216157,0.005588817961699318,0.15681267884657715,0.18068016729033679,0.08322914373761832,0.10229804094210874,-0.018375522782302443,0.12159366057671142,0.13022232005282852,-0.1314109619194365,-0.18200308166409862,-0.12499449702839534,-0.29165969623596744,0.14702839533348008,-0.07950693374422188,0.11449922958397535,0.29700638344706143,0.2738895003301783,0.2422474136033458,-0.006361435174994497,-0.05648690292758089,-0.14442879154743563,-0.29755668060752805,-0.19201848998459167,0.002073519700638345,-0.12009685230024213,0.17340303764032577,0.06729253797050407,-0.2652212194585076
#50,0.3872859344045785,0.4071824785384107,-0.0006977767994717147,-0.08260840854061192,0.056869909751265685,-0.11419106317411402,0.2972022892361875,0.5125731895223421,1.0,0.23152322254017169,0.2894585075941008,0.19147479639005063,-0.020081443979749064,0.2926436275588818,-0.03283513097072419,-0.012298040942108738,-1.3207131851199647e-05,0.09123706801672904,-0.03907550077041602,-0.008784943869689633,-0.01138895003301783,-0.15785604226282193,-0.36206251375742904,-0.11772397094430993,-0.17712304644508034,-0.12415804534448602,-0.14123486682808717,-0.25459608188421745,0.2400924499229584,0.017233105877173673,-0.11398415144177856,-0.0737772397094431,-0.19490644948272068,-0.1213383226942549,0.0010103455866167731,-0.13217257318952233,-0.16483601144618093,0.11187321153422848,-0.16164648910411622,-0.09845916795069337,-0.02480959718247854,-0.029599383667180276,0.14056350429231784,0.0684899845916795,-0.05945410521681708,-0.15966541932643627,-0.033281972265023115,-0.12168170812238609,0.02906009244992296,-0.4027955095751706,0.013955535989434295,-0.3277327756988774,0.02772176975566806,-0.22205591019150342,-0.11613251155624037,-0.16269865727492847,-0.19150561303103675,-0.2372507153863086,-0.042260620735197006,-0.2543451463790447,0.04145278450363196,0.02944089808496588,-0.08327756988773938,-0.07508474576271186,0.1793000220118864,0.2098613251155624,0.08627999119524543,0.09744001760950914,0.2733436055469954,0.09424609289016068,0.23440457847237509,0.09008804754567466,0.07895003301782963,0.1062293638564825,-0.07740699977988114,-0.1733942328857583,0.017600704380365397,0.034981289896544136,-0.15541052168170813,-0.17149240589918557,0.0825709883337002,0.040871670702179175,-0.20160906889720448,0.041336121505613034,0.08656834690732995,0.17117543473475677,0.1446004842615012,0.050838652872551175,-0.17563284173453664,0.16189082104336341,-0.017649130530486463,-0.016731234866828086,-0.05911732335461149,0.15337222099933964,-0.10437156064274708,0.002656834690732996,-0.041589258199427694,0.14430992736077483,0.10809156944750165,0.1445014307726172,0.06246973365617434,-0.054336341624477216,-0.10495927801012547,0.02907990314769976,-0.0224653312788906,-0.099900946511116,0.10231124807395994,-0.02681928241250275,0.03199207572088928,0.0754655513977548,-0.11321153422848339
#51,0.3959388069557561,0.4764913053048646,0.3353951133612151,0.5843363416244772,0.2850363196125908,0.11587497248514197,0.34175654853620957,0.3560774818401937,0.23152322254017169,1.0,0.29883557120845256,-0.05969403477878054,0.17924058991855601,0.12583975346687212,-0.2931829187761391,0.07348228043143297,0.37916354831609067,0.10622496147919877,0.11854721549636804,0.08317631521021351,-0.23087387189082104,0.22050627338762932,-0.14256658595641647,0.1186418666079683,-0.08224301122606208,0.06510015408320494,0.09511996478098173,0.08278670482060313,0.06654413383226943,0.26259960378604447,-0.18165969623596742,-0.11771736737838433,-0.20464010565705482,0.10654853620955315,-0.20008364516839094,-0.038866387849438695,-0.26327316751045565,0.08558881796169931,-0.018509795289456305,0.12960158485582216,0.14385208012326656,0.18048426150121066,-0.07989654413383226,-0.18210433634162448,-0.23625137574290117,0.10860444640105657,0.3283270966321814,0.011283292978208232,0.10455866167730575,-0.16498569227382787,-0.02107197886858904,-0.28792427911071977,0.061569447501650894,0.053255558001320716,-0.254488223640766,0.16733436055469955,-0.3925753907109839,-0.08818181818181818,-0.28143517499449705,-0.13871670702179176,-0.10042042703059652,-0.10825225621835792,0.09541712524763372,0.15826986572749285,0.3700374202069117,-0.12592339863526303,0.02405679066696016,0.16415804534448603,-0.06314990094651111,0.05004402377283733,0.10606427470834251,0.17558661677305745,-0.07348228043143297,0.12676645388509794,-0.1464076601364737,-0.16570768214836012,-0.041124807395993834,0.17444419986792867,0.08111600264142638,0.1361501210653753,0.060660356592559986,0.26390490865067134,0.11315870570107858,-0.11864406779661017,-0.17007484041382345,-0.17542372881355933,-0.12623376623376623,0.3388795949812899,0.19841954655513977,0.12283072859344046,0.06997138454765574,-0.2268699097512657,0.2107462029495928,0.019735857362976006,-0.17809597182478537,0.08234866828087167,0.1564472815320273,0.19802113141096192,0.27369579572969405,0.3322298040942109,0.12234206471494607,0.12414924058991855,0.033616552938586834,0.04813999559762271,0.07958617653532908,-0.027543473475676865,0.03189082104336342,-0.10879594981289896,0.03182918776139115,0.030600924499229583,-0.3127360774818402
#52,0.3042130750605327,0.4137750385208012,0.22255337882456527,0.2551705921197447,-0.05401276689412283,0.01905348888399736,0.12774818401937046,0.42447061413163106,0.2894585075941008,0.29883557120845256,1.0,0.14644948272066916,-0.08742020691173233,0.029764472815320273,-0.11288135593220339,0.10215936605767115,0.1403874092009685,0.22294519040281752,-0.14086726832489543,-0.04856702619414484,-0.07563944530046225,-0.14720449042482942,-0.1550561303103676,0.08921637684349548,-0.13782962799911952,-0.16825665859564165,-0.00438036539731455,-0.15107858243451464,0.05366057671142417,-0.17221219458507595,0.05731454985692274,0.0224983491085186,-0.18166189742460928,-0.04031256878714506,-0.08711644287915474,-0.012016288795949813,-0.058503191723530704,0.03120845256438477,-0.35606867708562623,-0.20681047765793528,0.002788906009244992,-0.06438256658595641,-0.20747963900506272,-0.050710983931322916,-0.1940413823464671,-0.06421307506053268,-0.0057252916574950475,-0.1282060312568787,-0.018223640766013648,-0.3055161787365177,0.006585956416464891,-0.37171252476337224,-0.04464670922298041,-0.25282632621615675,-0.20252916574950472,-0.050400616332819725,-0.3024455205811138,-0.24671362535769314,-0.05274488223640766,-0.18943429451904029,0.1471274488223641,0.13957076821483602,-0.07052168170812238,-0.0834602685450143,0.27435395113361216,0.11281752146158926,-0.06564825005502972,-0.02280871670702179,0.17722650231124806,0.20756988773937926,0.2852784503631961,0.37548095971824785,0.07364736957957296,0.17191503411842396,-0.04736517719568567,-0.04416024653312789,0.009815100154083205,0.0783579132731675,-0.23173453664979088,-0.1768236847897865,-0.1938300682368479,-0.0018556020250935505,-0.2596984371560643,0.005745102355271847,0.11042262821923839,0.15057451023552718,0.07608188421747744,-0.010596522121945852,-0.16077481840193705,0.1650033017829628,0.043433854281311905,-0.08962359674224081,-0.08859784283513097,-0.20729253797050406,-0.08741800572309047,0.15568787145058333,0.04999559762271627,0.13060312568787144,0.23998459167950692,0.15594761171032356,0.12912612810917895,0.06806295399515738,0.0073563724411182035,0.01299801893022232,-0.06101915034118424,-0.007847237508254458,-0.022080123266563945,-0.0238300682368479,-0.01921417565485362,0.06980409421087387,-0.102458727712965
#53,0.17177195685670263,0.003623156504512437,-0.08574069997798811,-0.0629407880255338,0.2879418886198547,0.21167070217917675,-0.049379264802993615,0.14415144177856043,0.19147479639005063,-0.05969403477878054,0.14644948272066916,1.0,0.49360334580673565,0.19365397314549856,-0.12826766453885097,-0.3110103455866168,-0.14813119084305526,-0.01858463570327977,0.10168390931102796,-0.08721329517939687,-0.2453312788906009,-0.2887233105877174,-0.15456526524323133,-0.03668500990534889,-0.3459608188421748,-0.10505392912172573,-0.18929782082324456,-0.046530926700418224,0.12896324014968083,0.10202289236187541,0.0077525863966541935,0.266352630420427,0.0213251155624037,-0.024497028395333482,0.012507153863086066,0.27246973365617433,-0.010294959278010125,0.2538102575390711,-0.17970063834470615,-0.08825885978428351,0.24516618974246093,0.2098547215496368,0.1507506053268765,-0.08439137134052388,-0.281963460268545,-0.12182698657274929,-0.12323134492626019,0.07331719128329298,-0.06647369579572969,-0.043427250715386306,0.0336847897864847,0.0426436275588818,-0.25840193704600484,-0.2383447061413163,-0.3259211974466212,-0.2795421527624917,-0.4005040721989874,-0.16908210433634163,-0.14745982830728593,-0.007466431873211534,-0.06370680167290337,0.08334800792427911,0.30851860004402376,0.10069777679947171,-0.08791767554479418,-0.16037200088047546,0.17299581774158046,0.06550077041602466,0.221765353290777,0.30191503411842396,0.1504072198987453,0.10691393352410301,0.018921417565485363,0.048822364076601364,-0.10794849218578031,-0.0634074400176095,0.009885538190622937,-0.2532093330398415,0.15382566585956417,0.13186220559101916,0.22633061853400838,0.27113141096191945,-0.04467752586396654,0.3664582874752366,0.6639511336121505,0.14557561082984813,0.06415584415584416,0.03201188641866608,0.04805635042923179,0.5408232445520581,0.42910631741140215,0.07246092890160687,0.03079683028835571,-0.23500110059432094,-0.33972485141976666,-0.22081884217477438,0.19688531807175874,0.0599867928681488,0.08694254897644728,0.14260180497468633,0.046777459828307284,-0.07661457186880916,-0.028335901386748845,-0.05657935285053929,-0.23175874972485142,0.117805414924059,-0.039819502531366936,-0.08431432973805855,0.1456152322254017,-0.15115562403697996,-0.20065815540391813
#54,0.03350869469513537,-0.0891833590138675,-0.14047765793528505,0.19530486462689853,0.3302047105436936,0.4121439577371781,0.08059652212194585,-0.03145938806955756,-0.020081443979749064,0.17924058991855601,-0.08742020691173233,0.49360334580673565,1.0,0.32663438256658595,-0.2540281752146159,-0.3456482500550297,-0.12743341404358355,-0.16311248073959939,0.055485362095531586,-0.10409421087387188,-0.2528087167070218,-0.10464450803433854,-0.2299075500770416,0.05779220779220779,-0.36640325775918997,0.04409641206251376,-0.2737354171252476,-0.04565925599823905,0.2786220559101915,0.3767378384327537,-0.07039401276689412,0.07087167070217917,0.02160906889720449,0.18013647369579572,0.10307726172132951,0.2393330398415144,-0.0462623816861105,0.3827294739159146,0.010677966101694915,0.11501430772617213,0.3262755888179617,0.41674003962139555,0.2350957517059212,-0.11060092449922958,-0.16796830288355713,0.030860664758969845,0.022493946731234865,0.06517499449702839,-0.07700858463570329,-0.04047325555800132,-0.11163768434954875,-0.061063174114021575,-0.2475544794188862,-0.19777679947171473,-0.3521263482280431,-0.1354391371340524,-0.2869227382786705,-0.0261963460268545,-0.10698657274928461,0.02595201408760731,0.0026436275588817963,0.18193484481620076,0.43410301562843934,0.3399361655293859,-0.08686550737398195,-0.12175214615892582,0.2872309046885318,0.28790006603565926,-0.006733436055469954,0.10802553378824566,0.016757649130530485,-0.029997798811358133,0.015071538630860665,-0.003933524103015628,0.07024433193924719,-0.04101254677525864,0.20028615452344267,0.011606867708562623,0.1874686330618534,0.3303697996918336,0.24289896544133832,0.4950099053488884,0.24529165749504733,0.2130398415144178,0.5415144177856043,0.027966101694915254,0.07462249614791988,0.28929782082324457,0.3321241470394013,0.494389170151882,0.5000704380365397,0.09701078582434515,0.36900946511116,0.02731895223420647,-0.2513053048646269,-0.3695641646489104,0.23425489764472815,0.03419326436275589,-0.08443979749064495,0.1689060092449923,0.1201782962799912,0.026079683028835572,-0.1884899845916795,0.06524983491085186,-0.055203609949372665,0.08712524763372222,-0.04709002861545234,0.07811138014527845,0.17857142857142858,-0.15935945410521682,-0.09331278890600925
#58,0.03287475236627779,0.0599537750385208,-0.3028329297820823,-0.06632621615672463,0.14931322914373762,0.08674003962139555,0.4795905789126128,0.20287034998899406,0.2926436275588818,0.12583975346687212,0.029764472815320273,0.19365397314549856,0.32663438256658595,1.0,-0.06568126788465771,-0.20562623816861106,-0.21434074400176095,-0.2569425489764473,-0.1589456306405459,-0.1378780541492406,-0.01963020030816641,-0.25076161127008584,-0.3899823904908651,-0.22452344265903587,-0.36596962359674223,-0.2849218578032137,-0.1305877173673784,-0.2435130970724191,0.38248734316530925,0.31476557340964123,-0.18400396213955536,-0.17632401496808275,-0.06513757429011666,-0.010840854061193044,0.07799691833590139,0.03492185780321373,-0.11557781201848999,0.20206471494607087,0.07109619194364956,-0.13301782962799913,0.28792648029936163,0.33229804094210874,0.0600594320933304,0.0587805414924059,-0.09584415584415584,-0.06812458727712965,0.08338102575390711,-0.05927360774818402,-0.06491965661457187,-0.3289126128109179,-0.0388399735857363,-0.19197446621175435,-0.1457076821483601,-0.3162601804974686,-0.10616773057451023,-0.2525357693154303,-0.06628659476117103,-0.0199603786044464,0.008542813119084305,-0.0314307726172133,0.08174994497028396,0.14396213955535989,0.5335130970724191,0.41936605767114243,-0.0973959938366718,-0.06003081664098613,0.5601562843935726,0.6857935285053929,0.0075192604006163325,0.15902487343165309,-0.05806295399515739,-0.1296169931763152,0.10579793088267664,0.16089368258859785,0.23438036539731455,-0.04724411182038301,0.2737772397094431,0.005148580233325996,0.08963460268545015,0.0629407880255338,-0.06340303764032577,0.3946070878274268,-0.018683689192163767,-0.0018974246092890161,0.28475016508914813,0.048309487123046446,0.07534448602245213,0.15364076601364737,0.04965661457186881,0.2930222320052829,0.1711798371120405,0.03623156504512437,0.07347787805414924,0.0034118423948932422,-0.2775852960598723,-0.1512987012987013,-0.1796302003081664,0.02097292537970504,-0.21311248073959937,0.08174774378164208,0.15478758529605988,-0.11739159145938807,-0.1856372441118204,-0.11224961479198767,-0.029647809817301342,-0.07701959057891261,-0.046328417345366496,0.01792427911071979,0.27962579793088266,0.058914813999559765,0.009885538190622937
#101,-0.4099207572088928,-0.26979528945630643,-0.38088047545674664,-0.22747743781642088,-0.3563284173453665,-0.2694519040281752,-0.13198767334360556,-0.2284107418005723,-0.03283513097072419,-0.2931829187761391,-0.11288135593220339,-0.12826766453885097,-0.2540281752146159,-0.06568126788465771,1.0,0.4283535108958838,-0.08545454545454545,-0.3676469293418446,0.14197446621175436,0.14803874092009686,0.4660818842174774,0.011976667400396214,-0.026460488663878495,-0.06251595861765354,0.0639291217257319,0.10093110279550957,-0.2640193704600484,-0.2785824345146379,-0.3540545894783183,-0.29045124367158265,-0.11266784063394233,-0.24688311688311687,-0.187805414924059,-0.19494607087827426,-0.06504072198987453,-0.1924983491085186,0.5565485362095531,0.09590578912612811,0.158234646709223,-0.2045278450363196,-0.444620294959278,-0.3470261941448382,0.26950473255558,0.4896434074400176,0.2253202729473916,0.07098833370019811,-0.042570988333700197,-0.21683909311027955,-0.36207351970063834,-0.059621395553598945,-0.2646313009024873,-0.09654193264362756,-0.11579352850539291,0.009366057671142416,0.43051067576491303,0.1120559101915034,0.2234338542813119,0.4683447061413163,0.20978428351309708,0.11902927580893682,-0.2340744001760951,-0.15169491525423728,-0.11858683689192163,-0.18290997138454765,-0.3701364736957957,0.061041162227602905,-0.21744441998679287,-0.16939687431212855,0.2890975126568347,0.23946290997138456,-0.16119524543253358,-0.0912194585075941,0.31357693154303323,-0.1287012987012987,0.3152080123266564,-0.00857803213735417,0.2436319612590799,0.023449262601804976,-0.023255558001320713,-0.36139555359894343,-0.1554523442659036,-0.27297600704380365,-0.0041008144397974905,-0.22591679506933746,-0.2541800572309047,-0.3533480079242791,-0.290231124807396,-0.3552124147039401,-0.29748404138234646,-0.10428571428571429,-0.24592119744662116,-0.21893022232005283,-0.3269953775038521,-0.14803213735417126,0.12462029495927801,-0.19723970944309926,-0.2278252256218358,-0.35327977107638125,-0.4043671582654634,-0.3710763812458728,-0.4286198547215496,-0.4579639005062734,-0.25250055029716045,-0.35051727933083865,-0.32061853400836454,-0.32935064935064934,-0.47024653312788905,-0.3391305304864627,0.07701959057891261,-0.1338036539731455,0.2655425930002201
#102,0.03905348888399736,0.2200198106977768,0.12609949372661236,0.15837552278230244,-0.18740479859123926,-0.22811798371120404,-0.01160906889720449,0.011223860884877835,-0.012298040942108738,0.07348228043143297,0.10215936605767115,-0.3110103455866168,-0.3456482500550297,-0.20562623816861106,0.4283535108958838,1.0,0.09320052828527405,0.14360994937266125,0.2787321153422848,0.36934844816200746,-0.0077349768875192605,0.399867928681488,-0.1174686330618534,0.32611710323574733,-0.047006383447061414,0.40411402157164866,-0.1038300682368479,-0.15354611490204711,-0.29708122386088487,-0.18924719348448163,0.19195245432533567,-0.07509795289456306,-0.08033898305084745,0.024014968082764692,-0.04387189082104336,-0.3482148360114462,0.21343165309267004,0.054492626018049745,-0.019608188421747743,-0.05774598283072859,-0.4039291217257319,-0.39036759850319175,-0.12908870790226723,0.539718247853841,-0.033603345806735636,0.15844155844155844,-0.0022936385648250055,-0.21519040281752147,-0.11613471274488224,-0.11287695355491965,-0.13433634162447722,-0.30001540832049306,0.0910741800572309,0.2264010565705481,0.0991107197886859,0.39658815760510674,-0.16474576271186442,0.21069997798811357,0.08049086506713625,-0.09274047985912393,-0.23364957076821483,-0.26600924499229583,-0.2955161787365177,-0.2207704160246533,0.10092009685230025,0.4939995597622716,-0.38226282192383887,-0.3210015408320493,0.33457186880915696,0.17313449262601804,0.15923618754127228,0.2590512876953555,0.10315430332379485,0.1613383226942549,-0.1323992956196346,-0.09816861104996698,-0.13889060092449923,0.015073739819502531,-0.2213185119964781,-0.06863746423068456,-0.21768875192604006,-0.1985428131190843,0.05461589258199428,-0.49604886638784945,-0.3501584855822144,-0.2827624917455426,-0.22877613911512218,-0.32449702839533345,-0.007952894563064054,-0.19540391811578253,-0.271897424609289,-0.2533942328857583,-0.21057010785824345,0.09349108518600044,0.06331278890600925,0.145610829848118,0.2036385648250055,-0.1037310147479639,-0.012198987453224742,-0.05575830948712305,-0.2517873651771957,-0.06270526084085407,0.05128769535549196,-0.24850099053488883,-0.2010411622276029,-0.14637023992956197,-0.3377591899625798,-0.3491833590138675,-0.17315210213515297,0.15066916134712746,0.18780101254677525
#201,0.21299581774158044,0.05345586616773058,0.4321373541712525,0.34055029716046664,0.003755227823024433,-0.1551617873651772,0.00040501871010345584,0.2842923178516399,-1.3207131851199647e-05,0.37916354831609067,0.1403874092009685,-0.14813119084305526,-0.12743341404358355,-0.21434074400176095,-0.08545454545454545,0.09320052828527405,1.0,0.2360180497468633,-0.09167950693374423,-0.2338036539731455,-0.07798591239269205,0.1293132291437376,0.14791327316751046,-0.012601804974686331,0.1877922077922078,-0.08848558221439577,0.4226700418225842,0.13970063834470614,-0.14209112920977326,-0.005245432533568127,0.09918776139115122,0.18265463350209113,0.12138895003301783,0.15486682808716706,-0.1326436275588818,-0.09262601804974686,-0.11075500770416025,-0.13063834470614133,-0.057162667840633945,0.09891921637684349,-0.015174994497028395,-0.009951573849878935,-0.12283733215936606,-0.1733568126788466,-0.026610169491525424,-0.09707902267224301,0.17670041822584195,-0.09922077922077922,0.08791327316751045,-0.12008804754567466,0.09833810257539072,-0.01820162887959498,0.3979771076381246,0.2280079242791107,-0.024158045344486023,0.18664979088707903,-0.15396434074400175,-0.36953775038520803,-0.08552058111380145,-0.0511732335461149,-0.06596962359674224,0.009432093330398416,-0.22896764252696455,-0.10143297380585516,0.3356790666960158,0.047798811358133395,-0.31232005282852743,-0.16823464670922297,-0.023281972265023113,-0.2273035439137134,0.25194144838212634,0.1339951573849879,0.015144177856042263,0.09336341624477218,-0.29411842394893245,-0.10187541272287035,-0.22064274708342504,0.10329958177415804,0.019478318291877614,-0.07114461809377064,-0.031904028175214615,-0.16942989214175655,0.08448382126348228,0.004254897644728153,-0.224851419766674,0.04398415144177856,0.07184459608188422,-0.037900066035659256,-0.05317191283292978,-0.13298481179837113,-0.04513097072419106,0.08070658155403918,-0.047277129650011004,0.03284833810257539,0.12332599603786044,0.44405018710103455,-0.07307065815540392,0.43925819942769095,0.33887739379264803,0.12523662777900066,0.10690732995817742,0.503830068236848,0.23319612590799033,0.21028615452344265,0.0825445740699978,0.0978912612810918,0.2351353731014748,-0.05955535989434294,-0.07351529826106097,0.010107858243451463,-0.14990314769975788
