,#10,#11,#12,#13,#17,#18,#26,#49,#50,#51,#52,#53,#54,#58,#101,#102,#201,#202,#301,#302,#401,#402,#501,#502,#601,#602,#701,#702,#801,#802,#901,#902,#1001,#1002,#1101,#1102,#1201,#1202,#1301,#1302,#1401,#1402,#1501,#1502,#1601,#1602,#1701,#1702,#1801,#1802,#1901,#1902,#2001,#2002,#2101,#2102,#2201,#2202,#2301,#2302,#2401,#2402,#2501,#2502,#2601,#2602,#2701,#2702,#2801,#2802,#2901,#2902,#3001,#3002,#3101,#3102,#3201,#3202,#3301,#3302,#3401,#3402,#3455,#3501,#3502,#3601,#3602,#3701,#3702,#3801,#3802,#3901,#3902,#4001,#4002,#4101,#4102,#4201,#4202,#4301,#4302,#4401,#4402,#4501,#4502,#4601,#4602,#4701,#4702,#4801,#4802
#10,1.0,0.35124147039401277,0.575824345146379,0.5253753026634382,0.09772837332159366,0.132623816861105,-0.08782302443319392,0.30150561303103673,-0.08541932643627559,0.5883314990094651,0.30264582874752366,-0.020394012766894124,-0.14786704820603125,-0.13861325115562403,-0.28256878714505834,-0.09462249614791987,0.40135593220338983,0.342095531587057,0.06703279771076381,0.023948932423508696,-0.1725841954655514,-0.09201188641866608,-0.2231256878714506,-0.04933083865287255,-0.03044684129429892,-0.06732335461149021,0.2863944530046225,0.49468412942989215,-0.051210653753026636,-0.03534008364516839,0.06543913713405239,0.08635042923178517,0.21016729033678186,0.0008034338542813119,-0.0033436055469953773,-0.08256878714505833,-0.21825225621835792,-0.16521681708122385,-0.24173673783843275,-0.09956636583755228,0.02316090688972045,-0.07360774818401937,-0.15165309267004182,-0.2097820823244552,-0.038056350429231785,-0.24546555139775478,0.48805194805194807,0.3226128109178957,0.17581994276909532,-0.06699097512656835,0.1427999119524543,0.11846577151661897,0.16636583755227824,0.22726832489544355,-0.1985296059872331,-0.08433854281311909,-0.2921373541712525,-0.2583513097072419,-0.1123992956196346,-0.247640325775919,0.12188861985472155,0.004541052168170813,-0.13765133171912833,-0.04452344265903588,0.41541712524763375,0.3584965881576051,-0.31184899845916797,-0.13210873871890821,-0.0044530046224961475,-0.08447941888619855,0.4004820603125688,0.3671692714065595,-0.08546775258639665,0.19653532907770196,-0.23711864406779662,-0.2842438917015188,-0.18033017829627998,-0.13136033458067356,-0.14919216376843494,-0.16104996698217036,-0.0688994056790667,0.15060092449922957,-0.16146599163548317,-0.022093330398415142,-0.08247413603345807,-0.09345586616773058,-0.16735857362976006,0.07030596522121946,0.058518600044023775,-0.1552542372881356,-0.12833590138674886,-0.17816640986132512,0.039865727492846136,-0.14263922518159805,-0.2343759630200308,0.3099515738498789,0.13695135373101475,0.3928065155183799,0.4328571428571429,0.4000066035659256,0.3088135593220339,0.24959278010125469,-0.06262381686110499,0.268630860664759,0.19679506933744223,0.21306845696676205,0.22409641206251377,0.07979749064494827,-0.16571868809156945,-0.09241030156284394,-0.03674444199867929
#11,0.35124147039401277,1.0,0.46599603786044463,0.4375874972485142,-0.017723970944309927,0.18532247413603345,0.28200968523002423,0.11710763812458727,0.26970504072198986,0.4995729694034779,0.4613911512216597,0.13461589258199427,-0.000702179176755448,0.08962579793088268,-0.0886880915694475,-0.10910631741140216,0.10343825665859564,0.2323662777900066,-0.1703499889940568,-0.0015804534448602245,-0.07637023992956196,-0.16163328197226504,-0.05045124367158266,-0.16004842615012108,-0.08077922077922078,-0.3667246313009025,0.10971824785384107,0.1745630640545895,-0.1573893902707462,0.0187739379264803,0.05099713845476558,0.11608628659476117,0.10587937486242571,0.1172044904248294,-0.10948492185780322,-0.061120405018710106,-0.2160642747083425,-0.1423398635263042,-0.2412062513757429,-0.2732489544353951,-0.1757340964120625,-0.1887409200968523,0.07337222099933964,-0.21848558221439576,0.03804534448602245,-0.16364736957957296,0.1586682808716707,0.21399735857362975,0.18559322033898304,0.15509355051727933,0.1871846797270526,0.08072859344045785,0.24047765793528506,0.16077261721329517,-0.07086726832489544,-0.25913273167510453,-0.01923398635263042,-0.18711204050187102,-0.032172573189522345,-0.2737023992956196,0.18519040281752147,0.23543473475676865,-0.026445080343385427,0.0040832049306625574,0.274058991855602,0.15635042923178516,-0.06503191723530706,-0.061237068016729033,0.1063812458727713,-0.05933964340744002,0.3457406999779881,0.36954215276249175,-0.1595641646489104,0.02578252256218358,-0.2438366718027735,-0.12375963020030817,-0.09190843055249835,0.01981069777679947,-0.015071538630860665,-0.2323398635263042,-0.006246973365617433,0.06651771956856703,-0.022379484921857803,-0.0018996257979308827,-0.04046665199207572,0.0675544794188862,-0.040211314109619194,0.050354391371340526,-0.04845696676205151,0.15027074620294958,-0.053911512216596964,0.01195905789126128,-0.06322694254897644,-0.08226502311248074,-0.07591459388069557,0.16580233325996038,-0.06510015408320494,0.23610609729253798,0.050671362535769315,0.25376183138895003,0.2093330398415144,0.13846577151661899,-0.09066696015848558,0.2605216817081224,0.15826766453885097,0.20560202509355052,0.24721549636803875,0.12559101915034118,-0.20101915034118423,0.11541932643627559,0.0561765353290777
#12,0.575824345146379,0.46599603786044463,1.0,0.32269205370900284,0.13063394232885758,0.2998415144177856,-0.05365397314549857,0.19175214615892583,0.08808716707021792,0.6522738278670482,0.2739753466872111,0.06307726172132952,-0.07943649570768214,-0.11788245652652432,-0.24318291877613912,-0.35931322914373764,0.46886858903808054,0.6674554259300022,-0.04088928021131411,-0.26941668500990534,-0.02587277129650011,-0.21028175214615893,0.06953114681928241,-0.06291217257318953,0.21129429892141757,-0.16078142196786266,0.3998371120405019,0.4395399515738499,-0.0012260620735197007,-0.10790006603565926,0.2365859564164649,-0.18139555359894344,0.4544838212634823,-0.06197226502311248,-0.16640986132511557,-0.15954435395113362,-0.29745982830728596,-0.47118864186660797,-0.33537750385208015,-0.3886946951353731,0.04106537530266344,-0.1763218137794409,0.0915496368038741,-0.35573629760070435,0.09806735637244111,-0.418961038961039,0.38794188861985474,0.21661457186880917,0.36137574290116664,0.10205370900286155,0.20681267884657714,0.2949614791987673,0.42615232225401717,0.5136099493726612,-0.007908870790226723,-0.052293638564825,-0.15215716486902928,-0.466979969183359,-0.02967422408100374,-0.33694254897644726,0.07127008584635704,0.005800132071318512,-0.4827052608408541,-0.2651023552718468,0.4500814439797491,0.3820559101915034,-0.38785604226282194,-0.2966563944530046,-0.09094210873871891,-0.2541866607968303,0.5738322694254898,0.5372419106317411,-0.28651551837992517,-0.11061193044243892,-0.5432071318511996,-0.4815804534448602,-0.43710103455866167,-0.24992295839753467,0.035608628659476116,-0.32882236407660137,0.08688091569447502,0.27693154303323797,0.0737772397094431,0.1503103675985032,-0.1969557561082985,-0.051146819282412506,-0.1885494166850099,0.05705040721989874,-0.08811578252256218,0.0338895003301783,-0.1403830068236848,-0.07251595861765353,0.17758529605987233,-0.14152762491745544,-0.08691613471274488,0.58966982170372,0.17572749284613692,0.6101826986572749,0.6211138014527845,0.4980519480519481,0.4987012987012987,0.5911248073959938,0.018683689192163767,0.4132357473035439,0.4060202509355052,0.30939027074620296,0.5626942548976447,-0.15823024433193925,-0.2713625357693154,0.004794188861985472,-0.03554919656614572
#13,0.5253753026634382,0.4375874972485142,0.32269205370900284,1.0,-0.05370900286154524,-0.004400176095091349,0.281534228483381,0.08946951353731014,0.22042482940788025,0.5515056130310367,0.33835571208452564,-0.01513317191283293,-0.04297600704380365,0.09898965441338323,-0.09488003521901826,0.05106317411402157,0.2867708562623817,0.011688311688311689,0.07326436275588818,0.13595201408760732,-0.15858463570327977,-0.11460268545014307,-0.04281972265023112,0.10546555139775479,-0.15214615892581995,-0.20701518820162887,0.07588377723970945,0.35320052828527404,-0.28979749064494825,-0.08344926260180498,-0.015007704160246533,0.043656174334140437,0.11290336781862205,0.1430464450803434,0.05655734096412063,-0.24154303323794848,0.05959057891261281,0.14212414703940127,-0.0848250055029716,-0.11841954655513978,0.12857142857142856,-0.059438696896324014,-0.2270261941448382,-0.07185340083645168,0.06331278890600925,0.1616068677085626,0.17246313009024875,0.3124455205811138,-0.03463570327977108,0.05427250715386309,-0.036522121945850756,0.02486022452124147,-0.08037860444640106,-0.02658155403918116,-0.21491525423728813,-0.22505172793308387,-0.0913053048646269,-0.015822143957737178,0.07023112480739599,-0.12117543473475677,0.11223860884877834,0.09681708122386089,0.1904930662557781,0.212788906009245,0.298250055029716,0.18930442438917014,0.002493946731234867,0.028998459167950692,0.0775874972485142,0.14617873651771957,0.17458947831829189,0.2409090909090909,-0.001741140215716487,0.0888597842835131,-0.003907109839313229,-0.009311027955095752,0.09555139775478759,0.04834690732995818,-0.08882456526524324,-0.06285053929121726,-0.2578428351309707,-0.13014087607307948,-0.2458925819942769,-0.1929275808936826,-0.032392692053709,-0.16250715386308606,-0.17002421307506052,-0.043352410301562845,0.03158265463350209,-0.1642064714946071,-0.04457406999779881,0.056480299361655294,0.1354105216817081,-0.06886418666079683,-0.09717367378384327,-0.007415804534448602,0.20569007263922517,-0.05607528065155184,0.03092670041822584,0.21624697336561743,0.04949372661237068,-0.08111820383006824,0.06371340523882897,0.13276029055690072,0.0174290116662998,0.0023772837332159368,-0.04226282192383887,0.2043187321153423,-0.27,0.01795509575170592,0.09488883997358574
#17,0.09772837332159366,-0.017723970944309927,0.13063394232885758,-0.05370900286154524,1.0,0.6132731675104557,0.03374862425709883,0.14486242570988334,0.25827646929341846,0.03595641646489104,0.06915914593880695,0.5386022452124147,0.4467356372441118,-0.18211314109619195,-0.04373981950253137,-0.41698217037200086,0.03577812018489985,0.012808716707021791,-0.12786044464010565,-0.24911952454325337,-0.14976447281532027,-0.2511292097732776,0.20192604006163328,-0.18993616552938586,0.16252036099493727,0.1099207572088928,0.06840633942328858,-0.05192824125027515,-0.010305965221219458,0.16834910851860005,-0.150462249614792,-0.0022694254897644727,-0.023281972265023113,-0.11440457847237508,0.0821021351529826,-0.018787145058331498,-0.16677745982830727,-0.21453885097952893,0.1083909311027955,-0.196649790887079,0.056191943649570766,0.2631961259079903,0.28005062733876296,-0.11678186220559102,0.3616024653312789,-0.009436495707682149,-0.10815980629539952,0.04775478758529606,0.05928461369139335,0.0036825885978428352,0.1332687651331719,0.268498789346247,0.14985031917235306,-0.13498789346246973,-0.032449922958397534,-0.3268412942989214,-0.020638344706141315,-0.15534448602245213,0.0030068236847897866,0.17326656394453005,-0.017226502311248074,-0.12472154963680387,0.008375522782302443,0.06264142637023994,-0.06984591679506934,-0.051802773497688755,-0.06861325115562404,0.07449702839533348,-0.07179176755447941,-0.19141536429672024,0.008833370019810698,-0.0600594320933304,-0.1427360774818402,0.011490204710543694,-0.17851199647809818,-0.06326656394453005,-0.17596742240810037,-0.21755227823024434,-0.01273167510455646,-0.2155756108298481,0.5059167950693374,0.7544353951133612,0.26236847897864846,0.42823684789786487,0.4264208672683249,0.07269425489764472,-0.0162095531587057,0.4963416244772177,0.478036539731455,0.3733678186220559,0.4489126128109179,-0.08034558661677306,0.12180277349768875,-0.12635263042042702,-0.11504072198987453,-0.015888179616993178,0.023469073299581773,0.02070658155403918,0.0464076601364737,-0.016227162667840633,0.21431653092670042,0.05414483821263482,-0.024342945190402816,-0.013638564825005504,0.31722650231124805,0.08750385208012326,0.29845256438476775,-0.2470261941448382,0.030779220779220778,-0.12727933083865287,-0.26262821923838875
#18,0.132623816861105,0.18532247413603345,0.2998415144177856,-0.004400176095091349,0.6132731675104557,1.0,0.11567466431873212,0.16467532467532467,0.3044397974906449,0.2386748844375963,0.22536209553158706,0.5775214615892582,0.542903367818622,-0.03167070217917676,-0.19360994937266124,-0.5067752586396654,0.15289236187541272,0.3494342945190403,-0.331518820162888,-0.42207351970063833,-0.22637244111820384,-0.5118247853841075,0.1395509575170592,-0.156748844375963,0.20257318952234207,-0.3622496147919877,0.28182918776139115,0.028732115342284835,0.07895003301782963,0.2661523222540172,0.10032577591899626,-0.19508034338542812,0.13861765353290778,-0.14686990975126568,-0.1423398635263042,0.031926040061633285,-0.3229583975346687,-0.433284173453665,-0.12326656394453005,-0.5649724851419766,0.08722430112260621,0.20461589258199428,0.22412502751485802,-0.27419766674003965,0.3395509575170592,-0.182260620735197,0.04273167510455646,0.1348316090688972,0.28315650451243674,0.1380959718247854,0.41914813999559764,0.390363196125908,0.2871054369359454,0.05837992515958618,-0.2153334800792428,-0.46827646929341843,0.03673123486682809,-0.38411182038300684,0.05508034338542813,-0.06534888839973586,0.16118644067796611,0.0029627999119524544,-0.08685450143077261,-0.03721329517939687,0.082590799031477,0.04217917675544794,-0.22709443099273607,0.039269205370900284,-0.19328637464230686,-0.3586858903808056,0.24484041382346466,0.04917015188201629,-0.16590358793748625,-0.010145278450363195,-0.38382786704820604,-0.2638542813119084,-0.27697556680607527,-0.4074246092890161,0.06446841294298922,-0.31257979308826767,0.36116222760290556,0.5609663218137795,0.3357605106757649,0.41774158045344484,0.4016927140655954,0.21343165309267004,0.028250055029716045,0.2657869249394673,0.31059652212194583,0.37488003521901825,0.323299581774158,0.07338983050847457,0.16313889500330178,-0.03641646489104116,-0.0973167510455646,0.2603169711644288,-0.31315430332379485,0.30630420427030597,0.1853598943429452,0.21853400836451684,0.3184371560642747,0.3897820823244552,-0.08170812238608849,0.19874312128549418,0.2548536209553159,0.16205811138014528,0.41834690732995816,-0.03710103455866168,-0.020917895663658377,-0.04704380365397315,-0.18260180497468634
#26,-0.08782302443319392,0.28200968523002423,-0.05365397314549857,0.281534228483381,0.03374862425709883,0.11567466431873212,1.0,-0.02325775918996258,0.3106735637244112,0.25537750385208013,0.29065595421527624,0.0029011666299801893,0.18177635923398636,0.3644640105657055,0.1935527184679727,-0.13628659476117103,-0.2226370239929562,-0.10810917895663659,-0.19323134492626018,-0.15112260620735196,0.009187761391151222,-0.2184635703279771,0.14346687211093992,0.05028615452344266,-0.0005921197446621176,-0.2715166189742461,0.01623816861104997,-0.12032357473035439,-0.21736737838432754,-0.15563284173453665,-0.319933964340744,-0.21578032137354172,-0.07182478538410741,-0.11744001760950913,-0.06044243891701519,-0.2051749944970284,-0.02363416244772177,-0.05895443539511336,-0.07663878494386969,-0.2072837332159366,-0.04964120625137574,-0.02965661457186881,-0.1979154743561523,-0.26166409861325113,0.03687871450583315,0.09249394673123487,-0.27286374642306843,-0.047770195905789126,-0.027836231565045125,0.02909090909090909,0.017633722209993395,-0.06225181598062954,-0.005555800132071319,-0.2399207572088928,-0.030471054369359454,-0.32602245212414704,0.17120845256438477,-0.12713185119964782,0.12417565485362096,0.02091349328637464,0.16144838212634824,0.2709817301342725,0.21530266343825666,0.38509355051727934,0.12543033237948492,0.030374202069117322,0.325511776359234,0.46066696015848557,-0.09401496808276469,-0.005238828967642527,0.040099053488884,0.07531587057010786,-0.08936605767114242,0.03267444419986793,0.014129429892141757,0.057006383447061416,0.16230904688531808,0.046581554039181156,0.21876513317191285,-0.05046885318071759,-0.12731234866828087,-0.10415144177856042,-0.22203169711644288,0.010261941448382127,0.17505392912172574,0.14583535108958837,0.2932159366057671,0.13424169051287696,0.01935725291657495,0.09341404358353511,0.07747303543913714,0.1880761611270086,-0.0827162667840634,0.04003521901826987,0.07622716266784063,-0.04744001760950913,-0.15625357693154304,-0.1933348007924279,-0.2930970724191063,0.014891041162227604,0.09767774598283073,-0.16880255337882458,-0.15882456526524324,0.011366938146599163,0.05576491305304865,-0.060092449922958396,0.023471274488223642,0.2821219458507594,0.051802773497688755,0.2128483381025754,0.25103015628439357
#49,0.30150561303103673,0.11710763812458727,0.19175214615892583,0.08946951353731014,0.14486242570988334,0.16467532467532467,-0.02325775918996258,1.0,-0.24108298481179838,0.2612282632621616,0.2174686330618534,0.08200308166409861,0.21268324895443538,-0.014525643847677745,0.054435395113361214,-0.15571868809156944,0.09596742240810037,0.10162887959498129,0.14143297380585515,-0.14587717367378383,-0.09080123266563944,-0.1285163988553819,-0.014358353510895884,-0.004833810257539071,0.05709002861545234,-0.017250715386308606,0.2217015188201629,0.18964560862865948,0.3302113141096192,-0.07761171032357474,0.172953995157385,-0.21354391371340523,0.20428791547435615,-0.11539731454985692,-0.060024213075060534,-0.14518379925159586,-0.026277790006603567,-0.140033017829628,-0.05673343605546995,-0.09071978868589038,-0.20613251155624038,0.10252696456086287,-0.013726612370680168,-0.17098833370019811,-0.025595421527624916,-0.19218137794408982,0.3200198106977768,0.2491041162227603,0.10338322694254898,-0.12030156284393573,0.06901166629980189,0.06504732555580013,0.19114241690512876,0.09046224961479199,-0.08642306845696676,-0.2175544794188862,-0.31424829407880256,-0.22506713625357694,-0.2896654193264363,-0.37233766233766236,0.11370239929561964,0.09034118423948932,-0.024697336561743343,0.05281532027294739,0.4091701518820163,-0.05448162007484041,-0.021529826106097293,0.05957076821483601,0.17869029275808937,0.09852080123266564,0.26738278670482063,0.09422408100374202,0.007413603345806736,0.18077261721329518,-0.01692934184459608,-0.2095135373101475,0.0008408540611930443,-0.13789126128109178,0.10041822584195466,0.02403697996918336,0.13201408760730796,0.3161171032357473,-0.03695795729694035,0.11484921857803214,-0.1128417345366498,0.18330398415144178,-0.12200088047545675,0.16787585296059873,0.19437376183138896,0.02606647589698437,-0.12591679506933745,-0.2636275588817962,-0.07700418225841954,-0.20239489324235088,-0.28842615012106537,0.1236055469953775,0.02397314549856923,0.29149240589918557,0.15502531366938146,0.22049746863306185,0.3141074180057231,0.1366982170372001,-0.08616773057451023,0.07879594981289896,0.3029429892141757,0.4113515298261061,0.4132225401716927,0.11328637464230684,-0.19242130750605327,-0.1312260620735197,-0.1308232445520581
#50,-0.08541932643627559,0.26970504072198986,0.08808716707021792,0.22042482940788025,0.25827646929341846,0.3044397974906449,0.3106735637244112,-0.24108298481179838,1.0,0.23918996257979308,0.1852872551177636,0.33984811798371123,0.3078626458287475,0.20350429231785164,0.007708562623816861,-0.26923618754127226,0.05911292097732776,0.12362315650451244,-0.25071758749724854,-0.1824191063174114,-0.10319612590799032,-0.30836231565045125,0.26067136253576934,-0.10595201408760731,-0.055738498789346246,-0.2323464670922298,-0.015670261941448382,-0.18196566145718687,-0.23263262161567247,0.15038961038961038,-0.24457627118644068,0.040429231785163985,0.011071978868589039,-0.11505392912172573,-0.21774818401937046,0.018798151001540832,-0.011078582434514638,-0.01589258199427691,-0.023548316090688973,-0.31604886638784946,0.03172573189522342,0.02409641206251376,0.0626106097292538,-0.08767774598283073,0.27591019150341184,0.05768434954875633,-0.15944970283953336,-0.09944750165089149,-0.06315650451243672,0.05942989214175655,0.08173233546114902,0.05987233105877174,0.029511336121505614,-0.21295619634602686,0.04300462249614792,-0.3570283953334801,0.2583557120845256,-0.12578032137354173,0.27623156504512436,0.04857142857142857,-0.21748404138234648,0.03921197446621175,0.06175214615892582,0.24551397754787585,-0.031311908430552496,-0.257508254457407,0.09182258419546555,0.1432907770195906,-0.10007924279110719,-0.13991195245432533,0.018505392912172573,0.04474576271186441,-0.19156724631300903,-0.2574928461369139,-0.13563504292317852,-0.015023112480739599,-0.11675985031917235,-0.08421747743781642,0.2209222980409421,-0.13919656614571868,0.21082544574069997,0.12293198327096633,0.1727404798591239,0.09124147039401277,0.25322474136033457,-0.12248073959938367,0.06186880915694475,0.10682368478978649,0.16950913493286374,0.28072859344045786,0.19706361435174993,0.2905106757649131,0.11184679727052609,0.0007285934404578472,0.0884437596302003,-0.0225974025974026,-0.07655734096412063,-0.2215034118423949,-0.2419040281752146,-0.03114902047105437,-0.011844596081884217,0.05604226282192384,-5.282852740479859e-05,0.064950473255558,-0.038556020250935505,-0.16755888179616993,0.03968302883557121,-0.014591679506933745,0.023345806735637246,0.1076337222099934,0.014116222760290557
#51,0.5883314990094651,0.4995729694034779,0.6522738278670482,0.5515056130310367,0.03595641646489104,0.2386748844375963,0.25537750385208013,0.2612282632621616,0.23918996257979308,1.0,0.545115562403698,-0.01303764032577592,0.02563284173453665,0.02191283292978208,-0.09935945410521682,-0.3041184239489324,0.435016508914814,0.44288355712084526,0.015241030156284394,-0.26993176315210216,-0.06140215716486903,-0.26557340964120624,0.21188861985472154,0.13039181157825225,0.16152982610609729,-0.14360334580673564,0.39501210653753027,0.38646268985252036,-0.14636363636363636,-0.12726612370680168,-0.029645608628659476,-0.11452564384767774,0.23639885538190622,-0.06694695135373102,-0.20658595641646488,-0.1855491965661457,-0.2263350209112921,-0.2864252696456086,-0.23940127668941227,-0.35163108078362315,0.04651551837992516,-0.055663658375522784,-0.14842835130970725,-0.40744441998679287,0.14229583975346688,-0.23149020471054368,0.3337926480299362,0.2813383226942549,0.2149438696896324,0.03295399515738499,0.19878494386968965,0.1556614571868809,0.2685846357032798,0.2033876293198327,0.0375346687211094,-0.27220779220779223,-0.07788906009244992,-0.39469733656174333,0.06659255998239048,-0.27672463130090247,-0.038263262161567245,0.07355051727933083,-0.21145938806955755,-0.03690292758089368,0.5297116442879155,0.19724631300902487,-0.18941008144397975,-0.04713625357693154,-0.05287034998899406,-0.14308826766453886,0.314389170151882,0.3474246092890161,-0.28308166409861324,-0.13862425709883336,-0.362689852520361,-0.40343165309267004,-0.25690292758089367,-0.1688597842835131,0.21088928021131412,-0.15776139115122165,-0.0839753466872111,0.12022672243011226,-0.18373541712524763,-0.018283072859344045,-0.08574069997798811,-0.09059652212194585,-0.0336583755227823,0.0863548316090689,-0.03335241030156284,-0.06138895003301783,-0.20209773277569887,-0.05833370019810698,0.08578032137354172,-0.13752366277790007,-0.12021351529826106,0.38999559762271624,0.129537750385208,0.3187585296059872,0.2862117543473476,0.4602861545234427,0.3332489544353951,0.27411842394893243,-0.05246092890160687,0.26517939687431213,0.1853576931543033,0.1692758089368259,0.3270724191063174,-0.023649570768214837,-0.28934624697336564,0.013392031697116443,0.062443319392471934
#52,0.30264582874752366,0.4613911512216597,0.2739753466872111,0.33835571208452564,0.06915914593880695,0.22536209553158706,0.29065595421527624,0.2174686330618534,0.1852872551177636,0.545115562403698,1.0,-0.07468853180717587,0.22020691173233545,0.08974466211754348,-0.04501430772617213,-0.1993088267664539,0.28683469073299583,0.22218137794408982,-0.13075720889280212,-0.20890160686770856,-0.10253356812678846,-0.17156724631300901,0.14689852520360994,0.13719568567026194,0.11581113801452785,-0.027283733215936606,0.20660136473695795,0.08244992295839754,0.020305965221219458,0.019958177415804534,0.1294981289896544,-0.1343253356812679,0.19222540171692715,0.06448602245212415,-0.11392031697116443,-0.010873871890821044,-0.21482720669161348,-0.1208100374202069,-0.1972243011226062,-0.1688201628879595,-0.2012392692053709,-0.1549042482940788,-0.04103015628439357,-0.24069557561082985,0.12070217917675545,-0.1383182918776139,0.14197886858903808,0.1410345586616773,0.013651771956856703,0.07354391371340524,0.1778450363196126,0.1486352630420427,0.16701738939027075,0.15328637464230685,0.003200528285274048,-0.262722870349989,-0.060598723310587715,-0.23000440237728373,0.010548095971824786,-0.09014747963900506,-0.07538630860664759,0.08316310807836232,-0.05378824565265243,0.02141316310807836,0.23231785163988553,0.04551397754787585,-0.1183645168390931,0.09365397314549857,0.03348448162007484,-0.08733436055469954,0.1990644948272067,0.1711996478098173,-0.08957737178076161,0.007726172132951794,-0.16159145938806957,-0.19514637904468413,-0.08510455646048866,-0.0928945630640546,0.2453642967202289,-0.0011490204710543693,0.0962557781201849,0.09907990314769975,0.021967862645828746,-0.12298921417565485,-0.09799251595861766,-0.0907770195905789,-0.04716266784063394,0.1264010565705481,0.017983711204050186,-0.02712524763372221,0.01885097952894563,-0.12294078802553379,-0.000438036539731455,-0.14275808936825887,-0.15563944530046225,0.17934844816200748,0.11158265463350209,0.16406119304424388,0.06947171472595201,0.2968170812238609,0.1990182698657275,0.23480959718247854,-0.18410081443979748,0.19570768214836012,0.20145498569227382,0.12612590799031476,0.2981069777679947,0.10435835351089588,-0.08231124807395994,-0.033770636143517496,0.03996257979308827
#53,-0.020394012766894124,0.13461589258199427,0.06307726172132952,-0.01513317191283293,0.5386022452124147,0.5775214615892582,0.0029011666299801893,0.08200308166409861,0.33984811798371123,-0.01303764032577592,-0.07468853180717587,1.0,0.4849944970283953,-0.0824058991855602,-0.14891041162227603,-0.3794453004622496,-0.077475236627779,0.0748976447281532,-0.22413163108078363,-0.22820162887959497,-0.2822804314329738,-0.4440061633281972,0.10306185340083646,-0.2622077922077922,0.015564604886638784,-0.2562998018930222,0.09648910411622276,-0.14976007043803655,0.09546775258639666,0.09434514637904469,-0.10785384107418006,0.05185340083645169,-0.033863086066475895,0.006374642306845697,0.04109619194364957,-0.11675324675324675,-0.041490204710543696,-0.09385208012326657,-0.019031476997578692,-0.36244331939247193,0.0689060092449923,0.4042593000220119,0.3433348007924279,-0.016726832489544353,0.22782962799911952,-0.014109619194364957,-0.03383447061413163,0.09386748844375963,0.03970724191063174,-0.0939489324235087,0.22952234206471495,0.1358727712965001,0.021606867708562624,-0.31340083645168393,-0.3427316751045565,-0.5539071098393132,-0.051223860884877834,-0.2325775918996258,0.09341404358353511,-0.044144838212634825,0.005967422408100374,-0.11015408320493066,0.11964560862865947,0.12427470834250495,0.032276029055690075,-0.08846136913933524,0.07307726172132951,0.020699977988113582,-0.03488883997358574,-0.014067796610169492,0.10437376183138895,0.04834690732995818,-0.008668280871670701,0.1036715826546335,-0.11825225621835792,-0.005969623596742241,-0.08392031697116444,-0.14543913713405238,-0.04811798371120405,-0.3568655073739819,0.4128813559322034,0.516814880035219,0.2931300902487343,0.5686154523442659,0.41004842615012105,0.2854589478318292,-0.02064274708342505,0.43360994937266123,0.30605326876513317,0.6570239929561964,0.27769535549196567,0.21431873211534228,0.15584195465551398,0.031846797270526084,-0.09049746863306185,-0.09564384767774599,-0.30796390050627337,0.02471714725952014,-0.11167070217917675,0.14749944970283954,0.1175610829848118,0.09248954435395114,0.025388509795289456,0.22162227602905568,0.13709002861545233,0.16009685230024212,0.14501871010345588,-0.09948272066916135,-0.04445740699977988,-0.006073079462909971,-0.2494408980849659
#54,-0.14786704820603125,-0.000702179176755448,-0.07943649570768214,-0.04297600704380365,0.4467356372441118,0.542903367818622,0.18177635923398636,0.21268324895443538,0.3078626458287475,0.02563284173453665,0.22020691173233545,0.4849944970283953,1.0,-0.11574730354391372,-0.10304644508034339,-0.26437816420867266,-0.16661457186880915,-0.08823244552058111,-0.2731587057010786,-0.20995817741580453,-0.27768214836011446,-0.2798371120405019,0.18490204710543692,-0.0024345146379044684,0.017484041382346466,-0.08510455646048866,0.19227602905569008,-0.09037640325775918,0.3285097952894563,0.15732775698877394,-0.06548095971824786,-0.10639225181598062,-0.165445740699978,-0.09695135373101475,-0.14914593880695576,-0.04023552718467973,-0.24172132951793968,-0.2634844816200748,-0.07921857803213736,-0.3463944530046225,0.10047985912392692,0.2681245872771296,0.2304556460488664,-0.13756988773937925,0.1964538850979529,0.011714725952014088,-0.19635263042042703,0.058036539731454985,0.0861501210653753,0.22765573409641207,0.2937508254457407,0.3133876293198327,0.19173013427250715,-0.03537310147479639,-0.10646929341844596,-0.3596896324014968,0.10124807395993837,-0.08668941228263262,0.11951793968743121,0.06025974025974026,0.008025533788245652,0.03823244552058112,0.1100792427911072,0.08959938366718027,0.029795289456306405,-0.012394893242350869,-0.07298481179837112,0.07122165969623596,-0.2919084305524983,-0.20426810477657936,-0.10853180717587498,-0.19465771516618974,-0.17686550737398196,0.020118864186660798,-0.16635703279771077,-0.07773497688751926,-0.1326106097292538,-0.3693924719348448,0.14257979308826765,-0.0724521241470394,0.5737574290116663,0.5743055249834911,0.4274884437596302,0.38415584415584414,0.3714043583535109,0.22306845696676206,0.10631080783623156,0.41817741580453444,0.3755976227162668,0.5384789786484702,0.27699537750385206,-0.019251595861765353,0.06606647589698438,-0.05046004842615012,0.0500726392251816,-0.1371186440677966,-0.2134074400176095,0.03474356152322254,-0.12218357913273167,0.020079242791107198,0.10780981730134273,-0.001948051948051948,-0.38736737838432755,-0.0886220559101915,0.17729473915914593,0.03422848338102576,0.2289456306405459,-0.06547875852960598,-0.045747303543913716,0.039491525423728815,-0.03385208012326656
#58,-0.13861325115562403,0.08962579793088268,-0.11788245652652432,0.09898965441338323,-0.18211314109619195,-0.03167070217917676,0.3644640105657055,-0.014525643847677745,0.20350429231785164,0.02191283292978208,0.08974466211754348,-0.0824058991855602,-0.11574730354391372,1.0,0.32978648470173894,0.019550957517059212,-0.12037200088047546,0.009251595861765353,0.052962799911952456,-0.13696676205150782,0.1449240589918556,-0.0713119084305525,-0.08153642967202289,0.025890380805635042,-0.005069337442218798,-0.17877173673783844,-0.2376205150781422,-0.23978648470173894,-0.09242791107197887,0.12112480739599384,-0.07314769975786925,-0.12212414703940128,-0.12207351970063834,-0.1417213295179397,0.056209553158705704,0.03096632181377944,0.36143737618313887,0.14231565045124367,0.21264142637023992,0.012449922958397535,-0.10733436055469954,-0.10293198327096632,-0.26900286154523445,-0.024063394232885758,-0.10248073959938367,0.01918776139115122,-0.2102839533348008,-0.18148800352190184,-0.15475676865507373,-0.19723530706581555,-0.2731344926260181,-0.2221307506053269,-0.2841668500990535,-0.1948646268985252,0.20195905789126128,0.06841294298921417,0.06272727272727273,-0.034631300902487346,0.017257318952234205,-0.06334580673563725,0.1636649790887079,0.32582874752366275,0.13318952234206471,0.1312458727712965,-0.08649570768214836,-0.27820383006823685,0.3532159366057671,0.3927646929341845,0.19910411622276028,0.1896566145718688,0.1356218357913273,0.08600924499229584,0.1911468192824125,0.012513757429011667,0.19581774158045345,0.14096412062513758,0.27588597842835133,0.07046885318071759,0.16908650671362535,0.20046004842615012,-0.27236847897864847,-0.2104402377283733,-0.23927140655954215,0.007085626238168611,0.04679727052608409,0.14507814219678627,0.2561325115562404,-0.16861985472154964,-0.16767554479418886,-0.1637574290116663,0.01659916354831609,0.32477657935285054,0.051027955095751705,-0.07571428571428572,0.0015232225401716926,-0.11768214836011447,-0.08584195465551397,-0.2309883337001981,-0.3008716707021792,-0.0911138014527845,-0.058404138234646706,-0.04237508254457407,0.049165749504732556,-0.10358133392031697,-0.14235307065815542,-0.16681267884657716,-0.23937706361435174,0.38793308386528724,0.09960598723310587,0.1024323134492626,0.10726612370680168
#101,-0.28256878714505834,-0.0886880915694475,-0.24318291877613912,-0.09488003521901826,-0.04373981950253137,-0.19360994937266124,0.1935527184679727,0.054435395113361214,0.007708562623816861,-0.09935945410521682,-0.04501430772617213,-0.14891041162227603,-0.10304644508034339,0.32978648470173894,1.0,0.09123486682808717,-0.07668280871670702,-0.3451970063834471,0.4362161567246313,-0.08131631080783623,0.6780651551837993,0.18672683248954436,0.33208452564384766,0.10672463130090248,0.3145278450363196,0.1371714725952014,-0.31155844155844153,-0.29783623156504513,-0.05058111380145278,-0.06598723310587717,-0.24735637244111822,0.0019458507594100815,-0.2609024873431653,-0.09468853180717587,0.1687012987012987,0.06410961919436496,0.297178076161127,0.26855381906229364,0.47046885318071757,0.21695355491965662,-0.12697556680607527,0.07023552718467972,-0.09613251155624036,0.21120845256438478,-0.0032159366057671144,0.23321593660576712,-0.3973035439137134,-0.3560312568787145,-0.41858023332599603,-0.21009465111160028,-0.4676557340964121,-0.2743055249834911,-0.2588575830948712,-0.3209685230024213,0.46969183359013866,0.11778560422628219,0.21705701078582434,0.12051287695355492,-0.22142196786264584,-0.0762689852520361,-0.08974906449482721,0.1563812458727713,0.2622958397534669,0.01598503191723531,-0.1773959938366718,-0.31609289016068676,0.39552498349108517,0.17992515958617653,0.4404424389170152,0.09179176755447942,-0.1581091789566366,-0.1365265243231345,0.032703059652212194,-0.2964164648910412,0.273614351749945,0.06641646489104117,0.2124125027514858,-0.02201848998459168,0.48891701518820163,0.3548382126348228,-0.2554193264362756,-0.06678186220559101,-0.10763592339863526,0.0010147479639005064,-0.11028835571208452,0.020515078142196785,0.09452564384767774,0.1025775918996258,-0.08003521901826986,-0.10912392692053709,0.046431873211534226,-0.08428351309707242,-0.23019590578912613,-0.1324785384107418,0.002060312568787145,-0.12779440898084965,0.11675104556460489,-0.43841514417785604,-0.43372220999339645,-0.3989874532247414,-0.22745102355271846,-0.45005502971604666,-0.03184899845916795,-0.4471648690292758,-0.02520581113801453,-0.19231565045124366,-0.19227162667840633,0.00988333700198107,0.11226942548976447,-0.0737310147479639,-0.06889720449042483
#102,-0.09462249614791987,-0.10910631741140216,-0.35931322914373764,0.05106317411402157,-0.41698217037200086,-0.5067752586396654,-0.13628659476117103,-0.15571868809156944,-0.26923618754127226,-0.3041184239489324,-0.1993088267664539,-0.3794453004622496,-0.26437816420867266,0.019550957517059212,0.09123486682808717,1.0,-0.28532247413603345,-0.40422848338102574,0.36008804754567464,0.8093352410301563,-0.032989214175654855,0.6898613251155624,-0.4032621615672463,0.05562183579132732,-0.3444331939247193,0.23653092670041823,-0.4695531587057011,-0.02073959938366718,0.05821263482280432,-0.0562755888179617,0.010178296279991195,0.3169865727492846,-0.31956636583755227,0.21424829407880255,0.40351749944970283,0.11558001320713185,0.3062976007043804,0.5786110499669822,0.11830948712304644,0.6190755007704161,0.11027294739159146,-0.010030816640986132,-0.1329319832709663,0.5493616552938587,-0.4410081443979749,0.2917807616112701,-0.08398415144177857,-0.0764538850979529,-0.44313449262601806,-0.24506713625357693,-0.39281972265023113,-0.40600484261501213,-0.5497732775698877,-0.0984767774598283,-0.07570327977107638,0.4911027955095752,-0.2238895003301783,0.5289808496588158,-0.18403257759189962,0.05181818181818182,-0.010308166409861324,0.027732775698877395,0.335478758529606,0.2725643847677746,-0.21814439797490645,0.06920977327756989,0.1665925599823905,0.009042482940788025,0.4061104996698217,0.5809112920977327,-0.17443319392471934,-0.029062293638564825,0.3149306625577812,0.05815320272947391,0.4602201188641867,0.4118798151001541,0.4739555359894343,0.30618754127228703,-0.27978208232445523,0.5221857803213735,-0.3273607748184019,-0.41225621835791326,-0.16799031476997578,-0.42002861545234427,-0.19338102575390712,-0.15336781862205592,-0.20378164208672683,-0.31696896324014967,0.005333480079242791,-0.4289126128109179,-0.12416685009905348,-0.03219898745322474,-0.2919172353070658,0.09620074840413824,0.058461369139335244,-0.2712480739599384,0.19779000660356594,-0.3214637904468413,-0.29843715606427473,-0.3045828747523663,-0.4382654633502091,-0.4515936605767114,-0.037688751926040064,-0.38016068677085624,-0.3902949592780101,-0.32637684349548757,-0.5996940347787806,0.18351529826106097,0.04026414263702399,0.06823464670922298,0.1851683909311028
#201,0.40135593220338983,0.10343825665859564,0.46886858903808054,0.2867708562623817,0.03577812018489985,0.15289236187541272,-0.2226370239929562,0.09596742240810037,0.05911292097732776,0.435016508914814,0.28683469073299583,-0.077475236627779,-0.16661457186880915,-0.12037200088047546,-0.07668280871670702,-0.28532247413603345,1.0,0.4118269865727493,0.12143957737178077,-0.24154743561523223,0.037510455646048865,-0.19594320933303985,0.17292317851639885,0.18246313009024873,0.2077790006603566,0.060281752146158926,0.3011644287915474,0.31927140655954217,-0.02658595641646489,0.18694254897644727,0.26615452344265905,-0.07175214615892582,0.2798613251155624,0.0021153422848338103,-0.122392692053709,-0.015971824785384107,-0.2175016508914814,-0.1605591019150341,-0.062403697996918334,-0.2142438917015188,0.1350297160466652,-0.22294298921417566,-0.1639885538190623,-0.13038520801232667,0.3165639445300462,-0.15400616332819722,0.29080783623156503,0.1396500110059432,0.14895443539511335,0.10816420867268325,0.20059432093330398,0.25517279330838655,0.22551177635923397,0.2147655734096412,0.06305745102355272,-0.01867048206031257,-0.19270305965221218,-0.3162359674224081,0.12004182258419546,-0.2097292537970504,-0.018034338542813118,-0.0537508254457407,-0.36686550737398194,-0.2733964340744002,0.24036759850319173,0.08539731454985693,-0.33687211093990754,-0.3200132071318512,-0.1471252476337222,-0.2762623816861105,0.17128109178956635,0.10258859784283512,-0.33629760070438036,-0.16813119084305525,-0.3547919876733436,-0.46324675324675324,-0.4301518820162888,-0.2866475896984372,0.23256218357913272,-0.07316310807836232,-0.06640986132511556,0.03840413823464671,0.00687871450583315,0.05732115342284834,-0.24656834690732995,-0.1970261941448382,-0.12935725291657496,-0.011941448382126348,-0.05421307506053269,-0.22782962799911952,-0.14541272287034998,-0.14850319172353071,0.15471494607087827,-0.07501430772617214,-0.15895003301782962,0.46626018049746865,0.24653092670041823,0.40629319832709665,0.4404094210873872,0.2267972705260841,0.20943649570768214,0.4134910851860004,0.040268545014307724,0.23797930882676646,0.14982390490865066,0.0986220559101915,0.2650583314990095,-0.1806515518379925,-0.2755756108298481,0.007662337662337662,0.009434294519040282
