,#10,#11,#12,#13,#17,#18,#26,#49,#50,#51,#52,#53,#54,#58,#101,#102,#201,#202,#301,#302,#401,#402,#501,#502,#601,#602,#701,#702,#801,#802,#901,#902,#1001,#1002,#1101,#1102,#1201,#1202,#1301,#1302,#1401,#1402,#1501,#1502,#1601,#1602,#1701,#1702,#1801,#1802,#1901,#1902,#2001,#2002,#2101,#2102,#2201,#2202,#2301,#2302,#2401,#2402,#2501,#2502,#2601,#2602,#2701,#2702,#2801,#2802,#2901,#2902,#3001,#3002,#3101,#3102,#3201,#3202,#3301,#3302,#3401,#3402,#3455,#3501,#3502,#3601,#3602,#3701,#3702,#3801,#3802,#3901,#3902,#4001,#4002,#4101,#4102,#4201,#4202,#4301,#4302,#4401,#4402,#4501,#4502,#4601,#4602,#4701,#4702,#4801,#4802
#10,1.0,0.5470878274268105,0.5214836011446181,0.47231785163988554,0.13103015628439357,0.5225643847677746,0.3777922077922078,0.6343759630200309,0.2887409200968523,0.5781069777679947,0.58805414924059,0.3468831168831169,0.3784371560642747,0.3080233325996038,-0.21525643847677747,-0.11554039181157826,0.6332687651331719,0.20984371560642748,-0.09656614571868809,-0.14427470834250494,-0.23483381025753908,-0.16652872551177636,-0.04154963680387409,0.06995817741580454,0.09536869909751265,-0.14918996257979308,-0.20849438696896325,-0.24469293418445962,0.4362843935725292,0.1383447061413163,0.045685670261941445,0.0374950473255558,-0.22265903587937486,-0.13452564384767773,-0.031454985692273826,-0.1426172132951794,-0.2151749944970284,-0.19154743561523221,-0.2532797710763812,0.010173893902707462,-0.1774620294959278,-0.13734756768655074,0.30958177415804533,-0.04979528945630641,0.043742020691173236,0.15034118423948933,-0.35934404578472373,-0.27679286814880033,-0.16641866607968303,-0.27697776799471713,-0.11632401496808277,0.053002421307506056,-0.21330398415144178,-0.020578912612810918,-0.28665419326436276,-0.23686770856262382,0.047420206911732335,-0.21874532247413603,-0.0847919876733436,-0.11554259300022011,-0.19845476557340963,-0.21631300902487344,0.05009465111160026,-0.08958177415804534,0.09181598062953995,0.19644728153202728,0.17867928681488005,0.08077481840193705,0.14740699977988114,0.0754655513977548,0.32648690292758087,0.17030596522121946,-0.14210433634162448,0.05207792207792208,-0.01321153422848338,-0.04861104996698217,-0.34597182478538413,-0.22196125907990316,0.21704820603125688,0.11629760070438036,-0.18740699977988112,0.0849900946511116,0.4390292758089368,0.30306185340083647,0.29849878934624696,0.0071670702179176754,-0.14791547435615232,0.07330398415144178,0.10740479859123928,0.23612150561303102,0.24736737838432754,0.17675985031917235,0.23587497248514197,-0.04874972485141977,-0.03913933524103016,0.3554061193044244,0.12173893902707462,0.04192163768434955,-0.02145278450363196,-0.0877790006603566,-0.19757208892802114,0.24461149020471054,-0.11593220338983051,0.014340744001760952,-0.07394232885758309,-0.1659013867488444,-0.08936385648250054,-0.17219018269865727,0.3003213735417125,-0.02883777239709443,-0.09189742460928901
#11,0.5470878274268105,1.0,0.3764076601364737,0.3264142637023993,0.10537090028615452,0.3810807836231565,0.4668456966762051,0.4483843275368699,0.5075192604006163,0.47544133832269425,0.30848117983711204,0.3399801893022232,0.14552938586836892,0.31690292758089367,-0.06150341184239489,-0.05331278890600925,0.3830244331939247,0.2774884437596302,-0.3215496368038741,-0.1111930442438917,-0.04965881576051068,-0.10847677745982831,0.07970504072198988,0.11436935945410522,0.1476799471714726,-0.12070878274268104,-0.024974686330618535,-0.1933348007924279,0.14965221219458508,-0.11885318071758749,0.0761369139335241,0.03775038520801233,-0.17290336781862206,0.10950473255558002,-0.19331058771736737,-0.32774378164208673,-0.2090710983931323,-0.28050407219898743,-0.14542372881355933,0.035337882456526526,-0.3180057230904689,-0.4635373101474796,0.1465067136253577,-0.2563548316090689,0.1830112260620735,0.12529605987233106,-0.08767554479418886,-0.07986352630420428,-0.053072859344045785,-0.22318071758749725,0.03848338102575391,-0.04882456526524323,-0.08745762711864406,-0.11323354611490205,-0.11210433634162448,-0.3578230244331939,0.08681047765793529,-0.16416024653312788,-0.023319392471934843,-0.05973585736297601,-0.15203389830508474,-0.28960158485582216,0.1152740479859124,0.1295311468192824,0.09908870790226722,0.050763812458727714,0.2943913713405239,0.09108958837772398,0.09323134492626019,0.07988333700198107,0.2913493286374642,0.24484261501210652,-0.06760290556900726,0.1554853620955316,0.07295839753466872,0.09332599603786045,-0.28600484261501213,-0.23122826326216156,0.03266343825665859,-0.024202069117323356,-0.13601144618093772,0.14986572749284613,0.1873365617433414,0.2723530706581554,0.44966762051507814,-0.12081884217477437,-0.22226282192383887,-0.012951793968743122,-0.04276469293418446,0.27467752586396654,0.31754347347567685,0.15538190622936385,0.24518600044023772,-0.26919876733436054,-0.043138895003301786,0.3134536649790887,0.05007704160246533,0.1740347787805415,0.04475676865507374,0.06607528065155184,-0.11570327977107638,0.2071934844816201,-0.018269865727492847,0.18473475676865508,0.07928681488003522,0.03285274047985912,-0.03034338542813119,-0.08624477217697557,0.06650451243671583,-0.12675544794188862,-0.17754787585296058
#12,0.5214836011446181,0.3764076601364737,1.0,0.3758991855602025,0.17169051287695355,0.4893462469733656,0.12904248294078802,0.2243033237948492,0.22592119744662117,0.4807836231565045,0.41657935285053926,0.23300022011886418,0.2319062293638565,0.08501430772617213,-0.49068897204490425,-0.17566365837552278,0.6856350429231786,0.6653510895883777,-0.31077922077922077,-0.20856922738278671,-0.3290490865067136,-0.1429143737618314,0.18310587717367377,0.27999559762271625,0.039641206251375745,0.025687871450583315,0.06520360994937266,-0.07438917015188201,0.3706867708562624,0.25318291877613913,0.49753686990975127,0.305709883337002,0.3156504512436716,0.2139027074620295,0.1035857362976007,-0.034558661677305744,-0.25937706361435175,-0.14478978648470173,0.12263922518159806,0.3790843055249835,-0.07447501650891482,-0.12400396213955536,0.014023772837332159,-0.24581333920316972,0.03165969623596742,0.09093990755007704,-0.15480739599383667,-0.06887519260400617,0.08366277790006603,0.0348117983711204,0.3742372881355932,0.2547985912392692,0.16134932863746423,0.1875478758529606,-0.4185670261941448,-0.08451683909311028,-0.021300902487343166,-0.35097732775698876,0.19132731675104556,0.340726392251816,-0.23403257759189963,-0.09307065815540391,-0.08048206031256878,-0.10215276249174554,0.41027955095751706,0.3737112040501871,-0.13309707241910632,-0.11254237288135593,-0.08735417125247634,-0.06231785163988554,0.33357252916574953,0.4125181598062954,-0.34732775698877394,-0.06784723750825446,-0.2515892581994277,-0.02922738278670482,-0.37552718467972707,-0.17668721109399074,-0.11423068456966762,-0.056370239929561965,-0.17836011446180938,0.09068677085626238,0.1297226502311248,0.0437640325775919,0.23044023772837333,-0.12888839973585736,-0.012588597842835132,0.19362976007043803,0.2845190402817521,0.14662777900066035,0.13496588157605108,0.10159806295399516,0.1468214836011446,-0.010440237728373322,0.12894342945190404,0.4504666519920757,0.2917125247633722,0.6486132511556241,0.5360466651992075,0.26268104776579354,0.29994937266123706,0.6243517499449703,0.2679066696015849,0.521252476337222,0.3982874752366278,0.2378846577151662,0.3563592339863526,-0.18302003081664098,-0.022419106317411404,-0.05637244111820383,0.07917235307065816
#13,0.47231785163988554,0.3264142637023993,0.3758991855602025,1.0,0.27877613911512217,0.4080827646929342,0.0760576711424169,0.17424169051287694,0.2084635703279771,0.6407462029495927,0.24279110719788685,0.28290556900726394,0.3346004842615012,0.1556680607528065,-0.017889060092449924,-0.1375346687211094,0.5250737398195026,0.06985031917235307,-0.08698877393792648,-0.2738168611049967,-0.08900726392251816,-0.2940281752146159,0.2539027074620295,0.13018269865727494,0.1904336341624477,-0.10964560862865948,0.23119744662117545,-0.12248294078802553,0.23637244111820382,0.07025093550517279,0.15200308166409862,0.18604006163328196,-0.0677525863966542,0.1715034118423949,-0.0019106317411402157,-0.05366718027734977,-0.11044684129429892,-0.15105657054809596,0.015122165969623597,0.04692934184459608,-0.09458287475236628,-0.1488201628879595,0.23454765573409642,-0.13028175214615892,0.10953334800792427,-0.038382126348228046,-0.07734756768655074,0.024508034338542813,0.17071098393132292,-0.07560422628219238,0.29921417565485364,0.06346467092229804,0.14340303764032578,-0.12144177856042263,-0.07534668721109399,-0.24926700418225842,0.054096412062513755,-0.26674003962139553,-0.13740479859123927,-0.036707021791767554,-0.05488003521901827,0.01554259300022012,0.28409641206251374,0.2516685009905349,0.027893462469733656,-0.05541932643627559,0.2645652652432313,0.07011666299801893,-0.03573189522342065,-0.08198767334360554,0.04842835130970724,-0.013075060532687652,-0.2791833590138675,-0.34008144397974904,-0.02374642306845697,-0.27747303543913715,-0.20769095311468194,-0.2063614351749945,0.03440457847237508,-0.07923178516398856,-0.2786946951353731,0.27998239049086504,0.1959718247853841,0.14637023992956197,0.42273607748184017,0.07689192163768435,0.13021351529826106,0.09789346246973366,0.04913493286374642,0.339258199427691,0.48758529605987233,0.2082390490865067,0.26944309927360777,-0.08802333259960379,0.003275368699097513,0.3054633502091129,-0.18324014968082764,0.11959718247853841,0.06776359233986352,0.03264802993616553,-0.037563284173453663,0.33361655293858683,0.0003565925599823905,0.1198481179837112,0.07498128989654414,-0.022040501871010344,-0.01896103896103896,-0.028419546555139775,0.07256218357913273,-0.18751045564604887,-0.13144177856042263
#17,0.13103015628439357,0.10537090028615452,0.17169051287695355,0.27877613911512217,1.0,0.45563944530046224,0.2108716707021792,-0.03547875852960599,0.11073739819502532,0.3399141536429672,0.07341404358353511,0.22824125027514858,0.3040986132511556,0.2190777019590579,-0.09463130090248734,-0.2623046445080343,0.22781421967862645,0.15628659476117104,-0.19165089148139997,-0.2638256658595642,-0.21482060312568788,-0.46265463350209113,0.3322760290556901,0.1619788685890381,0.12124807395993836,0.034012766894122824,0.11499889940567906,-0.16045124367158264,0.13409641206251377,0.26320272947391593,0.21406559542152762,0.07409421087387189,0.1790490865067136,0.13250715386308606,0.08494607087827427,0.09561523222540172,0.09455425930002201,-0.14684569667620515,0.0638366718027735,0.16696235967422407,0.10126348228043143,0.10576271186440678,0.38450583314990094,0.07127668941228263,0.2760576711424169,0.11538190622936385,-0.06977327756988774,0.005890380805635043,0.21219238388729914,0.011884217477437816,0.11432533568126789,-0.04089588377723971,-0.07655513977547876,-0.24504512436715828,-0.22672243011226062,-0.25961479198767334,0.12972485141976667,-0.14347787805414924,-0.001397754787585296,0.16752366277790007,-0.015304864626898526,-0.09209773277569888,0.3610983931322914,0.40187541272287036,-0.09620074840413824,-0.3126370239929562,0.075016508914814,0.21891041162227604,-0.1658463570327977,-0.19190182698657274,-0.10706801672903368,0.09201188641866608,-0.08779661016949153,-0.1456746643187321,0.16280431432973805,-0.06415584415584416,-0.10572749284613692,-0.13925599823904908,0.03391371340523883,-0.15502091129209775,-0.20198987453224743,0.30830068236847896,-0.090033017829628,0.0675016508914814,0.41683028835571206,0.004378164208672684,0.15371560642747084,0.42856702619414483,0.12910191503411841,0.4204402377283733,0.3670195905789126,0.29045124367158265,0.21032797710763812,-0.09252916574950473,0.12998899405679068,0.2809971384547656,-0.1619128329297821,0.21005062733876292,0.06604666519920757,0.1535989434294519,0.11587717367378385,0.2546158925819943,0.10086946951353731,0.2742328857583095,0.24811798371120405,0.1408782742681048,0.11028175214615893,-0.1508122386088488,-0.13945190402817523,-0.11283733215936606,0.04383226942548976
#18,0.5225643847677746,0.3810807836231565,0.4893462469733656,0.4080827646929342,0.45563944530046224,1.0,0.22607528065155183,0.2821725731895223,0.27721769755668063,0.4864780981730134,0.4933942328857583,0.623878494386969,0.7256834690732996,0.3121813779440898,-0.06875632841734537,-0.2697270526084085,0.5975698877393792,0.19219898745322475,-0.26583314990094653,-0.2269887739379265,-0.057451023552718465,-0.34857362976007045,0.11490644948272066,0.07656174334140436,-0.030781421967862647,-0.09556240369799691,-0.006817081223860885,-0.2192273827867048,0.49154523442659037,0.2559211974466212,0.21890380805635043,0.02055690072639225,0.043438256658595645,0.04167950693374422,0.15033237948492187,-0.0016464891041162227,-0.002584195465551398,-0.21218578032137353,0.02067576491305305,0.23271406559542152,0.015771516618974246,-0.1359255998239049,0.20272727272727273,-0.1394254897644728,0.2087012987012987,0.2154853620955316,-0.18192824125027515,-0.1332819722650231,0.030651551837992515,-0.08495267444419986,0.02339203169711644,0.06891921637684349,0.05448822364076601,-0.17141976667400396,-0.18528065155183798,-0.3034206471494607,0.07379484921857803,-0.15000220118864185,-0.04166189742460929,0.031067576491305305,-0.10417345366497908,-0.18574510235527183,0.37692273827867045,0.27884217477437817,-0.0852080123266564,-0.09330618534008364,0.30186880915694475,0.33383887299141535,-0.08445740699977988,-0.15971164428791548,0.18343605546995378,0.08764913053048647,-0.1893418445960819,-0.01805855161787365,0.11422187981510015,-0.20817081223860884,-0.27511336121505614,-0.33268104776579355,0.22248073959938366,0.06817081223860885,-0.032931983270966324,0.42113801452784505,0.20447281532027295,0.38430112260620736,0.5458749724851419,0.015998239049086507,-0.025687871450583315,0.5022518159806295,0.17127668941228263,0.6564780981730134,0.41652212194585075,0.21266784063394234,0.2835395113361215,-0.22282852740479858,-0.06714725952014088,0.25452344265903587,0.014195465551397755,0.2350693374422188,0.006491305304864627,0.26219238388729915,0.1533149900946511,0.48429451904028176,0.13237068016729034,0.32945850759410084,0.1581091789566366,0.19016729033678187,0.22469733656174334,-0.17275148580233327,0.017992515958617655,-0.2503940127668941,-0.1590446841294299
#26,0.3777922077922078,0.4668456966762051,0.12904248294078802,0.0760576711424169,0.2108716707021792,0.22607528065155183,1.0,0.3278956636583755,0.280873871890821,0.38867708562623815,0.22157825225621836,0.28080563504292316,0.21299801893022233,0.5930134272507154,0.019205370900286154,-0.19722209993396433,0.22437376183138896,0.06534448602245213,-0.030385208012326657,-0.22007704160246533,-0.09577812018489984,-0.24321593660576712,0.04927801012546775,0.06479639005062734,0.1828527404798591,-0.2595773717807616,-0.10890160686770856,-0.279702839533348,0.2409156944750165,-0.048729914153642966,-0.022837332159366057,-0.01798151001540832,-0.18900286154523444,-0.09094651111600265,-0.1929980189302223,-0.18860444640105656,-0.019782082324455205,-0.2528681488003522,-0.11114461809377063,-0.18777019590578914,-0.1269997798811358,-0.11657495047325556,0.18220559101915035,0.06176535329077702,0.18219238388729914,0.05105436935945411,-0.1564274708342505,-0.14959057891261282,-0.010906889720449042,-0.265016508914814,-0.14125027514858024,-0.22816861104996697,-0.18348228043143297,-0.2929319832709663,-0.08170372000880476,-0.28227602905569005,-0.008562623816861105,-0.23279110719788687,0.10875632841734537,0.0786682808716707,-0.05530266343825666,-0.18319832709663217,0.028795949812898965,-0.040561303103675984,-0.030360994937266125,-0.19488223640766014,0.29637023992956196,0.2792626018049747,0.06639665419326436,-0.011884217477437816,0.24580233325996037,0.0026656394453004623,-0.05765793528505393,0.02572309046885318,-0.03187761391151222,-0.038263262161567245,-0.13648250055029715,-0.052652432313449266,0.3150517279330839,0.065181598062954,-0.005205811138014528,-0.02582874752366278,0.16993836671802773,0.2701122606207352,0.2449108518600044,0.061851199647809815,-0.030541492405899186,-0.02907770195905789,-0.02592559982390491,0.16278010125467754,0.12000220118864187,0.16065595421527626,0.2686286594761171,-0.048148800352190185,0.1578032137354171,0.14435835351089588,-0.019555359894342945,-0.07644728153202729,-0.12493286374642307,-0.09525203609949373,-0.12043143297380586,0.11945850759410082,0.055467752586396656,-0.06865947611710324,-0.07412722870349989,-0.09557340964120625,-0.14223860884877834,-0.02288135593220339,-0.026473695795729692,0.057840633942328856,0.04130970724191063
#49,0.6343759630200309,0.4483843275368699,0.2243033237948492,0.17424169051287694,-0.03547875852960599,0.2821725731895223,0.3278956636583755,1.0,0.4373123486682809,0.4493660576711424,0.44830948712304647,0.4121681708122386,0.38969403477878056,0.3872000880475457,-0.057783403037640325,-0.20767114241690512,0.4444618093770636,-0.11801452784503631,-0.027578692493946733,-0.11659255998239049,0.007893462469733657,-0.07496147919876733,-0.2999229583975347,-0.11206911732335462,0.11206251375742901,-0.2746555139775479,-0.16155844155844157,-0.24970504072198987,0.16842615012106538,-0.03803653973145499,-0.15864626898525203,-0.15118864186660796,-0.41036099493726613,-0.21932423508694696,-0.11582434514637904,-0.20534888839973586,-0.22507153863086066,-0.21802553378824566,-0.41688311688311686,-0.09570327977107639,-0.12273387629319833,-0.15438036539731456,0.29752586396654196,-0.09992515958617654,0.045122165969623595,0.16311027955095753,-0.3077261721329518,-0.25088487783403035,-0.24932643627558881,-0.39182258419546556,-0.1716883116883117,-0.060977327756988775,-0.23167950693374423,0.012097732775698877,-0.07083204930662558,-0.14061413163108077,0.1201254677525864,-0.08707241910631741,-0.2457671142416905,-0.32572309046885317,-0.11740039621395554,-0.32424829407880257,0.04308166409861325,-0.003878494386968963,0.20007484041382345,0.008833370019810698,0.19481399955976228,0.14264582874752366,0.2313581333920317,-0.03968302883557121,0.282987012987013,0.12666519920757208,0.10926920537090029,0.3046401056570548,0.24030816640986133,0.274125027514858,-0.29265463350209114,-0.2647589698437156,0.2412788906009245,0.03871230464450803,0.0915166189742461,0.18898305084745762,0.3160664758969844,0.40655513977547875,0.29408320493066253,0.022467532467532466,-0.2762909971384548,-0.04210213515298261,-0.014591679506933745,0.28774818401937047,0.23255337882456525,0.15067796610169493,0.17408540611930443,-0.27679066696015847,-0.332392692053709,0.35230904688531806,0.09167290336781862,-0.0649306625577812,-0.2554193264362756,-0.13383887299141536,-0.2994342945190403,0.04709002861545234,-0.25068456966762054,-0.18858023332599605,-0.28070658155403916,-0.25719568567026196,-0.17172353070658156,-0.13521241470394013,0.26026414263702397,-0.20148800352190183,-0.2757737178076161
#50,0.2887409200968523,0.5075192604006163,0.22592119744662117,0.2084635703279771,0.11073739819502532,0.27721769755668063,0.280873871890821,0.4373123486682809,1.0,0.37353290777019593,0.4544750165089148,0.3003742020691173,0.20681267884657714,0.35432753686990975,0.24144838212634823,-0.32618754127228705,0.3901716927140656,0.005265243231344926,-0.23426810477657936,-0.26449702839533346,0.15497908870790228,-0.10376623376623377,0.10041162227602905,0.08193044243891702,0.37033017829628,-0.1953268765133172,0.02057230904688532,-0.22339203169711644,0.20321153422848337,-0.17226942548976448,0.13216596962359675,0.08186000440237728,-0.2487805414924059,0.16665419326436276,-0.16848998459167952,-0.42132071318512,-0.00212854941668501,-0.3458881796169932,-0.03579132731675105,0.02735857362976007,-0.24414263702399297,-0.6000462249614792,0.1405392912172573,-0.34421307506053267,0.25317851639885536,0.14368038740920097,-0.1522540171692714,-0.1000858463570328,0.0036913933524103017,-0.07845916795069337,0.1289786484701739,-0.054136033458067355,0.03252696456086287,-0.0714439797490645,0.08798151001540833,-0.2842526964560863,0.09639225181598063,-0.09982610609729253,-0.2308892802113141,0.022606207351970064,-0.12222980409421087,-0.3081003742020691,0.117805414924059,-0.025445740699977987,-0.07298481179837112,-0.10420867268324896,0.3311336121505613,0.2315628439357253,0.1141140215716487,-0.04786484701738939,0.22694475016508914,0.15873871890821042,0.12230464450803434,0.19240369799691834,0.23171692714065595,0.2707704160246533,-0.27084305524983493,-0.28215276249174553,0.32499889940567905,-0.22521681708122387,-0.0027096632181377945,0.22402377283733216,0.2692824125027515,0.3676205150781422,0.2447721769755668,-0.21939687431212854,-0.28447281532027296,0.069900946511116,-0.09692273827867048,0.23246092890160686,0.2674180057230905,0.04390050627338763,0.23782742681047767,-0.3741932643627559,-0.14546995377503852,0.4629341844596082,-0.2657539071098393,0.11906009244992295,-0.09514637904468413,0.19966101694915253,0.02016068677085626,0.1296962359674224,0.009489324235086947,0.13570768214836013,-0.018327096632181378,0.0034712744882236407,0.06175874972485142,-0.16338102575390712,0.028681488003521903,-0.25909971384547653,-0.32593660576711425
#51,0.5781069777679947,0.47544133832269425,0.4807836231565045,0.6407462029495927,0.3399141536429672,0.4864780981730134,0.38867708562623815,0.4493660576711424,0.37353290777019593,1.0,0.48236187541272285,0.4051683909311028,0.46768875192604004,0.4504798591239269,0.0031543033237948492,-0.21178736517719568,0.7133105877173673,0.22514637904468413,-0.0613251155624037,-0.2935571208452564,0.026409861325115563,-0.3037728373321594,0.20981069777679948,0.025665859564164648,0.33044904248294077,-0.19259520140876074,-0.029583975346687212,-0.4252454325335681,0.3935549196566146,0.16614791987673344,0.14875192604006163,0.1501518820162888,-0.14093990755007704,0.09174994497028395,0.0006405458947831829,-0.06532247413603345,-0.077343165309267,-0.222623816861105,-0.06138234646709223,0.03207792207792208,-0.00711864406779661,-0.15868148800352191,0.2703764032577592,-0.07219018269865728,0.08903808056350429,-0.04296059872331059,-0.3247413603345807,-0.2110543693594541,-0.07493286374642306,-0.2505546995377504,0.14802553378824565,0.008943429451904027,-0.05400616332819723,-0.09424389170151883,-0.13597842835130972,-0.242359674224081,0.06480519480519481,-0.3613845476557341,-0.1542989214175655,-0.09511556240369799,-0.08779000660356592,-0.16202949592780103,0.2462821923838873,0.18937046004842614,0.15163988553819063,0.10427690953114682,0.20360334580673564,0.07058771736737839,0.09283733215936606,-0.0764604886638785,0.26970063834470615,0.2068280871670702,-0.21150121065375302,-0.1368346907329958,0.042795509575170594,-0.1684767774598283,-0.38068897204490426,-0.3569887739379265,0.21784943869689632,-0.011624477217697557,-0.24506493506493507,0.3209971384547656,0.22581554039181156,0.3394937266123707,0.4327140655954215,-0.004103015628439358,0.011705921197446621,0.15568787145058333,0.030633942328857584,0.37802553378824566,0.3578758529605987,0.28806515518379927,0.2347457627118644,-0.14933964340744002,-0.014979088707902268,0.5030486462689853,-0.10545674664318733,0.1712392692053709,-0.05437376183138895,-0.041111600264142636,-0.15101034558661677,0.37187541272287034,-0.10548316090688972,0.14182478538410742,-0.023838872991415364,-0.1395179396874312,-0.07250055029716046,-0.12455866167730574,0.07152542372881356,-0.17590799031476997,-0.14216596962359673
#52,0.58805414924059,0.30848117983711204,0.41657935285053926,0.24279110719788685,0.07341404358353511,0.4933942328857583,0.22157825225621836,0.44830948712304647,0.4544750165089148,0.48236187541272285,1.0,0.42872551177635926,0.42400616332819724,0.47667400396213955,0.02405679066696016,-0.09395553598943429,0.5432291437376183,0.1600264142637024,-0.021747743781642088,-0.05854501430772617,-0.03813119084305525,-0.11296279991195246,0.053761831388950035,0.0840479859123927,0.12838872991415365,0.005789126128109179,-0.1912326656394453,-0.2714902047105437,0.4875214615892582,0.22707682148360114,0.1914836011446181,0.12585516178736517,-0.11406339423288576,0.0062909971384547654,0.15061853400836453,-0.02204270305965221,0.0038102575390710986,-0.014778780541492407,0.018450363196125908,0.12408540611930442,0.07045124367158266,-0.1423860884877834,0.2564142637023993,-0.08071098393132291,0.07440677966101696,0.05410521681708123,-0.27786704820603125,-0.222161567246313,-0.167607307946291,-0.2244177856042263,-0.06208892802113141,0.016990975126568348,-0.09490644948272067,-0.01306185340083645,-0.0977790006603566,-0.01101254677525864,-0.07090909090909091,-0.20020911292097732,-0.1771054369359454,0.0225445740699978,-0.19356812678846577,-0.23232665639445302,0.12079683028835571,-0.05813779440898085,-0.0023266563944530044,0.16762271626678407,0.15712744882236407,0.09400616332819722,0.05460488663878495,0.0013317191283292978,0.27220338983050846,0.11953554919656614,0.023330398415144178,0.0961237068016729,-0.04197886858903808,0.05611270085846357,-0.36347567686550736,-0.3151023552718468,0.33607307946291,0.23642967202289236,0.032857142857142856,0.1503764032577592,0.2847787805414924,0.28695795729694035,0.16428791547435614,-0.13813119084305525,-0.22741800572309046,0.23424829407880254,0.21616112700858464,0.33169051287695356,0.0939357252916575,0.018043143297380587,0.04195245432533568,-0.24401276689412282,-0.1732951793968743,0.2936517719568567,0.11564164648910412,0.06390710983931323,-0.10646268985252036,0.031047765793528505,-0.10399735857362977,0.2076799471714726,-0.058978648470173894,0.0750429231785164,-0.09407219898745323,-0.11112260620735197,0.011089588377723971,-0.2615298261060973,0.20001540832049305,-0.06063614351749945,-0.19834910851860005
#53,0.3468831168831169,0.3399801893022232,0.23300022011886418,0.28290556900726394,0.22824125027514858,0.623878494386969,0.28080563504292316,0.4121681708122386,0.3003742020691173,0.4051683909311028,0.42872551177635926,1.0,0.7400066035659256,0.3727999119524543,0.20238608848778342,-0.28260620735197006,0.5086968963240149,-0.09891701518820163,-0.13596742240810036,-0.1651683909311028,0.19604006163328197,-0.2980893682588598,0.19572969403477877,-0.16480959718247853,0.012705260840854061,-0.20650891481399955,-0.06042482940788026,-0.40379264802993614,0.3345080343385428,0.14093770636143518,0.01894342945190403,0.06907329958177416,-0.22217917675544793,0.022557781201849,-0.05217257318952234,-0.04991195245432534,0.031206251375742903,-0.13960818842174774,-0.2108100374202069,0.015241030156284394,-0.10311248073959939,-0.07733215936605767,0.2619920757208893,-0.1519524543253357,-0.03720449042482941,0.03222320052828528,-0.1462293638564825,-0.1477129650011006,-0.035643847677745984,-0.2493792648029936,-0.13461809377063613,-0.21154523442659035,-0.07596742240810038,-0.3014505833149901,-0.0026348228043143298,-0.28243671582654634,0.14313229143737619,-0.02745762711864407,-0.14064714946070878,-0.1842064714946071,-0.14748624257098833,-0.17800572309046886,0.4491283292978208,0.21007704160246532,-0.05978428351309707,-0.1110081443979749,0.2187871450583315,0.12528945630640545,0.02674884437596302,-0.11261501210653753,0.16787145058331499,0.05786704820603126,0.05906009244992296,0.10174114021571648,0.2572947391591459,0.026335020911292098,-0.1994651111600264,-0.21469733656174333,0.28604226282192385,0.0696830288355712,0.2154831609068897,0.4677613911512217,0.10424829407880255,0.5986550737398195,0.6297908870790226,0.010528285274047986,-0.13807175874972485,0.3230376403257759,0.08893462469733657,0.628399735857363,0.38583094871230467,0.265148580233326,0.217178076161127,-0.37002201188641864,-0.1380343385428131,0.16893462469733656,-0.04162227602905569,0.0016090688972044903,-0.2977922077922078,-0.03834470614131631,-0.18354611490204711,0.3041514417785604,-0.007856042262821925,0.09180937706361435,-0.03684789786484702,-0.04451463790446841,-0.09701078582434515,-0.13219238388729915,0.0463086066475897,-0.32510675764913055,-0.23500770416024652
#54,0.3784371560642747,0.14552938586836892,0.2319062293638565,0.3346004842615012,0.3040986132511556,0.7256834690732996,0.21299801893022233,0.38969403477878056,0.20681267884657714,0.46768875192604004,0.42400616332819724,0.7400066035659256,1.0,0.33071538630860664,0.21160246533127888,-0.20150781421967862,0.5602905569007264,-0.06504732555580013,-0.03757649130530486,-0.12057451023552719,0.28059211974466214,-0.18431873211534228,0.11779000660356592,-0.1741272287034999,0.026231565045124368,-0.12319172353070658,-0.05567246313009025,-0.2800924499229584,0.29212854941668503,0.0971318511996478,-0.05021571648690293,-0.12420867268324895,-0.18718688091569446,-0.1769095311468193,0.023852080123266565,-0.022696456086286596,0.13067576491305305,-0.14658595641646488,-0.10769535549196566,0.05169271406559542,0.02383447061413163,-0.06745102355271847,0.15651551837992517,-0.13739159145938806,0.006392251815980629,0.11150781421967863,-0.19418666079683028,-0.13919656614571868,-0.10461369139335241,-0.14593880695575612,-0.0725775918996258,-0.04230024213075061,0.043852080123266565,-0.21655073739819503,0.0876007043803654,-0.2185758309487123,0.1355315870570108,-0.008192824125027516,-0.17576491305304864,-0.13411622276029056,-0.11155624036979969,-0.19389390270746204,0.34176315210213515,0.2055183799251596,-0.16670702179176755,-0.1191371340523883,0.2319326436275589,0.32675324675324674,0.08126788465771517,-0.08121065375302663,0.23007704160246534,0.08420647149460708,0.03152102135152983,0.008012326656394453,0.1462887959498129,-0.1541866607968303,-0.21592119744662117,-0.3583535108958838,0.35486242570988336,0.08512656834690734,0.14995157384987892,0.34264582874752364,0.13732555580013206,0.40654853620955317,0.4689390270746203,-0.013020030816640986,-0.06444860224521241,0.3801848998459168,0.024488223640766013,0.6129892141756549,0.300198106977768,0.275775918996258,0.2238432753686991,-0.256715826546335,-0.15223200528285274,0.18314990094651112,-0.08163988553819063,-0.06654193264362755,-0.27606207351970063,-0.010893682588597842,-0.08543913713405239,0.29913493286374643,0.012432313449262601,0.021003742020691173,-0.15572529165749505,-0.08279991195245433,-0.09465331278890601,-0.2112194585075941,0.028758529605987234,-0.3798745322474136,-0.2526634382566586
#58,0.3080233325996038,0.31690292758089367,0.08501430772617213,0.1556680607528065,0.2190777019590579,0.3121813779440898,0.5930134272507154,0.3872000880475457,0.35432753686990975,0.4504798591239269,0.47667400396213955,0.3727999119524543,0.33071538630860664,1.0,0.19688751926040063,-0.2592934184459608,0.36047985912392694,-0.09143517499449703,-0.04045344486022452,-0.21338983050847457,0.03984591679506934,-0.3632027294739159,0.15822584195465553,-0.11471494607087827,0.2198084965881576,-0.2040149680827647,-0.15535549196566145,-0.3472265023112481,0.15946951353731015,-0.06902487343165309,-0.012463130090248735,-0.015650451243671582,-0.07099273607748184,0.009460708782742681,-0.058685890380805635,-0.18736737838432754,0.08788025533788246,-0.22252036099493727,0.012022892361875412,-0.23248734316530928,-0.07509134932863747,-0.12295399515738499,0.2543451463790447,0.08679506933744222,0.1148976447281532,-0.005841954655513977,-0.04629099713845477,-0.09736737838432753,0.038906009244992296,-0.3544243891701519,-0.09070217917675545,-0.28683028835571206,-0.12886858903808057,-0.42762271626678405,-0.07344926260180497,-0.2137574290116663,-0.08723310587717367,-0.20015848558221438,-0.21125467752586397,-0.13576931543033238,0.04278670482060313,-0.23089808496588157,0.28062513757429014,0.18227823024433193,-0.16648470173893903,-0.13241470394012766,0.5177459828307286,0.3550363196125908,0.16857362976007043,0.04639225181598063,0.26491745542593,0.0753731014747964,0.0536253576931543,0.16399955976227162,0.246913933524103,0.21383887299141535,-0.18163108078362317,-0.23828307285934405,0.4043253356812679,-0.0689720449042483,0.1164604886638785,0.19141316310807835,0.10946951353731015,0.36735197006383447,0.33844596081884215,0.0600858463570328,-0.04805414924058992,0.0336055469953775,-0.044041382346467095,0.36206251375742904,0.2531036759850319,0.10424389170151882,0.17074180057230906,-0.25356152322254016,-0.1994276909531147,0.17576491305304864,-0.14777679947171474,-0.10534668721109398,-0.28420427030596523,0.0550231124807396,-0.08448822364076601,-0.040504072198987454,-0.13453224741360334,-0.02930662557781202,-0.08994937266123706,0.01674224081003742,-0.07081223860884878,-0.09709443099273608,0.1529782082324455,-0.12997578692493947,-0.27219898745322474
#101,-0.21525643847677747,-0.06150341184239489,-0.49068897204490425,-0.017889060092449924,-0.09463130090248734,-0.06875632841734537,0.019205370900286154,-0.057783403037640325,0.24144838212634823,0.0031543033237948492,0.02405679066696016,0.20238608848778342,0.21160246533127888,0.19688751926040063,1.0,0.19966762051507814,-0.1200792427911072,-0.5282720669161347,0.39370900286154525,0.08478318291877614,0.7121065375302663,0.20693594541052168,0.1538432753686991,-0.19763812458727714,0.2888069557561083,-0.05758529605987233,-0.07254897644728153,-0.25758969843715607,-0.0660180497468633,-0.3223618754127229,-0.404224081003742,-0.18837992515958618,-0.42902927580893685,-0.1501848998459168,-0.25414924058991856,-0.08406559542152763,0.4303213735417125,0.019588377723970943,-0.07104336341624477,-0.2546268985252036,0.06142637023992956,-0.26062953995157384,0.06379484921857803,0.08703279771076382,-0.08725731895223421,-0.09238168611049967,-0.07240149680827647,-0.12430772617213295,-0.2500462249614792,-0.2803389830508475,-0.3213559322033898,-0.29536209553158704,-0.06527624917455425,-0.1751882016288796,0.5662425709883337,-0.027662337662337663,-0.10765573409641206,0.17075500770416024,-0.5427360774818402,-0.4173035439137134,-0.05193924719348448,-0.2623508694695135,0.25419766674003963,0.16016288795949812,-0.4670922298040942,-0.313020030816641,0.3458727712965001,0.27440677966101695,0.41284393572529166,0.2172132951793969,0.12493946731234867,-0.07987673343605547,0.47964560862865946,0.13136253576931542,0.30034778780541493,0.09044684129429892,0.020744001760950915,-0.2475016508914814,0.6033898305084746,0.10538410741800572,0.22488223640766014,-0.001133612150561303,0.020541492405899187,0.21285053929121725,0.1012194585075941,-0.14730794629099714,-0.31002201188641865,-0.09031697116442879,-0.20089588377723971,0.08119744662117544,0.04448382126348228,-0.11586836891921638,-0.02374642306845697,-0.3573365617433414,-0.2634800792427911,-0.112689852520361,-0.4549570768214836,-0.5077922077922078,-0.5591151221659696,-0.2562887959498129,-0.4192163768434955,-0.32769095311468194,-0.33223200528285274,-0.2844089808496588,-0.4125643847677746,-0.3046731234866828,-0.4262601804974686,-0.16525863966541932,0.017184679727052607,-0.3987739379264803,-0.48535549196566147
#102,-0.11554039181157826,-0.05331278890600925,-0.17566365837552278,-0.1375346687211094,-0.2623046445080343,-0.2697270526084085,-0.19722209993396433,-0.20767114241690512,-0.32618754127228705,-0.21178736517719568,-0.09395553598943429,-0.28260620735197006,-0.20150781421967862,-0.2592934184459608,0.19966762051507814,1.0,-0.28997798811358133,0.021470394012766895,0.45221659696235966,0.6314241690512877,0.20257318952234207,0.6219084305524983,-0.1951749944970284,0.05831388950033018,-0.16723530706581555,0.23809156944750165,-0.20893462469733656,0.06435615232225401,-0.2408694695135373,-0.0889654413383227,-0.38327316751045565,-0.3188333700198107,0.038716707021791766,-0.27938806955756107,0.011089588377723971,0.2565595421527625,0.22498128989654415,0.4830178296279991,0.04484261501210654,0.028800352190182697,0.21679066696015847,0.048626458287475235,-0.12252696456086287,0.2708210433634162,-0.3115122165969624,-0.025676865507373983,-0.04264802993616553,-0.054151441778560426,-0.27787585296059875,-0.04700198106977768,-0.2019986792868149,0.11351749944970284,-0.08857583094871231,0.31509134932863747,0.2170327977107638,0.45972044904248294,-0.32879154743561523,0.29797930882676643,-0.30314329738058554,-0.22747743781642088,-0.11939907550077042,-0.0865397314549857,-0.290675764913053,0.0011027955095751706,-0.205181598062954,0.1274158045344486,-0.0714571868809157,-0.0871714725952014,0.28325115562403697,0.583185119964781,0.056823684789786486,0.09305524983491086,0.12843935725291658,0.14604886638784945,-0.21397314549856922,-0.016863306185340085,0.12904688531807176,0.017023992956196346,-0.09677085626238169,0.4913977547875853,-0.005141976667400397,-0.32515518379925157,-0.22536649790887078,-0.32967202289236186,-0.190033017829628,-0.14540171692714066,-0.22907550077041602,-0.0687211093990755,0.10065375302663439,-0.38311248073959936,-0.3831961259079903,-0.37905348888399737,-0.3479793088267665,-0.11478978648470174,-0.20411402157164868,-0.42772837332159364,0.24339423288575832,-0.2768941228263262,-0.04610609729253797,-0.2893484481620075,-0.1737310147479639,-0.2729980189302223,-0.23634602685450143,-0.1179176755447942,-0.16271406559542154,-0.07294739159145938,-0.18368699097512656,-0.01606207351970064,0.03328637464230685,-0.11043583535108958,-0.15567466431873211
#201,0.6332687651331719,0.3830244331939247,0.6856350429231786,0.5250737398195026,0.22781421967862645,0.5975698877393792,0.22437376183138896,0.4444618093770636,0.3901716927140656,0.7133105877173673,0.5432291437376183,0.5086968963240149,0.5602905569007264,0.36047985912392694,-0.1200792427911072,-0.28997798811358133,1.0,0.3189324235086947,-0.218267664538851,-0.37924939467312346,-0.10119744662117544,-0.3226018049746863,0.23721549636803874,0.06061193044243892,0.17365177195685672,-0.22236187541272287,0.020127668941228263,-0.2768963240149681,0.5088157605106758,0.1902773497688752,0.28132731675104555,0.1871516618974246,0.014323134492626018,0.09576271186440678,-0.014186660796830288,-0.13612810917895662,-0.06803433854281311,-0.2808188421747744,0.0007373981950253137,0.1713779440898085,-0.030933303984151443,-0.23629760070438036,0.19721769755668062,-0.22104336341624478,-0.031490204710543694,0.03180717587497248,-0.2636847897864847,-0.16264142637023993,0.08994276909531147,-0.04860444640105657,0.26049086506713626,0.1597886858903808,0.07058331499009465,0.012929782082324455,-0.20108298481179837,-0.24300242130750604,0.02272066916134713,-0.36139555359894343,-0.1268677085626238,0.019698437156064275,-0.23915914593880697,-0.22261060972925378,0.14012326656394453,0.006861104996698217,0.08587277129650012,0.17358353510895883,0.0950627338762932,0.05299141536429672,0.004272507153863086,-0.11066916134712745,0.32363416244772175,0.22521021351529827,-0.15539731454985692,-0.09115782522562184,-0.014858023332599604,0.003059652212194585,-0.3640942108738719,-0.33203169711644287,0.2853709002861545,-0.10776139115122166,-0.1677591899625798,0.38270526084085404,0.25562403697996916,0.3384833810257539,0.37537530266343827,-0.11784063394232885,-0.08536869909751266,0.2621417565485362,0.15876513317191282,0.3917257318952234,0.31051948051948053,0.16881796169931762,0.3053026634382567,-0.13498128989654412,-0.045403918115782524,0.5199295619634603,-0.06481840193704601,0.3688069557561083,0.11300022011886418,0.2089192163768435,0.14217037200088048,0.5231829187761391,0.06703059652212194,0.2227294739159146,0.15805414924058991,0.059449702839533346,0.1916068677085626,-0.17779440898084967,0.20592339863526304,-0.19406119304424388,-0.12837332159366058
