,#10,#11,#12,#13,#17,#18,#26,#49,#50,#51,#52,#53,#54,#58,#101,#102,#201,#202,#301,#302,#401,#402,#501,#502,#601,#602,#701,#702,#801,#802,#901,#902,#1001,#1002,#1101,#1102,#1201,#1202,#1301,#1302,#1401,#1402,#1501,#1502,#1601,#1602,#1701,#1702,#1801,#1802,#1901,#1902,#2001,#2002,#2101,#2102,#2201,#2202,#2301,#2302,#2401,#2402,#2501,#2502,#2601,#2602,#2701,#2702,#2801,#2802,#2901,#2902,#3001,#3002,#3101,#3102,#3201,#3202,#3301,#3302,#3401,#3402,#3455,#3501,#3502,#3601,#3602,#3701,#3702,#3801,#3802,#3901,#3902,#4001,#4002,#4101,#4102,#4201,#4202,#4301,#4302,#4401,#4402,#4501,#4502,#4601,#4602,#4701,#4702,#4801,#4802
#10,1.0,0.3799581774158045,0.13855161787365178,0.5871274488223641,-0.05527624917455426,0.16484261501210654,0.06190182698657275,0.5874488223640766,0.1455491965661457,0.37512436715826547,0.4087541272287035,0.5963548316090689,-0.16241470394012766,0.37596962359674224,0.1693330398415144,0.03414483821263482,0.3040898084965882,-0.26688091569447503,0.1965243231344926,0.2960268545014308,0.3063174114021572,0.043163108078362315,0.391005943209333,0.08377283733215937,0.05149680827646929,-0.22948932423508694,-0.09379484921857803,0.006451683909311028,-0.2035791327316751,-0.20205370900286154,-0.34310807836231566,-0.028294078802553378,-0.3828923618754127,-0.43381245872771296,-0.3642394893242351,-0.06474136033458068,-0.4474158045344486,-0.305445740699978,-0.4540149680827647,-0.49561963460268543,0.16375522782302443,-0.1938828967642527,-0.15513317191283293,0.1888663878494387,-0.22894342945190402,0.08577371780761611,-0.2861897424609289,-0.34792648029936163,-0.3565265243231345,0.04619854721549637,-0.27274488223640764,-0.05001540832049307,-0.3644067796610169,0.024910851860004402,0.18781201848998458,-0.040099053488884,-0.016114902047105438,0.06737398195025314,-0.26869689632401494,-0.13443099273607748,0.019471714725952015,0.04386088487783403,-0.2412788906009245,-0.28329297820823246,0.042663438256658595,-0.16706801672903368,-0.22038740920096853,-0.08578472375082545,-0.01792868148800352,-0.035472154963680384,-0.052676645388509795,-0.17484921857803215,0.14662998018930223,-0.029471714725952013,-0.0676007043803654,-0.05526304204270306,-0.05907990314769976,-0.07208012326656395,0.3035439137134052,0.14435174994497027,-0.21249614791987673,-0.12010785824345147,-0.11158705701078582,-0.10065815540391812,-0.17249614791987675,-0.04640545894783183,-0.08817301342725072,-0.005606427470834251,-0.18088487783403037,-0.029005062733876295,0.01600264142637024,-0.24680167290336782,0.09609289016068677,0.01717587497248514,-0.13675764913053048,-0.007776799471714726,-0.202392692053709,-0.1704864626898525,-0.16072859344045784,-0.3387739379264803,-0.14794086943699655,-0.09847897864847018,-0.278547215496368,-0.38714065595421526,-0.4817719568567026,-0.3686352630420427,-0.4687739379264803,-0.25266563944530046,-0.2868236847897865,0.06402597402597403,-0.07473475676865507
#11,0.3799581774158045,1.0,0.0676601364736958,0.35788245652652434,0.2800968523002421,0.4083072859344046,0.31527624917455427,0.3411908430552498,0.3474290116662998,0.11236407660136474,0.08408320493066256,0.3612987012987013,0.0650561303103676,0.3107109839313229,0.019722650231124808,0.09262821923838872,0.03948272066916135,-0.07325775918996258,-0.06031917235307066,0.07675324675324675,0.10688972044904248,-0.0075192604006163325,-0.0735659255998239,-0.06277349768875193,-0.08394453004622496,-0.06579132731675104,-0.2434734756768655,-0.1453995157384988,-0.03276469293418446,0.1270878274268105,-0.1166651992075721,-0.06455646048866388,-0.20950473255558003,-0.15943209333039843,-0.003572529165749505,-0.21403918115782522,-0.12339863526304204,-0.05323794849218578,0.03608848778340304,-0.13256218357913274,-0.008120184899845917,-0.10857362976007044,-0.03219898745322474,0.15163108078362317,-0.19268765133171914,0.055927801012546775,-0.14321153422848337,-0.15883116883116882,-0.24791987673343605,-0.06796610169491525,-0.19882896764252697,-0.10514637904468413,-0.09801012546775259,-0.18509134932863747,0.004543253356812679,-0.1185956416464891,-0.03316971164428791,-0.11160246533127889,-0.23475456746643186,-0.22018269865727494,0.06834910851860004,-0.0274950473255558,0.13594320933303985,0.10309267004182258,-0.035172793308386525,-0.1098415144177856,0.14223860884877834,-0.08083204930662558,-0.045201408760730796,-0.008300682368478978,0.04957737178076161,-0.05486242570988334,0.3472815320272947,-0.05580453444860225,0.11710323574730354,0.08607528065155184,0.1396830288355712,-0.18675764913053047,0.11949372661237068,0.06940788025533788,0.11587277129650012,0.04797490644948272,0.06527184679727052,0.0798613251155624,0.10928901606867708,0.18544353951133613,-0.22246092890160687,0.09692273827867048,-0.02933744221879815,0.16077481840193705,0.11875632841734536,-0.15003521901826986,-0.3189478318291878,-0.03534228483381026,-0.0875478758529606,-0.021241470394012765,-0.17853400836451683,-0.1087277129650011,-0.18851419766674005,0.013515298261060973,-0.011002647481097572,-0.12154523442659036,-0.050592119744662115,-0.24976447281532027,-0.1769425489764473,-0.13452344265903587,-0.07831168831168832,-0.053097072419106314,-0.2840281752146159,-0.02952014087607308,-0.17938146599163549
#12,0.13855161787365178,0.0676601364736958,1.0,0.264884437596302,0.10248954435395113,0.13922298040942108,0.2565881576051068,-0.049672022892361875,-0.35532247413603346,0.29347787805414927,0.05780321373541712,-0.003464670922298041,-0.04246092890160687,0.2402575390710984,-0.15218578032137353,-0.09501430772617213,0.33648250055029716,0.4556416464891041,-0.18475236627779001,-0.1791107197886859,-0.18893242350869469,-0.08279330838652872,0.22447281532027294,0.15101915034118424,0.23334800792427912,0.07042703059652212,0.2626744441998679,0.05741140215716487,-0.023337001981069777,0.04548095971824785,-0.007704160246533128,-0.033270966321813776,0.00574950473255558,-0.09548095971824785,-0.07574069997798812,-0.1078780541492406,-0.08691393352410301,-0.1010147479639005,0.07260840854061193,-0.032064714946070876,-0.024598283072859346,-0.03515738498789346,-0.1339951573849879,-0.10164428791547436,-0.025637244111820383,0.16047105436935946,-0.21242791107197886,-0.11709002861545234,0.040055029716046665,0.23145938806955757,0.17459167950693374,0.4299757869249395,0.32330178296279993,0.4768082764692934,0.28118864186660797,0.32437816420867266,-0.01708782742681048,-0.1148117983711204,-0.24419106317411401,-0.18509355051727933,-0.0823002421307506,-0.0006779661016949153,-0.36488883997358573,-0.1929275808936826,0.31657495047325557,0.2994298921417565,-0.14797710763812458,-0.0909156944750165,-0.14163548316090688,-0.03026634382566586,0.36632401496808276,0.1274686330618534,-0.09325996037860444,-0.08278450363196126,-0.16664098613251155,0.18874312128549417,-0.060620735197006385,0.08565265243231344,-0.01288135593220339,0.06697336561743342,-0.011281091789566365,0.05441778560422628,0.11142857142857143,-0.07361655293858684,-0.11704380365397314,-0.30692493946731236,-0.26719788685890383,0.19786704820603127,-0.043416244772176975,-0.31110499669821706,0.009788685890380806,-0.2539247193484482,-0.04447721769755668,-0.29678626458287477,-0.24901606867708562,0.3425797930882677,0.21914373761831388,0.3880805635042923,0.39836451683909313,0.3649526744441999,0.4415399744332467,0.39977988113581336,0.009333039841514418,0.20443099273607748,0.23464670922298042,0.19570768214836012,0.022320052828527406,0.09949592780101255,0.03233546114902047,-0.15980409421087388,-0.144653312788906
#13,0.5871274488223641,0.35788245652652434,0.264884437596302,1.0,0.08814219678626459,0.2826700418225842,0.08667180277349769,0.16028175214615892,0.008941228263262161,0.24672022892361875,0.18667180277349768,0.3861171032357473,-0.003508694695135373,0.21150561303103677,0.17853620955315871,0.22431432973805857,0.43424829407880255,0.0814505833149901,-0.06340523882896765,0.05793528505392912,0.23097072419106318,0.18460488663878494,0.21531366938146598,0.13743341404358353,0.2614417785604226,-0.022493946731234865,-0.2854897644728153,-0.14423948932423508,-0.11384107418005723,-0.06178296279991195,-0.04499889940567907,0.07381906229363856,-0.09716707021791768,-0.16587497248514196,-0.17879815100154084,-0.2139995597622716,-0.308895003301783,-0.06004402377283733,-0.07319832709663218,-0.17170151882016288,0.13532687651331718,-0.20974906449482722,-0.23081884217477439,0.008961038961038961,-0.22361655293858684,0.06761171032357473,-0.18976007043803653,-0.21512876953554919,-0.27378164208672684,-0.0876997578692494,-0.2487277129650011,-0.08826546335020911,-0.17449482720669163,-0.07654193264362756,0.13574290116663,0.16886418666079683,-0.15644508034338542,-0.054061193044243894,-0.21528065155183798,-0.2726656394453005,0.053539511336121504,0.10710543693594542,-0.23267444419986794,-0.27327977107638124,-0.12464450803433855,-0.031144618093770636,0.002971604666519921,-0.18352850539291218,-0.03519920757208893,-0.12276469293418446,-0.07188201628879595,-0.10306405458947832,0.15595641646489103,-0.04258199427690953,-0.12834470614131632,0.07099933964340743,0.06825665859564164,-0.1208892802113141,0.19395773717807616,0.1464736957957297,-0.07640325775918996,-0.07271186440677967,0.08628439357252916,-0.11210653753026634,0.010647149460708783,0.013585736297600704,-0.16205591019150342,0.12554919656614572,-0.1526304204270306,-0.16690732995817742,0.0036297600704380366,-0.42292978208232446,-0.11081884217477438,-0.09169711644287916,-0.013871890821043363,0.04957296940347788,0.13628659476117103,0.09512656834690733,-0.042806515518379926,-0.23180497468633063,-0.009564169912047405,0.19018269865727494,-0.0026810477657935286,0.012236407660136474,-0.04465991635483161,-0.04649570768214836,-0.11392471934844817,-0.019654413383226942,0.05267224301122606,0.05677966101694915,-0.07519700638344706
#17,-0.05527624917455426,0.2800968523002421,0.10248954435395113,0.08814219678626459,1.0,0.5006735637244112,0.23694034778780543,-0.022749284613691394,0.22946290997138455,-0.0673827867048206,-0.03103235747303544,-0.0923728813559322,0.6051177635923398,0.007666740039621396,-0.3076667400396214,-0.10556460488663878,-0.043152102135152984,0.5286198547215496,-0.3787387189082104,-0.29989214175654855,-0.38381465991635483,-0.2054985692273828,-0.12103015628439358,-0.12939687431212854,-0.012810917895663658,-0.18339863526304204,-0.5130002201188641,-0.15308166409861326,0.46876293198327096,0.5161633281972265,0.5023750825445741,-0.2903543913713405,0.37273827867048204,0.18410301562843936,0.6033744221879815,0.10449042482940787,0.20425489764472815,0.10301122606207352,0.10869689632401497,0.17696896324014968,-0.21012987012987014,-0.06417785604226282,0.16637023992956196,-0.10538850979528945,-0.2125974025974026,0.005313669381465992,-0.16922738278670482,0.024908650671362536,-0.15202509355051727,-0.11648910411622276,0.11152102135152983,0.013841074180057231,0.20831388950033017,-0.14913493286374643,-0.4410675764913053,-0.10853400836451683,-0.49370900286154523,-0.33405679066696015,0.11100374202069117,-0.19212194585075942,0.2411468192824125,0.08805194805194805,0.17077481840193703,0.20644287915474357,-0.16455425930002202,-0.03041602465331279,0.36551397754787585,-0.2717939687431213,-0.08723530706581555,0.05335241030156285,0.028593440457847237,0.02924719348448162,0.0911600264142637,0.20963460268545014,-0.1924983491085186,-0.10501871010345587,0.0635725291657495,0.03523882896764253,0.19842835130970723,0.2390512876953555,0.4852652432313449,0.21190622936385647,0.2750957517059212,0.5293242350869469,0.5796434074400176,0.40932423508694693,0.21410961919436497,0.18993176315210214,-0.03692714065595422,0.25124807395993837,0.29794849218578034,0.2583314990094651,-0.22363416244772177,0.07216376843495488,0.23138674884437596,0.1770658155403918,0.1699141536429672,0.30307285934404576,-0.007206691613471274,0.3696632181377944,0.24812252262964501,0.1362227602905569,0.3183381025753907,0.28687211093990755,0.16390050627338762,0.28623156504512437,0.3367598503191723,0.22317411402157164,-0.013409641206251375,0.021347127448822365,-0.03048206031256879
#18,0.16484261501210654,0.4083072859344046,0.13922298040942108,0.2826700418225842,0.5006735637244112,1.0,0.37411182038300683,0.039526744441998676,0.2024389170151882,0.12204710543693595,-0.0003081664098613251,0.21518600044023772,0.4317961699317632,0.1390843055249835,-0.18751926040061634,0.08515738498789346,0.12319832709663218,0.28902927580893684,-0.19049086506713625,-0.08630420427030597,-0.17426810477657936,-0.17994276909531146,-0.03436055469953775,-0.009550957517059212,0.005980629539951574,-0.04693374422187981,-0.3841008144397975,-0.20000220118864187,0.03318071758749725,0.28701518820162886,0.21416244772176976,-0.13139555359894342,0.18175874972485143,0.19084085406119305,0.04826546335020911,-0.012892361875412723,-0.09593660576711424,0.26184679727052607,0.0564076601364737,0.23329958177415805,0.008236847897864847,-0.13370900286154525,-0.10817301342725072,0.09427030596522122,-0.2110345586616773,-0.013031036759850319,-0.014318732115342285,-0.014475016508914813,-0.21807175874972484,-0.17730574510235528,-0.07692714065595421,-0.08551177635923399,-0.019608188421747743,-0.050367598503191724,-0.2806317411402157,-0.05030156284393573,-0.24631961259079904,-0.042353070658155405,-0.09436495707682148,-0.1624983491085186,0.24688531807175876,0.1572727272727273,0.04475236627779001,0.019905348888399736,-0.19242130750605327,-0.08309707241910631,0.26039621395553597,-0.17586836891921637,-0.10100814439797491,-0.09612590799031477,0.03427911071978869,-0.18913273167510455,0.23062953995157384,0.07237728373321593,-0.003396434074400176,0.03959278010125468,0.2679683028835571,0.04062293638564825,0.1814968082764693,0.32076161127008584,0.22324675324675325,0.23000440237728373,0.27014747963900504,0.122557781201849,0.3441646489104116,0.36289676425269646,0.024155844155844156,0.12994276909531147,0.00013207131851199647,-0.037382786704820606,0.18391151221659696,-0.02224521241470394,-0.18276469293418446,-0.1393946731234867,-0.02489984591679507,0.16963460268545014,0.0974620294959278,0.1634272507153863,0.0069271406559542155,0.15112920977327757,0.05013319950099785,0.18333480079242792,0.2440017609509135,0.09913273167510456,0.12388069557561084,0.1347919876733436,0.1285824345146379,0.3123992956196346,0.08459828307285934,-0.15407880255337883,-0.24664098613251156
#26,0.06190182698657275,0.31527624917455427,0.2565881576051068,0.08667180277349769,0.23694034778780543,0.37411182038300683,1.0,0.09673343605546995,0.11062073519700638,0.29453664979088706,-0.03390050627338763,0.13998239049086506,0.03733656174334141,0.4435835351089588,0.07058771736737839,-0.1812326656394453,0.16672243011226062,0.13052388289676425,-0.08316310807836232,-0.1702047105436936,-0.11204930662557781,-0.1637376183138895,-0.053636363636363635,-0.15979749064494828,0.10792427911071979,-0.19245652652432313,-0.008159806295399516,-0.29650891481399955,-0.07601804974686331,0.12697556680607527,-0.021945850759410083,-0.056984371560642746,0.005320272947391591,-0.13546114902047104,-0.08165309267004182,-0.20701959057891262,0.07053048646268985,0.08776359233986353,0.0025115562403698,0.024681928241250276,-0.07672022892361875,-0.15087827426810477,-0.13401056570548095,-0.1963086066475897,-0.26483601144618096,-0.16794188861985473,-0.14426150121065376,-0.1313647369579573,-0.15511776359233986,-0.11029716046665199,-0.03704380365397315,0.027895663658375522,0.0225709883337002,0.1391107197886859,0.045696676205150784,-0.06355051727933084,-0.10053048646268985,-0.2637596302003082,-0.2681576051067576,-0.16202509355051728,-0.06098613251155624,0.15502751485802332,-0.01276469293418446,0.10649570768214836,0.0225115562403698,0.09068236847897865,0.22625357693154302,0.3852322254017169,-0.0510939907550077,0.1567224301122606,0.40062953995157385,0.08415804534448602,0.26564825005502973,0.09198547215496368,0.025014307726172132,0.14696015848558222,0.1821681708122386,-0.015745102355271847,0.03760510675764913,-0.02368038740920097,0.18114241690512878,-0.02701518820162888,0.17507814219678627,0.04070217917675545,0.09452124147039401,0.08385428131190843,-0.2426106097292538,0.08079462909971384,-0.09298701298701299,0.00760510675764913,0.03460488663878494,-0.18184459608188422,-0.09739819502531367,-0.4449108518600044,-0.24530486462689852,0.10657274928461369,-0.04098613251155624,0.1115298261060973,0.16023332599603787,0.15618534008364518,0.2056659727415966,0.1440347787805415,0.16219238388729915,0.029368258859784283,0.16584855822143957,0.013458067356372441,0.03849438696896324,0.0811402157164869,-0.0029011666299801893,-0.24405679066696015,-0.22101915034118425
#49,0.5874488223640766,0.3411908430552498,-0.049672022892361875,0.16028175214615892,-0.022749284613691394,0.039526744441998676,0.09673343605546995,1.0,0.44986572749284615,0.355511776359234,0.4627074620294959,0.5610631741140216,-0.15369579572969402,0.21359013867488444,0.43416244772176976,-0.1291965661457187,0.05606867708562624,-0.46210433634162446,0.2635615232225402,0.17544794188861987,0.4913845476557341,-0.045016508914814,0.056007043803653976,-0.04580233325996038,-0.0961567246313009,-0.20692273827867047,-0.0017587497248514198,-0.2176667400396214,-0.1877988113581334,-0.13372881355932204,-0.42629099713845475,-0.110033017829628,-0.6060136473695795,-0.472392692053709,-0.25206911732335463,-0.06542593000220119,-0.18168611049966982,-0.24745762711864408,-0.5709817301342726,-0.5773915914593881,0.11006383447061413,-0.10738718908210433,-0.1088531807175875,0.1413845476557341,-0.1881421967862646,0.04434954875632842,-0.26624477217697556,-0.39523662777900065,-0.39018930222320053,-0.12127668941228263,-0.2706779661016949,-0.0965595421527625,-0.34815100154083206,-0.020744001760950915,0.2791173233546115,-0.17288355712084524,0.07760290556900726,-0.08261281091789566,-0.35078802553378824,-0.40784723750825447,-0.031204050187101033,-0.037660136473695795,0.0020581113801452786,0.029544353951133612,-0.0863350209112921,-0.15383887299141535,-0.09840854061193044,-0.02908650671362536,0.18970283953334802,0.11503191723530706,0.09839093110279551,-0.04658375522782302,0.4317257318952234,-0.010416024653312789,0.23086506713625357,0.13953775038520802,0.15411622276029055,-0.059225181598062955,0.1322738278670482,-0.030325775918996257,-0.3356416464891041,-0.08819062293638565,-0.060651551837992514,0.07435615232225402,-0.11598283072859344,0.1539951573849879,-0.03851419766674004,-0.23557561082984813,-0.14513537310147478,0.057473035439137135,-0.05199867928681488,-0.17508034338542813,0.047552278230244334,-0.09508694695135374,-0.2805326876513317,-0.17128109178956635,-0.4882390490865067,-0.3947501650891481,-0.378729914153643,-0.24710983931322913,-0.3087796108186748,-0.3074268104776579,-0.5156900726392252,-0.5088751926040062,-0.6356856702619414,-0.481254677525864,-0.5714417785604227,-0.3967686550737398,-0.28611930442438915,-0.05642526964560863,-0.23563944530046224
#50,0.1455491965661457,0.3474290116662998,-0.35532247413603346,0.008941228263262161,0.22946290997138455,0.2024389170151882,0.11062073519700638,0.44986572749284615,1.0,0.12646489104116224,0.15675544794188861,0.24221659696235967,0.10824785384107417,0.16132731675104556,0.27894783182918775,-0.006031256878714506,-0.07379484921857803,-0.20757869249394673,0.1994607087827427,0.02908650671362536,0.204818401937046,-0.1061897424609289,-0.07559101915034118,-0.16488883997358575,-0.1022540171692714,-0.10846577151661897,-0.4139071098393132,-0.3790578912612811,0.08075500770416025,-0.027486242570988334,-0.07601804974686331,-0.22977107638124586,-0.12627338762931983,-0.06855822143957738,0.1016024653312789,-0.06783403037640326,0.016308606647589697,0.10557781201848998,-0.34987233105877175,-0.23491965661457187,0.058972044904248296,0.110198106977768,0.17379264802993616,0.10703059652212195,-0.23560202509355052,-0.15506493506493507,-0.17096632181377944,-0.2691371340523883,-0.2709773277569888,-0.2847039401276689,-0.20832269425489763,-0.348415144177856,-0.20626018049746864,-0.21860664758969844,-0.12175214615892582,-0.11671142416905128,0.01464670922298041,-0.13042482940788025,-0.17263262161567247,-0.4229407880255338,0.1589786484701739,0.00536649790887079,0.2850781421967863,0.10844375963020031,-0.3539511336121506,-0.22894342945190402,0.3282060312568787,-0.19288795949812898,0.22561963460268544,0.2305723090468853,0.1161897424609289,0.20784063394232885,0.48874972485141976,0.2515496368038741,0.2650671362535769,0.02695795729694035,0.18305745102355273,-0.0860774818401937,-0.07521681708122387,0.04209553158705701,0.0023618754127228705,0.029242791107197887,-0.024028175214615893,0.2005789126128109,0.0826106097292538,0.5067290336781862,0.10012987012987012,-0.08153642967202289,-0.11629760070438036,0.07214615892581994,-0.016590358793748625,0.07867268324895443,-0.2010015408320493,0.0062315650451243675,0.038556020250935505,-0.11531146819282413,-0.2787739379264803,-0.2113449262601805,-0.402161567246313,-0.12823024433193925,-0.2662196050075271,-0.21387849438696896,-0.09704380365397315,-0.1798151001540832,-0.26086506713625357,-0.14853180717587497,-0.1647391591459388,0.0026810477657935286,-0.08940347787805415,-0.08385648250055029,-0.15512656834690733
#51,0.37512436715826547,0.11236407660136474,0.29347787805414927,0.24672022892361875,-0.0673827867048206,0.12204710543693595,0.29453664979088706,0.355511776359234,0.12646489104116224,1.0,0.24550957517059213,0.3623354611490205,-0.12803653973145498,0.23741140215716486,0.2572331058771737,-0.3231653092670042,0.4058837772397094,0.05153642967202289,0.182656834690733,-0.11635263042042703,0.041111600264142636,-0.25654853620955315,0.40353070658155404,-0.20577151661897425,0.1370195905789126,-0.1215232225401717,0.26008364516839094,-0.14097732775698876,-0.03183579132731675,-0.09798591239269205,-0.14061413163108077,-0.23291437376183138,-0.22581554039181156,-0.28957517059211973,-0.1787673343605547,-0.20001760950913494,-0.1804028175214616,-0.2597248514197667,-0.30853841074180055,-0.35113801452784504,0.32494166850099054,0.02856042262821924,-0.12212414703940128,-0.10505833149900946,-0.10248073959938367,-0.15637023992956198,-0.33995157384987895,-0.4222826326216157,-0.24681267884657715,-0.09317191283292978,-0.2016288795949813,0.022810917895663658,-0.09017389390270746,0.24477657935285055,0.3567510455646049,-0.04098613251155624,-0.04611930442438917,-0.19904248294078802,-0.24963240149680826,-0.09111160026414264,0.04458727712965001,0.07848998459167951,-0.25197446621175434,-0.04927140655954215,0.13220338983050847,-0.10201408760730794,0.11348448162007484,0.28,0.03500770416024653,0.01654193264362756,0.2613317191283293,0.115214615892582,0.0775544794188862,0.011069777679947171,-0.10191503411842395,-0.018589038080563506,-0.10834910851860004,0.041710323574730354,-0.013215936605767115,-0.1261369139335241,-0.1341338322694255,-0.2733017829627999,-0.013110279550957516,-0.028331499009465112,-0.20542813119084305,0.043519700638344705,0.10538630860664759,-0.12954215276249176,-0.08939907550077042,-0.19922077922077921,0.08516618974246093,0.006306405458947832,0.20264582874752365,-0.06788906009244992,0.028569227382786704,0.3335989434294519,-0.03585736297600704,0.11069337442218798,0.07201408760730794,-0.18754567466431873,-0.09586952227027772,0.30019590578912614,-0.09281311908430552,0.05972044904248294,-0.22022892361875412,-0.1367114241690513,-0.3696434074400176,-0.08231565045124367,-0.06293198327096632,-0.018272066916134713,-0.017583094871230463
#52,0.4087541272287035,0.08408320493066256,0.05780321373541712,0.18667180277349768,-0.03103235747303544,-0.0003081664098613251,-0.03390050627338763,0.4627074620294959,0.15675544794188861,0.24550957517059213,1.0,0.363383226942549,-0.060655954215276246,0.25826986572749283,0.19891041162227602,-0.11499889940567906,0.05523002421307506,-0.19608188421747744,0.2363548316090689,0.07941668500990536,0.34638344706141316,0.022234206471494607,0.07438696896324015,0.0212062513757429,0.10551397754787585,-0.05044904248294079,0.10661457186880915,-0.1015100154083205,-0.18942769095311468,-0.26695575610829847,-0.25923178516398854,0.04283733215936606,-0.24742460928901608,-0.22935285053929122,-0.16916354831609068,0.1240744001760951,-0.13236407660136473,-0.16332159366057672,-0.37482720669161346,-0.2846995377503852,0.08898745322474136,0.11563064054589478,-0.05218578032137354,-0.026004842615012107,-0.13845256438476777,0.2924455205811138,-0.16881576051067576,-0.26977988113581336,-0.13286374642306845,0.004593880695575611,-0.06332599603786045,-0.048412942989214176,-0.07959498128989655,-0.028573629760070437,0.325511776359234,-0.15999779881135814,0.15353510895883776,-0.02294739159145939,-0.16656394453004622,-0.20774818401937045,-0.032909971384547654,0.015053929121725733,-0.1890380805635043,-0.2812920977327757,0.06932203389830509,-0.12884217477437818,-0.0896632181377944,0.07110499669821704,0.24445080343385428,-0.004825005502971605,0.053147699757869246,0.013429451904028175,0.14374862425709883,-0.12429672022892362,0.07306845696676205,0.06281972265023113,0.1423002421307506,0.1263416244772177,0.04905789126128109,0.05540832049306626,-0.2431653092670042,-0.09879594981289896,-0.11155183799251596,-0.09226942548976447,-0.07406999779881136,0.007585296059872331,0.0938234646709223,0.07956856702619415,-0.04412062513757429,-0.19536209553158707,-0.3273497688751926,-0.0537640325775919,-0.041336121505613034,0.021507814219678626,-0.1676601364736958,0.11217917675544795,-0.18227162667840635,-0.1961104996698217,-0.26530706581554037,-0.04702179176755448,-0.22097744936028516,-0.2191635483160907,-0.2944155844155844,-0.3067950693374422,-0.2763724411182038,-0.11518379925159586,-0.2377591899625798,-0.15504732555580014,-0.001151221659696236,0.019341844596081886,-0.06334360554699538
#53,0.5963548316090689,0.3612987012987013,-0.003464670922298041,0.3861171032357473,-0.0923728813559322,0.21518600044023772,0.13998239049086506,0.5610631741140216,0.24221659696235967,0.3623354611490205,0.363383226942549,1.0,-0.20071098393132292,0.36028615452344265,0.29701078582434515,-0.024600484261501212,0.28390490865067136,-0.41021351529826106,0.16192163768434956,0.13573409641206252,0.34845476557340965,-0.03536649790887079,0.11237068016729033,0.040796830288355714,0.05184239489324235,-0.16421087387189082,0.01716486902927581,-0.10562623816861105,-0.4160356592559982,-0.21619414483821264,-0.48977327756988775,-0.029599383667180276,-0.4380563504292318,-0.4327294739159146,-0.5215452344265904,-0.054228483381025754,-0.45667620515078144,-0.3579661016949153,-0.4392692053709003,-0.3797864847017389,0.29493506493506494,-0.16184239489324234,-0.3216222760290557,0.044882236407660134,-0.25900286154523444,-0.06359674224081004,-0.10028835571208453,-0.30140876073079464,-0.26076161127008585,-0.050264142637023994,-0.2848712304644508,0.029084305524983492,-0.1764802993616553,0.1730794629099714,0.3251860004402377,-0.033110279550957515,0.022150561303103677,-0.06097952894563064,-0.42804534448602244,-0.247706361435175,0.17906889720449043,0.08089808496588158,-0.20356812678846578,-0.27421307506053266,-9.465111160026414e-05,-0.07764032577591899,-0.2213317191283293,-0.0163152102135153,0.09351970063834471,-0.03308166409861325,0.035597622716266784,-0.03919436495707682,0.31153863086066474,0.11560642747083424,0.17280431432973806,-0.0035571208452564386,0.15449922958397536,-0.04989874532247414,0.060081443979749065,-0.08667400396213956,-0.2207770195905789,0.09282852740479859,0.04393572529165749,-0.291221659696236,-0.19156504512436714,0.15619414483821265,-0.06787805414924059,-0.026011446180937706,-0.09661897424609289,-0.08205370900286155,-0.09993836671802774,-0.39732775698877393,0.012824125027514857,-0.18701738939027074,-0.2918005723090469,-0.10067356372441118,-0.29989214175654855,-0.29041382346467093,-0.2520052828527405,-0.1284239489324235,-0.1682600529716593,-0.1856636583755228,-0.2790843055249835,-0.45407880255337885,-0.30684129429892143,-0.29697116442879157,-0.4252872551177636,-0.1419898745322474,-0.1343253356812679,0.050039621395553596,-0.11580673563724411
#54,-0.16241470394012766,0.0650561303103676,-0.04246092890160687,-0.003508694695135373,0.6051177635923398,0.4317961699317632,0.03733656174334141,-0.15369579572969402,0.10824785384107417,-0.12803653973145498,-0.060655954215276246,-0.20071098393132292,1.0,-0.0638498789346247,-0.34661677305745103,0.13534888839973586,-0.06318732115342285,0.5128329297820823,-0.29688311688311686,-0.12800572309046884,-0.3109751265683469,-0.03260620735197006,-0.10346907329958177,0.05813119084305525,0.10652652432313449,0.05371340523882897,-0.49941008144397975,-0.12313229143737618,0.3858485582214396,0.5354567466431873,0.5519568567026194,-0.2136583755227823,0.30011446180937706,0.1836517719568567,0.5319766674003962,0.1616024653312789,0.26457847237508253,0.22304204270305966,0.11204710543693594,0.3363152102135153,-0.045097952894563066,-0.2222232005282853,0.16387849438696897,0.042031697116442876,-0.1136187541272287,-0.04178736517719569,-0.16865727492846136,0.028208232445520582,-0.16084085406119306,-0.15640986132511556,-0.008626458287475236,-0.17675544794188863,0.0898151001540832,-0.22472154963680388,-0.539108518600044,0.04891701518820163,-0.3413713405238829,-0.015060532687651331,0.23636583755227822,-0.09363416244772177,0.05320713185119965,0.09126128109178956,0.22029495927801013,0.21072198987453225,-0.35592119744662115,-0.2639863526304204,0.32807175874972483,-0.21528505392912173,0.030629539951573848,0.01983711204050187,-0.08648910411622276,-0.14035219018269865,0.10311908430552498,0.07907990314769976,-0.08662998018930222,-0.1202839533348008,4.842615012106537e-05,-0.013788245652652433,0.2586264582874752,0.3499977988113581,0.4126150121065375,0.16492626018049747,0.33103675985031916,0.4142394893242351,0.4392185780321374,0.33013647369579574,0.1993132291437376,0.03761611270085846,0.013768434954875633,0.02163988553819062,0.18813119084305524,0.2559013867488444,-0.05940788025533788,0.22931102795509575,0.3455712084525644,0.07597182478538411,0.3047765793528505,0.13527845036319613,-0.0926040061633282,0.16063394232885758,0.10761066894711566,0.16175654853620955,0.22703059652212196,0.30505833149900946,0.0988994056790667,0.2265133171912833,0.27272066916134713,0.29260840854061193,0.07810477657935284,-0.0564142637023993,0.016687211093990757
#58,0.37596962359674224,0.3107109839313229,0.2402575390710984,0.21150561303103677,0.007666740039621396,0.1390843055249835,0.4435835351089588,0.21359013867488444,0.16132731675104556,0.23741140215716486,0.25826986572749283,0.36028615452344265,-0.0638498789346247,1.0,0.15764252696456085,0.04202729473915914,0.32541272287035,-0.12174554259300022,0.07418445960818842,0.1336979969183359,-0.015963020030816642,-0.01921417565485362,0.008989654413383227,-0.1173497688751926,-0.02207792207792208,-0.1634536649790887,0.002672243011226062,-0.13726612370680166,-0.3192934184459608,-0.17170372000880477,-0.25484701738939025,0.17760950913493287,-0.24887739379264803,-0.13240369799691834,-0.30495487563284174,0.00022672243011226062,0.011906229363856482,-0.07420647149460709,-0.09791987673343605,-0.12070217917675545,0.003576931543033238,-0.17426150121065376,-0.25202729473915914,0.19654413383226943,-0.2850869469513537,0.08492405899185561,-0.2432951793968743,-0.23744662117543475,-0.14077481840193704,0.13574510235527185,-0.15239049086506715,0.17647149460708783,-0.12771076381245872,0.2964582874752366,0.13387189082104337,0.009828307285934404,-0.02110939907550077,-0.04213735417125248,-0.5463944530046225,-0.15988773937926481,-0.01365397314549857,-0.0063174114021571645,0.06009465111160026,0.07044684129429891,0.12458727712965001,0.10224961479198767,0.23001540832049305,0.12890821043363415,0.15681928241250276,0.2312854941668501,0.5180519480519481,0.24462469733656175,0.3479969183359014,0.17732995817741581,0.3199823904908651,0.24388069557561082,0.08988994056790667,-0.06726612370680167,0.003222540171692714,0.09169051287695355,-0.09962799911952454,0.060092449922958396,0.1078780541492406,-0.1712987012987013,0.12473475676865507,-0.07057451023552719,-0.21936385648250056,0.054904248294078806,-0.15051507814219678,-0.1769535549196566,-0.188168611049967,-0.36281091789566366,-0.16730574510235527,-0.22868589038080564,-0.365049526744442,-0.004318732115342285,-0.02061853400836452,-0.12136913933524103,-0.144224081003742,-0.006007043803653973,0.09603241031941269,0.07072639225181598,-0.112920977327757,-0.16502091129209773,0.0009509134932863746,-0.16449042482940787,-0.1562161567246313,0.01145938806955756,-0.21621395553598943,-0.18195465551397755,-0.10888399735857363
#101,0.1693330398415144,0.019722650231124808,-0.15218578032137353,0.17853620955315871,-0.3076667400396214,-0.18751926040061634,0.07058771736737839,0.43416244772176976,0.27894783182918775,0.2572331058771737,0.19891041162227602,0.29701078582434515,-0.34661677305745103,0.15764252696456085,1.0,0.12356812678846577,0.15679947171472594,-0.4549724851419767,0.5329297820823244,0.08944089808496589,0.6546114902047105,0.17399075500770417,0.12970504072198988,-0.22362976007043803,0.010666960158485582,-0.15238828967642526,0.0017873651771956856,-0.2998569227382787,-0.18454325335681268,-0.2284701738939027,-0.4182984811798371,0.1679440898084966,-0.353548316090689,-0.19839533348007923,-0.3634360554699538,-0.11956416464891041,9.905348888399736e-05,0.031776359233986355,-0.14538630860664759,-0.23838432753686992,0.1945080343385428,0.08826546335020911,-0.20880475456746644,0.09191723530706582,-0.09883116883116883,-0.21166409861325117,-0.08177635923398635,-0.2259916354831609,-0.20285053929121727,-0.29139995597622714,-0.3773035439137134,-0.22039181157825224,-0.37896984371560644,-0.09847017389390271,0.4841844596081884,-0.07837552278230245,0.24187981510015408,-0.07673123486682809,-0.2863152102135153,-0.3484921857803214,-0.08175214615892581,-0.07694475016508914,0.03895003301782963,0.034851419766674004,-0.10801452784503632,-0.03183579132731675,0.01359454105216817,0.09238828967642528,0.3845454545454545,0.25290336781862205,0.22051727933083864,0.25263922518159804,0.48985472154963683,-0.0027977107638124587,0.2585119964780982,0.18469513537310148,0.04180497468633062,-0.23497908870790227,-0.16791987673343606,-0.21046445080343384,-0.5417961699317632,-0.1949438696896324,0.021366938146599162,-0.2881818181818182,-0.24324675324675324,-0.18401056570548097,-0.31984591679506935,-0.43708782742681046,0.10404578472375083,-0.177937486242571,-0.3400858463570328,-0.462227602905569,-0.12422408100374202,-0.35695355491965663,-0.20455866167730574,-0.022038300682368478,-0.2503125687871451,-0.3993572529165749,-0.24055249834910852,-0.3553312788906009,-0.2681753621920735,-0.11683689192163768,-0.2995201408760731,-0.24273167510455645,-0.11892361875412723,-0.3390843055249835,-0.40998459167950696,-0.2453312788906009,-0.11063174114021572,-0.011333920316971164,0.014098613251155623
#102,0.03414483821263482,0.09262821923838872,-0.09501430772617213,0.22431432973805857,-0.10556460488663878,0.08515738498789346,-0.1812326656394453,-0.1291965661457187,-0.006031256878714506,-0.3231653092670042,-0.11499889940567906,-0.024600484261501212,0.13534888839973586,0.04202729473915914,0.12356812678846577,1.0,0.003138895003301783,-0.028831168831168832,0.20124367158265463,0.42063174114021573,0.0951419766674004,0.6384063394232886,-0.08518820162887959,0.4276601364736958,-0.15523662777900066,0.39190843055249835,-0.4452894563064055,-0.03658595641646489,-0.0010345586616773057,0.05290777019590579,-0.05429451904028175,0.3214417785604226,-0.14318071758749726,0.12095971824785384,-0.04319612590799032,0.22494166850099054,0.03867928681488004,0.4441712524763372,0.2586176535329078,0.47176975566806073,-0.07036099493726612,-0.16995817741580455,-0.051826986572749284,0.36666079683028835,-0.009071098393132292,0.16693154303323796,0.022379484921857803,0.05709002861545234,-0.2072243011226062,-0.08112480739599384,-0.23977547875852961,-0.18511996478098172,-0.32377944089808497,-0.23393792648029937,-0.27072419106317414,0.29743781642086725,-0.1340810037420207,0.6054413383226942,-0.015007704160246533,-0.03156284393572529,-0.25789346246973366,-0.2853973145498569,0.23366938146599164,0.10803653973145498,-0.2651573849878935,-0.08540832049306625,0.005736297600704381,-0.25668941228263265,0.4000154083204931,0.02599603786044464,-0.21795949812898965,-0.20668941228263263,0.1798547215496368,-0.1896500110059432,0.18920757208892802,0.004811798371120405,-0.04638784943869689,-0.3591789566365838,0.028518600044023772,0.548961038961039,-0.07363636363636364,0.11051948051948052,0.04457406999779881,-0.12085846357032798,0.05819502531366938,-0.15159806295399517,-0.43686550737398194,-0.1913911512216597,0.2636781862205591,-0.24914153642967202,-0.25603565925599825,-0.37733436055469954,-0.22516618974246094,-0.17989874532247413,-0.04794188861985472,-0.16242350869469513,0.32295179396874313,-0.3449966982170372,-0.08817961699317632,-0.02322033898305085,-0.04086839140898231,-0.19963680387409202,0.06574730354391371,-0.12436495707682148,0.031950253136693814,-0.17990314769975788,-0.08171032357473035,-0.12688311688311688,-0.09026634382566585,-0.1790512876953555,-0.16962579793088267
#201,0.3040898084965882,0.03948272066916135,0.33648250055029716,0.43424829407880255,-0.043152102135152984,0.12319832709663218,0.16672243011226062,0.05606867708562624,-0.07379484921857803,0.4058837772397094,0.05523002421307506,0.28390490865067136,-0.06318732115342285,0.32541272287035,0.15679947171472594,0.003138895003301783,1.0,0.17292317851639885,0.07558881796169932,-0.199702839533348,0.020352190182698657,-0.11918556020250935,0.41698657274928463,-0.08966982170372001,0.30255998239049087,-0.12279110719788686,0.05102575390710984,-0.26914153642967203,-0.16072639225181598,-0.02457627118644068,-0.07279991195245432,0.0056130310367598505,-0.11796830288355713,-0.1733237948492186,-0.20529385868368918,-0.1223068456966762,-0.22430992736077482,-0.033466872110939905,-0.1285362095531587,-0.17056570548095973,0.24191723530706583,-0.1924785384107418,-0.35194364957076824,0.045489764472815324,-0.13597842835130972,-0.08077481840193705,-0.41187761391151223,-0.46219898745322474,-0.16414263702399295,-0.0008540611930442439,-0.2541184239489324,0.15555139775478757,0.06917235307065815,0.3593968743121285,0.3681421967862646,0.25408320493066255,-0.0710873871890821,-0.1580233325996038,-0.35312348668280874,-0.18667180277349768,0.14300022011886418,0.13425709883337003,-0.28247413603345806,-0.12460048426150121,0.040744001760950915,0.055507373981950256,0.1823200528285274,0.0049944970283953335,-0.0199735857362976,0.11792868148800352,0.33787585296059874,0.17287915474356153,0.1411071978868589,0.0487145058331499,0.031300902487343164,0.21194585075941008,-0.0061809377063614356,0.0077173673783843275,-0.021065375302663437,-0.1050231124807396,-0.11478098173013428,-0.05190402817521462,0.17486682808716708,-0.1966519920757209,-0.11596522121945851,-0.04480299361655294,-0.04658375522782302,-0.039141536429672025,-0.02360114461809377,-0.4012965001100594,0.08019370460048426,-0.22130310367598502,0.053493286374642304,-0.13589258199427692,-0.08286814880035219,0.3615430332379485,0.09234866828087167,0.24362976007043805,-0.05809817301342725,-0.15447061413163107,-0.002649131988296675,0.4774576271186441,0.04537090028615452,0.21565925599823904,0.11143297380585516,-0.011948051948051949,-0.1416486902927581,0.05701078582434515,0.08471714725952013,0.04787805414924059,0.053286374642306844
