,#10,#11,#12,#13,#17,#18,#26,#49,#50,#51,#52,#53,#54,#58,#101,#102,#201,#202,#301,#302,#401,#402,#501,#502,#601,#602,#701,#702,#801,#802,#901,#902,#1001,#1002,#1101,#1102,#1201,#1202,#1301,#1302,#1401,#1402,#1501,#1502,#1601,#1602,#1701,#1702,#1801,#1802,#1901,#1902,#2001,#2002,#2101,#2102,#2201,#2202,#2301,#2302,#2401,#2402,#2501,#2502,#2601,#2602,#2701,#2702,#2801,#2802,#2901,#2902,#3001,#3002,#3101,#3102,#3201,#3202,#3301,#3302,#3401,#3402,#3455,#3501,#3502,#3601,#3602,#3701,#3702,#3801,#3802,#3901,#3902,#4001,#4002,#4101,#4102,#4201,#4202,#4301,#4302,#4401,#4402,#4501,#4502,#4601,#4602,#4701,#4702,#4801,#4802
#10,1.0,0.3189654413383227,0.564670922298041,0.3984173453664979,0.00815760510675765,-0.06955976227162668,-0.03770195905789126,0.6100924499229584,0.17381906229363855,0.47456966762051506,0.4329914153642967,-0.06971384547655735,-0.04728153202729474,-0.2889126128109179,0.06524983491085186,0.13664318732115344,0.5251045564604887,0.5672309046885318,0.32139995597622717,0.010673563724411183,-0.04776139115122166,0.07312788906009245,0.04594541052168171,-0.13824565265243233,0.2372044904248294,0.09912392692053709,-0.06377503852080123,0.09288355712084526,0.437012987012987,-0.11980629539951573,-0.021133612150561303,0.11948712304644508,0.39719348448162006,-0.018375522782302443,0.27005502971604667,0.008269865727492847,-0.07228703499889941,-0.007840633942328857,0.022945190402817523,0.464851419766674,0.062311248073959935,0.014486022452124147,-0.09111160026414264,-0.24909090909090909,-0.25065595421527626,-0.35240810037420206,0.10853400836451683,0.19634382566585956,-0.06390710983931323,-0.05890600924499229,0.23022011886418667,0.31296279991195247,0.18407440017609508,0.26521681708122385,-0.04774158045344486,0.3222187981510015,-0.4975148580233326,-0.4134338542813119,-0.5714329738058551,-0.25499229583975347,-0.1593088267664539,-0.12401276689412283,-0.09378604446401057,-0.1922011886418666,0.495280651551838,0.2061963460268545,-0.21944309927360775,-0.22957076821483602,0.3321813779440898,0.02085626238168611,0.5117763592339863,0.45123486682808717,0.06154303323794849,0.14321153422848337,-0.2549636803874092,-0.18834910851860004,-0.20149900946511115,-0.16820603125687872,-0.19697776799471714,0.040125467752586394,-0.2809024873431653,-0.18572088928021133,-0.3173827867048206,-0.2386814880035219,-0.39175654853620956,-0.11858903808056351,-0.2999801893022232,0.25964120625137577,-0.03452344265903588,-0.29876953554919655,-0.3372044904248294,-0.42485582214395773,-0.17953334800792428,-0.33756988773937924,-0.29221879815100155,0.4353400836451684,0.10091789566365837,0.4645806735637244,0.4836011446180938,0.3465771516618974,0.37149020471054367,0.49557781201849,0.1509421087387189,0.2643099273607748,0.4127712965001101,0.41151221659696235,0.447805414924059,-0.11489984591679507,-0.09213295179396874,-0.28838872991415365,-0.225379705040722
#11,0.3189654413383227,1.0,0.29225181598062955,0.20965441338322693,0.2161237068016729,-0.13832709663218137,0.2789368258859784,0.22875632841734536,0.29801232665639443,0.19462249614791988,0.12320493066255778,0.033220338983050844,-0.19181157825225623,0.06801893022232006,-0.21848558221439576,0.13535989434294518,0.06806515518379926,0.21503191723530707,-0.01048646268985252,0.1099273607748184,-0.09277569887739379,0.002031697116442879,-0.03451023552718468,-0.1211336121505613,0.05635923398635263,-0.0009333039841514418,-0.10128109178956636,0.04967422408100374,-0.034188861985472156,0.06941228263262161,-0.11600264142637023,0.03720228923618754,-0.09643187321153422,-0.033028835571208455,-0.1911402157164869,0.023742020691173232,-0.2354655513977548,0.021576051067576492,-0.1484569667620515,-0.005344486022452124,-0.10577151661897424,0.11808716707021792,0.019806295399515738,0.052491745542593,-0.11550957517059211,-0.007046004842615012,0.1723134492626018,-0.007173673783843275,0.04813779440898085,-0.19276689412282633,0.04360774818401937,-0.012201188641866608,-0.06018049746863306,-0.026806075280651553,-0.11882456526524324,-0.007090028615452344,-0.23014968082764692,-0.16818622055910193,-0.08592780101254678,-0.06041822584195466,0.14610169491525424,0.1152080123266564,0.014585075941008144,-0.007807616112700858,0.322887959498129,0.1620052828527405,0.0387937486242571,0.12855822143957737,0.12647149460708781,0.08936825885978428,0.2807968302883557,0.279159145938807,-0.1116090688972045,0.0551221659696236,-0.25885097952894565,-0.28599603786044464,-0.2192890160686771,0.04428571428571428,-0.01464010565705481,0.09382126348228043,-0.062359674224081,-0.07165089148139996,-0.19533568126788467,-0.07338762931983271,-0.03907550077041602,0.0538102575390711,0.055020911292097734,-0.05235086946951354,0.04946070878274268,-0.11437816420867268,0.017497248514197667,-0.11212854941668501,-0.04768875192604006,0.012526964560862866,0.1011204050187101,0.24003521901826985,-0.07355712084525644,0.23341624477217698,0.1383469073299582,0.16284393572529166,-0.03068236847897865,0.11676205150781421,-0.17521681708122386,-0.08933303984151442,-0.051802773497688755,-0.005320272947391591,-0.01837112040501871,-0.013020030816640986,-0.0964340744001761,0.06973585736297601,0.14882236407660138
#12,0.564670922298041,0.29225181598062955,1.0,0.6043077261721329,-0.18347567686550736,-0.014336341624477217,0.08646929341844596,0.4236209553158706,-0.08985692273827867,0.536517719568567,0.2568170812238609,-0.18437376183138895,0.1432049306625578,-0.3328813559322034,-0.07458287475236627,0.06538850979528946,0.7456174334140436,0.8754391371340524,-0.001578252256218358,-0.043783843275368696,0.09425049526744442,0.1751089588377724,0.25991855602025093,-0.03346246973365617,0.11244772176975566,-0.14707462029495927,0.22315430332379485,0.17188201628879596,0.12089588377723971,-0.3478934624697337,0.24225401716927142,0.009599383667180278,0.5372749284613692,-0.03280431432973806,-0.008375522782302443,-0.18969843715606427,-0.22142196786264584,-0.20395993836671802,0.04092449922958397,0.5241294298921417,-0.23569667620515078,-0.25992295839753465,-0.12730134272507154,-0.28055029716046664,-0.36738498789346247,-0.3428791547435615,0.2883579132731675,0.34606207351970064,0.21011005943209332,-0.005945410521681708,0.26151882016288797,0.4038542813119084,0.25956856702619413,0.39317851639885537,0.04728593440457847,0.430297160466652,-0.6650759410081444,-0.657409200968523,-0.6918071758749725,-0.3433149900946511,-0.18326436275588817,-0.2551529826106097,-0.42250935505172793,-0.4963416244772177,0.810792427911072,0.3536979969183359,-0.5949042482940788,-0.48611490204710545,0.03756988773937926,-0.19053709002861546,0.6947325555800132,0.6896257979308826,0.12887739379264804,0.23201408760730793,-0.35329077701959055,-0.4482896764252696,-0.4392229804094211,-0.35082104336341624,-0.22323354611490204,-0.08528945630640546,-0.1940545894783183,-0.2884437596302003,-0.07269865727492845,-0.16907109839313228,-0.5087365177195685,-0.18799691833590138,-0.47224301122606205,-0.032725071538630864,-0.2988928021131411,-0.4815144177856042,-0.4782126348228043,-0.5715826546335021,-0.42945630640545895,-0.49585075941008144,-0.42762711864406777,0.7546599163548317,-0.014774378164208672,0.812128549416685,0.7465969623596742,0.5816927140655954,0.5905018710103456,0.7812788906009245,0.30523002421307505,0.5092604006163328,0.5747083425049527,0.6605635042923178,0.6372815320272948,-0.35122386088487784,-0.3397226502311248,-0.33180937706361435,-0.37296500110059433
#13,0.3984173453664979,0.20965441338322693,0.6043077261721329,1.0,-0.030460048426150122,0.06688751926040061,0.23440017609509134,0.39724631300902485,-0.05062953995157385,0.5537574290116662,0.2812722870349989,0.03771076381245873,0.15172573189522343,-0.21182918776139115,0.026220559101915033,-0.04660136473695796,0.6214769975786925,0.5767290336781862,0.04105657054809597,-0.14306845696676204,0.05408540611930442,-0.013425049526744443,0.1416156724631301,-0.2156306405458948,0.09131410961919437,-0.24687211093990755,0.21599383667180277,0.028685890380805636,0.1751749944970284,-0.1617213295179397,0.0790380805635043,0.2489984591679507,0.3682456526524323,0.01262821923838873,0.04743341404358353,-0.005344486022452124,-0.0682918776139115,0.02962799911952454,0.06301782962799912,0.3007968302883557,-0.14778780541492406,-0.21028615452344265,-0.07545894783182919,-0.2501276689412283,-0.3067686550737398,-0.31772397094430993,0.38181377944089806,0.5281906229363856,0.14742020691173233,0.05671142416905129,0.28625137574290116,0.23722650231124806,0.19513757429011666,0.11236407660136474,0.0935725291657495,0.17095311468192825,-0.4805679066696016,-0.476007043803654,-0.47625797930882674,-0.3923728813559322,-0.11341404358353512,-0.2137904468412943,-0.1290710983931323,-0.3178648470173894,0.584670922298041,0.18993836671802775,-0.38279330838652875,-0.3858793748624257,0.12187761391151222,-0.05481179837112041,0.437376183138895,0.4713625357693154,0.004226282192383887,0.1936253576931543,-0.2657891261281092,-0.4329143737618314,-0.2049306625577812,-0.20046885318071758,-0.22629319832709663,-0.18574069997798812,-0.11797710763812459,-0.1893198327096632,-0.09348888399735858,-0.14000220118864187,-0.4028923618754127,-0.10434294519040281,-0.2118930222320053,-0.005137574290116663,0.002194585075941008,-0.38148580233325996,-0.344290116662998,-0.3837706361435175,-0.36609289016068675,-0.3097908870790227,-0.27647369579572967,0.4957054809597182,-0.18054809597182478,0.5636011446180937,0.4704226282192384,0.36750385208012326,0.5783314990094651,0.4187761391151222,0.402953995157385,0.3755910191503412,0.5221153422848338,0.43866607968302884,0.4664054589478318,-0.17866607968302883,-0.13987893462469733,-0.2613449262601805,-0.2657296940347788
#17,0.00815760510675765,0.2161237068016729,-0.18347567686550736,-0.030460048426150122,1.0,0.38517719568567027,0.29109619194364955,0.10895663658375523,0.25891701518820165,0.03609509134932864,0.04356372441118204,0.5589104116222761,0.15129429892141757,0.3217675544794189,-0.3490777019590579,-0.1843319392471935,-0.15228923618754128,-0.16531587057010785,-0.10521461589258199,-0.012815320272947392,-0.43828747523662775,-0.3187145058331499,-0.1771274488223641,-0.3159432093330398,0.012291437376183139,-0.05248294078802553,-0.15631961259079905,-0.0950231124807396,0.1012656834690733,0.3107528065155184,0.03305965221219458,0.24960818842174776,-0.09258639665419327,0.3725841954655514,0.18637904468412944,0.14974246092890162,0.1694320933303984,0.3113317191283293,-0.20961919436495707,-0.12010125467752586,0.16656614571868808,0.2066696015848558,0.4576315210213515,0.16040721989874532,0.03833810257539071,0.04548756328417345,0.19682148360114463,0.09953995157384989,0.08197446621175435,-0.08752146158925819,0.1422672243011226,0.0387739379264803,-0.05107197886858904,-0.0737376183138895,-0.1706339423288576,-0.2832313449262602,0.07718247853841075,0.06690953114681929,0.3445146379044684,0.08553158705701079,0.18686330618534008,0.25744001760950913,0.4834030376403258,0.30784943869689635,-0.25414924058991856,-0.12412722870349989,0.4805326876513317,0.2389522342064715,0.05344486022452124,0.22174994497028394,-0.1537244111820383,-0.18800132071318512,-0.09656614571868809,0.16863746423068457,-0.0695443539511336,0.0411732335461149,0.02671582654633502,0.048580233325996036,0.08748624257098833,0.07925599823904908,0.07356372441118204,0.28831829187761393,0.14977767994717148,0.12680167290336783,0.4977349768875193,0.13016729033678187,0.28341184239489325,0.10817301342725072,0.47672022892361876,0.4192537970504072,0.4252542372881356,0.24227602905569007,0.014404578472375083,0.15200088047545673,0.19565045124367159,-0.26739159145938807,-0.04676205150781422,-0.2178252256218358,-0.1248712304644508,-0.25975126568346907,-0.09339643407440018,-0.16442659035879376,0.07382126348228044,-0.15287255117763593,-0.014144838212634823,-0.2574025974025974,0.008855381906229363,0.07505172793308386,0.10749284613691393,0.11778560422628219,0.20258859784283514
#18,-0.06955976227162668,-0.13832709663218137,-0.014336341624477217,0.06688751926040061,0.38517719568567027,1.0,0.14731454985692274,0.09233546114902047,0.23631300902487343,0.022227602905569008,0.019033678186220558,0.3506053268765133,0.47108078362315653,0.3539753466872111,-0.14906889720449043,-0.32584195465551397,0.031501210653753026,0.04112260620735197,-0.07630420427030596,-0.11705040721989875,-0.3194276909531147,-0.3110103455866168,-0.33060532687651334,-0.35050407219898744,-0.19861104996698217,-0.24922518159806295,-0.21654193264362756,-0.32334360554699537,0.3231565045124367,0.14299361655293857,0.3302289236187541,0.09504732555580013,0.012903367818622056,0.04360994937266124,0.15796169931763152,0.023083865287255118,0.3084261501210654,0.051045564604886635,-0.06895663658375523,-0.13221659696235968,0.2020030816640986,0.09792868148800352,0.2507638124587277,0.09406559542152762,-0.18547215496368039,-0.18692053709002862,0.25046665199207574,0.23026634382566585,0.0175148580233326,-0.20556900726392252,-0.00460708782742681,0.08863966541932644,-0.2707638124587277,-0.1787277129650011,-0.38822143957737176,-0.37862425709883335,-0.11169491525423729,-0.16530926700418225,0.08384767774598283,-0.22452784503631962,0.3585362095531587,0.25982390490865065,0.34631741140215716,0.08362755888179617,-0.058758529605987236,-0.10446621175434735,0.16405679066696016,-0.07351749944970284,0.0398613251155624,0.10681047765793529,0.06546114902047105,0.08556240369799692,0.12491525423728814,0.12347127448822363,0.13990755007704161,0.06803653973145499,0.19930002201188643,0.0012326656394453005,0.01214175654853621,-0.1365859564164649,0.19455646048866387,0.24478318291877613,0.30337662337662336,0.3561743341404358,0.32266123706801675,0.38673783843275367,0.20723310587717367,0.07840633942328858,0.08180937706361435,0.39952014087607307,0.10709663218137794,0.1501056570548096,-0.21102355271846798,0.13839753466872112,-0.0313713405238829,-0.20646929341844597,-0.20329077701959058,-0.028758529605987234,-0.01801452784503632,-0.02925379705040722,0.08427470834250496,-0.01706801672903368,0.18058111380145278,0.10810917895663659,0.06313449262601804,-0.0012172573189522342,0.0837574290116663,0.2394585075941008,0.03751926040061633,0.15242130750605326,0.04815760510675765
#26,-0.03770195905789126,0.2789368258859784,0.08646929341844596,0.23440017609509134,0.29109619194364955,0.14731454985692274,1.0,0.11558221439577372,0.3040039621395554,0.14461149020471054,0.09483821263482281,0.17406559542152764,-0.021538630860664758,0.391831388950033,-0.33026854501430775,-0.09346246973365617,0.08279991195245433,0.07699757869249395,-0.1546731234866828,-0.009388069557561083,-0.2960444640105657,-0.20179176755447942,-0.22878274268104776,-0.24610829848117985,-0.19096632181377943,-0.11578692493946731,-0.18062953995157385,-0.04857362976007044,0.049126128109178956,0.2131322914373762,-0.14194585075941007,0.02418445960818842,0.04173013427250715,0.0003543913713405239,-0.10211974466211754,0.12032137354171253,-0.05607528065155184,0.1844684129429892,-0.23322914373761833,-0.1173563724411182,0.11631961259079904,0.026563944530046225,0.12479639005062734,0.12625797930882676,-0.1897622716266784,-0.02787145058331499,0.19475676865507374,0.25664758969843715,0.0726634382566586,0.10036539731454985,0.1150891481399956,0.12855161787365177,-0.06254677525863966,-0.0813383226942549,-0.14804314329738058,-0.146979969183359,-0.23848117983711203,-0.114653312788906,0.029348448162007483,-0.03496808276469293,0.12269865727492846,0.12840633942328858,0.18689852520360994,0.17890821043363417,0.1197094430992736,0.022559982390490865,0.1587673343605547,0.20799471714725953,-0.05406779661016949,0.11547435615232225,0.1967774598283073,0.1778758529605987,0.082161567246313,0.13609949372661237,-0.18925159586176535,-0.18969183359013866,-0.07140215716486903,-0.01283513097072419,-0.043495487563284176,-0.05096632181377944,-0.017847237508254458,0.08985912392692054,-0.029517939687431213,-0.0574356152322254,0.09205370900286154,0.10850099053488883,0.16716266784063394,-0.09657054809597182,0.2724983491085186,-0.02884437596302003,0.21602685450143078,-0.040457847237508254,-0.10889720449042482,0.04610609729253797,0.12654853620955317,-0.06564604886638785,-0.20746643187321154,-0.013838872991415365,0.08025974025974025,0.013024433193924718,0.08120845256438476,-0.028294078802553378,0.062223200528285276,0.04806515518379925,0.014985692273827867,0.04640986132511556,0.024677525863966543,0.00859123926920537,0.09222980409421087,0.07167730574510235,0.10583314990094651
#49,0.6100924499229584,0.22875632841734536,0.4236209553158706,0.39724631300902485,0.10895663658375523,0.09233546114902047,0.11558221439577372,1.0,0.2876535329077702,0.4247149460708783,0.3350099053488884,0.2370416024653313,-0.0199801893022232,-0.06714505833149902,0.0399141536429672,-0.28594761171032357,0.43795509575170594,0.39681488003521903,0.245511776359234,-0.19111600264142636,0.003616552938586837,-0.284290116662998,-0.08291657495047326,-0.5064891041162227,0.09449042482940788,-0.2372044904248294,0.1524389170151882,-0.2285296059872331,0.3406889720449042,-0.00925379705040722,-0.08507373981950253,0.07221659696235967,0.24620515078142197,0.008758529605987234,0.12049086506713626,0.0651353731014748,0.13433854281311908,0.05402157164869029,-0.08523442659035879,0.3006295399515739,0.06638564825005502,-0.1741536429672023,-0.04147039401276689,-0.16217917675544793,-0.3583975346687211,-0.415974025974026,0.22308826766453885,0.4737640325775919,0.1938300682368479,0.1381223860884878,0.27178076161127007,0.3341668500990535,0.14085406119304425,0.0611930442438917,-0.09039401276689413,-0.13189082104336342,-0.3308166409861325,-0.5298899405679066,-0.39072419106317413,-0.5700396213955536,-0.07352410301562844,-0.055007704160246536,0.22588817961699317,-0.15266784063394234,0.3721747743781642,0.20901606867708564,-0.07810697776799472,-0.2761171032357473,0.32152542372881354,0.06460708782742682,0.5016156724631301,0.41379264802993615,0.26623816861105,0.21973805855161788,0.05176095091349329,-0.022295839753466874,0.12712744882236407,-0.12171032357473036,-0.4111402157164869,-0.27260620735197005,-0.10489544353951133,-0.2880453444860224,-0.17210873871890822,0.0016222760290556901,-0.10313229143737618,0.09357473035439137,-0.19238828967642527,0.0335659255998239,-0.10674884437596302,-0.1309619194364957,-0.16986572749284615,-0.26180937706361435,-0.403647369579573,-0.5207175874972485,-0.4889126128109179,0.20240369799691835,-0.393779440898085,0.3044397974906449,0.3064252696456086,0.2632885758309487,0.34101034558661675,0.3008518600044024,0.20035439137134053,0.387739379264803,0.4334448602245212,0.22370680167290335,0.5071208452564385,-0.051860004402377285,0.13990534888839973,-0.4451331719128329,-0.3891349328637464
#50,0.17381906229363855,0.29801232665639443,-0.08985692273827867,-0.05062953995157385,0.25891701518820165,0.23631300902487343,0.3040039621395554,0.2876535329077702,1.0,0.11067576491305305,0.2668545014307726,0.29018710103455864,-0.11058771736737838,0.3127690953114682,-0.0174554259300022,-0.1857274928461369,-0.05490865067136254,-0.18364076601364737,0.11432093330398416,-0.10314109619194364,-0.06815320272947392,-0.2556680607528065,-0.27664758969843717,-0.30406999779881133,-0.001071978868589038,-0.0728351309707242,-0.33507153863086064,-0.26976227162667843,0.14900946511116003,0.04547435615232225,-0.2101848998459168,-0.014560862865947611,-0.25408980849658813,-0.05555139775478758,0.05585075941008144,0.02686550737398195,0.05085846357032798,0.09205150781421968,0.07453885097952895,-0.13209993396434075,0.011831388950033018,0.1011402157164869,0.0612062513757429,0.010140876073079463,-0.06218798151001541,-0.03519920757208893,-0.08757869249394673,0.03652432313449262,-0.12455425930002201,-0.05975786924939467,-0.04703940127668941,-0.07709883337001981,-0.16325115562403697,-0.09459828307285935,-0.16761611270085847,-0.1797556680607528,-0.009995597622716268,-0.008908210433634163,-0.017550077041602465,-0.13732775698877395,0.17089368258859786,0.2596434074400176,0.3460598723310588,0.18243671582654633,-0.05061853400836452,-0.14702839533348008,0.3506845696676205,0.1301915034118424,0.24105216817081224,0.056513317191283295,0.1821747743781642,0.0023838872991415365,0.16278450363196126,0.09195465551397755,0.2867378384327537,0.18113581333920317,0.24320713185119966,0.05985912392692054,0.0012678846577151661,-0.10055469953775038,-0.13184459608188423,-0.0011556240369799693,-0.011107197886858903,0.1368963240149681,0.07864406779661016,0.2543319392471935,0.11233766233766233,0.01662557781201849,0.06381245872771296,0.06272727272727273,0.16391811578252255,-0.02135593220338983,0.08757208892802112,-0.005976227162667841,-0.1333942328857583,-0.0787805414924059,-0.26093770636143515,-0.11410301562843936,-0.12942108738718908,-0.06794188861985472,-0.1111600264142637,-0.18043803653973145,-0.3085582214395774,-0.13192163768434956,-0.15000880475456746,-0.22449262601804976,-0.11506053268765133,0.15669381465991636,0.19328857583094872,-0.010737398195025314,-0.06385208012326657
#51,0.47456966762051506,0.19462249614791988,0.536517719568567,0.5537574290116662,0.03609509134932864,0.022227602905569008,0.14461149020471054,0.4247149460708783,0.11067576491305305,1.0,0.2543649570768215,0.2263944530046225,0.1672903367818622,-0.13821703720008804,-0.008258859784283513,-0.20903587937486243,0.6457186880915694,0.37701078582434516,-0.004725952014087607,-0.28701078582434514,0.1542725071538631,-0.08510675764913053,0.18828087167070218,-0.225280651551838,0.19814439797490646,-0.32938806955756106,0.3387695355491966,0.06446180937706361,0.15702399295619635,-0.27653973145498567,-0.023770636143517498,0.046643187321153426,0.3263460268545014,0.08284833810257539,0.1057473035439137,-0.18932643627558882,-0.07391371340523883,-0.13770856262381687,0.17692934184459608,0.2595597622716267,-0.21477437816420866,-0.28242130750605327,-0.03324014968082765,-0.5284173453664979,-0.12053929121725732,-0.42775478758529606,0.1613779440898085,0.2787563284173454,0.22768434954875633,0.09419986792868149,-0.009035879374862426,0.20303984151441778,0.0963086066475897,0.11442438917015188,0.05120845256438477,0.08426370239929562,-0.2849460708782743,-0.4907968302883557,-0.37435395113361214,-0.3213449262601805,-0.1853004622496148,-0.13823464670922297,-0.09632621615672463,-0.45767114241690515,0.47512436715826545,0.19965881576051067,-0.2202245212414704,-0.3128153202729474,-0.09865067136253577,-0.2311138014527845,0.46572529165749504,0.4282654633502091,0.017499449702839533,0.4062755888179617,-0.04333259960378604,-0.10641866607968303,-0.06213515298261061,-0.18906229363856483,-0.21538190622936385,-0.3264802993616553,-0.16860664758969843,-0.2814637904468413,-0.3046158925819943,-0.09842174774378164,-0.29598283072859344,0.017539071098393134,-0.18077041602465332,0.185610829848118,-0.047149460708782745,-0.15209553158705702,-0.26357032797710767,-0.19147479639005063,-0.27891481399955975,-0.3870944309927361,-0.3811292097732776,0.4284239489324235,-0.1187475236627779,0.3896632181377944,0.35063614351749944,0.3823552718467973,0.3518754127228704,0.387409200968523,0.3729429892141757,0.3065243231344926,0.3902993616552939,0.2388597842835131,0.4368016729033678,-0.13240149680827648,-0.08123486682808717,-0.3211005943209333,-0.3299581774158045
#52,0.4329914153642967,0.12320493066255778,0.2568170812238609,0.2812722870349989,0.04356372441118204,0.019033678186220558,0.09483821263482281,0.3350099053488884,0.2668545014307726,0.2543649570768215,1.0,0.04385428131190843,-0.0027712965001100596,-0.19346467092229805,-0.1481201848998459,0.19565925599823905,0.27740259740259743,0.3167290336781862,0.2225049526744442,0.2658155403918116,-0.20868368919216376,0.007034998899405679,-0.1648910411622276,-0.010037420206911733,0.07671582654633502,0.2214637904468413,-0.15198767334360555,0.11115122165969624,0.31397314549856925,0.06567026194144839,-0.11675764913053048,-0.13434734756768654,0.10968743121285494,-0.26296500110059434,0.12670482060312568,0.04221439577371781,-0.24113141096191942,0.060167290336781865,-0.18419326436275588,0.11076381245872771,-0.08248954435395113,-0.1407836231565045,0.06861325115562404,-0.0734866828087167,-0.2390226722430112,0.05657274928461369,0.1048778340303764,0.13418445960818842,0.01481399955976227,0.04761831388950033,0.006568346907329958,-0.009643407440017609,-0.034712744882236406,0.030748404138234646,-0.24576931543033237,0.07796830288355712,-0.31840854061193047,-0.022183579132731675,-0.33264362755888177,-0.11722870349988994,-0.03873651771956857,-0.04718908210433634,0.16306625577812017,0.0199801893022232,0.18563284173453665,0.15521461589258198,-0.12594761171032356,-0.07173013427250716,0.24755227823024434,0.13939687431212855,0.3101364736957957,0.30608628659476117,0.08352190182698657,0.12561963460268544,-0.10435395113361215,-0.14562183579132731,-0.03810477657935285,-0.12639665419326437,-0.11991635483160906,0.20213735417125248,-0.06488663878494387,-0.18784943869689633,-0.07210213515298261,0.009418886198547215,-0.18614791987673343,0.03151001540832049,-0.13842394893242352,0.026068677085626237,-0.09821703720008805,-0.14842835130970725,-0.05034118423948932,-0.25662777900066036,0.06049966982170372,-0.12273607748184019,-0.165313669381466,0.28335241030156283,0.10036979969183359,0.1036649790887079,0.18586616773057452,0.1286154523442659,0.13077481840193705,0.0672243011226062,-0.10930442438917015,-0.04387849438696896,0.03178736517719569,0.0023728813559322033,0.0914307726172133,0.02195905789126128,0.010464450803433854,-0.14684349548756329,-0.21837332159366057
#53,-0.06971384547655735,0.033220338983050844,-0.18437376183138895,0.03771076381245873,0.5589104116222761,0.3506053268765133,0.17406559542152764,0.2370416024653313,0.29018710103455864,0.2263944530046225,0.04385428131190843,1.0,0.40658815760510675,0.3627580893682589,-0.11266563944530046,-0.4810829848117984,0.020768214836011448,-0.19732115342284834,-0.15928461369139335,-0.29781201848998456,-0.17916795069337443,-0.5584767774598283,-0.1606713625357693,-0.5011182038300682,0.04280431432973806,-0.28742681047765795,0.017442218798151003,-0.2131366938146599,0.19518600044023773,0.315445740699978,-0.01137574290116663,0.14454325335681267,-0.03171032357473035,0.3219106317411402,0.07412502751485803,0.17122386088487784,0.3437750385208012,0.24098173013427251,0.00714505833149901,-0.1744706141316311,0.12596081884217478,-0.042892361875412725,0.367244111820383,0.07640545894783182,-0.047684349548756326,-0.19717587497248515,0.1174224081003742,0.08441338322694254,0.07601804974686331,0.01299801893022232,-0.07188201628879595,0.025192604006163327,-0.1026172132951794,-0.3204886638784944,-0.22813779440898085,-0.541699317631521,0.12141976667400396,-0.07926480299361656,0.21509795289456307,-0.21874532247413603,0.21286594761171032,0.32341624477217695,0.4966629980189302,0.11306185340083645,-0.22193924719348448,-0.2488135593220339,0.4393990755007704,0.13656614571868808,0.0724785384107418,0.16771076381245872,0.022119744662117545,-0.12156724631300903,0.23460268545014307,0.23863526304204272,0.15647589698437156,0.1936781862205591,0.34554479418886197,0.11546775258639666,0.07720889280211314,-0.1731719128329298,0.3028615452344266,0.2014505833149901,0.06494386968963241,0.41939027074620294,0.45690953114681926,0.31049086506713625,0.3055646048866388,0.1226766453885098,0.3656900726392252,0.4454919656614572,0.23665639445300463,0.23167290336781862,-0.05845256438476777,-0.00961038961038961,0.003255558001320713,-0.30038520801232665,-0.31281311908430554,-0.18320272947391592,-0.22434514637904468,-0.04088047545674664,-0.000887079022672243,-0.12962139555359894,0.2345608628659476,0.05916354831609069,0.082920977327757,-0.23313669381465993,0.16278450363196126,0.18835351089588379,0.2600286154523443,-0.022729473915914594,-0.03571648690292758
#54,-0.04728153202729474,-0.19181157825225623,0.1432049306625578,0.15172573189522343,0.15129429892141757,0.47108078362315653,-0.021538630860664758,-0.0199801893022232,-0.11058771736737838,0.1672903367818622,-0.0027712965001100596,0.40658815760510675,1.0,0.22728593440457848,-0.05983711204050187,-0.305016508914814,0.21265463350209113,0.19633281972265024,-0.22604666519920757,-0.19622055910191502,-0.15095751705921198,-0.33904248294078804,0.164785384107418,-0.05994276909531147,-0.0649240589918556,-0.272062513757429,0.09652432313449262,-0.03131410961919436,0.15950693374422187,-0.07939027074620295,0.23703059652212194,0.17630420427030596,0.24132291437376183,0.0962227602905569,0.04049966982170372,-0.043565925599823904,0.15493286374642307,-0.06438256658595641,0.11833590138674885,0.013323794849218577,0.09224521241470394,-0.25314109619194364,0.22113581333920318,-0.1359123926920537,-0.07129429892141756,-0.30516398855381904,0.08580673563724411,0.029471714725952013,0.1534932863746423,0.08561303103675985,0.008531807175874973,0.29583094871230464,-0.014274708342504952,0.1227294739159146,-0.20843935725291657,-0.09128769535549197,-0.2132291437376183,-0.28398635263042044,-0.02514417785604226,-0.03053929121725732,0.0925445740699978,0.0908232445520581,-0.05789786484701739,-0.18202509355051727,0.010572309046885319,-0.09856262381686111,0.02326436275588818,-0.07558881796169932,-0.10335241030156285,-0.08907329958177415,0.21624697336561743,0.21260620735197006,0.21026854501430772,0.33335901386748845,-0.18367158265463351,-0.10804534448602245,-0.040444640105657056,-0.15426150121065374,0.2797886858903808,-0.12423948932423509,0.22833149900946512,0.03538850979528946,0.23363416244772178,0.46463130090248733,0.1059652212194585,0.3045168390931103,0.08630420427030597,0.06336121505613031,0.10493946731234867,0.18325996037860445,-0.16390710983931323,-0.044294519040281755,-0.1682214395773718,-0.05262161567246313,-0.11173233546114902,0.07467312348668281,-0.040372000880475455,0.13743341404358353,0.06279991195245432,0.18107638124587278,0.1871846797270526,0.26991855602025094,0.4479022672243011,0.2124323134492626,0.2202179176755448,0.1910279550957517,0.23714285714285716,-0.04545894783182919,-0.2075016508914814,-0.006718027734976887,-0.10658815760510676
#58,-0.2889126128109179,0.06801893022232006,-0.3328813559322034,-0.21182918776139115,0.3217675544794189,0.3539753466872111,0.391831388950033,-0.06714505833149902,0.3127690953114682,-0.13821703720008804,-0.19346467092229805,0.3627580893682589,0.22728593440457848,1.0,-0.0836583755227823,-0.3373673783843275,-0.23770636143517498,-0.2540677966101695,0.04759630200308167,-0.08462689852520361,-0.41693154303323793,-0.4811071978868589,-0.199900946511116,-0.4007572088928021,-0.2589346246973366,-0.2038168611049967,-0.2500484261501211,-0.36531807175874975,0.16716707021791768,0.43760290556900727,-0.23763152102135152,0.11428131190843055,-0.13542593000220118,0.23118423948932423,0.002689852520360995,0.1926766453885098,0.3176667400396214,0.4894651111600264,-0.0773233546114902,-0.32413163108078363,0.2804094210873872,0.2885053929121726,0.25431432973805856,0.30832929782082324,-0.12710543693594542,-0.056506713625357696,0.0637112040501871,-0.10463790446841294,0.08097952894563064,-0.005751705921197447,-0.0864010565705481,0.04478758529605987,-0.18540611930442438,-0.23268104776579354,-0.42882236407660135,-0.47265463350209114,0.07198767334360555,-0.026095091349328636,0.3590688972044904,-0.05743781642086727,0.3383799251595862,0.3737772397094431,0.4805348888399736,0.35890160686770856,-0.33910851860004404,-0.1911071978868589,0.5056680607528066,0.2994541052168171,0.08495267444419986,0.2567554479418886,-0.030845256438476777,-0.032604006163328196,0.19011666299801894,0.06531366938146599,0.11550077041602465,0.057466431873211536,0.2624279110719789,0.020275148580233326,0.23377503852080123,-0.051113801452784505,0.023132291437376183,0.24826106097292538,0.00677525863966542,0.05518820162887959,0.40156724631300905,0.37292317851639883,0.3789566365837552,-0.14336341624477217,0.373185119964781,0.25291217257318954,0.2220757208892802,0.22075500770416023,-0.14531587057010786,0.2927823024433194,0.1693660576711424,-0.5120383006823684,-0.23621175434734756,-0.3280871670702179,-0.24241030156284393,-0.13708782742681047,-0.13319832709663218,-0.2818467972705261,0.11337662337662338,-0.06037640325775919,-0.08046224961479198,-0.2020030816640986,-0.13205370900286154,0.28426150121065374,0.11953334800792428,0.29964120625137575,0.2863548316090689
#101,0.06524983491085186,-0.21848558221439576,-0.07458287475236627,0.026220559101915033,-0.3490777019590579,-0.14906889720449043,-0.33026854501430775,0.0399141536429672,-0.0174554259300022,-0.008258859784283513,-0.1481201848998459,-0.11266563944530046,-0.05983711204050187,-0.0836583755227823,1.0,-0.05573409641206251,0.1667422408100374,-0.07909531146819282,0.546601364736958,-0.2125445740699978,0.6212414703940128,-0.001589258199427691,0.2622848338102575,-0.020851860004402378,0.31026854501430773,-0.2453312788906009,0.17687431212854943,-0.21746643187321155,0.1721175434734757,-0.1677261721329518,0.0034448602245212416,0.07641206251375743,-0.0398217037200088,0.0008144397974906449,0.29091349328637467,-0.1680431432973806,0.40130750605326876,-0.18039401276689412,0.49638564825005504,0.07147039401276689,0.1291239269205371,-0.26115562403697995,-0.0952278230244332,-0.09975126568346908,0.08720669161347128,-0.14343165309267003,-0.41491745542593,-0.16256218357913274,-0.13354831609068898,0.023299581774158046,-0.30992515958617656,-0.10585736297600705,-0.04957076821483601,-0.11824125027514858,0.18556900726392253,0.04750385208012327,0.00029055690072639226,-0.2660774818401937,-0.21001540832049306,-0.21062953995157385,-0.15453664979088708,-0.1637178076161127,-0.07554039181157825,-0.1677327756988774,0.05228483381025754,-0.24705040721989874,-0.08385868368919216,-0.3789918556020251,0.2834734756768655,-0.14914813999559762,0.06652432313449262,-0.003940127668941229,0.23413823464670921,-0.23047985912392693,0.08871010345586616,-0.034884437596302005,0.041171032357473034,-0.07313449262601805,0.2621373541712525,-0.048029936165529384,-0.13683689192163767,-0.33787585296059874,-0.1716156724631301,-0.04088267664538851,-0.24413603345806736,-0.1336319612590799,-0.170066035659256,0.04924058991855602,-0.2695993836671803,-0.20333259960378605,-0.36080123266563946,-0.23440677966101695,-0.1862359674224081,-0.19650671362535768,-0.14313009024873433,0.05941888619854722,-0.10373981950253136,-0.0637310147479639,-0.15887739379264804,-0.04075941008144398,0.009324235086946952,0.04753907109839313,-0.009929561963460268,-0.030035219018269867,-0.008197226502311248,0.0174356152322254,0.0014725952014087607,-0.13854061193044243,-0.1593418445960819,-0.1151948051948052,-0.06548316090688971
#102,0.13664318732115344,0.13535989434294518,0.06538850979528946,-0.04660136473695796,-0.1843319392471935,-0.32584195465551397,-0.09346246973365617,-0.28594761171032357,-0.1857274928461369,-0.20903587937486243,0.19565925599823905,-0.4810829848117984,-0.305016508914814,-0.3373673783843275,-0.05573409641206251,1.0,-0.22224301122606208,0.1646731234866828,0.1292868148800352,0.7169733656174334,-0.19272727272727272,0.7727955095751706,-0.03329077701959058,0.5582566585956417,-0.06440898084965882,0.7423288575830949,-0.41216156724631303,0.4585163988553819,-0.12648910411622277,0.10205811138014528,0.0913845476557341,-0.29691173233546114,-0.12098833370019811,-0.3148338102575391,0.03748404138234647,-0.056973365617433415,-0.3800792427911072,0.07586836891921638,-0.2366321813779441,0.10490865067136254,-0.19373321593660578,0.1639819502531367,-0.038573629760070435,0.3249108518600044,-0.12707462029495928,0.65640325775919,-0.1882720669161347,-0.18828307285934404,-0.39332599603786045,-0.12037420206911732,0.01590358793748624,-0.13724191063174113,-0.1638895003301783,0.20771736737838434,-0.09812898965441338,0.47815760510675764,-0.292623816861105,0.38263262161567246,-0.09734536649790887,0.3751287695355492,-0.10320713185119965,-0.23073959938366717,-0.12018930222320053,0.247508254457407,0.08552278230244333,0.1967422408100374,-0.13429451904028175,0.0023442659035879374,0.2975918996257979,0.38390710983931325,-0.07793748624257099,0.01715606427470834,-0.09580673563724411,-0.17751265683469072,-0.34996257979308826,-0.2744089808496588,-0.3704754567466432,-0.06817741580453444,0.22022011886418666,0.7561523222540172,-0.2217543473475677,0.08261281091789566,-0.020750605326876514,-0.20599603786044465,-0.18246313009024873,-0.3262293638564825,-0.18815540391811578,-0.10664979088707903,-0.09948492185780321,-0.3224411182038301,-0.017318952234206472,-0.3308100374202069,0.27817521461589256,0.12930662557781203,0.19846577151661898,0.11511996478098173,0.6077349768875192,-0.014292317851639886,0.08219238388729914,-0.15210653753026634,-0.23867708562623816,-0.01101254677525864,-0.4352850539291217,-0.2552520360994937,-0.3147215496368039,-0.02639225181598063,-0.31964120625137576,-0.2070085846357033,-0.20858463570327976,0.11857803213735417,0.07864406779661016
#201,0.5251045564604887,0.06806515518379926,0.7456174334140436,0.6214769975786925,-0.15228923618754128,0.031501210653753026,0.08279991195245433,0.43795509575170594,-0.05490865067136254,0.6457186880915694,0.27740259740259743,0.020768214836011448,0.21265463350209113,-0.23770636143517498,0.1667422408100374,-0.22224301122606208,1.0,0.6866299801893022,0.19923178516398857,-0.30549416685009906,0.164356152322254,-0.09411842394893243,0.29205811138014526,-0.23874312128549416,0.27530266343825666,-0.37662337662337664,0.3585009905348888,-0.026447281532027293,0.38016068677085624,-0.35343605546995377,0.13458947831829188,0.15721549636803875,0.5580805635042924,0.11216817081223861,0.1880431432973806,-0.10324014968082765,0.002531366938146599,-0.20707462029495927,0.16993616552938587,0.4577459828307286,-0.09872551177635923,-0.36896764252696457,-0.07644728153202729,-0.44010785824345144,-0.28831388950033016,-0.5403477878054149,0.2938762931983271,0.40217477437816423,0.31316310807836234,0.10323134492626018,0.16269205370900286,0.3391063174114022,0.27752586396654194,0.2269535549196566,0.049579572969403476,0.26875192604006165,-0.5052850539291217,-0.7120206911732335,-0.6969557561082985,-0.5094519040281752,-0.1610213515298261,-0.18203169711644288,-0.2508254457407,-0.5286264582874752,0.7113757429011667,0.21050407219898745,-0.4834998899405679,-0.4673189522342065,0.06551177635923398,-0.19460488663878495,0.6990358793748624,0.6201694915254238,0.21606207351970064,0.2603169711644288,-0.20013647369579574,-0.2750539291217257,-0.2178648470173894,-0.29416685009905347,-0.14811138014527844,-0.29466431873211535,-0.07094430992736077,-0.312920977327757,-0.20414703940127668,-0.16563064054589477,-0.438976447281532,-0.11195685670261941,-0.34655513977547875,0.10258199427690953,-0.14115562403697998,-0.34900066035659255,-0.5850715386308607,-0.4637772397094431,-0.48970283953334803,-0.5188707902267224,-0.4769227382786705,0.6509971384547656,-0.18540611930442438,0.6790358793748624,0.5710873871890821,0.6220647149460709,0.5885692273827867,0.7155844155844155,0.4665991635483161,0.5261589258199427,0.6186660796830288,0.6197710763812458,0.7132335461149021,-0.24206471494607087,-0.20322474136033458,-0.35805194805194807,-0.40110279550957517
