,#10,#11,#12,#13,#17,#18,#26,#49,#50,#51,#52,#53,#54,#58,#101,#102,#201,#202,#301,#302,#401,#402,#501,#502,#601,#602,#701,#702,#801,#802,#901,#902,#1001,#1002,#1101,#1102,#1201,#1202,#1301,#1302,#1401,#1402,#1501,#1502,#1601,#1602,#1701,#1702,#1801,#1802,#1901,#1902,#2001,#2002,#2101,#2102,#2201,#2202,#2301,#2302,#2401,#2402,#2501,#2502,#2601,#2602,#2701,#2702,#2801,#2802,#2901,#2902,#3001,#3002,#3101,#3102,#3201,#3202,#3301,#3302,#3401,#3402,#3455,#3501,#3502,#3601,#3602,#3701,#3702,#3801,#3802,#3901,#3902,#4001,#4002,#4101,#4102,#4201,#4202,#4301,#4302,#4401,#4402,#4501,#4502,#4601,#4602,#4701,#4702,#4801,#4802
#10,1.0,0.4451948051948052,0.3175544794188862,0.5517213295179397,0.045375302663438255,-0.016990975126568348,0.1632115342284834,0.43619194364957076,0.24257979308826766,0.44157164869029275,0.34283953334800793,0.013330398415144178,0.07971824785384107,0.046442879154743565,-0.22765133171912832,0.060931102795509576,0.1442857142857143,0.0623860884877834,-0.013858683689192164,0.4520779220779221,-0.15148800352190184,0.16563944530046226,-0.45209333039841515,-0.06625137574290117,-0.2734140435835351,-0.06876953554919657,0.3077569887739379,0.4034756768655074,-0.007131851199647809,0.06813339203169712,0.17233766233766235,-0.21986352630420428,0.3220581113801453,0.1356878714505833,-0.14123706801672903,-0.06692493946731234,-0.13740699977988113,0.04351089588377724,0.19916795069337442,0.06878494386968963,0.21067796610169492,0.01821703720008805,-0.22256878714505834,-0.13694254897644728,0.2002113141096192,-0.08930222320052829,0.32421087387189085,0.33957737178076164,-0.010981730134272507,0.050125467752586396,-0.008346907329958178,0.016662998018930224,0.12018930222320053,0.22892802113141097,-0.26356812678846575,0.2592890160686771,-0.6199867928681488,-0.06680167290336782,-0.12551397754787585,-0.10065595421527625,-0.14631961259079904,-0.22682588597842834,0.038976447281532024,0.03183579132731675,0.28992956196346026,0.09657495047325555,0.10071098393132291,0.1384063394232886,0.09043143297380586,0.2965859564164649,0.2989896544133832,0.30788025533788244,0.05345366497908871,0.015967422408100375,-0.09209773277569888,0.135313669381466,-0.18972044904248295,-0.2548536209553159,-0.03212194585075941,0.17929782082324455,-0.13117103235747304,0.30283072859344046,,-0.018430552498349108,-0.0686616773057451,-0.16841954655513977,-0.22536429672022892,-0.08071318511996478,-0.06,-0.009784283513097073,-0.26226942548976445,-0.16151441778560421,-0.27144618093770634,-0.3572353070658155,-0.35839973585736296,0.00312788906009245,0.03806955756108298,0.10289236187541272,0.27883777239709445,0.10326216156724631,0.2532555580013207,0.28876293198327097,0.0838895003301783,0.14016508914814,0.260924499229584,0.33252916574950475,0.28913933524103014,-0.07444419986792868,-0.026200748404138236,-0.35198106977767996,-0.33312788906009244
#11,0.4451948051948052,1.0,0.19073519700638344,0.26075280651551835,-0.09101694915254237,-0.12802993616552938,0.48838872991415366,0.4541074180057231,0.3174488223640766,0.3742923178516399,0.30705040721989874,-0.010105657054809597,0.07335901386748844,0.18006823684789786,-0.2864098613251156,-0.0005436935945410522,0.05600264142637024,-0.1086814880035219,-0.21876513317191285,0.16584415584415585,-0.24283733215936606,0.1285758309487123,-0.3299449702839533,-0.04054149240589919,-0.4191701518820163,-0.10497248514197667,0.14873651771956856,0.2750671362535769,-0.22695135373101474,-0.029341844596081884,0.037963900506273386,-0.2831697116442879,0.15157164869029277,0.07508034338542813,-0.23563504292317852,-0.09362315650451243,-0.19280651551837993,-0.04429231785163989,0.15799911952454326,0.2876337222099934,0.002489544353951134,0.1039027074620295,-0.24382566585956417,-0.03404358353510896,0.25724851419766676,0.0849438696896324,0.08802113141096192,0.21627999119524544,-0.05359454105216817,0.1587145058331499,-0.13021351529826106,0.15434074400176095,0.1887277129650011,0.3084305524983491,-0.1335130970724191,0.25858023332599606,-0.33494607087827427,0.04892802113141096,0.017037200088047547,0.08532687651331719,-0.09686990975126568,-0.12729253797050408,0.22199427690953114,0.3279022672243011,0.11521021351529825,-0.17128329297820824,0.39439797490644946,0.3814637904468413,-0.0812194585075941,0.07779440898084966,0.0849108518600044,-0.020198106977767995,-0.11154963680387409,-0.013020030816640986,-0.1312392692053709,0.06474796390050627,-0.05968963240149681,-0.06179616993176315,-0.06975786924939467,0.1140479859123927,0.11046445080343385,0.09446841294298922,,-0.000937706361435175,-0.1892273827867048,-0.02203169711644288,-0.15261941448382127,-0.15249614791987673,0.1295905789126128,-0.16709663218137794,-0.1469755668060753,-0.029192163768434955,-0.0925313669381466,-0.1651948051948052,-0.19416464891041163,0.06838212634822805,-0.17650451243671583,-0.04831388950033018,0.028153202729473917,-0.06683248954435395,0.2813383226942549,0.11785384107418005,-0.028758529605987234,-0.02192163768434955,0.03606207351970064,0.0027426810477657933,0.2636517719568567,0.07009465111160026,-0.22973145498569228,-0.1655249834910852,-0.14935064935064934
#12,0.3175544794188862,0.19073519700638344,1.0,0.6184305524983491,-0.12008804754567466,0.11586836891921638,-0.0838498789346247,-0.04574069997798812,-0.06691833590138675,0.5282236407660137,0.3337310147479639,-0.06528725511776359,0.2515562403697997,-0.00966982170372001,-0.5837706361435175,-0.08806955756108298,0.6255491965661457,0.6971824785384108,-0.10439797490644949,0.11559762271626678,-0.2083975346687211,0.06651992075720889,0.21767114241690513,0.34485362095531585,0.08552938586836892,0.12672463130090247,0.246913933524103,0.3776689412282633,0.0660906889720449,-0.0299867928681488,0.5355800132071319,-0.10549196566145719,0.5477635923398635,0.2941470394012767,-0.15631961259079905,-0.3306647589698437,-0.2745894783182919,-0.23117543473475677,0.08211754347347568,0.29177635923398637,0.0840677966101695,0.12791327316751044,-0.34134052388289676,-0.28241690512876955,0.1673299581774158,0.06383887299141536,0.16345806735637244,0.11651771956856703,0.0011138014527845037,-0.026541932643627558,0.28298921417565487,0.5120845256438477,0.5059564164648911,0.6069755668060752,0.04063614351749945,0.4103103675985032,-0.4347655734096412,-0.3110323574730354,-0.06558221439577372,-0.12817081223860885,-0.20961699317631521,-0.2838696896324015,-0.2760312568787145,-0.17076601364736957,0.09813999559762272,0.35800132071318513,-0.09041822584195465,-0.08143957737178076,0.22696456086286595,0.2848272066916135,0.2813339203169712,0.35854061193044245,-0.36456526524323135,-0.030732995817741582,-0.46922298040942106,-0.03240149680827647,-0.17627779000660357,-0.15035659255998238,-0.06821923838872991,0.052394893242350866,-0.09335681267884657,0.1862425709883337,,-0.05149020471054369,0.0028967642526964562,-0.20006383447061413,-0.21617873651771957,0.04140876073079463,-0.0899207572088928,0.049205370900286156,-0.015230024213075061,0.038113581333920316,-0.008049746863306185,-0.13121065375302662,-0.15776799471714725,0.5375456746643187,0.18057230904688532,0.5372485141976667,0.4593418445960819,0.44870349988994057,0.6941998679286815,0.6363856482500551,0.30750385208012326,0.38875192604006165,0.4491679506933744,0.3816883116883117,0.3450737398195025,-0.15917895663658377,0.014125027514858023,-0.24661677305745103,-0.18172793308386528
#13,0.5517213295179397,0.26075280651551835,0.6184305524983491,1.0,-0.0025974025974025974,0.07699977988113581,0.07850539291217257,0.1941140215716487,0.18229583975346686,0.6464164648910412,0.4472198987453225,-0.1011534228483381,0.22338102575390711,0.021430772617213295,-0.32575170592119745,0.11558441558441558,0.4213713405238829,0.3938344706141316,0.0500792427911072,0.357739379264803,-0.2832973805855162,0.2059057891261281,-0.14399075500770417,0.2851309707241911,-0.16528505392912174,0.14169711644287916,0.2284371560642747,0.38764913053048644,0.185148580233326,0.03130750605326876,0.4302509355051728,-0.031270085846357036,0.3156966762051508,0.34087167070217916,-0.00450363196125908,-0.20837332159366057,-0.14203609949372661,0.1237178076161127,0.11534448602245212,0.18515958617653533,0.11953775038520802,0.08886198547215496,-0.17830288355712084,-0.2425709883337002,0.23281311908430552,0.13709002861545233,0.18891701518820164,0.25846136913933526,-0.043944530046224964,0.09157164869029276,0.09261501210653753,0.24588157605106759,0.22669381465991637,0.41185780321373544,-0.13090028615452345,0.3573871890821043,-0.4946775258639665,-0.031322914373761834,-0.12001540832049307,-0.1442504952674444,-0.3389060092449923,-0.3585956416464891,-0.013341404358353511,-0.007966101694915254,0.18604666519920757,0.08005502971604667,-0.06867928681488003,0.09756328417345367,0.2160114461809377,0.43906009244992295,0.16066916134712744,0.19733876293198327,-0.16843275368699098,-0.03300242130750605,-0.23825665859564166,0.060827646929341846,-0.2866519920757209,-0.2515078142196786,0.0762623816861105,0.35917235307065815,-0.10476557340964121,0.1558265463350209,,-0.03471714725952014,-0.028677085626238167,-0.3521021351529826,-0.31184239489324234,-0.030644948272066916,-0.0724785384107418,0.0599405679066696,-0.04673343605546995,-0.06918996257979308,-0.05099713845476558,-0.3703125687871451,-0.26024873431653095,0.3293132291437376,0.22971164428791546,0.2585428131190843,0.3202179176755448,0.22305084745762713,0.3785406119304424,0.44501210653753026,0.23030596522121946,0.1363284173453665,0.27761171032357473,0.2803059652212195,0.1682258419546555,-0.22940347787805415,-0.04386088487783403,-0.4688003521901827,-0.30639665419326434
#17,0.045375302663438255,-0.09101694915254237,-0.12008804754567466,-0.0025974025974025974,1.0,0.27612150561303106,-0.14378164208672684,0.10859344045784723,0.20855381906229364,-0.17202729473915915,-0.05894563064054589,0.4991745542593,0.18787365177195686,-0.144224081003742,0.06400176095091349,-0.19057671142416904,0.014195465551397755,-0.016594761171032358,-0.12298481179837112,-0.11008364516839093,-0.3706449482720669,-0.07694034778780541,-0.028043143297380585,-0.132491745542593,-0.052458727712965,-0.1224191063174114,-0.3081267884657715,-0.291699317631521,0.2946797270526084,0.21386528725511778,-0.04600264142637024,0.2746511116002641,-0.22971164428791546,0.04414043583535109,0.26980409421087387,0.0886418666079683,0.1445410521681708,0.22812238608848778,-0.17626018049746864,0.06328417345366498,0.10465551397754788,-0.031155624036979968,0.409735857362976,-0.09337001981069777,0.16156504512436715,0.05915474356152322,-0.17190182698657275,-0.002929782082324455,-0.2729738058551618,-0.20657054809597183,-0.1986022452124147,-0.30858463570327976,-0.4372793308386529,-0.287607307946291,-0.32021131410961917,-0.36042482940788023,0.05819502531366938,-0.00312128549416685,0.0699933964340744,0.21515298261060972,-0.016339423288575832,0.016990975126568348,-0.03864626898525204,-0.22797930882676645,-0.31826986572749283,-0.08349988994056791,-0.2299075500770416,-0.2512987012987013,-0.2165067136253577,-0.16137574290116663,-0.22605546995377504,-0.15081884217477437,0.009216376843495487,0.28553598943429453,0.1937376183138895,0.2691041162227603,-0.005811138014527845,0.06767554479418886,0.26981289896544136,0.0425974025974026,0.47993836671802775,0.1159520140876073,,0.5906075280651552,0.5445960818842175,0.10959057891261281,0.11506713625357694,0.11524763372220999,0.12653092670041824,0.40185340083645166,0.38520360994937264,0.17912612810917897,0.08260840854061192,-0.003649570768214836,0.18625357693154304,-0.17034338542813118,-0.14625797930882678,-0.21809377063614352,-0.22751045564604885,-0.20737178076161128,-0.16193264362755888,0.1440347787805415,0.24766453885097953,-0.3027492846136914,-0.3178208232445521,-0.2360114461809377,-0.18951353731014747,-0.16499889940567908,0.05296500110059432,0.013691393352410302,0.2407792207792208
#18,-0.016990975126568348,-0.12802993616552938,0.11586836891921638,0.07699977988113581,0.27612150561303106,1.0,-0.1411666299801893,0.04615452344265904,-0.2872397094430993,-0.10802113141096192,-0.02515958617653533,0.28633722209993395,0.344025974025974,-0.04278010125467752,0.2050693374422188,-0.07815100154083204,-0.10787585296059872,-0.002885758309487123,-0.12970724191063174,-0.047034998899405676,-0.27627118644067794,-0.10046885318071759,0.07998899405679066,0.08513977547875853,0.07499449702839533,0.2215100154083205,-0.12461809377063614,-0.13564384767774598,0.18702399295619634,0.237772397094431,-0.09331278890600925,0.25913273167510453,0.05686770856262382,0.08094430992736078,0.40125027514858025,0.28351089588377726,0.260858463570328,0.1012920977327757,-0.11761391151221659,0.06195025313669381,-0.1099537750385208,-0.11462469733656175,0.06981730134272507,0.044461809377063614,0.27570988333700197,0.1634866828087167,-0.013526304204270307,0.15194364957076822,-0.26571428571428574,-0.09051287695355492,0.06273387629319832,-0.20451463790446842,-0.21088047545674665,-0.15047985912392692,-0.27974686330618537,-0.021091789566365836,-0.0663614351749945,0.18045564604886638,0.13708342504952675,0.18740699977988112,-0.22575170592119745,-0.3139819502531367,-0.06595421527624917,-0.2530288355712085,-0.29380585516178737,-0.11928901606867709,-0.06918335901386749,-0.21508474576271186,-0.1308826766453885,-0.04717147259520141,-0.03981730134272507,-0.2657891261281092,-0.10213955535989434,0.033053048646268984,0.02931322914373762,0.04781862205591019,-0.2884965881576051,-0.27840854061193043,0.4113713405238829,0.19355051727933084,0.2466189742460929,0.13607087827426811,,0.3659652212194585,0.2046555139775479,-0.03260620735197006,-0.20186440677966103,-0.1025775918996258,-0.142128549416685,0.1711864406779661,0.2403565925599824,0.060156284393572526,0.272491745542593,-0.06637244111820383,0.10321593660576711,-0.2298943429451904,0.14943649570768214,-0.0653664979088708,-0.08257539071098394,0.0200924499229584,-0.028056350429231786,-0.06125687871450583,0.23383226942548976,-0.028155403918115784,0.06849218578032137,0.15247413603345808,0.1323134492626018,-0.3849702839533348,-0.0786880915694475,-0.07141316310807837,0.04034558661677306
#26,0.1632115342284834,0.48838872991415366,-0.0838498789346247,0.07850539291217257,-0.14378164208672684,-0.1411666299801893,1.0,0.4404556460488664,0.24545454545454545,0.19570107858243452,0.3027250715386309,-0.36805414924058993,-0.1225709883337002,0.26163328197226504,0.01116222760290557,0.09377283733215937,-0.2098811358133392,-0.22716927140655954,-0.07797490644948273,-0.0034294519040281753,-0.16035879374862425,0.20146819282412504,-0.38873211534228486,-0.20000220118864187,-0.3681884217477438,-0.1803169711644288,-0.023015628439357252,-0.05576491305304865,-0.22867268324895443,-0.13501871010345587,-0.1327823024433194,-0.2803015628439357,-0.152821923838873,0.013486682808716706,-0.2518996257979309,-0.0714902047105437,-0.09099713845476558,0.13289896544133833,0.0099801893022232,0.12466651992075721,-0.2625797930882677,-0.1315100154083205,-0.33545014307726173,0.08595861765353291,-0.18338542813119085,0.03558881796169932,-0.10173673783843275,0.0758859784283513,-0.200396213955536,0.05194805194805195,-0.36349108518600043,-0.1470394012766894,-0.17395333480079242,0.11970504072198987,-0.08827646929341845,0.03430992736077482,-0.048569227382786705,0.06724851419766674,0.003425049526744442,0.13476117103235746,0.20355051727933085,0.14835351089588378,0.29321373541712525,0.3817081223860885,0.09793528505392912,-0.1324323134492626,0.371369139335241,0.608432753686991,0.055998239049086504,0.09401716927140656,0.15657054809597182,-0.1533436055469954,0.10346687211093991,-0.06579352850539291,0.2779154743561523,0.16922298040942108,0.24035219018269866,0.14395113361215056,-0.08937926480299362,0.2323134492626018,-0.08704820603125688,-0.38434954875632843,,-0.17480299361655294,-0.31549416685009907,0.25240149680827645,0.06427250715386308,-0.451237068016729,-0.026394453004622495,-0.5719172353070658,-0.25569007263922516,-0.17053048646268984,-0.25888839973585737,0.008272066916134713,-0.05301122606207352,-0.12774158045344486,-0.1971076381245873,-0.31997798811358136,0.027944089808496587,-0.3262029495927801,-0.02083645168390931,-0.31758969843715606,-0.12309487123046445,-0.3267180277349769,0.01152542372881356,-0.09794408980849659,0.1992802113141096,0.3026832489544354,-0.05160246533127889,0.07874972485141976,0.050763812458727714
#49,0.43619194364957076,0.4541074180057231,-0.04574069997798812,0.1941140215716487,0.10859344045784723,0.04615452344265904,0.4404556460488664,1.0,0.3641976667400396,0.31541492405899185,0.1875148580233326,0.16706361435174993,0.22542813119084307,0.36202069117323354,0.08185560202509355,-0.23471714725952014,-0.11106537530266344,-0.04951353731014748,0.20253356812678847,0.24756988773937927,-0.33292317851639885,-0.09482940788025533,-0.5590380805635043,-0.29347787805414927,-0.4580673563724411,-0.33162007484041384,0.1870592119744662,0.08002201188641866,0.194983491085186,0.127409200968523,0.0907770195905789,-0.146913933524103,-0.0039379264802993615,0.02414043583535109,-0.03777679947171472,0.012069117323354611,-0.004446401056570548,0.2691943649570768,0.0636583755227823,-0.11148580233325996,0.07818622055910192,-0.07573409641206251,0.05983270966321814,0.09116883116883116,0.04946290997138455,-0.28725511776359236,0.12566585956416465,0.11091349328637465,-0.23177195685670263,-0.05105216817081224,-0.46073959938366715,-0.17043363416244772,-0.2855844155844156,0.02589698437156064,-0.4287387189082104,0.05925159586176535,-0.566517719568567,-0.3235219018269866,-0.2659630200308166,-0.05969403477878054,-0.07195465551397755,-0.1513119084305525,0.00585956416464891,0.07158485582214395,0.34900066035659255,-0.1325049526744442,0.335148580233326,0.25430552498349107,0.039319832709663216,-0.04355051727933084,0.33669601584855824,0.14296940347787807,0.19633722209993396,0.19369359454105217,0.14364296720228922,0.17743121285494168,0.02424389170151882,-0.11871230464450803,0.07956416464891042,0.2453070658155404,0.17908870790226722,-0.0449306625577812,,0.2139555359894343,-0.2145938806955756,0.24267444419986792,-0.1827955095751706,-0.23310807836231565,0.026350429231785166,-0.23083865287255118,0.14622496147919878,-0.12738058551617873,-0.19558881796169933,-0.17137574290116664,-0.16840193704600484,-0.09637244111820382,-0.013797050407219898,-0.36820603125687873,0.12541492405899185,-0.24460928901606868,0.07480959718247854,0.04225841954655514,0.19284393572529165,-0.2771824785384107,0.03802113141096192,0.01896103896103896,0.22076821483601144,-0.14067576491305306,-0.053596742240810034,-0.06764913053048646,-0.10188201628879595
#50,0.24257979308826766,0.3174488223640766,-0.06691833590138675,0.18229583975346686,0.20855381906229364,-0.2872397094430993,0.24545454545454545,0.3641976667400396,1.0,0.2563658375522782,0.010345586616773057,0.10022892361875413,0.019271406559542154,-0.021906229363856482,-0.15090468853180716,0.03101254677525864,0.019555359894342945,-0.03334360554699538,0.10714725952014087,0.02051287695355492,-0.1437838432753687,0.06491965661457187,-0.24228043143297381,-0.058415144177856045,-0.4753598943429452,-0.26848778340303764,-0.1281421967862646,-0.13593000220118864,0.0225511776359234,-0.2680343385428131,0.06863086066475897,-0.22885758309487123,-0.1459255998239049,-0.05797710763812459,-0.22859123926920538,-0.2929672022892362,-0.15088707902267223,0.11464230684569668,0.10643407440017609,-0.11675764913053048,0.030429231785163987,0.05560422628219239,0.032443319392471935,-0.0797952894563064,-0.15457406999779882,-0.2233017829627999,-0.15825005502971604,-0.20569667620515078,0.018976447281532027,0.007156064274708342,-0.11621835791327317,0.09773057451023552,-0.03166629980189302,0.13624477217697556,0.02092890160686771,0.03291877613911512,-0.13032577591899625,-0.09495487563284173,-0.16214395773717807,-0.06811358133392031,0.11668941228263262,0.18663438256658596,0.10073299581774157,0.19523882896764252,0.13107638124587276,-0.11475016508914813,0.15347127448822365,0.197079022672243,0.09850319172353071,0.12914593880695577,0.1751089588377724,-0.0016200748404138234,0.19922077922077921,0.3323948932423509,0.11953775038520802,0.18029275808936826,0.17962359674224082,0.28254897644728155,-0.2496588157605107,0.06069557561082985,0.29457847237508256,0.014635703279771076,,0.04521241470394013,-0.16015628439357252,0.10232005282852741,0.1642989214175655,0.11565045124367158,0.13517499449702838,0.032846136913933524,0.05889720449042483,0.08573409641206252,-0.008892802113141095,-0.10150341184239489,-0.08142196786264583,-0.01640986132511556,-0.10137574290116663,-0.21680387409200969,-0.18226942548976446,-0.2529297820823245,0.020970724191063175,0.11378604446401057,-0.04479859123926921,-0.2306977767994717,-0.32467752586396653,-0.3101386748844376,-0.12784503631961258,0.20109178956636584,0.016403257759189962,-0.04296940347787805,-0.0549372661237068
#51,0.44157164869029275,0.3742923178516399,0.5282236407660137,0.6464164648910412,-0.17202729473915915,-0.10802113141096192,0.19570107858243452,0.31541492405899185,0.2563658375522782,1.0,0.41792648029936164,-0.14956196346026854,0.1805657054809597,0.2414373761831389,-0.300066035659256,-0.040490865067136256,0.4278142196786265,0.3712458727712965,0.23911952454325336,0.23098613251155625,-0.03851419766674004,0.12859123926920538,-0.041008144397974906,0.15326876513317192,-0.1545828747523663,-0.06069557561082985,0.4226766453885098,0.29081443979749066,0.15057230904688532,0.09580893682588598,0.4535219018269866,-0.12335020911292098,0.3689324235086947,0.20976667400396215,-0.1317279330838653,-0.1633678186220559,-0.20026634382566585,0.07119524543253357,0.12043583535108959,0.1672969403477878,0.1465199207572089,0.0772176975566806,-0.2262029495927801,-0.09176975566806075,0.11994276909531147,-0.0068412942989214175,0.14408980849658815,-0.032317851639885535,0.001111600264142637,-0.018798151001540832,-0.05404578472375082,0.2163878494386969,0.23226502311248073,0.4856152322254017,0.11221219458507595,0.3154897644728153,-0.4843297380585516,-0.26780981730134273,-0.24454765573409643,-0.22100154083204931,-0.1753598943429452,-0.2529672022892362,0.04202949592780101,0.1703235747303544,0.3052696456086287,0.19651111600264143,0.2315892581994277,0.16504512436715826,0.38207351970063835,0.25715386308606647,0.3067312348668281,0.1825974025974026,-0.09408320493066256,-0.062183579132731676,-0.23055910191503412,0.030211314109619195,-0.14646709222980409,-0.12769315430332379,-0.13763152102135154,0.29935064935064937,-0.16270085846357032,0.06544133832269425,,-0.056634382566585956,-0.2000858463570328,-0.2409487123046445,-0.3248051948051948,0.006922738278670482,-0.07468633061853401,-0.1014902047105437,-0.04838872991415364,-0.1306515518379925,-0.12716266784063393,-0.35715606427470836,-0.3570173893902707,0.4400924499229584,0.07037860444640105,0.20026194144838214,0.19105216817081225,0.15164428791547435,0.36694034778780543,0.42061633281972266,0.19995157384987894,0.11972265023112481,0.24106317411402156,0.2946379044684129,0.2641470394012767,-0.042995817741580455,0.03433414043583535,-0.33690512876953554,-0.36546114902047105
#52,0.34283953334800793,0.30705040721989874,0.3337310147479639,0.4472198987453225,-0.05894563064054589,-0.02515958617653533,0.3027250715386309,0.1875148580233326,0.010345586616773057,0.41792648029936164,1.0,-0.1444353951133612,-0.0149966982170372,0.228102575390711,-0.025458947831829188,0.19253576931543034,-0.07326876513317192,0.03711644287915474,0.05358793748624257,0.29378164208672686,-0.10534008364516839,0.2618864186660797,-0.25998899405679066,0.09211534228483381,-0.2582478538410742,-0.04348448162007484,0.12256878714505832,0.1771582654633502,0.09393132291437375,0.13337882456526523,0.2057693154303324,-0.07246313009024874,0.005963020030816641,0.20809817301342726,-0.2042835130970724,-0.13657495047325555,0.02802553378824565,0.27003081664098616,0.2869073299581774,0.26431212854941666,-0.14156504512436716,0.06622055910191503,-0.15584195465551398,-0.0526502311248074,0.1209949372661237,0.13391371340523883,0.05992515958617654,0.11257979308826767,0.011457186880915694,0.03933964340744002,-0.1389720449042483,0.00612590799031477,0.037977107638124584,0.23243011226062074,-0.1494475016508915,0.24277129650011006,-0.3551837992515959,-0.030288355712084526,-0.09071978868589038,-0.03046224961479199,-0.1011402157164869,-0.1636979969183359,0.18004402377283732,0.2135659255998239,0.112227602905569,0.2167180277349769,0.17553158705701077,0.2869557561082985,0.13879815100154083,0.2471516618974246,0.06364516839093111,0.14776579352850538,-0.07711864406779662,-0.17524763372221,-0.08333920316971165,0.016960158485582213,-0.1112194585075941,-0.23486242570988333,-0.1784965881576051,0.30747083425049526,-0.20479418886198547,-0.007730574510235527,,-0.12941008144397975,-0.12625137574290116,-0.13990534888839973,-0.2881818181818182,-0.2942791107197887,0.164356152322254,-0.27250275148580233,-0.2005679066696016,-0.31828747523662776,-0.18593220338983052,-0.3124521241470394,-0.3314946070878274,0.02737178076161127,0.03959718247853841,-0.08609289016068677,0.025104556460488665,0.1505062733876293,0.22618093770636144,0.1310411622276029,-0.058765133171912835,-0.12197666740039621,-0.044065595421527624,-0.01063614351749945,0.06345806735637244,-0.05196566145718688,0.05397094430992736,-0.09417345366497909,-0.2034602685450143
#53,0.013330398415144178,-0.010105657054809597,-0.06528725511776359,-0.1011534228483381,0.4991745542593,0.28633722209993395,-0.36805414924058993,0.16706361435174993,0.10022892361875413,-0.14956196346026854,-0.1444353951133612,1.0,0.5381796169931763,0.009016068677085626,0.06063394232885758,-0.278399735857363,0.14034338542813118,0.07627779000660356,-0.19723970944309926,-0.17220338983050848,-0.19665859564164648,-0.40687871450583313,0.11243671582654634,0.008016729033678185,0.054549856922738275,0.04871010345586617,-0.12612810917895664,-0.2196235967422408,0.212524763372221,0.18995597622716268,0.01708562623816861,0.3250693374422188,0.1134800792427911,0.10532247413603346,0.2733480079242791,0.1405084745762712,0.13268104776579354,-0.00852080123266564,-0.07926480299361656,-0.09393792648029936,0.16361435174994496,-0.142887959498129,0.3446995377503852,0.06756548536209553,0.28215936605767117,-0.09168390931102796,-0.0888069557561083,-0.16835351089588377,-0.08976227162667841,-0.20011666299801892,0.0017081223860884879,-0.12007043803653973,-0.11418886198547215,-0.18262601804974687,-0.23693154303323793,-0.22298261060972926,-0.007455425930002201,-0.14351089588377725,-0.0018203830068236847,-0.00225181598062954,-0.16046445080343386,-0.20132731675104557,-0.10128109178956636,-0.21930002201188642,-0.2438828967642527,-0.13298261060972924,-0.13563504292317852,-0.31211974466211756,-0.1806317411402157,-0.15782302443319393,-0.02335461149020471,-0.05654193264362756,0.07094430992736077,0.31977107638124586,0.046381245872771294,0.01907329958177416,-0.10782302443319393,-0.15256878714505834,0.2312326656394453,-0.1778978648470174,0.6104930662557781,0.33629760070438036,,0.6415716486902927,0.4861743341404358,0.0008562623816861104,-0.14423288575830948,0.3850759410081444,0.18026194144838212,0.6218093770636144,0.3734800792427911,0.3900066035659256,0.26243451463790446,-0.02565925599823905,0.07025533788245653,-0.13230024213075062,0.07780541492405899,0.02177856042262822,-0.17031256878714507,-0.08117763592339863,0.06355271846797271,0.1601716927140656,0.34144618093770635,0.05922958397534669,-0.05218137794408981,0.039412282632621615,0.03985252036099494,-0.29443759630200306,-0.07405018710103456,-0.03447061413163108,0.005324675324675325
#54,0.07971824785384107,0.07335901386748844,0.2515562403697997,0.22338102575390711,0.18787365177195686,0.344025974025974,-0.1225709883337002,0.22542813119084307,0.019271406559542154,0.1805657054809597,-0.0149966982170372,0.5381796169931763,1.0,0.032667840633942326,-0.11081884217477438,-0.16824565265243233,0.3029319832709663,0.24428791547435616,-0.09914153642967202,-0.0018093770636143517,-0.3731124807395994,-0.2848382126348228,0.16381465991635483,0.1767576491305305,0.062080123266563945,0.1480541492405899,0.07212634822804315,-0.04895003301782963,0.23243451463790446,0.035930002201188645,0.07857142857142857,0.19248073959938367,0.2250297160466652,0.09342725071538631,0.10995817741580453,0.06790226722430112,-0.02931763152102135,-0.04144838212634823,-0.03804754567466432,0.03548536209553159,-0.06501210653753027,-0.09044904248294079,0.06768875192604006,-0.06575830948712305,0.24254017169271408,0.06851199647809818,0.02184459608188422,-0.07803433854281312,-0.0865397314549857,-0.11452344265903588,-0.028122386088487782,0.015701078582434514,0.034534448602245214,-0.018329297820823244,-0.21617213295179397,-0.11379264802993616,-0.1448117983711204,-0.16400396213955537,-0.04906009244992296,-0.10985252036099494,-0.17711644287915473,-0.21483601144618095,-0.11071098393132292,-0.16004402377283733,-0.002033898305084746,-0.11145498569227383,-0.0713383226942549,-0.21210213515298262,0.022663438256658595,0.0898217037200088,0.23683689192163768,0.14690072639225182,0.08048426150121066,0.17033898305084746,-0.010471054369359455,0.0299537750385208,-0.0006911732335461149,-0.06384767774598284,0.25311688311688313,-0.00024213075060532688,0.3091745542593,0.20214175654853622,,0.4349306625577812,0.3161963460268545,-0.01673783843275369,-0.13346907329958177,0.1629385868368919,-0.024827206691613472,0.40119744662117546,0.2797600704380365,0.306748844375963,0.19836011446180937,-0.12491745542593,-0.061144618093770635,0.07690292758089368,0.09437156064274708,0.12433854281311908,0.0006537530266343826,0.02301122606207352,0.24414924058991855,0.17598062953995158,0.3134272507153863,0.13807175874972485,0.2057693154303324,0.21831388950033018,0.1897886858903808,-0.11325335681267884,-0.002104336341624477,-0.26702399295619633,-0.15726172132951793
#58,0.046442879154743565,0.18006823684789786,-0.00966982170372001,0.021430772617213295,-0.144224081003742,-0.04278010125467752,0.26163328197226504,0.36202069117323354,-0.021906229363856482,0.2414373761831389,0.228102575390711,0.009016068677085626,0.032667840633942326,1.0,0.08026634382566586,-0.005674664318732116,-0.11798591239269206,0.01577591899625798,0.04834910851860005,0.01832489544353951,-0.01626018049746863,-0.15086726832489544,-0.20097732775698876,-0.04336121505613031,-0.0803830068236848,0.07618534008364516,0.11389830508474576,-0.010303764032577592,-0.04283733215936606,0.1412326656394453,0.0449636803874092,0.15463570327977108,0.03492846136913934,0.24090688972044905,0.003059652212194585,0.03917895663658375,0.1328087167070218,0.12942108738718908,-0.04878494386968963,0.010821043363416244,0.023345806735637246,-0.2043121285494167,0.05659255998239049,0.20944530046224963,0.26050627338762933,0.1872837332159366,-0.15314109619194366,-0.14711424169051288,-0.03283513097072419,-0.01537970504072199,-0.285181598062954,-0.03984371560642747,-0.12288795949812899,0.031983270966321815,-0.029810697776799473,0.0014175654853620955,-0.14933083865287256,-0.07672243011226063,-0.1556042262821924,-0.004228483381025754,-0.03513977547875853,-0.06694695135373102,0.3147919876733436,0.33384767774598284,0.10246313009024874,-0.10386088487783403,0.41689632401496807,0.39492846136913934,0.0863350209112921,-0.058743121285494165,0.1162887959498129,-0.053033237948492185,-0.022099933964340745,-0.026700418225841956,0.05049526744441998,-0.02892141756548536,0.03765133171912833,-0.10300682368478979,0.01853841074180057,0.1834404578472375,-0.05880475456746643,-0.07028835571208453,,-0.1293484481620075,-0.013070658155403918,0.06845916795069337,-0.09641646489104116,-0.2543649570768215,0.328712304644508,-0.24530266343825666,0.06020030816640986,0.08073519700638344,-0.10222540171692714,-0.007596302003081664,-0.12265683469073299,-0.021131410961919436,0.07389830508474576,-0.15199207572088927,-0.021364736957957296,0.016715826546335022,0.006095091349328638,-0.056110499669821706,0.1796896324014968,-0.008619854721549637,0.17334800792427912,-0.022126348228043144,0.167739379264803,0.030255337882456528,0.14192824125027514,0.06581113801452784,-0.03587497248514197
#101,-0.22765133171912832,-0.2864098613251156,-0.5837706361435175,-0.32575170592119745,0.06400176095091349,0.2050693374422188,0.01116222760290557,0.08185560202509355,-0.15090468853180716,-0.300066035659256,-0.025458947831829188,0.06063394232885758,-0.11081884217477438,0.08026634382566586,1.0,0.19765133171912833,-0.36915914593880694,-0.36790226722430114,0.33616112700858464,-0.015848558221439577,0.29515298261060974,0.09551617873651772,-0.10326216156724631,-0.26923178516398855,0.14702619414483822,-0.042656834690732996,-0.22261941448382128,-0.3414836011446181,0.42508254457407,0.1374290116662998,-0.23317411402157165,0.08656174334140436,-0.29307726172132953,-0.13484921857803214,0.4496918335901387,0.43134712744882237,0.5990821043363416,0.6501408760730795,0.22433634162447721,-0.15431873211534228,0.12556680607528065,-0.08486242570988334,0.25062293638564825,0.38797490644948274,-0.1260246533127889,-0.12051287695355492,-0.12433414043583535,-0.09692714065595422,-0.20121725731895224,-0.26713625357693155,-0.3827294739159146,-0.6687761391151221,-0.5587717367378384,-0.5115232225401717,-0.184719348448162,-0.07434074400176095,0.1580167290336782,0.18773717807616114,-0.006297600704380365,-0.021756548536209553,-0.16976667400396214,-0.13701738939027075,0.1727096632181378,0.06056570548095972,-0.17510455646048867,-0.1946004842615012,-0.06139335241030156,-0.04181598062953995,0.14850539291217257,-0.02843055249834911,-0.16406119304424388,-0.2396984371560643,0.296979969183359,-0.08980629539951573,0.33198106977767994,-0.03739819502531367,-0.13383447061413162,-0.28945630640545894,0.20416905128769536,0.12304204270305966,-0.033689192163768436,-0.20802553378824565,,0.08374642306845696,0.04574290116662998,-0.08296500110059432,-0.2519524543253357,-0.11510015408320493,-0.05047765793528505,-0.19724191063174115,-0.06516398855381907,-0.24772176975566806,-0.17620515078142196,-0.06880255337882457,-0.014807395993836672,-0.32479418886198547,-0.004149240589918556,-0.37304204270305963,-0.24200968523002422,-0.22391371340523883,-0.5343363416244772,-0.39665419326436274,-0.18429011666299802,-0.27966321813779443,-0.2136451683909311,-0.16622055910191502,-0.25427250715386307,-0.1755227823024433,-0.08575610829848118,-0.002606207351970064,-0.013451463790446842
#102,0.060931102795509576,-0.0005436935945410522,-0.08806955756108298,0.11558441558441558,-0.19057671142416904,-0.07815100154083204,0.09377283733215937,-0.23471714725952014,0.03101254677525864,-0.040490865067136256,0.19253576931543034,-0.278399735857363,-0.16824565265243233,-0.005674664318732116,0.19765133171912833,1.0,-0.19067576491305305,-0.24531366938146598,0.29755007704160247,0.3240193704600484,0.4208562623816861,0.6399933964340744,0.027048206031256877,0.3558287475236628,0.19890821043363416,0.2983645168390931,-0.02801452784503632,0.022229804094210874,-0.03806955756108298,-0.2791019150341184,-0.08604006163328197,-0.2351948051948052,-0.18518820162887958,-0.21008584635703278,-0.09691393352410302,-0.16459828307285934,0.06412282632621616,0.23084525643847678,0.15176975566806075,0.1324455205811138,0.036843495487563285,0.14213955535989434,-0.09223640766013648,0.12112260620735198,-0.17645168390931104,0.27675764913053047,-0.08875852960598724,-0.01190182698657275,0.1518864186660797,0.19551177635923397,-0.009821703720008805,-0.037142857142857144,-0.07929561963460269,-0.005036319612590799,0.21809597182478538,0.20946951353731014,0.06824785384107418,0.4142020691173234,-0.07924058991855602,-0.11873871890821043,-0.21227823024433193,-0.1587409200968523,0.4284393572529166,0.5229738058551617,0.056651992075720886,-0.025764913053048646,-0.002604006163328197,0.26857362976007043,0.20833370019810699,0.3402729473915915,-0.1994585075941008,-0.07921417565485363,-0.024468412942989213,-0.19392692053709004,0.04068456966762052,-0.15232225401716928,-0.2886220559101915,-0.2397094430992736,-0.23630640545894782,0.06390050627338763,-0.20637684349548757,-0.02467092229804094,,-0.3263658375522782,-0.07333700198106978,-0.3843275368699097,-0.2051882016288796,0.0525775918996258,0.006324014968082764,-0.18543913713405238,-0.3537178076161127,-0.1883248954435395,-0.09155403918115783,-0.293515298261061,-0.29042703059652214,-0.041692714065595424,0.049126128109178956,-0.1772969403477878,-0.11005282852740479,-0.18579132731675105,-0.32727492846136913,-0.15666299801893022,-0.46318511996478096,-0.1313449262601805,-0.20701959057891262,-0.2724323134492626,-0.3646995377503852,0.03293858683689192,-0.07971384547655734,-0.22548756328417346,-0.24423288575830948
#201,0.1442857142857143,0.05600264142637024,0.6255491965661457,0.4213713405238829,0.014195465551397755,-0.10787585296059872,-0.2098811358133392,-0.11106537530266344,0.019555359894342945,0.4278142196786265,-0.07326876513317192,0.14034338542813118,0.3029319832709663,-0.11798591239269206,-0.36915914593880694,-0.19067576491305305,1.0,0.6974224081003741,0.03275808936825886,0.011294298921417565,0.008062953995157385,-0.020581113801452784,0.36478318291877615,0.21766233766233767,0.20786044464010567,0.08714946070878274,0.26109178956636586,0.19261501210653753,0.1833744221879815,0.042755888179616994,0.607409200968523,0.09908210433634163,0.5742945190402817,0.37440457847237507,-0.04525203609949373,-0.1223530706581554,-0.19265243231344925,-0.12918776139115123,0.04926700418225842,0.20691173233546115,0.1438036539731455,0.08609509134932863,-0.1923794849218578,-0.11499449702839533,0.026357032797710764,-0.09215936605767114,0.08902267224301122,-0.09666740039621395,0.06981069777679948,-0.13364736957957296,0.24718247853841074,0.3847413603345807,0.5020911292097733,0.4782984811798371,0.2117389390270746,0.23227823024433195,-0.2640611930442439,-0.30586836891921637,-0.1390182698657275,-0.3569755668060753,-0.24707462029495927,-0.2214505833149901,-0.24078802553378825,-0.20285274047985913,0.04194585075941008,0.10348448162007484,-0.13131631080783623,-0.2183050847457627,0.4209795289456306,0.3126040061633282,0.2125511776359234,0.3370966321813779,-0.22629099713845477,0.10511116002641427,-0.3752894563064055,-0.059311027955095755,-0.1415958617653533,-0.054871230464450804,-0.033013427250715384,-0.058043143297380584,-0.021981069777679947,0.13846577151661899,,0.15792648029936165,0.2643957737178076,-0.29061193044243894,-0.18784283513097072,0.18639445300462248,-0.09565265243231345,0.19216376843495486,0.09355712084525644,0.09365397314549857,0.00575610829848118,-0.1699075500770416,-0.18308606647589698,0.5804050187101034,0.14169931763152102,0.6110125467752586,0.27621395553598943,0.2649306625577812,0.5982874752366277,0.7532885758309487,0.4507638124587277,0.4699471714725952,0.472887959498129,0.4188465771516619,0.3324147039401277,-0.10009685230024214,-0.12454545454545454,-0.4151926040061633,-0.30540171692714063
