,#10,#11,#12,#13,#17,#18,#26,#49,#50,#51,#52,#53,#54,#58,#101,#102,#201,#202,#301,#302,#401,#402,#501,#502,#601,#602,#701,#702,#801,#802,#901,#902,#1001,#1002,#1101,#1102,#1201,#1202,#1301,#1302,#1401,#1402,#1501,#1502,#1601,#1602,#1701,#1702,#1801,#1802,#1901,#1902,#2001,#2002,#2101,#2102,#2201,#2202,#2301,#2302,#2401,#2402,#2501,#2502,#2601,#2602,#2701,#2702,#2801,#2802,#2901,#2902,#3001,#3002,#3101,#3102,#3201,#3202,#3301,#3302,#3401,#3402,#3455,#3501,#3502,#3601,#3602,#3701,#3702,#3801,#3802,#3901,#3902,#4001,#4002,#4101,#4102,#4201,#4202,#4301,#4302,#4401,#4402,#4501,#4502,#4601,#4602,#4701,#4702,#4801,#4802
#10,1.0,0.416286594761171,0.3953268765133172,0.5725203609949373,0.011234866828087168,0.08093770636143517,-0.1465441338322694,0.39749724851419765,0.10864626898525204,0.23209993396434075,0.22817521461589257,-0.21079462909971383,0.0836517719568567,-0.3077151661897425,-0.3040457847237508,0.1556614571868809,0.5439511336121505,0.3619942769095311,-0.07621395553598943,0.11232445520581114,-0.19428131190843057,0.2613273167510456,0.22881576051067576,0.00014968082764692933,0.36692053709002864,0.29073519700638345,0.170297160466652,0.3800462249614792,0.2312062513757429,-0.19366277790006603,0.22924499229583975,0.18554039181157825,0.10546775258639665,0.2647743781642087,0.12228923618754127,-0.011215056130310368,-0.1471318511996478,0.1249372661237068,-0.26217257318952236,0.08811578252256218,-0.14010125467752588,-0.15293858683689193,-0.217574290116663,0.04619194364957077,-0.0037310147479639004,0.061840193704600484,0.2717917675544794,0.167574290116663,-0.01476997578692494,0.03430772617213295,0.05153202729473916,0.03582434514637904,0.10849218578032137,0.06283072859344045,-0.037985912392692056,0.10849878934624697,-0.27725952014087607,-0.24869029275808938,-0.11965661457186881,-0.10293638564825006,-0.15543473475676867,-0.034116222760290554,-0.31324014968082764,0.074554259300022,0.4152608408540612,0.3125027514858023,-0.23929121725731894,0.19286374642306844,-0.08983711204050188,-0.1995201408760731,-0.022066916134712743,-0.16813779440898086,-0.3838234646709223,-0.23298921417565485,-0.5081664098613251,-0.5000704380365397,-0.3700396213955536,-0.1602245212414704,-0.07907770195905789,0.19539511336121507,0.0798943429451904,-0.013132291437376183,-0.2657495047325556,0.20877173673783844,-0.10168611049966982,-0.16982390490865068,-0.14999779881135814,-0.14432093330398416,-0.10094430992736078,-0.1965573409641206,-0.05392031697116443,-0.14881796169931763,-0.1528153202729474,-0.21372661237068016,0.012476337222099934,0.20703059652212194,0.24300462249614793,0.15283292978208232,0.3659938366718028,0.16732555580013206,0.23347787805414924,0.1587343165309267,0.08587057010785824,0.12117323354611491,0.1356548536209553,0.26448162007484044,0.08222320052828527,-0.10243451463790447,-0.002324455205811138,0.0213251155624037,-0.04834910851860005
#11,0.416286594761171,1.0,0.21573849878934626,0.38578912612810917,0.11307506053268765,-0.02421747743781642,0.4227426810477658,0.42308606647589697,0.5557825225621836,0.4712766894122826,0.5875302663438257,-0.06924279110719789,0.12905348888399737,-0.016713625357693156,-0.1214109619194365,0.2585163988553819,0.18477657935285055,-0.008848778340303764,-0.1899801893022232,0.2682918776139115,-0.06048646268985252,0.35412282632621617,0.05661457186880916,0.14130970724191064,0.11374642306845696,0.21535769315430334,-0.009614791987673343,0.24593220338983052,-0.02251595861765353,-0.28417565485362095,0.03773497688751926,-0.14811798371120405,0.045300462249614794,0.07203830068236848,-0.09188201628879596,-0.2437244111820383,-0.24116442879154742,-0.030957517059211976,-0.22629099713845477,0.07831168831168832,-0.14797490644948272,-0.16333259960378604,-0.04568346907329958,0.050264142637023994,-0.09912832929782082,0.10160026414263702,0.09051287695355492,0.015320272947391592,-0.14899405679066696,0.053469073299581775,-0.016894122826326217,0.015648250055029716,-0.12047765793528506,-0.18562623816861104,0.1234998899405679,0.04051067576491305,-0.33988553819062295,-0.17178736517719567,-0.19090468853180717,-0.13634382566585956,-0.04893242350869469,-0.11193044243891702,-0.2525930002201189,0.20867928681488004,0.27239709443099275,0.3162293638564825,-0.10325115562403699,0.1639555359894343,0.06649790887079023,-0.175676865507374,0.16989874532247415,0.05717807616112701,-0.3599801893022232,-0.2761016949152542,-0.3664604886638785,-0.2662337662337662,-0.4392163768434955,-0.24860004402377284,-0.23618534008364517,-0.07083425049526744,0.09051727933083865,-0.07604226282192383,-0.2174884437596302,0.07213955535989434,-0.03060312568787145,-0.0006691613471274488,-0.10492185780321374,0.026464891041162227,-0.22288575830948712,0.011683909311027954,-0.03631961259079903,-0.1858815760510676,-0.14429672022892362,-0.1435791327316751,0.08753246753246753,0.2875941008144398,0.11410741800572309,-0.07012106537530266,0.11637904468412943,-0.024043583535108957,-0.015419326436275589,-0.000785824345146379,-0.22890160686770855,0.04348668280871671,0.03177415804534449,0.22801893022232006,-0.014825005502971604,-0.1839753466872111,-0.12989654413383228,0.051516618974246094,0.050528285274047985
#12,0.3953268765133172,0.21573849878934626,1.0,0.4698613251155624,-0.02937706361435175,0.47051727933083864,-0.08834910851860005,0.1862557781201849,0.015051727933083865,0.34852740479859123,-0.09026194144838212,-0.09319392471934845,0.11867928681488003,-0.024481620074840414,-0.1529143737618314,-0.3842174774378164,0.5972132951793969,0.6170327977107638,-0.30498128989654416,-0.3273365617433414,0.1659255998239049,-0.08495267444419986,0.22917895663658375,-0.12169271406559543,0.20349548756328417,-0.40709443099273607,0.44370019810697775,0.05425709883337002,0.2977900066035659,0.08113361215056131,0.23409641206251375,0.11018269865727492,0.2898371120405019,0.16193264362755888,0.05425930002201189,0.12433193924719349,0.10338542813119084,0.04338322694254897,-0.16653092670041822,-0.28031917235307063,-0.14799251595861765,-0.10954215276249174,-0.044272507153863085,0.08230904688531807,0.11149900946511115,-0.36947611710323575,0.2585780321373542,0.24384547655734096,0.26627338762931985,0.1336451683909311,0.26338762931983273,0.34869249394673124,0.37913493286374644,0.4396874312128549,0.2213383226942549,0.12473035439137134,-0.035287255117763594,-0.438729914153643,-0.03902927580893682,-0.08290336781862205,-0.20968082764692933,-0.1253334800792428,-0.46167290336781863,-0.32557340964120624,0.3494188861985472,0.030799031476997578,-0.15215936605767114,0.17173453664979088,-0.17124147039401277,-0.18637023992956198,0.22784283513097073,0.2527690953114682,-0.17288355712084524,0.03251595861765353,-0.1627492846136914,-0.15234426590358793,-0.09880915694475016,-0.04191503411842395,-0.10342504952674444,-0.2701760950913493,0.29867928681488004,-0.06685230024213075,-0.23672683248954435,0.07168831168831169,-0.08198547215496368,-0.08447061413163108,-0.07318952234206472,0.10198987453224741,-0.14752366277790008,-0.07493286374642306,-0.22454985692273827,-0.06433414043583535,-0.2591569447501651,-0.2855558001320713,-0.218168611049967,0.3300814439797491,-0.13933744221879815,0.44679286814880037,0.43249394673123487,0.22289016068677087,0.302656834690733,0.43627118644067797,0.2883909311027955,0.2816222760290557,0.18298261060972926,0.301188641866608,0.27086726832489544,-0.04088487783403038,0.023196125907990316,-0.32351089588377724,-0.35802993616552936
#13,0.5725203609949373,0.38578912612810917,0.4698613251155624,1.0,-0.09685670261941448,0.03910851860004402,-0.006720228923618754,0.1916685009905349,-0.005932203389830509,0.4879837112040502,0.2836055469953775,-0.21904028175214615,0.025322474136033456,-0.30517719568567026,-0.1422738278670482,0.08146819282412503,0.4595509575170592,0.27034998899405677,-0.06496588157605107,0.0734734756768655,-0.04472815320272947,0.12285053929121725,-0.06707682148360114,-0.17143297380585515,0.042557781201849,0.026861104996698217,0.10734096412062513,0.25677525863966544,0.10688091569447501,-0.018421747743781643,0.18073739819502532,0.2317543473475677,0.1425313669381466,0.32607307946291,-0.0021571648690292757,0.12697996918335902,-0.1574884437596302,0.2685274047985912,-0.268811358133392,-0.0055271846797270525,-0.04787585296059872,0.1028681488003522,-0.16411622276029056,0.16115562403697997,0.048419546555139775,-0.04317851639885538,0.3048976447281532,0.24286814880035218,0.2406009244992296,0.06836231565045124,0.108003521901827,0.04299361655293859,0.10767334360554699,-0.07348448162007484,-0.07073739819502531,-0.02971384547655734,-0.2497424609289016,-0.2663350209112921,-0.05291877613911512,-0.07955535989434294,-0.16402377283733216,-0.0400132071318512,-0.2960642747083425,-0.05722870349988994,0.3858199427690953,0.3478560422628219,-0.20484701738939026,0.12154523442659036,-0.08315210213515298,-0.13340964120625137,-0.08050187101034559,-0.011408760730794628,-0.2415628439357253,-0.048523002421307505,-0.4988795949812899,-0.3576337222099934,-0.3201232665639445,-0.10980629539951574,-0.29193924719348446,0.03186000440237728,0.16292097732775698,-0.10115122165969624,-0.28697116442879156,0.08318732115342285,-0.28540832049306625,-0.10194364957076822,-0.10738718908210433,-0.1350627338762932,-0.13760950913493286,-0.26179616993176313,-0.15580453444860223,-0.14846136913933525,-0.07694475016508914,-0.19348888399735859,-0.056209553158705704,0.11638344706141317,0.13585296059872332,0.18331939247193485,0.25123486682808716,0.15060752806515518,0.33757869249394673,0.12087167070217918,0.10636363636363637,0.15666519920757208,-0.004734756768655074,0.29327536869909754,0.039031476997578696,-0.09043363416244772,-0.09392692053709002,-0.07475676865507375,-0.17493506493506494
#17,0.011234866828087168,0.11307506053268765,-0.02937706361435175,-0.09685670261941448,1.0,0.3181818181818182,0.30794629099713844,0.10642526964560863,0.04813999559762271,-0.1501716927140656,0.13768434954875633,0.4850319172353071,0.2543825665859564,0.08440677966101695,-0.29236407660136476,-0.1337970504072199,-0.12753246753246752,-0.09872991415364296,-0.3186814880035219,-0.055584415584415584,-0.37381906229363854,-0.29160246533127887,-0.039922958397534666,-0.14433634162447723,-0.05160466651992076,0.011650891481399956,-0.4309156944750165,-0.14496588157605106,0.17809817301342726,0.019586176535329076,0.1412194585075941,0.10232885758309487,0.04560202509355052,-0.1542989214175655,0.2842262821923839,0.10725291657495048,-0.011052168170812239,-0.08768214836011447,-0.11154743561523223,-0.10751705921197446,0.0074510235527184675,-0.044219678626458286,-0.07768655073739819,-0.045701078582434516,-0.3220338983050847,-0.052377283733215936,-0.12120184899845916,-0.05345366497908871,-0.3232467532467532,-0.340807836231565,-0.23743341404358353,-0.2201915034118424,-0.2038168611049967,-0.1962425709883337,-0.33839753466872113,-0.19109399075500771,-0.1172044904248294,0.019711644287915473,0.009379264802993616,-0.18883557120845257,0.3036385648250055,0.1123860884877834,0.08589478318291878,-0.04042042703059652,-0.21488883997358574,-0.18712965001100595,0.30427250715386306,0.014213075060532687,-0.07969843715606427,-0.15345366497908872,0.06385868368919216,-0.10214395773717808,0.06360774818401937,0.0174356152322254,0.0723728813559322,0.14266784063394233,0.0901452784503632,-0.04896324014968083,-0.01227823024433194,-0.04652872551177636,0.16345806735637244,0.3606779661016949,0.17934184459608188,0.30768875192604006,0.44508474576271184,0.38682808716707023,0.27366277790006605,0.2963262161567246,0.12903367818622055,0.3675280651551838,0.21896764252696457,0.4073717807616113,0.03317411402157165,0.22136253576931544,0.2277525863966542,-0.09333480079242791,-0.25241470394012766,0.05955535989434294,-0.09703940127668942,-0.07569227382786704,-0.07956196346026854,0.08588817961699317,-0.013720008804754567,-0.047919876733436055,0.007567686550737398,-0.01300462249614792,-0.05919876733436055,0.1747589698437156,0.07199867928681487,0.12749944970283952,0.34243011226062076
#18,0.08093770636143517,-0.02421747743781642,0.47051727933083864,0.03910851860004402,0.3181818181818182,1.0,-0.06856482500550297,-0.11265463350209112,-0.055399515738498786,-0.14740479859123926,-0.08487783403037641,0.18123486682808718,0.30811578252256216,0.05452784503631961,-0.3153268765133172,-0.3467950693374422,0.16072419106317412,0.38384547655734097,-0.3037001981069778,-0.2780673563724411,-0.11040281752146158,-0.24118423948932424,0.14641646489104115,-0.06740259740259741,0.1387607307946291,-0.26455205811138016,0.041646489104116224,-0.0010631741140215715,0.19491305304864626,0.15683028835571208,0.27554039181157824,0.08457627118644068,0.31332599603786043,-0.08781862205591019,0.11685230024213075,0.1747721769755668,0.03981289896544134,-0.07244772176975567,-0.12037420206911732,-0.39132951793968745,-0.04338322694254897,-0.02365397314549857,-0.04814219678626458,0.044886638784943866,-0.08506493506493507,-0.24755007704160248,0.17572969403477878,0.3160092449922958,0.1266255778120185,-0.05032577591899626,0.1452740479859124,0.18917675544794188,0.1737574290116663,0.19405679066696016,-0.037723970944309924,-0.13074620294959277,0.005907990314769976,-0.1690050627338763,0.027831829187761392,-0.11864406779661017,-0.009132731675104557,-0.03605546995377504,-0.21935064935064935,-0.32131631080783624,0.13265903587937486,-0.143020030816641,-0.00972705260840854,0.05546114902047106,-0.3176359233986353,-0.048206031256878716,0.13362095531587057,0.20690732995817743,-0.07421087387189082,0.19667400396213955,0.015080343385428132,0.047723970944309926,0.1619128329297821,0.1632445520581114,-0.11810917895663658,-0.19833810257539072,0.29205811138014526,0.18551397754787585,0.13418886198547217,0.11935945410521681,0.26734536649790885,0.12890380805635043,0.17278230244331938,0.1488135593220339,0.07454325335681268,0.3680959718247854,0.09189742460928901,0.26416905128769536,-0.11122826326216156,0.060620735197006385,-0.10559322033898305,-0.11586616773057451,-0.24158485582214395,0.4040215716486903,0.24559542152762492,0.18268104776579352,0.22337662337662337,0.3369359454105217,0.19799911952454324,0.284025974025974,0.08578032137354172,0.19565925599823905,0.19594981289896543,0.13846797270526084,0.04283953334800793,-0.13190843055249835,-0.10183799251595861
#26,-0.1465441338322694,0.4227426810477658,-0.08834910851860005,-0.006720228923618754,0.30794629099713844,-0.06856482500550297,1.0,0.15372881355932203,0.3696830288355712,0.4580343385428131,0.5712854941668501,0.22632621615672463,0.3852740479859124,0.2918137794408981,-0.028652872551177638,0.11829627999119524,-0.037913273167510454,-0.21729253797050407,-0.10680827646929342,0.1514703940127669,-0.029731454985692275,0.05666079683028836,0.08414924058991856,0.2973255558001321,-0.0787541272287035,0.05675544794188862,-0.18558001320713186,0.003550517279330839,0.12807175874972485,-0.25830288355712083,0.1640215716486903,-0.25728153202729476,0.04307506053268765,-0.2789082104336342,-0.009057891261281092,-0.24949152542372882,0.039394673123486684,-0.20785384107418006,-0.07334360554699537,-0.030290556900726393,0.07547435615232226,-0.235148580233326,-0.07467312348668281,-0.227541272287035,-0.20309707241910632,0.20570327977107639,-0.16115122165969623,-0.09564825005502972,-0.2106009244992296,0.029995597622716266,-0.15846577151661898,0.03855161787365177,-0.16227162667840633,-0.15556460488663879,0.11589918556020251,-0.08792868148800352,-0.30871670702179177,0.05650011005943209,-0.1640788025533788,-0.10658375522782303,0.019828307285934405,-0.14149900946511115,-0.089801893022232,0.05561963460268545,-0.06788025533788246,-0.07597402597402597,0.30458507594100814,0.24862645828747523,0.26601364736957955,0.10570327977107638,0.38834030376403256,0.27591459388069556,0.05634602685450143,-0.11420427030596522,0.02720449042482941,0.20289236187541274,-0.1924983491085186,-0.2049636803874092,0.15643847677745984,-0.16109839313229143,-0.05823904908650671,0.05635042923178516,-0.08264802993616553,-0.047834030376403255,0.192722870349989,0.03047985912392692,-0.036629980189302226,0.0739093110279551,-0.002051507814219679,0.19848558221439577,0.0760708782742681,0.054389170151882014,-0.007609509134932864,0.002357473035439137,0.12237728373321594,0.06430552498349108,-0.09509355051727933,-0.10521461589258199,-0.3495773717807616,-0.23847457627118643,-0.2508562623816861,0.09182918776139115,-0.3046929341844596,-0.12991195245432532,-0.2690204710543694,-0.07607307946290998,-0.1804138234646709,-0.15250935505172794,-0.0899141536429672,-0.011014747963900506,0.16893682588597844
#49,0.39749724851419765,0.42308606647589697,0.1862557781201849,0.1916685009905349,0.10642526964560863,-0.11265463350209112,0.15372881355932203,1.0,0.4693198327096632,0.19650451243671582,0.306946951353731,-0.07332379484921858,0.033156504512436714,0.04545014307726172,-0.21219898745322474,0.05512656834690733,0.18436055469953774,0.10558441558441559,-0.28505172793308386,0.017763592339863528,-0.024151441778560424,0.20592780101254676,0.17318071758749726,0.2144948272066916,0.1492295839753467,0.09847457627118644,0.11172793308386529,0.10789566365837552,0.24248734316530926,-0.3977261721329518,0.14155183799251597,-0.13405018710103456,-0.03734536649790887,-0.0475676865507374,0.1520757208892802,-0.2689544353951134,-0.14903587937486243,-0.18525863966541933,-0.13858683689192164,-0.07339643407440018,-0.2806141316310808,-0.37090248734316533,-0.059478318291877615,-0.15896103896103897,0.017323354611490205,-0.06076601364736958,0.06538410741800572,-0.03336781862205591,-0.1582610609729254,-0.03772617213295179,0.06814659916354832,0.01940788025533788,0.0864802993616553,0.2145806735637244,0.2888179616993176,0.08595861765353291,-0.5016685009905348,-0.43186440677966104,-0.17865067136253576,-0.2701915034118424,-0.03499229583975347,0.042346467092229806,-0.3227933083865287,0.1481818181818182,0.14103675985031916,0.052394893242350866,0.18330178296279992,0.2645894783182919,0.1329077701959058,0.06835130970724192,0.35666960158485583,0.1124125027514858,-0.057426810477657936,-0.21946951353731015,-0.263878494386969,-0.16832049306625577,-0.27870570107858245,-0.24497468633061853,-0.08906229363856483,-0.12281311908430552,-0.058600044023772835,0.10350429231785165,-0.1698811358133392,0.42863306185340083,0.25186880915694476,0.0913647369579573,-0.08585516178736517,-0.011111600264142638,-0.26305524983491085,-0.11421747743781642,-0.10060092449922958,-0.17189082104336342,-0.16282192383887298,-0.16339863526304205,0.0925841954655514,0.3158067356372441,0.02140215716486903,0.005877173673783843,0.04405679066696016,0.1790182698657275,0.02442659035879375,0.09930002201188642,-0.05954435395113361,0.006191943649570768,-0.011974466211754348,0.16757869249394672,0.01114241690512877,-0.10734096412062513,0.03150341184239489,-0.0560906889720449,0.03610609729253797
#50,0.10864626898525204,0.5557825225621836,0.015051727933083865,-0.005932203389830509,0.04813999559762271,-0.055399515738498786,0.3696830288355712,0.4693198327096632,1.0,0.3742835130970724,0.3577790006603566,-0.038445960818842176,-0.0973959938366718,0.2033348007924279,0.09441778560422628,0.10385868368919217,0.18453444860224522,0.006883116883116883,-0.006733436055469954,0.08546995377503852,0.19210433634162447,0.2029473915914594,0.027895663658375522,0.06732335461149021,0.038562623816861104,0.06535549196566146,-0.014197666740039621,-0.08862645828747524,0.2971274488223641,-0.3674400176095091,0.18447061413163107,-0.1691239269205371,0.08970724191063174,0.0032489544353951133,0.16106097292537971,-0.3277657935285054,-0.01714505833149901,-0.06010125467752586,0.014155844155844156,-0.021800572309046886,-0.15875192604006164,-0.12051507814219678,-0.01423068456966762,-0.007224301122606207,-0.19988553819062294,-0.07772397094430993,-0.09981069777679948,-0.17379925159586176,-0.2779771076381246,-0.11281091789566366,-0.07295399515738499,-0.13229804094210873,-0.16649130530486464,0.04151001540832049,0.38892802113141095,0.12208452564384768,-0.42678846577151663,-0.26884437596302,-0.22745322474136034,-0.28321813779440896,-0.1919128329297821,-0.23550517279330838,-0.024968082764692933,0.2878274268104777,0.03096191943649571,-0.005533788245652652,-0.020105657054809597,0.3224719348448162,0.32323354611490207,0.05478978648470174,0.3547083425049527,0.2072639225181598,0.008606647589698438,-0.1336187541272287,-0.12052828527404799,-0.13647589698437157,-0.2953158705701079,-0.3406845696676205,-0.07209773277569888,-0.14412282632621615,0.17159366057671144,-0.17338542813119084,-0.137376183138895,-0.11438036539731455,0.1085956416464891,-0.14792207792207793,-0.25787365177195687,-0.06946290997138455,-0.23896103896103896,-0.04805635042923179,-0.2124785384107418,-0.3544860224521241,-0.25381245872771296,-0.10405899185560202,0.07459388069557561,0.22972044904248293,0.012676645388509796,-0.03838652872551178,-0.051045564604886635,-0.025676865507373983,-0.011093990755007704,0.06004842615012106,-0.10511996478098173,-0.1288729914153643,-0.08799471714725952,0.1661435174994497,0.014825005502971604,-0.39548095971824787,-0.25878494386968964,0.03325115562403698,0.2363350209112921
#51,0.23209993396434075,0.4712766894122826,0.34852740479859123,0.4879837112040502,-0.1501716927140656,-0.14740479859123926,0.4580343385428131,0.19650451243671582,0.3742835130970724,1.0,0.34993836671802775,-0.13815100154083204,0.17169711644287916,0.04786044464010566,0.04228703499889941,0.006817081223860885,0.4558727712965001,0.08690732995817742,-0.011182038300682368,0.029341844596081884,0.3044067796610169,0.19443979749064494,0.11723530706581554,0.1820162887959498,-0.022236407660136473,-0.11397974906449483,0.2544089808496588,0.12730134272507154,0.22762491745542593,-0.25161787365177196,0.24403697996918336,-0.10333039841514417,0.14510675764913053,-0.0055954215276249174,0.016999779881135813,-0.2754853620955316,-0.032346467092229804,-0.0738696896324015,-0.15045784723750824,-0.07427030596522122,0.0010125467752586396,-0.1769425489764473,-0.16017389390270745,-0.11716927140655954,0.024609289016068677,-0.025949812898965443,0.12163108078362316,0.12611490204710543,0.2097226502311248,0.27349108518600046,0.04270746202949593,0.21128769535549197,0.11005062733876293,0.05064054589478318,0.31506493506493505,-4.402377283733216e-06,-0.1678912612810918,-0.19924058991855603,-0.18017829627999118,-0.010041822584195465,-0.1933480079242791,-0.18069557561082986,-0.34491965661457186,-0.09061193044243891,0.35920537090028615,0.21547215496368038,0.01235527184679727,0.3562689852520361,0.18403037640325776,0.008421747743781642,0.4031917235307066,0.2948250055029716,-0.07660576711424169,-0.05739819502531367,-0.18384107418005724,-0.06928021131410962,-0.30568567026194143,-0.10560862865947612,0.12140435835351089,-0.24967202289236187,-0.017147259520140876,-0.11687871450583315,-0.3547281532027295,-0.2012590799031477,-0.11717367378384327,-0.22518600044023773,-0.1430398415144178,-0.08097732775698878,-0.07520360994937265,-0.2063086066475897,-0.23149240589918557,-0.22044023772837332,-0.1758617653532908,-0.33279110719788685,-0.17048866387849437,0.2764076601364737,-0.030598723310587717,0.1765199207572089,-0.051677305745102355,-0.07823684789786485,0.026568346907329957,0.2664604886638785,-0.10406779661016949,0.05854061193044244,-0.10299801893022233,0.09683469073299582,0.08518820162887959,-0.2251749944970284,0.011413163108078363,-0.23049746863306186,-0.26414263702399293
#52,0.22817521461589257,0.5875302663438257,-0.09026194144838212,0.2836055469953775,0.13768434954875633,-0.08487783403037641,0.5712854941668501,0.306946951353731,0.3577790006603566,0.34993836671802775,1.0,0.12961038961038962,0.41482940788025535,0.11086506713625358,-0.10293858683689192,0.2532797710763812,-0.0022540171692714064,-0.17391371340523884,-0.06359013867488444,0.22906009244992295,-0.15738278670482062,0.19387189082104336,-0.035527184679727056,0.19367378384327538,-0.09988553819062293,0.29786924939467313,-0.25263922518159804,0.2168765133171913,0.015089148139995597,-0.3702113141096192,0.0783447061413163,-0.20534888839973586,-0.011631080783623156,-0.058593440457847236,0.06168611049966982,-0.15883557120845257,-0.17482940788025533,-0.05950473255558001,-0.21153863086066477,-0.01865067136253577,0.044391371340523886,-0.12292978208232445,-0.04476997578692494,-0.09386088487783403,-0.16751705921197446,0.2773805855161787,-0.013046445080343385,-0.02198547215496368,-0.17031256878714507,-0.018536209553158704,-0.11345146379044684,-0.12558221439577372,-0.2436385648250055,-0.33794188861985475,0.011036759850319173,-0.11795729694034779,-0.4137001981069778,-0.07499889940567907,-0.16006823684789787,-0.04931763152102135,-0.03499889940567907,-0.05525203609949372,-0.06709222980409421,0.10314549856922739,0.05802113141096192,0.18556460488663878,0.07960158485582214,0.12985912392692053,0.15744441998679287,0.05324895443539511,0.1355359894342945,0.15178956636583754,-0.10645168390931103,-0.2623530706581554,-0.2638498789346247,-0.09794629099713846,-0.3125159586176535,-0.26808936825885976,-0.04789346246973366,-0.06340303764032577,0.0923398635263042,0.01471054369359454,-0.041985472154963684,0.15470173893902708,0.0888861985472155,0.021193044243891703,-0.06916354831609069,-0.048943429451904025,0.029322033898305084,0.14095311468192825,0.16652212194585075,-0.028100374202069116,0.08555359894342945,0.006535329077701959,0.1448382126348228,0.00489324235086947,0.03791547435615232,-0.1066585956416465,-0.11821923838872991,-0.056376843495487564,-0.043059652212194585,-0.006579352850539291,-0.22947171472595201,-0.031793968743121286,-0.13113581333920318,0.08086726832489545,-0.15290556900726393,-0.17132731675104557,-0.11770856262381686,0.14829627999119524,0.18302003081664098
#53,-0.21079462909971383,-0.06924279110719789,-0.09319392471934845,-0.21904028175214615,0.4850319172353071,0.18123486682808718,0.22632621615672463,-0.07332379484921858,-0.038445960818842176,-0.13815100154083204,0.12961038961038962,1.0,0.5069249394673123,0.28433193924719347,-0.3547985912392692,-0.24875852960598724,-0.22406119304424388,-0.25239709443099273,-0.24716046665199207,-0.09282192383887299,-0.39790666960158483,-0.4565133171912833,-0.12753246753246752,-0.039951573849878935,-0.21598723310587717,-0.21559542152762493,-0.35581113801452785,-0.26964780981730135,-0.02397094430992736,-0.028278670482060314,0.06756548536209553,-0.1380629539951574,0.19145278450363196,-0.4116817081223861,0.10056130310367599,0.1502245212414704,-0.01967642526964561,-0.33771076381245874,-0.048529605987233104,-0.32648250055029715,-0.05418005723090469,-0.08678846577151662,-0.06554699537750386,-0.2826986572749285,-0.0709487123046445,-0.11917455425930003,0.11949152542372882,0.10236187541272287,0.034673123486682805,-0.21429892141756549,-0.03511996478098173,-0.13824125027514858,-0.1924851419766674,-0.1960906889720449,-0.3550297160466652,-0.3845234426590359,0.07400176095091349,0.0859057891261281,0.3015298261060973,0.19153422848338103,0.2694607087827427,0.1427426810477658,0.0238234646709223,-0.16298701298701299,-0.33083425049526743,-0.052476337222099934,0.2971736737838433,-0.058806955756108295,-0.0400594320933304,0.06951793968743121,0.19888399735857362,0.13601144618093772,0.15081884217477437,0.1613449262601805,0.26173233546114905,0.27443979749064495,0.20637023992956197,0.09952234206471494,-0.1846158925819943,-0.35191503411842395,0.2834734756768655,0.2136649790887079,0.10863306185340084,0.07878494386968964,0.22349108518600044,0.4553709002861545,0.33281091789566364,0.42298261060972925,0.38138234646709224,0.3121483601144618,0.33403697996918336,0.4820647149460709,0.2927823024433194,0.21889940567906668,0.0035174994497028395,-0.20267224301122605,-0.35807836231565043,0.16370019810697778,-0.1279220779220779,0.07490644948272067,-0.17936825885978427,0.26010785824345145,-0.15642526964560863,0.03474576271186441,0.03802553378824565,-0.057076821483601145,0.018586836891921636,0.25831609068897204,0.2679440898084966,0.12159145938806956,0.16605987233105876
#54,0.0836517719568567,0.12905348888399737,0.11867928681488003,0.025322474136033456,0.2543825665859564,0.30811578252256216,0.3852740479859124,0.033156504512436714,-0.0973959938366718,0.17169711644287916,0.41482940788025535,0.5069249394673123,1.0,0.20235747303543913,-0.36639665419326434,-0.14795509575170593,-0.07860004402377284,-0.0887012987012987,-0.24091789566365837,0.09639665419326436,-0.288580233325996,-0.11362095531587058,0.06474576271186441,0.18572088928021133,-0.19428791547435614,-0.03891921637684349,-0.16641206251375742,0.0899273607748184,-0.01488663878494387,-0.2226964560862866,0.22537750385208014,-0.13967422408100374,0.22874532247413604,-0.3540325775918996,0.0773365617433414,0.08603345806735638,0.03142857142857143,-0.3615254237288136,-0.1689456306405459,-0.1487805414924059,0.03181377944089808,-0.17364296720228922,-0.18168831168831168,-0.30292097732775697,-0.04130310367598503,0.13424829407880257,0.11568126788465771,0.21936165529385868,0.13479639005062735,0.04149240589918556,0.0364340744001761,0.13341624477217698,-0.006260180497468633,-0.03390710983931323,-0.18561303103675986,-0.16787585296059873,-0.06726392251815981,0.0789456306405459,0.07592339863526304,0.13463130090248734,0.09384107418005723,-0.0037640325775918997,-0.3040039621395554,-0.27995817741580453,0.025707682148360115,0.18861104996698216,0.23053268765133172,0.0388795949812899,-0.10111380145278451,0.11046665199207573,0.266352630420427,0.26742681047765793,0.024598283072859346,-0.049148139995597626,0.09000220118864187,0.13683248954435395,0.029108518600044025,0.07201408760730794,0.09335901386748845,-0.21378824565265242,-0.029821703720008804,0.4228813559322034,0.1731719128329298,0.12755007704160246,0.33676645388509796,0.21797710763812458,0.2465265243231345,0.2966321813779441,0.3286594761171032,0.3254193264362756,0.3648470173893903,0.33424609289016066,0.16069117323354612,0.060827646929341846,-0.15136693814659916,-0.14003081664098613,-0.31354391371340523,0.1593418445960819,-0.038826766453885095,0.01765133171912833,-0.18147259520140877,0.2951353731014748,-0.061516618974246096,0.08130970724191063,-0.06324895443539512,-0.016916134712744883,0.008206031256878715,0.15258199427690952,0.17853841074180057,-0.0798745322474136,-0.11893682588597843
#58,-0.3077151661897425,-0.016713625357693156,-0.024481620074840414,-0.30517719568567026,0.08440677966101695,0.05452784503631961,0.2918137794408981,0.04545014307726172,0.2033348007924279,0.04786044464010566,0.11086506713625358,0.28433193924719347,0.20235747303543913,1.0,-0.10866167730574511,-0.29890821043363414,-0.026187541272287035,0.0008232445520581114,-0.2322209993396434,-0.13407660136473695,-0.05374862425709883,-0.31807395993836673,-0.1789192163768435,-0.1658067356372441,-0.18431653092670042,-0.27646268985252037,-0.04329077701959058,-0.2876755447941889,0.13750385208012328,-0.10832709663218137,0.10178956636583755,-0.047087827426810475,0.17569447501650892,-0.286220559101915,0.1677261721329518,-0.06214836011446181,0.19963020030816642,-0.25076601364736956,0.09709222980409421,-0.18952894563064054,-0.07685230024213074,-0.08677745982830729,-0.3638300682368479,-0.2648382126348228,-0.2033281972265023,-0.050957517059211976,-0.2126502311248074,-0.10769975786924939,-0.03603786044464011,0.019900946511116003,-0.013581333920316971,0.08015408320493066,0.07696235967422409,0.14324014968082766,0.18565485362095532,0.00961699317631521,0.1589522342064715,-0.01186880915694475,0.02116883116883117,0.03757208892802113,0.11640986132511556,0.07274488223640765,-0.02565925599823905,0.08370900286154523,-0.15631741140215716,-0.31209333039841514,0.5213669381465992,0.2455822143957737,0.18819502531366938,0.1452674444199868,0.42716707021791767,0.49891701518820164,0.25655734096412064,0.11268324895443539,0.5736165529385868,0.5403521901826986,0.36378824565265244,0.2394915254237288,-0.0667444419986793,-0.2608452564384768,0.08579793088267665,-0.047490644948272064,0.12458287475236628,0.010035219018269866,0.23628439357252917,0.20267884657715166,0.12881796169931764,0.03701518820162888,-0.16351749944970284,0.10482720669161347,-0.015784723750825447,0.13779440898084966,-0.0037508254457407,-0.16268545014307725,-0.15991195245432532,0.154521241470394,-0.3643583535108959,0.132227602905569,-0.04271846797270526,-0.10288795949812898,-0.03578472375082545,0.3111182038300682,-0.077673343605547,0.06271186440677966,-0.04809377063614352,0.018591239269205372,0.0651221659696236,0.18368919216376844,0.21718908210433635,-0.20589698437156065,-0.14309707241910632
#101,-0.3040457847237508,-0.1214109619194365,-0.1529143737618314,-0.1422738278670482,-0.29236407660136476,-0.3153268765133172,-0.028652872551177638,-0.21219898745322474,0.09441778560422628,0.04228703499889941,-0.10293858683689192,-0.3547985912392692,-0.36639665419326434,-0.10866167730574511,1.0,0.36899405679066694,-0.02951353731014748,-0.06786044464010565,0.6285494166850099,0.23150781421967861,0.674107418005723,0.26823024433193926,0.038826766453885095,0.0030728593440457848,-0.07834030376403257,-0.026068677085626237,0.11069117323354612,-0.24667620515078142,0.07143737618313889,0.12970063834470613,-0.16924499229583975,0.06908870790226722,-0.44851419766674006,0.044818401937046004,-0.03177856042262822,0.02767554479418886,0.36399075500770417,0.27913933524103013,0.313563724411182,0.32880475456746644,0.2792163768434955,0.28733215936605766,0.4412987012987013,0.3691943649570768,0.17090468853180718,0.2829451904028175,-0.4123772837332159,-0.3786594761171032,-0.26977767994717144,-0.02081664098613251,-0.2196235967422408,-0.16606647589698437,-0.24161347127448823,-0.06735637244111821,0.37817741580453446,0.4299273607748184,-0.05155844155844156,0.07542372881355933,-0.34762931983270967,-0.09981289896544134,-0.43316310807836234,-0.4367356372441118,0.2894541052168171,0.05389610389610389,-0.19958177415804534,-0.06169271406559542,-0.15683909311027955,-0.11469293418445961,0.48128109178956635,0.06894122826326216,-0.15215936605767114,-0.047684349548756326,0.32706361435174996,-0.11724631300902487,0.07954875632841735,-0.0913185119964781,-0.13971164428791547,-0.389867928681488,0.37373321593660574,0.187442218798151,-0.060873871890821045,-0.09286814880035218,0.21972485141976666,-0.2319700638344706,-0.09009024873431654,-0.565115562403698,-0.5504600484261502,-0.04331058771736738,-0.027296940347787804,-0.2439027074620295,-0.1235130970724191,-0.4985450143077262,-0.18648470173893902,-0.2910411622276029,-0.07807395993836672,-0.06239489324235087,0.05987893462469734,-0.4076051067576491,-0.2677217697556681,-0.4486836891921638,-0.14415584415584415,-0.301468192824125,0.12803433854281313,-0.46799471714725954,-0.29943209333039844,-0.3811534228483381,-0.263086066475897,-0.5055095751705921,-0.5203521901826986,-0.21018269865727493,-0.046121505613031036
#102,0.1556614571868809,0.2585163988553819,-0.3842174774378164,0.08146819282412503,-0.1337970504072199,-0.3467950693374422,0.11829627999119524,0.05512656834690733,0.10385868368919217,0.006817081223860885,0.2532797710763812,-0.24875852960598724,-0.14795509575170593,-0.29890821043363414,0.36899405679066694,1.0,-0.18134272507153862,-0.30544794188861984,0.5456636583755228,0.7725621835791328,0.1262821923838873,0.68755888179617,-0.04494827206691614,0.40544574069997796,-0.1174025974025974,0.6197732775698878,-0.18632621615672462,0.19333259960378604,-0.29339423288575833,-0.022359674224081003,-0.13059872331058772,-0.16984591679506933,-0.47006163328197226,-0.003869689632401497,-0.26411182038300685,-0.1511798371120405,0.005804534448602245,0.21643627558881795,0.04035879374862426,0.5726832489544353,0.35382126348228043,0.2889258199427691,0.2191107197886859,0.2613251155624037,-0.014512436715826546,0.6730772617213295,-0.2387937486242571,-0.26508254457407,-0.2786088487783403,0.09101694915254237,-0.27291877613911514,-0.22375302663438257,-0.38146158925819945,-0.39120845256438475,-0.03925819942769095,0.32968743121285493,-0.3795069337442219,0.3106493506493507,-0.3865309267004182,-0.19561963460268544,-0.37202509355051727,-0.38894122826326216,0.15812018489984592,0.299207572088928,0.007435615232225402,0.23944530046224963,-0.19799031476997578,-0.021014747963900505,0.4222738278670482,0.2751617873651772,-0.18386528725511778,-0.06089368258859784,-0.028699097512656833,-0.2365067136253577,-0.26674003962139553,-0.315379705040722,-0.4965771516618974,-0.4213295179396874,0.027270526084085405,0.5287937486242571,-0.167574290116663,-0.0373563724411182,-0.06569667620515078,-0.04719788685890381,-0.04326216156724631,-0.447442218798151,-0.46169711644287914,-0.012795509575170592,0.2041338322694255,-0.09401276689412283,0.18178076161127008,-0.3658947831829188,0.04289456306405459,-0.22932203389830508,0.08200308166409861,-0.26868589038080565,0.5009993396434075,-0.5947325555800133,-0.38337222099933965,-0.36232445520581114,-0.28073959938366716,-0.4708518600044024,-0.3186154523442659,-0.3713933524103016,-0.36872551177635926,-0.2610345586616773,-0.534305524983491,-0.42409641206251375,-0.5109883337001981,-0.047574290116663,0.08963900506273388
#201,0.5439511336121505,0.18477657935285055,0.5972132951793969,0.4595509575170592,-0.12753246753246752,0.16072419106317412,-0.037913273167510454,0.18436055469953774,0.18453444860224522,0.4558727712965001,-0.0022540171692714064,-0.22406119304424388,-0.07860004402377284,-0.026187541272287035,-0.02951353731014748,-0.18134272507153862,1.0,0.42447941888619856,-0.06887739379264803,-0.2888201628879595,0.11318952234206471,-0.08016288795949814,0.32328637464230686,-0.10485802333259961,0.3889456306405459,-0.23240369799691835,0.4699317631521021,0.003911512216596962,0.44520581113801455,-0.20642967202289236,0.35159806295399515,0.22003742020691172,0.31348228043143295,0.19513097072419106,0.2047457627118644,-0.20457847237508253,0.12709002861545235,0.11722209993396435,0.039918556020250934,-0.10726612370680168,-0.12493946731234867,-0.33556680607528067,-0.29568787145058334,-0.027484041382346468,0.033275368699097516,-0.2453532907770196,0.28050407219898743,0.21655513977547877,0.12030596522121946,-0.004122826326216157,0.17453224741360335,0.25564604886638786,0.31087387189082105,0.3114109619194365,0.329636803874092,0.16894122826326216,-0.1152410301562844,-0.4624058991855602,0.02460708782742681,-0.02426810477657935,-0.24612150561303103,-0.13907329958177417,-0.3143605546995378,-0.13214615892581993,0.32442218798151,-0.030187101034558662,-0.1821153422848338,0.19024873431653092,-0.014323134492626018,-0.1862425709883337,0.13173673783843276,-0.015073739819502531,-0.11316530926700419,0.14200528285274047,-0.3290116662998019,-0.31096412062513756,-0.14794849218578032,-0.11452784503631962,0.15016729033678186,-0.10119304424389171,0.19200748404138235,-0.21021571648690293,-0.2680915694475017,-0.032392692053709,-0.19501430772617212,-0.2831785163988554,-0.1531587057010786,-0.2945146379044684,-0.2593044243891702,-0.2652058111380145,-0.32211314109619194,-0.23646929341844597,-0.4303499889940568,-0.3419876733436055,-0.14349328637464231,0.3045168390931103,-0.05858463570327977,0.49284393572529167,0.397046004842615,0.2542328857583095,0.34437376183138896,0.46742681047765794,0.2125841954655514,0.25648250055029714,0.12986352630420428,0.33187101034558664,0.27177635923398635,-0.18545894783182917,-0.06704820603125689,-0.20246313009024874,-0.26718908210433634
