,#10,#11,#12,#13,#17,#18,#26,#49,#50,#51,#52,#53,#54,#58,#101,#102,#201,#202,#301,#302,#401,#402,#501,#502,#601,#602,#701,#702,#801,#802,#901,#902,#1001,#1002,#1101,#1102,#1201,#1202,#1301,#1302,#1401,#1402,#1501,#1502,#1601,#1602,#1701,#1702,#1801,#1802,#1901,#1902,#2001,#2002,#2101,#2102,#2201,#2202,#2301,#2302,#2401,#2402,#2501,#2502,#2601,#2602,#2701,#2702,#2801,#2802,#2901,#2902,#3001,#3002,#3101,#3102,#3201,#3202,#3301,#3302,#3401,#3402,#3455,#3501,#3502,#3601,#3602,#3701,#3702,#3801,#3802,#3901,#3902,#4001,#4002,#4101,#4102,#4201,#4202,#4301,#4302,#4401,#4402,#4501,#4502,#4601,#4602,#4701,#4702,#4801,#4802
#10,1.0,0.3912282632621616,0.4263306185340084,0.37850539291217256,0.11577591899625798,0.2284723750825446,0.33362976007043804,0.48470173893902707,0.28666299801893025,0.3686770856262382,0.18686110499669822,0.058529605987233106,0.028133392031697117,-0.0041272287034998896,-0.5669953775038521,-0.3970151882016289,0.3412238608848778,0.24053709002861545,-0.44472815320272946,-0.3853334800792428,-0.4061259079903148,-0.10225621835791328,-0.075016508914814,0.06810697776799472,-0.028445960818842174,0.055348888399735854,0.30415364296720226,0.5588994056790667,-0.10257979308826766,-0.25204050187101035,0.18132291437376183,-0.05429892141756548,0.34849878934624695,0.16344706141316312,-0.1517345366497909,-0.13862425709883336,-0.3467092229804094,-0.16314109619194364,-0.011677305745102355,-0.12530926700418227,-0.09436715826546335,-0.17898965441338321,-0.25660136473695794,-0.24222980409421088,0.07308386528725512,-0.055641646489104114,0.15771076381245872,0.45226942548976445,0.21550517279330839,0.3615364296720229,0.19663658375522783,0.5007858243451464,0.38952454325335684,0.21057891261281092,-0.2537838432753687,-0.23400396213955535,-0.39690953114681926,-0.36074840413823467,-0.018679286814880035,0.09200528285274048,-0.06823684789786484,0.08812018489984591,-0.2545784723750825,-0.11650451243671582,0.5974928461369139,0.21679727052608408,-0.1751089588377724,-0.21681928241250276,-0.4449152542372881,-0.21480299361655295,0.01778560422628219,0.24030156284393572,-0.19471274488223642,-0.2416552938586837,-0.42075500770416024,-0.3263548316090689,-0.17340523882896763,-0.017666740039621397,-0.3292471934844816,-0.20787365177195685,0.15316751045564606,0.039355051727933084,0.06343605546995378,0.19944970283953334,0.058622055910191505,-0.031243671582654634,-0.0005216817081223861,0.09565045124367158,0.06268324895443539,0.09196346026854502,-0.13299141536429673,0.01580013207131851,-0.0015320272947391591,-0.08293858683689193,-0.06297160466651992,0.11397754787585296,-0.11181818181818182,0.6054259300022012,0.5459255998239049,0.1658793748624257,0.5654017169271407,0.3349020471054369,-0.0338036539731455,0.3320691173233546,0.4214637904468413,0.4733766233766234,0.45588377723970946,0.00898084965881576,-0.24791547435615233,-0.06325115562403698,-0.10333259960378605
#11,0.3912282632621616,1.0,0.3510675764913053,0.4254765573409641,0.12947611710323575,0.30447941888619856,0.5045806735637244,0.22759189962579793,0.4119920757208893,0.4332093330398415,0.19902927580893684,-0.003370019810697777,0.20473255558001321,0.15625137574290116,-0.16437376183138894,-0.1101518820162888,0.2399867928681488,0.3605480959718248,-0.027182478538410743,-0.13784283513097073,-0.28303764032577594,-0.0788399735857363,-0.005912392692053709,0.06038740920096852,-0.2382522562183579,-0.04953114681928241,0.260957517059212,0.21524543253356812,0.27634602685450144,0.0057935285053929125,0.38543913713405237,0.12903367818622055,0.33346467092229803,0.1551419766674004,-0.06356812678846577,0.0790843055249835,-0.04580233325996038,-0.2470394012766894,0.10195685670261942,-0.08886418666079683,-0.06260840854061193,-0.01537970504072199,-0.14911512216596962,-0.1599603786044464,0.0588333700198107,0.05724851419766674,0.07040501871010346,0.12333920316971164,-0.004069997798811358,0.17535329077701958,-0.028652872551177638,0.14929782082324455,0.22997358573629761,0.15769095311468193,-0.05751045564604887,-0.19316310807836232,-0.2668699097512657,-0.2970327977107638,-0.14134052388289675,0.0550693374422188,-0.14719348448162006,-0.0849636803874092,-0.1851089588377724,-0.20714505833149902,0.2640677966101695,0.3789016068677086,0.03439357252916575,-0.08110279550957517,-0.07383226942548976,0.03163548316090689,0.18900946511116,0.26778560422628217,-0.12232885758309488,-0.08216817081223861,-0.19380145278450364,-0.30098613251155626,-0.11412282632621616,-0.038153202729473916,-0.011844596081884217,0.09931763152102135,0.19047765793528507,0.016405458947831828,0.12675764913053048,0.01586616773057451,0.21460268545014308,-0.07558441558441559,-0.10081223860884878,0.0699405679066696,0.17501430772617213,0.23415584415584415,0.032593000220118865,0.04467092229804094,0.09233105877173674,-0.3271340523882897,-0.1967114241690513,0.1941118203830068,0.014147039401276689,0.29205370900286154,0.2190644948272067,-0.05130750605326877,0.2447457627118644,0.29331939247193484,0.15887739379264804,0.17976447281532026,0.21387189082104335,0.23821703720008805,0.2287739379264803,-0.010134272507153864,-0.24861985472154963,-0.23538190622936386,-0.24266123706801673
#12,0.4263306185340084,0.3510675764913053,1.0,0.4651926040061633,0.24296720228923618,0.5306581554039181,0.42731895223420646,0.21508474576271186,0.07220118864186661,0.6547963900506273,0.3232467532467532,-0.028826766453885096,0.08548536209553159,-0.06671362535769315,-0.3437310147479639,-0.06248734316530927,0.7859057891261281,0.6210125467752586,-0.15673123486682808,-0.31974246092890163,-0.2767114241690513,-0.0175148580233326,0.26543913713405237,0.2204930662557781,-0.08313449262601805,0.04309046885318072,0.48502531366938145,0.4262821923838873,0.23053929121725733,-0.480429231785164,0.4499735857362976,0.03856482500550297,0.7281950253136694,0.2505018710103456,-0.24771736737838432,-0.5181201848998459,-0.1851287695355492,-0.49383226942548974,0.23842615012106538,0.050924499229583975,-0.03677745982830729,-0.2819590578912613,0.08966101694915254,-0.4243693594541052,0.20158485582214397,0.12994937266123707,0.24915914593880695,0.3882984811798371,0.4733348007924279,0.4664076601364737,0.17899405679066696,0.41265903587937486,0.6191613471274489,0.718991855602025,0.07063394232885759,-0.32323134492626016,-0.35670261941448383,-0.5679815100154083,-0.436436275588818,0.0627823024433194,-0.518976447281532,-0.2629143737618314,-0.5692229804094211,-0.3258771736737838,0.4432225401716927,0.5430904688531807,-0.3844045784723751,-0.22763812458727714,-0.27844155844155843,-0.20747083425049526,0.48667400396213956,0.5715562403697997,-0.46287695355491965,0.15962799911952455,-0.506550737398195,-0.4056812678846577,-0.6315540391811578,-0.25955756108298483,-0.020750605326876514,-0.009984591679506934,0.31158485582214396,0.0651089588377724,0.2290953114681928,0.25357693154303323,-0.12543693594541053,-0.30503852080123267,-0.24723530706581553,0.324521241470394,0.13012987012987012,0.1984107418005723,-0.06130310367598503,-0.06095751705921197,0.11316090688972046,-0.42065595421527624,-0.43380805635042924,0.6618401937046005,-0.03519040281752146,0.7813603345806736,0.7123178516398856,0.2966321813779441,0.4578186220559102,0.779621395553599,0.07918996257979309,0.5162821923838873,0.5825313669381466,0.5780453444860224,0.7156240369799692,-0.37588817961699317,-0.5184569667620516,-0.5868677085626238,-0.49797270526084086
#13,0.37850539291217256,0.4254765573409641,0.4651926040061633,1.0,0.29651331719128327,0.26580013207131853,0.43758529605987234,0.07533127889060093,0.06302003081664098,0.5527602905569007,0.13677966101694916,-0.08898965441338323,0.08390270746202949,0.041963460268545014,-0.22950253136693816,-0.3070151882016289,0.5106779661016949,0.36369359454105216,-0.13751705921197446,-0.25482720669161346,-0.20809817301342726,-0.13494607087827426,0.18216156724631302,0.11676865507373982,0.06351089588377724,-0.08068236847897865,0.3709751265683469,0.3510939907550077,0.21137354171252476,-0.15886198547215497,0.3236649790887079,0.03595861765353291,0.53950473255558,0.2871978868589038,0.07309707241910632,-0.10250935505172794,-0.024221879815100156,-0.21468192824125026,0.09417785604226282,0.05261501210653753,-0.03314109619194365,-0.17480299361655294,-0.003094871230464451,-0.10000220118864186,0.2387607307946291,0.04805414924058992,0.24423728813559323,0.37576051067576494,0.20895663658375524,0.24720008804754567,0.09125687871450583,0.2773145498569227,0.413779440898085,0.23113801452784505,-0.016797270526084086,-0.35952894563064053,-0.13373981950253136,-0.348580233325996,-0.18932863746423068,0.16357032797710763,-0.33340523882896766,-0.2660708782742681,-0.3755183799251596,-0.2558661677305745,0.3836209553158706,0.1762227602905569,-0.23130750605326877,-0.1892537970504072,-0.2361104996698217,-0.29831829187761394,-0.021782962799911952,0.23366938146599164,-0.2749680827646929,-0.10610829848117984,-0.23312568787145058,-0.29553598943429454,-0.35786704820603127,-0.1441074180057231,0.030744001760950913,-0.19913273167510456,0.23346246973365617,0.006431873211534229,0.1190116662998019,0.1262029495927801,0.06600044023772837,-0.23946290997138456,-0.19500110059432094,0.3886946951353731,0.1829407880255338,0.34084305524983494,-0.045075941008144396,-0.08830288355712085,0.09073079462909972,-0.30260840854061194,-0.24608628659476117,0.318943429451904,-0.1612260620735197,0.4644089808496588,0.3134140435835351,0.2897798811358133,0.29649570768214834,0.4082632621615672,0.21357032797710765,0.3533414043583535,0.49211534228483383,0.4486880915694475,0.4746819282412503,-0.23272066916134712,-0.2713339203169712,-0.2555822143957737,-0.22855381906229363
#17,0.11577591899625798,0.12947611710323575,0.24296720228923618,0.29651331719128327,1.0,0.2113779440898085,0.2887563284173454,0.41476777459828307,0.15784943869689633,0.2610631741140216,0.13959938366718028,0.05151441778560423,0.20013647369579574,0.2666079683028836,-0.28272066916134714,-0.2151683909311028,0.24493286374642306,-0.013783843275368699,-0.12580453444860223,-0.20126128109178956,-0.3055690072639225,-0.25642967202289235,-0.05896984371560643,-0.06791767554479419,-0.1314703940127669,-0.2260378604446401,-0.10485802333259961,0.0005326876513317191,0.05583535108958838,0.10539511336121506,0.025921197446621174,-0.022047105436935947,0.30341844596081885,0.1539555359894343,0.04328197226502311,-0.03517939687431213,-0.02474356152322254,-0.06986572749284614,0.06508254457406999,-0.04459167950693375,0.36669381465991635,-0.03285053929121726,0.08100814439797491,-0.1390909090909091,-0.03275588817961699,-0.08531146819282412,0.2873827867048206,0.11715386308606647,-0.05620735197006384,-0.07560642747083425,-0.17344486022452124,-0.10333700198106978,0.09085846357032798,0.2137904468412943,-0.15031256878714505,-0.24063614351749946,-0.1765529385868369,-0.23304864626898525,-0.050638344706141314,-0.036297600704380366,-0.20850979528945632,-0.031210653753026635,0.04210433634162448,0.11451243671582655,-0.11419546555139776,0.2945938806955756,0.12217697556680608,0.1829804094210874,-0.04212854941668501,-0.05291657495047326,0.10309487123046446,0.11181377944089808,-0.20779440898084967,0.0961897424609289,-0.062476337222099936,0.010030816640986132,-0.14650231124807395,0.0947325555800132,0.015584415584415584,-0.15160026414263703,0.0758859784283513,-0.06193924719348448,0.07898305084745763,0.44529165749504734,0.13327756988773937,-0.0028505392912172574,0.033713405238828965,0.12956196346026855,0.10405899185560202,0.12651331719128328,0.09132951793968744,0.10911071978868589,0.23066916134712745,-0.1624719348448162,-0.15704160246533128,0.1212524763372221,-0.27363416244772176,0.22673343605546994,0.18439357252916574,-0.09770195905789127,-0.021930442438917015,0.13740039621395553,0.11745982830728594,0.09567686550737398,0.24511336121505614,0.20303323794849218,0.20772397094430992,-0.22972044904248293,-0.22921857803213735,-0.1254171252476337,-0.08585075941008144
#18,0.2284723750825446,0.30447941888619856,0.5306581554039181,0.26580013207131853,0.2113779440898085,1.0,0.2893198327096632,0.13860884877834032,0.17647589698437155,0.29659476117103234,0.16631080783623156,0.21141316310807837,0.3667752586396654,0.0286748844375963,-0.3767202289236187,-0.1546401056570548,0.46547435615232224,0.5880145278450363,-0.24476337222099934,-0.28943209333039843,-0.29698657274928464,-0.18927140655954217,-0.19657054809597183,0.07791987673343606,-0.2164076601364737,-0.1591613471274488,0.13760510675764914,0.2544089808496588,0.43792207792207793,-0.29929121725731894,0.624851419766674,0.1527492846136914,0.4649460708782743,0.24939027074620296,-0.19122386088487783,-0.1212260620735197,-0.27060532687651334,-0.3046357032797711,-0.03419106317411402,-0.007422408100374202,0.07482940788025534,-0.27482940788025534,-0.11540391811578252,-0.35542813119084304,0.09208892802113142,0.16440898084965883,0.16683248954435395,0.35737398195025316,0.13535769315430332,0.11928021131410962,0.028274268104776578,0.14051948051948052,0.1749636803874092,0.28169711644287915,-0.2952168170812239,-0.39191503411842393,-0.2781289896544134,-0.38957517059211977,-0.12071098393132292,0.191699317631521,-0.2324851419766674,-0.07305965221219458,-0.01996918335901387,-0.1634272507153863,0.25560422628219237,0.3949592780101255,0.036172132951793966,-0.2703940127668941,-0.16712744882236408,-0.09011666299801893,0.28942328857583094,0.3278032137354171,-0.19799691833590138,0.2162689852520361,-0.18498789346246974,-0.1137970504072199,-0.3269337442218798,-0.042066916134712744,0.005197006383447061,-0.033662777900066033,0.17062513757429013,0.3229297820823245,0.46475236627779,0.009049086506713626,0.33453885097952896,-0.026506713625357694,-0.058633061853400836,0.16585075941008146,0.006189742460928902,0.20560422628219238,0.21362976007043805,0.30657495047325556,0.28175874972485143,0.013539511336121506,-0.08145278450363196,0.2729914153642967,-0.29537090028615454,0.41452564384767776,0.45130310367598503,0.19410521681708123,0.2611622276029056,0.5502069117323355,0.17027294739159146,0.2945718688091569,0.4726810477657935,0.3700528285274048,0.4269667620515078,-0.16388069557561083,-0.11225181598062954,-0.14677305745102356,-0.10915474356152323
#26,0.33362976007043804,0.5045806735637244,0.42731895223420646,0.43758529605987234,0.2887563284173454,0.2893198327096632,1.0,0.3132313449262602,0.44031476997578695,0.5870702179176756,0.39274488223640763,-0.08800792427911072,0.2732115342284834,0.3412194585075941,-0.1161237068016729,-0.19010125467752587,0.3846467092229804,0.1948646268985252,-0.0764208672683249,-0.28562623816861105,-0.285643847677746,-0.17977107638124587,0.12066035659255998,0.07476997578692494,-0.040675764913053046,-0.028652872551177638,0.267310147479639,0.21560202509355053,0.14579793088267665,-0.03175654853620955,0.18238168611049968,0.18747963900506273,0.33526524323134493,0.18641646489104116,-0.12085186000440237,-0.0637706361435175,-0.1647787805414924,-0.3531631080783623,0.07821483601144619,-0.10777900066035659,-0.05173233546114902,-0.1760840854061193,-0.009473915914593881,-0.21522342064714947,0.0058793748624257096,-0.06284173453664979,0.034103015628439357,0.20624477217697557,0.19659476117103236,0.20833590138674885,0.051981069777679946,0.16311468192824125,0.31902267224301123,0.19118203830068237,-0.09607528065155184,-0.3315364296720229,-0.304274708342505,-0.431303103675985,-0.19449482720669162,-0.14008144397974906,-0.2229936165529386,-0.06330618534008364,-0.10909311027955096,-0.08528065155183799,0.21878934624697335,0.25691833590138674,0.17735857362976007,0.07370680167290337,-0.1320052828527405,-0.21235527184679728,0.19201188641866607,0.22577151661897424,-0.19499889940567908,0.1115166189742461,-0.2601144618093771,-0.39281311908430555,-0.19977327756988775,-0.14403697996918335,0.15105877173673785,-0.055767114241690514,-0.011981069777679947,0.02804534448602245,0.07680827646929342,0.1433215936605767,0.012912172573189523,-0.10463790446841294,-0.0060004402377283736,0.22295839753466873,0.026110499669821704,0.13605326876513318,-0.08178296279991196,0.0011380145278450363,0.08824565265243231,-0.34641646489104116,-0.334950473255558,0.22014087607307947,-0.05831609068897205,0.28586396654193263,0.24126348228043143,0.03238828967642527,0.2988091569447502,0.15843935725291658,0.28162447721769757,0.10357032797710763,0.25683248954435395,0.33202729473915915,0.3551507814219679,-0.08438917015188202,-0.2013515298261061,-0.2621153422848338,-0.3260510675764913
#49,0.48470173893902707,0.22759189962579793,0.21508474576271186,0.07533127889060093,0.41476777459828307,0.13860884877834032,0.3132313449262602,1.0,0.5644860224521241,0.24184899845916796,0.353581333920317,0.3033634162447722,0.21776799471714725,0.20784943869689632,-0.3542725071538631,-0.35429451904028175,0.17529826106097293,-0.12468853180717587,-0.17704160246533127,-0.37698877393792646,-0.2505502971604667,-0.16644508034338543,-0.10672903367818622,-0.07779220779220779,-0.09328857583094871,-0.08500110059432094,-0.008151001540832049,0.09300022011886419,-0.14626678406339425,0.02214836011446181,-0.1844684129429892,-0.10411402157164869,0.08643627558881796,-0.09088928021131411,-0.1329341844596082,-0.1305480959718248,-0.21145278450363197,-0.18927140655954217,-0.009887739379264803,-0.3532819722650231,0.16066035659255998,-0.08968082764692935,-0.000825445740699978,-0.3069887739379265,-0.1074488223640766,-0.191699317631521,0.06275148580233327,0.10287915474356152,0.005401716927140656,-0.02569887739379265,0.005927801012546775,0.06899405679066696,0.1639885538190623,0.06326876513317191,-0.1303103675985032,-0.1672969403477878,-0.27298040942108737,-0.454191063174114,-0.13679066696015849,-0.17237728373321592,-0.02846797270526084,0.14107197886858905,-0.06057891261281092,-0.08871230464450804,0.13812458727712965,0.13420867268324896,0.006398855381906229,0.012203389830508475,-0.1380629539951574,-0.1508386528725512,0.22961259079903149,0.19586836891921638,-0.027305745102355273,0.05759189962579793,-0.10448162007484041,-0.14024433193924718,0.05387849438696896,0.08971604666519921,-0.1636649790887079,-0.2563614351749945,-0.04439357252916575,0.1962161567246313,-0.11276689412282632,0.27110939907550075,0.015225621835791327,0.16204050187101035,0.16402377283733216,0.09993836671802774,0.032722870349989,-0.06259520140876074,-0.06320272947391592,0.09688751926040062,0.14196125907990315,-0.09918335901386749,-0.00803433854281312,0.10575170592119745,-0.2736231565045124,0.2700352190182699,0.22397534668721109,-0.05228923618754127,0.14987233105877174,0.007743781642086727,-0.20924939467312348,-0.09212634822804314,0.09180937706361435,0.10847457627118644,0.23150781421967861,-0.04153422848338103,-0.12672243011226061,-0.09260180497468633,-0.08210653753026634
#50,0.28666299801893025,0.4119920757208893,0.07220118864186661,0.06302003081664098,0.15784943869689633,0.17647589698437155,0.44031476997578695,0.5644860224521241,1.0,0.26703059652212197,0.24727933083865286,0.0451023552718468,0.35449262601804976,0.26528945630640544,-0.03840854061193044,-0.18441558441558442,0.05748624257098833,0.05299801893022232,0.11078802553378825,-0.19839313229143737,-0.09143297380585516,-0.08422187981510015,-0.04695795729694035,-0.059678626458287476,-0.050488663878494384,-0.05290997138454766,0.07418225841954655,-0.034780981730134275,0.24673563724411182,0.18302223200528286,0.053508694695135375,0.2767114241690513,0.09448162007484041,0.09328197226502312,-0.0877327756988774,0.2667884657715166,0.022130750605326877,-0.13802333259960378,-0.1136649790887079,-0.1390909090909091,0.10652652432313449,-0.10517939687431213,-0.11077701959057891,-0.035837552278230246,-0.07789786484701738,-0.12682148360114462,-0.09335020911292098,-0.050942108738718905,-0.14734756768655075,-0.045800132071318514,-0.0536451683909311,-0.03933964340744002,0.043416244772176975,0.03150561303103676,-0.061166629980189305,-0.1190116662998019,-0.16858683689192164,-0.24778340303764032,-0.05579352850539291,0.010039621395553599,0.038934624697336565,0.055111160026414266,0.13671802773497688,-0.1253532907770196,-0.059449702839533346,0.0959454105216817,0.3206977767994717,0.09782302443319392,0.20817301342725072,0.02564384767774598,0.195016508914814,0.08326436275588818,-0.10533568126788466,0.017486242570988332,0.020530486462689852,-0.2021835791327317,0.05717587497248514,0.027074620294959276,0.09018049746863306,0.0275280651551838,0.00813779440898085,0.2712436715826546,0.1409421087387189,0.012808716707021791,0.17267444419986794,0.06537530266343826,0.05914153642967202,0.042463130090248734,-0.13403477878054149,-0.02009024873431653,0.12475016508914814,0.1795773717807616,0.15779440898084965,-0.149768875192604,-0.11020691173233546,0.06493286374642307,-0.18455866167730575,0.06466872110939907,0.05358793748624257,-0.2194981289896544,-0.01961038961038961,-0.035901386748844376,0.1289456306405459,-0.051377944089808496,0.017873651771956857,0.03195905789126128,0.08356372441118204,0.03535989434294519,0.019018269865727494,-0.10220559101915035,-0.16805855161787364
#51,0.3686770856262382,0.4332093330398415,0.6547963900506273,0.5527602905569007,0.2610631741140216,0.29659476117103234,0.5870702179176756,0.24184899845916796,0.26703059652212197,1.0,0.4068126788465771,-0.045075941008144396,0.15214395773717806,0.12163108078362316,-0.17267224301122605,-0.14539511336121505,0.5586748844375963,0.3455337882456527,-0.08646489104116223,-0.30192604006163326,-0.24589918556020252,-0.10335681267884658,0.2963724411182038,0.3158947831829188,0.0672375082544574,-0.03730134272507154,0.38407880255337884,0.2924719348448162,0.22114461809377065,-0.20769095311468194,0.24341844596081885,0.11902927580893682,0.5688817961699317,0.2712987012987013,-0.1412260620735197,-0.20858683689192165,-0.07285053929121725,-0.39926040061633283,0.21282412502751485,0.004906449482720669,0.020508474576271186,-0.26159145938806955,0.0713383226942549,-0.3204688531807176,0.1676997578692494,0.08996918335901387,0.14291657495047325,0.2142769095311468,0.3343759630200308,0.3476271186440678,0.23923838872991415,0.39271846797270527,0.5181642086726832,0.49192163768434954,0.04941448382126348,-0.3126832489544354,-0.19855161787365178,-0.4509641206251376,-0.3674025974025974,0.026390050627338763,-0.3995795729694035,-0.2149438696896324,-0.462029495927801,-0.2577195685670262,0.3149438696896324,0.3270394012766894,-0.15759189962579792,0.01715606427470834,-0.2214769975786925,-0.207343165309267,0.27229804094210874,0.39765353290777017,-0.3578472375082545,0.13647809817301343,-0.3847413603345807,-0.517046004842615,-0.47955535989434295,-0.24194364957076822,0.1460708782742681,-0.07175214615892582,0.2595839753466872,-0.0021307506053268766,0.10355932203389831,0.32399295619634605,-0.11037420206911733,-0.16751045564604886,-0.17723750825445742,0.3059476117103236,-0.0010323574730354392,0.2030178296279991,-0.02040942108738719,-0.14559101915034117,0.03468192824125028,-0.4458111380145278,-0.45244331939247195,0.4692031697116443,-0.08826986572749285,0.5239423288575831,0.37403918115782525,0.2299471714725952,0.30854061193044247,0.48194364957076824,0.1937640325775919,0.41812898965441336,0.4753004622496148,0.48197226502311247,0.5173607748184019,-0.2841734536649791,-0.37132951793968744,-0.47756988773937925,-0.4840942108738719
#52,0.18686110499669822,0.19902927580893684,0.3232467532467532,0.13677966101694916,0.13959938366718028,0.16631080783623156,0.39274488223640763,0.353581333920317,0.24727933083865286,0.4068126788465771,1.0,0.035890380805635044,0.3388553819062294,0.06684569667620516,-0.10955976227162668,-0.0811402157164869,0.1641800572309047,0.21300462249614793,-0.013270966321813779,-0.11938586836891922,-0.02387409200968523,0.0212524763372221,-0.007567686550737398,-0.027935285053929122,-0.07374642306845697,-0.00187541272287035,0.20811138014527844,0.05405899185560203,0.04432753686990975,-0.11705040721989875,0.12359454105216817,-0.17067576491305306,0.25397974906449483,0.04134272507153863,-0.1408430552498349,-0.10280651551837992,0.08278890600924499,-0.15755227823024434,0.29424169051287696,-0.03538630860664759,-0.05572309046885318,-0.05941668500990535,0.22600924499229583,-0.22614131631080783,0.11362535769315431,0.00099933964340744,0.011807175874972485,0.022586396654193264,0.2806075280651552,0.17318071758749726,0.02864406779661017,0.14278670482060313,0.32631741140215714,0.15679727052608408,0.10103896103896104,-0.1134470614131631,-0.14614571868809156,-0.22153202729473917,-0.28394453004622494,-0.05283513097072419,-0.202689852520361,-0.07449922958397534,-0.08928901606867709,-0.007836231565045124,0.24209553158705702,0.1406977767994717,-0.03701298701298701,-0.048822364076601364,-0.1059916354831609,-0.25001540832049307,0.21655734096412063,0.22013427250715387,-0.1996434074400176,0.023992956196346026,-0.09068677085626238,-0.1531653092670042,-0.09020250935505172,-0.12069997798811358,0.0311996478098173,-0.04974466211754348,0.030477657935285053,0.056548536209553156,0.05285714285714286,0.03549196566145719,-0.02029275808936826,-0.12080783623156505,-0.05951353731014748,0.2580431432973806,0.11143517499449702,0.008767334360554699,0.019438696896324013,0.09225401716927141,0.09528945630640547,-0.2771670702179177,-0.27689852520360997,0.4062117543473476,-0.0027382786704820603,0.2058947831829188,0.0865067136253577,0.09202289236187541,0.29069557561082987,0.16574510235527184,0.05200088047545675,0.24144838212634823,0.2301848998459168,0.3824279110719789,0.379042482940788,-0.07895663658375522,-0.17257318952234207,-0.34443539511336124,-0.29842835130970724
#53,0.058529605987233106,-0.003370019810697777,-0.028826766453885096,-0.08898965441338323,0.05151441778560423,0.21141316310807837,-0.08800792427911072,0.3033634162447722,0.0451023552718468,-0.045075941008144396,0.035890380805635044,1.0,0.16357473035439138,-0.04668280871670702,-0.09084745762711864,-0.26557781201849,0.05355271846797271,-0.1515496368038741,-0.16400616332819723,-0.0911534228483381,-0.0028021131410961918,-0.09432753686990974,-0.07181377944089809,0.10563064054589479,-0.004657715166189742,0.05787145058331499,-0.3530882676645388,-0.07762271626678406,0.07965441338322694,0.07166629980189303,-0.11606867708562624,-0.03631741140215716,-0.09903367818622055,-0.02149900946511116,0.18235527184679726,0.049062293638564826,0.14314990094651112,0.27854061193044244,0.15492185780321374,-0.04452344265903588,0.3598855381906229,0.07418886198547216,0.2935351089588378,-0.11911071978868588,0.05064054589478318,0.1358463570327977,0.04560642747083425,0.011589258199427691,-0.15533127889060092,-0.2903874092009685,-0.07825885978428351,-0.20391811578252256,-0.10151441778560423,-0.3466035659255998,-0.061776359233986354,-0.10555359894342946,-0.024259300022011886,-0.08279771076381245,-0.16217477437816422,-0.1357142857142857,-0.006704820603125688,0.08107638124587277,-0.01259520140876073,-0.18199867928681487,-0.042656834690732996,-0.1383381025753907,-0.07573189522342065,-0.29471054369359456,-0.024287915474356152,0.07837552278230245,-0.0016178736517719569,-0.10250715386308606,0.27535108958837773,0.21493506493506492,0.18359674224081005,0.15582874752366277,0.10340523882896764,-0.007270526084085406,0.06856042262821924,-0.127211093990755,0.14474356152322254,0.324950473255558,-0.13416905128769535,0.27458727712965003,0.28875412722870347,0.12797930882676645,0.022575390710983932,0.25707462029495926,-0.01903808056350429,0.21538190622936385,0.07942989214175655,-0.02166629980189302,0.23741360334580675,0.16780981730134273,0.10344706141316311,-0.05360334580673564,-0.12955095751705922,-0.08038961038961039,-0.15862425709883338,0.09970063834470615,-0.12781421967862647,0.05045564604886639,-0.038445960818842176,-0.13876953554919658,-0.03050627338762932,-0.07558441558441559,-0.10854721549636803,0.09351089588377724,0.17150781421967862,0.18475236627779001,0.13142857142857142
#54,0.028133392031697117,0.20473255558001321,0.08548536209553159,0.08390270746202949,0.20013647369579574,0.3667752586396654,0.2732115342284834,0.21776799471714725,0.35449262601804976,0.15214395773717806,0.3388553819062294,0.16357473035439138,1.0,0.39248294078802554,-0.11825005502971604,-0.18387409200968524,0.04566365837552278,-0.009355051727933083,-0.07524543253356812,-0.2350297160466652,-0.22069337442218798,-0.27095751705921195,-0.2701959057891261,-0.2027030596522122,-0.20432093330398415,-0.15524763372220998,-0.032753686990975125,0.12402377283733217,0.16165749504732554,0.25905569007263923,0.22391811578252258,0.12126348228043143,0.019966982170372002,0.08483381025753907,0.10545454545454545,0.09806075280651552,-0.06451683909311028,-0.07158705701078583,-0.06489324235086948,-0.12564164648910411,0.292689852520361,-0.04258199427690953,-0.06403918115782523,-0.14581994276909532,0.027770195905789125,0.018296279991195246,0.13740479859123927,0.22745982830728592,-0.0922011886418666,-0.1445036319612591,-0.20742681047765793,-0.258630860664759,-0.08437816420867268,-0.1560576711424169,-0.2613141096191944,-0.2489588377723971,-0.253464670922298,-0.2100528285274048,-0.10975346687211093,-0.04476337222099934,-0.005835351089588377,-0.057347567686550735,0.19580453444860224,0.11280871670702179,0.01568567026194145,0.1568082764692934,0.32129650011005945,-0.017129650011005942,-0.01612590799031477,-0.08408980849658816,0.07404578472375083,-0.005421527624917455,-0.03565925599823905,0.19229583975346687,0.056324014968082765,-0.02606647589698437,0.09287255117763592,0.00978648470173894,0.3000528285274048,-0.0350099053488884,-0.1779572969403478,0.2962029495927801,0.15857142857142856,-0.06453664979088708,0.30003081664098613,0.1545146379044684,0.06894563064054589,0.3208254457407,-0.006834690732995818,0.2424389170151882,0.09551617873651772,0.261023552718468,0.2136583755227823,-0.10155183799251596,-0.1814968082764693,-0.03229583975346687,-0.3011138014527845,0.10713625357693154,-0.00833810257539071,-0.0787211093990755,0.07464891041162228,0.0840215716486903,0.13949592780101255,-0.019436495707682147,0.009705040721989874,-0.016867708562623818,0.04515738498789346,0.05321813779440898,0.04809156944750165,-0.011289896544133832,-0.062359674224081
#58,-0.0041272287034998896,0.15625137574290116,-0.06671362535769315,0.041963460268545014,0.2666079683028836,0.0286748844375963,0.3412194585075941,0.20784943869689632,0.26528945630640544,0.12163108078362316,0.06684569667620516,-0.04668280871670702,0.39248294078802554,1.0,-0.040774818401937044,-0.2510411622276029,0.14000220118864187,-0.1936451683909311,-0.008692493946731234,-0.14392692053709003,-0.3232709663218138,-0.49859344045784726,-0.24926700418225842,-0.15078582434514637,-0.266649790887079,-0.477376183138895,-0.08277790006603566,0.0287409200968523,-0.05561303103675985,0.14049526744441998,0.06983050847457627,0.04817521461589258,-0.015436935945410521,-0.003138895003301783,0.11710763812458727,0.2235857362976007,-0.1536847897864847,-0.05940788025533788,-0.2574356152322254,-0.313383226942549,0.04988333700198107,-0.16341844596081884,-0.19488003521901828,-0.03546775258639665,-0.2432291437376183,-0.12206031256878715,0.22799251595861766,0.10965001100594321,-0.03173233546114902,-0.07979308826766454,-0.07545454545454545,-0.16798811358133392,-0.14016949152542374,-0.12211754347347567,-0.4010829848117984,-0.3734206471494607,-0.1980629539951574,-0.09654853620955316,-0.02478318291877614,-0.1325049526744442,0.17454325335681267,0.21440898084965881,0.318630860664759,0.1722143957737178,-0.002392692053709003,0.16936385648250055,0.5365397314549857,0.42860004402377283,0.1593484481620075,0.08315650451243671,0.13201848998459167,0.04395773717807616,-0.002841734536649791,0.1618864186660797,0.006810477657935285,-0.030790226722430113,0.06756328417345367,0.05768434954875633,0.13848778340303763,-0.17293418445960818,-0.07269205370900286,0.08905569007263922,0.04737178076161127,0.18220338983050846,0.1560048426150121,0.3735549196566146,0.3837046004842615,-0.10060752806515519,-0.1667752586396654,0.12290556900726392,-0.0029055690072639223,0.23535549196566147,0.11202069117323354,-0.19023992956196345,-0.09494607087827427,-0.19716707021791768,-0.435016508914814,0.01670261941448382,-0.035971824785384104,-0.05353070658155404,0.047437816420867265,0.008318291877613912,0.18398415144177857,0.004701738939027074,0.00821483601144618,-0.034408980849658814,0.03720449042482941,0.22333039841514418,0.09084525643847678,-0.0019238388729914155,0.02429451904028175
#101,-0.5669953775038521,-0.16437376183138894,-0.3437310147479639,-0.22950253136693816,-0.28272066916134714,-0.3767202289236187,-0.1161237068016729,-0.3542725071538631,-0.03840854061193044,-0.17267224301122605,-0.10955976227162668,-0.09084745762711864,-0.11825005502971604,-0.040774818401937044,1.0,0.6493660576711424,-0.3778868589038081,-0.21251595861765354,0.689471714725952,0.5838102575390711,0.7193594541052168,0.5052124147039402,0.3654501430772617,0.00438036539731455,0.2901056570548096,0.1985956416464891,-0.24171032357473035,-0.5640611930442438,0.14364957076821483,0.3419436495707682,-0.29524763372220997,0.08974025974025975,-0.20491965661457187,0.03753686990975127,0.07666740039621396,0.18817081223860885,0.5142240810037421,0.2609817301342725,0.08370239929561964,0.27836451683909313,0.009916354831609069,0.199306625577812,0.35168831168831166,0.4198283072859344,-0.11938366718027735,0.16187541272287034,-0.23920096852300243,-0.45962139555359893,-0.24526964560862866,-0.3374664318732115,-0.2921483601144618,-0.3809200968523002,-0.3800264142637024,-0.11885538190622937,0.47828527404798593,0.5119832709663218,0.20341184239489324,0.2958793748624257,-0.22854941668500992,-0.37976667400396213,-0.16610829848117983,-0.3815078142196786,0.09738498789346246,0.0387937486242571,-0.4858705701078582,-0.25142416905128767,0.1326502311248074,0.24372220999339644,0.6133876293198327,0.32718247853841076,0.027380585516178738,-0.17406559542152764,0.26289456306405456,0.08779661016949153,0.4048316090688972,0.05168611049966982,0.05358133392031697,-0.3369601584855822,0.43813559322033896,0.34640766013647367,-0.12066916134712745,-0.036596962359674225,-0.1666850099053489,-0.2336583755227823,-0.13016949152542373,-0.33465331278890603,-0.3912722870349989,-0.07275148580233326,-0.15644287915474356,-0.3487145058331499,0.0487607307946291,-0.38352410301562845,-0.24480079242791108,-0.1548250055029716,-0.1896566145718688,-0.037193484481620076,0.3573453664979089,-0.623383226942549,-0.4489852520360995,-0.2392626018049747,-0.4006119304424389,-0.3930112260620735,0.030275148580233325,-0.41881135813339204,-0.24846136913933525,-0.2681135813339203,-0.3220757208892802,-0.1360774818401937,0.039359454105216816,-0.06614571868809158,-0.14484261501210655
#102,-0.3970151882016289,-0.1101518820162888,-0.06248734316530927,-0.3070151882016289,-0.2151683909311028,-0.1546401056570548,-0.19010125467752587,-0.35429451904028175,-0.18441558441558442,-0.14539511336121505,-0.0811402157164869,-0.26557781201849,-0.18387409200968524,-0.2510411622276029,0.6493660576711424,1.0,-0.25285714285714284,0.09779440898084966,0.592738278670482,0.56867928681488,0.3876359233986353,0.6802861545234427,0.19275148580233326,-0.06894563064054589,-0.024430992736077482,0.295676865507374,-0.1089060092449923,-0.3423530706581554,0.21883557120845257,0.10735417125247634,-0.04563944530046225,-0.06771076381245873,-0.08405018710103455,0.0875346687211094,-0.2384833810257539,-0.10030816640986133,0.25436715826546336,0.15596962359674224,0.08863966541932644,0.2634338542813119,-0.13816861104996697,0.2664472815320273,0.21238388729914154,0.3138344706141316,-0.2574950473255558,0.09177195685670261,-0.1805018710103456,-0.33186660796830286,-0.21479418886198548,-0.26631741140215714,-0.20390490865067137,-0.2628527404798591,-0.2951882016288796,0.09816640986132512,0.2880211314109619,0.6374620294959278,-0.06496147919876734,0.22279330838652872,-0.1603037640325776,-0.35105657054809597,-0.18070658155403918,-0.34246313009024876,-0.05168611049966982,0.06682588597842835,-0.23318071758749725,-0.14761611270085848,-0.11870570107858243,0.2279771076381246,0.503002421307506,0.4043187321153423,0.17863086066475897,-0.04924058991855602,0.1641118203830068,0.0538696896324015,0.15970724191063174,0.01961699317631521,0.03080563504292318,-0.19109178956636583,0.13381245872771297,0.5507660136473695,-0.04793308386528725,-0.19908650671362535,0.07967862645828748,-0.16745982830728592,-0.23426810477657936,-0.39543473475676866,-0.40661677305745103,-0.22376843495487564,-0.025954215276249176,-0.27200748404138236,-0.12948932423508694,-0.1765529385868369,-0.3655954215276249,-0.0812788906009245,-0.18793308386528726,0.0337508254457407,0.46854501430772616,-0.2771406559542153,-0.17484921857803215,-0.19440237728373322,-0.2208364516839093,-0.10497908870790226,-0.03955315870570108,-0.21262161567246313,-0.1738696896324015,-0.14254017169271407,-0.15150341184239488,-0.11336121505613031,-0.165313669381466,-0.1428351309707242,-0.1306735637244112
#201,0.3412238608848778,0.2399867928681488,0.7859057891261281,0.5106779661016949,0.24493286374642306,0.46547435615232224,0.3846467092229804,0.17529826106097293,0.05748624257098833,0.5586748844375963,0.1641800572309047,0.05355271846797271,0.04566365837552278,0.14000220118864187,-0.3778868589038081,-0.25285714285714284,1.0,0.4172969403477878,-0.1946995377503852,-0.3051353731014748,-0.32748624257098835,-0.13586396654193264,0.2256878714505833,0.216007043803654,-0.015342284833810258,-0.08233546114902048,0.37884437596302,0.2986000440237728,0.18964780981730134,-0.3890512876953555,0.34520360994937266,0.11154083204930662,0.6357825225621836,0.17423288575830947,-0.0859388069557561,-0.2736187541272287,-0.13202729473915914,-0.2871384547655734,0.18495267444419985,-0.06677966101694915,0.049975786924939467,-0.2183248954435395,0.03266123706801673,-0.33670041822584196,0.14082544574069997,0.06451463790446842,0.45306185340083643,0.3247985912392692,0.30286374642306846,0.2675280651551838,0.30476337222099936,0.3246136913933524,0.5564869029275809,0.4800088047545675,-0.013169711644287915,-0.413746423068457,-0.3301100594320933,-0.49836671802773497,-0.3335329077701959,0.07753026634382566,-0.3525203609949373,-0.13307285934404578,-0.48257318952234207,-0.38773497688751923,0.3960576711424169,0.37683689192163766,-0.3196544133832269,-0.21353510895883776,-0.23807836231565044,-0.22824125027514858,0.3521835791327317,0.4626172132951794,-0.40710323574730356,0.16370680167290336,-0.5824763372220999,-0.4400198106977768,-0.5545894783182919,-0.2594981289896544,0.1135130970724191,-0.1160576711424169,0.2977812018489985,0.20863746423068458,0.08753907109839314,0.3016068677085626,-0.10917235307065816,-0.09213515298261062,-0.020070438036539733,0.39434514637904466,0.05588597842835131,0.3684107418005723,-0.01832049306625578,-0.06375522782302444,0.14455866167730574,-0.2824235086946951,-0.21565485362095532,0.5602663438256659,-0.19443319392471936,0.7339577371780761,0.5615474356152322,0.4993880695575611,0.33045124367158263,0.673680387409201,0.10817081223860885,0.4579220779220779,0.5247633722209993,0.48793968743121285,0.6051837992515958,-0.2659784283513097,-0.46539731454985694,-0.36754347347567684,-0.24883997358573628
