,#10,#11,#12,#13,#17,#18,#26,#49,#50,#51,#52,#53,#54,#58,#101,#102,#201,#202,#301,#302,#401,#402,#501,#502,#601,#602,#701,#702,#801,#802,#901,#902,#1001,#1002,#1101,#1102,#1201,#1202,#1301,#1302,#1401,#1402,#1501,#1502,#1601,#1602,#1701,#1702,#1801,#1802,#1901,#1902,#2001,#2002,#2101,#2102,#2201,#2202,#2301,#2302,#2401,#2402,#2501,#2502,#2601,#2602,#2701,#2702,#2801,#2802,#2901,#2902,#3001,#3002,#3101,#3102,#3201,#3202,#3301,#3302,#3401,#3402,#3455,#3501,#3502,#3601,#3602,#3701,#3702,#3801,#3802,#3901,#3902,#4001,#4002,#4101,#4102,#4201,#4202,#4301,#4302,#4401,#4402,#4501,#4502,#4601,#4602,#4701,#4702,#4801,#4802
#10,1.0,0.12046224961479199,0.19621835791327316,0.3338410741800572,0.08756988773937927,-0.030651551837992515,0.1149570768214836,0.28154523442659035,0.1529782082324455,0.4991437376183139,0.33878494386968966,0.022491745542593,0.0004754567466431873,0.034455205811138014,0.11837112040501871,0.11947391591459389,0.18061193044243892,-0.05649570768214836,0.049205370900286156,0.19025974025974027,-0.03943649570768215,0.13344926260180498,0.038373321593660574,0.08371780761611271,-0.04478758529605987,0.12172353070658155,-0.12371560642747083,-0.0040237728373321595,-0.08362976007043804,0.041703720008804755,-0.11863086066475897,0.1609553158705701,-0.017116442879154745,-0.19024213075060534,0.04353951133612151,0.035654853620955315,-0.02643187321153423,0.0675941008144398,0.05862645828747524,0.20908870790226722,0.08982390490865066,0.1577459828307286,0.1447721769755668,-0.007801012546775258,-0.013171912832929782,0.05045124367158266,0.10977767994717147,0.02575610829848118,0.07091789566365837,-0.03894122826326216,-0.11904248294078802,-0.10314109619194364,0.028622055910191502,-0.01539291217257319,-0.16677966101694916,0.08432753686990975,-0.2141602465331279,-0.1564736957957297,0.00913713405238829,-0.020222320052828528,-0.2926392251815981,-0.19509795289456305,-0.008798151001540832,0.11543473475676866,-0.03951793968743121,0.07288795949812898,-0.014195465551397755,0.01881135813339203,0.09189962579793089,-0.011981069777679947,0.2103235747303544,0.09775478758529606,0.140759410081444,-0.015817741580453445,-0.13713405238828968,-0.08506713625357692,-0.3056306405458948,-0.23881135813339202,-0.011831388950033018,0.1865661457186881,-0.11713405238828968,0.0021549636803874094,-0.08691833590138674,-0.019328637464230684,0.15541052168170813,-0.2357803213735417,-0.19803433854281313,0.03308386528725512,0.356946951353731,0.14215276249174555,-0.09308386528725512,-0.3648382126348228,0.03277790006603566,-0.1477988113581334,-0.08408760730794629,-0.03394673123486683,0.18106537530266345,0.16245652652432313,0.2493814659916355,0.19329077701959058,-0.20562623816861106,-0.03650891481399956,0.08152762491745542,-0.053411842394893244,0.03381465991635483,0.08149460708782742,0.04030596522121946,-0.15298921417565486,-0.16195465551397756,-0.14438696896324016,-0.14044684129429894
#11,0.12046224961479199,1.0,0.26769095311468194,0.13007484041382347,-0.1909487123046445,-0.16935064935064936,0.08960158485582215,-0.09641866607968302,0.09786264582874753,0.2798459167950693,-0.04813779440898085,-0.37014307726172135,-0.14572529165749504,-0.09127668941228263,-0.07616993176315211,0.18480079242791106,0.19008364516839094,0.0762227602905569,-0.03312788906009245,-0.0008936825885978428,-0.0937442218798151,0.2803235747303544,0.2120779220779221,0.1858001320713185,-0.02683909311027955,0.135313669381466,0.10257318952234207,0.25305524983491084,-0.1603764032577592,-0.1588729914153643,-0.09774158045344486,-0.0025401716927140657,-0.09747963900506273,-0.10464891041162228,-0.2871846797270526,0.12790666960158487,-0.17940127668941228,-0.08776359233986353,-0.15837552278230244,0.08561303103675985,0.046018049746863306,-0.018771736737838433,-0.06952014087607308,-0.2031454985692274,0.04513757429011666,0.09288355712084526,0.25566145718688094,0.24779661016949153,0.03487563284173454,0.052392692053709,-0.021027955095751706,0.14438696896324016,0.04719128329297821,0.2613845476557341,-0.1022209993396434,0.11131631080783623,0.06332159366057671,-0.009484921857803214,-0.12188201628879596,-0.07170151882016289,-0.16340523882896765,-0.09276689412282632,-0.11143297380585516,-0.08411402157164868,0.37121065375302664,0.11305084745762711,-0.13199207572088928,0.026832489544353952,0.04534228483381026,-0.025166189742460928,0.23152102135152983,0.24587497248514198,-0.12423288575830949,-0.011763152102135153,-0.1042460928901607,0.13162227602905568,0.050442438917015185,0.07812238608848779,-0.29117103235747305,-0.008318291877613912,-0.16597402597402597,-0.13268104776579354,-0.0964010565705481,-0.039440898084965884,-0.04676645388509795,-0.19774158045344487,-0.06806295399515738,0.10411842394893242,-0.08411402157164868,-0.13368038740920096,0.017565485362095533,-0.0685097952894563,0.0836187541272287,-0.012130750605326876,-0.1268743121285494,-0.060127668941228264,0.09733436055469953,0.24935725291657496,0.1834008364516839,0.25314769975786927,-0.03167510455646049,-0.02457627118644068,0.08643187321153423,0.16092670041822585,-0.0698877393792648,-0.003226942548976447,-0.0912062513757429,0.07250055029716046,0.028549416685009904,-0.18642967202289237,-0.10888179616993177
#12,0.19621835791327316,0.26769095311468194,1.0,0.23887519260400616,0.05243451463790447,0.35269865727492844,0.3381443979749065,0.06456746643187321,-0.17166409861325116,0.25532907770195906,0.015848558221439577,0.013039841514417786,0.17809597182478537,0.22919216376843496,-0.05584415584415584,0.027750385208012325,0.4094430992736077,0.43347567686550736,-0.370924499229584,-0.19650671362535768,-0.2275676865507374,0.36853180717587497,0.5195839753466872,0.48959938366718025,-0.21924279110719788,0.3762139555359894,-0.17049306625577812,0.43050407219898745,0.059139335241030155,0.038784943869689635,0.19155844155844157,-0.14265903587937487,0.4855161787365177,-0.16075280651551838,-0.4069865727492846,-0.04002421307506053,-0.44722650231124805,-0.18747083425049527,-0.4624763372220999,-0.20472375082544575,0.03580013207131851,-0.0713119084305525,-0.24194364957076822,-0.10021791767554479,0.11103675985031917,0.18933083865287256,0.27950473255558,0.3636011446180938,-0.06285053929121726,0.182920977327757,0.1907770195905789,0.4968280871670702,0.26589478318291876,0.3013845476557341,0.018932423508694694,0.21131410961919436,-0.2536495707682148,-0.018859784283513096,-0.2394783182918776,0.034345146379044685,-0.34541712524763374,-0.22517059211974466,-0.2450693374422188,-0.142557781201849,0.023086066475896984,0.1570261941448382,0.17231785163988553,0.15141976667400397,-0.030783623156504514,-0.18473035439137134,0.4913911512216597,0.32130090248734317,0.2480563504292318,0.1972573189522342,-0.3107153863086066,-0.0387607307946291,-0.10935725291657496,-0.03679506933744222,0.1963680387409201,0.34041162227602906,0.10727492846136914,0.19879594981289897,0.17195245432533568,0.07442879154743562,0.18965881576051066,-0.39550737398195024,-0.31110499669821706,0.2262095531587057,0.3265045124367158,0.029751265683469072,0.039088707902267227,-0.11283292978208233,-0.13915254237288135,-0.20204710543693594,-0.30864626898525205,0.3367642526964561,-0.0374818401937046,0.4075676865507374,0.48195465551397754,0.3623112480739599,0.2286088487783403,0.4661963460268545,0.3273277569887739,0.5006691613471275,0.27245432533568126,0.2914395773717808,0.06975786924939467,-0.1598943429451904,-0.38852960598723313,-0.10941888619854721,-0.11905789126128109
#13,0.3338410741800572,0.13007484041382347,0.23887519260400616,1.0,0.2386088487783403,-0.008232445520581114,0.1344508034338543,-0.012597402597402597,-0.030094651111600264,0.4605546995377504,0.10977327756988774,0.03948712304644508,-0.027068016729033677,0.09613911512216597,0.021371340523882898,0.2334800792427911,0.24494386968963242,0.2770592119744662,0.08138234646709223,0.16727272727272727,-0.2918908210433634,0.004072198987453225,0.2610961919436496,-0.05455205811138015,-0.025910191503411843,0.03706361435174994,-0.08988333700198108,-0.11386528725511777,-0.09035879374862425,-0.14825445740699977,0.03025313669381466,0.05451023552718468,0.1882390490865067,-0.07704820603125688,-0.061263482280431436,0.21341844596081885,0.06826106097292538,0.337145058331499,0.09580013207131852,0.08646709222980409,-0.16624036979969184,0.004780981730134273,0.17950253136693814,0.10074840413823465,0.21921197446621177,0.15745102355271848,0.007334360554699538,0.09022011886418665,-0.04846136913933524,-0.05368699097512657,0.07869909751265683,0.01110279550957517,0.20352630420427031,0.03448382126348228,-0.07818401937046005,0.05491965661457187,-0.3850011005943209,-0.39921857803213734,0.06595641646489105,-0.052962799911952456,-0.10102575390710984,-0.04116883116883117,0.06619634602685451,-0.026718027734976887,0.01896103896103896,0.011708122386088487,0.03192163768434955,-0.02941668500990535,0.10786264582874752,0.057640325775918995,0.22458727712965001,0.1066585956416465,-0.10229583975346687,-0.09435835351089589,-0.3382060312568787,-0.323317191283293,-0.2812656834690733,-0.1942923178516399,0.038985252036099496,0.19668721109399076,-0.02324455205811138,-0.030294959278010125,0.041100594320933305,-0.0017983711204050186,0.19776799471714726,0.09108958837772398,-0.10913273167510455,0.046938146599163545,-0.029049086506713624,0.05237068016729034,-0.01310807836231565,-0.10044023772837332,-0.04280871670702179,0.041193044243891704,-0.12942769095311468,0.20299581774158046,0.05381465991635483,0.29683248954435393,0.11804974686330619,0.17618093770636142,-0.07240369799691834,0.17048426150121065,0.2625974025974026,0.18492185780321374,0.2758551617873652,0.17037860444640104,-0.0057252916574950475,0.022322254017169273,-0.27578472375082547,0.01898745322474136,-0.07295619634602686
#17,0.08756988773937927,-0.1909487123046445,0.05243451463790447,0.2386088487783403,1.0,0.3130508474576271,0.07250055029716046,0.026935945410521682,-0.1320757208892802,0.1501584855822144,0.1662491745542593,0.2841866607968303,0.20034118423948932,0.1712194585075941,0.16484261501210654,0.007479639005062734,0.11735197006383447,0.09465771516618975,-0.1379484921857803,0.07893462469733656,-0.10261281091789566,-0.25111600264142636,0.06072639225181598,-0.09417565485362095,0.018379925159586176,0.26237288135593223,-0.2326040061633282,-0.20882236407660137,-0.034877834030376406,0.204653312788906,0.1806867708562624,-0.23479418886198547,0.37994497028395335,-0.1519568567026194,-0.05767774598283073,-0.0524851419766674,0.13327977107638125,0.2649438696896324,6.163328197226502e-05,0.11156724631300903,-0.15208672683248955,-0.012619414483821263,0.1463878494386969,0.4094144838212635,0.1563218137794409,0.2972551177635923,-0.1265925599823905,0.004836011446180938,0.0039049086506713626,0.1394871230464451,0.007638124587277129,-0.025513977547875853,0.07280211314109619,-0.11704600484261501,-0.049385868368919214,-0.054499229583975344,-0.20956636583755228,0.021353731014747964,0.04267224301122606,0.14237508254457407,-0.11410741800572309,-0.10353510895883777,0.20600704380365398,0.1760246533127889,-0.4296588157605107,-0.09058551617873652,0.2373893902707462,0.008855381906229363,0.02385428131190843,0.011430772617213295,0.014213075060532687,-0.30394012766894124,0.09683689192163769,-0.05190402817521462,-0.12528505392912173,0.04503191723530706,-0.3311160026414264,-0.1400528285274048,0.4240854061193044,0.18896984371560643,0.1441272287034999,0.3682610609729254,0.07426810477657936,0.2712348668280872,0.4938718908210434,0.021514417785604225,-0.20997798811358134,-0.07615452344265904,0.1681267884657715,0.2356746643187321,0.316814880035219,0.1110213515298261,0.2075610829848118,-0.19443539511336122,-0.15075500770416025,0.18716266784063396,-0.26689852520360996,0.26419766674003964,0.1191833590138675,0.12348888399735858,0.2158925819942769,0.2140810037420207,0.049282412502751484,0.2827426810477658,0.35382566585956415,0.26139555359894345,0.2191019150341184,-0.06049746863306185,0.026907329958177417,-0.1378846577151662,-0.22177195685670262
#18,-0.030651551837992515,-0.16935064935064936,0.35269865727492844,-0.008232445520581114,0.3130508474576271,1.0,0.2385956416464891,0.0786880915694475,-0.28323354611490204,0.08487343165309268,-0.05153642967202289,0.5388861985472155,0.6336165529385869,0.24419766674003962,0.039429892141756545,-0.16177856042262823,0.15815760510675764,0.42405899185560203,-0.26453224741360337,-0.18036759850319173,-0.15617873651771957,-0.09511996478098173,0.12774378164208672,0.22504512436715826,-0.24073079462909971,0.09442218798151002,-0.21171032357473035,-0.007224301122606207,0.514851419766674,0.2687541272287035,0.5467312348668281,-0.27672463130090247,0.5092670041822585,0.16613471274488223,-0.31210653753026635,-0.04871010345586617,-0.10185560202509356,0.057255117763592336,-0.2515034118423949,-0.1933039841514418,-0.06466872110939907,0.07062073519700639,0.12818622055910192,0.48689192163768436,0.07709883337001981,0.04836011446180938,0.08172132951793969,0.2274356152322254,0.17294959278010125,0.24969403477878055,0.08850979528945631,0.3375654853620955,0.017382786704820602,-0.038113581333920316,0.08089808496588158,-0.07735197006383447,-0.2957605106757649,0.0021417565485362094,-0.15569227382786704,0.20065375302663438,-0.4476337222099934,-0.33842174774378164,0.08597842835130971,0.11482280431432974,-0.305544794188862,-0.11079242791107198,0.6002025093550517,0.23119744662117545,0.03717807616112701,-0.17909751265683468,0.16861765353290778,0.0873893902707462,0.11427690953114682,0.21009024873431653,-0.147310147479639,-0.1066255778120185,-0.3822232005282853,-0.14596742240810037,0.4317345366497909,0.2918335901386749,0.5678450363196126,0.5409553158705701,0.4443847677745983,0.5209068897204491,0.3999691833590139,-0.3038388729914154,-0.3645432533568127,0.03890380805635043,0.25821703720008804,0.03022011886418666,0.2271516618974246,-0.08741140215716486,-0.1317345366497909,-0.3022121945850759,-0.32010785824345145,0.25389390270746204,-0.24182258419546554,0.29531366938146597,0.13471274488223642,0.19251815980629539,0.2894849218578032,0.7361677305745102,0.16946951353731016,0.2663284173453665,0.170792427911072,0.2803565925599824,0.1571208452564385,-0.3717213295179397,-0.17204710543693594,-0.17984591679506934,-0.22899405679066695
#26,0.1149570768214836,0.08960158485582215,0.3381443979749065,0.1344508034338543,0.07250055029716046,0.2385956416464891,1.0,0.1904358353510896,0.17065595421527624,0.2238895003301783,0.17416244772176975,-0.05352850539291217,-0.05234206471494607,0.21158045344486023,0.09548536209553159,-0.10066035659255998,0.13531146819282414,0.06184899845916795,-0.14051067576491305,-0.12044464010565706,-0.08088928021131411,0.14191503411842396,0.1422077922077922,0.3793220338983051,-0.1311204050187101,0.27180057230904686,-0.3002245212414704,0.01033017829627999,-0.07197886858903808,-0.13317411402157164,-0.004987893462469734,-0.04372881355932203,0.2110015408320493,0.1499867928681488,-0.16983491085186,-0.14491305304864627,-0.3111402157164869,0.02937046004842615,-0.13270746202949593,0.015524983491085186,-0.11773717807616113,-0.18991635483160907,-0.14616112700858463,-0.040268545014307724,-0.12077041602465331,0.05738498789346247,0.04328637464230685,0.10232005282852741,-0.06196346026854502,-0.11153202729473916,-0.0912920977327757,0.07442438917015189,0.09569007263922519,0.2572639225181598,-0.20776579352850538,-0.005064935064935065,-0.10840193704600484,-0.01603345806735637,0.06280871670702179,0.12935725291657496,-0.11068236847897865,-0.07454325335681268,-0.044708342504952675,0.09574950473255558,-0.15981289896544135,-0.12057891261281092,0.09746643187321154,0.27937046004842614,0.13041382346467092,-0.03641646489104116,0.38937266123706804,0.024994497028395332,0.2389786484701739,0.14466872110939907,-0.18535549196566145,-0.18836011446180936,-0.021490204710543692,-0.013548316090688971,0.06697116442879154,0.09362976007043804,-0.025731895223420648,0.25681267884657716,-0.047977107638124586,-0.015694475016508915,0.09677305745102355,-0.11749064494827206,-0.19191503411842395,0.06672022892361876,0.1350231124807396,-0.0025687871450583316,-0.015593220338983051,-0.047849438696896326,-0.01137574290116663,-0.059685230024213075,-0.05587717367378384,0.0863680387409201,-0.11948932423508694,0.26495267444419984,0.22557340964120626,0.24608188421747743,0.24476117103235748,0.0401518820162888,0.21172573189522342,0.13596081884217479,0.12618534008364518,0.321023552718468,0.25204050187101035,0.11831388950033017,-0.09080783623156505,-0.06470394012766895,0.004545454545454545
#49,0.28154523442659035,-0.09641866607968302,0.06456746643187321,-0.012597402597402597,0.026935945410521682,0.0786880915694475,0.1904358353510896,1.0,0.3098195025313669,0.11049526744441998,0.19347127448822365,0.33401276689412285,0.05352410301562844,0.08857803213735417,0.18356152322254018,-0.003706801672903368,0.08655513977547875,-0.42242350869469514,0.10910851860004403,0.28994276909531147,0.21064714946070878,0.2332753686990975,-0.010028615452344266,0.15905569007263923,-0.2948888399735857,0.15708122386088488,-0.1610279550957517,-0.03454105216817081,0.013720008804754567,0.038010125467752585,-0.23086726832489543,0.009777679947171472,-0.159933964340744,0.1543627558881796,0.028776139115122164,-0.2233942328857583,-0.2220030816640986,-0.07120845256438477,-0.062086726832489544,0.14166409861325116,-0.13851199647809817,-0.013270966321813779,0.06709443099273608,0.03963240149680828,-0.02607528065155184,-0.14155403918115783,-0.06379264802993617,0.00524323134492626,0.09559542152762492,0.07329738058551617,-0.07920977327756988,-0.027992515958617653,-0.026095091349328636,0.09165969623596742,0.14488223640766013,0.17104556460488665,-0.3628197226502311,-0.0476007043803654,-0.31022892361875415,-0.20921417565485362,-0.07825225621835791,-0.12421967862645829,0.11145498569227383,-0.040107858243451464,-0.07932863746423069,-0.11939247193484481,-0.0019018269865727492,0.20943429451904028,0.22865947611710324,0.13068897204490426,0.09034778780541493,-0.006828087167070218,0.2756812678846577,0.1559850319172353,0.05188861985472155,-0.09986352630420427,-0.23968523002421308,-0.30764252696456085,-0.04571648690292758,-0.05670702179176756,-0.12056350429231785,0.3450451243671583,-0.16614131631080784,0.03692053709002861,0.06902707462029496,-0.04103455866167731,-0.3713889500330178,-0.10287475236627779,0.08403257759189962,0.043480079242791105,0.02478318291877614,-0.45036539731454983,0.061708122386088485,-0.3951221659696236,-0.2547875852960599,-0.2697270526084085,-0.1097094430992736,-0.17466431873211535,0.1256372441118204,-0.29844155844155845,-0.14369359454105216,-0.1002377283733216,-0.23752366277790007,-0.2552982610609729,-0.2734470614131631,-0.07129870129870129,0.11725291657495047,-0.10789346246973365,-0.03305084745762712,-0.45563944530046224,-0.37631961259079905
#50,0.1529782082324455,0.09786264582874753,-0.17166409861325116,-0.030094651111600264,-0.1320757208892802,-0.28323354611490204,0.17065595421527624,0.3098195025313669,1.0,0.039126128109178954,0.3286418666079683,-0.23975126568346908,-0.2386748844375963,-0.15409200968523,0.19797930882676645,0.022555580013207132,0.012982610609729254,-0.28549856922738276,0.25062953995157383,0.12574290116662998,0.1766696015848558,0.1851221659696236,-0.2577107638124587,-0.04092670041822584,0.0742130750605327,-0.02072198987453225,-0.14287915474356153,-0.2437640325775919,-0.24239489324235086,-0.0787607307946291,-0.4086484701738939,0.16917015188201628,-0.19841514417785605,0.19178296279991194,0.12659696235967421,-0.16513757429011666,-0.056933744221879815,0.0789918556020251,0.12444419986792868,0.26031256878714504,0.01284833810257539,-0.050942108738718905,-0.27149680827646927,-0.23656174334140437,-0.23271846797270526,-0.3169909751265683,-0.08825005502971604,-0.17699317631521022,-0.11259300022011887,-0.28197226502311246,-0.3045806735637244,-0.2762579793088268,-0.17756328417345366,0.0885824345146379,-0.13971164428791547,0.05489324235086947,0.00826106097292538,0.06206031256878714,-0.1211666299801893,-0.32508474576271185,0.02546995377503852,0.09712084525643848,0.057662337662337665,-0.015580013207131852,0.11144618093770636,0.258465771516619,-0.20353731014747964,0.1085890380805635,0.20059652212194584,0.2119898745322474,0.07883557120845257,0.15807175874972484,0.15720889280211314,0.06285053929121726,0.12464010565705481,0.12911292097732777,0.09228703499889941,0.09305745102355271,-0.24836891921637685,-0.17758969843715605,-0.3497468633061853,0.0460378604446401,-0.2689786484701739,-0.316205150781422,-0.2610521681708122,-0.04945630640545895,-0.019231785163988553,-0.1505877173673784,-0.1250891481399956,-0.1607704160246533,-0.22356812678846577,-0.27018930222320053,-0.16158485582214396,-0.013433854281311908,0.03718908210433634,-0.1741646489104116,0.18627999119524544,-0.10589258199427691,-0.11191283292978209,-0.07588817961699318,-0.10667620515078143,-0.5110763812458727,-0.008080563504292319,-0.1408298481179837,-0.15565265243231344,-0.03968523002421308,0.1002707462029496,0.0914439797490645,-0.013288575830948713,-0.135808936825886,-0.060138674884437596
#51,0.4991437376183139,0.2798459167950693,0.25532907770195906,0.4605546995377504,0.1501584855822144,0.08487343165309268,0.2238895003301783,0.11049526744441998,0.039126128109178954,1.0,0.1706713625357693,-0.019198767334360555,-0.027004182258419548,0.19941448382126348,0.09373541712524763,0.07335901386748844,0.32736737838432756,0.1857935285053929,0.01099933964340744,0.08414263702399295,-0.21290556900726393,0.030321373541712524,0.22518159806295399,0.08969843715606428,0.04687651331719128,0.09445740699977988,0.0473827867048206,0.09918776139115122,-0.12441118203830068,-0.0015914593880695575,-0.039784283513097075,0.16768214836011447,0.1200132071318512,-0.07643407440017609,-0.09610829848117984,0.06832489544353951,-0.2029341844596082,0.09325335681267885,-0.018073959938366718,0.1172705260840854,-0.1391217257318952,-0.004681928241250275,0.043748624257098835,0.08484041382346467,0.22491525423728814,0.18015408320493068,0.17464230684569668,0.2508232445520581,0.14950033017829628,0.03930442438917015,0.08306845696676206,0.1378120184899846,0.12651331719128328,-0.07299361655293858,-0.009762271626678407,-0.07734096412062513,-0.2628725511776359,-0.38290336781862205,0.03903367818622056,0.16741800572309046,-0.3075060532687651,-0.3861038961038961,0.04411402157164869,0.008065155183799251,-0.018899405679066696,0.05789126128109179,-0.022962799911952454,0.06330618534008364,-0.08575390710983931,-0.04031036759850319,0.1742593000220119,0.09483601144618094,-0.08707462029495928,-0.08654633502091129,-0.28998239049086505,-0.2755293858683689,-0.3538432753686991,-0.26295179396874313,0.09184239489324235,0.11767774598283073,-0.11057230904688532,0.08143517499449703,-0.11639445300462249,-0.038613251155624036,0.16885538190622937,-0.18936605767114242,-0.25882236407660136,0.07149900946511116,0.3072705260840854,0.13428791547435615,-0.01488663878494387,-0.22180497468633062,0.16549416685009904,-0.10693374422187982,-0.17390050627338763,-0.003229143737618314,0.10279330838652873,0.4098899405679067,0.3918930222320053,0.41982610609729254,-0.07703279771076381,0.0884899845916795,0.17430112260620736,0.19911512216596963,0.2110939907550077,0.2251089588377724,0.06947391591459388,-0.048115782522562184,-0.30776139115122164,-0.14553378824565266,-0.2735329077701959
#52,0.33878494386968966,-0.04813779440898085,0.015848558221439577,0.10977327756988774,0.1662491745542593,-0.05153642967202289,0.17416244772176975,0.19347127448822365,0.3286418666079683,0.1706713625357693,1.0,-0.016009244992295838,-0.03506493506493506,0.141534228483381,0.08507373981950253,0.0414373761831389,0.0061281091789566365,-0.06568787145058332,0.10340083645168391,0.20477657935285054,-0.017684349548756327,0.09479418886198547,-0.15794849218578033,0.11403257759189962,-0.02220559101915034,0.20312348668280872,-0.23720228923618755,0.0262227602905569,-0.16084305524983492,0.15096632181377945,-0.05865287255117763,0.02913053048646269,0.1265925599823905,-0.028454765573409643,0.20871890821043362,-0.1314769975786925,0.061138014527845036,0.2249570768214836,-0.015987233105877175,0.33483821263482283,-0.0012216596962359675,0.12966982170372002,-0.004554259300022012,0.05449702839533348,-0.08392471934844817,-0.033207131851199646,-0.017657935285053928,-0.022179176755447942,-0.03267444419986793,-0.0771054369359454,-0.180528285274048,-0.19057230904688532,-0.2197622716266784,-0.05912612810917896,-0.3938564825005503,-0.002447721769755668,-0.26612810917895663,0.0363350209112921,-0.06847017389390271,-0.09836011446180938,-0.14362976007043804,-0.17030816640986132,0.21317631521021352,0.16638564825005503,-0.1368280871670702,0.1900528285274048,0.11500110059432093,0.18713625357693153,0.051027955095751705,0.18687211093990755,-0.09255337882456527,-0.21290997138454765,0.23684789786484703,0.018646268985252037,0.002993616552938587,0.008597842835130971,-0.2084239489324235,-0.2445938806955756,0.024805194805194806,0.2923816861104997,-0.22097072419106317,-0.022496147919876735,-0.10212414703940127,-0.030079242791107196,0.18579572969403477,-0.09604006163328198,-0.14694475016508915,-0.05358353510895884,0.08783182918776139,-0.13428131190843054,-0.12846797270526084,-0.18357473035439137,-0.08436935945410522,-0.13036099493726613,0.013686990975126568,-0.15747963900506273,0.24250055029716047,0.031650891481399955,0.06735197006383448,0.10790887079022672,-0.0849966982170372,-0.05820162887959498,0.2057362976007044,0.15540391811578252,-0.005676865507373982,0.14135373101474796,0.032810917895663656,-0.23080783623156503,-0.2127933083865287,-0.1432027294739159,-0.08708122386088488
#53,0.022491745542593,-0.37014307726172135,0.013039841514417786,0.03948712304644508,0.2841866607968303,0.5388861985472155,-0.05352850539291217,0.33401276689412285,-0.23975126568346908,-0.019198767334360555,-0.016009244992295838,1.0,0.6068170812238609,0.2544375963020031,0.09524763372221,-0.04106977767994717,-0.08252696456086286,0.13845036319612591,-0.11591019150341184,0.08513097072419107,-0.1473695795729694,-0.24421527624917455,-0.21187981510015408,-0.04280871670702179,-0.4158177415804534,-0.016044464010565706,-0.27707021791767555,-0.11366277790006604,0.46528285274047987,0.35056350429231786,0.45257318952234205,-0.3499405679066696,0.199306625577812,0.10761171032357474,0.034430992736077484,-0.048868589038080563,0.12338102575390711,0.2055183799251596,-0.11868589038080564,-0.033460268545014306,-0.013462469733656173,0.12034558661677305,0.2506647589698437,0.5055844155844156,0.019632401496808276,0.06902047105436936,-0.11010785824345147,0.0059740259740259745,0.28082764692934187,0.20120184899845917,-0.08731234866828087,0.031171032357473035,-0.30942989214175654,-0.2926942548976447,-0.05266123706801673,-0.08012987012987013,-0.40662557781201847,-0.09504732555580013,-0.3109993396434074,-0.02694254897644728,-0.22491745542593,-0.18213735417125249,0.34098613251155624,0.1315034118423949,-0.3398877393792648,-0.04988333700198107,0.5853378824565265,0.17018489984591678,0.07850319172353071,-0.07669821703720009,-0.16453224741360334,-0.08172573189522342,0.04655513977547876,0.22867268324895443,0.019522342064714947,-0.10581333920316971,-0.4124389170151882,-0.26654853620955316,0.36105216817081226,0.2863746423068457,0.47499449702839536,0.37829627999119525,0.33416024653312787,0.39472375082544575,0.5172529165749504,0.11550957517059211,-0.1463020030816641,-0.15363416244772177,0.25204490424829407,-0.01215496368038741,0.22198987453224742,-0.019738058551617872,-0.054296720228923616,-0.17363416244772176,-0.24202509355051727,0.03812678846577151,-0.1491041162227603,-0.17886198547215496,0.028192824125027514,-0.034481620074840416,-0.041864406779661016,0.40947391591459387,-0.04118423948932424,-0.03153642967202289,-0.02920096852300242,0.11594981289896544,-0.03083204930662558,-0.39235747303543916,-0.04316751045564605,-0.15927360774818403,-0.20258859784283514
#54,0.0004754567466431873,-0.14572529165749504,0.17809597182478537,-0.027068016729033677,0.20034118423948932,0.6336165529385869,-0.05234206471494607,0.05352410301562844,-0.2386748844375963,-0.027004182258419548,-0.03506493506493506,0.6068170812238609,1.0,0.07340523882896764,-0.1035791327316751,-0.06933744221879815,-0.08083865287255118,0.4143385428131191,-0.26771956856702617,-0.1950957517059212,-0.20299581774158046,-0.22956856702619413,-0.10971604666519921,0.023981950253136694,-0.2534602685450143,-0.04825445740699978,-0.21892141756548536,0.11656394453004623,0.7844662117543474,0.281831388950033,0.738151001540832,-0.23098393132291437,0.331765353290777,0.13576931543033238,-0.29239489324235085,0.10637244111820383,-0.0702047105436936,0.043598943429451906,-0.28045124367158264,-0.04981289896544134,0.06968743121285494,0.0031807175874972483,0.15041382346467091,0.34436495707682147,0.02146819282412503,0.1087475236627779,0.2518534008364517,0.3048382126348228,0.19812018489984592,0.22256658595641646,-0.0909949372661237,0.12430772617213295,-0.15280871670702179,-0.19419766674003963,-0.05339203169711644,-0.11408980849658816,-0.17847677745982832,-0.09741140215716487,-0.14457627118644067,0.1833414043583535,-0.35436715826546333,-0.24710983931322913,0.17980409421087387,0.017790006603565927,-0.21458507594100815,0.0672705260840854,0.804224081003742,0.10808936825885979,-0.03927140655954215,-0.2159520140876073,-0.18440017609509135,0.07425269645608629,-0.0913053048646269,0.06801452784503632,-0.18758309487123045,-0.16928241250275147,-0.2805789126128109,-0.12461809377063614,0.3987409200968523,0.389537750385208,0.7767752586396655,0.45611270085846356,0.7591745542593,0.3649614791987673,0.3629980189302223,-0.23687651331719128,-0.18404138234646708,-0.04844596081884218,0.11321593660576712,-0.3259982390490865,0.25443319392471936,-0.05917675544794189,-0.03924279110719789,-0.20495927801012548,-0.2940347787805415,0.18500550297160467,-0.037475236627779,-0.026024653312788908,0.12421967862645829,-0.018159806295399514,0.04083865287255118,0.6602377283733216,0.026456086286594762,0.13096632181377943,-0.055014307726172135,0.08714285714285715,-0.1756174334140436,-0.5417389390270746,-0.11414043583535109,-0.08385868368919216,-0.1633348007924279
#58,0.034455205811138014,-0.09127668941228263,0.22919216376843496,0.09613911512216597,0.1712194585075941,0.24419766674003962,0.21158045344486023,0.08857803213735417,-0.15409200968523,0.19941448382126348,0.141534228483381,0.2544375963020031,0.07340523882896764,1.0,-0.07810917895663658,-0.21439357252916574,0.061344926260180496,-0.034695135373101475,-0.2368236847897865,0.2243957737178076,-0.424719348448162,-0.08034118423948933,0.09046004842615012,0.19109399075500771,-0.2941646489104116,0.11741360334580674,-0.16367378384327536,-0.0011776359233986353,-0.08246973365617434,0.3412238608848778,-0.02926700418225842,0.024241690512876952,0.1648117983711204,-0.2870217917675545,0.03310807836231565,0.09767114241690512,-0.06465331278890601,0.07443099273607748,-0.3016949152542373,-0.15522342064714947,-0.018106977767994716,0.18415584415584416,0.12318732115342285,0.2386616773057451,0.17631961259079904,0.17919436495707683,-0.0016244772176975566,0.1405723090468853,0.2595465551397755,0.2648404138234647,0.3104600484261501,0.24462469733656175,-0.023986352630420427,-0.2270592119744662,-0.13256878714505832,-0.17455425930002202,-0.3310807836231565,-0.030838652872551178,0.07610169491525423,0.2022672243011226,0.031190843055249835,-0.07596742240810038,0.3774510235527185,0.4174224081003742,-0.3950297160466652,0.04077041602465331,0.19082544574069998,0.2768368919216377,-0.14741800572309047,0.12761171032357474,-0.021754347347567687,-0.18921857803213735,0.030314769975786925,-0.04022011886418666,-0.0714109619194365,-0.10207792207792207,-0.22508034338542812,-0.18182038300682368,-0.01734536649790887,0.20176315210213516,-0.002661237068016729,0.06793968743121286,0.018450363196125908,0.10094210873871891,0.25018710103455866,0.1736979969183359,-0.06698437156064274,-0.09619854721549637,0.32501871010345584,0.22952894563064055,-0.06211754347347568,0.12705040721989874,0.028003521901826988,-0.016330618534008363,-0.08542813119084305,-0.13665859564164648,-0.020631741140215716,0.17551617873651773,-0.00042703059652212196,0.3500836451683909,0.09641646489104116,0.04025974025974026,0.1674488223640766,0.08512656834690734,0.045850759410081446,0.14275588817961699,0.03917235307065815,0.03738058551617874,-0.27574290116663,-0.011021351529826105,-0.09791767554479419
#101,0.11837112040501871,-0.07616993176315211,-0.05584415584415584,0.021371340523882898,0.16484261501210654,0.039429892141756545,0.09548536209553159,0.18356152322254018,0.19797930882676645,0.09373541712524763,0.08507373981950253,0.09524763372221,-0.1035791327316751,-0.07810917895663658,1.0,0.008276469293418446,0.30442659035879377,-0.1789654413383227,0.524241690512877,0.03841514417785604,0.5658133392031697,-0.06045344486022452,0.07373541712524763,0.08493506493506493,0.036511116002641425,-0.15052388289676424,-0.2335659255998239,-0.37539071098393134,-0.0588663878494387,0.22942108738718908,-0.2943253356812679,-0.06717587497248514,0.007360774818401937,0.1835527184679727,0.191666299801893,-0.04013647369579573,0.22887519260400616,0.08884877834030376,0.026187541272287035,-0.0027558881796169933,0.30916354831609066,0.3349306625577812,-0.11742681047765793,0.2310939907550077,-0.08729253797050407,-0.13783843275368698,-0.40838212634822807,-0.3369293418445961,-0.2550341184239489,-0.14259300022011887,-0.19808936825885978,-0.13376843495487564,0.079966982170372,-0.016271186440677966,0.19388729914153643,0.0852740479859124,0.03437376183138895,-0.1964010565705481,-0.13025974025974027,-0.037285934404578475,-0.23276469293418445,-0.40874532247413603,-0.19464450803433855,-0.1427426810477658,-0.23973145498569226,-0.307012987012987,-0.17152542372881355,-0.13131410961919437,0.2348580233325996,-0.18461809377063615,0.12941888619854722,-0.17675324675324675,0.151798371120405,-0.12670922298040943,-0.17864626898525204,-0.21395773717807617,-0.2829738058551618,-0.3602069117323355,0.31801232665639445,-0.1475148580233326,-0.18845916795069337,0.13019590578912613,-0.21547435615232224,-0.04545234426590359,-0.015602025093550517,-0.27046445080343384,-0.19824345146379044,-0.012060312568787144,0.1172044904248294,0.266682808716707,-0.31890380805635044,-0.10966541932643628,-0.1911468192824125,-0.11916795069337442,0.13812458727712965,-0.08338983050847458,-0.2781950253136694,0.02453664979088708,0.030248734316530926,-0.006500110059432094,-0.012225401716927141,-0.09073739819502531,0.04891041162227603,-0.033799251595861765,0.12333259960378605,0.05555800132071319,0.3137816420867268,-0.1386022452124147,-0.05185560202509355,-0.14241030156284393,0.011712524763372222
#102,0.11947391591459389,0.18480079242791106,0.027750385208012325,0.2334800792427911,0.007479639005062734,-0.16177856042262823,-0.10066035659255998,-0.003706801672903368,0.022555580013207132,0.07335901386748844,0.0414373761831389,-0.04106977767994717,-0.06933744221879815,-0.21439357252916574,0.008276469293418446,1.0,-0.12049746863306185,0.23532247413603347,0.047977107638124586,0.2088994056790667,-0.09649570768214837,0.36464230684569665,0.0038388729914153644,-0.04565485362095532,0.061476997578692495,0.23420647149460708,-0.3530728593440458,-0.23746423068456968,-0.13763812458727712,-0.013215936605767115,0.026409861325115563,-0.09157164869029276,0.005516178736517719,0.06874972485141977,0.0660642747083425,0.3299581774158045,0.1618578032137354,0.36742460928901605,0.0727624917455426,0.17769535549196566,-0.04585956416464891,-0.022533568126788465,-0.18042042703059652,0.09204490424829408,-0.06149900946511116,0.20405679066696017,-0.10911952454325335,-0.15240369799691833,-0.28547435615232225,-0.024695135373101473,-0.1368567026194145,-0.11972044904248294,-0.1461897424609289,-0.08470173893902708,-0.23692714065595422,0.17074840413823464,-0.11152322254017169,0.047908870790226724,-0.1495509575170592,-0.27755888179616994,-0.12145058331499009,-0.04925379705040722,-0.08074840413823464,-0.07818181818181819,0.06074400176095091,0.15678846577151662,-0.028789346246973366,-0.2623948932423509,0.5166189742460929,0.29700418225841957,0.2594254897644728,0.19655073739819504,0.27958837772397094,-0.2167576491305305,0.1287607307946291,0.1101716927140656,-0.11998239049086507,-0.10842835130970724,-0.06950473255558001,0.2217917675544794,-0.14520360994937268,-0.1662359674224081,-0.05418445960818842,-0.13763592339863526,0.097211093990755,0.01329077701959058,0.058582434514637904,0.029645608628659476,-0.10254897644728153,-0.37482280431432974,-0.06513977547875853,-0.1338300682368479,-0.01853841074180057,0.09821263482280432,-0.02851419766674004,0.12839313229143737,0.1619700638344706,-0.08031036759850319,-0.08044464010565705,-0.05635042923178516,-0.1948778340303764,0.01028615452344266,-0.01800792427911072,0.1943627558881796,0.1762557781201849,0.13819722650231125,0.019601584855822144,-0.1938895003301783,-0.10229143737618314,-0.09891701518820163,-0.07656174334140436
#201,0.18061193044243892,0.19008364516839094,0.4094430992736077,0.24494386968963242,0.11735197006383447,0.15815760510675764,0.13531146819282414,0.08655513977547875,0.012982610609729254,0.32736737838432756,0.0061281091789566365,-0.08252696456086286,-0.08083865287255118,0.061344926260180496,0.30442659035879377,-0.12049746863306185,1.0,0.09108298481179837,0.12848117983711205,-0.08191943649570768,0.16589258199427692,0.17615892581994277,0.5647061413163108,0.10773057451023553,0.1830332379484922,0.14016508914814,0.11961479198767334,0.06836451683909311,-0.16633061853400835,-0.04583755227823024,-0.2712656834690733,0.10130970724191063,0.09602905569007264,-0.037182478538410745,-0.24544794188861985,0.034327536869909754,-0.1561237068016729,-0.09817961699317632,0.05733436055469954,0.026784063394232886,0.1541536429672023,1.100594320933304e-05,-0.07938806955756109,-0.15058111380145278,0.14531807175874972,-0.07536649790887079,-0.021943649570768217,0.0611534228483381,-0.010209112920977328,-0.21195025313669383,0.07385208012326656,0.04350649350649351,0.26852960598723313,0.32793308386528724,0.21108518600044024,0.2823728813559322,-0.017807616112700857,-0.268745322474136,-0.11649130530486462,-0.10102135152982611,-0.34701738939027077,-0.3272088928021131,-0.22734316530926701,-0.10156504512436716,0.11296500110059432,-0.30618093770636146,-0.20914593880695576,0.07825445740699978,-0.045111160026414264,-0.1702377283733216,0.37473695795729695,0.16893682588597844,0.1812788906009245,0.24007043803653974,-0.14392031697116442,-0.011168831168831168,-0.09440457847237509,-0.1580761611270086,0.2033017829627999,0.08491965661457188,-0.17000440237728373,-0.049368258859784284,-0.2158221439577372,0.10017389390270746,0.032703059652212194,-0.39265243231344926,-0.3383579132731675,0.11202509355051728,0.12973145498569227,0.4341272287034999,0.015549196566145718,-0.2567246313009025,-0.0949240589918556,-0.3310279550957517,-0.17550957517059212,0.11800792427911072,-0.010975126568346908,0.3680849658815761,0.36248954435395114,0.2864869029275809,0.14192604006163329,0.1344750165089148,0.3478648470173894,0.07185780321373542,0.08887519260400617,-0.031230464450803432,0.13874312128549415,-0.10245432533568127,-0.07075280651551838,-0.1932115342284834,-0.14410301562843936
