,#10,#11,#12,#13,#17,#18,#26,#49,#50,#51,#52,#53,#54,#58,#101,#102,#201,#202,#301,#302,#401,#402,#501,#502,#601,#602,#701,#702,#801,#802,#901,#902,#1001,#1002,#1101,#1102,#1201,#1202,#1301,#1302,#1401,#1402,#1501,#1502,#1601,#1602,#1701,#1702,#1801,#1802,#1901,#1902,#2001,#2002,#2101,#2102,#2201,#2202,#2301,#2302,#2401,#2402,#2501,#2502,#2601,#2602,#2701,#2702,#2801,#2802,#2901,#2902,#3001,#3002,#3101,#3102,#3201,#3202,#3301,#3302,#3401,#3402,#3455,#3501,#3502,#3601,#3602,#3701,#3702,#3801,#3802,#3901,#3902,#4001,#4002,#4101,#4102,#4201,#4202,#4301,#4302,#4401,#4402,#4501,#4502,#4601,#4602,#4701,#4702,#4801,#4802
#10,1.0,0.22546995377503853,0.3304930662557781,0.5070217917675545,0.12501210653753025,0.19338322694254897,0.0900594320933304,0.6162953995157385,0.1663086066475897,0.5054809597182478,0.01299141536429672,0.09041162227602906,0.0067466431873211535,-0.0598084965881576,-0.038423948932423506,-0.11453664979088708,0.4818996257979309,0.24983491085186,-0.14254237288135593,-0.11572749284613691,-0.1517741580453445,-0.16996918335901387,0.09553158705701079,-0.1450297160466652,0.13987012987012987,0.008073959938366718,-0.025784723750825446,-0.25574290116662995,0.19481399955976228,0.06430772617213296,0.14321373541712526,0.03735417125247634,0.3613713405238829,0.2642394893242351,0.17643847677745983,-0.06159366057671142,-0.12527404798591238,-0.0573035439137134,0.0885956416464891,0.07714946070878274,0.25681928241250274,-0.14400396213955535,-0.03699097512656835,0.05596522121945851,-0.03168170812238609,-0.18047105436935945,-0.0920757208892802,-0.1530068236847898,0.09801452784503632,-0.10536429672022893,-0.15659035879374864,-0.18828307285934404,0.05094871230464451,0.2141800572309047,-0.057116442879154745,0.23378604446401058,0.029997798811358133,-0.2781267884657715,0.08766453885097952,0.01853180717587497,0.21611490204710543,0.18289456306405458,-0.08421527624917455,-0.09637904468412943,0.012507153863086066,-0.09117763592339863,0.020807836231565045,-0.10708342504952674,-0.0071934844816200745,0.05695795729694035,0.16749284613691393,0.2432225401716927,-0.0773959938366718,0.059621395553598945,-0.3333854281311908,-0.34839313229143737,-0.06332599603786045,-0.14331719128329298,-0.04376843495487563,0.00023552718467972705,0.26666740039621395,0.14962579793088268,0.2736385648250055,-0.029326436275588817,-0.12093330398415145,0.033885097952894565,0.1746665199207572,0.22865727492846136,0.02798811358133392,0.3280585516178737,0.1340545894783183,0.013026634382566587,0.13524763372221,0.08648250055029716,0.17538850979528944,0.1407572088928021,0.011904028175214616,0.25491745542593003,0.31179837112040504,0.04166850099053489,0.215181598062954,0.08813779440898085,0.15788906009244993,0.2268897204490425,0.30581774158045344,0.32099933964340743,0.3121813779440898,0.046238168611049964,0.1011798371120405,0.06437156064274709,0.17751045564604886
#11,0.22546995377503853,1.0,-0.19682808716707023,0.13798151001540832,0.2410543693594541,-0.19989874532247415,0.13144177856042263,0.23478098173013429,0.1340810037420207,0.19727272727272727,0.1724785384107418,-0.048690292758089365,0.061476997578692495,-0.03026634382566586,0.41156944750165086,0.41042262821923836,-0.039491525423728815,-0.22551837992515958,0.29162667840633943,0.44676645388509795,-0.09092009685230024,0.05372661237068017,0.07133392031697117,-0.10617433414043584,-0.058782742681047766,0.351732335461149,-0.3205789126128109,-0.1735395113361215,0.20964780981730136,0.16535108958837771,-0.09934844816200748,-0.28172353070658157,0.07675985031917236,0.06791327316751046,0.07042923178516398,-0.22788685890380805,0.23710983931322915,0.2934624697336562,0.053801452784503635,0.04859123926920537,0.1566894122826326,0.022579793088267665,-0.09311468192824125,0.3990402817521462,-0.21627999119524544,-0.12060532687651332,-0.21367598503191723,-0.27776799471714725,-0.1882720669161347,-0.22090468853180717,-0.12654193264362756,-0.30282192383887296,-0.09215716486902928,-0.2780211314109619,-0.09965881576051068,-0.02949372661237068,-0.1876865507373982,0.032714065595421525,-0.0861699317631521,-0.40680607528065155,-0.16443319392471936,-0.19089808496588156,0.3026920537090029,0.1362557781201849,-0.2525599823904909,-0.05583535108958838,-0.038038740920096854,-0.04263482280431433,0.3342857142857143,0.3478516398855382,0.0899537750385208,-0.027224301122606206,0.0701584855822144,-0.17940347787805416,-0.014928461369139336,-0.330099053488884,-0.1896566145718688,-0.4460202509355052,-0.11308606647589699,0.14826766453885099,-0.09193044243891701,-0.16581774158045345,-0.0437904468412943,0.05208892802113141,-0.1339951573849879,-0.02478318291877614,-0.15036759850319173,-0.05188201628879595,-0.01840854061193044,-0.11340523882896764,0.02210213515298261,-0.15922518159806295,-0.2147457627118644,0.0374818401937046,0.08277349768875193,-0.28272507153863086,0.12613251155624036,-0.42639885538190625,-0.2578582434514638,-0.17563504292317852,-0.3771186440677966,-0.14599383667180277,-0.12116222760290557,-0.3298217037200088,-0.11981289896544134,-0.0987145058331499,-0.117640325775919,-0.2732159366057671,-0.029319832709663218,0.03335020911292098,0.032885758309487124
#12,0.3304930662557781,-0.19682808716707023,1.0,0.47159806295399515,0.19649570768214836,0.4187321153422848,0.04510675764913053,0.3255425930002201,0.09523002421307505,0.45086726832489543,0.10200528285274048,0.05032357473035439,0.07841734536649791,0.0598415144177856,-0.1324389170151882,-0.3056504512436716,0.6321373541712525,0.6480145278450363,-0.30879815100154084,-0.3299581774158045,0.1744684129429892,-0.1529451904028175,0.10370680167290337,-0.04324014968082765,0.09961038961038961,-0.21674664318732115,0.05519480519480519,-0.13075280651551838,0.039751265683469074,-0.20570107858243453,0.16808716707021792,0.1747479639005063,0.2631058771736738,0.15743121285494166,0.004941668500990535,0.02343825665859564,-0.02189302223200528,-0.02827206691613471,0.058542813119084304,-0.025166189742460928,-0.10950473255558002,-0.13307285934404578,-0.12299141536429672,-0.3864076601364737,-0.09480739599383667,-0.127475236627779,-0.013735417125247633,-0.019722650231124808,0.08054369359454105,-0.036907329958177415,-0.06206031256878714,-0.07976227162667841,0.10582874752366278,0.32,0.28710103455866165,0.17371560642747083,0.09224301122606207,-0.26854501430772615,0.02210873871890821,0.11008144397974906,0.19790006603565927,0.07799471714725952,-0.09723310587717367,-0.09956196346026855,0.1576799471714726,0.3353951133612151,-0.051003742020691176,-0.10330838652872551,-0.06769755668060753,0.04071978868589038,0.20624477217697557,0.24633061853400837,0.05717587497248514,0.37263262161567245,0.05342504952674444,0.16176975566806076,0.22269205370900286,0.30428131190843055,0.01676205150781422,-0.31293198327096633,0.13152102135152982,0.07055249834910853,0.14506053268765134,0.06111820383006824,0.082656834690733,0.15633722209993398,0.1881796169931763,0.21797930882676644,0.15456526524323133,0.1809883337001981,-0.1962491745542593,0.18435395113361214,0.11269645608628659,0.03747963900506274,-0.03885758309487123,0.5940237728373322,0.2635879374862426,0.5099691833590139,0.4437398195025314,0.23934624697336562,0.32788685890380803,0.4467290336781862,0.1585428131190843,0.41082984811798373,0.37459828307285936,0.2682852740479859,0.24430332379484923,0.2653709002861545,-0.06706801672903367,-0.11937266123706802,-0.1038961038961039
#13,0.5070217917675545,0.13798151001540832,0.47159806295399515,1.0,0.0827823024433194,0.11484041382346467,0.14971164428791547,0.4734668721109399,0.1656240369799692,0.5274069997798811,0.02103675985031917,0.04494166850099054,0.01301782962799912,0.22329738058551618,0.13269865727492847,0.04669821703720009,0.500066035659256,0.2650385208012327,0.03377283733215937,0.03502531366938147,0.14599603786044463,0.03559322033898305,0.15478318291877613,-0.10252916574950473,0.251930442438917,0.10652432313449263,0.027712965001100594,-0.08844155844155845,0.0713647369579573,0.04606647589698437,-0.020715386308606646,0.13547655734096412,0.23324675324675326,0.30053048646268987,0.03918335901386749,-0.018419546555139776,-0.0047369579572969405,0.059977988113581335,0.10857362976007044,0.04456966762051508,-0.04674884437596302,0.03168390931102796,-0.11651992075720889,-0.1488399735857363,-0.09805194805194806,-0.1946401056570548,-0.17204930662557782,-0.1301188641866608,0.14233766233766235,-0.03463570327977108,0.0236913933524103,0.018445960818842175,0.0611600264142637,0.3381884217477438,0.3170988333700198,0.19470394012766895,0.03494607087827427,-0.14513757429011667,-0.11824125027514858,-0.14996257979308827,-0.016473695795729694,-0.09009465111160027,0.0688928021131411,-0.07779000660356593,0.007737178076161127,0.08642086726832489,0.08716707021791767,0.06605326876513318,0.11484041382346467,0.0561699317631521,0.13085406119304424,0.024915254237288135,0.01883116883116883,0.03833370019810698,-0.0576139115122166,-0.09178736517719568,-0.046506713625357694,-0.06590358793748624,0.052425709883337,0.010801232665639445,0.07146819282412503,-0.12531587057010785,0.12688091569447502,0.00637244111820383,-0.1236913933524103,-0.04086726832489544,-0.11092670041822585,-0.0712458727712965,0.0374818401937046,-0.05118203830068237,-0.0785428131190843,-0.07621835791327317,-0.020898084965881577,-0.19265903587937486,-0.1282588597842835,0.16344265903587937,0.16214175654853621,0.13627118644067795,0.28562623816861105,-0.00512656834690733,0.1465397314549857,0.012722870349988993,0.12280651551837993,0.15600924499229585,0.25819062293638567,0.14506053268765134,0.21790666960158486,-0.01571208452564385,0.14954655513977547,-0.19029936165529385,-0.1629385868368919
#17,0.12501210653753025,0.2410543693594541,0.19649570768214836,0.0827823024433194,1.0,0.11278890600924499,-0.09020030816640986,0.15942769095311468,0.0475016508914814,-0.04981069777679947,0.12257539071098393,0.31683689192163766,0.3025775918996258,-0.056869909751265685,0.0031939247193484483,0.117574290116663,0.12845916795069337,0.25847677745982833,0.11073079462909971,0.16010785824345147,-0.2738102575390711,-0.28566365837552277,0.029828307285934403,0.15077041602465333,-0.2329583975346687,0.11558441558441558,-0.05854061193044244,0.0758529605987233,-0.014758969843715606,-0.13641426370239929,0.11093550517279331,-0.07633722209993396,0.030572309046885317,0.1418996257979309,0.2768236847897865,-0.1904930662557781,0.26797930882676646,0.3425511776359234,-0.10697116442879155,-0.15139995597622716,0.19827646929341844,0.10706801672903368,-0.07209112920977327,-0.07215056130310367,0.13992515958617655,0.06032577591899626,0.08587497248514198,0.08570768214836011,-0.06621395553598944,-0.039887739379264806,0.05541272287034999,-0.016447281532027295,0.003508694695135373,-0.19862645828747524,-0.20656394453004623,0.1364208672683249,-0.2738300682368479,-0.08154523442659035,0.018148800352190183,-0.2266784063394233,-0.2768412942989214,-0.18220999339643407,0.09314329738058552,0.19390710983931322,-0.07817961699317631,0.24056350429231785,-0.3101276689412283,-0.37884437596302,0.18085186000440237,0.21885097952894564,-0.01991635483160907,-0.06733876293198326,-0.09989434294519041,0.13153863086066475,-0.0017279330838652872,-0.14010785824345146,-0.2744486022452124,-0.27039181157825226,-0.1035395113361215,-0.040341184239489326,0.06656614571868809,0.024486022452124147,-0.06715386308606648,0.5096302003081664,0.32223640766013645,-0.12833590138674886,-0.11293198327096632,0.3062755888179617,-0.05225181598062954,0.282392692053709,0.09564164648910412,0.11176975566806076,0.1311798371120405,-0.019689632401496807,-0.13570548095971824,0.06634382566585957,0.2191943649570768,-0.009473915914593881,-0.03324895443539511,-0.04186220559101915,-0.2693792648029936,0.35743121285494167,0.12785604226282193,-0.14587497248514197,-0.17170592119744663,-0.13861325115562403,-0.3513251155624037,-0.24754127228703499,-0.2542835130970724,-0.030268545014307726,-0.112920977327757
#18,0.19338322694254897,-0.19989874532247415,0.4187321153422848,0.11484041382346467,0.11278890600924499,1.0,-0.02807175874972485,0.064719348448162,0.04084525643847678,0.08633942328857583,-0.14873211534228484,0.49143297380585516,0.24604666519920756,0.07496588157605107,-0.22087607307946291,-0.3471384547655734,0.2587937486242571,0.2590622936385648,-0.3057296940347788,-0.3283138895003302,0.1800462249614792,-0.2202707462029496,0.0042989214175654855,0.03302663438256659,0.05845476557340964,-0.276418666079683,0.056037860444640104,-0.15418886198547216,0.044254897644728154,-0.21423728813559323,0.35449262601804976,0.15283292978208232,0.15889060092449922,-0.029566365837552278,0.19989654413383226,0.1842725071538631,-0.01348448162007484,-0.03922738278670482,-0.058465771516618976,-0.04913053048646269,-0.24791107197886858,-0.19252036099493727,0.17462469733656175,-0.3109949372661237,-0.1363284173453665,0.12229583975346688,0.013235747303543913,-0.002487343165309267,0.1384965881576051,-0.13881576051067576,-0.03885097952894563,0.14633942328857583,0.04843935725291657,0.10222980409421087,0.12437816420867269,-0.0810543693594541,0.08539071098393132,-0.16857362976007043,0.14913933524103015,0.08556900726392251,0.23699977988113582,0.17819942769095312,-0.22848558221439577,-0.17211093990755008,-0.026579352850539292,0.11032137354171252,0.07573189522342065,-0.08143077261721329,-0.232458727712965,0.04271626678406339,-0.007376183138895004,0.04171692714065595,-0.15174774378164207,0.0641008144397975,0.0339753466872111,0.0760378604446401,0.22603565925599825,0.33370900286154526,-0.02934404578472375,-0.3170900286154523,0.5644904248294079,-0.003603345806735637,0.40155403918115784,-0.08874312128549416,-0.041617873651771956,0.12640986132511556,0.13363416244772178,0.13615452344265905,-0.001785163988553819,0.18683028835571208,0.11990534888839974,0.2634734756768655,0.23906009244992296,0.053669381465991636,0.11606207351970063,0.31912612810917895,-0.07345586616773057,0.29530926700418225,0.30423508694695134,0.036414263702399294,0.27914153642967204,0.16611270085846358,0.082458727712965,0.26396434074400177,0.16521901826986574,0.1315166189742461,0.09965881576051068,0.20884217477437816,-0.14714505833149902,-0.056784063394232885,0.07382126348228044
#26,0.0900594320933304,0.13144177856042263,0.04510675764913053,0.14971164428791547,-0.09020030816640986,-0.02807175874972485,1.0,0.30020691173233544,0.38784283513097073,0.2315628439357253,0.41771516618974247,-0.12397974906449483,0.1825379705040722,0.6335219018269865,0.43276029055690074,0.14056130310367598,0.028181818181818183,0.047873651771956856,0.17125467752586396,0.16121505613031037,0.14534668721109398,-0.12241690512876953,-0.043742020691173236,-0.05158045344486022,-0.023110279550957517,-0.06341844596081884,-0.48074180057230903,-0.22076601364736959,0.19273387629319833,0.1443165309267004,0.017213295179396876,-0.08080563504292318,-0.2597116442879155,-0.12437156064274708,-0.009597182478538411,0.21172573189522342,0.1889654413383227,0.12103235747303544,-0.019236187541272286,0.008914813999559762,-0.28704380365397314,-0.002953995157384988,0.05143517499449703,0.16560422628219237,0.03449042482940788,0.036486902927580896,-0.4791745542593,-0.3140721989874532,-0.3034448602245212,-0.27226942548976446,-0.24742460928901608,-0.11750385208012326,-0.29209553158705703,0.10502531366938146,-0.0573035439137134,0.16164869029275808,-0.03565925599823905,0.02741140215716487,-0.36667400396213956,-0.15697996918335902,-0.13092449922958396,-0.18995597622716268,0.4870988333700198,0.18055029716046664,-0.04472375082544574,-0.02740479859123927,0.3599273607748184,0.3756152322254017,0.3981532027294739,0.34291437376183137,0.470561303103676,0.33581774158045347,0.4146335020911292,0.1061369139335241,0.21224521241470393,0.20822143957737177,-0.12914593880695577,-0.18316090688972045,0.3221747743781642,0.10566585956416465,-0.06835351089588378,-0.17913053048646269,-0.0022254017169271406,0.059115122165969626,0.12670482060312568,-0.20238388729914153,-0.3120427030596522,-0.3986088487783403,0.07977767994717147,-0.1280475456746643,0.010847457627118645,-0.232458727712965,-0.12278010125467753,-0.3957495047325556,-0.20711864406779662,-0.01226502311248074,0.20768214836011445,-0.17948932423508696,-0.2242967202289236,-0.16428351309707243,-0.18256878714505834,0.08318511996478098,0.10879594981289896,-0.31040061633281973,-0.21270746202949592,-0.28851199647809816,-0.22868589038080564,-0.1390248734316531,0.1603896103896104,-0.27222320052828525,-0.17913053048646269
#49,0.6162953995157385,0.23478098173013429,0.3255425930002201,0.4734668721109399,0.15942769095311468,0.064719348448162,0.30020691173233544,1.0,0.4890644948272067,0.6056130310367599,0.37077481840193705,-0.03989214175654854,0.18032577591899626,0.2606537530266344,0.18727933083865286,0.07542813119084306,0.3469425489764473,0.15296279991195244,0.12857142857142856,0.1472969403477878,-0.06102795509575171,-0.12853400836451684,-0.018322694254897645,-0.1597292537970504,0.02188861985472155,0.04282852740479859,-0.195313669381466,-0.09813339203169712,0.27714285714285714,0.12251815980629539,-0.1041206251375743,0.006381245872771297,0.1936781862205591,0.1353532907770196,0.08959498128989654,0.018694695135373102,-0.04234206471494607,0.19356812678846577,0.001650891481399956,-0.01355051727933084,0.1363614351749945,0.054703940127668944,-0.06576271186440678,0.10092890160686771,-0.13688091569447502,-0.16971164428791546,-0.29361215056130313,-0.22764252696456086,-0.0448316090688972,-0.19383226942548976,-0.23671142416905128,-0.22123486682808716,0.12044464010565706,0.003273167510455646,-0.1212788906009245,0.17315650451243672,-0.10122826326216157,-0.2533942328857583,-0.12860664758969845,-0.22855381906229363,-0.04270746202949593,-0.027820823244552057,0.19705480959718247,0.09485141976667401,0.06684789786484702,0.011195245432533567,0.10611490204710544,-0.09046665199207572,0.32704600484261503,0.23215716486902926,0.41574950473255556,0.1810543693594541,0.1752674444199868,0.08694034778780542,-0.1762557781201849,-0.14235527184679728,-0.25201188641866606,-0.29306185340083646,-0.01980409421087387,0.16625797930882677,0.10184459608188422,0.24331278890600924,0.24585075941008144,-0.01568567026194145,0.12790887079022673,0.03152762491745543,-0.020081443979749064,0.09795949812898966,-0.03744001760950914,0.1558529605987233,0.1227426810477658,-0.057732775698877394,-0.10370019810697777,-0.0901254677525864,-0.04612590799031477,0.13337001981069777,0.11627118644067796,0.06950693374422189,0.12677305745102355,-0.01927360774818402,-0.014109619194364957,0.10321813779440898,-0.030994937266123707,0.019744662117543475,0.18269205370900285,0.14056570548095973,0.09838872991415365,-0.08574069997798811,0.2513933524103016,-0.11348888399735857,-0.03611270085846357
#50,0.1663086066475897,0.1340810037420207,0.09523002421307505,0.1656240369799692,0.0475016508914814,0.04084525643847678,0.38784283513097073,0.4890644948272067,1.0,0.459636803874092,0.19110279550957518,-0.07609289016068677,0.08571648690292757,0.4045146379044684,0.2931653092670042,0.14237068016729035,0.09346907329958178,-0.06832489544353951,0.268646268985252,0.20903147699757868,-0.13853841074180057,-0.18923618754127228,-0.1430508474576271,-0.044019370460048425,-0.1315738498789346,0.10472815320272948,-0.3678098173013427,-0.12262821923838874,0.07668721109399075,0.0735461149020471,-0.15095751705921198,-0.07355491965661458,-0.051188641866607966,-0.17798811358133393,0.059966982170372,0.09163328197226503,0.18293858683689193,0.1908892802113141,-0.0534998899405679,-0.0006779661016949153,0.17162447721769755,-0.04327977107638124,-0.0041184239489324235,0.19476117103235746,-0.0787277129650011,0.021926040061633283,-0.2935395113361215,-0.1637904468412943,-0.18877173673783842,-0.17299581774158046,-0.25952014087607306,-0.17773057451023552,-0.026656394453004623,-0.22111820383006825,-0.11978208232445521,0.019991195245432535,-0.2556174334140436,-0.13712304644508033,-0.07572749284613692,-0.21922077922077923,-0.22657054809597182,-0.19718688091569447,0.21180937706361436,0.16030156284393574,-0.02768434954875633,0.03730134272507154,0.3259057891261281,0.2046599163548316,0.3786880915694475,0.18762931983270967,0.3270394012766894,0.03902047105436936,0.3202443319392472,0.1736913933524103,-0.06195245432533568,-0.0017829627999119523,-0.20340964120625138,-0.20571208452564385,-0.10572529165749504,0.11873871890821043,-0.031111600264142638,-0.02282852740479859,0.14540171692714066,-0.06251595861765354,0.047376183138895,-0.10175434734756769,-0.13117763592339862,-0.1548382126348228,-0.03991635483160907,-0.10209993396434075,-0.0062227602905569005,0.019128329297820823,-0.08075941008144398,-0.14333259960378605,-0.06839533348007924,0.026198547215496366,0.018815760510675766,-0.13369359454105217,-0.1572375082544574,-0.24527184679727052,-0.21254897644728155,-0.14847897864847018,-0.08200308166409861,-0.14655293858683688,-0.07729914153642967,-0.1593462469733656,-0.16165969623596743,-0.22379925159586175,-0.037924279110719786,-0.13227823024433194,-0.12376623376623376
#51,0.5054809597182478,0.19727272727272727,0.45086726832489543,0.5274069997798811,-0.04981069777679947,0.08633942328857583,0.2315628439357253,0.6056130310367599,0.459636803874092,1.0,0.11427470834250496,-0.14421747743781643,0.06718908210433634,0.2327624917455426,0.12111160026414264,-0.19032577591899627,0.5005965221219458,0.222128549416685,-0.02762491745542593,-0.1290116662998019,0.10950913493286375,-0.06364736957957297,0.04537970504072199,-0.11167730574510236,0.08407219898745323,0.0373233546114902,-0.026909531146819283,-0.25956636583755227,0.1932687651331719,0.015001100594320933,-0.21603565925599824,-0.09632181377944089,0.21550517279330839,0.16845696676205152,0.01825445740699978,-0.004494827206691613,-0.12299581774158046,-0.04918776139115122,0.19919656614571868,0.016189742460928903,0.13905348888399735,-0.14745322474136033,-0.17804094210873872,-0.09740699977988114,-0.25279330838652875,-0.13801672903367818,-0.039205370900286154,-0.0840479859123927,0.04470614131631081,-0.05695355491965661,-0.02346467092229804,-0.04927801012546775,0.1359982390490865,0.1632093330398415,0.2104028175214616,0.10866387849438697,0.045340083645168394,-0.3420228923618754,-0.029132731675104558,-0.045725291657495046,0.07977547875852961,0.10964780981730134,0.1629936165529386,0.10656394453004622,0.08987233105877174,0.03316971164428791,0.23421747743781643,0.06839973585736298,0.15015628439357254,0.08961479198767335,0.27847457627118644,0.158135593220339,0.12920757208892802,0.21553158705701078,-0.1689390270746203,-0.06134272507153863,0.005668060752806516,0.00688531807175875,0.06414043583535109,-0.02506053268765133,0.027682148360114463,0.15068236847897865,0.10103235747303543,-0.09711424169051287,-0.02275808936825886,-0.0686352630420427,0.0925974025974026,0.05665419326436275,0.07513537310147479,0.10513537310147479,-0.17339643407440017,0.02601584855822144,-0.05532027294739159,-0.029969183359013867,-0.016174334140435835,0.17886198547215496,0.19770416024653312,0.17865947611710323,0.17245432533568128,0.16179837112040502,0.1618137794408981,0.04250055029716047,0.10907329958177416,0.17113581333920316,0.24803433854281312,0.17399955976227163,0.2563988553819062,0.14371560642747083,0.12108298481179837,-0.05569007263922518,-0.007462029495927801
#52,0.01299141536429672,0.1724785384107418,0.10200528285274048,0.02103675985031917,0.12257539071098393,-0.14873211534228484,0.41771516618974247,0.37077481840193705,0.19110279550957518,0.11427470834250496,1.0,-0.18402597402597404,0.1253598943429452,0.4422430112260621,0.21144177856042262,0.22313889500330178,0.15570988333700198,0.04461369139335241,0.04546555139775479,0.248201628879595,0.02942108738718908,-0.046064274708342505,-0.13738498789346246,-0.12647809817301342,-0.18620515078142197,-0.06943209333039842,-0.2820250935505173,0.09470173893902707,0.28061633281972265,0.051016949152542374,-0.06953995157384987,-0.1274488223640766,-0.12421307506053268,-0.07055910191503412,0.06583975346687211,0.0587673343605547,0.11477217697556681,0.21527184679727052,-0.03684129429892142,-0.07418225841954655,-0.10611930442438917,-0.05200088047545675,-0.12200088047545675,0.023713405238828967,0.07222540171692714,0.04556240369799692,-0.2969689632401497,-0.2158331499009465,-0.14943869689632402,-0.09310807836231565,-0.11024213075060532,-0.26032137354171253,-0.058065155183799254,-0.11414483821263482,-0.08082544574069998,0.1833744221879815,-0.12078802553378824,-0.05882456526524323,-0.12963240149680827,-0.2769117323354611,-0.1932489544353951,-0.21239489324235086,0.45214615892581994,0.278745322474136,-0.014006163328197227,0.2694232885758309,0.17815100154083205,-0.10063174114021571,0.42420206911732333,0.3212590799031477,0.5148624257098834,0.3756020250935505,0.46689852520360997,0.22403037640325776,0.127739379264803,0.06262381686110499,-0.26409861325115563,-0.3207065815540392,0.03754347347567687,0.1024125027514858,-0.0861104996698217,-0.08018049746863307,0.15387189082104336,0.11202509355051728,0.3498745322474136,-0.12373981950253136,-0.24453885097952893,0.019108518600044023,-0.021377944089808497,0.01846136913933524,-0.1717477437816421,-0.12455425930002201,-0.18830288355712085,-0.13109399075500772,-0.15033458067356373,-0.031041162227602906,0.1465661457186881,-0.1332819722650231,-0.10357252916574951,-0.044272507153863085,-0.3013735417125248,0.1777591899625798,0.04051067576491305,-0.12734976887519261,-0.15370680167290338,-0.16845916795069338,-0.2289588377723971,-0.3060510675764913,0.04271626678406339,-0.07402377283733216,-0.07926260180497469
#53,0.09041162227602906,-0.048690292758089365,0.05032357473035439,0.04494166850099054,0.31683689192163766,0.49143297380585516,-0.12397974906449483,-0.03989214175654854,-0.07609289016068677,-0.14421747743781643,-0.18402597402597404,1.0,0.34059652212194585,-0.12836231565045125,-0.1565639445300462,-0.09488883997358574,0.09226942548976447,0.26044904248294076,-0.07127008584635704,-0.13858463570327978,-0.0961831388950033,-0.06427030596522122,0.0750099053488884,0.13930442438917015,0.03433193924719349,-0.08216596962359675,0.15494166850099053,0.0727294739159146,-0.046581554039181156,-0.14233766233766235,0.34723310587717365,0.1339621395553599,0.2489192163768435,0.1133546114902047,0.11401276689412283,0.031036759850319173,0.020975126568346908,0.04423508694695135,-0.15386088487783403,-0.05138895003301783,0.007558881796169932,-0.006940347787805415,0.23503411842394895,-0.26656174334140437,0.015725291657495047,0.12563944530046225,0.07055690072639226,0.11154963680387409,0.13539291217257318,-0.04312128549416685,0.04535989434294519,0.1733348007924279,0.023281972265023113,0.02835351089588378,-0.08699977988113582,-0.09057010785824345,-0.08511336121505612,-0.18045784723750827,0.016324014968082765,-0.09742020691173234,-0.056445080343385426,-0.03352190182698657,-0.14260840854061194,0.023733215936605767,0.1225115562403698,0.08557340964120626,-0.09139335241030157,-0.15403257759189962,-0.16958837772397095,0.07161787365177195,0.0016090688972044903,-0.004406779661016949,-0.1238300682368479,-0.012645828747523662,-0.07668280871670702,-0.14645828747523662,-0.20147919876733436,-0.05611270085846357,-0.12353731014747964,-0.1320096852300242,0.39024873431653095,0.001578252256218358,0.09773057451023552,0.2788179616993176,0.010184899845916796,-0.10986352630420428,-0.08981950253136693,0.19076161127008584,0.004215276249174554,0.23330398415144177,0.1601452784503632,0.07828747523662778,0.16900066035659256,-0.03175654853620955,-0.1334866828087167,-0.004758969843715606,-0.07661016949152542,0.15931102795509575,0.22095751705921196,0.021450583314990095,0.10373541712524763,0.2229936165529386,0.14380585516178737,0.13641866607968303,0.19331278890600925,0.11426590358793749,0.00038080563504292315,-0.12855822143957737,0.0020162887959498128,-0.11312788906009245,-0.14827646929341845
#54,0.0067466431873211535,0.061476997578692495,0.07841734536649791,0.01301782962799912,0.3025775918996258,0.24604666519920756,0.1825379705040722,0.18032577591899626,0.08571648690292757,0.06718908210433634,0.1253598943429452,0.34059652212194585,1.0,0.27344926260180497,-0.11345146379044684,-0.18585075941008145,-0.06470394012766895,0.06884437596302002,-0.22288795949812898,-0.16792427911071978,-0.006640986132511556,-0.15661237068016728,-0.053325996037860444,0.14252916574950472,0.1022672243011226,-0.34897644728153204,-0.025260840854061193,-0.18294959278010126,0.2606449482720669,-0.09279550957517059,0.08660576711424169,-0.15406339423288576,-0.053204930662557784,0.0149966982170372,0.17674664318732114,0.023852080123266565,-0.036533127889060095,-0.0025731895223420646,0.0020074840413823463,-0.20762271626678405,-0.02417345366497909,0.06528285274047986,0.18632401496808276,-0.05671802773497689,-0.09652432313449262,0.22145278450363196,-0.17303764032577593,-0.10075941008144398,0.04539511336121506,0.011093990755007704,-0.07674003962139556,0.07970724191063173,0.06589918556020251,0.12998899405679068,-0.10316751045564605,-0.3289346246973366,0.17917895663658376,-0.1295905789126128,0.0673959938366718,0.0774686330618534,-0.1975610829848118,0.05837772397094431,0.21133612150561304,0.195313669381466,-0.26460048426150123,-0.005494166850099054,-0.20354171252476339,-0.21511776359233986,-0.021580453444860224,0.31686110499669823,0.06391151221659697,0.0013581333920316971,-0.012553378824565265,-0.07080783623156504,0.22953334800792427,0.1552080123266564,-0.1487277129650011,-0.008016729033678185,0.19344926260180498,-0.3094981289896544,0.3619436495707682,0.14905569007263922,0.3617521461589258,0.28878274268104775,0.15581774158045344,-0.09065375302663438,-0.17412942989214175,0.07735417125247633,-0.09976007043803654,0.2840149680827647,0.1438564825005503,-0.16113141096191944,0.06743121285494166,-0.17382566585956416,-0.15461589258199426,-0.05538630860664759,-0.01907329958177416,0.028839973585736298,0.0886088487783403,-0.07577151661897424,-0.2527404798591239,0.07828967642526964,-0.20712304644508034,-0.07504072198987453,-0.06494166850099053,-0.15063614351749946,-0.1449966982170372,-0.10549636803874092,0.1346335020911292,-0.1457737178076161,-0.2290975126568347
#58,-0.0598084965881576,-0.03026634382566586,0.0598415144177856,0.22329738058551618,-0.056869909751265685,0.07496588157605107,0.6335219018269865,0.2606537530266344,0.4045146379044684,0.2327624917455426,0.4422430112260621,-0.12836231565045125,0.27344926260180497,1.0,0.2526172132951794,0.16049086506713625,0.008250055029716047,-0.046902927580893684,0.09936825885978429,0.20668060752806516,0.0613845476557341,-0.15610609729253797,-0.013262161567246312,0.023642967202289235,-0.07683469073299581,-0.16963020030816642,-0.3294805194805195,-0.01271846797270526,0.08590358793748624,-0.10148360114461809,-0.1448316090688972,-0.08866387849438696,-0.26208452564384765,-0.17261281091789565,0.01735197006383447,0.2561501210653753,0.11970063834470614,0.11805194805194805,-0.08908430552498349,-0.1485956416464891,-0.36366057671142415,0.016123706801672903,0.08864406779661017,0.017503852080123266,-0.004155844155844156,0.20547655734096412,-0.23760950913493287,-0.14438917015188202,-0.0863746423068457,-0.03452124147039401,0.036218357913273165,0.06675544794188862,-0.10079462909971384,-0.052359674224081006,0.016913933524103017,-0.06522342064714946,-0.1300264142637024,-0.04555359894342945,-0.29311027955095753,-0.1753378824565265,-0.2583182918776139,-0.12611490204710543,0.5029914153642967,0.266682808716707,-0.12767554479418886,0.13787585296059873,0.44944309927360776,0.1503367818622056,0.40170151882016286,0.3467224301122606,0.47723310587717366,0.09324675324675324,0.341551837992516,0.07322474136033458,0.2319766674003962,0.23782082324455206,-0.19409861325115563,-0.09829627999119525,0.24874532247413603,0.09639225181598063,-0.08644287915474357,-0.28613251155624037,0.2274950473255558,-0.058357913273167514,0.2685626238168611,-0.13508254457406998,-0.3292890160686771,-0.3754589478318292,-0.12567026194144837,-0.12324675324675324,-0.10784283513097072,-0.15453885097952894,-0.12342725071538631,-0.3048668280871671,-0.30591019150341187,-0.045850759410081446,0.0879771076381246,-0.12101034558661677,-0.22784283513097073,-0.21164648910411624,-0.26326656394453,-0.002839533348007924,0.04944970283953335,-0.06293198327096632,-0.22351749944970284,-0.2781950253136694,-0.29703720008804757,-0.17228483381025753,0.17440237728373323,-0.274719348448162,-0.2254105216817081
#101,-0.038423948932423506,0.41156944750165086,-0.1324389170151882,0.13269865727492847,0.0031939247193484483,-0.22087607307946291,0.43276029055690074,0.18727933083865286,0.2931653092670042,0.12111160026414264,0.21144177856042262,-0.1565639445300462,-0.11345146379044684,0.2526172132951794,1.0,0.57115562403698,-0.0013185119964780982,-0.21952014087607308,0.725496368038741,0.5457120845256438,0.22456306405458948,0.11313889500330178,0.17122165969623596,-0.20860224521241472,0.010541492405899185,0.3819766674003962,-0.48639885538190625,-0.18176315210213514,0.2984195465551398,0.2375346687211094,-0.21905789126128108,-0.16307065815540392,-0.11456526524323135,0.03239489324235087,-0.04069997798811358,-0.012269425489764473,0.49440898084965884,0.4250297160466652,0.23641206251375743,0.328976447281532,0.05067576491305305,0.10106977767994717,-0.08038961038961039,0.24173013427250714,-0.24365617433414044,-0.11740039621395554,-0.3985516178736518,-0.3601078582434515,-0.4372331058771737,-0.5041668500990535,-0.3544970283953335,-0.4622628219238389,-0.31701078582434516,-0.34575170592119747,0.07801452784503632,0.23693594541052168,-0.34180937706361436,0.04942108738718908,-0.5702905569007264,-0.5944331939247194,-0.47565485362095533,-0.5364252696456087,0.2921021351529826,0.12543033237948492,-0.08692493946731235,-0.13523002421307506,0.1562755888179617,0.28100374202069117,0.5614307726172133,0.21661677305745103,0.2995311468192824,0.06738058551617873,0.3932247413603346,-0.13408980849658816,0.17466431873211535,-0.08229583975346687,-0.2610345586616773,-0.4570878274268105,0.1516222760290557,0.4100506273387629,-0.19385868368919215,-0.18648250055029716,-0.1556944750165089,0.02469073299581774,-0.10384547655734097,-0.19768214836011447,-0.4897424609289016,-0.34044464010565706,0.048648470173893905,-0.3134206471494607,-0.2084371560642747,-0.3752322254017169,-0.37567246313009023,-0.4142637023992956,-0.2350561303103676,-0.05843495487563284,0.20529826106097293,-0.36532907770195905,-0.3271670702179177,-0.30670702179176756,-0.39276689412282634,-0.1060708782742681,-0.042456526524323135,-0.2609553158705701,-0.17677085626238168,-0.17832709663218138,-0.17002201188641866,-0.43146158925819944,-0.20972485141976668,-0.2960774818401937,-0.2773563724411182
#102,-0.11453664979088708,0.41042262821923836,-0.3056504512436716,0.04669821703720009,0.117574290116663,-0.3471384547655734,0.14056130310367598,0.07542813119084306,0.14237068016729035,-0.19032577591899627,0.22313889500330178,-0.09488883997358574,-0.18585075941008145,0.16049086506713625,0.57115562403698,1.0,-0.13118203830068237,-0.2079440898084966,0.5139489324235087,0.7883645168390931,-0.0939357252916575,0.3154853620955316,0.1820184899845917,-0.056348228043143295,-0.0703169711644288,0.48618093770636145,-0.331071978868589,0.08528945630640546,0.08734976887519261,0.19244331939247195,-0.03668941228263262,-0.20552058111380145,-0.14269205370900287,-0.026770856262381685,-0.1134338542813119,-0.27654853620955316,0.3796390050627339,0.29449922958397534,-0.08095751705921198,0.2603037640325776,0.09681488003521901,0.24572088928021132,-0.07595861765353291,0.33180497468633063,0.07505172793308386,-0.07408540611930442,-0.3492163768434955,-0.3731653092670042,-0.4588839973585736,-0.35765133171912833,-0.22039841514417785,-0.41528065155183796,-0.24379925159586177,-0.42334580673563726,-0.2196962359674224,-0.006786264582874752,-0.46547435615232224,0.3099757869249395,-0.39091789566365837,-0.5625819942769096,-0.35726612370680166,-0.36357473035439136,0.2450891481399956,0.13316971164428792,-0.10202069117323355,-0.01846136913933524,-0.10560862865947612,0.1714373761831389,0.450396213955536,0.2650759410081444,0.1087607307946291,-0.15326876513317192,0.27837992515958615,-0.10499229583975346,0.013618754127228704,-0.3113559322033898,-0.3396103896103896,-0.5668500990534889,-0.052130750605326875,0.46822364076601364,-0.22703059652212196,-0.17849878934624697,-0.14781642086726832,0.22782742681047766,0.07286374642306846,-0.04226282192383887,-0.33964780981730136,-0.1278582434514638,-0.16390050627338762,-0.18565705480959718,-0.08464670922298041,-0.21295839753466872,-0.27374862425709884,-0.14761171032357473,-0.21577151661897426,-0.2934404578472375,-0.13777239709443098,-0.3027426810477658,-0.4266057671142417,-0.4377856042262822,-0.458036539731455,-0.07986352630420428,-0.004151441778560422,-0.20538630860664758,-0.20507373981950253,-0.2644353951133612,-0.2974554259300022,-0.4612788906009245,-0.1201915034118424,-0.21586396654193266,-0.22267444419986793
#201,0.4818996257979309,-0.039491525423728815,0.6321373541712525,0.500066035659256,0.12845916795069337,0.2587937486242571,0.028181818181818183,0.3469425489764473,0.09346907329958178,0.5005965221219458,0.15570988333700198,0.09226942548976447,-0.06470394012766895,0.008250055029716047,-0.0013185119964780982,-0.13118203830068237,1.0,0.5392648029936166,-0.17660796830288356,-0.1811402157164869,0.19215716486902928,0.0030684569667620517,0.18226502311248075,-0.035058331499009464,0.11497248514197667,-0.12214395773717808,0.1744970283953335,-0.05227823024433194,-0.011683909311027954,-0.09088487783403038,0.037477437816420864,0.09735197006383448,0.36252256218357914,0.20902047105436936,0.10610609729253798,-0.006665199207572089,0.02651992075720889,-0.07832489544353952,0.10779661016949152,0.016685009905348887,0.1663548316090689,-0.08145498569227383,-0.19808056350429232,-0.2806339423288576,0.007360774818401937,-0.12812238608848778,0.08995157384987894,-0.04833810257539071,0.08087607307946292,-0.04805414924058992,0.06639225181598063,-0.14204710543693594,0.19828307285934405,0.202194585075941,0.30240810037420207,0.08439577371780761,-0.030057230904688533,-0.35494827206691615,-0.13513977547875852,-0.09686110499669821,-0.021179837112040502,-0.05602685450143077,-0.1161963460268545,-0.12759630200308167,0.2754391371340524,0.20726612370680167,-0.02695135373101475,-0.16035659255998239,-0.08283292978208233,-0.08018710103455866,0.17174554259300023,0.38707021791767554,0.0577129650011006,0.32194144838212635,-0.11644287915474356,0.0424785384107418,-0.12125467752586397,0.05258859784283513,-0.09729914153642967,-0.2250231124807396,0.10718027734976887,0.16963020030816642,0.1111996478098173,0.05607307946290997,0.04392471934844816,-0.144884437596302,0.027963900506273388,0.28515078142196787,0.03342725071538631,0.17973805855161787,-0.19063834470614133,0.008635263042042703,-0.02057230904688532,-0.1073893902707462,-0.07389170151882016,0.47283072859344044,0.10578472375082544,0.5052432313449262,0.4810543693594541,0.323398635263042,0.33928461369139334,0.38878934624697337,0.24712965001100595,0.38675324675324674,0.3774488223640766,0.25089368258859784,0.3368897204490425,-0.022331058771736738,-0.028283072859344047,-0.17772397094430992,-0.1457693154303324
