,#10,#11,#12,#13,#17,#18,#26,#49,#50,#51,#52,#53,#54,#58,#101,#102,#201,#202,#301,#302,#401,#402,#501,#502,#601,#602,#701,#702,#801,#802,#901,#902,#1001,#1002,#1101,#1102,#1201,#1202,#1301,#1302,#1401,#1402,#1501,#1502,#1601,#1602,#1701,#1702,#1801,#1802,#1901,#1902,#2001,#2002,#2101,#2102,#2201,#2202,#2301,#2302,#2401,#2402,#2501,#2502,#2601,#2602,#2701,#2702,#2801,#2802,#2901,#2902,#3001,#3002,#3101,#3102,#3201,#3202,#3301,#3302,#3401,#3402,#3455,#3501,#3502,#3601,#3602,#3701,#3702,#3801,#3802,#3901,#3902,#4001,#4002,#4101,#4102,#4201,#4202,#4301,#4302,#4401,#4402,#4501,#4502,#4601,#4602,#4701,#4702,#4801,#4802
#10,1.0,0.3982544574069998,0.47655954215276247,0.37572309046885316,0.1652740479859124,0.2888751926040062,0.22646929341844596,0.3984525643847678,0.36528505392912175,0.3784833810257539,0.4790358793748624,0.18512436715826547,0.22944750165089148,-0.07991415364296721,-0.3317015188201629,-0.04281752146158926,0.22535769315430332,0.22199427690953114,-0.23703059652212194,-0.04661897424609289,-0.37873211534228485,-0.029583975346687212,-0.2962733876293198,-0.17559322033898306,-0.08314990094651112,-0.19467532467532467,0.06079903147699758,0.2562513757429012,0.26197446621175435,-0.010556900726392251,0.3079110719788686,-0.2973167510455646,0.2908716707021792,-0.3582720669161347,0.3171142416905129,-0.06572969403477878,-0.02729914153642967,-0.22356812678846577,-0.2541602465331279,-0.17600484261501212,-0.03613911512216597,-0.14087167070217918,-0.24838652872551178,-0.21329958177415806,-0.12570988333700198,0.10818622055910192,0.22093330398415145,0.19802333259960378,0.05301342725071539,0.02811138014527845,0.1705480959718248,0.24373981950253137,0.040233325996037864,0.06911732335461149,-0.19800572309046885,-0.04070217917675545,-0.47445960818842176,-0.25489984591679504,-0.2696742240810037,0.05421967862645829,-0.20206471494607087,-0.28410961919436495,-0.14408320493066257,-0.20277129650011005,0.3718578032137354,0.4589456306405459,-0.16147919876733435,-0.20937266123706802,0.01790887079022672,-0.12209553158705701,0.24144177856042262,0.2584041382346467,-0.04088487783403038,0.24381245872771296,-0.127772397094431,-0.05627999119524543,-0.17291657495047325,-0.26659476117103237,-0.10433414043583535,-0.30886418666079685,0.07552938586836892,0.20612810917895663,0.05358793748624257,0.29165529385868366,-0.026713625357693154,0.14542372881355933,-0.16213295179396875,0.2655712084525644,-0.20364736957957297,-0.07504732555580013,0.41923178516398857,-0.22022672243011227,0.019894342945190404,-0.14892802113141096,-0.172953995157385,0.1739093110279551,-0.016407660136473694,0.18713405238828967,0.2158001320713185,0.22261060972925378,0.47342504952674447,0.21488223640766013,-0.044668721109399075,0.1041998679286815,0.4135901386748844,0.423218137794409,0.09169931763152102,-0.1279771076381246,-0.06145938806955756,-0.1710609729253797,-0.28118864186660797
#11,0.3982544574069998,1.0,0.353647369579573,0.3697380585516179,0.10972044904248295,0.27360114461809376,0.3389544353951134,-0.0413911512216597,0.30851419766674004,0.5319172353070658,0.23849878934624696,0.021743341404358355,0.2797710763812459,-0.15780761611270086,-0.008895003301782963,0.09304864626898525,0.20660356592559984,0.4549438696896324,0.09123706801672904,0.039579572969403475,-0.16225621835791326,0.008564825005502971,-0.20968082764692933,-0.2529958177415805,0.045938806955756105,-0.031080783623156503,-0.16826766453885098,-0.08091129209773278,0.37548976447281535,0.19296940347787805,0.26921857803213733,-0.26372220999339646,0.2667928681488004,-0.11875632841734536,0.2077459828307286,0.09317631521021351,0.143416244772177,-0.07005062733876294,0.12237728373321594,-0.14310807836231565,0.2967180277349769,-0.013944530046224961,-0.06400176095091349,-0.0688928021131411,-0.23535329077701958,-0.1390777019590579,0.1528417345366498,-0.05753246753246753,-0.18353510895883776,-0.3235086946951354,-0.024358353510895884,-0.07973805855161788,-0.1113383226942549,0.03395773717807616,-0.2800264142637024,-0.03735197006383447,-0.3266321813779441,-0.3347083425049527,-0.18581333920316973,-0.15327096632181378,-0.09698437156064274,-0.14183138895003303,-0.09859123926920538,-0.2362293638564825,0.30201188641866605,0.2731168831168831,-0.04381465991635483,-0.1611600264142637,0.2740633942328858,0.08097292537970505,0.41256878714505835,0.33840193704600485,-0.05228263262161567,0.17222320052828527,-0.19004182258419547,-0.1341998679286815,-0.09273607748184019,-0.009920757208892803,-0.024895443539511335,-0.09157384987893462,0.17867708562623816,0.08192824125027515,0.1488729914153643,0.1416861104996698,-0.17349988994056792,0.13862645828747525,-0.09243011226062074,0.28348888399735855,-0.13152102135152982,-0.13455425930002202,-0.013469073299581774,-0.13816420867268325,-0.22619194364957076,0.0875478758529606,-0.09528285274047986,0.11668060752806515,0.08385868368919216,0.13122386088487784,0.2413185119964781,0.08582214395773718,0.1682522562183579,0.29390050627338765,0.14677525863966542,0.19319392471934846,0.25523662777900064,0.3418269865727493,0.09497468633061854,0.0032599603786044465,-0.07713185119964781,0.030818842174774378,-0.04149240589918556
#12,0.47655954215276247,0.353647369579573,1.0,0.4744618093770636,0.22322033898305085,0.42184019370460046,0.3172000880475457,-0.06939027074620295,-0.07266123706801673,0.46314769975786924,0.44080343385428133,-0.047466431873211534,0.19881135813339204,-0.25920757208892803,-0.027944089808496587,-0.1383711204050187,0.6738278670482061,0.7624675324675325,-0.16787585296059873,-0.4126612370680167,-0.10564164648910411,-0.1612458727712965,0.05465551397754788,-0.47964560862865946,0.18782082324455207,-0.3611138014527845,0.47438036539731454,0.4285031917235307,0.3033634162447722,-0.014164648910411623,0.27585075941008147,-0.36790666960158486,0.5020735197006383,-0.21865287255117763,0.1138762931983271,-0.0012260620735197007,0.07300462249614792,-0.39615452344265906,0.16230024213075062,-0.24247633722209994,-0.04508034338542813,-0.3072507153863086,-0.07523882896764253,-0.31497908870790225,0.018465771516618976,-0.02344706141316311,0.22728373321593662,0.18268545014307727,0.2773497688751926,0.27409421087387187,0.5115958617653533,0.5634404578472375,0.44574290116662996,0.37380805635042924,0.16542372881355932,-0.172656834690733,-0.4273409641206251,-0.6482280431432974,-0.27556680607528067,0.18410301562843936,-0.2976821483601145,-0.3179484921857803,-0.4683909311027955,-0.6051441778560422,0.6097622716266784,0.4738983050847458,-0.31192163768434955,-0.47339203169711647,0.07276469293418446,-0.2307704160246533,0.3900242130750605,0.48976007043803654,-0.19929782082324454,0.22631961259079902,-0.32932423508694697,-0.2643759630200308,-0.3455513977547876,-0.3497226502311248,0.11347567686550737,-0.5241976667400396,0.1516420867268325,0.04605106757649131,0.17958837772397093,0.16391811578252255,-0.26323134492626016,-0.13541932643627558,-0.2790490865067136,0.17469073299581775,-0.20775698877393792,-0.16168170812238608,0.1696500110059432,-0.33168170812238607,-0.017653532907770195,-0.08151882016288796,-0.2109685230024213,0.6252652432313449,-0.09884437596302004,0.5322011886418666,0.5476623376623376,0.3870195905789126,0.7095905789126128,0.5066563944530046,0.1449438696896324,0.4559189962579793,0.6432555580013207,0.6769535549196566,0.39706141316310806,-0.4054105216817081,-0.3395861765353291,-0.38137354171252474,-0.4152674444199868
#13,0.37572309046885316,0.3697380585516179,0.4744618093770636,1.0,0.2839423288575831,0.41565045124367156,0.2554831609068897,-0.1309156944750165,0.05426370239929562,0.4801848998459168,0.275808936825886,-0.06798151001540832,0.1778450363196126,-0.11804094210873872,0.05775258639665419,0.1385560202509355,0.5182654633502091,0.43725952014087605,0.005238828967642527,-0.08142637023992956,-0.21117763592339864,0.12031476997578693,-0.11644287915474356,-0.32409861325115563,0.0863812458727713,-0.03493506493506494,0.018906009244992295,0.08305965221219458,0.4332929782082324,0.3046819282412503,0.1770327977107638,-0.2331454985692274,0.33091789566365837,-0.05410961919436496,0.43149900946511116,0.20998459167950692,0.3127690953114682,0.04060312568787145,0.19974466211754346,0.14293638564825006,0.3099383667180277,0.10001100594320933,0.07316090688972045,-0.08131631080783623,-0.13565925599823905,-0.043680387409200966,0.22822364076601365,0.10805635042923178,0.005753907109839313,-0.11646929341844596,0.04669381465991636,0.006627779000660357,0.0575808936825886,0.2512260620735197,-0.06452124147039401,0.13016288795949812,-0.3487145058331499,-0.2246599163548316,-0.2017521461589258,-0.08441558441558442,-0.34073959938366716,-0.33559982390490867,-0.10213515298261061,-0.1932445520581114,0.38673783843275367,0.17957517059211975,-0.0287541272287035,-0.3205502971604667,0.07193924719348448,-0.0928945630640546,0.1662161567246313,0.28905348888399734,-0.04818622055910191,0.07030596522121946,0.00014747963900506273,-0.08626898525203609,-0.07663878494386969,-0.26182258419546556,0.10108958837772397,-0.11123486682808717,0.2978318291877614,0.1913977547875853,0.29740039621395553,0.26039181157825225,-0.05826986572749285,-0.1012788906009245,-0.3826590358793749,0.35352190182698656,-0.026803874092009686,0.0021813779440898085,0.12126348228043143,-0.2429517939687431,-0.17041382346467093,-0.12569887739379265,-0.08139335241030156,0.10617213295179397,-0.03060972925379705,0.06271846797270526,0.09344265903587938,0.18045564604886638,0.29928021131410965,0.26907990314769975,0.14848778340303764,0.14028835571208453,0.422722870349989,0.4190050627338763,0.23242350869469514,-0.36435395113361213,-0.21308386528725512,-0.252887959498129,-0.17235086946951353
#17,0.1652740479859124,0.10972044904248295,0.22322033898305085,0.2839423288575831,1.0,0.6081708122386088,0.31567246313009023,-0.08435615232225402,0.2603697996918336,-0.05589258199427691,0.19783843275368698,0.39812238608848777,0.3583975346687211,0.23965221219458507,-0.057765793528505395,0.033425049526744445,0.027219898745322473,0.15209333039841513,-0.0662689852520361,0.23128329297820824,-0.22171912832929783,-0.20795289456306407,-0.2763746423068457,-0.13217477437816422,-0.23469073299581775,-0.17826106097292538,-0.20109619194364958,-0.12406999779881135,0.29052388289676423,0.42900946511116,0.3035681267884658,-0.0022254017169271406,0.17778340303764031,-0.15823024433193925,0.5765793528505393,0.324719348448162,0.34930442438917014,0.1284239489324235,0.01038961038961039,0.053561523222540174,0.36258859784283515,0.26640325775918994,0.37150561303103674,0.27910411622276027,0.08355491965661457,0.18973805855161788,-0.08098613251155624,-0.181897424609289,0.07488663878494387,-0.07169271406559542,-0.2564318732115342,-0.05203830068236848,-0.3130992736077482,-0.18111600264142638,-0.2290578912612811,0.08163988553819063,-0.07393792648029936,0.10135593220338983,-0.11077261721329518,-0.05042262821923839,-0.007473035439137134,-0.011016949152542373,0.255676865507374,0.06612810917895663,-0.025005502971604667,0.0851221659696236,0.36518159806295397,-0.13569227382786705,-0.022383887299141536,0.29199427690953117,0.10560202509355052,0.1393990755007704,0.058600044023772835,0.26046445080343383,0.3291481399955976,0.32666299801893023,-0.010077041602465331,-0.2138630860664759,0.12168831168831169,0.14743341404358354,0.46437376183138895,0.5491899625797931,0.23101034558661676,0.5554149240589918,0.4617477437816421,0.270873871890821,0.17546995377503852,0.39376183138895005,0.2025511776359234,0.4890644948272067,0.29862645828747525,0.11478978648470174,0.1665529385868369,-0.1101386748844376,-0.08129429892141757,-0.10969623596742241,-0.20262821923838872,-0.2332423508694695,-0.21072859344045786,-0.13619634602685451,0.0023596742240810037,0.1932489544353951,-0.03275588817961699,-0.0912062513757429,0.1499801893022232,0.12155844155844156,-0.02395773717807616,0.09116442879154743,0.0047369579572969405,0.03841734536649791,0.0312987012987013
#18,0.2888751926040062,0.27360114461809376,0.42184019370460046,0.41565045124367156,0.6081708122386088,1.0,0.4102179176755448,-0.06507153863086067,0.3855690072639225,0.2438432753686991,0.424373761831389,0.2806559542152762,0.5293924719348448,0.10992956196346026,-0.12631961259079902,-0.05405899185560203,0.24800132071318512,0.4033854281311908,-0.35434074400176097,0.05172573189522342,-0.32662777900066037,-0.1435197006383447,-0.11753246753246753,-0.2577767994717147,0.06456086286594762,-0.22848998459167952,-0.07137574290116663,-0.03421087387189082,0.44078802553378826,0.4428285274047986,0.5553224741360334,-0.2132577591899626,0.4676315210213515,-0.19578472375082545,0.537985912392692,0.35012766894122826,0.47804314329738057,-0.05413823464670922,0.21107418005723091,0.16483601144618093,0.3563350209112921,0.12621175434734758,0.3964714946070878,0.2817895663658376,0.20331939247193484,0.3360862865947612,0.20474356152322254,0.012526964560862866,0.13485582214395775,-0.059639005062733876,-0.06444860224521241,0.06752366277790006,-0.20298481179837113,-0.042639225181598066,-0.3095729694034779,-0.044283513097072416,-0.18863306185340084,0.0013009024873431652,-0.19172353070658155,0.0573035439137134,-0.17981069777679948,-0.16573849878934624,0.07031256878714506,-0.17795949812898965,0.14714285714285713,0.19801672903367817,0.2210279550957517,-0.45289896544133834,-0.0009068897204490425,0.1146995377503852,0.10473035439137134,0.2731587057010786,-0.149933964340744,0.03228483381025754,0.20121725731895224,0.25787365177195687,-0.1568368919216377,-0.11604006163328197,0.1286220559101915,0.03273167510455646,0.6024719348448162,0.4607880255337882,0.2847083425049527,0.7869007263922518,0.4199185560202509,0.18294959278010126,0.09628439357252916,0.40525203609949373,-0.02307065815540392,0.39721549636803877,0.47646048866387847,0.03699757869249395,0.1724323134492626,-0.3100792427911072,-0.25787365177195687,0.08031036759850319,-0.05731895223420647,-0.0899207572088928,-0.0960642747083425,-0.0338895003301783,0.13485362095531586,0.5208672683248955,0.10271406559542152,-0.013786044464010565,0.33904248294078804,0.301023552718468,0.144191063174114,0.008302883557120845,0.010477657935285054,-0.16639885538190624,-0.10183799251595861
#26,0.22646929341844596,0.3389544353951134,0.3172000880475457,0.2554831609068897,0.31567246313009023,0.4102179176755448,1.0,0.09582874752366277,0.3022364076601365,0.3941448382126348,0.5412128549416685,0.1491107197886859,0.3970592119744662,0.36219678626458285,-0.16270085846357032,0.005740699977988113,0.15258639665419327,0.17990314769975788,-0.07950473255558001,-0.058892802113141095,-0.2757274928461369,0.02104556460488664,-0.0762953995157385,-0.0237442218798151,0.1293198327096632,0.10991635483160907,-0.09671582654633502,0.02046004842615012,0.2841074180057231,0.2614131631080784,0.12651331719128328,-0.04575610829848118,0.1927096632181378,-0.072656834690733,0.22552938586836893,0.15150121065375302,0.26716046665199206,0.02114902047105437,0.025241030156284393,-0.05352410301562844,0.24900286154523443,0.03927801012546775,0.2926854501430773,0.1313119084305525,0.11207572088928021,0.04052608408540612,0.21686770856262383,0.12089588377723971,0.022863746423068456,-0.1313911512216597,-0.08213735417125248,-0.07431653092670042,-0.16594981289896543,0.017902267224301122,-0.4000110059432093,0.03817521461589258,-0.3566519920757209,-0.19084085406119305,-0.17763592339863526,-0.17153202729473915,-0.260627338762932,-0.28325996037860446,0.16071978868589037,-0.0014417785604226281,0.19145498569227382,-0.04445080343385428,0.3118534008364517,0.09866607968302883,0.027756988773937927,0.006332819722650231,0.235610829848118,0.24259520140876073,-0.05545454545454546,0.09989434294519041,0.0864142637023993,0.0692031697116443,-0.21333700198106978,-0.17646268985252037,0.308910411622276,0.20473255558001321,0.14062513757429013,0.20039401276689411,0.2538498789346247,0.3498128989654413,-0.033920316971164426,0.046288795949812896,-0.21864406779661016,0.2746731234866828,0.07619194364957077,0.08995817741580453,0.10401276689412282,-0.14690512876953554,0.031223860884877833,-0.07340303764032578,-0.07130750605326877,0.1956548536209553,0.08571208452564384,0.02676865507373982,0.07792648029936165,0.16697556680607528,0.19306625577812017,0.18902487343165308,-0.05843495487563284,-0.02076381245872771,0.15231785163988554,0.30770195905789127,-0.01591239269205371,-0.13657715166189743,0.04049526744441999,-0.11840633942328857,-0.04632621615672463
#49,0.3984525643847678,-0.0413911512216597,-0.06939027074620295,-0.1309156944750165,-0.08435615232225402,-0.06507153863086067,0.09582874752366277,1.0,0.4591107197886859,-0.1296500110059432,0.34101034558661675,0.25896103896103895,0.2721527624917455,0.3038432753686991,-0.433251155624037,-0.2330794629099714,-0.3071846797270526,-0.4939049086506714,-0.09720228923618754,0.11802993616552938,-0.27595641646489105,-0.0436253576931543,-0.29345146379044684,-0.0213185119964781,-0.18948932423508694,-0.03734096412062514,-0.13909971384547656,0.08059432093330399,0.005069337442218798,-0.028582434514637906,-0.06471274488223641,-0.04653312788906009,-0.18221879815100153,-0.25504072198987454,0.061052168170812236,-0.08117763592339863,-0.33428351309707244,-0.07327756988773938,-0.5870217917675544,-0.16882236407660137,-0.05556900726392252,0.004208672683248954,-0.26051948051948054,-0.21311248073959937,-0.12614571868809157,0.015075941008144397,-0.07299581774158045,0.11943429451904028,0.03245432533568127,0.04156944750165089,-0.054974686330618534,0.0662227602905569,-0.09154523442659036,-0.06256218357913274,-0.3002355271846797,0.09698217037200088,-0.11206251375742901,0.119900946511116,-0.2976821483601145,-0.11692273827867049,-0.10178516398855382,-0.18749944970283952,0.2479286814880035,0.3596588157605107,0.13178296279991195,0.1479639005062734,-0.03953334800792428,0.3157142857142857,-0.18148139995597623,-0.07431653092670042,-0.019154743561523222,0.09728153202729474,0.2701056570548096,0.31391811578252254,0.12019370460048426,0.19227382786704822,0.023761831388950033,-0.025890380805635042,-0.15531587057010784,-0.09113581333920318,-0.20150781421967862,0.09894342945190403,-0.3171670702179177,0.1790446841294299,0.077475236627779,0.14306845696676204,-0.08484921857803214,0.137409200968523,0.052280431432973805,-0.08917015188201628,0.14347567686550738,-0.1577261721329518,0.0014065595421527625,-0.25647149460708785,-0.0651089588377724,-0.13060092449922958,-0.14767554479418887,-0.10395993836671803,-0.19646489104116222,0.01840413823464671,0.12495267444419987,-0.3113229143737618,-0.318877393792648,-0.34391371340523885,-0.09966982170372,-0.11391151221659697,-0.21064935064935064,0.08864406779661017,0.15748624257098834,-0.018003521901826986,-0.045016508914814
#50,0.36528505392912175,0.30851419766674004,-0.07266123706801673,0.05426370239929562,0.2603697996918336,0.3855690072639225,0.3022364076601365,0.4591107197886859,1.0,0.049804094210873874,0.47107638124587276,0.2240545894783183,0.4860576711424169,0.3301254677525864,-0.35120845256438477,-0.03460708782742681,-0.257244111820383,-0.15669601584855822,-0.16748624257098835,0.22202509355051728,-0.46467092229804097,0.057343165309267,-0.34304204270305966,0.01976447281532027,-0.23395113361215056,0.02951353731014748,-0.3392295839753467,-0.060288355712084525,0.25742460928901606,0.2364538850979529,0.3339731454985692,-0.12108078362315651,0.12437596302003082,-0.10314549856922739,0.39730134272507156,0.04436055469953775,0.09292537970504072,0.022993616552938585,-0.18063834470614132,0.02841734536649791,0.19684569667620516,0.09379925159586176,0.012852740479859124,0.18022672243011226,-0.01907329958177416,0.23329297820823244,0.10651551837992516,0.07317411402157165,-0.06161127008584636,-0.2502993616552939,-0.2488729914153643,-0.2317851639885538,-0.3870394012766894,-0.10354611490204711,-0.5302333259960379,0.09582874752366277,-0.30540171692714063,0.10180497468633062,-0.2066365837552278,-0.27518379925159586,-0.1349240589918556,-0.13923838872991415,0.41793308386528727,0.3398877393792648,0.10475456746643187,0.024915254237288135,0.3095311468192824,0.15173673783843275,-0.054560862865947614,0.21662777900066035,0.05550077041602465,0.0900198106977768,0.1609289016068677,0.14603345806735638,0.08016729033678187,0.17051727933083866,0.00020250935505172792,-0.187640325775919,0.07973145498569227,0.270099053488884,0.1691811578252256,0.23149460708782743,0.05260840854061193,0.5356658595641647,0.3136847897864847,0.2790402817521462,0.01988333700198107,0.30530926700418226,0.07507373981950254,0.11657715166189743,0.21666299801893021,-0.10674664318732115,-0.0361567246313009,-0.1175874972485142,-0.07018930222320052,-0.19009024873431654,0.04767774598283073,-0.1873563724411182,-0.23861104996698218,-0.013006823684789786,0.027039401276689412,0.026583755227823025,-0.08706361435174995,-0.2516552938586837,-0.00891041162227603,0.031131410961919438,-0.12367598503191723,0.08865067136253577,0.041760950913493286,-0.022113141096191943,-0.0029451904028175214
#51,0.3784833810257539,0.5319172353070658,0.46314769975786924,0.4801848998459168,-0.05589258199427691,0.2438432753686991,0.3941448382126348,-0.1296500110059432,0.049804094210873874,1.0,0.3718798151001541,-0.1026832489544354,0.021972265023112482,-0.13783403037640327,0.10068897204490425,0.13569887739379266,0.5378098173013427,0.48210653753026633,-0.11869029275808937,-0.2541052168170812,-0.09300242130750605,-0.008991855602025093,-0.017189082104336343,-0.30846797270526083,0.1510015408320493,-0.13212634822804314,0.20248073959938367,0.1329077701959058,0.4063746423068457,0.14250935505172793,0.20711204050187101,-0.2502465331278891,0.20340303764032577,-0.17516839093110279,0.09865067136253577,0.03295399515738499,0.17544133832269426,-0.14220118864186662,0.1127030596522122,-0.13983491085186,0.23972485141976668,-0.0003081664098613251,-0.07808936825885979,-0.05382786704820603,-0.09875632841734537,-0.1253576931543033,0.22396434074400176,0.08465111160026415,0.08797930882676645,-0.02552938586836892,0.2830882676645389,0.14178516398855381,0.18925159586176535,0.007404798591239269,-0.07530926700418226,-0.17735417125247635,-0.2941646489104116,-0.44792207792207794,-0.18781201848998458,0.004789786484701739,-0.2922496147919877,-0.29974686330618533,-0.27145278450363197,-0.35866387849438697,0.4723816861104997,0.28307506053268766,-0.14767774598283073,-0.26193704600484263,0.12803213735417127,-0.11596302003081664,0.317244111820383,0.23825665859564166,-0.1459784283513097,-0.03771516618974246,-0.15933524103015628,-0.28453664979088705,-0.1352608408540612,-0.04592780101254677,0.16285494166850098,-0.1525313669381466,0.1750627338762932,0.0737112040501871,0.2535329077701959,0.2109619194364957,-0.28993836671802775,-0.12029936165529385,-0.3114461809377064,0.31262821923838874,-0.10467092229804094,-0.062788906009245,0.11047765793528505,-0.22722870349988994,-0.1499537750385208,-0.08172132951793969,-0.15012326656394454,0.4060202509355052,0.03428571428571429,0.36957957296940347,0.3333083865287255,0.33200748404138236,0.3204226282192384,0.3822474136033458,0.09773057451023552,0.1905260840854061,0.2835527184679727,0.4153907109839313,0.06809377063614351,-0.25358573629760073,-0.22045344486022453,-0.12420867268324895,-0.1833215936605767
#52,0.4790358793748624,0.23849878934624696,0.44080343385428133,0.275808936825886,0.19783843275368698,0.424373761831389,0.5412128549416685,0.34101034558661675,0.47107638124587276,0.3718798151001541,1.0,0.0991899625797931,0.40177635923398636,0.2463878494386969,-0.2385230024213075,-0.14576051067576493,0.33633061853400836,0.2849218578032137,-0.2668699097512657,-0.27851419766674,-0.34626018049746865,-0.09667620515078142,-0.02984371560642747,-0.07854061193044244,0.22578912612810917,0.007466431873211534,0.15991855602025093,0.2778076161127009,0.30104336341624477,0.06287695355491965,0.398580233325996,-0.15459167950693375,0.43929782082324453,-0.0550033017829628,0.22175214615892583,-0.012298040942108738,0.23535769315430333,-0.15043363416244773,0.08197006383447061,-0.1246467092229804,0.005659255998239049,-0.1529143737618314,0.010695575610829847,-0.1312987012987013,0.028802553378824564,0.017818622055910192,0.29343825665859563,0.3173981950253137,0.1264142637023993,0.06605767114241691,0.10219458507594101,0.11775698877393792,0.02680167290336782,0.10548536209553158,-0.2648712304644508,-0.005718688091569448,-0.5372639225181598,-0.3868104776579353,-0.33924058991855605,-0.10152762491745543,-0.3583447061413163,-0.4099361655293859,-0.033103675985031916,-0.10137574290116663,0.4818423948932424,0.2405326876513317,0.028135593220338984,-0.09254237288135593,-0.06138895003301783,-0.12282192383887298,0.2733480079242791,0.35357032797710763,-0.016550737398195025,0.10960598723310588,-0.13631961259079903,-0.10337001981069778,-0.21023552718467972,-0.32966762051507814,0.32486682808716705,-0.04305524983491085,0.16327756988773937,0.062062513757429015,0.0963350209112921,0.4503852080123267,-0.11601584855822145,0.0225709883337002,-0.21736517719568568,0.17747743781642086,-0.11782082324455206,-0.15044464010565706,0.18293858683689193,-0.34225621835791326,-0.0736253576931543,-0.18472375082544573,-0.14146599163548315,0.36678846577151664,0.1433215936605767,0.28480959718247856,0.29214395773717805,0.25584195465551396,0.5042967202289236,0.3403279771076381,0.034202069117323354,0.15019590578912612,0.4190116662998019,0.41157384987893464,0.2676997578692494,-0.24429011666299802,-0.10978648470173893,-0.30660356592559984,-0.26915914593880697
#53,0.18512436715826547,0.021743341404358355,-0.047466431873211534,-0.06798151001540832,0.39812238608848777,0.2806559542152762,0.1491107197886859,0.25896103896103895,0.2240545894783183,-0.1026832489544354,0.0991899625797931,1.0,0.44942548976447283,0.33188861985472157,-0.2622760290556901,-0.33144618093770634,-0.09325115562403698,-0.2580233325996038,-0.18646489104116223,0.20313009024873432,-0.31295619634602684,-0.3681994276909531,-0.2036253576931543,0.046088487783403034,-0.08511116002641426,-0.09178296279991195,-0.23851419766674004,-0.029738058551617874,-0.03921417565485362,0.2418071758749725,0.03267444419986793,0.13724191063174113,0.054404578472375086,-0.07578032137354171,0.3834206471494607,0.07734096412062513,-0.01559982390490865,0.11937046004842615,-0.06476777459828308,0.07340303764032578,0.3586022452124147,0.23542372881355933,0.20929782082324455,0.3082984811798371,0.048305084745762714,0.10911952454325335,0.06326656394453005,0.09575610829848118,-0.09699097512656835,-0.1508386528725512,-0.2908166409861325,-0.06836231565045124,-0.30915914593880695,-0.24315650451243673,-0.37492626018049746,-0.0019062293638564824,-0.08738498789346247,0.11646489104116223,-0.1316552938586837,-0.052441118203830066,0.23112480739599384,0.16778780541492405,0.30558001320713185,0.2853202729473916,-0.27156724631300905,-0.12244111820383007,0.2528681488003522,0.10971164428791548,-0.20170592119744662,0.27075280651551836,-0.04718908210433634,0.07902707462029496,-0.0007418005723090469,0.013792648029936166,0.2071978868589038,0.39445960818842174,0.039544353951133614,-0.09148800352190183,-0.07956856702619415,-0.10821703720008805,0.23284613691393352,0.5322232005282853,-0.17658595641646488,0.4189258199427691,0.30788685890380807,0.469273607748184,0.2059652212194585,0.30556020250935506,0.12377063614351749,0.4704160246533128,0.29283072859344045,0.12311908430552498,0.04405238828967643,-0.14506713625357692,-0.22441998679286815,-0.23780981730134274,-0.06327756988773937,-0.10141316310807837,-0.13974025974025975,-0.12420647149460709,-0.016544133832269426,0.05533348007924279,0.05158705701078582,-0.023722209993396436,0.08137354171252477,0.04099933964340744,0.06050407219898745,0.3530332379484922,0.08010785824345146,0.13442438917015187,-0.048195025313669385
#54,0.22944750165089148,0.2797710763812459,0.19881135813339204,0.1778450363196126,0.3583975346687211,0.5293924719348448,0.3970592119744662,0.2721527624917455,0.4860576711424169,0.021972265023112482,0.40177635923398636,0.44942548976447283,1.0,0.2536825885978428,-0.2768456966762052,-0.14931102795509577,-0.04311248073959938,0.10362976007043803,-0.06050847457627118,0.14033017829628,-0.43969403477878055,-0.19388729914153643,-0.14686110499669822,-0.1420030816640986,0.10272287034998899,-0.06044464010565705,-0.24801452784503633,-0.061569447501650894,0.27776139115122167,0.30675104556460486,0.16256878714505832,-0.13296940347787806,0.15047985912392692,-0.054151441778560426,0.38308386528725513,0.1062227602905569,0.19251595861765353,-0.016313009024873433,0.10569007263922518,0.03597842835130971,0.3352674444199868,0.10835791327316752,0.19421087387189082,0.021851199647809818,0.03430992736077482,0.11593440457847237,0.12471714725952014,0.08969403477878055,-0.03922077922077922,-0.15575830948712305,-0.14036979969183358,-0.05285053929121726,-0.28746423068456967,-0.0548910411622276,-0.45541272287035,-0.003957737178076161,-0.3044111820383007,-0.13248073959938367,-0.2790446841294299,-0.17592780101254676,0.06792207792207793,0.01955315870570108,0.2570922298040942,0.1654391371340524,0.12141756548536209,0.051941448382126346,0.3227162667840634,0.06277129650011005,0.008846577151661898,0.16999779881135813,0.27914593880695576,0.2996720228923619,-0.020682368478978648,0.0816222760290557,0.05777019590578913,0.15587057010785824,-0.08564825005502971,-0.21689852520360994,0.09788906009244992,-0.024301122606207353,0.2613229143737618,0.3611204050187101,0.02288795949812899,0.471798371120405,0.29641866607968304,0.3668038740920097,0.09409421087387189,0.18722209993396435,0.11781642086726833,0.09790666960158485,0.2598767334360555,-0.06960158485582214,-0.0636517719568567,-0.23937486242570988,-0.31981950253136693,-0.03481399955976227,-0.03788465771516619,-0.07683248954435395,-0.05461369139335241,-0.09510015408320494,0.0866784063394233,0.13846577151661899,-0.005115562403697997,-0.048947831829187764,0.10931322914373762,0.12238168611049967,0.041996478098173015,0.18199647809817301,0.1211666299801893,-0.045800132071318514,-0.10975346687211093
#58,-0.07991415364296721,-0.15780761611270086,-0.25920757208892803,-0.11804094210873872,0.23965221219458507,0.10992956196346026,0.36219678626458285,0.3038432753686991,0.3301254677525864,-0.13783403037640327,0.2463878494386969,0.33188861985472157,0.2536825885978428,1.0,-0.2961259079903148,-0.15316751045564606,-0.2589720449042483,-0.44264802993616553,-0.14058991855602024,0.27586176535329077,-0.30543693594541055,-0.11794408980849659,-0.13743121285494167,0.3803808056350429,-0.0648778340303764,0.29292978208232445,-0.4383028835571208,-0.20421527624917454,-0.12287034998899406,0.21071538630860664,-0.026764252696456086,0.30798811358133393,-0.0512326656394453,0.20964560862865947,0.2059189962579793,0.18790666960158486,0.17840193704600485,0.3175500770416025,-0.06998239049086506,0.23394453004622495,0.10229363856482501,0.16995817741580455,0.2248051948051948,0.3126260180497469,-0.026031256878714507,0.14843275368699096,-0.16135593220338984,-0.10630640545894783,-0.10572969403477878,-0.2843429451904028,-0.47794408980849656,-0.36823024433193924,-0.5251727933083865,-0.15929121725731896,-0.48482940788025536,0.20891481399955977,-0.0996235967422408,0.30145278450363194,-0.07409641206251376,-0.2378780541492406,0.15173673783843275,0.18157384987893463,0.6655866167730574,0.6096235967422408,-0.32880915694475016,-0.31999779881135815,0.6315474356152322,0.45112260620735195,-0.0911005943209333,0.22174774378164208,-0.07782082324455206,-0.13396654193264362,0.17964120625137575,0.031639885538190624,0.4627646929341845,0.501518820162888,0.24460048426150122,-0.0050803433854281314,0.2506383447061413,0.39302883557120843,-0.044754567466431874,0.16997138454765573,-0.1468236847897865,0.3253664979088708,0.40180937706361436,0.30769755668060755,0.16783182918776138,-0.053268765133171914,0.05444199867928681,0.41010125467752584,0.0237772397094431,0.1967422408100374,0.1164670922298041,-0.21830068236847897,-0.14011446180937706,-0.23462249614791988,0.10933744221879815,-0.3145674664318732,-0.33851199647809815,-0.24163108078362316,-0.18883557120845257,-0.1465001100594321,0.02328857583094871,-0.2699471714725952,-0.219042482940788,-0.1981884217477438,-0.11940347787805415,0.3671802773497689,0.3181950253136694,0.17226502311248074,0.2120184899845917
#101,-0.3317015188201629,-0.008895003301782963,-0.027944089808496587,0.05775258639665419,-0.057765793528505395,-0.12631961259079902,-0.16270085846357032,-0.433251155624037,-0.35120845256438477,0.10068897204490425,-0.2385230024213075,-0.2622760290556901,-0.2768456966762052,-0.2961259079903148,1.0,0.49311027955095754,0.03891041162227603,0.16049746863306186,0.47029936165529385,0.11798371120405018,0.6980211314109619,0.13818401937046004,-0.059821703720008806,-0.3673453664979089,-0.05431212854941669,-0.20340744001760952,-0.006647589698437156,-0.41086726832489545,0.2436781862205591,0.2077834030376403,-0.08640325775918996,0.28925159586176535,-0.14462909971384547,0.22295399515738498,0.18096632181377945,0.32392692053709005,0.3061038961038961,0.28697116442879156,0.05464891041162227,-0.024785384107418006,0.17346687211093992,0.11801012546775258,-0.07551617873651773,0.16779440898084966,-0.19563284173453666,-0.387640325775919,-0.28716266784063393,-0.40871230464450803,-0.15825225621835792,-0.1839093110279551,-0.06436055469953775,-0.1522870349988994,0.08398415144177857,-0.053808056350429234,0.42282632621615673,0.08437816420867268,-0.0066431873211534225,-0.03097292537970504,-0.23145718688091568,-0.3705216817081224,-0.07789346246973365,-0.06499449702839534,-0.10194144838212635,-0.2061567246313009,-0.030290556900726393,-0.08957296940347788,-0.09822804314329737,-0.12182038300682368,0.5505084745762712,0.34292978208232444,0.30768875192604006,0.23303103675985032,0.4491107197886859,0.10384547655734097,0.15410081443979748,-0.21582874752366277,0.3506009244992296,0.09944530046224961,0.12953995157384987,0.0638696896324015,0.17963460268545015,0.001954655513977548,0.2568390931102795,-0.27187101034558664,-0.16282632621615672,-0.32792207792207795,-0.17337882456526524,0.19202509355051728,0.044598283072859346,-0.14795069337442218,-0.36434294519040283,-0.2709817301342725,-0.46324014968082766,-0.2612480739599384,-0.14674003962139556,-0.10832709663218137,-0.15414483821263483,-0.067442218798151,0.05289236187541272,-0.044697336561743344,-0.0735659255998239,-0.047402597402597405,0.15818622055910192,-0.06364076601364738,-0.1261237068016729,-0.12876513317191282,-0.024006163328197227,-0.15280431432973807,-0.09715826546335021,-0.1812260620735197,-0.24998459167950693
#102,-0.04281752146158926,0.09304864626898525,-0.1383711204050187,0.1385560202509355,0.033425049526744445,-0.05405899185560203,0.005740699977988113,-0.2330794629099714,-0.03460708782742681,0.13569887739379266,-0.14576051067576493,-0.33144618093770634,-0.14931102795509577,-0.15316751045564606,0.49311027955095754,1.0,-0.1882324455205811,-0.01802773497688752,0.4394210873871891,0.4734338542813119,0.3385516178736518,0.6398415144177856,-0.2955249834910852,-0.06317851639885538,-0.18802773497688752,0.033275368699097516,-0.2555580013207132,-0.4499471714725952,0.1889786484701739,0.2855227823024433,0.021397754787585297,0.11517279330838653,-0.249867928681488,0.010217917675544794,0.2084635703279771,0.2459388069557561,0.3414417785604226,0.47552058111380147,-0.12604006163328196,0.32274708342504954,0.06639885538190624,0.31061413163108076,-0.0021769755668060754,0.2225445740699978,-0.17531807175874972,-0.0813911512216597,-0.1553598943429452,-0.4491371340523883,-0.04147919876733436,-0.20452564384767774,-0.14612810917895663,-0.3150803433854281,-0.21431873211534228,-0.11592119744662117,0.08652432313449263,0.3057715166189742,-0.12006823684789787,0.25845916795069335,-0.12803433854281313,-0.3426656394453005,-0.14569227382786704,-0.17210213515298262,0.14246313009024875,0.12504072198987454,-0.05285053929121726,-0.06536429672022892,0.05339863526304204,0.045071538630860664,0.41629980189302224,0.4152740479859124,0.07504732555580013,-0.04619854721549637,0.29408320493066253,-0.015197006383447061,0.25033898305084745,-0.11843495487563284,0.23386088487783402,-0.10501210653753026,-0.177277129650011,0.33905569007263925,0.17645608628659476,0.10032577591899626,0.04679506933744222,-0.055657054809597185,0.06838212634822805,-0.1774950473255558,-0.2192163768434955,0.19517279330838652,0.11987893462469734,-0.12066035659255998,-0.10498128989654414,-0.23103896103896104,-0.2815892581994277,-0.102359674224081,-0.01834470614131631,-0.22948492185780323,-0.0896632181377944,-0.3388553819062294,-0.17173233546114902,-0.21037860444640105,-0.14293858683689192,-0.1859145938806956,-0.0989456306405459,-0.35262161567246314,-0.24029936165529386,-0.2008892802113141,-0.29315210213515297,-0.1396500110059432,-0.05524983491085186,-0.14700418225841955,-0.09488883997358574
#201,0.22535769315430332,0.20660356592559984,0.6738278670482061,0.5182654633502091,0.027219898745322473,0.24800132071318512,0.15258639665419327,-0.3071846797270526,-0.257244111820383,0.5378098173013427,0.33633061853400836,-0.09325115562403698,-0.04311248073959938,-0.2589720449042483,0.03891041162227603,-0.1882324455205811,1.0,0.6829561963460269,-0.1946995377503852,-0.4917873651771957,-0.10298921417565485,-0.22602245212414704,0.27039181157825226,-0.267640325775919,0.3834756768655074,-0.021054369359454105,0.5387937486242571,0.4688795949812899,0.30051727933083866,-0.06446841294298922,0.23675324675324674,-0.22840193704600484,0.5127140655954215,0.038188421747743784,0.02077261721329518,-0.06469953775038521,0.18162667840633942,-0.2826766453885098,0.4712590799031477,-0.12134272507153863,0.010997138454765574,-0.22407660136473695,0.002513757429011666,-0.1985758309487123,0.03102575390710984,-0.13523882896764253,0.3500418225841955,0.2808364516839093,0.2212458727712965,0.179570768214836,0.4051882016288796,0.4143539511336122,0.53508254457407,0.3783931322914374,0.3163482280431433,-0.15264802993616552,-0.3199735857362976,-0.6251199647809818,-0.07443099273607748,0.23066035659255998,-0.2571714725952014,-0.25771736737838435,-0.452491745542593,-0.5752366277790006,0.5389896544133832,0.31407880255337883,-0.2138102575390711,-0.35978648470173896,-0.013585736297600704,-0.3652256218357913,0.21747303543913712,0.36465551397754786,-0.3204842615012107,-0.09464230684569667,-0.3594078802553379,-0.33252036099493726,-0.2940039621395554,-0.2241734536649791,0.23285274047985913,-0.3809619194364957,0.03779440898084966,-0.04058111380145278,0.3383094871230464,0.038445960818842176,-0.3917675544794189,-0.22068236847897865,-0.27331719128329296,0.0891041162227603,-0.25790887079022673,-0.13568567026194145,0.026363636363636363,-0.23940788025533788,-0.05436275588817962,0.00337442218798151,-0.15072639225181597,0.663119084305525,0.15031256878714505,0.6632445520581114,0.5817719568567026,0.5418776139115122,0.5573079462909971,0.6138322694254897,0.25541272287035,0.5622408100374202,0.5553356812678847,0.6521395553598943,0.5411666299801893,-0.4124653312788906,-0.2436847897864847,-0.33210653753026637,-0.31046665199207574
