,#10,#11,#12,#13,#17,#18,#26,#49,#50,#51,#52,#53,#54,#58,#101,#102,#201,#202,#301,#302,#401,#402,#501,#502,#601,#602,#701,#702,#801,#802,#901,#902,#1001,#1002,#1101,#1102,#1201,#1202,#1301,#1302,#1401,#1402,#1501,#1502,#1601,#1602,#1701,#1702,#1801,#1802,#1901,#1902,#2001,#2002,#2101,#2102,#2201,#2202,#2301,#2302,#2401,#2402,#2501,#2502,#2601,#2602,#2701,#2702,#2801,#2802,#2901,#2902,#3001,#3002,#3101,#3102,#3201,#3202,#3301,#3302,#3401,#3402,#3455,#3501,#3502,#3601,#3602,#3701,#3702,#3801,#3802,#3901,#3902,#4001,#4002,#4101,#4102,#4201,#4202,#4301,#4302,#4401,#4402,#4501,#4502,#4601,#4602,#4701,#4702,#4801,#4802
#10,1.0,0.4241800572309047,0.42686550737398193,0.4262315650451244,0.12896984371560644,0.18626458287475237,0.40248294078802554,0.26530266343825665,0.24930002201188642,0.3934470614131631,0.35927140655954215,0.24965441338322694,0.1384767774598283,0.15922518159806295,-0.33442659035879374,0.040728593440457844,0.4570878274268105,0.20937046004842616,1.3207131851199647e-05,0.15387409200968524,-0.1432291437376183,0.13471714725952014,-0.23506493506493506,0.07309046885318071,-0.005954215276249174,0.07897424609289017,-0.07556240369799692,-0.014036979969183358,-0.09787365177195685,-0.13497908870790226,-0.08415144177856042,-0.03480739599383667,0.1252410301562844,-0.10554259300022012,-0.11027955095751706,-0.14119084305524984,-0.13626678406339424,-0.11773937926480299,-0.12469953775038521,-0.09612810917895663,-0.062350869469513535,-0.1423794849218578,-0.4190182698657275,-0.16607968302883558,-0.23154523442659036,-0.2917411402157165,-0.1617279330838653,-0.18239049086506715,-0.03442659035879375,-0.010429231785163988,0.04772176975566806,-0.07414924058991855,-0.16999559762271627,-0.10121725731895223,-0.2716596962359674,-0.1161897424609289,-0.23649790887079022,-0.12917455425930002,-0.17071318511996478,-0.14093770636143518,0.23999559762271627,0.3519238388729914,-0.16405679066696016,-0.13833590138674884,0.2296456086286595,0.028190622936385648,0.17658155403918116,0.1869733656174334,0.15763812458727713,0.3069095311468193,0.4092031697116443,0.3650429231785164,-0.072128549416685,-0.08877834030376404,-0.1893220338983051,0.0677195685670262,-0.023130090248734317,0.132194585075941,-0.1346401056570548,0.0648117983711204,0.029724851419766673,0.0399735857362976,0.2632753686990975,-0.1762557781201849,0.11933744221879815,0.04222320052828527,0.19625357693154302,0.024246092890160685,0.22066696015848558,0.07017169271406559,0.019621395553598944,-0.09025753907109839,-0.08352190182698657,0.0752674444199868,0.11186440677966102,0.14447281532027295,0.27416024653312787,0.30743341404358354,0.07676865507373982,0.15559542152762493,0.04190622936385648,0.1785428131190843,-0.09209553158705701,0.07782962799911952,0.12877834030376403,0.20379484921857804,0.09951353731014748,0.31268545014307725,0.05037640325775919,-0.053825665859564165,0.051327316751045564
#11,0.4241800572309047,1.0,0.22504732555580012,0.0710741800572309,-0.06080123266563944,0.029542152762491745,0.22935505172793308,0.060587717367378384,0.17339643407440017,0.40773937926480297,0.2909222980409421,0.19236407660136473,0.0924058991855602,0.21120405018710103,-0.1260642747083425,0.24042923178516398,0.15194364957076822,0.0038432753686990975,0.12818622055910192,0.2543517499449703,-0.11264582874752366,0.319702839533348,-0.2366123706801673,0.14117103235747303,-0.03695575610829848,0.07060532687651332,0.07405899185560202,-0.032753686990975125,-0.02667840633942329,-0.07915474356152322,-0.09532907770195906,0.15649570768214835,-0.11934844816200749,-0.12727492846136915,0.040957517059211974,-0.03149900946511116,-0.0865397314549857,-0.04659916354831609,-0.01843495487563284,0.004402377283733216,-0.023048646268985253,-0.31352410301562844,-0.22352850539291216,-0.06009024873431653,-0.22732775698877394,-0.175049526744442,-0.18920096852300242,-0.20140876073079464,0.02650231124807396,-0.03723090468853181,-0.06637244111820383,0.003761831388950033,-0.13934624697336562,0.12330398415144178,-0.10368919216376843,0.06105657054809597,-0.18030376403257758,0.16685890380805635,-0.16929341844596082,-0.1606405458947832,0.1171582654633502,0.1249042482940788,0.10204270305965221,0.11694034778780542,0.2686880915694475,0.04576931543033238,0.06531366938146599,0.21016949152542372,0.14234866828087167,0.1922870349988994,0.20696015848558222,0.10977107638124588,0.015705480959718247,0.07353731014747963,0.0175016508914814,0.12546114902047106,0.012317851639885538,0.13109839313229144,-0.0950759410081444,0.022821923838872993,-0.004402377283733216,-0.004739159145938807,0.042788906009244995,-0.06263482280431433,-0.06958617653532907,-0.09327096632181378,0.1113581333920317,-0.031450583314990094,0.16057230904688533,-0.02927360774818402,0.05718247853841074,-0.31802553378824566,-0.06777459828307286,0.05126788465771517,-0.12115122165969623,0.04047765793528505,0.22313229143737617,0.0776139115122166,0.049742460928901604,-0.1012788906009245,-0.014591679506933745,-0.03670482060312569,-0.06782962799911953,-0.03064274708342505,-0.010022011886418667,0.11137574290116663,-0.01605326876513317,0.10083425049526744,0.05845696676205151,-0.14772837332159366,0.017010785824345145
#12,0.42686550737398193,0.22504732555580012,1.0,0.604406779661017,0.40423508694695137,0.48528505392912175,0.34864406779661017,0.18172353070658157,-0.006863306185340084,0.6339533348007924,0.3086396654193264,0.297211093990755,0.40438036539731453,0.017666740039621397,-0.5945498569227383,-0.3757825225621836,0.5929143737618314,0.6817587497248514,-0.5054941668500991,-0.4552410301562844,-0.3288069557561083,-0.19527404798591239,-0.06919216376843496,0.04902487343165309,-0.09296940347787805,-0.0922011886418666,-0.07112920977327757,-0.020002201188641867,0.3161699317631521,-0.20187541272287035,0.14631741140215718,-0.0862161567246313,0.4028989654413383,-0.251023552718468,-0.2839357252916575,-0.30055690072639224,-0.49827206691613474,-0.46412282632621615,0.04813999559762271,-0.3214417785604226,0.030567906669601585,-0.34715606427470835,-0.18213735417125249,-0.3038828967642527,0.10408540611930442,-0.10203169711644287,-0.17743121285494168,0.0014461809377063614,-0.10509795289456307,-0.07549856922738278,0.33660136473695795,0.09223200528285275,0.20729473915914595,0.17578252256218357,-0.16628439357252917,-0.32080783623156506,-0.06652432313449262,-0.42053048646268987,0.12840854061193044,0.13072639225181598,0.42724191063174116,0.48452564384767777,-0.40674003962139554,-0.493860884877834,0.32248073959938367,0.023948932423508696,-0.09757869249394673,0.025223420647149462,-0.20284833810257538,-0.16378164208672683,0.5498371120405019,0.46173893902707464,0.0522474136033458,-0.0112326656394453,-0.40733656174334143,-0.2771538630860665,-0.041496808276469295,0.006649790887079022,-0.054589478318291876,-0.17133612150561303,0.009476117103235747,0.17309927360774818,0.352425709883337,-0.0003059652212194585,0.11062733876293199,0.22169051287695354,0.3857825225621836,0.25319172353070657,0.054871230464450804,0.22863746423068457,0.15979528945630642,0.06388729914153643,0.27854941668500993,0.3486330618534008,0.2390182698657275,0.550528285274048,0.2791173233546115,0.7676161127008585,0.6857318952234206,0.2618820162887959,0.587475236627779,0.6769205370900286,0.05270746202949593,0.4343649570768215,0.4163064054589478,0.4419568567026194,0.45921857803213734,0.36490204710543694,0.09282852740479859,0.2467510455646049,0.20694034778780543
#13,0.4262315650451244,0.0710741800572309,0.604406779661017,1.0,0.5357473035439138,0.5541360334580674,0.21079242791107197,0.15554699537750385,0.05045564604886639,0.48513757429011667,0.02438036539731455,0.49961919436495705,0.3771758749724851,0.09068897204490425,-0.49424829407880255,-0.2812656834690733,0.44285714285714284,0.42898305084745764,-0.4110741800572309,-0.19759850319172353,-0.29228043143297383,-0.15432753686990974,-0.09602465331278891,0.13137574290116663,-0.17893682588597842,0.01946951353731015,-0.08928681488003522,0.12426590358793749,0.09016729033678186,-0.040761611270085846,0.08692934184459608,-0.08530706581554039,0.3178516398855382,-0.030429231785163987,-0.10000880475456747,-0.11534668721109399,-0.2078120184899846,-0.20538630860664758,0.09115562403697997,-0.15089808496588158,-0.08619194364957077,-0.1354105216817081,-0.23780101254677527,-0.15430772617213295,0.15750605326876513,-0.00423728813559322,0.09741140215716487,0.25928241250275147,-0.06726172132951794,0.01894342945190403,0.22805635042923178,0.1241470394012767,0.08061413163108079,-0.011470394012766894,-0.2451617873651772,-0.20596962359674223,-0.22012326656394454,-0.3293154303323795,0.16985031917235308,0.2315100154083205,0.2678692493946731,0.1946070878274268,-0.1601782962799912,-0.3091899625797931,0.2141866607968303,-0.02902487343165309,-0.03125687871450583,-0.003156504512436716,-0.24665639445300463,-0.09357032797710764,0.2201452784503632,0.16436495707682147,-0.13563504292317852,0.006295399515738499,-0.32391811578252255,-0.2673321593660577,-0.07921637684349549,0.030783623156504514,-0.08057891261281092,0.01898745322474136,0.11678626458287475,0.28114241690512876,0.2532137354171253,-0.04102355271846797,0.2043165309267004,0.04847897864847017,0.24165749504732556,0.30257539071098394,0.242755888179617,0.36177856042262824,0.22997798811358133,0.14412502751485803,0.2254105216817081,0.18300902487343165,0.255313669381466,0.1335197006383447,0.18941668500990536,0.5188487783403037,0.46832709663218136,0.34096191943649573,0.31476997578692495,0.48975126568346905,0.12028615452344266,0.43468853180717587,0.3913383226942549,0.4017279330838653,0.3803235747303544,0.22478098173013428,0.04873871890821043,0.04610169491525424,0.061747743781642085
#17,0.12896984371560644,-0.06080123266563944,0.40423508694695137,0.5357473035439138,1.0,0.4577217697556681,-0.0888928021131411,-0.01824785384107418,0.041877613911512214,0.27506053268765135,-0.036907329958177415,0.44623376623376626,0.34417565485362095,-0.04141316310807836,-0.174818401937046,-0.3020757208892802,0.43260400616332817,0.3070372000880475,-0.2978516398855382,-0.21075500770416025,-0.0700264142637024,-0.1282918776139115,-0.04806515518379925,0.022949592780101256,-0.01905348888399736,0.05117543473475677,-0.21068897204490425,0.09659035879374862,0.19305084745762713,0.12330618534008364,0.09369359454105217,0.1423134492626018,0.2650693374422188,-0.003482280431432974,0.07230464450803434,-0.03644948272066916,0.01933083865287255,-0.021254677525863967,0.2306075280651552,0.08246753246753247,0.1171912832929782,0.010735197006383448,-0.018010125467752585,0.026211754347347568,-0.13792427911071978,-0.08406339423288575,0.09909311027955096,0.29350429231785163,-0.1661104996698217,-0.12948932423508694,-0.1100924499229584,-0.043715606427470834,-0.07598503191723531,0.04199207572088928,-0.09517719568567026,-0.018100374202069117,-0.3462755888179617,-0.2940039621395554,0.011591459388069558,0.09455425930002201,0.15011666299801893,0.25229143737618315,-0.014838212634822804,-0.038170812238608846,-0.028633061853400837,-0.15286154523442658,0.001364736957957297,-0.05206911732335461,-0.11512436715826546,-0.061961259079903144,0.10536869909751266,0.09576491305304864,-0.05430552498349109,0.15682588597842836,-0.1427690953114682,-0.15779000660356593,0.036075280651551835,-0.02270526084085406,0.2492273827867048,-0.07406779661016949,0.14848117983711204,0.5156394453004622,0.06655073739819503,0.10645828747523663,0.4485031917235307,0.03489544353951134,0.3632885758309487,0.42493506493506494,0.2754567466431873,0.37376183138895,0.403053048646269,0.033039841514417786,0.125941008144398,0.007541272287034999,0.17101915034118423,0.2796654193264363,0.03953995157384988,0.3941712524763372,0.3490843055249835,0.21894342945190404,0.14386528725511777,0.41128329297820826,0.2767686550737398,0.39043803653973147,0.28067796610169493,0.2879088707902267,0.15894342945190404,0.12092890160686771,0.056295399515738496,0.09155183799251596,0.048855381906229366
#18,0.18626458287475237,0.029542152762491745,0.48528505392912175,0.5541360334580674,0.4577217697556681,1.0,0.19734096412062513,0.009834910851860005,0.08442438917015188,0.4363592339863526,0.24867708562623816,0.4339005062733876,0.20186220559101914,-0.07941888619854721,-0.42031917235307065,-0.5095157384987894,0.4146797270526084,0.5334932863746423,-0.43263702399295617,-0.3416707021791768,-0.33899405679066696,-0.3531256878714506,0.13501210653753026,0.11308606647589699,-0.03265243231344926,0.05561963460268545,0.09664979088707902,0.22908210433634163,0.08694915254237288,0.1839291217257319,0.3015166189742461,0.014545454545454545,0.2974642306845697,0.019931763152102135,-0.15903367818622055,-0.1465727492846137,-0.22403697996918337,-0.21742460928901608,0.29281752146158924,-0.054549856922738275,-0.056174334140435836,-0.18819502531366938,0.04254677525863967,-0.24599603786044463,0.07818842174774378,0.06744882236407661,0.03419986792868149,0.2732489544353951,-0.00562623816861105,0.14718688091569448,0.270561303103676,0.16368258859784285,0.34347787805414925,0.09729694034778781,-0.19014747963900505,-0.41867048206031254,0.03302663438256659,-0.14867708562623816,-0.02334140435835351,0.05421087387189082,0.27491745542593,0.22579352850539292,-0.182887959498129,-0.302524763372221,0.11926480299361655,-0.021584855822143957,-0.17471714725952014,-0.04822584195465551,-0.21646489104116223,-0.18526524323134494,0.21752366277790006,0.04669161347127449,-0.00637244111820383,0.008032137354171253,-0.2800066035659256,-0.13777239709443098,-0.023609949372661237,0.11637244111820383,0.15017609509134933,-0.2939753466872111,0.19147479639005063,0.4360334580673564,0.3162183579132732,0.20701078582434515,0.3733612150561303,0.09435615232225401,0.19736077481840195,0.2430464450803434,0.18730134272507154,0.4438674884437596,0.221732335461149,0.027418005723090468,0.10598062953995158,0.022656834690732996,-0.018173013427250716,0.3137574290116663,0.052106537530266346,0.45485582214395776,0.4452938586836892,0.188267664538851,0.20353731014747964,0.47616112700858465,0.22498789346246972,0.2943451463790447,0.3666850099053489,0.28390490865067136,0.41067796610169494,0.3089918556020251,0.04831829187761391,0.09527624917455425,0.046277790006603564
#26,0.40248294078802554,0.22935505172793308,0.34864406779661017,0.21079242791107197,-0.0888928021131411,0.19734096412062513,1.0,0.2513251155624037,0.22370680167290335,0.34070217917675544,0.27884437596302003,0.21596302003081663,0.12743781642086727,0.3599977988113581,-0.2845190402817521,-0.15385648250055028,0.3369689632401497,0.3629672022892362,-0.221699317631521,-0.21429892141756549,-0.162425709883337,-0.2628967642526965,-0.10072639225181598,-0.1705679066696016,-0.06441118203830068,-0.2387739379264803,-0.085148580233326,-0.12291217257318952,0.08057010785824345,-0.01996918335901387,0.3756878714505833,-0.041967862645828746,0.0998283072859344,-0.14101694915254237,-0.08943209333039842,-0.2843825665859564,-0.29608628659476116,-0.33993176315210216,-0.05871230464450804,-0.40822364076601364,-0.0075720889280211316,-0.21670922298040943,-0.148300682368479,-0.12263262161567247,-0.09513757429011667,-0.3938256658595642,-0.21727492846136914,-0.14095311468192825,0.09797710763812459,0.020860664758969843,0.2805987233105877,-0.07259960378604446,0.08786924939467312,-0.05160906889720449,-0.2720427030596522,-0.4195971824785384,0.14146599163548315,-0.3453709002861545,-0.0586880915694475,-0.24435615232225402,0.27469073299581775,0.2176799471714726,-0.11525203609949372,-0.2260972925379705,0.26649570768214836,0.050354391371340526,0.318333700198107,0.5007197886858904,0.34158705701078584,0.25189302223200527,0.6211864406779661,0.4439621395553599,0.287805414924059,0.03050407219898745,-0.0014968082764692935,0.015941008144397976,0.09778120184899845,0.18704380365397313,-0.08707902267224302,-0.14107197886858905,0.08672683248954435,-0.043612150561303104,0.3127360774818402,0.015309267004182258,0.05313229143737618,0.1525775918996258,0.12703720008804756,0.04677525863966542,-0.040900286154523444,-0.014774378164208672,-0.12053929121725732,-0.20886198547215495,-0.22134272507153863,0.21246313009024873,0.07595861765353291,0.27458507594100817,0.04027514858023332,0.28389610389610387,0.13248294078802553,0.07457627118644068,0.18604666519920757,0.38607528065155183,-0.0462359674224081,0.09875632841734537,0.14862645828747523,0.22919216376843496,0.3118776139115122,0.33043143297380584,0.0729143737618314,0.022993616552938585,0.12012987012987013
#49,0.26530266343825665,0.060587717367378384,0.18172353070658157,0.15554699537750385,-0.01824785384107418,0.009834910851860005,0.2513251155624037,1.0,0.27194144838212636,0.26436055469953773,0.09672903367818622,0.286979969183359,0.29372661237068015,0.10240149680827647,-0.14218578032137355,-0.09132951793968744,0.22778340303764033,0.07942769095311468,0.08925379705040722,-0.13144618093770635,0.06568126788465771,-0.11840854061193044,-0.2560664758969844,-0.4704798591239269,-0.2935659255998239,-0.3062161567246313,-0.2657032797710764,-0.3444706141316311,0.3686528725511776,0.09258639665419327,-0.1266784063394233,-0.14402377283733217,-0.01700858463570328,-0.1912590799031477,-0.005848558221439577,0.06778340303764033,-0.12184899845916795,-0.13628879594981289,-0.43662777900066035,-0.4404820603125688,-0.00425049526744442,-0.011835791327316752,-0.33018049746863304,0.09457847237508255,-0.022645828747523664,-0.13757208892802114,-0.3280761611270086,-0.2332049306625578,-0.18423728813559323,-0.23054369359454105,0.22277790006603565,-0.11087167070217918,-0.14506493506493506,-0.11834030376403258,-0.04176315210213515,-0.14886198547215496,-0.046161127008584636,-0.3952278230244332,0.04132071318511996,-0.08233105877173674,-0.02970944309927361,-0.041554039181157826,-0.2684745762711864,-0.24108518600044024,0.024994497028395332,-0.09210213515298261,0.24605767114241692,0.24407440017609508,0.2416530926700418,0.12787805414924058,0.3424675324675325,0.2164802993616553,0.3457362976007044,0.1226502311248074,0.11341404358353512,0.11998459167950694,0.10859344045784723,0.11570768214836011,-0.2210477657935285,0.07456526524323134,0.26966762051507814,-0.12168611049966982,-0.04373541712524763,0.050482060312568786,-0.11101034558661678,0.11414483821263482,-0.094785384107418,0.1260642747083425,-0.021879815100154083,0.07301122606207353,-0.16489764472815321,-0.194455205811138,-0.06211754347347568,-0.02218578032137354,0.13440898084965883,0.14755668060752808,-0.015190402817521462,0.015408320493066256,-0.03527845036319613,-0.014985692273827867,0.019209773277569887,0.056445080343385426,-0.12573629760070437,-0.21657935285053928,-0.07209993396434074,-0.11966541932643628,-0.124785384107418,-0.011483601144618093,0.005368699097512657,0.08045124367158266,0.10059432093330399
#50,0.24930002201188642,0.17339643407440017,-0.006863306185340084,0.05045564604886639,0.041877613911512214,0.08442438917015188,0.22370680167290335,0.27194144838212636,1.0,0.19720669161347126,0.3389456306405459,0.2909509134932864,0.14578472375082543,0.29138014527845035,0.17686550737398196,-0.07194144838212635,-0.04731895223420647,-0.003964340744001761,-0.02668500990534889,-0.04107638124587277,0.11412062513757429,-0.1,0.03587057010785824,-0.09342504952674444,0.06976447281532028,-0.01602245212414704,-0.23768214836011445,-0.18741360334580673,-0.14423948932423508,-0.002436715826546335,-0.14506713625357692,0.09787805414924058,-0.08621835791327316,-0.1782126348228043,0.019491525423728815,-0.10332819722650231,0.022467532467532466,-0.12567246313009026,-0.027499449702839532,0.010955315870570108,-0.0005040721989874532,-0.16592339863526304,0.14553158705701078,-0.08968523002421308,-0.055824345146379045,-0.25134272507153865,-0.1259388069557561,-0.25584195465551396,-0.13025974025974027,-0.2092295839753467,-0.043134492626018046,-0.013189522342064715,-0.07429672022892361,-0.0162623816861105,0.17767554479418887,-0.04707241910631741,0.09354171252476337,-0.046603565925599826,-0.09571868809156944,-0.16756548536209553,0.04696896324014968,-0.004987893462469734,0.046656394453004624,-0.040433634162447725,-0.1466982170372001,-0.192491745542593,0.3565441338322694,0.19613911512216597,0.24913273167510455,0.1902839533348008,0.21736737838432754,0.029454105216817083,0.13056350429231786,0.057123046445080344,0.41832269425489765,0.2753620955315871,0.2705260840854061,0.27641206251375744,-0.08930882676645388,-0.09737178076161127,0.328168611049967,-0.06262821923838872,0.01047985912392692,0.004019370460048426,0.21826106097292539,-0.0025225621835791327,0.05412062513757429,-0.08536649790887078,0.1098481179837112,0.03970724191063174,-0.11680167290336782,-0.24159145938806956,-0.38333039841514416,-0.21927140655954216,-0.23058991855602026,-0.05198987453224741,0.02727272727272727,-0.06925159586176535,-0.08431873211534228,-0.24510675764913054,-0.09334800792427911,-0.1013185119964781,-0.035580013207131854,-0.2415276249174554,0.13828747523662777,-0.1741668500990535,-0.03520801232665639,0.19327316751045565,-0.1233612150561303,-0.17453885097952895,-0.17558661677305745
#51,0.3934470614131631,0.40773937926480297,0.6339533348007924,0.48513757429011667,0.27506053268765135,0.4363592339863526,0.34070217917675544,0.26436055469953773,0.19720669161347126,1.0,0.3575676865507374,0.3680277349768875,0.30666079683028835,-0.012291437376183139,-0.3760136473695796,-0.24205370900286155,0.5988465771516619,0.5074180057230905,-0.27030596522121947,-0.30835571208452567,-0.27621175434734757,-0.11803874092009685,-0.13043363416244771,-0.03394012766894123,-0.11483601144618094,-0.21224301122606207,-0.07338542813119084,-0.14196125907990315,0.2222342064714946,-0.07586176535329078,0.19974466211754346,-0.0475544794188862,0.28947611710323573,-0.10954655513977547,-0.11972044904248294,-0.1843319392471935,-0.24068236847897864,-0.2897424609289016,0.08377944089808496,-0.3022804314329738,0.11413163108078363,-0.2437442218798151,-0.1241008144397975,-0.12982610609729253,-0.05219678626458287,-0.09087167070217918,-0.12670922298040943,-0.06751705921197447,0.051413163108078364,-0.06416905128769536,0.1307307946290997,-0.10398855381906229,0.12703940127668942,0.13478978648470175,-0.13657054809597183,-0.2687871450583315,0.05649570768214836,-0.25120184899845915,-0.025573409641206253,0.08082764692934184,0.39364736957957297,0.3235417125247634,-0.25902047105436937,-0.3829187761391151,0.23181598062953995,0.08212854941668501,0.04591679506933744,-0.016381245872771295,-0.03171252476337222,-0.09321373541712524,0.40179616993176315,0.32138234646709224,0.02284173453664979,0.1517609509134933,-0.1670724191063174,-0.05826106097292538,0.09785163988553819,0.07440017609509135,-0.21670702179176757,-0.2571846797270526,0.07179176755447941,0.05596302003081664,0.17731234866828088,0.03990975126568347,0.2914769975786925,0.2148976447281532,0.3727030596522122,0.15635042923178516,0.018430552498349108,0.18791987673343605,-0.01728813559322034,-0.07191723530706581,0.12861985472154963,0.17978648470173894,0.10896103896103897,0.37875192604006164,-0.02033017829627999,0.47331939247193483,0.2989390270746203,0.17716927140655955,0.34966762051507816,0.4698459167950693,0.030270746202949592,0.28279110719788686,0.367673343605547,0.2707219898745322,0.2921373541712525,0.2928131190843055,0.32359454105216817,0.055687871450583314,0.11360334580673563
#52,0.35927140655954215,0.2909222980409421,0.3086396654193264,0.02438036539731455,-0.036907329958177415,0.24867708562623816,0.27884437596302003,0.09672903367818622,0.3389456306405459,0.3575676865507374,1.0,-0.04054809597182479,0.011703720008804755,0.117178076161127,-0.06385208012326657,-0.04172353070658155,0.2655029716046665,0.2184569667620515,0.016740039621395555,-0.0400924499229584,-0.04355051727933084,0.10283292978208232,0.02610169491525424,0.11875852960598723,0.041710323574730354,0.12518600044023773,0.10712744882236408,-0.012747083425049526,0.012542372881355932,-0.12083645168390932,-0.07407880255337883,-0.059093110279550956,-0.08040942108738719,-0.15500770416024653,-0.09558001320713184,-0.1824851419766674,-0.10427690953114682,-0.09397314549856922,0.061804974686330616,-0.0908694695135373,0.03305965221219458,-0.07046004842615013,0.02521681708122386,-0.14624036979969182,-0.1915694475016509,-0.15091129209773277,-0.2674290116662998,-0.20844596081884217,0.09492185780321373,0.03910411622276029,0.07225841954655514,0.08295179396874312,0.021981069777679947,0.11973365617433414,0.018659476117103235,-0.06436715826546335,0.09300682368478978,0.08507814219678626,-0.3970438036539731,-0.34617433414043586,0.1468831168831169,0.25873651771956857,-0.2402179176755448,-0.17576051067576492,0.11450143077261721,-0.059484921857803214,-0.023574730354391372,-0.2082522562183579,0.17242791107197886,0.07133392031697117,0.390726392251816,0.1763284173453665,0.12098393132291438,0.03294078802553379,0.03328637464230685,0.18229583975346686,0.09491745542593,0.14656394453004623,0.07193264362755888,-0.054831609068897204,0.12885758309487122,0.010391811578252256,0.028952234206471493,-0.12165309267004182,-0.04913713405238829,-0.0802113141096192,0.0263020030816641,-0.11903367818622056,0.0211600264142637,-0.07230244331939248,-0.03669161347127449,-0.37078362315650454,-0.2109971384547656,-0.11884437596302003,-0.27434074400176095,0.19022892361875413,0.24987893462469735,0.16684789786484702,0.1652014087607308,-0.15053048646268985,0.014761171032357473,0.0287012987012987,-0.057070217917675546,-0.12508254457407,0.12506713625357693,0.03369359454105217,0.016491305304864628,0.1986484701738939,0.0840347787805415,-0.10855602025093551,-0.06276689412282632
#53,0.24965441338322694,0.19236407660136473,0.297211093990755,0.49961919436495705,0.44623376623376626,0.4339005062733876,0.21596302003081663,0.286979969183359,0.2909509134932864,0.3680277349768875,-0.04054809597182479,1.0,0.6838344706141316,-0.007037200088047545,-0.08057010785824345,-0.2552564384767775,0.17863306185340083,0.1755249834910852,-0.280906889720449,-0.1752344265903588,-0.023755227823024434,-0.3458133392031697,-0.19432753686990975,-0.12346467092229804,-0.26963460268545014,-0.14429231785163987,-0.23003081664098612,-0.1441316310807836,0.11228263262161567,0.11427690953114682,0.09089808496588157,0.15961479198767334,0.18887079022672243,-0.07213735417125247,0.09707021791767555,0.02400396213955536,-0.06856042262821924,-0.14683248954435396,-0.00199867928681488,-0.1063284173453665,-0.03793088267664539,-0.11341624477217697,-0.1999207572088928,-0.07974025974025974,-0.08191283292978208,-0.13960158485582214,-0.05156944750165089,-0.04479639005062734,-0.21860444640105656,-0.2440611930442439,-0.028872991415364296,-0.08983491085186,-0.13333920316971165,-0.21971164428791548,-0.21799691833590137,-0.36723310587717367,-0.23919876733436055,-0.28189082104336344,0.1511930442438917,-0.0074884437596302,0.20256218357913272,0.14799911952454325,0.21068016729033678,0.00700858463570328,0.084884437596302,-0.29693814659916357,0.21101474796390052,0.28975346687211095,-0.012804314329738059,0.13504512436715826,0.07476997578692494,0.0078032137354171255,0.17272507153863087,-0.0005062733876293198,0.08096852300242131,-0.016064274708342506,0.2450429231785164,0.3586088487783403,-0.08254897644728153,-0.18189962579793087,0.5023310587717368,0.25883777239709443,0.16285494166850098,0.21121065375302664,0.3666255778120185,0.17047105436935944,0.31004842615012107,0.2609311027955096,0.09208012326656395,0.29940347787805416,0.12524543253356812,-0.13492846136913933,0.04018049746863306,0.12371560642747083,0.13632401496808277,0.04648250055029716,-0.14608188421747745,0.23044243891701519,0.04977107638124587,0.12517059211974466,-0.011120405018710103,0.3722694254897645,0.2545124367158266,0.23364957076821483,0.28061193044243893,0.09434954875632842,0.17226502311248074,0.25505392912172575,0.06189302223200528,0.09302223200528285,0.15724851419766675
#54,0.1384767774598283,0.0924058991855602,0.40438036539731453,0.3771758749724851,0.34417565485362095,0.20186220559101914,0.12743781642086727,0.29372661237068015,0.14578472375082543,0.30666079683028835,0.011703720008804755,0.6838344706141316,1.0,0.07210653753026634,-0.2634228483381026,-0.27193264362755887,0.2018467972705261,0.11440457847237508,-0.29020911292097734,-0.2537772397094431,-0.15148139995597623,-0.29557340964120626,-0.1322209993396434,-0.06883557120845256,-0.35569227382786706,-0.18545894783182917,-0.25309267004182256,-0.24759630200308166,0.278712304644508,-0.2152872551177636,-0.01589918556020251,-0.029738058551617874,0.23496808276469294,-0.07180057230904689,-0.13157164869029275,-0.10229363856482501,-0.2792956196346027,-0.267607307946291,-0.16217477437816422,-0.24294959278010125,0.057019590578912614,-0.09642526964560863,-0.19689192163768435,-0.0028659476117103237,0.09844375963020031,-0.0002773497688751926,-0.07731234866828088,-0.21260840854061194,-0.23666740039621395,-0.2243649570768215,0.11579132731675104,-0.00410741800572309,-0.05629319832709663,-0.17101915034118423,-0.10727052608408541,-0.3032445520581114,-0.19709883337001982,-0.21795289456306405,0.33471934844816204,0.26931102795509576,0.15799471714725952,0.20913493286374643,-0.05351089588377724,-0.12512216596962358,0.01301782962799912,-0.19301122606207352,0.20696896324014968,0.20090248734316532,-0.14995817741580453,-0.04799251595861766,0.1325313669381466,0.0462227602905569,0.2014109619194365,0.05474136033458067,-0.006112700858463571,-0.16618534008364516,0.12890821043363415,0.2706779661016949,-0.12580453444860223,-0.15298701298701298,0.38082764692934185,-0.022533568126788465,0.20002861545234427,0.05471054369359454,0.05068677085626238,0.19370680167290336,0.19855822143957738,0.2737178076161127,-0.11541052168170812,-0.004985692273827867,0.10071538630860664,-0.045329077701959056,0.27018049746863304,0.2595267444419987,0.24836891921637685,0.10397534668721109,-0.06290556900726392,0.2953246753246753,0.17526964560862865,0.1416486902927581,0.2672044904248294,0.4208232445520581,0.018712304644508033,0.20252696456086286,0.2999515738498789,0.1605194805194805,0.20917235307065815,0.19815760510675764,0.07382566585956417,0.17888399735857363,0.19056570548095972
#58,0.15922518159806295,0.21120405018710103,0.017666740039621397,0.09068897204490425,-0.04141316310807836,-0.07941888619854721,0.3599977988113581,0.10240149680827647,0.29138014527845035,-0.012291437376183139,0.117178076161127,-0.007037200088047545,0.07210653753026634,1.0,-0.16487563284173454,-0.02726832489544354,0.14457406999779882,-0.00990975126568347,-0.09826766453885098,0.10432973805855161,-0.04693374422187981,-0.0848250055029716,-0.03484041382346467,0.12053929121725732,-0.17441778560422627,-0.10026634382566586,-0.07182038300682368,-0.07563064054589479,-0.21451904028175214,-0.27198987453224743,-0.029702839533348006,-0.25313009024873434,-0.03940127668941228,-0.20744001760950914,-0.14027955095751707,-0.3287277129650011,-0.3018049746863306,-0.20014087607307945,-0.11810037420206912,-0.13951353731014748,-0.24294959278010125,-0.2647061413163108,-0.11603565925599824,0.03909090909090909,-0.0018049746863306186,-0.1440986132511556,-0.0704556460488664,-0.11062513757429011,0.01714505833149901,0.019826106097292538,0.20850979528945632,-0.14695795729694036,-0.08445520581113801,-0.27925159586176534,-0.13788685890380806,-0.2057671142416905,0.06679286814880035,-0.02242791107197887,-0.0937574290116663,-0.1412458727712965,0.13251375742901167,0.06975566806075281,0.17605326876513316,0.10209993396434075,0.035630640545894786,-0.007023992956196346,0.4801915034118424,0.4309949372661237,0.09877613911512216,0.202854941668501,0.2312326656394453,0.11532247413603346,0.13679066696015849,0.10486902927580893,0.1037376183138895,0.10467532467532467,0.12215936605767114,0.2000528285274048,-0.06440677966101695,-0.07504072198987453,0.15837992515958618,-0.12412062513757428,0.06260620735197006,-0.005894783182918776,-0.06897644728153203,0.05161567246313009,-0.05046224961479199,-0.1422209993396434,-0.007050407219898745,-0.11232445520581114,-0.025844155844155843,-0.17664098613251156,-0.36458507594100814,-0.03298040942108739,-0.05251375742901167,-0.11206911732335462,-0.008179616993176314,0.10027734976887519,-0.02011005943209333,0.007142857142857143,0.028452564384767776,0.07404358353510895,-0.12296059872331058,0.07780981730134273,0.15206251375742902,0.10342284833810257,0.02396434074400176,0.28293858683689194,-0.15414924058991855,-0.04326216156724631,-0.02228923618754127
#101,-0.33442659035879374,-0.1260642747083425,-0.5945498569227383,-0.49424829407880255,-0.174818401937046,-0.42031917235307065,-0.2845190402817521,-0.14218578032137355,0.17686550737398196,-0.3760136473695796,-0.06385208012326657,-0.08057010785824345,-0.2634228483381026,-0.16487563284173454,1.0,0.4860642747083425,-0.4567774598283073,-0.3868699097512657,0.48727272727272725,0.336205150781422,0.6468721109399076,0.23025093550517278,0.13131410961919437,-0.08315430332379485,0.3187827426810478,0.16707682148360115,-0.05478318291877614,-0.19814219678626457,-0.08408540611930443,0.16596962359674225,-0.19582214395773717,0.2191679506933744,-0.44478978648470174,0.038626458287475234,0.26326876513317193,0.2751683909311028,0.5415056130310367,0.4014329738058552,-0.03305965221219458,0.33035439137134054,0.09854941668500991,0.32707902267224304,0.20773717807616113,0.16237728373321594,-0.32682808716707024,-0.060352190182698655,0.024202069117323356,-0.14907990314769975,-0.18647589698437156,-0.29468412942989214,-0.5212920977327757,-0.17002861545234427,-0.3257274928461369,-0.03318511996478098,0.3775698877393793,0.3563746423068457,-0.009579572969403477,0.18674664318732115,-0.1861765353290777,-0.35519700638344703,-0.3152520360994937,-0.32431653092670043,0.34252696456086285,0.3848910411622276,-0.2633215936605767,-0.17915914593880697,-0.10479639005062734,-0.16162447721769754,0.46178296279991193,0.2711666299801893,-0.2624807395993837,-0.18168831168831168,0.02672903367818622,-0.10387189082104337,0.40541712524763374,0.22250275148580234,0.18906229363856483,-0.09104996698217037,0.204818401937046,0.230231124807396,0.009997798811358134,-0.16737398195025313,-0.21169051287695356,-0.0026194144838212635,0.0688597842835131,-0.35817081223860886,-0.20539071098393133,-0.11955095751705921,0.1340788025533788,-0.22924499229583975,-0.11656394453004623,-0.20104996698217037,-0.3185758309487123,-0.310396213955536,-0.23556460488663877,-0.2548316090688972,-0.11508034338542814,-0.5525863966541933,-0.5077327756988774,-0.41338983050847455,-0.5798987453224741,-0.5406999779881135,0.11403918115782523,-0.4148888399735857,-0.3204490424829408,-0.39605987233105877,-0.419273607748184,-0.25182698657274927,-0.09671362535769315,-0.23076821483601145,-0.11950913493286375
#102,0.040728593440457844,0.24042923178516398,-0.3757825225621836,-0.2812656834690733,-0.3020757208892802,-0.5095157384987894,-0.15385648250055028,-0.09132951793968744,-0.07194144838212635,-0.24205370900286155,-0.04172353070658155,-0.2552564384767775,-0.27193264362755887,-0.02726832489544354,0.4860642747083425,1.0,-0.38245652652432316,-0.29565925599823906,0.5316398855381906,0.7019370460048426,0.2645124367158265,0.6696302003081664,-0.08431212854941668,0.24489324235086948,0.12563944530046225,0.38027955095751703,0.0027096632181377945,-0.06535989434294519,-0.14074840413823464,0.00187541272287035,-0.13623156504512438,0.08214615892581995,-0.2376865507373982,0.04398195025313669,0.2102509355051728,0.21212414703940127,0.2185824345146379,0.26977988113581336,-0.24582434514637905,0.19177415804534448,0.03945630640545895,0.0686352630420427,-0.08328637464230684,0.20823024433193923,-0.09669381465991636,0.08428791547435616,-0.03336781862205591,-0.19699537750385207,-0.10985031917235306,-0.19930442438917015,-0.14155844155844155,-0.004827206691613471,-0.38963900506273386,0.04351749944970284,0.09480079242791108,0.4575148580233326,-0.32708342504952675,0.23245432533568128,-0.1756152322254017,-0.21688751926040062,-0.4024323134492626,-0.3417741580453445,0.20898745322474135,0.3708188421747744,0.034838212634822806,0.01707241910631741,-0.053825665859564165,-0.08497468633061854,0.4388201628879595,0.494455205811138,-0.11828967642526965,0.015031917235307066,-0.17422187981510015,-0.19226282192383887,0.14315650451243672,0.09169051287695355,-0.17813119084305526,-0.24094430992736077,0.08175434734756769,0.5873541712524764,-0.26694695135373103,-0.303251155624037,-0.17234866828087167,-0.251930442438917,-0.1833480079242791,-0.41252696456086285,-0.310693374422188,-0.1673233546114902,0.027723970944309926,-0.3627911071978869,-0.011111600264142638,-0.17883777239709442,-0.08446841294298922,-0.17739379264802993,-0.21034778780541494,-0.37130090248734315,0.2611093990755008,-0.47337882456526525,-0.27539731454985694,-0.19068897204490426,-0.2830442438917015,-0.39695135373101476,-0.23753907109839315,-0.27929782082324456,-0.3034778780541492,-0.17738718908210432,-0.3119326436275589,-0.3856548536209553,-0.29796830288355713,-0.38857142857142857,-0.21825885978428353
#201,0.4570878274268105,0.15194364957076822,0.5929143737618314,0.44285714285714284,0.43260400616332817,0.4146797270526084,0.3369689632401497,0.22778340303764033,-0.04731895223420647,0.5988465771516619,0.2655029716046665,0.17863306185340083,0.2018467972705261,0.14457406999779882,-0.4567774598283073,-0.38245652652432316,1.0,0.5716685009905349,-0.3172903367818622,-0.33370680167290334,-0.2400924499229584,-0.21935725291657496,-0.10439797490644949,-0.09442879154743561,-0.10080783623156504,-0.17389170151882016,-0.12200088047545675,-0.02690512876953555,0.2480871670702179,-0.10092890160686771,0.14013427250715385,-0.2104094210873872,0.31146599163548316,-0.1442460928901607,-0.25209773277569886,-0.2819832709663218,-0.35831388950033016,-0.2623090468853181,-0.033356812678846576,-0.2563944530046225,0.006530926700418225,-0.14255558001320714,-0.3163152102135153,-0.19874972485141976,-0.1771274488223641,-0.16659035879374862,-0.19112260620735197,0.004829407880255338,-0.0008738718908210434,-0.06181377944089809,0.11437376183138895,-0.2557076821483601,0.010257539071098392,-0.10083425049526744,-0.3559718247853841,-0.3200594320933304,-0.0009531146819282412,-0.3818600044023773,0.06528945630640545,0.012027294739159146,0.5173255558001321,0.546401056570548,-0.3166718027734977,-0.3585626238168611,0.23867268324895444,0.16007704160246533,-0.011413163108078363,0.09727712965001101,-0.0934206471494607,-0.13987893462469733,0.4242108738718908,0.5173893902707462,0.004961479198767335,0.03947391591459388,-0.4782456526524323,-0.19563284173453666,0.1261104996698217,0.19598503191723532,0.11454545454545455,-0.23942989214175656,0.04397754787585296,0.26701738939027075,0.22520360994937266,0.07842835130970724,0.23816861104996698,0.2155381906229364,0.4057605106757649,0.4233810257539071,0.1325181598062954,0.2559101915034118,0.06543473475676866,0.05351089588377724,0.10941228263262162,0.33561523222540174,0.39440677966101695,0.5238300682368479,0.031146819282412502,0.6074818401937045,0.3128527404798591,0.3374994497028395,0.24454765573409643,0.5117631521021352,0.13958177415804535,0.29906009244992293,0.36829627999119524,0.4194012766894123,0.2107836231565045,0.483728813559322,0.4054523442659036,0.3059278010125468,0.3792559982390491
