,#10,#11,#12,#13,#17,#18,#26,#49,#50,#51,#52,#53,#54,#58,#101,#102,#201,#202,#301,#302,#401,#402,#501,#502,#601,#602,#701,#702,#801,#802,#901,#902,#1001,#1002,#1101,#1102,#1201,#1202,#1301,#1302,#1401,#1402,#1501,#1502,#1601,#1602,#1701,#1702,#1801,#1802,#1901,#1902,#2001,#2002,#2101,#2102,#2201,#2202,#2301,#2302,#2401,#2402,#2501,#2502,#2601,#2602,#2701,#2702,#2801,#2802,#2901,#2902,#3001,#3002,#3101,#3102,#3201,#3202,#3301,#3302,#3401,#3402,#3455,#3501,#3502,#3601,#3602,#3701,#3702,#3801,#3802,#3901,#3902,#4001,#4002,#4101,#4102,#4201,#4202,#4301,#4302,#4401,#4402,#4501,#4502,#4601,#4602,#4701,#4702,#4801,#4802
#10,1.0,0.3029187761391151,0.32342945190402816,0.5055844155844156,0.31234866828087166,0.2152872551177636,0.326352630420427,0.4193682588597843,0.1383777239709443,0.4571868809156945,0.43257979308826766,0.24832929782082325,-0.06168611049966982,0.08393132291437376,-0.05973805855161787,0.03209553158705701,0.3417609509134933,0.26881796169931765,0.15453664979088708,0.08658155403918116,-0.07650451243671583,-0.037321153422848335,-0.04188861985472155,-0.18898305084745762,-0.057673343605546996,-0.03597402597402597,0.14524543253356811,0.2467224301122606,-0.11140655954215277,0.004816200748404139,-0.16568567026194145,-0.11412942989214175,-0.18363416244772177,-0.0763020030816641,0.030556900726392253,0.08354171252476338,-0.10305745102355272,0.08742460928901608,-0.1904556460488664,-0.15704380365397314,0.01648250055029716,0.05789126128109179,-0.07630640545894783,-0.1314373761831389,-0.050457847237508256,-0.10530926700418226,-0.013299581774158045,-0.015234426590358794,-0.0400462249614792,0.07967862645828748,0.19705040721989875,-0.08805414924058992,-0.1224191063174114,-0.3367598503191723,-0.21622055910191504,-0.27968743121285494,-0.2871736737838433,-0.3498943429451904,0.2945146379044684,-0.14636583755227822,-0.13573189522342063,-0.08572969403477879,-0.10220338983050847,-0.004347347567686551,0.3431917235307066,0.047770195905789126,-0.04291217257318952,0.03628439357252917,0.22413163108078363,0.11199647809817301,0.3819150341184239,0.3353400836451684,-0.12123046445080343,-0.2063614351749945,-0.3491503411842395,-0.2935923398635263,-0.31252916574950473,-0.15886858903808057,-0.01167510455646049,-0.05153202729473916,-0.0798151001540832,0.028523002421307505,-0.19963240149680828,0.05825225621835791,0.15561523222540172,-0.05732555580013207,-0.06247413603345807,-0.02806515518379925,0.10926480299361656,0.08226942548976447,-0.1611996478098173,-0.16439797490644947,-0.19813999559762271,0.015469953775038521,0.08952014087607307,-0.03140876073079463,0.06267224301122606,-0.07379264802993617,-0.09317411402157165,0.12728593440457847,-0.17037860444640104,0.00047985912392692055,0.029231785163988555,-0.11020250935505173,-0.324488223640766,-0.30691613471274487,-0.40465771516618976,-0.29127668941228263,-0.33681488003521903,-0.16247633722209992,0.04581554039181158
#11,0.3029187761391151,1.0,0.30068897204490425,0.3422099933964341,0.2391503411842395,0.16436055469953775,0.22029055690072638,0.1484371560642747,0.06900726392251816,0.3380167290336782,0.22412942989214177,0.09622716266784063,0.14443319392471934,0.04604446401056571,-0.0725313669381466,0.19456526524323134,0.0852542372881356,0.1725643847677746,0.07560202509355052,0.2171846797270526,-0.09145058331499009,0.11336561743341404,-0.2787981510015408,0.10722430112260621,-0.14476557340964122,-0.05587937486242571,-0.02517939687431213,0.20289016068677085,-0.020719788685890382,0.24058551617873652,-0.15193264362755887,0.028419546555139775,-0.11349548756328418,-0.07142196786264583,0.11502531366938147,0.16339203169711644,-0.18023552718467972,-0.10184679727052609,-0.030530486462689854,-0.03662777900066036,0.05813779440898085,-0.04044904248294079,-0.09989214175654854,0.2320889280211314,-0.18952014087607308,0.2187079022672243,0.04201848998459168,-0.09832929782082324,0.008465771516618974,0.25267224301122604,0.11841294298921418,0.021193044243891703,-0.03159806295399516,-0.060501871010345584,-0.1728021131410962,-0.01511996478098173,-0.35376183138895,-0.01187541272287035,-0.02567906669601585,-0.10579572969403478,-0.18144397974906448,-0.18129650011005943,0.09132291437376183,0.4274730354391371,0.20940127668941227,0.2853664979088708,-0.07189082104336342,0.037389390270746205,0.05941228263262162,0.036315210213515296,0.17104996698217037,-0.07492846136913933,-0.03713845476557341,-0.0950429231785164,-0.2559586176535329,-0.19611930442438916,-0.1805921197446621,-0.20977327756988773,-0.10222540171692714,0.2332753686990975,0.003587937486242571,0.13360774818401938,0.03836451683909311,-0.005260840854061193,0.15454325335681268,-0.07175654853620955,-0.13556020250935505,0.011098393132291438,0.10726612370680168,0.06283292978208233,-0.06099053488883997,-0.1955315870570108,0.05678846577151662,-0.17458287475236628,-0.03297820823244552,0.03331278890600924,0.2635461149020471,-0.05030816640986133,-0.0438168611049967,0.016720228923618755,-0.14004842615012106,-0.18692053709002862,0.014662117543473475,-0.18250275148580233,-0.24551397754787585,-0.16876293198327097,-0.22453885097952894,-0.17748404138234647,-0.10230244331939248,-0.0007880255337882456,-0.04794188861985472
#12,0.32342945190402816,0.30068897204490425,1.0,0.46420867268324895,0.05775478758529606,0.1656878714505833,-0.07465111160026414,0.034981289896544136,0.08810257539071098,0.3121461589258199,0.29236187541272285,-0.11785163988553819,-0.1562557781201849,-0.14366057671142418,0.04485582214395774,0.22927360774818403,0.4121021351529826,0.6574378164208673,0.23119084305524984,0.3178494386968963,0.1364670922298041,0.25992736077481843,-0.004428791547435616,0.00021571648690292758,0.0903565925599824,0.1124851419766674,0.28648250055029717,0.40889060092449925,0.11297600704380366,-0.15033458067356373,0.15355491965661458,-0.0012987012987012987,-0.1351089588377724,-0.1510345586616773,-0.15720669161347128,-0.11229804094210874,-0.0003301782962799912,-0.015309267004182258,-0.447277129650011,0.027809817301342726,0.2799119524543253,-0.01602905569007264,-0.13678626458287474,-0.04415584415584416,-0.07617213295179397,0.22539511336121507,0.007101034558661678,-0.03216376843495487,0.03423288575830949,0.3472485141976667,-0.045546995377503854,0.21344265903587936,0.16538190622936386,0.26292758089368257,-0.10591239269205371,0.3249724851419767,-0.3127734976887519,-0.14905569007263922,-0.16823244552058111,-0.2539489324235087,-0.3765639445300462,-0.3252872551177636,-0.3257296940347788,0.06424609289016069,0.47033017829628,0.39580013207131853,-0.4319942769095311,-0.1809619194364957,0.20333700198106977,0.056141316310807834,0.3692031697116443,0.227442218798151,-0.15996478098173014,-0.17728153202729474,-0.29726172132951795,-0.20867928681488004,-0.35182038300682367,-0.2788399735857363,0.021833590138674884,0.12274708342504953,-0.13468853180717588,-0.1768236847897865,-0.1442196786264583,0.1012656834690733,-0.18265903587937488,-0.3228307285934405,-0.26782082324455203,-0.01610609729253797,-0.058914813999559765,-0.1013977547875853,-0.17964560862865947,-0.29422408100374203,-0.13832049306625577,-0.1829143737618314,-0.17846136913933525,0.40823244552058113,0.21014307726172132,0.11790006603565925,0.35056350429231786,0.11987012987012988,0.17768214836011445,0.23228483381025755,0.1582390490865067,-0.372194585075941,-0.29302003081664096,-0.3048095971824785,-0.11159806295399516,-0.3051375742901167,-0.26882236407660137,-0.24927801012546774,-0.26302883557120843
#13,0.5055844155844156,0.3422099933964341,0.46420867268324895,1.0,0.19494607087827426,0.05874532247413603,0.2657693154303324,0.15073079462909972,0.1603081664098613,0.43350429231785165,0.397178076161127,0.061241470394012766,0.13902927580893681,-0.04876513317191283,-0.035637244111820385,0.14841514417785603,0.4168038740920097,0.23051727933083865,0.06539511336121506,0.3622672243011226,-0.05401716927140656,-0.010385208012326657,-0.06963240149680827,0.05527184679727053,-0.08266563944530046,-0.023356812678846577,0.0015320272947391591,0.16097952894563064,-0.06950693374422189,0.07747743781642087,-0.07768875192604006,-0.13829407880255337,-0.09994056790666961,-0.1128285274047986,0.04300682368478979,-0.18249394673123487,0.06937266123706802,0.01962359674224081,-0.12900286154523444,-0.07576051067576492,0.18810477657935284,-0.05764472815320273,0.08471054369359454,0.2092097732775699,-0.043288575830948715,0.08048206031256878,0.052623816861105,-0.08546995377503852,-0.1593528505392912,0.15617433414043583,-0.011047765793528506,0.0387079022672243,-0.1678846577151662,-0.12498789346246973,-0.19719348448162008,-0.0937376183138895,-0.2687365177195686,-0.039348448162007485,0.07592119744662118,-0.23718247853841073,-0.1415892581994277,-0.16648910411622275,0.11137354171252477,0.2186154523442659,0.38921197446621175,0.0924455205811138,-0.019777679947171473,0.11950913493286375,0.18948051948051947,0.24186880915694475,0.4026744441998679,0.23121725731895224,-0.03905789126128109,-0.18450803433854282,-0.1269997798811358,-0.24129429892141757,-0.2296830288355712,-0.07170151882016289,-0.11629980189302223,0.026594761171032356,-0.04443539511336121,0.02049306625577812,-0.01488003521901827,0.009280211314109619,0.023330398415144178,-0.014732555580013207,-0.15675544794188861,0.11020030816640985,-0.01702839533348008,-0.03511996478098173,-0.033552718467972704,-0.3227448822364077,-0.0375610829848118,-0.09490644948272067,-0.036240369799691835,-0.14594320933303984,-0.023176315210213516,-0.07816640986132511,-0.024129429892141757,0.1384767774598283,-0.06861104996698217,-0.06705921197446621,0.042898965441338324,-0.026048866387849437,-0.140693374422188,-0.13003521901826987,-0.24033458067356372,-0.18181377944089808,-0.17622496147919878,-0.07053488883997358,-0.018729914153642967
#17,0.31234866828087166,0.2391503411842395,0.05775478758529606,0.19494607087827426,1.0,0.1275808936825886,0.15625357693154304,0.15824345146379046,0.043077261721329516,0.04068236847897865,0.06426810477657935,0.23216817081223862,0.09863966541932644,-0.01684129429892142,-0.1284107418005723,-0.07583094871230464,0.03796169931763152,0.1578912612810918,0.06043363416244772,0.17011005943209334,-0.04125467752586397,-0.0811864406779661,0.055163988553819064,0.13350429231785163,0.0585890380805635,-0.024772176975566804,0.03345806735637244,0.0004666519920757209,-0.08360114461809377,0.038848778340303765,-0.15786924939467312,0.1673167510455646,-0.10175654853620955,0.09003521901826987,-0.007048206031256879,0.09293198327096633,-0.02809817301342725,0.034265903587937484,0.14933744221879816,-0.120264142637024,-0.0800924499229584,0.07237728373321593,0.04668280871670702,0.10528945630640546,0.2078978648470174,0.08417785604226283,-0.17155403918115783,-0.033891701518820164,0.16710103455866168,0.026746643187321152,0.137409200968523,0.06292758089368258,-0.02815760510675765,-0.1600264142637024,0.016583755227823023,-0.17943429451904028,-0.0902047105436936,-0.04854941668500991,0.06926260180497469,0.14026634382566586,-0.24256878714505833,-0.14268104776579352,0.040354391371340524,-0.009262601804974686,0.03348668280871671,0.028549416685009904,0.053801452784503635,-0.06733876293198326,0.05406339423288576,0.05604226282192384,0.09802773497688752,0.02980629539951574,-0.11346467092229805,0.04837772397094431,0.006544133832269426,-0.10602685450143078,-0.16087827426810478,-0.2018401937046005,-0.003284173453664979,0.20290556900726392,-0.05690072639225181,0.2826656394453005,-0.11277349768875193,-0.003992956196346027,0.252458727712965,-0.19979308826766454,-0.17853400836451683,0.22319612590799032,0.2235263042042703,0.028589038080563504,0.19335461149020472,-0.27328857583094873,0.18091789566365837,-0.2810301562843936,-0.08515298261060973,-0.09704820603125688,0.08082104336341625,-0.10606207351970064,0.04597402597402597,0.12810037420206913,0.009088707902267224,0.17084525643847678,0.117112040501871,-0.2017807616112701,-0.06577371780761611,-0.11222099933964341,-0.1508716707021792,-0.15405679066696015,-0.22201408760730795,-0.2541514417785604,0.01686550737398195
#18,0.2152872551177636,0.16436055469953775,0.1656878714505833,0.05874532247413603,0.1275808936825886,1.0,0.2695003301782963,0.26169931763152104,0.17081003742020692,0.22406119304424388,-0.01796169931763152,0.23868589038080565,0.1770658155403918,0.16134712744882238,-0.1592824125027515,-0.1089918556020251,0.10045124367158266,0.1825181598062954,-0.19250715386308606,-0.14733876293198328,-0.10216376843495488,-0.19084525643847677,-0.12932423508694696,-0.2542989214175655,-0.03588817961699318,-0.04535549196566146,0.01457406999779881,-0.03987893462469733,-0.1485824345146379,0.09516178736517719,0.2645124367158265,0.09290997138454765,-0.014618093770636144,-0.09839753466872111,-0.05119084305524983,0.05291657495047326,-0.1633414043583535,-0.09589258199427692,-0.10854061193044244,-0.3151463790446841,0.12192824125027515,0.07928241250275149,0.11151001540832049,-0.12044684129429892,-0.027607307946290998,-0.29937706361435173,0.0010455646048866387,-0.09073299581774158,0.20464670922298042,0.022626018049746864,0.1513977547875853,0.0645344486022452,0.07263042042703059,0.01232225401716927,-0.09444199867928682,-0.1650957517059212,0.03169491525423729,-0.16177195685670262,0.1092097732775699,0.05876953554919657,0.11304204270305965,0.2148448162007484,0.040083645168390934,0.11916354831609069,0.07055910191503412,0.02851419766674004,0.06160906889720449,0.027803213735417127,-0.2132247413603346,-0.2831961259079903,-0.017988113581333922,0.036471494607087825,-0.16816861104996697,-0.13467532467532467,0.03711204050187101,0.006251375742901167,0.054675324675324675,0.13935505172793308,-0.09922958397534669,-0.009768875192604005,0.033281972265023115,0.3598811358133392,-0.14268765133171912,0.19338102575390712,0.23640325775918997,0.11927580893682589,0.1183975346687211,0.4092824125027515,-0.007101034558661678,0.41819062293638565,-0.05717587497248514,0.30114902047105435,-0.16855161787365178,0.14517719568567025,0.11943429451904028,-0.12977107638124588,-0.016612370680167292,0.17037200088047547,0.11249394673123486,0.052430112260620734,0.14955535989434293,0.34881576051067575,-0.031961259079903145,-0.05621175434734757,-0.02726172132951794,0.020231124807395993,-0.12070438036539731,0.1861765353290777,0.04453885097952895,-0.022419106317411404,0.03721549636803874
#26,0.326352630420427,0.22029055690072638,-0.07465111160026414,0.2657693154303324,0.15625357693154304,0.2695003301782963,1.0,0.4387255117763592,0.2909311027955096,0.3943957737178076,0.24979308826766453,0.01397094430992736,0.3168434954875633,0.49263702399295617,0.14074180057230903,0.10073739819502531,0.1486088487783403,-0.29531807175874975,0.051377944089808496,0.06365617433414043,-0.0975808936825886,-0.1929385868368919,-0.15659476117103235,-0.24482060312568787,-0.1686682808716707,-0.17074400176095092,-0.18788025533788247,-0.19469513537310149,-0.09874972485141977,0.2857605106757649,-0.1384701738939027,-0.3066453885097953,-0.17529826106097293,0.08190182698657275,0.08315210213515298,0.06974686330618533,-0.03778340303764033,0.14005062733876295,0.17696235967422408,-0.10323794849218577,0.03797930882676646,0.26900286154523445,0.18308826766453884,0.18304644508034337,-0.020565705480959717,-0.255692273827867,-0.018906009244992295,-0.1025181598062954,0.018914813999559764,-0.17839533348007924,-0.12350209112920978,-0.24624697336561743,-0.21039181157825226,-0.26709443099273605,-0.004844816200748404,-0.22381245872771297,0.055417125247633724,0.09581554039181157,0.2555976227162668,-0.052872551177635924,-0.005181598062953995,-0.16965881576051067,0.30144618093770637,0.24113801452784503,0.030697776799471714,-0.15950473255558,0.38337222099933965,0.39745102355271844,0.16096632181377943,0.24138895003301783,0.36765573409641206,0.2731432973805855,0.11429892141756548,-0.14480299361655294,0.03478538410741801,-0.04204930662557781,-0.03799471714725952,-0.06968523002421308,-0.10240369799691834,-0.1586418666079683,-0.10698437156064275,0.05931322914373762,-0.02613251155624037,0.06903808056350429,0.26700858463570326,-0.000865067136253577,-0.12571208452564384,-0.02926700418225842,0.03430772617213295,-0.04605546995377504,-0.042467532467532466,-0.03686990975126568,-0.04808276469293418,-0.06213075060532688,-0.016867708562623818,-0.36540391811578254,-0.2800968523002421,-0.16675544794188862,-0.31224521241470393,-0.05540611930442439,-0.00867048206031257,-0.1571516618974246,-0.1389984591679507,-0.15447721769755668,-0.17871670702179177,-0.12175214615892582,-0.16190843055249834,-0.13338762931983272,-0.1454193264362756,-0.061547435615232224,0.13546775258639665
#49,0.4193682588597843,0.1484371560642747,0.034981289896544136,0.15073079462909972,0.15824345146379046,0.26169931763152104,0.4387255117763592,1.0,0.30070217917675546,0.21353731014747965,0.3109773277569888,0.00927360774818402,0.2484635703279771,0.11103235747303544,-0.01784063394232886,-0.17046445080343386,0.19617433414043584,-0.011899625797930883,0.07060092449922958,-0.06299801893022232,0.0337574290116663,-0.31041822584195466,0.04968743121285494,-0.29888839973585735,-0.13751045564604886,-0.23492846136913934,0.10249394673123487,-0.10526524323134492,0.07075941008144399,0.08384767774598283,-0.10148580233325996,-0.17389390270746202,-0.28132291437376183,-0.1585956416464891,0.12224081003742021,0.0746467092229804,-0.06566585956416465,-0.030627338762931982,0.014413383226942548,-0.26752586396654193,-0.23111820383006823,-0.0600264142637024,0.20064714946070877,0.1002905569007264,-0.15863966541932645,-0.21287695355491965,-0.021987673343605546,-0.03867268324895443,0.007539071098393133,-0.08384547655734097,0.042593000220118866,-0.1817411402157165,-0.07639665419326436,-0.24541272287035,0.0682918776139115,-0.321303103675985,-0.0762029495927801,-0.1973167510455646,0.17157825225621837,-0.16343165309267005,0.05673123486682809,0.07965881576051068,0.07445740699977989,0.17265243231344926,-0.03697996918335902,-0.12312128549416684,0.13868589038080564,0.38651111600264143,0.11328417345366498,0.0963416244772177,0.32564604886638787,0.3882610609729254,-0.01916134712744882,-0.057633722209993396,-0.01949372661237068,-0.08996478098173014,-0.049143737618313886,-0.18374862425709884,0.1635659255998239,-0.13195905789126128,0.1477790006603566,-0.05823904908650671,0.047770195905789126,0.2247655734096412,0.21014307726172132,0.07605326876513317,0.008448162007484042,-0.2055293858683689,-0.11271626678406339,0.2459145938806956,-0.06795949812898966,-0.03015628439357253,-0.26492846136913933,-0.01648250055029716,-0.08309707241910631,-0.03640986132511556,-0.17230244331939248,0.04923398635263042,-0.23207572088928022,-0.13310367598503192,-0.14693374422187983,0.17210433634162448,-0.03841074180057231,-0.10114461809377064,-0.13613471274488223,-0.2197226502311248,-0.283614351749945,0.0025467752586396655,0.006616773057451023,-0.11759850319172353,-0.05807395993836672
#50,0.1383777239709443,0.06900726392251816,0.08810257539071098,0.1603081664098613,0.043077261721329516,0.17081003742020692,0.2909311027955096,0.30070217917675546,1.0,0.13056350429231786,0.15403257759189962,0.01112920977327757,0.31767554479418886,0.24339643407440018,0.07408320493066256,-0.2932159366057671,0.2534888839973586,-0.0363482280431433,-0.2178318291877614,-0.08546114902047106,-0.08629760070438036,-0.4486396654193264,0.298961038961039,-0.1611600264142637,-0.047937486242570986,-0.27587057010785826,0.008950033017829628,-0.14879154743561523,0.19752586396654193,0.011686110499669822,0.030114461809377064,-0.2158463570327977,-0.2079639005062734,-0.14937046004842616,0.1545146379044684,-0.13805855161787364,-0.04269865727492846,-0.18646489104116223,-0.09579352850539291,-0.09533348007924279,0.05143517499449703,0.07113801452784503,0.1806515518379925,0.019240589918556022,0.11628439357252916,-0.018787145058331498,0.02050627338762932,-0.03075280651551838,0.12092449922958398,-0.2189852520360995,-0.007156064274708342,-0.1724521241470394,0.20881135813339202,-0.053502091129209776,-0.03888399735857363,-0.09103896103896104,-0.030347787805414923,-0.11636363636363636,0.07083204930662558,0.1286022452124147,-0.02319172353070658,0.007303543913713405,0.04625797930882677,0.07146819282412503,-0.002947391591459388,-0.27653973145498567,0.2533127889060092,0.2747699757869249,0.0385692273827867,-0.060845256438476776,0.3911534228483381,0.20576051067576492,0.05927360774818402,-0.15602245212414703,-0.019594981289896545,-0.05970724191063174,0.07220118864186661,-0.008600044023772837,0.23158265463350208,-0.056031256878714505,0.09328857583094871,-0.10795289456306406,-0.04477437816420867,0.19730574510235527,0.23452344265903588,-0.04644508034338543,-0.0026634382566585956,0.06591679506933744,0.027070217917675544,0.05275368699097513,0.14956416464891042,0.21954875632841733,0.04338983050847458,-0.028450363196125907,0.05223640766013647,0.08515298261060973,-0.3482258419546555,-0.19984811798371122,0.03453664979088708,0.22699757869249396,0.24091349328637465,-0.0487145058331499,-0.1574224081003742,-0.21706801672903367,-0.06161567246313009,0.017074620294959278,0.09246753246753246,0.008556020250935506,-0.12426810477657935,-0.014272507153863086,0.05903808056350429
#51,0.4571868809156945,0.3380167290336782,0.3121461589258199,0.43350429231785165,0.04068236847897865,0.22406119304424388,0.3943957737178076,0.21353731014747965,0.13056350429231786,1.0,0.5510015408320493,0.13531146819282414,0.2419524543253357,0.14222980409421088,0.06451904028175215,0.04921637684349549,0.4091349328637464,0.09245432533568126,0.05391811578252256,-0.018010125467752585,0.12574510235527184,-0.0052344265903587935,-0.09185119964780981,-0.2562183579132732,-0.07905789126128109,0.06411182038300682,0.17624477217697557,0.16063394232885758,-0.20502091129209774,-0.08190182698657275,-0.025324675324675326,-0.092689852520361,-0.11830948712304644,-0.09523882896764253,-0.1357803213735417,0.14491305304864627,-0.017334360554699536,-0.050900286154523446,-0.12641646489104116,-0.14064494827206692,0.11967202289236188,-0.009315430332379485,0.11551177635923399,-0.010770416024653312,0.04928901606867708,-0.19659476117103236,0.019848117983711205,0.01697556680607528,-0.16480959718247853,0.1690512876953555,0.07804094210873871,-0.15252916574950473,-0.0611336121505613,-0.20848778340303764,-0.06571648690292758,-0.16209112920977328,-0.12166629980189302,-0.20804094210873872,0.1738102575390711,-0.3048866387849439,-0.061259079903147697,-0.18265903587937488,0.03913933524103016,0.09867928681488003,0.3065463350209113,0.14215276249174555,-0.13629980189302224,-0.09926040061633282,0.05033678186220559,-0.07792868148800353,0.11364736957957297,-0.00027074620294959277,-0.03256658595641646,-0.16326216156724632,-0.17992295839753467,-0.25004402377283735,-0.09317631521021351,-0.052287034998899404,-0.08033017829627999,-0.21744001760950912,-0.11788025533788246,0.04912392692053709,-0.0648250055029716,0.12660136473695796,0.07064714946070878,0.032846136913933524,-0.02097292537970504,0.017950693374422188,-0.12486242570988333,-0.016726832489544353,-0.20178296279991195,-0.01112920977327757,-0.12983050847457628,-0.001712524763372221,0.10840413823464672,-0.009947171472595202,-0.044340744001760954,-0.056537530266343825,-0.2159982390490865,0.06648910411622276,-0.08931543033237949,-0.023215936605767113,-0.08710103455866168,-0.1674686330618534,-0.27677745982830726,-0.17320052828527405,-0.2572000880475457,-0.22933744221879815,-0.13152102135152982,0.014688531807175874,0.12669601584855822
#52,0.43257979308826766,0.22412942989214177,0.29236187541272285,0.397178076161127,0.06426810477657935,-0.01796169931763152,0.24979308826766453,0.3109773277569888,0.15403257759189962,0.5510015408320493,1.0,0.011934844816200748,0.19206471494607089,0.12080563504292317,0.0735197006383447,0.1415364296720229,0.4092207792207792,0.1646357032797711,0.1866563944530046,0.038635263042042706,0.2440347787805415,0.1039027074620295,-0.09127668941228263,-0.2637178076161127,0.22500550297160465,0.11288795949812899,0.25021571648690294,0.27272066916134713,-0.10143297380585516,0.045454545454545456,-0.23384767774598283,-0.15003081664098614,-0.12154743561523222,0.16305084745762713,0.05863086066475897,0.043995157384987896,0.12836671802773497,0.17801232665639447,-0.1075610829848118,-0.00011666299801893022,0.09455646048866388,-0.0399603786044464,0.0015804534448602245,0.10457847237508254,-0.08575390710983931,-0.05397754787585296,0.17055469953775038,0.15692053709002862,0.08063834470614131,0.2502795509575171,0.1863218137794409,-0.1602377283733216,0.028073959938366717,-0.24506053268765132,0.028294078802553378,-0.006084085406119304,-0.22501430772617212,-0.2721571648690293,0.1342659035879375,-0.3290380805635043,-0.3041646489104116,-0.3425093550517279,0.06449702839533349,0.25140876073079466,0.35900066035659256,0.19523662777900067,-0.08809156944750166,0.14324675324675323,0.0851948051948052,0.19995157384987894,0.16694475016508914,0.14337001981069777,-0.16088707902267224,-0.13616552938586837,-0.1863548316090689,-0.42088707902267225,-0.27024653312788904,-0.21057230904688531,-0.13241690512876952,-0.04492626018049747,0.004349548756328417,-0.24934184459608189,0.10786264582874752,0.10373981950253136,-0.05111160026414264,-0.2301716927140656,-0.20183799251595863,-0.008659476117103236,-0.09870349988994057,-0.2060180497468633,-0.3017675544794189,-0.1645674664318732,-0.25156724631300903,-0.11226942548976447,-0.1497292537970504,0.26781862205591017,-0.04513537310147479,-0.09060752806515518,-0.14875632841734537,0.04595861765353291,-0.13431653092670043,-0.11169051287695356,0.12165749504732555,-0.2715078142196786,-0.17158265463350209,-0.15656174334140435,-0.09925819942769096,-0.35655073739819504,-0.26546335020911294,-0.2614946070878274,-0.11408320493066255
#53,0.24832929782082325,0.09622716266784063,-0.11785163988553819,0.061241470394012766,0.23216817081223862,0.23868589038080565,0.01397094430992736,0.00927360774818402,0.01112920977327757,0.13531146819282414,0.011934844816200748,1.0,0.2574510235527185,0.32896103896103895,-0.09422187981510015,-0.10796390050627339,0.01663878494386969,-0.07285053929121725,-0.14885538190622935,-0.03795729694034779,-0.15523662777900066,-0.29083425049526745,-0.05554699537750385,0.017893462469733657,-0.33711644287915477,-0.17804974686330619,-0.1740347787805415,-0.09202509355051727,-0.0862095531587057,0.15142637023992955,-0.0064384767774598286,0.16945410521681709,-0.00438036539731455,0.07337222099933964,-0.15326656394453006,0.16856702619414485,-0.14365177195685672,0.0460378604446401,0.04521681708122386,0.10879154743561523,0.2829077701959058,0.24300462249614793,-0.052240810037420204,0.07056790666960158,0.13429451904028175,-0.05851639885538191,-0.04054149240589919,0.13252696456086285,0.10208672683248954,0.0649768875192604,0.11181377944089808,-0.013596742240810037,-0.16913493286374642,-0.08418886198547215,-0.04617873651771957,-0.003319392471934845,-0.2994342945190403,-0.2112260620735197,-0.02811798371120405,0.0976469293418446,-0.14611270085846356,0.02072198987453225,0.12363636363636364,0.008718908210433635,0.1135263042042703,-0.019282412502751485,0.3521351529826106,-0.0874884437596302,0.05282192383887299,-0.050424829407880255,-0.0006691613471274488,-0.06548316090688971,0.058806955756108295,0.09966101694915254,-0.04159586176535329,-0.20951573849878935,-0.10871890821043363,-0.09547875852960598,0.04063174114021571,0.18296720228923619,0.059035879374862425,0.325016508914814,-0.10758529605987233,0.2739753466872111,0.34604226282192385,0.08261501210653753,-0.0563152102135153,0.21095311468192823,0.1187805414924059,0.18416464891041162,0.24554699537750385,-0.12218137794408981,-0.005443539511336122,0.030178296279991194,-0.08031256878714506,-0.33780101254677525,0.04370680167290337,-0.23684569667620514,-0.20603345806735637,0.10527404798591239,-0.08311468192824124,0.09259300022011886,-0.0031543033237948492,-0.05792427911071979,-0.19522342064714945,0.021443979749064496,-0.09083865287255118,-0.23160906889720448,-0.08934184459608188,-0.20785384107418006,-0.07194364957076821
#54,-0.06168611049966982,0.14443319392471934,-0.1562557781201849,0.13902927580893681,0.09863966541932644,0.1770658155403918,0.3168434954875633,0.2484635703279771,0.31767554479418886,0.2419524543253357,0.19206471494607089,0.2574510235527185,1.0,0.4034338542813119,0.23860444640105657,-0.17404358353510896,0.2162425709883337,-0.289405679066696,-0.10270085846357033,-0.21123486682808718,-0.1064274708342505,-0.40628439357252916,-0.058868589038080565,-0.1337310147479639,-0.20698217037200087,-0.2433281972265023,-0.22199647809817302,-0.36403477878054147,0.18956856702619415,0.3422077922077922,0.10645828747523663,-0.027332159366057672,-0.03551397754787585,-0.0689126128109179,0.14931322914373762,0.0025027514858023334,0.08490644948272066,-0.055353290777019594,0.06472375082544574,-0.1129672022892362,0.2485956416464891,0.16573629760070438,0.16975786924939468,0.1541272287034999,-0.029159145938806957,-0.09283072859344046,-0.021884217477437816,-0.08086946951353731,-0.007292537970504072,-0.17351749944970285,-0.06600264142637025,-0.09163988553819062,-0.0700792427911072,-0.117541272287035,-0.11660136473695795,-0.18451023552718468,-0.01461369139335241,-0.1072639225181598,-0.07683248954435395,-0.026797270526084084,-0.06583094871230465,-0.05529385868368919,0.2616354831609069,0.16964120625137574,-0.08670482060312569,-0.3108166409861325,0.45456306405458946,0.2078450363196126,0.011043363416244772,-0.07543693594541052,0.2149570768214836,0.009661016949152543,0.11452784503631962,-0.08343605546995378,0.008029936165529385,-0.19895223420647148,-0.04986572749284614,-0.11964120625137574,0.19406119304424388,-0.019324235086946952,0.3503235747303544,0.1778428351309707,0.3975654853620955,0.43041822584195466,0.2288333700198107,0.20366277790006604,-0.044611490204710544,0.0928945630640546,0.05662777900066036,0.24766674003962139,0.19123706801672904,0.16183579132731676,-0.06900066035659257,-0.03342945190402818,-0.13093110279550957,-0.10955535989434295,-0.32627338762931984,-0.05871010345586617,-0.1906845696676205,0.013180717587497249,0.03543693594541052,0.04224521241470394,-0.0044111820383006825,-0.08353290777019591,0.04654853620955316,0.07907550077041603,0.0012084525643847677,-0.08431432973805855,-0.07664758969843716,-0.017420206911732336,0.013675985031917236
#58,0.08393132291437376,0.04604446401056571,-0.14366057671142418,-0.04876513317191283,-0.01684129429892142,0.16134712744882238,0.49263702399295617,0.11103235747303544,0.24339643407440018,0.14222980409421088,0.12080563504292317,0.32896103896103895,0.4034338542813119,1.0,0.23264802993616554,-0.015163988553819062,0.053669381465991636,-0.24785163988553818,-0.043788245652652436,-0.08183138895003302,-0.2373233546114902,-0.3572507153863086,0.054895443539511334,-0.09586396654193265,-0.19040721989874532,-0.09178296279991195,-0.3195069337442219,-0.2569689632401497,7.484041382346467e-05,0.24907329958177415,0.0773959938366718,-0.17169931763152102,-0.043259960378604446,0.04323134492626018,-0.04763592339863526,-0.15936605767114242,0.05292758089368259,0.13783623156504513,0.01060312568787145,0.14893022232005282,0.22072639225181598,0.21661237068016728,-0.0005855161787365177,0.13254017169271406,0.06249614791987673,-0.11288355712084526,-0.020482060312568787,-0.032703059652212194,0.15815980629539952,-0.09832929782082324,-0.05579793088267664,-0.10117763592339864,-0.05769315430332379,0.03393792648029936,0.006491305304864627,0.09858683689192163,-0.1338828967642527,-0.03900286154523443,-0.08605106757649131,0.15740699977988112,-0.22478978648470174,-0.2815430332379485,0.3715078142196786,0.18811798371120406,-0.0011644287915474356,-0.14300902487343164,0.5146048866387849,0.09680607528065155,0.19128329297820823,0.15420206911732334,0.3925269645608629,0.25090688972044906,0.2916134712744882,0.1460774818401937,0.04306185340083645,-0.09318732115342285,-0.06825225621835791,-0.1591965661457187,0.13131631080783623,0.05390050627338763,-0.09492846136913934,0.13405018710103456,-0.10960378604446401,0.29619414483821266,0.25541272287035,-0.05202289236187541,-0.24600704380365399,0.10580233325996038,0.0010367598503191724,-0.013262161567246312,0.07147039401276689,0.0238234646709223,0.0033370019810697775,-0.16998899405679066,-0.253398635263042,-0.23697116442879154,-0.24591679506933745,-0.1364538850979529,-0.17087387189082104,0.1957208892802113,0.12204270305965222,0.0087145058331499,-0.08915034118423949,-0.13251375742901167,-0.07488003521901827,0.12471714725952014,0.009599383667180278,-0.29137574290116663,-0.2521879815100154,-0.29647589698437155,-0.14676645388509796
#101,-0.05973805855161787,-0.0725313669381466,0.04485582214395774,-0.035637244111820385,-0.1284107418005723,-0.1592824125027515,0.14074180057230903,-0.01784063394232886,0.07408320493066256,0.06451904028175215,0.0735197006383447,-0.09422187981510015,0.23860444640105657,0.23264802993616554,1.0,0.09524323134492627,0.26460488663878495,-0.22914813999559763,0.5600396213955536,0.011897424609289015,0.38312788906009243,-0.10095311468192825,0.13485582214395775,-0.33390050627338763,0.11133392031697116,-0.1788135593220339,-0.21063394232885757,-0.32961919436495707,0.4408672683248954,0.18012766894122825,-0.1238895003301783,-0.3585868368919216,-0.1175478758529606,-0.02040942108738719,0.08520140876073079,0.017318952234206472,0.6899647809817301,0.31587937486242573,0.05893682588597843,-0.02055690072639225,0.22019590578912612,0.2470922298040942,0.09224961479198768,0.29010125467752584,-0.030118864186660797,-0.04881135813339203,-0.10787585296059872,-0.24263922518159806,-0.2129473915914594,-0.3486990975126568,-0.20495487563284173,-0.28589038080563506,-0.2009883337001981,-0.24872551177635924,0.3516905128769536,-0.004512436715826546,0.06537530266343826,0.23436275588817962,-0.2399735857362976,-0.1819502531366938,-0.21973365617433413,-0.14672683248954435,0.17222540171692713,-0.1283865287255118,-0.28819942769095314,-0.32451463790446844,0.14462469733656175,-0.030321373541712524,0.6089412282632621,0.3139093110279551,0.3282896764252696,0.10460928901606868,0.3661765353290777,-0.05196125907990315,0.22448602245212415,-0.027079022672243012,0.03453664979088708,-0.33078142196786264,0.4174554259300022,-0.09992956196346027,-0.04142637023992956,-0.051091789566365835,0.03426810477657935,0.04915914593880696,-0.03395113361215056,-0.2461237068016729,-0.19142857142857142,-0.385049526744442,0.17503852080123267,-0.0722804314329738,-0.15740699977988112,-0.11547215496368039,-0.26985252036099494,-0.3264274708342505,-0.23924939467312348,-0.057019590578912614,-0.4076997578692494,-0.21650451243671584,-0.17826106097292538,-0.1149966982170372,-0.040572309046885316,-0.20048426150121065,-0.1395773717807616,-0.23786044464010567,-0.15822364076601364,-0.14825445740699977,-0.03335901386748844,-0.16112920977327758,-0.11152102135152983,-0.3084877834030376,-0.10187761391151222
#102,0.03209553158705701,0.19456526524323134,0.22927360774818403,0.14841514417785603,-0.07583094871230464,-0.1089918556020251,0.10073739819502531,-0.17046445080343386,-0.2932159366057671,0.04921637684349549,0.1415364296720229,-0.10796390050627339,-0.17404358353510896,-0.015163988553819062,0.09524323134492627,1.0,-0.028393132291437376,0.10555359894342946,0.34027955095751705,0.4692692053709003,-0.07605987233105878,0.5810147479639005,-0.3853532907770196,0.21487563284173453,-0.022698657274928462,0.33811798371120405,-0.20616552938586838,0.14056130310367598,0.007059211974466212,0.23774818401937045,-0.0724389170151882,-0.0005701078582434515,0.06698657274928461,0.135280651551838,-0.08911952454325335,-0.052652432313449266,-0.08190622936385648,0.21703720008804755,-0.14843935725291657,0.13444640105657055,0.1291613471274488,0.11519260400616332,-0.2545894783182919,0.15116883116883117,-0.1437706361435175,0.29910631741140215,-0.08821263482280431,-0.08132951793968743,-0.22920757208892803,0.058208232445520584,-0.09690512876953555,-0.1415298261060973,-0.3541360334580674,-0.080132071318512,-0.27712304644508035,0.17308826766453886,-0.2500484261501211,0.24486242570988334,-0.08670702179176755,-0.46016068677085625,-0.30457627118644065,-0.3345564604886639,0.017270526084085407,0.08359454105216817,0.10642967202289236,0.10902047105436936,-0.001437376183138895,0.006037860444640106,0.25116883116883115,0.34510455646048865,0.21017389390270746,0.03470394012766894,0.0866784063394233,0.05933303984151442,-0.18667620515078143,-0.06550957517059212,-0.19814439797490646,-0.2544640105657055,-0.11677745982830728,0.29824345146379044,-0.21871230464450803,-0.17565265243231346,-0.04324675324675325,-0.15360114461809377,-0.22180277349768876,-0.18646489104116223,-0.26821703720008805,-0.08773497688751926,0.19064274708342505,-0.34761611270085846,-0.1396764252696456,-0.33823684789786485,-0.07470173893902707,-0.2314043583535109,-0.1282280431432974,-0.16056570548095972,0.2783447061413163,-0.06893022232005283,-0.03561303103675985,-0.08092670041822585,-0.21811798371120406,-0.14777459828307285,0.09699977988113581,-0.11095751705921197,-0.19256878714505832,-0.09392471934844816,-0.18069337442218797,-0.22151441778560424,-0.06992515958617654,-0.11616332819722651,-0.10776799471714726
#201,0.3417609509134933,0.0852542372881356,0.4121021351529826,0.4168038740920097,0.03796169931763152,0.10045124367158266,0.1486088487783403,0.19617433414043584,0.2534888839973586,0.4091349328637464,0.4092207792207792,0.01663878494386969,0.2162425709883337,0.053669381465991636,0.26460488663878495,-0.028393132291437376,1.0,0.37162447721769754,0.06027294739159146,-0.11201848998459168,0.22846136913933524,-0.03748404138234647,0.192689852520361,-0.17478978648470173,0.05066696015848558,-0.13453224741360334,0.24596302003081663,0.1250891481399956,-0.07877613911512217,-0.13678626458287474,0.11331719128329298,-0.27547435615232224,-0.006220559101915034,-0.11686770856262382,-0.27853180717587495,-0.18237508254457407,0.09903808056350429,0.0074884437596302,-0.16189742460928902,-0.205280651551838,-0.01940347787805415,-0.07314549856922738,0.03991635483160907,-0.0999801893022232,0.11290336781862205,-0.07682368478978649,0.10029936165529386,-0.01692934184459608,-0.08799031476997579,0.17040061633281972,-0.0012766894122826326,0.16727272727272727,0.08545454545454545,-0.12530706581554038,-0.01918115782522562,-0.08140215716486902,-0.033235747303543915,-0.15943209333039843,-0.05312568787145058,-0.2122672243011226,-0.10797270526084085,-0.1572969403477878,-0.14521901826986572,-0.031569447501650895,0.27609509134932864,0.023979749064494828,-0.1997380585516179,-0.08163988553819063,0.14238828967642528,0.051860004402377285,0.34212414703940125,0.29258859784283514,-0.08053048646268986,-0.2870085846357033,-0.12550077041602464,-0.16160466651992075,-0.17047105436935944,-0.13078142196786263,0.11454985692273828,-0.2695553598943429,-0.12190182698657274,0.045890380805635046,-0.0029892141756548535,0.19258199427690953,0.008549416685009905,-0.052159366057671144,-0.012181377944089808,-0.023852080123266565,0.021510015408320492,0.11092449922958397,-0.16076821483601145,-0.11185119964780982,-0.14970504072198987,-0.03862425709883337,-0.03557561082984812,0.2437772397094431,-0.21917895663658377,0.09246753246753246,0.047376183138895,0.23005723090468852,0.07865067136253577,0.18295619634602686,0.01794408980849659,-0.06788685890380805,-0.011853400836451684,-0.0288135593220339,-0.075049526744442,-0.07764252696456087,-0.18635042923178516,-0.17392031697116442,-0.14125687871450585
