,#10,#11,#12,#13,#17,#18,#26,#49,#50,#51,#52,#53,#54,#58,#101,#102,#201,#202,#301,#302,#401,#402,#501,#502,#601,#602,#701,#702,#801,#802,#901,#902,#1001,#1002,#1101,#1102,#1201,#1202,#1301,#1302,#1401,#1402,#1501,#1502,#1601,#1602,#1701,#1702,#1801,#1802,#1901,#1902,#2001,#2002,#2101,#2102,#2201,#2202,#2301,#2302,#2401,#2402,#2501,#2502,#2601,#2602,#2701,#2702,#2801,#2802,#2901,#2902,#3001,#3002,#3101,#3102,#3201,#3202,#3301,#3302,#3401,#3402,#3455,#3501,#3502,#3601,#3602,#3701,#3702,#3801,#3802,#3901,#3902,#4001,#4002,#4101,#4102,#4201,#4202,#4301,#4302,#4401,#4402,#4501,#4502,#4601,#4602,#4701,#4702,#4801,#4802
#10,1.0,0.3405326876513317,0.2954303323794849,0.4346357032797711,0.19295839753466873,0.1513977547875853,-0.08223860884877834,0.5853224741360334,0.2161038961038961,0.367079022672243,0.3610653753026634,0.2576931543033238,0.3507175874972485,0.06414924058991855,-0.35608628659476116,-0.22844155844155845,0.43287915474356153,0.1633083865287255,-0.2589918556020251,-0.16198547215496367,0.03328857583094871,0.008857583094871231,-0.054992295839753465,0.012119744662117543,-0.04167730574510235,-0.11109839313229143,0.19440017609509136,0.16370680167290336,-0.26438696896324015,-0.13547875852960597,-0.049511336121505614,0.21861765353290777,0.36658375522782305,0.10543693594541052,-0.21454985692273829,0.0149768875192604,-0.2312326656394453,-0.10567686550737398,-0.19974466211754346,0.09182698657274928,-0.26824565265243233,-0.20484261501210654,-0.36607307946290996,-0.31869029275808936,-0.04284833810257539,0.13730574510235527,0.13909531146819282,0.07075280651551838,-0.10271406559542152,-0.04356152322254017,0.17241030156284393,0.09452564384767774,0.2937992515958618,0.07482720669161347,0.015027514858023333,0.04968082764692934,0.026841294298921417,-0.0725709883337002,0.007426810477657936,0.02966982170372001,0.057048206031256876,-0.0008034338542813119,-0.1525181598062954,-0.11534668721109399,0.18684569667620515,-0.08042482940788026,0.08421307506053269,-0.024921857803213734,-0.3643649570768215,-0.17523882896764253,0.0872176975566806,0.034131631080783625,-0.11270085846357032,-0.08339643407440017,-0.16688091569447502,0.029291217257318952,0.19212634822804314,0.20056130310367598,-0.15799911952454326,-0.24267224301122606,0.02284173453664979,0.15837992515958618,0.18720889280211314,-0.2854655513977548,-0.16395773717807616,0.10416244772176976,0.11893462469733657,-0.09717367378384327,-0.1401915034118424,-0.273200528285274,-0.030288355712084526,-0.0798943429451904,0.1012722870349989,0.20112920977327756,0.06644508034338543,0.06710763812458728,-0.020385208012326655,0.3305789126128109,0.23684569667620514,0.07951573849878935,0.3720845256438477,0.18355491965661458,0.30809817301342723,0.47561963460268547,0.19173013427250715,0.39919216376843497,0.2424455205811138,-0.10101254677525864,-0.028496588157605106,-0.004600484261501211,0.0364274708342505
#11,0.3405326876513317,1.0,0.2596786264582875,0.3723530706581554,-0.09945410521681708,0.167012987012987,0.08675104556460489,0.24881576051067578,0.2599295619634603,0.2619766674003962,0.1689720449042483,-0.07079903147699758,-0.10260180497468634,-0.07023992956196345,-0.07909531146819282,0.002051507814219679,0.21096412062513759,0.03009024873431653,-0.0598084965881576,-0.02641206251375743,0.08945850759410082,0.029940567906669602,0.011023552718467973,-0.010858463570327976,0.05657495047325556,0.05444860224521241,-0.004171252476337222,0.10615892581994277,-0.08462909971384548,-0.04079242791107198,0.03218357913273168,0.11322694254897644,-0.05658595641646489,0.0764142637023993,-0.07840193704600484,-0.026053268765133173,-0.18629319832709662,0.02161787365177196,0.09444419986792868,0.06047985912392692,-0.09753246753246753,-0.02655513977547876,-0.029581774158045346,-0.06195905789126128,0.10062513757429012,0.32250055029716046,0.147409200968523,0.09435174994497028,0.04638344706141316,-0.037809817301342724,0.19909971384547656,0.12867268324895442,0.10707462029495927,0.08281532027294738,-0.008694695135373102,0.055445740699977986,-0.08071758749724851,-0.19187321153422848,0.08221439577371781,-0.01012326656394453,-0.010217917675544794,-0.015362095531587057,-0.14899845916795068,-0.15555800132071318,0.22053268765133172,0.1049768875192604,-0.004587277129650011,0.06515958617653533,-0.09482720669161347,-0.07119524543253357,0.05427030596522122,0.09797490644948272,-0.05209553158705701,0.053636363636363635,-0.2796456086286595,-0.05960818842174774,-0.0224653312788906,-0.01974686330618534,0.025258639665419327,0.07281752146158926,-0.26000880475456745,0.0411204050187101,0.008093770636143518,-0.09542152762491746,-0.17912172573189522,0.07209773277569888,-0.00414043583535109,0.004717147259520141,-0.12085846357032798,-0.1346401056570548,0.15101034558661677,0.057259520140876076,0.15186220559101915,0.19722209993396433,0.12225621835791327,0.09055690072639225,-0.022209993396434074,0.2608870790226722,0.19484041382346468,0.005320272947391591,0.13910411622276028,0.22384547655734097,0.08136913933524104,0.19768434954875633,-0.020838652872551176,-0.08982610609729254,0.03700858463570328,-0.0676469293418446,0.04518159806295399,0.08840413823464671,0.08129429892141757
#12,0.2954303323794849,0.2596786264582875,1.0,0.41544794188861983,0.09288355712084526,0.01603565925599824,0.035511776359233985,0.1469997798811358,0.06090468853180717,0.5056614571868809,0.39872991415364295,0.1009685230024213,0.21534228483381027,0.08283292978208233,-0.2610763812458728,-0.1363416244772177,0.5136055469953775,0.5065485362095532,-0.3897072419106317,-0.34126128109178955,-0.10473035439137134,-0.19656394453004622,0.005086946951353731,-0.2506581554039181,0.15087827426810477,-0.3382192383887299,0.25662777900066036,0.05546995377503852,-0.06571428571428571,-0.035511776359233985,0.013995157384987893,-0.014935064935064935,0.04326216156724631,-0.08572309046885318,-0.1803433854281312,-0.2609200968523002,-0.192557781201849,-0.3952102135152983,-0.37055029716046667,-0.3683909311027955,-0.017609509134932862,-0.2740391811578252,-0.349405679066696,-0.4209134932863746,0.0037420206911732336,-0.24156064274708341,0.07347567686550738,-0.13474796390050628,-0.11691393352410302,0.0460774818401937,0.5152234206471494,0.39792868148800353,0.45412282632621614,0.30110939907550077,0.20473695795729693,-0.13323354611490204,-0.05054589478318292,-0.42701738939027073,0.11614571868809156,-0.031833590138674886,0.13878494386968962,0.3231565045124367,-0.37859123926920535,-0.14458727712965,0.3571912832929782,0.29427030596522125,-0.008331499009465112,0.20563724411182038,-0.2304534448602245,-0.0712656834690733,0.35919876733436057,0.23587937486242572,-0.36951793968743124,-0.06409861325115562,-0.494884437596302,-0.01670261941448382,0.03728813559322034,0.04261501210653753,-0.15194364957076822,-0.37276029055690074,0.09077041602465331,0.14971604666519922,0.22511776359233987,-0.13337222099933965,0.027851639885538192,0.19163328197226503,0.31156064274708345,-0.10369799691833591,-0.09625137574290117,-0.20177195685670263,0.05473475676865507,0.08061633281972265,0.29473035439137135,0.21536429672022891,0.11300242130750605,0.27745102355271845,0.007825225621835791,0.4655844155844156,0.5323618754127228,0.2534602685450143,0.49261281091789566,0.47905789126128107,-0.006405458947831829,0.5068589038080563,0.22037420206911731,0.0982786704820603,0.21739379264802994,0.2313185119964781,0.06568567026194144,0.06387629319832709,0.17423728813559322
#13,0.4346357032797711,0.3723530706581554,0.41544794188861983,1.0,0.1604930662557781,-0.029815100154083205,-0.14184899845916796,0.05097732775698877,0.09283072859344046,0.42099713845476555,0.3303808056350429,-0.021151221659696236,0.1840479859123927,0.012066916134712745,-0.07481399955976227,0.021228263262161567,0.4644904248294079,0.2658639665419326,-0.10764252696456086,-0.12785384107418005,0.14124807395993838,0.03480079242791107,-0.087409200968523,-0.12159145938806956,0.035965221219458506,-0.1506581554039181,0.17221879815100155,0.09342725071538631,-0.16241470394012766,0.13742681047765792,0.10470394012766894,0.1774686330618534,0.20784943869689632,0.13732115342284834,-0.2389984591679507,-0.02441338322694255,0.029975786924939466,-0.030264142637023993,-0.12395333480079243,-0.00538630860664759,-0.06993616552938586,-0.1515298261060973,-0.059977988113581335,-0.10950693374422188,0.1347325555800132,0.16442218798151,-0.00212854941668501,-0.02192163768434955,0.07864406779661016,0.016563944530046226,0.16257318952234207,0.08926260180497468,0.24232225401716928,0.17684569667620514,0.112656834690733,0.13113801452784504,0.012262821923838874,-0.09045564604886638,-0.09066475896984372,-0.14533568126788465,-0.059161347127448825,-0.00987673343605547,-0.3192185780321374,-0.10055910191503412,0.20628659476117103,0.18685450143077262,-0.13813119084305525,-0.10005723090468853,-0.27805635042923177,-0.14918115782522562,0.07800792427911071,0.1635461149020471,-0.132491745542593,0.021782962799911952,-0.2817543473475677,0.16075720889280212,-0.023286374642306845,0.0007395993836671802,-0.11530486462689853,-0.15216376843495488,0.10788025533788245,0.16133612150561302,0.21346246973365618,-0.04721769755668061,-0.05519040281752146,-0.08579793088267665,-0.02358133392031697,-0.2672573189522342,-0.08749724851419767,-0.07162227602905569,0.13250275148580234,-0.12291877613911512,0.06046665199207572,-0.021877613911512217,-0.14480959718247854,0.26875852960598723,0.0137310147479639,0.30425489764472813,0.2581289896544134,0.23763592339863526,0.3208122386088488,0.3010609729253797,0.17803433854281311,0.4168412942989214,0.023138895003301782,0.17161127008584637,0.03913933524103016,-0.05750385208012326,0.006977767994717147,-0.13068677085626237,0.003576931543033238
#17,0.19295839753466873,-0.09945410521681708,0.09288355712084526,0.1604930662557781,1.0,-0.10281091789566366,0.026876513317191285,0.09188201628879596,0.022630420427030597,0.1512062513757429,0.2600726392251816,0.5246335020911292,0.5533766233766234,0.15144618093770637,-0.12780981730134272,0.08411842394893243,0.06322254017169271,-0.18240589918556022,-0.0875544794188862,0.18765573409641206,-0.18948051948051947,-0.020044023772837333,-0.2717125247633722,-0.1369205370900286,-0.4267774598283073,-0.20430332379484922,-0.12092890160686771,0.08564604886638785,-0.4685758309487123,-0.08398635263042042,-0.2302905569007264,-0.02364736957957297,0.1943627558881796,-0.05536209553158706,-0.3452740479859124,0.11049966982170371,0.05386088487783403,0.09834690732995818,-0.23402597402597403,-0.052152762491745545,0.11377944089808496,0.025947611710323573,-0.200759410081444,0.08498569227382786,-0.09401276689412283,-0.05147259520140876,0.16744441998679288,0.19026194144838213,0.12790446841294298,0.02770416024653313,0.15642967202289237,0.050338983050847455,0.09926480299361655,0.20838212634822803,-0.2944948272066916,-0.08627779000660357,-0.34357693154303326,-0.07857803213735418,-0.14738718908210433,-0.13649790887079022,-0.014171252476337222,-0.022951793968743122,-0.11264582874752366,0.006434074400176095,0.12232885758309488,0.0878252256218358,-0.132128549416685,-0.08010785824345146,-0.2583182918776139,0.07426370239929563,-0.15514637904468412,-0.16307726172132953,0.04162667840633942,0.10555359894342946,0.020338983050847456,0.06166409861325116,-0.05653973145498569,-0.04902487343165309,-0.33729914153642965,-0.0788795949812899,0.18509134932863747,0.18911512216596962,0.2965485362095532,-0.4093858683689192,0.32355712084525645,0.1381994276909531,-0.015960818842174776,-0.12045564604886638,0.025720889280211313,-0.1745344486022452,0.3351529826106097,-0.31952454325335683,-0.065016508914814,-0.06188201628879595,-0.12104556460488664,-0.0973497688751926,-0.2423794849218578,0.3594342945190403,0.10636363636363637,0.3288928021131411,0.35915914593880693,0.12159145938806956,0.023962139555359894,0.4093946731234867,-0.05825445740699978,0.3104358353510896,-0.0877591899625798,-0.013332599603786044,-0.11075060532687651,-0.12103896103896104,-0.03385428131190843
#18,0.1513977547875853,0.167012987012987,0.01603565925599824,-0.029815100154083205,-0.10281091789566366,1.0,-0.019709443099273607,0.12531146819282413,0.08102575390710984,0.28985252036099496,0.0034888839973585737,-0.0784239489324235,-0.07536869909751266,-0.1411071978868589,-0.21637023992956197,-0.21818622055910192,0.0917345366497909,0.22356812678846577,-0.16845696676205152,-0.026103896103896105,-0.22953334800792427,-0.1362161567246313,0.3406977767994717,0.2628923618754127,0.16570548095971824,0.15766894122826325,0.2629253797050407,0.020477657935285054,0.2835395113361215,0.310957517059212,0.39722650231124806,0.17185560202509356,0.14612810917895663,0.18221219458507595,0.4025225621835791,0.012606207351970064,0.016200748404138234,0.06959278010125468,0.2201716927140656,0.25484701738939025,-0.10460708782742681,0.13204050187101035,0.18187321153422847,0.045421527624917454,0.10421527624917455,0.1839423288575831,-0.09900946511116003,-0.051250275148580236,0.08033237948492186,0.0018732115342284833,0.028600044023772836,-0.014050187101034558,0.14821703720008805,0.038756328417345366,-0.005300462249614792,0.07762271626678406,0.08706801672903368,0.032150561303103675,0.11030816640986132,0.3921021351529826,-0.044508034338542814,0.01197886858903808,0.16731234866828087,0.12659696235967421,0.35564604886638784,-0.2375214615892582,-0.020107858243451463,-0.2542945190402818,-0.21739819502531366,-0.08033237948492186,-0.07717587497248514,-0.055324675324675325,-0.017779000660356592,-0.02504072198987453,-0.016187541272287036,-0.03908210433634163,0.08604226282192384,0.12511776359233986,0.07006163328197226,0.38541272287035,-0.08906009244992295,0.11549416685009906,-0.14651771956856702,0.42728153202729474,0.1690512876953555,-0.10681047765793529,-0.03950473255558001,0.12214836011446181,0.08967642526964562,0.21318732115342284,0.12166850099053489,0.35843275368699096,0.202194585075941,-0.0013669381465991636,0.03263482280431433,-0.019440898084965883,0.15955315870570108,0.10614571868809157,0.13783182918776138,0.11207131851199648,0.15812238608848778,0.38970063834470614,0.09066475896984372,0.15618754127228704,0.2809024873431653,0.060035219018269866,0.33340303764032575,0.004455205811138015,-0.06560862865947611,0.00724851419766674,-0.04853841074180057
#26,-0.08223860884877834,0.08675104556460489,0.035511776359233985,-0.14184899845916796,0.026876513317191285,-0.019709443099273607,1.0,0.26716046665199206,0.12539511336121506,0.0711996478098173,0.1383469073299582,-0.025278450363196127,0.14612590799031477,0.2875544794188862,-0.03775038520801233,0.019639005062733875,-0.0915958617653533,0.14444419986792867,0.01650231124807396,0.07195685670261942,-0.24413383226942548,-0.29088707902267225,-0.16039181157825225,-0.11759850319172353,-0.12208232445520581,0.06044684129429892,-0.006108298481179837,0.21352190182698658,0.05413163108078362,0.07236627779000661,-0.07088707902267224,-0.2808166409861325,-0.013944530046224961,0.028732115342284835,-0.018485582214395772,0.0016795069337442218,-0.0687277129650011,0.03582874752366278,0.07289236187541272,-0.014122826326216156,0.08106537530266344,0.22247633722209995,0.0536781862205591,0.03146599163548316,0.0044794188861985475,0.12134272507153863,0.167970504072199,0.11883777239709443,-0.06060752806515518,-0.2627536869909751,-0.09670041822584195,-0.10115562403697997,-0.03880475456746643,-0.25331939247193486,-0.2291547435615232,-0.30318732115342284,-0.1324785384107418,-0.1002245212414704,0.15319392471934845,-0.033053048646268984,0.05747083425049527,0.023372220999339645,0.1615738498789346,0.09598943429451905,0.2584129429892142,-0.13690072639225181,0.1150693374422188,0.205676865507374,0.16105216817081225,0.25712965001100596,0.21010785824345146,0.10633061853400837,0.05628659476117103,-0.09325335681267885,-0.08589478318291878,-0.14244992295839753,-0.05047985912392692,-0.10957076821483601,0.028360114461809378,0.1183050847457627,0.005326876513317191,-0.02009024873431653,-0.04330838652872551,-0.08094651111600264,0.057065815540391814,0.02386748844375963,0.0363284173453665,0.06968963240149681,0.11057230904688532,0.011140215716486903,-0.09388069557561082,0.09101474796390051,-0.005844155844155844,0.10062513757429012,0.1137574290116663,0.1798811358133392,-0.09974686330618535,-0.009418886198547215,-0.09545454545454546,-0.022500550297160467,-0.25561963460268544,0.05680827646929342,0.004666519920757209,-0.005042923178516399,0.13325115562403697,0.00815760510675765,0.0990975126568347,-0.04383447061413163,0.04473035439137134,0.04067136253576931,-0.011815980629539952
#49,0.5853224741360334,0.24881576051067578,0.1469997798811358,0.05097732775698877,0.09188201628879596,0.12531146819282413,0.26716046665199206,1.0,0.18650231124807395,0.15769535549196567,0.35115122165969626,0.22977988113581335,0.2334800792427911,0.18165309267004182,-0.3426502311248074,-0.3480783623156504,0.11289456306405458,0.02569887739379265,-0.16279550957517058,-0.1376007043803654,-0.25432973805855164,-0.35128989654413384,-0.1787871450583315,-0.2554413383226943,-0.06356152322254018,-0.15496808276469293,-0.058018930222320055,0.05334580673563724,-0.01949372661237068,-0.03309046885318072,-0.25393132291437376,-0.12721989874532247,0.11399075500770416,-0.04199207572088928,-0.04634602685450143,-0.14018049746863306,-0.34911292097732777,-0.1122870349988994,-0.19244772176975566,0.0053466872110939905,-0.13798591239269206,-0.00852080123266564,-0.09358573629760071,-0.34814659916354834,-0.23938366718027734,-0.08156064274708343,0.1542196786264583,0.17883116883116884,-0.09239049086506713,-0.22684129429892141,0.06723970944309927,0.009394673123486684,0.08483381025753907,-0.08688531807175875,-0.24552058111380146,-0.1986088487783403,-0.02977327756988774,-0.13725071538630862,0.14769535549196566,0.07837552278230245,0.060724191063174116,0.03309707241910632,0.10933303984151442,-0.08704380365397314,0.2928461369139335,-0.11598283072859344,0.283794849218578,0.12328637464230685,-0.18089808496588158,0.07975566806075281,0.21880475456746643,0.13574069997798813,0.15810477657935285,0.044943869689632404,0.054492626018049745,-0.10605106757649131,0.1979815100154083,0.2336055469953775,-0.1870283953334801,-0.19451683909311027,-0.0028065155183799252,0.09026634382566585,-0.119900946511116,-0.15257979308826766,0.06701518820162888,0.31058111380145276,0.12182918776139115,0.072392692053709,-0.03338983050847458,-0.07276469293418446,0.015553598943429453,0.08310587717367378,0.12059872331058771,0.3470592119744662,0.11963680387409201,-0.14570548095971825,-0.19475236627779,0.057508254457407,0.03228923618754127,-0.016497908870790227,0.07273167510455646,0.13788685890380806,0.06296500110059432,0.17640545894783183,0.027200088047545673,0.3352762491745543,0.08081443979749064,-0.009777679947171472,0.11266123706801673,0.13749064494827207,0.07810477657935284
#50,0.2161038961038961,0.2599295619634603,0.06090468853180717,0.09283072859344046,0.022630420427030597,0.08102575390710984,0.12539511336121506,0.18650231124807395,1.0,0.4273365617433414,0.27088707902267223,0.1918578032137354,0.13758309487123047,0.24808496588157605,0.18666740039621396,-0.03513317191283293,0.33619854721549636,0.18811138014527845,0.05263482280431433,-0.13465771516618974,0.10855161787365177,-0.22965881576051067,0.045747303543913716,-0.054714946070878276,0.19496147919876733,0.043002421307506054,0.06522342064714946,0.06173893902707462,-0.018128989654413383,-0.042923178516398854,-0.04149900946511116,0.2525775918996258,0.11729473915914594,0.24294519040281753,0.10577812018489985,-0.08072859344045785,0.048184019370460046,0.10682588597842835,0.024261501210653753,0.1726832489544354,-0.12663878494386968,-0.05799251595861765,0.011551837992515959,0.03773497688751926,0.046850099053488886,0.10555139775478758,-0.15305965221219459,-0.12853841074180059,-0.13864626898525204,-0.2426172132951794,-0.18382786704820603,-0.20024213075060532,-0.09845256438476778,-0.29066255778120187,0.016869909751265684,-0.26716927140655955,0.018771736737838433,-0.18302443319392472,-0.1239027074620295,-0.20646929341844597,0.014437596302003081,-0.099933964340744,0.16201628879594981,0.10659916354831608,0.19397974906449483,-0.3744706141316311,0.16956416464891041,-0.045311468192824125,0.1486682808716707,-0.017583094871230463,0.26107418005723093,0.055498569227382784,0.025747303543913712,-0.1411402157164869,-0.0838234646709223,-0.11922518159806296,0.04618754127228703,1.981069777679947e-05,0.1281069777679947,-0.019018269865727494,0.0025027514858023334,0.17656834690732995,0.060713185119964784,0.02796830288355712,0.006121505613031037,-0.015817741580453445,-0.1377790006603566,-0.0798547215496368,0.00023992956196346028,0.04781862205591019,0.09648910411622276,-0.12904688531807176,-0.24461149020471054,-0.02504732555580013,-0.12268985252036099,0.23364736957957297,-0.11909971384547656,0.06672463130090249,-0.07841074180057231,-0.07845916795069337,-0.030217917675544794,0.037959498128989654,0.10055029716046665,0.07895443539511336,0.14626678406339425,-0.006035659255998239,0.18701078582434513,-0.13895443539511337,-0.216847897864847,-0.3145674664318732,-0.2754985692273828
#51,0.367079022672243,0.2619766674003962,0.5056614571868809,0.42099713845476555,0.1512062513757429,0.28985252036099496,0.0711996478098173,0.15769535549196567,0.4273365617433414,1.0,0.6125819942769095,0.14704820603125687,0.29408980849658817,0.24852960598723312,-0.11985031917235307,-0.11308826766453885,0.49201188641866606,0.3439093110279551,-0.1262821923838873,-0.0740149680827647,-0.08854721549636804,-0.20794188861985471,0.07287695355491966,0.020338983050847456,0.004721549636803874,-0.06401937046004842,0.2020559101915034,-0.028012326656394453,-0.0008430552498349109,0.21856042262821923,0.03754347347567687,0.11388950033017829,0.15971824785384106,0.14302223200528286,-0.04971604666519921,0.004959278010125467,-0.09200308166409861,-0.05226942548976447,-0.11260840854061194,0.004486022452124147,-0.14838212634822803,-0.04997798811358133,-0.0587211093990755,-0.10612590799031477,0.08387409200968524,0.028415144177856042,-0.05098613251155624,-0.15241690512876954,-0.07452784503631961,-0.11718908210433635,0.24474136033458066,0.02659255998239049,0.254719348448162,-0.056880915694475016,-0.011197446621175436,-0.22507814219678626,-0.15596081884217478,-0.25947171472595204,-0.09040501871010345,-0.1317213295179397,0.0450033017829628,0.067343165309267,-0.05769315430332379,-0.019251595861765353,0.46790887079022675,-0.06097512656834691,0.036693814659916356,-0.04129429892141757,-0.1379154743561523,-0.009914153642967202,0.3651375742901167,0.2271714725952014,-0.15497468633061853,-0.17425049526744443,-0.27386748844375963,-0.0698811358133392,0.016574950473255558,-0.06068016729033678,-0.18184459608188422,0.024657715166189743,-0.022806515518379925,0.29832269425489766,0.1960708782742681,0.09788906009244992,0.18540171692714066,0.08289676425269646,0.05966541932643628,-0.036883116883116886,0.12251815980629539,-0.02145938806955756,0.2487475236627779,0.012176975566806076,0.10463130090248735,0.002487343165309267,-0.05343825665859564,0.33447281532027295,-0.01511336121505613,0.32421087387189085,0.20195245432533568,0.20523662777900065,0.2747061413163108,0.41222760290556903,0.12259300022011886,0.4600352190182699,0.21608188421747743,0.12826986572749285,0.23018930222320053,-0.03643847677745983,-0.09144618093770636,-0.18530486462689852,-0.11252256218357913
#52,0.3610653753026634,0.1689720449042483,0.39872991415364295,0.3303808056350429,0.2600726392251816,0.0034888839973585737,0.1383469073299582,0.35115122165969626,0.27088707902267223,0.6125819942769095,1.0,0.2918335901386749,0.43827646929341846,0.2390710983931323,-0.20257318952234207,-0.10250715386308606,0.27778120184899846,0.21004182258419546,-0.17816200748404137,-0.09474356152322254,-0.1313449262601805,-0.22061633281972265,-0.13726832489544355,-0.13698437156064275,-0.1124125027514858,-0.1718996257979309,0.07770856262381685,0.027032797710763813,-0.16564825005502973,0.00937046004842615,-0.20340964120625138,0.15242350869469515,0.02688531807175875,-0.06078582434514638,-0.1310411622276029,-0.007968302883557122,-0.1967114241690513,-0.14532247413603347,-0.14970504072198987,-0.032104336341624476,-0.18420867268324895,-0.10666740039621396,0.015271846797270526,-0.13272507153863086,0.05595421527624918,-0.05823904908650671,0.13103015628439357,0.1062095531587057,-0.0045652652432313446,0.010975126568346908,0.2592670041822584,0.07123486682808716,0.17850979528945632,0.023321593660576713,-0.0389324235086947,-0.20102135152982611,-0.21453224741360336,-0.2750561303103676,-0.050039621395553596,-0.060858463570327974,0.05328197226502311,0.07068677085626238,-0.056187541272287034,-0.16399735857362976,0.40558001320713183,0.02926040061633282,0.04776359233986353,0.07650451243671583,-0.16550737398195026,0.04442659035879375,0.30105877173673784,0.2363416244772177,0.011241470394012767,-0.05214615892581994,-0.15021351529826107,0.0711798371120405,0.041118203830068235,-0.05399515738498789,-0.3254083204930663,-0.15022672243011226,0.016090688972044905,0.3467840633942329,0.14133392031697117,-0.09149900946511116,0.18075280651551837,0.14280651551837992,0.0336055469953775,-0.04824345146379045,-0.17615232225401717,0.0692493946731235,0.11890821043363416,-0.14194144838212636,0.02032577591899626,0.13828307285934405,-0.06180277349768875,0.15606647589698436,-0.17376843495487562,0.24888839973585736,0.22205811138014528,0.16560422628219237,0.27991855602025095,0.26558661677305745,0.03362755888179617,0.3531322914373762,0.17224521241470395,0.182887959498129,0.16211534228483382,-0.046999779881135816,-0.029187761391151222,-0.031155624036979968,-0.045082544574069995
#53,0.2576931543033238,-0.07079903147699758,0.1009685230024213,-0.021151221659696236,0.5246335020911292,-0.0784239489324235,-0.025278450363196127,0.22977988113581335,0.1918578032137354,0.14704820603125687,0.2918335901386749,1.0,0.6855051727933084,0.38275808936825884,-0.15927360774818403,-0.21884437596302003,0.14306405458947832,-0.10790887079022672,-0.20124147039401277,-0.2159189962579793,-0.1646401056570548,-0.28475236627779,-0.13760290556900726,-0.22410961919436495,-0.27130750605326875,-0.34188201628879594,0.06496147919876734,-0.024842615012106536,-0.43941888619854724,-0.2580233325996038,-0.18663438256658596,0.24674003962139554,0.18657715166189742,-0.022579793088267665,-0.024642306845696675,-0.06092449922958398,0.07383447061413163,0.006552938586836892,-0.2206471494607088,-0.10165749504732556,-0.19540391811578253,-0.16122165969623597,-0.26310807836231564,-0.19111600264142636,-0.120132071318512,-0.1700264142637024,0.2233149900946511,0.2024653312788906,-0.1213515298261061,-0.1543649570768215,0.07804754567466432,-0.03764913053048646,0.028908210433634163,-0.032839533348007925,-0.19295619634602684,-0.296700418225842,-0.18818181818181817,-0.3324036979969183,-0.057541272287035,-0.1965859564164649,0.11825445740699977,-0.006795069337442219,0.09401937046004842,0.1689588377723971,0.1546467092229804,-0.02164869029275809,0.19932203389830508,0.16554039181157826,-0.27129650011005946,-0.011311908430552499,-0.03491305304864627,0.07356372441118204,0.03151661897424609,-0.09193044243891701,0.09173233546114902,0.031672903367818625,0.07966982170372001,0.019029275808936826,-0.16072419106317412,-0.2600792427911072,0.39171032357473035,0.23258859784283514,0.4251177635923399,-0.22441338322694254,0.36336561743341406,0.2672000880475457,0.0652938586836892,-0.1676931543033238,-0.19430992736077482,-0.09091129209773277,0.0735791327316751,-0.14220338983050848,-0.1175016508914814,0.0012876953554919657,-0.11526744441998679,0.08186440677966102,-0.3697908870790227,0.25964780981730134,0.06823684789786484,0.1848976447281532,0.3469557561082985,-0.0034998899405679065,0.2597644728153203,0.40458727712965004,0.05343385428131191,0.2996830288355712,0.006731234866828087,-0.06546335020911292,-0.16287915474356152,-0.11633722209993397,-0.057574290116663
#54,0.3507175874972485,-0.10260180497468634,0.21534228483381027,0.1840479859123927,0.5533766233766234,-0.07536869909751266,0.14612590799031477,0.2334800792427911,0.13758309487123047,0.29408980849658817,0.43827646929341846,0.6855051727933084,1.0,0.3091239269205371,-0.3231565045124367,-0.18718247853841075,0.19552718467972705,0.056209553158705704,-0.30383226942548974,-0.10226502311248074,-0.20895443539511335,-0.1245674664318732,-0.10766233766233767,-0.18739159145938808,-0.44483601144618096,-0.3291239269205371,0.19361435174994496,0.2551617873651772,-0.5018071758749725,-0.17838652872551178,-0.05605767114241691,0.0838895003301783,0.3248580233325996,-0.026559542152762492,-0.16956856702619413,0.006425269645608629,-0.04063614351749945,-0.03307285934404579,-0.28665419326436276,-0.17227162667840634,-0.2910829848117984,-0.17148800352190183,-0.33812458727712963,-0.12857362976007045,-0.03179616993176315,-0.03162227602905569,0.2557539071098393,0.22326656394453004,0.028366718027734977,-0.04855822143957737,0.2781730134272507,0.09649570768214837,0.2594408980849659,0.07800132071318512,-0.1623992956196346,-0.24622716266784064,-0.1323200528285274,-0.159438696896324,-0.021624477217697557,-0.1140215716486903,0.0021923838872991417,-0.04115562403697997,-0.01690953114681928,0.08968082764692935,0.21245652652432315,-0.024345146379044683,-0.03221219458507594,0.12701738939027074,-0.39594320933303984,-0.0961897424609289,-0.0811071978868589,-0.0864142637023993,-0.035505172793308386,-0.21819722650231124,-0.17470173893902707,0.022066916134712743,0.010829848117983711,-0.01357473035439137,-0.19911071978868589,-0.23352190182698657,0.4372661237068017,0.12959498128989655,0.5299801893022232,-0.19809817301342725,0.21685230024213076,0.13391811578252255,0.00673563724411182,-0.23489324235086947,-0.25070878274268105,-0.12680607528065155,0.13425049526744443,-0.11209993396434074,0.04122386088487783,0.06457627118644067,-0.0762953995157385,0.1077261721329518,-0.15985912392692053,0.34134052388289676,0.2079639005062734,0.33023992956196346,0.3981091789566366,0.14035439137134054,0.05681488003521902,0.4691811578252256,0.1656548536209553,0.40422187981510016,0.05399515738498789,-0.09652432313449262,-0.1646268985252036,-0.11572309046885318,-0.023922518159806297
#58,0.06414924058991855,-0.07023992956196345,0.08283292978208233,0.012066916134712745,0.15144618093770637,-0.1411071978868589,0.2875544794188862,0.18165309267004182,0.24808496588157605,0.24852960598723312,0.2390710983931323,0.38275808936825884,0.3091239269205371,1.0,0.14944089808496588,-0.05086946951353731,0.17531587057010786,0.04947391591459388,0.1052212194585076,-0.18066255778120185,-0.2442791107197887,-0.6269601584855822,-0.11545014307726172,-0.344785384107418,-0.11876513317191283,-0.0812392692053709,-0.008252256218357913,-0.22613471274488223,0.11673783843275369,0.2013845476557341,-0.24659696235967424,-0.060827646929341846,0.10260840854061193,0.013035439137134052,0.2035329077701959,0.2132291437376183,0.07066035659255998,0.2066696015848558,-0.055956416464891044,-0.04221219458507594,0.02842174774378164,0.09072859344045785,0.06913713405238829,0.012449922958397535,-0.09651111600264142,-0.318399735857363,0.16158705701078582,0.11138674884437597,-0.10115122165969624,-0.3716729033678186,-0.10139555359894344,-0.2822738278670482,-0.06516618974246093,-0.31796610169491524,-0.21904688531807176,-0.504983491085186,-0.2560664758969844,-0.5474598283072859,-0.01464010565705481,-0.36285934404578474,0.07465991635483162,0.05142196786264583,0.4185560202509355,0.35380585516178736,0.18692053709002862,-0.15036319612590798,0.3660576711424169,0.1678450363196126,0.10533568126788466,0.4046995377503852,0.38410301562843935,0.48099933964340746,0.25071318511996477,-0.02548976447281532,0.12433854281311908,0.08190402817521461,0.11916354831609069,-0.1745300462249615,0.03690953114681928,-0.006090688972044904,0.3380915694475016,0.11516398855381907,0.27332599603786045,-0.08829848117983712,0.13007263922518159,0.13623816861104995,0.05303984151441778,-0.05423068456966762,0.2963834470614132,-0.054754567466431876,0.1299141536429672,-0.10110939907550077,-0.31684129429892144,-0.08163988553819063,-0.09143517499449703,0.08438917015188202,-0.3318600044023773,0.11065595421527626,-0.32686110499669824,0.26761611270085844,0.13188201628879595,0.20011005943209334,0.22575830948712305,0.2707836231565045,0.1901254677525864,0.2873695795729694,0.12917235307065816,-0.041474796390050625,0.13141536429672024,-0.17226502311248074,-0.023781642086726833
#101,-0.35608628659476116,-0.07909531146819282,-0.2610763812458728,-0.07481399955976227,-0.12780981730134272,-0.21637023992956197,-0.03775038520801233,-0.3426502311248074,0.18666740039621396,-0.11985031917235307,-0.20257318952234207,-0.15927360774818403,-0.3231565045124367,0.14944089808496588,1.0,0.7010081443979749,-0.07769095311468192,-0.043526304204270304,0.7752168170812238,0.2896059872331059,0.3375808936825886,0.030477657935285053,-0.2835064935064935,0.03970724191063174,0.14644287915474355,0.3885230024213075,-0.4896918335901387,-0.47073519700638344,0.4153973145498569,0.32722650231124806,-0.035458947831829186,0.05173233546114902,-0.04864626898525204,0.14627118644067796,0.030937706361435176,0.3244838212634823,0.4513053048646269,0.605379705040722,0.24026634382566586,0.45443539511336123,0.4689390270746203,0.40391151221659694,0.37526964560862863,0.44273167510455647,-0.17279330838652873,-0.11516398855381907,-0.16445960818842176,-0.07413163108078362,-0.24388069557561082,-0.44612590799031476,-0.5110587717367379,-0.5116574950473256,-0.69851419766674,-0.488994056790667,-0.1282588597842835,0.13270305965221219,-0.2849460708782743,0.016913933524103017,-0.5038146599163549,-0.43899405679066694,-0.34954215276249173,-0.43000220118864185,0.22703940127668942,0.320231124807396,-0.3341734536649791,-0.2247985912392692,0.2027294739159146,0.06351529826106098,0.7879881135813339,0.3784701738939027,0.20655954215276248,0.1819854721549637,0.5275016508914814,0.04027514858023332,0.23033017829628,0.0314703940127669,-0.1398415144177856,-0.34362976007043805,0.4079220779220779,0.4776469293418446,-0.16453885097952894,-0.11441778560422629,0.0576667400396214,-0.07462029495927801,-0.16239269205370901,-0.4443275368699098,-0.5485075941008144,0.056394453004622494,0.28021351529826105,-0.06301782962799912,-0.14324014968082766,-0.47753246753246753,-0.6312326656394452,-0.5557230904688532,-0.5679815100154083,-0.14794408980849658,-0.05197226502311248,-0.38587057010785825,-0.5640215716486903,-0.2475610829848118,-0.5048756328417345,-0.2799735857362976,0.04968082764692934,-0.2261831388950033,-0.06598723310587717,-0.3191503411842395,-0.019936165529385867,-0.4680409421087387,-0.1821351529826106,-0.5659542152762492,-0.425445740699978
#102,-0.22844155844155845,0.002051507814219679,-0.1363416244772177,0.021228263262161567,0.08411842394893243,-0.21818622055910192,0.019639005062733875,-0.3480783623156504,-0.03513317191283293,-0.11308826766453885,-0.10250715386308606,-0.21884437596302003,-0.18718247853841075,-0.05086946951353731,0.7010081443979749,1.0,-0.07571648690292758,-0.06711424169051287,0.6301584855822144,0.6569953775038521,0.17938146599163549,0.2927492846136914,-0.31619194364957076,0.21553378824565264,-0.09086286594761171,0.3949724851419767,-0.6017059211974466,-0.18320052828527406,0.17714065595421527,0.322689852520361,0.026022452124147038,-0.011681708122386088,0.00715166189742461,0.12643187321153423,-0.11180937706361435,0.5561479198767334,0.26300242130750606,0.6106471494607087,0.19487343165309268,0.4761787365177196,0.511848998459168,0.4838168611049967,0.18726832489544354,0.5777415804534448,-0.174983491085186,0.12003742020691173,-0.027162667840633942,0.12490204710543694,-0.09539731454985692,-0.2804336341624477,-0.1788928021131411,-0.25738058551617876,-0.42823904908650673,-0.1915496368038741,-0.32296500110059434,0.2396434074400176,-0.5239687431212855,0.18745982830728594,-0.5119106317411403,-0.30709663218137795,-0.32456526524323137,-0.40957296940347787,0.0740413823464671,0.27109839313229145,-0.298135593220339,-0.11375302663438257,0.03506053268765133,0.0007065815540391811,0.5896522121945851,0.37933744221879817,0.04578472375082544,0.1326106097292538,0.448432753686991,0.15815320272947392,0.06972705260840854,0.015428131190843056,-0.1233612150561303,-0.35859784283513096,0.151897424609289,0.5635615232225402,-0.1827823024433194,0.060660356592559986,0.035181598062954,-0.21534448602245213,-0.13641206251375743,-0.5016310807836232,-0.5510147479639005,0.07050407219898745,0.307409200968523,-0.14488003521901827,-0.09134712744882237,-0.4975258639665419,-0.4323464670922298,-0.5469997798811358,-0.48640986132511554,-0.257805414924059,0.08529385868368919,-0.1041536429672023,-0.3146268985252036,-0.10395113361215057,-0.31939687431212854,-0.17845036319612592,0.004904248294078803,-0.037274928461369136,-0.12147479639005063,-0.16152982610609729,-0.04304424389170152,-0.4309289016068677,-0.24626018049746864,-0.4278582434514638,-0.4295399515738499
#201,0.43287915474356153,0.21096412062513759,0.5136055469953775,0.4644904248294079,0.06322254017169271,0.0917345366497909,-0.0915958617653533,0.11289456306405458,0.33619854721549636,0.49201188641866606,0.27778120184899846,0.14306405458947832,0.19552718467972705,0.17531587057010786,-0.07769095311468192,-0.07571648690292758,1.0,0.44709002861545233,-0.22199207572088928,-0.3366321813779441,0.005465551397754787,-0.11598062953995157,-0.08507373981950253,-0.08949152542372882,0.12549636803874092,-0.21241030156284393,0.19120845256438476,0.019511336121505612,0.037160466651992075,0.01202509355051728,0.022632621615672463,0.1303565925599824,0.11946951353731015,-0.041082984811798375,-0.12305965221219459,-0.05642306845696676,-0.23173013427250716,-0.15499889940567907,-0.2453202729473916,-0.18465991635483162,-0.0753400836451684,-0.26082324455205813,-0.394488223640766,-0.2770261941448382,0.0733017829627999,-0.057915474356152324,-0.05949152542372881,-0.13405679066696016,-0.13566585956416466,-0.026099493726612372,0.2757869249394673,0.20422848338102575,0.2930970724191063,0.16069117323354612,0.14634382566585957,-0.14696896324014969,0.046788465771516616,-0.17571868809156946,-0.024589478318291877,0.013957737178076161,-0.01674884437596302,0.08200308166409861,-0.2755139775478759,-0.027420206911732335,0.2889192163768435,-0.07246313009024874,0.006792868148800352,-0.06476777459828308,-0.08797490644948272,-0.20946511116002642,0.4130882676645389,0.29764472815320275,-0.14260840854061194,-0.08107197886858904,-0.3124697336561743,-0.019392471934844818,0.21461809377063615,0.17991855602025095,-0.09610609729253797,-0.22082764692934184,0.06488883997358573,0.25537750385208013,0.2225511776359234,-0.14537750385208012,-0.012588597842835132,-0.005828747523662778,0.1723992956196346,-0.19923398635263043,-0.11242791107197887,-0.13158925819942768,-0.06632621615672463,-0.06549636803874093,0.06414924058991855,-0.026103896103896105,0.1275016508914814,0.3836165529385868,0.002146158925819943,0.43440898084965884,0.27489984591679506,0.1137046004842615,0.34375302663438256,0.33415584415584415,0.19493286374642307,0.5403301782962799,0.050917895663658376,0.22210433634162446,0.14605326876513317,-0.01363416244772177,-0.06178516398855382,-0.18530486462689852,0.029484921857803215
