,#10,#11,#12,#13,#17,#18,#26,#49,#50,#51,#52,#53,#54,#58,#101,#102,#201,#202,#301,#302,#401,#402,#501,#502,#601,#602,#701,#702,#801,#802,#901,#902,#1001,#1002,#1101,#1102,#1201,#1202,#1301,#1302,#1401,#1402,#1501,#1502,#1601,#1602,#1701,#1702,#1801,#1802,#1901,#1902,#2001,#2002,#2101,#2102,#2201,#2202,#2301,#2302,#2401,#2402,#2501,#2502,#2601,#2602,#2701,#2702,#2801,#2802,#2901,#2902,#3001,#3002,#3101,#3102,#3201,#3202,#3301,#3302,#3401,#3402,#3455,#3501,#3502,#3601,#3602,#3701,#3702,#3801,#3802,#3901,#3902,#4001,#4002,#4101,#4102,#4201,#4202,#4301,#4302,#4401,#4402,#4501,#4502,#4601,#4602,#4701,#4702,#4801,#4802
#10,1.0,0.5963812458727713,0.4803697996918336,0.42198767334360554,0.2584173453664979,0.17730134272507153,0.13199647809817303,0.4759586176535329,0.31590799031476996,0.44734536649790885,0.3763130090248734,0.07116002641426371,0.12608628659476118,0.15511996478098172,-0.1782148360114462,-0.18900066035659255,0.5038652872551178,0.22908650671362535,-0.077739379264803,0.005005502971604667,-0.09361435174994497,0.018034338542813118,0.10543473475676865,0.014538850979528945,0.22705480959718247,0.1355888179616993,0.06382786704820603,0.22038080563504292,0.09543693594541053,0.06838652872551178,0.08031697116442879,-0.25609289016068676,0.3875654853620955,0.18286374642306846,-0.04801452784503632,-0.17902707462029496,0.06272727272727273,0.1309487123046445,-0.03825225621835791,0.12131631080783623,-0.15396434074400175,0.15598062953995157,-0.1560708782742681,-0.048683689192163766,0.022458727712965,0.10098393132291437,0.2971208452564385,0.24819062293638564,-0.18790887079022672,-0.19234866828087166,-0.23535329077701958,-0.2094805194805195,-0.0057847237508254455,-0.09330398415144178,-0.08811358133392032,0.11495267444419986,-0.4118335901386749,-0.170264142637024,-0.024129429892141757,-0.11532687651331719,-0.1111600264142637,-0.06819502531366937,-0.11821703720008805,0.0600594320933304,0.10738058551617874,-0.14155403918115783,-0.072491745542593,-0.04817081223860885,0.19063394232885758,0.19116442879154744,0.09196566145718688,0.2543979749064495,-0.36516398855381904,0.06813119084305524,-0.2792824125027515,-0.2942262821923839,-0.2799977988113581,-0.18651551837992517,-0.009511336121505613,-0.05927580893682589,0.09812018489984592,0.01665199207572089,0.32273167510455647,0.040836451683909314,0.017519260400616334,-0.1743187321153423,-0.11813779440898085,0.15060092449922957,0.15546995377503853,0.14220118864186662,0.04344265903587938,-0.06457406999779881,0.16567906669601584,-0.07267224301122606,-0.11946511116002641,0.19921857803213736,0.32337882456526523,0.39241030156284396,0.22326436275588818,0.2560620735197006,0.13881135813339204,0.3249042482940788,-0.12311908430552498,0.35104776579352853,0.22670261941448383,0.16469073299581774,0.03199867928681488,-0.06752586396654194,-0.10165749504732556,-0.01049966982170372,-0.06566145718688092
#11,0.5963812458727713,1.0,0.5713405238828968,0.42627999119524546,0.19727933083865287,0.19518600044023773,0.3017059211974466,0.3167246313009025,0.24018269865727493,0.5346797270526084,0.37257098833370017,-0.005674664318732116,0.13036099493726613,0.20003081664098613,-0.16275808936825886,0.1638564825005503,0.4254501430772617,0.3830904688531807,-0.0337838432753687,0.21103675985031917,-0.06210873871890821,0.0701056570548096,0.03221659696235967,-0.0326766453885098,0.23612590799031477,-0.005507373981950253,-0.057662337662337665,-0.008947831829187762,0.13735857362976006,0.023414043583535108,0.23828307285934405,-0.27588597842835133,0.2841448382126348,0.18422408100374202,-0.10085186000440238,-0.10113581333920317,-0.033535108958837774,0.08794849218578032,-0.06598943429451903,0.07255558001320714,-0.05418886198547215,0.020983931322914373,-0.17464450803433854,-0.04707682148360114,-0.2208034338542813,-0.0536847897864847,0.11995157384987894,0.025461149020471054,-0.23160906889720448,-0.29637904468412946,-0.32574290116662996,-0.32023552718467974,-0.04668941228263262,-0.23893682588597842,-0.07817081223860885,-0.03519260400616333,-0.42535108958837775,-0.3037860444640106,-0.11104996698217037,-0.4243319392471935,-0.03206031256878714,0.027096632181377943,-0.002980409421087387,0.1830706581554039,0.15930002201188642,-0.04863746423068457,-0.040854061193044244,0.3030596522121946,0.34092890160686773,0.3555293858683689,0.28906669601584856,0.3423992956196346,-0.2951948051948052,-0.013786044464010565,-0.29369359454105215,-0.17842615012106539,-0.1725115562403698,-0.14491745542593001,-0.01668280871670702,0.1474554259300022,0.15589038080563505,0.03748404138234647,0.22156284393572528,0.22445300462249615,0.06334140435835352,-0.07977767994717147,-0.0714439797490645,0.1523860884877834,0.1256086286594761,0.08069557561082985,-0.05675544794188862,-0.22097732775698878,-0.08079683028835571,-0.056381245872771296,-0.21148800352190184,0.11871890821043364,0.16574290116662999,0.24550957517059213,0.07571868809156945,0.1362227602905569,0.14197226502311247,0.3263790446841294,-0.2174818401937046,0.3411666299801893,0.3169095311468193,0.2160642747083425,0.203086066475897,-0.07175654853620955,-0.06680167290336782,0.07394673123486682,-0.23165749504732555
#12,0.4803697996918336,0.5713405238828968,1.0,0.49871230464450805,0.25134272507153865,0.44048646268985253,0.34704380365397314,0.21750385208012327,0.1809619194364957,0.553911512216597,0.19834910851860005,-0.05216376843495488,0.2846136913933524,0.21574950473255558,-0.2768500990534889,0.08508254457407,0.5317125247633723,0.70359674224081,-0.28445520581113803,-0.01511996478098173,-0.17589478318291876,0.05515958617653533,0.2202047105436936,0.07797050407219899,0.19350649350649352,-0.0550363196125908,0.2544640105657055,0.23009024873431652,-0.03195245432533568,0.0587541272287035,0.2268346907329958,-0.06924058991855601,0.4780211314109619,0.2897490644948272,-0.2005745102355272,-0.18326876513317192,-0.17418225841954654,-0.20522562183579132,0.033488883997358575,0.032885758309487124,-0.20709663218137794,-0.06261941448382126,-0.2227096632181378,-0.28300462249614794,-0.07466431873211535,0.06618534008364517,0.035219018269865725,0.10493506493506494,-0.18481399955976227,-0.0670394012766894,-0.07620074840413824,0.08934404578472376,0.2155381906229364,0.15716046665199207,0.02517059211974466,0.08199647809817301,-0.21649570768214835,-0.2486880915694475,-0.03953334800792428,-0.23981289896544133,-0.005027514858023332,0.1670526084085406,-0.3416134712744882,-0.11211093990755008,0.2913823464670922,0.20380145278450362,-0.3262491745542593,0.05438696896324015,0.11127448822364076,0.1253598943429452,0.357376183138895,0.4071868809156945,-0.41184459608188423,0.08651331719128329,-0.4768500990534889,-0.1314571868809157,-0.14765793528505394,0.10386528725511776,0.17167510455646048,0.06203169711644288,-0.009647809817301343,-0.012945190402817521,0.28019370460048426,0.06096412062513758,0.006784063394232886,-0.1315738498789346,0.10703059652212195,0.029185560202509356,0.10183579132731675,-0.20288575830948713,-0.14426810477657936,-0.23290777019590578,0.09157605106757649,0.02899405679066696,-0.2412194585075941,0.3970878274268105,0.27845916795069336,0.5448316090688972,0.40030816640986133,0.24060532687651331,0.2943583535108959,0.6295355491965662,0.06532467532467533,0.4183579132731675,0.3968456966762052,0.15252036099493727,0.27240810037420204,-0.04554919656614572,-0.05030596522121946,0.0651353731014748,-0.2758463570327977
#13,0.42198767334360554,0.42627999119524546,0.49871230464450805,1.0,0.20206031256878715,0.36398415144177854,0.33068677085626236,0.14494827206691613,0.263464670922298,0.6081289896544134,0.23423508694695136,0.010777019590578913,0.08932863746423068,0.2107506053268765,0.16523222540171692,0.06917015188201629,0.6230090248734317,0.4093528505392912,0.13341844596081884,0.012047105436935945,-0.03091569447501651,-0.08806955756108298,0.2618247853841074,-0.11393132291437376,0.21704820603125688,0.11059872331058772,0.12962139555359894,0.14028835571208453,0.33007043803653974,0.1971054369359454,0.030151882016288795,0.09108078362315651,0.267475236627779,0.3344816200748404,0.07499229583975346,0.014402377283733217,0.043416244772176975,0.1395179396874312,0.17496808276469294,0.08550077041602465,0.124950473255558,0.2337640325775919,-0.17832709663218138,-0.060184899845916795,-0.029711644287915475,-0.07578472375082544,-0.01144618093770636,-0.10173673783843275,-0.16310147479639006,-0.2857847237508254,-0.10828747523662778,-0.1271186440677966,0.007204490424829408,0.005734096412062514,-0.0045740699977988115,0.2567730574510236,-0.21796830288355712,-0.29993616552938585,0.012907770195905789,-0.22635703279771077,-0.2065199207572089,-0.062029495927801014,-0.12765573409641207,0.11023772837332159,0.165379705040722,-0.10112260620735197,-0.25921637684349547,0.02101254677525864,0.18137354171252476,0.16517719568567027,0.002839533348007924,0.039341844596081886,-0.2887211093990755,-0.026244772176975566,-0.27060972925379706,-0.12106317411402157,-0.1610477657935285,-0.16570768214836012,0.006792868148800352,-0.03108518600044024,-0.04399295619634603,-0.012377283733215937,0.24593000220118863,0.04227162667840634,-0.07835130970724191,-0.2778934624697337,-0.11985912392692054,0.1505062733876293,-0.03704600484261501,-0.0884701738939027,-0.060501871010345584,-0.08328197226502311,-0.09560862865947611,-0.09965221219458507,-0.13166409861325115,0.28814439797490643,0.2248316090688972,0.30235086946951356,0.2939753466872111,-0.03277129650011006,0.08172353070658156,0.49288355712084525,0.06770195905789127,0.29152102135152985,0.25619854721549634,0.11971824785384108,0.0900924499229584,-0.1394981289896544,-0.12452564384767775,-0.05687431212854942,-0.20246973365617432
#17,0.2584173453664979,0.19727933083865287,0.25134272507153865,0.20206031256878715,1.0,0.1836187541272287,0.34536429672022895,0.20174994497028395,0.025681267884657716,0.11963460268545015,0.2516817081223861,0.43430992736077484,0.26999559762271624,0.3902707462029496,-0.15362755888179616,-0.17035219018269865,0.13426150121065375,0.06618093770636144,-0.23670041822584195,-0.2958485582214396,-0.3458925819942769,-0.27292978208232443,0.047809817301342726,0.008762931983270966,-0.06621175434734757,0.06198767334360555,-0.1684305524983491,-0.05304644508034338,-0.01614571868809157,0.16169271406559543,-0.02925379705040722,0.037889060092449925,0.2225181598062954,0.1927756988773938,0.012434514637904468,0.2001188641866608,0.05310807836231565,0.22851199647809817,0.14558001320713185,-0.03938586836891922,-0.07270526084085406,0.3269821703720009,0.10432533568126788,0.2790490865067136,0.10370239929561964,0.1537838432753687,0.07067356372441118,0.16806075280651553,-0.10581774158045344,-0.08646489104116223,-0.1784569667620515,-0.06360334580673564,-0.12512656834690733,-0.22219898745322475,-0.256517719568567,-0.12416464891041162,-0.22601804974686332,0.029764472815320273,0.08426370239929562,-0.04600484261501211,-0.10807175874972486,-0.16979308826766454,0.1497226502311248,-0.0588399735857363,-0.15018710103455865,-0.08327977107638125,0.0035439137134052386,-0.0472903367818622,-0.16149460708782742,-0.010261941448382127,-0.07774158045344486,-0.008886198547215497,0.008386528725511776,-0.07144618093770636,0.10075720889280211,0.004177856042262822,-0.10824345146379044,-0.18924279110719788,0.06718467972705261,-0.061793968743121284,0.11686550737398195,0.2790358793748624,0.06188201628879595,0.3042835130970724,0.4727801012546775,0.10054369359454106,0.009042482940788025,0.23603786044464012,0.017882456526524322,0.25229583975346687,0.3536671802773498,0.3613911512216597,0.2195311468192824,-0.0015628439357252917,-0.038998459167950694,-0.20185340083645167,-0.08625797930882677,0.13591899625797932,0.032839533348007925,0.1330310367598503,-0.008861985472154964,0.11328857583094872,0.07299361655293858,0.13032137354171253,0.19002421307506054,0.1782148360114462,0.1803103675985032,0.040134272507153866,-0.13198547215496367,0.03917015188201629,0.039612590799031476
#18,0.17730134272507153,0.19518600044023773,0.44048646268985253,0.36398415144177854,0.1836187541272287,1.0,0.1854853620955316,0.10139995597622717,0.06610169491525424,0.3991811578252256,0.020151882016288796,0.0339291217257319,0.4852366277790007,0.08270085846357032,0.030948712304644507,0.05683469073299582,0.3843099273607748,0.3737112040501871,-0.2487937486242571,-0.10342504952674444,0.11706361435174995,-0.04763592339863526,0.2649922958397535,-0.006667400396213955,0.21123706801672903,-0.05281532027294739,0.12234206471494607,0.024565265243231344,0.19038080563504292,0.182293638564825,0.0007836231565045125,0.03461809377063614,0.3403345806735637,0.26287034998899406,0.07815100154083204,-0.17968523002421308,-0.010435835351089589,-0.23879154743561523,0.031450583314990094,-0.06474576271186441,0.09501430772617213,-0.07616993176315211,-0.0324983491085186,-0.3354655513977548,0.03701959057891261,-0.13862425709883336,-0.043772837332159364,-0.05839533348007924,-0.12546335020911292,-0.061787365177195686,-0.06390050627338763,-0.06667840633942329,0.13463790446841295,-0.01401056570548096,0.1743495487563284,0.032799911952454325,0.003598943429451904,-0.22536649790887078,-0.13422848338102575,-0.19808496588157606,-0.07343385428131191,0.11775038520801233,-0.268333700198107,-0.24188641866607968,0.08974686330618534,0.24263482280431434,-0.11596742240810037,-0.25983491085186,0.09287475236627779,0.02952454325335681,0.21666299801893021,0.18915474356152323,-0.22878934624697336,-0.016933744221879814,-0.16939027074620294,0.10335461149020471,-0.03478318291877614,0.029295619634602685,0.1112194585075941,-0.07538190622936386,0.04666519920757209,0.3108232445520581,0.14891701518820163,0.10162227602905569,-0.17683689192163768,-0.15340303764032578,0.049339643407440015,0.16811358133392032,-0.08358353510895884,0.021353731014747964,0.1506317411402157,-0.12377944089808497,0.07115122165969624,-0.0627096632181378,-0.031950253136693814,0.21042482940788027,0.08438917015188202,0.33289896544133835,0.11918115782522562,0.1874554259300022,0.05686770856262382,0.33856482500550295,0.14733436055469953,0.36558881796169934,0.32932643627558883,0.11799031476997579,0.34080563504292316,0.044851419766674006,-0.01802113141096192,-0.1407902267224301,-0.24755227823024434
#26,0.13199647809817303,0.3017059211974466,0.34704380365397314,0.33068677085626236,0.34536429672022895,0.1854853620955316,1.0,-0.016896324014968083,-0.050092449922958394,0.4898415144177856,0.37496588157605104,0.11279330838652872,0.2513713405238829,0.44983270966321814,0.06318071758749724,0.23442218798151002,0.3310587717367378,0.31071318511996476,0.10692273827867048,0.09639665419326436,-0.1886550737398195,-0.19372220999339643,-0.16650891481399957,-0.22049746863306185,0.04455205811138015,-0.1799801893022232,-0.2099933964340744,-0.15495487563284174,0.16013427250715387,0.0031410961919436497,0.0376007043803654,-0.06909531146819282,0.18819502531366938,0.3174840413823465,0.09576051067576491,0.0950693374422188,0.07203169711644287,0.16699757869249396,0.0900198106977768,-0.06637023992956197,0.002471934844816201,0.24234646709222982,-0.0071340523882896766,0.04891701518820163,-0.18796169931763151,-0.1512722870349989,0.1532225401716927,0.1796302003081664,-0.048868589038080563,-0.24221879815100153,-0.29610609729253795,-0.296814880035219,-0.10303103675985031,-0.25056350429231783,-0.19099713845476557,0.005293858683689192,-0.3193286374642307,-0.3100088047545675,-0.03215276249174554,-0.21233546114902047,-0.08950473255558002,-0.06605546995377504,-0.07047105436935945,0.01785163988553819,0.06214615892581994,0.0633876293198327,-0.005289456306405459,0.05792207792207792,0.293251155624037,0.254142637023993,0.26408320493066256,0.1580167290336782,-0.16037420206911732,-0.048476777459828306,-0.2872265023112481,-0.3425335681267885,-0.3278318291877614,-0.14204270305965222,0.13992295839753466,0.08911512216596962,0.1553202729473916,0.014871230464450803,-0.025287255117763592,0.2333678186220559,0.16556020250935505,-0.02462029495927801,-0.04606207351970064,0.02907109839313229,0.14906229363856482,0.026691613471274488,0.12563284173453665,-0.009152542372881356,-0.18729914153642968,0.014699537750385207,0.035051727933083865,0.12485362095531587,-0.0676469293418446,0.004292317851639886,0.06359894342945191,-0.0029650011005943207,-0.22765133171912832,0.2057142857142857,-0.05405238828967643,0.08916354831609069,0.1714307726172133,-0.013337001981069777,0.10701959057891261,-0.15060532687651332,-0.15887079022672243,0.1249966982170372,0.06354171252476337
#49,0.4759586176535329,0.3167246313009025,0.21750385208012327,0.14494827206691613,0.20174994497028395,0.10139995597622717,-0.016896324014968083,1.0,0.19796169931763152,0.18532247413603345,0.4149328637464231,0.04386088487783403,0.10375302663438257,0.16733436055469955,-0.12110499669821703,-0.14915474356152322,0.27042482940788026,0.1753334800792428,-0.061840193704600484,-0.12733215936605768,-0.10017169271406559,-0.013733215936605767,0.23475456746643186,-0.026110499669821704,0.12383226942548976,0.03414263702399296,-0.05648250055029716,0.0238498789346247,0.19099933964340743,0.11018269865727492,0.13763592339863526,-0.132524763372221,0.2813779440898085,0.2223794849218578,0.008463570327977107,-0.17905569007263922,-0.031611270085846355,0.05226502311248074,-0.11823684789786484,0.08491305304864627,-0.08864626898525203,-0.017759189962579792,0.05585075941008144,0.13499889940567908,0.1752410301562844,0.09361435174994497,0.2905657054809597,0.2485494166850099,-0.28728813559322036,-0.2367356372441118,-0.34429892141756546,-0.14121725731895224,0.0058881796169931765,-0.10923178516398856,-0.08921417565485362,0.008073959938366718,-0.3033348007924279,-0.12991195245432532,0.037785604226282195,0.008296279991195246,-0.22351309707241912,-0.1276469293418446,0.06592119744662117,0.14653753026634384,-0.10909971384547655,-0.24289016068677086,0.11973585736297601,0.15082764692934184,0.07527845036319612,-0.009658815760510676,-0.10672243011226062,-0.07120184899845917,-0.19969403477878053,0.006973365617433414,-0.19035879374862424,-0.19129429892141755,-0.28484041382346464,-0.2596544133832269,-0.055560202509355054,0.04856702619414484,0.231963460268545,0.21372220999339644,0.2475874972485142,0.24215496368038741,-0.029093110279550957,-0.12070438036539731,-0.19238168611049966,0.1113185119964781,0.06980189302223201,0.2106537530266344,0.13722870349988994,-0.07513757429011667,0.2336517719568567,-0.1528527404798591,0.008093770636143518,0.20306845696676204,0.13819062293638565,0.24366938146599162,0.13862645828747525,0.026390050627338763,0.1481157825225622,0.2771714725952014,-0.145643847677746,0.042733876293198324,0.2049966982170372,0.2401716927140656,0.12651551837992517,-0.2271406559542153,-0.07328417345366497,-0.08697996918335901,-0.050442438917015185
#50,0.31590799031476996,0.24018269865727493,0.1809619194364957,0.263464670922298,0.025681267884657716,0.06610169491525424,-0.050092449922958394,0.19796169931763152,1.0,0.3365793528505393,0.17256878714505833,-0.06518820162887959,-0.21871010345586617,0.08568787145058332,0.12185780321373542,0.18173233546114903,0.27749284613691394,0.186880915694475,0.14709443099273609,0.23316530926700418,0.16097732775698878,0.2238895003301783,0.19774598283072858,0.14642526964560862,0.4638498789346247,0.3317345366497909,0.01149240589918556,0.08561082984811798,0.1609024873431653,-0.11802773497688752,0.03847457627118644,-0.09727272727272727,0.11848778340303764,0.06932203389830509,0.24379484921857802,-0.010438036539731455,0.21451904028175214,0.15915474356152323,0.09735417125247633,0.1593814659916355,0.1298481179837112,0.029084305524983492,-0.20780981730134274,-0.08440457847237508,0.06296940347787805,-0.0350297160466652,-0.0039731454985692275,-0.025758309487123047,-0.20596742240810037,-0.1506845696676205,-0.07805855161787364,-0.1772243011226062,-0.0885692273827867,-0.1466387849438697,-0.02405018710103456,0.358201628879595,-0.17256658595641647,-0.06695575610829849,-0.06590138674884438,-0.11662777900066036,-0.3038895003301783,-0.23208452564384768,-0.024512436715826546,0.11636363636363636,-0.006740039621395554,0.01791767554479419,0.1332709663218138,0.029264802993616553,0.2634844816200748,0.2769733656174334,-0.002604006163328197,0.0789192163768435,-0.21442218798151003,-0.13622496147919877,-0.21316090688972045,-0.17255337882456526,-0.18578252256218358,-0.1279176755447942,0.013436055469953774,0.1187211093990755,-0.04918115782522562,-0.015511776359233986,0.2611732335461149,-0.05874532247413603,-0.12812898965441338,-0.39988113581333923,-0.28826106097292536,0.02461369139335241,-0.038980849658815764,0.11885097952894563,-0.029975786924939466,0.05434074400176095,0.017065815540391813,-0.09967862645828747,-0.11678626458287475,0.15049086506713624,0.2661699317631521,0.19696456086286596,0.09337222099933964,0.017572088928021132,0.005406119304424389,0.07866387849438697,0.06535108958837772,0.15997138454765572,0.1554831609068897,0.016504512436715826,-0.030873871890821043,-0.18322033898305085,-0.35926480299361657,-0.12030376403257759,-0.12667400396213954
#51,0.44734536649790885,0.5346797270526084,0.553911512216597,0.6081289896544134,0.11963460268545015,0.3991811578252256,0.4898415144177856,0.18532247413603345,0.3365793528505393,1.0,0.3170151882016289,-0.1121483601144618,0.27263482280431434,0.27656394453004624,0.13649790887079022,0.2039225181598063,0.7518511996478098,0.5305701078582434,0.08436055469953775,0.11122826326216156,0.035971824785384104,-0.18395993836671803,0.1818335901386749,-0.22935505172793308,0.36898305084745764,-0.12373321593660577,-0.09627118644067796,-0.010721989874532248,0.2580475456746643,-0.045588817961699314,0.072524763372221,-0.04145938806955756,0.4315100154083205,0.34543473475676867,0.01900066035659256,-0.057726172132951795,0.12657054809597182,-0.0560906889720449,0.0019216376843495487,0.06252036099493727,0.05388509795289456,0.087838432753687,-0.09334360554699538,-0.2547149460708783,-0.10646709222980409,-0.21824785384107417,0.09664538850979529,-0.04574290116662998,-0.24496808276469292,-0.3027140655954215,-0.31649570768214835,-0.291435174994497,-0.10548976447281531,-0.06908870790226722,0.014241690512876954,0.19523222540171692,-0.19301782962799913,-0.35454545454545455,-0.03351529826106097,-0.3482720669161347,-0.14030156284393572,-0.008318291877613912,-0.24493946731234867,0.049372661237068016,0.14318732115342284,0.10884657715166189,-0.21878274268104778,0.0788267664538851,0.2948426150121065,0.20018049746863306,0.31558661677305744,0.1988069557561083,-0.34413823464670923,-0.0889060092449923,-0.4677591899625798,-0.30657054809597184,-0.2837574290116663,-0.034972485141976664,0.16497468633061854,-0.1261699317631521,0.08121725731895224,0.10071318511996478,0.1791041162227603,0.0588333700198107,-0.21727933083865286,-0.2750539291217257,-0.10308606647589698,0.17649790887079023,-0.005344486022452124,0.062223200528285276,-0.059368258859784286,-0.05600264142637024,-0.1162293638564825,-0.008745322474136034,-0.01582654633502091,0.45742460928901607,0.0337178076161127,0.3241954655513978,0.22703499889940568,-0.006112700858463571,-0.13044023772837332,0.5010499669821704,-0.0062359674224081,0.38133392031697116,0.4085714285714286,0.15159366057671142,0.24237508254457407,-0.18851199647809816,-0.24597622716266784,0.015280651551837993,-0.11632621615672463
#52,0.3763130090248734,0.37257098833370017,0.19834910851860005,0.23423508694695136,0.2516817081223861,0.020151882016288796,0.37496588157605104,0.4149328637464231,0.17256878714505833,0.3170151882016289,1.0,0.0963944530046225,0.21646268985252037,0.46174994497028393,0.031091789566365838,0.05611490204710544,0.32908870790226724,0.1184437596302003,0.14260180497468633,0.10712744882236408,-0.1008760730794629,-0.13823904908650672,0.0374158045344486,-0.0673629760070438,0.24345586616773057,0.10660796830288356,-0.10513537310147479,-0.022168170812238607,0.36540391811578254,0.07838652872551177,0.23469073299581775,-0.03980409421087387,0.22076821483601144,0.1711732335461149,0.09206251375742901,0.08654413383226943,0.13488223640766014,0.2226304204270306,-0.05293858683689192,-0.0347721769755668,0.1317015188201629,0.22712304644508036,0.17043363416244772,0.2782588597842835,-0.14890380805635042,-0.10556460488663878,0.3214791987673344,0.14556680607528066,-0.0675544794188862,-0.31914593880695574,-0.1640810037420207,-0.2008518600044024,-0.25976667400396214,-0.35247413603345806,-0.2015034118423949,-0.05693154303323795,-0.4373409641206251,-0.30730134272507154,-0.22351749944970284,-0.14010345586616774,-0.39471934844816203,-0.3317587497248514,0.17050187101034558,0.2779176755447942,0.06153863086066476,-0.05063394232885758,0.17945630640545895,0.05065595421527625,0.3472375082544574,0.2358067356372441,0.08868368919216377,0.17509795289456306,-0.1466255778120185,-0.007567686550737398,-0.08569447501650891,-0.18798591239269205,-0.34609949372661236,-0.4038630860664759,0.16252916574950474,0.17214395773717808,0.2777790006603566,0.23180937706361435,0.24494827206691613,0.14188421747743782,0.20366277790006604,-0.24875192604006163,-0.2956526524323134,0.16774598283072858,0.10972705260840854,0.3778450363196126,0.27933964340744,-0.07785604226282192,0.07850319172353071,-0.3740986132511556,-0.1962755888179617,0.10694695135373102,0.17792427911071979,0.1362425709883337,0.14744441998679286,0.0990644948272067,-0.15219678626458288,0.1391217257318952,-0.035861765353290775,0.3420977327756989,0.19817741580453443,0.21402597402597404,-0.006405458947831829,-0.33855381906229365,-0.28605326876513315,-0.1994320933303984,-0.11272727272727273
#53,0.07116002641426371,-0.005674664318732116,-0.05216376843495488,0.010777019590578913,0.43430992736077484,0.0339291217257319,0.11279330838652872,0.04386088487783403,-0.06518820162887959,-0.1121483601144618,0.0963944530046225,1.0,0.1841844596081884,0.2623948932423509,-0.09400616332819722,-0.2515100154083205,-0.1309839313229144,-0.29368258859784285,-0.23356152322254017,-0.2581223860884878,-0.10698877393792648,-0.2255051727933084,-0.264010565705481,-0.013695795729694035,-0.3050693374422188,-0.046966762051507814,-0.13835351089588377,-0.052313449262601806,0.03216376843495487,0.25556680607528065,-0.12436935945410521,-0.028712304644508035,-0.0023618754127228705,0.15156064274708342,0.10183799251595861,0.18864406779661017,-0.0599273607748184,0.03967422408100374,-0.09540171692714065,-0.10811358133392032,-0.008062953995157385,0.31797930882676645,0.0797820823244552,0.23020691173233546,0.12584415584415584,-0.0362095531587057,-0.14104996698217037,0.1394276909531147,0.06344265903587938,0.02440677966101695,0.03596962359674224,0.0325775918996258,-0.1025709883337002,-0.11075280651551837,-0.12031036759850319,-0.16959498128989656,0.058668280871670704,0.16524983491085185,0.09157164869029276,0.1269953775038521,-0.07505833149900946,-0.0873167510455646,0.25054809597182476,0.0386748844375963,-0.20752366277790008,0.025958617653532908,0.1196830288355712,-0.05060092449922959,-0.1881994276909531,-0.12727933083865287,-0.05906889720449043,-0.1189060092449923,0.1367708562623817,0.09000440237728373,0.32404138234646707,0.21193924719348448,0.08629980189302223,-0.1400198106977768,0.1437640325775919,-0.1944772176975567,0.132062513757429,0.337607307946291,-0.013143297380585516,0.2420184899845917,0.3961303103675985,0.18156064274708342,-0.04264142637023993,0.38114461809377065,0.12382786704820603,0.20386528725511777,0.07289016068677086,0.3142747083425049,0.20726172132951795,-0.05249614791987673,-0.008445960818842175,-0.3563064054589478,-0.20176975566806074,-0.029346246973365617,-0.22777679947171472,0.15079462909971383,-0.003046445080343385,-0.1046929341844596,-0.06719568567026195,-0.02114902047105437,-0.005278450363196126,0.07803653973145498,0.2094585075941008,0.13471274488223642,-0.09770856262381686,-0.014521241470394013,0.11138014527845036
#54,0.12608628659476118,0.13036099493726613,0.2846136913933524,0.08932863746423068,0.26999559762271624,0.4852366277790007,0.2513713405238829,0.10375302663438257,-0.21871010345586617,0.27263482280431434,0.21646268985252037,0.1841844596081884,1.0,0.1263680387409201,0.06508474576271187,-0.03396213955535989,0.18777019590578914,0.1474686330618534,-0.29457406999779884,-0.16432093330398415,-0.04928461369139335,-0.16535989434294518,-0.0031521021351529825,-0.04838432753686991,-0.08580453444860224,-0.2245432533568127,-0.16668941228263262,-0.022762491745542592,0.15309487123046445,0.08126788465771517,0.027303543913713407,-0.10338983050847457,0.19217037200088047,0.12206911732335461,-0.20956856702619414,-0.1342923178516399,-0.2727646929341845,-0.35012326656394455,-0.23044464010565704,-0.14433414043583534,-0.1053004622496148,0.2825379705040722,-0.04238168611049967,-0.1250693374422188,-0.07128109178956636,-0.08364957076821483,0.021292097732775697,-0.08585075941008144,-0.11184679727052609,-0.1089654413383227,-0.15999559762271626,0.02282852740479859,-0.16277129650011005,-0.005368699097512657,-0.22818181818181818,-0.2681818181818182,-0.0413449262601805,-0.2129451904028175,-0.21247413603345808,-0.12044684129429892,0.07045124367158266,0.18816200748404138,-0.10231785163988553,-0.26246313009024874,0.004950473255558001,0.15203169711644288,-0.08374642306845696,-0.20758309487123047,-0.005238828967642527,-0.06702839533348008,0.21070438036539732,0.10451023552718468,-0.08073739819502532,0.0637772397094431,-0.07935505172793308,0.007506053268765133,-0.011716927140655954,0.032529165749504735,0.24604226282192385,-0.15519040281752147,0.3633149900946511,0.4659872331058772,0.150198106977768,0.34784063394232884,0.028289676425269646,0.03150561303103676,0.13611490204710544,0.4257010785824345,0.06320272947391592,0.19475676865507374,0.2469997798811358,-0.1161831388950033,-0.0224785384107418,-0.06555800132071318,-0.015458947831829188,-0.0010543693594541052,-0.05127008584635703,0.23547655734096412,0.12014307726172133,0.2259454105216817,0.028523002421307505,0.18302663438256658,0.1451551837992516,0.23132951793968742,0.21125687871450582,0.13949372661237067,0.30028615452344265,0.09766674003962139,0.0388994056790667,-0.008875192604006163,-0.015412722870349988
#58,0.15511996478098172,0.20003081664098613,0.21574950473255558,0.2107506053268765,0.3902707462029496,0.08270085846357032,0.44983270966321814,0.16733436055469955,0.08568787145058332,0.27656394453004624,0.46174994497028393,0.2623948932423509,0.1263680387409201,1.0,-0.02151661897424609,0.029368258859784283,0.295016508914814,0.12613471274488225,-0.11700858463570328,-0.031397754787585296,-0.14895003301782964,-0.20718688091569448,0.06185560202509355,0.06267884657715166,0.13199427690953114,0.0865397314549857,-0.17050187101034558,-0.11433634162447721,0.17830948712304645,0.07915914593880695,0.1321813779440898,0.12627338762931983,0.24466431873211533,0.34419546555139774,0.04899185560202509,0.12238388729914154,0.30672243011226064,0.31772837332159365,0.21627779000660358,0.24359674224081004,-0.11010345586616772,0.16737178076161127,0.18115122165969624,0.18489984591679506,0.0690644948272067,-0.029977988113581332,0.07802113141096192,0.1466651992075721,0.012542372881355932,-0.1960312568787145,-0.3031939247193485,-0.1855425930002201,-0.2060774818401937,-0.244620294959278,-0.27418445960818844,-0.014294519040281752,-0.28066916134712744,-0.08403037640325776,-0.19907770195905788,-0.12011446180937706,-0.3172991415364297,-0.3538366718027735,0.36554259300022013,0.0676865507373982,-0.04654193264362756,-0.18083425049526744,0.3531058771736738,0.06395553598943429,0.14062293638564824,0.27409421087387187,0.09966982170372,0.2606317411402157,0.04756548536209553,0.038263262161567245,0.1287739379264803,-0.0017367378384327537,-0.11808276469293419,-0.34191943649570766,0.2150231124807396,0.018364516839093112,0.1501386748844376,0.1072969403477878,0.008071758749724852,0.16961919436495707,0.3492493946731235,-0.18045344486022452,-0.2999405679066696,-0.09987012987012987,-0.05324455205811138,0.3193286374642307,0.28347787805414926,0.18389830508474575,0.13954875632841734,-0.21377944089808495,-0.14925159586176534,-0.10936825885978428,0.11811798371120405,0.15258859784283513,0.14338983050847456,0.13958837772397095,-0.11303984151441779,0.2718357913273168,0.057759189962579796,0.16139555359894342,0.42165089148139995,0.21283733215936607,0.286880915694475,-0.18817741580453445,-0.31428131190843056,-0.19609289016068676,-0.03155183799251596
#101,-0.1782148360114462,-0.16275808936825886,-0.2768500990534889,0.16523222540171692,-0.15362755888179616,0.030948712304644507,0.06318071758749724,-0.12110499669821703,0.12185780321373542,0.13649790887079022,0.031091789566365838,-0.09400616332819722,0.06508474576271187,-0.02151661897424609,1.0,0.25673343605546994,-0.011961259079903148,-0.13693594541052168,0.47843495487563287,0.045943209333039844,0.5021307506053269,-0.11860664758969844,0.1522870349988994,-0.1687739379264803,0.1393352410301563,-0.018467972705260842,-0.12614791987673343,-0.13371560642747082,0.44802553378824567,0.021351529826106098,-0.2486286594761171,0.17810037420206912,-0.07412722870349989,0.09130970724191063,0.3042923178516399,-0.014965881576051068,0.30208232445520583,0.1827294739159146,0.10402597402597402,0.055296059872331056,0.30788025533788244,0.14098393132291437,0.0899405679066696,0.11577371780761611,-0.04775478758529606,-0.313497688751926,0.005408320493066256,-0.11708342504952675,-0.03203169711644288,-0.201963460268545,-0.03349328637464231,-0.20047105436935944,-0.215016508914814,-0.30279330838652874,-0.025238828967642526,-0.027642526964560862,-0.1438630860664759,-0.39755007704160245,-0.28490204710543693,-0.232987012987013,-0.2994342945190403,-0.36183579132731675,0.2255095751705921,0.2111336121505613,-0.14560422628219238,-0.24977767994717148,0.20458067356372442,0.10944530046224961,0.22976007043803653,0.206484701738939,-0.1222342064714946,-0.07736517719568567,-0.019152542372881356,-0.14281752146158927,-0.07406559542152763,-0.3171274488223641,-0.31655734096412064,-0.3634536649790887,0.12838872991415365,0.05275808936825886,0.06473915914593881,0.016244772176975567,-0.11851639885538191,0.0987541272287035,-0.23560422628219238,-0.32106977767994715,-0.28043803653973143,-0.06293418445960819,-0.261963460268545,0.207838432753687,0.22022011886418666,-0.14190182698657275,-0.27305524983491086,-0.15596742240810038,0.14433193924719348,0.003453664979088708,0.011948051948051949,-0.23159145938806955,-0.047092229804094214,-0.27434074400176095,-0.21757649130530488,-0.23797270526084086,0.12651331719128328,-0.07928021131410962,0.15973585736297602,-0.09574069997798812,0.003268765133171913,-0.30841514417785604,-0.3098613251155624,-0.2609443099273608,-0.08399735857362976
#102,-0.18900066035659255,0.1638564825005503,0.08508254457407,0.06917015188201629,-0.17035219018269865,0.05683469073299582,0.23442218798151002,-0.14915474356152322,0.18173233546114903,0.2039225181598063,0.05611490204710544,-0.2515100154083205,-0.03396213955535989,0.029368258859784283,0.25673343605546994,1.0,0.054151441778560426,0.1796059872331059,0.16819062293638565,0.583579132731675,0.17513977547875853,0.40645608628659474,0.04606867708562624,0.1011534228483381,0.15709002861545235,-0.051256878714505835,-0.24296059872331058,-0.17859344045784722,-0.07181818181818182,-0.33343605546995375,0.06207792207792208,-0.1657495047325556,-0.12175874972485141,-0.13531587057010785,-0.0686880915694475,-0.04468412942989214,-0.05604666519920757,0.02083645168390931,-0.05428351309707242,-0.11220999339643407,0.029795289456306405,-0.07446401056570548,-0.14680827646929343,-0.11707021791767555,-0.18660356592559982,-0.12142196786264584,-0.09858683689192163,-0.043255558001320714,-0.2715100154083205,-0.07616993176315211,-0.2864274708342505,-0.2351749944970284,-0.3004336341624477,-0.11973365617433414,-0.11775258639665419,0.06562843935725292,-0.1652542372881356,-0.1834338542813119,-0.3520493066255778,-0.3154699537750385,-0.12485362095531587,-0.1964802993616553,-0.117112040501871,0.03852960598723311,0.12768434954875632,0.13434954875632843,0.023310587717367378,0.3345366497908871,0.23554039181157826,0.33736517719568565,0.2677591899625798,0.25475676865507374,0.14139995597622718,-0.022049306625577813,-0.13039841514417785,0.0019062293638564824,-0.03831388950033018,-0.027186880915694475,0.0790380805635043,0.39760290556900724,-0.02360114461809377,-0.19530266343825667,-0.07018489984591679,0.05182478538410742,-0.06550737398195025,-0.2661193044243892,-0.19923178516398857,-0.10437156064274708,-0.06585296059872331,-0.08482720669161348,-0.2015694475016509,-0.22537090028615453,-0.28703059652212193,-0.1338630860664759,-0.15429011666299802,0.05200748404138235,-0.06411182038300682,-0.23432973805855162,-0.09447061413163108,-0.25535329077701957,-0.2163878494386969,-0.04839753466872111,-0.20055910191503412,-0.12775478758529607,-0.08334360554699538,-0.15629980189302223,-0.04784283513097073,-0.17039401276689412,-0.23489104116222762,-0.07652212194585076,-0.20707021791767555
#201,0.5038652872551178,0.4254501430772617,0.5317125247633723,0.6230090248734317,0.13426150121065375,0.3843099273607748,0.3310587717367378,0.27042482940788026,0.27749284613691394,0.7518511996478098,0.32908870790226724,-0.1309839313229144,0.18777019590578914,0.295016508914814,-0.011961259079903148,0.054151441778560426,1.0,0.6130926700418226,-0.05620515078142197,-0.04702619414483821,-0.20776799471714727,-0.2330244331939247,0.37443319392471935,-0.10655734096412063,0.40117103235747303,0.03765133171912833,0.04556020250935505,0.18356812678846576,0.20763592339863526,-0.06304204270305966,0.1831036759850319,0.08462909971384548,0.5116508914814,0.32347127448822366,-0.12378604446401056,-0.07963900506273387,0.060231124807395994,-0.07390490865067137,0.011248073959938367,0.08278450363196126,-0.13387849438696897,0.05145498569227383,-0.09581554039181157,-0.2908276469293418,-0.056394453004622494,-0.11472154963680388,0.2520889280211314,0.03948272066916135,-0.24257318952234205,-0.3667444419986793,-0.2876601364736958,-0.1693682588597843,-0.034305524983491084,-0.004133832269425489,-0.19626458287475237,0.024397974906449484,-0.2668346907329958,-0.30541492405899184,0.08041162227602905,-0.20167730574510234,-0.13783623156504513,0.009764472815320273,-0.2765947611710324,-0.047607307946291,0.19944309927360776,-0.009539951573849879,-0.20872331058771737,-0.06465331278890601,0.20101915034118423,0.06268324895443539,0.29149460708782743,0.10045344486022452,-0.3684833810257539,-0.09438917015188202,-0.5140083645168391,-0.2899647809817301,-0.334488223640766,-0.053112480739599385,0.2153532907770196,-0.0452410301562844,0.028146599163548315,0.010418225841954655,0.26521681708122385,-0.030556900726392253,-0.1804358353510896,-0.13762931983270965,-0.0056218357913273165,0.06931543033237948,-0.012476337222099934,-0.047827426810477656,-0.0636583755227823,-0.05175214615892582,0.014686330618534008,0.07549196566145719,0.05692053709002862,0.6060114461809377,0.30922518159806295,0.5409024873431653,0.4588839973585736,0.11933524103015629,-0.029495927801012546,0.7529165749504733,0.12949592780101254,0.5841800572309047,0.45973365617433415,0.3722320052828527,0.24842835130970725,-0.18977327756988774,0.00488003521901827,0.1550033017829628,-0.05919436495707682
