,#10,#11,#12,#13,#17,#18,#26,#49,#50,#51,#52,#53,#54,#58,#101,#102,#201,#202,#301,#302,#401,#402,#501,#502,#601,#602,#701,#702,#801,#802,#901,#902,#1001,#1002,#1101,#1102,#1201,#1202,#1301,#1302,#1401,#1402,#1501,#1502,#1601,#1602,#1701,#1702,#1801,#1802,#1901,#1902,#2001,#2002,#2101,#2102,#2201,#2202,#2301,#2302,#2401,#2402,#2501,#2502,#2601,#2602,#2701,#2702,#2801,#2802,#2901,#2902,#3001,#3002,#3101,#3102,#3201,#3202,#3301,#3302,#3401,#3402,#3455,#3501,#3502,#3601,#3602,#3701,#3702,#3801,#3802,#3901,#3902,#4001,#4002,#4101,#4102,#4201,#4202,#4301,#4302,#4401,#4402,#4501,#4502,#4601,#4602,#4701,#4702,#4801,#4802
#10,1.0,0.37285934404578475,0.4088333700198107,0.20444640105657055,-0.031886418666079684,0.3886484701738939,0.23533788245652654,0.7664142637023993,0.3978076161127009,0.5686528725511777,0.4151353731014748,0.22776799471714726,0.23220118864186662,-0.1052542372881356,0.024054589478318292,0.1033942328857583,0.4511666299801893,0.009559762271626679,0.08600484261501211,0.014791987673343606,0.140099053488884,-0.023222540171692715,0.0950429231785164,0.02804534448602245,-5.062733876293198e-05,-0.2663570327977108,-0.11654413383226943,-0.20256878714505833,-0.1306713625357693,-0.20128769535549196,-0.0851023552718468,-0.056370239929561965,-0.14765793528505394,-0.5040149680827647,-0.21979528945630641,-0.297673343605547,-0.4230068236847898,-0.41455205811138013,-0.4262976007043804,-0.4269007263922518,-0.0890446841294299,-0.030928901606867707,-0.0887673343605547,-0.005617433414043584,-0.042980409421087384,-0.08637244111820383,-0.3498569227382787,-0.18928461369139335,-0.040451243671582655,-0.08736517719568566,-0.18642747083425049,-0.16053488883997358,-0.006665199207572089,-0.1453378824565265,-0.06279550957517059,-0.29894122826326214,-0.35283072859344045,-0.18538410741800573,-0.07062953995157385,-0.19417565485362095,-0.015727492846136913,-0.19436495707682147,-0.25985252036099493,-0.2535064935064935,-0.0612260620735197,-0.12140435835351089,-0.3101716927140656,-0.27637904468412944,0.15958177415804534,-0.08517279330838654,0.12290116662998019,0.05517059211974466,0.006370239929561964,-0.05735857362976007,-0.15127668941228264,-0.09030156284393573,-0.016271186440677966,-0.11387409200968523,-0.23710763812458727,0.10333920316971164,-0.15855602025093551,-0.03394453004622496,0.14960158485582215,0.11497144781613441,0.16522562183579131,-0.06169711644287915,-0.07826986572749285,0.05677525863966542,-0.027244111820383006,-0.19422408100374203,-0.04593000220118864,-0.005117763592339864,-0.03668500990534889,0.0950297160466652,0.20804754567466432,0.25681928241250274,0.1921307506053269,-0.2190116662998019,-0.0348976447281532,-0.22844596081884216,-0.15498789346246974,0.04357473035439137,-0.26483381025753905,-0.025458947831829188,-0.3061787365177196,-0.19114902047105437,-0.28398635263042044,-0.1826436275588818,-0.14442218798151002,0.07755227823024433,0.21515298261060972
#11,0.37285934404578475,1.0,0.16076821483601145,-0.08429672022892362,-0.061644287915474355,0.030191503411842395,0.149933964340744,0.27569667620515076,0.3808782742681048,0.2612898965441338,0.28322694254897646,0.13022232005282852,0.014415584415584416,0.028122386088487782,0.18969403477878055,0.19224081003742022,0.15478758529605988,-0.22309927360774817,-0.1110873871890821,0.10133392031697117,0.09675324675324676,0.045582214395773715,0.060873871890821045,-0.09303764032577592,0.04054149240589919,-0.12413603345806735,-0.29774158045344484,-0.2742042703059652,-0.3192185780321374,-0.11432533568126789,-0.05350429231785164,-0.15963460268545016,-0.17403257759189963,-0.3124653312788906,-0.3226678406339423,-0.29091569447501653,0.03664758969843716,-0.15911292097732777,0.06123486682808717,-0.09715386308606648,-0.31366718027734974,0.018080563504292317,0.07456746643187322,-0.05475236627779001,-0.09007043803653973,0.016354831609068896,-0.17032137354171253,-0.1255646048866388,-0.1507109839313229,-0.07796169931763153,-0.1852608408540612,-0.09315210213515299,-0.1237640325775919,-0.17961479198767336,-0.2142438917015188,-0.31084525643847677,-0.13720669161347127,0.059385868368919216,-0.17283733215936606,-0.15974686330618534,0.17016068677085627,-0.02047325555800132,-0.27788685890380804,-0.16179616993176316,-0.3090314769975787,-0.16107858243451464,-0.05888839973585736,-0.0748646268985252,0.15306845696676205,0.14523882896764254,0.12917015188201628,0.3110323574730354,0.2361435174994497,0.029196566145718687,0.22793968743121285,-0.0687871450583315,0.16454545454545455,-0.1637376183138895,-0.1253334800792428,0.04058991855602025,-0.097376183138895,-0.21859123926920537,0.10892141756548536,0.05520914330242048,0.20558001320713185,0.011016949152542373,-0.15955315870570108,-0.12425049526744442,-0.13231124807395994,-0.1061369139335241,-0.06139555359894343,0.0036143517499449703,-0.15256878714505834,-0.09236847897864847,0.07175434734756769,0.024891041162227602,-0.005637244111820383,-0.3649108518600044,-0.23828747523662777,-0.18267444419986792,-0.36886858903808056,-0.22502091129209773,-0.2813383226942549,-0.19688751926040063,-0.2845850759410081,-0.15291877613911511,-0.36105216817081226,0.09321153422848338,0.06427030596522122,-0.0262689852520361,0.10020250935505173
#12,0.4088333700198107,0.16076821483601145,1.0,0.3192604006163328,0.1382214395773718,0.35392031697116444,0.07703499889940568,0.25677525863966544,0.07213735417125247,0.2863966541932644,0.12335020911292098,0.22845696676205152,0.28855161787365174,-0.19076161127008584,-0.033396434074400176,-0.022656834690732996,0.5717411402157165,0.5419986792868149,-0.04128769535549197,-0.24167730574510235,-0.13867708562623818,-0.16881796169931762,0.177442218798151,0.26562623816861103,0.12537310147479638,-0.19950473255558002,0.11317191283292978,0.0338762931983271,0.25328637464230686,-0.0025533788245652653,0.215478758529606,-0.015414924058991855,0.18772176975566807,-0.18203389830508473,-0.2596302003081664,-0.3899933964340744,-0.3568853180717588,-0.3800858463570328,-0.18698877393792648,-0.1467906669601585,-0.03492846136913934,-0.04489984591679507,-0.25234866828087166,-0.1855712084525644,-0.2093880695575611,-0.09392692053709002,-0.03796610169491525,0.0840942108738719,-0.010112260620735197,-0.10084305524983492,0.1302509355051728,0.12696456086286595,0.25555359894342944,0.09930442438917016,0.25852080123266563,-0.020464450803433853,-0.41958837772397095,-0.25541272287035,-0.14331058771736738,-0.2428615452344266,0.04569887739379265,-0.045967422408100374,-0.11866828087167071,-0.28581113801452784,0.2895575610829848,-0.04338542813119084,-0.13328637464230683,-0.2723794849218578,0.19888839973585737,-0.08081884217477438,0.3652344265903588,0.07655513977547876,-0.1617015188201629,0.006026854501430773,-0.47248294078802555,-0.14030816640986132,-0.2084041382346467,0.045144177856042265,-0.10397534668721109,0.20236847897864846,0.012742681047765794,0.08296059872331059,0.12066696015848558,0.23309830128679587,-0.01940347787805415,-0.09010785824345147,-0.08298701298701298,0.18025313669381465,0.08534888839973585,0.010691173233546115,-0.144224081003742,-0.2124785384107418,-0.14297160466651992,-0.045271846797270525,-0.12787805414924058,0.4295729694034779,0.22199647809817302,0.335049526744442,0.40367378384327535,0.24626458287475236,0.14986792868148802,0.3242504952674444,0.14756548536209554,0.3208958837772397,0.3569887739379265,0.29291657495047324,0.2625974025974026,-0.04529605987233106,-0.015080343385428132,0.04566365837552278,-0.009225181598062954
#13,0.20444640105657055,-0.08429672022892362,0.3192604006163328,1.0,-0.003222540171692714,0.33152982610609727,-0.05291437376183139,0.0021703720008804757,-0.06143517499449703,0.3927977107638125,-0.08417565485362095,-0.12011446180937706,0.1583513097072419,-0.1460972925379705,0.14287255117763592,0.2264736957957297,0.27311468192824123,0.08906009244992295,0.029322033898305084,-0.130033017829628,0.24718688091569446,0.12740479859123927,0.13728593440457848,0.20219898745322473,0.1912656834690733,0.07421087387189082,-0.012357473035439137,0.2699823904908651,0.19218137794408982,0.04405018710103456,-0.014098613251155623,-0.0714307726172133,-0.14361875412722871,-0.2809355051727933,0.07662337662337662,-0.10222540171692714,-0.05171912832929782,-0.15144177856042262,-0.11635042923178517,-0.006905128769535549,0.261171032357473,0.19984591679506933,0.06038961038961039,0.11667620515078142,-0.05162667840633942,0.12154523442659036,-0.16247633722209992,-0.08790006603565925,-0.010072639225181599,-0.009572969403477878,0.05351970063834471,0.1366784063394233,0.06737838432753687,-0.011166629980189302,0.13704380365397315,0.07468633061853401,-0.08040061633281972,0.2793484481620075,-0.14468853180717586,-0.05267224301122606,-0.12414263702399296,-0.1750297160466652,-0.014395773717807616,-0.14753686990975126,0.06019370460048426,0.005555800132071319,-0.05200088047545675,-0.017862645828747525,-0.12244772176975567,-0.2908826766453885,-0.20220559101915034,-0.09586836891921638,-0.1708232445520581,-0.2569579572969403,-0.2876953554919657,-0.1781465991635483,-0.04806735637244112,-0.10671142416905129,-0.11362976007043804,0.10833149900946511,0.03551617873651772,0.2403169711644288,0.14714946070878274,0.0018390941223281028,-0.07874972485141976,-0.2300924499229584,-0.04667180277349769,0.3087607307946291,0.2326700418225842,0.06089588377723971,0.08473915914593881,-0.02083645168390931,0.2191349328637464,-0.06365397314549857,-0.058232445520581114,0.04605106757649131,0.16084745762711863,0.002350869469513537,0.2671626678406339,-0.011606867708562623,0.002335461149020471,0.05400396213955536,-0.024703940127668942,0.11211754347347568,0.09701959057891262,0.006070878274268105,-0.021716927140655953,-0.2356218357913273,-0.13076821483601145,-0.11738058551617873,-0.16410301562843935
#17,-0.031886418666079684,-0.061644287915474355,0.1382214395773718,-0.003222540171692714,1.0,0.18740039621395554,0.09656834690732996,0.040422628219238387,-0.09430332379484922,-0.14886858903808056,-0.1553004622496148,0.12428571428571429,0.14322694254897644,-0.015212414703940127,-0.12513317191283294,-0.06381245872771296,0.07672683248954436,0.019724851419766674,-0.12799911952454326,-0.14250055029716047,-0.11240149680827646,-0.030686770856262383,0.0802179176755448,0.06525203609949373,0.02376843495487563,0.04927801012546775,0.020477657935285054,0.027928681488003523,0.05828747523662778,-0.0174290116662998,0.013759630200308166,-0.18265243231344927,0.013999559762271626,-0.1476469293418446,0.10174774378164209,-0.026200748404138236,0.042559982390490865,-0.02606647589698437,-0.14534668721109398,-0.010114461809377064,-0.037142857142857144,-0.014767774598283073,0.06598943429451903,-0.04213735417125248,0.15025974025974026,-0.06661237068016729,0.04891481399955976,0.13764472815320272,-0.07167730574510235,-0.15335681267884657,-0.10079462909971384,-0.14997798811358135,-0.16956856702619413,-0.15932863746423068,0.0349372661237068,-0.004481620074840414,0.11060752806515518,-0.060334580673563724,0.04345806735637244,0.05427470834250495,0.14222540171692713,0.13135373101474795,-0.04569447501650892,-0.057662337662337665,0.13477657935285053,0.24135373101474797,0.013909311027955095,-0.14556020250935506,0.0008078362315650452,0.06419106317411402,0.048608848778340305,0.01809377063614352,-0.1326172132951794,-0.107607307946291,-0.0014329738058551618,0.018230244331939247,-0.04203830068236848,-0.035901386748844376,-0.0829672022892362,-0.044519040281752145,-0.02776799471714726,0.20838432753686992,0.12202729473915915,0.17764372531574632,0.17854721549636804,0.168003521901827,0.060867268324895446,0.1850297160466652,0.06528065155183799,0.02240149680827647,0.1286088487783403,0.04349108518600044,-0.016110499669821705,0.24872991415364296,0.07025533788245653,-0.07442218798151001,0.0637376183138895,0.1266321813779441,0.03373321593660577,-0.03777239709443099,0.009315430332379485,-0.10479639005062734,0.16618534008364516,-0.09538190622936385,-0.053462469733656176,-0.008428351309707241,-0.031003742020691172,0.09136253576931543,0.2962029495927801,0.2102179176755448,0.10202509355051728
#18,0.3886484701738939,0.030191503411842395,0.35392031697116444,0.33152982610609727,0.18740039621395554,1.0,0.24793748624257098,0.16363636363636364,-0.07031917235307066,0.4555976227162668,0.21302223200528286,0.27366277790006605,0.2877988113581334,-0.12799471714725952,0.13561082984811798,0.1185824345146379,0.35314329738058553,0.29192824125027517,0.11526964560862867,0.07651331719128329,0.04055249834910852,0.22035879374862427,0.03904248294078803,0.09789346246973366,-0.2598591239269205,-0.17603125687871451,-0.18783403037640325,-0.16163768434954875,0.30768875192604006,0.15624036979969183,-0.01854061193044244,-0.12368699097512657,-0.16009024873431654,-0.2923772837332159,-0.00029936165529385867,-0.09838872991415365,-0.23430772617213294,-0.22884217477437815,-0.32475676865507375,-0.17911292097732776,0.2207065815540392,0.20210213515298261,0.14150781421967862,-0.16883777239709444,-0.029335241030156285,0.06685230024213075,-0.2527668941228263,-0.09157825225621836,-0.25202069117323356,-0.164818401937046,-0.26468192824125025,-0.06167070217917676,-0.24339643407440018,-0.14432753686990976,0.08051727933083866,-0.3523200528285274,-0.08184239489324235,0.008950033017829628,-0.18537090028615452,-0.04612590799031477,-0.09093770636143518,-0.09201408760730795,0.01145938806955756,-0.11010125467752586,-0.017490644948272068,-0.1663944530046225,-0.12708122386088488,-0.032282632621615674,0.07813339203169711,-0.12770195905789125,0.03397754787585296,-0.11274488223640766,-0.06488663878494387,-0.11291657495047326,-0.1348382126348228,0.006640986132511556,-0.062436715826546335,-0.06985031917235307,-0.3299141536429672,0.14034778780541493,-0.15470834250495266,0.20324675324675326,0.1715298261060973,0.13915702132789987,0.12112700858463571,-0.14687871450583315,-0.12196346026854502,0.2275874972485142,0.2259674224081004,0.1750627338762932,-0.004433193924719348,0.10031476997578692,-0.0038542813119084307,-0.04418225841954655,0.0841734536649791,0.3259850319172353,0.16953995157384988,0.037406999779881135,0.27186220559101915,-0.11647369579572969,-0.11557561082984812,0.13689192163768435,-0.06255998239049086,-0.024158045344486023,0.011155624036979969,-0.11306625577812018,-0.16739819502531367,-0.15327316751045564,-0.02965661457186881,-0.032885758309487124,0.05824785384107418
#26,0.23533788245652654,0.149933964340744,0.07703499889940568,-0.05291437376183139,0.09656834690732996,0.24793748624257098,1.0,0.3001848998459168,0.23193484481620075,0.33808936825885977,0.0798547215496368,0.10197006383447062,0.08944530046224962,0.23658815760510676,0.07982390490865067,0.0424125027514858,0.14971164428791547,-0.12251595861765353,0.044098613251155626,0.023255558001320713,-0.10473255558001321,0.03410521681708122,-0.13667400396213955,-0.27440677966101695,-0.07892361875412723,-0.30356152322254015,-0.24623376623376622,-0.20962799911952454,0.01785163988553819,-0.0055447941888619855,-0.27589478318291877,-0.04141536429672023,-0.12966982170372002,-0.21841074180057232,0.15298701298701298,0.10702619414483822,0.026667400396213955,-0.15540171692714067,-0.18008364516839093,0.010094651111600263,-0.0137640325775919,0.1388795949812899,-0.1267180277349769,-0.28442218798151003,-0.2208562623816861,-0.12594981289896545,-0.17683248954435396,-0.08596962359674223,-0.2141536429672023,-0.24971824785384109,-0.40439357252916575,-0.33551177635923396,-0.4200528285274048,-0.29502091129209773,-0.26345366497908873,-0.33129650011005946,0.01931983270966322,-0.11401276689412283,-0.03998239049086507,0.011263482280431433,0.07634602685450143,-0.14294959278010125,0.19617873651771958,0.05614791987673343,-0.06898965441338323,-0.27132731675104554,0.15176315210213515,0.2461765353290777,0.3417367378384328,0.08410521681708122,0.28879154743561525,0.10794188861985472,0.3578362315650451,0.1590975126568347,0.24813559322033898,0.293383226942549,0.22366057671142417,0.10845476557340965,-0.1746335020911292,-0.04563284173453665,-0.19517719568567027,0.08773497688751926,0.033086066475896986,0.17753586701294072,0.18488663878494388,0.06085626238168611,0.029035879374862426,0.06806735637244112,-0.016051067576491305,-0.018203830068236847,0.012634822804314329,0.034719348448162005,-0.008344706141316311,0.027699757869249393,0.0274224081003742,-0.020490865067136252,-0.08360994937266124,-0.30283072859344046,-0.11132071318511996,-0.2159123926920537,-0.2893550517279331,-0.27051727933083863,-0.04479639005062734,-0.2289654413383227,-0.2439621395553599,-0.1866563944530046,-0.31782302443319393,-0.013638564825005504,0.07092449922958398,0.0915496368038741,0.10320052828527405
#49,0.7664142637023993,0.27569667620515076,0.25677525863966544,0.0021703720008804757,0.040422628219238387,0.16363636363636364,0.3001848998459168,1.0,0.49220999339643406,0.45777679947171473,0.49292317851639883,0.31830288355712083,0.18227602905569007,-0.012256218357913273,0.0003345806735637244,-0.043422848338102574,0.2945014307726172,-0.15531146819282413,0.04556020250935505,-0.061058771736737835,0.11235086946951353,-0.07819062293638565,0.09926920537090028,0.06650451243671583,0.016273387629319833,-0.27376183138895005,0.005637244111820383,-0.2117125247633722,-0.13728593440457848,-0.24475676865507373,-0.12990314769975786,-0.16922077922077922,-0.08119084305524983,-0.438069557561083,-0.24781862205591018,-0.24311248073959937,-0.42595421527624916,-0.4410543693594541,-0.42807175874972486,-0.38517059211974464,-0.09838212634822804,-0.037233105877173676,0.0020581113801452786,0.02843715606427471,0.009509134932863747,-0.1491745542593,-0.1663680387409201,-0.05948272066916135,-0.06308606647589698,-0.07970944309927361,-0.16951573849878934,-0.2503764032577592,0.009667620515078142,-0.26051948051948054,-0.07367598503191723,-0.330726392251816,-0.27779661016949153,-0.23806515518379925,-0.08013647369579573,-0.21401056570548097,0.059685230024213075,-0.21799471714725951,-0.2731565045124367,-0.2097952894563064,0.013284173453664979,-0.041336121505613034,-0.30893022232005285,-0.26606867708562626,0.11888399735857363,-0.13272947391591458,0.12951133612150562,0.01693814659916355,0.05072639225181598,0.009416685009905348,-0.11169271406559542,0.07077701959057892,0.08458947831829187,-0.006731234866828087,-0.0212062513757429,0.034741360334580675,0.006682808716707022,0.02939027074620295,0.10177856042262821,0.09706586895547857,0.04807616112700858,0.007957296940347788,-0.08656834690732995,0.16497468633061854,-0.1388267664538851,-0.09058551617873652,-0.014602685450143078,-0.10272727272727272,-0.1447787805414924,0.010171692714065596,0.05201848998459168,0.14188861985472154,0.16662557781201848,-0.12999779881135815,-0.11384767774598283,-0.12983270966321814,-0.1563878494386969,0.01090248734316531,-0.3487409200968523,-0.03730794629099714,-0.30685009905348887,-0.13966982170372,-0.1931565045124367,-0.11305304864626899,-0.15626018049746862,0.12463790446841294,0.20410521681708121
#50,0.3978076161127009,0.3808782742681048,0.07213735417125247,-0.06143517499449703,-0.09430332379484922,-0.07031917235307066,0.23193484481620075,0.49220999339643406,1.0,0.3781488003521902,0.4110257539071098,0.1600792427911072,0.20173453664979088,0.1510279550957517,0.34624036979969186,0.12533127889060092,0.08372220999339644,-0.31722650231124805,0.05755007704160246,-0.08579352850539292,0.13149240589918557,-0.0998547215496368,0.10411402157164869,-0.06542372881355932,0.13554699537750386,-0.13659916354831608,-0.13581554039181157,-0.2593286374642307,-0.16283953334800794,-0.22081223860884877,-0.2499273607748184,-0.08894122826326216,-0.1864208672683249,-0.1996566145718688,-0.2205591019150341,-0.037224301122606204,-0.01588377723970944,-0.17513317191283292,-0.07421967862645829,-0.007745982830728594,-0.2726634382566586,0.030279550957517058,-0.03515738498789346,-0.1376535329077702,-0.1399207572088928,-0.08661016949152542,-0.11070217917675544,-0.1660246533127889,-0.03502531366938147,-0.10201848998459168,-0.21112920977327757,-0.3031939247193485,-0.1522011886418666,-0.20376623376623376,-0.2030464450803434,-0.24944750165089147,-0.14857362976007044,-0.09021571648690292,-0.08833810257539071,-0.1087673343605547,-0.05114902047105437,-0.15489324235086946,-0.32136253576931545,-0.10547875852960599,-0.18933524103015628,-0.03814659916354832,-0.10752586396654193,-0.2438961038961039,0.20125687871450584,0.13160466651992075,0.15227823024433193,0.14965441338322694,0.14342945190402817,0.0011864406779661016,0.18290997138454765,0.0274686330618534,0.09595201408760731,-0.15158705701078581,0.0006581554039181158,-0.08701738939027075,-0.09482280431432974,-0.0988333700198107,0.2048778340303764,0.14966440109203294,0.036913933524103014,-0.17566365837552278,-0.26609949372661235,0.04716266784063394,-0.33555359894342945,-0.18361435174994498,0.0034668721109399076,-0.3236121505613031,-0.13983931322914372,-0.20959278010125468,0.04740479859123927,-0.03460048426150121,-0.09049086506713626,-0.3325269645608629,-0.26128329297820824,-0.14425489764472815,-0.38722209993396434,-0.3203477878054149,-0.18135152982610608,-0.3445520581113801,-0.43616773057451025,-0.212359674224081,-0.2231499009465111,-0.08335020911292097,0.029414483821263483,0.04852520360994937,0.1571516618974246
#51,0.5686528725511777,0.2612898965441338,0.2863966541932644,0.3927977107638125,-0.14886858903808056,0.4555976227162668,0.33808936825885977,0.45777679947171473,0.3781488003521902,1.0,0.3130332379484922,0.18020250935505172,0.4293748624257099,0.13594541052168171,0.3175368699097513,0.17676645388509796,0.49960818842174776,-0.010794629099713845,0.14207572088928022,-0.11141316310807836,0.39788685890380804,0.025203609949372662,0.11246753246753247,-0.04692934184459608,0.08426150121065375,-0.26854501430772615,-0.174983491085186,-0.22306185340083645,0.14092009685230025,-0.16821703720008804,-0.05031256878714506,-0.0812788906009245,-0.2514769975786925,-0.4387585296059872,-0.12276689412282632,-0.23876293198327098,-0.21439137134052388,-0.4376975566806075,-0.30593660576711423,-0.20890160686770856,0.04170812238608849,0.07944970283953334,-0.02059211974466212,-0.17180497468633063,-0.1923992956196346,0.018848778340303764,-0.4146467092229804,-0.3018908210433634,-0.17252036099493726,-0.14884437596302003,-0.3635439137134052,-0.1399933964340744,-0.18091789566365837,-0.2535879374862426,-0.049782082324455204,-0.33447281532027295,-0.11583314990094651,-0.08889500330178296,-0.24873871890821042,-0.249933964340744,-0.05918776139115122,-0.25333259960378607,-0.061104996698217035,-0.16064274708342505,-0.18314549856922738,-0.22291217257318952,-0.11120405018710103,0.06913273167510456,0.11407219898745323,-0.24396434074400175,0.024012766894122826,-0.11594981289896544,0.03803433854281312,-0.07909090909090909,-0.06289236187541272,-0.033563724411182036,0.10240149680827647,-0.004180057230904689,-0.08937266123706801,0.04266563944530046,-0.018622055910191504,0.07152102135152982,0.17069117323354613,0.20296401219682372,0.00789786484701739,-0.10132071318511997,-0.1202245212414704,0.2129804094210874,0.04418225841954655,-0.02315430332379485,0.0551551837992516,-0.014186660796830288,0.08154523442659035,-0.12409861325115562,0.08583975346687212,0.29144177856042264,0.10325996037860445,-0.1763152102135153,-0.01401716927140656,-0.23973805855161787,-0.36078362315650453,-0.00974025974025974,-0.2028615452344266,-0.1927294739159146,-0.2003896103896104,-0.22777019590578912,-0.3185560202509355,-0.18021571648690293,-0.24132511556240369,-0.012817521461589258,0.12085846357032798
#52,0.4151353731014748,0.28322694254897646,0.12335020911292098,-0.08417565485362095,-0.1553004622496148,0.21302223200528286,0.0798547215496368,0.49292317851639883,0.4110257539071098,0.3130332379484922,1.0,0.32900946511116,0.06687431212854941,0.18868368919216377,0.2060774818401937,-0.053579132731675104,0.20360994937266125,-0.12220338983050848,0.022586396654193264,-0.13393352410301562,0.07444419986792868,-0.019852520360994937,0.13112260620735197,0.0023838872991415365,-0.06961699317631521,-0.14910191503411843,-0.2510521681708122,-0.4328395333480079,-0.17201628879594982,-0.23761391151221659,-0.07449702839533348,-0.15033458067356373,-0.11317851639885539,-0.21794408980849658,-0.37199427690953113,-0.26331278890600923,-0.30793528505392914,-0.26043803653973147,-0.22300682368478977,-0.17173013427250716,-0.16939027074620294,0.10531146819282412,0.10756328417345366,-0.031151221659696235,-0.2497754787585296,0.02426810477657935,-0.19285494166850098,-0.3027426810477658,-0.31448162007484043,-0.24710103455866167,-0.3089984591679507,-0.2601760950913493,-0.2353334800792428,-0.2390843055249835,-0.14613911512216596,-0.46125027514858025,-0.14218578032137355,-0.3003896103896104,-0.17664538850979528,-0.2087145058331499,0.18063394232885757,-0.019013867488443758,-0.26190182698657277,-0.13273827867048207,-0.24473475676865508,-0.059421087387189084,-0.23579572969403478,-0.15573189522342065,0.135313669381466,0.03320493066255778,0.14171032357473035,-0.1151683909311028,0.17043583535108958,-0.05137574290116663,0.14050627338762933,-0.1966189742460929,0.33293198327096635,-0.11501210653753027,-0.03683469073299582,-0.1378230244331939,-0.13276689412282633,-0.08801012546775258,0.041060972925379705,0.14186228365745251,0.025082544574069998,0.09168390931102796,-0.12740699977988112,0.05420647149460709,-0.11231124807395994,0.03610609729253797,0.04997798811358133,-0.1699603786044464,-0.33295179396874314,-0.07142196786264583,0.150561303103676,0.17411622276029057,-0.08431653092670041,-0.13359674224081003,-0.1997160466651992,-0.15099053488883998,-0.3232423508694695,0.05019590578912613,-0.2970856262381686,-0.09919216376843495,-0.24741140215716487,-0.20652432313449262,-0.1111138014527845,-0.023255558001320713,-0.029988994056790667,0.17958177415804535,0.274356152322254
#53,0.22776799471714726,0.13022232005282852,0.22845696676205152,-0.12011446180937706,0.12428571428571429,0.27366277790006605,0.10197006383447062,0.31830288355712083,0.1600792427911072,0.18020250935505172,0.32900946511116,1.0,0.4838630860664759,-0.01641866607968303,-0.08926920537090029,-0.22224961479198768,0.23344486022452124,0.05671802773497689,-0.03911512216596962,-0.020235527184679726,0.004501430772617213,-0.1637442218798151,0.01604226282192384,0.13390710983931323,-0.16714285714285715,-0.08564825005502971,-0.18404578472375083,-0.41739819502531367,0.14612590799031477,-0.015148580233325996,0.038762931983270965,-0.07887079022672243,-0.17662777900066035,-0.2112194585075941,-0.13141536429672024,-0.05156064274708343,-0.15731234866828087,-0.2422143957737178,-0.16391371340523883,-0.3087915474356152,-0.049040281752146156,-0.20971604666519922,0.002769095311468193,-0.2293660576711424,-0.07489984591679506,-0.1990050627338763,-0.1419590578912613,-0.20554479418886198,-0.3053312788906009,-0.3381532027294739,-0.34158265463350207,-0.20930882676645388,-0.27714946070878277,-0.14215936605767115,0.010061633281972265,-0.10578032137354171,-0.11582654633502092,-0.4550627338762932,-0.005714285714285714,-0.23104556460488665,0.22379264802993618,0.060944309927360774,-0.11697996918335901,0.08815320272947391,-0.11294078802553378,0.16158485582214396,-0.03721329517939687,-0.36377944089808495,-0.002207792207792208,0.006592559982390491,0.15435395113361214,-0.01849438696896324,0.032714065595421525,-0.00036759850319172355,0.0750627338762932,0.019821703720008806,0.13820383006823686,-0.1783777239709443,0.0750363196125908,-0.23826106097292538,0.2515364296720229,0.27482060312568785,0.28085406119304424,0.4549837414615159,0.15987673343605546,0.2514769975786925,0.032920977327756985,0.3232291437376183,0.04563064054589478,0.27352190182698655,-0.016013647369579574,0.10059872331058772,-0.14865947611710323,0.23497908870790227,0.11463570327977107,0.23137354171252475,-0.25667620515078143,0.03968523002421308,-0.0035791327316751047,-0.19792868148800352,-0.20442218798151002,0.17528725511776358,-0.16049526744442,-0.1339621395553599,-0.16554039181157826,-0.2830596522121946,-0.0951882016288796,0.18394453004622496,-0.07074840413823465,0.19041382346467092,0.14757208892802112
#54,0.23220118864186662,0.014415584415584416,0.28855161787365174,0.1583513097072419,0.14322694254897644,0.2877988113581334,0.08944530046224962,0.18227602905569007,0.20173453664979088,0.4293748624257099,0.06687431212854941,0.4838630860664759,1.0,0.019542152762491747,0.08035439137134053,0.09070217917675545,0.3446268985252036,0.11135373101474796,-0.19526524323134492,-0.27518379925159586,0.15748404138234648,-0.22343165309267005,0.04338542813119084,0.11549196566145718,0.06698657274928461,-0.2245146379044684,-0.18175434734756768,-0.29750385208012325,0.29327536869909754,-0.03561963460268545,0.32016508914814,0.1563482280431433,-0.06389390270746204,-0.15408320493066255,0.004206471494607088,-0.03900506273387629,-0.03201628879594981,-0.19221659696235968,-0.11922298040942109,-0.11005282852740479,0.1768236847897865,-0.06909090909090909,-0.19152762491745542,-0.14666299801893024,-0.10823024433193924,-0.02037640325775919,-0.2572243011226062,-0.28640325775918996,-0.1406713625357693,-0.24521901826986572,-0.2538961038961039,-0.08359013867488443,-0.13886198547215498,-0.062126348228043145,0.050964120625137575,-0.04468412942989214,-0.08205150781421967,-0.2118335901386749,-0.10495047325555801,-0.25027294739159145,0.06668280871670702,-0.019348448162007485,-0.03842835130970724,-0.11806955756108299,-0.227079022672243,-0.03959278010125468,0.02111820383006824,-0.27226502311248074,-0.05720008804754567,-0.052797710763812455,-0.020904688531807176,-0.21472815320272948,-0.22701078582434514,-0.41964560862865946,-0.060770416024653315,-0.13056570548095972,0.04799471714725952,-0.057070217917675546,0.1425445740699978,-0.035648250055029716,0.1743187321153423,0.3595773717807616,0.2245102355271847,0.5943025502436241,0.18839533348007925,0.13095091349328639,0.006680607528065155,0.4605150781421968,0.13544133832269425,0.2958793748624257,0.1608628659476117,0.09508694695135374,0.14394453004622496,0.2370658155403918,0.0473893902707462,0.3040942108738719,-0.18403037640325776,0.005773717807616113,0.02922077922077922,-0.14953334800792428,-0.17382786704820602,0.12295399515738499,0.10737178076161127,-0.1701452784503632,-0.07901386748844376,-0.12419546555139775,-0.10943649570768214,0.03804314329738059,-0.1738961038961039,0.07165309267004183,0.09604006163328198
#58,-0.1052542372881356,0.028122386088487782,-0.19076161127008584,-0.1460972925379705,-0.015212414703940127,-0.12799471714725952,0.23658815760510676,-0.012256218357913273,0.1510279550957517,0.13594541052168171,0.18868368919216377,-0.01641866607968303,0.019542152762491747,1.0,0.2122143957737178,-0.05140876073079463,-0.09636363636363636,-0.23228923618754127,-0.029104116222760292,-0.014191063174114022,-0.08965661457186881,-0.045621835791327316,-0.2860576711424169,-0.27534448602245215,0.06924279110719789,-0.08892802113141096,-0.24279771076381246,-0.2295905789126128,-0.19145278450363196,-0.2829936165529386,0.028419546555139775,-0.03478978648470174,-0.0021549636803874094,-0.08415364296720229,0.03284393572529166,0.0739555359894343,0.19406339423288577,0.1149636803874092,0.11175654853620956,-0.00013207131851199647,-0.34305745102355273,0.17755668060752808,-0.1497226502311248,0.07299581774158045,-0.2512942989214176,-0.2173035439137134,-0.07689632401496808,0.005747303543913713,-0.07058331499009465,-0.04464670922298041,-0.27258639665419326,-0.2146995377503852,-0.25324895443539513,-0.06111600264142637,-0.2444640105657055,-0.21529165749504733,0.018619854721549638,-0.18461809377063615,-0.2272044904248294,-0.2709949372661237,0.18397314549856922,0.0728351309707242,0.2583513097072419,0.18800132071318512,-0.28154523442659035,-0.07946731234866829,0.47720889280211315,0.19631300902487342,0.2923156504512437,0.17844596081884218,0.18620515078142197,0.04556900726392252,0.28198547215496367,0.1426964560862866,0.3277922077922078,0.12484041382346467,0.2531961259079903,0.004263702399295619,0.09043803653973145,-0.1641140215716487,-0.08252696456086286,-0.06585516178736518,0.03228043143297381,0.12233552846993294,0.2083711204050187,0.22548316090688972,0.08619414483821264,-0.23132291437376182,-0.02029936165529386,0.01685230024213075,0.06954875632841735,0.12274708342504953,0.059064494827206694,-0.10285714285714286,-0.11299361655293859,-0.23863966541932644,-0.3536561743341404,-0.22919876733436056,-0.24270526084085406,-0.08299141536429672,-0.3181818181818182,-0.23119744662117545,-0.030011005943209334,-0.2009421087387189,-0.1603764032577592,-0.023158705701078582,-0.035630640545894786,0.13486462689852521,0.022736077481840193,0.10037420206911732,-0.048815760510675765
#101,0.024054589478318292,0.18969403477878055,-0.033396434074400176,0.14287255117763592,-0.12513317191283294,0.13561082984811798,0.07982390490865067,0.0003345806735637244,0.34624036979969186,0.3175368699097513,0.2060774818401937,-0.08926920537090029,0.08035439137134053,0.2122143957737178,1.0,0.5262821923838873,0.133152102135153,-0.05535549196566146,0.46807175874972484,-0.013090468853180718,0.25744441998679285,0.36464230684569665,0.01717587497248514,-0.28031917235307063,0.19498128989654415,0.00760510675764913,-0.3098855381906229,-0.3081091789566366,0.029066696015848558,0.05445300462249615,-0.24700858463570327,-0.15833810257539072,-0.050154083204930665,-0.21561303103675986,-0.13778340303764033,-0.045168390931102795,0.4218093770636144,0.13681267884657716,0.28287255117763593,0.15713405238828967,0.0922011886418666,0.30327316751045563,0.15357693154303323,0.21788906009244993,-0.25078802553378826,-0.05804534448602245,-0.01945410521681708,-0.0006295399515738499,-0.19954435395113362,-0.2773585736297601,-0.2896235967422408,-0.31963240149680827,-0.19251815980629539,-0.3090380805635043,-0.19867048206031257,-0.46479639005062734,-0.1089192163768435,0.060673563724411184,-0.35503411842394894,-0.27774378164208674,-0.19616552938586837,-0.21142637023992955,-0.0940677966101695,-0.049971384547655734,-0.30458727712965,-0.34291437376183137,0.02866387849438697,0.06716266784063395,0.5186176535329078,0.18402377283733215,0.26904688531807175,0.1675544794188862,0.3700572309046885,0.05816640986132512,0.2459850319172353,-0.20856482500550297,0.10258199427690953,-0.1753268765133172,0.09950913493286374,0.1828857583094871,-0.18399735857362975,-0.007840633942328857,0.4301254677525864,-0.06371564149001707,0.13011446180937705,-0.3830904688531807,-0.3310301562843936,-0.1174488223640766,0.056277790006603566,-0.17948932423508696,0.019178956636583755,-0.3455183799251596,-0.1383381025753907,-0.5029605987233106,-0.2140942108738719,-0.07470834250495267,0.024261501210653753,-0.28005062733876296,-0.10009685230024214,-0.06256218357913274,-0.3855712084525644,-0.24605987233105878,-0.12935064935064935,-0.25517279330838655,-0.21930442438917014,0.0032665639445300463,-0.14484921857803212,-0.48647589698437155,-0.018043143297380587,-0.20770856262381687,-0.1735989434294519
#102,0.1033942328857583,0.19224081003742022,-0.022656834690732996,0.2264736957957297,-0.06381245872771296,0.1185824345146379,0.0424125027514858,-0.043422848338102574,0.12533127889060092,0.17676645388509796,-0.053579132731675104,-0.22224961479198768,0.09070217917675545,-0.05140876073079463,0.5262821923838873,1.0,-0.019060092449922957,0.06346467092229804,0.30981289896544134,0.20813339203169712,0.015524983491085186,0.4945410521681708,-0.07092890160686771,0.0964869029275809,0.03908650671362536,0.05560642747083425,-0.33486242570988334,-0.017561082984811797,-0.17518600044023772,0.14239709443099274,-0.15171032357473035,-0.014202069117323355,0.16584855822143957,-0.09992515958617654,-0.11140655954215277,0.20571648690292757,0.3059762271626678,0.07819502531366938,0.20399075500770417,0.27658815760510674,0.19491745542593,0.3291349328637464,-0.004052388289676425,0.25149900946511117,-0.110264142637024,0.1815540391811578,0.10193044243891701,0.10201188641866608,0.021087387189082103,-0.17847897864847018,-0.18131631080783622,-0.20544133832269426,-0.030975126568346906,-0.09172573189522341,-0.328234646709223,-0.15459828307285933,-0.18995817741580454,0.34955976227162666,-0.3294937266123707,-0.09992956196346027,-0.2909751265683469,-0.1432885758309487,-0.17484921857803215,-0.2334734756768655,-0.28640325775918996,-0.29285714285714287,-0.05384767774598283,0.06951353731014748,0.28927580893682586,0.16106097292537971,0.06570548095971825,0.07476777459828307,0.15883557120845257,-0.07046224961479199,0.13558441558441559,-0.22979749064494828,-0.07424389170151882,-0.23823464670922298,-0.2077195685670262,0.44794629099713845,-0.04686990975126568,0.08305084745762711,0.3680079242791107,-0.13990102349827316,0.022480739599383667,-0.45410301562843935,-0.24683689192163769,-0.0037046004842615013,0.242326656394453,-0.2746423068456967,-0.027409200968523003,-0.2889522342064715,0.15230904688531807,-0.2048976447281532,-0.17508034338542813,-0.1495773717807616,0.17378164208672683,-0.35797930882676643,0.07755007704160247,-0.06644287915474356,-0.2695465551397755,-0.21932863746423067,0.044943869689632404,-0.052687651331719126,-0.055830948712304644,0.0963086066475897,-0.1619832709663218,-0.4325709883337002,-0.13777679947171473,-0.2555227823024433,-0.12043363416244772
#201,0.4511666299801893,0.15478758529605988,0.5717411402157165,0.27311468192824123,0.07672683248954436,0.35314329738058553,0.14971164428791547,0.2945014307726172,0.08372220999339644,0.49960818842174776,0.20360994937266125,0.23344486022452124,0.3446268985252036,-0.09636363636363636,0.133152102135153,-0.019060092449922957,1.0,0.30226722430112263,-0.026623376623376622,-0.21091129209773277,0.4439951573849879,0.029698437156064274,0.14707462029495927,-0.09817081223860885,0.23452124147039402,-0.30301122606207354,0.003594541052168171,-0.08859344045784724,0.20360994937266125,-0.1407968302883557,0.0897424609289016,0.022698657274928462,-0.1054523442659036,-0.33599383667180277,-0.22590138674884438,-0.43794629099713844,-0.3459652212194585,-0.4254215276249175,-0.39543473475676866,-0.3026040061633282,-0.02823464670922298,-0.27868368919216374,-0.1164274708342505,-0.2568390931102795,-0.30537090028615455,-0.13192383887299142,-0.4107792207792208,-0.2059586176535329,-0.2275874972485142,-0.22580453444860224,-0.20360114461809378,-0.06277790006603566,-0.030911292097732777,-0.11867048206031257,0.28358793748624256,-0.18220338983050846,-0.02429451904028175,-0.23049526744441998,-0.22712304644508036,-0.321056570548096,0.1300528285274048,-0.09389390270746203,-0.22432313449262603,-0.4281069777679947,0.031138014527845037,-0.08859344045784724,-0.3055051727933084,-0.2506867708562624,0.1927294739159146,-0.0911138014527845,0.24372881355932202,-0.1488201628879595,-0.014032577591899626,-0.023779440898084966,-0.18488663878494388,-0.06346467092229804,0.10824125027514858,0.1384701738939027,-0.18162667840633942,-0.14195465551397754,-0.006018049746863307,-0.0020162887959498128,0.11636143517499449,0.2145400696346735,-0.03964340744001761,0.08727492846136914,0.09905348888399736,0.13288355712084526,-0.11835571208452564,-0.12066035659255998,-0.1830970724191063,0.09793308386528725,-0.21345146379044685,0.04810697776799472,0.08560862865947612,0.47246973365617434,0.022170372000880477,0.10713625357693154,0.1077129650011006,-0.17890380805635042,-0.07141316310807837,0.2527668941228263,0.09722209993396434,0.04591899625797931,-0.03244772176975567,-0.09204710543693595,-0.1262887959498129,-0.06102795509575171,0.0922804314329738,0.10429892141756548,0.1414571868809157
