,#10,#11,#12,#13,#17,#18,#26,#49,#50,#51,#52,#53,#54,#58,#101,#102,#201,#202,#301,#302,#401,#402,#501,#502,#601,#602,#701,#702,#801,#802,#901,#902,#1001,#1002,#1101,#1102,#1201,#1202,#1301,#1302,#1401,#1402,#1501,#1502,#1601,#1602,#1701,#1702,#1801,#1802,#1901,#1902,#2001,#2002,#2101,#2102,#2201,#2202,#2301,#2302,#2401,#2402,#2501,#2502,#2601,#2602,#2701,#2702,#2801,#2802,#2901,#2902,#3001,#3002,#3101,#3102,#3201,#3202,#3301,#3302,#3401,#3402,#3455,#3501,#3502,#3601,#3602,#3701,#3702,#3801,#3802,#3901,#3902,#4001,#4002,#4101,#4102,#4201,#4202,#4301,#4302,#4401,#4402,#4501,#4502,#4601,#4602,#4701,#4702,#4801,#4802
#10,1.0,0.369207572088928,0.5707021791767555,0.4120360994937266,-0.051424169051287695,0.14076821483601146,-0.08792207792207792,0.5528153202729474,0.21550957517059213,0.4814571868809157,0.4398613251155624,0.09645168390931103,0.1368611049966982,0.036693814659916356,-0.06000440237728373,0.037682148360114465,0.5118159806295399,0.2701584855822144,0.1530332379484922,0.03385428131190843,0.2076865507373982,0.18183579132731675,0.08311027955095751,0.1264340744001761,0.2080277349768875,0.18946290997138454,0.32859123926920536,0.45574290116662997,-0.016530926700418225,-0.04382566585956416,-0.018569227382786706,0.09323354611490205,0.3854237288135593,0.10874312128549417,-0.023667180277349768,-0.2948756328417345,-0.10517279330838653,-0.1355315870570108,0.36399735857362975,0.09589478318291877,-0.21548095971824785,-0.17914593880695576,-0.2613845476557341,-0.3652674444199868,-0.35187761391151223,0.012408100374202069,0.29859344045784725,0.25805855161787367,0.14875852960598723,-0.0362425709883337,0.39454985692273825,0.40061633281972264,0.3871054369359454,0.531270085846357,0.055014307726172135,0.07137794408980849,-0.293647369579573,-0.39370019810697776,-0.49211974466211755,-0.3717213295179397,-0.46301782962799914,-0.36945630640545896,-0.19306625577812017,0.01062953995157385,0.5860840854061193,0.10747083425049526,-0.2845014307726172,-0.06697116442879154,0.054904248294078806,0.11797710763812459,0.26053929121725733,0.5320338983050847,0.16277349768875193,0.26659035879374865,0.2536825885978428,0.22530266343825667,-0.17268985252036098,-0.2622738278670482,0.06830068236847898,0.13975126568346907,-0.02941668500990535,-0.046174334140435834,0.1808386528725512,-0.14874972485141977,-0.30575170592119744,-0.5707528065155184,-0.5557296940347788,0.25427690953114684,0.014910851860004402,-0.23231785163988553,-0.047149460708782745,-0.6018225841954655,-0.3273695795729694,-0.5785670261941448,-0.630246533127889,0.34636583755227823,0.015399515738498789,0.47770195905789126,0.637129650011006,0.4138895003301783,0.5875038520801232,0.10683689192163769,-0.00865727492846137,0.16993616552938587,0.2987057010785824,0.2931741140215717,0.323497688751926,-0.40440237728373324,-0.11349768875192603,-0.4880431432973806,-0.569027074620295
#11,0.369207572088928,1.0,0.3325269645608629,0.3557032797710764,0.23905348888399736,0.176880915694475,0.039887739379264806,0.1887343165309267,0.1282654633502091,0.3277834030376403,0.24741360334580673,-0.011826986572749285,0.03808276469293419,0.037959498128989654,0.1898084965881576,0.24010785824345146,0.25558001320713186,0.10878494386968963,0.1516222760290557,0.0588399735857363,0.1739225181598063,0.18213955535989435,0.052009685230024215,0.11502531366938147,0.1358727712965001,0.24819722650231124,0.1985758309487123,0.17664538850979528,-0.1882940788025534,-0.035080343385428134,-0.21949592780101254,0.05288135593220339,0.14829407880255338,0.25712965001100596,0.027147259520140875,-0.2552938586836892,0.08957517059211974,-0.045518379925159586,0.16754567466431874,0.07572749284613692,-0.15948492185780322,-0.28508474576271187,-0.21949152542372882,-0.14855161787365176,-0.21166189742460928,0.025174994497028397,0.1431719128329298,0.12165089148139996,-0.11045784723750826,-0.10918115782522562,0.04877834030376403,-0.04252256218357913,-0.011507814219678626,0.08313889500330178,-0.0024389170151882015,0.11246753246753247,-0.3030794629099714,-0.297178076161127,-0.15270966321813778,-0.2214505833149901,-0.34324014968082767,-0.2823486682808717,-0.024103015628439358,0.1334932863746423,0.3065793528505393,-0.06274928461369139,-0.2653510895883777,0.026795069337442218,0.21380145278450363,0.21415804534448601,0.22836011446180937,0.3537904468412943,0.08283733215936606,-0.09685009905348889,0.03826766453885098,-0.0019172353070658155,-0.24782742681047765,-0.21114461809377064,0.2363416244772177,0.051292097732775696,-0.04267224301122606,-0.011056570548095971,0.190297160466652,0.004422187981510016,-0.19093330398415145,-0.3092097732775699,-0.29082104336341624,-0.13467972705260842,-0.031644287915474356,-0.02084965881576051,0.137937486242571,-0.28376183138895006,-0.28658375522782303,-0.11494607087827427,-0.23683909311027956,0.3966255778120185,0.17653753026634383,0.22244992295839752,0.3867026194144838,0.07233766233766234,0.09824345146379045,-0.06555359894342945,-0.11158705701078582,0.21297160466651993,0.2699933964340744,0.1325379705040722,0.17808056350429233,-0.28449922958397533,-0.28295179396874315,-0.14401937046004842,-0.22261941448382128
#12,0.5707021791767555,0.3325269645608629,1.0,0.5938058551617874,0.14186880915694475,0.5320515078142197,0.06703499889940567,0.3948316090688972,0.18627779000660358,0.5624169051287695,0.45253356812678847,0.2592956196346027,0.41413823464670924,0.1265595421527625,-0.08938586836891922,-0.04202949592780101,0.8528087167070217,0.5649042482940788,0.1269029275808937,-0.16071758749724852,-0.12014968082764693,-0.14239049086506714,0.04826326216156725,0.0034294519040281753,0.1979484921857803,0.04831388950033018,0.3001122606207352,0.2908958837772397,0.24485141976667402,0.07465331278890601,0.16898965441338323,0.11360334580673563,0.4148976447281532,-0.008018930222320053,0.030666960158485582,-0.20918115782522562,-0.06203169711644288,-0.18689192163768434,0.2041932643627559,-0.060581113801452785,0.11157164869029276,-0.07684569667620515,-0.18860444640105656,-0.3702553378824565,-0.2656350429231785,-0.2924058991855602,0.23841954655513978,0.19734536649790888,0.20290556900726392,-0.046092890160686774,0.33557781201848996,0.36368038740920094,0.2941206251375743,0.42919656614571866,-0.08088928021131411,-0.1682214395773718,-0.4434272507153863,-0.6043077261721329,-0.29148800352190185,-0.2567400396213956,-0.38414483821263484,-0.4218908210433634,-0.1633964340744002,-0.000977327756988774,0.5685274047985912,0.10990314769975787,-0.11026854501430773,0.035630640545894786,0.04611270085846357,0.010297160466651993,0.5378076161127009,0.6533039841514418,0.03405458947831829,0.02114902047105437,0.005045124367158265,-0.03018930222320053,-0.17028395333480079,-0.18223640766013646,0.20633061853400836,0.19849878934624698,0.2361303103675985,0.1505657054809597,0.2402377283733216,-0.08693374422187981,-0.06220999339643407,-0.4629583975346687,-0.37108738718908213,0.4202685450143077,0.22730574510235527,-0.06096852300242131,0.18168390931102796,-0.3749966982170372,-0.18267224301122606,-0.3617081223860885,-0.3407043803653973,0.31874312128549415,0.052623816861105,0.523548316090689,0.493548316090689,0.3922342064714946,0.5607043803653973,0.4136341624477218,0.28066916134712744,0.2688729914153643,0.39087167070217915,0.29618534008364517,0.30829627999119524,-0.33966321813779443,-0.2706713625357693,-0.3124785384107418,-0.3777019590578913
#13,0.4120360994937266,0.3557032797710764,0.5938058551617874,1.0,0.1222474136033458,0.2706515518379925,-0.007710763812458728,0.06311908430552499,0.01914373761831389,0.6155029716046665,0.20639005062733876,0.04495927801012547,0.17170812238608849,-0.011443979749064494,0.014732555580013207,-0.012824125027514857,0.4962293638564825,0.2783909311027955,0.07938146599163548,-0.1453400836451684,-0.07702179176755448,0.011679506933744222,0.010981730134272507,0.0200726392251816,0.20208012326656394,0.07024653312788906,0.2608540611930442,0.23902927580893682,0.10221219458507594,0.2014505833149901,0.020884877834030376,-0.06606207351970064,0.18886418666079682,0.02986352630420427,0.1518049746863306,-0.1759586176535329,0.012795509575170592,-0.0684965881576051,0.2900858463570328,0.08131631080783623,-0.05453664979088708,-0.13881576051067576,-0.0677459828307286,-0.15450583314990093,-0.19059872331058772,-0.16362976007043803,0.1542064714946071,0.12809377063614352,0.07622496147919877,0.07895663658375522,0.3133414043583535,0.34828307285934407,0.23059652212194584,0.3445850759410081,-0.08716046665199208,-0.10475456746643187,-0.2922496147919877,-0.411254677525864,-0.09024433193924719,-0.06369139335241031,-0.2260510675764913,-0.26516398855381906,-0.10479639005062734,-0.01094651111600264,0.4934360554699538,0.05455646048866388,-0.17458727712965,-0.054921857803213736,0.04722650231124807,-0.004169051287695355,0.26442218798151,0.43314109619194363,-0.1212920977327757,-0.12773717807616114,-0.1188597842835131,-0.1713383226942549,-0.20843935725291657,-0.07459828307285934,0.17874972485141977,0.20489104116222762,0.028802553378824564,0.18623816861104997,0.17130310367598503,-0.1487739379264803,-0.22601364736957957,-0.2970526084085406,-0.17696235967422408,0.17916795069337443,0.0033281972265023115,-0.059249394673123484,0.17306625577812018,-0.22251595861765353,-0.17676645388509796,-0.19888839973585737,-0.21411182038300683,0.1912590799031477,0.052865947611710325,0.29333700198106977,0.38784283513097073,0.19279330838652872,0.2659982390490865,0.16088487783403038,0.056302003081664095,0.10099493726612371,0.2930706581554039,0.1387805414924059,0.14843935725291657,-0.19546335020911293,-0.07819942769095312,-0.25159806295399517,-0.25415804534448605
#17,-0.051424169051287695,0.23905348888399736,0.14186880915694475,0.1222474136033458,1.0,0.39169711644287913,-0.17913053048646269,-0.002183579132731675,0.043031036759850316,0.05855161787365177,0.1372044904248294,0.4017697556680608,0.32676205150781423,-0.17887079022672242,-0.007860444640105657,0.049126128109178956,0.16637244111820382,0.11025313669381466,-0.046189742460928905,-0.19158485582214396,-0.2667642526964561,-0.11847457627118645,0.04915254237288136,0.054342945190402815,-0.10825225621835792,0.04089808496588158,0.19523662777900067,0.05666740039621396,-0.00512656834690733,-0.025421527624917454,-0.017037200088047547,0.00915694475016509,0.11891701518820164,0.041054369359454106,0.2562425709883337,-0.11648470173893903,0.03690953114681928,-0.1360510675764913,0.20249614791987675,0.03409641206251376,-0.20879815100154084,-0.20838432753686992,0.04905348888399736,0.00200528285274048,0.10625357693154304,0.08377503852080123,0.3045300462249615,0.20828747523662777,0.18099053488883998,0.13069997798811359,0.06881796169931763,0.054215276249174556,0.00824125027514858,0.02432313449262602,-0.10075280651551838,-0.08063614351749945,-0.14018489984591678,-0.1809751265683469,-0.06401716927140656,-0.024439797490644947,-0.08303764032577592,-0.10526304204270306,0.02208892802113141,0.14136033458067357,0.07771516618974246,-0.062254017169271404,-0.10799911952454325,-0.013832269425489764,-0.044065595421527624,-0.09068897204490425,0.07180937706361436,0.0974818401937046,-0.11050847457627119,-0.027794408980849658,-0.19447501650891483,-0.17851199647809818,-0.2687167070217918,-0.1485956416464891,0.20641866607968304,-0.03402157164869029,0.17998459167950692,0.3824191063174114,0.2235197006383447,0.09982390490865067,0.13854941668500992,-0.06528505392912172,0.021034558661677305,0.13745762711864407,-0.08021571648690293,0.07596742240810038,0.20447721769755667,-0.10732115342284834,-0.06525203609949373,-0.04653312788906009,-0.06425269645608629,0.14178736517719567,-0.040721989874532245,0.13339863526304205,0.1423134492626018,0.22970504072198988,0.1968677085626238,0.04981950253136694,0.18941448382126347,0.14389390270746202,0.24700858463570327,0.17022232005282853,0.23603565925599823,-0.12411402157164869,0.04425930002201189,-0.09868368919216376,-0.044840413823464674
#18,0.14076821483601146,0.176880915694475,0.5320515078142197,0.2706515518379925,0.39169711644287913,1.0,-0.16069777679947173,0.2400924499229584,-0.22294298921417566,0.03156724631300902,0.206979969183359,0.12763812458727714,0.6304798591239269,-0.11637904468412943,-0.2525115562403698,-0.08659035879374863,0.4566651992075721,0.5951397754787585,-0.08960158485582215,-0.2842020691173234,-0.4417477437816421,-0.1836055469953775,0.08869249394673123,0.1471252476337222,-0.15185340083645169,0.1639489324235087,0.23865947611710323,0.35931763152102136,0.4981620074840414,0.1476007043803654,0.4477988113581334,0.15762271626678406,0.15305304864626898,-0.13407660136473695,0.16996478098173012,-0.18351970063834472,-0.20236187541272288,-0.3049856922738279,0.12054809597182478,-0.09254237288135593,-0.011576051067576492,-0.1798217037200088,0.05933083865287255,-0.1714043583535109,0.04335461149020471,0.016077481840193704,0.2200924499229584,0.23265463350209112,0.26802773497688753,0.20593880695575612,0.28209333039841517,0.30890160686770857,0.13733876293198327,0.3352630420427031,-0.3955359894342945,-0.24633502091129209,-0.2923112480739599,-0.343845476557341,-0.15465991635483162,-0.07344486022452124,-0.21810037420206912,-0.2559189962579793,-0.053429451904028175,0.1188399735857363,0.3412348668280872,0.12220338983050848,0.19447941888619855,-0.07261281091789566,-0.15213075060532688,-0.13215056130310368,0.2607770195905789,0.22340964120625137,-0.08554259300022012,-0.13850759410081445,-0.2859278010125468,-0.13445740699977987,-0.19744441998679288,-0.044041382346467095,0.3331917235307066,0.3390622936385648,0.5197952894563064,0.5526634382566586,0.2686044464010566,-0.20643847677745983,0.09517279330838653,-0.24501430772617214,-0.17541492405899187,0.45219238388729915,0.2068897204490425,-0.05853841074180057,0.26894783182918774,-0.08333920316971165,0.11968082764692935,-0.2038036539731455,-0.12943209333039843,0.13121505613031037,0.1425709883337002,0.32755888179616993,0.17195905789126129,0.2833392031697116,0.3345322474136033,0.6359960378604447,0.2916222760290557,0.06823464670922298,0.16131410961919437,0.12356152322254017,0.1409949372661237,-0.2648051948051948,-0.13078802553378824,-0.22016508914814,-0.21523662777900066
#26,-0.08792207792207792,0.039887739379264806,0.06703499889940567,-0.007710763812458728,-0.17913053048646269,-0.16069777679947173,1.0,0.031483601144618095,0.09900066035659257,0.24060752806515517,0.08181598062953996,0.019359454105216816,-0.11252036099493727,0.6209487123046445,0.3554963680387409,0.10926700418225842,-0.03969623596742241,-0.07006823684789787,0.13784063394232884,0.1957274928461369,0.11738058551617873,-0.07542372881355933,-0.3389170151882016,-0.29825225621835794,-0.15864626898525203,-0.3993990755007704,-0.31165089148139996,-0.277673343605547,-0.05054809597182479,-0.08499229583975347,-0.15960158485582215,-0.23058551617873652,-0.08208452564384768,-0.046224961479198766,-0.03225841954655514,0.11706801672903368,0.11372881355932203,0.06423068456966761,-0.3558331499009465,-0.17795289456306407,0.31306405458947834,0.32173013427250713,0.23355712084525643,0.09396654193264363,-0.14199867928681487,-0.1762029495927801,-0.17535549196566147,-0.07206031256878714,-0.20467752586396654,-0.345874972485142,-0.3698767334360555,-0.32417785604226285,-0.2604160246533128,-0.28173013427250715,0.2467884657715166,0.044686330618534005,-0.11719568567026194,-0.1404424389170152,-0.10835130970724191,-0.1796654193264363,-0.07046004842615013,-0.1211071978868589,0.35614791987673344,0.27947831829187764,-0.03050407219898745,-0.2511182038300682,0.2650253136693815,0.46079462909971386,0.26100814439797493,0.15608408540611932,0.3739863526304204,0.2318071758749725,0.33780541492405897,0.3074972485141977,0.29327096632181376,0.13767774598283072,0.18746643187321155,0.021514417785604225,-0.07898525203609949,-0.2631388950033018,-0.08799691833590138,-0.30939027074620296,-0.25945630640545897,0.17470173893902707,0.17965881576051068,-0.0845608628659476,-0.11557781201848999,-0.10456306405458948,0.13123706801672905,0.06176755447941889,-0.01904028175214616,0.0036099493726612373,-0.09186660796830289,-0.06178296279991195,0.008311688311688312,-0.06410741800572309,-0.18425709883337002,-0.21469073299581773,-0.26280431432973805,-0.3182896764252696,-0.2137508254457407,-0.17067796610169492,-0.019823904908650672,-0.1741074180057231,-0.08400616332819723,-0.13041162227602907,-0.13397094430992737,-0.04311908430552498,-0.13622055910191502,0.00609289016068677,-0.06988333700198107
#49,0.5528153202729474,0.1887343165309267,0.3948316090688972,0.06311908430552499,-0.002183579132731675,0.2400924499229584,0.031483601144618095,1.0,0.33582874752366276,0.21351749944970283,0.48515298261060974,0.1521153422848338,0.24719788685890381,0.11555800132071319,0.05857803213735417,-0.06253356812678847,0.39306185340083644,0.26645828747523664,0.3227690953114682,0.13737838432753688,0.18216376843495488,0.05177856042262822,-0.19232885758309487,-0.16735417125247634,-0.08357473035439138,-0.22412282632621616,0.06994276909531147,0.2007572088928021,0.2576777459828307,0.026643187321153422,0.21379705040721989,0.04838872991415364,0.06421967862645829,0.007924279110719789,-0.06477657935285054,-0.1500198106977768,-0.11955095751705921,-0.21951573849878936,-0.05419546555139775,-0.20545234426590359,-0.027475236627779,-0.22409421087387188,0.007318952234206471,-0.30716266784063395,-0.2847369579572969,-0.14937266123706802,0.13523222540171692,0.1650033017829628,0.16444640105657055,-0.05643627558881796,0.08049966982170371,0.18701298701298702,0.18860664758969845,0.2587255117763592,0.0024323134492626017,0.04329958177415805,-0.34687871450583313,-0.4432907770195906,-0.43558001320713186,-0.40247413603345805,-0.48085406119304425,-0.42855602025093553,0.06758529605987233,0.10350869469513538,0.33156724631300905,0.15086286594761172,0.14943209333039842,0.1281730134272507,0.21840633942328858,0.16810477657935285,0.37955315870570105,0.3775126568346907,0.060242130750605326,0.24747963900506273,0.17995817741580453,0.06797710763812459,-0.2624785384107418,-0.46010785824345146,0.13268104776579354,0.012256218357913273,0.20414263702399296,-0.14756328417345366,0.03072639225181598,0.07529605987233105,0.0006361435174994497,-0.5194122826326216,-0.42301562843935725,0.34138014527845034,-0.09359894342945191,-0.09802993616552938,-0.03187101034558662,-0.3235174994497028,-0.13809156944750164,-0.45762931983270966,-0.4082478538410742,0.270429231785164,-0.11966101694915254,0.1845806735637244,0.24891041162227603,0.15879815100154082,0.30969843715606427,0.172161567246313,0.10138234646709222,-0.09014307726172133,0.03765573409641206,-0.10932203389830508,0.07237068016729034,-0.338465771516619,-0.37772176975566807,-0.42381245872771295,-0.4285340083645168
#50,0.21550957517059213,0.1282654633502091,0.18627779000660358,0.01914373761831389,0.043031036759850316,-0.22294298921417566,0.09900066035659257,0.33582874752366276,1.0,0.3148316090688972,0.3947325555800132,0.3587211093990755,-0.05164648910411622,0.1229738058551618,0.228102575390711,0.04054589478318292,0.18741800572309048,-0.17271186440677966,0.26426370239929564,0.17683909311027954,0.28479639005062735,-0.0008386528725511776,-0.1889786484701739,-0.052394893242350866,0.10944089808496588,-0.1662689852520361,0.04865727492846137,-0.08331719128329299,-0.270462249614792,-0.0351353731014748,-0.2560576711424169,-0.0423794849218578,0.1647787805414924,0.28360774818401935,0.02492626018049747,-0.02272066916134713,0.28332599603786046,0.057473035439137135,0.041606867708562624,-0.09067576491305304,0.0462689852520361,-0.15066475896984372,0.05119084305524983,-0.05133612150561303,-0.13975786924939468,-0.1313119084305525,0.11074620294959278,0.027517059211974466,-0.04594981289896544,-0.21914153642967202,-0.13792648029936166,-0.01867048206031257,-0.05947391591459388,-0.09130310367598503,0.2622892361875413,0.1186022452124147,-0.28988333700198105,-0.31513537310147477,-0.21330178296279992,-0.2895245432533568,-0.3055624036979969,-0.3340876073079463,-0.0013537310147479639,-0.09430332379484922,0.10987012987012987,-0.1415298261060973,-0.26091349328637464,0.10797490644948272,0.22872551177635925,0.20120184899845917,0.17784063394232885,0.16593660576711425,0.015447941888619855,0.23615452344265903,0.13618754127228702,-0.051877613911512216,-0.2934470614131631,-0.4159696235967422,-0.019848117983711205,-0.0561831388950033,-0.17976007043803655,-0.2038432753686991,0.16180057230904688,0.31289236187541275,-0.04155183799251596,-0.26386528725511776,-0.20638344706141315,0.05570107858243451,-0.23283953334800792,0.23166850099053488,-0.14457406999779882,-0.28322694254897646,-0.24060312568787146,-0.17720449042482941,-0.16506713625357694,0.10999119524543254,-0.1839753466872111,-0.06153202729473916,0.17110499669821705,0.08822364076601365,0.09823684789786484,-0.2835329077701959,-0.03641206251375743,0.051716927140655955,0.1444706141316311,0.03769535549196566,0.17825665859564166,-0.24530486462689852,-0.06931983270966321,-0.15710323574730353,-0.15817741580453445
#51,0.4814571868809157,0.3277834030376403,0.5624169051287695,0.6155029716046665,0.05855161787365177,0.03156724631300902,0.24060752806515517,0.21351749944970283,0.3148316090688972,1.0,0.4889368258859784,0.15103235747303545,-0.04428131190843055,0.27342504952674446,0.0863218137794409,0.027792207792207792,0.5128461369139335,0.011065375302663438,0.1115166189742461,0.03377283733215937,0.11178076161127008,-0.10836231565045125,-0.09241470394012767,-0.12141316310807836,0.17012106537530267,-0.020305965221219458,0.2988531807175875,0.19333039841514418,-0.14783403037640325,-0.006581554039181158,-0.2284701738939027,-0.2902773497688752,0.2303037640325776,0.03175874972485142,0.03170592119744662,-0.2551683909311028,0.0010851860004402378,-0.1274554259300022,0.18302663438256658,-0.11360774818401936,-0.11965661457186881,-0.14485362095531587,-0.20062953995157384,-0.23262821923838872,-0.41908210433634163,-0.3229385868368919,0.14567906669601585,0.05003081664098613,0.16465771516618974,-0.06143297380585516,0.18099053488883998,0.2670922298040942,0.20952014087607307,0.12581113801452784,0.09584855822143958,-0.10673123486682809,-0.2976623376623377,-0.3887211093990755,-0.07221439577371781,-0.08219238388729914,-0.2082522562183579,-0.28181598062953994,-0.08876293198327097,0.07186880915694475,0.43718688091569446,0.05151441778560423,-0.2942394893242351,0.06929561963460268,0.09087827426810478,0.1101386748844376,0.39377283733215934,0.4603389830508475,0.06593440457847237,0.24374642306845698,0.04075941008144398,-0.09245652652432314,-0.14123046445080342,-0.14863746423068458,0.07828087167070218,0.02234206471494607,-0.21426590358793748,-0.11808056350429232,0.037068016729033676,-0.018054149240589918,-0.2312260620735197,-0.2573563724411182,-0.19923618754127229,0.18103235747303545,-0.03781862205591019,-0.04773277569887739,0.037211093990755006,-0.27282852740479857,-0.15621395553598943,-0.1630332379484922,-0.17611270085846356,0.17835130970724192,-0.11886198547215496,0.24447501650891482,0.3897292537970504,0.1749306625577812,0.23332379484921859,-0.06481620074840413,-0.10073299581774157,0.040728593440457844,0.16626458287475238,0.12190622936385648,0.13421527624917456,-0.16148800352190182,-0.03423728813559322,-0.20534888839973586,-0.23950033017829628
#52,0.4398613251155624,0.24741360334580673,0.45253356812678847,0.20639005062733876,0.1372044904248294,0.206979969183359,0.08181598062953996,0.48515298261060974,0.3947325555800132,0.4889368258859784,1.0,0.21318511996478098,0.17238828967642528,0.2342262821923839,0.08191723530706582,0.06318732115342285,0.4240325775918996,0.08505392912172573,-0.0373563724411182,0.027156064274708343,0.11667180277349769,-0.17171032357473034,0.029187761391151222,-0.10726172132951795,-0.06697336561743342,-0.022782302443319392,0.17498128989654413,0.1260444640105657,0.03920757208892802,-0.1002443319392472,0.05262161567246313,-0.10049086506713625,0.17441998679286816,0.12697776799471713,0.03026634382566586,-0.16688091569447502,-0.08790226722430113,-0.197970504072199,0.06923178516398855,-0.1763284173453665,-0.2589060092449923,-0.3208012326656394,0.07975566806075281,-0.22760950913493286,-0.17947391591459388,-0.1706053268765133,0.0974554259300022,0.11046445080343385,0.032989214175654855,-0.13511336121505613,0.07174774378164209,0.14530486462689854,0.0990644948272067,-0.01286154523442659,0.02278450363196126,-0.05983711204050187,-0.2112194585075941,-0.35014747963900505,-0.14147919876733436,-0.21693814659916355,-0.30993176315210214,-0.28654193264362754,0.004395773717807616,0.18842615012106537,0.20490644948272066,-0.09940788025533788,-0.06724631300902488,0.10627118644067797,0.12583755227823024,0.33923838872991413,0.27511336121505614,0.3994320933303984,0.12224961479198768,0.26866607968302886,0.15061193044243892,0.10953995157384988,-0.12736737838432755,-0.24651771956856702,0.2295201408760731,-0.018875192604006163,0.043288575830948715,0.08381245872771297,0.10892141756548536,0.10874972485141976,0.024021571648690294,-0.2594408980849659,-0.22777019590578912,0.28542813119084304,0.017349768875192604,0.04151221659696236,-0.0017257318952234207,-0.2596169931763152,-0.12681928241250276,-0.25764252696456086,-0.2653532907770196,0.287310147479639,-0.19694695135373103,0.2114373761831389,0.204620294959278,0.19411842394893242,0.2196566145718688,0.05348228043143297,0.1304270305965221,0.05244992295839754,0.06975346687211094,0.08690512876953554,0.19392031697116444,-0.2352410301562844,-0.03187761391151222,-0.21478978648470173,-0.22540832049306625
#53,0.09645168390931103,-0.011826986572749285,0.2592956196346027,0.04495927801012547,0.4017697556680608,0.12763812458727714,0.019359454105216816,0.1521153422848338,0.3587211093990755,0.15103235747303545,0.21318511996478098,1.0,0.23468412942989214,0.0399141536429672,0.0462953995157385,-0.12691393352410302,0.36161127008584637,-0.03606207351970064,0.2627360774818402,-0.007387189082104336,-0.033863086066475895,-0.21576491305304865,0.05451683909311028,0.015291657495047326,0.14686990975126568,0.0021769755668060754,0.1377856042262822,-0.02824125027514858,-0.0966057671142417,0.12595641646489103,-0.23673343605546995,0.05238828967642527,0.2770966321813779,0.24197666740039622,0.21619854721549636,0.00924058991855602,0.2729605987233106,0.2228417345366498,0.11936825885978429,0.044858023332599604,0.142788906009245,-0.0671318511996478,0.09036759850319172,-0.0007462029495927801,-0.05877834030376403,-0.23437156064274708,0.4393748624257099,0.35408320493066253,0.2446467092229804,-0.11410521681708122,-0.15713845476557342,-0.07299801893022231,-0.010913493286374643,0.07338762931983271,0.19782742681047766,0.07273607748184019,-0.2653907109839313,-0.3557274928461369,-0.3126260180497469,-0.35747083425049525,-0.21511116002641426,-0.2544838212634823,-0.11204270305965221,-0.17630640545894782,0.08333700198106977,-0.11259960378604446,-0.29235086946951355,-0.15915254237288134,0.07878934624697337,-0.0052872551177635925,-0.016244772176975567,0.13670261941448383,0.026898525203609948,0.28060312568787144,0.10521681708122387,0.0950429231785164,-0.21416685009905348,-0.3266255778120185,0.059931763152102135,0.08041822584195465,0.10415584415584415,-0.015927801012546774,0.3146885318071759,0.4846004842615012,0.2184437596302003,-0.24006823684789785,-0.16876513317191283,0.3296169931763152,-0.10066475896984371,0.42224301122606206,-0.09360774818401937,-0.3447655734096412,-0.2698084965881576,-0.2464538850979529,-0.21536429672022891,-0.056363636363636366,-0.025753907109839314,0.04262161567246313,0.1305877173673784,0.029311027955095752,0.19718027734976887,-0.2065067136253577,0.10065815540391812,0.08739379264802993,0.13931763152102136,0.09864186660796831,0.25949152542372883,-0.2664648910411622,-0.10680827646929342,-0.1851353731014748,-0.1936913933524103
#54,0.1368611049966982,0.03808276469293419,0.41413823464670924,0.17170812238608849,0.32676205150781423,0.6304798591239269,-0.11252036099493727,0.24719788685890381,-0.05164648910411622,-0.04428131190843055,0.17238828967642528,0.23468412942989214,1.0,-0.10528945630640546,-0.060288355712084525,0.019163548316090687,0.4577790006603566,0.6506779661016949,0.0712326656394453,-0.21703720008804755,-0.40981950253136695,-0.15082544574069998,0.05639225181598063,0.15189962579793087,-0.058082764692934184,0.14176975566806074,0.01863086066475897,0.10435395113361215,0.5787145058331499,0.19983050847457628,0.5035527184679727,0.22790446841294298,0.17039181157825226,0.0046335020911292095,0.24524543253356812,-0.06311908430552499,0.03823684789786485,-0.0750561303103676,0.006867708562623817,-0.095445740699978,0.046535329077701956,-0.17976007043803655,0.11305524983491085,-0.03622716266784064,-0.01948712304644508,-0.09199647809817302,0.2057142857142857,0.1492361875412723,0.12347127448822363,-0.02432093330398415,0.12273387629319833,0.10710543693594542,0.015681267884657714,0.21048206031256878,-0.3333436055469954,-0.1878582434514638,-0.4623288575830949,-0.44014087607307945,-0.24639665419326437,-0.285181598062954,-0.23569667620515078,-0.23353070658155403,0.08648910411622276,0.10380145278450363,0.17681488003521903,0.004455205811138015,0.26842835130970727,0.03433634162447722,0.08357913273167511,0.002980409421087387,0.454488223640766,0.3065639445300462,-0.018762931983270965,-0.05662998018930222,-0.12472154963680387,-0.06558001320713185,-0.18720228923618754,-0.16422408100374203,0.3173981950253137,0.3235989434294519,0.6087541272287035,0.5370790226722431,0.42083425049526746,0.010541492405899185,0.3143121285494167,-0.297574290116663,-0.2042791107197887,0.38388509795289455,0.1933083865287255,-0.015445740699977988,0.09677525863966542,-0.02598283072859344,-0.13387189082104337,-0.18157825225621835,-0.15546335020911292,0.05453004622496148,0.17626458287475236,0.24326436275588817,0.12910191503411841,0.2457340964120625,0.3270107858243452,0.5655205811138014,0.3812128549416685,0.06125687871450583,0.19118864186660797,0.16142196786264582,0.22664758969843715,-0.19538190622936386,-0.14647589698437155,-0.2035197006383447,-0.18470173893902708
#58,0.036693814659916356,0.037959498128989654,0.1265595421527625,-0.011443979749064494,-0.17887079022672242,-0.11637904468412943,0.6209487123046445,0.11555800132071319,0.1229738058551618,0.27342504952674446,0.2342262821923839,0.0399141536429672,-0.10528945630640546,1.0,0.2125115562403698,0.15726172132951793,-0.05274268104776579,-0.2541074180057231,0.05036539731454986,0.38154743561523224,0.08472595201408761,-0.10192824125027515,-0.30738718908210433,-0.14785163988553818,-0.18193484481620076,-0.28855161787365174,-0.26824565265243233,-0.2694607087827427,-0.09246973365617434,-0.092590799031477,-0.24101915034118424,-0.20804094210873872,-0.1351023552718468,0.08183138895003302,0.0936847897864847,0.07406339423288576,0.061826986572749286,0.10596081884217477,-0.38824125027514855,-0.2602333259960379,0.05247413603345807,0.099867928681488,0.20640986132511557,-0.062150561303103674,-0.24250275148580233,-0.24597402597402598,-0.14432753686990976,-0.04453224741360334,-0.14710323574730355,-0.3677900066035659,-0.34947611710323573,-0.24816420867268324,-0.33357693154303325,-0.37213515298261063,0.10966541932643628,0.07179616993176315,-0.055285053929121725,-0.017492846136913934,-0.006550737398195026,-0.07981950253136694,0.11687871450583315,0.1039687431212855,0.4593660576711424,0.4230706581554039,-0.228102575390711,-0.10315430332379485,0.29195465551397753,0.4666453885097953,0.2512128549416685,0.3660136473695796,0.17936825885978427,0.21505833149900946,0.33690512876953554,0.41832929782082323,0.4608452564384768,0.4255095751705921,0.16853841074180057,-0.030783623156504514,-0.07048646268985252,-0.07828967642526964,-0.10526084085406119,-0.145115562403698,-0.3277988113581334,0.11499889940567906,0.2946004842615012,0.0665727492846137,0.02325115562403698,0.11511116002641426,0.09395773717807616,0.1280101254677526,-0.15837332159366058,0.030706581554039183,-0.09731014747963901,0.011523222540171693,0.002632621615672463,-0.19181598062953994,-0.10145278450363196,-0.3359388069557561,-0.13186880915694474,-0.3260906889720449,-0.28568787145058333,-0.20316090688972044,-0.11644948272066916,-0.2453907109839313,-0.1670856262381686,-0.2634690732995818,-0.23576271186440678,0.16358353510895884,-0.00865067136253577,-0.02119524543253357,-0.09915034118423949
#101,-0.06000440237728373,0.1898084965881576,-0.08938586836891922,0.014732555580013207,-0.007860444640105657,-0.2525115562403698,0.3554963680387409,0.05857803213735417,0.228102575390711,0.0863218137794409,0.08191723530706582,0.0462953995157385,-0.060288355712084525,0.2125115562403698,1.0,0.5599075500770416,-0.013543913713405239,-0.15309487123046445,0.5982522562183579,0.47824345146379044,0.5812106537530266,0.4095993836671803,-0.3266651992075721,-0.05104776579352851,0.25665419326436273,-0.04856482500550297,-0.40660796830288354,-0.38935945410521683,-0.03523662777900066,0.07635042923178516,-0.24341844596081885,-0.08732775698877394,-0.08244992295839754,0.1260708782742681,0.3005018710103456,0.13051067576491304,0.4900946511116003,0.5224609289016069,-0.24564825005502972,0.15856702619414484,0.32145938806955754,0.04240149680827647,0.3628571428571429,0.4341712524763372,-0.44037200088047546,-0.10329738058551619,-0.23680827646929342,-0.244653312788906,-0.47643627558881796,-0.658795949812899,-0.44158045344486024,-0.46817081223860885,-0.4767092229804094,-0.07943429451904029,0.5879903147699758,0.45493286374642306,-0.39965441338322694,-0.2665705480959718,-0.4355073739819503,-0.5530574510235527,-0.3344750165089148,-0.3355513977547876,0.5459762271626678,0.410726392251816,-0.117376183138895,-0.5773255558001321,0.025527184679727054,0.37374642306845696,0.7884613691393353,0.5920493066255779,0.31267884657715167,0.23185780321373542,0.29495487563284173,0.15145938806955755,0.36894122826326214,0.12857803213735416,-0.07635042923178516,-0.36637244111820383,0.1536913933524103,-0.023246753246753248,-0.12935505172793307,-0.2761765353290777,-0.033339203169711645,0.12099053488883997,0.11219678626458288,-0.35368919216376843,-0.36808276469293416,-0.21191723530706583,0.040451243671582655,0.09279550957517059,-0.05349548756328417,-0.34914813999559763,-0.5042482940788026,-0.27002861545234425,-0.3021747743781642,0.06933744221879815,0.17304424389170153,-0.3107770195905789,-0.1209024873431653,-0.38193264362755885,-0.2169095311468193,-0.3498415144177856,-0.11751265683469073,-0.10402157164869029,0.04166629980189302,-0.17476997578692494,0.02730134272507154,-0.281534228483381,-0.16032577591899627,-0.20442659035879374,-0.27337222099933967
#102,0.037682148360114465,0.24010785824345146,-0.04202949592780101,-0.012824125027514857,0.049126128109178956,-0.08659035879374863,0.10926700418225842,-0.06253356812678847,0.04054589478318292,0.027792207792207792,0.06318732115342285,-0.12691393352410302,0.019163548316090687,0.15726172132951793,0.5599075500770416,1.0,-0.08924279110719789,-0.1393352410301563,0.3709883337001981,0.5509443099273608,0.26074840413823464,0.5568633061853401,-0.28252256218357913,0.08904248294078802,0.06411842394893243,0.11597402597402598,-0.12800792427911073,-0.1313779440898085,-0.07674664318732115,-0.12171912832929782,-0.1877988113581334,-0.27520360994937265,-0.13602025093550518,-0.02017609509134933,0.13933744221879815,-0.07311688311688312,0.16615892581994277,0.37090688972044905,-0.08232665639445301,0.3307440017609509,0.04246092890160687,-0.042209993396434074,0.13122386088487784,0.29475016508914814,-0.4014615892581994,0.03244111820383007,-0.06517719568567026,-0.0910213515298261,-0.25976007043803656,-0.28774818401937047,-0.10099273607748184,-0.09704820603125688,-0.25577812018489987,0.03729914153642967,0.19268545014307725,0.357277129650011,-0.3467422408100374,0.013105877173673784,-0.2764670922298041,-0.3011864406779661,-0.1803830068236848,-0.12688091569447502,0.47813339203169714,0.6072573189522342,-0.02432093330398415,-0.3850759410081444,-0.021404358353510896,0.34334580673563725,0.5604006163328197,0.6137332159366058,0.21123706801672903,0.22406559542152762,0.10531146819282412,0.06431653092670042,0.313317191283293,0.15250055029716048,-0.055174994497028396,-0.19184239489324234,-0.051584855822143956,-0.013962139555359894,-0.12917675544794188,0.08717367378384328,0.01977327756988774,-0.11135593220338984,0.006097292537970504,-0.2158331499009465,-0.2960906889720449,-0.1484899845916795,0.10185780321373542,-0.15139335241030155,-0.07065595421527625,-0.3073123486682809,-0.4278186220559102,-0.2534074400176095,-0.349060092449923,0.0498415144177856,0.2784305524983491,-0.22336561743341404,-0.1629385868368919,-0.03775918996257979,-0.10379044684129429,-0.23346687211093992,-0.39097952894563065,-0.17968302883557122,-0.12353070658155405,-0.04053268765133172,-0.04132731675104556,-0.11182478538410742,-0.0923860884877834,-0.23977767994717147,-0.2927690953114682
#201,0.5118159806295399,0.25558001320713186,0.8528087167070217,0.4962293638564825,0.16637244111820382,0.4566651992075721,-0.03969623596742241,0.39306185340083644,0.18741800572309048,0.5128461369139335,0.4240325775918996,0.36161127008584637,0.4577790006603566,-0.05274268104776579,-0.013543913713405239,-0.08924279110719789,1.0,0.5252388289676425,0.2504028175214616,-0.21209112920977327,-0.0587805414924059,-0.15046445080343385,0.07470173893902707,-0.08449702839533348,0.31033898305084745,0.09688531807175875,0.326484701738939,0.23334800792427912,0.2961655293858684,0.07525203609949373,0.16494607087827426,0.05836451683909311,0.4021813779440898,0.024155844155844156,0.0563746423068457,-0.2496235967422408,-0.06325775918996258,-0.14418445960818843,0.16127448822364077,-0.10838212634822804,0.16229583975346687,-0.1865265243231345,-0.28618093770636144,-0.24172573189522342,-0.3820184899845917,-0.4007792207792208,0.27345806735637246,0.1458265463350209,0.1800264142637024,-0.0602113141096192,0.29722209993396437,0.32461149020471053,0.29052608408540614,0.4317873651771957,-0.061340523882896764,-0.16986352630420426,-0.47383447061413164,-0.6616839093110279,-0.26859123926920536,-0.29645608628659476,-0.3785560202509355,-0.4178692493946731,-0.26574730354391374,-0.13468412942989214,0.5416112700858463,0.11999779881135814,-0.21549856922738278,-0.08205370900286155,0.08479859123926921,-0.07493286374642306,0.4847457627118644,0.6194585075941008,-0.0462095531587057,-0.060270746202949595,-0.11426370239929562,-0.16753907109839314,-0.19187321153422848,-0.24716707021791767,0.3612987012987013,0.28413823464670923,0.3142130750605327,0.14803874092009686,0.26867708562623815,0.07791987673343606,-0.0324058991855602,-0.4337508254457407,-0.33230244331939246,0.3764736957957297,0.19320272947391592,0.05001540832049307,0.08725952014087607,-0.3587277129650011,-0.2580607528065155,-0.31617873651771955,-0.3028659476117103,0.3371406559542153,0.08195245432533568,0.5533920316971165,0.47987893462469733,0.3248404138234647,0.5265925599823905,0.352524763372221,0.19148800352190182,0.21247413603345808,0.3845740699977988,0.2547215496368039,0.339225181598063,-0.32495267444419984,-0.2939687431212855,-0.2187805414924059,-0.2773167510455646
