,#10,#11,#12,#13,#17,#18,#26,#49,#50,#51,#52,#53,#54,#58,#101,#102,#201,#202,#301,#302,#401,#402,#501,#502,#601,#602,#701,#702,#801,#802,#901,#902,#1001,#1002,#1101,#1102,#1201,#1202,#1301,#1302,#1401,#1402,#1501,#1502,#1601,#1602,#1701,#1702,#1801,#1802,#1901,#1902,#2001,#2002,#2101,#2102,#2201,#2202,#2301,#2302,#2401,#2402,#2501,#2502,#2601,#2602,#2701,#2702,#2801,#2802,#2901,#2902,#3001,#3002,#3101,#3102,#3201,#3202,#3301,#3302,#3401,#3402,#3455,#3501,#3502,#3601,#3602,#3701,#3702,#3801,#3802,#3901,#3902,#4001,#4002,#4101,#4102,#4201,#4202,#4301,#4302,#4401,#4402,#4501,#4502,#4601,#4602,#4701,#4702,#4801,#4802
#10,1.0,0.593053048646269,0.5347149460708783,0.5385824345146379,0.34703720008804756,0.439702839533348,0.13503411842394894,0.6879661016949152,0.44027294739159145,0.5472375082544574,0.4132291437376183,0.39935064935064934,0.4458925819942769,-0.07229804094210873,-0.5778296279991195,-0.35656834690732997,0.5304380365397314,0.5160532687651331,-0.18156064274708342,-0.2790248734316531,-0.35867268324895446,-0.496814880035219,-0.07827206691613471,-0.03872991415364297,-0.17577151661897425,0.0624058991855602,0.21653753026634381,0.44420647149460707,0.04549196566145719,0.12118203830068237,0.4886550737398195,0.16395333480079244,0.4642659035879375,0.4135263042042703,-0.11218357913273168,0.16607968302883558,-0.04444199867928682,-0.00311468192824125,-0.16437816420867268,-0.12367818622055911,-0.03429672022892362,0.09397974906449483,-0.055331278890600924,-0.08550957517059211,-0.15463130090248733,-0.4427206691613471,0.23001540832049305,0.4679639005062734,0.10209112920977327,0.14532907770195905,0.2218864186660797,0.08912172573189522,0.202557781201849,0.12464010565705481,-0.19654193264362757,0.08072198987453225,-0.4436385648250055,-0.4761589258199428,0.07663438256658596,-0.4884965881576051,-0.032458727712965,0.16526524323134492,-0.15851419766674005,-0.030845256438476777,0.40279771076381243,0.33856702619414486,-0.07330618534008365,-0.1274884437596302,-0.06646929341844596,-0.1854853620955316,0.16801893022232006,0.21539951573849878,-0.23387189082104337,0.29553598943429454,-0.4808232445520581,-0.20003742020691173,-0.18296940347787805,0.029940567906669602,-0.08602685450143077,0.23108298481179837,0.13501430772617212,0.20603345806735637,0.137574290116663,0.37999779881135815,0.4225731895223421,0.08949812898965441,0.18063394232885757,0.2167510455646049,0.059385868368919216,0.16448602245212415,0.05977547875852961,0.267706361435175,0.011173233546114903,0.02639225181598063,0.00711204050187101,0.35948272066916137,0.2005811138014528,0.5250869469513537,0.348481179837112,0.4317147259520141,0.48891481399955977,0.4323398635263042,0.4321879815100154,0.2476997578692494,0.5065617433414044,0.5034866828087167,0.44517719568567027,0.17606647589698438,-0.07977547875852961,-0.09822804314329737,-0.3007638124587277
#11,0.593053048646269,1.0,0.515346687211094,0.5216486902927581,0.2021505613031037,0.11445740699977988,0.36460928901606865,0.4340986132511556,0.3897292537970504,0.6140677966101695,0.4299801893022232,0.1101386748844376,0.21827867048206032,0.14452344265903588,-0.3543297380585516,-0.21311688311688312,0.4853400836451684,0.3298613251155624,-0.042331058771736735,-0.037277129650011,-0.329537750385208,-0.2873497688751926,-0.13529165749504732,-0.1295927801012547,-0.15429451904028174,0.1359718247853841,0.10686550737398195,0.2592031697116443,-0.12642306845696677,-0.005461149020471055,0.19205811138014528,-0.029544353951133612,0.2947127448822364,0.2743429451904028,-0.11908210433634163,0.07300022011886419,-0.10830728593440458,0.014477217697556681,-0.0999141536429672,-0.011994276909531146,-0.10860664758969844,0.1492626018049747,-0.06263262161567246,-0.007076821483601145,-0.047633722209993394,-0.26735417125247635,0.23880475456746644,0.27906009244992297,0.019885538190622935,-0.060587717367378384,0.009095311468192825,-0.021003742020691173,0.06218578032137354,-0.002953995157384988,-0.2497952894563064,0.06806295399515738,-0.2387871450583315,-0.2874290116662998,0.09556020250935506,-0.233086066475897,-0.017167070217917677,0.13364957076821485,-0.005978428351309707,0.042727272727272725,0.24491305304864627,0.25611490204710546,0.04498789346246973,0.16975126568346907,0.1849042482940788,0.18496588157605107,0.33789566365837553,0.36668060752806514,-0.12891481399955976,0.22434734756768654,-0.2736253576931543,0.0021747743781642087,-0.06953334800792428,0.06869249394673123,0.022703059652212195,0.15453664979088708,-0.03538630860664759,0.07269425489764472,-0.10157164869029275,0.09212634822804314,0.16884877834030376,-0.040176095091349326,0.05923618754127229,0.047052608408540614,0.09775478758529606,0.02545674664318732,0.03432533568126789,0.19311468192824124,0.017263922518159808,-0.12904248294078802,-0.0376799471714726,0.3134140435835351,0.14673563724411182,0.3852520360994937,0.2211005943209333,0.25490865067136254,0.3377305745102355,0.2253731014747964,0.287244111820383,0.17161787365177195,0.36327977107638126,0.30370900286154523,0.3887145058331499,0.08405238828967643,0.11948932423508694,-0.0973299581774158,-0.1347655734096412
#12,0.5347149460708783,0.515346687211094,1.0,0.5226876513317191,0.12504732555580014,0.3317279330838653,0.17949152542372881,0.28504292317851637,0.03309046885318072,0.6201628879594981,0.15456746643187322,0.06462469733656175,0.339966982170372,-0.16826106097292537,-0.3359388069557561,-0.2457957296940348,0.7209597182478539,0.7845608628659476,-0.22156284393572528,-0.4084239489324235,-0.09258199427690954,-0.3266982170372001,0.0287607307946291,0.07173233546114902,0.08549196566145718,0.025738498789346247,0.3135329077701959,0.50231124807396,0.16044464010565707,-0.045408320493066257,0.5155535989434294,0.18152542372881356,0.5816552938586836,0.34016729033678184,-0.04390050627338763,-0.04814659916354832,-0.06926920537090028,-0.19960818842174774,0.07782302443319393,-0.03889720449042483,-0.13509134932863748,-0.15596081884217478,-0.23904908650671364,-0.4552520360994937,-0.20417785604226282,-0.48484921857803215,0.04651331719128329,0.26300902487343164,0.2991789566365838,0.2837838432753687,0.38445300462249615,0.42507814219678625,0.566715826546335,0.5026194144838213,0.10068456966762052,0.3970812238608849,-0.554373761831389,-0.5303059652212194,-0.16049966982170372,-0.47269865727492844,-0.2557539071098393,-0.001364736957957297,-0.40443979749064496,-0.2520559101915034,0.5571098393132291,0.36248954435395114,-0.2661171032357473,-0.056376843495487564,-0.028005723090468854,-0.08963680387409201,0.49511116002641425,0.4388399735857363,-0.055128769535549196,0.2634426590358794,-0.4207616112700858,-0.2608760730794629,-0.2213713405238829,-0.04419326436275589,0.14040721989874533,0.16652872551177636,-0.031210653753026635,0.01289456306405459,0.10807836231565045,0.0884899845916795,0.01606867708562624,-0.1976865507373982,-0.08466872110939908,-0.015844155844155845,-0.03596742240810037,-0.08415584415584415,-0.1396169931763152,-0.169405679066696,-0.07583314990094651,-0.21538850979528945,-0.13918556020250936,0.7758617653532908,0.4630684569667621,0.7086858903808056,0.4272309046885318,0.5451860004402377,0.5915694475016509,0.6342725071538631,0.552920977327757,0.5468721109399075,0.4477988113581334,0.4885428131190843,0.4516398855381906,-0.09734756768655074,0.003959938366718028,-0.15396654193264364,-0.40004842615012104
#13,0.5385824345146379,0.5216486902927581,0.5226876513317191,1.0,0.17465771516618975,0.3271846797270526,-0.014433193924719348,0.20066035659255999,0.15646489104116224,0.5706955756108298,0.14959938366718029,0.22965221219458506,0.34160686770856263,0.02111600264142637,-0.15253576931543034,-0.09847017389390271,0.7080255337882456,0.3438762931983271,0.21321813779440899,-0.08181377944089809,-0.2741778560422628,-0.3079859123926921,0.011681708122386088,0.0032379484921857805,0.1615166189742461,0.3454897644728153,0.21475456746643187,0.3265859564164649,0.042656834690732996,0.013458067356372441,0.29619194364957074,0.18821043363416246,0.2594453004622496,0.3033414043583535,0.12550737398195025,0.14894783182918775,0.10769535549196566,0.1848646268985252,0.06563944530046224,0.29856042262821925,0.059231785163988554,0.1424851419766674,0.07070217917675545,-0.07134932863746422,-0.12867048206031256,-0.1062425709883337,0.25499449702839533,0.29279771076381245,-0.20464230684569668,-0.29765573409641205,-0.07067796610169491,-0.1959718247853841,-0.0175478758529606,-0.15930002201188642,-0.06405899185560203,-0.024455205811138015,-0.4173629760070438,-0.36396434074400175,-0.13786264582874752,-0.4594981289896544,-0.11810697776799471,0.0412524763372221,0.06681708122386089,0.18756988773937927,0.314719348448162,0.31548756328417343,-8.36451683909311e-05,-0.08355051727933084,0.26946290997138456,0.008736517719568567,0.1075808936825886,0.18170372000880475,-0.18701518820162888,0.266007043803654,-0.21154523442659035,-0.2966563944530046,-0.17975346687211094,-0.14646929341844597,0.15965881576051066,0.23970063834470615,-0.06640986132511556,0.08937486242570988,-0.11484701738939027,0.18289016068677086,0.16253576931543035,-0.06988553819062293,0.005954215276249174,0.11829407880255338,0.07821043363416245,-0.03391151221659696,0.0036781862205591018,-0.05534668721109399,-0.006449482720669161,-0.28341844596081883,-0.11161787365177196,0.2921219458507594,0.14137354171252475,0.4273981950253137,0.39230684569667623,0.22976667400396214,0.2955624036979969,0.2949042482940788,0.2925203609949373,0.23637023992956196,0.3991723530706582,0.3853312788906009,0.4202377283733216,0.04226502311248074,0.043720008804754566,-0.24271406559542152,-0.28466431873211534
#17,0.34703720008804756,0.2021505613031037,0.12504732555580014,0.17465771516618975,1.0,0.43657495047325556,-0.0035395113361215056,0.2700858463570328,0.19647149460708782,0.13904688531807177,0.22392471934844815,0.6066057671142417,0.367739379264803,-0.0013669381465991636,-0.17299581774158046,-0.20041162227602904,0.3509311027955096,0.19542813119084307,-0.058100374202069115,-0.2058617653532908,-0.3754633502091129,-0.4115958617653533,-0.013986352630420426,-0.03501430772617213,-0.19607528065155183,0.1098415144177856,0.018179616993176315,-0.004882236407660136,-0.035454545454545454,0.2682192383887299,0.1172837332159366,0.1513845476557341,0.18092229804094212,0.2306999779881136,0.12528945630640545,0.09589038080563504,0.341353731014748,0.09187541272287035,0.1759850319172353,0.13428791547435615,0.21108298481179838,0.2939709443099274,0.314950473255558,0.16443979749064494,0.13279110719788687,-0.018393132291437377,-0.03530926700418226,0.0690182698657275,-0.19020030816640987,-0.08927801012546775,-0.008373321593660577,-0.07292978208232445,-0.09252916574950473,-0.004860224521241471,-0.028142196786264582,-0.05211754347347568,-0.2676227162667841,-0.2503323794849219,0.08678626458287475,-0.1280145278450363,-0.03566585956416465,0.12565925599823904,0.1177327756988774,0.1116090688972045,-0.19340523882896765,0.08205811138014528,0.10000880475456747,-0.1583645168390931,-0.09117103235747304,-0.09530046224961479,-0.16412942989214174,-0.11987893462469734,-0.24096632181377944,0.14254017169271407,-0.20311468192824125,-0.16974025974025975,-0.10087167070217917,-0.08338102575390711,0.15537090028615452,0.03331939247193484,0.32860444640105657,0.36171252476337223,0.1926502311248074,0.4381950253136694,0.5736209553158705,-0.06763592339863526,0.21473035439137134,0.359867928681488,0.21975346687211095,0.5254699537750385,0.3419370460048426,0.2138036539731455,0.13022452124147038,-0.019295619634602686,0.07090688972044905,0.18905569007263923,0.24812678846577152,0.03358133392031697,0.003160906889720449,0.067442218798151,0.027160466651992076,0.20235307065815542,0.31939687431212854,-0.09779661016949152,0.17960818842174775,0.10026854501430772,0.19005062733876293,0.09655734096412062,-0.0011578252256218358,-0.1510279550957517,-0.17565265243231346
#18,0.439702839533348,0.11445740699977988,0.3317279330838653,0.3271846797270526,0.43657495047325556,1.0,-0.29871230464450804,0.2575500770416025,0.09064274708342505,0.3090512876953555,0.28552058111380146,0.5101298701298701,0.5294871230464451,-0.11422848338102576,-0.28970724191063174,-0.2518732115342285,0.4000968523002421,0.2911996478098173,0.022040501871010344,-0.2977922077922078,-0.222194585075941,-0.3876029055690073,-0.06954655513977548,0.07712744882236408,0.038681488003521905,0.14873211534228484,0.04106317411402157,0.08579793088267665,0.3053356812678847,0.4184261501210654,0.36276469293418445,0.1255425930002201,0.26064274708342505,0.0461303103675985,0.2689962579793088,0.22518379925159587,0.18298481179837112,0.15632621615672462,0.05735197006383447,-0.05972044904248294,0.2506581554039181,0.24609289016068678,0.14128769535549196,0.03201188641866608,-0.13032797710763813,-0.20557561082984813,0.01917675544794189,0.0645806735637244,0.02064054589478318,-0.027728373321593662,0.0862491745542593,0.0046599163548316095,0.05716707021791768,0.04603345806735637,-0.021989874532247412,-0.07672022892361875,-0.44078802553378826,-0.382161567246313,-0.11370680167290337,-0.4909817301342725,-0.10307506053268765,-0.018210433634162446,-0.01651551837992516,0.024985692273827867,0.12059432093330398,0.21540611930442438,-0.09572749284613691,-0.4416552938586837,0.025811138014527845,-0.04402157164869029,0.03855822143957737,0.03439797490644948,-0.01659916354831609,0.21252696456086287,-0.20099713845476558,-0.2565969623596742,-0.09836891921637685,-0.2003037640325776,0.21447721769755668,0.2662821923838873,0.4523662777900066,0.5030222320052828,0.3320360994937266,0.40397094430992736,0.44649570768214836,0.025560202509355052,0.14865287255117762,0.36495927801012545,0.254950473255558,0.34158265463350207,0.3243803653973146,0.06144618093770636,0.025423728813559324,-0.029650011005943208,-0.1795729694034779,0.20231785163988553,0.18703940127668942,0.2749636803874092,0.200132071318512,0.2616486902927581,0.11816200748404138,0.3967928681488003,0.1538102575390711,0.07267664538850979,0.1149768875192604,0.2818732115342285,0.07134052388289676,-0.07317851639885538,-0.17342284833810256,-0.06061853400836452,-0.36533788245652654
#26,0.13503411842394894,0.36460928901606865,0.17949152542372881,-0.014433193924719348,-0.0035395113361215056,-0.29871230464450804,1.0,0.22806075280651553,0.14596742240810037,0.23096632181377943,0.1858265463350209,-0.007017389390270746,-0.025624036979969185,0.4524081003742021,-0.16536869909751264,0.0639621395553599,-0.04036319612590799,0.1512656834690733,-0.21264582874752366,-0.011182038300682368,-0.04744662117543474,0.026718027734976887,-0.051366938146599164,-0.06350209112920978,-0.08701078582434514,-0.11921197446621175,0.10819282412502751,0.14258859784283512,-0.2053995157384988,-0.28017609509134933,0.06389830508474577,-0.09385208012326657,0.1933017829627999,0.14150781421967862,-0.2255690072639225,-0.10627999119524544,-0.1481532027294739,-0.10647149460708782,-0.11241470394012767,-0.16037420206911732,-0.1653863086066476,-0.07643627558881796,-0.18003742020691174,0.0526502311248074,-0.006779661016949152,-0.08251375742901167,0.10653753026634383,0.12515518379925158,0.05983270966321814,0.020033017829628,-0.08869689632401496,0.010374202069117324,0.14193484481620075,0.18077481840193704,-0.11285053929121726,0.20236847897864846,-0.1351419766674004,-0.06824565265243232,0.035130970724191066,0.07273167510455646,0.062458727712965,-0.034574069997798815,-0.032386088487783404,0.1405392912172573,0.09620074840413824,0.11742020691173234,0.2756834690732996,0.683200528285274,-0.017473035439137134,0.1826700418225842,0.25389830508474576,0.16192163768434956,-0.10059432093330399,-0.01060312568787145,-0.13792868148800352,0.1749636803874092,-0.007266123706801673,0.05417345366497909,-0.14788685890380807,-0.05353510895883777,-0.21091129209773277,-0.2139357252916575,-0.03485362095531587,-0.0021329517939687433,0.16807616112700857,-0.025304864626898526,-0.06577812018489984,-0.24179176755447943,-0.11521021351529825,0.007840633942328857,-0.038166409861325114,0.1515496368038741,0.03418225841954656,-0.04913713405238829,-0.021787365177195685,0.14438476777459827,0.04244111820383007,0.024501430772617214,-0.01983050847457627,0.026357032797710764,0.10918996257979309,0.045685670261941445,0.1442593000220119,-0.015315870570107859,0.20191723530706582,0.09828087167070218,0.1972044904248294,0.06798151001540832,0.04961919436495708,-0.057237508254457406,-0.07481620074840414
#49,0.6879661016949152,0.4340986132511556,0.28504292317851637,0.20066035659255999,0.2700858463570328,0.2575500770416025,0.22806075280651553,1.0,0.7159498128989654,0.3686858903808056,0.5295289456306406,0.2355183799251596,0.3851419766674004,-0.03822584195465551,-0.3099845916795069,-0.12982390490865067,0.24461149020471054,0.38873211534228486,-0.0813251155624037,-0.24228043143297381,-0.3208342504952674,-0.4965925599823905,-0.06797050407219898,-0.16160466651992075,-0.13395993836671802,-0.06359674224081004,0.18202509355051727,0.09995597622716267,0.05895443539511336,0.17247413603345807,0.2823244552058111,0.12871010345586617,0.24419766674003962,0.387640325775919,-0.02238168611049967,0.1974818401937046,0.11513317191283293,0.15531366938146599,-0.18337882456526525,-0.24855381906229365,-0.004710543693594541,0.0472837332159366,-0.11155624036979969,0.04646489104116223,-0.232854941668501,-0.4377922077922078,0.1995245432533568,0.3048316090688972,-0.0012524763372220998,0.05739819502531367,0.2507814219678626,0.048344706141316314,0.1993022232005283,-0.003959938366718028,-0.07457847237508254,-0.09786264582874753,-0.18166189742460928,-0.33226942548976446,0.0798547215496368,-0.4508430552498349,-0.145709883337002,0.08064935064935065,-0.04174774378164209,-0.008575830948712304,0.2848646268985252,0.26559101915034117,0.07274928461369139,-0.014305524983491085,0.0634800792427911,-0.1046335020911292,0.16950693374422188,0.08939247193484481,-0.008452564384767774,0.217277129650011,-0.29850759410081446,-0.08445300462249615,-0.13168170812238608,-0.06565925599823905,-0.0563350209112921,0.1509024873431653,0.119867928681488,0.047752586396654195,0.24893462469733657,0.4338058551617874,0.2383072859344046,-0.04180937706361435,0.04050627338762932,0.14747743781642086,0.016863306185340085,0.06162447721769756,-0.10263042042703059,0.1750891481399956,-0.06490865067136253,-0.07058991855602025,-0.06759630200308167,0.18670261941448382,0.2128857583094871,0.20070217917675545,0.14645828747523662,0.40007484041382346,0.29706801672903366,0.1753929121725732,0.35188201628879595,0.1112920977327757,0.27984811798371123,0.3039753466872111,0.2641712524763372,0.08940347787805415,-0.12044904248294079,-0.1971054369359454,-0.2904028175214616
#50,0.44027294739159145,0.3897292537970504,0.03309046885318072,0.15646489104116224,0.19647149460708782,0.09064274708342505,0.14596742240810037,0.7159498128989654,1.0,0.3073321593660577,0.5610895883777239,0.2017543473475677,0.22382126348228043,0.1270548095971825,-0.11155624036979969,-0.12794849218578033,0.07123486682808716,-0.007162667840633942,0.028023332599603785,-0.10357252916574951,-0.20528725511776358,-0.35302003081664096,-0.006845696676205151,-0.20622055910191503,-0.13938806955756108,0.059115122165969626,0.07098393132291438,-0.08238168611049967,-0.10725291657495048,0.21230244331939246,-0.10433414043583535,-0.13767554479418886,-0.02301122606207352,0.18368699097512656,-0.07704160246533127,0.1719326436275589,0.03844816200748404,0.1383513097072419,-0.2623794849218578,-0.13062293638564826,-0.014382566585956416,0.17809156944750165,0.042036099493726616,0.2421813779440898,-0.0710873871890821,-0.1941140215716487,0.24484041382346466,0.2186418666079683,-0.11048206031256878,-0.08431653092670041,0.09046004842615012,-0.12989654413383228,-0.04695135373101475,-0.222227602905569,-0.11104996698217037,-0.18772176975566807,0.0660510675764913,-0.15732555580013208,0.06633722209993397,-0.2778494386968963,-0.014036979969183358,0.2198811358133392,0.11958177415804534,0.09311027955095752,0.047840633942328854,0.10978868589038081,0.19085846357032799,0.06940567906669602,0.11535108958837773,0.01962359674224081,0.00288135593220339,0.03433414043583535,-0.0250561303103676,0.11638344706141317,-0.13930442438917015,0.015036319612590799,0.03488663878494387,0.11315210213515298,0.0362161567246313,-0.023233546114902047,0.19300462249614792,0.03823464670922298,0.11447501650891481,0.3904138234646709,0.14428791547435615,0.031633281972265025,0.07594761171032358,0.14448822364076602,0.06604446401056571,0.11492185780321373,-0.05213955535989434,0.20607968302883556,0.0015848558221439578,-0.0325313669381466,0.06074400176095091,-0.0790116662998019,-0.0646599163548316,-0.032500550297160466,-0.028815760510675765,0.20981950253136694,0.10725291657495048,-0.10180277349768875,-0.036343825665859565,-0.03863306185340084,0.13388729914153644,0.10845916795069338,0.24341844596081885,0.2093022232005283,0.020501871010345587,-0.1383116883116883,-0.14071318511996478
#51,0.5472375082544574,0.6140677966101695,0.6201628879594981,0.5706955756108298,0.13904688531807177,0.3090512876953555,0.23096632181377943,0.3686858903808056,0.3073321593660577,1.0,0.4065793528505393,0.2525269645608629,0.3655954215276249,-0.015333480079242791,-0.2992163768434955,-0.33133612150561303,0.6092714065595422,0.47092009685230024,-0.1376997578692494,-0.39391811578252256,-0.12794629099713845,-0.37608848778340304,0.03321593660576711,-0.10657495047325556,0.02936385648250055,0.009823904908650672,0.3298547215496368,0.44329958177415807,0.003801452784503632,-0.16957957296940349,0.35816200748404137,0.11169931763152102,0.48481179837112043,0.3975610829848118,-0.16171692714065594,-0.14711864406779662,-0.1706713625357693,-0.15293858683689193,0.007589698437156065,0.01723530706581554,-0.21182478538410743,0.00738498789346247,-0.1088333700198107,-0.3077657935285054,-0.16328417345366497,-0.3848976447281532,0.3152014087607308,0.40899405679066697,0.06661677305745102,0.039458507594100814,0.2918930222320053,0.22946951353731015,0.351765353290777,0.25885097952894565,0.03385868368919216,0.15075500770416025,-0.4795641646489104,-0.5668743121285494,-0.04849218578032137,-0.3661897424609289,-0.09307946290997138,0.0960708782742681,-0.2534734756768655,-0.14807616112700858,0.37944970283953333,0.14255558001320714,-0.22699977988113582,-0.0161963460268545,-0.026088487783403037,-0.020391811578252258,0.2437970504072199,0.29023332599603785,-0.2475676865507374,0.28797270526084084,-0.42737178076161125,-0.3025203609949373,-0.19304644508034338,-0.003363416244772177,-0.0658661677305745,0.01314109619194365,0.01096632181377944,0.13220779220779222,0.031501210653753026,0.17294519040281753,0.17498789346246973,-0.034441998679286816,0.028536209553158706,-0.002650231124807396,0.03975786924939467,0.062150561303103674,0.02405679066696016,0.06030376403257759,0.03983270966321814,-0.08300242130750606,-0.04167290336781862,0.4425401716927141,0.13105216817081225,0.5586440677966101,0.3643033237948492,0.4622386088487783,0.5328791547435615,0.44524323134492627,0.41307506053268767,0.4286154523442659,0.5320030816640986,0.5372309046885319,0.565265243231345,0.06153202729473916,0.07310807836231566,-0.09484701738939028,-0.27799031476997577
#52,0.4132291437376183,0.4299801893022232,0.15456746643187322,0.14959938366718029,0.22392471934844815,0.28552058111380146,0.1858265463350209,0.5295289456306406,0.5610895883777239,0.4065793528505393,1.0,0.2656548536209553,0.4067972705260841,0.01682148360114462,-0.1825511776359234,-0.12325555800132071,0.10844596081884217,0.12112920977327757,-0.122623816861105,-0.1338300682368479,-0.33403697996918336,-0.37115782522562185,-0.14862645828747523,-0.1877459828307286,-0.29749284613691396,-0.020871670702179178,-0.03329077701959058,-0.04221219458507594,-0.16491525423728814,0.21080123266563944,0.011921637684349548,-0.03037640325775919,0.09816861104996698,0.08803874092009685,-0.17272066916134712,0.20339863526304205,-0.11959718247853841,0.12640325775918995,-0.25937706361435175,-0.1500264142637024,-0.12259300022011886,0.14629760070438036,-0.10635042923178517,0.07857142857142857,0.0412920977327757,-0.13776139115122166,0.20374862425709883,0.24200308166409862,-0.010728593440457847,-0.07672903367818622,0.08409641206251375,-0.009641206251375743,-0.023667180277349768,-0.04114241690512877,-0.28445960818842175,-0.202689852520361,-0.053308386528725514,-0.22089808496588156,0.16116442879154744,-0.18816640986132513,-0.09274488223640766,0.13780541492405898,-0.03828747523662778,-0.07121505613031037,0.15528285274047987,0.16295179396874312,0.02769535549196566,0.003863086066475897,-0.06025753907109839,0.014191063174114022,0.07411182038300683,0.06739159145938807,-0.08947831829187762,0.10693594541052168,-0.2713119084305525,-0.05965881576051068,-0.09377283733215937,0.06986572749284614,0.030490865067136254,0.0885956416464891,0.21920316971164427,0.02084965881576051,0.3087057010785824,0.29742681047765795,0.20027514858023332,-0.07551177635923399,0.10925599823904909,0.027290336781862205,0.21521901826986573,0.10620735197006384,0.1631454985692274,0.23340744001760952,0.07415144177856042,0.0029892141756548535,0.015705480959718247,0.006156724631300903,0.020041822584195467,0.18323794849218578,0.07635263042042703,0.2901452784503632,0.28159145938806956,0.10845916795069338,0.08928681488003522,-0.005036319612590799,0.14385428131190844,0.13062293638564826,0.1748051948051948,0.07653753026634383,-0.07675544794188861,-0.047719568567026194,-0.04736077481840194
#53,0.39935064935064934,0.1101386748844376,0.06462469733656175,0.22965221219458506,0.6066057671142417,0.5101298701298701,-0.007017389390270746,0.2355183799251596,0.2017543473475677,0.2525269645608629,0.2656548536209553,1.0,0.4913449262601805,0.15431432973805856,-0.1889654413383227,-0.2952410301562844,0.2409289016068677,0.09745982830728593,0.13389390270746204,-0.23155403918115783,-0.30755668060752805,-0.3738102575390711,-0.08312788906009246,-0.11927140655954216,-0.18354611490204711,0.05202289236187541,-0.022518159806295398,-0.005412722870349989,-0.0704556460488664,0.34673343605546997,0.12115562403697996,0.03793088267664539,0.15509134932863747,0.1702245212414704,0.11865067136253576,0.12412502751485803,0.26045344486022454,0.16907770195905789,0.09870349988994057,0.09655073739819503,0.24602465331278892,0.3609619194364957,0.42625797930882675,0.12028835571208453,0.10633061853400837,-0.05784283513097072,0.031932643627558883,0.15898084965881576,-0.18722650231124807,-0.1529473915914594,-0.011655293858683689,-0.1454589478318292,-0.13413823464670924,-0.12383226942548976,-0.09788025533788246,-0.19796169931763152,-0.3323200528285274,-0.3249768875192604,-0.037796610169491526,-0.26645388509795287,0.14189302223200528,0.279159145938807,0.1422672243011226,0.15028615452344266,-0.15963240149680827,0.01012987012987013,-0.11911952454325336,-0.15733436055469954,-0.09431873211534228,-0.15667180277349768,-0.19581113801452785,-0.16245432533568127,-0.2170063834470614,0.10531587057010786,-0.17513977547875853,-0.19255337882456527,-0.04915034118423949,0.03428351309707242,0.05372000880475457,0.18279771076381246,0.37532027294739156,0.5671252476337222,0.14254677525863965,0.41640325775918996,0.673911512216597,0.1888861985472155,0.31244772176975566,0.3514571868809157,0.3764780981730134,0.6237948492185781,0.502062513757429,0.2791635483160907,0.09548976447281532,0.11422187981510015,-0.015027514858023333,0.0029561963460268546,-0.01772176975566806,0.08840413823464671,-0.034430992736077484,0.18347787805414925,0.025954215276249176,0.12009685230024213,0.18674003962139554,-0.03848778340303764,0.11524763372220999,0.2129738058551618,0.18465111160026415,0.25776579352850537,0.024787585296059872,-0.11722870349988994,-0.2673387629319833
#54,0.4458925819942769,0.21827867048206032,0.339966982170372,0.34160686770856263,0.367739379264803,0.5294871230464451,-0.025624036979969185,0.3851419766674004,0.22382126348228043,0.3655954215276249,0.4067972705260841,0.4913449262601805,1.0,-0.01882456526524323,-0.07044464010565706,-0.20944089808496588,0.43885538190622936,0.45086066475896985,-0.07841294298921418,-0.42256658595641644,-0.15651551837992517,-0.43605546995377503,0.2415298261060973,0.08305745102355272,0.10506493506493507,-0.01223200528285274,0.298250055029716,0.13713625357693154,0.2949130530486463,0.18901606867708562,0.4600770416024653,0.1900264142637024,0.44651551837992515,0.27662117543473475,0.12966982170372002,0.2695179396874312,0.2299933964340744,0.11232665639445301,0.13827206691613472,0.13611490204710544,0.07064935064935066,0.016273387629319833,0.07187101034558661,-0.026718027734976887,-0.10217917675544794,-0.14898745322474136,0.15558881796169932,0.0864472815320273,-0.1755888179616993,-0.16322914373761832,0.12319172353070658,-0.018813559322033897,0.2058023332599604,0.12366938146599163,0.13901606867708563,0.031565045124367155,-0.49946731234866826,-0.47836671802773495,-0.07662998018930223,-0.46824125027514857,-0.19733436055469955,0.08305084745762711,-0.06491745542593,-0.08886858903808056,0.12298701298701299,0.09785384107418006,-0.13345806735637245,-0.38876513317191286,-0.13820162887959497,-0.2490644948272067,-0.07452564384767775,-0.12163548316090689,-0.20718688091569448,0.07213955535989434,-0.41501430772617215,-0.4317191283292978,-0.3233039841514418,-0.2609751265683469,0.06417345366497909,0.08699537750385208,0.1136979969183359,0.37423508694695135,0.39734536649790886,0.48541492405899184,0.33944530046224963,-0.04735197006383447,0.04636583755227823,0.16757649130530486,0.12187761391151222,0.2045938806955756,0.18406339423288576,0.08301342725071538,0.014001760950913494,-0.11456086286594762,-0.0840677966101695,0.31835791327316754,0.18906889720449044,0.4419238388729914,0.3643957737178076,0.2568016729033678,0.3226700418225842,0.4128461369139335,0.3951551837992516,0.17547875852960598,0.3823706801672903,0.3753598943429452,0.3122650231124807,0.00847457627118644,0.032942989214175655,-0.20443319392471934,-0.39919876733436055
#58,-0.07229804094210873,0.14452344265903588,-0.16826106097292537,0.02111600264142637,-0.0013669381465991636,-0.11422848338102576,0.4524081003742021,-0.03822584195465551,0.1270548095971825,-0.015333480079242791,0.01682148360114462,0.15431432973805856,-0.01882456526524323,1.0,0.048943429451904025,0.06518820162887959,-0.1869601584855822,-0.3603367818622056,0.08780101254677526,0.40645608628659474,-0.13264142637023993,0.2307329958177416,-0.17588377723970944,-0.06101034558661677,0.011943649570768215,0.16488003521901826,-0.2314439797490645,-0.15327977107638124,-0.27524543253356815,0.035045124367158266,-0.28563944530046226,-0.1843649570768215,-0.16904468412942988,-0.0754193264362756,0.1163152102135153,0.20167730574510234,-0.020367598503191725,0.222425709883337,-0.14641646489104115,-0.09766674003962139,0.2896302003081664,0.3138828967642527,0.1324455205811138,0.4200528285274048,0.04967642526964561,0.18276469293418446,-0.05182258419546555,-0.09554259300022012,-0.057442218798151,-0.20542813119084305,-0.39411182038300685,-0.34250715386308606,-0.32357032797710766,-0.26933744221879813,-0.3215232225401717,-0.12807836231565045,0.06961699317631521,0.3509685230024213,-0.16994056790666962,0.10429231785163988,0.3347589698437156,0.2667026194144838,0.5164626898525203,0.46881135813339203,-0.2992824125027515,-0.13068677085626237,0.5334756768655073,0.49822364076601366,0.22721989874532247,0.30500110059432095,0.029093110279550957,0.06690072639225182,0.12075500770416024,0.03773497688751926,0.3569997798811358,0.3871802773497689,0.2676865507373982,0.17160466651992076,-0.019689632401496807,0.16211974466211754,-0.0803697996918336,-0.021230464450803434,-0.14033458067356372,0.025271846797270524,0.2965529385868369,0.26453224741360337,0.11555359894342945,-0.05861325115562404,0.1402047105436936,0.14440237728373323,0.15904248294078802,0.08899625797930882,0.01273167510455646,-0.13754347347567686,-0.07479198767334361,-0.325214615892582,-0.23774378164208673,-0.2595399515738499,-0.28447281532027296,-0.1395531587057011,-0.14414043583535108,-0.26483381025753905,-0.24917235307065816,-0.19362976007043803,-0.0262095531587057,-0.11681047765793529,0.03666960158485582,0.3174598283072859,0.26533568126788465,-0.2194408980849659,-0.1097226502311248
#101,-0.5778296279991195,-0.3543297380585516,-0.3359388069557561,-0.15253576931543034,-0.17299581774158046,-0.28970724191063174,-0.16536869909751264,-0.3099845916795069,-0.11155624036979969,-0.2992163768434955,-0.1825511776359234,-0.1889654413383227,-0.07044464010565706,0.048943429451904025,1.0,0.5391987673343606,-0.22697336561743342,-0.28197666740039623,0.37588817961699317,0.1637244111820383,0.37071318511996476,0.3029231785163988,0.32838212634822805,0.12244772176975567,0.35667840633942327,0.18851860004402377,-0.03424829407880255,-0.3792097732775699,0.12109178956636583,-0.02221219458507594,-0.3009465111160026,0.01301782962799912,-0.2372969403477878,0.0512260620735197,0.22663218137794408,-0.04222980409421087,0.3888861985472155,0.282029495927801,0.3815628439357253,0.3261567246313009,0.2848558221439577,0.06377503852080123,0.2575280651551838,0.07814439797490645,0.1790710983931323,0.3673123486682809,-0.13007704160246533,-0.5137310147479639,-0.2690777019590579,-0.3808100374202069,-0.05841294298921418,-0.15580233325996037,-0.053968743121285495,-0.17825885978428352,0.24033017829627998,-0.10898084965881576,0.24801232665639444,0.21988333700198107,-0.09149900946511116,0.10666740039621396,-0.3000396213955536,-0.182458727712965,0.29623376623376624,0.17574510235527185,-0.17007043803653973,-0.31359454105216816,0.12421747743781641,-0.0962557781201849,0.2416795069337442,0.1750099053488884,-0.27134052388289676,-0.29149240589918557,-0.0535857362976007,-0.5715914593880695,0.20753686990975126,-0.16662998018930222,-0.1765441338322694,-0.33801452784503633,0.3035593220338983,-0.1524719348448162,-0.19480299361655293,-0.04158265463350209,0.03707682148360114,-0.24701078582434516,-0.35372000880475457,-0.42453224741360335,-0.42336121505613034,-0.0961171032357473,0.1561171032357473,-0.11288575830948712,-0.08814219678626459,-0.29687871450583314,-0.05471714725952014,-0.3221439577371781,-0.13956856702619413,-0.27958837772397094,-0.058868589038080565,-0.2903499889940568,-0.14302663438256658,-0.1111600264142637,-0.27912832929782083,-0.21422848338102576,-0.23179837112040502,-0.0702377283733216,-0.2253202729473916,-0.19742460928901606,-0.1333039841514418,-0.29761831388950033,-0.09403697996918337,-0.3835835351089588,-0.04972485141976667
#102,-0.35656834690732997,-0.21311688311688312,-0.2457957296940348,-0.09847017389390271,-0.20041162227602904,-0.2518732115342285,0.0639621395553599,-0.12982390490865067,-0.12794849218578033,-0.33133612150561303,-0.12325555800132071,-0.2952410301562844,-0.20944089808496588,0.06518820162887959,0.5391987673343606,1.0,-0.27343825665859567,-0.19459828307285934,0.31529165749504734,0.5123398635263042,0.005720889280211314,0.36614791987673345,-0.10003081664098613,0.13541272287035,0.0501518820162888,0.14761611270085848,-0.30941888619854724,-0.36310587717367376,0.023493286374642305,0.1136913933524103,-0.18984591679506935,0.0896632181377944,-0.22611930442438918,0.02928681488003522,0.29613471274488223,0.20511336121505613,0.1639423288575831,0.419570768214836,0.021600264142637025,0.10305304864626899,0.2457296940347788,0.19688311688311688,0.015725291657495047,0.2657693154303324,-0.06655293858683689,0.29549856922738277,-0.26882456526524323,-0.41804314329738057,-0.06152982610609729,-0.17202069117323354,0.042324455205811136,-0.09644948272066917,-0.024547655734096414,-0.1601848998459168,-0.21930662557781203,-0.15908210433634162,0.048597842835130974,0.39787585296059874,-0.00798811358133392,0.11897644728153203,-0.3134866828087167,-0.3072176975566806,0.37130970724191065,0.39508254457407,0.08130530486462689,-0.11813559322033898,0.24478098173013427,0.2069733656174334,0.29027955095751706,0.36219678626458285,-0.027985912392692054,-0.095016508914814,0.19936385648250055,-0.32032137354171253,0.29987893462469734,0.1014307726172133,-0.1024058991855602,-0.3079110719788686,-0.011771956856702619,0.05272507153863086,-0.1632687651331719,-0.21937706361435175,-0.05161127008584636,-0.3610477657935285,-0.2860356592559982,-0.47154083204930664,-0.46010345586616774,-0.18304864626898526,0.17129650011005942,-0.2535747303543914,-0.22989654413383226,-0.3308430552498349,-0.190924499229584,-0.3352344265903588,-0.17157164869029276,-0.27547435615232224,0.11616112700858464,-0.30027514858023335,-0.17995597622716267,-0.04884877834030377,-0.25056350429231783,-0.1707902267224301,-0.1740281752146159,-0.08688091569447502,-0.26287915474356155,-0.2183975346687211,-0.2388861985472155,-0.3211336121505613,-0.2718357913273168,-0.30424389170151883,0.04018049746863306
#201,0.5304380365397314,0.4853400836451684,0.7209597182478539,0.7080255337882456,0.3509311027955096,0.4000968523002421,-0.04036319612590799,0.24461149020471054,0.07123486682808716,0.6092714065595422,0.10844596081884217,0.2409289016068677,0.43885538190622936,-0.1869601584855822,-0.22697336561743342,-0.27343825665859567,1.0,0.6257781201848999,-0.12886638784943868,-0.3754919656614572,-0.17423508694695136,-0.41009024873431654,0.06891701518820163,0.034959278010125466,0.10200088047545675,0.14577151661897425,0.3323002421307506,0.37047765793528503,0.14844155844155843,0.018956636583755227,0.4237508254457407,0.2975346687211094,0.49296940347787804,0.3266563944530046,0.07334360554699537,0.09987673343605546,0.1161038961038961,-0.11740699977988113,0.16668941228263262,0.20921197446621176,-0.05683689192163768,0.005419326436275589,0.009385868368919217,-0.2229980189302223,-0.14491745542593001,-0.25196786264582877,0.1112458727712965,0.26084745762711864,-0.043612150561303104,-0.05539731454985692,0.3031036759850319,0.17170592119744663,0.29660356592559983,0.13696896324014968,0.1297820823244552,0.09235747303543913,-0.5461501210653753,-0.591617873651772,0.019482720669161346,-0.48196346026854503,-0.22650671362535768,0.06678846577151662,-0.232425709883337,-0.14059211974466213,0.28858683689192166,0.2868941228263262,-0.17773717807616113,-0.22074180057230905,0.1184899845916795,-0.06103896103896104,0.2500902487343165,0.3146401056570548,-0.2327955095751706,0.2624719348448162,-0.4192207792207792,-0.43305524983491084,-0.23919876733436055,-0.14901606867708564,0.2425313669381466,0.08626678406339423,0.029652212194585074,0.17403697996918335,0.04798151001540832,0.26779000660356594,0.18241030156284394,-0.17646489104116223,-0.03973585736297601,0.18209112920977327,0.017063614351749946,0.0598943429451904,-0.01615232225401717,-0.008655073739819502,0.010165089148139995,-0.12727492846136915,-0.027979308826766455,0.6734250495267444,0.37776139115122165,0.6008936825885979,0.48588817961699315,0.40454985692273826,0.4469161347127449,0.5546335020911292,0.5570856262381686,0.5311138014527845,0.4755425930002201,0.5515144177856042,0.48072198987453224,-0.013171912832929782,0.11983491085186,-0.1836583755227823,-0.3040127668941228
