,#10,#11,#12,#13,#17,#18,#26,#49,#50,#51,#52,#53,#54,#58,#101,#102,#201,#202,#301,#302,#401,#402,#501,#502,#601,#602,#701,#702,#801,#802,#901,#902,#1001,#1002,#1101,#1102,#1201,#1202,#1301,#1302,#1401,#1402,#1501,#1502,#1601,#1602,#1701,#1702,#1801,#1802,#1901,#1902,#2001,#2002,#2101,#2102,#2201,#2202,#2301,#2302,#2401,#2402,#2501,#2502,#2601,#2602,#2701,#2702,#2801,#2802,#2901,#2902,#3001,#3002,#3101,#3102,#3201,#3202,#3301,#3302,#3401,#3402,#3455,#3501,#3502,#3601,#3602,#3701,#3702,#3801,#3802,#3901,#3902,#4001,#4002,#4101,#4102,#4201,#4202,#4301,#4302,#4401,#4402,#4501,#4502,#4601,#4602,#4701,#4702,#4801,#4802
#10,1.0,0.47774158045344484,0.5555513977547876,0.34418886198547216,0.09545454545454546,0.12460928901606867,-0.1010345586616773,0.35797270526084085,0.0647325555800132,0.1574158045344486,0.3179484921857803,0.025430332379484923,-0.1537046004842615,-0.3048778340303764,-0.2627734976887519,-0.16900286154523442,0.4973233546114902,0.40193484481620073,-0.31964120625137576,-0.07195465551397755,-0.1088861985472155,0.0001606867708562624,0.1699273607748184,0.20106317411402158,0.3580321373541713,0.27971384547655737,0.07055249834910853,0.23939907550077041,-0.1463548316090689,-0.296781862205591,0.28955976227162666,0.0815298261060973,0.5437001981069778,-0.037688751926040064,0.07533127889060093,-0.009687431212854942,-0.1467510455646049,-0.3050275148580233,-0.10032797710763812,-0.18094651111600263,0.17382126348228044,-0.19891481399955976,-0.15127448822364076,-0.282425709883337,-0.2589302223200528,-0.13946951353731016,0.11160466651992075,0.2587167070217918,-0.09139555359894343,0.015080343385428132,0.2054853620955316,0.2217873651771957,0.1840876073079463,-0.06671582654633502,-0.1334998899405679,0.2461237068016729,-0.28438476777459826,-0.24535108958837773,-0.0701188641866608,-0.20335901386748845,-0.11765793528505393,0.018712304644508033,-0.12899185560202509,-0.10207351970063834,0.1795399515738499,0.06876293198327096,-0.32797930882676646,-0.13918556020250936,-0.016623376623376623,0.11300682368478979,0.21187761391151222,0.18805635042923177,-0.041118203830068235,0.08664318732115342,-0.17133171912832929,0.16103235747303543,0.019286814880035218,0.281287695355492,0.24169491525423728,-0.2419590578912613,0.07077041602465331,-0.20282412502751485,-0.12340523882896764,0.19522562183579134,-0.02509355051727933,-0.15316751045564606,0.1238432753686991,0.26111600264142637,-0.09557120845256438,-0.06199647809817301,-0.21088487783403037,0.02671582654633502,0.017299141536429672,-0.001430772617213295,0.18648910411622277,0.4776865507373982,0.4505370900286155,0.4601210653753027,0.5165705480959718,0.2975764913053049,0.4111204050187101,0.5193550517279331,-0.21469513537310148,0.49900286154523443,0.5097490644948272,0.3822364076601365,0.4425687871450583,-0.04340523882896764,0.2235263042042703,0.0760906889720449,0.07803433854281312
#11,0.47774158045344484,1.0,0.443119084305525,0.3938542813119084,0.04693374422187981,0.1848316090688972,0.16337001981069776,0.1986880915694475,0.1338498789346247,0.14850099053488883,0.2624521241470394,-0.1837838432753687,-0.1280431432973806,-0.10141316310807837,-0.19682808716707023,-0.09408100374202069,0.2578912612810918,0.1791635483160907,-0.10978428351309708,0.050154083204930665,-0.07939027074620295,0.17278450363196127,0.12821263482280432,0.17430772617213294,0.07821263482280431,0.11596742240810037,0.002328857583094871,0.356880915694475,-0.05819942769095311,-0.12924279110719789,-0.054050187101034555,0.10685450143077262,0.29069337442218796,-0.12165309267004182,-0.009161347127448823,-0.07716707021791767,-0.22659916354831608,-0.20943649570768214,-0.1286352630420427,-0.017070217917675545,0.10900066035659256,-0.01928021131410962,-0.29401937046004845,-0.16745982830728592,-0.42629980189302225,0.06159145938806956,0.1009355051727933,0.19536649790887078,0.019231785163988553,0.06506493506493506,0.31976667400396214,0.13971164428791547,0.12692053709002862,-0.02936385648250055,0.03474356152322254,0.13268104776579354,-0.15909311027955095,-0.10499229583975346,-0.023048646268985253,-0.13540832049306625,-0.042870349988994055,0.010118864186660796,-0.25015408320493066,-0.18169491525423728,0.37624036979969183,0.18713625357693153,-0.15837992515958618,-0.08079242791107198,-0.03531146819282412,-0.062419106317411405,0.09787365177195685,0.11248954435395113,-0.21740479859123926,0.05583755227823024,-0.32839313229143735,-0.09441558441558441,-0.052273827867048206,0.09128989654413383,0.2249966982170372,-0.007191283292978208,-0.21747083425049527,0.02436715826546335,-0.07246313009024874,-0.050138674884437594,-0.21071318511996479,-0.11045564604886639,0.030178296279991194,0.004254897644728153,0.01885758309487123,-0.3247215496368039,-0.2928989654413383,-0.11692493946731235,-0.11519040281752146,0.16991855602025094,-0.025980629539951575,0.17547655734096412,0.22261281091789567,0.3059762271626678,0.49220559101915035,0.16059872331058772,0.2561237068016729,0.22033237948492185,-0.291831388950033,0.3137970504072199,0.3331631080783623,0.1517345366497909,0.1924653312788906,-0.050235527184679725,-0.057237508254457406,0.10099053488883997,-0.013576931543033239
#12,0.5555513977547876,0.443119084305525,1.0,0.42279771076381245,0.005606427470834251,0.23055690072639226,0.05631080783623157,0.11914153642967203,-0.18774158045344486,0.501386748844376,0.3497820823244552,-0.25607968302883555,-0.047948492185780324,-0.01712524763372221,-0.3118467972705261,-0.30962139555359897,0.5652938586836892,0.6550803433854281,-0.36933744221879816,-0.15355051727933083,-0.22602685450143079,-0.047160466651992076,0.2383645168390931,0.12100154083204931,0.20592119744662118,-0.0672375082544574,0.12115782522562184,0.38673343605546995,0.07491525423728813,-0.2309156944750165,0.49547435615232227,0.3095201408760731,0.5220184899845917,-0.10176755447941889,0.018283072859344045,-0.0853334800792428,-0.3468214836011446,-0.5083469073299581,-0.37165749504732554,-0.4059784283513097,-0.07645168390931102,0.00401716927140656,-0.02330838652872551,-0.3758023332599604,-0.32966982170372,-0.2299603786044464,0.2254721549636804,0.34184899845916794,0.08283292978208233,0.17284613691393352,0.4688928021131411,0.3894408980849659,0.41544794188861983,0.13458947831829188,0.20979088707902266,0.4051948051948052,-0.14584195465551397,-0.26305524983491085,-0.16227162667840633,-0.38116442879154744,-0.26072198987453227,0.03340083645168391,-0.30100154083204933,-0.2597160466651992,0.42634382566585954,0.06641866607968303,-0.16780321373541712,0.02629319832709663,-0.026869909751265682,-0.14745762711864407,0.2867576491305305,0.3562447721769756,-0.23306405458947832,0.03296940347787805,-0.3893330398415144,0.0018622055910191503,-0.03144177856042263,0.10226942548976448,0.3417191283292978,0.08627118644067797,-0.09910851860004402,-0.0072022892361875415,0.02016068677085626,-0.06948932423508694,-0.167574290116663,-0.0975610829848118,0.02946731234866828,-0.03386748844375963,0.14052828527404798,-0.308597842835131,-0.3806779661016949,-0.0989390270746203,-0.13452784503631962,0.1010807836231565,0.015307065815540392,0.6020493066255778,0.24075500770416025,0.6573695795729694,0.6494364957076821,0.42575170592119743,0.6160532687651332,0.5521593660576711,-0.055784723750825445,0.6168038740920097,0.684191063174114,0.5634514637904469,0.5103477878054149,-0.05196125907990315,-0.0552080123266564,-0.0011666299801893023,-0.11537090028615453
#13,0.34418886198547216,0.3938542813119084,0.42279771076381245,1.0,-0.013460268545014307,0.2931785163988554,0.11870349988994057,0.13498128989654412,-0.2280409421087387,0.40611930442438915,0.29503852080123266,-0.2595553598943429,-0.02719568567026194,-0.17236847897864846,-0.06309707241910632,-0.15203830068236848,0.43047545674664317,0.3803896103896104,-0.27496147919876734,-0.1235130970724191,-0.09837332159366058,0.07934844816200748,0.4016288795949813,0.23879815100154084,0.35033017829628,0.05443759630200308,0.3291701518820163,0.36161787365177195,-0.09325555800132071,0.05481399955976227,0.12046224961479199,0.11720008804754567,0.25352410301562844,-0.159867928681488,-0.18287695355491965,-0.14640105657054808,-0.2610939907550077,-0.3856548536209553,-0.11775258639665419,-0.12826986572749285,-0.2702619414483821,-0.11546114902047105,-0.1273563724411182,-0.2740876073079463,-0.18373541712524763,0.1337178076161127,0.2519436495707682,0.24509134932863746,-0.03399075500770416,-0.013242350869469514,0.17352630420427032,0.2616398855381906,0.14051948051948052,0.08663658375522783,0.07349768875192604,0.24509134932863746,-0.07948932423508695,-0.13144838212634824,-0.08075500770416025,-0.27670702179176754,-0.00902047105436936,0.044884437596302,-0.4115474356152322,-0.312854941668501,0.41255558001320713,0.0461237068016729,-0.10002861545234426,-0.05432093330398415,-0.1376601364736958,-0.19740479859123927,-0.0798283072859344,-0.10288135593220339,-0.2638432753686991,0.10543913713405238,-0.4337706361435175,-0.1716486902927581,-0.08206691613471274,0.07519920757208892,0.21330618534008364,0.11785604226282193,-0.04921417565485362,0.0862293638564825,-0.14299361655293857,-0.06036099493726613,-0.1752542372881356,-0.06525203609949373,0.018683689192163767,-0.06688531807175875,0.09443539511336121,-0.3543913713405239,-0.18869689632401496,-0.27054369359454106,-0.02482280431432974,0.1625313669381466,0.0539093110279551,0.3336385648250055,0.2760312568787145,0.37373541712524766,0.3565925599823905,0.22014087607307947,0.3238828967642527,0.266484701738939,-0.0925379705040722,0.3323376623376623,0.4421703720008805,0.19995817741580454,0.23364957076821483,-0.0663482280431433,-0.02108958837772397,0.1648646268985252,0.00262821923838873
#17,0.09545454545454546,0.04693374422187981,0.005606427470834251,-0.013460268545014307,1.0,0.20718688091569448,-0.25876513317191285,0.1494475016508915,0.09306845696676205,-0.010041822584195465,0.05105216817081224,0.480561303103676,0.27138895003301783,0.10996478098173014,-0.294686330618534,-0.2708210433634162,-0.08606647589698437,-0.010893682588597842,-0.27670041822584196,-0.3078010125467753,-0.3205062733876293,-0.4681774158045344,-0.19604886638784944,-0.1431763152102135,-0.12973585736297602,-0.06874312128549416,0.19959718247853842,0.04460708782742681,-0.08845916795069338,0.042386088487783406,0.07319832709663218,0.24776799471714725,0.009691833590138674,0.18109619194364956,0.08635263042042703,0.24401056570548096,-0.06710983931322914,0.17920096852300244,-0.13878274268104776,-0.10309046885318071,0.06885097952894563,0.07599823904908651,0.14668060752806517,0.16313449262601806,-0.029744662117543473,-0.10071978868589038,0.2908606647589698,0.29977988113581333,0.2887651331719128,0.18623156504512436,0.1374818401937046,-0.037486242570988336,0.09946951353731015,0.04845036319612591,0.043002421307506054,0.002683248954435395,0.05594100814439797,-0.19508254457407,0.21920537090028616,0.020085846357032797,0.15280211314109618,0.18331939247193485,0.08852740479859124,-0.0034712744882236407,-0.1881421967862646,-0.020851860004402378,0.06118203830068237,0.10268985252036099,-0.21112920977327757,-0.10354171252476337,-0.03768434954875633,0.006022452124147039,0.07258639665419327,0.3937706361435175,0.07441778560422628,0.11146158925819943,0.2371318511996478,0.08029495927801013,-0.08680387409200968,-0.36652872551177634,0.15419106317411402,0.37727272727272726,0.1801584855822144,0.08418886198547215,0.32279110719788684,0.2681818181818182,0.06440457847237509,0.029716046665199208,0.1340677966101695,0.27084745762711865,0.21416244772176976,0.1342262821923839,0.23182918776139116,-0.04907770195905789,0.08393352410301563,0.004593880695575611,-0.13500550297160466,0.04684349548756329,-0.1038432753686991,0.09203830068236848,0.12657054809597182,-0.03778340303764033,0.4229473915914594,-0.003995157384987893,0.0837046004842615,0.14974025974025973,0.24766894122826327,0.2260378604446401,0.0236913933524103,0.09504512436715827,0.1173563724411182
#18,0.12460928901606867,0.1848316090688972,0.23055690072639226,0.2931785163988554,0.20718688091569448,1.0,0.18379484921857803,0.24277790006603567,-0.08098393132291437,0.024961479198767334,0.0827492846136914,0.09215056130310367,0.5299251595861766,0.13084965881576052,-0.1308232445520581,0.05732115342284834,0.09960598723310587,0.23869249394673123,-0.10300682368478979,-0.04838212634822804,-0.3888399735857363,-0.1552542372881356,0.10499449702839533,0.12430772617213295,-0.12004182258419546,0.049586176535329075,-0.10966101694915255,-0.026053268765133173,0.07777459828307286,0.3158067356372441,0.12530926700418227,0.09598062953995157,0.15042262821923838,0.07269425489764472,-0.044008364516839094,0.0299471714725952,-0.02711204050187101,-0.016770856262381686,-0.2013779440898085,0.019790887079022674,-0.12307065815540391,0.12929121725731896,0.17278670482060313,0.01099273607748184,-0.19768875192604007,-0.1703896103896104,-0.04279330838652873,0.007429011666299802,-0.0514109619194365,0.042548976447281533,0.11013207131851199,0.14339863526304203,0.1440942108738719,0.037666740039621394,-0.010697776799471715,0.07906669601584856,-0.28751265683469074,-0.2575588817961699,-0.16804534448602246,-0.1225841954655514,0.14940788025533788,0.25229143737618315,0.05649350649350649,0.15078582434514637,-0.18529605987233105,-0.06527845036319613,0.35432753686990975,0.3369821703720009,0.0833083865287255,0.07915474356152322,0.20798371120405018,0.17816420867268326,0.11111160026414264,0.32929121725731897,-0.1934932863746423,0.005903587937486242,0.12381245872771296,0.18899405679066697,0.3081135813339203,0.17086506713625357,0.036257979308826765,0.2728461369139335,0.2932401496808276,0.025718688091569446,0.09970063834470615,0.15236187541272286,0.19041162227602906,-0.07414263702399296,0.19439357252916575,-0.15093330398415145,-0.17333920316971163,-0.0074950473255558005,0.06830508474576272,-0.039755668060752807,0.11230244331939247,0.061501210653753025,0.1598547215496368,0.09480739599383667,0.054435395113361214,-0.006194144838212635,0.11967642526964561,0.04082764692934184,0.10292978208232445,0.09508034338542813,0.1609817301342725,0.20180277349768874,0.1276139115122166,0.06589038080563504,0.06358793748624257,0.02251595861765353,0.013273167510455645
#26,-0.1010345586616773,0.16337001981069776,0.05631080783623157,0.11870349988994057,-0.25876513317191285,0.18379484921857803,1.0,-0.0175280651551838,0.10069777679947171,0.3040215716486903,0.06247413603345807,-0.09723750825445741,0.2664230684569668,0.4475170592119745,0.032982610609729256,0.13679947171472595,0.035971824785384104,-0.0626172132951794,-0.0013559322033898306,-0.046828087167070216,-0.0649108518600044,0.10086066475896985,-0.06747743781642086,0.18209112920977327,-0.1913845476557341,-0.1294122826326216,0.011688311688311689,0.05080783623156505,0.03156284393572529,-0.11406119304424389,-0.13136693814659917,0.1743165309267004,-0.1115430332379485,-0.13840854061193045,-0.10668941228263262,-0.05276689412282633,-0.05834910851860004,-0.14751045564604887,0.001419766674003962,0.04896103896103896,-0.27346907329958176,-0.0888729914153643,-0.1425709883337002,-0.05548316090688972,-0.08708782742681048,-0.22392692053709004,0.05352850539291217,0.03959718247853841,-0.03829407880255338,-0.061551837992515956,-0.09349328637464231,0.025148580233325998,-0.0861963460268545,-0.048872991415364296,0.03276249174554259,0.015588817961699317,-0.06174554259300022,0.05079462909971384,-0.08293418445960819,-0.21797930882676644,-0.09805194805194806,0.006123706801672903,0.0005238828967642527,0.17882236407660138,-0.005969623596742241,-0.013266563944530047,0.4639489324235087,0.4137420206911732,-0.0016993176315210213,-0.1188267664538851,0.03163108078362316,-0.06354391371340525,-0.06053709002861545,0.13016729033678187,-0.14594320933303984,-0.09920537090028615,-0.0014703940127668942,-0.06560642747083426,0.14794188861985472,0.1440413823464671,-0.06564384767774599,0.015709883337001983,0.09078802553378824,-0.2559718247853841,-0.3064802993616553,-0.03732775698877394,-0.0498745322474136,-0.13208892802113142,-0.02856042262821924,-0.18674003962139554,-0.05279991195245433,-0.11554479418886199,-0.21752586396654194,0.07682148360114462,-0.08298701298701298,-0.0711468192824125,-0.09862425709883336,-0.06929341844596082,-0.03708342504952675,-0.20441778560422627,0.027959498128989655,-0.12184679727052608,-0.07743781642086726,0.01447061413163108,0.005912392692053709,-0.062212194585075944,-0.04936385648250055,-0.127673343605547,-0.3233744221879815,-0.02094871230464451,-0.12914153642967202
#49,0.35797270526084085,0.1986880915694475,0.11914153642967203,0.13498128989654412,0.1494475016508915,0.24277790006603567,-0.0175280651551838,1.0,0.37833590138674883,-0.15512656834690733,0.2105062733876293,0.31176535329077704,0.2818269865727493,0.14750385208012326,-0.27944970283953335,-0.20463790446841296,0.022524763372221,0.11957737178076161,-0.12445520581113802,-0.19395113361215055,-0.04390490865067136,-0.19658815760510676,-0.13506493506493505,-0.2607395993836672,0.0947655734096412,0.04040942108738719,-0.0037486242570988334,0.06305084745762712,0.0014593880695575611,0.06295839753466873,-0.00287475236627779,0.06557340964120625,0.2414571868809157,0.04266784063394233,0.17134712744882236,0.022469733656174336,0.04635263042042703,-0.0987343165309267,-0.009834910851860005,-0.08909531146819283,0.3847347567686551,-0.29368919216376843,-0.042577591899625795,-0.04960598723310588,-0.11694915254237288,-0.2112524763372221,-0.0034778780541492404,0.05246092890160687,-0.14594761171032358,-0.2874686330618534,-0.02617873651771957,0.05388069557561083,-0.10647149460708782,-0.2847039401276689,-0.18426150121065377,0.15316090688972045,-0.28170151882016287,-0.37211974466211756,-0.23328197226502312,-0.16723530706581555,0.2815100154083205,0.2697732775698877,-0.024765573409641205,0.013026634382566587,-0.04970283953334801,0.04484261501210654,0.07974246092890161,-0.0637442218798151,-0.04646268985252036,0.034259300022011885,0.2542174774378164,0.12958177415804534,0.19437596302003082,0.07716927140655955,0.04169051287695356,0.09248734316530927,0.1929055690072639,0.2264670922298041,0.1991305304864627,-0.443317191283293,0.06163108078362316,-0.06234866828087167,0.2611402157164869,0.16881576051067576,-0.12407880255337883,0.24678626458287475,0.06216376843495488,0.15540171692714067,0.030398415144177855,-0.0022496147919876734,-0.1921021351529826,0.012306845696676205,-0.10940567906669602,-0.05420647149460709,0.022168170812238607,0.07429231785163988,0.1844684129429892,0.07232005282852741,0.20220338983050848,0.14825885978428352,0.16847897864847017,0.13421967862645828,-0.06413823464670922,0.20072198987453224,0.14430112260620734,0.149570768214836,0.21013427250715386,0.19501871010345587,0.20399295619634603,-0.07004842615012107,-0.17099053488883997
#50,0.0647325555800132,0.1338498789346247,-0.18774158045344486,-0.2280409421087387,0.09306845696676205,-0.08098393132291437,0.10069777679947171,0.37833590138674883,1.0,-0.025934404578472375,0.13022452124147038,0.29462469733656177,0.17470394012766893,0.23728813559322035,-0.04159806295399516,-0.17303323794849218,-0.07532027294739159,-0.2290843055249835,-0.007587497248514197,-0.10909971384547655,0.04387189082104336,-0.2197160466651992,-0.2989984591679507,-0.23327977107638126,0.08646489104116223,-0.03684569667620515,-0.15007704160246532,-0.08756768655073739,0.07180277349768875,-0.13170812238608848,-0.256271186440678,0.13693154303323796,0.0035417125247633723,-0.013603345806735638,0.07427690953114682,-0.11177195685670262,0.07308826766453885,0.1588333700198107,-0.0022892361875412725,-0.03428351309707242,0.3364538850979529,-0.35846577151661896,-0.19690732995817742,0.09457847237508255,0.06402597402597403,-0.11209553158705701,0.038388729914153645,-0.03029716046665199,0.0874818401937046,-0.019042482940788027,-0.06338983050847458,-0.17950913493286375,-0.23239709443099274,-0.23031036759850318,-0.2519810697776799,-0.08917015188201628,-0.015377503852080122,-0.16862645828747524,0.12861104996698217,0.036993176315210215,0.09830068236847898,0.11686990975126568,0.2042791107197887,0.0650033017829628,-0.1875544794188862,-0.03403037640325776,0.06109619194364957,-0.0812524763372221,-0.03092670041822584,-0.04675104556460489,0.049040281752146156,-0.026588157605106758,0.1163218137794409,0.16053488883997358,0.09205811138014527,-0.01437376183138895,0.1667444419986793,0.1868170812238609,-0.02288135593220339,-0.35507814219678624,0.024994497028395332,0.017902267224301122,0.138069557561083,-0.02588597842835131,-0.14393132291437377,0.10305745102355272,0.017034998899405678,0.004646709222980409,-0.1257230904688532,0.0836847897864847,0.04598283072859344,0.08130310367598503,-0.009982390490865066,0.013904908650671363,-0.018619854721549638,-0.04440237728373322,-0.10375302663438257,-0.12649790887079024,-0.08884437596302003,-0.13128769535549198,-0.1148448162007484,-0.16863746423068457,-0.04058111380145278,0.13277129650011005,-0.1622011886418666,-0.10456086286594761,0.013480079242791107,0.019154743561523222,0.05197666740039621,-0.01603565925599824,0.021435174994497028
#51,0.1574158045344486,0.14850099053488883,0.501386748844376,0.40611930442438915,-0.010041822584195465,0.024961479198767334,0.3040215716486903,-0.15512656834690733,-0.025934404578472375,1.0,0.26915034118423947,-0.28163988553819064,0.04696235967422408,0.189966982170372,-0.23665859564164649,-0.2475676865507374,0.4594475016508915,0.2949988994056791,-0.422656834690733,-0.2752630420427031,-0.17279110719788685,-0.10009024873431653,0.13062733876293198,0.1530376403257759,0.02792207792207792,-0.3044838212634823,0.20927360774818402,0.3185119964780982,-0.01652872551177636,-0.12611930442438918,0.22435395113361215,0.2867180277349769,0.35350869469513535,-0.14754567466431873,-0.17661677305745102,-0.15419106317411402,-0.36918556020250937,-0.44426370239929563,-0.2923970944309927,-0.41894342945190405,-0.3739995597622716,-0.07068677085626238,-0.1480827646929342,-0.3786924939467312,-0.1222474136033458,-0.14724631300902488,0.3465397314549857,0.34918115782522563,0.09228263262161568,0.25133392031697116,0.22413163108078363,0.2327823024433194,0.3125181598062954,0.21092449922958398,0.26571428571428574,0.19669161347127448,0.1619436495707682,-0.050953114681928244,0.10044684129429893,-0.2712128549416685,-0.23532467532467533,0.1186550737398195,-0.21755888179616995,-0.13269205370900286,0.2653378824565265,0.0808496588157605,0.10263482280431432,0.32085626238168613,-0.20651111600264144,-0.23455425930002202,-0.12372881355932204,0.053664979088707904,-0.42495927801012545,0.03839313229143738,-0.35401496808276467,-0.11081664098613252,0.06128989654413383,0.06574730354391371,0.16089368258859785,0.04050187101034559,-0.12085846357032798,-0.01834030376403258,-0.07311027955095752,-0.15841514417785604,-0.22088047545674663,-0.05365617433414044,0.07773277569887739,-0.23802553378824565,0.04651992075720889,-0.22221879815100154,-0.222755888179617,0.08015848558221439,-0.07418666079683028,0.21895443539511336,0.14285053929121727,0.4512326656394453,-0.067178076161127,0.46364296720228926,0.27968082764692936,0.1773563724411182,0.36057451023552717,0.31171032357473033,0.012661237068016728,0.3907373981950253,0.40684349548756327,0.3195641646489104,0.3012854941668501,0.0010741800572309048,-0.0324851419766674,0.21750605326876513,0.06264802993616553
#52,0.3179484921857803,0.2624521241470394,0.3497820823244552,0.29503852080123266,0.05105216817081224,0.0827492846136914,0.06247413603345807,0.2105062733876293,0.13022452124147038,0.26915034118423947,1.0,-0.17119744662117545,0.01416685009905349,0.0752080123266564,-0.05275148580233326,-0.07899625797930883,0.3832797710763812,0.18117543473475678,-0.24026634382566586,-0.18740039621395554,-0.1024983491085186,0.036526524323134496,0.029423288575830948,0.2541844596081884,0.21076381245872772,0.05181818181818182,0.02361435174994497,0.19806075280651553,-0.09336781862205591,-0.15478758529605988,-0.02519700638344706,0.14272507153863087,0.10468412942989214,-0.20724411182038302,-0.043495487563284176,-0.19754567466431874,-0.18153642967202288,-0.3043979749064495,-0.18207351970063834,-0.18495267444419985,0.022467532467532466,-0.28418445960818844,-0.27145938806955755,-0.10540832049306625,-0.13650891481399957,0.1749570768214836,0.12762711864406778,0.1279572969403478,0.12114902047105437,0.012430112260620735,0.24734756768655075,0.18205811138014527,0.13505392912172573,-0.016544133832269426,0.032491745542593,0.1364869029275809,0.0012436715826546335,-0.027312348668280872,-0.032885758309487124,-0.15761831388950032,-0.10384107418005722,0.07548095971824785,0.0005877173673783843,-0.01036979969183359,0.005390710983931323,-0.030490865067136254,-0.05491965661457187,0.04082324455205811,-0.12495927801012546,-0.060374202069117325,-0.18011005943209332,-0.23265243231344926,-0.10908870790226723,0.13212634822804314,-0.07944089808496588,0.07994937266123707,0.14880475456746642,0.0912128549416685,0.17333259960378605,-0.10210873871890822,-0.22289456306405458,0.028062953995157385,-0.040268545014307724,-0.10547655734096412,-0.20321593660576712,-0.03970063834470614,-0.003711204050187101,-0.08444199867928681,-0.006187541272287035,-0.13168611049966983,-0.0937508254457407,-0.09794849218578032,-0.0057671142416905125,0.02201848998459168,-0.08102795509575171,0.23710983931322915,0.4165859564164649,0.18154083204930663,0.24203169711644287,0.318498789346247,0.22577591899625798,0.09362755888179616,-0.21791327316751047,0.23350209112920978,0.21990534888839974,0.1467312348668281,0.08847457627118645,0.03262161567246313,-0.009456306405458947,-0.06339863526304204,-0.05535769315430333
#53,0.025430332379484923,-0.1837838432753687,-0.25607968302883555,-0.2595553598943429,0.480561303103676,0.09215056130310367,-0.09723750825445741,0.31176535329077704,0.29462469733656177,-0.28163988553819064,-0.17119744662117545,1.0,0.3383050847457627,0.002520360994937266,-0.0016442879154743562,-0.09476337222099934,-0.22474796390050628,-0.27153863086066476,-0.014395773717807616,-0.1606845696676205,0.07052168170812238,-0.2982742681047766,-0.2181157825225622,-0.1684965881576051,-0.19471714725952013,0.08170812238608849,0.06349108518600044,-0.28124147039401276,-0.22096412062513757,0.0035241030156284393,0.12344926260180497,0.004208672683248954,0.038032137354171255,0.22418886198547217,0.11000440237728373,0.0585560202509355,0.2934668721109399,0.31401276689412283,0.18834470614131632,0.0413977547875853,0.3623442659035879,-0.04658375522782302,0.33605546995377505,0.15843935725291658,0.2639247193484482,-0.11502531366938147,0.03466872110939907,-0.0049966982170372,0.054754567466431876,-0.06325775918996258,-0.08683909311027956,-0.08293198327096632,-0.049561963460268546,-0.14265903587937487,-0.10553819062293639,-0.07991195245432534,0.043552718467972706,-0.2445278450363196,-0.03374862425709883,0.02888399735857363,0.11792868148800352,0.0033105877173673784,0.29508694695135373,0.15886198547215497,-0.47692934184459607,-0.2438168611049967,0.09340303764032577,0.024543253356812678,-0.048476777459828306,0.03197006383447062,0.06576711424169052,0.027996918335901386,0.3392537970504072,0.20377283733215937,0.2790072639225182,0.10383667180277349,0.10825225621835792,-0.04869249394673123,-0.07923838872991415,-0.40964120625137573,0.539588377723971,0.2042857142857143,0.295676865507374,0.27538410741800573,0.28264802993616556,0.12911071978868588,-0.01817081223860885,0.31541932643627557,0.02298481179837112,0.4056042262821924,0.2790182698657275,0.11458507594100814,0.1268699097512657,-0.30162667840633944,-0.03175874972485142,-0.21810037420206912,-0.13115782522562183,-0.1816156724631301,-0.33788685890380804,0.0053466872110939905,-0.09781862205591019,-0.11939027074620295,0.15736517719568566,-0.03159806295399516,-0.10929121725731895,0.03323354611490205,0.17315870570107858,0.06604666519920757,-0.005839753466872111,-0.17405679066696017,-0.1113779440898085
#54,-0.1537046004842615,-0.1280431432973806,-0.047948492185780324,-0.02719568567026194,0.27138895003301783,0.5299251595861766,0.2664230684569668,0.2818269865727493,0.17470394012766893,0.04696235967422408,0.01416685009905349,0.3383050847457627,1.0,0.47310807836231566,-0.2312788906009245,-0.09803213735417125,0.0017345366497908872,0.08544574069997798,-0.24506713625357693,-0.32793308386528724,-0.34433634162447724,-0.4457781201848999,-0.03652872551177636,-0.02285494166850099,-0.23281752146158927,-0.1660906889720449,-0.055395113361215054,-0.14966101694915254,-0.005311468192824125,0.21405018710103457,0.08073299581774158,0.21683028835571208,0.03942108738718908,-0.05715386308606647,-0.18518379925159587,-0.12110279550957517,-0.08103675985031918,-0.04320713185119965,-0.2300396213955536,-0.235379705040722,0.021910631741140215,-0.015020911292097733,0.2978626458287475,0.04211093990755008,0.10501430772617214,-0.22407880255337884,0.10974466211754347,0.09312348668280872,0.0174290116662998,0.0010961919436495709,-0.04573629760070438,0.03793968743121286,0.050550297160466655,-0.023671582654633504,-0.028029936165529387,0.021060972925379704,-0.1022342064714946,-0.27155403918115784,-0.0034558661677305744,-0.03296279991195245,0.20709663218137794,0.2314769975786925,0.1903411842394893,0.22115562403697997,-0.40074180057230907,-0.34701959057891263,0.6961038961038961,0.4421417565485362,-0.13096412062513757,-0.041364736957957296,0.24009465111160028,0.1277922077922078,0.2455822143957737,0.21417125247633723,-0.10162227602905569,-0.07612150561303103,0.14895663658375521,0.11501210653753027,0.3241800572309047,-0.20569007263922517,0.15163328197226503,0.16635923398635263,0.6964362755888179,0.05816640986132512,0.014076601364736959,0.4485824345146379,0.1028087167070218,0.07687211093990755,-0.02613911512216597,0.020521681708122387,0.06026634382566586,0.19266563944530046,0.05047765793528505,0.020028615452344266,0.11800572309046885,0.057530266343825666,-0.10392912172573189,0.04092449922958397,-0.14351089588377725,-0.005062733876293198,0.09743341404358354,0.11110939907550077,0.32711644287915476,-0.051250275148580236,0.11624036979969184,0.249636803874092,0.1791041162227603,0.0725709883337002,-0.0700594320933304,-0.0737970504072199,-0.014910851860004402
#58,-0.3048778340303764,-0.10141316310807837,-0.01712524763372221,-0.17236847897864846,0.10996478098173014,0.13084965881576052,0.4475170592119745,0.14750385208012326,0.23728813559322035,0.189966982170372,0.0752080123266564,0.002520360994937266,0.47310807836231566,1.0,-0.2517411402157165,-0.1533546114902047,-0.1263482280431433,-0.07388729914153642,-0.19376843495487564,-0.29039841514417786,-0.3888069557561083,-0.26976227162667843,-0.13917235307065814,-0.08277349768875193,-0.23427470834250494,-0.24541712524763373,-0.021274488223640767,0.07094210873871891,0.11578912612810918,-0.03294739159145939,-0.13697556680607528,0.27966762051507815,-0.16372220999339643,-0.08985031917235307,0.06865727492846137,-0.05438696896324015,-0.16307506053268764,0.0023728813559322033,-0.276220559101915,-0.19716266784063394,-0.237079022672243,-0.038509795289456306,0.01888399735857363,0.07803433854281312,0.11043363416244772,-0.34555359894342946,0.040697776799471716,-0.03861765353290777,0.09833149900946511,0.03967862645828747,-0.11567246313009025,-0.03793088267664539,0.02549856922738279,0.05934184459608188,0.09859564164648911,0.07937926480299362,0.1287409200968523,-0.16021351529826106,0.06968082764692934,-0.049108518600044025,0.1971406559542153,0.40066035659256,0.06858463570327977,0.14909090909090908,-0.22583535108958838,-0.12369579572969404,0.5764736957957297,0.32691173233546117,-0.23774818401937045,-0.26717587497248513,-0.008628659476117103,-0.08757208892802112,0.006090688972044904,0.11469513537310147,0.016726832489544353,-0.037539071098393134,0.4661237068016729,0.1883843275368699,0.24924499229583974,0.038331499009465114,-0.1656812678846577,0.1933964340744002,0.4457935285053929,-0.25912172573189524,-0.2085031917235307,0.4050737398195025,0.14296940347787807,-0.3015232225401717,0.042260620735197006,0.06675324675324676,0.11202069117323354,0.2147083425049527,0.02435395113361215,0.18828087167070218,0.05447061413163108,0.010297160466651993,-0.2510103455866168,-0.04216596962359674,-0.18772397094430993,-0.09626018049746864,0.026588157605106758,-0.15939907550077043,0.18831609068897204,-0.06043363416244772,-0.10834250495267445,0.0014527845036319612,-0.009581774158045344,0.33278670482060313,-0.053968743121285495,0.12339643407440018,0.002762491745542593
#101,-0.2627734976887519,-0.19682808716707023,-0.3118467972705261,-0.06309707241910632,-0.294686330618534,-0.1308232445520581,0.032982610609729256,-0.27944970283953335,-0.04159806295399516,-0.23665859564164649,-0.05275148580233326,-0.0016442879154743562,-0.2312788906009245,-0.2517411402157165,1.0,0.658780541492406,-0.23185780321373542,-0.30647149460708784,0.7599295619634603,0.566007043803654,0.5783865287255118,0.5232291437376183,-0.052601804974686334,0.026524323134492624,0.046403257759189964,0.13473475676865507,-0.27784723750825446,-0.6104886638784944,-0.1183645168390931,-0.02445740699977988,-0.32538190622936386,-0.34985252036099496,-0.4106757649130531,0.028998459167950692,-0.22989214175654854,0.0487607307946291,0.4681862205591019,0.4257605106757649,0.661402157164869,0.6106009244992295,0.057836231565045124,-0.049854721549636806,0.11731895223420648,0.3826304204270306,0.24756328417345366,0.32749284613691393,-0.46226502311248074,-0.5043561523222541,-0.24435835351089588,-0.4455227823024433,-0.4715936605767114,-0.42227602905569006,-0.36663658375522784,-0.3027955095751706,-0.28118864186660797,-0.5385252036099494,0.0076227162667840635,0.3481796169931763,-0.2905392912172573,-0.09053048646268985,-0.3499977988113581,-0.6011754347347568,0.41136913933524105,0.3627823024433194,-0.07697556680607529,-0.16101034558661678,0.00414043583535109,-0.0772639225181598,0.6210367598503191,0.33328417345366496,-0.03619194364957077,-0.18231785163988554,0.3657208892802113,-0.020625137574290117,0.44315430332379485,0.16152102135152982,-0.38360114461809375,-0.4541536429672023,-0.2184173453664979,0.21308386528725512,0.13489324235086947,0.128135593220339,-0.18524763372220998,0.003667180277349769,0.07806955756108298,-0.5504842615012107,-0.38918776139115124,0.011573849878934625,-0.030779220779220778,0.08447721769755669,-0.07714725952014087,-0.41743121285494167,-0.2696764252696456,-0.4898327096632181,-0.42320493066255777,-0.437673343605547,-0.07633281972265023,-0.47972705260840853,-0.3565111160026414,-0.45391371340523884,-0.54099053488884,-0.391204050187101,-0.22190182698657274,-0.4697556680607528,-0.3904336341624477,-0.6230376403257759,-0.5313053048646269,-0.43473035439137137,-0.07739159145938806,-0.40638344706141316,-0.2721483601144618
#102,-0.16900286154523442,-0.09408100374202069,-0.30962139555359897,-0.15203830068236848,-0.2708210433634162,0.05732115342284834,0.13679947171472595,-0.20463790446841296,-0.17303323794849218,-0.2475676865507374,-0.07899625797930883,-0.09476337222099934,-0.09803213735417125,-0.1533546114902047,0.658780541492406,1.0,-0.2030464450803434,-0.30835351089588375,0.7418027734976887,0.7545652652432313,0.35721989874532245,0.6058925819942769,-0.1332709663218138,0.29262161567246314,-0.2048646268985252,0.36627999119524546,-0.49292317851639883,-0.6097204490424829,-0.10445740699977989,0.1124653312788906,-0.3225313669381466,-0.3775126568346907,-0.40180937706361436,0.1564604886638785,-0.19441338322694254,0.05389390270746203,0.4108232445520581,0.4610257539071098,0.42902927580893685,0.6217873651771957,-0.02316530926700418,0.09987012987012987,0.044778780541492404,0.4652410301562844,-0.024103015628439358,0.28059652212194586,-0.5323838872991415,-0.5966982170372,-0.41021351529826106,-0.5108760730794629,-0.5367620515078142,-0.4702487343165309,-0.4091437376183139,-0.35118203830068234,-0.4374180057230905,-0.6414725952014088,-0.3191239269205371,0.32542152762491744,-0.2437838432753687,-0.0011556240369799693,-0.28202069117323353,-0.4810147479639005,0.5074664318732115,0.689588377723971,-0.16022011886418666,-0.041399955976227164,0.18992515958617653,0.10986352630420428,0.6558309487123046,0.5830552498349109,0.03126788465771516,-0.07476997578692494,0.3146335020911292,-0.05676425269645609,0.3550935505172793,0.18579132731675105,-0.45170372000880477,-0.3871714725952014,-0.15720008804754568,0.3565661457186881,0.08074840413823464,0.12151441778560422,-0.02672243011226062,0.042331058771736735,0.15335020911292097,-0.49348448162007486,-0.2208100374202069,0.026753246753246755,-0.12064935064935065,-0.016233766233766232,-0.16641866607968303,-0.2651683909311028,-0.29519700638344704,-0.3430728593440458,-0.16307065815540392,-0.4930926700418226,0.10347567686550738,-0.5321043363416245,-0.3885824345146379,-0.5171516618974246,-0.6238564825005503,-0.36047545674664316,-0.22630420427030595,-0.5199229583975347,-0.4388465771516619,-0.5302399295619634,-0.6194166850099053,-0.4216729033678186,0.0034272507153863085,-0.25900726392251816,-0.13141316310807835
#201,0.4973233546114902,0.2578912612810918,0.5652938586836892,0.43047545674664317,-0.08606647589698437,0.09960598723310587,0.035971824785384104,0.022524763372221,-0.07532027294739159,0.4594475016508915,0.3832797710763812,-0.22474796390050628,0.0017345366497908872,-0.1263482280431433,-0.23185780321373542,-0.2030464450803434,1.0,0.48814439797490644,-0.38860004402377285,-0.28804314329738057,-0.09244111820383007,-0.10281311908430553,0.1843363416244772,0.2194122826326216,0.4488355712084526,0.12189082104336342,0.11896764252696457,0.294620294959278,0.03402377283733216,-0.07795729694034778,0.2954193264362756,0.20956856702619414,0.4633898305084746,-0.07780541492405899,-0.185181598062954,-0.2125841954655514,-0.29984591679506933,-0.5153576931543034,-0.2758133392031697,-0.36587057010785823,-0.14309927360774818,-0.06019370460048426,-0.2750253136693815,-0.43898305084745765,-0.18262161567246313,-0.0960378604446401,0.2163746423068457,0.3124213075060533,-0.10404358353510895,0.07143957737178076,0.30057010785824345,0.18710763812458728,0.21915914593880695,0.032557781201849,0.03996257979308827,0.21541272287035,-0.03232445520581114,-0.3397490644948272,-0.03430332379484922,-0.2595971824785384,-0.15007484041382346,0.09810477657935285,-0.23738058551617874,-0.17535329077701958,0.23594320933303983,0.0624323134492626,-0.10407219898745322,0.08244772176975566,-0.08373541712524764,-0.1059652212194585,0.177376183138895,0.22306185340083645,-0.2456372441118204,0.0029231785163988553,-0.3871472595201409,-0.07538410741800572,0.10627338762931983,0.235148580233326,0.3553576931543033,-0.027400396213955534,-0.07576051067576492,-0.03912832929782082,0.07378164208672683,-0.014204270305965222,-0.15851199647809816,-0.05445080343385428,0.16722870349988994,-0.045696676205150784,-0.051677305745102355,-0.17504732555580013,-0.1518005723090469,0.1323464670922298,0.10476997578692494,0.13761171032357472,0.1681664098613251,0.5745894783182919,0.407937486242571,0.5279925159586176,0.39615232225401714,0.46556900726392253,0.3883909311027955,0.4996302003081664,-0.12620735197006383,0.47616773057451023,0.49896324014968085,0.5007065815540391,0.38863746423068457,-0.011565045124367158,-0.023112480739599383,0.08292317851639885,0.11523222540171693
