,#10,#11,#12,#13,#17,#18,#26,#49,#50,#51,#52,#53,#54,#58,#101,#102,#201,#202,#301,#302,#401,#402,#501,#502,#601,#602,#701,#702,#801,#802,#901,#902,#1001,#1002,#1101,#1102,#1201,#1202,#1301,#1302,#1401,#1402,#1501,#1502,#1601,#1602,#1701,#1702,#1801,#1802,#1901,#1902,#2001,#2002,#2101,#2102,#2201,#2202,#2301,#2302,#2401,#2402,#2501,#2502,#2601,#2602,#2701,#2702,#2801,#2802,#2901,#2902,#3001,#3002,#3101,#3102,#3201,#3202,#3301,#3302,#3401,#3402,#3455,#3501,#3502,#3601,#3602,#3701,#3702,#3801,#3802,#3901,#3902,#4001,#4002,#4101,#4102,#4201,#4202,#4301,#4302,#4401,#4402,#4501,#4502,#4601,#4602,#4701,#4702,#4801,#4802
#10,1.0,0.6551507814219678,0.4207197886858904,0.5911270085846357,0.030629539951573848,0.1699603786044464,0.2742659035879375,0.48033017829628,0.23323354611490205,0.5542196786264583,0.447607307946291,-0.03168170812238609,0.01641206251375743,-0.1855491965661457,-0.3373233546114902,0.17271186440677966,0.21949592780101254,0.0711798371120405,0.21385868368919217,0.28334140435835353,-0.22500110059432094,0.25944309927360776,-0.209636803874092,0.10211534228483381,-0.15909971384547655,0.19073519700638344,0.06956416464891041,0.21348448162007483,-0.21292537970504072,-0.20701518820162887,-0.10923618754127229,-0.2027162667840634,0.19232445520581115,0.02715826546335021,-0.28000880475456746,0.007565485362095532,-0.15865727492846138,0.025089148139995597,0.18065595421527625,0.35913273167510457,-0.11302003081664098,-0.06761611270085846,-0.3262667840633942,0.050367598503191724,-0.1925049526744442,-0.029892141756548536,0.28201408760730795,0.3115100154083205,0.06447281532027295,0.15417565485362095,-0.0325049526744442,0.0629077701959058,0.25354831609068895,0.3256702619414484,-0.09475236627779,0.10368038740920096,-0.4011248073959938,-0.14226502311248074,-0.315313669381466,-0.26048646268985254,-0.11525643847677745,-0.14488223640766013,-0.2976579352850539,-0.17644508034338544,0.4811027955095752,0.47953114681928244,-0.3286836891921638,-0.13405899185560202,0.1187937486242571,-0.09192824125027514,0.1830134272507154,0.20559762271626678,-0.08703720008804755,0.07454985692273827,-0.26973805855161787,-0.01149240589918556,-0.15658155403918117,-0.19196566145718688,-0.2998613251155624,0.06582654633502091,0.005861765353290777,0.035569007263922515,-0.20882236407660137,-0.1300924499229584,-0.2701628879594981,-0.18158485582214395,-0.2281664098613251,-0.122392692053709,-0.1137574290116663,-0.4629253797050407,-0.00912392692053709,-0.33415144177856043,-0.18824125027514857,-0.1624455205811138,-0.19153202729473917,0.14140655954215275,0.14345586616773057,0.20114902047105437,0.31282632621615675,0.15104996698217038,0.27496147919876734,0.21157164869029277,-0.038159806295399515,0.04712524763372221,0.0061633281972265025,0.18717587497248514,0.24760290556900727,-0.14770195905789127,-0.09616552938586836,-0.1372309046885318,-0.2790688972044904
#11,0.6551507814219678,1.0,0.3280475456746643,0.5533964340744002,0.20987233105877173,0.2736605767114242,0.5183931322914374,0.3558617653532908,0.3728153202729474,0.7068853180717587,0.5176579352850539,0.1556372441118204,0.2390248734316531,0.12186000440237728,-0.08751926040061633,0.07567906669601585,0.4253642967202289,0.14279330838652873,0.33701738939027076,0.3051617873651772,-0.06714505833149902,0.13410301562843935,-0.21654853620955317,-0.1317279330838653,-0.19903367818622056,-0.001571648690292758,-0.09661677305745102,-0.07331278890600924,0.07876293198327097,-0.06742020691173234,-0.053755227823024436,0.1165529385868369,0.2000132071318512,0.24048426150121066,-0.011690512876953555,0.18435835351089588,0.06824345146379045,0.19384767774598283,0.0033480079242791108,0.19233325996037862,-0.014039181157825226,-0.07396654193264363,-0.09555800132071318,0.16123486682808716,-0.15262601804974688,-0.26687871450583317,0.21629319832709662,0.2581818181818182,-0.0764142637023993,-0.09311688311688311,-0.09081003742020691,-0.18854501430772616,0.015844155844155845,0.03400836451683909,-0.19799471714725952,-0.04338762931983271,-0.43044464010565703,-0.3112392692053709,-0.324488223640766,-0.3753510895883777,-0.10711864406779661,-0.035850759410081444,-0.044972485141976666,-0.1881465991635483,0.3914131631080784,0.25004402377283735,0.0020294959278010128,0.13567906669601584,0.3208386528725512,0.25176975566806076,0.2320889280211314,0.3837596302003082,-0.08958617653532908,-0.016731234866828086,-0.19063614351749944,-0.026143517499449702,-0.17481620074840415,-0.23398415144177856,-0.13989654413383226,0.24704380365397313,0.11810257539071098,0.09695355491965661,0.0015034118423948933,0.014296720228923619,-0.12863086066475898,-0.08888399735857364,-0.13005723090468854,0.04872551177635923,-0.02143957737178076,-0.33045784723750826,-0.08154963680387409,-0.35439357252916576,-0.13449702839533348,-0.16029936165529385,-0.1862161567246313,0.10244331939247193,0.01896984371560643,0.17378164208672683,0.40067576491305307,-0.05278450363196126,0.05429231785163988,0.11316310807836232,0.04215056130310368,0.2101056570548096,0.1552872551177636,0.17385428131190844,0.20001100594320934,-0.051027955095751705,-0.14281752146158927,-0.1460774818401937,-0.21058991855602024
#12,0.4207197886858904,0.3280475456746643,1.0,0.5548073959938367,-0.005566806075280651,0.3347875852960599,0.36505833149900946,0.13894783182918777,0.03630640545894783,0.5242659035879375,0.11606647589698438,-0.3057296940347788,0.17931763152102134,-0.2075544794188862,-0.11667620515078142,0.06616773057451024,0.7727492846136914,0.639933964340744,0.03810917895663658,-0.11762491745542593,-0.2552278230244332,-0.05854721549636804,0.07708122386088488,0.2767356372441118,0.0851617873651772,0.10443979749064494,0.32388509795289455,0.3586110499669822,0.10708122386088488,-0.17560642747083424,0.3653444860224521,-0.058076161127008585,0.5703852080123266,-0.0019744662117543474,-0.22231124807395994,-0.18571868809156944,-0.19871230464450804,-0.19716266784063394,0.21197666740039622,0.328910411622276,-0.019335241030156283,0.0937772397094431,-0.06263262161567246,0.08116662998018931,-0.1537904468412943,0.15886198547215497,0.38066035659256,0.38543473475676865,0.3393616552938587,0.28926040061633285,0.07418225841954655,0.182557781201849,0.5923794849218578,0.372953995157385,0.22895663658375523,0.25195465551397755,-0.47862645828747524,-0.427046004842615,-0.3746070878274268,-0.25816420867268325,-0.32321153422848337,-0.28990975126568347,-0.41190622936385646,-0.27854061193044244,0.565199207572089,0.6101915034118424,-0.2666321813779441,-0.12074620294959278,-0.005296059872331059,-0.06919436495707681,0.4623156504512437,0.36963240149680826,-0.06473475676865507,0.15339423288575832,-0.6054589478318292,-0.3303147699757869,-0.4932159366057671,-0.46849878934624695,0.2416420867268325,0.26849658815760513,-0.10429892141756548,0.11791107197886859,-0.05517059211974466,-0.3578582434514638,-0.3975016508914814,-0.41440677966101697,-0.3402201188641867,0.06135593220338983,-0.0886616773057451,-0.3049416685009905,-0.021879815100154083,-0.369042482940788,-0.32198767334360556,-0.2635086946951354,-0.4117719568567026,0.7386110499669821,0.24575390710983933,0.7467136253576931,0.5661413163108079,0.621419766674004,0.759355051727933,0.7706977767994717,0.2943297380585516,0.46284393572529164,0.5357054809597183,0.7062799911952454,0.684554259300022,-0.3520691173233546,0.011974466211754348,-0.29551397754787584,-0.3492868148800352
#13,0.5911270085846357,0.5533964340744002,0.5548073959938367,1.0,0.12304424389170152,0.3665573409641206,0.3538762931983271,0.2946048866387849,0.09066916134712745,0.5432467532467532,0.2569997798811358,-0.13709222980409422,0.07090248734316532,-0.16233105877173673,-0.14345806735637245,0.23745982830728593,0.45169051287695355,0.31640986132511556,0.21970283953334802,0.1691107197886859,-0.3420889280211314,0.1480563504292318,-0.21041162227602905,0.03840854061193044,-0.20236187541272288,0.10971604666519921,0.12113141096191944,0.20187981510015407,0.06391151221659697,-0.04351749944970284,0.15236847897864847,-0.04359674224081004,0.43338983050847457,0.18905348888399737,-0.07077701959057892,-0.0812458727712965,-0.06643847677745983,0.04095971824785384,0.19299581774158045,0.3272991415364297,0.05057891261281092,0.024855822143957738,-0.19470173893902706,-0.0014681928241250274,-0.2888399735857363,-0.0437508254457407,0.49839093110279553,0.521518820162888,0.089966982170372,0.13674884437596302,-0.03894783182918776,0.08306185340083645,0.31850539291217256,0.33047325555800133,-0.02317411402157165,0.10300682368478979,-0.5141888619854722,-0.3642879154743561,-0.4463570327977108,-0.3950011005943209,-0.20150561303103676,-0.1440149680827647,-0.021714725952014086,0.07032577591899626,0.6108804754567466,0.4850891481399956,-0.013788245652652433,-0.02077922077922078,0.08336781862205592,0.055560202509355054,0.2982654633502091,0.39649570768214837,0.018542813119084307,0.15492626018049746,-0.3661038961038961,-0.18370239929561963,-0.2635879374862426,-0.33413603345806736,-0.0852674444199868,0.11679947171472595,0.17480959718247854,0.19280651551837993,-0.10119744662117544,0.006462689852520361,-0.26367598503191725,-0.3185406119304424,-0.32987012987012987,-0.03080343385428131,-0.013609949372661237,-0.292755888179617,0.011454985692273828,-0.47294959278010124,-0.3669953775038521,-0.3445564604886639,-0.42000440237728376,0.1825445740699978,0.044921857803213734,0.4755624036979969,0.5324411182038301,0.2486286594761171,0.36241690512876956,0.3719766674003962,0.1373167510455646,0.2551661897424609,0.30447061413163107,0.4281135813339203,0.4493484481620075,-0.16702839533348007,-0.08180057230904689,-0.257640325775919,-0.3786616773057451
#17,0.030629539951573848,0.20987233105877173,-0.005566806075280651,0.12304424389170152,1.0,0.45580893682588597,0.2207109839313229,0.18083425049526744,0.4711446180937706,0.14740039621395554,0.2522980409421087,0.5039027074620295,0.4395135373101475,0.6137860444640105,0.014475016508914813,-0.14287255117763592,0.16366938146599164,0.30101034558661677,0.018459167950693373,-0.02808056350429232,-0.2634514637904468,-0.3584261501210654,-0.19237508254457408,-0.3656812678846577,-0.006321813779440898,-0.2323464670922298,-0.22523222540171692,-0.14994937266123706,0.43204050187101034,0.4775016508914814,0.27032577591899626,0.4348712304644508,0.13443759630200308,0.2958617653532908,0.616484701738939,0.3032643627558882,0.2559145938806956,0.32679947171472595,0.052722870349988994,0.15188201628879594,0.36430552498349106,0.21546555139775478,0.21652432313449263,-0.06663658375522782,-0.21967422408100373,-0.5194959278010125,0.13086506713625357,0.17478318291877615,-0.11221659696235968,-0.17002201188641866,-0.1850033017829628,-0.32663438256658595,-0.17939027074620295,-0.37123046445080343,-0.21977988113581334,-0.23907990314769975,-0.36555139775478757,-0.43575170592119744,-0.19278670482060312,-0.366667400396214,-0.09254017169271407,-0.11842174774378164,0.3903565925599824,0.2535527184679727,0.10831609068897205,0.11532907770195906,0.5204248294078803,0.42597622716266786,0.16069117323354612,0.2540854061193044,0.1559718247853841,0.4640457847237508,0.2701122606207352,0.21191723530706583,0.17321813779440898,-0.020704380365397314,0.08730354391371341,-0.16601364736957958,0.19316971164428792,0.30892141756548536,0.2029605987233106,0.40815760510675764,-0.07248073959938367,0.2894519040281752,0.45434074400176094,0.04024873431653093,-0.14320713185119965,0.23956636583755228,0.3158947831829188,0.31887519260400615,0.216781862205591,-0.26270526084085405,-0.0225313669381466,-0.20214175654853622,-0.19193924719348449,-0.12043803653973145,0.010763812458727713,0.1086484701738939,0.2529583975346687,0.035480959718247856,-0.07852520360994937,0.1296302003081664,0.3611314109619194,0.294554259300022,0.35874972485141976,0.17275588817961698,0.16630640545894784,0.018939027074620297,0.14307506053268765,-0.13848778340303763,-0.19694695135373103
#18,0.1699603786044464,0.2736605767114242,0.3347875852960599,0.3665573409641206,0.45580893682588597,1.0,0.5875324675324676,0.28896764252696455,0.3122430112260621,0.3959542152762492,0.4088421747743782,0.23606867708562623,0.5814924058991856,0.3573915914593881,0.019570768214836012,0.037503852080123266,0.511582654633502,0.49611490204710545,0.09188641866607969,-0.16815320272947393,-0.4106801672903368,-0.289273607748184,-0.13893462469733656,-0.327673343605547,-0.20903587937486243,-0.2583182918776139,-0.1079572969403478,-0.010983931322914373,0.437475236627779,0.2808782742681048,0.49203389830508476,0.3890314769975787,0.40381906229363856,0.37631961259079905,0.2647391591459388,0.1341008144397975,0.0587871450583315,0.2179286814880035,0.14066255778120185,0.2846180937706361,0.28704380365397314,0.0888399735857363,-0.07533788245652652,-0.10085186000440238,-0.42356152322254015,-0.4048712304644508,0.3889588377723971,0.4037222099933964,-0.020041822584195467,-0.05976887519260401,-0.10305745102355272,-0.197937486242571,0.10180937706361436,-0.07922958397534668,-0.18530926700418227,-0.14281532027294738,-0.6028439357252916,-0.6921747743781642,-0.48377283733215937,-0.4943847677745983,-0.10102135152982611,-0.08084085406119304,0.26945410521681706,0.1663416244772177,0.4337112040501871,0.09658595641646489,0.32154743561523225,0.26824345146379047,-0.06536209553158706,0.11672022892361876,0.32726832489544355,0.343482280431433,0.23490865067136255,0.24944750165089147,-0.1269337442218798,-0.2177790006603566,-0.013502091129209774,-0.2329275808936826,0.11544574069997798,0.2520471054369359,0.25293198327096633,0.4373409641206251,0.06352410301562844,0.26316751045564607,0.07819722650231124,-0.06389390270746204,-0.1974818401937046,0.0249702839533348,0.23541052168170812,0.044129429892141754,-0.0924851419766674,-0.5218622055910191,-0.3677107638124587,-0.360099053488884,-0.4456042262821924,0.1281730134272507,0.037246313009024874,0.3462029495927801,0.4738036539731455,0.16925379705040722,0.19953334800792427,0.46744001760950915,0.4173827867048206,0.45366718027734976,0.4154303323794849,0.36890821043363414,0.41732775698877395,-0.03932863746423068,0.11221879815100154,-0.2484767774598283,-0.247508254457407
#26,0.2742659035879375,0.5183931322914374,0.36505833149900946,0.3538762931983271,0.2207109839313229,0.5875324675324676,1.0,0.22235747303543912,0.40386748844375964,0.6679705040721989,0.5595641646489105,0.25647589698437157,0.5311314109619194,0.291666299801893,0.05607528065155184,0.001835791327316751,0.5786924939467313,0.3631587057010786,0.07958837772397094,-0.14643627558881797,-0.20294298921417567,-0.19530266343825667,-0.19964780981730135,-0.2784393572529166,-0.17745322474136033,-0.2836231565045124,-0.09950253136693815,-0.2176469293418446,0.2776095091349329,0.08230244331939247,0.24797930882676644,0.24109839313229145,0.33951133612150564,0.30446180937706363,0.0499867928681488,0.07710103455866167,0.16666960158485583,0.24939027074620296,0.1636781862205591,0.31370239929561966,0.1162491745542593,-0.010519480519480519,-0.13720889280211315,-0.013218137794408981,-0.25876953554919657,-0.37114902047105436,0.24785163988553818,0.2531807175874973,0.13033017829628,-0.006762051507814219,-0.14574950473255557,-0.25520581113801455,0.15951793968743122,-0.061516618974246096,-0.08065815540391812,-0.048023332599603785,-0.4654193264362756,-0.5190006603565925,-0.3546004842615012,-0.4519392471934845,-0.25480739599383667,-0.06158265463350209,0.1347655734096412,-0.09358133392031698,0.32952014087607306,0.12068456966762052,0.17110939907550077,0.25991855602025093,0.25472375082544574,0.17621175434734757,0.5157340964120625,0.49199647809817304,0.1950033017829628,0.12296059872331058,-0.06806735637244112,-0.13350869469513538,0.005516178736517719,-0.12439137134052389,0.05566145718688092,0.1708760730794629,0.23448822364076602,0.13541932643627558,-0.06930222320052828,0.174884437596302,-0.005868368919216377,-0.2432555580013207,-0.18253356812678848,-0.1646929341844596,0.02267444419986793,-0.14197886858903808,-0.32975786924939465,-0.4874818401937046,-0.4091305304864627,-0.3516751045564605,-0.44737178076161127,0.21960598723310587,-0.12540832049306624,0.286007043803654,0.3449878934624697,0.14777459828307285,0.271699317631521,0.3381443979749065,0.30190182698657275,0.3701188641866608,0.2668765133171913,0.28282412502751486,0.3460576711424169,-0.043370019810697776,-0.029504732555580015,-0.2600594320933304,-0.30511996478098175
#49,0.48033017829628,0.3558617653532908,0.13894783182918777,0.2946048866387849,0.18083425049526744,0.28896764252696455,0.22235747303543912,1.0,0.579306625577812,0.29734756768655074,0.49991195245432535,0.17026634382566586,0.03513317191283293,0.13939687431212855,-0.2251882016288796,-0.04706141316310808,0.03814439797490645,-0.1058859784283513,0.1384371560642747,0.09935945410521682,-0.22568126788465773,0.05262821923838873,-0.2929782082324455,-0.1664869029275809,-0.23023552718467974,0.00635923398635263,-0.15083425049526744,-0.09852740479859123,-0.023286374642306845,-0.06576931543033238,-0.06902487343165309,0.02263482280431433,-0.017233105877173673,0.003761831388950033,-0.01842394893242351,-0.026467092229804094,-0.09515738498789346,-0.03842174774378164,0.16222320052828526,0.2591481399955976,0.005007704160246533,-0.03646709222980409,-0.18620515078142197,-0.24695795729694034,-0.26408320493066256,-0.32882236407660137,0.1164208672683249,0.10313669381465991,-0.016979969183359013,-0.07353731014747963,-0.19483821263482282,-0.1644772176975567,-0.005883777239709443,-0.07499449702839533,-0.1009090909090909,-0.1438762931983271,-0.2846467092229804,-0.19530046224961478,-0.29558441558441556,-0.32417785604226285,0.009082104336341625,-0.03148800352190183,-0.12560642747083425,0.05128989654413383,0.25703720008804753,0.18210433634162448,-0.1362557781201849,-0.0561831388950033,0.11579572969403477,-0.07470173893902707,0.29304864626898525,0.13956416464891042,0.3014483821263482,0.20351529826106096,0.06661457186880916,0.18656834690732996,0.24784063394232886,0.10810257539071098,-0.30308826766453884,-0.05918115782522562,0.059667620515078144,0.08766013647369579,0.0661104996698217,0.2125709883337002,-0.03302003081664098,0.1224389170151882,-0.08985031917235307,-0.1838498789346247,-0.05714505833149901,-0.12091789566365838,-0.013642967202289236,-0.2815034118423949,-0.17308826766453886,-0.0788135593220339,-0.17774378164208673,-0.0586418666079683,0.009608188421747745,-0.008729914153642966,0.004741360334580674,-0.0016927140655954216,0.0812194585075941,0.030147479639005062,0.0003411842394893242,-0.044087607307946294,-0.09787365177195685,-0.02929341844596082,0.067244111820383,-0.020559101915034118,-0.09346467092229804,-0.09836671802773497,-0.21589918556020252
#50,0.23323354611490205,0.3728153202729474,0.03630640545894783,0.09066916134712745,0.4711446180937706,0.3122430112260621,0.40386748844375964,0.579306625577812,1.0,0.3280871670702179,0.6228857583094871,0.3977041602465331,0.27344486022452125,0.48893462469733656,0.03311248073959938,-0.21276469293418446,0.1865001100594321,0.028635263042042704,0.08708782742681048,-0.027136253576931543,-0.06908210433634163,-0.25794188861985473,-0.2883314990094651,-0.3897424609289016,-0.1865969623596742,-0.23895663658375524,-0.32968082764692935,-0.42144177856042264,0.15660576711424168,0.17436055469953776,0.05895223420647149,0.3270349988994057,0.03246313009024873,0.15888399735857364,0.06951353731014748,0.23788685890380806,0.047437816420867265,0.09233546114902047,-0.07235086946951354,0.029801893022232004,0.15920096852300242,0.07658155403918115,0.002104336341624477,-0.15246533127889061,-0.22311248073959938,-0.5672044904248295,0.06964780981730134,0.06519700638344707,0.04344045784723751,-0.24782742681047765,-0.30184459608188424,-0.4830926700418226,-0.18432753686990974,-0.40679947171472597,-0.1681620074840414,-0.297904468412943,-0.24531146819282412,-0.3499031476997579,-0.23686770856262382,-0.5038190622936386,-0.047752586396654195,-0.03145718688091569,0.07841734536649791,0.012837332159366058,0.08436495707682148,0.03141316310807836,0.15089808496588158,0.2912260620735197,0.3455624036979969,0.0664802993616553,0.4522892361875413,0.3606515518379925,0.3491965661457187,0.04739819502531367,0.17043143297380586,0.09978648470173894,0.23897644728153203,0.08337442218798151,0.021604666519920757,0.1996500110059432,0.0740876073079463,0.15189522342064715,0.10790446841294299,0.18068236847897864,0.12847237508254458,0.10154523442659036,-0.03715826546335021,-0.0016046665199207573,0.18724631300902486,-0.0263020030816641,-0.029469513537310147,-0.24306845696676205,-0.1575214615892582,-0.09768214836011446,-0.10044023772837332,-0.03988994056790667,-0.04163328197226502,-0.07147259520140876,0.1012194585075941,-0.012040501871010346,-0.10410961919436496,0.02567906669601585,0.1719106317411402,0.055945410521681706,0.0712194585075941,0.009942769095311468,0.0874950473255558,-0.03907990314769976,-0.01210873871890821,-0.056777459828307286,-0.12226502311248073
#51,0.5542196786264583,0.7068853180717587,0.5242659035879375,0.5432467532467532,0.14740039621395554,0.3959542152762492,0.6679705040721989,0.29734756768655074,0.3280871670702179,1.0,0.5682170372000881,0.1347589698437156,0.4276711424169051,0.11096632181377944,0.030497468633061853,0.05975346687211094,0.5919326436275589,0.3030420427030597,0.25569447501650894,0.020515078142196785,-0.1365793528505393,-0.003878494386968963,-0.17916795069337443,-0.09925379705040722,-0.2560136473695796,-0.09467532467532468,-0.0162887959498129,0.0038366718027734977,0.015368699097512657,-0.20672022892361874,0.16280651551837994,0.06953995157384987,0.48529605987233104,0.17516618974246093,-0.13124147039401277,-0.04733215936605767,0.006916134712744882,0.15728153202729475,0.13170812238608848,0.22114461809377065,-0.01387409200968523,-0.07430552498349109,-0.1457935285053929,0.1027162667840634,-0.32204050187101035,-0.2586748844375963,0.2752102135152983,0.2599207572088928,0.10573409641206251,0.006942548976447281,-0.12531587057010785,-0.17027734976887518,0.2753995157384988,0.1986550737398195,-0.00020691173233546115,0.03872991415364297,-0.5548866387849438,-0.4406581554039181,-0.4981135813339203,-0.486667400396214,-0.2484635703279771,-0.14521021351529825,-0.09522121945850759,-0.19057230904688532,0.5659674224081004,0.3657495047325556,-0.14226062073519702,0.11179176755447942,0.34646489104116224,0.16981510015408322,0.5026678406339423,0.5420162887959498,0.10553378824565265,0.06112920977327757,-0.19000880475456747,-0.20881135813339202,-0.14735197006383446,-0.2548206031256879,-0.10010345586616773,0.11031256878714506,0.14693374422187983,-0.06426810477657935,-0.0737772397094431,0.049933964340744,-0.27186220559101915,-0.2972375082544574,-0.2851067576491305,-0.12211093990755008,-0.1884833810257539,-0.33019370460048425,-0.3335042923178516,-0.5253554919656614,-0.4633017829627999,-0.36895003301782964,-0.47423288575830946,0.320528285274048,0.014604886638784944,0.3974664318732115,0.4858199427690953,0.21677085626238168,0.3795399515738499,0.396007043803654,0.15563944530046225,0.3387981510015408,0.26219678626458287,0.4766563944530046,0.5072859344045785,-0.15967862645828748,-0.16945410521681709,-0.30869249394673126,-0.41829627999119523
#52,0.447607307946291,0.5176579352850539,0.11606647589698438,0.2569997798811358,0.2522980409421087,0.4088421747743782,0.5595641646489105,0.49991195245432535,0.6228857583094871,0.5682170372000881,1.0,0.295445740699978,0.3682852740479859,0.22721769755668061,0.0007660136473695796,0.12654413383226942,0.23373981950253137,0.06330398415144178,0.19845696676205152,0.16449482720669162,-0.01489324235086947,0.011283292978208232,-0.34346467092229804,-0.20443979749064495,-0.383563724411182,-0.2162689852520361,-0.2245410521681708,-0.23657495047325555,0.11045344486022451,-0.08726172132951794,0.09022892361875413,0.05748404138234647,0.10609949372661237,0.06716266784063395,-0.04086726832489544,0.0707968302883557,0.05236187541272287,0.1952542372881356,0.20485802333259961,0.25079903147699756,0.15012326656394454,-0.05774158045344486,-0.08217257318952234,0.007246313009024874,-0.3320030816640986,-0.36990314769975785,0.11324235086946952,0.11691613471274488,0.18760950913493285,-0.05736517719568567,-0.2634668721109399,-0.2814087607307946,0.08048426150121066,0.01561303103675985,-0.1482742681047766,-0.08451243671582655,-0.5289676425269646,-0.3835417125247634,-0.38859123926920536,-0.4874312128549417,-0.24284613691393353,-0.2541074180057231,0.04062293638564825,-0.1386022452124147,0.27536429672022894,0.06431873211534228,-0.04491745542593,0.2592604006163328,0.33013647369579574,0.018562623816861103,0.38475236627779,0.3169095311468193,0.18538190622936385,-0.0910873871890821,0.03806075280651552,-0.012542372881355932,0.026398855381906228,-0.11826546335020911,-0.1804996698217037,0.08459388069557561,0.3006185340083645,-0.040697776799471716,0.16720669161347126,0.3674554259300022,0.004919656614571869,-0.05681047765793529,-0.20377503852080123,-0.14533127889060093,-0.11641866607968303,-0.14111380145278452,-0.22600704380365397,-0.4321219458507594,-0.29830068236847895,-0.3136495707682148,-0.34208452564384767,-0.042243011226062076,-0.05285053929121726,-0.11072198987453225,0.14845256438476778,-0.02808496588157605,0.0537244111820383,0.09384107418005723,-0.028492185780321373,0.057541272287035,-0.05982390490865067,0.049757869249394675,0.13270305965221219,-0.16631300902487342,-0.14670041822584196,-0.25565705480959716,-0.3355756108298481
#53,-0.03168170812238609,0.1556372441118204,-0.3057296940347788,-0.13709222980409422,0.5039027074620295,0.23606867708562623,0.25647589698437157,0.17026634382566586,0.3977041602465331,0.1347589698437156,0.295445740699978,1.0,0.5752454325335681,0.6240391811578252,0.07281091789566366,-0.30709663218137795,-0.04166629980189302,-0.10918556020250936,-0.02716486902927581,-0.15592780101254677,-0.23031476997578693,-0.40791327316751047,-0.18999559762271626,-0.5018842174774378,-0.2153004622496148,-0.32416905128769535,-0.39817081223860884,-0.3601937046004843,0.012951793968743122,0.17321593660576712,-0.09100594320933304,0.3025731895223421,-0.10619194364957077,0.08697336561743342,0.23208012326656394,0.24669381465991636,0.034177856042262825,0.1764538850979529,-0.18675324675324675,-0.19092670041822585,0.16470173893902706,-0.020719788685890382,0.08063174114021572,-0.33730794629099714,-0.13985031917235308,-0.5702333259960378,0.1520757208892802,0.09032137354171252,-0.12287255117763593,-0.33607528065155184,-0.2850363196125908,-0.4993880695575611,-0.35186220559101916,-0.6411027955095752,-0.4533237948492186,-0.5465617433414044,-0.09700418225841954,-0.3019832709663218,0.06629099713845477,-0.26083425049526743,0.18920096852300242,0.16233766233766234,0.40290556900726393,0.22919216376843496,-0.05053048646268985,-0.19846136913933524,0.41134272507153863,0.2658023332599604,0.14624036979969182,0.24197226502311248,0.10543253356812679,0.2867048206031257,0.24637244111820383,0.13117543473475676,0.2834602685450143,0.0626436275588818,0.3419260400616333,0.17770195905789127,-0.01412722870349989,0.011556240369799691,0.26270966321813777,0.102425709883337,-0.2405987233105877,0.34493286374642307,0.32042923178516397,0.33167730574510235,0.1733876293198327,-0.002639225181598063,0.14262601804974687,0.2578120184899846,-0.01725952014087607,0.010358793748624258,0.038556020250935505,0.07865287255117763,0.07745762711864407,-0.29320493066255776,-0.18348448162007483,-0.11814439797490645,0.06747743781642086,-0.09208012326656395,-0.2989786484701739,-0.03925379705040722,0.2463218137794409,-0.005588817961699318,0.04418886198547216,-0.0916288795949813,-0.08453885097952894,0.2232753686990975,0.08344486022452124,0.15086286594761172,0.09725952014087608
#54,0.01641206251375743,0.2390248734316531,0.17931763152102134,0.07090248734316532,0.4395135373101475,0.5814924058991856,0.5311314109619194,0.03513317191283293,0.27344486022452125,0.4276711424169051,0.3682852740479859,0.5752454325335681,1.0,0.5968567026194145,0.2085560202509355,-0.09550737398195025,0.3596566145718688,0.42874972485141977,0.03735197006383447,-0.122524763372221,-0.25106537530266343,-0.32575170592119745,-0.0053642967202289235,-0.19995817741580454,-0.0951221659696236,-0.2036055469953775,-0.06954875632841735,0.022843935725291656,0.3023640766013647,0.17081443979749064,0.2686022452124147,0.245544794188862,0.22691833590138674,0.21207131851199648,0.24517279330838654,0.16478758529605989,0.1410279550957517,0.27748404138234645,0.11213295179396875,0.2469953775038521,0.30953334800792426,0.06917675544794188,0.0350561303103676,-0.045839753466872114,-0.27128769535549196,-0.2917565485362095,0.17933744221879816,0.1529077701959058,0.04541712524763372,0.022980409421087387,-0.0874025974025974,-0.14406339423288575,0.06493946731234866,-0.197739379264803,-0.15459608188421747,-0.1951287695355492,-0.4864274708342505,-0.5749790887079023,-0.30844816200748404,-0.24173013427250714,-0.2169623596742241,-0.10622716266784063,0.3639489324235087,0.07540832049306626,0.2183381025753907,0.012390490865067137,0.41217697556680605,0.39095971824785386,0.2334140435835351,0.3269623596742241,0.39795289456306404,0.362821923838873,0.08529826106097292,0.2601716927140656,0.01398415144177856,-0.18046004842615013,-0.06793088267664539,-0.23680167290336782,0.30046665199207573,0.3544948272066916,0.2114373761831389,0.3343187321153423,-0.04799251595861766,0.1757473035439137,0.18736077481840194,-0.15902707462029497,-0.2276007043803654,0.23136693814659917,0.1809090909090909,0.2142725071538631,-0.0823530706581554,-0.4276865507373982,-0.25479418886198546,-0.3904754567466432,-0.354125027514858,0.17524763372221,0.07929782082324455,0.18515298261060972,0.3229583975346687,0.0952344265903588,0.17902047105436936,0.36057891261281094,0.2250363196125908,0.31312568787145056,0.23734536649790888,0.24352850539291218,0.2736693814659916,-0.10312128549416685,-0.004714946070878274,-0.2715166189742461,-0.245016508914814
#58,-0.1855491965661457,0.12186000440237728,-0.2075544794188862,-0.16233105877173673,0.6137860444640105,0.3573915914593881,0.291666299801893,0.13939687431212855,0.48893462469733656,0.11096632181377944,0.22721769755668061,0.6240391811578252,0.5968567026194145,1.0,-0.0033546114902047106,-0.39279991195245434,-0.014014968082764694,0.043035439137134056,-0.08803433854281312,-0.03814439797490645,-0.22156504512436717,-0.47057891261281093,-0.21796830288355712,-0.45797050407219897,-0.21308166409861326,-0.3178208232445521,-0.3425445740699978,-0.3430024213075061,0.27212634822804316,0.3633678186220559,0.1486418666079683,0.612953995157385,0.0762161567246313,0.20253356812678847,0.3925775918996258,0.3985846357032798,0.10756988773937927,0.16244992295839752,0.04727272727272727,0.03286814880035219,0.20395993836671802,-0.001419766674003962,0.06521901826986573,-0.15843495487563283,-0.27372881355932205,-0.49214836011446184,0.057704160246533125,0.05149680827646929,-0.18024873431653093,-0.2010477657935285,-0.3272991415364297,-0.4258287475236628,-0.3195597622716267,-0.5116618974246093,-0.33009465111160025,-0.40834910851860007,-0.14995597622716267,-0.29352190182698656,-0.17184239489324235,-0.2703367818622056,0.07523662777900066,0.09758309487123046,0.5215936605767114,0.22534228483381025,-0.08066475896984372,-0.12664979088707903,0.6640699977988114,0.454884437596302,0.20673563724411181,0.43252256218357915,0.23800792427911072,0.32480299361655296,0.2107528065155184,0.2651661897424609,0.4368390931102796,0.2881928241250275,0.37092670041822584,0.168003521901827,0.19038520801232667,0.26471054369359454,0.12285494166850099,0.26224521241470394,-0.016257979308826765,0.3602157164869029,0.5078450363196126,0.18565265243231344,0.05962359674224081,0.1309156944750165,0.3170394012766894,0.3559586176535329,0.12823024433193925,-0.08063394232885758,-0.036832489544353954,-0.10502091129209773,-0.06886198547215497,-0.2646357032797711,-0.04689192163768435,-0.03476337222099934,0.042859344045784724,-0.048340303764032574,-0.1437508254457407,-0.005060532687651332,0.37744441998679285,0.190396213955536,0.21327096632181378,0.060574510235527186,0.1003037640325776,0.1922143957737178,0.16161347127448822,-0.016693814659916355,-0.0037772397094430993
#101,-0.3373233546114902,-0.08751926040061633,-0.11667620515078142,-0.14345806735637245,0.014475016508914813,0.019570768214836012,0.05607528065155184,-0.2251882016288796,0.03311248073959938,0.030497468633061853,0.0007660136473695796,0.07281091789566366,0.2085560202509355,-0.0033546114902047106,1.0,0.16736077481840195,0.20472815320272947,0.18267224301122606,0.35830068236847895,-0.1492559982390491,0.4714153642967202,-0.13335461149020472,0.1611204050187101,-0.17831829187761392,0.18266123706801674,-0.29375522782302443,0.010990534888839974,-0.30659916354831607,0.2665991635483161,0.09005062733876293,-0.040261941448382126,-0.020666960158485584,-0.24434734756768656,0.10489324235086947,0.11222320052828527,0.05480299361655294,0.44954215276249176,0.3150517279330839,-0.023235747303543913,-0.08959278010125468,0.5395289456306406,0.40571648690292755,0.31455646048866387,0.2798591239269205,-0.1381862205591019,-0.17093330398415144,-0.30403918115782524,-0.32654413383226943,0.07036539731454985,-0.17417785604226282,-0.11231344926260181,-0.1287805414924059,0.08109839313229143,-0.10526964560862866,0.4819040281752146,0.23873211534228483,-0.08713185119964781,-0.3571934844816201,-0.1721879815100154,-0.15962799911952455,-0.21655513977547877,-0.04313669381465992,0.13880255337882458,-0.10985692273827867,-0.22963240149680827,-0.09415144177856043,0.17424389170151883,0.25001100594320935,0.4116949152542373,0.12741360334580673,0.15815980629539952,0.015828747523662777,0.18543253356812678,-0.2037640325775919,0.027897864847017388,-0.3013075060532688,-0.14480959718247854,-0.22031256878714506,0.31908870790226723,0.11322474136033459,0.05483381025753907,-0.027860444640105658,0.19061633281972265,0.07045124367158266,-0.07329958177415805,-0.1473893902707462,-0.1240413823464671,-0.001140215716486903,0.0758991855602025,-0.015177195685670261,-0.21793528505392912,-0.14976667400396215,-0.3065595421527625,-0.11592119744662117,-0.20304204270305964,0.1636715826546335,-0.26151882016288797,-0.026830288355712086,-0.02741140215716487,-0.14264142637023994,-0.030860664758969845,0.006863306185340084,-0.05092009685230024,0.030983931322914375,-0.047160466651992076,-0.13238168611049966,-0.16109839313229143,-0.11089148139995597,-0.27390050627338763,-0.15960598723310587,-0.11175874972485142
#102,0.17271186440677966,0.07567906669601585,0.06616773057451024,0.23745982830728593,-0.14287255117763592,0.037503852080123266,0.001835791327316751,-0.04706141316310808,-0.21276469293418446,0.05975346687211094,0.12654413383226942,-0.30709663218137795,-0.09550737398195025,-0.39279991195245434,0.16736077481840195,1.0,0.026680607528065156,0.17471494607087829,0.32356372441118203,0.5386814880035219,0.27299581774158044,0.6946401056570548,0.07129650011005943,0.2313317191283293,-0.02943649570768215,0.27011446180937704,0.10299801893022233,0.17235747303543913,-0.051003742020691176,-0.07765573409641206,0.1487277129650011,-0.26523002421307507,0.13137354171252477,0.1946995377503852,0.09795289456306405,-0.172656834690733,0.24284613691393353,0.41500110059432094,0.14990975126568346,0.16920096852300243,0.16571868809156945,0.17263042042703058,0.1642989214175655,0.4735923398635263,-0.047230904688531805,0.10014307726172134,-0.13432093330398415,-0.06362315650451243,0.03087607307946291,0.13427030596522121,0.046128109178956635,0.22751045564604885,0.17414483821263482,0.4276909531146819,0.1642593000220119,0.5304974686330619,-0.42292537970504074,0.03467092229804094,-0.43086946951353733,-0.21775258639665418,-0.2790028615452344,-0.251122606207352,0.018456966762051507,0.04757649130530486,0.1054985692273828,0.14534668721109398,-0.01190182698657275,0.2721813779440898,0.2531278890600924,0.20474796390050629,-0.08144177856042263,-0.03225621835791327,-0.05263262161567246,-0.04298701298701299,-0.09124147039401277,-0.058472375082544575,-0.2542460928901607,-0.2923486682808717,-0.0737772397094431,0.17491745542593,0.059024873431653094,0.02454985692273828,0.19165749504732554,0.03079242791107198,-0.053486682808716705,-0.2901915034118424,-0.3021417565485362,-0.10688311688311689,-0.07731895223420647,-0.1637904468412943,-0.06465551397754787,-0.47557340964120626,-0.35710323574730357,-0.40348228043143297,-0.4228989654413383,0.002766894122826326,-0.021256878714505833,-0.09148580233325997,-0.07788245652652433,-0.1722342064714946,0.05593880695575611,-0.03690512876953555,-0.15138014527845037,0.0005546995377503852,-0.1608892802113141,-0.0790050627338763,-0.08261281091789566,-0.22670041822584194,-0.27599603786044463,-0.3900792427911072,-0.4022496147919877
#201,0.21949592780101254,0.4253642967202289,0.7727492846136914,0.45169051287695355,0.16366938146599164,0.511582654633502,0.5786924939467313,0.03814439797490645,0.1865001100594321,0.5919326436275589,0.23373981950253137,-0.04166629980189302,0.3596566145718688,-0.014014968082764694,0.20472815320272947,0.026680607528065156,1.0,0.7037354171252477,0.1611534228483381,-0.2044441998679287,-0.1564604886638785,-0.22542152762491746,0.12285714285714286,-0.011074180057230905,0.043427250715386306,-0.14570548095971825,0.15978428351309706,0.07617873651771957,0.2710741800572309,0.026902927580893684,0.3477856042262822,0.12069117323354611,0.4520383006823685,0.1753334800792428,-0.08413823464670922,-0.041899625797930884,-0.03275808936825886,0.05541492405899186,0.027004182258419548,0.122392692053709,0.10327756988773938,0.17979749064494827,0.08806295399515739,0.12302663438256659,-0.14905348888399736,-0.19867928681488004,0.23712304644508034,0.22622716266784063,0.18128329297820822,0.016951353731014748,0.016302003081664098,-0.06116222760290557,0.4232225401716927,0.11277349768875193,0.18633281972265023,0.1356570548095972,-0.4931895223420647,-0.6356922738278671,-0.41062513757429014,-0.43379925159586175,-0.25062293638564825,-0.14089588377723972,-0.2370724191063174,-0.30975566806075283,0.453218137794409,0.38451463790446844,-0.017239709443099275,0.03988553819062294,0.19058331499009465,0.11932203389830509,0.5184855822143958,0.5213779440898085,0.12968743121285495,0.15784283513097072,-0.45591459388069555,-0.42571648690292757,-0.375544794188862,-0.435346687211094,0.2965397314549857,0.3172859344045785,-0.028769535549196566,0.0748316090688972,0.056484701738939026,-0.18416244772176976,-0.3377635923398635,-0.2834602685450143,-0.20631080783623157,0.014109619194364957,0.007580893682588598,-0.24725511776359235,-0.1767576491305305,-0.3909311027955096,-0.3636869909751266,-0.24209773277569888,-0.3983711204050187,0.6484283513097072,0.09596962359674224,0.6360840854061193,0.5984569667620515,0.4392934184459608,0.4962645828747524,0.6717829627999119,0.33853400836451686,0.5732357473035439,0.5410697776799471,0.5992471934844816,0.5043033237948492,-0.21457847237508254,-0.012872551177635923,-0.24071318511996478,-0.26848117983711206
