,#10,#11,#12,#13,#17,#18,#26,#49,#50,#51,#52,#53,#54,#58,#101,#102,#201,#202,#301,#302,#401,#402,#501,#502,#601,#602,#701,#702,#801,#802,#901,#902,#1001,#1002,#1101,#1102,#1201,#1202,#1301,#1302,#1401,#1402,#1501,#1502,#1601,#1602,#1701,#1702,#1801,#1802,#1901,#1902,#2001,#2002,#2101,#2102,#2201,#2202,#2301,#2302,#2401,#2402,#2501,#2502,#2601,#2602,#2701,#2702,#2801,#2802,#2901,#2902,#3001,#3002,#3101,#3102,#3201,#3202,#3301,#3302,#3401,#3402,#3455,#3501,#3502,#3601,#3602,#3701,#3702,#3801,#3802,#3901,#3902,#4001,#4002,#4101,#4102,#4201,#4202,#4301,#4302,#4401,#4402,#4501,#4502,#4601,#4602,#4701,#4702,#4801,#4802
#10,1.0,0.3371208452564385,0.43448602245212414,0.5061765353290777,0.2859454105216817,0.31875192604006164,0.30117103235747306,0.6942394893242351,0.0817147259520141,0.599456306405459,0.4113251155624037,0.3542108738718908,0.3743319392471935,0.29810477657935286,-0.562344265903588,-0.46627338762931986,0.39797930882676646,0.42137574290116664,-0.29805194805194807,-0.24060972925379706,-0.37261941448382124,-0.35428571428571426,-0.01816200748404138,-0.05893462469733656,-0.10197886858903808,-0.021769755668060754,-0.08386528725511776,0.20813999559762272,0.0036847897864847015,0.05674224081003742,0.320627338762932,0.33356372441118204,0.3516618974246093,0.39455205811138017,-0.05513097072419106,0.11169271406559542,-0.03281532027294739,-0.0034954875632841735,-0.15158705701078581,0.04652212194585076,-0.42609289016068674,-0.07935725291657494,-0.35984591679506933,-0.3065639445300462,-0.2906537530266344,-0.38366718027734975,0.21522562183579133,0.23619854721549638,-0.1510213515298261,-0.20893462469733656,0.23324675324675326,0.06436275588817962,0.17289236187541274,-0.013105877173673784,-0.06395113361215056,-0.09068236847897865,-0.37006823684789786,-0.41709663218137794,0.05115122165969624,-0.3387871450583315,0.2689302223200528,0.3082324455205811,-0.09924499229583976,0.09785604226282192,-0.13425049526744443,0.0713383226942549,0.04535549196566146,0.057030596522121946,-0.08880255337882456,-0.026662998018930222,0.15018269865727493,0.22000880475456747,-0.06707462029495928,0.3697050407219899,-0.37487563284173453,-0.13621395553598944,-0.0862161567246313,-0.03826106097292538,0.006667400396213955,-0.12466211754347348,0.18348888399735858,-0.05165089148139996,-0.08471934844816201,-0.08228483381025754,0.15550297160466653,0.3212568787145058,0.45190843055249835,-0.14521241470394014,-0.039579572969403475,-0.07670702179176755,0.020517279330838654,-0.0751221659696236,-0.09116442879154743,0.29186880915694474,0.11803433854281312,0.29690512876953556,0.16034558661677306,0.28666299801893025,0.11209773277569887,0.422392692053709,0.07992295839753467,0.2812920977327757,0.20713405238828966,0.08674664318732116,0.2808232445520581,0.20871230464450805,0.16224521241470394,0.14723970944309928,0.01686550737398195,-0.04549636803874092,-0.13941668500990534
#11,0.3371208452564385,1.0,0.3792758089368259,0.32831609068897205,0.12716266784063393,0.39599383667180277,0.25308166409861327,0.340231124807396,0.15569227382786704,0.4255910191503412,0.3700506273387629,0.2220052828527405,0.2724323134492626,0.06049966982170372,-0.20399515738498789,-0.3156262381686111,0.4196918335901387,0.35990534888839976,-0.2225709883337002,-0.17163768434954876,-0.20964120625137575,-0.32057010785824347,0.09109178956636584,0.062379484921857804,0.045518379925159586,0.0714571868809157,-0.10662777900066035,0.21181598062953996,0.06049746863306185,-0.03835130970724191,0.15361435174994498,0.297475236627779,0.2306713625357693,0.2212260620735197,-0.2354985692273828,-0.09662117543473475,0.04081003742020691,-0.02724851419766674,-0.20441998679286816,0.0009751265683469073,-0.2389060092449923,-0.19859344045784724,-0.229306625577812,-0.26453444860224523,-0.10732115342284834,-0.24587277129650012,-0.2639885538190623,0.17394673123486684,-0.1605591019150341,-0.14147259520140876,0.12781862205591019,0.21931322914373763,-0.06576931543033238,0.06562183579132731,-0.1906779661016949,-0.06357473035439137,-0.43231124807395993,-0.5205194805194805,-0.0411534228483381,-0.27111160026414266,0.17360334580673564,0.1699273607748184,-0.24723530706581553,0.04871670702179177,0.03959938366718028,0.07581774158045344,0.10852520360994937,-0.043370019810697776,0.16754347347567686,0.21408540611930443,0.33403697996918336,0.33922738278670483,-0.08911512216596962,0.09607968302883557,-0.2926194144838213,-0.12992295839753468,-0.09476337222099934,-0.09480299361655294,-0.03782962799911953,-0.17250935505172793,0.015337882456526524,-0.07177195685670262,-0.046121505613031036,0.03584195465551398,0.172656834690733,0.3002267224301123,0.22207792207792207,0.017160466651992074,-0.021793968743121287,0.07246092890160687,0.11546995377503852,0.03011005943209333,0.05454105216817081,0.139702839533348,0.037578692493946735,0.36161127008584637,0.2686506713625358,0.3267774598283073,0.1686154523442659,0.20502531366938145,0.28862645828747524,0.3285934404578472,0.32254897644728153,0.22348448162007484,0.3847303543913713,0.3454303323794849,0.2996522121945851,0.07348228043143297,0.14218578032137355,-0.1381333920316971,-0.17768214836011445
#12,0.43448602245212414,0.3792758089368259,1.0,0.6898151001540832,0.05439137134052388,0.45558221439577373,0.3780629539951574,0.23238168611049967,0.3225775918996258,0.6487827426810477,0.41029275808936827,0.16774378164208673,0.3261281091789566,0.2968897204490425,-0.33651551837992516,-0.3741668500990535,0.6406801672903368,0.7019788685890381,-0.16567026194144838,-0.23381245872771297,-0.2764758969843716,-0.20693594541052168,0.2629473915914594,0.1790446841294299,0.17793308386528725,0.390759410081444,-0.046253576931543035,0.30418225841954655,-0.06422408100374202,0.02497248514197667,0.15534888839973585,0.3898811358133392,0.38376623376623376,0.4275808936825886,-0.23130310367598503,0.0535989434294519,0.04642967202289236,-0.021215056130310366,0.0005062733876293198,0.29842174774378166,-0.3188245652652432,-0.07939467312348668,-0.36918115782522565,-0.3450979528945631,-0.18119744662117543,-0.24496808276469292,0.027613911512216597,0.12816420867268324,-0.1362755888179617,-0.37707682148360117,0.16548756328417347,0.24252916574950473,0.29779440898084963,0.23815760510675765,-0.014415584415584416,0.11972485141976667,-0.5005701078582434,-0.5919832709663219,-0.12445740699977988,-0.23609289016068677,0.0035174994497028395,0.20104336341624476,-0.29819062293638565,0.047103235747303546,0.11264582874752366,0.27080563504292315,-0.0924719348448162,0.06836891921637685,0.07951133612150561,0.24725952014087607,0.39589038080563504,0.6186968963240149,-0.08671142416905128,0.2509861325115562,-0.428696896324015,-0.1665595421527625,-0.2028417345366498,0.02305745102355272,0.2872727272727273,0.06266784063394233,-0.04269865727492846,-0.2113515298261061,-0.03577812018489985,-0.05372661237068017,0.14554039181157824,-0.06361435174994497,0.20541712524763373,-0.07745982830728594,-0.1865331278890601,-0.1027756988773938,-0.07886418666079684,-0.11746643187321154,-0.10329297820823244,0.007990314769975786,0.10631741140215717,0.5698195025313669,0.4863416244772177,0.647244111820383,0.49463790446841294,0.4939137134052388,0.41110499669821704,0.5888025533788246,0.24468412942989215,0.42750385208012326,0.6024653312788906,0.5305899185560202,0.48968743121285496,-0.044785384107418,0.10460488663878495,-0.44461809377063616,-0.3845410521681708
#13,0.5061765353290777,0.32831609068897205,0.6898151001540832,1.0,0.05256218357913273,0.2187805414924059,0.43600704380365396,0.28145498569227384,0.28105216817081224,0.7703697996918336,0.33930442438917013,0.23464450803433853,0.3325049526744442,0.3845828747523663,-0.3139093110279551,-0.5092361875412723,0.6230596522121946,0.4602773497688752,-0.1210279550957517,-0.3910213515298261,-0.12077041602465331,-0.41731454985692273,0.2960026414263702,0.04604886638784944,0.22314109619194364,0.2354919656614572,0.06787585296059873,0.36119084305524984,-0.03197886858903808,0.005538190622936386,0.18800792427911073,0.3821747743781642,0.3521175434734757,0.41610609729253795,-0.0675544794188862,0.139735857362976,0.13561963460268545,0.06654853620955316,0.17594320933303984,0.13815320272947393,-0.3410631741140216,-0.06434294519040282,-0.4083182918776139,-0.4084371560642747,-0.19723530706581555,-0.3341734536649791,0.1968346907329958,0.18785384107418004,0.05135593220338983,-0.24436055469953774,0.28392692053709,0.15518379925159587,0.4421703720008805,0.1686682808716707,0.08676865507373982,0.034063394232885756,-0.4140545894783183,-0.6063262161567247,-0.04575170592119745,-0.28798151001540834,0.15373541712524763,0.2799735857362976,-0.11859784283513097,0.09151882016288795,-0.08495267444419986,0.2104732555580013,-0.06890821043363417,0.07177856042262822,0.06217037200088048,0.07257318952234207,0.2594607087827427,0.4653444860224521,-0.26849658815760513,0.2754699537750385,-0.5090094651111601,-0.21879594981289896,-0.31919216376843496,-0.24353510895883776,0.1165727492846137,-0.14476777459828308,-0.05800792427911072,-0.17679286814880035,-0.14286594761171031,-0.1835064935064935,0.16304864626898524,0.05404578472375082,0.3507373981950253,0.030592119744662118,-0.22314109619194364,-0.03346907329958177,-0.1538168611049967,-0.07037200088047546,-0.00474356152322254,0.18927360774818403,0.23934404578472376,0.5515144177856042,0.30965441338322697,0.3806493506493506,0.3100858463570328,0.4128703499889941,0.3171054369359454,0.3509927360774818,0.28586836891921635,0.2854259300022012,0.33558661677305746,0.38688531807175874,0.3258463570327977,-0.016654193264362755,0.10072859344045784,-0.21695575610829848,-0.32449702839533345
#17,0.2859454105216817,0.12716266784063393,0.05439137134052388,0.05256218357913273,1.0,0.432392692053709,-0.07103235747303543,0.17794629099713846,0.24576931543033237,-0.0161831388950033,-0.03163548316090689,0.6467906669601585,0.39407660136473693,0.1677327756988774,-0.22950913493286373,-0.22285714285714286,0.07366057671142417,0.1843715606427471,-0.38621175434734756,-0.11501210653753027,-0.30315870570107856,-0.2208892802113141,0.1336583755227823,-0.0675676865507374,-0.052452124147039404,-0.23728593440457849,-0.3221373541712525,-0.234323134492626,0.07991855602025094,0.06712304644508034,0.14560422628219238,-0.10248954435395113,0.2645938806955756,0.14656174334140437,-0.29595861765353293,-0.05195905789126128,-0.07068016729033678,-0.07842615012106538,-0.1682808716707022,0.018725511776359234,-0.072821923838873,-0.07020691173233547,0.060156284393572526,0.1213977547875853,-0.07850539291217257,0.04184459608188422,-0.1161435174994497,-0.005225621835791327,-0.47843275368699095,-0.25553378824565265,0.08401056570548096,0.06345806735637244,-0.08148800352190183,-0.30959498128989654,-0.1497226502311248,-0.41024213075060534,-0.18155183799251595,-0.24272507153863085,0.05543693594541052,-0.1973167510455646,0.1916420867268325,0.13504512436715826,0.001571648690292758,0.30395773717807617,-0.25009244992295837,-0.20063614351749945,0.1922011886418666,0.11206911732335462,-0.1545278450363196,-0.048998459167950696,0.1628087167070218,-0.042289236187541275,0.17289676425269646,0.16439357252916575,-0.2314836011446181,-0.18375522782302442,0.04171692714065595,0.07592780101254677,0.06046445080343386,-0.01784503631961259,0.3315276249174554,0.058668280871670704,0.12236187541272286,0.3450891481399956,0.6006647589698437,0.42509134932863746,0.27571208452564383,0.008082764692934185,0.08404578472375082,0.34277790006603565,0.1288861985472155,0.13235967422408101,0.1033942328857583,0.204818401937046,0.1087871450583315,-0.0984965881576051,0.016557340964120624,0.15291657495047326,0.0748448162007484,0.15771516618974246,0.16712304644508033,0.26598943429451904,0.23228483381025755,0.022124147039401278,0.028679286814880037,0.09822584195465552,0.027814219678626458,0.22429451904028175,-0.010490865067136253,0.05524103015628439,0.1765771516618974
#18,0.31875192604006164,0.39599383667180277,0.45558221439577373,0.2187805414924059,0.432392692053709,1.0,0.31146158925819944,0.24520360994937265,0.36830948712304645,0.3233281972265023,0.26437376183138894,0.4659322033898305,0.5328461369139336,0.19917895663658375,-0.1637178076161127,-0.2698547215496368,0.3983799251595862,0.565560202509355,-0.29046004842615014,-0.232953995157385,-0.3346599163548316,-0.16898745322474137,0.009295619634602686,-0.1414175654853621,-0.06712084525643848,0.09621395553598944,-0.35542813119084304,-0.10689412282632621,0.18176975566806075,0.23492846136913934,0.25447721769755666,0.2482060312568787,0.353449262601805,0.2744287915474356,-0.15950253136693815,0.06909311027955095,-0.046764252696456086,0.02788465771516619,-0.008769535549196567,0.2918754127228704,-0.1728945630640546,-0.02885097952894563,-0.18104116222760291,-0.07846577151661897,-0.15293198327096633,-0.1271912832929782,-0.17104556460488665,-0.05635703279771077,-0.3013493286374642,-0.3162887959498129,0.06919436495707681,0.05553598943429452,-0.029731454985692275,-0.11112920977327757,-0.16718908210433633,-0.17781421967862646,-0.33672463130090247,-0.4261941448382126,0.0014858023332599605,-0.18086726832489544,0.07283733215936605,0.08728153202729474,-0.08329517939687431,0.38739159145938806,-0.07609949372661237,0.12649570768214835,0.09239269205370901,0.18671582654633503,-0.0007528065155183799,0.048965441338322695,0.4983733215936606,0.18958397534668722,0.11113141096191943,0.26513757429011664,-0.2800022011886419,-0.1239819502531367,0.028789346246973366,0.07847237508254458,0.1895311468192824,0.16741800572309046,0.2639027074620295,0.04353951133612151,0.29840413823464673,0.13999779881135813,0.46501871010345586,0.17441338322694255,0.11068016729033678,-0.12341624477217697,-0.13484261501210654,0.09042262821923838,-0.16998239049086505,-0.06157825225621836,-0.15954875632841733,0.13527845036319613,0.08267884657715166,0.1769755668060753,0.3009949372661237,0.3817059211974466,0.3003169711644288,0.32837332159366056,0.2155183799251596,0.5589324235086947,0.32280871670702177,0.14578472375082543,0.25635042923178514,0.3988994056790667,0.25118864186660794,-0.03961479198767334,0.1095839753466872,-0.13850539291217256,-0.041917235307065814
#26,0.30117103235747306,0.25308166409861327,0.3780629539951574,0.43600704380365396,-0.07103235747303543,0.31146158925819944,1.0,0.34116442879154746,0.34741800572309045,0.6209134932863747,0.45928461369139334,0.26398415144177856,0.3716861104996698,0.3990314769975787,-0.25002201188641865,-0.2068214836011446,0.4789830508474576,0.25152542372881354,-0.19957517059211974,-0.2923156504512437,-0.30813119084305524,-0.21653532907770195,-0.06085626238168611,0.08130310367598503,-0.033770636143517496,0.24405899185560204,-0.11004402377283733,0.010724191063174114,-0.09944309927360775,0.08316310807836232,0.17641206251375743,0.45510455646048864,0.3947721769755668,0.3955183799251596,0.022747083425049528,0.26895663658375524,0.1318181818181818,0.28745542593000223,0.1002905569007264,0.2015562403697997,-0.30714946070878274,-0.13535108958837772,-0.27725511776359235,-0.3371208452564385,-0.12482060312568787,-0.3200902487343165,0.20508034338542813,0.009399075500770416,-0.1214902047105437,-0.34684789786484704,0.10892802113141097,-0.08331278890600924,0.17080123266563946,-0.030574510235527184,-0.08296940347787805,-0.025315870570107857,-0.2577305745102355,-0.39831609068897206,0.14796169931763153,-0.05355271846797271,0.027303543913713407,0.053204930662557784,0.13706141316310808,0.14301122606207353,-0.2478648470173894,-0.02824785384107418,-8.14439797490645e-05,0.17001540832049306,0.08137574290116663,-0.021300902487343166,0.20891041162227603,0.2745696676205151,-0.061138014527845036,0.21303103675985033,-0.17367598503191722,-0.14534668721109398,-0.014820603125687871,-0.025991635483160906,-0.09502751485802333,0.058835571208452564,-0.09967862645828747,-0.3227690953114682,-0.13224521241470394,-0.09831829187761391,0.18095531587057012,0.1269337442218798,0.16586176535329078,-0.1612920977327757,-0.22611930442438918,-0.09401276689412283,-0.07218357913273167,-0.021822584195465553,0.09183799251595862,0.058868589038080565,0.25167510455646047,0.2741778560422628,0.3237970504072199,0.24355712084525644,0.20987233105877173,0.24429231785163988,0.12079242791107198,0.3027580893682589,0.2094188861985472,0.3128527404798591,0.3728483381025754,0.41574290116663,0.25996478098173015,-0.026861104996698217,0.010994937266123706,-0.09366057671142416,-0.013145498569227382
#49,0.6942394893242351,0.340231124807396,0.23238168611049967,0.28145498569227384,0.17794629099713846,0.24520360994937265,0.34116442879154746,1.0,0.14384547655734095,0.4532379484921858,0.50231124807396,0.3675830948712305,0.4941844596081884,0.252854941668501,-0.2166850099053489,-0.33507153863086064,0.2703235747303544,0.36644728153202727,-0.2522518159806295,-0.18133612150561304,-0.22511116002641426,-0.2568721109399075,-0.16367378384327536,-0.08398195025313669,-0.24334360554699538,-0.270726392251816,-0.19894342945190402,-0.00224521241470394,0.19605326876513318,-0.04351749944970284,0.39164428791547434,0.2413779440898085,0.2362821923838873,0.20253356812678847,-0.07695795729694035,0.018316090688972046,-0.03587497248514197,0.024475016508914815,-0.15718247853841075,-0.04007704160246533,-0.30328637464230684,-0.2764274708342505,-0.1905811138014528,-0.19373321593660578,-0.22790006603565927,-0.19907109839313228,0.02543253356812679,0.1002377283733216,-0.22825005502971604,-0.2348117983711204,0.07298481179837112,-0.0963614351749945,-0.09299361655293858,-0.2070680167290337,-0.15661677305745103,-0.2070680167290337,-0.32726832489544355,-0.3991767554479419,-0.1722077922077922,-0.4306625577812018,0.15203830068236848,0.17915694475016508,0.009951573849878935,0.13105657054809597,-0.1302179176755448,0.09506493506493506,0.2050561303103676,-0.06350209112920978,0.22529165749504731,-0.010044023772837331,0.3488839973585736,0.20598062953995158,0.06904028175214616,0.20850099053488885,-0.24843495487563283,-0.18093990755007705,-0.06080343385428131,-0.10697116442879155,0.009148139995597623,-0.057226502311248074,0.31615892581994276,0.04580453444860225,-0.02608628659476117,0.10462469733656174,0.16410301562843935,0.3720427030596522,0.23078582434514638,-0.15112480739599385,-0.024092009685230023,0.004530046224961479,0.039665419326436274,0.033220338983050844,-0.08608408540611931,0.06842615012106537,-0.11459608188421748,0.22368699097512657,-0.05758529605987233,0.082722870349989,-0.12873651771956857,0.20698437156064275,-0.043138895003301786,0.1643253356812679,0.1201584855822144,-0.1435527184679727,0.11692714065595422,0.11389170151882017,0.14277349768875192,0.14103675985031916,-0.08413383226942549,-0.11292317851639885,-0.05961919436495708
#50,0.0817147259520141,0.15569227382786704,0.3225775918996258,0.28105216817081224,0.24576931543033237,0.36830948712304645,0.34741800572309045,0.14384547655734095,1.0,0.32190843055249835,0.1523332599603786,0.47521901826986573,0.36664758969843714,0.4848382126348228,0.030083645168390932,-0.3630596522121946,0.3653929121725732,0.26813779440898083,-0.26736737838432756,-0.41362976007043806,-0.07171692714065596,-0.45150561303103676,0.07533348007924279,-0.03554699537750385,0.0526172132951794,-0.031071978868589038,-0.23563724411182038,-0.11446841294298922,0.132656834690733,-0.0063856482500550295,0.0965595421527625,0.043979749064494825,0.3205084745762712,0.1701452784503632,-0.17149460708782743,-0.050292758089368256,0.25011005943209336,-0.031743341404358354,0.12641206251375742,-0.08962359674224081,-0.12713845476557342,0.008045344486022453,0.12519920757208894,-0.10231785163988553,0.10893902707462029,-0.12146379044684129,-0.16154083204930664,-0.2374554259300022,-0.044829407880255336,-0.2084833810257539,0.16724191063174115,0.0802575390710984,0.10925159586176535,-0.2505304864626898,-0.05949372661237068,-0.3822342064714946,-0.15964120625137573,-0.5656856702619415,0.016040061633281973,-0.0687343165309267,-0.009436495707682149,0.07669821703720009,0.015595421527624918,0.12897424609289015,-0.23546114902047105,-0.025753907109839314,0.16545454545454547,0.11072419106317412,0.08987673343605547,-0.07891041162227602,0.4070019810697777,0.3295267444419987,-0.12539731454985692,-0.051399955976227166,-0.34699977988113584,-0.18713845476557342,-0.24015408320493067,-0.09917675544794188,0.0673167510455646,-0.2574554259300022,-0.06082984811798371,-0.2569997798811358,-0.10367378384327537,0.31737178076161127,0.46431432973805853,0.2519062293638565,0.12707021791767553,-0.030275148580233325,-0.06284393572529166,0.36650891481399955,0.13882896764252697,0.2561633281972265,0.16284613691393351,-0.0760114461809377,0.12882236407660136,0.13701738939027075,-0.0007197886858903808,0.05370680167290337,0.13738718908210434,0.14948712304644507,0.06797270526084086,0.3374554259300022,0.13648470173893903,0.26157164869029276,0.12476117103235747,0.20016288795949813,0.03451904028175214,0.04796830288355712,0.06359674224081004,-0.1613449262601805,0.023169711644287914
#51,0.599456306405459,0.4255910191503412,0.6487827426810477,0.7703697996918336,-0.0161831388950033,0.3233281972265023,0.6209134932863747,0.4532379484921858,0.32190843055249835,1.0,0.49047545674664317,0.24599163548316091,0.4739489324235087,0.31116442879154743,-0.4127712965001101,-0.4705150781421968,0.6904732555580013,0.4384437596302003,-0.21950473255558,-0.44141976667400395,-0.27241030156284396,-0.4395135373101475,0.17008144397974906,0.028309487123046446,0.172557781201849,0.1607704160246533,0.06396874312128549,0.29265903587937486,0.007919876733436056,-0.050942108738718905,0.3377173673783843,0.4208518600044024,0.4347919876733436,0.3334514637904468,-0.02672903367818622,0.1837112040501871,0.14636583755227822,-0.020121065375302664,0.014437596302003081,-0.010810037420206912,-0.38139555359894345,-0.1458859784283513,-0.4819194364957077,-0.37956196346026855,-0.1113779440898085,-0.397442218798151,0.2665749504732556,0.14519480519480518,0.03777239709443099,-0.261782962799912,0.18111820383006824,0.11177415804534449,0.36189302223200526,0.07527624917455426,0.006993176315210213,0.004160246533127889,-0.37625357693154304,-0.6197798811358134,-1.981069777679947e-05,-0.23569887739379264,0.11558221439577372,0.23453224741360335,-0.09460928901606867,-0.025835351089588378,-0.08098613251155624,0.2115232225401717,-0.05235747303543914,0.027079022672243012,-0.01028615452344266,-0.03791767554479419,0.2078450363196126,0.3902509355051728,-0.2990138674884438,0.25876953554919657,-0.4705524983491085,-0.13554039181157826,-0.24245432533568126,-0.13243671582654634,0.08144618093770636,-0.19826106097292537,0.010554699537750385,-0.19863086066475896,-0.12045784723750826,-0.21086506713625358,0.07226062073519701,0.11390710983931322,0.2797644728153203,0.007043803653973145,-0.22387849438696897,-0.1913581333920317,-0.12479198767334361,-0.06248073959938367,-0.035247633722209994,0.15006383447061414,0.22128109178956637,0.4945586616773057,0.1767620515078142,0.36191503411842396,0.2713119084305525,0.5438432753686991,0.20273827867048205,0.3361963460268545,0.261782962799912,0.23558001320713184,0.37403918115782525,0.417805414924059,0.33620735197006385,0.0010983931322914374,0.13851419766674003,-0.18818842174774378,-0.25620074840413826
#52,0.4113251155624037,0.3700506273387629,0.41029275808936827,0.33930442438917013,-0.03163548316090689,0.26437376183138894,0.45928461369139334,0.50231124807396,0.1523332599603786,0.49047545674664317,1.0,0.16745762711864406,0.31952014087607306,0.13923838872991415,-0.3261809377063614,-0.17918556020250936,0.3764142637023993,0.2387937486242571,-0.1687607307946291,0.03786484701738939,-0.36123706801672906,-0.14307506053268765,0.00401056570548096,0.1422540171692714,-0.09184899845916795,0.06187761391151222,-0.06810257539071099,0.22398635263042044,-0.16250935505172792,-0.2150693374422188,0.13593440457847236,0.2784041382346467,0.31259960378604446,0.1713779440898085,-0.3396852300242131,-0.16525203609949374,-0.20743341404358354,-0.05060312568787145,-0.32435395113361215,0.07953334800792428,-0.3877503852080123,-0.29448382126348227,-0.25929121725731896,-0.2256548536209553,-0.30130090248734315,-0.11289016068677085,0.12883116883116882,0.1727162667840634,-0.05884877834030376,-0.2385362095531587,-0.08581554039181158,0.18305304864626898,-0.09950473255558001,0.04416464891041162,-0.4671626678406339,-0.09720228923618754,-0.4256306405458948,-0.3802883557120845,-0.09772617213295179,-0.1158925819942769,0.027812018489984592,0.06939027074620295,0.06283953334800793,0.25598943429451904,0.09658155403918116,0.06602685450143077,-0.0047545674664318735,0.16624697336561745,-0.005419326436275589,0.017827426810477658,0.23624697336561742,0.3638432753686991,-0.038762931983270965,0.20099933964340744,-0.1298084965881576,-0.08939467312348669,-0.04936385648250055,-0.1122143957737178,0.09333480079242791,0.11578692493946731,0.1697094430992736,-0.287937486242571,0.0087607307946291,-0.08187321153422848,0.04931102795509575,0.18201408760730795,0.09793968743121285,-0.04888399735857363,-0.21728813559322033,-0.05550297160466652,-0.17574950473255557,-0.14005723090468852,-0.10145278450363196,0.02357693154303324,0.12743341404358355,0.2710917895663658,0.07174994497028395,0.28572529165749505,0.2336253576931543,0.3186176535329078,0.36531807175874975,0.20101034558661676,0.024816200748404137,0.2720691173233546,0.419867928681488,0.35826106097292537,0.48934404578472374,-0.10795069337442219,0.0014813999559762272,-0.23526084085406118,-0.18356152322254018
#53,0.3542108738718908,0.2220052828527405,0.16774378164208673,0.23464450803433853,0.6467906669601585,0.4659322033898305,0.26398415144177856,0.3675830948712305,0.47521901826986573,0.24599163548316091,0.16745762711864406,1.0,0.648978648470174,0.38355712084525645,-0.209141536429672,-0.35685890380805635,0.18567246313009025,0.12820823244552057,-0.4409531146819282,-0.403119084305525,-0.29977767994717147,-0.37395113361215054,0.08330178296279991,-0.0010213515298261062,-0.006709222980409421,-0.21745322474136033,-0.2672198987453225,-0.28839313229143737,-0.047270526084085406,-0.028173013427250714,0.03706361435174994,0.15329738058551617,0.24523002421307505,0.18695795729694034,-0.2754897644728153,-0.01558661677305745,0.0075368699097512655,-0.05276029055690073,-0.15457847237508254,-0.0574025974025974,-0.23082104336341625,-0.1403037640325776,-0.03351089588377724,-0.069966982170372,0.009832709663218139,-0.10276029055690072,-0.027801012546775257,-0.16531146819282413,-0.2711005943209333,-0.25458507594100815,0.14440237728373323,-0.04928681488003522,-0.12420427030596522,-0.2811027955095752,-0.12268985252036099,-0.487970504072199,-0.1580827646929342,-0.44171032357473033,0.07819942769095312,-0.14516398855381907,0.188135593220339,0.20820383006823684,-0.009832709663218139,0.25045344486022453,-0.319603786044464,-0.12209333039841515,0.09141976667400396,0.23226062073519702,-0.1781554039181158,-0.24797050407219898,0.17238828967642528,0.0462227602905569,0.1535527184679727,0.13533348007924278,-0.31721989874532247,-0.1408430552498349,-0.03002421307506053,0.04776359233986353,0.024547655734096414,-0.07280651551837992,0.308003521901827,-0.022687651331719128,0.04978428351309707,0.40898084965881576,0.7345850759410082,0.5125269645608629,0.3134206471494607,0.05033458067356372,-0.05692934184459608,0.3828813559322034,0.14762931983270966,0.22399075500770416,0.1698811358133392,0.16208892802113142,0.10945630640545895,0.00776139115122166,-0.056059872331058774,0.06297380585516178,0.06293638564825005,0.17853841074180057,0.017362976007043805,0.25008804754567465,0.22333259960378604,0.12217697556680608,0.11241910631741141,0.06547435615232225,0.064950473255558,0.22051287695355493,0.05902707462029496,0.024508034338542813,0.1228945630640546
#54,0.3743319392471935,0.2724323134492626,0.3261281091789566,0.3325049526744442,0.39407660136473693,0.5328461369139336,0.3716861104996698,0.4941844596081884,0.36664758969843714,0.4739489324235087,0.31952014087607306,0.648978648470174,1.0,0.21032577591899626,-0.2150561303103676,-0.37725291657495047,0.33769535549196567,0.34773497688751925,-0.3081950253136694,-0.3797204490424829,-0.3401915034118424,-0.24930662557781202,0.042835130970724195,0.138003521901827,-0.09824345146379045,-0.0911071978868589,-0.18829627999119525,-0.10623376623376624,0.0673695795729694,0.022458727712965,0.2809971384547656,0.2638630860664759,0.2554523442659036,0.12583975346687212,-0.23079903147699757,0.05225401716927141,-0.0587409200968523,-0.12402157164869029,-0.08585296059872331,0.0326832489544354,-0.12745102355271848,-0.3072969403477878,-0.10142637023992956,-0.14549856922738277,-0.002841734536649791,-0.09391811578252256,0.0025115562403698,-0.055395113361215054,-0.2543187321153423,-0.2834382566585956,0.01602905569007264,0.010596522121945852,-0.0013163108078362315,-0.17352410301562843,-0.19450583314990094,-0.3212084525643848,-0.31202729473915913,-0.5064736957957297,0.06608188421747743,-0.2011996478098173,0.053836671802773496,0.01794849218578032,-0.06741140215716487,0.2901496808276469,-0.12781862205591019,0.117541272287035,0.08903808056350429,0.19954215276249174,-0.022014087607307945,-0.021580453444860224,0.42392031697116445,0.23026194144838213,0.05832709663218138,0.1868434954875633,-0.37564164648910414,-0.22604226282192383,-0.06386748844375963,0.015958617653532906,0.17079903147699757,0.10821703720008805,0.37512656834690733,0.06542813119084305,0.33802773497688754,0.10515958617653533,0.5772573189522342,0.30294519040281753,0.12072198987453225,-0.09241030156284394,-0.114851419766674,0.21377944089808495,-0.0900594320933304,0.14942769095311467,0.08525863966541933,0.1282258419546555,0.12863086066475898,0.05215496368038741,0.01191503411842395,0.21862425709883337,0.10928461369139335,0.33356812678846576,0.13013207131851198,0.33862425709883337,0.1236913933524103,0.07149680827646929,0.17158485582214394,0.2790402817521462,0.2776315210213515,0.032626018049746866,0.044340744001760954,-0.04730794629099714,0.054785384107418005
#58,0.29810477657935286,0.06049966982170372,0.2968897204490425,0.3845828747523663,0.1677327756988774,0.19917895663658375,0.3990314769975787,0.252854941668501,0.4848382126348228,0.31116442879154743,0.13923838872991415,0.38355712084525645,0.21032577591899626,1.0,-0.07004182258419546,-0.4257274928461369,0.2828087167070218,0.2550011005943209,-0.3051023552718468,-0.42279771076381245,-0.06928901606867709,-0.43577812018489986,0.15424829407880256,-0.014378164208672684,0.11292537970504073,-0.0923068456966762,-0.2648117983711204,-0.1759189962579793,-0.04392912172573189,0.02301122606207352,-0.031450583314990094,0.3792471934844816,0.16566365837552277,0.3331675104556461,-0.010935505172793309,0.015260840854061193,0.2599911952454325,0.12169271406559543,0.18491305304864628,0.049632401496808275,-0.38302223200528285,-0.07970063834470614,-0.07848778340303764,-0.20654413383226944,0.05170812238608849,-0.2393022232005283,-0.18499229583975346,-0.2351551837992516,-0.1253929121725732,-0.2778516398855382,0.3339357252916575,-0.031177635923398634,0.14302223200528286,-0.27544133832269424,0.04266784063394233,-0.16741140215716488,-0.03902047105436936,-0.33026414263702397,0.006011446180937706,-0.0009575170592119745,0.048333700198106976,0.07525643847677746,0.17712304644508034,0.2567114241690513,-0.3440677966101695,-0.12332599603786044,0.3390160686770856,0.21151221659696237,0.06277790006603566,-0.04865947611710324,0.2676029055690073,0.23559322033898306,0.014831609068897205,0.3662689852520361,-0.23771076381245873,-0.04173233546114902,-0.04698657274928461,-0.05196125907990315,0.020515078142196785,-0.1840083645168391,-0.1012458727712965,-0.1577591899625798,-0.32711644287915476,0.27968082764692936,0.39509795289456306,0.23979749064494826,0.25116442879154743,-0.08845476557340964,-0.19205370900286153,0.261104996698217,0.08503411842394894,0.3219722650231125,0.08204490424829408,-0.027402597402597404,0.11327756988773938,0.2064472815320273,0.18432313449262602,-0.034552058111380145,-0.0012304644508034338,-0.002537970504072199,-0.1626436275588818,0.2502025093550517,0.23115562403697998,0.22985031917235307,0.11824345146379045,-0.015289456306405458,-0.09784943869689633,0.0778318291877614,-0.11373981950253137,-0.04423068456966762,-0.005428131190843055
#101,-0.562344265903588,-0.20399515738498789,-0.33651551837992516,-0.3139093110279551,-0.22950913493286373,-0.1637178076161127,-0.25002201188641865,-0.2166850099053489,0.030083645168390932,-0.4127712965001101,-0.3261809377063614,-0.209141536429672,-0.2150561303103676,-0.07004182258419546,1.0,0.38727933083865285,-0.32909971384547654,-0.12988773937926482,0.39872331058771737,0.27959498128989657,0.5755029716046666,0.25272287034998897,-0.03097292537970504,-0.024393572529165748,-0.005828747523662778,-0.026751045564604888,-0.10500770416024653,-0.374208672683249,0.1868412942989214,0.004400176095091349,-0.24649570768214837,-0.15326656394453006,-0.31030596522121945,-0.22549416685009904,0.08115782522562183,-0.13416464891041163,0.13956196346026856,0.1512524763372221,0.1933678186220559,0.006216156724631301,0.3870063834470614,-0.08101254677525864,0.30496808276469295,0.23110279550957516,0.11962799911952454,0.33265903587937484,-0.40926040061633284,-0.3869073299581774,0.1002377283733216,0.1653532907770196,-0.23418445960818843,-0.1761501210653753,-0.3046665199207572,-0.20246092890160686,0.053772837332159366,0.020926700418225842,0.09828087167070218,0.21577591899625798,-0.32422187981510014,0.02158925819942769,-0.31544353951133614,-0.2782588597842835,0.10825885978428351,0.05085626238168611,0.0984173453664979,-0.08929782082324456,0.19109839313229143,-0.10634162447721769,0.4315408320493066,0.14126348228043142,0.17093770636143518,-0.1438234646709223,0.16846136913933524,-0.2136847897864847,0.3436847897864847,-0.023455866167730575,-0.0375016508914814,-0.20443319392471934,0.19674884437596302,0.1615826546335021,-0.10940567906669602,0.037395993836671804,0.009801893022232005,0.11425709883337001,-0.10543913713405238,-0.2659630200308166,-0.4960466651992076,-0.0024455205811138012,-0.11659476117103236,-0.11612810917895663,-0.10678626458287475,-0.0651089588377724,-0.14743121285494168,-0.4548734316530927,-0.44807395993836674,-0.23943209333039842,-0.09159145938806956,-0.3622826326216157,-0.2820405018710103,-0.49084965881576054,-0.2596500110059432,-0.18647589698437156,-0.09077922077922078,-0.1952278230244332,-0.26552938586836894,-0.26742020691173235,-0.21841074180057232,-0.15032797710763812,-0.11190182698657275,-0.07319832709663218,-0.06758969843715606
#102,-0.46627338762931986,-0.3156262381686111,-0.3741668500990535,-0.5092361875412723,-0.22285714285714286,-0.2698547215496368,-0.2068214836011446,-0.33507153863086064,-0.3630596522121946,-0.4705150781421968,-0.17918556020250936,-0.35685890380805635,-0.37725291657495047,-0.4257274928461369,0.38727933083865285,1.0,-0.43471714725952015,-0.2771714725952014,0.18176975566806075,0.6454699537750386,-0.04935285053929122,0.5890292758089368,-0.20836011446180938,0.03771516618974246,-0.1552938586836892,0.1904358353510896,0.030878274268104775,-0.07421967862645829,-0.1471714725952014,-0.12275148580233326,-0.26233546114902045,-0.254884437596302,-0.16517939687431213,-0.21686770856262383,-0.16646268985252036,-0.03240810037420207,-0.12672463130090247,0.2599735857362976,-0.10425489764472816,0.22421087387189081,0.260462249614792,0.09630420427030596,0.21761831388950034,0.25429231785163986,-0.05332819722650231,0.2181994276909531,0.021111600264142636,0.022782302443319392,0.08161787365177196,0.21907990314769976,-0.2617411402157165,0.08779440898084966,-0.21564384767774597,0.19558441558441558,-0.12733215936605768,0.16886418666079683,0.041296500110059434,0.4930750605326876,-0.174851419766674,0.2120559101915034,-0.3108826766453885,-0.3618996257979309,0.1671406559542153,0.006896324014968083,0.14652652432313448,-0.12944750165089147,-0.07156504512436716,-0.12647149460708781,-0.012738278670482061,0.11188861985472155,-0.3019832709663218,-0.3886946951353731,0.23471494607087828,-0.184653312788906,0.6698547215496368,0.045148580233326,0.3123662777900066,0.05120184899845917,0.0810015408320493,0.2880783623156504,-0.1948250055029716,-0.10287915474356152,0.10152762491745543,-0.016720228923618755,-0.2891701518820163,-0.32590358793748625,-0.5058617653532907,-0.0016905128769535548,0.11647149460708783,-0.3324521241470394,-0.08881796169931763,-0.37036539731454987,-0.28548095971824783,-0.29552278230244333,-0.38615452344265905,-0.4027030596522122,-0.07203389830508475,-0.14049966982170373,0.03493506493506494,-0.2586550737398195,0.07291877613911513,-0.25519700638344706,-0.11684349548756329,-0.004391371340523883,-0.1489918556020251,-0.14578692493946732,-0.10093990755007703,-0.22477437816420867,0.06469073299581775,-0.007340964120625138,-0.11964560862865947
#201,0.39797930882676646,0.4196918335901387,0.6406801672903368,0.6230596522121946,0.07366057671142417,0.3983799251595862,0.4789830508474576,0.2703235747303544,0.3653929121725732,0.6904732555580013,0.3764142637023993,0.18567246313009025,0.33769535549196567,0.2828087167070218,-0.32909971384547654,-0.43471714725952015,1.0,0.6147061413163109,-0.20668060752806516,-0.3994805194805195,-0.23934844816200748,-0.41802553378824564,0.30289676425269646,-0.008115782522562183,0.38817741580453446,0.16396434074400176,-0.023513097072419106,0.18124367158265464,0.13476777459828307,0.07443759630200308,0.3453202729473916,0.4863680387409201,0.4560246533127889,0.4754633502091129,-0.08050407219898745,0.11925379705040721,0.27239709443099275,0.1090248734316531,0.14863746423068458,0.16028835571208452,-0.257376183138895,-0.0660510675764913,-0.3156504512436716,-0.3363746423068457,-0.14717807616112702,-0.24882456526524324,0.1410279550957517,0.12708122386088488,-0.19165749504732554,-0.4200924499229584,0.08574069997798811,-0.01578032137354171,0.28550737398195025,0.03718027734976888,0.045679066696015846,0.04779000660356592,-0.4485824345146379,-0.6076843495487563,-0.15889720449042483,-0.3281399955976227,0.13753246753246753,0.24602685450143078,-0.2350231124807396,-0.06348228043143297,-0.15191283292978208,0.07450143077261721,0.07779220779220779,-0.03572309046885318,0.15971384547655734,-0.029661016949152543,0.38072198987453226,0.505593220338983,-0.22459388069557562,0.16972705260840854,-0.49713625357693153,-0.1540876073079463,-0.11035219018269865,0.024375963020030818,0.1428021131410962,-0.1964340744001761,-0.1561897424609289,-0.1915100154083205,-0.1648580233325996,0.0004666519920757209,0.11445520581113801,0.1783645168390931,0.2794144838212635,-0.09561743341404358,-0.2134932863746423,0.003570327977107638,-0.16345146379044684,0.0389324235086947,-0.016401056570548096,0.07705921197446622,0.14105877173673784,0.6602091129209773,0.3910345586616773,0.45468192824125025,0.3074158045344486,0.5365045124367158,0.3450693374422188,0.5430596522121945,0.3615540391811578,0.379702839533348,0.43416905128769534,0.5741778560422628,0.3971626678406339,0.11472815320272947,0.1342328857583095,-0.2463086066475897,-0.234224081003742
