,#10,#11,#12,#13,#17,#18,#26,#49,#50,#51,#52,#53,#54,#58,#101,#102,#201,#202,#301,#302,#401,#402,#501,#502,#601,#602,#701,#702,#801,#802,#901,#902,#1001,#1002,#1101,#1102,#1201,#1202,#1301,#1302,#1401,#1402,#1501,#1502,#1601,#1602,#1701,#1702,#1801,#1802,#1901,#1902,#2001,#2002,#2101,#2102,#2201,#2202,#2301,#2302,#2401,#2402,#2501,#2502,#2601,#2602,#2701,#2702,#2801,#2802,#2901,#2902,#3001,#3002,#3101,#3102,#3201,#3202,#3301,#3302,#3401,#3402,#3455,#3501,#3502,#3601,#3602,#3701,#3702,#3801,#3802,#3901,#3902,#4001,#4002,#4101,#4102,#4201,#4202,#4301,#4302,#4401,#4402,#4501,#4502,#4601,#4602,#4701,#4702,#4801,#4802
#10,1.0,0.4052058111380145,0.3696918335901387,0.35601584855822144,0.14670261941448381,0.1861831388950033,0.27234426590358796,0.5946092890160687,0.3604204270305965,0.41546555139775476,0.3800374202069117,0.07085846357032798,-0.013281972265023112,-0.06536429672022892,-0.17899625797930882,-0.09909531146819282,0.21054589478318292,0.2643957737178076,-0.07477878054149241,0.16090909090909092,0.051866607968302884,0.20170372000880477,-0.17412502751485803,0.34004842615012104,0.14593880695575612,-0.1248316090688972,-0.15422848338102577,-0.04687871450583315,-0.05647809817301343,-0.25862865947611713,0.14238168611049967,-0.12298261060972926,0.043255558001320714,-0.2665265243231345,-0.12285714285714286,-0.15125467752586397,-0.1303037640325776,-0.024235086946951354,0.1215034118423949,-0.09605326876513318,-0.25103675985031915,-0.3002685450143077,0.04265903587937486,0.08400396213955535,0.029084305524983492,0.19705480959718247,0.023138895003301782,0.04448382126348228,-0.28658815760510675,-0.25668060752806515,-0.3058397534668721,-0.14924058991855602,-0.12443539511336121,0.092293638564825,-0.20427250715386308,0.20875192604006163,-0.40056790666960157,-0.047017389390270746,-0.2119832709663218,-0.2785362095531587,0.10500770416024653,0.07320493066255779,-0.2830134272507154,-0.2331058771736738,0.09280431432973806,0.4518269865727493,-0.1211138014527845,-0.07193704600484262,0.07160026414263702,0.053682588597842834,0.3414329738058552,0.35217917675544796,0.1966189742460929,0.17824785384107417,0.010620735197006383,0.06049966982170372,0.24285274047985914,0.005773717807616113,0.1385626238168611,-0.047030596522121944,0.19298261060972927,-0.21457627118644068,-0.0011600264142637023,0.08943429451904028,-0.06528285274047986,0.19232225401716926,-0.02336121505613031,0.02745102355271847,-0.25675985031917237,-0.1404490424829408,-0.21424169051287695,-0.03661897424609289,-0.09302223200528285,-0.038613251155624036,-0.2789456306405459,0.18203169711644288,0.0007462029495927801,0.14558001320713185,0.2855491965661457,-0.06216817081223861,0.1665265243231345,0.13220338983050847,-0.0017147259520140876,0.17923838872991416,0.21034118423948933,0.2574268104776579,0.19641206251375742,0.1188795949812899,-0.06132071318511997,0.14614791987673342,-0.10363636363636364
#11,0.4052058111380145,1.0,0.06006823684789787,0.1747457627118644,0.037653532907770196,-0.01629980189302223,0.4477261721329518,0.40629319832709665,0.5936913933524103,0.37515298261060975,0.4593286374642307,-0.07650671362535769,-0.05578912612810918,0.17393792648029935,0.07807395993836672,0.10360774818401937,-0.09092670041822584,-0.03987673343605547,0.2984261501210654,0.34461149020471055,-0.02012987012987013,0.3498899405679067,0.06988333700198107,0.41969403477878053,0.2462095531587057,0.16629760070438038,-0.1800594320933304,-0.1618864186660797,0.14645608628659476,0.021796169931763153,-0.06322033898305085,-0.13798371120405017,-0.2458529605987233,-0.019379264802993616,0.033132291437376185,0.10292317851639886,0.0684173453664979,0.1048316090688972,0.2876953554919657,0.08675544794188862,0.05156064274708343,0.10836671802773498,0.0031917235307065816,0.14819942769095312,0.019720449042482942,0.21086286594761172,-0.19684349548756327,-0.23198767334360554,-0.3110015408320493,-0.1753995157384988,-0.18432753686990974,-0.25347127448822365,-0.1449966982170372,-0.0588795949812899,0.057169271406559544,0.16876293198327097,-0.3392163768434955,0.11491965661457187,-0.08521461589258199,0.08511996478098173,-0.2545168390931103,-0.24906229363856483,0.07638564825005503,0.08320713185119964,-0.01935725291657495,0.2295311468192824,0.07245872771296501,0.19542813119084307,0.3106493506493507,0.2663746423068457,0.1634866828087167,0.18336121505613032,0.05393352410301563,-0.005505172793308387,-0.1037640325775919,-0.04524323134492626,-0.21169051287695356,-0.30944309927360775,0.1264340744001761,0.18290116662998018,-0.018705701078582434,0.009269205370900285,-0.1390050627338763,-0.07891481399955977,-0.16921857803213736,-0.21356812678846576,-0.3074400176095091,-0.08239049086506714,0.16350869469513538,-0.31301562843935726,-0.039084305524983494,-0.3077657935285054,0.0030398415144177854,-0.16416905128769535,-0.23425049526744443,0.0399603786044464,0.3852762491745543,-0.16000440237728372,-0.09493946731234867,-0.19168390931102797,-0.15479418886198548,-0.1759784283513097,-0.17645608628659476,-0.1817411402157165,-0.05357693154303324,-0.20142416905128768,-0.20877173673783844,-0.25578032137354173,-0.3226700418225842,0.037860444640105656,-0.029995597622716266
#12,0.3696918335901387,0.06006823684789787,1.0,0.6291107197886859,0.25329297820823243,0.5808606647589698,-0.1690644948272067,0.45481399955976226,0.10698657274928461,0.5543979749064495,0.41405238828967644,0.25190182698657276,0.4438366718027735,-0.017849438696896324,-0.3200440237728373,-0.5709949372661237,0.7992119744662117,0.8259013867488444,-0.3671318511996478,-0.4394276909531147,-0.02754567466431873,-0.10797930882676646,0.046649790887079025,0.05932643627558882,0.21620515078142197,-0.4330596522121946,-0.012716266784063394,-0.049476117103235746,0.10629319832709663,-0.10390490865067137,0.4282852740479859,0.211864406779661,0.673794849218578,-0.2263812458727713,-0.1659388069557561,-0.22948051948051948,-0.0036011446180937707,-0.2702487343165309,0.060420427030596524,-0.2237442218798151,-0.3874047985912393,-0.4347721769755668,-0.19231565045124366,-0.1720581113801453,-0.2980167290336782,-0.04846797270526084,0.21957957296940347,0.2432225401716927,-0.30127668941228264,-0.25397974906449483,-0.2149438696896324,0.002291437376183139,0.14618093770636142,0.36551837992515956,-0.19837332159366058,0.21826326216156725,-0.49359013867488444,-0.598729914153643,-0.2016618974246093,-0.5590138674884437,0.29072639225181596,0.2564604886638785,-0.6497424609289016,-0.5448073959938367,0.3135219018269866,0.14196786264582875,-0.2007572088928021,-0.4291987673343606,0.16898965441338323,-0.18957957296940348,0.6414263702399295,0.6961413163108079,0.34601584855822143,0.4280409421087387,-0.16453664979088709,0.13220338983050847,0.3142196786264583,0.15562623816861104,0.6216574950473256,-0.005285053929121725,0.10250935505172794,-0.19596302003081664,0.293317191283293,0.2666651992075721,-0.10779000660356593,0.38781862205591017,0.26514637904468413,-0.08689192163768435,-0.3326458287475237,-0.1764869029275809,-0.44377063614351747,0.1211204050187101,-0.27644948272066916,0.16115562403697997,0.03614571868809157,0.7115408320493066,-0.04284393572529166,0.7445850759410081,0.614538850979529,0.3714880035219018,0.67706361435175,0.6865749504732556,0.5808188421747744,0.7451441778560423,0.62115562403698,0.6571692714065596,0.5591239269205371,0.23535108958837772,0.23840193704600485,0.17510015408320492,0.08264802993616553
#13,0.35601584855822144,0.1747457627118644,0.6291107197886859,1.0,0.07044023772837332,0.4898899405679067,-0.041404358353510896,0.3055580013207132,0.10185560202509356,0.6851463790446841,0.31513537310147477,0.3067202289236188,0.37979308826766456,0.08002421307506054,-0.20070217917675545,-0.29602905569007265,0.5804666519920757,0.42163108078362316,-0.13288355712084526,-0.20059211974466212,-0.05172573189522342,-0.08770416024653313,0.22923398635263043,0.1938234646709223,0.23368038740920097,-0.015630640545894782,0.0760840854061193,0.07733436055469954,0.012707462029495927,0.005500770416024653,0.21253576931543033,0.10242791107197886,0.4041646489104116,-0.03459608188421748,-0.030490865067136254,-0.0576601364736958,0.06676205150781422,-0.08257539071098394,0.2732093330398415,-0.10514637904468413,-0.12131631080783623,-0.16255998239049085,0.035161787365177194,-0.23473915914593882,0.06747743781642086,-0.004794188861985472,0.24024433193924719,0.1967378384327537,-0.25023992956196345,-0.2612987012987013,-0.056513317191283295,0.021437376183138894,0.0399735857362976,0.07343605546995377,-0.1510081443979749,-0.015868368919216377,-0.3400770416024653,-0.3453488883997359,-0.026330618534008365,-0.10009685230024214,0.06773937926480299,-0.028483381025753908,-0.2602047105436936,-0.2778164208672683,0.3035879374862426,0.1445894783182919,-0.1849240589918556,-0.18992295839753467,0.18032137354171252,-0.0026524323134492628,0.30708782742681046,0.3972397094430993,0.13286594761171033,0.274983491085186,-0.07450803433854282,-0.022799911952454326,-0.00021571648690292758,-0.11461149020471055,0.4007968302883557,-0.014719348448162008,0.008798151001540832,0.06322694254897644,0.4172727272727273,0.22766894122826326,0.014979088707902268,0.12770856262381686,0.016658595641646488,-0.008743121285494166,-0.10069557561082985,0.07973145498569227,-0.14864406779661016,0.14641206251375743,0.027660136473695796,-0.026394453004622495,-0.06461809377063614,0.31732115342284833,0.0909751265683469,0.3238586836891922,0.32591019150341183,0.2873673783843275,0.3290821043363416,0.45162447721769755,0.3137728373321594,0.4366651992075721,0.3637970504072199,0.35556900726392254,0.22992515958617654,-0.06940788025533788,0.02792207792207792,0.04191943649570768,-0.012443319392471935
#17,0.14670261941448381,0.037653532907770196,0.25329297820823243,0.07044023772837332,1.0,0.44033898305084745,-0.13183138895003302,0.14389170151882016,0.11562843935725292,0.10384767774598283,-0.013425049526744443,0.33577591899625797,0.2842350869469514,-0.0078032137354171255,-0.2534360554699538,-0.2928813559322034,0.34828307285934407,0.2459784283513097,-0.20753686990975126,-0.15660576711424168,-0.12029055690072639,0.01923398635263042,-0.10921857803213736,0.03594981289896544,-0.09652432313449262,-0.03917235307065815,-0.24020911292097732,-0.04503852080123267,0.028696896324014967,-0.024439797490644947,0.34134712744882234,-0.024479418886198548,0.32779000660356594,0.0762755888179617,-0.04475896984371561,0.05596962359674224,-0.07729473915914593,0.04043803653973146,-0.015725291657495047,0.13117543473475676,-0.014193264362755888,-0.1456702619414484,0.22983711204050186,-0.09569887739379265,-0.042956196346026855,0.10694695135373102,-0.07206691613471275,0.01826766453885098,-0.13656834690732997,-0.0727162667840634,-0.04358133392031697,-0.08122826326216157,-0.06692493946731234,0.05597622716266784,-0.20077261721329517,0.20352630420427031,-0.20189082104336342,-0.09333920316971164,0.020074840413823465,0.023075060532687652,0.08698217037200089,0.13097952894563064,-0.11848778340303764,-0.0311930442438917,-0.1938366718027735,0.09550297160466652,0.19405899185560202,-0.1653995157384988,0.0049262601804974685,0.03536649790887079,0.07612810917895664,0.12285934404578472,0.10631741140215717,0.19786924939467312,-0.08317631521021351,0.13219898745322475,0.08248734316530927,0.15538190622936385,0.2528439357252917,0.004105216817081224,0.31370900286154524,0.12601364736957957,0.05828747523662778,0.08165309267004182,0.12276689412282632,0.05144618093770636,0.031060972925379706,0.3117807616112701,-0.10121065375302664,0.2489588377723971,-0.05087387189082104,-0.017668941228263263,0.0363548316090689,-0.02287475236627779,0.047856042262821925,0.11946290997138455,0.009557561082984813,0.26627338762931985,0.13062293638564826,0.06337222099933965,0.16989214175654854,0.33607968302883556,0.18110279550957517,0.44583755227823024,0.2189258199427691,0.27791987673343604,0.19917235307065814,0.17648470173893901,0.13605326876513318,0.014034778780541492,0.008857583094871231
#18,0.1861831388950033,-0.01629980189302223,0.5808606647589698,0.4898899405679067,0.44033898305084745,1.0,-0.15600044023772838,0.19911952454325335,0.07611490204710544,0.3853510895883777,0.14310147479639004,0.5338168611049967,0.6856812678846577,0.10587497248514198,-0.32047765793528504,-0.4862095531587057,0.5064208672683249,0.4336825885978428,-0.40105216817081224,-0.4105480959718248,-0.1314373761831389,-0.29014747963900506,-0.11280211314109619,-0.06548316090688971,-0.1870548095971825,-0.15105877173673785,0.0016574950473255557,-0.01114902047105437,0.09818181818181818,0.09147259520140875,0.26300902487343164,0.23296279991195246,0.48812018489984593,-0.023618754127228702,0.13324675324675325,-0.03488003521901827,0.01436055469953775,-0.11265023112480739,-0.014842615012106538,-0.018232445520581113,-0.07596962359674224,-0.22537090028615453,0.1520493066255778,-0.2508958837772397,-0.011507814219678626,-0.014776579352850538,0.1444419986792868,0.08585736297600705,-0.03542593000220119,-0.1041536429672023,-0.012771296500110059,0.061866607968302886,0.18066696015848557,0.20167510455646048,-0.14455866167730574,0.0031983270966321814,-0.2157627118644068,-0.3200044023772837,0.03726612370680167,-0.28177635923398636,0.1633039841514418,0.17851199647809818,-0.17572309046885318,-0.20290997138454767,0.009473915914593881,-0.020125467752586397,0.06082324455205811,-0.18574290116662998,0.04406339423288576,-0.06303103675985032,0.3639489324235087,0.3363328197226502,0.302788906009245,0.5727624917455426,0.08896103896103896,0.2174356152322254,0.08771076381245872,0.13465111160026413,0.5317037200088047,0.0634074400176095,0.27087167070217916,0.20686550737398196,0.44171032357473033,0.29172573189522344,0.34838432753686993,0.1681333920316971,0.13617873651771956,0.15387849438696896,-0.1476601364736958,0.3688817961699318,-0.19243451463790448,0.3117961699317632,0.07435835351089588,-0.03828747523662778,-0.09777459828307286,0.27998459167950696,-0.13168390931102794,0.45273827867048205,0.28519920757208894,0.3210301562843936,0.42413383226942547,0.5161743341404358,0.4572529165749505,0.5368677085626238,0.3654633502091129,0.4786198547215496,0.2838322694254898,0.15618093770636143,0.303794849218578,-0.03531146819282412,-0.10283953334800792
#26,0.27234426590358796,0.4477261721329518,-0.1690644948272067,-0.041404358353510896,-0.13183138895003302,-0.15600044023772838,1.0,0.05865067136253577,0.3995993836671803,0.24234866828087168,0.2951948051948052,-0.3308562623816861,-0.31374202069117324,0.5427867048206031,0.2449372661237068,0.3547897864847017,-0.3456042262821924,-0.3494541052168171,0.14351529826106096,0.32515958617653534,0.18044904248294077,0.2732577591899626,-0.14350869469513539,0.32836231565045126,0.1212194585075941,0.12269205370900287,-0.034177856042262825,-0.10165089148139995,-0.21896103896103897,-0.061994276909531146,-0.3283381025753907,-0.3318401937046005,-0.47259740259740257,-0.12423728813559322,-0.008032137354171253,-0.1185692273827867,-0.06359894342945191,-0.09360774818401937,0.049368258859784284,-0.19792868148800352,0.23997798811358134,0.15010345586616772,-0.12268104776579353,-0.01236847897864847,0.011578252256218358,0.23567026194144838,-0.30992295839753464,-0.1621219458507594,-0.05015628439357253,0.03599603786044464,-0.06298040942108739,-0.0839885538190623,-0.1425709883337002,-0.20360114461809378,0.07985912392692053,-0.13614571868809158,-0.07775038520801232,0.1607638124587277,0.1199603786044464,0.1849570768214836,-0.23613251155624038,-0.24957517059211975,0.39646929341844594,0.4459850319172353,-0.16459388069557562,0.025687871450583315,0.4202817521461589,0.6553026634382566,0.11791107197886859,0.2629011666299802,0.04102355271846797,-0.08677745982830729,-0.12292978208232445,-0.097706361435175,0.0690182698657275,0.13145498569227382,-0.2837992515958618,-0.31023992956196345,0.001488003521901827,0.08524983491085186,-0.15441558441558442,0.16872331058771736,-0.1991305304864627,-0.1971648690292758,0.0032247413603345805,-0.3282588597842835,-0.2977151661897425,-0.14962359674224082,0.32172353070658155,-0.2600528285274048,-0.03128109178956637,-0.2207109839313229,0.15144618093770637,-0.22548316090688972,-0.21228483381025753,-0.17883557120845256,0.14182918776139114,-0.2508232445520581,-0.1983579132731675,-0.25001760950913493,-0.22070878274268105,-0.40979088707902267,-0.427805414924059,-0.3443253356812679,-0.3004556460488664,-0.24664098613251156,-0.24859344045784723,-0.20940127668941227,0.0017499449702839532,-0.013957737178076161,0.019927360774818402
#49,0.5946092890160687,0.40629319832709665,0.45481399955976226,0.3055580013207132,0.14389170151882016,0.19911952454325335,0.05865067136253577,1.0,0.4927162667840634,0.41007484041382347,0.40810917895663656,0.3187409200968523,0.18380145278450363,-0.137541272287035,-0.003458067356372441,-0.20890821043363417,0.4304556460488664,0.30299581774158046,-0.02037640325775919,0.025954215276249176,0.17309707241910632,0.03588817961699318,0.0401386748844376,0.16691613471274488,0.0612722870349989,-0.3814791987673344,0.00015848558221439577,-0.228102575390711,0.07358793748624257,-0.22745762711864406,0.16708782742681047,-0.03227382786704821,0.14961479198767336,-0.12318511996478099,-0.16341624477217698,-0.07718247853841075,0.03498569227382787,-0.0775214615892582,0.019550957517059212,-0.1679110719788686,-0.25687871450583316,-0.2478252256218358,-0.008203830068236847,0.004530046224961479,0.022449922958397536,0.03150561303103676,-0.005298261060972926,0.0374025974025974,-0.17795289456306407,-0.1447457627118644,-0.2141140215716487,-0.05414483821263482,-0.052837332159366056,-0.019491525423728815,-0.05706141316310808,0.001140215716486903,-0.22978648470173893,-0.14766233766233766,-0.12530706581554038,-0.2890556900726392,-0.17513977547875853,-0.14370239929561965,-0.4095465551397755,-0.30735857362976005,0.12694695135373102,0.19178956636583755,-0.07887739379264803,-0.3440347787805415,0.36286374642306846,0.15223200528285274,0.471221659696236,0.5315628439357253,0.451732335461149,0.2763218137794409,7.263922518159807e-05,0.1072507153863086,0.09312568787145058,-0.05880255337882456,0.19896324014968084,-0.19990314769975787,0.182392692053709,-0.18720669161347128,-0.049678626458287474,0.10519700638344706,0.04950253136693815,-0.05462689852520361,-0.19148800352190182,-0.08162447721769756,-0.29809597182478537,-0.1960246533127889,-0.26425709883337,-0.1228483381025754,-0.05691833590138675,-0.16212414703940128,-0.2477657935285054,0.30322033898305084,-0.23100374202069118,0.2394254897644728,0.16747303543913714,0.023352410301562845,0.31545454545454543,0.32425489764472815,0.09812898965441338,0.21534888839973584,0.1548382126348228,0.25817301342725074,0.2552278230244332,-0.10707682148360115,0.04487343165309267,-0.11606867708562624,-0.23735417125247635
#50,0.3604204270305965,0.5936913933524103,0.10698657274928461,0.10185560202509356,0.11562843935725292,0.07611490204710544,0.3995993836671803,0.4927162667840634,1.0,0.29895443539511335,0.45232445520581116,0.15905569007263923,0.01341404358353511,0.11424609289016069,0.16115122165969623,-0.01896984371560643,0.13660356592559983,-0.10500110059432094,0.14702839533348008,0.1891899625797931,0.3180673563724411,0.022430112260620735,0.0733017829627999,0.16282192383887298,0.1492956196346027,-0.14679727052608407,-0.10822584195465551,-0.406187541272287,0.07962579793088267,-0.08938366718027735,-0.07026414263702399,-0.05025974025974026,-0.3084459608188422,-0.09276689412282632,0.06320713185119965,0.07045784723750825,0.23681928241250275,0.0523728813559322,0.19413163108078363,0.012885758309487122,0.0713185119964781,0.043876293198327095,0.10750605326876514,0.09171472595201409,0.036414263702399294,-0.044351749944970285,-0.2957671142416905,-0.3723090468853181,-0.08629980189302223,-0.2009222980409421,-0.18425049526744441,-0.19395113361215055,-0.24993616552938586,-0.319735857362976,0.19459167950693373,-0.1291899625797931,-0.005848558221439577,0.04076381245872771,0.06145718688091569,0.028434954875632842,-0.24055469953775038,-0.11210653753026634,-0.02146819282412503,-0.0887805414924059,-0.102491745542593,0.12823684789786485,0.10246973365617433,0.012685450143077261,0.3207836231565045,0.31751926040061634,0.21669821703720007,0.1960378604446401,0.27977327756988773,0.17469953775038521,0.2504402377283733,0.19594761171032357,0.013209333039841514,-0.030860664758969845,0.14417785604226283,-0.15391371340523882,0.12453885097952895,-0.029867928681488003,0.08107418005723091,0.005564604886638785,0.18076821483601144,-0.165313669381466,-0.18257539071098394,0.03406779661016949,-0.07185119964780982,-0.1366519920757209,-0.13943869689632402,-0.018401937046004842,-0.01341404358353511,-0.19131631080783623,-0.1299141536429672,0.024796390050627337,0.0021637684349548754,-0.15014307726172132,-0.1641470394012767,-0.10825225621835792,-0.13428351309707243,-0.11085846357032798,-0.13431212854941668,-0.10314769975786925,-0.12547655734096413,-0.24418225841954655,-0.24980409421087388,-0.13469073299581774,0.10354611490204711,-0.13133612150561302,-0.09092229804094211
#51,0.41546555139775476,0.37515298261060975,0.5543979749064495,0.6851463790446841,0.10384767774598283,0.3853510895883777,0.24234866828087168,0.41007484041382347,0.29895443539511335,1.0,0.5054303323794849,0.19054149240589918,0.29526524323134495,0.24045784723750827,-0.07608628659476117,-0.20887519260400617,0.5008276469293419,0.2376007043803654,-0.028881796169931764,-0.0888928021131411,0.07667620515078143,-0.02288135593220339,0.14880475456746642,0.32502751485802334,0.24151221659696237,-0.17395773717807617,0.18438917015188203,0.012170372000880475,0.06847897864847018,-0.012650231124807397,0.0018996257979308827,-0.06957517059211975,0.217574290116663,-0.09250935505172793,0.03616773057451023,-0.04143297380585516,0.07075941008144399,-0.15007043803653974,0.2659960378604446,-0.16591459388069557,0.034505833149900945,-0.061138014527845036,-0.10944750165089148,-0.10033678186220558,-0.05682808716707022,0.01512656834690733,0.1423068456966762,0.15998459167950693,-0.0915628439357253,-0.02889060092449923,0.06702179176755448,0.1587607307946291,0.20928461369139334,0.012806515518379925,0.08554919656614572,-0.05421747743781642,-0.3447259520140876,-0.36230464450803435,-0.04535989434294519,-0.0985230024213075,-0.04017169271406559,-0.1640479859123927,-0.2696302003081664,-0.16790226722430113,0.27619414483821264,0.20939687431212856,-0.024765573409641205,-0.03773057451023553,0.16489984591679507,0.05867268324895444,0.2926370239929562,0.3001606867708563,0.0064979088707902265,0.1760378604446401,-0.2412062513757429,-0.1486880915694475,-0.16177635923398634,-0.28521021351529824,0.31384547655734096,-0.15987673343605546,-0.13056350429231786,0.05991635483160907,0.162557781201849,0.07331719128329298,0.0589588377723971,-0.06628439357252916,-0.09539731454985692,-0.0739357252916575,0.060132071318512,-0.13472375082544574,-0.26356372441118203,-0.04743341404358353,-0.12202289236187541,-0.05844596081884217,-0.1501584855822144,0.29350869469513535,-0.03607748184019371,0.29132731675104556,0.19028835571208452,0.08294298921417566,0.2865331278890601,0.22898965441338323,0.10086506713625358,0.22005502971604665,0.26929782082324455,0.2710741800572309,0.1634668721109399,-0.1638102575390711,-0.09297380585516178,-0.006429672022892362,-0.0486682808716707
#52,0.3800374202069117,0.4593286374642307,0.41405238828967644,0.31513537310147477,-0.013425049526744443,0.14310147479639004,0.2951948051948052,0.40810917895663656,0.45232445520581116,0.5054303323794849,1.0,-0.0899537750385208,0.08675104556460489,0.23594981289896544,0.21684569667620515,0.10239049086506713,0.3185031917235307,0.24550297160466653,0.11202729473915915,0.09166189742460928,0.22900066035659256,0.11025533788245653,0.1470658155403918,0.41980189302223203,0.436880915694475,-0.23143297380585517,0.012993616552938587,-0.1283182918776139,0.0876007043803654,-0.1929077701959058,0.09830068236847898,-0.2188531807175875,-0.015278450363196127,-0.18762491745542592,-0.03429451904028175,-0.1363086066475897,0.07099273607748184,-0.1088069557561083,0.10484261501210654,-0.21493946731234867,-0.21001540832049306,-0.12215936605767114,-0.1545498569227383,-0.004677525863966542,-0.15596302003081663,0.08478978648470174,-0.07081884217477438,0.056290997138454764,-0.26718908210433634,-0.13545894783182919,-0.23766453885097952,-0.015923398635263042,-0.04813999559762271,0.04781862205591019,0.1756504512436716,0.15906669601584855,-0.2663350209112921,-0.15799471714725952,-0.13308826766453885,-0.21730794629099714,-0.2313251155624037,-0.15688751926040062,-0.3072925379705041,-0.17474136033458068,0.25942989214175655,0.38166629980189304,0.014492626018049747,-0.006786264582874752,0.2589962579793088,0.202491745542593,0.3663636363636364,0.37871010345586614,0.10189522342064715,0.13958617653532907,-0.1467312348668281,0.022170372000880477,-0.1372309046885318,-0.1767840633942329,0.2388531807175875,-0.09791767554479419,-0.0996830288355712,-0.08095971824785383,0.033310587717367376,0.002907770195905789,-0.08531146819282412,-0.16078582434514638,-0.22879815100154083,-0.2698965441338323,-0.12104996698217037,-0.3812524763372221,-0.40536869909751266,-0.12922958397534667,-0.18719348448162007,-0.19951353731014748,-0.2227756988773938,0.2941272287034999,0.060858463570327974,0.20068236847897866,0.12757649130530485,-0.1908364516839093,0.0524983491085186,0.07014968082764693,0.021193044243891703,0.05820162887959498,-0.048895003301782966,0.06516178736517719,-0.020970724191063175,-0.21679506933744222,-0.04905569007263923,-0.03916795069337442,-0.08847457627118645
#53,0.07085846357032798,-0.07650671362535769,0.25190182698657276,0.3067202289236188,0.33577591899625797,0.5338168611049967,-0.3308562623816861,0.3187409200968523,0.15905569007263923,0.19054149240589918,-0.0899537750385208,1.0,0.6029936165529386,-0.11824125027514858,-0.018575830948712305,-0.2822342064714946,0.38565705480959717,0.11054589478318291,-0.10408320493066256,-0.20916354831609069,0.1176799471714726,-0.337145058331499,0.02689632401496808,-0.21849658815760511,-0.15218798151001542,-0.19446621175434733,0.0723992956196346,-0.1599801893022232,0.05825445740699978,-0.014136033458067356,0.21745322474136033,0.17565265243231346,0.24867268324895445,0.1040017609509135,0.007096632181377944,0.10904028175214615,0.1601452784503632,0.14491745542593001,-0.03956636583755228,0.08366938146599164,-0.057151661897424606,-0.1568699097512657,0.4145674664318732,-0.1172837332159366,0.1289324235086947,-0.19114902047105437,0.007048206031256879,-0.08345146379044684,0.08455425930002201,-0.15956636583755227,0.10941228263262162,0.001611270085846357,-0.026099493726612372,-0.29971824785384105,-0.08038520801232665,-0.33980629539951573,0.029121725731895223,-0.16499889940567908,0.1648448162007484,-0.10049966982170372,0.034166850099053486,-0.044129429892141754,0.018192824125027516,-0.0782984811798371,-0.0789918556020251,-0.07309707241910632,0.04208672683248955,-0.2620096852300242,0.2761149020471054,0.1712128549416685,0.20337001981069777,0.1900132071318512,0.2712392692053709,0.32430112260620736,0.022247413603345808,0.012799911952454326,0.015311468192824125,-0.03952894563064054,0.26483381025753905,-0.1804160246533128,0.636931543033238,0.266682808716707,0.11894122826326216,0.5557781201848998,0.5150099053488884,0.07290116662998018,0.02949372661237068,0.436337222099934,-0.2924125027514858,0.6274928461369139,0.14978648470173894,0.2497226502311248,0.02483381025753907,-0.13992956196346026,0.042243011226062076,0.1809090909090909,-0.3213889500330178,0.14186220559101914,0.027708562623816862,0.384488223640766,0.2055183799251596,0.36384547655734095,0.19454545454545455,0.2943913713405239,0.254620294959278,0.22159806295399515,0.07678626458287476,0.04300682368478979,0.1474488223640766,-0.27649130530486465,-0.23704380365397315
#54,-0.013281972265023112,-0.05578912612810918,0.4438366718027735,0.37979308826766456,0.2842350869469514,0.6856812678846577,-0.31374202069117324,0.18380145278450363,0.01341404358353511,0.29526524323134495,0.08675104556460489,0.6029936165529386,1.0,-0.010832049306625577,-0.13087827426810478,-0.32129209773277567,0.5280717587497249,0.35343605546995377,-0.217475236627779,-0.3488928021131411,-0.017653532907770195,-0.21364296720228923,0.03245652652432313,-0.1413713405238829,-0.14691173233546115,-0.22398415144177855,0.19447061413163108,-0.013044243891701519,0.01781201848998459,-0.0524455205811138,0.3577767994717147,0.09450363196125908,0.38196125907990314,0.026464891041162227,-0.15180277349768875,-0.06656834690732996,-0.004514637904468413,-0.1485494166850099,-0.1388994056790667,-0.1441272287034999,-0.16681708122386088,-0.18957957296940348,0.15996918335901386,-0.3203367818622056,0.06202509355051728,-0.09151441778560422,0.20170592119744662,0.1001452784503632,0.11032577591899626,-0.0747721769755668,0.19079022672243012,0.11431653092670042,0.17347567686550738,0.03785163988553819,-0.11923618754127228,-0.08407219898745323,-0.1184569667620515,-0.32351089588377724,0.12939467312348668,-0.21832929782082325,0.059385868368919216,0.02600924499229584,-0.1312194585075941,-0.16730794629099713,0.09403257759189963,-0.05201408760730795,0.0636187541272287,-0.30156064274708344,0.15533127889060092,0.11665419326436276,0.36189302223200526,0.37959498128989655,0.27785384107418004,0.4664626898525204,-0.10303323794849219,-0.05198547215496368,-0.04733215936605767,-0.056709222980409424,0.4150319172353071,-0.06813999559762271,0.2573365617433414,0.07691833590138675,0.35178736517719567,0.21227823024433193,0.2238432753686991,0.06386748844375963,0.042559982390490865,0.08409641206251375,-0.24039841514417787,0.3689808496588158,-0.12878934624697336,0.17464010565705482,0.02428351309707242,-0.09581554039181157,-0.05130970724191063,0.342689852520361,-0.17705480959718248,0.43713625357693153,0.17426370239929562,0.45555359894342945,0.4287673343605547,0.4476887519260401,0.3795839753466872,0.42293638564825004,0.3020691173233546,0.3684591679506934,0.1596896324014968,0.022760290556900726,0.12373321593660577,-0.14149460708782743,-0.14321593660576712
#58,-0.06536429672022892,0.17393792648029935,-0.017849438696896324,0.08002421307506054,-0.0078032137354171255,0.10587497248514198,0.5427867048206031,-0.137541272287035,0.11424609289016069,0.24045784723750827,0.23594981289896544,-0.11824125027514858,-0.010832049306625577,1.0,0.1511534228483381,0.0926634382566586,-0.17216596962359673,-0.16157164869029275,-0.07692053709002862,0.0063262161567246315,0.05867268324895444,-0.01976447281532027,-0.1701386748844376,0.20581333920316972,-0.07559542152762491,0.18211754347347567,-0.09638124587277129,0.06049086506713625,-0.20655954215276248,0.11207351970063835,-0.2651243671582655,-0.12661677305745103,-0.07805414924058991,0.0035241030156284393,0.11890821043363416,0.011274488223640767,0.050107858243451465,-0.04891041162227603,0.02334140435835351,-0.010325775918996258,0.21242791107197886,0.21659035879374863,-0.002302443319392472,-0.041036759850319175,-0.03126788465771516,0.11026634382566586,-0.12146379044684129,0.04221879815100154,-0.0826700418225842,0.07032357473035439,0.0737772397094431,0.040572309046885316,-0.05306185340083645,-0.09948712304644508,-0.055049526744441996,-0.19793528505392913,-0.1346004842615012,-0.001538630860664759,-0.028963240149680828,0.0461171032357473,-0.12930442438917014,-0.11355712084525643,0.25900946511116,0.35449262601804976,-0.14015408320493067,-0.0650891481399956,0.5297534668721109,0.5067356372441119,0.13540391811578253,0.18704160246533127,0.14794188861985472,0.023656174334140436,-0.029808496588157606,0.011569447501650891,-0.0692031697116443,0.15209333039841513,-0.2221549636803874,-0.14829187761391152,0.15913933524103016,0.16393792648029937,-0.2559718247853841,0.3305591019150341,0.005648250055029716,-0.010935505172793309,0.2657362976007044,-0.2016817081223861,-0.14255998239049086,-0.2533083865287255,0.406139115122166,-0.05087387189082104,-0.05180057230904689,-0.014827206691613472,0.22959278010125467,-0.2867312348668281,-0.1903433854281312,-0.10333259960378605,0.12032797710763812,-0.019313229143737617,0.025672463130090247,-0.07063834470614132,-0.04379264802993617,-0.20358353510895882,-0.08486242570988334,-0.032535769315430334,-0.03732555580013207,0.013568126788465772,-0.11117543473475677,-0.08458727712965002,0.18924279110719788,-0.21196125907990315,0.010717587497248514
#101,-0.17899625797930882,0.07807395993836672,-0.3200440237728373,-0.20070217917675545,-0.2534360554699538,-0.32047765793528504,0.2449372661237068,-0.003458067356372441,0.16115122165969623,-0.07608628659476117,0.21684569667620515,-0.018575830948712305,-0.13087827426810478,0.1511534228483381,1.0,0.4962623816861105,-0.24767114241690513,-0.3966850099053489,0.4985582214395774,0.3354985692273828,0.5251419766674004,0.11007704160246533,0.2775016508914814,0.1214703940127669,0.20965001100594322,0.06583535108958838,0.025914593880695575,-0.27811798371120405,-0.12405018710103456,-0.161699317631521,-0.22228483381025754,-0.18679947171472594,-0.4375874972485142,0.06080343385428131,-0.014728153202729475,0.08549416685009906,0.25113141096191943,0.10244552058111381,0.03572749284613692,0.002762491745542593,0.026889720449042483,0.20959057891261282,-0.042289236187541275,0.10407219898745322,-0.08165969623596742,-0.11702179176755448,-0.3781950253136694,-0.16952674444199867,0.22351089588377723,0.0020977327756988772,0.16988333700198108,0.02723530706581554,-0.11641206251375742,-0.3679110719788686,0.3718666079683029,-0.1832819722650231,0.19045344486022453,0.0649900946511116,-0.05586176535329078,0.024241690512876952,-0.34592339863526306,-0.40592339863526306,0.2319392471934845,0.18635263042042702,-0.09571868809156944,-0.018430552498349108,0.16696235967422407,0.15568126788465772,0.394884437596302,0.34471054369359455,-0.044921857803213734,-0.11367598503191724,-0.07140215716486903,-0.12580013207131852,-0.008518600044023774,-0.18623156504512436,-0.26862425709883336,-0.3679000660356593,-0.28158265463350207,-0.1972309046885318,-0.07896764252696456,-0.048126788465771515,-0.17197886858903808,-0.12631300902487344,0.022909971384547655,-0.4345498569227383,-0.39593660576711426,-0.2770636143517499,0.08984151441778561,-0.10043363416244772,0.10130970724191063,-0.24351089588377725,-0.14401716927140656,-0.4856680607528065,-0.31268104776579353,-0.12695355491965662,0.10854721549636803,-0.25754347347567685,-0.3693506493506494,-0.2398811358133392,-0.31816420867268325,-0.39172353070658156,-0.40784723750825447,-0.4228791547435615,-0.42704380365397315,-0.336205150781422,-0.3332775698877394,-0.33924499229583976,-0.07741800572309047,-0.3915936605767114,-0.2553400836451684
#102,-0.09909531146819282,0.10360774818401937,-0.5709949372661237,-0.29602905569007265,-0.2928813559322034,-0.4862095531587057,0.3547897864847017,-0.20890821043363417,-0.01896984371560643,-0.20887519260400617,0.10239049086506713,-0.2822342064714946,-0.32129209773277567,0.0926634382566586,0.4962623816861105,1.0,-0.5583711204050187,-0.6306295399515739,0.3914571868809157,0.6221703720008804,0.25602245212414704,0.441897424609289,-0.011895223420647149,0.35381245872771294,0.06956636583755228,0.318366718027735,-0.05135593220338983,-0.05433414043583535,-0.38599823904908653,-0.34604886638784943,-0.22208232445520582,-0.482524763372221,-0.6558507594100814,-0.00451023552718468,-0.1985956416464891,-0.00674884437596302,-0.19752366277790007,0.15270966321813778,-0.1613053048646269,-0.041182038300682365,0.020466651992075723,0.09924719348448162,0.046143517499449706,0.08483160906889721,0.08810697776799471,0.2748272066916135,-0.2965111160026414,-0.23152762491745543,0.03537310147479639,-0.004232885758309487,0.06365617433414043,-0.08261941448382126,-0.2540876073079463,-0.33412282632621615,0.14513977547875853,-0.12859344045784724,0.19745102355271846,0.5682984811798372,0.14946511116002642,0.3953951133612151,-0.2792031697116443,-0.30673343605546993,0.4852344265903588,0.5788377723970944,-0.15604226282192385,0.21788685890380804,0.21755007704160245,0.4415980629539952,0.02528945630640546,0.5098040942108739,-0.3766255778120185,-0.40877834030376403,-0.38803213735417125,-0.38922077922077924,0.09981730134272507,-0.07085626238168612,-0.3564252696456086,-0.2512612810917896,-0.5668743121285494,-0.19157384987893464,-0.031472595201408764,0.11920757208892802,-0.339900946511116,-0.16539071098393132,-0.02168611049966982,-0.4075874972485142,-0.348267664538851,-0.029055690072639227,0.09448602245212415,0.0020867268324895444,0.35721989874532245,-0.18570768214836011,0.23074400176095092,-0.30636363636363634,-0.15068897204490425,-0.36151882016288794,0.037635923398635265,-0.5354941668500991,-0.545329077701959,-0.4232555580013207,-0.5369249394673123,-0.5876491305304865,-0.7172903367818622,-0.5978604446401057,-0.6705502971604667,-0.570231124807396,-0.5715364296720229,-0.2676359233986353,-0.1506801672903368,-0.14727052608408542,-0.12328637464230685
#201,0.21054589478318292,-0.09092670041822584,0.7992119744662117,0.5804666519920757,0.34828307285934407,0.5064208672683249,-0.3456042262821924,0.4304556460488664,0.13660356592559983,0.5008276469293419,0.3185031917235307,0.38565705480959717,0.5280717587497249,-0.17216596962359673,-0.24767114241690513,-0.5583711204050187,1.0,0.6684107418005724,-0.3475016508914814,-0.5171010345586616,0.0274950473255558,-0.2406251375742901,0.2006339423288576,-0.06865067136253578,0.18147479639005062,-0.4363262161567246,0.10289896544133832,-0.08960598723310588,0.16396434074400176,-0.13663438256658594,0.44130090248734316,0.17375522782302444,0.6341558441558441,-0.14524323134492625,-0.18059652212194585,-0.16257979308826767,0.06353510895883777,-0.2656790666960159,0.07179396874312129,-0.22993616552938587,-0.3348360114461809,-0.3902047105436936,-0.10943209333039841,-0.21131410961919436,-0.08908650671362536,-0.18422848338102576,0.3289852520360995,0.3149812898965441,-0.1465727492846137,-0.21524763372220998,-0.11108958837772397,0.0029672022892361875,0.09827646929341845,0.1368677085626238,-0.07041602465331279,0.11177856042262822,-0.31398855381906227,-0.5793418445960818,-0.06820162887959498,-0.407178076161127,0.19226502311248073,0.12101254677525863,-0.5927911071978869,-0.505643847677746,0.28810917895663657,0.08558441558441558,-0.12657935285053928,-0.5385494166850099,0.21780981730134272,-0.07640105657054809,0.5069051287695355,0.6143429451904028,0.3498459167950693,0.37087387189082105,-0.19762051507814218,0.0021703720008804757,0.1842394893242351,0.12349548756328417,0.5273475676865508,-0.18093770636143516,0.14726612370680167,-0.14265463350209112,0.34685890380805634,0.24426370239929562,0.07534888839973586,0.25389390270746204,0.21590358793748624,0.004371560642747083,-0.4546797270526084,0.003317191283292978,-0.3710147479639005,0.18653532907770196,-0.16461809377063613,0.15213955535989435,0.14590138674884437,0.5495443539511337,-0.16162667840633943,0.6745432533568126,0.5044001760950914,0.43854721549636805,0.5471076381245873,0.7098701298701299,0.5287607307946292,0.7029958177415805,0.5231036759850319,0.5856306405458948,0.45822143957737177,0.16348888399735859,0.19148800352190182,0.10984371560642747,0.0549636803874092
