,#10,#11,#12,#13,#17,#18,#26,#49,#50,#51,#52,#53,#54,#58,#101,#102,#201,#202,#301,#302,#401,#402,#501,#502,#601,#602,#701,#702,#801,#802,#901,#902,#1001,#1002,#1101,#1102,#1201,#1202,#1301,#1302,#1401,#1402,#1501,#1502,#1601,#1602,#1701,#1702,#1801,#1802,#1901,#1902,#2001,#2002,#2101,#2102,#2201,#2202,#2301,#2302,#2401,#2402,#2501,#2502,#2601,#2602,#2701,#2702,#2801,#2802,#2901,#2902,#3001,#3002,#3101,#3102,#3201,#3202,#3301,#3302,#3401,#3402,#3455,#3501,#3502,#3601,#3602,#3701,#3702,#3801,#3802,#3901,#3902,#4001,#4002,#4101,#4102,#4201,#4202,#4301,#4302,#4401,#4402,#4501,#4502,#4601,#4602,#4701,#4702,#4801,#4802
#10,1.0,0.3460710326816227,0.5234639843232539,0.400166788497771,0.3647952722667792,0.2628785772872503,0.36445345880221147,0.3285630450225988,-0.002293170251246624,0.46697141602061865,0.37972524512075007,0.09884655115018857,0.16459141965839244,0.08639163723844921,-0.2804002923946504,-0.09845806436114171,0.4271261243638186,0.16582277177773888,-0.19357143592541878,0.15488748640124644,-0.07946476678781139,-0.013621060651298788,0.048396805622762856,-0.012613465940484648,0.017095477835318666,0.10578303081468975,0.13669724455792467,0.21056464427033464,0.03652805375668784,0.016380277774917892,0.23090048629485874,0.07484822589889048,0.20391232278722113,0.17634486095810725,0.002737939578635972,0.16301688132964065,-0.09072813818049535,-0.25920236661210005,-0.19253364082817695,0.03302480893107791,-0.32060936143342017,-0.0010343632351477589,0.2800406332471936,-0.07708168174970056,0.1893680912326219,-0.06148592764948333,0.34476692508588236,0.15458136430245686,0.2498333830953337,-0.08720155669264586,0.10267925473682765,0.11463860776218568,0.11939379587970637,0.03112355733097221,-0.4956713923407702,-0.21775233624012053,-0.2773651535586694,-0.28234409908472236,0.03140359727784699,-0.0020048938353461206,-0.09937368516783522,0.00887273625796621,-0.08642183762487689,-0.011214638950948395,0.23605239767045202,0.29787670692240903,-0.045912137466668036,0.10247197026634682,-0.07297031096102434,0.03213801576597446,0.12428076750163872,-0.07266418886223476,-0.10067230178422511,0.062088562633199146,-0.28164262647269783,-0.15203904086318196,-0.15881353663684378,-0.04589978276312945,-0.07869191144423053,0.03181816621880866,-0.2223537769358276,0.2580437699691476,-0.04341374186219701,0.1147745095011102,0.043730845919687567,-0.06205424401225861,-0.04424837072347085,-0.04526694739298596,-0.11399067219882836,0.07079588313823197,0.1841626428083614,0.16738358265811445,0.11422678431089925,0.06491641699869932,0.03369470841183718,-0.03760016747487019,-0.0056454131447181925,0.3707571030965692,0.14435853349668998,0.2991588506007475,0.08983722678087903,0.15978681272671738,0.17005906234663867,0.3541208084094349,0.25018206028408957,0.30862804449066017,0.2204978259153634,-0.10675493415972573,-0.05873631973972758,-0.06122098789582239,-0.05319866706476267
#11,0.3460710326816227,1.0,0.08936225706706202,0.049737977329119006,0.21260454309904012,0.08658519426055383,0.36787571168240174,0.13935899679807268,0.19988743492331504,0.12516069694255405,0.3107352078164091,0.20969706953295789,0.1902507661632125,0.2730904261343162,0.019306969768726815,0.1250344044174929,0.107859993754011,-0.1496079097557544,0.06857478199096048,0.1077515469118389,-0.09077755699464973,0.0922985582747343,-0.18122771434552673,0.024888550278495607,-0.28092742641229707,0.10944276855178851,-0.1472083517795921,-0.22283011939448225,0.2311997446694602,0.2012807709335008,0.010437665372854657,-0.061715176037366114,-0.11355963031981522,-0.05985236129271381,0.09971961686691581,0.12315237124511388,0.12341731099877483,0.05020333782907268,-0.05380679302782897,0.12079262286924262,0.017018604124411866,0.00041937354789335147,0.20194929766942246,0.21558751763119152,-0.04630611523506539,0.11509573179311362,-0.0004660468723724806,-0.17682943988578764,0.036635127854022315,-0.3238215843534543,-0.11636689351275108,-0.2112276800269058,-0.20711630923822957,-0.16979412259297771,-0.1461129013991702,-0.021537680129861663,-0.14035149131567298,0.016599916948937324,-0.08932656570128386,-0.13122960186967847,0.007690802952774146,0.023021617299330444,0.09628638202802459,0.124555316469163,0.086428701349065,0.17174204751756256,0.17361172598640295,0.19796421940580738,0.1187486058060243,0.2056076626616836,0.1445465995394441,0.008688788449724935,0.11203176531554256,0.33926770926637084,0.021522579936647825,0.0007447140744096339,0.059380137068572036,0.07511453839738903,-0.0773328940549853,0.00707718601035736,0.07011225620909649,0.08220064724919093,0.0008572791510945924,0.14891467361275554,0.0705611437709987,-0.020104534519384872,-9.540576621469044e-05,-0.023149282569229237,-0.0036398329369532615,0.23353615638309191,0.15022701767752164,0.03417379636016706,-0.08916595455528215,-0.06795018308984271,-0.11450407876809879,-0.1912611063637019,-0.18823832223125947,0.015374055808941373,-0.2570691211344363,0.09936682144364711,-0.09233974061986293,0.01970369302679941,-0.1385353498954998,0.01248168243607299,-0.17491034260279284,-0.027098669467066135,-0.09705374639225497,0.05169688421240481,0.045540123615672626,-0.05186161359291938,0.0215912171785289
#12,0.5234639843232539,0.08936225706706202,1.0,0.6094582119312117,0.11612940865584258,0.4212548946933116,0.2473171418079736,0.21944355788007014,-0.15117558436031805,0.4966144680442161,0.11378887870769801,-0.0645759762789692,0.11264950049247222,-0.1141526560896677,-0.3572396846805108,-0.3034308325354254,0.4193783525002831,0.41144251459399356,-0.3963258484421062,-0.1341700213118636,-0.05524817510733149,-0.11619255491837316,0.1407056594837793,-0.011049909570433822,0.027393809607154745,-0.031068647537467353,0.4391390144378438,0.6160583691104957,0.04816755723488007,-0.013361611876988335,0.30518382769306795,0.04418522446094026,0.3268745688723244,0.2892586148318216,-0.24476109092032247,0.08600315044940234,-0.2514202761276241,-0.3248168243607299,-0.22940556716668897,0.006821855470559771,-0.4400024709407077,0.036957722890863354,0.21162989426432888,-0.1802832658972432,0.03374275448115393,-0.12849234866346132,0.4572523825702588,0.39713576789630284,0.4389633030986283,0.2881178638717582,0.35147552910733837,0.38241307951281284,0.44182410334023137,0.1457491240172005,-0.3415821570626006,-0.3783991736076078,-0.1360328360565159,-0.23647520308043943,0.07952516756066674,0.0676166060943007,-0.17890640282510886,-0.10666433300044272,-0.3316366207140332,-0.08426662822981121,0.3367006764200187,0.33924711809380653,-0.19921478995288053,-0.24320439827445975,-0.40677106391156775,-0.16968842124048086,-0.012754858658759657,-0.0782416511374907,-0.09718141166215377,0.19741100323624594,-0.3493422836296746,-0.16551390418927406,-0.23755967150216037,0.024047057693033662,-0.17071248888934648,-0.13981749357383824,-0.17235566445997935,0.09257722547677144,-0.1526759944678383,0.0909930779341563,-0.19514460150933294,-0.0614131721730894,-0.12262249173779201,-0.0008270787646669206,-0.13627169365826203,-0.13980102063578678,0.0073050616534025194,0.0654531602302093,0.16633892383668455,0.0316671642866703,0.04256126731803409,0.2594151420619314,0.19943305638206235,0.6125963066300144,0.4129044878460604,0.19354535377350396,0.3698977648282181,0.4124858006705859,0.21620937104263402,0.5045283420331037,0.1947712149134999,0.4726586978828843,0.3100570718666241,-0.12679289055448595,-0.1617525833341913,-0.02770267719561957,-0.046212768586107136
#13,0.400166788497771,0.049737977329119006,0.6094582119312117,1.0,0.118281872561233,0.4039500732702557,0.2422160219913723,0.0687299021576117,-0.07242533126048863,0.7424277678825754,0.16595318253731292,0.08792636596690999,0.14151008795862546,-0.1187362511024857,-0.19699368880560902,-0.2689021816347332,0.46720890087752714,0.04561150634722894,-0.21133200863456503,-0.21463208722420699,-0.07373081160106662,-0.13021102520016337,0.19468473198872976,-0.1312186199109775,0.10089056821340692,0.009259850302175457,0.3660636884967414,0.37822208952355457,-0.01389972785333594,-0.10193522703483683,0.2718686832288331,-0.00677380940124302,0.06155593763620203,0.04263127730475279,-0.1333697110715303,0.07150559221928227,-0.06787742761344878,-0.2898722317742384,-0.15303702636013275,-0.030971182653996232,-0.20563511755843603,-0.08753650643302549,0.20912326219083213,-0.11277442027269576,0.1136406222652349,-0.07015481129906276,0.2897788851252801,0.2194353214110444,0.13980102063578678,0.03801336367099425,0.17938274528376352,0.13988887630539454,0.2517593441025166,-0.09161630409043643,-0.16092481819710558,-0.36014304001208014,0.060431659614190066,-0.20720279216299972,0.12152841410220772,0.06351621726432545,-0.02901090302587281,-0.10996441159008466,-0.14049013854427272,-0.10409180917474012,0.1636277527823822,0.1024252969418677,-0.27610085556322006,-0.2909416000027455,-0.35505976587836796,-0.08916458181044452,-0.08405934375933037,-0.11260969089218119,-0.19923675387028247,0.10790117609913963,-0.32543730502733476,-0.27516601632879983,-0.14489527672819996,-0.04375006434741426,-0.1591594683359244,-0.14915764944901455,-0.20707787238277617,0.046652046934146,-0.14230353447477068,0.10232645931355894,-0.09973608980496727,0.007612556497029723,-0.005817006249420873,-0.06707437188344023,-0.13149179613366416,-0.061925205997522194,-0.041261277956806584,0.1350403415389156,0.05013607333202923,0.26483885691537373,0.19270660667771727,0.2708487338144804,0.11487883810876943,0.3832312354360352,0.13498680449024836,0.019135376664024133,0.22421933717015516,0.21993088229742577,-0.046652046934146,0.4202102358718817,0.018274665650835485,0.16482066804627524,0.08859763819250688,-0.07196134350537257,-0.12616280067401772,0.16227559911732506,0.20391781376657162
#17,0.3647952722667792,0.21260454309904012,0.11612940865584258,0.118281872561233,1.0,0.1925089314210998,0.05797719184452292,0.0092818142195774,-0.15435486140424934,0.021488261315707288,0.02948587273968983,0.5615425533740352,0.5079162762923535,0.3608225487067028,-0.35178302395096556,-0.18965911313819767,0.18356549880399606,-0.13157965180327194,-0.10693476373345413,0.17582596340948636,-0.30271151424051174,-0.026870793824020977,-0.010208416984971876,0.08084849358413382,-0.22597782330714822,0.20857553700062118,0.021350986831945144,0.16311846444762465,0.045459131670252964,0.27638226825493245,0.28798745311218416,0.05542663193622228,0.10876188711232827,0.11728251431944459,0.17706829748753375,0.324540902648368,-0.21119061591629001,-0.17936489960087443,-0.1528668060002677,0.06578948271542656,0.0047668564486404675,0.18058115152700704,0.23264799047315082,0.18857464471647672,0.24696160089502964,0.2425056711521104,0.39700672988156643,-0.003645323916303747,0.22080532075899062,-0.23001781136426813,0.11648220407911128,-0.04123931403940464,-0.06816433128451166,-0.2643515324980181,-0.4704787790807414,-0.12320728103861875,-0.026594872111659066,0.008285201467464231,0.11506141317217308,-0.00791456036130644,0.013876391191096377,0.03736817359731216,0.19906241527590454,0.16986825081420928,0.17463716638010618,0.07273831708346631,0.1074577795165879,0.18984992467062703,-0.12022430650646734,0.09642091102211149,-0.041060857210513856,0.05574236324887521,-0.07603427743859541,0.08233654898811546,-0.07813869527466909,-0.07041563281821084,-0.12905929228139895,-0.047600613616942414,-0.07134909930779341,-0.013509868319451451,-0.0828705467299502,0.4999159193786957,0.1354823653766297,0.14367902480206735,0.48372576676378837,-0.08595922261459846,0.05163373794987422,-0.2504909278725544,0.047327437394255746,0.4980421226753424,0.2885489057507713,0.2727843040355266,0.20075638240552943,0.0886635299447127,0.08368732990833497,-0.2003020038642767,0.016004145689409617,0.15645378826097253,-0.13685373746941354,0.24376310542337168,-0.11791260419991283,0.0885990109373445,0.015398765216018559,0.059226389646758436,0.13537940951380809,0.06888502232426293,0.05562979817219025,0.03885760174613143,0.19423721717166517,-0.05302021023587188,0.037734696468957094
#18,0.2628785772872503,0.08658519426055383,0.4212548946933116,0.4039500732702557,0.1925089314210998,1.0,0.38927405821124483,0.2832858020433307,0.04896374924070051,0.30826701259836575,0.16453376437521236,0.330085419047521,0.5158521141986431,0.0170337043176257,-0.19225222813646456,-0.2039699780704012,0.40149286001091333,0.039110186796253776,-0.05168452950886621,-0.10775566514635176,-0.06867499236410685,-0.23386561514412105,0.22878234101040884,0.10843929207548723,-0.13153435122363044,0.10995068414170844,0.16974333103398573,0.2592051121017753,0.44214944386674765,0.2570677483895987,0.1224879627437051,0.09459104215356211,0.06539413220219159,0.03664885530239853,0.10086174057181686,0.11055881010477475,-0.07744408638683263,-0.260631393988064,-0.2180968951943635,-0.05130016095433221,-0.10778861102245467,-0.035510849832010354,0.22147933847426274,0.10125709108505183,0.27667054467083296,0.1199785851805331,0.4101370342534156,0.3304327234914392,0.2249194370373421,0.12747789022845907,0.20594535789173848,0.21408161654432079,0.06681904134364265,-0.11963677171596536,-0.17458912031078944,-0.2946795841955887,-0.07833087955193609,-0.06130747082059255,0.014632773596625794,0.041763702567376035,-0.31467498550038264,-0.35509682998898373,0.0016891625226931881,-0.04780927083226088,0.15096967263467484,0.03161911821735355,0.0470748523441334,-0.06421494438667477,-0.1780168641703302,0.004890403484026398,0.02838493137991743,-0.1081674885976382,-0.0534567430942355,0.15898238425187122,-0.12043570921146105,-0.23692271789750402,-0.35723693919083555,-0.2885818516268742,-0.05635323470161675,0.07597662215541531,0.13217816855247488,0.3497568525706363,0.07866857478199096,0.3855539197012907,0.1772700909786641,-0.1372985067968029,-0.27320299121100117,0.16680565708147585,-0.08463177835661852,0.24340481902075248,0.294507991090886,0.22389948762298936,0.35311458644345833,0.00753293729644768,0.043323140702913994,0.125516237855498,0.2808162340804497,0.2155229986238233,-0.042385555978818545,-0.08928675610099283,-0.005726405090137858,0.2766238713463538,-0.041851558236983805,0.2379907133811735,-0.13216993208344915,0.06006788223222038,-0.03440990847223795,-0.195517988105166,0.01241579068386716,-0.25232079674110375,-0.12255934547526143
#26,0.36445345880221147,0.36787571168240174,0.2473171418079736,0.2422160219913723,0.05797719184452292,0.38927405821124483,1.0,0.3317299673629915,0.15194706695906132,0.4228953247742693,0.6158263752329376,0.11834090058925072,0.25884133471980564,0.23402073531077228,0.0822363386149691,0.28784056941455866,0.2198581268210318,-0.09424648319931912,0.09894676152333495,0.12847587572540986,-0.00811223561792393,0.04973385909460614,-0.2019081153242938,-0.044481737345866496,-0.18693009640100622,0.007365462426257863,-0.11342510132572833,-0.1284086112283664,0.23646010288722558,0.237510252688006,-0.1233459282672185,0.19819209504885255,0.0019527295315165056,0.06960296787433894,0.14746780055390254,0.14737445390494427,0.15337334884535,0.15106713751814596,-0.17758307680164181,0.13560591241201564,-0.07954301324355582,0.17654802719407522,0.27559568546297536,0.32309814782402785,-0.2569963656580424,-0.024769121477622544,0.07032914989344068,0.11853583035619297,0.13512819720852337,-0.11629688352603239,-0.1982964236565118,-0.30977016819556125,-0.14223764272256484,-0.055658625813780296,-0.13315693562169897,0.0459478288324462,-0.2970489417853233,-0.21216526475100125,-0.23594532357311754,-0.2837209621568567,-0.18205547948261247,-0.26755414620418894,0.10184874411006668,0.15398284755325392,0.2301111580132264,0.13241153517487053,0.24870498683880887,0.32985617065963824,0.1465315885746447,0.34006390127219127,0.35664665891065833,0.06621503361508921,0.2431316427980658,0.33629983492743326,-0.009506944372947317,-0.13495797684865832,-0.1485261868237087,-0.22141070123238168,0.1167457710879346,0.22383222312594592,0.04463136653316723,0.18499452617995998,0.08752826996399976,0.09354226509761931,0.12387031679518991,-0.23527267860268303,-0.4278921159832113,-0.08066729126556778,0.0669247426961395,-0.04264912298764186,0.1858470007241229,-0.24874891467361276,-0.1988619945296118,-0.2267383239471905,-0.22695109939702182,-0.09572492938943741,-0.10176363393013416,-0.05486106106312224,-0.05664151111751725,0.022327008411493994,-0.12472690957386569,-0.10711733879685778,-0.04904474118612018,-0.0862186713889089,-0.12100814380874919,0.017882060627275754,0.0067490999941658344,-0.13536156383091902,-0.011206402481922666,-0.21332935237330422,-0.16872612710930823
#49,0.3285630450225988,0.13935899679807268,0.21944355788007014,0.0687299021576117,0.0092818142195774,0.2832858020433307,0.3317299673629915,1.0,0.45122740547793827,-0.04657654596807682,0.49711140167543505,0.1249520397272356,0.27009372415378863,0.05341556074910686,-0.09534879730392914,0.06440575591910415,0.06609697755905376,0.1501666169046663,-0.035180018326143585,0.17717125335035536,0.051282315271443134,-0.10071622961902899,-0.1929523280036515,-0.027635412698576122,-0.2073428121364371,-0.05804171085189113,-0.024340825088284654,0.07174307707619076,0.2550429497541071,0.16804661841468563,-0.16967606653694228,0.24864595881079116,0.032663777038783474,0.2636843785069341,0.08499830122826345,0.08197002611647053,-0.03252101157567084,0.05255484973591821,-0.22142168319108266,0.03808062816803769,-0.0023439618102386174,0.03762487688194738,0.16767048632917736,0.12547917374488224,-0.028664971326792205,0.03277222388095557,0.006801264297995449,0.24142532096490235,0.17660430973241772,0.0016438619430516805,0.1315508241616819,0.021779283221283037,0.029682175251469694,0.17581772694046063,-0.17773819696829302,0.011616853188371478,-0.4173906179754073,-0.2865199888807668,-0.20029514014008862,-0.16361951631335647,-0.2970008957160066,-0.12947523396719826,-0.14556792169863447,0.070643508461256,0.3701064220435366,0.15324705632028882,0.15705093226533784,0.019042030015065874,0.021823211056086922,-0.005218489500217923,0.18841815180498786,-0.08830387079725588,0.23776970146231644,0.08781242814538741,-0.004213640279079026,-0.08211279157958316,-0.15959737393912563,-0.1538414548349789,-0.02877479091380192,0.12919519402032348,0.18106984868920029,0.21118375219210192,0.07552087086932499,0.41309804486816504,0.21370548445881252,-0.03339682278207332,-0.27360245995874904,0.07005734641559164,0.30760672233146985,0.09925288362212453,0.11013188646027448,-0.18213509868319452,-0.14775470422496542,-0.23286625690233265,-0.3274648491525017,-0.012489918905098717,0.007737476277253275,0.24814078871054646,0.19330924166143307,0.12184963639421113,0.3040320947743036,0.021681818337811912,-0.07658886635299447,0.027319681385923188,-0.1266611070500743,0.16444865419527982,0.10017536815300614,-0.16877280043378737,-0.2445592974291921,-0.40573875979367646,-0.40649926043371876
#50,-0.002293170251246624,0.19988743492331504,-0.15117558436031805,-0.07242533126048863,-0.15435486140424934,0.04896374924070051,0.15194706695906132,0.45122740547793827,1.0,-0.05919481651549314,0.4074890094616438,0.11738684292710382,0.19252128612463837,0.26397540041250983,0.11046958169032936,0.11098161551476216,-0.002419462776307797,-0.04187077666471051,0.12508245048680963,-0.03910744130657853,-0.06640447240268096,-0.14268653028446704,-0.22370593060088473,-0.1979079368674649,-0.21259356114033914,-0.0632375500622883,-0.40047702883107344,-0.314887760950214,0.14102962726545795,0.09272410917439694,-0.4309560824607824,-0.09368091232621908,-0.2783329386691925,-0.15402952087773306,0.010233126392049062,-0.1211426728028361,0.015306791311897923,0.08515067590523942,-0.1615603990569243,0.012076722708974662,0.22814813289542774,-0.10239646930027764,-0.01404112057161095,0.06784997271669635,-0.26973818324084464,-0.05104483041453462,-0.23819937059649196,-0.04081513588457961,-0.060890156389955624,-0.0022519879061179806,-0.020904844759718176,-0.18427658062988397,-0.24539941726981643,-0.08014152999275877,0.03464190234979598,0.10067916550841322,-0.173691345186985,-0.18915394303795297,-0.12546270080683078,-0.15469530212397944,-0.008219309715258402,0.11383829752185239,0.012230470130788264,0.17202757844378783,0.02261803031706974,-0.14237491720632697,0.33986897150524903,0.06063619859499566,0.1644404177262541,0.12575784094691939,0.2616307522298524,-0.061676739181912715,0.22107849698167728,0.00028896278831931415,0.25823458150157697,0.10860264871116419,0.14642451447731025,0.053385360362679185,-0.13691276549743125,0.03500705247660328,-0.07371433866301516,-0.0826907171562218,0.0803996060222316,0.163846019211564,0.15493827796023846,0.14271123969154423,-0.060283403171726944,0.12475848270513097,0.06648409160326302,0.05847137998606664,-0.13067089472076654,-0.18631098847923894,-0.14629273097289858,-0.17316970214868885,-0.2668664010405406,-0.12231087865965194,-0.27966038292717244,-0.04606176665396878,-0.18398144048979537,-0.044415845593660665,0.0498848610267445,-0.07170875845525024,-0.1717516567314259,0.00713484129353746,-0.20707238140342568,-0.23010841252355116,-0.21334445256651807,0.06293829168768682,-0.05123838743663925,-0.1686519988880767,-0.2517291437160889
#51,0.46697141602061865,0.12516069694255405,0.4966144680442161,0.7424277678825754,0.021488261315707288,0.30826701259836575,0.4228953247742693,-0.04657654596807682,-0.05919481651549314,1.0,0.340264322018484,-0.048918448661059,0.026421906262118763,-0.11312447020628923,-0.10807551469351756,-0.1938020570581392,0.4305470044991712,0.07642001873796703,-0.1617841564654566,-0.16965959359889082,-0.051824549482303604,-0.05712609004519762,0.15136090491339696,-0.08197688984065864,0.10336013617628789,-0.03315110145613909,0.14571617814109758,0.15258264781888004,-0.01082066118255104,-0.0869475988976859,0.2018175141650108,0.05904381458335478,0.12297803265073597,0.01704056804181381,-0.1280311063980205,0.08552131701139722,-0.03964830277260139,-0.2757823787608919,-0.21060857210513853,-0.1012035540363846,-0.2568549729397674,0.004147748526873196,0.06506879167567531,-0.01777498652994128,0.05129329723014411,-0.1691214776225432,0.167903852951573,-0.012894878632197043,0.11379711517672374,-0.08312313178007255,-0.013163936620370848,0.05299275533911945,0.3082656398535281,0.0030962259812551693,-0.17362957166929205,-0.2922511985778363,0.03743131985984275,-0.21853617354240237,0.14230078898509543,0.2071121910037167,-0.03157930861706253,-0.113749069107407,-0.05035022152669817,-0.1428443959407935,0.07293324685040856,0.1485014774166315,-0.09348186432476398,-0.1917552945052456,-0.22784201079663816,0.018410567389760008,0.12940522398047957,-0.0973626139807198,-0.17194933198804338,0.08832308922498258,-0.3022557629544214,-0.26378458888008044,-0.14748015525744113,-0.055579006613198256,-0.12259778233071482,-0.09940663104393813,-0.16638285167148845,-0.028589470360723023,-0.21256061526423622,0.0333885863130476,-0.24976062761893977,-0.11699423790354409,-0.13760188340591722,-0.09965372511470999,-0.22528046892963652,-0.16597377370987723,0.061450236283705176,0.11987013833836101,0.09539272513873302,0.16423587874544848,0.14857972387237592,0.2628140582798821,0.13173339922508553,0.29313387350842696,0.1629688352603239,0.08578488402022053,0.09437003023470505,0.208500036034552,0.2123217576624901,0.30706586086544696,0.21288321030107726,0.17333031329469056,0.10874815966395206,-0.12084478717307223,-0.01658481675572349,0.1586474345114916,0.22838424500749863
#52,0.37972524512075007,0.3107352078164091,0.11378887870769801,0.16595318253731292,0.02948587273968983,0.16453376437521236,0.6158263752329376,0.49711140167543505,0.4074890094616438,0.340264322018484,1.0,-0.006582997868813639,0.10172519707468075,0.1195242066392804,0.2501738238150638,0.39061248442792573,0.22846386420808065,-0.10606718899607738,0.1607216519611376,0.2745016078273911,0.16315827404791566,0.12507558676262154,-0.051057185118073216,0.18251946723772852,-0.03493429700020934,0.019691338323260817,-0.2350791215805784,-0.24461420722269697,0.25238257025879673,0.12514696949417783,-0.26270286594803477,0.16825939386451694,-0.1355839484946137,0.015363073850240402,0.13684687374522542,0.020486157584243634,0.008524059069210364,0.17607305748025823,-0.13218915051117586,0.06433574593238545,-0.027093178487715648,0.14714108728254863,0.02972335759659834,0.15516203536877074,-0.2043790560320124,0.0727630264905435,-0.13203540308936226,-0.05287881751759687,-0.13097427132988088,-0.24586065953525724,-0.26347709403645325,-0.24593890599100166,-0.22957716027139166,0.10190365390357153,0.012080840943487527,0.24313713377741628,-0.4928806020858858,-0.26945127956978177,-0.4411940134597631,-0.3463469543939846,-0.23556919148760927,-0.19531070363468514,0.03938610850861569,0.19499085408751934,0.25349861181178296,0.060439896083215795,0.29611684804057836,0.1357898602202569,0.2709832628085673,0.27567118642904453,0.4435990624152759,0.09148589333086239,0.3167395937361653,0.1413192764261961,0.07947986698102523,-0.0780508396050613,-0.0934008723793443,-0.1988166939499703,0.04392028470727932,0.18161208290006076,0.05353498954997992,0.10623191837659196,-0.07831852484839749,0.05787835421621418,-0.006790282339294478,-0.20554863463366588,-0.4220414774852687,-0.18051937800931409,0.13923819525236197,-0.03505509854592003,0.05196456945574099,-0.38067106631387126,-0.3288828945697646,-0.42653172584912846,-0.4393655173360514,-0.07828832446196982,-0.10843791933064961,-0.007450572606190393,0.06500015443379423,0.11970403621300882,-0.05928541767477616,-0.13800547038817793,-0.04641593482207511,-0.12160116957860165,-0.061870296204017336,-0.04876332849440778,-0.02405254867238415,-0.19817974034531396,-0.032283526718762334,-0.3817280798388398,-0.38847512071574913
#53,0.09884655115018857,0.20969706953295789,-0.0645759762789692,0.08792636596690999,0.5615425533740352,0.330085419047521,0.11834090058925072,0.1249520397272356,0.11738684292710382,-0.048918448661059,-0.006582997868813639,1.0,0.6576772470975026,0.4276573766159781,-0.33590722990387356,-0.14387807280352247,0.17448616444796783,-0.22430719283976291,0.018634324798292305,-0.0655616070723814,-0.4268021565821399,-0.15200746773191667,-0.21982792643460417,-0.12266092859324541,-0.31474499548710133,0.2676474928531472,-0.11836286450665266,0.05382052047620518,0.09969628020467626,0.3726405090137858,0.1225703274339624,-0.0003328906231232004,-0.11112849921238765,0.09606811559884278,0.3614004742833414,0.446956796288098,0.023819182049988504,-0.03437421710645979,0.001127709884106017,0.1939379587970637,0.186046048725578,0.24381526972720127,0.333403343320052,0.2996420567835902,0.1759893200451633,0.21245903214625222,0.25926002189528013,0.1481830006143033,0.14561322227827597,-0.21437263844989654,0.1705161863775666,-0.03125396809054625,-0.21150085624959247,-0.26022368877129043,-0.2387388593176772,-0.07645571010374519,0.04829659524961649,0.08492966398638237,0.1022015395333354,0.05099815709005549,-0.06875872979920175,0.00022032554643824193,0.2257966209885822,0.20863319228380126,-0.012717794548143877,0.019337170155154484,0.2997752130328395,0.1769818145627636,-0.01534110993283846,0.274614172904076,0.0029699334561939963,0.10780508396050613,0.05692978753341776,0.19682621393541921,0.012894878632197043,-0.0729867838990758,-0.06786232742023494,-0.054009959263796946,-0.1475611472028608,-0.028541424291406273,-0.0069701119130228875,0.6068966700642101,0.15457175508859353,0.24215562121851694,0.5583138575159495,-0.034103786373448366,0.09461986979515215,-0.07269027101414957,0.1391173937066513,0.5635440153472873,0.27504658752792677,0.18754096785374777,0.10036480694059789,0.11353766640241328,0.006228829700707306,-0.14352527738025375,-0.05514247375483464,0.03920216070037442,-0.18396634029658152,0.2321085017519656,0.13397646428975898,-0.04689639551524261,-0.12119895534117857,-0.08554877190814965,-0.14127260310171696,-0.02671567365736975,-0.054744377751924415,-0.07814418625401957,0.0012430204504662184,-0.11178604398960833,0.022707258731515134
#54,0.16459141965839244,0.1902507661632125,0.11264950049247222,0.14151008795862546,0.5079162762923535,0.5158521141986431,0.25884133471980564,0.27009372415378863,0.19252128612463837,0.026421906262118763,0.10172519707468075,0.6576772470975026,1.0,0.4074244904542756,-0.4054600925916393,-0.314057250323453,0.29824185704921635,-0.015242272304529715,0.012970379598266224,-0.16726827209175427,-0.3349655269452652,-0.40632766732901604,-0.04624159622769718,-0.1713810156252681,-0.4006321489977247,0.15444820805320758,0.005686595489846836,0.18528142985102286,0.2700223414222323,0.3971975414139958,0.11512181394502843,0.22470666158751076,0.17520410999804384,0.22232769478391282,0.37058825548154173,0.3961515098477283,-0.02137295074934709,0.046284151317663454,-0.17919879747552225,0.07992738179808982,0.1655990143692066,0.12957544434034463,0.39532237196580494,0.34874788511498456,0.1558964538568982,0.09690137171527899,0.34914598111789474,0.25230706929272756,0.3748945560371602,0.10518725955516203,0.18424363475378105,0.11955166153603283,-0.09686705309433846,-0.2996722571700179,-0.30828074004674194,-0.20901756083833528,-0.05251778562530243,-0.1989951507788611,0.07312680387251319,-0.032066633034418146,-0.1324870361409397,-0.12048100979110256,0.18182348560505446,0.1397323833939057,0.17487053300250183,0.13879205318013502,0.267006421013978,0.10302655918074588,-0.10989851983787884,0.1847391956401624,0.11967932680593163,0.09324163397818022,-0.06778957194384101,0.1765329270008614,-0.0477214151626531,-0.1230054875474884,-0.19281917175440222,-0.2451152590884288,-0.13786819590441576,0.06607638638648944,0.043848901975723005,0.5425218009039525,0.33027623057995037,0.3682655712162862,0.586278042603136,-0.05666759326943206,-0.08405797101449275,0.10491682882215062,0.2053962599566899,0.5018281529375024,0.27983334877671273,0.2777810952444687,0.2471318212548947,0.024950323796188573,0.014201731717612659,0.002864232103697145,0.06755895081112061,0.14099393589967982,-0.10799864098261075,0.0829542841650451,0.15666107273145335,0.14887074577795165,0.12429998592936542,0.12156135997831063,0.028136464564307948,0.02391115595410914,0.07633079032352164,-0.0346501388188217,0.046535363622948175,-0.17977672305216086,-0.07145342791545264
#58,0.08639163723844921,0.2730904261343162,-0.1141526560896677,-0.1187362511024857,0.3608225487067028,0.0170337043176257,0.23402073531077228,0.05341556074910686,0.26397540041250983,-0.11312447020628923,0.1195242066392804,0.4276573766159781,0.4074244904542756,1.0,-0.17368448146279689,0.0946679158644689,0.09110976124535412,-0.32877582047243015,0.2710203269191831,0.1316016157206739,-0.5957664549207755,-0.17881580166582586,-0.4015381605905548,-0.16667661906673942,-0.4651401744072316,0.25136673907895685,-0.11867996856414322,-0.11791946792410093,0.04354689811144629,0.6762546029850337,-0.1628411699904251,0.09098209597545533,0.06068699015398765,-0.07948810345005096,0.40164248919821405,0.4562736155010347,0.16024530950248295,0.341326826522803,0.08977408051834845,0.47737270365527634,0.26019486112970036,0.26390813591546636,0.15813814617673402,0.19567448101665483,-0.2150699928274082,-0.0036192417643889398,0.29646552522933417,0.23894751653299565,0.20160885694969233,-0.05321239451313888,-0.008815080974786109,-0.34275722664360453,-0.3778940035073631,-0.46485464348100636,-0.3949215304732195,0.21605013264146994,-0.3631658241445226,-0.11629962901570763,0.06313596694430432,-0.15779495996732867,0.1118931180869428,0.07105533191254243,0.6109407763558429,0.6086908475669813,-0.012181051316633893,0.10933843994412928,0.6844622443691722,0.5251002961696987,0.26558425736220215,0.3922089866740795,-0.08061512696173817,0.05712059906584714,-0.05402094122249791,-0.010795951775473855,-0.0659844124823688,-0.15680932917391646,-0.006508869647582081,-0.2297130620103162,0.14069605026991594,0.36218705707529847,-0.14330701095107196,0.252283732630488,0.1955317155535422,-0.05014019156654209,0.5135102115056609,-0.09968118001146242,-0.055819236959782005,0.01988489534536544,0.2643062319183766,0.1958268556936308,-0.07520651230150968,0.08729902157611699,-0.17845614251836905,-0.03046601255375154,0.015757051618637757,-0.33626139807197986,-0.24904130932402613,-0.05317395765768548,-0.1864290445352744,0.1302206344140267,0.02993476030159204,-0.2727884222700395,-0.01755397461108423,-0.021312549976491745,-0.024980524182616246,0.08291859279926696,0.0945141684426553,0.1586158613802263,0.030085762233730398,0.02722633473696493,0.024581055434868406
#101,-0.2804002923946504,0.019306969768726815,-0.3572396846805108,-0.19699368880560902,-0.35178302395096556,-0.19225222813646456,0.0822363386149691,-0.09534879730392914,0.11046958169032936,-0.10807551469351756,0.2501738238150638,-0.33590722990387356,-0.4054600925916393,-0.17368448146279689,1.0,0.6747857660087787,-0.09800368581988901,-0.16729847247818194,0.4812699262492836,0.20220600095405766,0.5238112887671722,0.38165120612793296,-0.013361611876988335,0.23948700525418087,0.2220709914992776,-0.18122908709036437,-0.3317944863703597,-0.5367878457172077,0.2890334846784517,-0.05603475789928857,-0.20134940817538188,-0.03827555793497994,-0.3743482035917869,-0.24835356416037777,-0.0063290400738536725,-0.29644767954644513,0.33216650022135513,0.36116024393675766,0.2661566919594903,0.06318538575845868,0.29424030584754984,0.02802389948762299,-0.24312203358420245,0.1704516673701984,-0.3203183395278444,0.08254520620343392,-0.5011555079670679,-0.3413391812263416,-0.5454292744700346,-0.21161479407111505,-0.5792962623589933,-0.40125262966432956,-0.42231053547344255,0.18271576974950837,0.5311897922693875,0.4720807723062456,-0.32135750736992386,0.02751049291835257,-0.569078922532577,-0.5185646579977831,-0.0954297892493488,-0.08848095488130905,0.16938779012104177,0.23731532292106375,-0.30608572105138526,-0.2805293304093868,0.09925151087728691,0.06497544502671705,0.6387512140212158,0.15148033371427003,0.28144906945059317,0.2513035928164263,0.3964919505674584,0.013443976567245622,0.3373884215836671,0.10968162615353465,0.09729397673883873,-0.09926249283598788,0.33853329077824335,0.27905088421926855,0.2733649751018405,-0.2972617172351546,0.02477323971213541,-0.1717832298626912,-0.1704063667905569,-0.22014777598176996,-0.3715272129504748,-0.07417283543878073,0.11425286646281406,-0.36357490210613375,-0.17857145308472924,-0.6465525229334185,-0.4760287864592449,-0.49082972129847935,-0.38810859784410423,0.013272383462542942,-0.08735255862478422,-0.43601739267709266,-0.24693140050860196,-0.13452418947996994,-0.3081187561559026,-0.29940869016119454,-0.1585527151176957,-0.3198612154969165,-0.2779856342252743,-0.3761162989426433,-0.26224986015161966,-0.22357277435163544,0.0793302377937245,-0.26424308565584603,-0.26734411624403287
#102,-0.09845806436114171,0.1250344044174929,-0.3034308325354254,-0.2689021816347332,-0.18965911313819767,-0.2039699780704012,0.28784056941455866,0.06440575591910415,0.11098161551476216,-0.1938020570581392,0.39061248442792573,-0.14387807280352247,-0.314057250323453,0.0946679158644689,0.6747857660087787,1.0,-0.23657266796391055,-0.39709733104084943,0.3252712029019826,0.537374007762872,0.33102986749580454,0.6147501432802425,-0.18734054710745504,0.34916657229045905,0.031177094379639447,0.03845950574322121,-0.30907967754223764,-0.5423611897579508,0.012270279731079286,0.12941208770466767,-0.43855147964734187,-0.16331064872489165,-0.3001733090357497,-0.07556342595929125,0.10127219127826567,-0.12188395501515167,0.22394478820263086,0.47763352517442437,0.22874802238946831,0.30162292758427794,0.17373115478727602,0.049470292085782824,-0.03531317457539286,0.29431992504813187,-0.35022221307059,0.30342671430091256,-0.32050640557059856,-0.12722530517833672,-0.490141976134831,-0.26667696225294885,-0.48427486469883696,-0.5409417715958502,-0.44297995449350863,0.21226272963447237,0.19164822040791113,0.6592408034675534,-0.45023765645001323,0.21875993095093466,-0.4645004753129,-0.4401699458108975,-0.23513814960859614,-0.2039493868978369,0.23814720629266234,0.4099201405690714,-0.11080178594103375,-0.26150445970479125,0.2519474101452707,0.21260591584387772,0.6575537000621167,0.4201251256919492,0.21480093483923443,0.27746536393181576,0.4302724555316469,-0.010209789729809498,0.19316784894315805,-0.032113306358897274,-0.06450871178192576,-0.2672205692086469,0.2600520956665877,0.4671992916636638,0.1532511745548017,-0.031166112420938478,0.10176912490948464,-0.21693967129624864,-0.02143335152220243,-0.3391606351690364,-0.45413076080950765,-0.222787564304516,0.22084513035928163,-0.2511512181394503,-0.05940621922048685,-0.6603760634482664,-0.5998215431711093,-0.3598698637893935,-0.3411305240110231,-0.3619454539838771,-0.16421666031772178,-0.440994965458308,-0.16247464711878018,-0.09794053955735843,-0.2699921410358046,-0.5835860899765604,-0.24232309608870678,-0.4798189349559177,-0.35026751365023145,-0.23861668502712888,-0.10808375116254329,-0.3196937406267267,-0.188414033570475,-0.3528743560968746,-0.3127188241067721
#201,0.4271261243638186,0.107859993754011,0.4193783525002831,0.46720890087752714,0.18356549880399606,0.40149286001091333,0.2198581268210318,0.06609697755905376,-0.002419462776307797,0.4305470044991712,0.22846386420808065,0.17448616444796783,0.29824185704921635,0.09110976124535412,-0.09800368581988901,-0.23657266796391055,1.0,0.17588361869266644,0.0808347661357576,-0.18851698943329662,-0.18745860316349047,-0.2819144299505469,0.1841955886844643,-0.05380816577266659,0.0587569109122919,0.1142556119524893,0.12092577911849191,0.20667565814535308,0.303918156952781,0.18597054775950883,0.1747291402842268,0.15275698641325797,-0.0010673091112506734,-0.015549767148156918,0.22756471633943862,0.14212233215620462,0.012594247512757947,-0.1557934979940766,-0.08148407444395254,0.11697227398614214,-0.2403655619502586,0.21037520548274288,0.2530277603324788,0.01614142017317176,0.18442895530685996,-0.021922048684395665,0.3525037149907168,0.19971584181861235,0.14977401188110656,0.09415313655036087,0.1808529550048561,0.1620202685775275,0.048038519220143655,-0.14730307117338798,-0.27628617611629896,-0.23814995178233758,-0.2725385827095924,-0.3899563123955427,0.06484503426714301,0.031604018024139716,-0.1589549293551188,-0.1475282013267579,0.019775075758355725,0.10413024603019352,0.20722887431491452,0.15285170580705384,0.059693122891549724,-0.06351072628497496,0.03586089976560382,0.01880866339267023,0.13010120561315364,-0.06544766925085882,-0.1213993760874713,0.2252845871641494,-0.2798388397560632,-0.283407976333879,-0.21813395930497928,-0.18073489894882064,-0.058579826828238736,0.01361282418227306,-0.03820829343793649,0.3578093737881237,-0.02984827737682189,0.09585396740417383,0.03131985984275208,-0.12418742085268046,-0.15116322965677947,-0.10803707783806415,-0.039862450967270334,0.0923630772821025,0.13862732379962045,0.10880032396778168,0.15938048025478144,-0.041301087557097604,0.10018635011170711,0.2687511797025948,0.1505441217350122,0.2945011273666979,0.09328281632330887,0.30484887795268834,0.01936325230706929,0.41767477615679494,0.04599724764660057,0.2752675994467838,0.026879030293046703,0.21312481339249864,0.10252688005985168,-0.19802873841317561,0.20095680315182216,-0.04706387038543243,0.0605812888014908
