,#10,#11,#12,#13,#17,#18,#26,#49,#50,#51,#52,#53,#54,#58,#101,#102,#201,#202,#301,#302,#401,#402,#501,#502,#601,#602,#701,#702,#801,#802,#901,#902,#1001,#1002,#1101,#1102,#1201,#1202,#1301,#1302,#1401,#1402,#1501,#1502,#1601,#1602,#1701,#1702,#1801,#1802,#1901,#1902,#2001,#2002,#2101,#2102,#2201,#2202,#2301,#2302,#2401,#2402,#2501,#2502,#2601,#2602,#2701,#2702,#2801,#2802,#2901,#2902,#3001,#3002,#3101,#3102,#3201,#3202,#3301,#3302,#3401,#3402,#3455,#3501,#3502,#3601,#3602,#3701,#3702,#3801,#3802,#3901,#3902,#4001,#4002,#4101,#4102,#4201,#4202,#4301,#4302,#4401,#4402,#4501,#4502,#4601,#4602,#4701,#4702,#4801,#4802
#10,1.0,0.47417139822203114,0.44837441039972686,0.6175470099520732,0.052921761782521275,0.13878526536754385,0.025936089227228468,0.37500474209334966,-0.10578029565371337,0.49394908888579775,0.4457441292884331,-0.0908332174154959,0.027099482795685328,-0.20689437145133346,-0.041515446578737715,0.4880056652208551,0.173813528243908,0.060003287851389114,-0.07629079780978515,0.24814426080248866,-0.0023394327191795547,0.22009635933686567,-0.3535578345704928,-0.04505620961317164,-0.23494227291695646,0.1476624641181603,0.2598034876515889,0.2983219312333236,-0.07363522553395971,-0.230136951655939,-0.030665536994650917,-0.16756661060458528,-0.01918334829727235,-0.15312535565700122,-0.2516850238369226,-0.21362182121675793,-0.14599324725907004,-0.09981158082423905,-0.31938947128820544,0.027782344238040442,-0.04272942247625792,0.048824593128390596,0.26412827678650463,0.11614967311169842,-0.3860063986646265,-0.12361056664854134,0.1085370325876655,0.06293706293706294,-0.1936670924012696,-0.1169589903767119,0.13997395010053237,0.0824871331200445,0.03982093855511577,0.08357465319490635,-0.21119386942171753,0.1466508175368935,-0.13506746418138824,0.04938099874808736,-0.07204188216846445,0.0687034484502839,0.18208373904576436,0.02282527598983295,-0.4757394504229947,0.0675653460463587,0.4611717396527523,0.3095512082853855,-0.5343390786428761,-0.12570973330467,-0.03256237433452623,-0.24822013429608367,-0.18334829727234792,-0.19356592774314293,-0.4601853842360171,-0.3163798227089366,-0.31134688096713414,-0.17044980336119578,-0.35429127834191126,0.015566711769243414,-0.0663513701488385,-0.10074735391191088,-0.25535224269401485,0.1286687995548755,,0.015541420604711744,-0.3907105552675173,0.17034863870306907,0.07333173155957966,-0.048495807989478876,0.13903817701286056,0.04295704295704296,-0.08359994435943803,-0.2079060180326003,-0.3212357262990174,0.19265544582000277,0.1282388497578371,0.06076202278733924,0.037443569089138706,0.21878121878121878,0.3875744508655901,0.07927515522452232,-0.01126721379885937,-0.11528977351762162,-0.2487259575867171,0.14250306655369946,0.15239191188558276,0.24118919055627916,0.034787996813313266,-0.19088506430278582,-0.03665954298865691,-0.30803373841348525,-0.039441571087140706
#11,0.47417139822203114,1.0,0.34432655951643293,0.149837504267884,-0.07575968335462006,-0.0390116212901023,0.5186585566332402,-0.10866348841032385,0.2665309374170134,0.5942032650893411,0.2693382566800288,-0.06711010508478862,0.304366519556393,0.10423753461728145,-0.08365052668850137,0.37685099710416164,0.11367113898759468,0.03792410121524046,-0.37411955133474123,0.2755345919902882,0.06569379987101506,0.14465281553889148,-0.3051758368214064,-0.047534743737275384,-0.14467810670342315,-0.04758532606633872,0.04702892044664197,-0.0466495529786669,-0.01695772581848531,-0.23737022471199687,0.056234904336170156,-0.13595265493999673,-0.13021156059130742,-0.20145677107702425,-0.36620341683632823,-0.3962493202999532,-0.39533883837681305,-0.302520264545581,-0.49766689007195336,-0.5614259158562956,-0.10449044626259817,-0.23122447173080085,-0.1099280466369074,-0.060610275800149216,-0.18686376914225014,0.008788679674755624,0.007397665625513727,-0.22070334728562577,-0.08931574754359564,-0.01574374992096511,0.2847405758798164,0.1159979261245084,0.2347399436007031,0.013113468809671342,-0.3108916400055641,-0.05150545656874771,-0.03392809721923646,0.05982624969966742,-0.0008978363408743156,-0.021358388446996043,0.15092502434274585,0.0035028262876364144,-0.3727032461209676,0.2795811783153555,0.20555393973115493,0.3660769610136699,-0.28066869839021735,0.11144551650880764,-0.27712793535578345,-0.4120057158031842,-0.3272550234575551,-0.394959470908838,-0.7221259752905322,-0.46390318542217274,-0.2292011785682672,-0.4865640688425499,-0.5274092995611983,-0.16630205237800175,0.26534225268402484,-0.037443569089138706,-0.23162913036330757,0.15891703233475385,,0.041818940553117766,-0.33426067603282794,0.1888111888111888,0.07881991426295223,-0.10385816714930639,0.2912909874935191,0.11761656065453534,-0.3406846318238723,-0.09756066718092035,-0.19146676108701424,0.22634327697618836,0.2434906865286612,0.12639259474702513,0.04272942247625792,0.2494088190290722,0.16415230339280973,-0.12914933168097725,-0.11898228353924556,-0.19485577713425814,-0.29768965212003184,-0.01597137040175015,-0.15702019499487854,0.03099432213356264,-0.21405177101379633,-0.2469808672340318,-0.09303354872975127,-0.08820293630420213,0.08903754473374727
#12,0.44837441039972686,0.34432655951643293,1.0,0.6595809254037102,0.23747138937012355,0.4246765892335513,-0.05476801679333325,0.29865071637223534,-0.3825415091237876,0.6162318693964264,0.4561387979109498,0.1662514700489384,0.23458819661351307,-0.15509806649047156,-0.46319503281528596,0.20024279517950405,0.8660074103112078,0.6968853930879247,-0.0339786795482998,0.12742953249282363,-0.6096055842891286,-0.2169349637704068,-0.3675185573919751,0.09336233386866298,-0.5180768598490118,-0.034787996813313266,0.3636995915476928,0.3553787984167731,0.2821861682621176,0.3289748226457087,0.33668862782786835,0.2841841702601196,0.4519657557632241,0.29738615814565184,-0.19060686149293743,0.026062545049886823,-0.10873936190391886,-0.07378697252114974,-0.27452294540902134,-0.050822595126392596,-0.21384944169754297,-0.17596327722910002,0.16733899012380024,-0.07194071751033776,0.057878830030728766,-0.004312143552649882,0.43077175988568395,0.36885898911215365,0.2446287889325864,0.1173889401737503,0.4066945712515333,0.45376142844497275,0.5498931448298537,0.653839831055021,-0.4456429646303064,0.4308223422147473,-0.6231869396426358,-0.47675109700426155,-0.5162053136736681,-0.43239039441571087,-0.17123382946167756,-0.19771367872633697,-0.4341101936038645,-0.33603105755004486,0.439219008839262,0.3160004552409616,-0.5473134460476232,-0.5196196208854437,0.06361992437941805,-0.12376231363573136,0.23661148977604674,0.24151797569519087,-0.17644380935520176,0.09111142022534427,-0.14652436171423514,-0.0029211295034079843,0.1258108979627967,0.12032271525942412,-0.3210839793118274,0.22773429102543027,0.32867132867132864,0.2909874935191391,,0.16134498412979426,-0.08491508491508491,-0.004210978894523198,-0.1410867613399259,0.17227076720747606,0.3612716397526524,0.13628144007890844,0.16374764476030298,-0.4663058460526815,0.08410576765007145,-0.18504280529596986,-0.34976415989074217,0.5953919498223296,0.3774579850529218,0.6982258248081032,0.6891462967412334,0.18992400005058233,0.48163229175887406,0.42389256313306944,0.26549399967121484,0.5060382655319364,0.40396312548211283,0.42156577599615574,0.44367025379683606,-0.21397589752020132,-0.3966033966033966,-0.077378317884647,-0.39680572591964997
#13,0.6175470099520732,0.149837504267884,0.6595809254037102,1.0,0.04606785619443847,0.37993651917702553,-0.2177442810354203,0.37530823606772973,-0.33061874834026733,0.5555836568494796,0.2931372425043311,-0.00395806724920649,0.2665815197460767,-0.2776337586464169,-0.048167022850567155,0.21078921078921078,0.4181261776198485,0.3627891096245527,-0.03633075784974519,-0.09697897039669191,-0.30767966211004183,-0.26663210207514004,-0.25598452180730663,-0.1863073635225534,-0.2899252646088089,0.08316999456239962,0.11941223333628397,0.06561792637742005,0.12133436184069095,0.03286586830890628,0.016730105337700276,0.01743825794458706,0.37581405935836315,0.1407326850364825,-0.01958800692977908,0.27738084700110016,0.15719723314660022,0.081374321880651,0.008611641523033928,0.2827425738818144,0.2314268010470542,0.13357528547401964,0.4059611274801148,0.1713855764488676,-0.3772303645721367,-0.24910532505469216,0.1655433174420516,0.199939301205124,-0.1423766107310411,-0.4086166997559403,-0.11516331769496327,-0.07962923152796571,0.021383679611527713,0.14877527535755383,-0.17940287560540724,0.1885582771658721,-0.3606646518038923,-0.3115492102833875,-0.2653169615194932,-0.27841778474689866,-0.07421692231818815,-0.15985280542242566,-0.4352482960077897,-0.10239127960646947,0.44533947065592633,-0.09857231376218718,-0.4825174825174825,-0.4650918701551613,0.14624615890438675,-0.13539624932029995,0.046497805991476876,-0.022445908521857887,-0.1472578054856536,-0.3010533770027441,-0.04399398070284146,0.10585616914730839,-0.07778297651715373,-0.10977629964971737,-0.2030501144425195,-0.03430746468721152,0.12533036583669496,0.21445642964630307,,-0.06007916134498413,-0.27897419036659543,-0.06662957295868688,-0.10322588803601462,-0.06136901073609934,0.24728436120841185,0.042147725692029486,0.01925922179086736,-0.45629054489813986,-0.20525044575677487,0.03739298676007537,-0.06751476371729537,0.24040516445579738,-0.027276520947407023,0.5510818295628422,0.6573047205958599,0.27980879879614057,0.22879651993576045,0.18919055627916387,0.08898696240468393,0.42310853703258766,0.521819952199699,0.5789021105476801,0.33701741296678006,-0.21359653005222626,-0.19971168072433895,-0.22861948178403874,-0.29698149951314506
#17,0.052921761782521275,-0.07575968335462006,0.23747138937012355,0.04606785619443847,1.0,0.6711642787592155,-0.38077112760657067,0.31038581671493065,0.0257337599109751,-0.10299826755522958,0.24839717244780535,0.6223776223776224,0.0446515509806649,-0.40793383831358515,-0.4879297917272601,-0.1293769521617623,0.31428065605280797,0.1615726046105793,0.2154680762275699,0.29988998343428724,-0.3855258665385248,-0.1603586287130591,-0.3882826034724769,-0.044828589132386604,-0.5214658758962556,-0.2056803955538133,0.08026151064125747,0.2348916905878931,-0.0038569025910798064,0.42295679004539766,0.18081918081918083,0.062001289849391114,0.41228391861303254,-0.11594734379544507,0.0021876857319895293,0.13438460273903313,-0.030640245830119248,0.1311220425144476,-0.2510274535590991,-0.23688969258589512,0.03268883015718459,0.36976947103529384,0.415015364382453,0.302520264545581,0.2472337788793485,0.002997002997002997,0.22224610832205768,0.2705016502484857,0.09063088809924252,0.1801363193768257,0.16465812668344315,0.20593330719912997,0.08574969334463005,0.368681950960432,-0.45765626778285007,0.2514321121916059,-0.19986342771152898,-0.19784013454899532,-0.20143147991249258,-0.2289988492520138,-0.01425157121359653,0.18575095790285664,0.14773833761175534,-0.356769812466015,-0.005779031095486792,0.41549589650855473,-0.248118969637957,-0.2571479153757635,0.010280858382124204,0.26084042539738744,0.2351698933977415,0.31620278455721496,-0.00808052706786884,0.3126873126873127,0.014681521010634935,0.06533972356757167,0.2415938491887859,0.1850933876250332,-0.6207336966830638,0.09877464307844054,0.5574046206957599,0.7824454026985672,,0.3783684669760619,0.6042944397374778,0.06888048660200559,0.1223460084219578,0.2244970219653764,0.3685807863023053,0.6220488372387106,0.6833799112280124,-0.06996800667686744,0.0454355770811467,-0.3170121018222284,-0.29675387903236006,0.12105615903084258,0.013113468809671342,0.09857231376218718,0.0442216011836265,0.06048381997749086,0.30504938099874807,0.475107171309703,0.4094260170209537,0.3351205756269047,0.17894763464383717,0.29455354771810466,0.22148737338610755,0.21410235334285968,-0.10646315709606849,-0.1204238799175508,-0.2715385879942842
#18,0.13878526536754385,-0.0390116212901023,0.4246765892335513,0.37993651917702553,0.6711642787592155,1.0,-0.4054805953540131,0.451131147333679,0.013594000935773088,0.20388472287206463,0.15866412068943714,0.6538145398904892,0.43737275382845003,-0.32730560578661844,-0.4463258260726615,-0.32105868814729577,0.5323157854803424,0.47257805485653587,0.003705155603889781,-0.07037266530937417,-0.5364635364635365,-0.42245096675476423,-0.29910595733380546,-0.14503218300686654,-0.4828462676563942,-0.03600197271083347,0.14305947217339623,0.24781547566357692,0.25557986317479986,0.4200483061242555,0.2030501144425195,0.14361587779309298,0.6743762566547377,0.15737427129832193,0.0014036596315077329,0.32973355758165884,0.1272019120120386,0.08430809696632481,-0.031398980766069375,-0.0926541812617762,0.1368125545340735,0.24103744356908913,0.3602599931713856,0.07017033599312081,0.10681723339951188,-0.1574754359564486,0.4215910671606874,0.32174154958965084,0.23415824681647465,0.0023647238837112253,0.1982953755105654,0.1679965604016237,0.2113709075734392,0.3837807761858395,-0.4249800832079313,0.2786454052276837,-0.3340583467165746,-0.4062899126190265,-0.2912404051644558,-0.3636237180540978,-0.2580583972989036,0.04070612931372425,-0.05838465332136218,-0.3862846014744749,0.19713198194210851,0.13142553648882763,-0.31835253354240695,-0.5857054338066996,0.1735353254340596,0.10352938201039467,0.34222739286030424,0.3615751337270325,-0.044474512828943207,0.13122320717257427,0.09118729371893929,0.16450637969625312,0.006638930689563601,-0.025278518949405027,-0.5528016287509958,0.12839059674502712,0.5675463776729599,0.6868195096043197,,0.18114796595809254,0.3610946016009307,-0.2717914996396009,-0.15320122915059625,0.16511336764501322,0.2535818611767979,0.46529419947141465,0.45674578585970993,-0.2640018209638463,0.04632076783975518,-0.3802147219868739,-0.41633050493809987,0.2900770115959989,0.019360386448994044,0.5063164683417848,0.38084700110016567,0.3682267099988619,0.3908623022547073,0.6763236763236763,0.5094019904146486,0.5963024317454697,0.3398500233943272,0.6028022610301091,0.34789261371539854,-0.012658227848101266,-0.3421262282021776,-0.14260423121182614,-0.33797847721898355
#26,0.025936089227228468,0.5186585566332402,-0.05476801679333325,-0.2177442810354203,-0.38077112760657067,-0.4054805953540131,1.0,-0.4166087077479483,0.23883711225483378,0.34126632860810074,-0.06389812718926643,-0.3713628144007891,0.351003426952794,0.3521415293567192,0.29526170032499144,0.024620948671581582,-0.06351875972129137,-0.1208538297145892,-0.08461159094070486,-0.0345856674970599,0.2361056664854133,-0.15846179137318378,-0.08516799656040162,-0.31230794521933763,0.17834064669507707,-0.3353481961076898,-0.08481392025695823,-0.3819851035040909,0.18241252418467607,-0.3039871520884179,0.24978818649704726,0.02080198282729928,-0.24607038531089165,0.14174433161774935,-0.20874062646214545,-0.13041388990756078,-0.2583618912732837,-0.12431871925542812,-0.29475587703435807,-0.3807964187711023,-0.0506455569746709,-0.25350598768320287,-0.3459957763755232,-0.09513271538587995,-0.20439054616269806,-0.34612223219818156,-0.42695279404140163,-0.5221234461740791,-0.25092628890097246,-0.21073862846014746,0.05269414130173624,-0.05656368947508188,0.07955335803437069,-0.23615624881447667,0.11786947229985205,-0.31036052555039895,0.23946939136812553,0.027580014921787074,0.15284715284715283,0.17282717282717283,0.06612374966805347,-0.07358464320489637,-0.032385336182804536,0.5723264077694458,0.047509452572743714,0.0962202354607418,0.15380821709935635,0.44005361726880715,0.14523451232311993,-0.01812111938694217,0.0631393922533163,-0.11731306668015529,-0.16984281541243568,-0.006993006993006993,0.2615991603333375,-0.017387675615523717,-0.1365596428887568,-0.0009737098344693282,0.4456429646303064,-0.1689323334892955,-0.4911670607873139,-0.2435159776931929,,-0.10309943221335627,-0.32958181059446884,0.039112785948228986,0.03769648073445542,-0.21551865855663324,0.05309879993424297,-0.02247119968638956,-0.509073205275737,0.17932700211181224,-0.34230326635389924,0.32078048533744735,0.2367379455987051,-0.03491445263597162,-0.11516331769496327,-0.022445908521857887,-0.15148142996244263,-0.05977566737060408,-0.03724123977288534,-0.2509515800655041,-0.3234107664487411,-0.3733355252342594,-0.09756066718092035,-0.21567040554382327,-0.06531443240304,-0.039036912454633976,0.2615991603333375,0.17576094791284666,0.3304417101885456
#49,0.37500474209334966,-0.10866348841032385,0.29865071637223534,0.37530823606772973,0.31038581671493065,0.451131147333679,-0.4166087077479483,1.0,0.067312434401042,-0.09955866917892234,0.3420503547085826,0.33911657962290875,-0.006082525069866842,-0.07201659100393278,-0.1694634479444606,-0.12282654054805954,0.22133562639891755,0.27583808596466824,0.2005462891538841,-0.13319591800604458,-0.3697947621998255,-0.11066149040832585,0.018905145487423967,0.15046978338117578,-0.1286687995548755,0.3586666498058903,0.4406606052175672,0.4854259664386247,-0.018728107335702272,0.26751729283374853,-0.0544645228189532,0.2218920320186143,0.32988530456884885,0.07355935204036469,0.11291240405164456,0.25899417038657546,-0.014023950732811492,-0.0867613399258969,-0.3836037380341178,0.11265949240632785,0.07495036608960659,0.019638589258842425,0.1651386588095449,-0.023584010925783078,-0.10064618925378419,-0.0030981676551296803,0.4409640991919473,0.5821646707722657,0.2952364091604598,0.02482327798783495,0.23964642951984724,0.30507467216327977,0.05608315734898013,0.25793194147624526,-0.37692687059775665,0.049254542925429,-0.4279897317872001,-0.35444302532910127,-0.28898949152113707,-0.2752310980159081,-0.3319591800604459,0.14523451232311993,0.005070878488600008,-0.14892702234474386,0.46071649869118225,0.021687173585907764,-0.1207779562209942,-0.2988783368530204,0.12560856864654332,-0.0944751451080565,0.20482049595973648,0.16683316683316685,0.11271007473539119,0.059295135244502334,-0.18833065668508706,0.21053629914389407,-0.03248650084093122,0.08253771544910786,-0.30778082676816854,0.1909103554673175,0.31809962189709023,0.19849770482681875,,0.3975644608556001,0.21784544569354697,-0.11703486387030691,-0.2733595518405645,0.37331023406972774,0.09237597845192781,0.3383325535224269,0.26445706192541635,-0.2499399334842373,0.08660959293870686,-0.27115922052630914,-0.3660263786846065,0.1439446629320047,0.17737958244287358,0.3456669912366115,0.4546719103681129,0.5800907952806686,0.3297841399107222,0.22983345768155894,0.224142945661933,0.6076075822911265,0.32796317606444186,0.48894143830852693,0.3946812680989896,-0.002642926693559605,0.18036393985761073,-0.29503407984420643,-0.3682267099988619
#50,-0.10578029565371337,0.2665309374170134,-0.3825415091237876,-0.33061874834026733,0.0257337599109751,0.013594000935773088,0.23883711225483378,0.067312434401042,1.0,-0.18208373904576436,-0.08638197245792183,-0.013897494910153138,0.25153327684973253,0.3312510274535591,0.17125912062620924,-0.23216024481847267,-0.37088228227468734,-0.12393935178745305,-0.09250243427458617,-0.2407339495947091,0.14897760467380722,-0.15077327735555585,0.20691966261586514,-0.011494834279644406,0.23339951188052455,0.22444643963631306,0.01844990452585389,-0.09452572743711984,-0.07049912113203252,-0.06736301673010534,-0.04728183209195867,0.0454355770811467,-0.05201127985938112,-0.0948292214114999,0.03456037633252823,0.020245577207602523,-0.15868941185396881,-0.31369895926857955,-0.2531266202152278,-0.4638020207640461,0.053250546921432995,-0.03248650084093122,-0.036507796001466884,-0.10148079768332934,-0.027301812111938693,-0.033776350232046434,-0.03296703296703297,-0.09753537601638868,0.07275003477535123,-0.00426156122358654,0.07206717333299612,-0.1803892310221424,-0.21458288546896143,-0.3740183866766145,-0.15947343795445063,-0.5428874922545809,0.10236598844193781,-0.06718597857838364,0.280390495580369,0.13537095815576827,-0.2836024734758912,0.08324586805599464,0.36638045498804994,0.44650286422438323,0.027554723757255404,0.018272866374132196,0.40029590662502057,0.4525727437119842,-0.14859823720583215,-0.10886581772657722,-0.2134700742295679,-0.29746203163924684,-0.20742548590649856,-0.2435665600222562,-0.2025442911518861,-0.36015882851325887,-0.5525234259411475,-0.20552864856662326,0.28866070638222535,0.050215607177632494,-0.029729763906979095,0.07333173155957966,,0.0872671632165303,0.16888175116023219,-0.34594519404645985,-0.28504406985419645,-0.04690246462398361,-0.038531089164000554,0.35904601727386537,0.012329442709189545,0.05851110914402054,-0.06576967336461008,-0.02037203303026088,0.2048710782887998,-0.24703144956309514,-0.08311941223333628,-0.1101050847886291,-0.10952338800440066,0.06946218338623401,-0.11961456265253734,-0.03820230402508883,0.12067679156286751,-0.11362055665853134,-0.14814299624426205,-0.11786947229985205,-0.14022686174584909,-0.08372640018209639,0.14262952237635781,-0.02722593861834368,0.25795723264077697
#51,0.49394908888579775,0.5942032650893411,0.6162318693964264,0.5555836568494796,-0.10299826755522958,0.20388472287206463,0.34126632860810074,-0.09955866917892234,-0.18208373904576436,1.0,0.37095815576828234,-0.039416279922609036,0.40072585642205893,0.08547149053478167,-0.16544215278392493,0.27277785505633606,0.44713514333767496,0.3967804347551183,-0.2014820622415559,0.13521921116857827,-0.19601917070271502,-0.13658493405328848,-0.4317834064669508,-0.16875529533757383,-0.2871685276748568,-0.16941286561539726,0.14571504444922168,0.04189481404671278,0.3216909672605875,0.011444251950581064,0.3576297120600918,0.11240658076101114,0.18342417076594292,0.19230136951655938,-0.2550487487196348,-0.06215303683658114,-0.029476852261662388,-0.09214835797114278,-0.10125317720254429,-0.17014630938681571,0.036153719698023494,-0.22292896976441282,0.010811972837289293,-0.06981625968967742,-0.1781636085433554,-0.17191669090403267,0.17227076720747606,-0.0136698744293681,0.10901756471376725,-0.07770710302355872,0.21319187141971951,0.08081791626095423,0.35532821608770976,0.23405708215834797,-0.20970169071434894,0.31756850744192516,-0.21228138949657938,-0.25122978287535247,-0.28769964213002186,-0.28843308590144034,-0.041464864249674376,-0.3213621821216758,-0.46094411917196726,-0.031171360285284336,0.30350661996231615,0.14614499424626007,-0.32184271424777755,-0.2431619013897495,0.0608884786099976,-0.18757192174913695,0.006588348360500259,-0.09452572743711984,-0.42414547477838616,-0.23777488334450358,0.027655888415382086,-0.1408085585300775,-0.30368365811403786,-0.26777020447906524,0.13825415091237875,0.12919991401004058,-0.17254897001732444,0.1342328557518431,,-0.046194312017096825,-0.475334791790488,0.009648579268832433,-0.07967981385702905,-0.22550866854664323,0.44786858710909344,-0.014175697720001518,-0.22477522477522477,-0.22781016451902528,-0.15717194198206857,0.001555406618697758,-0.10143021535426598,0.3256110977629965,0.046851882294920266,0.4613740689690057,0.36878311561855864,0.10557796633746001,0.16511336764501322,0.13504217301685656,-0.04606785619443847,0.08271475360082955,0.19520985343770153,0.22323246373879285,0.10916931170095727,-0.37500474209334966,-0.40924897886923206,-0.17348474310499626,-0.1229529963707179
#52,0.4457441292884331,0.2693382566800288,0.4561387979109498,0.2931372425043311,0.24839717244780535,0.15866412068943714,-0.06389812718926643,0.3420503547085826,-0.08638197245792183,0.37095815576828234,1.0,0.1298827754523957,0.03301761529609631,0.03731711326648036,-0.1625083776982511,0.30560578661844484,0.3454140795912948,0.18658556633240178,0.031702474740449425,0.22712730307667017,-0.4339331554521428,0.12568444214013835,-0.523742080704106,0.04303291645063797,-0.4646872115226546,0.015060888478609997,0.43585528395654977,0.4349448020334096,0.11303885987430291,0.21124445175078085,0.3989301837403103,0.4239431454621328,0.07328114923051632,0.04670013530773025,0.1263167212534301,-0.007094171651133676,0.06511210308678664,-0.004160396565459856,-0.36228328633391926,0.03769648073445542,-0.02889515547743396,-0.09824352862327546,0.1253809481657583,0.08443455278898317,-0.20482049595973648,0.12611439193717675,0.3250041098142364,0.41142401901895576,0.23989934116516395,0.12816297626424208,0.21926175090732053,0.2258121625210233,0.21756724288369858,0.3764969208007183,-0.46263862719558924,0.278620114063152,-0.3083119412233336,-0.20138089758342922,-0.30692092717409175,-0.302520264545581,-0.20772897988087863,-0.23423412031006968,-0.04063025582012924,-0.12892171120019222,0.16577093792283665,0.28957118830536555,-0.21787073685807862,-0.17644380935520176,-0.06407516534098813,-0.2563638892752817,-0.11308944220336625,-0.12672137988593685,-0.18939288559541725,0.14103617901086254,-0.13041388990756078,-0.02770647074444543,0.08615435197713679,0.2928843308590144,-0.01743825794458706,0.2119778955221993,0.05362991438940806,0.1761403153808217,,0.3724756256401826,-0.20059687148294744,0.059548046889819045,-0.14619557657532342,0.1969802349549185,0.4858306250711314,0.24495757407149812,0.14680256452408352,-0.18537159043488158,-0.16857825718585212,-0.17090504432276585,-0.28431062608277796,0.12055033574020915,0.06779296652714374,0.1908344819737225,0.22469935128162977,0.17626677120348005,0.33762440091554013,0.08185485400675274,0.0588904766119956,0.17608973305175837,0.20127973292530255,0.013442253948583062,0.20659087747695343,-0.2717662084750692,-0.30659214203518004,-0.340709922988404,-0.20881649995574048
#53,-0.0908332174154959,-0.06711010508478862,0.1662514700489384,-0.00395806724920649,0.6223776223776224,0.6538145398904892,-0.3713628144007891,0.33911657962290875,-0.013897494910153138,-0.039416279922609036,0.1298827754523957,1.0,0.16058624919384412,-0.1033270526941413,-0.5899290582834886,-0.40262269376193427,0.22472464244616144,0.22077922077922077,-0.15760189177910697,0.050240898342164164,-0.4810000126455823,-0.16379822708936634,-0.39341670987240607,0.01334108929045638,-0.41777210131640513,-0.07474803677335323,0.10191074748036773,0.1977642610554003,0.18286776514624617,0.44845028389332187,0.12335765500322463,-0.011166049140732685,0.30082575652195903,0.035749061065516764,-0.0851932877249333,0.04508150077770331,-0.21331832724237787,-0.2488777045739071,-0.1683253455405354,-0.3760922621682115,0.05866285613121056,-0.1330188798543229,0.08377698251115973,-0.12194134978945105,0.3480949430316519,0.07970510502156072,0.35128162976264243,0.26802311612438195,0.2726766903982094,0.22836657013872202,0.3010533770027441,0.2737895016376029,0.28033991325130564,0.4441254947584061,-0.511678195222499,0.2994853248017805,-0.05451510514801654,-0.23415824681647465,-0.06399929184739311,-0.17980753423791399,-0.0663513701488385,0.19432466267909307,0.025455557101126722,-0.39227860746848087,-0.007701159599893777,0.23615624881447667,-0.19260486349093944,-0.3657734670392898,-0.12626613892436678,-0.12904816702285057,0.14649907054970346,0.16900820698289054,-0.08263888010723454,0.210156931675919,0.15148142996244263,0.16124381947166758,0.11389875946837973,0.16569506442924165,-0.443139139341671,0.1427306870344845,0.5410412372437688,0.6702285056715437,,0.5205301028085838,0.5344908256300661,0.0739134283438081,0.058586982637615546,0.3473867904247651,0.3199711680724339,0.5524475524475524,0.2743459072572997,-0.03860696265759557,0.2597276141579939,-0.2888630356984787,-0.2980184372589436,0.2126101746354911,0.04763590839540206,0.2516597326723909,0.16551802627751994,0.19472932131159978,0.22793662034168363,0.34377015389673615,0.23554926086571656,0.2925049633910393,0.07216833799112281,0.29961178062443883,0.025632595252848417,0.141617875795091,-0.23484110825882978,-0.13585149028187002,-0.07864287611123054
#54,0.027099482795685328,0.304366519556393,0.23458819661351307,0.2665815197460767,0.0446515509806649,0.43737275382845003,0.351003426952794,-0.006082525069866842,0.25153327684973253,0.40072585642205893,0.03301761529609631,0.16058624919384412,1.0,0.005956069247208488,0.12517861884950493,-0.33780143906726184,0.24564043551385323,0.21334361840690955,-0.28891361802754206,-0.33190859773138254,-0.1612944018007309,-0.6072029236586198,-0.21539220273397489,-0.5068728739614815,-0.25697087722404177,-0.3003199332313256,-0.1817043715777893,-0.3195159271108638,0.16986810657696733,-0.02454507517798657,0.2154680762275699,0.05840994448589385,0.4391937176747303,0.18504280529596986,0.14045448222663412,0.4234373221714994,-0.02386221373563146,-0.038101139366962154,-0.08023621947672581,-0.19986342771152898,0.24174559617597594,0.10008978363408744,0.11450574741713983,0.1002921129503408,-0.25214026479849266,-0.43570353696935976,-0.0888352154174939,-0.22662147978603675,-0.1603333375485274,-0.4236902338168161,-0.029451561097130718,-0.11683253455405354,0.21392531519113797,-0.0685264102985622,-0.04042792650387587,-0.18484047597971648,-0.0016059889477610997,-0.24278253392177443,-0.1714614499424626,-0.19207374903577434,-0.18276660048811946,0.03572376990098509,-0.15947343795445063,0.37735682039479507,0.09490509490509491,-0.08711541622934028,0.037797645392582103,-0.1711832471326142,0.08193072750034776,-0.189873417721519,0.10684252456404356,-0.05608315734898013,-0.21455759430442975,-0.2121802248384527,0.25970232299346224,0.12055033574020915,-0.19692965262585516,-0.21099154010546414,-0.04186952288218111,-0.3017868207741625,0.11675666106045852,0.29804372842347526,,-0.24705674072762682,-0.08316999456239962,-0.3299358868979122,-0.19012632936683568,-0.09138962303519266,0.22194261434767765,0.2707292707292707,-0.1764943916842651,-0.33226267403482596,-0.3874732862074634,-0.11043386992754081,-0.022268870370136192,-0.01544025594658506,-0.35768029438915516,0.5275357553838567,0.252342594114746,0.2267479356086951,0.18633265468708507,0.35421540484831626,0.1511526448235309,0.27472527472527475,0.31248498337105934,0.37938011355732876,0.23926706205187218,-0.05110079793624098,-0.09379228366570139,0.15590738375548502,-0.024671531000644925
#58,-0.20689437145133346,0.10423753461728145,-0.15509806649047156,-0.2776337586464169,-0.40793383831358515,-0.32730560578661844,0.3521415293567192,-0.07201659100393278,0.3312510274535591,0.08547149053478167,0.03731711326648036,-0.1033270526941413,0.005956069247208488,1.0,0.10188545631583606,-0.02747885026366039,-0.16450637969625312,0.17419289571188307,-0.1351939200040466,-0.09080792625096422,-0.002440597377306238,0.010179693723997522,0.14538625931030993,0.42520770368871635,0.276394491584365,0.4588955348449019,0.4252582860177797,0.0985470225976555,0.25439117844181136,0.13650906055969347,0.27535755383856647,0.37313319591800603,-0.19106210245450753,0.3999924126506405,0.0764172536324435,-0.10188545631583606,-0.09275534591990288,-0.4620569304113608,-0.145765626778285,-0.1955133474120816,-0.22270134928362775,-0.5724022812630407,-0.3675185573919751,-0.5314053035572023,0.1385829360512905,0.18286776514624617,0.18233665069108107,0.11609909078263508,0.40778209132639515,0.1787705964921155,0.1701716005513474,-0.052921761782521275,-0.015465547111116732,-0.0373676955955437,-0.11700957270577524,-0.09432339812086647,-0.15772834760176532,-0.17176494391684266,0.054869181451459935,0.04164190240139607,-0.3881814388143502,-0.1908344819737225,0.44116642850820065,0.320502282527599,0.05942159106716069,-0.0014795331251027453,0.5795090984964403,0.5133221209170576,-0.0029464206679396554,-0.20828538550057538,-0.17495163064783317,-0.23155325686971256,0.003553408616699756,0.06700894042666194,-0.030260878362144184,-0.08544619937025,-0.24771431100545024,0.07168780586502105,0.6249067388307895,0.5610212572237888,-0.29811960191707026,-0.2983472223978553,,0.15707077732394187,-0.01043260536931423,-0.2873202746620468,-0.33911657962290875,-0.10572971332465003,-0.009420958788047395,0.11511273536589993,-0.15312535565700122,0.11442987392354481,0.407175103377635,-0.12338294616775629,-0.047180667433831994,-0.04389281604471478,0.258108979627967,-0.07176367935861606,0.07515269540585996,0.035774352230048434,-0.03493974380050329,-0.18129971294528258,0.023432263938593052,-0.3095259171208538,-0.05112608910077265,-0.24321248371881282,-0.019638589258842425,-0.181957283223106,0.0018336094285461373,-0.38815614764981854,0.18762250407820028
#101,-0.041515446578737715,-0.08365052668850137,-0.46319503281528596,-0.048167022850567155,-0.4879297917272601,-0.4463258260726615,0.29526170032499144,-0.1694634479444606,0.17125912062620924,-0.16544215278392493,-0.1625083776982511,-0.5899290582834886,0.12517861884950493,0.10188545631583606,1.0,0.24058220260751906,-0.4448589385298246,-0.49759101657835836,0.0659214203518001,-0.13349941198042464,0.6250079034889161,-0.03954273574526739,0.2524690499374044,-0.2531266202152278,0.2273549235574552,-0.006740095347690284,-0.31116984281541243,-0.5740462069575993,-0.2832483971724478,-0.47052947052947053,-0.13046447223662413,-0.060635566964680886,-0.16733899012380024,0.06184954286220109,0.44083764336928893,0.304290646062798,0.4525980348765159,0.42697808520593333,0.1646834178479748,0.44619937025000317,0.1946281566534731,0.2634454153441495,0.04836935216682052,0.38226330631393923,-0.5846432048963695,-0.23221082714753602,-0.5496655243490687,-0.49693344630053493,-0.5480721809835734,-0.6838351521895826,-0.7031323107272475,-0.7137798909950809,-0.5711377230364573,-0.6218465079224573,0.6392721202847785,-0.49898203062760027,0.2005462891538841,0.2687059775667371,0.07854171145310386,0.12674667105046852,0.06152075772328937,-0.0033004969713830473,0.2740424132829196,0.5937986064568344,-0.36678511362055666,-0.4480962075898785,0.3762945914844649,0.30618748340267327,0.30987999342429723,0.19566509439927163,-0.029350396439004035,-0.16116794597807255,0.2370667307376168,-0.18036393985761073,0.2869914895231351,0.1371666308375169,-0.15353001428950797,-0.18850769483680876,0.3234107664487411,-0.32573755358565487,-0.43858672972597024,-0.38309791474348437,,-0.5025480848265659,-0.26010698162596896,-0.14093501435273587,-0.07244654080097118,-0.4420769104313408,-0.3236636780940578,-0.26921180085737045,-0.2532024937088228,-0.01250648086091124,-0.41493949088885795,0.230212825149534,0.22555925087570658,-0.6923835658012873,-0.5492102833874986,-0.19579155022192996,-0.36572288471022646,-0.0006702158600892778,-0.27227203176570264,-0.36880840678309035,-0.13137495415976427,-0.27550930082575653,0.01513676197220501,-0.016426611363320225,-0.013391671619519721,-0.03220829803108284,0.4727045106791942,-0.03534440243301003,0.03807584820243048
#102,0.4880056652208551,0.37685099710416164,0.20024279517950405,0.21078921078921078,-0.1293769521617623,-0.32105868814729577,0.024620948671581582,-0.12282654054805954,-0.23216024481847267,0.27277785505633606,0.30560578661844484,-0.40262269376193427,-0.33780143906726184,-0.02747885026366039,0.24058220260751906,1.0,0.008358729877717219,-0.16066212268743915,0.014378027036254884,0.7035875516888175,0.34412423020017957,0.6241985862239027,-0.20125444176077087,0.36792321602448186,-0.22975758418796394,0.2026960381390761,0.15239191188558276,0.11025683177581912,-0.32859545517773364,-0.24154326685972255,0.038733418480253926,-0.06506152075772328,-0.2029742409489245,-0.16104149015541422,-0.0454355770811467,-0.38284500309816766,0.07608846849353179,0.15024216290039075,-0.21397589752020132,0.2184271424777754,-0.2666826844042034,0.047180667433831994,0.18423348803095638,0.2910380758482024,-0.25831130894422033,0.4030526435589727,-0.013189342303266354,-0.08499095840867993,-0.21362182121675793,-0.009673870433364104,-0.2172131665802552,-0.21309070676159284,-0.1535805966185713,0.06303822759518962,0.10031740411487247,0.23314660023520783,-0.26230731294022436,0.33077049532745734,-0.23891298574842879,-0.0027440913516862883,0.22834127897419038,-0.12550740398841664,-0.1324118919055628,0.10337763502320464,-0.1200698036141074,0.3735378545505128,-0.24779018449904525,0.09417165113367645,-0.14657494404329846,-0.08053971345110586,-0.36670924012696166,-0.2809974835291291,-0.29432592723731965,-0.2609415900555141,-0.27437119842183133,-0.40636578611262153,-0.2612197928653625,-0.09037797645392583,0.16913466280554887,0.13076796621100417,-0.41521769369870637,-0.008763388510223954,,-0.18711668078756685,-0.3604370313231073,0.24920648971281883,0.08215834798113279,-0.3208310676665107,0.10466748441431986,-0.22290367859988114,0.019461551107120726,-0.1484717813831738,-0.0416166112368644,0.06493506493506493,0.07285119943347791,-0.26835190126329367,0.019461551107120726,-0.1107120727373892,-0.03036204302027087,-0.32965768408806384,-0.1790993816310272,-0.3324650033510793,-0.16038391987759076,-0.13623085774984509,-0.031070195627157654,-0.006057233905335171,-0.08096966324814427,-0.25527636920041985,-0.0625324043045562,-0.37614284449727486,-0.2132930360778462
#201,0.173813528243908,0.11367113898759468,0.8660074103112078,0.4181261776198485,0.31428065605280797,0.5323157854803424,-0.06351875972129137,0.22133562639891755,-0.37088228227468734,0.44713514333767496,0.3454140795912948,0.22472464244616144,0.24564043551385323,-0.16450637969625312,-0.4448589385298246,0.008358729877717219,1.0,0.7010078529065871,0.16943815677992893,0.08263888010723454,-0.6791562867512234,-0.34177215189873417,-0.3104111078794623,0.050266189506695834,-0.5252848417405379,-0.15413700223826807,0.36314318592799605,0.3440989390356479,0.4224003844257009,0.4138519708139961,0.45070119753664056,0.4351724225141947,0.5174698719002516,0.41203100696771583,-0.109498096839869,0.1169589903767119,0.05699363927212028,0.12153669115694432,-0.15312535565700122,-0.010963719824479318,-0.21223080716751602,-0.1282388497578371,0.14450106855170147,-0.06169779587501106,0.18140087760340926,-0.042147725692029486,0.42639638842170485,0.39640106728714325,0.3374979450928818,0.19773896989086862,0.4157993904829348,0.4475650931347134,0.5666611869143515,0.6672694394213382,-0.3752576537386664,0.46918903880929197,-0.606267150570948,-0.5409906549147055,-0.5164582253189848,-0.44270918954463256,-0.2895964794698972,-0.21245842764830106,-0.1968790702967918,-0.4595531051227254,0.29624805574172663,0.2787971522148737,-0.4279391494581368,-0.5609200925656622,0.29414888908559794,0.1849922229669065,0.49240632784936583,0.573919751134941,0.031778348234044435,0.3874732862074634,0.0032246234777880346,0.09938163102720064,0.3399511880524539,0.2700464092869156,-0.3902047319768839,0.2786454052276837,0.4296083663172271,0.2800617104414573,,0.1744963896862631,0.08314470339786796,-0.15962518494164063,-0.198093046194312,0.25621214228809164,0.276546238571555,0.15990338775148902,0.3130919713198194,-0.36063936063936064,0.13089442203366253,-0.28909065617926377,-0.5399790083334387,0.6070764678359615,0.3757634770292998,0.5980981044272183,0.5149154642825529,0.2086141706394871,0.574071498122131,0.5546731749263395,0.41407959129478117,0.4609188280074356,0.36605166984913823,0.34457947116174964,0.5380821709935634,-0.13258893005728448,-0.41324498286523603,0.010280858382124204,-0.43003831611426546
