,#10,#11,#12,#13,#17,#18,#26,#49,#50,#51,#52,#53,#54,#58,#101,#102,#201,#202,#301,#302,#401,#402,#501,#502,#601,#602,#701,#702,#801,#802,#901,#902,#1001,#1002,#1101,#1102,#1201,#1202,#1301,#1302,#1401,#1402,#1501,#1502,#1601,#1602,#1701,#1702,#1801,#1802,#1901,#1902,#2001,#2002,#2101,#2102,#2201,#2202,#2301,#2302,#2401,#2402,#2501,#2502,#2601,#2602,#2701,#2702,#2801,#2802,#2901,#2902,#3001,#3002,#3101,#3102,#3201,#3202,#3301,#3302,#3401,#3402,#3455,#3501,#3502,#3601,#3602,#3701,#3702,#3801,#3802,#3901,#3902,#4001,#4002,#4101,#4102,#4201,#4202,#4301,#4302,#4401,#4402,#4501,#4502,#4601,#4602,#4701,#4702,#4801,#4802
#10,1.0,0.47889919591471136,0.33257832367264156,0.6292559379793883,0.09008569359648852,-0.06041106844162574,0.31287531701826093,0.8766794675122774,0.23208516508972604,0.48309704962815775,0.5637924821628968,0.20275509888910623,0.18648395432877926,0.09277490073338893,0.26011524192911833,0.38419627505688314,0.267996170041903,-0.08412249002186097,0.4386544355101635,0.07571305514659199,-0.05274566126834759,-0.02572592462944469,0.09914992775930292,0.054210380010089675,0.006613198255241311,0.013168054854883711,-0.46972788765456247,-0.22637454656522082,-0.21295871126714644,0.07973657026566044,-0.3579782214031511,-0.03785275252499254,-0.3313455988084575,-0.27510149732143163,-0.2877211406136856,-0.20689804280904775,-0.38079049511474433,-0.04117616777687405,-0.42212796041003886,-0.26436937818090717,-0.04033742068108735,-0.08275660890842762,-0.056605819751739096,-0.1680177907730956,0.08519185825036807,0.1269548744453253,-0.2383352723354165,-0.3422699022262489,-0.4686104733567386,-0.40813969051467636,-0.37984467392162313,-0.19746728577458844,-0.4011743832085852,-0.11078668574781991,-0.3320209892685672,-0.21802551246280719,-0.4159382539372038,-0.42130019527295315,0.005904861919028646,-0.2611955921163264,-0.17707927944623472,-0.37330354477035693,-0.059388373537597766,0.028095282219179306,-0.11084022279648714,-0.18748880354991815,-0.04399304018367326,-0.0219563673053362,0.4323809916022335,0.1299447127016648,0.40483000271117103,0.24612148105440532,0.04661772831320546,-0.3108518911276069,-0.13655310634997445,-0.24056735544138894,-0.20337695230054875,-0.33364220092179814,0.087824782848926,0.20567629990356467,-0.07936592915950265,0.07778040887204989,0.16174297412032795,0.2320645739171617,-0.017122932732071095,0.0788442861212065,-0.28517744442957305,0.058391760785484595,0.23142212933315487,0.1223918706050716,0.1116117053952304,0.014731611224934537,0.19383363018940447,-0.3125719404091466,-0.03534337496182054,0.007807486263971968,-0.03232059082937811,-0.08346769073431554,-0.12398974559606296,-0.5742980984052137,-0.13784211375250097,-0.33865409232395405,-0.14856874191367495,-0.24983201035049607,-0.4701314746368232,-0.3026552317021693,-0.3049737977329119,-0.164038203488831,-0.2059014300569346,0.2926438036013961,0.4082522555913613
#11,0.47889919591471136,1.0,0.41995627807692176,0.5812757604148435,0.21060857210513853,0.11448897857488495,0.5402306897699622,0.5121649215647919,0.4205822497228771,0.636719551661536,0.38277548414994494,0.3023381276446787,0.22981327238346255,0.20476617007622167,0.25319660794750626,0.23038845247042594,0.3236129271381359,0.046260814655423886,0.31353560728515684,-0.07341919852292655,-0.07327094208046343,-0.03349428766554445,0.03562066941902007,0.047763970252619366,-0.08565721875032174,0.00416147597524941,-0.23502558453191116,-0.07246102262626679,-0.021662599910085213,0.041463071447936935,-0.1889892136574384,-0.009808948237224035,-0.30033529292658906,-0.16591062744734666,-0.0070524766032801734,-0.013950519412327935,-0.33232436587768155,0.16820860230552495,-0.3737098772422929,-0.06416140733800753,0.09344205472447295,0.13153435122363044,0.011586652801943806,-0.011191302288708831,0.0725447600613617,0.09250447000037751,-0.20853435465549253,-0.14929492393277669,-0.3484266628229811,-0.363911224591351,-0.22734507716541918,-0.15716624283169806,-0.22087121251119646,-0.09904971738615656,-0.2643268230909409,-0.05765322406284426,-0.3533163799345887,-0.43941081791569286,-0.13382546235762063,-0.2610171352874356,-0.3426254431391929,-0.28239489064371437,0.12912243854392955,0.05858943604210209,0.08327001547769805,0.07301286605099061,0.2108995940107143,0.1844317007965352,0.20226640172691301,-0.005790924097506066,0.2837113529429933,0.2706030124885462,0.04711466194442442,-0.043883220596663546,-0.15613668420348198,-0.2884967414469417,-0.2060441955200472,-0.1658364992261151,0.05217734490557231,0.111330292703518,-0.11456173405127888,-0.03900585818859455,0.04145758046858645,0.10558947379258513,-0.008131454045650629,-0.01836252132044326,-0.2514779314108042,0.09415039106068562,-0.03645118004578104,0.04540147638707286,-0.12168902524820943,-0.22037976985932797,0.030887445218901324,-0.34480536194133576,-0.12431234063290401,0.10128729147147951,0.1018816899861696,0.056491881930216516,0.13379251648151771,-0.3367624499377117,0.028011544784084397,-0.11245319798069234,-0.14693792104658066,-0.18232316472594864,-0.2921866795704681,-0.34773754491449516,-0.1144601509332949,-0.3492214820839639,-0.27051652956377603,0.11009619509449632,0.12718275008837046
#12,0.33257832367264156,0.41995627807692176,1.0,0.49576748447940366,0.03883701057356711,0.0754124240271529,0.211342990593266,0.24057559191041467,-0.11738684292710382,0.43450188237635856,0.20141804541726296,0.08244225034061231,0.3044782368465306,0.15892198347901587,-0.07812084959178,-0.01025920854396387,0.6011668331119783,0.5288739717283201,0.2574191710680298,-0.3075861311589055,-0.18064429778953764,-0.21359703761664042,0.09821646126972033,0.28200091287531703,0.16202850504655322,-0.044505074008106056,0.21340485333937342,0.20067401771527213,0.06052912449766119,-0.2496741446941696,0.07140950008064875,0.12145840411548903,0.196388308332218,0.09647444807077872,-0.2729613881195798,-0.18882722976659905,-0.20010570135249686,-0.27421333141149057,-0.14840263978832274,-0.011034809377219986,-0.21127160786170968,-0.4366172821711332,-0.3332097862979474,-0.5286886511752412,-0.139713164966179,-0.1715526087299708,-0.05382875694523091,-0.03548888591460841,-0.051598046584096065,0.030763898183515395,0.08236812211938076,0.2109847041906468,0.2443671131519251,0.31212717108175725,-0.3254304413031467,-0.27494637715478043,-0.29275087769873054,-0.3511474430911468,-0.026085583776901507,-0.11705875691091229,-0.2092619094194319,-0.24056735544138894,-0.16656817222456732,-0.24391959833486052,0.2948223496587013,0.15887119192002389,0.01501027842697169,-0.018443513265862924,0.10594776019520431,-0.1088785704235261,0.2881961103275026,0.43687398545576844,-0.23204810097911024,-0.08659068523990432,-0.504175546609835,-0.4723566940186076,-0.3281169029503718,-0.07009578327104504,0.05647952722667792,0.02920171455830219,-0.16363873474108317,-0.1712574685898822,-0.06985143468994842,0.1464341236911736,-0.21978811683431312,0.051784739882012584,-0.06936273752775518,-0.10017674089784376,-0.2882784750177599,-0.07127222559688662,-0.2759608355897827,0.0656453445074763,-0.10989440160336597,-0.042791888450754496,-0.03380590074368452,0.4244602538891577,0.1902631208667511,0.5235641946964004,0.3550721205819065,0.03524865556802465,0.42294748907809887,0.44329431306132394,0.13675078160659193,0.2411535174870533,0.05923737160545941,0.03087371777052511,0.29684989378386817,-0.32254904988897926,-0.19120619657019702,-0.007030512685878231,0.07413439858332732
#13,0.6292559379793883,0.5812757604148435,0.49576748447940366,1.0,0.16243483751848917,0.22422070991499277,0.3124634935669745,0.48838486274267556,0.1582699296811457,0.6357311753784486,0.3971234131927643,0.425079361810925,0.47225236541094834,0.27754223764272257,0.1590771036456671,0.2109599947835696,0.4900500022307104,0.09386897836897322,0.3554098158119614,-0.051283688016280755,-0.18643728100430013,-0.23159372243785756,0.13990672198828363,0.008919409582445338,-0.03139124257430839,0.010469238504119951,-0.1457683424449272,0.023211056086922203,0.009760902167907285,0.16418783267613174,-0.11793182262763953,0.0610548857704702,-0.12166706133080749,0.0010865275389773737,-0.02863339819552691,-0.03640450672130191,-0.1677638329781356,0.25525984343845126,-0.2687415704887315,-0.0374024922182527,0.05185063163421841,-0.017643203025529623,-0.2170467453935831,-0.16065026922958128,0.13464773651535586,0.008830181167999945,-0.051031102966158405,-0.16366207140332273,-0.23725080391369552,-0.28756052946768385,-0.10073407530191807,-0.10236764165868759,-0.1305404839611925,-0.11778493893001403,-0.38706668451234955,-0.30376578227580503,-0.23470573498474537,-0.3796236620027661,0.052672905791953654,0.005052387374865728,-0.3478912923363088,-0.3111840953783113,0.05644932684025025,0.03601464718741742,0.15831248477111196,-0.134117857008034,0.19950443911361865,-0.12409270145888458,0.22095494994629136,0.059709595829601184,0.30240951037623504,0.27596632656913317,-0.08816934180316899,-0.23987549204322772,-0.29460682871919475,-0.3343368098096346,-0.14880485402574584,-0.10256806240498031,0.1439247461280016,0.14270849420186899,-0.007059340327468281,-0.01663423556987786,0.14993050479259543,0.34350399983527063,-0.031104338903245512,-0.03925020676969117,-0.2623596797386294,0.10015203149076657,0.1140442092474956,0.036886340159307036,-0.019547200115310567,0.06909367953958138,0.13268882963207007,-0.3034335780251006,-0.10194758173837543,0.1731532292106374,0.14389729123124917,0.15699876796150825,0.2525225902322341,-0.2030543572637077,0.06335148788381088,-0.042595585938974626,0.07243219498467673,-0.003816917021006428,-0.23031295150435674,-0.13698826646350043,-0.016635608314715482,-0.26727822449182703,-0.2536235315920065,0.11613352689035544,0.1784012327248642
#17,0.09008569359648852,0.21060857210513853,0.03883701057356711,0.16243483751848917,1.0,0.37737647870357977,0.27334987490862667,0.09934623027108279,0.27379876247052887,0.12682446368575126,0.27142665939111904,0.6185430372665904,0.5295013161191131,0.14999227831028838,-0.005479311019365998,-0.19885513080542372,0.17663862835335825,-0.1712382501621555,-0.12549290119325845,-0.2755023388140171,-0.02451790917233782,-0.2543908959562369,-0.07959517754738543,-0.17686375850672817,-0.050457295624032644,-0.030021243226362192,-0.21245491391173937,-0.06956590376372315,-0.15610511107221667,0.21267729857543405,-0.21537336943652255,0.01549485735465206,-0.11016483233637739,-0.07247886830915587,0.24990476582689,0.18682164955883412,-0.0654531602302093,0.060121419280887614,-0.013345138938936877,-0.18837285122534636,0.044941606866469676,0.16116642128852693,-0.047636304982720576,-0.002753039771849808,0.1530603630223723,0.024465744868508204,0.12621633772268495,0.050602806576820515,-0.3180450740767433,-0.3005714050386599,-0.1047754361038756,0.0039390913115547365,-0.15808049089355394,-0.14215802352198278,-0.10063523767360932,-0.05123289645728876,-0.034214978705295704,-0.1447634932237883,-0.015207953683589178,-0.2489314897370164,0.32046247773579467,0.28364271570111227,0.3430798216804456,-0.1681207466359172,-0.13164554355547778,-0.02206755963718354,0.40640042280541,-0.09642091102211149,-0.17798254554938964,-0.07279871785632167,-0.27078696029678745,-0.03593502798683538,-0.11952969761863089,-0.1031624609196704,0.09065675544893904,-0.010994999776928964,0.21927471026504272,-0.0020296032424233063,0.025198790611798055,0.10216447542271961,0.04079042647750243,0.2518005264476452,0.10226880403037884,0.2886573525929434,0.5899199346573457,0.4572290459080192,0.12397327265801152,-0.005796415076856552,0.11530164351875684,0.13315281738718612,0.14674436402447605,0.1246376811594203,0.11903550947708717,0.011342304220847189,-0.13241290791970817,-0.19122541499792373,0.14391788240381348,-0.09387035111381084,0.0922038388809384,-0.025340183330073065,-0.13645289597682805,-0.09707296481998168,-0.00837854811642249,-0.05527013902473343,-0.23967644404177263,-0.17085250886278386,-0.19148486377223417,0.24831787279459963,0.44262166809088943,0.10122139971927369,0.03450325512119621
#18,-0.06041106844162574,0.11448897857488495,0.0754124240271529,0.22422070991499277,0.37737647870357977,1.0,0.09993925604093525,-0.07581189277490073,0.15603921932001086,0.06944372947317486,0.07309934897576076,0.5522531890578509,0.5716734102756815,0.18731171946586497,-0.13412334798738448,-0.32098686626376605,0.18035190313912425,0.060269675723350735,-0.24118783610799382,-0.11057391029798859,-0.1896948045039758,-0.3039552210633968,-0.0711555422856888,-0.24060030131749185,-0.10965005302226935,-0.31016277321912095,0.005759350966240772,-0.024622237779997048,0.04032506597754876,0.3396177591999643,0.18629863377570036,-0.1361083370225851,0.1471053959167705,0.12267740153129687,0.46257588705055475,0.16596004626150102,0.00908276621812229,0.1339462639033313,-0.05865532779430791,-0.01899947492509961,0.22904041703988168,0.23761046306115235,0.1545250817641144,0.025406075082278892,0.05334280527271292,-0.17431731683294038,-0.03890290232577294,-0.0438612566792616,-0.047805152597748014,-0.03782941586275297,0.14063153126254774,0.06568240861809209,0.017378263271868682,-0.12208025752693154,-0.16836234972733854,-0.28257334747260515,0.25773078414616984,-0.0063290400738536725,0.10725598602545755,0.10762113615226486,0.09031631472920892,0.0916849413323175,0.18177818502541293,0.023270084114939926,0.05072635361220645,-0.06704828973152543,0.32162519261326,-0.3497266521842086,-0.3086966817325413,-0.06348327138822253,-0.18243847529230886,0.0982397979319599,-0.021959112795011445,-0.0264562248830593,0.019205386650742826,-0.02986612305971097,0.1953216855933861,0.32430204504662186,-0.1228901769811282,-0.09951507788611022,0.21216663749583886,0.47036484125921885,0.21494507304718466,0.3252931668193845,0.3890736374649521,0.2389708531952352,0.15044528410670346,0.2525225902322341,0.30594432833311025,0.10319677954061093,0.06928311832717314,0.18008147240611283,0.07968028772731797,-0.05815976690792657,-0.025325083136859227,-0.24099427908588922,0.04919848860793378,0.09607772481270613,0.11693246438585111,0.07922590918606527,0.031790711322056235,0.15165329956381032,0.1670417691935467,0.11683911773689286,0.07972421556212185,-0.04898022217875197,0.10729579562574858,0.14605387337115244,0.15296427088373882,0.011553706925840892,-0.057890708919752766
#26,0.31287531701826093,0.5402306897699622,0.211342990593266,0.3124634935669745,0.27334987490862667,0.09993925604093525,1.0,0.2976145126584233,0.48370654833606164,0.5672957269885067,0.5331926269874772,0.27118368355486006,0.3613318370414603,0.3209511748979879,0.18370002779808295,0.2485663396102091,0.32264514202761274,0.004324832610926362,0.27879006270012047,-0.040363502833002156,-0.0485148616787983,-0.055585870337386364,0.0835171095484699,-0.042152189356422905,0.02413079512812857,0.16187887585925248,-0.32686770514813634,-0.2562605744250773,0.029673938782443968,0.19059807060713072,-0.19447882026308655,-0.0329602899237097,-0.30244245625233795,-0.2516124604048911,0.04631023346957826,0.13722712406524656,-0.18194428715076513,0.10804805979676513,-0.22734919539993204,0.0020145030492094707,0.17109548469904284,0.09504679343965242,0.10691279981605219,0.018274665650835485,0.18515376458112406,0.12653481452501314,-0.22644592929677715,-0.14969988365987502,-0.39099548023762215,-0.3712622731968139,-0.27238071705326594,-0.16772676886751983,-0.20723024705975215,-0.11657829621774479,-0.27187829244269646,-0.0831327409939359,-0.41451883577510323,-0.3784431014424116,-0.06564122627296344,-0.0537765926414013,-0.18370689152227107,-0.25048406414836627,0.1935728086702564,0.20808272160391506,0.009036092893643162,0.005256926355671323,0.4821361282418227,0.417935597675943,0.13174026294927366,0.16477124923212086,0.1762762237162262,0.20172965849540303,-0.18539811316222068,-0.20568316362775277,-0.13654075164643584,-0.2645560714788237,-0.24000590280280176,-0.3017986389234935,0.3607992120444632,0.31732575578182964,-0.04294014489321761,0.3111058489225669,-0.015330127974137487,-0.01282486864547835,0.03461032921853068,-0.08397697906907309,-0.3026140493570406,0.00660221629654034,0.08966014269682587,0.218972706400766,0.2755682305662229,-0.045574442236613166,0.22043056141831996,-0.3239657225614046,-0.10890602532027853,-0.03670651058557863,-0.014787893763277016,-0.14561596776795122,-0.00474077429672566,-0.30103951102828885,-0.07728484798566855,-0.0738571041261278,-0.1512538308160625,-0.1217645262142786,-0.2800653426542708,-0.4037139611581848,-0.25004066756581456,-0.22296190289889392,-0.1868271405381846,0.19626338855199443,0.23425547467800553
#49,0.8766794675122774,0.5121649215647919,0.24057559191041467,0.48838486274267556,0.09934623027108279,-0.07581189277490073,0.2976145126584233,1.0,0.3085333250968643,0.4067024266696867,0.4986227937416563,0.12303294244424082,0.07435403775734675,0.10808649665221853,0.23133701915322236,0.352053454683977,0.18129909707708305,-0.12615319146015436,0.44986976083353064,0.0829542841650451,-0.06253882293993898,0.0347077941020018,0.05911794280458634,-0.0027173484060716503,-0.017806559661206575,-0.020314564479540956,-0.5077089918218727,-0.23632969212765154,-0.23561998304660126,0.0809692951298445,-0.3596776795121265,-0.12387443502970277,-0.40948909869005823,-0.37189236307728213,-0.2933864585585493,-0.2773431896412675,-0.4501690192081321,-0.017121559987233474,-0.42448770878591013,-0.24091877811982004,-0.08891336950515981,-0.06461715862409785,-0.0308284171908836,-0.03343937787203959,0.09345852766252441,0.19617553288238665,-0.2715145150607268,-0.35395882451859556,-0.5429281333758884,-0.4438681204034497,-0.434195760277569,-0.2195231770806522,-0.4730705213341707,-0.09488618229365071,-0.2565159049648749,-0.10238411459673905,-0.44202040585201124,-0.4525960320810469,0.0014887417764004572,-0.3184939616386455,-0.13897462824353865,-0.31391860309485325,-0.06168634839577607,0.06117706006101851,-0.0868199336277871,-0.07701029901814425,-0.08138935505015667,0.08923047356265036,0.3792708665794974,0.05290352692467406,0.3264956912971409,0.17068640673743166,0.14061505832449628,-0.25737661597806355,-0.07448993949627128,-0.2128228095282219,-0.17537844859242177,-0.28760445730248774,0.021128602168250472,0.20779444518801457,-0.04538774893869665,0.032066633034418146,0.19364007316729984,0.16970077594401947,-0.08302566689660143,0.0945979058777502,-0.294660365767862,0.11783023950965554,0.1973945302981945,0.04118440424589978,0.037331109486696386,-0.10350839261875101,0.09144471098573374,-0.2872036158099023,0.003561586481208839,0.03397612110354958,-0.00017777045647197713,-0.13514878838108768,-0.12864884157495016,-0.6298764186459931,-0.1612213310820318,-0.3432267053780711,-0.21847165453503417,-0.289104867410008,-0.4734452806748414,-0.44363475378105405,-0.3681667335879775,-0.14667023580324448,-0.11819950787097572,0.3486682659144025,0.4260842110320639
#50,0.23208516508972604,0.4205822497228771,-0.11738684292710382,0.1582699296811457,0.27379876247052887,0.15603921932001086,0.48370654833606164,0.3085333250968643,1.0,0.42080737987624706,0.31675606667421674,0.2736779609248182,0.11677597147436228,0.3659730873374584,0.07424284542549942,0.05915775240487736,-0.06812726717389589,-0.191703130201416,0.08491319104833091,0.14078665142919897,-0.041892740582112446,-0.08563800032259504,-0.17693239574860925,-0.1653505475535971,-0.24622031868271405,-0.051541764045753585,-0.3845902528252805,-0.26818560882949477,-0.09561099156791483,0.0805272712921304,-0.11702855652448461,-0.1307971872458277,-0.32254904988897926,-0.2710738639678503,0.12222165024520655,0.006264521066485464,-0.18033405745623518,0.08110519686876902,-0.2689886645595033,-0.10880856043680741,0.09784032918421207,0.3358852659864716,0.12899889150854363,-0.014820839639379932,0.20819665942543764,0.03248257472021744,-0.15964679275328,-0.2176342801840851,-0.3370122894981588,-0.4309437277572438,-0.2764893423522669,-0.23873611382800194,-0.3612137809854249,-0.2940398851012571,-0.2229097385950643,-0.1470436223990775,-0.08673070521334171,-0.17905740475724724,0.05412664257499477,0.016698754577246067,-0.16683173923339065,-0.1620271323017156,0.2739552553820177,0.27411861201769466,-0.05740063901272191,0.15241654569352786,0.501111580132264,0.2930844546942726,0.030308146897425073,0.12484633837473876,0.046381616201134575,-0.05658522857917477,-0.027623057995037528,-0.07578581062298592,0.0472409544694856,-0.12864197785076203,-0.029969078922532578,-0.18220236318023797,0.08633260921043148,0.02506151612803591,0.28015457106871616,0.24664861507205194,0.06801470209721093,0.17520548274288145,0.07491960863044679,0.03863933531694962,-0.20102681313854084,0.20215795488474092,0.1763160333165172,0.07607271429404881,0.16888536551047234,-0.06493014444707554,0.20208382666350935,-0.22086709427668358,-0.0073434985088559205,-0.2001139378215226,-0.10156458592867904,-0.19812894878632198,-0.09164513173202649,-0.2640179555024761,-0.2587191604292573,-0.16099482818382427,-0.33204295318596916,-0.1147745095011102,-0.28984203138781073,-0.48553092622526056,-0.3239849409891313,-0.0927982373956285,-0.11420619313833492,0.1363471946243312,0.08546640721789235
#51,0.48309704962815775,0.636719551661536,0.43450188237635856,0.6357311753784486,0.12682446368575126,0.06944372947317486,0.5672957269885067,0.4067024266696867,0.42080737987624706,1.0,0.5879637732637352,0.22451447731024377,0.35317086898180083,0.4443911361865835,0.3289007402526537,0.36564225583159166,0.4917151417187452,0.10793412197524255,0.44277129727819015,-0.02795663499057954,-0.06718281872561233,0.022034613761080624,0.1638391554873759,0.044673921623133495,-0.06228623788981664,0.21660883979038187,-0.2409819243823506,-0.13334088342994024,0.20366934695096212,0.06360819116844608,-0.2159005034541692,0.0611509779091037,-0.23805111415402883,-0.12604474461798226,-0.07550027969676067,0.11657555072806955,-0.11141814837312577,0.23049003558840991,-0.31959764848809313,0.05672799404228741,0.06347228942952156,-0.020664614413134424,-0.14550340269126624,-0.07736858542076346,0.04991917964768504,0.11750627172797688,-0.310514195897552,-0.3473298396977216,-0.30920597006729883,-0.44663557399609455,-0.35335344404520447,-0.23802503200211403,-0.20598104925751665,0.001679553308829838,-0.3561208976378493,-0.032169588897239754,-0.3592562468469767,-0.39088703339545006,-0.049519710899937196,-0.11801418731789681,-0.5824631846993861,-0.518383455679217,0.09958646061766654,0.1819360506817394,0.08165841303833046,-0.017875196903087646,0.36505883927560256,0.12927069498639265,0.3910050894514855,0.0811422609793848,0.4241445225765048,0.27993081366018385,-0.008563868669501385,-0.17555278718679967,-0.27612144673578437,-0.3198886703936689,-0.4245741917106803,-0.33051920641620935,0.3696067429226424,0.3259314931688785,-0.19395992271446563,-0.004640563923579295,0.004948058767206499,-0.06504408226859812,-0.10329561716891969,-0.1868518499452618,-0.3838681890406916,-0.14105708216221038,0.004993359346848006,-0.1082827991639984,0.0433300044271021,-0.05854138997278533,0.059903152851705804,-0.35068757357054364,-0.052983146125256106,0.12748338120780955,0.2392838390182129,0.010436292628017036,0.10361134848157262,-0.40171661741944564,-0.11907257358770296,-0.07851345461533973,-0.05751183134456925,-0.06691650622711377,-0.3039360026356701,-0.48679247873103465,-0.20220600095405766,-0.48451784053509594,-0.38617714585757085,0.0688575674275105,0.1949057439075868
#52,0.5637924821628968,0.38277548414994494,0.20141804541726296,0.3971234131927643,0.27142665939111904,0.07309934897576076,0.5331926269874772,0.4986227937416563,0.31675606667421674,0.5879637732637352,1.0,0.2718865289117222,0.32334798738447496,0.18563971625364206,0.3113803978900912,0.44350571576631764,0.36726621297449785,-0.015606049686499398,0.4869585808563869,0.19658735633367308,0.14550340269126624,0.15647575217837448,0.2695995360122449,-0.040743753153023296,0.11949537899769036,0.16993414256641512,-0.5463133221454629,-0.4897205434696812,0.02668547327094208,0.33217748218005605,-0.43017499064817577,0.04082749058811821,-0.39412671121223664,-0.4293431072765772,-0.1615782447398134,0.06969219628878433,-0.18578110897191707,0.20474420615881972,-0.25856266751776846,-0.0020323487320985495,-0.043615535353327364,-0.038876820173858136,0.07658749360815685,0.16061183237412788,0.0848733814480399,0.2858020433306908,-0.4941105814603946,-0.49418196419195093,-0.5661412485800671,-0.6432716627715032,-0.5947931788309019,-0.4348972328895936,-0.5244152964957256,0.001330876120073991,-0.00820695501171981,0.15566857821385305,-0.365550281927471,-0.3119898965979951,-0.09572081115492455,-0.3106967709609557,-0.3014485889899,-0.4035533500121831,-0.07029757676217539,0.14986324029555195,-0.3192736807064145,-0.10479053629708944,0.23126563642166603,-0.01673993692237471,0.41918067724366564,-0.056652493076218224,0.24735832415310224,0.051720220874644375,-0.11328370860745332,-0.4269819861558683,-0.16498951566130265,-0.30686955835366714,-0.41330944757315874,-0.4428824896100375,0.3961020910335739,0.4584068609786984,-0.026424651751794006,0.30170254678485997,0.04249537556582826,0.127166277150319,0.08644791977679168,-0.04305957369409068,-0.2698946761523335,0.017000758441522785,0.2788408542591124,0.15404187558127164,0.24724438633157966,-0.016381650519755514,0.08309704962815774,-0.36006479355633575,0.06182774111405107,-0.07786277356230717,0.0691842806988644,-0.32502410883121075,-0.2542014571686451,-0.6840312024901591,-0.41039373753805075,-0.2494558782649878,-0.1515297525284244,-0.2650928147103337,-0.43365627155638375,-0.47626215308164055,-0.4665225284587164,-0.17728381842704033,-0.16249935652585737,0.3151019091448829,0.36088981320374625
#53,0.20275509888910623,0.3023381276446787,0.08244225034061231,0.425079361810925,0.6185430372665904,0.5522531890578509,0.27118368355486006,0.12303294244424082,0.2736779609248182,0.22451447731024377,0.2718865289117222,1.0,0.6422173947362099,0.15087495324087896,-0.029058949095189558,-0.15943401730344867,0.19167704804950117,-0.0627323799620436,-0.06668039411504288,-0.11457271600997986,-0.058755538167454276,-0.21390315971543,-0.05901224145208949,-0.13897874647805153,-0.13129000264253382,-0.10101548799363047,-0.07074371883440236,0.03501254345595377,-0.010053296818320652,0.4700820558226688,-0.07072999138602615,0.06461578587926023,0.03510177187039916,-0.01740571816862111,0.28058835843740454,0.3036943995442487,-0.01965564695748266,0.2092056268810894,-0.09760009883762831,-0.20950900349020374,0.3030835280915072,0.2798594309286276,0.06195403363911225,0.11785083068221987,0.17999498948134268,-0.12713195852937845,0.1871854269408038,0.102061519559898,-0.18236983805042778,-0.2576429284765621,0.05334417801755054,0.03406534951799497,-0.13608774585002076,-0.22005717482248693,-0.22047860748763673,-0.23683760771757148,-0.011774718844697945,-0.18251946723772852,0.012662884754639019,-0.06577987350156321,0.034063976773157346,0.11203862903973066,0.3294086558425736,0.017026840593437592,0.0121302597576419,-0.0762264617158624,0.39662922505122056,-0.29748684738852454,-0.11699011966903122,0.05685291382251095,-0.24116038121124142,-0.021438842501552917,-0.10958553401490115,-0.18138695274669084,0.0036041415711751037,-0.1248367291608754,0.12166431584113224,0.07881820396929169,0.05862375466304262,0.13480697491651997,0.14068095007670212,0.41572822397704773,0.3031686382714397,0.29115162996290156,0.5159180059508489,0.23427057487121938,-0.029785131114291305,0.06496309032317846,0.2772196426058815,0.1956456533750648,0.15587311719465866,0.061643793305809796,0.21646881981694446,-0.2342088013535264,-0.14655904347139714,-0.209410165861895,0.19780635374948094,-0.01031686382714397,0.18058664250635753,0.0030344524635622042,-0.002818931524055637,-0.17928390765545477,0.2200228562015464,-0.12384698013295034,-0.1644417904710917,0.005035914436814271,-0.12780460349981296,0.10471503533102026,0.23896673496072235,0.0903725972675514,0.026549571532017556
#54,0.18648395432877926,0.22981327238346255,0.3044782368465306,0.47225236541094834,0.5295013161191131,0.5716734102756815,0.3613318370414603,0.07435403775734675,0.11677597147436228,0.35317086898180083,0.32334798738447496,0.6422173947362099,1.0,0.3451965942200579,-0.1443104874273732,-0.30083085381297037,0.31670390237038715,-0.05460435777848703,-0.033716672329239125,-0.24759031803066026,-0.2901632536798141,-0.49933662105721943,0.05824899532237197,-0.23547172660413815,-0.05702176143753839,-0.1512675582644387,-0.034905469358619295,-0.012669748478827127,0.0861733708092674,0.30482965952496166,-0.03040012080154571,-0.03525551929221276,0.13743303579088978,0.15223671611979944,0.3004849221138898,0.2567698627598349,0.0641655255725204,0.1764491895657665,-0.06333226945608418,-0.10413161877503115,0.2322100848699496,0.14440246133149384,0.020247299982497503,-0.11203588355005542,0.1355839484946137,-0.1536231884057971,0.09027375963924265,0.03930099832868316,-0.11271127401016517,-0.1978873456949006,0.05746790350976536,0.026272277074818027,0.010816542948038176,-0.23546349013511242,-0.36105866081877364,-0.39136200310926705,0.015615658900362747,-0.23852608386784585,0.13795742431886118,0.10743993383369883,0.020720896951476903,-0.015261490732256414,0.19448568398727464,0.030213427503629195,0.022830805766901063,-0.04661772831320546,0.4385336339644528,-0.19501007251524605,-0.11520692412496096,-0.0850339925940416,-0.05742809390947434,0.21083370225850845,-0.2037585753654075,-0.13513780642238674,-0.16132703243452864,-0.18231218276724767,0.07952928579517961,0.10738776952986921,0.15265403055043636,0.10614131721730893,0.009806202747548792,0.35879363183669827,0.2498594652472485,0.2761543926118873,0.4056769862759835,0.2272956583512648,-0.024071767100110848,0.1596536564774681,0.29107887448650765,0.24587987796298394,0.1546294103717736,0.3387996032767419,0.2697615199030842,-0.12084478717307223,-0.08116285215194913,-0.2059783037678414,0.10460796123368579,-0.01788617886178862,0.1136282675616963,-0.002691266254156843,0.07130105323847666,0.035477903955907435,0.19474376001674748,-0.011383486565975832,-0.01316668211004609,0.03899213074021834,-0.009240631874448757,0.10730815032928717,0.019339915644829727,0.054954407712080496,0.06516900204882167
#58,0.09277490073338893,0.20476617007622167,0.15892198347901587,0.27754223764272257,0.14999227831028838,0.18731171946586497,0.3209511748979879,0.10808649665221853,0.3659730873374584,0.4443911361865835,0.18563971625364206,0.15087495324087896,0.3451965942200579,1.0,-0.003009743056485018,-0.10801648666549983,0.25924080346755346,-0.08725234825163786,0.14409633923270426,-0.17893660321153654,-0.2327674192740239,-0.25045386376193857,-0.028880492266298772,-0.2313644740499748,0.042289463840185046,-0.11095416061800972,-0.0675136502314791,-0.16679879335728773,0.26004797743207486,-0.034695439398463215,-0.04450232851843081,-0.2908825719747278,0.039933833698826644,0.07656141145624204,-0.07797808412866737,0.13163867983128966,0.050845782413079514,0.21530335944980386,-0.13037163634616505,0.12781009447916344,0.10145751183134456,-0.035915809559108676,-0.14855638721013634,-0.10236764165868759,0.021283722334901695,-0.08685013401421478,-0.20864280149766462,-0.22995603784657517,-0.1758479273268883,-0.23383953299220625,-0.08597157731813705,-0.18329094983647176,-0.050263738601928024,-0.09406253539107784,-0.33296818320652605,-0.18226688218760617,-0.13428945011273666,-0.243823506196227,0.28903211193361406,0.25671220747665474,-0.16570059748719057,-0.10830476308140034,0.03747112946013378,0.18094492890897673,0.05467162227553048,0.11532635292583403,0.6061361694241678,0.15469530212397944,0.07994248199130366,0.18048643213321117,0.20975197932646275,0.15852937845545614,-0.0979515215160594,-0.05808701143153264,-0.20649445582678705,-0.23576823948906436,-0.13505132349761656,0.028710271906433712,0.29119555779770545,0.03853912494380326,-0.005635803930854843,0.007991434072213243,0.1946929684577555,0.2416339781802208,-0.02326596588042706,0.10889367061673993,-0.027137106322519536,-0.0994176130026391,0.006102537175646134,-0.08088281220507434,0.0008627701304450781,0.12280918503570852,-0.0037949531036044846,-0.016171620559599434,0.20642993681941885,-0.02915504123382306,-0.10632938326006308,0.006670853538421412,0.006486905730180139,-0.059160497894552605,-0.04207394290067848,0.07993699101195317,-0.24671725231393302,0.046017838819164894,0.006712035883550055,-0.19828681444264842,0.0229227796710217,-0.09998867485508962,-0.1245745348968897,0.1707728896622018,0.2153431690500949
#101,0.26011524192911833,0.25319660794750626,-0.07812084959178,0.1590771036456671,-0.005479311019365998,-0.13412334798738448,0.18370002779808295,0.23133701915322236,0.07424284542549942,0.3289007402526537,0.3113803978900912,-0.029058949095189558,-0.1443104874273732,-0.003009743056485018,1.0,0.7843898320789877,0.03651569905314925,-0.03606543874640941,0.5702292827065037,0.19336552419977557,0.22147247475007464,0.46450733903708813,0.25799572389983083,0.23426782938154414,-0.03590894583492057,0.3951095965159736,-0.3847206635848545,-0.20395899611170024,0.2562619471699149,0.3599014369206588,-0.32769821577489733,0.006394931826059502,-0.4638635217082437,-0.34169884037379844,0.09602144227436364,0.10442264068060689,-0.04603842999172921,0.34495361838379884,-0.35399039764986084,-0.13417413954637647,0.11224042253086101,0.08022114919334082,0.04575289906550395,0.3821426487798014,0.09837844516055967,0.36819556122956754,-0.3853342805272713,-0.3825366265481988,-0.33338137940265006,-0.22963344280973413,-0.4044621070946885,-0.2166184490042452,-0.2533805557557475,0.012627193388860862,0.07682223297539012,0.4035025584531911,-0.18455662057675876,-0.05747202174427823,-0.1947972970654147,-0.24368074073311438,-0.39393589967980724,-0.4500839090281996,0.10653941322021916,0.4534636068184236,-0.18535143983774155,-0.2606272757535511,-0.07007519209848072,0.10243765164540627,0.5611815214817408,0.17438320858514622,0.16408624955814777,-0.029899068935813882,0.18265674172149066,-0.275749432884789,0.06343659806374341,-0.05206066159437449,-0.2244719222202775,-0.38937152309471595,0.2207902205657768,0.3987377611218071,-0.25831282795732136,0.012628566133698484,-0.012286752669130744,-0.20794544712015292,-0.0665156647345283,-0.3932014811916798,-0.40592270760191773,-0.1439316098521897,0.2866270629781013,-0.1429144059275122,0.13480011119233185,-0.3233960334537917,0.05158294639088223,-0.3514398377415602,-0.05164060167406233,-0.011427414400779719,0.3821453942694767,-0.2792458139862108,-0.13501014115248794,-0.38830901859039696,-0.3490526344689365,-0.4354751584662322,-0.1257921595678599,-0.40395281875993094,-0.38623891937526383,-0.42639033313085345,-0.456102022396332,-0.33015542903423967,-0.291715828091164,-0.07936043818015216,0.04427994385473614
#102,0.38419627505688314,0.23038845247042594,-0.01025920854396387,0.2109599947835696,-0.19885513080542372,-0.32098686626376605,0.2485663396102091,0.352053454683977,0.05915775240487736,0.36564225583159166,0.44350571576631764,-0.15943401730344867,-0.30083085381297037,-0.10801648666549983,0.7843898320789877,1.0,0.09745733337451568,0.018925346703868053,0.6122476294412585,0.42169966402070097,0.3463510726284975,0.6010226949040279,0.28764289415794114,0.3073582555158603,0.09216952025999788,0.5018707080274686,-0.41047061124895756,-0.305285410811052,0.033698826646350044,0.21000181888690986,-0.3493450291193499,0.012319698545233659,-0.5686053255635976,-0.46740794887898224,-0.1705354048052933,-0.0450006348944874,-0.18968519529011246,0.18304934674505038,-0.2779389609007952,-0.010248226585262898,-0.048499761485584464,-0.09744086043646422,-0.007618047476380209,0.27587709815468775,0.13622639307862053,0.4229598437816375,-0.45180807654425215,-0.5194816515493141,-0.3864352218870437,-0.30139917017574563,-0.5057363574902106,-0.314938552509206,-0.327434648766074,0.17029105622419669,0.12335965571559472,0.3659511234200565,-0.24630542886264659,-0.018232110560869222,-0.13248840888577734,-0.22045664357023478,-0.46749580454859,-0.5396884555591018,-0.09865436687292158,0.29884998301228266,-0.2255975729871271,-0.23228833132569401,-0.12396366344414816,0.05939798275146112,0.561358605565794,0.17890640282510886,0.2087636030433753,-0.029918287363540585,0.12739003455885128,-0.2664971326792204,0.0008504154269064852,-0.08707663691242232,-0.4130376440953097,-0.4939334973763414,0.2265145665386582,0.44985054240580397,-0.16993826080092797,0.008669570021998236,-0.18724720045849677,-0.20434885564558475,-0.27084461557996753,-0.5225291450888337,-0.4230120080854671,-0.1437394255749227,0.16527367384269032,0.022095014533935968,0.09601183306050029,-0.31017238243298434,0.07026874912058534,-0.37764279120207833,0.014078184682226729,0.07984501710783254,0.16734651854749868,-0.27316729984522303,-0.2679687151451506,-0.5235353670548103,-0.2745894634969988,-0.4050139505194123,-0.19041275005405184,-0.38683194514511626,-0.48290349260605314,-0.5051501954445462,-0.487966175567201,-0.3722492767350637,-0.2969844227779551,0.03715539814748084,0.17031576563127387
#201,0.267996170041903,0.3236129271381359,0.6011668331119783,0.4900500022307104,0.17663862835335825,0.18035190313912425,0.32264514202761274,0.18129909707708305,-0.06812726717389589,0.4917151417187452,0.36726621297449785,0.19167704804950117,0.31670390237038715,0.25924080346755346,0.03651569905314925,0.09745733337451568,1.0,0.4740712523207967,0.35091682195842644,-0.44105399348632573,-0.21416672672425333,-0.1871922906649919,0.24392371656937337,0.08983036305669093,0.3613606646830504,0.014782402783926531,0.04135462460576484,0.014123485261868237,0.2771139412533847,-0.0022519879061179806,0.0328957709163415,0.05804033810705351,0.15771808625642186,0.030887445218901324,-0.2700333233809333,-0.08551857152172197,-0.11747195310703634,-0.07714482801223116,-0.056111631610195375,0.14322052802630178,-0.3036998905235992,-0.3288499486936617,-0.30610905771362484,-0.22978856297638536,-0.07308013054803406,0.047238208979810355,-0.2129504747981207,-0.223748485690851,-0.247587572540985,-0.17402492218252702,-0.11048330913870558,0.005670122551795379,0.1112534189926112,0.28669570021998236,-0.2323185317121217,-0.09667898705158431,-0.1845538750870835,-0.22943027657376616,0.16504167996513228,-0.09454299608424535,-0.305415821570626,-0.25196937406267267,-0.1670596148764358,-0.11272088322402853,0.1665736632039178,-0.06197187932200132,0.20533585918383457,0.02930604316596142,0.13478775648879326,-0.2083092245021226,0.2037187657651165,0.26846153054185673,-0.17438320858514622,-0.13384056255083446,-0.46095879363183667,-0.471372435970033,-0.29320388349514565,-0.06433437318754782,0.39273062971237566,0.1490464571171672,-0.20820352314962576,-0.09051673547550165,-0.038334585962997665,0.26992350379392355,-0.18485587895136021,0.11036799857234537,0.022710004221190374,-0.2058629932014812,-0.2266216406359927,-0.13474245590915174,-0.31412039658598356,0.17820081197857146,-0.04350434302148003,0.014330769732349076,0.14769430345211007,0.4284412139182599,0.17249980266792958,0.3499613915514419,0.19647890949150099,-0.07662043948425977,0.21609406047627383,0.32619780566737705,0.16512679014506482,0.08170096812829673,-0.14856187818948682,-0.09660348608551514,0.11405381846135895,-0.259811865320004,-0.18283931678489432,0.2806611139137985,0.2955320587397516
