,#10,#11,#12,#13,#17,#18,#26,#49,#50,#51,#52,#53,#54,#58,#101,#102,#201,#202,#301,#302,#401,#402,#501,#502,#601,#602,#701,#702,#801,#802,#901,#902,#1001,#1002,#1101,#1102,#1201,#1202,#1301,#1302,#1401,#1402,#1501,#1502,#1601,#1602,#1701,#1702,#1801,#1802,#1901,#1902,#2001,#2002,#2101,#2102,#2201,#2202,#2301,#2302,#2401,#2402,#2501,#2502,#2601,#2602,#2701,#2702,#2801,#2802,#2901,#2902,#3001,#3002,#3101,#3102,#3201,#3202,#3301,#3302,#3401,#3402,#3455,#3501,#3502,#3601,#3602,#3701,#3702,#3801,#3802,#3901,#3902,#4001,#4002,#4101,#4102,#4201,#4202,#4301,#4302,#4401,#4402,#4501,#4502,#4601,#4602,#4701,#4702,#4801,#4802
#10,1.0,0.6508301824757521,0.7335828728233792,0.5679004539764033,0.7174724010167048,0.5033574020915793,0.35871723213495366,0.6680787566863516,0.4132196917007044,0.6986304834406101,0.5826957852274308,0.48532480178049797,0.07219362915565447,-0.33886366797759204,-0.3675438485565068,-0.2934913188077745,0.7191416178757951,0.5131703739298676,-0.27783608796267023,-0.30836252355239696,-0.284538246563563,-0.48385791423766106,0.3259904652309716,-0.006790677676753626,0.308514270539587,0.22654560629244175,0.3862846014744749,0.44915843650020865,0.10226482378381113,0.07540560705117667,0.25492229289697643,0.2025442911518861,0.40376079616585947,0.4175191896710884,-0.17507808647049153,-0.1060079161344984,0.16974165075430897,-0.12613968310170842,0.193945295211118,0.4562399625690765,-0.18954463258260726,-0.1025430265936595,-0.020953729814489307,-0.2609668812200458,-0.1640005564056197,0.13956929146802566,0.2117249838768826,0.4476409666283084,0.26063809608113403,0.27940414016363385,0.2514321121916059,0.25864009408313204,0.3236383869295262,0.06584554685820508,-0.20702082727399182,-0.3563145715044449,-0.5350725224142946,-0.3687325332894953,-0.2178201545290153,0.09773770533264205,0.10479394023697822,-0.003932776084674819,-0.15026745406492242,-0.10646315709606849,0.3175179251128618,0.22507871874960483,-0.13183019512133437,0.05464156097067489,0.009066882484604003,-0.2683013189342303,0.33259145917373767,0.25631330694621834,-0.6572035559377332,-0.01192478407668281,-0.5004489181704371,-0.4693660769610137,-0.32442241303000796,-0.32419479254922295,0.14465281553889148,0.12416697226823808,0.30767966211004183,0.36863136863136864,0.09321058688147296,0.1936670924012696,0.1504444922166441,-0.15760189177910697,0.026113127378950163,0.1834494619304746,0.2841841702601196,0.10064618925378419,0.5565953034307465,-0.28891361802754206,0.04776236421806042,-0.3021914794066693,-0.13056563689475081,0.5433680243806827,-0.11114202253442759,0.6953426320514928,0.6074052529748732,0.5551031247233779,0.5114758659062456,0.4659517697492381,0.3795065693799871,0.6045979337118578,0.6208601525057221,0.5473134460476232,0.4155464788376181,-0.007043589322070335,-0.0601044525095158,-0.4610958661591573,-0.33603105755004486
#11,0.6508301824757521,1.0,0.5964035964035964,0.519214962252937,0.3296829752525955,0.11544152050481164,0.3772556557366684,0.16266012468544114,0.6370717889705232,0.7265519290835747,0.26825073660516696,0.0741663399891248,-0.19318656027516787,-0.11802121928704207,0.038126430531493824,-0.09546150052479166,0.4709088379974456,0.5129680446136142,0.0982941109523388,-0.05570378988100507,0.12697429153125356,-0.25618685112356,0.4580609264153568,-0.14075797620101418,0.5481986368062317,-0.08134903071611932,0.6436474917487576,0.45401434009028946,0.23721847772480684,0.11888111888111888,0.010002655572275825,-0.006790677676753626,0.03767118956992375,0.17282717282717283,-0.2879778449398703,0.059674502712477394,-0.08279062709442456,0.0033004969713830473,-0.045840235713653435,0.5186585566332402,-0.09389344832382807,0.222069070170336,-0.19101152012544417,-0.023280516951403027,0.05044322765841753,0.34872722214494367,0.37219742283033425,0.4624362978793359,0.2993082866500588,0.4454153441495214,0.06819762515965047,0.16038391987759076,0.18585212256098332,0.2933901541496478,0.08660959293870686,-0.24313661022521782,-0.24139151987253252,-0.20906941160105716,-0.48863794433414687,0.08334703271412132,0.006740095347690284,0.036482504836935215,-0.20441583732722973,-0.009218629471794028,0.434995384362473,0.4093501435273587,0.041186661439825994,0.10868877957485552,0.24346539536412953,-0.19265544582000277,0.3887631355985786,0.2072990300838402,-0.6888933850959167,-0.28972293529255555,-0.5164582253189848,-0.647845825061015,-0.3394959470908838,-0.49379734189860774,0.5277633758646417,0.15304948216340622,-0.14867411069942715,-0.17576094791284666,-0.37682570593963,-0.20967639954981726,-0.09879993424297222,-0.2171878754157235,-0.038404633341342205,-0.012632936683569594,0.5326192794547225,-0.2295299637071789,0.26478584706432806,-0.29890362801755205,-0.01485855916235663,-0.5011317796127923,-0.26809898961797696,0.4486273220450436,0.00395806724920649,0.5671923013695166,0.4555318099621897,0.36645632848164494,0.3235119311068678,0.21809835733886368,0.11177430164771937,0.4076303443392051,0.46514245248422464,0.2695152948317505,0.1461197030817284,0.14720722315659024,0.03595139038177013,-0.5196449120499753,-0.35861606747682695
#12,0.7335828728233792,0.5964035964035964,1.0,0.6941033649894409,0.7624653827185472,0.6571276824441381,0.4545960368745179,0.3760163886746165,0.4835038379342177,0.7731382541509124,0.5788009458895534,0.3940742801502295,-0.10459161092072485,-0.3560869510236599,-0.2397728853425056,-0.21976757419795395,0.821191466761087,0.7245792182501043,-0.2856763489674882,-0.35024469201684394,-0.20110269477358084,-0.5203530646568622,0.45419137824201117,0.06430278582177316,0.4305441394048989,-0.014909141491419973,0.3642307060028579,0.6010065883483605,0.061950707520327775,-0.20573097788287661,0.3988543102467153,0.431378747834444,0.3493847924227671,0.3637248827122245,-0.17290304632076783,-0.2949076240215481,-0.0900491913150141,-0.39887960141124695,0.10729776552561363,0.5408389079275155,-0.4169880752159233,-0.19032865868308907,0.009901490914149142,-0.36203037468860255,0.08701425157121359,0.17682317682317683,0.2050481164405215,0.5379810063354367,0.35049760366216065,0.4059864186446465,0.4301900631014555,0.4066945712515333,0.4662046813945548,-0.0858761491672884,-0.27626803576170667,-0.5383097914743484,-0.5025227936620341,-0.4413940489889857,-0.26170032499146423,0.10519859886948495,0.06551676171929337,0.015212635465800022,-0.25406239330289965,-0.3509528446237307,0.36974417987076214,0.29270729270729273,-0.1427306870344845,-0.03620430202708684,0.23259019461551106,-0.12919991401004058,0.7125912062620924,0.6753879032360045,-0.6527270198156274,0.09627081778980513,-0.6279416785745899,-0.4065934065934066,-0.28304606785619446,-0.1983712490041604,0.3334260676032828,0.26420415028009964,0.20691966261586514,0.20863946180401877,-0.004109814236396515,0.12965515497161068,0.11240658076101114,-0.3503711478395023,0.011823619418556128,0.21880650994575046,0.19417291569190304,0.2315026745406492,0.6053060863187445,-0.3383325535224269,0.07424221348271981,-0.45568355694937973,-0.3301129250496339,0.7796633746000835,-0.06678131994587691,0.7390710555267517,0.6158525019284513,0.5412435665600223,0.5289014782685669,0.5637021206641459,0.5194931650627853,0.7040427926503876,0.6693180237484035,0.47166757293339573,0.39316379822708936,0.013720456758431442,-0.16099090782635087,-0.5341367493266227,-0.3192883066300788
#13,0.5679004539764033,0.519214962252937,0.6941033649894409,1.0,0.521516458225319,0.3460716498691182,0.0996851250015807,0.1993070220918322,0.22970700185890058,0.7720507340760505,0.21493696177240482,0.3614233867398424,-0.13686313686313686,-0.23676323676323677,-0.10218895029021612,-0.11531506468215329,0.6851755839097611,0.2880790095979969,0.19189671088405266,0.13706546617939022,0.12287712287712288,-0.08693837807761859,0.45940135813553534,0.05618432200710682,0.442987392354481,0.029982675552295807,0.28640979273890665,0.1772784177847469,-0.24644975277886672,-0.19032865868308907,0.022243579205604522,0.1628624540016945,-0.11083852856004754,-0.04938099874808736,-0.19096093779638085,-0.23648503395338838,-0.19085977313825414,-0.10846115909407049,-0.20550335740209158,0.07019562715765247,-0.2384830359513904,0.014681521010634935,0.19202316670671102,-0.05643723365242353,-0.12887112887112886,0.023609302090314747,0.08445984395351484,0.06571909103554673,-0.067312434401042,-0.04530912125848835,-0.04126253493342101,-0.06182425169766942,-0.024089834216416493,0.07171309702955272,-0.04981094854512576,-0.09075734392190088,-0.24693028490496846,-0.20919586742371551,-0.08069146043829588,0.09159195235144602,0.3597035875516888,0.354771810468013,-0.18529571694128655,-0.1884571125077454,0.18415761453736137,0.36170158954969084,-0.27641978274889667,-0.2917715196196209,0.37955715170905047,0.15084915084915085,0.3989301837403103,0.5201254441760771,-0.5260182855119564,0.3406846318238723,-0.3983737781206136,-0.35267264381188435,0.033472856257666384,0.02717535628928034,0.020751400498235942,0.11953868915894232,0.15183550626588602,0.36855549513777364,0.11493569721417822,0.129629863807079,0.22437056614271805,0.07189013518127442,0.37379076619582946,0.3762693003199332,0.2484477547768687,0.5348449019335095,0.46043829588133384,0.20747606823556192,0.31230794521933763,-0.1253809481657583,0.14718193199205856,0.3819092300104958,0.36053819598123393,0.2933142806560528,0.29053225255756904,0.04331111926048635,-0.0629623541015946,0.11058561691473084,0.13243718307009447,0.24075924075924077,0.21582215253101328,-0.018475195690385565,-0.13013568709771242,0.3634466799023761,0.10325117920054629,-0.2147599236206831,-0.07775768535262206
#17,0.7174724010167048,0.3296829752525955,0.7624653827185472,0.521516458225319,1.0,0.7587475815323916,0.4158752639765298,0.4822139885431025,0.3084131058814603,0.6214671404544823,0.6423323511931107,0.7076088468493532,0.12474866905246652,-0.2882054654206553,-0.4195930651626854,-0.3374473627638185,0.7424853627385273,0.5642332351193111,-0.441141137343669,-0.5038632253822127,-0.5240961570075494,-0.6834810758861392,0.26116921053629916,0.1809962189709025,0.09958396034345401,0.1382288597478471,0.048242896344162164,0.3179731660744319,0.1383806067350371,-0.09444985394352483,0.5900302229416153,0.4442519505810645,0.6129187268427775,0.4881827033725768,-0.02715006512474867,-0.32796317606444186,0.19202316670671102,-0.4274839084965667,0.3477661578927402,0.4907624021548072,-0.27399183095385626,-0.3139012885848329,0.167819522249902,-0.4561387979109498,0.004312143552649882,0.0959420326508934,-0.07758064720090037,0.31344604762326284,0.20294894978439282,0.1936165100722063,0.31529230263407476,0.37341139872785445,0.4007764387511223,-0.20188672087406265,-0.531658215202519,-0.44741334614752337,-0.595594279138583,-0.4298612779625438,-0.06098964326812428,0.16131969296526258,0.09015035597314078,-0.023761049077504773,-0.1679965604016237,-0.1924531165037494,0.20734961241290356,0.05362991438940806,-0.12227013492836278,0.027251229782875353,-0.03010913137495416,-0.16051037570024912,0.5151936670924012,0.48717105679130995,-0.4399271614461488,0.2432377748833445,-0.47748454077568003,-0.197941299207122,-0.2640271121283779,-0.1871672631166302,0.07489978376054325,0.19743547591648858,0.3966033966033966,0.5360082955019664,0.24508402989415648,0.3073508769711301,0.37839375814059356,-0.1448045625260815,0.07626550664525349,0.2747505658898064,0.244122965641953,0.3661781256717966,0.6337839375814059,-0.25004109814236397,0.14622086773985507,-0.3019385677613526,-0.22598920067274497,0.5302924923178087,-0.13413169109371642,0.6358578130730029,0.517672201216505,0.5166099723061749,0.5750072712098029,0.7053832243705661,0.6505013973368404,0.6626917386411058,0.6390192086394618,0.6223523312130907,0.5445061267846077,-0.0463966413333502,-0.10997862896597074,-0.40932485236282706,-0.21228138949657938
#18,0.5033574020915793,0.11544152050481164,0.6571276824441381,0.3460716498691182,0.7587475815323916,1.0,0.2828943208690044,0.36516647909052974,0.21933762440091553,0.4138519708139961,0.4564928742143932,0.6470870901250648,0.3335778145904728,-0.5143843498273878,-0.29978881877616054,-0.1642534680509364,0.6609972306174838,0.4363611072471832,-0.5520934761441091,-0.6198990882535186,-0.433149129351661,-0.6005766385513222,0.11814767510970042,0.1365596428887568,0.011520125444176077,0.004008649578269832,0.0295527257552574,0.2860557164354633,0.3602599931713856,-0.056892474613993604,0.5407630344339205,0.499234942272917,0.5029527434590726,0.36387662969941453,0.28094690120006577,-0.3270274029767701,0.18471402015705812,-0.3663298726589866,0.5372728537285499,0.5468076227569898,-0.23279252393176444,-0.4342872317555862,0.42138873784443404,-0.2778107967981386,0.2091452850946522,0.08698896040668193,-0.1401256970877224,0.3563145715044449,0.22679851793775843,0.26865539523767373,0.5046725426472262,0.4949607354670646,0.46385260309310944,-0.31185270425776757,-0.35368429039315114,-0.4635238179541977,-0.3859305251710315,-0.41721569569670836,0.10787946230984205,0.23891298574842879,-0.07722657089745698,-0.2699958269578523,-0.23107272474361082,-0.3099811580824239,-0.03468683215518659,-0.2289988492520138,-0.290228758583189,-0.2370667307376168,-0.06455569746708988,-0.18704080729397185,0.397033346400435,0.3260663387245666,-0.3482719811833736,0.0765942917841652,-0.43474247271715627,-0.2716144614878792,-0.42320970169071437,-0.14085914085914086,0.15469340785796482,0.2636224534958712,0.5141820205111345,0.41868258323954527,0.2245981866235031,0.1745722631798581,-0.022091832218414497,-0.4345907257299662,-0.17791069689803868,0.41069057524753727,-0.011444251950581064,0.3930626335689627,0.6348714576562677,-0.2690094715411171,0.013265215796861367,-0.25302545555710115,-0.24273195159271108,0.5112735365899923,-0.34250559567015265,0.48853677967602016,0.33676450132146335,0.4890678941311853,0.5456948115175964,0.7390963466912834,0.4681015187344301,0.6052807951542128,0.505380695254113,0.48790450056272844,0.4764476030298815,-0.26428002377369464,-0.35489826629067134,-0.4358299927920181,-0.23989934116516395
#26,0.35871723213495366,0.3772556557366684,0.4545960368745179,0.0996851250015807,0.4158752639765298,0.2828943208690044,1.0,0.2717914996396009,0.34468063581987635,0.4388649325358186,0.31706268415129174,0.04442393049987987,0.2130401244325295,-0.020498488852919234,-0.2753828450030982,-0.24156855802425423,0.240051088152354,0.3402799731913656,-0.3080084472489536,-0.31256085686465435,-0.31820078655521694,-0.5044955044955045,0.2885595417240987,-0.06182425169766942,0.05942159106716069,-0.16405113873468305,0.38026530431593725,0.5399031348398436,0.2447299535907131,-0.08878463308843056,0.3029755055071511,0.2085382971458921,0.4177468101518734,0.4323651032511792,-0.2948570416924847,-0.11387346830384805,-0.2206021826274991,-0.46893612716397526,0.22705142958307514,0.5432162773934925,0.04444922166441154,-0.18585212256098332,-0.23529634922039985,-0.43625994258905654,0.36235915982751427,0.2650387587096448,0.18314596795609453,0.4667105046851882,0.5229327634390926,0.529584339710922,0.4040137078111762,0.5735150925024343,0.542179339647694,-0.003199332313256364,-0.22234727298018436,-0.47589119741018476,-0.26842777475688867,-0.23001049583328065,-0.09530975353760164,0.18016161054135738,-0.49465724149268453,-0.3566686478078883,-0.41782268364546843,-0.16690904032676185,0.35459477231629133,0.20795660036166366,-0.038429924505873875,0.21794661035167365,-0.2112950340798442,-0.37503003325788137,0.3144071118754663,0.10499626955323157,-0.4007764387511223,-0.08635668129339015,-0.20476991363067312,0.011418960786049393,-0.4717687375915224,-0.3738413485248928,0.15795596808255036,-0.008510476864907244,-0.12844117907409047,-0.12611439193717675,-0.13243718307009447,-0.20831067666510705,-0.08316999456239962,-0.5290532252557569,-0.31959180060445885,0.12333236383869295,0.26976820647706723,-0.14624615890438675,0.13557328747202166,-0.3931385070625577,-0.09460160093071486,-0.4317834064669508,-0.40300206122990934,0.5035850225723644,-0.29179681078415254,0.336486298511615,0.30454355770811464,0.44341734215151934,0.5954678233159246,0.36627929032992323,0.4404329847367822,0.45876907902224356,0.6159030842575146,0.41564764349574473,0.44996775376522213,-0.36339609757331276,-0.0008472540118109738,-0.47925492229289696,-0.37260208146284096
#49,0.6680787566863516,0.16266012468544114,0.3760163886746165,0.1993070220918322,0.4822139885431025,0.36516647909052974,0.2717914996396009,1.0,0.18132500410981423,0.32836783469694864,0.5015870205743623,0.3916716195197208,0.24450233310992806,-0.26420415028009964,-0.5567217592534048,-0.3691624830865337,0.43317442051619265,0.16043450220665412,-0.42260271374195424,-0.3662287080008599,-0.3753588183967931,-0.46440900871280616,0.13228543608290444,0.08994802665688742,0.07649312712603852,0.14801654042160373,0.11468278556886152,0.31288964200356606,-0.0798062696796874,-0.14692902034674188,0.2685289394150154,0.27204441128491763,0.38284500309816766,0.44344263331605105,-0.17434464269907307,-0.26139683101708416,0.1259879361145184,-0.2907345818738224,0.2269249737604168,0.11771772531266202,-0.30021876857319896,-0.45264861720557925,0.07037266530937417,-0.4212116996927123,-0.011848910583087797,0.050519101152012545,0.20375826704940628,0.25274725274725274,0.2196411183752956,0.10557796633746001,0.11754068716094032,0.1867373133195918,0.23774959217997194,-0.15727310664019525,-0.19445111850175142,-0.38469125810897964,-0.29083574653194905,-0.20788072686806863,0.12472337788793485,0.15927110863819724,0.17214431138481773,0.09068147042830588,-0.09730775553560364,-0.25603510413637,0.3311498627954324,0.21056159030842575,-0.025202645455810014,0.14917993399006058,-0.24892828690297045,-0.42310853703258766,0.13165315696961266,0.13784949227987203,-0.3312257362890274,0.2701475739450423,-0.35507530444239305,-0.16248308653371946,-0.14960988378709897,0.029400978768067375,0.003553408616699756,-0.09675134991590688,0.434919510868878,0.3934672922014694,0.2880790095979969,0.21582215253101328,0.1252039100140366,0.009648579268832433,0.14505747417139822,0.2794294313281655,-0.11726248435109195,0.2940983067565346,0.39887960141124695,-0.03622959319161851,0.3099305757533606,0.06754005488182703,-0.004059231907333173,0.4212622820217757,-0.2578307768181186,0.3534313787478344,0.43135345666991237,0.2683013189342303,0.30755320628738353,0.35467064580988633,0.4339331554521428,0.3491318807774504,0.4026479849264659,0.39786795482998016,0.3685807863023053,-0.016527776021446908,0.03557202291379507,-0.19354063657861126,-0.023103478799681332
#50,0.4132196917007044,0.6370717889705232,0.4835038379342177,0.22970700185890058,0.3084131058814603,0.21933762440091553,0.34468063581987635,0.18132500410981423,1.0,0.5846179137318378,0.3061369010736099,0.10337763502320464,-0.2151139999241265,0.07555735403836669,-0.05135370958155768,-0.3142300737237446,0.44141934015351736,0.672352963492204,0.015617294098306757,-0.22591332717914997,-0.1272777855056336,-0.3319591800604459,0.14313534566699124,-0.16349473311498627,0.21731433123838187,-0.006714804183158614,0.16058624919384412,0.292606128049166,0.40107993272550235,0.3075784974519152,0.26728967235296347,0.33598047522098157,0.15170905044322766,0.4436449626323044,0.03299232413156464,0.1238128959647947,0.23051631912391407,0.015263217794863365,-0.06925985406998066,0.4599577637552321,-0.10684252456404356,0.24910532505469216,-0.11038328759847747,-0.16938757445086558,-0.06604787617445845,-0.09584086799276673,0.015693167591901768,0.3127631861809077,0.2718420819686643,0.2740424132829196,0.15853766486677878,0.12750540598641866,0.08155136003237269,0.12391406062292139,0.0345856674970599,-0.08610376964807344,-0.3274573527738085,-0.3579584971990035,-0.41777210131640513,-0.01217769572199952,0.1665043816942551,0.14703018500486856,0.1002921129503408,-0.08979627966969739,0.29561577662843486,0.2058321425410033,0.3941754448083562,0.27497818637059146,0.37717978224307336,-0.18610503420630004,0.6424588070157691,0.31223207172574263,-0.46610351673642814,-0.1813502952743459,-0.5609453837301939,-0.4141048824593128,-0.0967260587513752,-0.33168097725059753,0.5968841285296982,0.31385070625576955,0.17811302621429204,-0.23527105805586818,-0.30229264406479595,0.1643293415445314,0.09353937202038468,-0.21248371881283273,-0.007852906587083801,-0.2987771721948937,0.37146397905891576,-0.252266720621151,0.11093969321817423,-0.4723504343757508,-0.20760252405822027,-0.5761200824491963,-0.3216909672605875,0.29728499348752513,-0.21736491356744522,0.415318858356833,0.25251963226646773,0.5850731546934078,0.3809481657582923,0.3162280757217466,0.33739678043475513,0.5856548514776363,0.4754359564486147,0.3096270817789805,0.25211497363396096,0.2465509174369934,0.058207615169640486,-0.3968563082487133,-0.25831130894422033
#51,0.6986304834406101,0.7265519290835747,0.7731382541509124,0.7720507340760505,0.6214671404544823,0.4138519708139961,0.4388649325358186,0.32836783469694864,0.5846179137318378,1.0,0.4497148421199054,0.4427597718736959,0.023128769964213,-0.16169906043323765,-0.28036520441583734,-0.3844889287927263,0.7914743484363738,0.5380062974999684,0.024570366342518243,-0.18200786555216936,-0.0790222435792056,-0.41564764349574473,0.4700489384033688,-0.13997395010053237,0.41099406922191734,-0.07221892032018615,0.43337674983244606,0.40171221183879413,0.041818940553117766,-0.055627916387410055,0.3240430455620329,0.3107651841829057,0.23597921066275496,0.33701741296678006,-0.17851768484679878,-0.2837795116276129,0.0263407478597352,-0.27649565624249167,-0.03364989440938808,0.3520656558631242,-0.30995586691789223,-0.12148610882788098,0.06882990427294225,-0.3639777943575412,0.04563790639740007,0.05808115934698213,0.1967273233096018,0.36132222208171577,0.2586148029186004,0.27932826667003885,0.14692902034674188,0.13759658063455532,0.2234347930550462,0.054995637274118284,-0.08139961304518266,-0.34748795508289176,-0.4406100228885039,-0.511147080767334,-0.2185030159713704,0.050923759784519275,0.1494328456353773,0.1890641004565055,-0.36435716182551625,-0.3040377344174813,0.32207033472856256,0.27576221247107324,-0.1531506468215329,-0.08898696240468393,0.20962581722075393,-0.22077922077922077,0.5717700021497489,0.52773808470011,-0.6716195197207856,0.05975037620607241,-0.5273334260676033,-0.3778626436854285,-0.22227139948658936,-0.27325838718243783,0.2483718812832737,0.0335487297512614,0.1606115403583758,0.22340950189051456,0.026366039024266874,0.1656444821001783,0.17452168085079478,-0.052921761782521275,0.22287838743534946,0.2571479153757635,0.3215392202733975,0.20459287547895144,0.3164809873670633,-0.1465496528787668,0.07469745444428989,-0.31531759379860647,-0.09273005475537122,0.5778145904728184,-0.029173358287282337,0.535047231249763,0.3941754448083562,0.4145854145854146,0.34379544506126786,0.3992842600437537,0.4435437979741777,0.6086698112014568,0.5920788072686807,0.3565674831497616,0.2754840096612248,0.17062684151291746,0.09227481379380113,-0.4307211775566206,-0.28554989314482987
#52,0.5826957852274308,0.26825073660516696,0.5788009458895534,0.21493696177240482,0.6423323511931107,0.4564928742143932,0.31706268415129174,0.5015870205743623,0.3061369010736099,0.4497148421199054,1.0,0.5789274017122118,0.09518329771494329,-0.3330719912998394,-0.23547338737212156,-0.37202038467861254,0.5730598515408643,0.5216176228834457,-0.5669646808887315,-0.555406618697758,-0.21984344769154895,-0.5977187369592433,0.10191074748036773,-0.05600728385538512,0.32095752348916906,0.05102492444264596,0.08774769534263205,0.3338560174003212,0.07029679181577916,-0.14096030551726754,0.49526422944144466,0.4923051631912391,0.6771835759177531,0.6367682949961431,-0.0906561792637742,-0.2662274434426333,0.13046447223662413,-0.26835190126329367,0.21830068665511704,0.3689348626057487,-0.27755788515282187,-0.2730813490307161,-0.10312472337788793,-0.46488954083890793,0.05714538625931031,-0.08471275559883155,-0.03281528597984294,0.33474120815892966,0.0924771431100545,0.20355593773315292,0.20213963251937936,0.2148610882788098,0.2922014694166593,-0.3952123825541547,-0.3247006158398563,-0.48327621745343263,-0.37776147902730184,-0.4019145411550475,-0.04659897064960356,0.11814767510970042,0.04389281604471478,-0.03299232413156464,-0.11759126949000366,-0.24847304594140038,0.13167844813414434,-0.10036798644393581,-0.0953350447021333,-0.08911341822734228,0.041060205617167646,-0.16427875921546808,0.5404342492950088,0.4811517596327723,-0.2620796924594393,0.21455759430442975,-0.1410108878463309,0.033725767902983095,-0.21845243364230707,-0.18989870888605065,0.08815235397513879,-0.19566509439927163,0.25719849770482683,0.36018411967779057,0.056943056943056944,0.270248738603169,0.28600513410639994,-0.03359931208032474,-0.01915805713274068,0.18511867878956487,-0.03529382010394669,0.1670354961494202,0.4441002035938745,-0.30214089707760594,-1.2645582265835431e-05,-0.23711731306668016,-0.1593216909672606,0.6458478230630129,-0.32556051543393316,0.5343896609719394,0.5451889882269629,0.44002832610427545,0.5549513777361879,0.5012835265999823,0.6497173712363585,0.613652170614196,0.6442038973684543,0.7179529331428066,0.6880587766663716,-0.11066149040832585,-0.034358047016274866,-0.3937707861758495,-0.21991932118514396
#53,0.48532480178049797,0.0741663399891248,0.3940742801502295,0.3614233867398424,0.7076088468493532,0.6470870901250648,0.04442393049987987,0.3916716195197208,0.10337763502320464,0.4427597718736959,0.5789274017122118,1.0,0.3060610275800149,-0.37692687059775665,-0.34779144905727183,-0.16051037570024912,0.6691915679257452,0.26706205187217846,-0.5107930044638905,-0.42146461133802904,-0.2736124634858812,-0.41165163949974076,0.21926175090732053,0.2022913795065694,0.11865349840033385,0.19773896989086862,-0.1088911088911089,-0.11728777551562361,0.07967981385702905,-0.04829347867322551,0.4948848619734696,0.3097535376016389,0.5112735365899923,0.28681445137141337,0.19374296589486462,-0.41931486235283705,0.39065997293845395,-0.22194261434767765,0.4902565788641738,0.2834507264887012,-0.12952869914895232,-0.3650400232678714,0.499538436247297,-0.2678207868081286,0.0787693319338889,0.0098509085850858,-0.33023938087229227,-0.015187344301268352,-0.07060028579015921,-0.05469214329973824,0.18590270489004665,0.17057625918385413,0.22958054603624223,-0.2091452850946522,-0.20595859836366165,-0.2045170019853564,-0.3603611578295123,-0.34291025430265937,0.1743193515345414,0.17421818687641472,0.19293364862985116,0.0007207981891526195,-0.3006234272057057,-0.20327773492330453,-0.28026403975771064,-0.3051758368214064,-0.3657987582038215,-0.28681445137141337,-0.11604850845357174,-0.1745722631798581,0.18261485350092946,0.27801312611439194,-0.09695367923216025,0.23130034522439585,-0.2237888693584896,-0.04733241442102202,-0.23833128896420036,-0.07770710302355872,-0.1930853956170412,-0.04940628991261903,0.509073205275737,0.7004514472868903,0.3796583163671771,0.4900036672188571,0.3586666498058903,0.16336827729232792,0.12280124938352786,0.41493949088885795,0.054236902338168164,0.507682191226495,0.529584339710922,-0.08203189215847444,0.12353469315494632,-0.04563790639740007,-0.032056551043892816,0.30014289507960396,-0.08696366924215025,0.3143059472173396,0.2025442911518861,0.26913592736377545,0.3014580356352508,0.5408894902565788,0.46974544442898875,0.36620341683632823,0.3417468607342025,0.4016869206742624,0.3970839287294983,-0.0779853058334071,-0.10820824744875378,-0.3334007764387511,-0.22937821671998887
#54,0.07219362915565447,-0.19318656027516787,-0.10459161092072485,-0.13686313686313686,0.12474866905246652,0.3335778145904728,0.2130401244325295,0.24450233310992806,-0.2151139999241265,0.023128769964213,0.09518329771494329,0.3060610275800149,1.0,-0.22887239342935545,-0.31053756370212066,-0.22163912037329758,-0.06508681192225496,-0.2238900340166163,-0.2820091301103959,-0.2787718610503421,-0.2074001947419669,-0.27695089720406174,-0.17927641978274889,-0.032056551043892816,-0.23438586729725971,-0.01893043665195564,-0.10674135990591686,-0.023179352293276344,0.3824656356301926,0.0928312194134979,0.09394403065289142,0.34629927034990327,0.3217162584251192,0.25899417038657546,0.10370642016211637,-0.14660023520783014,0.16142085762338926,-0.16430405037999976,0.35783204137634517,0.10944751451080564,0.17806244388522868,-0.4896495909154137,0.17057625918385413,-0.20679320679320679,0.4521680850794775,0.05881460311840059,-0.29457883888263636,-0.008813970839287295,-0.05041793649388586,0.19202316670671102,0.14214899025025607,0.2457416001719799,0.24422413030007967,-0.27391595746026126,-0.12679725337953185,-0.24773960216998192,0.02431745469720153,-0.230212825149534,0.32593988290190823,0.14179491394681268,-0.3226014491837277,-0.3504470213330973,-0.3489042602966654,-0.20823480317151202,-0.16723782546567356,-0.3612463485881207,-0.38451421995725793,-0.3590207261093337,-0.4749554243225129,-0.2928084573654194,-0.22629269464712504,-0.30302608783621443,-0.07707482391026695,-0.12778360879626702,0.21263546580002277,0.05934571757356567,-0.3302899632013556,-0.19933231325636389,-0.1547945725160915,-0.2686048129086104,0.18549804625753993,0.19131501409982424,0.3583378646669786,-0.14839590788957877,-0.3979691194881068,-0.07747948254277368,-0.16695962265582517,0.3983737781206136,0.03266353899265292,0.09879993424297222,-0.040149723694027493,0.10008978363408744,-0.03600197271083347,0.17806244388522868,0.23853361828045372,0.0007966716827476321,-0.45697340634049494,-0.1127859482289862,-0.10767713299358869,-0.06650311713602852,0.20375826704940628,0.2483718812832737,0.21109270476359085,0.08509212306680661,0.23886240341936543,0.24442645961633302,0.3262939592053516,-0.360689942968424,-0.12725249434110195,-0.033396982764071374,-0.020726109333704272
#58,-0.33886366797759204,-0.11802121928704207,-0.3560869510236599,-0.23676323676323677,-0.2882054654206553,-0.5143843498273878,-0.020498488852919234,-0.26420415028009964,0.07555735403836669,-0.16169906043323765,-0.3330719912998394,-0.37692687059775665,-0.22887239342935545,1.0,0.14864881953489548,-0.007954071245210486,-0.43570353696935976,-0.07166251470048939,0.4166845812415433,0.3362839691953616,0.06364521554394972,0.2740424132829196,-0.16733899012380024,-0.12082853855005754,-0.28861012405316205,0.17166377925871595,-0.16038391987759076,-0.13443518506809646,-0.15755130945004361,0.14045448222663412,-0.18903880929197384,-0.07715069740386196,-0.11038328759847747,0.11862820723580217,-0.2857016401320199,0.04131311726248435,-0.05378166137659809,0.16620088771987507,-0.46992248258071045,-0.33883837681306034,0.10327647036507796,0.24743610819560186,-0.38550057537399307,-0.0020106475802678333,-0.22755725287370857,-0.24240316645379936,0.0667054464522819,-0.157829512259892,-0.09553737401838668,-0.20251899998735443,-0.30793257375535854,-0.3730320312598794,-0.3486766398158803,0.2112950340798442,-0.0960431973090201,0.2686806864022054,-0.11913403052643559,-0.03248650084093122,-0.2514321121916059,-0.4846925226672062,0.07454570745709986,0.2275319617091769,0.350624059484819,0.4970599021231933,0.189873417721519,0.1504444922166441,0.7379076619582948,0.640081437549792,0.14232602840197778,0.2821102947685226,-0.08053971345110586,-0.04571377989099508,0.13569974329468001,-0.1027200647453812,0.04973507505153075,0.29296020435260944,0.3009775035091491,0.009041591320072333,-0.01958800692977908,-0.0967260587513752,-0.2983978047269186,-0.4020915793067692,-0.00633543671518355,0.09174369933863605,0.26567103782293655,0.3399258968879222,0.2999911480924139,-0.5606418897558139,0.16789539574349702,-0.35419011368378456,-0.549412612703752,-0.004337434717181552,-0.3092982966400688,0.12113203252443759,0.03352343858672972,-0.4422539485830625,0.19877590763666714,-0.23425941147460136,-0.056892474613993604,-0.1518607974304177,-0.18650969283880675,-0.3928603042527093,-0.017311802121928704,-0.24030399979767067,-0.1193869421717523,-0.18198257438763768,-0.1212079060180326,0.17444580735719975,0.32733089695115014,0.3578067502118135,0.2249269717624148
#101,-0.3675438485565068,0.038126430531493824,-0.2397728853425056,-0.10218895029021612,-0.4195930651626854,-0.29978881877616054,-0.2753828450030982,-0.5567217592534048,-0.05135370958155768,-0.28036520441583734,-0.23547338737212156,-0.34779144905727183,-0.31053756370212066,0.14864881953489548,1.0,0.5687603535704802,-0.3389142503066554,-0.06539030589663501,0.31842840703600195,0.31496351749516305,0.5988062570341052,0.46572414926845307,-0.030817283981840943,-0.1083599944359438,0.18271601815905614,-0.017564713767245412,-0.02892044664196563,-0.35315317593798606,0.07975568735062406,-0.006790677676753626,-0.5076063177329,-0.24237787528926769,-0.4198459768080021,-0.28092161003553406,-0.028136420541483832,0.111571972331466,-0.24983876882611059,0.481404671278089,-0.05952275572528737,-0.08595202266088342,0.44819737224800515,0.519442582733722,0.005222625475790033,0.6455949114176962,-0.011064884482606,-0.02151013543418607,-0.08625551663526347,-0.2507239595847191,-0.399031348398437,-0.1667067110105085,-0.4215151936670924,-0.3843877641345996,-0.4370186775250066,0.16402584757015137,0.34321374827703943,0.4803677335322905,0.3511551739399841,0.2770773530267201,-0.23261548578004274,-0.06665486412321855,0.0016818624413561121,0.04634605900428685,0.41913782420111534,0.49480898847987453,-0.2987771721948937,-0.04434805700628486,0.21559453205022824,-0.06716068741385198,0.5953413674932663,0.5103377635023205,-0.0900491913150141,-0.12634201241796178,0.04930512525449234,-0.2887365798758204,0.11301356870977124,-0.1482947432314521,0.13079325737553585,0.005981360411740158,0.25560515433933156,0.03253708316999456,-0.2816044714778892,-0.2755598831548199,-0.4064922419352799,-0.41564764349574473,-0.23671265443417341,-0.14495630951327154,-0.2211838794117275,-0.23635857813073002,0.11233070726741613,-0.1303127252494341,-0.034105135370958155,-0.08640726362245349,-0.31974354759164886,-0.3453129149331681,-0.03739298676007537,-0.29693091718408177,0.3773062380657317,-0.1890893916210372,-0.025784342240038442,-0.35368429039315114,-0.3847924227671063,-0.4569228240114316,-0.4259664386246665,-0.36225799516938756,-0.1883053655205554,-0.25100216239456746,-0.2891665296728588,0.20466874897254644,-0.13408110876465307,-0.11440458275901313,-0.06463157096068488
#102,-0.2934913188077745,-0.09546150052479166,-0.21976757419795395,-0.11531506468215329,-0.3374473627638185,-0.1642534680509364,-0.24156855802425423,-0.3691624830865337,-0.3142300737237446,-0.3844889287927263,-0.37202038467861254,-0.16051037570024912,-0.22163912037329758,-0.007954071245210486,0.5687603535704802,1.0,-0.2532277848733545,-0.2776843409754802,-0.09498096839868991,0.4842372817056361,0.4784708961924152,0.5962265582518748,0.21473463245615143,0.27356188115681784,0.13815298625425207,-0.01660364951504192,0.10987746430784405,-0.2576537386663969,-0.11511273536589993,-0.18757192174913695,-0.49073711099027556,-0.507682191226495,-0.4267251735606166,-0.6585945699869751,0.08324586805599464,0.03357402091579307,-0.24242845761833104,0.26721379885936847,0.18453698200533644,0.020397324194792548,0.4405088582303772,0.35707330644039503,0.2025442911518861,0.7376041679839148,0.20980285537247562,0.38557644886758813,-0.008232274055058865,-0.16192668091402268,-0.13104616902085256,-0.0014795331251027453,0.04841993449588386,0.053503458566749706,-0.006512474866905246,0.4740449423993728,0.4404329847367822,0.4066945712515333,0.31400245324295956,0.5602119399587754,-0.04406985419643648,0.12882054654206554,-0.15889174117022217,-0.22179086736048761,-0.005627284108296766,0.4291784165201887,-0.30254555571011266,0.11784418113532037,-0.13628144007890844,-0.03253708316999456,0.16516394997407655,0.3450600032878514,-0.4173421515193667,-0.30818548540067525,0.2791006461892538,-0.1289470023647239,0.017311802121928704,-0.10547680167933332,-0.091440205364256,-0.014200988884533187,-0.0301597137040175,0.15474399018702817,-0.4497654244489688,-0.2323878652992577,-0.3933661275433427,-0.3443518506809646,-0.30504938099874807,-0.21749136939010358,-0.32950593710087384,-0.11402521529103808,-0.04369048672846141,0.02067552700464093,0.24753727285372856,-0.03521794661035167,-0.04288116946344794,-0.19078389964465914,-0.23714260423121183,-0.350775806472009,0.36845433047964693,-0.29827134890426027,-0.22426940148459135,-0.3443771418454963,-0.36982005336435714,-0.3300370515560389,-0.5843902932510527,-0.5511071207273739,-0.4676968601019234,-0.5500701829815754,-0.5283197814843384,-0.13731837782470693,-0.22113329708266416,-0.21723845774478687,-0.29247967222650767
#201,0.7191416178757951,0.4709088379974456,0.821191466761087,0.6851755839097611,0.7424853627385273,0.6609972306174838,0.240051088152354,0.43317442051619265,0.44141934015351736,0.7914743484363738,0.5730598515408643,0.6691915679257452,-0.06508681192225496,-0.43570353696935976,-0.3389142503066554,-0.2532277848733545,1.0,0.6379316885645999,-0.3070979653258134,-0.3472856257666384,-0.23365242352584126,-0.4711617496427623,0.5127910064618926,0.12846647023862215,0.4103112077795622,0.04563790639740007,0.29083574653194905,0.32176684075418255,-0.004185687729991528,-0.19154263458060927,0.509376699250117,0.30424006373373463,0.34710858761491675,0.24746139936013353,0.029957384387764133,-0.3873215392202734,0.16776893992083866,-0.38919308539561703,0.26091629889098245,0.4527750730282376,-0.4080602941362435,-0.29043108789944233,0.342935545467191,-0.3881814388143502,0.00631014555065188,0.07646783596150684,0.06738830789463701,0.3604370313231073,0.2779625437853286,0.22555925087570658,0.380897583429229,0.31959180060445885,0.4025974025974026,-0.017084181641143666,-0.08911341822734228,-0.3841095613247512,-0.4927856953173409,-0.4790778841411753,-0.10249244426459617,0.13658493405328848,0.19632266467709505,0.07216833799112281,-0.3560869510236599,-0.4766499323461349,0.05244122965641953,0.044828589132386604,-0.2870167806876668,-0.18097092780637083,0.1992311485982372,-0.2193629155654472,0.5964794698971914,0.6114265481354089,-0.44587058511109146,0.19166909040326763,-0.5908901225356922,-0.3243971218654763,-0.2600563992969056,-0.09230010495833281,0.17651968284879677,0.20251899998735443,0.4185561274168869,0.5001960065251204,0.1506468215328975,0.40130755320628736,0.30575753360563485,-0.0980411993070221,0.09546150052479166,0.34086166997559403,0.09589145032183007,0.44220336625399914,0.5944814678991894,-0.23871065643217543,0.13678726336954186,-0.30732558580659847,-0.24890299573843877,0.6818877325206439,0.009066882484604003,0.6361107247183196,0.39536412954134476,0.5314558858862656,0.40879373790766194,0.6000961064252204,0.4809747214810506,0.6704055438232653,0.5298119601917071,0.41010887846330885,0.31020877856320894,0.021788338244034446,-0.17616560654535338,-0.5425081247866058,-0.3630167301053377
