,#10,#11,#12,#13,#17,#18,#26,#49,#50,#51,#52,#53,#54,#58,#101,#102,#201,#202,#301,#302,#401,#402,#501,#502,#601,#602,#701,#702,#801,#802,#901,#902,#1001,#1002,#1101,#1102,#1201,#1202,#1301,#1302,#1401,#1402,#1501,#1502,#1601,#1602,#1701,#1702,#1801,#1802,#1901,#1902,#2001,#2002,#2101,#2102,#2201,#2202,#2301,#2302,#2401,#2402,#2501,#2502,#2601,#2602,#2701,#2702,#2801,#2802,#2901,#2902,#3001,#3002,#3101,#3102,#3201,#3202,#3301,#3302,#3401,#3402,#3455,#3501,#3502,#3601,#3602,#3701,#3702,#3801,#3802,#3901,#3902,#4001,#4002,#4101,#4102,#4201,#4202,#4301,#4302,#4401,#4402,#4501,#4502,#4601,#4602,#4701,#4702,#4801,#4802
#10,1.0,0.10135434186067098,0.36645632848164494,0.3305934571757357,-0.09409577764008144,-0.26245905992741436,-0.1085370325876655,0.17378823707937632,-0.1614967311169843,-0.07603788616446844,0.25590864831371163,-0.2673149635174952,-0.30343074646872115,-0.15102618900087256,0.1141769622782281,0.39880372791765195,0.1419466609340027,0.3863604749680699,-0.13428343808090643,0.21812364850339533,0.11367113898759468,0.023508137432188065,-0.10416166112368644,-0.05686718344946193,-0.14869940186395883,-0.1305150545656875,-0.04571377989099508,0.05001327786137913,-0.2266720621151001,-0.04035205301028086,-0.12297828753524956,-0.10008978363408744,0.403103225888036,-0.19288306630078783,0.05421161117363649,-0.00337637046497806,0.12447046624261814,0.08577498450916173,0.19892765462385714,0.06301293643065795,0.29614689108359993,0.21152265456062924,0.14814299624426205,0.08830410096232881,0.20552864856662326,0.18056626917386412,-0.08033738413485249,0.18018690170588905,0.12388876945838971,0.16627676121347007,-0.2488777045739071,0.22444643963631306,-0.006259563221588538,0.4069221917323183,0.1975872229036786,0.39283501308817764,-0.1797063695797873,0.11225483377382112,0.046447223662413537,0.15737427129832193,-0.1397969119488107,0.1743193515345414,-0.06420162116364649,0.35264735264735264,-0.26170032499146423,-0.04444922166441154,0.10100026555722759,-0.0886581772657722,0.17479988366064314,0.10026682178580913,0.3024949733810493,0.12960457264254732,-0.27930297550550715,0.052921761782521275,-0.08628080779979515,0.003528117452168085,-0.21933762440091553,-0.10524918119854829,-0.04796469353431379,0.011874201747619469,-0.3076037886164468,0.14389408060294137,0.1087899442329822,0.13567445213014834,-0.15656495403330847,-0.06286118944346793,0.038404633341342205,0.1435147131349663,0.11652904057967349,0.0353696935975417,0.10760125949999368,-0.22277722277722278,0.17765778525272197,-0.12092970320818422,-0.1831712591206262,0.010584352356504255,0.1318807774503977,0.23747138937012355,0.39091288458377066,-0.02277469366076961,0.2407086584301774,0.08992273549235574,-0.05681660112039859,0.2073749035774352,0.23223611831206767,0.3332490294515611,0.2266720621151001,-0.038784000809317265,0.2718673731331959,-0.13086913086913088,-0.19397058637564968
#11,0.10135434186067098,1.0,0.5017640587260841,0.28236320641383933,-0.5069234562905449,-0.0962202354607418,0.19571567672833495,0.12189076746038771,0.5714412170108373,0.49134409893903563,0.49620000252911645,-0.20421350801097637,0.3158234170892399,0.06329113924050633,-0.20428938150457138,0.11119260486349095,0.43180869763148244,0.1852704257767549,0.1708544619937025,0.20869004413308212,0.18992400005058233,0.26106804587817245,0.4239431454621328,-0.047888820040718774,0.1107879462309842,0.20014163052137734,0.15416229340279974,-0.030260878362144184,0.1747745924961115,-0.011393669621517723,-0.10244186193553283,-0.25907004388017046,-0.04720595859836366,-0.5485527131096751,-0.024165707710011506,-0.2891665296728588,-0.21023280516951404,-0.20848771481682873,-0.41971952098534376,-0.3272044411284918,-0.07548148054477169,0.07444454279897318,-0.06923456290544898,-0.20216492368391104,0.21508870875959485,-0.05451510514801654,-0.2435918511867879,-0.23714260423121183,0.28028933092224234,-0.12371173130666802,-0.23562513435931157,-0.02037203303026088,0.02429216353266986,0.2516850238369226,0.0908332174154959,0.12330707267416129,-0.31868131868131866,-0.4206300029084839,0.0028705471743446427,-0.10143021535426598,-0.08342290620771634,-0.05656368947508188,-0.08008447248953578,0.2570467507176368,0.2003692510021624,0.2770773530267201,-0.2026201646454811,0.02656836834052024,0.3380290595480469,0.4543431252292012,0.48853677967602016,0.4265481354088949,-0.4334779144905727,-0.03461095866159157,-0.24779018449904525,-0.26445706192541635,-0.534263205149281,-0.22652031512791007,-0.06485919144146993,-0.05712009509477864,0.1209549943727159,0.3189089391621037,-0.03362460324485641,-0.1355227051429583,-0.20745077707103024,0.06311410108878464,0.11316531569696127,-0.2981701842461336,-0.4023444909520859,-0.13036330757849746,-0.21792131918714197,0.3653688084067831,0.26063809608113403,0.20820951200698037,-0.042780004805321264,0.4229062077163343,0.054995637274118284,0.35267264381188435,0.2557063189974582,-0.16291303633075785,0.1640764298992147,-0.12297828753524956,-0.14338825731230795,0.0988252254075039,-0.2922520517457226,-0.26238318643381936,-0.39801970181717017,-0.15481986368062317,0.11202721329303608,0.060205617167642486,0.041439573085142706
#12,0.36645632848164494,0.5017640587260841,1.0,0.7314078326736555,-0.4438978742776211,0.1448298536906132,0.6089480140113052,0.21493696177240482,0.223991198674743,0.6684581241543267,0.6609719394529521,0.08486450258602157,0.19381883938845965,0.42108524387005397,-0.23132563638892753,0.12515332768497325,0.8109991274548236,0.7151961962088544,-0.19480519480519481,0.010483187698377572,-0.22897355808748213,-0.06769180186901706,0.248118969637957,-0.07560793636743003,0.167819522249902,0.27695089720406174,-0.16584681141643168,-0.05244122965641953,0.3135725034459212,0.05383224370566143,0.15856295603131046,-0.33990060572339054,0.3061621922381416,-0.3450347121233197,0.18883647997572048,0.11265949240632785,0.0007207981891526195,-0.24427471262914302,-0.3130919713198194,-0.3932902540497477,0.09442456277899317,0.16905878931195387,0.214001188684733,-0.0625324043045562,-0.0926541812617762,-0.03686187230491028,-0.0345856674970599,-0.0010242921635326698,0.3839325231730295,0.13380290595480468,0.015237926630331694,0.36574817587475816,0.3039871520884179,0.43337674983244606,0.35628928033991325,0.1895952149116706,-0.01898101898101898,-0.05094905094905095,0.22381416052302128,0.11483453255605154,-0.23989934116516395,0.05266885013720457,0.15638791588158676,0.3408110876465307,0.01829815753866387,-0.03278999481531127,0.22801249383527863,0.12277595821899619,0.12004451244957574,0.3159751640764299,0.4086166997559403,0.18261485350092946,-0.4361081956018665,0.03314407111875466,-0.34038113784949225,-0.07133372956157766,-0.6002984357414737,-0.14814299624426205,0.17464813667345314,0.13461222321981817,0.12032271525942412,0.19546276508301824,0.36428128833192125,0.0345856674970599,-0.43843498273878023,-0.06554205288382503,-0.01984091857509579,-0.2004451244957574,-0.04642193249788187,-0.07229479381378115,-0.4647125026871862,0.19404645986924468,0.20813363851338534,-0.021206641459806018,-0.026922444643963633,0.5952907851642029,0.2915186079743042,0.7516407642989922,0.3759405151810215,0.20211434135484768,0.26706205187217846,0.45482365735530295,-0.25181147965958095,0.47214810505949745,-0.06329113924050633,0.3060610275800149,-0.17581153024190999,-0.224142945661933,0.11501157070777324,-0.22793662034168363,-0.1936923835658013
#13,0.3305934571757357,0.28236320641383933,0.7314078326736555,1.0,-0.23886240341936543,0.2535565700122662,0.5430898215708342,-0.0416166112368644,-0.12335765500322463,0.6977200015174698,0.40285031424271933,0.027074191631153658,0.2307439396046991,0.2987771721948937,-0.044828589132386604,0.07011975366405745,0.7321665676096056,0.5787250723959585,-0.000821962847279303,-0.12335765500322463,-0.07821292631419213,0.08681192225496023,0.2961974734126633,-0.004868549172346641,0.2953375738185865,0.3924809367847343,0.0988252254075039,-0.07168780586502105,0.2131412890906562,-0.033396982764071374,0.11819825743876376,-0.020068539055880828,0.3802905954804689,-0.15160788578510098,0.14465281553889148,0.109573970333464,0.23036457213672404,0.03789881005070878,-0.050266189506695834,-0.09783886999076873,-0.09480393024696822,0.17313066680155287,0.0831952857269313,-0.09642256477699515,-0.20170968272234094,-0.14591737376547503,0.2614474133461475,-0.008763388510223954,0.43327558517431936,0.026416621353330214,0.19409704219830803,0.14809241391519873,0.27391595746026126,0.23785075683809861,0.5767523615624881,0.23226140947659935,0.0283387498577372,-0.0382275951896205,0.1975872229036786,0.1469037291822102,-0.2134700742295679,-0.11050974342113583,0.12366114897760468,0.17019689171587907,0.05669014529774023,-0.05418632000910482,0.15034332755851743,0.12189076746038771,0.19571567672833495,0.3590207261093337,0.31514055564688476,0.17957991375712895,-0.38502004324789135,-0.1355227051429583,-0.17568507441925163,-0.10451573742712983,-0.4960735467064581,-0.3327684973254594,0.20760252405822027,0.25717320654029513,0.024595657507049912,-0.03362460324485641,0.20155793573515093,-0.07146018538423601,-0.21579686136648163,-0.17075329733557582,-0.10507214304682659,-0.23658619861151506,-0.21860418062949707,-0.20009104819231402,-0.3752829449031981,-0.004716802185156616,0.11814767510970042,-0.042805295969852934,0.1284158879095588,0.4690625829866336,0.35671923013695167,0.7234158246816474,0.38800440066262853,0.4121574627903742,0.10699427155123357,0.20934761441090555,0.011469543115112736,0.43785328595455175,0.02722593861834368,0.386891589423235,-0.1560085484136117,-0.27108334703271414,0.19784013454899532,-0.2875984774718952,-0.1867373133195918
#17,-0.09409577764008144,-0.5069234562905449,-0.4438978742776211,-0.23886240341936543,1.0,0.14513334766499322,-0.16389939174749302,-0.23747138937012355,-0.268326610098762,-0.39657810543886496,-0.517823948203695,0.20439054616269806,0.24050632911392406,-0.05469214329973824,0.3269009471541117,0.09680193224497022,-0.48274510299826756,-0.3327432061609277,-0.06460627979615322,-0.16362118893764463,-0.15623616889439673,-0.3495618305744888,-0.5445061267846077,-0.173889401737503,-0.46982131792258375,-0.25823543545062533,-0.12082853855005754,-0.35209094702765587,0.07851642028857218,0.495694179238483,0.0008725451763426447,0.549640233184537,-0.16718724313661024,0.4416469606343024,0.04338699275408136,0.4745507656900062,-0.06569379987101506,0.6386398411714868,0.2914427344807092,0.7418783747897671,0.2590447527156388,0.33595518405644986,-0.2265708974569734,0.5698225824808103,-0.33006234272057056,-0.01690714348942197,0.2745735277380847,-0.06764121953995372,-0.062001289849391114,-0.02065023584010926,0.28989997344427726,-0.22419352799099634,0.19397058637564968,-0.2917715196196209,-0.09986216315330239,-0.05180895054312776,0.3062380657317366,0.3951365090605597,-0.08410576765007145,0.4211864085281807,-0.17882117882117882,-0.23790133916716194,0.2563638892752817,0.02363459325484642,-0.2897482264570872,-0.11448045625260815,-0.008788679674755624,0.18046510451573744,-0.05947217339622403,-0.1534794319604446,-0.3383578446869586,-0.2708557265519291,0.4464269907307882,0.17942816676993892,0.39718509338762503,0.623945674578586,0.4947078238217479,0.059623920383414054,0.025000316139556646,0.03514207311675666,-0.17593798606456834,-0.045789653384590095,0.19101152012544417,-0.0866601752677702,0.37171689070423247,-0.3697947621998255,-0.27462411006714804,0.23651032511792006,0.4624868802083992,-0.010963719824479318,0.4187078744040769,-0.3764210473071233,-0.3931385070625577,-0.2211838794117275,-0.0942222334627398,-0.42260271374195424,-0.04490446262598161,-0.4072762680357617,-0.419087241872052,0.017286510957397035,-0.5002971711832471,-0.39341670987240607,0.310588146031184,-0.28076986304834406,0.1407326850364825,0.07699895041667193,0.012607645519037924,-0.07899695241467393,-0.23087039542735746,-0.20889237344933548,-0.022673529002642925
#18,-0.26245905992741436,-0.0962202354607418,0.1448298536906132,0.2535565700122662,0.14513334766499322,1.0,0.38056879829031726,-0.11958927148800566,-0.11857762490673883,0.3739172220184878,0.18451169084080477,0.36478711162255467,0.42131286435083903,0.28208500360399097,-0.05641194248789185,-0.1097510084851857,0.32950593710087384,0.37138810556532076,0.030336751855739197,-0.18117325712262422,-0.21926175090732053,0.26696088721405176,0.3142047825592129,0.3730067400953477,0.3476902843991452,0.5169640486096182,0.13992336777146905,0.22634327697618836,0.18114796595809254,-0.0868372134194919,0.49941198042463864,0.23780017450903526,0.21412764450739133,0.2980184372589436,-0.23982346767156892,0.03774706306351876,-0.0886581772657722,-0.18226077719748607,-0.17930171094728056,-0.07813705282059713,-0.22305542558707114,-0.2767485678878084,0.17798657039163368,-0.009901490914149142,-0.1857003755737933,0.1439446629320047,0.43041768358224053,0.2739665397893246,0.11642787592154681,0.1388358476966072,0.30343074646872115,0.24030399979767067,0.24832129895421035,0.12796064694798873,0.09930575753360564,-0.06415103883458313,-0.2203239798176507,-0.27745672049469516,0.0027188001871546177,0.19998988353418734,-0.07667016527776022,-0.16223017488840275,-0.024266872368138192,-0.2748517305479331,0.29020346741865727,0.10087380973456923,-0.0996851250015807,0.18185611856497932,-0.06989213318327242,0.09895168123016224,0.1511526448235309,0.16465812668344315,-0.08600260498994676,0.03501561729409831,-0.2582101442860937,-0.1019360386448994,-0.2890653650147321,-0.3935684568595961,0.2936430657949645,0.28294490319806775,0.22270134928362775,0.04095904095904096,0.023406972774061383,-0.08096966324814427,0.025961380391760137,-0.09384286599476473,-0.15016628940679574,-0.09859760492671885,-0.04169248473045942,-0.04232476384375119,-0.07219362915565447,0.0018336094285461373,0.14687843801767853,-0.1973343112583619,0.07087848860000759,0.10277064707444454,0.2050734076050532,0.25310132905069616,0.1834494619304746,0.4188343302267353,-0.02740297677006538,0.29786669027175355,0.3206793206793207,0.23944410020359388,0.2552257868713565,0.16645379936519178,-0.010179693723997522,-0.14475398019701818,-0.13377761479027303,-0.2708051442228657,-0.24174559617597594
#26,-0.1085370325876655,0.19571567672833495,0.6089480140113052,0.5430898215708342,-0.16389939174749302,0.38056879829031726,1.0,-0.043209954602359664,0.02540497477206338,0.6652461462588045,0.3871445010685517,0.32376484275218453,0.4045701134308729,0.5781180844471984,-0.2295299637071789,-0.3743977541445896,0.7749592179971927,0.5723264077694458,-0.2524437587728727,-0.5889427028667535,-0.6005260562222587,-0.35411424019018956,0.17811302621429204,-0.2416697226823809,0.0993310486981373,0.30160978262244087,-0.2741941602701096,-0.27631861809076996,0.40403899897570783,0.08757065719091035,0.44827324574160016,0.10497097838869991,0.08759594835544203,-0.15135497413978427,0.1221689702702361,0.2590953350447021,0.1281376850997104,-0.21953995371716892,-0.3184031158714703,-0.31635453154440496,-0.296374511564385,0.020498488852919234,0.040503799997470884,-0.34693154946319504,-0.42381668963947444,-0.2955651942993715,0.2216138292087659,-0.03291645063796963,0.2588424233993854,-0.03152543658872773,0.3211598528054224,0.20633796583163672,0.1719925643976277,-0.1395187091389623,0.13537095815576827,-0.11485982372058322,0.08246184195551284,-0.18676260448412346,0.5185068096460501,0.2912151139999241,0.11248245425460615,0.2958181059446882,0.4028250230781876,-0.029426269932599048,0.05942159106716069,-0.16539157045486158,0.015035597314078327,0.39526296488321805,0.1382288597478471,0.2361056664854133,0.14695431151127353,0.12793535578345705,-0.26205440129490765,-0.14396995409653637,-0.2738906662957296,0.02429216353266986,-0.30203973241947923,-0.02598667155629181,0.4438220007840261,0.2875984774718952,0.28537285499310816,-0.03620430202708684,0.2443758772872697,0.11632671126342012,-0.2770267706976568,0.2085130059813604,0.1909103554673175,-0.38476713160257464,-0.24736023470200685,-0.27237319642382934,-0.4646113380290596,0.18281718281718282,-0.2271020119121385,0.21766840754182526,0.45540535413953137,0.6125899417038657,0.3238660074103112,0.5173939984066567,0.1521895825693294,0.25864009408313204,-0.09450043627258817,0.26486172055792306,0.13704017501485857,0.17376294591484465,-0.14288243402167453,0.1097510084851857,-0.3061621922381416,0.1047180667433832,0.16056095802931247,0.010053237901339168,0.21885709227481379
#49,0.17378823707937632,0.12189076746038771,0.21493696177240482,-0.0416166112368644,-0.23747138937012355,-0.11958927148800566,-0.043209954602359664,1.0,0.08668546643230188,-0.01799466356428382,0.4982485868561818,0.40376079616585947,0.15122851831712592,0.15117793598806256,-0.3143059472173396,0.011064884482606,-0.043766360222056426,-0.035824934559111773,-0.3866892601069816,0.2532277848733545,-0.13486513486513488,-0.021560717763249408,-0.21154794572516092,-0.26453293541901135,-0.08625551663526347,-0.22168970270236094,-0.02016970371400751,0.3336789792485995,0.15451636970624313,0.15737427129832193,-0.21071333729561578,-0.4408123522047573,0.3415698225824808,-0.008485185700375574,0.14763717295362866,0.15732368896925858,-0.045587324068336724,-0.1506468215328975,-0.2157209878728866,0.0006196335310259361,0.18704080729397185,0.14905347816740222,0.3336031057550045,0.1559326749200167,0.612033536084169,0.5841879639347993,0.020549071181982573,0.3391418707874404,0.24245374878286272,0.4116769306642724,0.28183209195867426,0.48848619734695686,0.4532556051543393,0.2778107967981386,-0.34675451131147333,-0.27649565624249167,-0.18972167073432897,-0.007321792131918714,-0.0017577359349511248,0.041211952604357664,-0.4135484768396161,-0.19945876907902224,-0.07449512512803652,0.21040984332123572,-0.0027188001871546177,-0.2401016704814173,0.351003426952794,0.03005854904589082,-0.44533947065592633,-0.18051568684480077,-0.2584377647668787,-0.3903564789640739,-0.19010103820230403,0.09584086799276673,-0.41782268364546843,0.007524121448172081,-0.2831725236788528,-0.023078187635149662,-0.044095145360968147,-0.013214633467798024,0.380897583429229,0.36888428027668535,0.22482580710428812,-0.0460425650299068,0.02487386031689829,-0.1795293314280656,-0.3636743003831611,-0.1463726147270451,0.07833938213685049,0.25800781496984027,0.10519859886948495,0.13377761479027303,0.26921180085737045,-0.40970421983080213,-0.4279644406226685,-0.1969802349549185,-0.19617091768990502,0.2867132867132867,0.09381757483023306,0.08324586805599464,0.44989188027162713,0.260562222587539,-0.3209069411601057,0.3498906157134005,0.04940628991261903,0.22912530507467216,0.2770267706976568,-0.3040883167465446,-0.1318049039568027,-0.26873126873126874,-0.28651095739703336
#50,-0.1614967311169843,0.5714412170108373,0.223991198674743,-0.12335765500322463,-0.268326610098762,-0.11857762490673883,0.02540497477206338,0.08668546643230188,1.0,0.043108789944232985,0.19217491369390102,-0.20527573692130655,0.041793649388586096,0.09381757483023306,0.031778348234044435,0.32298081665170275,0.0651373942513183,-0.10363054666852135,0.2969562083486134,0.2845129553990314,0.15517393998406656,0.08886050658202557,0.09230010495833281,-0.2619279454722493,-0.07945219337624401,-0.14149141997243264,0.015870205743623467,0.03691245463397362,0.3080843207425486,0.19053098799934243,0.0060319427408035,-0.3419491900504559,-0.2869409071940717,-0.1997622630534023,0.1711832471326142,-0.08139961304518266,-0.17558390976112495,-0.1877742510653903,-0.1837023735757913,-0.15790538575348703,0.13542154048483163,0.14427344807091644,-0.06147017539422603,-0.010584352356504255,0.06288648060799959,0.07553206287383503,-0.1091440205364256,-0.08445984395351484,0.005905486918145146,-0.1320578156021194,-0.23769900985090858,-0.06860228379215721,-0.06794471351433377,0.23580217251103328,0.08478862909242656,0.17882117882117882,-0.3098547022597655,-0.4489561071839553,-0.39632519379354825,-0.10658961291872684,-0.12608910077264507,-0.05158133006234272,-0.0011254568216593533,0.23233728297019438,0.3150140998242264,0.3475638285764868,-0.020296159536665866,0.06508681192225496,0.27333426067603284,0.22201848784127265,0.41835379810063356,0.32409362789109625,0.022268870370136192,0.2311738894017375,-0.2558074836555849,-0.3097535376016389,-0.2770014795331251,-0.1101809582822241,-0.11144551650880764,-0.2857775136256149,0.17270071700451448,0.08428280580179315,0.12490041603965654,-0.18828007435602373,-0.31933888895914214,-0.025025607304088315,-0.01073609934369428,-0.004666219856093274,-0.020877856320894294,-0.05848581797948887,-0.18792599805258034,0.15173434160775934,0.10312472337788793,-0.006057233905335171,-0.25899417038657546,0.1400498235941274,-0.25952528484174053,-0.08294237408161459,-0.2569961683885735,-0.2692876743509655,-0.013492836277646404,-0.15148142996244263,-0.3197182564271172,-0.20560452206021826,-0.31746734278379846,-0.3248270716625147,-0.2987012987012987,-0.10982688197878071,-0.254492343099938,0.01979033624603245,-0.04798998469884546
#51,-0.07603788616446844,0.49134409893903563,0.6684581241543267,0.6977200015174698,-0.39657810543886496,0.3739172220184878,0.6652461462588045,-0.01799466356428382,0.043108789944232985,1.0,0.5129427534490826,0.2636224534958712,0.49233045435577083,0.4375750831447034,-0.31698681065769674,-0.21288837744533948,0.8125924708203189,0.4998925125507404,-0.059598629218882385,-0.20712199193211853,-0.1062861189443468,0.15239191188558276,0.5539650223194527,0.11192604863490939,0.4227544607291443,0.6256907649312713,0.16374764476030298,-0.008308147548653878,0.19963580723074395,-0.11802121928704207,0.13911405050645556,-0.09981158082423905,0.2632177948633645,-0.11222954260928944,-0.09118729371893929,0.06963922153795571,-0.038809291973848935,-0.13729308666017526,-0.4045195311018096,-0.3109675134991591,-0.3823138886430026,-0.12148610882788098,-0.09058030577017918,-0.254112975631963,-0.10651373942513183,-0.13162786580508098,0.07699895041667193,-0.10084851857003756,0.35881839679308036,0.03714007511475866,0.19187141971952099,0.23926706205187218,0.2711845116908408,0.11159726349599768,0.25034459211674404,-0.12914933168097725,-0.007372374460982056,-0.22356124887770457,0.463574400283261,0.11468278556886152,-0.0028705471743446427,-0.04331111926048635,0.017842916577093793,-0.050165024848569155,0.1422248637438511,-0.002845256009812972,0.11392405063291139,-0.021156059130742675,0.12247246424461615,0.4123345009420959,0.16253366886278278,0.13410639992918474,-0.5038632253822127,-0.2513562386980108,-0.3743977541445896,-0.21865476295856043,-0.5982751425789401,-0.25153327684973253,0.1425789400472945,0.18271601815905614,0.2975884874619052,0.059244552915438994,0.22689968259588514,-0.1355985786365533,-0.1652904057967349,0.1318049039568027,0.15752601828551197,-0.5687603535704802,-0.49038303468683214,-0.3628649831181477,-0.38494416975429635,0.36195450119500755,0.19417291569190304,0.2026201646454811,0.2957422324510932,0.6737692687059775,0.3640030855220729,0.6963036963036963,0.40494948089884797,0.36966830637716713,0.027908800060698794,0.3050999633278114,0.0007207981891526195,0.38663867777791827,-0.008864553168350636,0.10937164101721064,-0.2252051745722632,-0.17323183145967955,0.0005437600374309235,-0.0443986393353482,0.0712072737389193
#52,0.25590864831371163,0.49620000252911645,0.6609719394529521,0.40285031424271933,-0.517823948203695,0.18451169084080477,0.3871445010685517,0.4982485868561818,0.19217491369390102,0.5129427534490826,1.0,0.2612956663589575,0.15922052630913391,0.4362852337535882,-0.38152986254252075,0.014074533061874834,0.4859823720583214,0.4487284867031702,-0.039416279922609036,0.25785606798265026,-0.10352938201039467,0.19634795584162673,0.32184271424777755,-0.01799466356428382,0.14434932156451144,0.2627119715727311,0.06293706293706294,0.37970889869624047,0.1920484578712427,-0.07909811707280062,-0.03253708316999456,-0.4061887479608999,0.3505987683202873,-0.14966046611616232,-0.038429924505873875,-0.02011912138494417,-0.10317530570695127,-0.3240430455620329,-0.37331023406972774,-0.3815045713779891,-0.11991805662691739,-0.03162660124685441,0.12431871925542812,-0.16855296602132044,0.21870534528762378,0.16559389977111497,0.189873417721519,0.40343201102694776,0.23479052592976643,0.24000050582329063,0.16056095802931247,0.5724781547566358,0.28236320641383933,0.4696189886063304,-0.08564852868650337,-0.04399398070284146,-0.38486829626070135,-0.3477408667282085,0.20469404013707812,0.02424158120360652,-0.29237850756838096,-0.012582354354506253,-0.16470870901250648,0.14093501435273587,0.3166833166833167,0.17039922103213243,-0.0544645228189532,-0.00011381024039251888,0.10813237395515876,0.3381049330416419,0.3683784569860519,0.32495352748517303,-0.5214152935671923,-0.09063088809924252,-0.6401067287143236,-0.314584150027188,-0.7950151114708077,-0.27631861809076996,-0.02080198282729928,0.07967981385702905,0.4062646214544949,0.2800111281123939,0.1846634378279948,0.16169906043323765,-0.3368909571441217,-0.021788338244034446,-0.08299295641067793,-0.43190986228960915,-0.2203239798176507,-0.1751792511286182,-0.27576221247107324,0.2091452850946522,0.42753449082563005,-0.2078301445390053,-0.17834064669507707,0.32791259373537857,0.23458819661351307,0.6959749111647846,0.4316822418088241,0.23994992349422728,0.43456543456543456,0.3206793206793207,-0.21212964250938934,0.41784797481000013,0.009623288104300763,0.3323638386929526,0.0657443822000784,-0.3212357262990174,-0.018196992880537183,-0.3146853146853147,-0.3408110876465307
#53,-0.2673149635174952,-0.20421350801097637,0.08486450258602157,0.027074191631153658,0.20439054616269806,0.36478711162255467,0.32376484275218453,0.40376079616585947,-0.20527573692130655,0.2636224534958712,0.2612956663589575,1.0,0.4828462676563942,0.5426092894447325,-0.3112204251444758,-0.36099343694280406,0.10765184182905702,-0.026189000872545175,-0.507530444239305,-0.3742460071573996,-0.4222486374385109,-0.1500145424196057,-0.07990743433781408,0.0327647036507796,0.08954336802438068,0.17209372905575437,0.05099963327811429,0.18618090769989504,0.10469277557885152,0.256414471604345,-0.005829613424550134,0.08129844838705598,0.22277722277722278,0.4016869206742624,-0.04948216340621404,0.4790778841411753,-0.16273599817903614,-0.02507618963315166,-0.2131159979261245,0.19268073698453445,-0.3052770014795331,-0.16923582746367558,0.08150077770330935,0.12593735378545506,-0.03928982409995068,0.17333299611780625,0.3533807964187711,0.3952123825541547,0.09953337801439067,0.3494859570808938,0.680420844977807,0.4187078744040769,0.5236156248814476,-0.1695393214380556,-0.4025721114328709,-0.560085484136117,0.12861821722581215,0.1730042109788945,0.2508757065719091,0.32733089695115014,-0.19323714260423122,-0.23972230301344225,0.16559389977111497,-0.11432870926541813,-0.14096030551726754,-0.30128099748352916,0.2029742409489245,0.16106678131994587,-0.4860835367164481,-0.07833938213685049,-0.5344149521364712,-0.39882901908218366,-0.02985621972963745,-0.07178897052314774,-0.21837656014871204,0.22434527497818638,-0.03547085825566838,-0.20502282527598983,0.2520896824694293,0.20327773492330453,0.6037127429532493,0.008991008991008992,0.29811960191707026,0.1736364900921863,0.1776324940881903,-0.09705484389028693,-0.2726766903982094,-0.43608290443733483,-0.04065554698466091,0.008889844332882308,-0.11708544619937025,0.03987152088417911,-0.10380758482024305,-0.32505469214329974,-0.05360462322487639,-0.0940451953110181,0.09710542621935027,0.30960179061444887,-0.04606785619443847,0.47257805485653587,0.07171309702955272,0.1719925643976277,0.023128769964213,0.2440218009838263,0.19720785543570354,0.23906473273561882,0.23686440142136345,-0.1964491204997534,-0.29268200154276103,-0.31256085686465435,-0.15363117894763464
#54,-0.30343074646872115,0.3158234170892399,0.19381883938845965,0.2307439396046991,0.24050632911392406,0.42131286435083903,0.4045701134308729,0.15122851831712592,0.041793649388586096,0.49233045435577083,0.15922052630913391,0.4828462676563942,1.0,0.24763843751185524,-0.15924581747366556,-0.2388118210903021,0.2505469214329974,0.07024620948671581,-0.24404709214835796,-0.3106893106893107,-0.25785606798265026,-0.0536804967184714,0.18307009446249953,-0.07300294642066794,0.039036912454633976,0.354695936974418,0.01981562741056412,-0.22669735327963175,0.4800389483933788,0.4296842398108221,0.12057562690474083,0.2502940097876807,0.07128314723251432,-0.006664221854095272,0.0142768623781282,0.3079831560844219,-0.09624552662527346,0.2907345818738224,-0.31956650943992715,0.2030501144425195,-0.20234196183563272,0.19690436146132348,-0.03400397071283147,0.1834494619304746,0.010331440711187547,-0.00013910140492418973,0.07128314723251432,-0.23104743357907914,0.3576297120600918,0.012860557164354632,0.37591522401648986,-0.010078529065870838,0.3795065693799871,-0.18772366873632695,-0.1161749642762301,-0.3055046219603182,0.07355935204036469,-0.06114139025531431,0.27401712211838797,0.31053756370212066,-0.20810834734885367,-0.3357528547401965,0.2675678751628119,0.13501688185232488,-0.09543620936026,-0.20292365861986114,0.09212306680661111,0.3248523628270464,-0.07773239418809039,0.20221550601297436,-0.197941299207122,-0.12075266505646252,-0.23107272474361082,-0.15886645000569052,-0.15110206249446756,0.1790993816310272,-0.22098155009547416,-0.24328835721240785,0.2485236282704637,0.352546187989226,0.32399246323296954,0.43762566547376675,0.18653498400333843,-0.2808204453774074,0.32424537487828625,-0.22022281515952402,-0.2199699035142073,-0.40219274396489585,-0.22280251394175446,-0.007574703777235423,0.13365115896761467,0.22224610832205768,-0.06478331794787491,0.005349081298448387,0.041161370275294325,0.15438991388358478,0.215999190682735,0.3465774731597516,0.07515269540585996,0.1905562791638741,-0.16751602827552195,-0.1180718016161054,0.2894953148117705,0.19475461247613146,-0.06258298663361954,-0.07881991426295223,-0.26956587716081387,-0.24518519455228316,-0.11837529559048546,-0.14032802640397576,0.08150077770330935
#58,-0.15102618900087256,0.06329113924050633,0.42108524387005397,0.2987771721948937,-0.05469214329973824,0.28208500360399097,0.5781180844471984,0.15117793598806256,0.09381757483023306,0.4375750831447034,0.4362852337535882,0.5426092894447325,0.24763843751185524,1.0,0.03703891045663198,-0.0637463802020764,0.4053794306958864,0.2720697024494493,-0.13165315696961266,-0.300522262547579,-0.2836783469694862,-0.2197169918688906,0.13481455253607152,-0.20841184132323373,0.2613715398525525,0.24258020460552107,-0.1379506569379987,-0.11910873936190391,0.4101594607923722,0.24022812630407567,0.13731837782470693,-0.0025670531999645923,0.24217554597301433,0.37910191074748034,0.31721443113848174,0.3514839590788958,0.14938226330631393,-0.12247246424461615,0.07745419137824201,-0.10820824744875378,-0.10886581772657722,0.0006702158600892778,-0.09298296640068791,-0.06630078781977516,-0.33605634871457657,-0.23997521465875896,0.45168755295337576,0.16336827729232792,-0.025607304088316747,-0.19113797594810253,0.5395490585364003,0.18342417076594292,0.3228543608290444,-0.16506278531594987,0.007119462815665347,-0.3395465294199471,0.3335019410968778,-0.006638930689563601,0.23372829701943626,-0.017868207741625463,-0.43848556506784353,-0.26018285511956396,0.31524172030501146,-0.13582619911733837,0.10631141010887846,-0.0315507277532594,0.09566382984104503,0.14619557657532342,0.016856561160358628,0.4676715689373917,-0.08488979375055325,0.030336751855739197,-0.08352407086584301,-0.20641383932523172,-0.15378292593482468,0.016983016983016984,-0.25064808609112404,-0.09563853867651335,0.19670203214507012,0.1429835986798012,0.47222397855309245,-0.06523855890944498,0.5127151329682975,0.3534060875833028,-0.32659745317973166,-0.2933901541496478,-0.34151924025341746,-0.5628169299055376,-0.024140416545479836,-0.15267011469543115,-0.6200002529116453,0.3846406757799163,-0.22652031512791007,-0.4318339887960141,-0.012607645519037924,0.34361840690954615,0.4175697720001518,0.51714108676134,0.20239254416469607,0.2990300838402104,-0.01657835835051025,0.11293769521617623,-0.05512209309677664,0.3128643508390344,0.1855992109156666,0.39961304518266544,0.07325585806598464,-0.41739273384843006,-0.27027402976770065,-0.5902325522578687,-0.2505469214329974
#101,0.1141769622782281,-0.20428938150457138,-0.23132563638892753,-0.044828589132386604,0.3269009471541117,-0.05641194248789185,-0.2295299637071789,-0.3143059472173396,0.031778348234044435,-0.31698681065769674,-0.38152986254252075,-0.3112204251444758,-0.15924581747366556,0.03703891045663198,1.0,0.5968588373651664,-0.24285840741536943,0.03630546668521352,0.1484717813831738,-0.03218300686655117,0.39695747290683997,0.07183955285221108,0.03820230402508883,0.0013783684669760618,0.018475195690385565,-0.10641257476700515,-0.15390938175748303,-0.22115858824719584,0.20646442165429507,0.18494164063784316,0.21951466255263724,0.4345401434009029,0.2250028452560098,0.3467292201469417,0.2677954956435969,-0.1093210586881473,0.4061381656318365,0.3287472021649237,0.7249585857180794,0.18597857838364168,0.20929703208184222,0.1526195323663678,-0.15752601828551197,0.07292707292707293,-0.10044385993753083,-0.05231477383376117,0.06278531594987291,-0.12608910077264507,-0.4796848720899354,-0.4361840690954615,-0.09275534591990288,-0.28408300560199296,-0.3289748226457087,-0.31592458174736654,0.1253809481657583,-0.06812175166605547,0.2133942007359729,0.03595139038177013,-0.1852704257767549,-0.23704143957308516,-0.1750275041414282,-0.2244970219653764,0.3622074128403242,0.2616497426624009,-0.278392493582367,-0.16066212268743915,0.2468038290823101,0.2535818611767979,0.45740335613753336,0.3912163785581507,0.015288508959395035,0.1482694520669204,0.0996851250015807,-0.20294894978439282,0.2538600639866463,-0.14354000429949798,0.14399524526106805,-0.13220956258930944,0.22922646973279884,0.23357655003224623,-0.20009104819231402,-0.07247183196550284,-0.009218629471794028,-0.15353001428950797,0.12166314697960268,-0.36402837668660454,-0.33555052542394315,0.099508086849859,0.09369111900757471,0.0731294022433263,0.11630142009888846,-0.10431340811087647,-0.3173408869611401,-0.2370667307376168,-0.31230794521933763,-0.28251495340102933,0.17229605837200773,-0.18539688159941325,0.043437575083144706,-0.027377685605533705,-0.09900226355922559,-0.35540408958130476,0.4750818801451713,0.16708607847848353,0.47606823556190647,0.1606115403583758,0.3493089189291721,-0.06506152075772328,-0.15671670102049848,-0.24743610819560186,-0.17791069689803868
#102,0.39880372791765195,0.11119260486349095,0.12515332768497325,0.07011975366405745,0.09680193224497022,-0.1097510084851857,-0.3743977541445896,0.011064884482606,0.32298081665170275,-0.21288837744533948,0.014074533061874834,-0.36099343694280406,-0.2388118210903021,-0.0637463802020764,0.5968588373651664,1.0,-0.17115795596808256,0.10580558681824505,0.10476864907244654,0.517520454229315,0.40656811542887494,0.1278088999607987,-0.12517861884950493,0.01801995472881549,-0.1728524639917045,-0.23737022471199687,-0.054945054945054944,0.06630078781977516,0.14219957257931942,0.24091098774643077,-0.11569443215012835,-0.16536627929032993,0.15547743395844663,0.06948747455076569,0.12270008472540118,-0.004286852388118211,0.08668546643230188,0.23886240341936543,0.3914187078744041,0.19662615865147512,0.5437473918486577,0.3585907763122953,0.0718142616876794,0.4074027238584201,0.1710315001454242,0.28188267428773756,-0.0767713299358869,0.04235005500828286,-0.11708544619937025,-0.010862555166352634,-0.25221613829208767,0.03549614942020005,-0.06797000467886544,0.3078061179327002,0.25214026479849266,0.2946294212116997,-0.06645253480696518,0.10067148041831586,-0.38952187053452875,-0.03316936228328633,-0.3757634770292998,-0.23342480304505622,0.07166251470048939,0.4475903842992451,-0.11764185181906701,-0.0160978262244085,0.2573755358565485,0.004817966843283299,0.30644039504799,0.3397741499007322,0.2780384172789236,0.14364116895762466,-0.19073331731559579,-0.007625286106298764,-0.09862289609125052,-0.19409704219830803,-0.22070334728562577,-0.2870673630167301,-0.11840058675501713,0.06184954286220109,-0.16030804638399576,0.008333438713185549,0.15962518494164063,-0.17343416077593293,-0.11187546630584605,-0.43866260321956524,-0.39657810543886496,0.2326407769445744,0.35421540484831626,0.16329240379873292,0.14864881953489548,-0.2435665600222562,0.11837529559048546,-0.4146612880790096,-0.5750831447033978,-0.3003452243958573,0.15057094803930246,-0.09255301660364952,-0.009926782078680812,-0.09740892019373032,0.07401459300193478,-0.07849112912404052,-0.06485919144146993,0.21387473286207465,0.26721379885936847,0.2547452547452547,0.2251040099141365,-0.2525449234309994,-0.2268238091022901,-0.3243212483718813,-0.38476713160257464
#201,0.1419466609340027,0.43180869763148244,0.8109991274548236,0.7321665676096056,-0.48274510299826756,0.32950593710087384,0.7749592179971927,-0.043766360222056426,0.0651373942513183,0.8125924708203189,0.4859823720583214,0.10765184182905702,0.2505469214329974,0.4053794306958864,-0.24285840741536943,-0.17115795596808256,1.0,0.7643369288938909,-0.1993070220918322,-0.33223738287029425,-0.3083119412233336,-0.014403318200786556,0.499386689260107,0.0976871230035787,0.40292618773631433,0.47917904879930195,-0.11056032575019917,-0.11316531569696127,0.2285941906195071,-0.15605913074267505,0.4038366696594545,-0.038708127315722256,0.3299358868979122,-0.2955651942993715,0.08000859899594077,-0.061950707520327775,0.16362118893764463,-0.3856776135257148,-0.28769964213002186,-0.4723504343757508,-0.2539359374802413,-0.12586148029186003,0.2124331364837694,-0.3763451738135282,-0.1928071928071928,-0.1530747733279379,-0.015541420604711744,-0.07080261510641257,0.24842246361233702,-0.013568709771241416,-0.04070612931372425,0.23967172068437892,0.06802058700792878,0.19857357832041375,0.3281149230516319,0.07560793636743003,-0.019714462752437437,-0.17130970295527256,0.3665069108107083,0.1081070827906271,0.09338762503319466,0.20707140960305517,0.22254960229643775,0.0707014504482859,0.02720064745381201,-0.10251773542912783,0.10223953261927946,0.21885709227481379,0.12130907067615929,0.30272259386183437,0.32834254353241693,0.22684910026682178,-0.4233614486779044,-0.09475334791790488,-0.2368138190923001,-0.14217428141478775,-0.4623098420566775,-0.12654434173421517,0.4113734366898924,0.24895357806750212,0.1964491204997534,0.11832471326142212,0.14348942197043463,0.08972040617610239,-0.27619216226811166,0.2007233273056058,0.21018222284045068,-0.2563638892752817,-0.3034813287977845,-0.13532037582670495,-0.48666523350067653,0.27791196145626523,0.13468809671341317,0.23605508415635,0.2896976441280239,0.7194451118501751,0.3179984572389636,0.7132740677044475,0.4366898923860949,0.2984736782205137,0.1795293314280656,0.4428609365318226,0.03499032612956664,0.3968563082487133,0.012278860380126202,0.21369769471035294,-0.1931612691106362,0.023406972774061383,0.3581608265152569,0.006563057195968588,0.05742358906915869
