,#10,#11,#12,#13,#17,#18,#26,#49,#50,#51,#52,#53,#54,#58,#101,#102,#201,#202,#301,#302,#401,#402,#501,#502,#601,#602,#701,#702,#801,#802,#901,#902,#1001,#1002,#1101,#1102,#1201,#1202,#1301,#1302,#1401,#1402,#1501,#1502,#1601,#1602,#1701,#1702,#1801,#1802,#1901,#1902,#2001,#2002,#2101,#2102,#2201,#2202,#2301,#2302,#2401,#2402,#2501,#2502,#2601,#2602,#2701,#2702,#2801,#2802,#2901,#2902,#3001,#3002,#3101,#3102,#3201,#3202,#3301,#3302,#3401,#3402,#3455,#3501,#3502,#3601,#3602,#3701,#3702,#3801,#3802,#3901,#3902,#4001,#4002,#4101,#4102,#4201,#4202,#4301,#4302,#4401,#4402,#4501,#4502,#4601,#4602,#4701,#4702,#4801,#4802
#10,1.0,0.39637577612261155,0.48514776362877626,0.5646884760808811,-0.012557063189974583,0.336789792485995,0.5915476928135156,0.6163077428900213,0.1407326850364825,0.6773353229049431,0.6338345199104692,-0.2800111281123939,0.36476182045802297,0.07022091832218415,-0.5690638475448602,-0.12221955259929944,0.42819206110345354,0.11025683177581912,-0.4108170310701956,0.10026682178580913,-0.3407352141529357,-0.09551208285385501,-0.18468872899252647,-0.10944751451080564,-0.543115112735366,-0.3036583669495062,0.35542938074583647,0.44281035420275927,-0.27469998356074304,-0.3512310474335791,-0.31680977250597503,-0.2507745419137824,-0.1964491204997534,-0.2896723529634922,-0.38808027415622354,-0.2782154554306453,-0.5486538777678018,-0.49384792422767104,-0.33031525436588727,-0.34354253341595115,-0.24892828690297045,-0.374903577435223,-0.2298081665170273,-0.12565915097560668,0.22163912037329758,0.02720064745381201,0.3236383869295262,0.35768029438915516,0.46053946053946054,0.4508276533592989,0.2832231060079161,0.24548868852666322,0.4835797114278127,0.12715132968297524,-0.21913529508466217,-0.2500663893068956,-0.1274548236573553,0.07249712313003452,0.3270274029767701,0.3837807761858395,0.09159195235144602,0.13623085774984509,-0.1930601044525095,-0.09945750452079566,0.4443531152391912,0.30836252355239696,-0.3826173826173826,-0.09796532581342708,-0.46385260309310944,-0.13403052643558971,0.012329442709189545,-0.29344073647871116,-0.14930638981271893,0.46820268339255683,0.35717447109852174,0.4695431151127354,-0.12940224332629396,0.016224282047066857,-0.3757634770292998,-0.1930095221234462,0.053225255756901325,0.1918461285549893,0.38413485248928286,-0.12758127948001366,-0.11936165100722063,-0.11144551650880764,-0.008940426661945649,0.045890818042716774,0.06748947255276369,-0.16665612868144514,0.04272942247625792,0.23033928097219236,0.07654370945510186,0.004716802185156616,0.12993335778145904,-0.057347715575563674,-0.060610275800149216,0.28661212205516,0.2807951542128757,0.3037342404431012,0.27042577675489066,0.24015225281048067,-0.0958661591572984,0.5125886771456392,0.24156855802425423,0.04745887024368037,0.00545024595657507,0.14874998419302216,0.058232906334172156,-0.009496832281642408,-0.2669103048849884
#11,0.39637577612261155,1.0,0.5094019904146486,0.2811239393517875,0.014428609365318226,0.34604635870458655,0.7244021800983826,0.47257805485653587,0.23719318656027516,0.6281440078908433,0.4515610971307174,-0.17047509452572743,0.2050734076050532,0.021712464750439434,-0.08625551663526347,0.4911164784582506,0.3947571415925846,0.1540358375801414,-0.25532695152948315,-0.08481392025695823,-0.1843093615245514,0.010204984888529191,-0.42576410930841313,-0.36364900921862947,-0.0450056272841083,-0.18883647997572048,-0.3156463789375182,-0.10036798644393581,0.36152455139796913,-0.06263356896268289,0.02603725388535515,-0.08789944232982208,-0.002111812238394517,0.29414888908559794,-0.4443531152391912,-0.3906346817739223,-0.05006386019044247,-0.27907535502472214,-0.3181502042261536,-0.3573009269211801,-0.35386132854487284,-0.22409236333286967,-0.21959053604623224,-0.027782344238040442,-0.24222612830207768,-0.12325649034509795,-0.0657443822000784,-0.02102960330808432,-0.03954273574526739,-0.14695431151127353,-0.3442001036937746,-0.4042666194564929,0.036052555039896815,-0.047939402369782114,0.026947735808495302,0.22232198181565271,-0.5751590181969929,-0.43302267352900264,0.02983092856510578,-0.20153264457061926,0.099432213356264,0.21799719268073697,-0.20831067666510705,0.2089429557783988,0.22609036533087165,0.30102808583821244,-0.30335487297512614,-0.1744205161926681,-0.05942159106716069,-0.12151139999241264,0.2388118210903021,-0.38995182033156717,-0.12950340798442064,0.21845243364230707,-0.12252304657367949,0.14928109864818725,0.10684252456404356,0.20525044575677487,0.09541091819572832,-0.19601917070271502,-0.1251027453559099,-0.19295893979438283,0.030589663501055905,-0.052213609175634494,-0.31273789501637606,0.3250041098142364,0.27591395945826325,0.09869876958484554,-0.12492570720418822,-0.2271778854057335,-0.1272777855056336,-0.24207438131488765,-0.38648693079072827,0.33519644912049973,0.15433933155452143,0.30785670026176354,0.04009914136496415,0.1773542912783419,0.26567103782293655,-0.05742358906915869,-0.2908863288610124,0.27012228278051065,0.17214431138481773,-0.00777703309348879,0.173813528243908,0.13623085774984509,0.2717914996396009,0.15330239380872293,0.24285840741536943,0.16592268491002668,0.0193098041199307
#12,0.48514776362877626,0.5094019904146486,1.0,0.28597984294186823,-0.16632734354253342,0.29736086698112013,0.4091225230465737,0.3028490496844927,0.1856245020801983,0.6364142186926997,0.2319579155022193,-0.3907864287611123,0.2539106463157096,-0.10595733380543507,-0.46901200065757026,0.3000923127505406,0.7537399309551208,0.6025493493847924,-0.35105400928185737,0.07990743433781408,-0.5538385664967943,-0.046851882294920266,-0.2340317909938163,-0.19943347791449056,-0.20942348790450055,0.021408970776059383,0.1741676045473514,0.3964516496162066,0.11377230364572137,-0.3335778145904728,-0.014226280049064859,-0.043867524880183105,0.3167591901769117,-0.07151076771329935,-0.5959989377710897,-0.583682140644166,-0.33175685074419253,-0.5316329240379873,-0.4688349625058486,-0.48459135800907954,-0.20525044575677487,-0.5170652132677449,-0.4091983965401687,-0.250116971635959,-0.3297588487461905,-0.21377356820394794,0.08997331782141908,0.11650374941514181,0.29333957182058445,0.22280251394175446,0.36506531443240303,0.30818548540067525,0.637704068083815,0.47068121751666053,0.26352128883774456,0.383047332414421,-0.6130451826654358,-0.2996623629535022,0.24399650981929463,0.13215898026024608,0.11534035584668496,0.20863946180401877,-0.4307211775566206,-0.022572364344516243,0.5261447413346148,0.449133145335677,-0.5695443796709619,-0.31030994322133565,-0.2338800440066263,-0.14341354847683963,0.2598034876515889,-0.298524260549577,-0.5410665284083006,0.2190341304265355,-0.17773365874631697,0.26180148964959093,-0.13253834772822115,0.07740360904917867,-0.04389281604471478,-0.19725843776476687,-0.052542394314546215,0.01979033624603245,0.04955803689980905,-0.11549210283387498,-0.6220488372387106,-0.030791992817309273,0.08878463308843056,0.03266353899265292,-0.013012304151544658,-0.32859545517773364,-0.1088911088911089,-0.2246487689525664,-0.2073749035774352,0.09207248447754778,0.031803639398576104,0.5732368896925859,0.4906106551676172,0.7660061457529812,0.8000733443771418,0.46668521352065656,0.21579686136648163,0.48798037405632344,0.34055817600121396,0.5307224421148472,0.37993651917702553,0.4432403039997977,0.30621277456720497,0.12130907067615929,0.30899480266568874,0.12634201241796178,0.01630015554066187
#13,0.5646884760808811,0.2811239393517875,0.28597984294186823,1.0,-0.10223953261927946,0.3050999633278114,0.30570695127657155,0.2860304252709316,-0.21802248384526865,0.7019436259942589,0.3897241998507821,-0.0003414307211775566,0.16733899012380024,-0.07540560705117667,-0.15628675122346009,0.17512866879955488,0.020245577207602523,-0.3595518405644988,-0.10084851857003756,0.5277633758646417,-0.07411575766006145,0.2738906662957296,0.09032739412486247,0.29594456176734657,-0.14713134966299524,0.07009446249952579,0.14106147017539422,0.5448854942525828,-0.431378747834444,-0.10542621935026998,-0.2816044714778892,0.07497565725413827,-0.18097092780637083,0.00689184233488031,-0.2757116301420099,0.21159852805422424,-0.24981347766157894,0.08299295641067793,-0.09874935191390888,0.19318656027516787,-0.24938352786454052,-0.01597137040175015,0.13253834772822115,0.4537108461159094,0.06809646050152379,0.3221967905512209,0.5654472110168313,0.6276128934356783,0.26567103782293655,0.37563702120664144,-0.06966451270248739,-0.042476510830941214,0.13853235372222714,0.1042881169463448,-0.04713008510476865,0.09680193224497022,-0.12558327748201165,0.4600336372488271,0.13549741397842663,0.37234916981752425,-0.3599817903615372,-0.280314622086774,0.3468809671341317,0.17689905031677183,0.10130375953160763,0.041414281920611036,-0.07864287611123054,-0.05127783608796267,0.030665536994650917,0.4062393302899632,-0.14710605849846356,-0.09106083789628093,0.033725767902983095,0.36056348714576564,0.23127505405986418,0.24485640941337145,-0.4538878842676311,-0.3126873126873127,-0.34751324624742347,-0.07368580786302305,0.08190543633581608,0.08638197245792183,0.2692876743509655,-0.3278620114063152,-0.13569974329468001,-0.48901731180212193,-0.43567824580482806,0.2999152745988189,0.22308071675160282,-0.08172839818409439,0.2165303051379001,0.2165050139733684,0.23281781509629612,-0.21177556620594595,-0.14007511475865905,-0.3878273625109068,-0.0035786997812314266,0.007979362409742157,0.1435905866285613,0.06503622959319162,0.14106147017539422,-0.16698491382035685,-0.37437246298005794,0.1847393113215898,0.021813629408566116,0.10947280567533732,0.07892107892107893,-0.3369921218022484,-0.33876250331946534,-0.399107221892032,-0.3469821317922584
#17,-0.012557063189974583,0.014428609365318226,-0.16632734354253342,-0.10223953261927946,1.0,0.5750578535388662,-0.06493506493506493,0.17975695190885063,0.37419542482833623,-0.14652436171423514,0.08531974354759164,0.3150899733178214,0.36296614777627434,0.133701741296678,0.0009484186699376572,-0.19113797594810253,-0.10540092818573832,0.02783292656710378,-0.01781762541256212,-0.1757103655837833,-0.050291480671227504,-0.21736491356744522,-0.011444251950581064,-0.12697429153125356,-0.06743889022370035,-0.1350927553459199,-0.30085104768649074,-0.34387131855486286,0.053503458566749706,0.2429848632380278,-0.3161269110636199,-0.062228910330176156,-0.06377167136660808,-0.04467684214519658,0.2788224433794054,-0.0038316114265481353,-0.04004855903590081,-0.038151721696025494,0.11855233374220717,0.00805523590333717,0.27174091731053757,0.3815045713779891,0.4584908762123952,0.12925049633910393,0.22075392961468912,-0.0027440913516862883,-0.19963580723074395,-0.13036330757849746,-0.2546946724161914,-0.20831067666510705,0.013922786074684808,-0.06177366936860608,-0.24743610819560186,-0.3900782761542255,-0.465193034813288,-0.36792321602448186,0.06657899062962354,-0.012734101341696278,-0.1453356769812466,0.09821823745874379,-0.07183955285221108,-0.10641257476700515,-0.12796064694798873,-0.10019094829221412,-0.003351079300446389,-0.07783355884621708,0.11025683177581912,0.36218212167579256,-0.1848151848151848,-0.28132626866804084,-0.0180958282224105,-0.062330074988302835,-0.04442393049987987,-0.21212964250938934,0.057954703524323775,-0.11142022534427598,0.23957055602625224,0.07664487411322854,0.17047509452572743,0.24354126885772456,0.33529761377862644,0.5420023014959724,0.027352394441002036,0.48944726159916035,0.4188849125557986,0.2960710175900049,0.07866816727576222,-0.04460096865160156,0.5278898316873001,0.5809759860392771,0.6838351521895826,-0.08908812706281061,-0.18410703220829802,0.00190948292214115,-0.12368644014213634,-0.15135497413978427,-0.23992463232969563,-0.09060559693471086,-0.18951934141807558,0.021156059130742675,-0.16718724313661024,0.03466154099065492,0.3603611578295123,-0.1361296930917184,-0.107500094841867,-0.278316620088772,-0.22270134928362775,0.08182956284222107,-0.17227076720747606,-0.0017071536058877832,-0.0683493721468405
#18,0.336789792485995,0.34604635870458655,0.29736086698112013,0.3050999633278114,0.5750578535388662,1.0,0.21379885936847962,0.2460956764754233,0.1850175141314382,0.3257628447501865,0.17044980336119578,0.0625324043045562,0.6491103832875985,-0.1079300446389054,-0.19634795584162673,0.12821355859330544,0.12573502446920168,0.1689323334892955,-0.19778955221993197,0.06473273561881157,-0.19070802615106414,0.18921584744369555,0.12942753449082564,0.15084915084915085,-0.11493569721417822,0.16048508453571744,-0.09697897039669191,0.025784342240038442,-0.027453559099128718,0.16020688172586905,-0.03271412132171626,0.18539688159941325,0.2646593912416697,0.19806775502978036,-0.08673604876136522,-0.008308147548653878,-0.08309412106880461,-0.07950277570530735,0.0022382680610528714,0.09996332781142908,-0.21817423083245868,0.008763388510223954,0.11341822734227798,0.22652031512791007,-0.07492507492507493,0.2751552245223131,0.10570442216011837,0.15684315684315683,-0.022850567154364624,0.03749415141820205,0.026391330188798544,0.007144753980197018,0.17120853829714588,0.03271412132171626,-0.07153605887783103,0.022875858318896294,-0.33304670013530774,0.06516268541584998,-0.07586084801274674,0.2846394112216897,-0.280390495580369,-0.22788603801262028,-0.1529736086698112,-0.20138089758342922,0.05476801679333325,-0.004135105400928186,-0.08645784595151684,0.03628017552068185,-0.24617154996901833,-0.18605445187723668,-0.05916867942184398,-0.29885304568848875,-0.298296640068792,-0.18104680129996586,-0.1400498235941274,-0.006588348360500259,-0.1745722631798581,-0.20325244375877288,0.04859697264760556,0.11771772531266202,0.4126632860810076,0.5290785164202886,0.149685757280694,0.23754726286371855,-0.11222954260928944,-0.025885506898165125,-0.1488005665220855,0.04073142047825592,0.5952149116706079,0.4642066793965528,0.6007283855385122,-0.09444985394352483,-0.17404114872469303,-0.13504217301685656,-0.308666017526777,-0.10292239406163457,0.16640321703612843,0.1676424840981803,0.31220678056121093,0.215999190682735,-0.06334172156956967,0.33112457163090075,0.4367657658796899,0.2777855056336069,0.2514826945206692,0.23774959217997194,0.25922179086736047,-0.16915995397008055,-0.25049633910393404,-0.27715322652031515,-0.31377483276217455
#26,0.5915476928135156,0.7244021800983826,0.4091225230465737,0.30570695127657155,-0.06493506493506493,0.21379885936847962,1.0,0.4459211674401548,0.25206439130489766,0.6916248308653372,0.5807230743939604,-0.07955335803437069,0.3629408566117427,0.300598136041174,-0.2495858571807939,0.027377685605533705,0.36506531443240303,0.03400397071283147,-0.41155047484161406,-0.04017501485855916,-0.22480051593975645,-0.15567976327469998,-0.3648882762806813,-0.4824416090238875,-0.2937189392885595,-0.5147131349662996,-0.1348398437006032,0.013720456758431442,0.0570695127657153,-0.2691106361992438,-0.2121802248384527,-0.13134966299523262,-0.3548729751261397,-0.10580558681824505,-0.4184802539232919,-0.3035572022913795,-0.22088038543734748,-0.36364900921862947,-0.2725755257400827,-0.4723504343757508,-0.28188267428773756,-0.31369895926857955,-0.35161041490155415,0.018500486854917234,-0.049254542925429,-0.2649375940515181,-0.04389281604471478,0.16104149015541422,0.1159979261245084,0.04657367948507189,-0.06781825769167542,-0.14619557657532342,0.06877932194387891,-0.173889401737503,-0.14381820710934634,-0.1366608075468835,-0.24842246361233702,-0.3546453546453546,0.1401256970877224,-0.01599666156628182,0.28011229277052063,0.37960773403811376,-0.1838541205629813,0.1411626348335209,0.3534819610768978,0.3684037481505836,-0.21620151999898835,0.08084320742548591,-0.2789488992020638,-0.14740955247284362,0.06711010508478862,-0.4703777235422805,-0.011722454760429444,0.2856763489674882,0.07406517533099811,0.37743269388839007,0.19060686149293743,0.24068336726564574,-0.005576701779233425,-0.1955892209056766,-0.1472578054856536,-0.1817043715777893,0.17596327722910002,-0.02011912138494417,-0.1946281566534731,0.298296640068792,0.3659252140264799,-0.03792410121524046,-0.16202784557214936,-0.2355239697011849,-0.25856422058953704,0.0038569025910798064,-0.16038391987759076,0.35934951124824543,0.29753790513284184,0.24543810619759987,-0.18489105830877983,0.1707785885001075,0.16228075721746607,-0.028490496844927226,-0.1252039100140366,0.05395869952831978,-0.08134903071611932,0.1207779562209942,0.08688779574855524,-0.1647845825061015,-0.05921926175090732,0.3601335373487272,0.38969890868625046,0.2266720621151001,0.07019562715765247
#49,0.6163077428900213,0.47257805485653587,0.3028490496844927,0.2860304252709316,0.17975695190885063,0.2460956764754233,0.4459211674401548,1.0,0.3031272524943411,0.5085167996560401,0.6950897204061761,0.13185548628586602,0.19354063657861126,0.31471060584984634,-0.11468278556886152,0.08582556683822506,0.3372956157766284,0.16675729333957182,-0.05380695254112976,-0.16187609858495935,-0.1714614499424626,-0.20241783532922775,-0.2645835177480747,-0.3890160472438953,-0.2335259677031829,-0.3214380556152708,-0.05980095853513575,-0.06521326774491332,0.3531278847734544,0.10074735391191088,-0.11142022534427598,-0.15393467292201468,-0.2845635377280947,-0.1415167111369643,-0.018728107335702272,-0.1281376850997104,-0.053250546921432995,-0.16359589777311295,-0.15138026530431595,-0.3729561577662843,-0.16660554635238178,0.07009446249952579,-0.036153719698023494,0.12022155060129744,0.03630546668521352,-0.252266720621151,-0.07664487411322854,-0.04601727386537513,-0.013467545113114734,0.03150014542419606,0.060939060939060936,-0.03124723377887935,0.07522856889945498,-0.2093981967399689,-0.3138759974203012,-0.21508870875959485,-0.17672201216505015,-0.33613222220817157,-0.18382882939844966,-0.1772025442911519,0.1453356769812466,0.17798657039163368,-0.043867524880183105,0.048217605179630495,0.28243907990743433,0.1583606267150571,-0.06415103883458313,-0.03868283615119058,-0.0017577359349511248,-0.24842246361233702,0.5483250926288901,-0.1414155464788376,0.11706015503483858,0.33570227241113315,0.23112330707267417,0.15608442190720673,0.12811239393517876,-0.008788679674755624,-0.10838528560047547,-0.03587551688817511,-0.07960394036343403,0.0902262294667358,-0.0695633480443607,0.08853172144311384,0.2881295919270603,0.23286839742535945,0.17340886961140126,0.0353696935975417,-0.13183019512133437,-0.27255023457555105,-0.0725224142945662,-0.015592002933775086,-0.04455038632253822,-0.04874871963479559,0.04806585819244047,0.1522654560629244,-0.13752070714096032,0.08031209297032083,-0.037443569089138706,-0.015237926630331694,-0.046143729688033486,0.17447109852173143,-0.022673529002642925,0.06642724364243352,-0.16040921104212244,-0.29650096738704335,-0.20671733329961178,0.14027744407491244,0.012987012987012988,0.0898721531632924,-0.17515395996408656
#50,0.1407326850364825,0.23719318656027516,0.1856245020801983,-0.21802248384526865,0.37419542482833623,0.1850175141314382,0.25206439130489766,0.3031272524943411,1.0,0.08880992425296223,0.354544189987228,0.01898101898101898,0.18549804625753993,0.25315191137975945,-0.02856637033852224,-0.12409109877464308,0.3216150937669925,0.4822139885431025,-0.0567154364622719,-0.40105464156097065,0.04490446262598161,-0.34007764387511225,-0.2876743509654902,-0.34526233260410477,0.10866348841032385,-0.1081070827906271,-0.29981410994069224,-0.4945054945054945,0.21637855815071005,-0.2650893410387081,-0.17318124913061622,-0.4401547819269338,0.002288850390116213,-0.20469404013707812,-0.0323347538537412,-0.25004109814236397,0.16167376926870597,-0.1429077251862062,0.1484717813831738,-0.2997382364470972,0.029932093223232464,-0.1830953856270312,-0.2737136281440079,-0.26648035508795004,-0.0410096232881043,-0.28630862808078,-0.5976175723011166,-0.5184309361524552,-0.1976883875618053,-0.08236067729738616,0.15651437170424512,0.05241593849188786,-0.07037266530937417,-0.1021130767966211,-0.03552144058473172,-0.17105679130995588,0.028541079173990565,-0.24910532505469216,0.08195601866487942,-0.10347879968133132,0.33180743307325583,0.2385589094449854,-0.3322120917057626,-0.33944536476182047,-0.002997002997002997,-0.1194628156653473,0.13375232362574135,0.05476801679333325,-0.11058561691473084,-0.5230339280972193,0.13413169109371642,-0.15813300623427207,-0.1414408376433693,-0.3736137280441078,0.10261890008725452,-0.10722189203201861,0.40373550500132777,0.3308969511501157,0.07765652069449538,0.06668015528775023,0.18190670089404268,0.14207311675666107,-0.18999987354417733,0.2885595417240987,0.03898633012557063,0.34387131855486286,0.3379531860544519,-0.5702019499487854,0.027807635402572112,-0.02219299687654118,-0.00633543671518355,-0.40376079616585947,-0.4876768800819434,0.26534225268402484,0.17980753423791399,0.35282439079907435,0.14649907054970346,0.22472464244616144,-0.14525980348765158,0.2486247929285904,0.19902881928198385,0.32022407971775063,0.3563398626689766,0.15188608859494934,0.22138620872798087,-0.12426813692636478,-0.10481923140150988,0.2544417607708747,0.19078389964465914,0.4501700830814755,0.22108271475360083
#51,0.6773353229049431,0.6281440078908433,0.6364142186926997,0.7019436259942589,-0.14652436171423514,0.3257628447501865,0.6916248308653372,0.5085167996560401,0.08880992425296223,1.0,0.6106172308703954,-0.010634934685567596,0.28592926061280494,0.09879993424297222,-0.22260018462550107,0.1886594418239988,0.42487891854980464,-0.004716802185156616,-0.2687059775667371,0.20484578712426812,-0.21794661035167365,0.08468746443429988,-0.18749604825554192,-0.1696404860961823,-0.15107677132993588,-0.2033030260878362,0.09791474348436374,0.3770786175849467,-0.052643558972672894,-0.26534225268402484,-0.1385576448867588,0.05102492444264596,-0.12550740398841664,0.05332642041502801,-0.4742219805510945,-0.1328418417026012,-0.17679788565864515,-0.16081386967462916,-0.21018222284045068,-0.2536324435058612,-0.3148623528370364,-0.24538752386853652,-0.2554534073521415,0.19440053617268807,-0.2398487588361006,-0.16233133954652942,0.30924771431100545,0.4453141794913947,0.2640776944574413,0.23511931106867814,-0.017387675615523717,-0.04915337826730232,0.2673149635174952,0.16013100823227405,0.13931637982270895,0.21620151999898835,-0.3727285372854993,-0.10112672137988593,0.062254201494707825,0.027251229782875353,0.0005437600374309235,0.11268478357085952,-0.03628017552068185,0.08807648048154378,0.3132690094715411,0.22801249383527863,-0.23709202190214848,-0.129705737300674,-0.08478862909242656,0.050822595126392596,0.137697745292682,-0.26486172055792306,-0.11114202253442759,0.44587058511109146,0.04963391039340406,0.37720507340760506,-0.16804714273068702,-0.0510755067717093,-0.14111205250445757,-0.21716258425119184,-0.05140429191062103,-0.047812946547123765,0.12861821722581215,-0.1677183575917753,-0.3670127341013417,-0.1345869320552865,-0.018374031032258882,0.15702019499487854,-0.02011912138494417,-0.24918119854828716,-0.12287712287712288,0.05474272562880158,-0.04057967349106589,0.055476169400220036,0.003705155603889781,0.12490041603965654,0.006638930689563601,0.2830713590207261,0.3819345211750275,0.1975872229036786,0.13691371919220022,0.06910810708279062,-0.1407326850364825,0.22429469264912302,0.14437461272904312,0.11468278556886152,0.16455696202531644,0.03132310727247436,0.03559731407832674,-0.10494568722416824,-0.1746734278379848
#52,0.6338345199104692,0.4515610971307174,0.2319579155022193,0.3897241998507821,0.08531974354759164,0.17044980336119578,0.5807230743939604,0.6950897204061761,0.354544189987228,0.6106172308703954,1.0,0.14179491394681268,0.12391406062292139,0.5871470301850049,0.04245121966640954,0.027301812111938693,0.32636983269894665,0.07315469340785796,-0.19690436146132348,0.01812111938694217,-0.011444251950581064,-0.3035572022913795,-0.19526043576676488,-0.30254555571011266,-0.13772303645721368,-0.36418012367379454,-0.05140429191062103,0.006740095347690284,0.17098091781636085,-0.11652904057967349,-0.2570973330467001,-0.2933142806560528,-0.3517115795596808,-0.11812238394516876,-0.015187344301268352,-0.0639234183537981,-0.018551069183980577,-0.0737363901920864,-0.007170045144728689,-0.2658733671391899,-0.0373676955955437,0.10127846836707596,-0.13028743408490243,0.1431606368315229,0.1299586489459907,-0.29189797544227924,-0.03291645063796963,0.10785417114531039,0.161825516255896,0.20934761441090555,0.02603725388535515,0.028718117325712264,0.011848910583087797,-0.05843523565042552,-0.22131033523438587,-0.16197726324308603,-0.08582556683822506,-0.15474399018702817,0.005323790133916716,-0.1005450245956575,-0.010533770027440914,-0.019739753916969107,0.0846621732697682,0.11855233374220717,0.017008308147548654,-0.03268883015718459,0.041085496781699316,0.19379354822392797,-0.03865754498665891,-0.06688248460400359,0.2298840400106223,-0.1968790702967918,0.06116668141984598,0.15684315684315683,0.2305669014529774,0.21089037544733746,-0.011570707773239418,0.054616269806143224,0.028136420541483832,0.050544392316544215,-0.003022294161534668,0.11577030564372337,0.1068931068931069,0.08033738413485249,0.16491103832875983,0.013265215796861367,0.045587324068336724,-0.021712464750439434,0.12459692206527649,-0.3513322120917058,-0.07775768535262206,0.02282527598983295,0.11002921129503408,0.06910810708279062,0.16630205237800175,0.01799466356428382,-0.14639790589157678,0.08552207286384501,-0.06938630989263901,0.09601790614448842,0.2103592609921724,0.13294300636072787,-0.16440521503812644,0.19998988353418734,-0.02889515547743396,-0.24495757407149812,-0.23635857813073002,0.09020093830220413,-0.03248650084093122,-0.040782002807319265,-0.2532277848733545
#53,-0.2800111281123939,-0.17047509452572743,-0.3907864287611123,-0.0003414307211775566,0.3150899733178214,0.0625324043045562,-0.07955335803437069,0.13185548628586602,0.01898101898101898,-0.010634934685567596,0.14179491394681268,1.0,0.034762705648781596,0.3421262282021776,0.3274573527738085,-0.1007220627473792,-0.3557834570492798,-0.34377015389673615,0.38405897899568786,0.17664613867145512,0.17887176115024217,0.075380315886645,0.1562614600589284,0.024696822165176595,0.20145677107702425,-0.04095904095904096,-0.29981410994069224,-0.3098547022597655,0.18003515471869902,0.384969460918828,0.12176431163772936,0.2966274232097017,-0.3092730054755371,0.005222625475790033,0.39976479216985544,0.6495656242491685,0.3786213786213786,0.6292568191302369,0.3582619911733836,0.36749326622744344,0.07828879980778715,0.5789526928767436,0.185877413725515,0.704700362928211,-0.21359653005222626,-0.20871533529761377,-0.15575563676829499,0.027251229782875353,-0.3581861176797886,-0.22009635933686567,-0.1525436588727728,-0.14424815690638476,-0.4254859064985647,-0.40889490256578864,-0.23208437132487766,-0.18175495390685265,0.09131374954159764,-0.004691511020624945,-0.6052555039896812,-0.3643824529900479,-0.199939301205124,-0.25373360816398793,0.4740449423993728,0.10115201254441761,-0.2615232868397425,-0.3533807964187711,0.5746784860708911,0.4525221613829209,0.4566446212015832,0.2604610579294124,0.25049633910393404,0.36063936063936064,0.3591977642610554,-0.10317530570695127,-0.1587905765120955,-0.2636983269894662,-0.01801995472881549,-0.34645101733709327,0.1339546529419947,0.40970421983080213,0.17869472299852046,0.19161850807420427,-0.17176494391684266,0.41165163949974076,0.4991084864502586,-0.039441571087140706,-0.17963049608619228,0.05175836821406442,0.13630673124344012,0.25398651980930465,0.13936696215177227,0.03729182210194868,0.09988745431783407,-0.28018816626411563,-0.3295312282654055,-0.22912530507467216,-0.32497881864970474,-0.37758444087558013,-0.40419074596289783,-0.25406239330289965,-0.16622617888440674,-0.3803917601385956,-0.2233589195614512,-0.4062646214544949,-0.6285233753588184,-0.43423664942652285,-0.399258968879222,-0.2139000240266063,-0.37588993285195815,-0.31304138899075606,-0.06751476371729537
#54,0.36476182045802297,0.2050734076050532,0.2539106463157096,0.16733899012380024,0.36296614777627434,0.6491103832875985,0.3629408566117427,0.19354063657861126,0.18549804625753993,0.28592926061280494,0.12391406062292139,0.034762705648781596,1.0,0.01594607923721848,-0.31256085686465435,-0.1611426548135409,0.11551739399840666,0.17634264469707508,-0.4383844004097169,-0.2212091705762592,-0.19118855827716588,-0.0932611692105363,-0.06908281591825896,-0.1628624540016945,-0.2836024734758912,-0.2471579053857535,-0.022319452699199535,0.03787351888617711,-0.12758127948001366,-0.15327710264419125,-0.2538347728221146,0.0005943423664942653,0.03896103896103896,-0.12507745419137825,-0.15282186168262119,-0.26359716233133956,-0.129629863807079,-0.2777096321400119,-0.007397665625513727,-0.2693382566800288,-0.05818232400510882,-0.18456227316986812,0.008561059193970587,-0.019056892474613993,0.12864350839034383,0.01918334829727235,0.018551069183980577,0.1668584579976985,0.13494100835872988,0.046169020852565155,0.19139088759341924,0.14571504444922168,0.30047168021851567,0.021813629408566116,-0.0516824947204694,-0.14925580748365558,0.04055438232653422,-0.1391899240000506,0.20226608834203771,0.23008636932687565,0.17034863870306907,0.22659618862150507,-0.26931296551549716,-0.31028465205680394,0.1491546428255289,0.1370148838503269,-0.20348006423955792,-0.0651373942513183,-0.5319870003414308,-0.38727095689121005,-0.21453230313989807,-0.6010065883483605,-0.2600816904614373,-0.0007713805182159612,0.1406568115428875,0.3531278847734544,0.20287307629079782,0.14424815690638476,-0.14895231350927554,-0.2706533972356757,0.0770242415812036,0.25760315633733355,0.34579344705926984,0.14488043601967654,-0.10191074748036773,0.23554926086571656,0.18696493380037685,-0.04596669153631179,0.17426876920547807,0.19409704219830803,0.22609036533087165,0.1614967311169843,-0.10084851857003756,0.1891652651146322,-0.007018298157538664,0.01189949291215114,-0.11561855865653334,0.25532695152948315,0.3417468607342025,0.04720595859836366,0.09753537601638868,0.3000164392569456,0.22525575690132651,0.2570973330467001,0.276546238571555,0.09133904070612932,0.18069272499652247,0.2771785176848468,0.15646378937518177,0.0987240607493772,0.040149723694027493
#58,0.07022091832218415,0.021712464750439434,-0.10595733380543507,-0.07540560705117667,0.133701741296678,-0.1079300446389054,0.300598136041174,0.31471060584984634,0.25315191137975945,0.09879993424297222,0.5871470301850049,0.3421262282021776,0.01594607923721848,1.0,0.2765209474070234,-0.2345629054489814,0.15244249421464612,0.015339091288458378,0.09480393024696822,0.041211952604357664,0.11093969321817423,-0.4976415989074217,-0.03655837833053023,-0.2792776843409755,0.08253771544910786,-0.35775616788275016,-0.2826414092236877,-0.19773896989086862,0.26941413017362387,0.1202468417658291,-0.2790247726956588,-0.30535287497312813,-0.4206300029084839,-0.26766903982093854,0.441065263850074,0.11546681166934332,0.18307009446249953,0.15590738375548502,0.18951934141807558,-0.13671138987594683,0.27262610806914606,0.26979349764159893,0.05438864932535819,0.17507808647049153,0.19217491369390102,-0.3359298928919182,-0.20628738350257336,0.09212306680661111,-0.10595733380543507,0.08091908091908091,0.25509933104869814,0.24144210220159587,-0.20949936139809558,-0.13696430152126354,-0.23102214241454747,-0.2568697125659151,0.12507745419137825,-0.15851237370224713,-0.20135560641889755,-0.1803133575285474,-0.041464864249674376,-0.141617875795091,0.3092730054755371,0.16857825718585212,-0.27712793535578345,-0.2455898531847899,0.42761036431922506,0.5245008156400561,0.22854360829044373,0.08918929172093729,0.2450587387296248,0.016983016983016984,0.2283159878096587,-0.07105552675172928,0.011241922634327698,-0.12092970320818422,0.06043323764842752,-0.04713008510476865,0.2629395920535161,0.288230756585187,0.013518127442178075,0.08392872949834976,-0.0006449246955576069,0.2558580659846483,0.4879297917272601,0.05426219350269983,-0.009597996939769092,-0.22022281515952402,0.05909280592824897,-0.30279846735542937,-0.14035331756850744,-0.10016565712768244,0.36175217187875414,-0.12044917108208247,0.018778689664765615,0.021358388446996043,-0.21956524488170057,0.05813174167604547,-0.2612703751944258,0.06007916134498413,0.1541117110737364,0.019562715765247412,-0.2711086381972458,0.0745204162925682,-0.31223207172574263,-0.40009357730876716,-0.6324435058612273,0.050797303961860926,0.06986684201874076,-0.05770179187900707,-0.11577030564372337
#101,-0.5690638475448602,-0.08625551663526347,-0.46901200065757026,-0.15628675122346009,0.0009484186699376572,-0.19634795584162673,-0.2495858571807939,-0.11468278556886152,-0.02856637033852224,-0.22260018462550107,0.04245121966640954,0.3274573527738085,-0.31256085686465435,0.2765209474070234,1.0,0.26438118843182135,-0.33491824631065137,-0.26842777475688867,0.47192048457871244,-0.17368707242124964,0.7510590675147637,0.14098559668179922,0.1970561084485135,0.03966919156792575,0.6515636262471706,0.11883053655205554,-0.39726096688122003,-0.4021674528003642,0.4686579243541269,0.5717194198206856,0.25145740335613753,0.1395187091389623,-0.00026555722758254404,0.4166592900770116,0.6552308451042628,0.38534882838680307,0.8011608644520037,0.5819370502914807,0.6434451624325042,0.3273561881156818,0.2042640903400397,0.654219198522996,0.4237913984749428,0.32151392910886584,-0.16058624919384412,-0.0032499146423197057,-0.1850175141314382,-0.17565978325471995,-0.4295072016591004,-0.37194451118501753,-0.5317087975315823,-0.4626639183601209,-0.7356820394795078,-0.23466407010710807,0.19827008434603371,0.26412827678650463,0.19589271488005666,-0.09389344832382807,-0.5059371008738097,-0.5473640283766866,-0.25499816639057143,-0.2426307869345844,0.39880372791765195,0.2708810177164608,-0.6619582948696873,-0.45844029388333185,0.5112482454254607,0.07166251470048939,0.5681786567862517,0.028262876364142188,0.037190657443822,0.01781762541256212,0.41928957118830534,-0.394731850428053,-0.07272474361081956,-0.3650400232678714,0.121637855815071,-0.10848645025860215,0.4741461070574995,0.12917462284550893,-0.2646593912416697,-0.13296829752525954,-0.5324169501384691,-0.1087899442329822,0.2600563992969056,0.08223422147472781,-0.02011912138494417,0.00982561742055413,-0.029653890413384083,-0.1252797835076316,-0.1565396628687768,-0.27965705180895056,0.04174306705952276,-0.06589612918726843,-0.16594797607455836,-0.07019562715765247,-0.089442203366254,-0.5123357655003224,-0.5020422615359325,-0.4739184865767144,-0.28415887909558796,-0.302444391051986,-0.08972040617610239,-0.5608948014011305,-0.19751134941008358,-0.13845648022863213,-0.030311460691207527,-0.22932763439092552,-0.19632266467709505,-0.21212964250938934,-0.2106880461310841
#102,-0.12221955259929944,0.4911164784582506,0.3000923127505406,0.17512866879955488,-0.19113797594810253,0.12821355859330544,0.027377685605533705,0.08582556683822506,-0.12409109877464308,0.1886594418239988,0.027301812111938693,-0.1007220627473792,-0.1611426548135409,-0.2345629054489814,0.26438118843182135,1.0,0.2824137887429027,0.15562918094563663,-0.025657886417380087,0.10474335790791486,0.048546390318542215,0.4530026935090226,-0.2967791701968917,0.015920788072686806,0.09429810695633481,0.2575778651728019,-0.34432655951643293,-0.13210839793118273,0.47328620746342265,0.24113860822721583,0.4325927237319642,0.18084447198371248,0.3099305757533606,0.4425321513929109,-0.18094563664183919,-0.11789476346438371,0.1272019120120386,0.03329581810594469,-0.18903880929197384,0.123635857813073,-0.22290367859988114,0.05542558707115669,-0.07851642028857218,0.12037329758848746,-0.5624122712730307,-0.04745887024368037,-0.07328114923051632,-0.22758254403824024,-0.2908104553674174,-0.2776084674818852,-0.32029995321134563,-0.39055880828032724,-0.08835468329139215,0.14900289583833887,0.34637514384349827,0.6448614676462777,-0.5753613475132463,-0.1745722631798581,-0.24763843751185524,-0.37088228227468734,-0.3701235473387372,-0.27060281490661237,-0.059902123193262435,0.3370679952958434,-0.09470276558884154,-0.03392809721923646,-0.2740424132829196,-0.36420541483832625,0.25742611818561184,0.16377293592483466,0.23046573679485072,-0.09199661098395276,-0.09475334791790488,-0.1368125545340735,-0.2594241201836139,-0.17386411057297133,-0.10337763502320464,0.04829347867322551,0.16865413067944712,-0.05110079793624098,-0.0588904766119956,-0.20150735340608758,-0.1783153555305454,-0.05509680193224497,-0.3230061078162344,-0.021712464750439434,-0.0732052757369213,0.17836593785960875,-0.08215834798113279,-0.20780485337447363,-0.15302419099887454,-0.36620341683632823,-0.328494290519607,0.04970978388699908,-0.16913466280554887,0.2822620417557126,0.3627891096245527,0.1327406770444745,0.21961582721076392,-0.12758127948001366,-0.3135472122813895,0.2809974835291291,0.2516597326723909,-0.11326648035508795,-0.018576360348512247,0.3255099331048698,0.43570353696935976,-0.38259209145285095,-0.21582215253101328,-0.09470276558884154,-0.050468518822949206
#201,0.42819206110345354,0.3947571415925846,0.7537399309551208,0.020245577207602523,-0.10540092818573832,0.12573502446920168,0.36506531443240303,0.3372956157766284,0.3216150937669925,0.42487891854980464,0.32636983269894665,-0.3557834570492798,0.11551739399840666,0.15244249421464612,-0.33491824631065137,0.2824137887429027,1.0,0.6773353229049431,-0.28562576663842487,-0.16501220298688654,-0.43593115745014477,-0.11549210283387498,-0.43512184018513134,-0.31256085686465435,-0.22290367859988114,-0.13817827741878375,0.06597200268086344,0.1333729561577663,0.34351724225141944,-0.26486172055792306,0.061647213545947724,-0.09470276558884154,0.2410627347336208,-0.09290709290709291,-0.3101581962341456,-0.551789982169729,-0.2824896622364977,-0.47490484199344957,-0.3329202443126494,-0.4340090289457378,-0.13835531557050545,-0.3999671214861088,-0.41592584630559315,-0.3702247119968639,-0.3231072724743611,-0.3457428647302065,0.0005437600374309235,-0.048141731686035485,0.05031677183575918,0.10545151051480166,0.4577068501119134,0.2967032967032967,0.41729156919030336,0.3855258665385248,0.2050481164405215,0.3041136079110763,-0.5238685365267644,-0.37616813566180657,0.1008991008991009,-0.09874935191390888,0.05443923165442153,0.0952591712085383,-0.47538537411955134,0.060003287851389114,0.42649755307983156,0.2891918208373905,-0.4345401434009029,-0.1643293415445314,-0.2495858571807939,-0.2632936683569595,0.2679725337953186,-0.23587804600462828,-0.3575285474019651,0.03286586830890628,-0.04662426181413523,0.021560717763249408,0.0918701551612944,0.21071333729561578,-0.03994739437777412,-0.16622617888440674,-0.06432807698630484,-0.0920471933130161,-0.0289457378064973,-0.007422956790045398,-0.41334614752336274,0.0886581772657722,0.14106147017539422,-0.2629395920535161,-0.12012038594317076,-0.439143135345667,-0.23853361828045372,-0.3637501738767562,-0.2770267706976568,0.073306440395048,-0.03835405101227886,0.6014871204744623,0.4023191997875542,0.6781193490054249,0.607885785100975,0.4239431454621328,0.21344478306503623,0.6521959053604623,0.41203100696771583,0.4611717396527523,0.3290001138102404,0.2848923228670064,0.18021219287042073,0.07500094841866994,0.2458427648301066,0.2560856864654333,0.03587551688817511
