,#10,#11,#12,#13,#17,#18,#26,#49,#50,#51,#52,#53,#54,#58,#101,#102,#201,#202,#301,#302,#401,#402,#501,#502,#601,#602,#701,#702,#801,#802,#901,#902,#1001,#1002,#1101,#1102,#1201,#1202,#1301,#1302,#1401,#1402,#1501,#1502,#1601,#1602,#1701,#1702,#1801,#1802,#1901,#1902,#2001,#2002,#2101,#2102,#2201,#2202,#2301,#2302,#2401,#2402,#2501,#2502,#2601,#2602,#2701,#2702,#2801,#2802,#2901,#2902,#3001,#3002,#3101,#3102,#3201,#3202,#3301,#3302,#3401,#3402,#3455,#3501,#3502,#3601,#3602,#3701,#3702,#3801,#3802,#3901,#3902,#4001,#4002,#4101,#4102,#4201,#4202,#4301,#4302,#4401,#4402,#4501,#4502,#4601,#4602,#4701,#4702,#4801,#4802
#10,1.0,-0.009952073243212484,-0.05150545656874771,-0.05934571757356567,-0.23157854803424424,-0.19283248397172448,0.280238748593179,0.6869206742624464,0.05504621960318163,0.4464016995662565,0.21438055615270804,-0.14553800629749997,-0.1568684480076885,-0.031980677550297806,-0.4628156653473109,-0.10547680167933332,0.15868941185396881,-0.0576765007144754,-0.15919523514460224,-0.08013505481859912,-0.370604079464839,-0.02282527598983295,-0.07783355884621708,0.1503686187230491,-0.08757065719091035,0.06066085812921256,0.1534288496313813,0.04103491445263597,-0.4566446212015832,-0.463346779802476,0.17277659049810948,-0.06463157096068488,0.25681913023685177,0.004236270059054869,-0.22887239342935545,-0.31402774440749126,0.00633543671518355,0.27437119842183133,0.04859697264760556,0.19824479318150204,-0.32609162988909823,-0.31132158980260244,-0.4789008459894536,-0.5051530747733279,0.20962581722075393,0.33919245311650376,0.17123382946167756,-0.06101493443265595,0.18390470289204466,0.3037342404431012,0.5180768598490118,0.3603358666649806,0.3067691801869017,0.1775566205945953,-0.10352938201039467,0.13438460273903313,0.11953868915894232,0.2258880360146183,0.5629180945636642,0.35264735264735264,0.17093033548729752,-0.006588348360500259,-0.13600323726906005,-0.2115732368896926,0.07586084801274674,-0.08792473349435374,-0.14354000429949798,-0.04938099874808736,-0.3283172523678853,-0.2621555659530343,-0.17151203227152595,0.012835265999822962,0.19778955221993197,0.22882181110029212,0.07307881991426295,-0.04184423171764944,0.17730370894927858,0.16612501422628004,-0.19058157032840578,-0.10492039605963657,-0.2631166302052378,-0.4857547515775364,,-0.3242959572073496,-0.19085977313825414,-0.04826818750869384,-0.10676665107044854,-0.36807496301167186,-0.3881308564852869,-0.52713109675135,-0.3943271917955462,0.05469214329973824,0.2563638892752817,0.15562918094563663,0.43962366747176873,-0.014150406555469846,0.15390938175748303,0.22854360829044373,-0.14139025531430593,0.48335209094702763,0.288230756585187,0.1330947533479179,-0.2520138089758343,0.19053098799934243,0.133701741296678,0.2979931460944119,-0.028743408490243934,0.06379696253113974,-0.06984155085420908,0.24247903994739436,0.27285372854993106
#11,-0.009952073243212484,1.0,-0.20901882927199383,-0.1555785986165733,0.15820887972786707,0.02568317758191176,0.3599817903615372,-0.13440989390356478,0.7029805637400575,0.02752943259272373,-0.010179693723997522,-0.26139683101708416,0.12184018513132437,0.48292214114998927,0.3342100937037646,0.28162976264242084,-0.17123382946167756,0.021408970776059383,-0.12869409071940718,-0.059320426409034004,-0.49402496237939275,-0.3752070714096031,-0.32965768408806384,-0.10504685188229491,-0.38476713160257464,0.2996876541180339,-0.18337358843687956,-0.04399398070284146,0.20530102808583822,0.20272132930360778,0.25413826679649465,0.23228670064113102,0.18203315671670103,0.38451421995725793,0.35846432048963695,-0.0697403861960824,-0.2211080059181325,0.029679181577915756,-0.21422880916551804,-0.24743610819560186,0.29361777463043287,0.3386613386613387,-0.1655686086065833,0.18486576714424816,-0.08989744432782408,-0.2460198029818283,0.04338699275408136,-0.08246184195551284,-0.33555052542394315,-0.3614486779043741,-0.24154326685972255,-0.023305808115934697,-0.4942525828601778,0.01220298688653119,-0.6591003932776085,-0.23248902995738438,-0.465344781800478,-0.40406429014023953,0.0741663399891248,0.09981158082423905,-0.22141149989251255,0.012582354354506253,0.12161256465053934,0.2753322626740348,-0.050468518822949206,-0.254188849125558,0.31716384880941845,0.36425599716738954,0.04455038632253822,0.25770432099546026,0.2760657064454533,0.11706015503483858,0.0012519126443177077,-0.2559592306427749,-0.16412701222827805,-0.10201191213849442,-0.09948279568532734,-0.06599729384539511,0.07793472350434376,0.2619279454722493,0.161825516255896,-0.0944751451080565,,-0.01726121979286536,0.06933572756357566,-0.01662894067957359,-0.07606317732900011,-0.08949278569531734,0.048141731686035485,-0.01602195273081349,-0.05942159106716069,0.07014504482858913,0.18772366873632695,0.3375991097510085,0.31617749339268325,0.02864224383211725,-0.08731774554559364,0.12922520517457226,0.2508757065719091,-0.10787946230984205,0.09452572743711984,0.1289470023647239,0.32298081665170275,0.0014036596315077329,0.18332300610781624,0.17252367885279277,0.3271791499639601,-0.12125848834709595,-0.3258893005728449,0.0023141415546478836,0.1253556570012266
#12,-0.05150545656874771,-0.20901882927199383,1.0,0.6711136964301522,0.0036292821102947687,0.3648882762806813,-0.4792296311283653,0.0838781471692864,-0.32545935077580646,0.47781332591459175,0.43044297474677223,0.4046712780889996,-0.1311979160080426,-0.3094500436272588,-0.23911531506468214,-0.3442506860228379,0.7738969890868626,0.7335322904943158,-0.2554028250230782,-0.33233854752842096,0.05886518544746393,-0.2416697226823809,0.5066199623161648,-0.1596504761061723,0.2971332465003351,0.02517735429127834,0.010002655572275825,0.01746354910911873,0.34564170007207984,0.036431922507871875,0.28390596745027125,0.278392493582367,0.2710074735391191,0.10180958282224105,-0.02750414142819206,0.22333362839691953,0.02684657115036862,-0.12907345818738225,-0.07360993436942805,-0.12019625943676576,-0.050519101152012545,-0.3336536880840678,0.049178669431833986,-0.03349814742219805,-0.22356124887770457,-0.14280656052807952,-0.1510514801654042,0.14998925125507404,0.062355366152834504,0.02037203303026088,0.3062886480608,0.20980285537247562,0.40985596681799213,-0.20082449196373248,0.1700704358932207,-0.054919763780523274,0.014605647517039922,-0.09141491419972432,-0.2171120019221285,-0.4316822418088241,0.5005500828285638,0.4965034965034965,-0.27849365824049366,-0.3837807761858395,0.05148016540421604,0.029578016919789073,-0.11622554660529344,-0.4314040389989757,0.0838022736756914,-0.08332174154958966,0.2975631962973735,0.40403899897570783,-0.19364180123673794,0.16045979337118577,-0.26035989327128567,0.0587134384602739,0.27444707191542633,0.4055564688476081,0.010204984888529191,0.054565687477079884,-0.053275838085964665,-0.00749883028364041,,0.15623616889439673,0.03893574779650729,0.4225015490838276,0.48320034395983763,0.2392417708873405,-0.06738830789463701,0.15970105843523566,-0.050215607177632494,0.3139012885848329,-0.24293428090896446,0.05041793649388586,-0.300598136041174,0.5450625324043046,0.3743218806509946,0.5017640587260841,0.32902540497477206,0.47343795445061265,0.531202974240949,0.5726299017438258,0.45004362725881714,0.3760416798391482,0.49999367720886706,0.23228670064113102,0.2798340899606722,0.4644595910418695,0.5579104439863933,0.09424752462727146,-0.06116668141984598
#13,-0.05934571757356567,-0.1555785986165733,0.6711136964301522,1.0,0.057575336056348715,0.4568469505178366,-0.5256136268794497,0.20029337750856738,-0.4355517899821697,0.32148863794433413,0.24432529495820635,0.3102593608922723,-0.0705244122965642,-0.4333261675033827,-0.2869156160295401,-0.5378798416773101,0.4440243301002795,0.3733355252342594,-0.014023950732811492,-0.002263559225584542,0.11058561691473084,-0.23914060622921382,0.3052264191504698,-0.27619216226811166,0.15765247410817032,-0.09963454267251735,0.2853475638285765,0.19025278518949404,0.2166061786314951,0.17583682140644166,0.21028338749857736,0.3584390293251053,0.32416950138469125,0.16205313673668104,0.04523324776489333,0.19121384944169753,0.3000923127505406,-0.02517735429127834,-0.2858028047901466,0.07110610908079262,-0.17768307641725364,-0.3402799731913656,0.11625083776982512,0.22958054603624223,-0.13997395010053237,-0.20198788553218933,0.28640979273890665,0.5042425928501878,0.1850175141314382,0.011697163595897774,0.3560869510236599,0.057297133246500334,0.27487702171246475,-0.6116794597807256,-0.0033004969713830473,-0.3918486576714425,-0.14988808659694736,-0.18319655028515788,-0.3228543608290444,-0.61810341557177,0.6492874214393202,0.5714159258463056,-0.03949215341620405,-0.35783204137634517,0.04401927186737313,0.17247309652372944,0.07654370945510186,-0.334943537475183,0.32434653953641296,0.23345009420958787,0.39430190063101456,0.5448602030880512,-0.33433654952642294,0.20396059636565966,-0.2895964794698972,0.04862226381213723,0.16137027529432593,0.10598262496996674,-0.0973330467001353,-0.02216770571200951,0.043816942551119765,0.17654497401332844,,0.1534035584668496,0.02806054704788882,0.4946825326572162,0.5350978135788262,0.3458187382238015,-0.01544025594658506,0.11063619924379418,0.022875858318896294,0.13319591800604458,-0.4600336372488271,0.03327052694141302,-0.3189848126556987,0.2916956461260259,0.0037557379329531226,0.2826414092236877,0.33226267403482596,0.17836593785960875,0.1881283273688337,0.38729624805574175,0.35492355745520304,0.2705775237420807,0.42816676993892183,0.20186142970953097,0.4083890792751552,0.6175723011166049,0.549716106678132,0.16873000417304215,-0.05180895054312776
#17,-0.23157854803424424,0.15820887972786707,0.0036292821102947687,0.057575336056348715,1.0,0.5355530545403964,0.02629016553067186,-0.05332642041502801,0.24976289533251558,-0.03268883015718459,0.05074672163279758,0.5683809861025051,0.06379696253113974,0.3752070714096031,-0.007018298157538664,-0.17313066680155287,-0.16645379936519178,-0.16410172106374638,-0.19207374903577434,-0.06086318744546593,-0.29546402964124485,-0.3091971319819421,-0.19799188153618533,0.07457099862163154,-0.49096473147106057,-0.10059560692472085,-0.2897735176216189,-0.33595518405644986,0.4132702740297677,0.5277633758646417,-0.020549071181982573,0.36074052529748735,-0.20727373891930853,0.48588120740019475,0.5182791891652652,0.41400371780118617,0.5011064884482606,0.33719445111850177,0.05112608910077265,0.31820078655521694,0.23805308615435197,0.11582088797278671,0.3884343504596669,0.5812288976845938,0.27915122851831714,0.19128972293529256,-0.08377698251115973,-0.11050974342113583,-0.111571972331466,-0.16389939174749302,-0.07950277570530735,-0.14364116895762466,-0.2607645519037924,-0.2509515800655041,-0.25188735315317595,-0.10143021535426598,-0.12323119918056627,-0.05110079793624098,-0.1372677954956436,-0.005526119450170083,-0.13843118906410046,0.19386942171752297,0.3679737983535452,0.08741891020372033,-0.31868131868131866,-0.2831725236788528,0.44860203088051187,0.097510084851857,0.1949063594633215,0.33337548527421945,-0.019056892474613993,0.16926111862820722,0.18924113860822722,0.1071460185384236,0.2194387890590422,0.29465471237623136,-0.20593330719912997,-0.10355467317492634,0.0030981676551296803,0.2855751843093615,0.0333716915995397,0.6424335158512374,,0.6118564979324473,0.7981006335436716,0.25623743345262334,0.2515079856852009,0.29035521440584733,0.5160535666864781,0.6594038872519885,0.7478723807837732,0.4708329645038506,0.48266922950467256,-0.1804145221866741,-0.1300598136041174,-0.44116642850820065,-0.28615688109358994,-0.29728499348752513,-0.28243907990743433,-0.09718129971294528,-0.23453761428444972,-0.11587147030185005,0.3494100835872988,-0.048799301963858926,0.043816942551119765,-0.12047446224661415,0.07740360904917867,-0.12717662084750692,0.16996927123509403,-0.32452357768813467,-0.28390596745027125
#18,-0.19283248397172448,0.02568317758191176,0.3648882762806813,0.4568469505178366,0.5355530545403964,1.0,-0.3722985874884609,0.004944422665941653,0.035824934559111773,0.22879651993576045,0.2325649034509794,0.5838844699604193,0.13549741397842663,0.021231932624337688,-0.06503622959319162,-0.3873974127138684,0.34159511374701246,0.23987405000063228,-0.242200837137546,-0.2783672024178353,-0.28008700160598893,-0.5191137975948102,0.06372108903754474,-0.06268415129174623,-0.2987265898658304,-0.2018361385449993,-0.06002857901592079,-0.10499626955323157,0.45626525373360816,0.40067527409299564,0.5157247815475664,0.6733899012380025,0.33878779448399704,0.4986026631596252,0.3053275838085965,0.2491306162192238,0.4383591092451852,0.23132563638892753,-0.22593861834368165,0.04455038632253822,-0.043766360222056426,-0.19096093779638085,0.5050772012797329,0.4659770609137698,0.36703802526587337,-0.02803525588335715,0.12672137988593685,0.18972167073432897,-0.2116491103832876,-0.28898949152113707,0.019967374397754145,-0.10744951251280366,-0.1338787794483997,-0.4934432655951643,-0.3584137381605736,-0.48727222144943666,-0.1965502851578801,-0.3623085774984509,-0.3761175533327432,-0.3680243806826085,0.37105932042640905,0.5325686971256591,0.18276660048811946,0.0032499146423197057,-0.22530633923038987,-0.2512550740398842,0.40419074596289783,-0.0607114404582759,0.13714133967298525,0.16341885962139127,0.1525436588727728,0.17252367885279277,-0.02482327798783495,0.02396337839375814,-0.10196132980943108,-0.007119462815665347,0.18678789564865514,0.10990275547237573,0.08696366924215025,0.3003452243958573,0.21344478306503623,0.6044967690537311,,0.46749453078567005,0.4997913478926137,0.45947723162913034,0.5083650526688501,0.3652170614195931,0.2954134473121815,0.5698225824808103,0.5004489181704371,0.34119045511450574,0.0454355770811467,0.017387675615523717,-0.011444251950581064,-0.08048913112204252,-0.10621024545075178,0.17219489371388105,0.08772240417810039,0.2816803449714842,-0.013518127442178075,0.46104528383009397,0.710466748441432,0.31992058574337057,0.34126632860810074,0.2746494012316797,0.36734151924025343,0.382819711933636,0.44167225179883407,0.1290987493519139,0.07796001466887544
#26,0.280238748593179,0.3599817903615372,-0.4792296311283653,-0.5256136268794497,0.02629016553067186,-0.3722985874884609,1.0,0.019992665562285815,0.42384198080400615,0.0964731471060585,0.013239924632329696,-0.5325686971256591,0.268402483592357,0.5568229239115315,0.1388358476966072,0.4902818700287055,-0.3132437183070094,-0.3463245615144349,-0.09075734392190088,0.25664209208513006,-0.18964579724073394,0.19986342771152898,-0.37738211155932677,0.3166833166833167,-0.17712667079755687,0.14017627941678576,-0.22515459224319984,-0.3413927844307591,-0.12082853855005754,-0.025202645455810014,-0.06981625968967742,-0.2947811681988897,-0.2545935077580647,-0.05216302684657115,0.242276710631141,-0.06533972356757167,-0.09179428166769939,0.3377761479027302,0.21913529508466217,0.2044411284917614,0.2011532771026442,0.18590270489004665,-0.280390495580369,-0.2754587184966932,0.11749010483187698,0.28995055577334056,-0.32391658973937454,-0.4763211472072232,-0.15631204238799176,-0.05471743446426991,-0.1041110787946231,-0.03731711326648036,-0.23337422071599287,0.33443771418454965,-0.014656229846103264,0.40188924999051584,0.10421224345274978,0.3216403849315242,0.3175179251128618,0.32227266404481597,-0.46139936013353733,-0.47088354683291395,0.30421477256920293,0.6400561463852603,-0.2632177948633645,-0.2654687085066832,0.22148737338610755,0.7139316379822709,-0.11928577751362561,0.24268136926364775,-0.20681849795773846,0.009699161597895776,0.24685441141137343,-0.21149736339609757,0.23337422071599287,0.037772354228050434,-0.20560452206021826,-0.14106147017539422,0.35247031449563093,0.39994183032157715,-0.031677183575917756,-0.31425536488827627,,-0.15899290582834888,0.09358995434944802,-0.3947065592635213,-0.5880828032726767,-0.4347930550462196,-0.21501283526599982,-0.29650096738704335,-0.1599286789160207,-0.06169779587501106,0.3099305757533606,-0.06212774567204947,0.29328898949152116,-0.18731901010382024,0.09113671138987595,-0.29956119829537553,-0.3082613588942703,-0.32540876844674316,-0.25396122864477294,-0.24693028490496846,-0.15805713274067704,-0.26213027478850265,-0.308514270539587,-0.2788477345439371,-0.43165695064429244,-0.5672681748631115,-0.493468556759696,-0.1288458377065972,0.03268883015718459
#49,0.6869206742624464,-0.13440989390356478,0.0838781471692864,0.20029337750856738,-0.05332642041502801,0.004944422665941653,0.019992665562285815,1.0,-0.009522123446174079,0.4234373221714994,0.519594329720912,0.14935697214178226,-0.22480051593975645,-0.10651373942513183,-0.4134726033460211,-0.2624337687628827,0.17930171094728056,0.04009914136496415,-0.19465344781800478,-0.12636730358249346,-0.24586805599463826,-0.12323119918056627,-0.16888175116023219,-0.18456227316986812,-0.29794256376534856,-0.2251040099141365,0.08079262509642257,-0.10413636995915478,-0.2833748529951062,-0.17555861859659327,0.12791006461892537,-0.11571972331466002,0.21367240354582126,-0.08263888010723454,0.00026555722758254404,-0.20717257426118185,0.29399714209840794,0.18357591775313295,0.050544392316544215,0.09128845837706598,-0.23122447173080085,-0.28501877868966474,-0.04470213330972825,-0.16273599817903614,0.24703144956309514,0.4360323221082715,0.13114733367897924,-0.03461095866159157,0.2570467507176368,0.4076556355037368,0.5255377533858546,0.45704927983408994,0.19528572693129656,-0.0851932877249333,-0.11442987392354481,-0.06488448260600159,0.2708810177164608,0.3052011279859381,0.46625526372361814,0.20095094778639083,0.2524437587728727,0.19561451207020827,-0.05666485413320856,-0.35760442089556016,-0.08279062709442456,-0.1238128959647947,0.11319060686149293,-0.15517393998406656,-0.28522110800591816,-0.22034927098218238,-0.18547275509300826,0.14723251432112192,0.06718597857838364,0.3725767902983093,0.2611945017008308,0.15249307654370944,0.13008510476864907,0.15423816689639475,-0.21862947179402875,-0.15873999418303217,-0.24007637931688564,-0.2214620822215759,,0.006638930689563601,0.07424221348271981,0.22194261434767765,0.15975164076429899,-0.1917702550613943,-0.20325244375877288,-0.16647909052972343,-0.024899151481429963,0.27108334703271414,0.278240746595177,0.13688842802766854,0.2271778854057335,-0.08114670139986596,-0.22950467254264723,0.12768244413814034,-0.219995194678739,0.4153947318504281,0.21081450195374246,0.2646088089126064,-0.1284158879095588,0.2665056462524817,0.3095259171208538,0.23380417051303126,0.06450511513802654,0.16744015478192695,0.09217364913567445,0.13600323726906005,0.07153605887783103
#50,0.05504621960318163,0.7029805637400575,-0.32545935077580646,-0.4355517899821697,0.24976289533251558,0.035824934559111773,0.42384198080400615,-0.009522123446174079,1.0,0.12135965300522263,0.18233665069108107,-0.16761719293364863,0.32399246323296954,0.5185826831396452,0.22882181110029212,0.3201482062241556,-0.0765942917841652,0.007068880486602006,-0.38302204124988937,-0.19526043576676488,-0.5708848113911406,-0.34953653940995716,-0.23372829701943626,0.14321121916058624,-0.42242567559023253,0.2657974936455949,-0.42204630812225746,-0.3847165492735113,0.230136951655939,0.055577334058346715,0.10062089808925252,-0.029350396439004035,0.18198257438763768,0.2811998128453825,0.4078832559845218,-0.08873405075936722,0.040124432529495824,0.18931701210182222,0.2246487689525664,-0.12098028553724756,0.23823012430607368,0.26134624868802087,0.038151721696025494,0.023406972774061383,0.25464409008712807,0.005323790133916716,-0.3090200938302204,-0.44197574577321413,-0.45507656900061966,-0.28522110800591816,-0.31253556570012264,-0.08951807685984901,-0.5138279442076911,0.18390470289204466,-0.4645607556999962,0.04573907105552675,-0.10841057676500715,-0.06827349865324549,0.3097029552725755,0.27712793535578345,-0.2298840400106223,-0.0023647238837112253,0.12168843814413435,0.34839843700603196,-0.3176949632645835,-0.4726792195146626,0.3367392101569317,0.3053275838085965,-0.06968980386701906,0.17128441179074091,0.07770710302355872,0.087444201368252,0.16202784557214936,-0.1088911088911089,0.10851174142313383,0.04057967349106589,0.05580495453913176,0.12730307667016527,0.23547338737212156,0.2481695519670203,0.1599286789160207,-0.06445453280896318,,-0.13749541597642864,0.22679851793775843,-0.09192073749035774,-0.07366051669849139,-0.09295767523615625,0.059598629218882385,0.025961380391760137,0.09981158082423905,0.25800781496984027,0.44399903893574777,0.4141807559529079,0.4747025126771962,-0.022243579205604522,-0.07967981385702905,0.15102618900087256,-0.21832597781964871,0.09920459287547895,0.16233133954652942,0.12110674135990591,0.11286182172258122,0.21255959230642774,0.15560388978110498,0.2800617104414573,0.17654497401332844,-0.18271601815905614,-0.3179984572389636,0.0019853564157361627,0.16319123914060624
#51,0.4464016995662565,0.02752943259272373,0.47781332591459175,0.32148863794433413,-0.03268883015718459,0.22879651993576045,0.0964731471060585,0.4234373221714994,0.12135965300522263,1.0,0.7174724010167048,0.07788414117528042,0.08281591825895623,0.05701893043665195,-0.3297841399107222,-0.2109662489409325,0.6909166782584504,0.36974417987076214,-0.5992362068311435,-0.4520163380922875,-0.3171891399739501,-0.3238154250812479,0.2880031361044019,0.011418960786049393,0.1060079161344984,-0.024342745861733205,-0.111571972331466,-0.27672327672327673,0.1872431366102252,0.015263217794863365,0.37209625817220754,0.19374296589486462,0.2799099634542673,0.18802716271070702,0.23764842752184526,0.1459426649300067,0.20497224294692648,0.30560578661844484,0.19356592774314293,0.017842916577093793,-0.10934634985267896,-0.3602599931713856,-0.001555406618697758,-0.2962733469062583,0.1896205060762023,0.08724187205199864,-0.2523173029502143,-0.17965578725072395,-0.21845243364230707,-0.07249712313003452,0.1787705964921155,0.06480860911240659,0.1349157171941982,-0.12290241404165454,-0.06141959306516268,0.09809178163608544,0.202013176696721,0.1955133474120816,0.1995852249016806,-0.20345477307502624,0.46772215126645506,0.40229390862302256,0.006588348360500259,-0.010078529065870838,-0.23833128896420036,-0.33909128845837705,0.12277595821899619,-0.07383755485021308,-0.2296058372007739,-0.07082790627094425,-0.029097484793687324,0.33990060572339054,-0.05704422160118363,0.011545416608707748,-0.04761061723087039,0.12219426143476776,0.5265241088025898,0.6198990882535186,0.23592862833369163,0.18319655028515788,-0.057347715575563674,-0.220071068172334,,-0.08620493430620013,0.12818826742877376,0.3820862681622175,0.32487765399157803,-0.029729763906979095,-0.20828538550057538,-0.10717130970295527,-0.12343352849681964,0.4854512576031563,0.08886050658202557,0.3519644912049975,0.23954526486172056,0.3133195918006045,0.3272803146220868,0.4477421312864351,-0.002061229909331175,0.5323916589739375,0.34404835670658457,0.5415470605344023,0.2690853450347121,0.49880499247587856,0.3404317201785556,0.2412650640498742,0.023584010925783078,0.38502004324789135,0.37500474209334966,0.3772556557366684,0.3256869712565915
#52,0.21438055615270804,-0.010179693723997522,0.43044297474677223,0.24432529495820635,0.05074672163279758,0.2325649034509794,0.013239924632329696,0.519594329720912,0.18233665069108107,0.7174724010167048,1.0,0.28140214216163584,-0.0718142616876794,-0.01098901098901099,-0.20312598793611453,-0.1252039100140366,0.5256895003730446,0.42432251293010786,-0.5910165783583505,-0.4602612577296122,-0.22072863845015744,-0.22070334728562577,0.08013505481859912,-0.08544619937025,-0.16288774516622617,-0.09310942222334627,-0.3004210978894523,-0.43388257312307943,0.1306668015528775,0.19961051606621227,0.32965768408806384,-0.005779031095486792,0.10074735391191088,0.10570442216011837,0.32158980260246084,0.19677790563866512,0.21751666055463523,0.22297955209347614,0.23233728297019438,-0.09925517520454229,-0.03526852893941502,-0.18269072699452446,0.15059623920383414,-0.1339040706129314,0.15631204238799176,0.2155692408856966,-0.44341734215151934,-0.3600576638551322,-0.17834064669507707,0.19075860848012746,0.13554799630748998,0.3276090997609985,-0.020245577207602523,-0.022648237838111256,-0.004742093349688286,0.10977629964971737,0.362612071472831,0.30229264406479595,0.08053971345110586,-0.09799061697795874,0.23757255402825023,0.2972344111584618,-0.05216302684657115,-0.11364584782306301,-0.36686098711415166,-0.4144083764336929,0.16465812668344315,-0.15160788578510098,-0.16647909052972343,-0.02449449284892323,-0.013771039087494785,0.2546946724161914,0.08066616927376422,0.1652145323031399,0.2250028452560098,0.362536197979236,0.3565674831497616,0.5296349220399853,0.08096966324814427,0.13569974329468001,-0.007878197751615473,-0.10092439206363257,,0.11953868915894232,0.24771431100545024,0.3860316898291582,0.32836783469694864,-0.007878197751615473,-0.11093969321817423,0.12548211282388497,0.06979096852514574,0.5087697113013568,0.17315595796608454,0.26342012417961785,0.1083599944359438,0.2309209777564208,-0.01961329809431075,0.29978881877616054,-0.05565320755194173,0.3691624830865337,0.32733089695115014,0.5791044398639336,0.27948001365722885,0.4016869206742624,0.2992829954855271,0.055627916387410055,0.05813174167604547,0.1930853956170412,0.3855511577030564,0.06531443240304,-0.017033599312080323
#53,-0.14553800629749997,-0.26139683101708416,0.4046712780889996,0.3102593608922723,0.5683809861025051,0.5838844699604193,-0.5325686971256591,0.14935697214178226,-0.16761719293364863,0.07788414117528042,0.28140214216163584,1.0,-0.24895357806750212,-0.01799466356428382,-0.3410639992918474,-0.6082651525689501,0.2453369415394732,0.11159726349599768,-0.3178972925808369,-0.39483301508617963,-0.10904285587829891,-0.40290089657178263,0.08162723352596771,-0.18597857838364168,-0.3368909571441217,-0.3764210473071233,-0.1259626449499867,-0.1272777855056336,0.22290367859988114,0.3269515294831751,0.1141769622782281,0.4825427736820142,-0.025607304088316747,0.3584137381605736,0.1686794218439788,0.4174433161774934,0.5362359159827514,0.24839717244780535,0.007574703777235423,0.19933231325636389,-0.1853462992703499,-0.21933762440091553,0.4421022015958725,0.507530444239305,0.36509060559693474,0.306516268541585,0.04675071763679359,0.14434932156451144,0.19149205225154592,0.23643445162432505,0.27889831687300043,0.23615624881447667,0.22818953198700034,-0.37042704131311727,0.028768699654775604,-0.22854360829044373,0.20186142970953097,0.09616965313167845,-0.11893170121018222,0.02864224383211725,0.17973166074431898,0.4188090390622036,0.12049975341114581,-0.5226292694647126,-0.18253898000733443,-0.14396995409653637,0.22234727298018436,-0.38431189064100457,0.10590675147637173,-0.07672074760682356,0.036128428533491824,0.1332717914996396,0.073382313888643,0.26706205187217846,0.20752665056462524,0.36825200116339357,-0.06602258500992678,0.09412106880461311,-0.1957662590573983,-0.03253708316999456,-0.0466495529786669,0.46079237218477725,,0.5140555646884761,0.6000961064252204,0.368833697947622,0.49445491217643117,0.25186206198864425,0.2515838591787959,0.6143856143856143,0.6250837769825112,0.45401434009028946,0.34215151936670923,-0.17001985356415736,-0.23309601790614448,-0.18165378924872597,-0.28198383894586426,-0.05701893043665195,-0.14703018500486856,0.244198839135548,0.018803980829297285,0.11589676146638173,0.2511286182172258,0.12839059674502712,0.19786542571352697,0.0226988201671746,0.19505810645051153,0.21099154010546414,0.549564359690942,-0.2604610579294124,-0.31794787490990023
#54,-0.1568684480076885,0.12184018513132437,-0.1311979160080426,-0.0705244122965642,0.06379696253113974,0.13549741397842663,0.268402483592357,-0.22480051593975645,0.32399246323296954,0.08281591825895623,-0.0718142616876794,-0.24895357806750212,1.0,0.20793130919713199,0.1665043816942551,0.12942753449082564,0.1324118919055628,-0.053503458566749706,-0.33372956157766287,-0.20808305618432202,-0.14085914085914086,-0.22426940148459135,0.10580558681824505,0.1282388497578371,0.17778424107538032,-0.16718724313661024,-0.179883407731509,-0.2920244312649376,0.35588462170740653,0.17254897001732444,0.014200988884533187,-0.017842916577093793,0.29255554572010267,-0.00866222385209727,0.17252367885279277,-0.0012519126443177077,0.1794534579344706,0.05441394048988986,0.3097029552725755,0.06898165126013227,0.18279189165265114,0.15547743395844663,0.28893890919207377,-0.07745419137824201,0.1102821229403508,0.06903223358919562,-0.21642914047977338,-0.15542685162938327,-0.3854499930449298,-0.5399284260043754,-0.39561704118666147,-0.5351736870724213,-0.3323638386929526,-0.17297891981436286,-0.06865286612122055,-0.041464864249674376,0.07849112912404052,0.06361992437941805,0.07454570745709986,-0.2243199838136547,0.1203480064239558,-0.08433338813085649,0.36435716182551625,0.639626196588222,-0.40978009332439713,-0.3431884571125077,0.18706609845850353,0.49088885797746556,-0.2688577245539271,-0.1159979261245084,-0.3362839691953616,-0.07836467330138217,-0.14581620910734835,-0.39544000303493976,0.02166188242137609,-0.1534794319604446,0.1745722631798581,-0.061621922381416054,0.7608214570239886,0.3631937682570594,0.43934546466192037,0.21534162040491153,,-0.011292504963391039,0.014453900529849897,-0.019107474803677336,-0.04057967349106589,0.07140960305517267,0.1639246829120247,0.02487386031689829,0.07621492431619013,0.1275306971509503,0.03567318757192175,0.2236371223712996,0.3256616800920598,0.08478862909242656,0.18319655028515788,0.1553256869712566,-0.08572440218009839,0.005121460817663349,0.006360727879715222,0.03868283615119058,0.07704953274573528,0.20942348790450055,0.057651209549943724,0.34966299523261546,0.009673870433364104,0.059320426409034004,-0.10575500448918171,0.33418480253923294,0.43049355707583553
#58,-0.031980677550297806,0.48292214114998927,-0.3094500436272588,-0.4333261675033827,0.3752070714096031,0.021231932624337688,0.5568229239115315,-0.10651373942513183,0.5185826831396452,0.05701893043665195,-0.01098901098901099,-0.01799466356428382,0.20793130919713199,1.0,0.002465888541837909,0.10046915110206249,-0.26180148964959093,-0.11822354860329544,-0.2605116402584757,0.024899151481429963,-0.15734898013379026,-0.17682317682317683,-0.20772897988087863,0.10125317720254429,-0.3250041098142364,0.0825882977781712,-0.29586868827375157,-0.3188330656685087,0.36546997306490975,0.07090377976453925,0.013922786074684808,0.24313661022521782,-0.16827476321147208,0.4520163380922875,0.4801906953805688,0.029957384387764133,0.1958421325509933,0.31721443113848174,0.2856763489674882,0.278620114063152,0.29164506379696253,0.11847646024861215,0.0689563600956006,0.11819825743876376,0.3491571719419821,0.15772834760176532,-0.19859886948494543,-0.2834507264887012,-0.17219489371388105,-0.24000050582329063,-0.23954526486172056,-0.18165378924872597,-0.30188798543228923,0.07570910102555672,-0.09589145032183007,0.17778424107538032,0.09391873948835974,0.1463726147270451,0.31959180060445885,0.4646113380290596,-0.4740449423993728,-0.11086381972457922,0.4837567495795344,0.37341139872785445,-0.25689500373044677,-0.2353469315494632,0.6427623009901491,0.4980968398689918,-0.005854904589081804,0.17191669090403267,-0.011570707773239418,-0.003022294161534668,-0.031778348234044435,-0.181957283223106,0.10921989403002061,0.1005450245956575,-0.35821140884432023,-0.08574969334463005,0.3131678448134144,0.40565763350573475,-0.11521390002402661,-0.007296500967387044,,0.11450574741713983,0.4926845306592142,-0.31385070625576955,-0.29149331680977253,-0.26478584706432806,-0.06432807698630484,0.15777892993082868,0.25317720254429116,0.15772834760176532,0.39710921989403003,0.008257565219590536,0.010786681672757622,-0.29794256376534856,-0.07699895041667193,-0.28312194134978946,-0.2668344313913934,-0.21916058624919385,-0.20057158031841577,-0.21688438144134348,0.23006107816234397,-0.21832597781964871,-0.00018968373398753146,-0.13521921116857827,0.004919131501409982,-0.42366494265228444,-0.3009775035091491,-0.27115922052630914,-0.07570910102555672
#101,-0.4628156653473109,0.3342100937037646,-0.23911531506468214,-0.2869156160295401,-0.007018298157538664,-0.06503622959319162,0.1388358476966072,-0.4134726033460211,0.22882181110029212,-0.3297841399107222,-0.20312598793611453,-0.3410639992918474,0.1665043816942551,0.002465888541837909,1.0,0.68788173851465,-0.20942348790450055,-0.16840121903413044,0.2275319617091769,0.059699793877009064,0.07596201267087344,0.12189076746038771,-0.13878526536754385,0.02449449284892323,0.04037734417481253,0.1259120626209234,-0.38163102720064745,-0.11731306668015529,0.09270476359083954,0.28003641927692563,-0.07090377976453925,-0.2091452850946522,-0.26766903982093854,-0.31175153959964086,0.129629863807079,0.05572908104553674,-0.3857787781838415,-0.31713855764488674,-0.047560034901807054,-0.392885595417241,0.42166694065428245,0.6186598211914668,0.1186029160712705,0.1600045524096157,-0.42487891854980464,-0.2839565497793346,-0.22411765449740134,-0.13486513486513488,-0.48330150861796434,-0.4571757356567483,-0.6337586464168743,-0.29736086698112013,-0.6033080843207426,0.222144943663931,-0.31852957169412865,-0.06114139025531431,-0.4560629244173548,-0.43352849681963607,-0.2556304455038632,-0.2893435678245805,-0.37434717181552624,-0.2901781762541256,-0.07530444239305,0.4527750730282376,-0.07914869940186396,-0.17611502421629005,-0.0719154263458061,0.2995106159663122,0.10294768522616624,0.20315127910064618,0.033396982764071374,-0.14720722315659024,0.014782685668761618,-0.4865387776780182,-0.1788464699857105,-0.419087241872052,-0.10449044626259817,-0.2649375940515181,0.18984812655698732,0.11521390002402661,0.4061381656318365,0.17153732343605763,,0.1878501245589853,-0.10191074748036773,-0.04912808710277065,-0.18403115871470302,0.036356049014276866,0.3947065592635213,0.17340886961140126,0.03327052694141302,-0.08835468329139215,-0.022218288041072853,0.0016565712768244413,0.26357187116680786,0.025961380391760137,-0.02654307717598857,-0.13418227342277975,0.13693901035673187,-0.4303418100886455,-0.272322614094766,-0.07661958294869688,0.12049975341114581,-0.25307603788616445,-0.31056285486665236,-0.26873126873126874,-0.24209967247941933,-0.2953375738185865,-0.3640030855220729,-0.014909141491419973,0.05099963327811429
#102,-0.10547680167933332,0.28162976264242084,-0.3442506860228379,-0.5378798416773101,-0.17313066680155287,-0.3873974127138684,0.4902818700287055,-0.2624337687628827,0.3201482062241556,-0.2109662489409325,-0.1252039100140366,-0.6082651525689501,0.12942753449082564,0.10046915110206249,0.68788173851465,1.0,-0.21205376901579434,-0.06877932194387891,0.22080451194375245,0.17748074710100026,0.021712464750439434,0.46473779385171793,-0.1007220627473792,0.29822076657519697,0.0436146132348664,0.3706546617939023,-0.4067704447451283,-0.2892424031664538,-0.009597996939769092,-0.07166251470048939,-0.14037860873303912,-0.5886645000569051,-0.3559099128719382,-0.4458200027820281,0.1207779562209942,-0.32829196120335363,-0.6223017488840273,-0.2592470820318922,0.033447565093134714,-0.3119538689158942,0.4408123522047573,0.310815766511969,-0.23853361828045372,-0.23279252393176444,-0.4417734164569608,-0.19268073698453445,-0.44480835620076126,-0.5590485463903185,-0.5527257552574009,-0.3705534971357756,-0.5534086166997559,-0.21106741359905917,-0.5262964883218048,0.5776628434856282,-0.21675792561868512,0.3871445010685517,-0.2941741802501296,-0.16131969296526258,0.017539422602713742,-0.02247119968638956,-0.4234626133360311,-0.43213748277039415,-0.1431606368315229,0.5259171208538297,0.022445908521857887,-0.16480987367063316,-0.22897355808748213,0.3676197220501018,-0.06941160105717067,0.11943752450081564,-0.14622086773985507,-0.2971079553358034,0.10972571732065403,-0.33820609769976856,-0.026163709708013506,-0.3063898127189266,0.03729182210194868,-0.14288243402167453,0.06359463321488638,0.2383818712932637,0.1025430265936595,-0.19998988353418734,,-0.03463624982612325,-0.2592976643609555,-0.2548970017324448,-0.3816816095297108,-0.1770255061394302,0.08195601866487942,-0.0761643419871268,-0.23939351787453053,-0.18071801616105412,-0.0009484186699376572,0.12108145019537425,0.23936822670999885,0.19968638955980728,0.15643849821065012,-0.022294161534667865,-0.0926541812617762,-0.2950087886796748,-0.13878526536754385,-0.08438397045991983,-0.16051037570024912,-0.2947811681988897,-0.3568203947950783,-0.3393947824327571,-0.4227291695646126,-0.3889907560793637,-0.47217339622402915,-0.02431745469720153,0.13999924126506405
#201,0.15868941185396881,-0.17123382946167756,0.7738969890868626,0.4440243301002795,-0.16645379936519178,0.34159511374701246,-0.3132437183070094,0.17930171094728056,-0.0765942917841652,0.6909166782584504,0.5256895003730446,0.2453369415394732,0.1324118919055628,-0.26180148964959093,-0.20942348790450055,-0.21205376901579434,1.0,0.6673958952439966,-0.4789008459894536,-0.5644608556000961,-0.2051492810986482,-0.3744736276381846,0.6198485059244553,-0.012809974835291291,0.342707924986406,-0.006057233905335171,-0.07500094841866994,-0.1494075544708456,0.312358527548401,-0.017311802121928704,0.3745495011317796,0.15421287573186307,0.4556582657848481,-0.009977364407744155,0.05909280592824897,0.1279859381125204,0.03425688235814818,0.05534971357756168,0.09609377963808344,-0.13403052643558971,-0.10825882977781712,-0.4423551132411892,0.0973330467001353,-0.24753727285372856,-0.017210637463802022,-0.05919397058637565,-0.26382478281212457,-0.059244552915438994,-0.17899821697290053,-0.1541875845673314,0.1970561084485135,0.09571441217010837,0.298448387055982,-0.19275661047812948,0.022572364344516243,-0.05279530595986292,0.12583618912732836,-0.015465547111116732,0.03799997470883547,-0.40922368770470036,0.6364395098572314,0.4900289583833888,-0.1475865906245653,-0.17947874909900227,-0.10499626955323157,-0.21577157020194995,-0.04204656103390281,-0.2469555760695001,-0.19209904020030602,-0.26956587716081387,0.05330112925049634,0.31157450144791915,-0.25049633910393404,-0.09515800655041161,-0.28350130881776453,-0.1614714399524526,0.5520934761441091,0.5747796507290178,0.27738084700110016,0.16377293592483466,0.1381276950897204,-0.12125848834709595,,0.02065023584010926,-0.03567318757192175,0.4127391595746026,0.4186572920750136,0.149685757280694,-0.1521895825693294,0.002086521073862846,-0.17052567685479078,0.4379291594481468,-0.08870875959483554,0.35145866791436414,0.13567445213014834,0.6751349915906878,0.5336309260359893,0.7316354531544405,0.1587905765120955,0.6885393087924734,0.6007030943739804,0.6899303228417153,0.25735024469201684,0.6357566484148762,0.38423601714740957,0.4376509566382984,0.09745950252279366,0.5541167693066428,0.5009547414610706,0.4221221816158525,0.3477155755636768
