,#10,#11,#12,#13,#17,#18,#26,#49,#50,#51,#52,#53,#54,#58,#101,#102,#201,#202,#301,#302,#401,#402,#501,#502,#601,#602,#701,#702,#801,#802,#901,#902,#1001,#1002,#1101,#1102,#1201,#1202,#1301,#1302,#1401,#1402,#1501,#1502,#1601,#1602,#1701,#1702,#1801,#1802,#1901,#1902,#2001,#2002,#2101,#2102,#2201,#2202,#2301,#2302,#2401,#2402,#2501,#2502,#2601,#2602,#2701,#2702,#2801,#2802,#2901,#2902,#3001,#3002,#3101,#3102,#3201,#3202,#3301,#3302,#3401,#3402,#3455,#3501,#3502,#3601,#3602,#3701,#3702,#3801,#3802,#3901,#3902,#4001,#4002,#4101,#4102,#4201,#4202,#4301,#4302,#4401,#4402,#4501,#4502,#4601,#4602,#4701,#4702,#4801,#4802
#10,1.0,0.40533517281141573,0.38256957242430173,0.47210273622364757,-0.04453252890485849,0.04614413134422606,-0.11431738547018226,0.47016853874743897,0.08137288211210521,0.5284127294628793,0.29920415118038896,-0.07133674460425482,-0.3501027842697169,-0.02966844780309348,-0.0990332444481051,-0.033424277678825755,0.11148129463565636,-0.028191374357812805,-0.13191460154365156,0.10385157882815636,-0.03466798450171078,-0.08892435146386078,-0.029200341813464568,0.15912652245982148,-0.07082196529014678,-0.23610181648460637,-0.24537333511790163,-0.10511724956844334,-0.250328943981715,-0.1883110777076534,-0.3343038639335317,-0.3310202582819412,-0.2621757319303881,-0.24297514988657695,-0.3514961202799027,-0.21523060397340993,-0.25619880090738434,-0.22983935453537735,-0.14124926643947738,-0.05884751207157492,-0.03718010755455803,-0.21765761684632465,-0.20165415752933386,-0.281232175766249,0.06628504360180791,0.04786006239125287,-0.3101970918400615,0.03226156280136039,0.0024867272733512477,0.10858068479376225,0.05400446828444646,0.3345454670249531,0.11857289446680874,0.15912377697014624,-0.002817558779218016,0.034070840497345455,0.10210407464986428,0.05625988805265849,-0.1995579761622859,-0.14849049545793053,-0.03609701187767471,-0.007375071640121213,-0.2676969116673016,-0.21962064196412331,-0.06903327876672603,0.3008061444058932,-0.2693579329208235,-0.2648937667088786,0.07197095271923593,0.06395686835720193,0.2898983139261532,0.07140950008064875,0.23101305137154368,0.1657335433632935,0.21625192613260028,0.2640742380408186,-0.15066766877039814,-0.06499603619928136,-0.1621438156129134,-0.28754542927447,-0.006541815523684996,-0.28980084904268205,,-0.09411195420523222,-0.16729298149883146,-0.178082755922536,-0.25829223678475705,0.16618792190454618,-0.12414898399722706,-0.22481236294000762,-0.3301128739442734,-0.007431354178463693,-0.07070528197894896,-0.17427201625329888,-0.11876370599923812,-0.07803985764636034,-0.1061522991760099,-0.07145342791545264,0.0865769577915281,-0.20046398775511604,0.12854039473277806,-0.0352967016373414,-0.3510952787873172,-0.03893035722252537,0.08164331284511663,-0.06851987219745562,0.09076520229111114,-0.06975259706163968,0.11779866637839025,-0.18180563992216536,-0.028286093751608687
#11,0.40533517281141573,1.0,0.31546156829233973,0.4204394842597645,0.037946099173950795,0.11948576978382701,0.10712420252104589,0.4456348430094685,0.41642695109939704,0.2754131103995717,0.2772196426058815,-0.013553796154255338,-0.21271024445153697,0.09279411916111563,0.10651882204765484,-0.06577026428769986,0.1326339198385652,-0.05361735424023721,-0.18133753393253646,-0.11681989930916616,0.14467151931966765,-0.1854955780456918,-0.007285843225675819,-0.17031439288643624,0.13719417818914365,-0.269029846904632,-0.16779266061972567,-0.11642454879593118,0.004478580032739965,-0.05907401496978246,-0.19811522133794576,-0.19869589240425964,-0.21676807819154595,-0.20315044940234123,-0.09010216653453998,-0.1684158867760058,-0.10067916550841322,-0.28654607103268165,0.009184349336106278,-0.19927793621541112,0.020100416284872007,-0.08116010666227388,0.02156238953693885,-0.11200019218427727,-0.013238064841602405,-0.0703167951899021,-0.3344809480175849,-0.07928493721408299,-0.023959202023425892,-0.02904796713648859,-0.09338028120677999,0.1379848792156136,-0.05819683101854235,0.10861225792502754,0.16423999697996136,-0.056896841657314845,0.12269112897967308,-0.10166342355698779,-0.3391523987000106,-0.17747051172495684,-0.17820767570275955,0.017144896649473038,-0.2849523142762031,-0.32814435784712426,-0.15254558370826427,0.14997580537223693,-0.1862574514305717,-0.09244132373784691,0.18759999588176549,0.11995387577345593,0.2000054909793505,-0.012601111236946055,0.26490612141241715,0.09692608112235618,0.046679501830898425,0.11239691544234987,-0.27880104465882144,-0.1180828245597779,0.06584164701925618,-0.18318250299429967,0.00951792633164829,-0.05198516062830531,,0.022954352802286995,-0.14756938367188652,-0.19753729576130713,-0.3346360681842361,0.10929451210932539,0.11689540027523534,-0.2192472553682903,-0.28108254657894827,-0.2484826021751142,-0.04089475508516166,-0.3730193865889693,-0.3053389478597192,0.053967404173830676,-0.1521255237879521,-0.1139604718124007,-0.024910514195897553,-0.25669848002827855,0.10205328309087228,-0.019724284199363732,-0.111522476980785,-0.16995473373897943,0.07999052806062042,-0.2842590781332043,0.004717437634486096,-0.24609951713700337,-0.013979347053917986,-0.30320295689238025,-0.15636044161201426
#12,0.38256957242430173,0.31546156829233973,1.0,0.4822061382285414,0.09355873803567077,0.342773699581656,-0.08799637595362868,0.05117386842927104,0.16356323377501397,0.39094468867863014,0.05113405882898002,-0.15353258724651409,-0.19181981351261382,-0.27120427472742437,-0.22259263453757375,-0.20990572674827634,0.41656422558315914,0.5576988678286952,-0.27556273958687244,-0.32319561270749897,-0.11677871696403752,-0.44853545285136265,0.08392344202040586,0.013191391517123277,0.1352009526849173,-0.23913009159639928,0.09320456986756444,0.10003260268989352,-0.055301712155998724,-0.0729552107678105,0.28550278495608933,0.1099410749278451,0.37352730217888924,0.10703360136176288,-0.19346573457292193,-0.10107039778713532,-0.13267510218369385,-0.36942416785923876,-0.011733536499569302,-0.19505537309488755,0.03380864623335976,-0.005293990466287103,-0.17557612384903926,-0.33101614004742835,-0.09046045293715917,-0.2917377920085659,-0.033125019304224276,0.18346803392052494,0.2147158246593019,0.2666893169564874,0.29115712094225205,0.32718206371595165,0.33468548699839046,0.2588276072714294,0.20129038014736417,0.07898842432915676,0.1237742246565564,-0.41229361639331885,-0.1786263628782341,-0.05615281395532402,-0.02267568560024984,-0.07058722592291351,-0.3164197441889995,-0.23828722626609972,0.2228012917528922,0.14218547841873522,-0.21070603698860965,-0.259286104047195,-0.13256390985184652,-0.17005631685696343,0.38357030341092774,0.2491030828417191,0.010484338697333785,0.11723584099496547,-0.13894030962259812,0.0940790083291293,-0.12981979292144125,0.08636143685202154,-0.15565759625515208,-0.3538778325731759,0.02721672552310158,-0.09122232632203907,,-0.07100454035355043,-0.028549660760432003,-0.20210304509123606,-0.08078809281127847,0.20421981763084832,-0.044546256353234705,-0.16709530624221397,-0.22959226046460549,-0.20709022708631478,-0.10250079790793687,-0.24109174396936034,-0.13662998006088123,0.40973344727115485,0.10006280307632118,0.5345887084873382,0.4885180189919248,0.17067267928905544,0.4397594951044487,0.5586666529392182,0.29645728876030847,0.4290685583090529,0.5114634489527673,0.35114195211179633,0.578252976282401,-0.051938487303826185,-0.03955083788913026,-0.10222899443008782,0.04544540422187675
#13,0.47210273622364757,0.4204394842597645,0.4822061382285414,1.0,-0.07471781513931644,0.006740863525140106,-0.10293458527662525,0.1069073088367017,0.20042005992031217,0.5041151458369797,0.04677284847985669,-0.11901354555968523,-0.20281824515163682,-0.1254901557035832,-0.047950663550535885,-0.09208303733522773,0.420394183680123,0.06175361289281951,-0.11096651532154832,-0.19841722520222246,-0.10042932594796611,-0.09277764622306417,0.16127624087553666,0.11177368928606973,0.15597058207812978,0.05068242577740256,0.13232367950526275,0.31925171678901254,-0.1149213931987357,-0.09571257468589882,0.07668221300195273,0.002466136100786926,0.025322337647183987,-0.10666707849011796,-0.3037973554070703,-0.021297449783277907,0.008871363513128588,-0.2528561672277761,0.0935916839117737,0.02725516237855498,-0.04166074670455443,0.0891947821968722,-0.047124271158287774,-0.11055469187026189,0.03028481023518551,-0.18332801394708756,-0.11727427785041886,0.24929801260866133,0.08366811148060826,0.09929406596725317,0.15200884047675428,0.19534502225562567,0.2230126944578859,0.18409675105615556,0.11699698339321933,0.04691012296361883,0.032032314413477606,-0.16905146763582451,-0.2455517919467924,-0.15588135366368439,-0.07842010796638148,-0.03669003764752717,-0.17963670307872348,-0.19644321812572282,0.2759484808862441,0.1402444172183385,-0.14885701832957546,-0.13702121233960335,-0.08379028577115658,-0.16417273248291792,0.04210826152161901,-0.08638340076942348,-0.08306684924173006,-0.18423814377443057,-0.1301314059995813,-0.011353286179548162,-0.20694883436803976,-0.030810571507994523,0.05165982010178903,-0.1850274720560629,-0.21036147803436667,-0.02742675548325766,,-0.16040180241397178,-0.2629581964878323,-0.15333079375538372,-0.18779629839354536,-0.15723625281841674,-0.10144378438296836,-0.15255793841180287,-0.12110011771286983,-0.17633387899940628,-0.17185735808392275,-0.2311928809452721,-0.2732894741357713,0.20137411758245907,0.10187345351714387,0.2543593228249716,0.2786527882163583,0.10493192901536445,0.3540521711675538,0.05821467670143143,0.003774361931040163,0.0751502297631672,0.314684594714246,0.10793000374072968,0.2615881971398861,-0.10924783878484627,-0.05403055043636126,-0.17581223596111015,-0.10577753983533926
#17,-0.04453252890485849,0.037946099173950795,0.09355873803567077,-0.07471781513931644,1.0,0.4836530112873944,-0.07761979772604817,0.18012540024091672,-0.012971752343103845,-0.1694138722729566,-0.06195540638394987,0.5770545700391575,0.26625964782231193,0.18324564925683026,-0.4705748712193749,-0.37475453606372283,-0.11561188385205928,0.008944118989522526,-0.3856239296880094,-0.24938449553343148,-0.5042647750242805,-0.3298630343838263,-0.2897390755249891,0.1757957630230587,-0.230366488553024,-0.06494524464028938,-0.16495107880584928,-0.28180461036353716,0.22595448664490866,0.07032503165892781,0.06938470144515713,0.18731446495554022,0.10643645735739755,0.4460233297985154,0.013796771990514333,-0.0955066629602556,0.04551129597408258,0.017136660180447308,0.0308091987631569,-0.09091345873357425,0.22952636871239965,-0.009583818083854119,0.020233572534121287,-0.1593461616338409,-0.031766001914979046,-0.15888354662356247,0.20861397385607458,-0.008937255265334417,0.011277785213478981,-0.16780364257842662,-0.1950896917158281,-0.20211539979477464,-0.202893746117706,-0.14987284950941532,-0.33232299313284397,-0.0039020272009389575,-0.045385003449021404,-0.23348124658958705,0.21244118646336316,0.16497578821292644,0.47059958062645213,0.4735056814476967,0.14358430540827147,-0.17658783679436627,0.0008764975788212926,-0.11920847532662747,0.06352445373335118,-0.019129885684673647,-0.15454841842635395,-0.11379986066639898,0.12317982614186632,0.4608956473693061,0.022785505187259556,0.38644483110090705,0.0714699008535041,0.09542155278032308,0.344333137717194,0.2223784863429048,-0.20709571806566526,0.006198629314279635,0.23593983259376705,0.13910915723762557,,0.23666464186803118,0.5792742984415914,0.48875001286948283,0.38503776764234504,0.3991166386969906,0.04978739614327338,0.29090590863696736,0.057785007567255915,0.31307848325422893,0.2313864379673767,0.07663142144296074,0.287251661879219,-0.04557856047112603,0.14337015721360252,0.06144611804919231,0.02738694588296664,0.07072999138602615,0.06252784098123801,0.18195389636462847,-0.0461592315374399,0.05929914512315237,0.1486689522868213,0.1265910970633556,0.16563745122465998,0.30470062151022526,0.118231081002241,0.3572794942808018,0.32633096191662636
#18,0.04614413134422606,0.11948576978382701,0.342773699581656,0.006740863525140106,0.4836530112873944,1.0,-0.09804486816501766,0.17352249757195756,-0.03761252217840878,-0.06942039281093529,0.1307258045142714,0.17040911228023214,0.20279628123423488,-0.012841341583529807,-0.25976931023003774,-0.20582181085635254,0.12192513736028031,0.39326325470937273,-0.30445078194977815,-0.24383860638944085,-0.2414472848823043,-0.16623047699451246,0.057034116141076986,0.16322004756560862,0.04889511199881944,-0.1750105529759392,-0.19906378802074218,-0.11811302494620556,0.35082210256463053,0.2278324015827748,0.20806075768651314,0.16073949764402667,0.14590836241836458,0.1598650591824618,0.14125338467399026,-0.08441213918259909,0.06626582517408121,-0.14893526478531988,-0.11531674371197068,-0.13844886697072964,0.32785059045187326,-0.05652620055115705,0.12073496758606252,-0.05042434974792973,-0.014822212384217553,0.020935045146145848,-0.11178055301025784,0.012741131210383443,-0.017897160820489588,0.09719376636569237,0.15084338010961368,0.10765957300771825,-0.024589291903894132,0.20824196000507916,-0.028593588595235888,0.35896385219656335,-0.05529622117664824,-0.19810286663440715,0.029417235497808756,-0.02360915208983242,0.1524508643144684,0.08679385147587229,0.09572492938943741,0.01612082900060744,-0.06275983485879603,0.06078994601680926,0.012690339651391448,-0.05693116027825538,-0.21039854214498244,-0.037623504137109756,0.19600393977768396,0.3635419562300308,0.08156918462388507,0.07477547042249655,-0.004389351618294571,0.00913904875646477,0.08835054412173501,0.07777766338237464,-0.011933957245862032,0.024445153695943883,-0.000569002735194089,0.23647108484592655,,0.2406154015107057,0.23895987123653423,0.10331209010697114,0.05149509072127446,0.37478199096047526,0.10520785072772636,0.22890039706644427,0.15640574219165576,0.09054144488257884,0.23495557454519247,-0.15421346868597433,0.04363612652589168,0.18135263412575028,0.15648261590256257,0.20882400381623065,0.19462570396071205,0.07629372621290587,0.34736553106349977,0.40570032293822306,0.35348248205994093,0.29061214124171636,0.3003188199885376,0.25381159763476063,0.5182571631541558,0.02392076516797249,0.013077453695600696,-0.006950893485296187,-0.020784043214007487
#26,-0.11431738547018226,0.10712420252104589,-0.08799637595362868,-0.10293458527662525,-0.07761979772604817,-0.09804486816501766,1.0,0.2227175543177973,0.385494891673273,0.053699718930494494,0.12202534773342669,-0.021860275166702702,0.17220878076235385,0.18351607998984168,0.33488178951017034,0.1640189850611043,0.11987425657287387,-0.1322166054079283,0.08089379416377532,0.05893674048602031,0.12958917178872084,-0.0928627564029967,-0.14775744971464067,-0.1658625813780299,0.08820640591378476,0.09295610305195497,-0.06649095532745113,-0.15451409980541342,0.22002697443605926,0.05970547759508832,-0.20725632921166695,-0.1855326421563076,-0.008972946631112576,-0.01965564695748266,0.10692103628507792,0.017467491686314077,0.23491027396555098,0.14746780055390254,-0.053983877111882135,-0.14366255186401589,-0.13743029030121454,0.01409740310995343,-0.003777107420715406,-0.0032966467275479003,0.040540586917055324,-0.08445332152772773,-0.06390195856369707,-0.2440472636047593,0.07853404578790406,-0.3049834069467752,-0.20529330409386828,-0.12153115959188296,-0.08982075384282757,-0.15088593519957993,0.14474976577541207,-0.10496212940179211,-0.015206580938751556,-0.13903914725090688,0.03016126319979958,-0.21941198474880486,0.004876676035650183,-0.03698517778761578,0.12547231002069412,0.1660424109517583,-0.16911186840867987,0.11736899724421473,0.12114130005799847,0.4347407399781047,0.1922934104815932,0.06109881360527408,0.0072542700944105264,0.11641493958206783,0.1004801175069581,0.14011812469327733,-0.017230006829405568,0.02960255605088765,-0.044700003775048305,-0.1138328065425019,0.3356162079982978,0.12790618661779696,-0.16721748053276228,0.007902205657767848,,0.02823530219261669,0.05226657332001771,0.0657537913496484,0.03429597065071537,-0.09125527219814199,-0.024182959431958185,0.14392337338316397,-0.13150415083720277,0.06054834292538789,0.019158713326263697,0.14329877448204623,-0.0898289903118533,-0.04423327053025701,-0.11734977881648803,-0.021448451715416268,-0.15808872736257967,-0.11024445153695944,-0.19596824841190583,-0.23221969408381293,-0.16626067738094014,-0.1970815444752168,-0.20915620806693505,-0.18208705261387775,-0.28297007073067776,0.023318130184256675,0.12354497626867363,-0.04904062295160731,-0.08405248003514226
#49,0.47016853874743897,0.4456348430094685,0.05117386842927104,0.1069073088367017,0.18012540024091672,0.17352249757195756,0.2227175543177973,1.0,0.5022674312855412,0.10267239101263954,0.23710392021607005,-0.06361917312714706,0.02636287823410104,0.17612247629441258,0.0935285376492431,-0.05724689159090831,-0.13958000871692972,-0.23744298819096255,-0.04395185783854461,0.09135410982645073,0.01712567822174634,-0.04404245899782763,-0.13944136148832995,0.06903602425640128,-0.10550024537813972,-0.19576645492077546,-0.42348423230960885,-0.4189322104280562,0.13354679515558346,-0.02703415045969793,-0.3680390683180787,-0.505310806590548,-0.484049734545467,-0.3350506371251978,0.012452854794482939,-0.1599858607281725,-0.08994292813337589,-0.06221210966858508,-0.2562152738454358,-0.08609512435352298,-0.06525273948391658,-0.14643137820149835,-0.1363389581553055,-0.19159056512473102,-0.045290284055225526,-0.05936640962019582,-0.3810581803580805,-0.22512123052847244,-0.04606176665396878,-0.18341724236153295,-0.1870193248154516,0.002685775274806357,-0.24684766307350706,-0.03254709372758565,0.036522562777337356,0.10015340423560419,-0.06733519340258831,0.08071533733488453,-0.35698572688555086,-0.2890334846784517,-0.13758678321270337,-0.07938652033206697,-0.06569750881130593,-0.106119353299907,-0.26786850477200425,0.06371389252094294,-0.09559726411953862,0.034801140750960066,0.319550975163614,0.1483559664638436,0.24768503742445613,0.11375318734191986,0.46759876041141163,0.1783120043104188,0.24992123876494146,0.2646521636174572,-0.2891762501415643,-0.3126337139268396,0.0011030004770288312,-0.04361416260848974,-0.044778250230792724,0.05738416607467046,,0.05107640354579992,0.11176957105155687,-0.012348526186823708,-0.3577325000772169,0.1834021421683191,0.20650543778548802,-0.032969899137573054,-0.24669940663104395,-0.16408350406847252,-0.02592634537573742,-0.38641325796964177,-0.2841574950152203,-0.3143139536080882,-0.12842645691125548,-0.4189061282761414,-0.2443863315796518,-0.24795546815746755,-0.02308339081702341,-0.28085878917041596,-0.364295593145885,-0.26162663399533953,-0.29206450527991984,-0.32448736559970076,-0.21829045221646814,-0.2453088161105334,0.0800413196196124,-0.2794064251322125,-0.23035276110464778
#50,0.08137288211210521,0.41642695109939704,0.16356323377501397,0.20042005992031217,-0.012971752343103845,-0.03761252217840878,0.385494891673273,0.5022674312855412,1.0,0.24129079197081543,0.19065847137998607,-0.3215647918404047,0.0663042620295346,0.27903852951572994,0.3693006208238528,0.006808128022183556,0.09405567166688973,-0.07001890956013823,-0.04930418996043063,-0.06305772048855988,0.17927978942094192,-0.22766904494709786,-0.08524127706452243,-0.09693294484654429,0.0070167852375020165,-0.027016304776808848,-0.24271295562259126,-0.1485344232927344,0.19642949067734664,-0.04438289971755775,-0.18116594082783377,-0.3322941654912539,-0.1442391046958169,-0.21978262585496264,0.0829789935721223,-0.05149646346611208,0.01566645045935474,-0.06794743760016747,-0.06741206711349511,-0.16847903303853637,-0.3261415231290346,0.01821838311249301,0.04791359943992011,-0.03801885465034473,0.06244684903581835,-0.2141653539794157,-0.3301938658896931,-0.05219244509878615,0.11679107166757612,-0.063833321321816,-0.1598376042857094,0.056369707639668205,-0.1580159718861857,-0.08485004478580033,0.2641854303726659,-0.17236252818416745,-0.020266518410224203,-0.18006225397838613,-0.3847783188680346,-0.34495773661831175,-0.34237697632358344,-0.3321143359175255,-0.10670414260073373,-0.04720114486919458,-0.16192966741824447,-0.03807788267836245,-0.02471832991863055,0.09429864750314873,0.34690977977740944,0.17290750788470316,0.20421569939633546,0.05736906588145662,0.32055033340540245,0.0032019273337520206,-0.04875646477021967,0.011622344167721965,-0.3837515057294938,-0.3628226379351172,0.23514638607762187,0.02645759762789692,-0.10379529628981389,0.037405237707927946,,-0.18099022948861823,-0.10282202019994029,-0.19678914982480344,-0.4442620981718471,-0.03494253346923507,0.07848188148407445,-0.18040406744295387,-0.18860484510290437,-0.27693136618998104,-0.11908218280156631,-0.3998098748399894,-0.38807153373348846,-0.032510029616969874,-0.1550316246091967,-0.10544396283979725,-0.08945148548150741,-0.14130829446749513,0.15958090100107417,-0.22895942509446202,-0.1217068709310985,-0.11936634098295394,-0.04734940131165769,-0.3581100049075628,-0.18525122946459519,-0.4342273334088343,-0.07919296330996235,-0.3678331565924355,-0.368353426885894
#51,0.5284127294628793,0.2754131103995717,0.39094468867863014,0.5041151458369797,-0.1694138722729566,-0.06942039281093529,0.053699718930494494,0.10267239101263954,0.24129079197081543,1.0,0.35747305130290646,-0.1376595386890973,-0.20455888560574081,-0.14529474547594778,0.10209171994632568,-0.1359230164695062,0.31566748001798295,0.055779427359490985,-0.1157409218667957,-0.04267383239471905,0.2040715611883852,-0.14137281347486333,0.18139518921571657,0.14919608630446793,0.10012320384917653,-0.006065473065030354,0.06856517277709713,0.10306362329136166,-0.08947756763342223,-0.10159066808059385,-0.014566881844419963,-0.0835994742387272,-0.01361282418227306,-0.08894219714674985,-0.22248967867475214,-0.1417228634084568,-0.10470405337231929,-0.31760030474935397,0.20020728447048083,-0.07502805547261888,0.0751049291835257,-0.00605174561665414,-0.10662452340015169,-0.17177362064882784,0.3037822552138565,-0.0037469070342877344,-0.1316016157206739,0.016142792918009383,0.03380178250917165,0.242619608973633,0.22116360716160982,0.2848301399856548,0.31078874486507635,0.207488323089225,0.29291835256892035,-0.02120273038948203,0.2062995260598448,-0.2062665801837419,-0.10091665036532171,-0.017953443358832068,-0.0919347808927646,-0.13281374941229362,-0.19670678513454615,-0.08321510568419319,0.060122792025725236,0.14613074708205925,-0.28176068252873326,-0.2638861719980644,-0.11459605267221942,-0.2508574507441993,-0.09665290489966952,-0.15758630275201022,-0.11294189514288558,-0.16987099630388452,-0.20767913462165435,-0.10488251020121007,-0.16165374570588256,-0.09969628020467626,0.15442624413580563,-0.23954466053736095,-0.06579634643961467,-0.10330797187245827,,-0.04919848860793378,-0.3324286944853408,-0.22068040097876707,-0.21091743969360335,0.12437960512994746,-0.1606832151056842,-0.22697306331442377,-0.20219639174019433,-0.24111370788676229,-0.04189411332695007,-0.16762518574953583,-0.14110100999701428,0.1827226334736965,-0.0029548332629801602,0.20196027962812343,0.34339280750342327,0.0529639276975294,0.11177094379639449,0.15635495063266378,0.0412750054051828,0.024351807046985623,0.17591519182393175,-0.0204710573910298,0.09510993970218301,-0.020954263573872547,-0.06570162704581879,-0.12223400494874515,-0.10529570639733413
#52,0.29920415118038896,0.2772196426058815,0.05113405882898002,0.04677284847985669,-0.06195540638394987,0.1307258045142714,0.12202534773342669,0.23710392021607005,0.19065847137998607,0.35747305130290646,1.0,0.02622972198485176,0.04312958368080937,0.2554987010401974,-0.05772186130472533,-0.1198495471657967,-0.09109740654181553,0.0068149917463716635,-0.12198279264346042,0.009896803906831808,-0.0005593935213307388,-0.16615909426295614,0.05768342444927193,0.052633096191662634,-0.04342335107606036,-0.1191206196570197,-0.09653896707814694,-0.10533002501827467,-0.014138585455082073,0.06410100656515219,-0.14678829185927994,-0.12233009708737864,-0.1085902940076256,-0.12455119823465013,-0.1493594429401449,-0.016949966882530792,-0.18012951847542957,-0.2933301760202068,-0.10792725825105444,-0.2735448046755689,0.08511361179462365,-0.04152347222079228,-0.23345104620315937,-0.18214882613157074,0.2064079729020169,0.027288108254657894,-0.22220826598303975,-0.12528698946761524,0.04489493354199055,0.14618702962040173,-0.01971055675098752,0.020860916924914288,0.012607974961134161,0.04947303757545807,-0.013427503629194164,-0.06237683904909965,0.13364700552872982,0.044885324328127196,-0.010395110282888392,0.05501618122977346,0.022660585407036003,0.06025732101981214,-0.1901299646175018,-0.17141945248072152,-0.21040540586917056,0.026054010645636217,-0.1758932279065298,-0.040378603026215994,0.07480292531924897,0.15639201474327954,0.07662593046361026,0.03071036113484816,0.0678211450751063,0.07209038152010899,0.03393631150325855,0.11104201628761749,-0.11376416930062082,-0.03447854571411903,-0.06788703682731213,0.0855913269981159,-0.07873858476870965,0.021131347657925716,,0.014333515222024319,-0.1498385308884748,-0.05790169087845374,-0.18194565989560277,-0.02623933119871511,0.08596334084911132,-0.2193117743756585,-0.2554575186950688,-0.21073898286471257,-0.08667579541983685,-0.19188295977514438,-0.11812675239458177,0.04506789939153085,0.07407811604498485,-0.05057809716974333,0.0462937605315268,-0.1714825987432521,-0.0964607206224025,0.039257070493879276,0.039047040533723196,-0.11371886872097932,-0.03261984920397959,-0.25335447360383273,-0.09678606114891879,0.012293616393318852,0.08607865141547152,-0.014273114449168975,-0.026243449433227976
#53,-0.07133674460425482,-0.013553796154255338,-0.15353258724651409,-0.11901354555968523,0.5770545700391575,0.17040911228023214,-0.021860275166702702,-0.06361917312714706,-0.3215647918404047,-0.1376595386890973,0.02622972198485176,1.0,0.34185396054044964,0.24904680030337661,-0.5486689522868213,-0.2559736707540144,-0.2647702196734926,-0.13701709410509047,-0.3003215654782128,-0.0005086019623387454,-0.4337674638882311,-0.20674292264239655,-0.23791109418059145,0.023230274514648902,-0.3043546898111446,-0.06835651556177867,-0.0564397176263869,-0.24292984930693545,-0.012839968838692185,0.07092629389780601,-0.22260224375143708,0.08835054412173501,-0.04442820029719926,0.39341700213118636,-0.03550947708717273,-0.13733282541774341,-0.05358440836413429,0.10776801984989035,-0.10141632948621593,-0.21099843163902302,0.22544931654466396,-0.10514333172035815,0.045006125873837885,-0.052132044325930806,-0.07423323621163608,0.00019149790484819157,0.32715049058468637,-0.12030804394156225,-0.10988616513434024,-0.3272946287926366,-0.17791116281783334,-0.3794905057535168,-0.17349366993036752,-0.35212895565004615,-0.44514477310243766,-0.11284854849392732,0.06455950334091774,0.07238689440503523,0.2382076070655177,0.22659281299440262,0.40825362833619894,0.5874489939496271,0.3225394406751159,-0.0826399255972298,-0.06710045403535504,-0.008231664418796995,0.2873065716727239,0.08804442202294543,-0.2046865508756396,-0.0735756914344154,-0.04451742871164465,0.15230123512716764,-0.10046776280341951,0.3208743011870811,0.1421003682388027,0.201599247735829,0.42736772745523993,0.37871765040993594,-0.20459869520603183,0.11862368602580074,0.3966003974096305,-0.03812043776832872,,0.47806456705343753,0.4703167951899021,0.41005055132864543,0.4855707358255516,0.10143692065878025,-0.03309070068328374,0.3864695405079842,-0.041284614619046145,0.3084386057030684,0.22106888776781394,0.22908297212984793,0.28970338415921093,-0.19264757864969953,0.09620127184809206,-0.043098010549544076,-0.1524206639280407,0.04110615779015536,-0.35516134899635193,-0.06229310161400474,-0.11244221602199138,-0.08487612693771514,-0.09862828472100676,0.03952063750270259,-0.10691005432637694,0.39290359556191595,0.22109908815424162,0.4189006372967909,0.43280928799157137
#54,-0.3501027842697169,-0.21271024445153697,-0.19181981351261382,-0.20281824515163682,0.26625964782231193,0.20279628123423488,0.17220878076235385,0.02636287823410104,0.0663042620295346,-0.20455888560574081,0.04312958368080937,0.34185396054044964,1.0,0.39112451825235856,-0.17677590283712039,-0.18268556936308072,-0.10331758108632162,-0.1238250162155484,-0.19439096459347877,0.08349377288623033,-0.27191672929814986,-0.18769334253072376,-0.08887218716003116,-0.15577839780086278,-0.19095772975458755,-0.049511474430911466,-0.06810530325649394,0.003109953429631384,0.30657853644809135,0.11482941929461507,-0.04816206625552959,0.10565673828962857,0.06458009451348207,0.3207452631723447,0.22226454852138222,0.15210767810506304,0.16108542934310727,0.09932975733303133,-0.16204909621911753,-0.23832017214220264,0.02950509116741653,0.03913901443784383,0.19938089207823273,0.040370366557190264,0.04391616647276646,-0.18064429778953764,0.12284350365664906,0.06489170759162213,0.17779036127212264,-0.0011112369460545598,0.21944493062490777,-0.062153081640567355,0.022149924327440826,-0.15857605177993528,-0.23549918150089058,-0.02932663433852574,-0.011578416332918078,-0.030538768030145477,0.22820029719925736,0.07083843822819824,-0.03008301674405516,0.06560690765202291,0.434500509631521,0.04649692676749478,-0.08163233088641567,-0.10195032722805067,0.36556538212068485,0.17446282778572825,-0.0732819240391644,0.014995178233757855,-0.04733292837360623,0.07305542114095687,-0.050790872619574656,0.14104335471383417,-0.008477385744731234,0.13972551966971758,0.10369783140634277,0.07662455771877263,-0.006167056183014342,0.2631229258683469,0.19760044202383772,0.14637921389766873,,0.09208578282490297,0.22270245412458345,0.0861541523815407,0.235051666683826,-0.052733306564809,0.12739278004852653,0.3235017348062885,0.0628600452319424,0.14636136821477966,0.0004852653000991808,0.13533410893416659,0.1422348972328896,-0.23862903973066746,0.13394214566881846,0.10091253213080885,-0.07858209185722081,0.21467601505901088,-0.005337918301090989,-0.16455161005810143,0.10830750857107559,0.05026648409160326,-0.10602875214062397,0.1344445702793879,-0.12794462347325036,0.07598760411411627,0.06714026363564607,0.09029435081180698,0.03862011688922292
#58,-0.02966844780309348,0.09279411916111563,-0.27120427472742437,-0.1254901557035832,0.18324564925683026,-0.012841341583529807,0.18351607998984168,0.17612247629441258,0.27903852951572994,-0.14529474547594778,0.2554987010401974,0.24904680030337661,0.39112451825235856,1.0,-0.015553885382669783,0.08738138626637428,-0.29344823207624227,-0.21995147346999008,0.02927858826920899,0.3438018854650345,-0.17857694406407973,-0.09616969871682676,-0.2712221204103134,0.10341916420430561,-0.2315964679275328,-0.00953851750421261,-0.32946219289124085,-0.3083562410128111,0.18898097718841267,0.07450915792399798,-0.4163047768088487,-0.21436714747054605,-0.2086551562012032,-0.016723463984323252,0.11270990126532755,0.1133852917254373,0.06595970307529163,0.1514734699900819,-0.24366152230538768,-0.2510564987456544,0.03676828410327159,-0.2073675215435143,0.08507105670465738,0.1493978797955983,-0.12173432582785093,-0.0422990730540484,-0.1685764979220075,-0.176980441817926,-0.08168449519024527,-0.21233136687635343,-0.1755994605112788,-0.1423955083788913,-0.3714626939431066,-0.29069587867681124,-0.3188014564822727,-0.08855920133705347,-0.11893118086942794,0.05367363677857969,-0.13379251648151771,-0.1819607600888166,-0.13101270818533428,0.06229584710367998,0.3188385205928885,-0.008249510101686074,-0.269120448063915,-0.017467491686314077,0.5076719277112568,0.343310442813166,0.21527453180821382,0.5091943017361791,0.16955938322574446,0.16943720893519615,0.2611763736885997,0.25744388047510697,0.29012618956919833,0.19163037472502206,0.030729579562574858,-0.1656388239694976,0.14546222034613762,0.4428756258858494,-0.024141777086829543,0.015275218180632629,,0.14863326092104315,0.1842669714160206,0.018303493292425536,-0.049762686736196195,-0.18499727166963523,0.007830822926211532,0.23748005230157831,0.11384378850120287,0.20068088143946022,-0.04094280115447841,-0.06678334997786449,-0.06222171888244843,-0.2416531966079475,0.03896055760895304,-0.21793353855868655,-0.3530706586086545,-0.13157004258940858,-0.13902541980253066,-0.3828262757089369,-0.17491720632698096,-0.09793504857800794,-0.23859060287521405,-0.21471719740413953,-0.31445260083668797,-0.08327550645704852,0.2545309159296743,-0.028695171713219877,-0.13854084087485027
#101,-0.0990332444481051,0.10651882204765484,-0.22259263453757375,-0.047950663550535885,-0.4705748712193749,-0.25976931023003774,0.33488178951017034,0.0935285376492431,0.3693006208238528,0.10209171994632568,-0.05772186130472533,-0.5486689522868213,-0.17677590283712039,-0.015553885382669783,1.0,0.543629605987913,0.21137319097969368,-0.17452734679309648,0.4539234763390268,0.1493100241259905,0.6588770260855837,0.2899381235264442,0.19565663533376576,-0.12177962640749244,0.3300071725917766,0.1413645770058376,-0.004290513989985826,-0.011113055832964408,0.2791895314478683,0.18644139923881298,-0.11816381650519756,-0.1733193313359896,-0.19616455092368568,-0.3096425029256624,0.3788123698037318,0.13073815921780998,0.32428694485340803,0.2672919519402032,0.18003205359195845,0.2810482279580077,-0.13275197589460064,0.09974707176366825,0.06314283066849241,0.3334156980235906,0.038989385250543095,0.08847409115712095,-0.23192592668856193,-0.19204768915565898,0.02561198680792211,-0.047796916128722285,-0.0355204590458737,0.07670692240902992,-0.07479606159506086,-0.040330556956899244,0.49016943103158345,0.04477275925144224,-0.24806528774447728,0.08199885375806058,-0.2642472038903589,-0.2681897270640077,-0.4905002625374502,-0.49068970132504197,-0.020373592507558675,0.277134532425949,-0.10278358334448688,-0.0006650948738275901,0.0014132408103312776,0.18137734353282747,0.5140689186545728,0.3347445150264082,0.061020567149529664,-0.04708308881315913,0.11921259356114033,-0.2430794784942362,-0.15358749704001895,-0.2754584109792132,-0.42979062209364177,-0.45007292706949864,0.525719404091466,0.18707560735379408,-0.3376959164272943,0.01322433739322619,,-0.04260794064251322,-0.3801302048478484,-0.4947090982095975,-0.4427561970849763,-0.07441581127503973,-0.11820225336065096,-0.24725811377995588,-0.052909017904024545,-0.2718480920562688,-0.16489754175718202,-0.22785024726566389,-0.30171078325388573,-0.06010631908767378,-0.1954301324355582,-0.2133979896151853,-0.21582912072261287,-0.11300229591574092,-0.007763558429168082,-0.394662081698909,-0.08418838177406679,-0.22247732397121353,-0.38995219416102983,-0.24806391499963965,-0.3248758523887476,-0.4757446282778573,-0.3467258319691682,-0.4593952372617859,-0.41167176298187635
#102,-0.033424277678825755,-0.06577026428769986,-0.20990572674827634,-0.09208303733522773,-0.37475453606372283,-0.20582181085635254,0.1640189850611043,-0.05724689159090831,0.006808128022183556,-0.1359230164695062,-0.1198495471657967,-0.2559736707540144,-0.18268556936308072,0.08738138626637428,0.543629605987913,1.0,-0.1845799572389983,-0.21874483075772083,0.5448760583004733,0.676061045962929,0.2890664305545546,0.48058080834079764,-0.11821460806418956,0.14510667943319366,-0.12000466733244791,0.18331565924354895,-0.1642619608973633,-0.08815012337544229,-0.07177465020745606,0.09262664429092582,-0.3367912775793018,-0.21010477474973147,-0.1286323686368987,-0.1442638141028941,0.21054817133228318,0.14421714077841497,0.14801827123378875,0.42796212596993005,-0.24282002971992572,0.13158514278262243,-0.13746186343247982,-0.04807558333075944,-0.043292940316486325,0.4123100893313703,-0.31488364271570113,0.20655073836512955,-0.13071894079008328,-0.25400378191202766,0.05468534972390669,-0.1816422832864884,-0.13398058252427184,-0.06647722787907491,-0.2732304461077536,-0.2494613692443383,-0.01017409836403134,-0.013415148925655571,-0.47397516018216324,0.38266154632842236,-0.3372813474863326,-0.3303942866359858,-0.38394643549643603,-0.2685754683633793,0.2018628147446523,0.18996111700247437,-0.033399568271748566,0.0947063527199223,0.3285836361951631,0.28938765284655804,0.5881765487135665,0.6037983849656985,0.29923023333230375,0.08511223904978603,0.2506021202044017,0.025609241318246868,0.1635440153472873,0.05140037132747858,-0.37588155957541003,-0.4003534817956875,0.04073277119432233,0.35601931451986535,-0.1299007848668609,-0.08522754961614623,,-0.18810928421652304,-0.14036384601921156,-0.47980795299721674,-0.44304447350087683,-0.320704080827216,-0.09845531887146647,-0.1780443190670826,0.004651545882280266,-0.13058990277534688,-0.1560433375545237,-0.14616369295816217,-0.27334301118443854,-0.35251332420458015,-0.12615868243950484,-0.3556184730272799,-0.32998246318469937,-0.09535703377295487,-0.16667661906673942,-0.440994965458308,-0.21783881916489067,-0.08096105866081878,-0.3438224766375988,0.018157982339637665,-0.28993949627128185,-0.28873834453836306,0.096850580156287,-0.3445363039531619,-0.35616207998297794
#201,0.11148129463565636,0.1326339198385652,0.41656422558315914,0.420394183680123,-0.11561188385205928,0.12192513736028031,0.11987425657287387,-0.13958000871692972,0.09405567166688973,0.31566748001798295,-0.09109740654181553,-0.2647702196734926,-0.10331758108632162,-0.29344823207624227,0.21137319097969368,-0.1845799572389983,1.0,0.3328075720605243,0.004884912504675912,-0.46027104846818834,0.2266175224014798,-0.16123643127524565,0.32885406692817454,-0.24414747397790568,0.5322934791188351,-0.017585547742349522,0.4841581813876391,0.41117208386098214,0.24623816436560314,0.1150820043447374,0.3964919505674584,0.1745026373860193,0.455039517892013,0.16457631946517862,0.019786057717056698,-0.0022670880993318166,0.35707632804483386,-0.13978454769773532,0.3559259678709071,0.19824014111816932,-0.000405646099517137,0.1129556225912618,0.10597384234711912,-0.09869966745256309,-0.009231022660585408,-0.27179043677308873,0.23792344888413003,0.374536269634541,0.3841125376217882,0.3310847772893094,0.436552763163765,0.3491748087594848,0.5127826567417215,0.2532117081407201,0.45520699276220283,0.04294838136224334,0.00919670403964487,-0.44517634623370295,-0.0008696338546331854,-0.09923641068407307,-0.051798467330388794,-0.1827418519014232,-0.08741982312182767,0.07889782316987375,0.41464512830016437,0.1299845223019558,-0.15344061334239345,-0.09063616427637472,-0.1253103261298548,-0.32416614330769733,0.02815980122654751,0.04226200894343262,-0.383076115269384,-0.31738203832017214,-0.4601529924121529,-0.37373046841485724,-0.09707571030965692,-0.03965653924162711,0.33934321023244,-0.2536674594268104,-0.3207068263168913,0.07516670270121865,,0.0032540916375816352,-0.2693702876243621,-0.17366114480055733,0.08685425224872764,0.06338031552540092,-0.24340344627591484,-0.04072590747013422,-0.025282528046892964,-0.0409167190025636,-0.23302274981382148,-0.036020138166767905,-0.08328374292607425,0.478454426587322,0.0341504596979275,0.5275465274703401,0.44837895993987376,0.4159506086407424,0.4489211941507342,0.2814298510228665,0.30227498138214814,0.32019479249245847,0.39226389646758436,0.3500396380071863,0.3803663169599193,-0.06137336257279837,-0.36235727743516355,-0.1365709520328635,-0.011825510403689938
