,#10,#11,#12,#13,#17,#18,#26,#49,#50,#51,#52,#53,#54,#58,#101,#102,#201,#202,#301,#302,#401,#402,#501,#502,#601,#602,#701,#702,#801,#802,#901,#902,#1001,#1002,#1101,#1102,#1201,#1202,#1301,#1302,#1401,#1402,#1501,#1502,#1601,#1602,#1701,#1702,#1801,#1802,#1901,#1902,#2001,#2002,#2101,#2102,#2201,#2202,#2301,#2302,#2401,#2402,#2501,#2502,#2601,#2602,#2701,#2702,#2801,#2802,#2901,#2902,#3001,#3002,#3101,#3102,#3201,#3202,#3301,#3302,#3401,#3402,#3455,#3501,#3502,#3601,#3602,#3701,#3702,#3801,#3802,#3901,#3902,#4001,#4002,#4101,#4102,#4201,#4202,#4301,#4302,#4401,#4402,#4501,#4502,#4601,#4602,#4701,#4702,#4801,#4802
#10,1.0,0.5037873518886177,0.6908913870939187,0.47288154883091593,0.024570366342518243,0.16402584757015137,0.23906473273561882,0.7847974810000127,0.34781674022180353,0.37245033447565096,0.48041831586135386,-0.2519126443177076,-0.05512209309677664,0.08812706281060712,-0.020877856320894294,-0.06377167136660808,0.6328734556582658,0.32495352748517303,0.06726185207197866,-0.11546681166934332,-0.0365836694950619,0.11597263495997673,0.42348790450056273,0.215999190682735,0.38512120790601806,0.21751666055463523,0.04303291645063797,0.2662021522781016,-0.22338421072598288,0.014200988884533187,0.34086166997559403,0.03488916147143995,-0.15299889983434287,-0.06445453280896318,0.07801059699793877,0.06584554685820508,-0.015010306149546656,-0.06862757495668888,0.1646075443543798,-0.03693774579850529,0.08357465319490635,0.1540864199092047,-0.03820230402508883,-0.3110433869927541,0.19781484338446365,0.13124849833710595,-0.3939984066566345,0.18822949202696038,-0.22009635933686567,0.17098091781636085,0.26678384906233005,0.36104401927186736,0.2858533871192099,0.11050974342113583,0.16137027529432593,-0.1244198839135548,-0.017615296096308755,0.19566509439927163,-0.0621024545075178,0.05299763527611629,-0.29639980272891664,-0.10927047635908395,-0.06258298663361954,-0.00453976403343492,0.11131906068614929,0.16979223308337232,0.11855233374220717,0.027681179579913756,0.20732432124837188,-0.04442393049987987,0.6448867588108095,0.6509566382984104,0.020574362346514247,0.12032271525942412,-0.15127910064618924,-0.11794534579344707,-0.28044107790943235,-0.31562108777298653,-0.02623958320160852,0.1655433174420516,-0.19918056626917385,-0.23800250382528865,-0.05577966337460008,-0.5334538878842676,-0.3499664892069955,-0.6931928830663008,-0.38694217175229834,0.21794661035167365,0.19199787554217934,-0.016350737869725213,-0.09280592824896622,-0.2652157968613665,0.11402521529103808,-0.6187356946850617,-0.2419479254922293,0.5643596909419695,0.3018121119386942,0.5984268895661301,0.42358906915868944,0.20631267466710504,0.27528168034497147,0.6452661262787845,0.0958661591572984,0.2738653751311979,0.3785202139632519,0.03359931208032474,-0.03559731407832674,-0.15014099824226407,-0.16913466280554887,-0.45697340634049494,-0.28989997344427726
#11,0.5037873518886177,1.0,0.6741486361739526,0.6106425220349271,-0.12004451244957574,0.22550866854664323,0.2292011785682672,0.4930133157981259,0.4449348120234196,0.5973899518203316,0.6680281743572882,-0.24361714235131957,-0.022572364344516243,-0.18797658038164367,-0.25823543545062533,0.1447286890324865,0.5445567091136712,0.615953666586578,-0.2124331364837694,-0.4141807559529079,-0.41463599691447794,0.2566168009205984,0.6246791183500044,0.6553320097623895,0.2933901541496478,0.5217440787061041,0.06263356896268289,0.33175685074419253,-0.33911657962290875,-0.20446641965629309,0.13585149028187002,0.10595733380543507,-0.3302646720368239,-0.09219894030020612,-0.3453634972622314,-0.03213242453748783,-0.3822127239848759,-0.19986342771152898,-0.10216365912568444,-0.10094968322816424,-0.2796823429734822,-0.12940224332629396,-0.04338699275408136,-0.36539409957131475,0.2558580659846483,0.3204011178694723,-0.5071004944422666,-0.27889831687300043,-0.3412157462790374,0.07353406087583303,0.15866412068943714,0.15196196208854437,0.2979172726008169,0.22555925087570658,-0.0639234183537981,-0.18458756433439977,0.1949822329569165,0.3121561982321476,0.1258867714563917,0.2004704156602891,0.19113797594810253,0.2730813490307161,-0.4939237977212661,-0.3921774428103542,0.2296058372007739,0.1321336890957144,-0.24700615839856346,-0.2961974734126633,-0.00337637046497806,-0.2205010179693724,0.40064998292846393,0.41182867765146247,-0.23044044563031904,-0.26751729283374853,-0.40201570581317414,-0.33006234272057056,-0.04394339837377812,0.01807053705787883,-0.23066806611110408,-0.007751741928957119,0.02629016553067186,-0.24088569658189912,-0.16306478331794788,-0.2673402546820268,-0.09164253468050937,-0.15325181147965958,-0.046169020852565155,0.002642926693559605,-0.06807116933699212,0.21046042565029907,-0.16448108853172144,-0.006815968841285297,0.36498944093880803,-0.3302140897077606,0.08547149053478167,0.5004742093349688,0.2158980260246083,0.10509743421135827,0.18484047597971648,0.015414964782053389,0.13835531557050545,0.3916716195197208,0.16561919093564664,0.4041654547983662,0.26976820647706723,0.23279252393176444,0.09136433187066098,0.24581747366557494,0.29510995333780143,-0.004590346362498261,0.05041793649388586
#12,0.6908913870939187,0.6741486361739526,1.0,0.7620607240860405,0.04192010521124445,0.5179504040263534,0.2177189898708886,0.3865880954488549,0.2517356061659859,0.4384602739033119,0.47032714121321717,-0.24733494353747518,0.1612185283071359,0.0450056272841083,-0.14867411069942715,-0.08655901060964352,0.7156261460058928,0.6611489776046738,0.04235005500828286,-0.20456758431441976,-0.11933635984268896,0.09316000455240962,0.5137773618786277,0.5687603535704802,0.5062658860127215,0.3757128947002365,0.024443910519859887,0.5552548717105679,-0.17001985356415736,-0.04624489434616017,0.34693154946319504,-0.015010306149546656,-0.2513562386980108,0.005475537121106742,-0.12330707267416129,-0.08898696240468393,-0.1807433073255858,-0.13924050632911392,0.1974101847519569,-0.057550044891817045,0.09118729371893929,0.21169969271235095,0.13177961279227102,-0.4810000126455823,0.09073205275736922,0.0180958282224105,-0.5249307654370946,0.12287712287712288,-0.3322879651993576,0.30345603763325285,0.3212610174635491,0.5123357655003224,0.3451358767814464,0.36468594696442796,-0.16561919093564664,-0.2540876844674313,-0.1529736086698112,0.1751792511286182,-0.03425688235814818,0.1399486589360007,-0.052188318011102824,0.04720595859836366,-0.1180718016161054,-0.22009635933686567,0.23580217251103328,0.07532973355758166,0.08347348853677967,-0.1630394921534162,0.011090175647137672,-0.23365242352584126,0.6240468392367127,0.5300901630015554,-0.12839059674502712,-0.04993740436778411,-0.21761782521276193,-0.2989542103466154,-0.2888630356984787,-0.2004451244957574,-0.008206982890527193,0.28737085699111015,-0.07717598856839362,-0.3083372323878653,-0.0928312194134979,-0.4959976732128631,-0.2594241201836139,-0.5466052934407365,-0.27583808596466824,0.27755788515282187,0.3250041098142364,0.03830346868321552,0.09136433187066098,-0.2811745216808508,0.13668609871141515,-0.39172220184878415,-0.16073799618103415,0.6628940679573591,0.5834292289988493,0.31860544518772366,0.3338813085648529,0.13097029552725756,0.38347728221145944,0.7939528825604775,0.36048761365217064,0.4095018905145487,0.3187571921749137,0.018196992880537183,-0.11516331769496327,0.05094905094905095,0.038455215670405545,-0.3794054047218604,-0.1309197131981942
#13,0.47288154883091593,0.6106425220349271,0.7620607240860405,1.0,0.2645076442544797,0.5078086470491534,0.32303139898076605,0.26324308602789614,0.3011545416608708,0.4666346311915932,0.47460134801906956,-0.03572376990098509,0.14311005450245956,0.14032802640397576,-0.2218920320186143,0.05196069753031778,0.4768775528269199,0.49895673946306857,-0.08367581785303305,-0.22930234322639387,-0.18992400005058233,0.11364584782306301,0.3671391899240001,0.6652714374233362,0.4570239886695583,0.44708456100861166,-0.3082360677297386,0.2698946622997256,-0.07264887011722455,0.09649843827059017,0.1730042109788945,0.17560920092565663,0.03865754498665891,0.32181742308324585,-0.10795533580343707,0.19546276508301824,-0.2777349233045436,-0.09346349852678966,0.025759051075506773,-0.10861290608126051,0.16862883951491547,0.30482176051796306,0.0790222435792056,-0.2594747025126772,-0.1426548135408895,0.0026935090226229467,-0.5585680142642168,0.03311877995422299,-0.5006765386512222,-0.02188950290216113,-0.09351408085585301,0.16561919093564664,0.07105552675172928,0.12075266505646252,-0.42495479204339964,-0.19627208234803173,0.08453571744710985,0.3498906157134005,-0.0639234183537981,-0.11913403052643559,0.05980095853513575,0.3420250635440509,-0.08681192225496023,-0.26799782495985025,-0.10244186193553283,-0.12151139999241264,0.1482694520669204,-0.07636667130338017,-0.05178365937859609,-0.2298840400106223,0.465496528787668,0.27462411006714804,0.19078389964465914,0.09257830776818118,-0.07431808697631483,0.018576360348512247,-0.04867284614120057,-0.13322120917057625,-0.14149141997243264,0.19875061647213546,0.06516268541584998,0.09965983383704903,-0.07922457289545898,-0.3113721721316658,-0.002465888541837909,-0.4713893701235473,-0.2102580963340457,0.3650400232678714,0.394883597415243,0.2361056664854133,0.2736124634858812,-0.0353696935975417,0.21202847785126266,-0.3791777842410754,-0.09614436196714678,0.27045106791942236,0.5389167794231086,0.025329101278468366,0.10747480367733532,-0.09859760492671885,0.07803588816247044,0.5465294199471414,0.4811517596327723,0.3166327343542533,0.24326306604787618,0.13521921116857827,0.03248650084093122,0.2662780257716967,0.240126961645949,-0.20598388952819333,-0.02454507517798657
#17,0.024570366342518243,-0.12004451244957574,0.04192010521124445,0.2645076442544797,1.0,0.3192883066300788,0.6114771304644723,0.0443986393353482,0.26099217238457745,0.32733089695115014,0.30707267416128176,0.6468594696442798,0.4729321311599793,0.6535869194097043,-0.30128099748352916,-0.36663336663336665,-0.14930638981271893,0.020043247891349158,-0.3292783166200888,-0.26607569645544327,-0.20929703208184222,-0.3995877540181338,-0.1736364900921863,0.13226014491837276,0.18688906030678182,0.13473867904247652,-0.31134688096713414,0.01278468367075962,0.22156324687970258,0.22904943158107716,0.22748137938011356,0.3057322424411032,0.1435147131349663,0.47685226166238825,0.47265392835013087,0.19025278518949404,-0.25712262421123183,0.023710466748441433,-0.21298954210346616,0.12098028553724756,0.2247499336106931,0.20489636945333148,-0.026391330188798544,0.1806674338319908,-0.32948064593634213,-0.08886050658202557,-0.08084320742548591,0.13011039593318074,-0.057625918385412055,0.010609643521035926,-0.077378317884647,0.11862820723580217,0.042855878298916274,-0.13638260473703512,-0.531354721228139,-0.19713198194210851,-0.30272259386183437,-0.04874871963479559,-0.07993272550234576,-0.3940236978211662,0.10433869927540813,0.16238192187559275,0.11584617913731837,0.12130907067615929,-0.33633455152442493,-0.20057158031841577,0.40269856725552927,0.4086166997559403,-0.19447640966628307,-0.03195538638576613,0.16690904032676185,-0.12919991401004058,0.4645607556999962,0.5968841285296982,0.390963466912834,0.583454520163381,0.18360120891766463,-0.21607506417633,-0.055931410361790106,0.02864224383211725,0.1232059080160346,0.45029653890413385,-0.03891045663197562,0.11230541610288446,0.5739703334640044,0.07287649059800959,0.29495820635061143,0.10064618925378419,0.20408705218831802,0.360917563449209,0.41139872785442405,0.15909407048647556,-0.16501220298688654,0.06668015528775023,-0.23694027491495845,-0.18736959243288356,0.2944270918954463,0.18840653017868209,0.24652562627246172,0.17942816676993892,0.3009522123446174,-0.012405316202784558,0.27113392936177744,0.007954071245210486,-0.09546150052479166,0.057929412359792105,0.32851958168413864,0.24430000379367467,-0.22808836732887366,0.016047243895345162,-0.07636667130338017
#18,0.16402584757015137,0.22550866854664323,0.5179504040263534,0.5078086470491534,0.3192883066300788,1.0,0.35654219198522996,-0.15729839780472693,0.3393189089391621,0.2994853248017805,0.18304480329796785,0.23957055602625224,0.6627676121347007,0.4058852539865198,0.21455759430442975,-0.17429406037000975,0.24515990338775148,0.27520580685137647,0.1102821229403508,-0.10795533580343707,0.08746949253278367,-0.32634454153441494,0.05476801679333325,0.34837314584150025,0.5168123016224282,-0.11106614904083259,-0.047812946547123765,0.2481695519670203,0.41139872785442405,0.19288306630078783,0.15595796608454837,-0.16410172106374638,-0.0506455569746709,0.10024153062127746,0.22480051593975645,-0.07573439219008839,0.08233538613285449,0.024140416545479836,0.29035521440584733,-0.12447046624261814,0.4038113784949228,0.29915653966286876,0.3522174028503142,-0.17904879930196385,-0.15241720305011444,-0.3976656255137268,-0.11258361891273283,0.08390343833381808,-0.3500929450296539,0.10325117920054629,0.12282654054805954,0.40656811542887494,0.035824934559111773,0.34665334665334663,-0.34670392898241,-0.4588196613513069,-0.46539536412954136,-0.19771367872633697,-0.3534819610768978,-0.17758191175912694,-0.33458946117173965,-0.2323119918056627,0.40148459135800907,0.2363079958016667,-0.043867524880183105,-0.3138759974203012,0.46845559503787354,0.38001239267062054,0.2631166302052378,-0.09169311700957271,0.5945573413927844,0.2856004754738932,0.10347879968133132,0.04745887024368037,0.011545416608707748,-0.15206312674667105,-0.4323651032511792,-0.46433313521921116,0.3926326837719243,0.5106412574767005,-0.07654370945510186,0.2959192706028149,0.48709518329771495,-0.004312143552649882,0.03359931208032474,-0.342859671973596,-0.3117262484351092,0.28648566623250166,0.4951883559478496,0.16622617888440674,0.35522705142958305,-0.3568962682886734,-0.32376484275218453,-0.24728436120841185,-0.4364622719053099,0.17591269490003666,0.5036356049014277,0.010887846330884306,0.05947217339622403,-0.09505684189228493,0.13542154048483163,0.4785214785214785,0.35828728233791524,-0.10707014504482859,-0.2228278051062861,-0.0958661591572984,0.032739412486247926,-0.2007233273056058,-0.16430405037999976,-0.46086824567837226,-0.3544177341645696
#26,0.23906473273561882,0.2292011785682672,0.2177189898708886,0.32303139898076605,0.6114771304644723,0.35654219198522996,1.0,0.32227266404481597,0.5467064580988632,0.6587463169741651,0.567470504179365,0.32272790500638604,0.42108524387005397,0.5954172409868612,-0.06114139025531431,-0.12515332768497325,0.26544341734215154,0.15196196208854437,-0.274396489586363,-0.36896015377028035,-0.17095562665182917,-0.4057082158347981,0.11536564701121663,0.1981942108524387,0.40186395882598414,0.19614562652537337,-0.1844105261826781,-0.17080387966463917,0.1415167111369643,0.13446047623262813,0.057246550917436995,0.14644848822064013,0.2121802248384527,0.31650627853159496,0.34222739286030424,0.2251040099141365,-0.09437398044992981,-0.02044790652385589,-0.14164316695962265,-0.013720456758431442,0.1620784279012127,0.02856637033852224,0.3480949430316519,0.17672201216505015,-0.025860215733633455,0.09073205275736922,-0.23102214241454747,-0.09156666118691435,-0.2916956461260259,-0.07667016527776022,0.0032752058068513763,0.1153909381757483,0.19106210245450753,-0.08635668129339015,-0.23873594759670708,-0.3685807863023053,-0.30692092717409175,-0.1555785986165733,-0.05137900074608935,-0.19161850807420427,-0.16723782546567356,0.011039593318074331,0.10916931170095727,0.14424815690638476,-0.09675134991590688,-0.1934141807559529,0.3491318807774504,0.475410665284083,0.059927414357794105,-0.0805902957801692,0.5616788275016124,0.09154137002238268,0.21931233323638388,0.11559326749200168,-0.07123256490345098,0.15127910064618924,-0.17922583745368556,-0.42614347677638814,0.19154263458060927,0.14404582759013138,-0.11713602852843359,0.44038240240771886,0.14720722315659024,0.06091376977452927,0.33152923026340747,-0.20249370882282275,-0.07917399056639562,0.11344351850680964,0.11506215303683658,0.27841778474689866,0.2346387789425764,-0.11483453255605154,-0.04020030602309083,-0.39946129819547543,-0.2735365899922862,0.06609845850352179,0.30626335689626827,0.31228265405480593,0.1525436588727728,0.1253809481657583,0.14589208260094336,0.10479394023697822,0.15552801628750995,0.047939402369782114,0.13868410070941717,0.19126443177076088,0.4730080046535743,-0.020903147485425967,-0.19409704219830803,-0.16875529533757383,-0.25674325674325676
#49,0.7847974810000127,0.4930133157981259,0.3865880954488549,0.26324308602789614,0.0443986393353482,-0.15729839780472693,0.32227266404481597,1.0,0.4141301736238445,0.39961304518266544,0.6107942690221171,0.013391671619519721,-0.10284652056803956,0.13524450233310992,-0.13999924126506405,-0.056892474613993604,0.5372222713994866,0.22045043564030906,-0.15573034560376334,-0.30504938099874807,-0.26809898961797696,0.08964453268250737,0.525815956195703,0.06341759506316469,0.19667674098053844,0.3033295818105945,-0.04186952288218111,0.06536501473210334,-0.3258387182437815,-0.09715600854841361,0.43405961127480114,0.23506872873961482,-0.18810303620430202,-0.16812301622428205,0.12619026543077175,0.057271842081968664,-0.09821823745874379,-0.08413105881460312,-0.10299826755522958,-0.005374372462980058,-0.15628675122346009,-0.017109472805675336,-0.09895168123016224,-0.10514801654042161,0.1927313193135978,0.41898607721392533,-0.41172751299333576,0.053503458566749706,-0.11716131969296527,0.08342290620771634,0.13086913086913088,0.1264937594051518,0.3157475435956449,-0.10805650046156376,0.24961114834532555,-0.0825882977781712,0.28236320641383933,0.2779878349498603,0.2665815197460767,0.23044044563031904,-0.08557265519290835,0.06746418138823203,-0.36807496301167186,-0.06680661111040857,-0.012127113392936179,0.17444580735719975,-0.1511526448235309,-0.01576904108549678,0.04229947267921951,-0.16728840779473692,0.4433920509869877,0.4027491495845926,0.01073609934369428,0.02623958320160852,-0.20423879917550802,-0.006411310208778563,-0.04510679194223498,-0.1374448336473653,-0.18984812655698732,-0.13122320717257427,-0.1856245020801983,-0.10244186193553283,-0.23777488334450358,-0.32854487284867034,-0.09328646037506796,-0.3655964288875681,-0.1309197131981942,0.00395806724920649,-0.027807635402572112,0.07828879980778715,-0.2550487487196348,-0.04229947267921951,0.2535565700122662,-0.5041667193565927,0.015237926630331694,0.4142819206110345,0.04057967349106589,0.533883837681306,0.4005488182703373,0.13711604850845358,0.0738122636856814,0.3335778145904728,-0.06157134005235271,0.3154946319503282,0.36855549513777364,0.06827349865324549,0.04740828791461703,0.03860696265759557,-0.10443986393353481,-0.19126443177076088,-0.10664019524779018
#50,0.34781674022180353,0.4449348120234196,0.2517356061659859,0.3011545416608708,0.26099217238457745,0.3393189089391621,0.5467064580988632,0.4141301736238445,1.0,0.6280934255617799,0.7353532543405961,0.15608442190720673,0.22300484325800782,0.3494606659163621,0.014605647517039922,-0.21392531519113797,0.19192200204858434,0.3881814388143502,-0.002086521073862846,-0.4403318200786555,-0.3879538183335652,-0.33345135876781445,0.3383325535224269,0.28365305580495453,0.22695026492494846,0.36167629838515913,-0.057221259752905325,-0.11840058675501713,-0.0637463802020764,-0.014883850326888302,0.08271475360082955,0.2929096220235461,-0.0325876654990579,0.16099090782635087,0.14538625931030993,0.2161762288344567,-0.2111179959281225,0.07335702272411133,0.0770242415812036,0.07507682191226495,-0.07656900061963354,0.04308349877970131,0.16789539574349702,0.1261649742662401,0.008459894535843903,0.24136622870800087,-0.08782356883622706,-0.11994334779144905,-0.2929854955171411,-0.16124381947166758,-0.05074672163279758,-0.0865843017741752,0.21706141959306516,-0.2360297929918183,-0.08873405075936722,-0.3114733367897925,-0.055299131248498334,-0.005172043146726691,0.009471541117110738,-0.08506683190227494,-0.13238660074103112,0.1021130767966211,-0.062279492659239495,0.10514801654042161,-0.034332755851743196,0.11367113898759468,0.36984534452888884,0.29814489308160197,0.22199319667674097,0.02654307717598857,0.47581532391658976,0.43287092654181264,0.09720659087747695,0.0098509085850858,-0.22381416052302128,-0.04998798669684745,-0.20709670076758685,-0.5038126430531494,0.025860215733633455,0.03456037633252823,-0.11142022534427598,0.24700615839856346,0.1929842309589145,-0.07894637008561059,0.2386347829385804,-0.24556456202025823,-0.1294528256553573,-0.06397400068286144,-0.07062557695469088,0.16599855840362168,-0.08916400055640562,-0.12257362890274283,0.0032752058068513763,-0.43509654902059963,-0.29440180073091465,0.11974101847519569,0.12978161079426903,0.30257084687464436,0.3253328949531481,-0.048849884292922266,-0.04338699275408136,0.20942348790450055,0.26253493342100936,0.20502282527598983,0.12361056664854134,0.4479191694381568,0.5134232855751844,-0.00719533630926036,0.12634201241796178,-0.17404114872469303,-0.19885178113026214
#51,0.37245033447565096,0.5973899518203316,0.4384602739033119,0.4666346311915932,0.32733089695115014,0.2994853248017805,0.6587463169741651,0.39961304518266544,0.6280934255617799,1.0,0.7210131640511387,0.13089442203366253,0.3127631861809077,0.18322184144968956,-0.3359298928919182,-0.25623743345262334,0.32416950138469125,0.4463764084017249,-0.4323398120866475,-0.6803702626487437,-0.3630420212698694,-0.1343087292454381,0.5279404140163634,0.43899138835847695,0.4135990591686794,0.4355012076531064,0.17189139973950102,0.1494075544708456,-0.157829512259892,-0.24950998368719887,0.1540105464156097,-0.002845256009812972,-0.006815968841285297,0.03099432213356264,0.013113468809671342,0.007144753980197018,-0.35957713172903044,-0.3747265392835013,-0.09745950252279366,-0.23471465243617143,-0.3033295818105945,-0.2830713590207261,0.14789008459894537,-0.2904816702285057,0.20664145980601678,0.09181957283223106,-0.39010356731875717,-0.12775831763173534,-0.23987405000063228,0.1650374941514182,0.14882585768661719,0.24538752386853652,0.5091996610983953,0.08590144033182008,-0.18056626917386412,-0.4016616295097308,0.01597137040175015,0.11857762490673883,0.30818548540067525,0.1495087191289723,0.16448108853172144,0.3102340697277406,-0.2691106361992438,-0.21953995371716892,0.2230301344225395,-0.08549678169931335,0.14232602840197778,0.06847582796949886,-0.13564916096561666,-0.388965464914832,0.45479836619077124,0.24978818649704726,-0.20775427104541028,-0.05360462322487639,-0.28059282489662235,-0.14538625931030993,-0.05851110914402054,-0.2279619115062153,-0.08949278569531734,-0.19230136951655938,0.09609377963808344,0.048141731686035485,-0.08296766524614625,0.006107816234398513,0.08711541622934028,-0.12654434173421517,-0.007878197751615473,0.061621922381416054,-0.17930171094728056,0.22482580710428812,-0.23430999380366468,-0.13618027542078176,0.10421224345274978,-0.3404317201785556,-0.028869864312902286,0.3369668306377167,0.09432339812086647,0.2171878754157235,0.16144614878792093,0.08155136003237269,0.2131412890906562,0.2508757065719091,0.23511931106867814,0.1652145323031399,0.12897229352925554,0.2626613892436677,0.3882067299788819,0.21369769471035294,0.2536071523413296,0.012076531063872836,0.05972508504154074
#52,0.48041831586135386,0.6680281743572882,0.47032714121321717,0.47460134801906956,0.30707267416128176,0.18304480329796785,0.567470504179365,0.6107942690221171,0.7353532543405961,0.7210131640511387,1.0,0.21132032524437588,0.16756661060458528,0.21908471275559882,-0.21908471275559882,-0.06518797658038164,0.49324093627891097,0.5214152935671923,-0.1523666207210511,-0.4041654547983662,-0.5014352735871723,-0.07411575766006145,0.42138873784443404,0.37970889869624047,0.18921584744369555,0.5444808356200761,-0.04938099874808736,0.16572035559377332,-0.09836998444593381,0.06258298663361954,0.2917715196196209,0.43352849681963607,-0.20294894978439282,0.15117793598806256,0.04487917146144994,0.14905347816740222,-0.30934887896913216,0.042147725692029486,-0.02924923178087735,0.19225078718749605,-0.23281781509629612,0.08807648048154378,-0.08223422147472781,0.0098509085850858,0.039087494783697316,0.3717421818687641,-0.3622327040048559,-0.09227481379380113,-0.22482580710428812,-0.0006449246955576069,0.03590080805270679,0.010811972837289293,0.30117983282540245,-0.19563980323473995,-0.13524450233310992,-0.18117325712262422,-0.008105818232400511,0.11253303658366949,0.12699958269578523,0.0436146132348664,0.06404987417645645,0.2326660681091061,-0.4013581355353507,-0.1437929159448147,0.06933572756357566,0.3357781459047282,-0.03253708316999456,0.010280858382124204,0.03248650084093122,-0.07611375965806345,0.4335790791486994,0.44344263331605105,0.0981170728006171,0.05236535616282452,-0.23592862833369163,0.028161711706015502,-0.02747885026366039,-0.3630167301053377,-0.2357010078529066,-0.05838465332136218,-0.006057233905335171,0.07967981385702905,-0.14563917095562665,-0.16073799618103415,0.2995864894599072,-0.1595746026125773,-0.01574374992096511,-0.04763590839540206,-0.15980222309336234,0.18408174104376637,-0.15267011469543115,-0.04915337826730232,0.0607114404582759,-0.38630989263900656,-0.18511867878956487,0.2724237787528927,0.24381947166757292,0.3498653245488689,0.49759101657835836,0.13901288584832888,0.17826477320148207,0.22232198181565271,0.27791196145626523,0.5117287775515623,0.33168097725059753,0.4152682760277697,0.3998912479925138,0.20143147991249258,0.09095967323815425,-0.11121789602802261,-0.16389939174749302
#53,-0.2519126443177076,-0.24361714235131957,-0.24733494353747518,-0.03572376990098509,0.6468594696442798,0.23957055602625224,0.32272790500638604,0.013391671619519721,0.15608442190720673,0.13089442203366253,0.21132032524437588,1.0,0.5213141289090656,0.600273144576942,-0.10087380973456923,-0.4263710972571732,-0.2137482770394163,-0.19250369883281276,-0.27907535502472214,-0.27262610806914606,-0.22305542558707114,-0.45264861720557925,-0.1543646227190531,-0.11437929159448147,0.05418632000910482,-0.06905752475372728,-0.20525044575677487,-0.08840526562045549,0.4427850630382276,0.2694394213381555,0.4242972217655762,0.29925770432099547,-0.028187002870547175,0.1435147131349663,0.573843877641346,0.03547085825566838,-0.09485451257603156,0.10145550651879766,-0.1271260385184436,0.12864350839034383,0.1039340406429014,0.19500752412144817,-0.04103491445263597,0.20699553610946017,-0.43534946066591634,-0.04290646062797961,0.031727765904981095,0.07290178176254125,-0.019992665562285815,-0.053174673427837986,-0.2517608973305176,0.014403318200786556,-0.10927047635908395,-0.24589334715916994,-0.34614752336271326,-0.19493165062785317,-0.08018563714766247,-0.09085850858002757,0.09680193224497022,-0.057600627220880385,0.08698896040668193,0.08506683190227494,0.02449449284892323,0.23683911025683177,-0.41286561539726097,-0.24657620860152507,0.11425283577182312,0.3956423323511931,-0.18000986355416734,-0.2171878754157235,-0.06754005488182703,-0.350699932978414,0.35150925024342744,0.3488283868030703,0.35540408958130476,0.44890552485489194,0.19895294578838882,-0.1714614499424626,0.006967715828475322,-0.1099280466369074,0.032435918511867876,0.5535856548514776,0.02902161130009231,0.3729561577662843,0.564081488132121,0.328646037506797,0.34483238280706635,-0.011140757976201014,0.08577498450916173,0.18802716271070702,0.20153264457061926,0.07403988416646644,-0.28519581684138645,0.26632860810076,-0.06281060711440459,-0.39657810543886496,-0.04976036621606242,-0.02808583821242049,0.1511526448235309,-0.1079300446389054,-0.04427218351268984,-0.21744078706104022,0.012911139493417975,-0.06384754486020308,-0.3319338888959142,-0.10481923140150988,0.16663083751691346,0.18729371893928856,-0.2046181666434831,0.07793472350434376,-0.02722593861834368
#54,-0.05512209309677664,-0.022572364344516243,0.1612185283071359,0.14311005450245956,0.4729321311599793,0.6627676121347007,0.42108524387005397,-0.10284652056803956,0.22300484325800782,0.3127631861809077,0.16756661060458528,0.5213141289090656,1.0,0.48916905878931194,0.12462221322980817,-0.36660807546883495,0.10137963302520264,0.0516824947204694,-0.12328178150962961,-0.2247499336106931,0.020194994878539183,-0.457428647302065,0.004008649578269832,0.02133309728246437,0.4617028541079174,-0.24015225281048067,0.18251368884280278,0.24131564637893752,0.5352748517305479,0.1383047332414421,0.16276128934356782,-0.2323119918056627,0.1101809582822241,-0.048546390318542215,0.27690031487499844,-0.22904943158107716,0.08491508491508491,-0.1673895724528636,0.1410867613399259,-0.13263951238634783,0.360917563449209,0.09991274548236574,0.27970763413801386,-0.12629143008889845,-0.10661490408325851,-0.42406960128479115,0.089442203366254,0.27234790525929764,-0.1442987392354481,0.057600627220880385,0.02196537639575614,0.23253961228644773,0.01544025594658506,0.2010774036090492,-0.3811757862390774,-0.5991856245020802,-0.49936139809557534,-0.5025986671556292,-0.04009914136496415,-0.17560920092565663,-0.18228606836201772,-0.1081829562842221,0.2956410677929665,0.3323638386929526,0.08309412106880461,-0.33893954147118704,0.33635984268895663,0.4663058460526815,0.052618267808141224,-0.19182083739045763,0.3713628144007891,-0.034029261877363146,0.11230541610288446,0.21645443164430506,0.07239595847190784,0.02985621972963745,-0.19789071687805865,-0.3491318807774504,0.48636173952629647,0.3487525133094753,0.16005513473867905,0.40881902907219364,0.2212850440698542,0.3920762781522275,0.24240316645379936,-0.0019347740866728208,-0.08377698251115973,0.19806775502978036,0.4474639284765867,0.18145145993247258,0.2134700742295679,-0.3459199028819282,-0.43899138835847695,-0.034787996813313266,-0.26099217238457745,0.08628080779979515,0.20231667067110104,0.16081386967462916,0.18203315671670103,-0.059977996686857445,0.2765209474070234,0.17237193186560276,0.2118261485350093,-0.23491698175242479,-0.18572566673832497,-0.18896293579837883,0.22194261434767765,-0.09885051657203556,-0.18729371893928856,-0.22626740348259336,-0.1744205161926681
#58,0.08812706281060712,-0.18797658038164367,0.0450056272841083,0.14032802640397576,0.6535869194097043,0.4058852539865198,0.5954172409868612,0.13524450233310992,0.3494606659163621,0.18322184144968956,0.21908471275559882,0.600273144576942,0.48916905878931194,1.0,0.1958421325509933,-0.47143995245261067,-0.02740297677006538,-0.07067615928375422,-0.024443910519859887,-0.07684720342948191,0.18299422096890453,-0.6422817688640473,-0.25340482302507616,-0.07232008497831283,0.23886240341936543,-0.1547945725160915,-0.31407832673655456,-0.2510527447236308,0.3756117300421098,0.31349662995232613,0.2211080059181325,0.21369769471035294,0.21817423083245868,0.34710858761491675,0.7288787162204884,0.12148610882788098,0.11023154061128744,0.19182083739045763,0.13992336777146905,0.2287459376066971,0.44933547465193036,0.3458440293883332,0.25284841740537944,0.19940818674995892,-0.4153441495213647,-0.11614967311169842,0.0009484186699376572,0.24624742346261333,-0.3126114391937177,-0.16827476321147208,-0.24192263432769762,0.09174369933863605,-0.1305909280592825,-0.16845180136319376,-0.22894826692295048,-0.21890767460387714,-0.2528737085699111,-0.19263015465547112,-0.20421350801097637,-0.278468367075962,-0.23160383919877592,-0.09930575753360564,0.36663336663336665,0.36046232248763893,-0.37227329632392925,-0.2599805258033106,0.5573540383666966,0.7190657443822001,0.20972698187888061,0.04369048672846141,0.42675046472514827,0.05405986418644646,0.5231856750844093,0.39437777412460956,0.374827703941628,0.41203100696771583,-0.17014630938681571,-0.4822139885431025,0.34908129844838703,0.22012165050139734,-0.1894181767599489,0.46999835607430546,0.24025341746860734,0.08850643027858218,0.3394959470908838,-0.24647504394339836,-0.008004653574273827,0.18840653017868209,0.3784443404696569,-0.04290646062797961,0.46119703081728397,-0.21708671075759683,-0.24427471262914302,-0.14270539586995284,-0.4283690992551752,-0.23114859823720582,0.29301078668167274,0.16410172106374638,0.30037051556038896,-0.11670607873139519,0.04763590839540206,0.11475865906245653,0.09275534591990288,-0.05362991438940806,-0.14250306655369946,-0.02282527598983295,0.19945876907902224,-0.018525778019448904,-0.3157222524311132,-0.24225141946660933,-0.29543873847671315
#101,-0.020877856320894294,-0.25823543545062533,-0.14867411069942715,-0.2218920320186143,-0.30128099748352916,0.21455759430442975,-0.06114139025531431,-0.13999924126506405,0.014605647517039922,-0.3359298928919182,-0.21908471275559882,-0.10087380973456923,0.12462221322980817,0.1958421325509933,1.0,0.22184144968955097,0.1087140707393872,-0.28302077669166276,0.672049469517824,0.47763628776287004,0.595594279138583,-0.2900770115959989,-0.2729043108789944,-0.38744799504293176,0.06427749465724149,-0.5807989478875555,-0.008510476864907244,-0.4234373221714994,0.5068728739614815,0.360765816462019,-0.3640536678511362,-0.1830953856270312,0.3522679851793776,-0.0787693319338889,0.1552498134776616,0.06425220349270983,0.720608505418632,0.3786972521149736,0.609959660592572,0.1287446730484705,0.5353254340596113,0.302596138039176,0.2731319313597795,0.2757116301420099,-0.1061090807926251,-0.3052517103150015,0.37910191074748034,0.22930234322639387,-0.2990300838402104,-0.4095018905145487,-0.27052694141301736,-0.19136559642888756,-0.4622845508921458,-0.1278847734543937,0.35153454140795914,-0.01834873986772721,-0.22568570669836494,-0.48335209094702763,-0.49501131779612795,-0.2820091301103959,-0.7351256338598111,-0.5012329442709189,0.6347702929981411,0.5822658354303923,-0.11544152050481164,-0.02042261535932422,0.278240746595177,0.5148142996244262,0.7772354228050431,0.4727550930082576,0.3346147523362713,0.2981701842461336,0.23600450182728663,-0.1995852249016806,-0.061596631216884384,-0.19735960242289355,-0.5519923114859824,-0.5049001631280112,0.7396780434755118,0.5350978135788262,-0.08802589815248044,0.27738084700110016,0.608492773049735,0.09030210296033081,-0.3058839894282932,-0.449360765816462,-0.619797923595392,0.13514333767498324,0.3272044411284918,-0.40090289457378064,0.10813237395515876,-0.47493013315798127,-0.46223396856308246,-0.3355252342594115,-0.4294060370009737,-0.2004451244957574,0.13086913086913088,-0.018601651513043917,-0.02067552700464093,-0.2644317707608847,-0.33168097725059753,0.010559061191972585,-0.11498627954324157,-0.1880524538752387,-0.01743825794458706,0.02742826793459705,-0.01799466356428382,-0.6353519897823695,-0.32027466204681393,-0.5402066288142238,-0.5227304341228391
#102,-0.06377167136660808,0.1447286890324865,-0.08655901060964352,0.05196069753031778,-0.36663336663336665,-0.17429406037000975,-0.12515332768497325,-0.056892474613993604,-0.21392531519113797,-0.25623743345262334,-0.06518797658038164,-0.4263710972571732,-0.36660807546883495,-0.47143995245261067,0.22184144968955097,1.0,0.1995852249016806,-0.0791992817309273,0.21187673086407263,0.48395907889578776,0.034787996813313266,0.5678751628118717,-0.14510805650046157,0.022445908521857887,-0.30246968221651765,-0.022420617357326218,-0.1550474841614082,-0.12548211282388497,0.006082525069866842,0.21483579711427814,-0.36321905942159105,0.1790993816310272,0.17351003426952794,0.09571441217010837,-0.3455658265784848,0.27234790525929764,0.28562576663842487,0.3559099128719382,0.007903488916147144,0.07894637008561059,0.008232274055058865,0.11708544619937025,-0.07300294642066794,0.4102353342859672,0.13349941198042464,0.23709202190214848,-0.030210296033080845,-0.2821861682621176,0.055906119197258436,-0.21736491356744522,-0.08223422147472781,-0.41149989251255076,-0.19207374903577434,-0.12462221322980817,0.25350598768320287,0.39786795482998016,0.13562386980108498,0.20224079717750604,-0.20889237344933548,-0.1869902249649085,-0.25742611818561184,-0.258108979627967,-0.02859166150305391,0.014099824226406505,-0.03928982409995068,0.18043981335120576,-0.3780396818371502,-0.22841715246778538,0.27330896951150113,0.44119171967273235,-0.08969511501157071,0.15385879942841968,0.10155667117692434,-0.31466002352078304,-0.19763780523274194,-0.07550677170930335,-0.16488574716422819,0.06544088822569835,-0.09771241416811037,0.2009762389509225,-0.07166251470048939,0.08193072750034776,0.22970700185890058,-0.06463157096068488,-0.04862226381213723,-0.018374031032258882,-0.39640106728714325,-0.0659214203518001,-0.0738122636856814,0.06539030589663501,0.06174837820407441,0.2266720621151001,0.05780295653713375,-0.3320350535540409,-0.05651310714601854,-0.07474803677335323,0.07166251470048939,-0.37298144893081603,-0.4119298423095891,-0.062051872178454454,-0.35353254340596113,-0.21387473286207465,0.027807635402572112,-0.08577498450916173,-0.013922786074684808,0.03977035622605243,-0.1621037190657444,-0.3040883167465446,-0.12383818712932637,-0.20598388952819333,-0.3221462082221576
#201,0.6328734556582658,0.5445567091136712,0.7156261460058928,0.4768775528269199,-0.14930638981271893,0.24515990338775148,0.26544341734215154,0.5372222713994866,0.19192200204858434,0.32416950138469125,0.49324093627891097,-0.2137482770394163,0.10137963302520264,-0.02740297677006538,0.1087140707393872,0.1995852249016806,1.0,0.4016869206742624,0.12333236383869295,-0.11794534579344707,-0.06910810708279062,0.05370578788300307,0.48856207084055187,0.2582101442860937,0.34500942095878806,0.20962581722075393,0.13815298625425207,0.29698149951314506,-0.04472742447425992,0.045132083106766654,0.2687059775667371,0.02100431214355265,-0.1261649742662401,-0.1649363294932915,-0.11002921129503408,-0.08155136003237269,0.05613373967804348,-0.08145019537424601,0.16526511463220325,-0.059244552915438994,0.08698896040668193,0.19331301609782622,0.2311738894017375,-0.2265708974569734,0.21898354809747214,0.18145145993247258,-0.3522174028503142,0.1717902350813743,-0.2338800440066263,0.14627145006891842,0.18582683139645165,0.23200849783128263,0.1741423133828197,0.0424006373373462,0.015617294098306757,-0.31716384880941845,-0.12110674135990591,0.055577334058346715,0.023710466748441433,0.2529495820635061,-0.314432403039998,-0.15997926124508402,-0.17014630938681571,-0.11994334779144905,0.18000986355416734,0.1284917614031538,-0.15474399018702817,-0.08236067729738616,0.13964516496162066,-0.1890893916210372,0.6024987670557291,0.5305706951276572,-0.1391899240000506,-0.2831725236788528,-0.3823644709720659,-0.3856017400321198,-0.3596277140580938,-0.20150735340608758,0.1039340406429014,0.2949834975151431,-0.1624325042046561,-0.1433376749832446,-0.020498488852919234,-0.40292618773631433,-0.22254960229643775,-0.45940135813553534,-0.4772063379658316,0.14897760467380722,0.26238318643381936,-0.027048900466621985,0.021914794066692802,-0.2006221626474791,0.14035331756850744,-0.5846432048963695,-0.16450637969625312,0.5565194299371514,0.3455911177430165,0.4564928742143932,0.3049482163406214,-0.07560793636743003,0.07108081791626096,0.6301420098888453,0.1278088999607987,0.2929096220235461,0.4135990591686794,-0.10664019524779018,-0.08716599855840362,-0.19667674098053844,-0.20957523489169058,-0.49655407883255986,-0.3201987885532189
