,#10,#11,#12,#13,#17,#18,#26,#49,#50,#51,#52,#53,#54,#58,#101,#102,#201,#202,#301,#302,#401,#402,#501,#502,#601,#602,#701,#702,#801,#802,#901,#902,#1001,#1002,#1101,#1102,#1201,#1202,#1301,#1302,#1401,#1402,#1501,#1502,#1601,#1602,#1701,#1702,#1801,#1802,#1901,#1902,#2001,#2002,#2101,#2102,#2201,#2202,#2301,#2302,#2401,#2402,#2501,#2502,#2601,#2602,#2701,#2702,#2801,#2802,#2901,#2902,#3001,#3002,#3101,#3102,#3201,#3202,#3301,#3302,#3401,#3402,#3455,#3501,#3502,#3601,#3602,#3701,#3702,#3801,#3802,#3901,#3902,#4001,#4002,#4101,#4102,#4201,#4202,#4301,#4302,#4401,#4402,#4501,#4502,#4601,#4602,#4701,#4702,#4801,#4802
#10,1.0,0.4815058359362157,0.36734151924025343,0.39979008333438715,-0.11405050645556974,-0.27181679080413257,0.1253809481657583,0.4760176532328431,0.49248220134296083,0.37834317581153026,0.39898076606937366,0.026391330188798544,-0.24652562627246172,0.03193009522123446,-0.6293832749528953,-0.3453129149331681,0.3242959572073496,0.39511121789602804,-0.08066616927376422,-0.21483579711427814,-0.07024620948671581,0.01361929210030476,-0.121637855815071,-0.13486513486513488,0.15909407048647556,-0.1133929361777463,0.0092439206363257,0.21741549589650855,-0.11425283577182312,-0.3003452243958573,0.1725995523463878,-0.017286510957397035,0.19536160042489156,0.012304151544657874,-0.3955411676930664,-0.29270729270729273,-0.30446768421451964,-0.4339584466166745,0.1729536286498312,0.025657886417380087,-0.1433376749832446,-0.25793194147624526,-0.2988783368530204,-0.34275850731546936,-0.04687717345945194,-0.1324877653991578,-0.5183550626588601,-0.17743016477193693,0.07204188216846445,0.29473058586982637,0.2289229757584188,0.029679181577915756,0.2968803348550184,0.3031525436588728,-0.24040516445579738,-0.29667800553876505,0.04030147068121752,-0.1223460084219578,0.18734430126835191,0.1270248738603169,0.3410639992918474,0.483326799782496,-0.4932662274434426,-0.045814944549121765,0.23200849783128263,0.49731281376851,-0.2150381264305315,0.009876199749617471,-0.14139025531430593,-0.3271032764703651,0.3647365292934913,0.2637994916475929,-0.30421477256920293,-0.23511931106867814,-0.37530823606772973,0.2967032967032967,-0.07474803677335323,0.254492343099938,-0.2554028250230782,-0.31367366810404784,-0.03246120967639955,0.025834924569101785,,0.10287181173257122,0.011798328254024456,0.3010533770027441,0.3825668002883193,0.03271412132171626,0.07664487411322854,-0.2494088190290722,-0.2511286182172258,0.10694368922217024,0.01746354910911873,0.08628080779979515,0.17184081741043766,0.5211370907573439,-0.016173699718003514,0.1633935684568596,0.023280516951403027,-0.10335234385867298,0.20595859836366165,0.2225748934609694,-0.059573338054350715,0.17222018487841273,0.007271209802855372,0.08716599855840362,0.16640321703612843,0.40532884836682304,0.2267479356086951,0.06245653081096119,0.1593975644608556
#11,0.4815058359362157,1.0,0.2468038290823101,0.38694217175229834,0.008839262003818966,-0.19202316670671102,0.4424309867347842,0.2707039795647391,0.42667459123155327,0.6016388674616523,0.3249282363206414,0.039441571087140706,-0.10524918119854829,-0.030134422539485832,-0.4731597516407643,-0.29956119829537553,0.28365305580495453,0.2327419416027011,-0.05137900074608935,-0.3131678448134144,-0.0402255971876225,-0.23038986330125572,-0.1732824137887429,-0.29617218224813163,0.050165024848569155,-0.13175432162773934,0.14996396009054236,0.09230010495833281,0.18428407036001973,-0.2594747025126772,-0.14561387979109497,0.18893764463384716,0.16220488372387107,0.10598262496996674,-0.22727905006386018,-0.36476182045802297,0.08951807685984901,-0.278240746595177,0.3485248928286903,0.025430265936595052,-0.1181729662742321,-0.4163052137735682,-0.3216150937669925,-0.41324498286523603,-0.08375169134662805,-0.280238748593179,-0.3148623528370364,-0.22631798581165669,0.07575968335462006,-0.04184423171764944,0.07317998457238964,-0.3324397121865476,0.4610705749946256,0.22105742358906916,-0.03193009522123446,-0.2860557164354633,-0.10656432175419517,-0.2404557467848607,0.2952364091604598,-0.047534743737275384,0.13997395010053237,0.30874189102037203,-0.37103402926187734,-0.08703954273574527,0.2896976441280239,0.34321374827703943,-0.30262142920370766,0.0948292214114999,-0.09814236396514878,-0.2678207868081286,0.2850946521832598,0.3327432061609277,-0.30203973241947923,-0.24890299573843877,-0.3356769812466015,0.10213836796115278,-0.007271209802855372,0.3151152644823531,-0.07087848860000759,-0.2636983269894662,-0.004135105400928186,-0.2005209979893524,,0.05271943246626791,-0.013872203745621467,0.18142616876794093,0.37366431037317116,-0.01898101898101898,-0.04217301685656116,-0.22290367859988114,-0.14364116895762466,0.022243579205604522,0.1368378456986052,0.10527447236307996,0.1431606368315229,0.3833255352242694,0.129553990313484,-0.016881852324890298,-0.07315469340785796,-0.051227253758899326,0.14581620910734835,0.2429848632380278,-0.02975505507151077,0.008004653574273827,-0.11053503458566749,-0.016704814173168603,0.21941349789451056,0.2533795318605445,0.2810986481872558,0.07947748454077568,0.1801363193768257
#12,0.36734151924025343,0.2468038290823101,1.0,0.8054856535869194,0.02537968360753171,0.1552498134776616,-0.03193009522123446,0.2759645417873266,0.1589676146638172,0.3476902843991452,0.005804322260018462,-0.10603320729903008,0.10363054666852135,0.0008472540118109738,-0.062228910330176156,-0.12272537588993285,0.7434464269907308,0.6719735960242289,-0.2728284373853994,-0.2062620923380417,-0.1992311485982372,-0.027807635402572112,0.20474462246614145,-0.12315532568697125,0.09217364913567445,-0.15469340785796482,-0.02803525588335715,0.07054970346109586,0.26655622858154504,0.2526966704181894,0.36074052529748735,0.27166504381694256,0.622402913542154,0.5561653536337081,0.33952123825541547,0.2211838794117275,0.32877249332945535,0.055197966590371655,0.2558833571491799,0.16974165075430897,0.30325370831699944,0.17548274510299827,-0.24192263432769762,0.07712540623933029,-0.6015629939680572,-0.28764905980095856,-0.006993006993006993,0.21010634934685568,0.07634138013884849,0.17626677120348005,0.5044702133309729,0.2649123028869864,0.4184549627587602,0.2854234373221715,0.24379418050304127,0.034459211674401545,-0.44447957106184954,-0.39976479216985544,-0.21397589752020132,-0.060939060939060936,0.10529976352761163,0.26352128883774456,0.11789476346438371,0.06933572756357566,-0.11723719318656027,0.1333476649932346,0.10373171132664803,0.10921989403002061,0.30360778462044286,-0.06576967336461008,0.32755851743193515,0.34387131855486286,0.10970042615612235,0.15095031550727753,-0.18104680129996586,-0.11362055665853134,0.2045170019853564,0.23162913036330757,-0.020877856320894294,-0.010710808179162609,-0.2674667105046852,-0.10884052656204556,,-0.2487259575867171,-0.08762123951997369,0.005070878488600008,0.007574703777235423,0.18043981335120576,0.12022155060129744,-0.17854297601133043,-0.08673604876136522,0.04169248473045942,-0.11814767510970042,-0.10082322740550588,-0.24495757407149812,0.47611881789096977,-0.13989807660693737,0.5788515282186169,0.4694419504546087,0.3458187382238015,0.6407137166630837,0.5272069702449449,0.2697176241480039,0.6687616181287067,0.4761946913845648,0.4979450928818017,0.6544974013328444,0.27497818637059146,-0.09584086799276673,-0.31200445124495757,-0.30504938099874807
#13,0.39979008333438715,0.38694217175229834,0.8054856535869194,1.0,-0.034459211674401545,0.08162723352596771,0.13061621922381417,0.18964579724073394,0.3429608366317227,0.6159789577511097,0.07732773555558366,-0.08655901060964352,0.05661427180414522,-0.022268870370136192,-0.1852704257767549,-0.11321589802602461,0.584440875580116,0.4853500929450297,-0.2997382364470972,-0.14998925125507404,0.030260878362144184,0.06174837820407441,0.29915653966286876,-0.06081260511640259,0.19579155022192996,-0.09915401054641561,0.18218490370389104,0.29240379873291267,0.10474335790791486,-0.031171360285284336,0.1506468215328975,0.3116250837769825,0.47250218136294087,0.2457416001719799,0.06665486412321855,0.034029261877363146,0.22042514447577738,-0.14085914085914086,0.425081247866058,-0.00689184233488031,0.15178492393682266,-0.12740424132829195,-0.3446047623262813,-0.11025683177581912,-0.49716106678131994,-0.26769433098547024,-0.2326407769445744,0.0422235991856245,-0.06083789628093426,0.16918524513461222,0.44956309513271536,0.0732052757369213,0.4422792397475942,0.19141617875795092,0.1909103554673175,-0.177885405733507,-0.19773896989086862,-0.20385943170753298,-0.16936228328633393,-0.1525436588727728,0.2384830359513904,0.25803310613437197,-0.021813629408566116,-0.08617964314166845,0.06002857901592079,0.23423412031006968,0.0025417620354329217,0.08314470339786796,0.09487980374056323,-0.1531506468215329,0.17725312662021522,0.24204909015035597,-0.16640321703612843,-0.17507808647049153,-0.30029464206679396,-0.03805055703789881,-0.016148408553471844,0.11303885987430291,-0.11920990402003061,-0.2717914996396009,-0.29698149951314506,-0.10497097838869991,,-0.21837656014871204,-0.005930778082676817,0.07869345844029388,0.06518797658038164,-0.026998318137558645,0.07631608897431683,-0.1562614600589284,-0.17560920092565663,0.10876465306845054,-0.23957055602625224,-0.0029211295034079843,-0.07636667130338017,0.3373209069411601,-0.11903286586830891,0.34184802539232917,0.30649097737705333,0.1299839401105224,0.5204542293149889,0.24576689133651158,0.04356403090580306,0.4696948620999254,0.27730497350750516,0.23380417051303126,0.5261447413346148,0.29865071637223534,0.012329442709189545,-0.13329708266417128,-0.03564789640739008
#17,-0.11405050645556974,0.008839262003818966,0.02537968360753171,-0.034459211674401545,1.0,0.6473147106058499,0.08840526562045549,0.3305934571757357,0.17940287560540724,-0.05074672163279758,0.17305479330795787,0.7211143287092654,0.37313319591800603,0.2347399436007031,0.1350927553459199,-0.3179225837453686,-0.0707014504482859,-0.34038113784949225,-0.3539119108739362,-0.2741941602701096,-0.3222220817157526,-0.4238672719685378,-0.12252304657367949,-0.013214633467798024,0.08013505481859912,0.03562260524285841,-0.1909862289609125,-0.5250825124242846,0.33893954147118704,0.3494606659163621,-0.24556456202025823,-0.02219299687654118,0.09055501460564752,0.2842094614246513,0.31524172030501146,0.5761200824491963,0.37776147902730184,0.45512715132968296,0.1263167212534301,0.08572440218009839,0.17568507441925163,0.362687944966426,0.33739678043475513,0.4054553041894814,0.197941299207122,0.1299839401105224,0.05739829790462702,-0.2674667105046852,-0.07644254479697518,-0.46989719141617875,-0.0715613500423627,-0.3119791600804259,-0.10069677158284754,-0.3018374031032259,0.19488106829878982,-0.045258538929425,-0.2534554053541395,-0.1444757773871698,0.24543810619759987,-0.04965920155793573,-0.006107816234398513,-0.3276849732545935,0.6322917588740373,-0.12801122927705205,-0.4425827337219742,-0.12952869914895232,0.3865375131197916,0.008181691725995524,0.38598110750009484,0.17646910051973344,0.19442582733721975,-0.09905284588828893,0.3453382060976998,0.30821077656520696,0.06144488422969436,-0.21091566661186914,-0.00039201305024089833,-0.02249649085092123,0.15130439181072092,0.4664070107108082,-0.041085496781699316,0.6539409957131476,,0.21255959230642774,0.5471364078959016,0.21020751400498236,0.10570442216011837,0.15704548615941022,0.28739614815564185,0.6294338572819586,0.6659795900302229,0.14305947217339623,0.49812213103352343,0.05600728385538512,0.052921761782521275,-0.19518456227316988,-0.1218148939667927,-0.02783292656710378,-0.46870850668319025,0.2452357768813465,-0.3131931359779461,0.08734303671012532,0.3650147321033397,-0.05241593849188786,-0.08463688210523654,-0.02950214342619406,-0.10643786593153681,-0.06516268541584998,0.1823113595265494,0.14399524526106805,-0.056892474613993604
#18,-0.27181679080413257,-0.19202316670671102,0.1552498134776616,0.08162723352596771,0.6473147106058499,1.0,0.06442924164443152,0.1520125444176077,0.12515332768497325,0.019132765968209006,0.13610440192718673,0.6675729333957182,0.6100102429216353,0.2066920421350801,0.2727272727272727,-0.3041136079110763,0.12467279555887151,-0.19169438156779928,-0.26195323663678094,-0.384969460918828,-0.1891652651146322,-0.38666396894245,-0.0726994524462879,-0.1936923835658013,0.17204314672669102,-0.14584150027188003,-0.30368365811403786,-0.4767258058397299,0.5192908357465319,0.2910633670127341,-0.19103681128997585,0.3474626639183601,0.053124091098774646,0.34136749326622745,0.5689879740512652,0.5085673819851035,0.491318807774504,0.38866197094045196,0.27634390925530167,0.05542558707115669,0.1949063594633215,0.16733899012380024,0.2384830359513904,0.2741182867765146,-0.141617875795091,-0.018879854322892298,-0.0011507479861910242,-0.1958421325509933,-0.3687325332894953,-0.4015857560161358,-0.17436993386360475,-0.3328949531481177,0.06437865931536818,-0.18984812655698732,0.3129402243326294,0.037443569089138706,-0.22174028503142426,-0.16402584757015137,0.06344288622769635,-0.11731306668015529,0.09637198244793181,-0.16465812668344315,0.5766764880688932,-0.2988783368530204,-0.42723099685125,-0.31959180060445885,0.2839565497793346,-0.13177961279227102,0.32619279454722494,0.004590346362498261,0.22219552599299436,0.12118261485350093,0.38008826616421554,0.4069980652259133,0.09538562703119666,-0.18984812655698732,0.15666611869143515,0.050266189506695834,0.17758191175912694,0.4086166997559403,0.16979223308337232,0.2719179554622593,,0.013568709771241416,0.42093349688286397,0.21845243364230707,0.0018589005930778084,-0.0767713299358869,0.16309007448247956,0.5265999822961849,0.3827185472755093,0.21081450195374246,0.2682254454406353,0.03557202291379507,0.11111673136989593,-0.003148749984193022,-0.18423348803095638,0.017564713767245412,-0.2915944814678992,0.10375700249117971,-0.22179086736048761,-0.0023647238837112253,0.3515598325724908,-0.03989681204871078,-0.03160131008232274,-0.08218363914566446,-0.04766119955993374,0.04260296665359956,0.08243655079098117,0.13782420111534036,0.04938099874808736
#26,0.1253809481657583,0.4424309867347842,-0.03193009522123446,0.13061621922381417,0.08840526562045549,0.06442924164443152,1.0,0.306516268541585,0.6127416886910558,0.7114278126936355,0.5677234158246817,0.19725843776476687,0.44733747265392837,0.6092767991502168,-0.04237534617281453,-0.22042514447577738,0.15691903033675186,-0.0032752058068513763,-0.08443455278898317,-0.44690752285688995,0.2731825136888428,-0.3001681862441356,0.24007637931688564,-0.593975644608556,0.1177430164771937,-0.4659770609137698,0.38152986254252075,0.19032865868308907,-0.026189000872545175,-0.3280390495580369,0.06035736415483251,-0.07669545644229188,0.11888111888111888,-0.02601196272082348,-0.25896887922204376,-0.4139531354721228,-0.08939162103719066,-0.4484249927287902,0.5459983054919764,-0.38534882838680307,0.1387346830384805,-0.43969954096536373,0.08827880979779713,-0.3996636275117288,0.10527447236307996,0.008232274055058865,-0.13038859874302913,0.026087836214418493,0.07009446249952579,0.08089378975454925,0.03721594860835367,-0.17829006436601375,0.4124103744356909,-0.19080919080919082,-0.2287459376066971,-0.4760935267264381,-0.005551410614701754,-0.4017627941678575,0.0831952857269313,-0.2156451143792916,0.09771241416811037,-0.07535502472211333,-0.2258880360146183,-0.1673895724528636,0.2001163393568457,0.08918929172093729,-0.11685782571858522,0.33797847721898355,-0.23471465243617143,-0.29465471237623136,0.16647909052972343,0.17474930133157981,-0.013518127442178075,-0.24207438131488765,-0.3920762781522275,-0.2291758874037355,-0.13752070714096032,0.12646846824062014,0.20127973292530255,-0.2946294212116997,0.15259424120183615,-0.09493038606962657,,0.38034117780953225,-0.012734101341696278,0.26842777475688867,-0.03896103896103896,0.14579091794281668,-0.22730434122839185,0.001530115454166087,-0.1411626348335209,-0.06531443240304,-0.05709480393024697,-0.1688564599957005,-0.01336638045498805,0.2691106361992438,-0.3200976238950923,0.049178669431833986,-0.02484856915236662,0.005247916640321704,0.03830346868321552,0.1961203353608417,0.05610844851351181,-0.11243187192554281,0.05980095853513575,-0.10712072737389193,0.2406580761011141,0.36630458149445494,0.06546617939023003,-0.06531443240304,0.04766119955993374
#49,0.4760176532328431,0.2707039795647391,0.2759645417873266,0.18964579724073394,0.3305934571757357,0.1520125444176077,0.306516268541585,1.0,0.608037532088165,0.3375232362574135,0.6556102125722378,0.40262269376193427,0.13324650033510793,0.42199572579319417,-0.5271816790804132,-0.6744774213128644,0.3075026239583202,0.006866551170348639,-0.10041856877299915,-0.46974544442898875,-0.27634390925530167,-0.5549766689007195,0.09123787604800263,-0.41139872785442405,0.2846394112216897,-0.28858483288863035,0.08299295641067793,-0.08585085800275674,-0.1525436588727728,-0.021206641459806018,0.10413636995915478,-0.13403052643558971,0.38292087659176266,0.29255554572010267,-0.11248245425460615,0.1305150545656875,-0.00453976403343492,-0.13438460273903313,0.1915173434160776,-0.22712730307667017,0.07950277570530735,0.0016818624413561121,0.23835658012873204,-0.14920522515459225,0.10524918119854829,-0.09116200255440762,-0.24751198168919689,-0.19460286548894143,0.17839122902414042,0.03625488435615018,0.34015351736870725,0.004059231907333173,0.30128099748352916,-0.12985748428786403,-0.0226988201671746,-0.36074052529748735,-0.02540497477206338,-0.26769433098547024,0.4216163583252191,0.2110421224345275,0.25325307603788616,0.30135687097712416,0.11880524538752386,0.013695165593899772,-0.04670013530773025,0.057322424411032004,0.29698149951314506,0.3955411676930664,-0.15621087772986508,-0.38921837656014874,0.4469328140214216,0.22411765449740134,-0.06066085812921256,-0.05853640030855221,-0.3126114391937177,0.03969448273245742,0.08600260498994676,0.24976289533251558,0.1508997331782142,0.010710808179162609,0.11050974342113583,0.33820609769976856,,0.29495820635061143,0.4049747720633797,0.47222397855309245,0.254416469606343,0.2131412890906562,0.1782394820369504,0.33813022420617356,0.1713855764488676,0.3493089189291721,0.3636995915476928,0.19849770482681875,0.15919523514460224,0.29495820635061143,-0.46496541433250294,0.2973355758165885,-0.05676601879133525,0.13438460273903313,0.04128782609795268,0.24667737325965175,0.26584807597465826,0.20497224294692648,0.07914869940186396,0.14955930145803564,0.07037266530937417,0.41149989251255076,0.208007182690727,0.057550044891817045,0.10292239406163457
#50,0.49248220134296083,0.42667459123155327,0.1589676146638172,0.3429608366317227,0.17940287560540724,0.12515332768497325,0.6127416886910558,0.608037532088165,1.0,0.7062178328001113,0.6763995498172714,0.3926073926073926,0.3302899632013556,0.5205553939731155,-0.34569228240114314,-0.644456809013771,0.26202911013037594,-0.027655888415382086,-0.21422880916551804,-0.4971357756167883,0.09437398044992981,-0.4864629041844232,-0.014757394504229948,-0.44455544455544455,0.10360525550398968,-0.4731597516407643,0.14563917095562665,0.06478331794787491,-0.11986747429785405,-0.3844636376281946,0.08423222347272981,-0.07935102871811732,0.26352128883774456,-0.09070676159283754,-0.27401712211838797,-0.20312598793611453,-0.20535161041490155,-0.43342733216150936,0.4224762579192959,-0.32538347728221145,-0.11301356870977124,-0.32416950138469125,0.04859697264760556,-0.3523185675084409,0.06015503483857914,-0.05608315734898013,-0.57799162862454,-0.34086166997559403,-0.06463157096068488,0.06726185207197866,0.181881409729511,-0.1303127252494341,0.22887239342935545,-0.3495618305744888,-0.28426004375371466,-0.6751855739197511,0.09857231376218718,-0.3513827944207691,0.46625526372361814,0.10906814704283059,0.4533061874834027,0.2070461184385235,-0.20960052605622226,-0.3637248827122245,0.053124091098774646,0.10742422134827198,0.035091490787693316,0.2628637185599211,-0.16126911063619925,-0.47095942032650895,0.43995245261068044,0.1843852350181464,-0.13046447223662413,-0.3176190897709885,-0.4333261675033827,-0.18633265468708507,-0.04169248473045942,0.15881586767662717,0.12765715297360866,-0.3443771418454963,0.022445908521857887,0.0996851250015807,,0.3290506961393037,0.3095259171208538,0.6067729738615815,0.3124091098774643,-0.220071068172334,-0.05304821760517963,0.028793990819307273,-0.12705016502484856,0.30755320628738353,0.16212901023027607,0.30264672036823936,0.3173661781256718,0.32685036482504837,-0.5126139683101708,0.05904222359918562,-0.272246740601171,-0.06875403077934723,-0.06640195247790184,0.1841323233728297,0.03271412132171626,-0.06177366936860608,-0.008029944738805498,-0.10322588803601462,0.1888111888111888,0.5283450726488701,0.2131412890906562,0.3056563689475082,0.28304606785619446
#51,0.37834317581153026,0.6016388674616523,0.3476902843991452,0.6159789577511097,-0.05074672163279758,0.019132765968209006,0.7114278126936355,0.3375232362574135,0.7062178328001113,1.0,0.4362852337535882,0.05011444251950581,0.19746076708102026,0.3141542002301496,-0.18279189165265114,-0.3123332363838693,0.4490319806775503,0.19953464257261724,-0.06794471351433377,-0.4364622719053099,0.3349688286397147,-0.18658556633240178,0.22955525487171058,-0.4402559465850605,0.2573249535274852,-0.4056323423412031,0.4396742498008321,0.2988783368530204,0.0023647238837112253,-0.33109928046636905,-0.03468683215518659,0.057575336056348715,0.24078453192377244,0.007524121448172081,-0.23119918056626917,-0.3798606456834305,0.04298233412157463,-0.45947723162913034,0.6569253531278848,-0.37242504331111925,0.1302368517558391,-0.4299118602916071,-0.21498754410146814,-0.43509654902059963,-0.1728524639917045,-0.26923709202190216,-0.3477408667282085,-0.0506455569746709,-0.04965920155793573,0.1259626449499867,0.23817954197701033,-0.23314660023520783,0.5540408958130477,-0.05418632000910482,-0.011747745924961115,-0.5003983358413738,0.00805523590333717,-0.3369668306377167,0.0410096232881043,-0.3243212483718813,0.28547401965123487,0.1047180667433832,-0.3111951339799441,-0.20317657026517785,0.2777349233045436,0.18964579724073394,-0.19692965262585516,0.26334425068602285,-0.16124381947166758,-0.439294882332857,0.18410703220829802,0.29118982283539246,-0.17462284550892146,-0.362839691953616,-0.425005374372463,-0.19068273498653246,-0.017387675615523717,0.18668673099052846,0.08112141023533428,-0.45973014327444706,-0.002263559225584542,-0.19940818674995892,,0.13964516496162066,-0.03481328797784494,0.2730813490307161,0.07214304682659113,-0.007650577270830436,-0.04680129996585693,-0.1401256970877224,-0.32669861783785836,0.06012974367404747,-0.1850175141314382,0.000999000999000999,0.10335234385867298,0.37035116781952226,-0.2919991401004059,0.06630078781977516,0.019562715765247412,-0.09037797645392583,0.2609668812200458,0.10911872937189393,-0.11192604863490939,0.054894472615991605,0.06784354885620708,-0.09821823745874379,0.35421540484831626,0.45844029388333185,0.06179896053313775,0.02042261535932422,0.15623616889439673
#52,0.39898076606937366,0.3249282363206414,0.005804322260018462,0.07732773555558366,0.17305479330795787,0.13610440192718673,0.5677234158246817,0.6556102125722378,0.6763995498172714,0.4362852337535882,1.0,0.37814084649527685,0.21959053604623224,0.4286220109004919,-0.34526233260410477,-0.4405088582303772,0.00031613955664588575,-0.038455215670405545,0.023280516951403027,-0.3161522022281516,-0.10400991413649642,-0.44994246260069043,0.25598452180730663,-0.3858546516774365,0.14773833761175534,-0.2580836884634353,0.13967045612615234,0.10342821735226798,-0.0942222334627398,-0.24053162027845573,0.11996863895598073,-0.14945813679990896,0.18332300610781624,-0.008358729877717219,-0.31471060584984634,-0.16817359855334538,-0.16389939174749302,-0.3076543709455102,0.15492102833874985,-0.27105805586818243,-0.01979033624603245,-0.29326369832698945,0.07775768535262206,-0.17940287560540724,0.2627119715727311,0.19407175103377636,-0.24508402989415648,-0.13008510476864907,0.007524121448172081,0.08008447248953578,0.11776830764172537,-0.12497628953325156,0.2852463991704498,-0.13888643002567053,-0.36506531443240303,-0.3735125633859811,0.012734101341696278,-0.1863832370161484,0.2817815096296109,0.13784949227987203,0.13134966299523262,0.035774352230048434,-0.09141491419972432,-0.0772012797329253,0.10719660086748695,0.11422754460729144,0.05982624969966742,0.26888301571845874,-0.14536096814577829,-0.33724503344756507,0.3501688185232489,0.052896470617989605,-0.21518987341772153,-0.24579218250104326,-0.5163317694963264,-0.05719596858837365,-0.35932422008371373,-0.06880461310841057,0.07601259499993678,-0.1494834279644406,0.22732963239292353,0.17019689171587907,,0.38709391873948834,0.18597857838364168,0.3612716397526524,0.13790007460893536,-0.0454355770811467,-0.042780004805321264,0.17270071700451448,0.0679194223498021,0.2024431264937594,0.22811365849340534,0.04037734417481253,0.11587147030185005,0.23393062633568962,-0.22191732318314597,0.06096435210359261,-0.14275597819901617,-0.0494315810771507,-0.0410096232881043,0.0784152556304455,0.15259424120183615,-0.03934040642901403,-0.006993006993006993,-0.019714462752437437,0.014049241897343164,0.22358654004223624,0.13575032562374334,0.062330074988302835,0.2124331364837694
#53,0.026391330188798544,0.039441571087140706,-0.10603320729903008,-0.08655901060964352,0.7211143287092654,0.6675729333957182,0.19725843776476687,0.40262269376193427,0.3926073926073926,0.05011444251950581,0.37814084649527685,1.0,0.5135497413978427,0.3238154250812479,-0.13157728347601766,-0.5830751526954059,-0.025303810113936696,-0.3187571921749137,-0.3265468708506683,-0.5156236168894397,-0.18218490370389104,-0.5495390685264103,-0.21220551600298435,-0.20712199193211853,0.21976757419795395,-0.17669672100051848,-0.07591143034181008,-0.40712452104857166,0.2472337788793485,0.03483857914237661,-0.1648604559996965,0.17062684151291746,-0.004489181704371578,0.04437334817081653,0.08188014517128442,0.24935823670000884,0.09184486399676273,0.06994271551233576,0.20499753411145816,-0.13875997420301217,-0.07849112912404052,-0.06705952275572528,0.2438447628321046,0.056968348107588614,0.16445579736718977,0.08294237408161459,-0.1949822329569165,-0.37930424006373376,-0.09748479368732534,-0.2832483971724478,-0.11933635984268896,-0.38727095689121005,-0.020270868372134196,-0.4564170007207982,0.0023647238837112253,-0.32424537487828625,0.018702816171170603,-0.10067148041831586,0.4841361170475095,0.21134561640890756,0.12758127948001366,-0.14735897014378027,0.34645101733709327,-0.3355252342594115,-0.19859886948494543,-0.08382756484022306,0.10327647036507796,-0.036735416482251926,-0.056588980639613554,-0.24928236320641384,0.11668078756686352,-0.14293301635073788,0.009623288104300763,0.010483187698377572,-0.16359589777311295,-0.1777083675817853,-0.07353406087583303,0.03721594860835367,0.07710011507479862,0.15755130945004361,0.2697429153125356,0.5975922811365849,,0.302444391051986,0.5535603636869459,0.4179491394681268,0.2912151139999241,-0.12578560679826503,0.14311005450245956,0.6037633252823126,0.4951377736187863,0.264178859115568,0.5207577232893689,0.20519986342771152,0.37720507340760506,0.03951744458073572,-0.25284841740537944,-0.013594000935773088,-0.45047357705585556,0.08456100861164152,-0.30257084687464436,0.08721658088746696,0.3290506961393037,-0.14171904045321768,-0.09543620936026,-0.13408110876465307,-0.09892639006563057,0.11220425144475778,0.3362586780308299,0.4032043905461627,0.34283438080906437
#54,-0.24652562627246172,-0.10524918119854829,0.10363054666852135,0.05661427180414522,0.37313319591800603,0.6100102429216353,0.44733747265392837,0.13324650033510793,0.3302899632013556,0.19746076708102026,0.21959053604623224,0.5135497413978427,1.0,0.6200761264052403,0.36471123812895967,-0.197941299207122,0.10884052656204556,-0.08734303671012532,-0.2050734076050532,-0.34812023419618354,0.11293769521617623,-0.3400270615460489,0.0621024545075178,-0.254264722619153,-0.04389281604471478,-0.4043172017855562,-0.06688248460400359,-0.1540358375801414,0.24751198168919689,0.04164190240139607,0.2512044917108208,0.16534098812579825,0.2581595619570303,0.20767839755181527,0.29546402964124485,0.11111673136989593,0.12573502446920168,0.026795988821305277,0.3912163785581507,-0.15335297613778626,0.1624325042046561,-0.18496693180237483,0.3565927743142933,0.05636136015882851,-0.19409704219830803,0.1742434780409464,-0.052238900340166164,0.005779031095486792,-0.17889705231477385,-0.11584617913731837,-0.06339230389863301,-0.014378027036254884,0.05013973368403748,-0.46076708102024555,-0.07039795647390584,-0.28003641927692563,-0.16936228328633393,-0.4533061874834027,0.014706812175166605,0.025227936620341684,0.027327103276470366,-0.27591395945826325,0.2909874935191391,-0.38580406934837314,-0.17130970295527256,-0.10315001454241961,0.12925049633910393,0.05148016540421604,0.13721721316658025,-0.06994271551233576,0.2614727045106792,0.09270476359083954,0.38421072598287787,0.2010774036090492,0.03362460324485641,-0.38679042476510833,-0.12487512487512488,-0.20823480317151202,0.11779359880625703,0.04535970358755169,0.05340229390862302,0.09480393024696822,,0.1875972129136686,0.12836530558049544,0.13582619911733837,-0.14404582759013138,-0.08124786605799264,-0.2832989795015112,0.17472401016704814,0.32611692105362994,-0.09199661098395276,0.2013303152543659,-0.16645379936519178,-0.06736301673010534,0.14303418100886456,-0.32353722227139947,0.16647909052972343,-0.007170045144728689,0.10980159081424905,-0.04098433212357263,0.3101834873986773,0.29116453167086076,0.052618267808141224,0.1913403052643559,0.015060888478609997,0.29693091718408177,0.09027681179579913,-0.1126089100772645,0.03749415141820205,-0.002642926693559605
#58,0.03193009522123446,-0.030134422539485832,0.0008472540118109738,-0.022268870370136192,0.2347399436007031,0.2066920421350801,0.6092767991502168,0.42199572579319417,0.5205553939731155,0.3141542002301496,0.4286220109004919,0.3238154250812479,0.6200761264052403,1.0,0.05413573768004148,-0.3773315292302634,0.10256831775819118,-0.17803715272069703,-0.07221892032018615,-0.31643040503799996,0.1751033776350232,-0.3950606355669647,0.11243187192554281,-0.5745520302482328,-0.08906283589827893,-0.7148674110699427,0.1388358476966072,0.15431404038998975,-0.32490294515610973,-0.29457883888263636,0.33522174028503143,-0.1322348537538411,0.16045979337118577,-0.06984155085420908,-0.1734594519404646,-0.11994334779144905,-0.30006702158600895,-0.41982068564347047,0.2969562083486134,-0.5782192491053251,0.07644254479697518,-0.28372892929854954,0.3626373626373626,-0.2653675438485565,0.026416621353330214,0.19457757432440978,-0.16144614878792093,-0.003705155603889781,0.0953350447021333,0.20869004413308212,0.26283842739538943,0.12621555659530342,0.22361183120676792,-0.4583897115542685,-0.43337674983244606,-0.611730042109789,0.02186421173762946,-0.4939996712148611,0.1746734278379848,0.02892044664196563,0.3087165998558404,-0.00631014555065188,0.026745406492241934,-0.4011305150545657,0.03774706306351876,0.0906561792637742,0.3076037886164468,0.4538878842676311,-0.15395996408654636,-0.24895357806750212,0.3717927641978275,0.2308956865918891,0.1444757773871698,-0.11485982372058322,-0.2156451143792916,-0.13054034573021914,-0.17525512462221324,-0.08749478369731534,-0.01657835835051025,-0.20186142970953097,-0.025860215733633455,0.14227544607291442,,0.42852084624236525,0.13961987379708898,0.4657747315975164,0.008004653574273827,0.06802058700792878,-0.27131096751349915,0.16498691182235486,0.11068678157285752,0.18084447198371248,0.1605356668647808,0.04057967349106589,0.0999380366468974,0.20348006423955792,-0.6450637969625311,0.177885405733507,0.011545416608707748,0.13721721316658025,0.009041591320072333,0.18607974304176836,0.1282388497578371,0.03010913137495416,0.10656432175419517,-0.04004855903590081,0.051884824036722774,0.5007018298157538,0.06981625968967742,0.11106614904083259,0.015566711769243414
#101,-0.6293832749528953,-0.4731597516407643,-0.062228910330176156,-0.1852704257767549,0.1350927553459199,0.2727272727272727,-0.04237534617281453,-0.5271816790804132,-0.34569228240114314,-0.18279189165265114,-0.34526233260410477,-0.13157728347601766,0.36471123812895967,0.05413573768004148,1.0,0.4773580849530217,-0.19918056626917385,-0.20135560641889755,0.02305289647061799,0.1924784076682811,0.29333957182058445,0.18021219287042073,0.10057031576018918,0.26827602776969867,-0.29301078668167274,0.03352343858672972,-0.15135497413978427,-0.14791537576347702,0.18979754422792397,0.22201848784127265,0.04487917146144994,-0.2609415900555141,-0.06741359905916867,0.0404026353393442,0.41519240253417466,0.1815273334260676,0.33418480253923294,0.37313319591800603,0.02067552700464093,0.08271475360082955,0.4254859064985647,0.28681445137141337,0.2831725236788528,0.4825427736820142,-0.11898228353924556,0.2194640802235739,0.3869927540813617,0.27849365824049366,-0.24293428090896446,-0.2480178049798303,-0.18271601815905614,0.02424158120360652,-0.2670114695431151,-0.222220817157526,0.19174496389686263,0.28623275458718495,-0.2891918208373905,-0.12431871925542812,-0.5246525626272461,-0.4741966893865628,-0.2519885178113026,-0.6079110762655067,0.34999178037152723,-0.014630938681571592,-0.2765968209006184,-0.33094753347917905,0.09328646037506796,-0.11162255466052934,0.5579104439863933,0.43876376787769195,-0.1633176949632646,-0.03590080805270679,0.5956954437967096,0.3798100633543672,0.417165113367645,-0.398955474904842,0.038784000809317265,-0.34184802539232917,0.04505620961317164,0.16599855840362168,-0.10775300648718371,-0.18304480329796785,,-0.16367177126670798,-0.17591269490003666,-0.41003300496971384,-0.6479216985546099,0.038859874302912274,-0.25396122864477294,0.003730446768421452,0.20170968272234094,-0.4710605849846356,-0.30441710188545634,-0.4619557657532341,-0.44197574577321413,-0.3960975733127632,0.04219830802109283,-0.11609909078263508,0.05909280592824897,0.05747417139822203,-0.04508150077770331,-0.13954400030349398,-0.1230288698643129,-0.02102960330808432,0.05180895054312776,-0.00871280618116061,0.056234904336170156,-0.32151392910886584,-0.3943524829600779,-0.2494846925226672,-0.4697960267580521
#102,-0.3453129149331681,-0.29956119829537553,-0.12272537588993285,-0.11321589802602461,-0.3179225837453686,-0.3041136079110763,-0.22042514447577738,-0.6744774213128644,-0.644456809013771,-0.3123332363838693,-0.4405088582303772,-0.5830751526954059,-0.197941299207122,-0.3773315292302634,0.4773580849530217,1.0,-0.3412410374435691,0.1550474841614082,0.18640852818068007,0.7113013568709772,0.09240126961645949,0.7642863465648275,0.2868397425359451,0.5233374220715993,-0.14852236371223712,0.5040402635339344,0.03805055703789881,0.28833192124331364,-0.01101430215354266,0.2130401244325295,0.12533036583669496,-0.0844092616244515,-0.09467747442430986,-0.04068083814919258,0.02194008523122447,-0.05001327786137913,0.05001327786137913,0.2477648933345136,-0.29561577662843486,0.26809898961797696,0.20274662046813946,0.15891703233475385,-0.1546428255289015,0.2685289394150154,-0.03926453293541901,0.25439117844181136,0.5098066490471553,0.553484490193351,0.06893106893106893,0.09796532581342708,-0.1990541104465155,0.24318719255428117,-0.21647972280883673,0.31071460185384236,0.006967715828475322,0.5827969498855575,-0.2165808874669634,0.2590447527156388,-0.7774883344503598,-0.3033801641396578,-0.48213811504950743,-0.3250294009787681,0.014428609365318226,0.3813528243907991,0.04184423171764944,0.0859773138254151,-0.1652904057967349,-0.2821102947685226,0.19078389964465914,0.5565194299371514,-0.44812149875441015,-0.21152265456062924,0.10416166112368644,0.20239254416469607,0.28125039517444583,-0.009319794129920712,-0.2314268010470542,-0.33959711174901047,-0.16804714273068702,0.19657557632241177,-0.18666143982599678,-0.2809721923645974,,-0.18021219287042073,-0.4760935267264381,-0.7023735757912973,-0.5927110863819725,0.1623566307110611,-0.2612956663589575,-0.2551246222132298,-0.0799833078314091,-0.5472881548830916,-0.5218705345287624,-0.6010824618419555,-0.6471123812895965,-0.30386069626575957,0.5330239380872293,0.025556721759253404,0.3367392101569317,0.07952806686983903,0.12313003452243959,-0.13140024532429595,-0.07103023558719761,0.1309197131981942,0.17323183145967955,0.181957283223106,0.0999380366468974,-0.5075810265683683,-0.4239431454621328,-0.5724275724275725,-0.4179744306326585
#201,0.3242959572073496,0.28365305580495453,0.7434464269907308,0.584440875580116,-0.0707014504482859,0.12467279555887151,0.15691903033675186,0.3075026239583202,0.26202911013037594,0.4490319806775503,0.00031613955664588575,-0.025303810113936696,0.10884052656204556,0.10256831775819118,-0.19918056626917385,-0.3412410374435691,1.0,0.5599590283134587,-0.23251432112191606,-0.48727222144943666,-0.047509452572743714,-0.129629863807079,0.12565915097560668,-0.38681571592964,0.30424006373373463,-0.3941754448083562,0.1387346830384805,-0.019335095284462374,0.31271260385184435,0.16498691182235486,0.24703144956309514,0.2790247726956588,0.5011064884482606,0.3614233867398424,0.23443644962632304,0.027630597250850417,0.1793775844408756,-0.1971572731066402,0.2955651942993715,-0.026189000872545175,0.08352407086584301,0.04968449272246741,-0.2976643609555002,-0.15866412068943714,-0.6789286662704385,-0.6256654737667396,-0.010710808179162609,0.22889768459388712,0.1333476649932346,0.25671796557872506,0.4494619304745887,0.20823480317151202,0.5551537070524413,0.18511867878956487,0.2831472325143211,-0.10370642016211637,-0.362687944966426,-0.5830751526954059,-0.044828589132386604,-0.0510755067717093,0.14756129946003363,0.310512272537589,-0.052643558972672894,0.0952591712085383,-0.04126253493342101,0.06265886012721456,0.00011381024039251888,0.21551865855663324,0.048242896344162164,-0.26913592736377545,0.21438055615270804,0.44779271361549844,0.11908344819737225,0.12090441204365256,-0.23625741347260334,-0.08430809696632481,0.3914945813679991,0.5074292795811783,0.18157791575513094,-0.1813502952743459,-0.15380821709935635,-0.03091844863996763,,-0.3274320616092768,-0.11523919118855827,0.2428078250863061,0.17333299611780625,0.28188267428773756,0.16002984357414737,-0.0973330467001353,-0.30044638905398396,0.1646075443543798,-0.14718193199205856,0.06068614929374423,-0.06668015528775023,0.6771329935886898,-0.4085408262623452,0.6045979337118578,0.4582379645670785,0.3723744609820559,0.5658771608138696,0.5552548717105679,0.1540358375801414,0.5317087975315823,0.4142060471174395,0.4423298220766575,0.5627663475764741,0.4235131956650944,0.08746949253278367,-0.17044980336119578,-0.18519455228315987
