,#10,#11,#12,#13,#17,#18,#26,#49,#50,#51,#52,#53,#54,#58,#101,#102,#201,#202,#301,#302,#401,#402,#501,#502,#601,#602,#701,#702,#801,#802,#901,#902,#1001,#1002,#1101,#1102,#1201,#1202,#1301,#1302,#1401,#1402,#1501,#1502,#1601,#1602,#1701,#1702,#1801,#1802,#1901,#1902,#2001,#2002,#2101,#2102,#2201,#2202,#2301,#2302,#2401,#2402,#2501,#2502,#2601,#2602,#2701,#2702,#2801,#2802,#2901,#2902,#3001,#3002,#3101,#3102,#3201,#3202,#3301,#3302,#3401,#3402,#3455,#3501,#3502,#3601,#3602,#3701,#3702,#3801,#3802,#3901,#3902,#4001,#4002,#4101,#4102,#4201,#4202,#4301,#4302,#4401,#4402,#4501,#4502,#4601,#4602,#4701,#4702,#4801,#4802
#10,1.0,0.3844653330450569,0.484191127263742,0.6538253250831368,0.07962812342348835,0.04298681821769674,0.5171507308150329,0.7059004004983064,0.3329928926136032,0.6975911759961838,0.6714005772392042,-0.09843884593341501,-0.15730214457062258,-0.1106768661608102,0.2530909065950094,0.3668969446131777,0.5048427006009191,0.17544983132397807,-0.1421703782255214,0.18550793274923041,0.1606008504154269,0.3572657668324256,0.17707790670139711,0.3782234622683922,0.11528791607038062,0.3457305919618926,-0.5678269792406662,-0.2898818409881017,-0.18659377391578896,-0.5911265773696149,-0.3314114905606633,-0.13159200650681052,-0.3662929368846242,-0.3026950413024603,-0.398962891275177,-0.3269102602381026,-0.3750702673763757,-0.13159887023099864,-0.27539663746152027,-0.1603455198756293,0.028980702639445136,-0.19197630642410266,-0.24710985733749274,-0.022620775806744983,0.03387316524072797,-0.057981310079035786,-0.4993654486988095,-0.4121549691647191,-0.37152446746079953,0.3791898746340777,-0.39432987744820464,-0.13563748554328092,-0.12002251301533699,0.25838009245436483,0.2918627117887895,-0.00549990219193032,0.09893852505430922,0.22237574085322956,-0.29333292150988205,-0.24620796397917546,0.32771331596811115,0.17618287706726793,-0.316334634009067,-0.16054731336675968,-0.07647355578663427,0.04000247094070772,-0.09953155082416168,-0.10831711778493892,0.43823300284501365,0.3438938593691551,0.34949603105148824,0.5578910521059621,0.5198715110831986,0.11412657393775288,0.09614087107523671,0.374677662352816,-0.1181789166984114,-0.3127833431141403,0.18423402553991772,0.1874668396325162,-0.17029654720354717,-0.025158981011507035,0.025532367607340067,-0.23649716699784135,-0.14723855216601975,-0.10371979532374472,-0.34979528942608973,0.06676962252948827,0.07013422012649843,-0.2593066952197593,-0.18757803196436354,-0.3782111075648536,-0.20678273224268756,-0.45880083874709576,-0.33793614677387807,0.3155219690651951,0.4078088590088096,-0.2896086647654151,-0.3348653165721189,-0.32874562008600244,-0.4557931548078672,-0.3225119857783635,-0.27518111652201366,-0.29800025395779495,-0.09707708305449454,-0.40174269957136044,-0.36399633477128357,0.30668698329026345,0.1682950852302951,0.2564472677229938,0.14073585987020698
#11,0.3844653330450569,1.0,0.36777275581958013,0.4651635110694712,0.17107901176099138,0.17438458132998383,0.44091397351288836,0.2246256696420911,0.19372655609206998,0.48991547323662343,0.34971017924615716,0.13894305511227337,0.03417379636016706,-0.10988891062401548,0.11291306750129552,0.31151355413934045,0.2071245457072553,0.1462172300068294,-0.0016315072395130875,0.22091651309083796,-0.02850024194627763,0.07741114051072971,0.18919100714856874,0.34852687319612746,-0.1149598300541891,0.10182678019266474,-0.14376276223716225,0.11521790608366193,-0.08016623939983596,-0.09005549321006084,-0.019397570928009828,-0.02772052287850865,-0.1437531530232989,0.03383335564043694,-0.03224783535298418,-0.12175354425557763,0.0067175268629005415,0.028084300260478333,0.032306863381001895,0.22637042833070795,0.2941799050746945,0.0317563927011157,-0.0271796614124858,0.14215390528746993,-0.06984594371059794,-0.01225517953786545,-0.2018957606207552,-0.18464584899120415,-0.2520160473871518,0.11827775432672014,0.03792276251171123,0.10712008428653302,0.12774832096147049,0.2223208310597247,-0.13887579061522992,0.03603523835998174,-0.18481469660623157,-0.005806024290719902,-0.1215984240889264,-0.0670524079660383,-0.0701259836574727,-0.11751862643151548,-0.26192040139059053,-0.1986753012316953,0.1819552691094661,0.2144728488230429,-0.2053248772251336,0.02116566627886625,0.1104531087522779,0.07478233414668466,0.05389053046292388,0.31824549482303605,0.0630398748056708,-0.09294649383809162,-0.2939767388387265,-0.19696486116401898,-0.31899364075953973,-0.3160216481860893,0.12425880358423677,0.2104534519384873,-0.17751032132524786,0.11536341703644981,-0.06884246723429666,-0.1496477193560454,-0.020840325752349967,-0.2675088456245474,-0.33232985685703204,-0.003770243696527299,0.19936991011953176,0.09269665427764451,0.02286649713267922,-0.2543922687010745,-0.11800320535919584,-0.3335351268244637,-0.24100800653426543,0.10602051567159826,0.2900904982034202,-0.045718580444563416,0.04563621575430613,-0.14803337142700257,-0.11372985067968029,-0.012127514267966657,-0.12404190989989258,-0.13928898681135396,0.003589041377961268,-0.2978684704533833,-0.0454357950080134,0.0228074691046615,-0.18791160895990555,-0.06363290057552327,0.055108155133894096
#12,0.484191127263742,0.36777275581958013,1.0,0.5814816721404867,0.2965231805125143,0.3345605672181669,0.4618757871833678,0.22222199343141597,0.33159681111374223,0.5762679872472004,0.3811226993654487,-0.12944228809109534,-0.16814957427750724,0.05377110166205081,-0.06801607484204855,-0.01639949620264459,0.6603335083583002,0.5209175426494662,-0.14278124967826292,0.10301832271172015,0.01878807222010591,0.09154903959339297,0.36293245752212694,0.3211378681959044,0.07638981835153937,0.1660026013514673,-0.2208355211454183,-0.05465240384780378,-0.1507088511155268,-0.2639657911986465,0.06772642568131042,0.18867897332413594,0.08723724805842402,0.08666893169564874,-0.16299217192256346,-0.19813169427599722,-0.08577527480635719,-0.2006657812462464,-0.1034507373355709,0.10755249891038378,-0.15616825733474726,-0.2806309135273708,-0.3248319245539437,-0.27483518482293307,-0.11861270406709977,-0.03632214203104463,-0.27445356175807434,-0.0937522950577754,-0.15066217779104765,0.2152621771046752,0.005582266882187606,0.1728059247667192,0.12378246112558212,0.38142058499521253,-0.021950876325985715,0.1967740496315896,0.17430770761907705,0.07755939695319283,-0.14988108597844105,-0.026765092471524123,0.21599247735828983,0.22520634070840498,-0.07176092275907985,-0.17453695600695981,0.06504545501343574,0.32871404695473716,0.169774904165251,0.15487650444254547,0.11902315477354858,0.33159955660341744,0.3298136155696719,0.41865628871569427,0.09850748317529609,0.10581185845627979,-0.03768939588931559,0.1854749868731275,-0.021750455579692986,-0.09597888718439739,0.2542632306863381,0.3323531935192716,0.04390243902439024,-0.10913801919783656,-0.2749957959689348,-0.10503213938851082,-0.04741529306386352,-0.11443132329170484,-0.04361004437397688,-0.01036490989646072,-0.18231081002241006,-0.17757484033261609,-0.15955344610432173,-0.13882088082172506,-0.07798906608736834,-0.11874311482667381,-0.16751673890736374,0.46818904069158884,0.4750074643000546,0.25550968299889837,0.02454673681392787,0.1932460953989025,0.0930933775357171,-0.07953614951936772,0.09069381955955481,0.15092299931019573,0.2916334634009067,-0.03117983986931469,0.07089883900105358,0.1884785525778432,0.10455579692985617,0.149609282500592,0.17386156554685006
#13,0.6538253250831368,0.4651635110694712,0.5814816721404867,1.0,0.20697217103027932,0.12146801332935238,0.47110200523702156,0.3478446190118296,0.28738207263879306,0.6541136014990374,0.44165662847004156,-0.22652143026284632,-0.26389303572225253,-0.03658433629503032,0.10816611585280057,0.13082464214258013,0.6406524656213215,0.17354034325484666,-0.01324218307611527,0.15757806628298449,0.11640807585787973,0.2225514521924451,0.4363276330103951,0.3737634142909601,0.20145648227271634,0.28213818735907914,-0.24649761313991359,-0.06754110512823153,-0.26521773449055724,-0.4985157196443218,-0.13740969912865023,0.03966477571065284,-0.09987610977840466,-0.02629561373705759,-0.31850357085250885,-0.12552721981419898,-0.136090491339696,-0.13750167303277086,-0.06151063705656052,0.030818807977020253,0.011188556799033588,-0.22421933717015516,-0.22932732071094455,-0.1818715316743712,-0.1431052174599416,-0.025887908520284022,-0.3434504627866034,-0.2742092131769777,-0.19872197455617444,0.25755781829662955,-0.13470951003304882,0.11767374659816669,-0.0032842920240093074,0.18670633899247394,0.05707667123104325,-0.060148874177640047,0.016421460120046538,0.11269205558243847,-0.27366972445579246,-0.20699138945800602,0.22693325371413275,0.14442717073857103,-0.16888673825530995,-0.35903386218328204,0.07682223297539012,0.036990668766966266,-0.04037585753654075,-0.07165110317207013,0.30811326517655213,0.34211615480443536,0.3239355221749769,0.4362768414514031,0.26245302638758766,0.12914302971649388,0.0723525757840947,0.15789379759563743,-0.15991310525177857,-0.3176483508186707,0.24411178261212751,0.21889720543469682,-0.11275382910013144,-0.1643704077395354,-0.04406442291522957,-0.2962788319314177,-0.22316369639002426,-0.1479262973296681,-0.2509741340553971,0.05803072889319016,-0.11356100306465285,-0.26587802475745315,-0.17707790670139711,-0.3626139807197988,-0.2016582757638467,-0.3564572201230666,-0.32955691228503675,0.20365836499226114,0.4943508118069784,-0.08780968265571217,-0.0962616726209474,-0.11137422053832188,-0.17917546081328267,-0.1582713024259833,-0.053581662874459056,-0.060107691832511405,0.11616647276645835,-0.21203897222594006,-0.03697145033923957,0.1477725499078545,0.17827631294464064,0.16161119061591628,0.10198739133866645
#17,0.07962812342348835,0.17107901176099138,0.2965231805125143,0.20697217103027932,1.0,0.4358787454484929,0.20811154924550512,0.012371862849063274,0.19509380995034095,-0.01540837442988191,0.11325213547618802,0.1847144862330852,-0.08023213115204178,0.1977857625769166,-0.2072151468665383,-0.24318655259157065,0.08827778864534108,0.099501350437734,-0.19834309698099092,-0.24351326586292457,-0.202085199408347,-0.309513464910926,0.023669552862687765,-0.06300418343989266,-0.06159574723649305,-0.2615291691118684,-0.11715484904954579,0.013029407626283945,-0.06569201783195544,0.13059127552018449,0.3633923270427301,0.3104524223798591,0.09752185238188389,0.16757851242505672,-0.027371845689752802,0.07835284346933803,0.11921122081630271,-0.15145562430719284,0.0700230277946511,0.0741261621143016,-0.051573337177018876,-0.028942265783991734,-0.07599858607281725,-0.18825891340382378,-0.026461715862409786,-0.0679748924969199,-0.04855192578941408,0.0927982373956285,0.12875728841712225,-0.17333717701887869,-0.0004578104033467519,-0.07985737181137113,-0.10787783943690006,-0.24152278584837347,-0.2566065061241579,-0.08892160597418554,0.09333772611681372,-0.11787965832380992,0.097093555992546,0.08797578478106435,0.2992370970564919,0.4487907833911602,0.21129219903427401,-0.11390007103954534,-0.18775923428292957,0.1513952235343375,0.1168542179301067,0.0204134021078497,-0.2081623408044971,-0.0290040393016847,-0.0923946504133678,-0.041084193872753416,-0.06577987350156321,0.05628734294941092,0.11209216608839791,0.06647722787907491,0.35826787056388926,0.25792845940278736,0.0919663540240299,0.022417609570777007,0.11762707327368757,0.29321898368835947,0.002095494994629136,-0.10628545542525919,0.2865090069220658,0.23054494538191478,0.3529182839316785,0.17332756780501532,-0.038058664250635754,0.2797921664315841,0.20050379735540708,0.10305538682233593,-0.04195451409980541,0.09611478892332191,0.0021092224430053503,-0.0735056814476967,0.15406658498834883,0.2725852560340715,0.052811553020553424,0.2705302570121522,0.12825898204106567,0.06899621465611026,0.2857100694265702,0.10420849248593794,0.21990891838002383,0.10918469252231568,0.20453005796415077,0.3243953916955801,0.2541094832645245,0.27414743965928473,0.25876171551922356
#18,0.04298681821769674,0.17438458132998383,0.3345605672181669,0.12146801332935238,0.4358787454484929,1.0,0.17156908166802226,0.06606403168295086,0.10347819223232334,0.178427314876779,0.0898097718841266,0.5022674312855412,0.3779283221283036,0.283904909965098,-0.16400800310240332,-0.24494503872856374,0.2753417276680154,0.3766036233599989,0.10228939520294317,-0.1640766403442844,-0.07100591309838805,-0.33516457494672036,0.1813663615741265,-0.010437665372854657,-0.08601825064261617,-0.2801326071513142,0.0483679779811728,0.15307683596042376,0.07505001939002083,0.28547670280417453,0.4405584325999444,0.4485862444103546,0.29195880392742296,0.3482770336356804,-0.0820125812064368,0.1308589607635207,0.3872231774238384,-0.025054652403847803,0.1308726882118969,0.11663457875608726,-0.06614914186288338,0.01808797235291897,0.029337616297226712,-0.08940343941219066,-0.13351659476915578,-0.2318970990469719,0.024228260011599695,0.08514655767072656,0.06845123495557455,-0.25935199579940077,0.04504730821896653,-0.007850041353938233,0.10419613778239935,-0.008455421827329291,-0.17686238576189053,-0.10775566514635176,-0.18018580101377207,-0.46324166829680113,-0.16424136972479897,-0.04660400086482925,0.07348097204061951,0.1244468696269909,0.04178429373994035,-0.008841163126700916,0.16324750246236105,0.30710155223122515,0.06439065572589031,0.07852580931887833,-0.16137645124868302,0.03645255279061866,0.1555244400059028,0.1383816024736862,0.008779389609007952,0.1803477849046114,-0.15238634530710018,-0.09757676217538874,0.1101332592051121,0.07857110989851984,0.2138853140325409,0.1789901402602038,0.32535905857159036,0.36605682477255336,0.0835363279761966,0.28054992158195113,0.34531739576576853,0.06751639572115434,0.09750126120931957,0.2365314856187819,0.09104524223798591,0.3526615806470433,0.16592160940604764,0.10332032657599687,-0.06286553621129289,-0.08711095553336284,-0.2388418151804988,0.07323113248017242,0.13543431930731295,0.5377460216138674,0.2257073925741368,0.39399218221814974,0.3718937358221197,0.3907950594913294,0.5686437624190509,0.2783631390556202,0.4580979933902336,0.3482989975530823,0.388134679996019,0.05646579977830171,0.08184236084657175,-0.09361364782917564,0.017662421453256322
#26,0.5171507308150329,0.44091397351288836,0.4618757871833678,0.47110200523702156,0.20811154924550512,0.17156908166802226,1.0,0.4596780226983359,0.374688644311517,0.6042253086101989,0.5351680068088144,-0.026320323144134777,0.008786253333196058,0.10676042513907621,0.3116000370641106,0.21408024379948315,0.4396620302209776,0.289347843246267,0.0456087608575537,0.14876778991513004,0.35460126910260237,0.12557801137319097,0.2470824024407403,0.20693647966450116,0.15192647578649698,0.20956528602854624,-0.4311949400625285,-0.21972359782694492,0.07392711411284648,-0.17779859774114837,-0.2504113086719723,-0.06776760802643907,-0.13710357702986062,0.005270653804047538,-0.1965310737953306,0.007763558429168082,-0.028350612758976892,0.08284721006771063,-0.1162790378431433,-0.0015889521495468227,0.17245862032280096,0.07333408834299403,-0.1425108189452515,0.06182774111405107,-0.15531852828025958,-0.06595695758561639,-0.3738512699605679,-0.28061306784448176,-0.3605109356285627,0.12197318342959707,-0.1884909072813818,-0.09832765360156767,0.07318720464536853,0.21300401184678794,0.26413738430334915,0.014863394729346197,0.07383102197421298,-0.041004574672171376,-0.32459169420735995,-0.31114016754350743,0.1068112166980682,0.030330110814827015,-0.12682583643058887,-0.17747737544914496,-0.02033927388661814,-0.032655540569757745,0.18887253034624057,0.18669261154409772,0.4489266851300847,0.5006640653151994,0.5327176572736602,0.5376458112407211,0.3717152789932289,0.26145504089063687,-0.035779907820184156,0.14157186147631842,-0.15337609433502525,-0.2494119504301839,0.3802963069732006,0.24992535699945434,-0.026572908194257124,0.09077618424981211,0.04226475443310786,0.03736542810763692,0.008260492060387046,-0.186430417280112,-0.2124315772494998,0.008589950821416193,0.29646277973965895,-0.13484541177197334,0.011898265880083875,-0.24785800327399643,-0.25550281927471025,-0.31865045455013435,-0.32388747610566015,0.2618929464938381,0.4368904583938199,-0.08379577675050706,-0.03877523705587415,-0.2539241627114456,-0.1812757604148435,-0.09828784400127666,-0.11047095443516698,-0.008497976917295555,0.11384378850120287,-0.24591831481843734,-0.1162845288224938,0.07773510829240837,0.056053976327015274,-0.058472752730904264,-0.1832278035739412
#49,0.7059004004983064,0.2246256696420911,0.22222199343141597,0.3478446190118296,0.012371862849063274,0.06606403168295086,0.4596780226983359,1.0,0.42687765754820906,0.5274847539526472,0.5092601934883849,0.19157409218667956,0.14739092684299573,-0.05118485038797201,0.34148194668945425,0.32468641360115585,0.3260921043148802,0.19065298040063558,0.09107406987957596,0.10062425571490835,0.2956144234300089,0.23145919344377067,0.19963622261803032,0.27609399183903194,0.18184133128794353,0.3278231355551208,-0.4348533050547897,-0.36251651583632766,0.17608129394928393,-0.3090192767693823,-0.3793916681252081,-0.2791456036130644,-0.3430729579562575,-0.39138533977150664,-0.24209522044566162,-0.18778806192451963,-0.26484709338439943,-0.1147992189081874,-0.26436251445671904,-0.23594532357311754,0.09424373770964388,0.011620971422884343,-0.20240779444518803,0.06760287864592449,0.06827415087152137,-0.12438921434381081,-0.48910006280307633,-0.5293571779111628,-0.3621348927714689,0.09661584078905373,-0.28563319571566337,-0.11966834484723066,0.0217641830280692,0.17435300819871855,0.3468493790045541,-0.10742071540597213,-0.05668818444199638,-0.11737723371324046,-0.3441231077570379,-0.30519618239660656,0.043881847851825924,-0.01605493724840161,-0.3608266669412156,-0.11555148307920395,-0.1006846564877637,-0.10074643000545666,-0.020493021308431742,-0.12844842082865743,0.4344744274796062,0.1306420670791765,0.4930027763764341,0.46123746083387385,0.5164149395820679,0.050402385830527786,0.007365462426257863,0.11154581364302457,-0.2635663224508986,-0.36897116206282365,0.14129319427428128,0.13292219625446572,0.03385806504751413,0.12947386122236065,0.08856881055091682,0.14782608695652175,0.15071846032939012,-0.09892067937142014,-0.35566377360692136,0.23521776880917816,0.15966875667068195,-0.13261744690051375,-0.10775017416700128,-0.23936894919814541,-0.23046120794681987,-0.4686283190396277,-0.33487904402049506,0.20750616877211406,0.30689701325041957,-0.15587448993949626,-0.3142480618558824,-0.36830812630625254,-0.2774145723728238,-0.1502613362984622,-0.26673599028096656,-0.17279768829769346,-0.12905929228139895,-0.3323380933260578,-0.3789976903568107,0.0610356673427435,0.11529203430489349,-0.07142460027386259,-0.13364700552872982
#50,0.3329928926136032,0.19372655609206998,0.33159681111374223,0.28738207263879306,0.19509380995034095,0.10347819223232334,0.374688644311517,0.42687765754820906,1.0,0.39317951727427786,0.39077858655327796,0.18965911313819767,0.11739645214096717,0.284227505001939,0.11512867766921654,-0.03553006825973705,0.3356683723021274,0.06322107712423684,-0.1658104170742003,-0.1499689416480488,0.03008301674405516,-0.14598249063959615,0.10972006300898805,0.016789355736529083,0.19590647489421284,0.10470954435166978,-0.46091074756251993,-0.44810166548267427,-0.01341377618081795,-0.1216492156479184,-0.24804332382707533,-0.03943003634341958,-0.20662761207603633,-0.2278694656933906,-0.1687178906402825,0.04168408336679399,-0.27310278083785483,-0.2782862653447134,-0.26546071032681623,-0.2074896958340626,0.004087347754017852,-0.003888299752562743,-0.1927409252986578,-0.13895403707097434,0.20828451509504542,-0.057374556860807106,-0.33643436392152015,-0.3138952664326137,-0.03282438818478518,-0.04602058430884013,-0.2081101765006675,-0.2008071739645214,-0.15669676409723152,-0.13478363825428039,0.06327735966257932,-0.19709252643391778,0.20016747487018982,-0.04666714712735984,-0.09015295809353197,-0.1270633212874974,0.32143575382566825,0.1851743557536884,0.009648337091222326,-0.06587871112987195,-0.3017684385370658,-0.12647304100732015,0.20249565011479578,0.12912792952328003,0.17332207682566483,0.23677034322052803,0.22928064738646542,0.3448465442864644,0.2706057579782214,0.2395158328957709,0.15504672480241055,0.12690820112084616,-0.03811769227865348,-0.0990016713168398,0.24143630292360332,0.19060630707615644,-0.04013699993479462,0.19413426130884356,-0.15453194548830249,0.1987192290664992,0.08674855089623079,0.07269301650382481,-0.12243991667438836,0.1150627859170107,-0.043074673887304515,-0.07130791696266477,-0.03337074063015852,-0.20945134820702366,-0.10015340423560419,-0.12244128941922598,0.008518568089859877,0.2959685915981152,0.2483096363255739,0.00788435997487877,-0.22732723148253012,-0.17671138382975218,-0.18787179935961454,-0.18736525651453223,-0.20582043811151493,-0.10788333041625055,-0.015923153743989952,-0.18486548816522358,-0.16823605720227738,0.19244990339308204,0.27200458496775765,0.25457896199899105,0.2977092320522192
#51,0.6975911759961838,0.48991547323662343,0.5762679872472004,0.6541136014990374,-0.01540837442988191,0.178427314876779,0.6042253086101989,0.5274847539526472,0.39317951727427786,1.0,0.5242999859293654,0.04442270931784877,-0.01686348395776064,-0.02194263985695999,0.2982308750905154,0.2377546012691026,0.6380030680847121,0.2722887431491453,-0.07478645238119751,0.08111617882746999,0.29428148819267846,0.07959243205771019,0.271731408745071,0.23347026463088608,0.06403236932327111,0.10489761039442391,-0.42524546393627716,-0.333029956724219,-0.167610085556322,-0.5045722698679076,-0.33356395446605375,-0.09113035241791843,-0.15610373832737906,-0.1786647997336875,-0.3395079396129546,-0.18233551942948725,-0.144499926214965,-0.10434302148002485,-0.26263148321647845,-0.18474331387467527,0.0449306249077687,-0.06300143795021741,-0.3186792821917244,-0.10689907236767597,-0.06577163703253748,-0.1961714146478738,-0.4262201127709884,-0.3302803488144632,-0.23897359868491044,0.24119607257701955,-0.2546338717924959,-0.09412705439844606,0.053241222154728936,0.19696211567434374,0.2277170910164146,-0.020399674659473482,0.08861960210990881,0.04283444354072076,-0.27083363362126656,-0.20095268491730928,0.1198756293177115,0.03509353540137343,-0.20567492715872707,-0.19460236729847247,0.029192105344438838,0.154243669072402,0.07041151458369797,0.014995178233757855,0.3876377463648001,0.4744350297027664,0.3866836887026532,0.5585554606073709,0.43804630954709717,0.29773119596962117,0.04643652599463943,0.25657218750321736,-0.2564582496816948,-0.34988039960602224,0.26829405567166686,0.14465367363677858,-0.028269620813557227,0.020000205911725643,0.006606334531053204,0.07365942886951031,-0.059959435390048284,-0.1891498248034401,-0.3470882366063002,-0.1467416185348008,0.07377336669103289,-0.2211306612855069,-0.1758341998785121,-0.32379001122218903,-0.2145881593894031,-0.3875320450123032,-0.3429837295418121,0.4153438554225137,0.33429425471966834,-0.08365438403223205,-0.2109654857629201,-0.18025306551081552,-0.26007405958398966,-0.1059916880300082,-0.1038982521526355,-0.07455308575880187,0.03477917683355812,-0.2431192880945272,-0.14171462693943107,0.05468946795841956,0.0828389735986849,0.09087502187812085,0.043258621695545785
#52,0.6714005772392042,0.34971017924615716,0.3811226993654487,0.44165662847004156,0.11325213547618802,0.0898097718841266,0.5351680068088144,0.5092601934883849,0.39077858655327796,0.5242999859293654,1.0,0.05932522727506718,-0.010257835799126248,0.0641531708689818,0.24199226458284,0.2179747209038152,0.4224505554468799,0.23050788127129898,-0.013766571604086661,0.14957359113481383,0.3032770851136118,0.2956446238164366,0.23134388287741045,0.27135664940440035,0.11554050112050297,0.27929660554520275,-0.3659991694893732,-0.13392429998592936,-0.014255268766279895,-0.38857258559922025,-0.2303733522772121,-0.06134865316572119,-0.157521783744642,-0.17596461063808613,-0.2596581178981904,-0.20433787368688378,-0.14328504703367,-0.13753736439854902,-0.2751234612388336,-0.16942485423165757,0.07040602360434749,-0.11681852656432853,-0.09367953958138146,0.06874362960598791,-0.11091160552804347,-0.0036123780402008325,-0.2691671213883941,-0.24448654195279818,-0.27014863394729344,0.1763215242958677,-0.2459622426532412,-0.08206474551026642,-0.005516375129981777,0.20569414558645374,0.18607624911200568,-0.0606389440846709,-0.010642204353660253,-0.01447765342997457,-0.30952856510413984,-0.3818159355084475,0.26113656408830865,0.10535473442535186,-0.26159780635374946,-0.1581230459835202,-0.03919255148651107,0.046923850411995045,0.014908695308987703,0.04803440098563079,0.3517541963093755,0.2757768877815414,0.33900963323689803,0.4780549578395742,0.268210318236572,0.105825585904656,-0.010082124459910703,0.15851839649675517,-0.07918472684093662,-0.2442902394410183,0.26115440977119775,0.1324733086925635,-0.12035059903152852,0.055967493402245126,-0.12318806261089205,-0.13626071169956105,-0.02466067463545045,-0.07249259575753209,-0.22934791188350886,-0.02904933988132621,0.04290994450678994,-0.0981752789245917,-0.09207205537652675,-0.40422599498261763,-0.34247993218640504,-0.3174191024307879,-0.41631850425722494,0.18306581968310184,0.3379663471603057,-0.07564167241503568,-0.06407080617872452,-0.20909168905956682,-0.25057191981797405,-0.1298225384111165,-0.07246651360561727,-0.042661477691180456,0.09108642458311456,-0.19018212892133143,-0.10594913294004193,0.28355074179699163,0.0042534498793700476,0.06077072758908256,0.0376070311990583
#53,-0.09843884593341501,0.13894305511227337,-0.12944228809109534,-0.22652143026284632,0.1847144862330852,0.5022674312855412,-0.026320323144134777,0.19157409218667956,0.18965911313819767,0.04442270931784877,0.05932522727506718,1.0,0.6861315020917199,0.3316668211004609,-0.06427259966985487,-0.12445373335117901,-0.1430599168803001,0.034678966460411756,0.026673118567403488,-0.37541619907545637,-0.16199830466012555,-0.4319526952128956,-0.1326723566940186,-0.24316733416384395,-0.2749202950028656,-0.38310906114548693,-0.028258638854856258,-0.07546733382065775,0.33707269027101416,0.36443835860899765,0.23908616376159542,0.18284755325392005,0.13533822716867946,0.09180848836770343,0.21961377823993522,0.2297913084660606,0.3636243209202881,-0.07628274425420489,0.06167262094739985,-0.13430592305078812,0.24120156355637004,0.1923318473370466,0.22428385617752336,0.16037434751721938,0.16970352143369472,-0.16582277177773888,0.04064491552471455,-0.06691513348227615,0.016982912758633707,-0.5023113591203451,0.009592054552879847,-0.1808982555844976,-0.14178326418131215,-0.27503835105890106,-0.30154605387337113,-0.20737713075737765,-0.2667332447912913,-0.491690432311668,0.06387175817726941,0.10003397543473114,-0.12812994402632924,-0.14766822130019527,-0.05002350825534427,0.1722966364319616,-0.029414490008133513,0.11779729363355262,-0.0394959280956254,-0.07772275358886978,-0.22355767415842162,-0.16840215932762959,-0.1015549767148157,0.06637701750592855,0.03934904439799991,0.04351944321469386,-0.06926252715460882,-0.24444261411799428,-0.041730756691273116,0.012561301636655033,0.01381324492856579,-0.18384828424054608,0.07545497911711915,0.58115084063462,0.19803011115801322,0.4604604872557801,0.5116954428303253,0.16617282171133235,9.815125588993332e-05,0.3066458009451348,0.2169314348272229,0.5624911200568317,0.31101799325295915,0.2087375208914605,0.09246328765524886,-0.00771413961501371,0.0008339424888550278,-0.14602641847440004,-0.2519062278001421,0.29366787125026167,-0.04621551407578238,0.10813728821121052,0.1884208972946631,0.4352637557612385,0.325541633634994,0.09037534275722664,-0.03159166332060113,0.1575670843242835,0.13830061052826653,-0.12353399430997265,-0.06519508420073648,-0.04616609526162801,0.1316812349212559
#54,-0.15730214457062258,0.03417379636016706,-0.16814957427750724,-0.26389303572225253,-0.08023213115204178,0.3779283221283036,0.008786253333196058,0.14739092684299573,0.11739645214096717,-0.01686348395776064,-0.010257835799126248,0.6861315020917199,1.0,0.24826296300109477,0.08572311050252757,0.033811391723035,-0.17783978008627702,0.03766743197191364,0.15297388009760216,-0.12216399496202644,0.10280005628253834,-0.15001012399317745,0.0027022482128578147,-0.04620453211708141,0.055456832322649946,-0.114709990493742,0.11973286385459887,-0.08551719877688435,0.3639537796813173,0.30465806642025894,0.05904381458335478,0.012270279731079286,-0.026166575722321173,-0.09108093360376407,0.06395961384687718,0.09788562976385357,0.19971996005312523,0.01821838311249301,-0.1668935127510836,-0.20985081695477148,0.2310199150957318,0.24207874750761016,0.30158311798398696,0.26539893680912324,0.1419987851208187,-0.10443362263930786,-0.03542573965207782,-0.208438262516859,-0.0644798841403357,-0.312265818310357,-0.06166575722321174,-0.08699701771184026,-0.04612491291649937,-0.18772491566198904,-0.049754450267170465,-0.14262887500128696,-0.2321483113522566,-0.3682889078785258,-0.11883783422046969,-0.014900458839961975,-0.1929317368310872,-0.21039716940014483,-0.04038409400556648,0.05104208492485938,0.06535157711222532,0.009472625752006782,-0.013409657946305085,0.01142878714561734,-0.06979652489644356,-0.06189912384560739,-0.018509405018068754,0.002700875468020193,0.1315645516100581,0.016606780673125432,-0.029521564105467985,-0.23353615638309191,-0.19417269816429697,-0.12098068891199676,0.10471778082069551,-0.01433626071169956,-0.05921403494321984,0.5380384162642808,0.28208053207589906,0.4324482560992769,0.3989999553857928,0.005670122551795379,-0.10748386166850271,0.3328817002817559,0.26486631181212617,0.3798227100042212,0.3068421034569147,0.18686145915912514,0.05752006781359498,-0.14124926643947738,-0.10544808107431011,-0.19106068561740916,-0.10435537618356344,0.18594034737308116,-0.08099263179208406,-0.06681355036429217,0.1314039404640564,0.3994570794167207,0.11351021150566086,0.040209755411188555,-0.14632293135932625,0.036011901697742175,-0.02147041563281821,-0.19677542237642723,-0.09250858823489037,-0.34795443859883934,-0.10646253950931235
#58,-0.1106768661608102,-0.10988891062401548,0.05377110166205081,-0.03658433629503032,0.1977857625769166,0.283904909965098,0.10676042513907621,-0.05118485038797201,0.284227505001939,-0.02194263985695999,0.0641531708689818,0.3316668211004609,0.24826296300109477,1.0,0.13591066176596758,-0.351465919893475,0.019004965904450097,-0.08933892040482246,0.14635862272510441,-0.14092804414747398,0.16997532491154377,-0.23709431100220668,0.008077916996983393,-0.23938130390168402,-0.12510029616969873,-0.2274356783247022,-0.12759182804998165,-0.18726641888622347,0.009733447271154856,0.1053066883560351,0.07618253388105853,0.15855408786253333,0.09048653508907398,0.1515681893838778,0.18090100107417284,0.5347177465020746,0.2474846166781634,-0.10344112812170755,-0.13990260375377075,-0.29741958289148107,-0.13911464821697606,0.018719434978224835,-0.005760723711078394,-0.009646964346384705,-0.10661765967596358,-0.17028693798968383,0.05251366739078957,0.07419205386650743,0.13900620137480396,-0.43236177317450675,-0.2113416178484284,-0.41402876586807236,-0.34439353849004933,-0.416448915016799,-0.08107087824782849,-0.24811196106895642,0.1008384039095773,-0.2105618987806594,-0.08151015659586736,-0.1274435716075185,0.0765270928353015,-0.0680902030632801,0.45817623984597805,0.20864966522185271,-0.17429672566037607,0.06596656679947972,0.5925363863178522,0.2771057047843589,0.13558806672912654,0.364306575104586,0.16478223119082183,0.18980462409098553,0.3319825524131138,0.4444446732352507,0.3657795303153538,0.2841451403116817,0.21927333752020509,0.06498779973025563,0.33346099860323214,0.0001516883045571697,0.04948539227899666,0.22373338549763716,0.200627344390793,0.15280091424806186,0.312519776105317,0.059621740159993414,0.04790399022605676,-0.011931211756186789,-0.112008428653303,-0.01759378421137525,0.24104918887939408,0.07186799685641432,-0.02325635666656371,-0.030785862100917338,-0.005958398967695882,-0.2576813653320155,-0.19037980417794892,0.17205366059570262,-0.055083445726816914,0.032615730969466725,0.01958838246043921,0.12480652877444773,0.22245398730897398,0.09508111206059296,0.14536200997299126,0.19256521395944226,0.1168610816542948,-0.04151523575176655,0.32761310559496476,0.03798179053972895,0.17438458132998383
#101,0.2530909065950094,0.11291306750129552,-0.06801607484204855,0.10816611585280057,-0.2072151468665383,-0.16400800310240332,0.3116000370641106,0.34148194668945425,0.11512867766921654,0.2982308750905154,0.24199226458284,-0.06427259966985487,0.08572311050252757,0.13591066176596758,1.0,0.6741158665280195,0.13912700292051464,0.11165151499552142,0.38222089523554587,0.42207442336137163,0.6430465326181333,0.44082474509844294,0.007108759141622653,0.2076956075597058,0.2923157175852046,0.28476836646796183,-0.3609200135901739,-0.35077268375047616,0.10652431302700532,-0.24319067082608353,-0.50267788199199,-0.48481709890969743,-0.461233342599361,-0.31687412273025223,-0.018910246510654215,0.09091345873357425,-0.08114363372422242,0.378209734820016,-0.1954685692910116,-0.20006589175220582,0.06851987219745562,0.2753348639438273,-0.016513434024167172,0.4849681008418358,-0.17766955972641196,0.07364844691080934,-0.38369110495663844,-0.4567980040290061,-0.561296832048101,-0.08365850226674491,-0.3965537240851514,-0.45797856458936054,-0.1418258192712784,0.0011263371392683957,0.437462892991108,0.020978972980949733,-0.13783250453863763,-0.03595973739391256,-0.45454807524014457,-0.48474708892297874,-0.2978753341775714,-0.5142473754834636,0.2060936143342016,0.2874781647774266,-0.05212655334658032,-0.015585458513935077,0.24550923685682616,0.10491408333247537,0.7643395209806889,0.38227580502905073,0.3461973252066839,0.28789822469773874,0.5084241918822734,0.04709818900637297,0.09089286756100994,0.1318720464536853,-0.4793343560282374,-0.6610116443080851,0.29115437545257683,0.2658038965362216,-0.0328641977850762,0.07066547237865793,0.2354305442590095,0.09610929794397143,-0.03932570773576034,-0.5916578296217745,-0.6901371715278993,-0.19275739823670926,0.30202239633202577,-0.2841314128633055,-0.10632526502555022,-0.4543407907696637,-0.45941720117918783,-0.6825102012100746,-0.5035509477087172,0.004565062957510115,-0.013352002663124985,-0.3077137964288043,-0.19769790690730885,-0.43973341295253393,-0.4074038992817113,-0.25321582637523293,-0.2241575636524622,-0.1452631723446825,-0.20518348450685858,-0.39443008782135097,-0.3706431652750466,-0.31918170680229385,-0.09578670290713039,-0.314967380150796,-0.34890025979196054
#102,0.3668969446131777,0.31151355413934045,-0.01639949620264459,0.13082464214258013,-0.24318655259157065,-0.24494503872856374,0.21408024379948315,0.32468641360115585,-0.03553006825973705,0.2377546012691026,0.2179747209038152,-0.12445373335117901,0.033811391723035,-0.351465919893475,0.6741158665280195,1.0,-0.061580647043279216,0.12497674913431278,0.21168480405783374,0.5979573556816193,0.27555175762817147,0.6723093343217096,-0.03608328442929849,0.4872317570790735,0.15445232628772046,0.4864094829213383,-0.2635196491264195,-0.08720292943748348,0.023857618905441903,-0.24571789407214462,-0.39508488710889644,-0.532478799671914,-0.46834278811340246,-0.37471335371859416,0.013505750084938586,-0.23987686478806536,-0.24528685219313148,0.4709963038845247,-0.015575849300071725,0.1443859883934424,0.3040403312433293,0.21004711946655136,0.19698819782625854,0.6111535518056742,-0.018156609594800043,0.24443575039380616,-0.4135963512442216,-0.43518276381581883,-0.6828286780124028,0.21146241939413907,-0.11773689286069729,-0.10017399540816851,0.07228393854221361,0.3164115077199738,0.22001461973252068,0.22634983715814364,-0.34432627399300586,0.0835363279761966,-0.3414242914062741,-0.32392591296111356,-0.366685541908184,-0.4877424181586687,-0.12402543696184112,0.2550813866095605,0.0991609097180039,0.06564671725231393,-0.22462292415241586,-0.023944101830212054,0.4941833369367885,0.12163274270986695,0.012281261689780257,0.204877362408069,0.16847628754886113,-0.34180454172629526,-0.23857275719232499,-0.10250217065277449,-0.6041772625408821,-0.6787584895688552,0.07773236280273313,0.3451169750194758,-0.20663584854506206,0.025408820571954135,0.039078613664988486,-0.013611451437435439,-0.2579998421343437,-0.6048087251661879,-0.7016860738468086,-0.17662078267046916,0.3530294762635258,-0.10932883073026593,-0.09870241294223833,-0.4795553679470944,-0.3561730619416789,-0.6307769392594728,-0.4579071818578042,-0.04214807112191004,0.1490135112410643,-0.3614183199662305,-0.13054185670603013,-0.3758595956580081,-0.40939987027561286,-0.2912037942667312,-0.32241589363973,-0.27204851280256154,-0.34502500111535517,-0.48812266847868985,-0.4515541187492922,-0.28189521152282015,-0.35947039504164563,-0.2736779609248182,-0.29015089897627555
#201,0.5048427006009191,0.2071245457072553,0.6603335083583002,0.6406524656213215,0.08827778864534108,0.2753417276680154,0.4396620302209776,0.3260921043148802,0.3356683723021274,0.6380030680847121,0.4224505554468799,-0.1430599168803001,-0.17783978008627702,0.019004965904450097,0.13912700292051464,-0.061580647043279216,1.0,0.48792911145658524,-0.014892222370936247,0.0175073012866051,0.2525871092396023,0.08504497455274257,0.3687323044610775,0.21495880049556088,0.26319705408957844,0.12148723175707907,-0.3098497873961433,-0.2590884287905775,-0.11730036000233367,-0.43187444875715114,-0.1322742606911084,-0.03194583148870746,-0.03650746258412352,-0.055245429617656244,-0.32143987206018115,-0.21823966065747613,-0.1502819274710265,-0.304545501343574,-0.19934382796761696,-0.12621084674333446,-0.15597607305748026,-0.25423577578958567,-0.39658392447157903,-0.3783785824350434,-0.18614076811937388,-0.15132246805794355,-0.35562945498598086,-0.30085968145456043,-0.10540552598434384,0.2043323827075333,-0.23515736803632284,0.01822112860216825,0.060317721792667485,0.2747390926842996,0.2507421401778391,0.05939111902727301,0.1965750016301345,0.05652482780631943,-0.34944523949249623,-0.20139470875502338,0.35197932646274543,0.23778891989004314,-0.10069563844646466,-0.3414091912130603,0.09432610239990116,0.09622872674484448,0.1407564510427713,0.006996194064937695,0.2843949798721288,0.30359968015045286,0.5250330316726552,0.38169513396273685,0.3117647664446252,0.17372566380792553,0.10206701053924849,0.23111875272404053,0.004942567787856013,-0.1787924650035863,0.4368259393864517,0.2591158836873299,0.14212507764587987,-0.15819580145991413,-0.045540123615672626,-0.018869064165525574,-0.03845813299838359,-0.024171977473257215,-0.13473010120561316,0.03176051093562856,-0.17527274723992492,-0.31786112626850205,-0.29486353200383,-0.3033539588245186,-0.21453187685106062,-0.21918685459543494,-0.21375490327296687,0.5747565951809792,0.3832051532841204,0.1429336243552389,-0.04161819161458816,-0.00354374079831976,-0.1052751152247698,-0.02566003287723886,0.01858078774962507,0.11392340770178491,0.2888344366769966,-0.04223729953635543,0.06280788092811279,0.2836550704046509,0.22365513904189274,0.17149907168130357,0.024318861170882708
