,#10,#11,#12,#13,#17,#18,#26,#49,#50,#51,#52,#53,#54,#58,#101,#102,#201,#202,#301,#302,#401,#402,#501,#502,#601,#602,#701,#702,#801,#802,#901,#902,#1001,#1002,#1101,#1102,#1201,#1202,#1301,#1302,#1401,#1402,#1501,#1502,#1601,#1602,#1701,#1702,#1801,#1802,#1901,#1902,#2001,#2002,#2101,#2102,#2201,#2202,#2301,#2302,#2401,#2402,#2501,#2502,#2601,#2602,#2701,#2702,#2801,#2802,#2901,#2902,#3001,#3002,#3101,#3102,#3201,#3202,#3301,#3302,#3401,#3402,#3455,#3501,#3502,#3601,#3602,#3701,#3702,#3801,#3802,#3901,#3902,#4001,#4002,#4101,#4102,#4201,#4202,#4301,#4302,#4401,#4402,#4501,#4502,#4601,#4602,#4701,#4702,#4801,#4802
#10,1.0,0.2059975221955681,0.2960440925641844,0.2891117311341961,0.010596903774018744,-0.04728488230428948,0.16602593801370685,0.5799894985019922,0.004293259479661069,0.43878896450425037,0.39579185070027145,-0.1280118879702938,0.011736281989244543,-0.131405313208894,0.0766355396774736,-0.10540689872918146,0.36285695655605776,0.04308153761149262,0.06174674916863141,0.15239320903128828,0.20418412626507015,0.08702996358794318,0.06664882098377758,-0.05884888481641254,0.1709637011946312,0.14822281021459432,0.09221344809480175,0.0898289903118533,0.16401074859207856,-0.026339541571861476,0.17247921149536527,0.0918510434576697,0.3846492808532982,0.3054501401915665,0.028551033505269625,0.039377872039589965,0.3423948220064725,0.00848424946891934,0.3205873975160182,0.006331785563528915,-0.021901457511831344,-0.12199652009183663,-0.04409050506714438,-0.19543287792523345,-0.0270259139906722,-0.11338254623576206,-0.011545470456815164,0.02700806830778312,-0.042764433554002064,-0.10685239904319685,0.06275983485879603,0.1804823138986983,0.11643553075463216,0.024534382110389275,0.2711026916094404,0.20974786109194987,0.2245034953515428,0.07517082093573152,0.026640172691300572,-0.17285534358087354,0.4831368592284488,0.383692477701476,-0.04349747929729192,0.08787145617340512,0.18685047720042416,-0.0926129168425496,-0.07697186216269085,0.18420519789832765,0.20340852543181404,0.1703500842522144,0.313752500969501,0.49562609176112865,0.15603921932001086,0.13317478130458807,0.1097035900709366,0.22320625147999054,0.3429947115005131,0.3097221221262445,0.07487430805080529,0.02170927323456434,0.0865124387841599,-0.1285692223743681,-0.20119428800873065,-0.09279137367144039,-0.14108179156928757,0.2473308692563498,0.17806765572932218,-0.2707320505032826,0.13036202713230172,-0.09359717489112418,-0.2841396493323312,0.07597799490025293,-0.004423670239235107,0.040750616877211404,-0.05640814449512161,-0.009726583546966748,0.07725190210956563,0.09615185303393768,0.08516714884329088,-0.10174578824724508,-0.016700127322083688,0.1376320837923449,0.09973334431529203,-0.03171521035598705,0.15364240683352381,0.22494689193409453,0.05242992995569466,0.37278190173206077,-0.03624938655465069,-0.16427843383541477,-0.04630474249022777
#11,0.2059975221955681,1.0,0.38581885945495165,0.31274627900352453,0.23538798916904324,0.19184177743001576,0.3990905565450758,0.24019122335588067,0.12994059446715192,0.44228397286083454,0.027408909800368583,0.012068486239948934,-0.024959933010051925,-0.11010305881868443,-0.07430324619835477,-0.04405893193587909,0.11052311873899659,0.35089348529618686,-0.004493680225953801,-0.07090844821491693,-0.0035533500121831102,0.010253717564613383,-0.05486792478731035,0.18756155902631208,-0.058255859046560075,-0.016232021332454778,0.2016637667431972,0.2482396263388552,0.12392934482320762,0.274806357181343,0.13633072168627977,0.217859410337455,0.044900424521341034,0.18692460542165573,0.03861599865471006,0.1855971611636758,-0.07218510091390487,-0.04978190516392289,0.014374697567152962,-0.011297003641205682,0.21235744902826825,-0.0811106878481195,-0.06560828039686054,-0.0686983290263464,-0.08543895232113993,0.13202991211001178,0.09159159468335924,0.13970218300747803,0.29746076523660975,0.29124497661185983,0.06931469145843844,0.20535507761156127,0.14978773932948278,0.08839172646686365,0.05490773438760137,0.03628095968591598,-0.053410069769756374,-0.02995535147415636,-0.19144505417194316,-0.13761149261978056,0.15371653505475535,0.09798034915764944,-0.025123289645728877,-0.08519048550553045,0.2573189606948834,0.3762892647921836,0.042896217058413726,0.06966611413686953,0.21193052538376797,0.13737263501803443,0.20300768393922858,0.22227964871459605,-0.11996073949764402,0.010172725619193718,-0.14727012529728506,-0.07447758479273268,-0.11488432908811992,-0.17550062288297008,0.11248202562228239,-0.01543582932663434,0.07562931771149708,0.009927004293259479,-0.04296622704513242,0.0626486425269487,-0.043549643601121533,0.12504675912103147,-0.10333268127953546,-0.09962627021795756,-0.14313404510153163,-0.06377429329379829,-0.08457686856311367,-0.1590002299347603,0.012061622515760827,-0.055294848431810616,-0.141160038025032,0.07929042819343347,0.0841760270705282,0.036278214196240735,0.06361642763747181,0.13544255577633868,0.04734940131165769,-0.11033642544108008,0.24128530099146495,-0.1440345657150113,0.14094039885101256,0.0026404746951648496,-0.09068421034569146,-0.04347276989021473,-0.1390158105886673,-0.04981622378486343,-0.010390992048375527
#12,0.2960440925641844,0.38581885945495165,1.0,0.4630096744192431,0.49348598255927684,0.3879521049326154,0.08390971457202964,0.05903145987981619,-0.04216042582544863,0.5825249582170791,0.3743125122260087,0.0009904354003438726,0.10955121539396061,-0.22673557845751527,0.12091754264946618,0.021134093147600955,0.7070644881206094,0.49684234368726127,-0.23762830874404142,-0.3065744182135785,-0.21445088490564096,-0.3431333587291128,0.14322190077113942,0.0328188972054347,0.1919145329064097,0.0687367658817998,0.08768750836516385,0.10792863099589206,0.2463438657181,0.20263567008823316,0.36473761698359913,0.2419085271477451,0.33001129082628944,0.30050825877612936,0.18243710254747122,0.19420427129556225,0.27738025375188324,-0.20296101061474944,0.31537096713305673,0.015895698847237523,0.27176984560052436,-0.05558998857189923,0.050458668368870266,-0.06494936287480224,-0.022473892109119487,-0.11512730492437892,0.13835414757693376,0.2171030279319256,0.21317423220665302,-0.00026699887091737105,0.24149533095162104,0.216938298551411,0.34991883646147565,0.02701081379745836,0.056566010151448076,0.017172351546225467,-0.05718099983870248,-0.15340354923177768,-0.08429682861623888,0.05447531976375061,0.18755744079179923,0.31349579768486585,-0.01571175103899625,-0.3538654778696373,0.3266425749947664,0.3159186923232677,-0.10007515777985977,-0.29300758098336577,0.19353299906996538,0.11474980009403302,0.4000130410759574,0.4959157409218668,0.06142140864211513,0.2177880276058987,-0.020457329942653583,0.1605116220009815,0.1395909906756307,0.22400656172032382,0.288528314578207,0.14871013463194996,-0.04868508203866336,0.09294786658292924,-0.1206251479990528,0.007943388002896491,0.04554973282953598,0.12044120019081153,0.14296245199682897,0.03397337561387433,0.1759632378932485,-0.08437232958230806,-0.10810983331445809,0.037815688414376755,0.20084149258546194,-0.041609955145562434,-0.041342269902226246,0.33440407430667807,0.20846022643426096,0.5693246438585112,0.09604752442627845,0.4315436172512844,0.37958110691279984,0.4264315154759821,0.17910956906107686,0.1262520290884631,0.2203056416380964,0.36364353934801485,0.2153678784571721,0.20234602092749504,0.07392025038865838,-0.20715749158335822,0.10701850116854904
#13,0.2891117311341961,0.31274627900352453,0.4630096744192431,1.0,0.21856088294947956,0.05197692415927958,0.16631284168476973,-0.025826135002591056,0.005031796202301406,0.5493457154917687,0.33435877372703654,-0.02984965012165951,0.16255701180903748,0.020771688510468896,-0.02218973392773185,-0.16766499534982687,0.4928572654236462,-0.022327008411493994,-0.06496309032317846,0.08619808021634459,0.03498097032468847,-0.1120729476606712,0.06545865120955979,-0.1465810073887991,-0.15990075054823996,-0.03783627958694108,0.1865114092255317,0.43013792653756,0.1836753183910058,0.10877973279521735,0.07225099266611071,0.249136028717822,0.16695116803426371,0.1735623071722486,0.163320257938755,0.1978557725636353,0.06941627457642242,-0.09397742521114531,0.04507476311571896,0.1377473943587051,0.2571308946521293,-0.02599910085213136,0.14233510760603596,-0.050812836536976595,0.09129508179843301,0.1593324341854647,0.06767014314296795,0.4079735883893242,0.23522188704369104,0.1935920270979831,0.23037060678753685,0.2935841338151668,0.2259380137068572,0.0804956981608651,0.08227614821526012,0.04160446416621195,0.023821927539663747,0.09456633274648492,-0.26992899477327403,0.017905397289515318,0.0074189994749251,0.18038484901522717,-0.08227340272558488,-0.06798999269013374,0.25276831155816837,0.2857512517716988,0.012732894741357713,0.044748049844365055,-0.005347527514954339,0.17351975208228232,-0.09557255471246144,0.28317460971148334,-0.33505200987003536,-0.1456914687340204,-0.22010384814696607,-0.06284906327324143,-0.06566593568004063,0.17081269926249285,0.10971457202963757,0.01674680064656282,0.22241143221900772,0.29489235964542,-0.11365160422393586,0.02923877866891797,-0.1055180910610288,-0.12285036738083717,-0.06470775978338086,0.2514010576998974,0.24191813636160844,0.16951408264610296,0.028249029640992906,-0.12420389379073192,0.021731237151966284,-0.31217384440623636,-0.4406160878831245,0.05541153174300844,-0.2880890362301681,0.16694979528942608,-0.00930926911632983,0.4424212473445967,0.2070037441615446,0.26653282404499856,0.08873079444175615,0.0561898780659398,0.09112760692824319,0.2113416178484284,0.13732184345904244,0.0382988945972195,0.14671690912772362,-0.4942423649648063,-0.27589494383757684
#17,0.010596903774018744,0.23538798916904324,0.49348598255927684,0.21856088294947956,1.0,0.572741405759351,-0.051017375517782196,0.17961062092680868,0.033067364021044175,0.36019383157107215,0.3764237937862705,0.48374361244667746,0.3204103134319651,0.131314712049611,-0.0725708422132765,-0.10176775216464702,0.5499236410684073,0.37308116010666226,-0.42014846235418873,-0.506978691568258,-0.17632015155103006,-0.4502417746845261,0.13957039950306638,-0.0007021589844433691,0.06742854005154657,-0.05096383846911496,-0.07671378613321803,-0.15281189620676283,0.24186048107842834,0.20287864592449217,0.3267757312440157,0.13984632121542828,0.2566463157244489,0.19519539306832495,0.2929787533417757,0.37145308472924327,0.3931122527772344,-0.16094815485934513,0.22201470896093511,-0.16228658107602603,0.23328219858813193,0.14573265107914904,0.07374591179428046,-0.028888728735324498,0.12809287991571347,-0.07515297525284244,0.036587081784705565,0.04242399283427195,0.03955083788913026,-0.21025714942670742,-0.056953124195657324,-0.08791950224272188,0.07330251521172873,-0.1894641833712554,-0.07542340598585387,-0.17490622436828,-0.04311585623243316,-0.26881432596512544,-0.14437637917957905,-0.11459193443770656,0.2628923047356265,0.2765016970558055,0.11196724630817435,-0.4395796655307203,0.056225569431717956,0.0845150950454207,-0.13513368818787386,-0.3654939993891285,0.013012934688232489,-0.011736281989244543,0.15406109400899834,0.17449028268248068,0.11809243377364124,0.06920487187142872,0.15897689327252074,0.09745596062967805,0.2781627183093275,0.049455191892568987,0.056653865821055846,0.06638525397495428,0.06338306101507617,0.23496655650389345,0.1234859482406559,0.4032582098720945,0.48502301063534065,0.24691630031538814,0.2595771259527707,-0.007987315837700378,0.08794970262914956,0.14399201062504505,0.026062247114661943,0.13303887956566354,0.18695617855292104,-0.003339201817514165,-0.0753808508958876,0.22217943834144968,0.17809099239156173,0.23213870213839327,0.0011030004770288312,0.20941977507575835,0.1558580170014448,0.29860288894151077,0.31706493426268156,0.15410090360928935,0.22768139965063644,0.11807733358042741,0.20215932762957853,0.29642983386355604,-0.05871298307748801,-0.1466784722722702,-0.029944369515455392
#18,-0.04728488230428948,0.19184177743001576,0.3879521049326154,0.05197692415927958,0.572741405759351,1.0,0.007657857076671231,0.05182043124779074,0.005287126742098996,0.33089808399139287,0.09281882856819282,0.3633840905737044,0.4121247687782914,-0.07584072041649079,-0.08795656635333765,-0.15624650379049168,0.37535305281292575,0.4086421151252458,-0.20571473675901808,-0.4599923812661512,-0.43724050832741335,-0.6321194837106666,-0.15942989906893582,-0.12527326201923902,-0.17569280716023708,-0.18249338508581373,-0.122916259133043,-0.21278025443825566,0.4009368983516766,0.5544742902051224,0.4112297391441622,0.10817709781150155,0.3746762896079784,0.1537837995517988,0.3671852210290782,0.35758149814507856,0.43675181116522016,-0.0543655001767409,0.23092794119161117,-0.14194387532731384,0.39931705944328333,0.11273323792756712,0.15381674542790172,0.053805420282991345,-0.10465600730300254,-0.30299155418738655,0.15776750507057624,0.19616729641336092,0.05047239581724648,-0.2858926444899738,-0.10631702855652449,-0.02935546198011579,0.15689032111933615,-0.1689993033319949,-0.17316970214868885,-0.20668664010405405,-0.1978228266875324,-0.40995034095549904,0.036172512843743884,0.12423409417715958,0.09893577956463398,0.1502036810152821,0.014057593509662408,-0.4227786414630714,0.08196178964744481,-0.06586498368149574,-0.1251387330251521,-0.26209062175045555,-0.13925329544557583,-0.11221434037894622,-0.01280565021775165,0.14570931441690946,-0.11380260615607422,-0.0056838500001715935,-0.11629413803635714,-0.06279689896941182,0.06494524464028938,0.0887472673798076,-0.02450006348944874,0.23078792121817376,0.08279779125355627,0.38251466263079686,0.05785639029881223,0.27597319029332124,0.25676574452532197,0.1020038642767179,0.19658049260948499,0.17076053495866322,0.1717008651724339,0.0502115742980984,0.08152800227875644,0.0846688424672343,0.29231983581971743,0.026307968440596182,-0.04192294096854012,0.0408782821471102,-0.0902119861215497,0.38909560138235405,-0.11316290706174263,0.322042507043897,0.30802952774145725,0.3451348207023649,0.5076417273248292,0.3747353176359961,0.2514038031895726,0.2657270228253148,0.2799239499359958,0.05861414544917927,0.08441763016194957,0.0011414373324822316,0.13774876710354272
#26,0.16602593801370685,0.3990905565450758,0.08390971457202964,0.16631284168476973,-0.051017375517782196,0.007657857076671231,1.0,0.0442964167927876,0.059588794283890495,0.4028944324901248,0.12353124882029741,0.0906540099592638,0.2074238040818568,0.1564469245367844,-0.04083572705714394,0.12819446303369744,-0.1469777306468717,0.02475676677408395,0.05369560069598163,0.06606540442778848,-0.046989742164200876,0.18382632032314414,-0.2759882904865351,0.06692199720646426,-0.24675568916938642,0.0152285448561535,0.054081341995353256,0.13565121299165714,-0.08364889305288156,-0.09343930923479771,0.013619687906461167,0.15893159269287924,0.031322605332427325,-0.017264325450346105,-0.2834409222099819,-0.13802468881590463,-0.26731940683695565,-0.07812496782629287,0.16889497472433568,-0.005464210826152162,-0.10022753245683576,-0.22434151146070347,-0.2681746268707938,-0.3210033392018175,-0.1527391407303689,0.06914309835373575,0.11570934873553042,0.09368503056073195,0.23419232841547497,0.1415498975589165,0.10246647928699633,-0.0450006348944874,0.1618349480244486,0.15194432146938608,0.0751886666186206,0.04905297765514591,-0.04320920288139141,0.03495626091761129,0.06838946143788158,-0.05865532779430791,0.11720289511886255,-0.028864019328247312,0.09594456856345684,0.020748351848229332,-0.0007968783782392488,0.2369144814284783,0.1999025351165289,0.3327279528599423,0.03547515846623219,0.07236630323247091,0.08156781187904745,0.20296101061474944,0.05287607202792163,0.20221011918857051,-0.020129243926462058,-0.10797118608585833,-0.16375953628679385,-0.09005823869973609,-0.040614715138286885,0.09527329633785996,-0.2347386808608483,-0.2808313342736635,0.09078991169818831,-0.0677319166606609,-0.1286323686368987,0.03354782471421169,-0.15052353056244788,-0.32990833496346783,-0.05141272603101717,-0.3751004677628034,-0.2886230339720029,-0.3494617124305477,0.003737297820424384,0.08682817009681283,0.005591876096050956,-0.1623208996969666,-0.13027554420753157,-0.10570341161410769,0.0723278663770175,0.04395872156273272,-0.03514158147069018,0.05490087066341326,0.11872252365410949,0.03100550127493677,-0.00218472340907453,0.05050122345883653,0.06821512284350366,-0.010669659250412682,0.06661862059734992,0.19661206574075027,0.031219649469605714
#49,0.5799894985019922,0.24019122335588067,0.05903145987981619,-0.025826135002591056,0.17961062092680868,0.05182043124779074,0.0442964167927876,1.0,0.07262437926194373,0.31080659054796544,0.2041223527473772,0.2248233448987086,0.07698558961106707,0.2516234423635921,-0.25424950323796186,-0.26850545837666057,0.16014372638449897,0.10333679951404832,0.032146252235000186,-0.026307968440596182,0.31465576707265597,0.0761303695772289,-0.026135002591055882,-0.14680476479733137,0.22974326239674384,-0.01658618950056111,0.12863511412657394,-0.08725234825163786,0.09828921674611428,-0.0695755129775865,0.12494929423756036,-0.11974521855813745,0.3117716301688133,0.24794997717811706,0.02942821745650973,0.15223671611979944,0.3701709410509048,0.1264044037654391,0.2513214384993153,-0.21402258851630307,-0.04785182592222714,0.060623843891457065,0.006005072292175011,-0.06883423076527093,0.08891611499483505,-0.2028745276899793,-0.13896776451935056,-0.21647842903080783,-0.2817030272455532,-0.3444004022142374,-0.11670321599796833,-0.1332104726703662,-0.11114909038495197,-0.22406284425866632,0.1108182588790852,-0.05124387841598973,-0.0018140823029167395,-0.258495403020725,-0.04891707591622138,-0.37989134724610224,0.46379213897668736,0.3482262420766884,0.06033007649620608,0.021908321236019452,0.1480800447514817,-0.19241009379279103,0.06582242859152948,0.18248789410646324,0.1543781980664889,0.044481737345866496,0.3795467882918593,0.2224361416260849,0.43086822679117465,0.13549060184565542,0.3296543771685079,0.16026315518537204,0.3955653478020639,0.07660122105653307,0.08705741848469561,0.021615926585606085,0.15310978183652668,-0.13842278481881484,0.07736583993108821,0.3390851342029672,0.2774983098079187,0.3065277448890994,0.17824611255821296,-0.27613929241867347,-0.0750417829209951,0.1367617635652929,-0.20759676993139708,0.17355818893773572,-0.04488257883845195,-0.00022032554643824193,-0.10366076729572699,0.022871988112029708,0.11467567187280146,-0.09912796384190098,0.051735321067858206,-0.22805066801195661,-0.05685840480186144,-0.14523571744793007,0.2121693829855141,-0.05094462004138826,0.23544564445222332,0.08965190622780014,0.07361275554503117,0.4407396349185104,-0.08136739113275472,-0.00017227947712149136,-0.08378479479180609
#50,0.004293259479661069,0.12994059446715192,-0.04216042582544863,0.005031796202301406,0.033067364021044175,0.005287126742098996,0.059588794283890495,0.07262437926194373,1.0,0.13841592109462672,0.1849052977655146,0.24538294433176497,0.021712018724239585,0.35663567695195736,0.10171146962630453,-0.024686756787365257,-0.0033858751419932943,0.20639424545364068,0.06870519275053451,0.17122452271377928,0.2721706870931099,0.18455524783192112,-0.029463908822287884,0.12053866507428265,0.03828791263851854,0.09327320710944552,0.003199181844076778,-0.057477512723628714,0.1306050029685607,-0.06717320951174897,0.020882880842316234,0.05832449628844114,-0.19845428931283826,-0.13544530126601392,-0.044385645207232996,-0.1835037252863031,-0.06279415347973658,-0.006663989814233305,-0.04014111816930748,-0.06563985352812582,-0.07585856609937987,0.12288331325694009,0.11050390031126989,0.009325742054381287,-0.004426415728910349,0.09946565907195586,-0.2708240244074032,-0.31743282987916416,-0.29613606646830504,-0.015283454649658358,-0.3164005257612728,-0.15927889713679746,-0.4953076149588005,0.1468706565495372,0.07052682515005818,0.14533730056591407,-0.003477849046113931,-0.06094232069378524,-0.19499771781170747,-0.3057370438626294,0.06330618730416937,-0.15048783919666972,-0.02652486212494037,0.2585393308555289,-0.01327101071770532,0.18029973883529465,0.247739947217961,0.25192407348303114,0.2293053567935426,0.134349850885592,0.12878337056903705,-0.018410567389760008,0.06356151784396696,-0.03410927735279885,0.1046024702543353,-0.07184603293901237,0.0034421576803357733,-0.22664497729823224,0.3205050328257609,-0.14737033567043142,0.2453266617934225,0.027041014183886034,0.074164598969755,0.21662943096294618,0.16468888454186356,0.16082460782395921,-0.05503265416782492,-0.13003119562643495,-0.1570028861960211,0.1928699633133942,0.13487698490323866,-0.009193958549969627,-0.34515129364041636,-0.011084228191374357,-0.09620813557228017,0.21395120578474675,-0.005995463078311661,-0.02503268848644586,-0.02500386084485581,-0.10698006431309565,-0.4240552941620594,0.036506089839285896,-0.0361601581402053,-0.15070061464650106,-0.10844203756516248,-0.24787035797753504,-0.16555234104472746,0.0782100780062254,-0.06264726978211108,-0.07141636380483686,-0.13750716401212135
#51,0.43878896450425037,0.44228397286083454,0.5825249582170791,0.5493457154917687,0.36019383157107215,0.33089808399139287,0.4028944324901248,0.31080659054796544,0.13841592109462672,1.0,0.41470964730753257,0.23731120468655087,0.3065236266545865,0.17604285709383055,0.007718257849526575,-0.12896182739792783,0.4851616578639404,0.2249194370373421,-0.06521018439395031,-0.09848551925789414,-0.04098535624444467,-0.17461657520754187,-0.1559664638436169,-0.17551709582102154,-0.01624437603599337,0.016260848974044825,0.03591031857975819,0.16628675953285493,0.18076647208008592,0.09439062140726937,0.11204823825359402,0.04815382978650386,0.2514147851482736,0.22069138293746804,-0.13741930834251356,0.05206477982888735,0.23882534224244734,-0.14301461630065856,0.3960499267297443,-0.09981159077103646,0.09788700250869119,-0.15247282823187033,-0.0745105306688356,-0.3133324410491889,-0.06045774176610487,-0.16735200952684917,0.19188021428546914,0.230598482430582,0.18070195307271772,-0.18255790409318193,0.07657239341494301,-0.050837545944053784,0.27377817129796456,-0.11148129463565636,0.08826680668664011,0.04109380308661677,-0.06936136478291756,-0.16205458719846802,-0.17084289964892052,-0.20541822387409184,0.2943226705378071,0.2834656316170591,0.055480168984889514,-0.006526715330471161,0.351901080007001,0.2830771448280122,0.19719960053125224,0.027974480673468617,0.18842364278433835,0.2109641130180825,0.32193955118107537,0.5978997003984392,0.12079674110375549,0.2117397138513386,0.09522936850305608,0.04716957173792928,0.13688256511100358,0.08084300260478333,0.18214333515222025,0.023077899837672923,0.007607065517679238,0.06830846949246192,0.016781119267503353,0.2131412863305501,0.013073335461087831,0.10202720093895747,0.031256713580221494,-0.16247739260845542,0.11113948117108863,-0.13116371011747263,-0.2468943363979862,-0.08034606897356436,-0.1153565533122617,-0.15781966937440586,-0.19533404029692472,0.02980160405234276,-0.19609179544729174,0.30787578031964363,-0.05916598887390309,0.3276034963811014,0.16472183041796648,0.3848428378754028,0.10820867094276683,0.16496892448873834,0.038268694210791834,0.3233397509154492,0.21233823060054155,0.22195979916743025,0.0680064656281852,-0.26023878896450425,-0.16155765356724905
#52,0.39579185070027145,0.027408909800368583,0.3743125122260087,0.33435877372703654,0.3764237937862705,0.09281882856819282,0.12353124882029741,0.2041223527473772,0.1849052977655146,0.41470964730753257,1.0,0.1208557691317732,0.10020282304975857,0.13754560086757472,0.0632375500622883,0.0812822809528222,0.46986516213832463,0.07311170367929935,-0.2555838112201299,-0.04941675503711559,0.07202998074725366,-0.0797461794795238,0.07832401582774798,0.00941497046882668,-0.01961034637784115,0.22643357459323854,-0.17027458328614523,0.06470913252821849,0.09892067937142014,-0.16669034651511563,0.012437754601269103,-0.03029579219388648,0.18716895400275235,0.30207044240134256,0.0587569109122919,-0.05139899858264096,0.2647166826248254,-0.1737229183182503,0.20307632118110966,-0.05818035808049089,-0.008565241414339007,-0.20676900479431135,-0.01142878714561734,-0.31596673839258443,0.24736518787729034,-0.0035876686331236464,-0.10391060685617409,0.012326562269421765,-0.1489627196820723,-0.02246428289525614,-0.16818114740877252,0.07771451711984406,-0.08318215980809027,0.1472481613798831,0.24561219271964777,0.1402059803628851,0.21508646576545967,0.12882867114867858,-0.1122843503656649,-0.18824244046577232,0.39642605881525256,0.2740691932035403,0.04383929276185966,-0.08208121844831787,-0.02656192623555615,0.010333336765195428,-0.030500331174692075,-0.03382923740592408,0.2421267935769269,0.1723144821148507,0.2890746670235803,0.3690809816498334,0.1822504092495547,0.20511896549949038,0.27308493515496574,0.26225260564129493,0.3487108210043688,0.2668169822263862,0.07493470882366063,-0.03187582150198876,-0.14295970650715373,-0.16918187839539855,-0.02145119720509151,0.08604707828420623,0.11526457940814107,0.22585153078208706,0.19780223551496806,-0.16872749985414587,0.054096442188567094,-0.026463088607247408,-0.2570938305415135,0.00339136612134378,-0.02559002289052017,-0.04577211749323065,-0.09425060143383199,0.1424408089585328,-0.006226084211032064,0.0582448770878591,0.2437205503334054,-0.04657242773356395,-0.043688290829721296,0.2723340437287868,-0.059889425403329595,0.05421587098944016,0.006692817455823355,0.06388274013597038,0.11458507071351845,0.4159766907926572,0.08536207861023312,-0.19613160504758276,-0.017022722358924727
#53,-0.1280118879702938,0.012068486239948934,0.0009904354003438726,-0.02984965012165951,0.48374361244667746,0.3633840905737044,0.0906540099592638,0.2248233448987086,0.24538294433176497,0.23731120468655087,0.1208557691317732,1.0,0.6091465988530717,0.4451406548679248,-0.2478497668049707,-0.2282359885650355,0.14829282020131304,0.13753736439854902,-0.3264956912971409,-0.39745424469863105,0.06478875172880053,-0.27777697700995585,0.12521835222573416,-0.025867317347719698,-0.01351810478847718,0.062402921201014455,-0.18163130132778743,-0.22786260196920247,0.12721981419898623,-0.06191559678365884,0.25673691688373196,0.08211965530377127,0.10711184781750731,-0.06277905328652274,0.05294608201464032,0.15902493934183748,0.13768562084101213,-0.06369330134837861,0.19467649551970403,-0.08521519491260764,-0.012801531983238785,0.21834398926513537,0.006676344517771898,0.005600112565076685,0.25065016627371844,-0.13476853806106656,-0.21092430341779145,-0.3519079437311891,-0.29489510513509526,-0.44200942389331027,-0.27775364034771627,-0.4384196961429302,-0.3157347445150264,-0.24087485028501615,-0.13173202648024793,-0.15176861013017054,0.0359048276004077,-0.20306808471208393,-0.19399835956991904,-0.3738608791744313,0.3384207257015584,0.17171459262081012,0.11570934873553042,-0.16266545865120957,0.032541602748235164,-0.018796308689131635,-0.006550051992710725,-0.1289920277843555,-0.15255793841180287,-0.1352064436642678,-0.02090896299423104,-0.12180296306973201,0.20080991945419666,0.05852903526924674,0.2055376526749649,-0.1275890825603064,0.2593094407094345,-0.06205149852258337,-0.08023487664171702,0.026755483257660775,0.31238936534574296,0.13645015048715284,0.3522868213063726,0.7092087155569741,0.6052040756794229,0.4056865954898468,0.3298053791006462,-0.1410502184380223,0.03932982597027321,0.18955203904086318,-0.04153308143465563,0.2424905709588966,-0.014389797760366797,0.11352256620919945,-0.02527978255721772,0.17039950306636878,-0.10888131591320134,0.02871850837545944,-0.04335883206869215,-0.01469591985915638,-0.15452370901927676,0.18563422527429158,0.12943130613239437,0.3408367566157722,0.020509494246483198,0.050538287569452306,0.13262842885921472,0.32192033275334864,0.028200983571676157,0.03372490879826485,-0.07710776390161538
#54,0.011736281989244543,-0.024959933010051925,0.10955121539396061,0.16255701180903748,0.3204103134319651,0.4121247687782914,0.2074238040818568,0.07698558961106707,0.021712018724239585,0.3065236266545865,0.10020282304975857,0.6091465988530717,1.0,0.2014482458036906,-0.04112674896271968,-0.10382686942107919,0.2732949651151218,0.09918973735959394,-0.07504727390034559,-0.13775563082773082,-0.1997323147566638,-0.41620456643570236,-0.03307285500039466,-0.18130458805643354,-0.1490203749652524,-0.16555645927924031,-0.17296653591272088,-0.14399750160439553,0.21308912202672048,0.21352153665057122,0.2296691341755123,0.086377909790073,0.30495183381550994,-0.21096685850775773,0.056717012083586434,0.21064700896059194,0.19716802739998696,-0.1580598997209896,0.19639105382189323,-0.16518993640759538,0.24220778552234656,0.24917309282843778,0.1151135774760027,0.04657105498872633,0.11400714513687982,-0.24408844594988796,-0.10198739133866645,-0.08576429284765621,-0.16789836197222252,-0.3230610837134121,-0.06790076427568835,-0.15823561106020514,-0.10330797187245827,-0.18176583032187435,-0.3234138791366808,-0.31229190046227184,-0.1720330694231383,-0.24790330385363796,-0.10636644737067885,-0.17160202754412518,0.2018628147446523,0.16988472375226074,0.09968941648048815,-0.27049868388088694,0.04965973087337459,-0.053029819449735234,-0.06580046467412753,-0.14503529670163734,-0.22029465967939543,-0.1212140555343924,-0.10045266261020568,-0.06926389989944644,-0.047448238939966435,-0.12565900331861066,-0.0257520067813595,-0.16374169060390478,0.10673297024232378,-0.07225236541094833,-0.07507884703161088,0.2588962445133105,0.38006294035080496,0.378786287651817,0.23309138705570256,0.4412351958048918,0.33949146667490315,0.03190190365390357,0.10575969415245018,0.08845624547423186,0.37679168940275304,0.13647211440455476,0.08600864142875282,0.06290809130125916,0.07828832446196982,0.07632529934417115,-0.1647108484592655,0.0014489321761094352,-0.2965492626644291,0.13479873844749424,-0.10560731947547419,0.1799071338117349,-0.0717128766897631,0.4615943744916554,0.27851551373259614,0.35102252331092326,0.1730392913891148,0.1935604539667178,0.2192486281131279,0.15521282692776273,0.1839059395237262,-0.1768143396925738,-0.11114909038495197
#58,-0.131405313208894,-0.11010305881868443,-0.22673557845751527,0.020771688510468896,0.131314712049611,-0.07584072041649079,0.1564469245367844,0.2516234423635921,0.35663567695195736,0.17604285709383055,0.13754560086757472,0.4451406548679248,0.2014482458036906,1.0,0.0509281471033368,-0.07135047205263104,-0.14792904281934335,-0.27740084492444755,0.06833180615470148,0.013140599958131282,0.32039109500423835,0.12224224141777087,-0.14772450383853775,-0.24133060157110647,0.08686111597291575,0.057763043649853976,-0.0766931949606537,-0.1651322811244153,-0.1963210438351745,-0.23622673626482993,-0.3138046652733307,-0.3663231372710519,-0.2877183951240103,-0.058497462137981446,-0.29916571432493555,-0.11763942797722617,-0.038688754131103995,0.0858343028343749,0.04417836073675215,-0.28358643316276977,-0.3314252180090395,-0.0348354593719006,-0.130788950776802,-0.000806487592102599,0.0036398329369532615,-0.17685826752737768,-0.1655743049621294,-0.15380713621403838,-0.2518568089859877,-0.42625580413676656,-0.2653769728917213,-0.5569507218921915,-0.40135421278231354,-0.3332976419675552,0.011450751063019283,-0.024692247766715743,-0.0822555570426958,-0.06521155713878793,-0.25985991138932074,-0.33648378273567453,0.032987744820462135,-0.12464591762844601,0.41443372559517067,0.34968684258391763,-0.1857454176061389,-0.22205040032671328,0.5661494850490928,0.40322526399599157,0.1532333288719126,0.11710268474571618,0.11142501209731388,-0.03861737139954768,0.42341696781256544,0.10407396349185104,0.5021425115053176,0.038253594017577996,0.15204453184253244,-0.13747009990150555,0.22131460909374817,-0.013367102856338822,0.02951332763644226,-0.06870382000569689,0.2966961463620546,0.40793377878903314,0.4085707323936895,0.037137552464591765,-0.11519182393174712,-0.27681880111329604,-0.07725876583375374,0.12647304100732015,-0.18394300363434196,-0.10345485557008377,-0.4502005923393974,-0.2731288629897696,-0.20653838366159094,-0.13901855607834254,-0.1058955958913747,-0.30759162213825597,-0.23290606650262366,-0.21217350122002698,-0.26990428536619687,-0.10437596735612777,-0.1876521601855951,-0.14652335210561898,-0.1269946840456163,-0.1664006973543775,-0.03197603187513513,0.22504023858305278,0.05873357425005234,-0.14207840432140076,-0.22939046697347515
#101,0.0766355396774736,-0.07430324619835477,0.12091754264946618,-0.02218973392773185,-0.0725708422132765,-0.08795656635333765,-0.04083572705714394,-0.25424950323796186,0.10171146962630453,0.007718257849526575,0.0632375500622883,-0.2478497668049707,-0.04112674896271968,0.0509281471033368,1.0,0.6469121820808753,-0.03367823547378572,-0.023396376640001097,0.17493093377535718,0.1278526495691297,0.014300569345921403,0.11905060967030101,0.11025131526114755,0.09536801573165583,0.22285757429123468,0.11110790803982333,-0.26487454828115187,-0.26834759272033415,-0.030526413326606883,0.1346065541702272,-0.22889078785258093,-0.22318840579710145,-0.23900517181617573,-0.05581511872526915,-0.23251620696873918,-0.14230353447477068,0.11612529042132971,-0.03689869486284563,0.08254657894827154,-0.1422101878258124,-0.16023981852313246,-0.2772567067164973,-0.04071355276659563,-0.09108642458311456,-0.3473696492980126,-0.24647015824316115,-0.2491552471455487,-0.089130263189504,0.09166709564942842,0.054001722794771216,-0.23141252011929153,0.02720848905407585,-0.18090374656384808,0.07593955804479953,0.22637591931005843,0.1948151427483038,-0.1016071410186453,0.1531619461403563,-0.17869911835462804,-0.06274885290009506,-0.10292634880759952,-0.021799874393847358,0.5283097736000577,0.3969916296883526,-0.3463579363526856,0.01666306321146791,0.35750462443417175,0.1790930961230254,0.5193828139210054,0.4174825918795279,0.18137047980863938,0.18211313476579258,0.1659655372408515,0.2214628655362113,0.31185124936939534,0.3450524560121076,0.021028391795104105,-0.10202445544928222,0.42206755963718356,0.3058647091325282,-0.2368966357455892,-0.13452968045932043,-0.1684996242111007,-0.3347843246266992,-0.13562101260522946,-0.17905740475724724,-0.19107441306578538,-0.2163027176915923,0.05608966769279343,-0.2649665221852725,-0.2862879950032088,-0.4383524316458867,-0.1435911691324596,-0.34787893763277017,-0.027388318627804262,-0.031240240642170035,0.24847162021641322,-0.13777210376578228,-0.3403796325848442,-0.23800169533987448,-0.2300480117506958,0.09157237625563254,-0.22143815612913412,-0.28460226434260966,-0.22071197411003235,-0.14780824127363265,-0.2304749353951961,0.06272963447236836,0.005008459540061842,-0.25304972424988076,-0.01786970592373716
#102,-0.10540689872918146,-0.04405893193587909,0.021134093147600955,-0.16766499534982687,-0.10176775216464702,-0.15624650379049168,0.12819446303369744,-0.26850545837666057,-0.024686756787365257,-0.12896182739792783,0.0812822809528222,-0.2282359885650355,-0.10382686942107919,-0.07135047205263104,0.6469121820808753,1.0,-0.20160199322550423,0.01903516629087777,0.11599487966175567,0.13809744429229856,-0.2712784029486559,0.22587074920981376,-0.04948539227899666,0.30603355674755567,0.00035622728536276497,0.18610233126392048,-0.4586470913252822,-0.37041254414232616,-0.07273831708346631,0.08299409376533613,-0.2303225607182201,0.04104987525181288,-0.3514082646102949,0.017440036789561648,-0.18787454484928978,-0.07565265437373665,-0.040680606890492715,0.11926063963045709,-0.07395182351992367,-0.15163682662575886,-0.12168902524820943,-0.1855779427359491,-0.1167141979566693,-0.21040128763465768,-0.3092498979021027,-0.0633459969044604,-0.36734445943024224,-0.31194871425286647,0.028501614691115253,0.21714421027705422,-0.27959586391980423,0.06568515410776733,-0.1520870869324987,0.0931057322392557,0.04749353951960794,0.1352009526849173,-0.08952012272338848,0.20491030828417192,-0.05488851595987467,-0.009274950495389293,-0.030627996444590872,-0.08339768074759683,0.5083157450401014,0.16519954562145875,-0.4350084252214409,0.05952976625587277,0.12767556548507655,0.12283526718762333,0.3870186384430328,0.255064913671509,0.22673557845751527,0.0464982995123324,0.18047819566418544,0.3690617632221067,0.2538967078146932,0.3082258302532371,0.02921406926184078,-0.12395679971996006,0.2790412750054052,0.470360723024706,-0.36554616369295817,-0.39507253240535783,-0.0026432201848400924,-0.4321586069385388,-0.1700096435324843,-0.06408727911677597,-0.09691372641881758,-0.3718786356289059,-0.0870244726085927,-0.3823211056086922,-0.362972267122418,-0.39836025629146116,0.15546403923304747,-0.04178429373994035,0.21469935172125043,-0.24167653327018707,0.4307666436731906,-0.2798923768047305,-0.14314914529474548,-0.3371852553476991,-0.2535576398398007,0.10443499538414548,-0.17708614317042284,-0.3525092059700673,-0.2999042510475759,-0.3475247694646638,-0.3875732273574319,0.00422736772745524,0.09434532082762787,0.05727983746701123,0.07451190341367323
#201,0.36285695655605776,0.11052311873899659,0.7070644881206094,0.4928572654236462,0.5499236410684073,0.37535305281292575,-0.1469777306468717,0.16014372638449897,-0.0033858751419932943,0.4851616578639404,0.46986516213832463,0.14829282020131304,0.2732949651151218,-0.14792904281934335,-0.03367823547378572,-0.20160199322550423,1.0,0.3477059717832299,-0.3335941548524814,-0.25177718978540564,-0.06213111772316541,-0.43298362658594924,0.3146392941346045,-0.06510036480694059,0.16829645797513273,0.08909182633405059,0.04161819161458816,0.16745221989999554,0.23294313061323943,0.12027372532062172,0.2782711651514996,0.18198821498556902,0.4240635306310851,0.20207421744964602,0.2642677950629232,0.29109946565907197,0.375660547656553,-0.21883131368249098,0.22655986711829973,-0.12927481322090553,0.24502191243947052,0.03546417650753122,0.12754790021517776,-0.12210771242368397,0.23152783068565172,-0.17905877750208485,0.1011527624773926,0.1951981385580002,0.06839632516206968,-0.1403981646401521,0.2922168799568958,0.21463071447936935,0.252961868580273,-0.17276611516642815,0.01894181964191951,-0.15778672349830294,0.1884593341501165,-0.14325896488175519,-0.1490011565375257,-0.14380669007196614,0.35207679134621656,0.487095855340149,-0.12631654809583132,-0.3687364226955904,0.3085195976484881,0.1465357068091576,-0.20259586048794215,-0.31678626706064444,-0.0006884315360671546,-0.032129779296948734,0.19057473394489116,0.37667775158123046,-0.026935312831389183,0.034533455507623885,0.036447061811268174,0.1808474640255056,0.39810904398617647,0.304099359271347,0.1272884514408673,0.10327365325151774,0.11535243507774884,0.24576182190694848,-0.20265214302628462,0.20520956665877338,0.11558854718981973,0.2578625676505815,0.3592438921434381,0.11149227659435733,0.37358633020690696,0.1784986976083353,-0.006606334531053204,0.310807963292803,0.15113577476002704,0.03940258144666715,-0.18922807125918453,0.4327571236877417,0.03902233112664601,0.5948508341140819,0.10147673025907127,0.47225236541094834,0.2852227450092146,0.4233565670397101,0.15273090426134317,0.281486133561209,0.2415955413247674,0.39477876501010684,0.22515829463908824,0.4243490615573104,0.07984638985267016,-0.34721452913136136,-0.05016901920813214
