,#10,#11,#12,#13,#17,#18,#26,#49,#50,#51,#52,#53,#54,#58,#101,#102,#201,#202,#301,#302,#401,#402,#501,#502,#601,#602,#701,#702,#801,#802,#901,#902,#1001,#1002,#1101,#1102,#1201,#1202,#1301,#1302,#1401,#1402,#1501,#1502,#1601,#1602,#1701,#1702,#1801,#1802,#1901,#1902,#2001,#2002,#2101,#2102,#2201,#2202,#2301,#2302,#2401,#2402,#2501,#2502,#2601,#2602,#2701,#2702,#2801,#2802,#2901,#2902,#3001,#3002,#3101,#3102,#3201,#3202,#3301,#3302,#3401,#3402,#3455,#3501,#3502,#3601,#3602,#3701,#3702,#3801,#3802,#3901,#3902,#4001,#4002,#4101,#4102,#4201,#4202,#4301,#4302,#4401,#4402,#4501,#4502,#4601,#4602,#4701,#4702,#4801,#4802
#10,1.0,0.15685040123038674,0.4340396369402896,0.33989752089824604,0.11054355361824543,0.26044513861772745,-0.03279331256126035,0.5012120584274319,0.35097418897273863,0.2249488002932528,0.21212217803950945,-0.16221660862705098,-0.05246196877813992,-0.09041748679167098,-0.5752440452948067,-0.4100773773000024,0.23258452932129509,0.4357561220505383,0.12128712476790794,-0.36186757405031517,-0.42620309349823493,-0.2728860696953518,-0.049108686817171225,0.008553737777813195,-0.08784993106965551,-0.15247710954745036,0.2561579102550821,0.18737100462988787,0.01376853748137287,-0.2958091944313844,-0.00380909880547299,-0.3463076444947366,0.10786124680250858,-0.2370359154985696,-0.3979854807991139,-0.38971543322522295,-0.10133477834710612,-0.2502673541107189,0.05120448804277666,-0.1418610396130338,-0.1302297412522213,-0.3384456008096327,-0.2694594745356167,-0.19536214329542828,-0.06164365004103945,-0.2274956370677908,-0.12457187482568194,0.5659173313995649,0.013111906222856186,0.575145231852991,0.24761054753803122,0.5326235765684642,0.2651308082780164,0.27675095028249486,0.16656918136250987,0.10291898094653715,-0.3096398887551897,-0.35692212066396256,-0.04218537082931572,0.11934432500059766,-0.08806030807481134,0.11752743268334276,-0.3764664631959773,-0.2534947286216322,0.4659165345169696,0.20146945150570966,-0.24305875415375053,-0.34749181203133345,-0.205531958976484,-0.4353799934655627,0.15899720294209055,0.04813489628573022,-0.17877104766154803,-0.07543290646988979,-0.4745085226593566,-0.22861764776195523,-0.31381236602411366,-0.12172541019531592,-0.035942592577835504,0.1656240786044992,0.13656336411956427,-0.25138617727450213,-0.222962968865797,0.30429758783638405,-0.06677557395468925,0.1739961271505869,0.10282973009586498,-0.21933237176166837,-0.16483994613073655,-0.2849652160747157,-0.07547115683446358,0.022859374128409663,0.03614500075703846,0.07307891528341129,-0.06786889687542334,0.028780211811393827,0.041938337224776676,0.22804389229334843,0.354074062268406,0.11243216536907617,0.4018216736128266,0.27793989911466344,0.1479492226410283,0.22499661324897002,0.24893496641139862,0.02980819035931436,0.16260389356836058,-0.12642701750751062,0.12568591669389348,-0.005788555172166485,-0.26680107419773846
#11,0.15685040123038674,1.0,0.07392042330403462,0.5213110312457666,-0.04834367952569548,0.07341041844305078,0.08218090828678211,0.29822852999067645,0.42630668823562223,0.48106846018376115,0.03874761931324658,0.21426260469045097,0.4368908828662273,0.28194024974300536,0.11716564798508236,0.0651738399381619,0.2670305763851812,-0.11901441560614874,-0.01884946090892429,0.4227764983384998,-0.06733657930177148,0.022255337121181936,0.1821498298655659,-0.09201125198224545,0.19497007705854696,0.2883184980356844,-0.3379658774872698,-0.09470471515431632,-0.05214640327040617,0.08815752775143638,-0.12844791176915904,0.04638653587167003,0.112717449338189,0.13374558726262858,0.18764672600785726,0.12102415351146316,0.17482966634525735,0.12873478950346245,0.17714062587159035,0.3450453824638016,0.1759500832742312,0.06636916383109276,0.08827387261034832,0.06290591207197443,-0.030931794818669367,0.0414060196511248,0.006886659388472297,-0.23965287794149287,-0.13792762712269602,-0.15484863215102518,0.17576520651212457,-0.020518133063455762,-0.2487739961271506,-0.06797249161281069,-0.21577508785630614,-0.1507207803074373,-0.07613256938855198,0.26585437767453723,-0.005085704723123142,-0.03288415717712309,-0.035142522452167126,-0.23507239678378183,0.2746886181258915,-0.07546478177370128,-0.23020185036138627,-0.2889241288081027,0.26704970156746805,0.06335854138609759,0.44893337264620803,0.4261744057248046,0.44966172333830057,0.25296878610874257,0.3965112479978325,0.2470559172517113,0.04205468208368861,-0.11097865151527225,-0.2052562375985146,-0.08354676505510443,0.0271960092119628,0.20675118934727346,-0.12685095904820343,0.029562750519965892,-0.033429224872299566,0.24167058467276017,-0.0898357624971113,-0.12183537999346557,-0.08498115372662146,0.17644255671811873,0.008000701256683852,-0.05166189865247153,-0.17251551928854322,-0.07671588744830224,-0.1489787949541394,-0.07876068818780929,-0.10291260588577485,-0.174276629824128,0.15216154403971663,-0.17883798579955215,-0.10232131900007171,0.024045135430197068,-0.1738574695790069,-0.07645450995704803,-0.22385228984213756,0.009242244340141367,0.029795440237789766,0.03870140012271992,-0.053491541091251024,-0.20878164620006534,-0.262233343161552,-0.3327781717919499,-0.06820836886101571
#12,0.4340396369402896,0.07392042330403462,1.0,0.5569970276279196,0.2820805010797759,0.5406625281897218,-0.04241327925156787,0.04241646678194901,-0.009447840049725474,0.41778960705719226,0.20462191905266597,0.005571803106248357,0.2283514889751293,-0.33877551020408164,-0.4789519400106782,-0.00036975352421327767,0.6607893918988915,0.7804142195730303,0.038768338260724046,-0.16165879081034992,-0.46223812445712376,-0.038189801496545515,0.15399596777406785,0.34569882619193715,0.10673445481277244,0.2353513056921324,0.16601614484138053,0.2982572177641068,0.3368550231494394,0.1650869797352756,0.3440811545235041,-0.030711855222370087,0.2025595868960626,-0.0010407286694451307,-0.21817529823331128,0.029959598052418938,-0.1774928479787073,-0.16924989441305613,1.75314170963192e-05,0.06509574544382377,-0.1544980038090988,0.1521711066308601,-0.404247384232881,-0.01092844791176916,-0.4253679605383739,-0.28708014248260805,-0.11079855604873734,0.21543720963590435,0.07105323972619114,0.31164643913012297,0.2378152666767605,0.44348907075520566,0.4532413199563308,0.440746200862227,0.1578130354054937,0.2745403979631681,-0.4445760186151774,-0.45665038369896965,-0.3512738168285666,0.17374590601566672,-0.29829387436349003,0.034673955486138226,-0.07214018758616293,-0.27947310122799607,0.39536692459100004,0.20906055510841587,-0.12186566153208647,-0.32885591565794614,-0.2074237582576959,-0.17672784068723155,0.20045103554893257,0.35393221716644485,-0.37751197316099416,0.16691184087848338,-0.5668688092183378,-0.1734542469857916,-0.3082421566830559,0.1087218800054188,0.2735618261361554,0.5313756584242444,0.07301197714540716,0.2756130019364247,-0.2181737044681207,0.21185761301787406,-0.02793711002557993,-0.012538150754249376,0.05231056108503534,-0.08506243575134076,0.26485349313485645,-0.23988078636374502,0.05767198718612787,0.0629457562017388,-0.04802014519200886,-0.14159647459139846,-0.21710110049486409,0.4231287204456167,0.31904788467515083,0.5864944337750719,0.5925172724302529,0.35617305102439256,0.6037851923276144,0.6668839499876483,0.40315565507733747,0.5123221955709265,0.46066507821402675,0.3272764943540868,0.5470933707336898,-0.47767692785821864,0.07849771693136451,-0.5101785813896039,-0.5234769581397573
#13,0.33989752089824604,0.5213110312457666,0.5569970276279196,1.0,-0.009141837133135175,0.2438954808788021,-0.0014694515057096637,0.10019523623584538,0.19016328124377435,0.7477786897656369,0.259836320314928,0.13419662281156117,0.34861382272549785,-0.0132234697861964,-0.2641713616332906,-0.13381890046139502,0.7176708715504945,0.20486257759644272,-0.15653005442708126,0.05988891456621696,-0.3708468471340117,-0.2041390081999219,0.16101969096892954,0.029624907362398298,0.1831427455792938,0.2381977703224984,-0.08415717712309445,0.18440660137541937,0.2240626668472934,0.07777892883041541,0.01923196455466216,0.08049311094996374,0.22210233566288679,0.16651658711122092,0.08350373339495892,0.08587525599853374,0.1582066954075656,0.05934225310584992,0.26446939572392797,0.3926957741315972,0.13246101251902556,0.18219764282128315,-0.09359067328610476,-0.03177967790005499,-0.24520077456988262,-0.2473619201683016,0.01287762273984174,0.17450613201157072,0.0379284240052913,0.28372526675644877,0.4222393994692762,0.4034106575078294,0.16818844679613354,0.28591191259791693,-0.07220075066340476,-0.03617528229565938,-0.27941253815075423,-0.10480281140179618,-0.06654129047167481,0.11614404449792412,0.006701782626365657,0.14009992907744903,0.08796786969375801,-0.16957502251193332,0.0322657762831802,-0.1756759556614524,0.15956617711512563,-0.12074365083792205,0.09965813736662178,0.045680497892245535,0.3840591605638741,0.3285323813242595,-0.04581596793344436,0.19989799902780322,-0.3456940448963654,-0.04362932209197619,-0.2797854792053487,0.1551163847030417,0.14451306489014973,0.2370486656200942,-0.2448963654184829,0.16942361481882875,-0.28625616587908104,0.05965781861358366,-0.1856832072930695,0.06368207571978421,0.06682338691040648,0.16396815657149233,0.1813752599829467,-0.16629345998454048,-0.10291419965096542,0.08146849524659532,-0.13050227509980955,-0.05312816262780005,-0.11101052681908374,0.08694148491102806,0.0789726589581557,0.2309365761142411,0.17460335168819577,0.38725944106654764,0.3162827020695041,0.29739817832638715,-0.07245415932870611,0.22947828096486544,0.38110591366573965,0.23085370032433122,0.3183530030520603,-0.23155017571261227,0.1116815019643156,-0.44474336396018777,-0.3496210823259409
#17,0.11054355361824543,-0.04834367952569548,0.2820805010797759,-0.009141837133135175,1.0,0.48093617767294344,0.27307572775303013,-0.002862402282271753,-0.1586991688514531,0.05932312792356302,0.03495445815967933,0.49484018519551515,0.32696571014192477,-0.11656798603861693,-0.19287905712851325,0.1697885870474703,0.004684075895098375,0.28266381913952615,0.024899393572344986,-0.01687637960299309,-0.27971694730215396,-0.0997505757476751,-0.1933683430420196,0.08226378407669198,-0.2654352174294161,0.032088868347026435,-0.06687438739650488,-0.12789009395245798,0.14861541649068843,0.24586218712397104,0.3615679461944872,0.04968722358134976,0.021428172987273786,-0.014710452709002383,-0.022472089187100065,0.08127564965853581,-0.21861677119110043,-0.09162077951055471,-0.24305078532779767,-0.11105515224441984,-0.09734717784028879,0.20593518156969934,-0.20192208081983282,0.19319143510586587,-0.007226131374064659,0.014654670927332277,0.13709249416283498,-0.055094868872968945,0.024470670736080453,-0.036851038736462956,-0.03916199826279594,-0.009634310577022687,0.06130099052506594,0.05884499836639068,-0.23603981225446055,-0.06665285403501502,-0.2644678019587374,-0.3011419327590466,0.01996828407270757,0.17755022352556799,0.0011379483460701736,0.11504912781199945,0.0658798779175864,-0.016148028910900558,0.07901887814868236,0.12369530397086598,-0.02581262102654416,-0.07798293077480895,-0.19678218808023015,0.1121373188088199,-0.059394847357138875,0.14863294790778475,-0.2898803879224474,0.010909322729482265,-0.2547729283044729,-0.07525599853373602,-0.1803090310704524,0.06809999282805665,0.1986707998310609,0.39953462056435224,-0.0002040019443935325,0.4406330435336962,0.15220138816948098,0.21061288240403542,0.6363633465881472,0.2034967208281204,0.35163719529201765,0.19048362804707983,0.2838973933970308,0.250398042856346,0.37541617193538873,0.17806182215174238,0.2348253631792428,0.06017101100494864,0.18811051167831444,-0.13568838702993888,0.21650184478320808,0.16709831140578058,0.3414610045501996,0.06766967622660154,0.0453203069591757,0.22447863956203332,0.4208560112838575,0.15089450071320992,0.08147168277697647,0.030566822590027812,0.2018423925603041,-0.07793989911466344,-0.07398098638127645,-0.1565698985568456,-0.0025101801751547946
#18,0.26044513861772745,0.07341041844305078,0.5406625281897218,0.2438954808788021,0.48093617767294344,1.0,0.10258747778689765,0.13679127254181642,-0.08603782004797234,0.18410856728478192,0.23929109324323247,0.4477731115874698,0.4957326937022368,-0.5053717855748313,-0.3220664759460989,0.14330180334531314,0.32547713345392826,0.5611424108886037,-0.1828941182095642,-0.26638828901337963,-0.1089848512618636,0.08540828279769541,0.05672529066292663,0.2427543450023508,-0.16216879567133374,-0.0522133414084103,0.2491851875463188,0.26798683549952584,0.4754089999920312,0.4833507319366638,0.5472782474957965,0.07388217293946082,0.10279944855724406,-0.011401796173369777,-0.04058841810836009,-0.0921084716588705,-0.19229733283395356,-0.1645116305014782,-0.19642040338196973,-0.1593988317701153,-0.02996437934799066,0.1218019109244635,-0.011454390424658735,0.2962873239885568,-0.0408689207819012,0.12186725529727706,0.012565244762489143,0.10346245487652304,0.28944050872984883,0.4008176015427647,0.13623186095992476,0.33451537584967606,0.3473228729211325,0.4517415869120003,0.01093960426810318,0.1230880794332571,-0.4556271864466208,-0.3883177011530891,-0.3028345113914367,0.1732837141104001,-0.41486504793248813,-0.072847819330778,-0.23339416203810692,-0.15141247440014663,0.1684402616962443,0.3677836304377276,-0.33415518491660623,-0.4005673804078445,-0.44319263042975876,-0.201273418387269,-0.1298998318577724,0.07434755237510858,-0.3588936082047032,-0.22327694060834016,-0.6310082955478169,-0.32277888898628565,-0.3653403884005769,-0.07360167026591972,0.17358652949660927,0.40034265951597353,0.05109770577500817,0.6146323582146642,0.2380798316983959,0.22457585923865836,0.33404202758807544,0.07322076038537242,0.10762377578911299,0.28580991162572017,0.2807305819633593,0.21489373570591844,0.37239758066444073,0.24651563085210657,0.11998979990278032,-0.12808772083608921,-0.014761453195100766,0.20753213429065495,0.15710540366087863,0.17946911681501965,0.33270007729761175,0.14455609655029525,0.3366733339177139,0.40823976603527,0.6004478480185514,0.09950513590832663,0.21070691455027932,0.12538788260325606,0.28595494425806245,-0.5245798436516348,-0.14596817250914423,-0.437633577445035,-0.4412673620795448
#26,-0.03279331256126035,0.08218090828678211,-0.04241327925156787,-0.0014694515057096637,0.27307572775303013,0.10258747778689765,1.0,-0.1713680083513296,-0.05020519726828646,0.07072014280136107,-0.05918447035198304,0.19516451641179705,0.29462024559921585,0.0017547354748224944,0.0449457721393907,-0.09692164253440541,-0.2248977998071544,-0.18772163297181427,0.1207277131860163,0.10953788778299293,0.12508984851261865,0.06316250826765693,-0.20463626293938114,0.046407254819147495,-0.057386703217015035,-0.00559092828853525,-0.3298679565539609,-0.09908438189801497,-0.18625696276167633,0.07989066770792659,-0.14364286909609608,-0.2768370136027859,-0.24033500944305874,-0.3476161257161982,-0.011398608642988629,0.04769501709313167,0.062298687534365564,0.04032066555634358,-0.09185346922837859,-0.045181649387595724,-0.16005386926344142,0.09439552470734487,0.14698021340515902,0.33575851269832413,0.07150268150993314,-0.05362063607168756,-0.1500418363362526,-0.1397572695614755,0.02313668927156962,-0.12833316067543768,-0.1826821474392178,-0.2965901393747659,-0.05511080652487469,-0.10245200774569882,0.05571006223653069,0.09121915068252995,0.12566360398122545,0.052911410561881915,0.12244897959183673,0.04227462167998789,0.13204503980428564,-0.002470336045390433,-0.06496027540262493,0.24732366980372783,-0.19722047350763813,0.26077982930774807,0.1681597590227032,0.20373897313708772,0.06322466511008933,-0.023769414052227687,0.034321733379021266,-0.025522555761859606,0.01659747069464256,0.17266214568607607,0.08340491995314331,0.3412713464925213,0.1483731641817211,0.2161703416235686,0.04420626509096415,0.09936010327598435,-0.18667452924160682,0.24870068292838415,0.14440309509200008,0.10367761317725059,0.12381961765573078,0.25227868578122387,0.2993632908063655,0.07716054793647252,0.097458741403629,0.1966100614396481,0.16900923586927938,0.18364000031875305,0.198288296185323,0.27929300576146115,0.3640111882316378,-0.19131716724175027,-0.030899919514857876,-0.3742893799456526,-0.12806540812342118,-0.19029875128497317,-0.29810740383619283,-0.30420833698571187,-0.08300647865549969,-0.37460335168819575,-0.3743802245615154,-0.3563786467339767,-0.24444373610435974,0.15912311039214594,-0.12871566432117557,-0.04703997959980556,0.2506434826956944
#49,0.5012120584274319,0.29822852999067645,0.04241646678194901,0.10019523623584538,-0.002862402282271753,0.13679127254181642,-0.1713680083513296,1.0,0.6790188781486823,0.1848225740901593,0.22050538294193117,0.054223079313724706,0.06552446828008829,0.1709568169321614,-0.21307524962347296,-0.21503876833826072,0.14141478535967297,0.225423742320044,0.003909506012479182,-0.10100805648303836,-0.1300241455426372,-0.2571253257257608,0.073072540222649,-0.19821179545617545,0.009575341264971431,-0.14513463331447377,0.171568822765342,-0.08219047087792555,0.10042633218847867,-0.183318059750257,0.027463761763979314,-0.20612324586218714,0.24791495668943095,-0.028451896182135485,-0.12122974922104726,-0.2509638294989999,0.005219580999131398,0.00181370478687375,0.1329327670154356,-0.1273832766218553,-0.02956115675477532,-0.257450453824638,-0.05861549617894796,-0.08456836854226267,0.15203085529408952,0.25874299739419393,0.17747850409199212,0.214284917403119,-0.01857533329614548,0.22919777829132434,0.24278462654097172,0.2741913633864323,-0.007020535664480552,-0.07597956793025684,-0.07119667859334285,-0.23211914988564736,-0.42265855971439725,-0.13912454478081746,-0.18612308648566805,-0.13265067057670393,-0.28948354038999435,-0.28082302034441264,-0.15810788196574999,-0.3117882842320841,0.1908661316928177,-0.13682155408043734,-0.13974133190956975,-0.1532437106041167,0.05988891456621696,-0.1573269370223685,0.2615336802428898,0.023112782793711,0.2443847667923085,0.013897632461809402,-0.21956824900987337,-0.44903856114878593,-0.49317151304098367,-0.618640677668959,-0.24769661085832223,-0.04168652232466591,0.18198567205093674,-0.29839109404011505,-0.06150180493907832,0.48972419893377106,-0.13011020886292823,-0.18022456151535193,-0.39142394950951875,-0.12604451386177273,-0.29954179250770985,-0.11024870705798914,-0.06246603287937588,-0.26402792276613885,-0.18504570121683972,-0.28879662759285674,-0.31848528556287803,-0.06111930129334045,-0.03650678545529887,0.07964204033819697,0.08785630613041781,0.16162691550653843,0.2148220162723426,0.07583294153272398,0.01731785256078222,0.20032353433368663,0.2398887551896979,0.2826526627831922,0.17881407932169355,-0.2187554287626804,-0.3396680187108033,0.013065687032329527,-0.26876299914733565
#50,0.35097418897273863,0.42630668823562223,-0.009447840049725474,0.19016328124377435,-0.1586991688514531,-0.08603782004797234,-0.05020519726828646,0.6790188781486823,1.0,0.33417909139446483,0.19125182286893672,-0.05641131892038346,0.13200519567452126,0.32369689773605653,0.012359649052905035,-0.15534429312529385,0.21396775813019467,0.05030879200567381,0.052136840679262726,-0.02158276821075951,-0.035695558973296466,-0.24676107069145503,0.14446365816924192,-0.10859278502498226,0.11646120377084844,-0.0015220457569986214,-0.03842408497955996,-0.10535903545330666,-0.013175656830479165,-0.2790140968531106,-0.11621735769669055,-0.16784419351496943,0.2604738263911578,-0.032806062682784944,-0.10493190638223271,-0.19869630007411007,0.13353042896190104,-0.07496274573867032,0.18433806947222467,0.0286383667094327,0.03154220688665939,-0.2330658464088486,-0.033253910701336375,-0.251255488528875,0.05488289810262254,0.0877128672632661,-0.014211604204352572,0.07556678274589805,-0.19748344476408292,0.06492680633362287,0.0664297269083346,0.12228322801201699,-0.15525026097904995,-0.10417964921228155,-0.009602435273211198,-0.10468646654288424,-0.19278024368669763,0.0075448844121795535,-0.10728430380352062,-0.1891544278781407,-0.14874610523631554,-0.30708508315469885,-0.10979129644829427,-0.3698061184645666,0.006534437281355338,-0.32953964092470256,-0.01113563738654384,-0.11363227055757875,0.2449393970786284,-0.10493031261704214,0.27506634047605766,-0.04363091585716676,0.21118026281187993,-0.04809983345153759,-0.05626628628804118,-0.4244053263632669,-0.287657085481596,-0.4240817920295803,-0.02643737698124935,-0.04465411310951557,0.22887743148801887,-0.38637330762058825,-0.14503900740303932,0.4500155392106081,-0.3521535752137638,-0.012391524356716525,-0.27000772976117426,-0.16744097092175408,-0.4272406346372989,-0.07450055383340372,-0.37561539258421056,-0.13317342555921236,-0.26174086971766447,-0.06914390902788292,-0.2675087059423535,-0.058899186382870214,-0.027927547434436484,0.04279897042768689,-0.04069201284574744,0.07569269019595343,-0.017992015236395223,0.044662081935468445,-0.054054140203523816,0.20638143582306018,0.06819880626987226,0.12852760002868777,0.05126983241559021,-0.18846751508100312,-0.26590378439544504,0.017714700093235263,-0.1026464470989489
#51,0.2249488002932528,0.48106846018376115,0.41778960705719226,0.7477786897656369,0.05932312792356302,0.18410856728478192,0.07072014280136107,0.1848225740901593,0.33417909139446483,1.0,0.39402338053534575,0.23897393397030817,0.3378431575675956,0.07226609503621831,-0.11797368693670361,-0.2066316569579804,0.7489501071807091,0.13592267051295331,-0.10923188486640263,-0.03148164380941756,-0.1423981384822574,-0.2599526651738399,0.27410370630095066,-0.03454645427089227,0.26383507717807936,0.11893950864219174,-0.16618986524715312,-0.18928511662376782,0.28540190773693314,-0.05600490879678697,0.04186502402601025,0.154074062268406,0.3207452446031126,0.23252396624405328,0.12836184844886803,0.04287387739164389,0.2545625512993171,0.04448039270374296,0.374950792499741,0.3535624636422316,0.10821665644000669,0.0016479532070540048,0.08010423224346357,-0.11110296520013706,-0.12503725426132967,-0.1952983926878053,0.04137573811250388,0.01204408354517129,0.06342229199372057,0.12906788642829253,0.38416913036202377,0.2258285586784499,0.19822454557770003,0.20570408561706605,0.08137286933516084,0.012488744033341569,-0.15025540087178957,-0.0565149136577708,0.045940281618309174,0.22108073217572854,-0.06842352716174326,-0.029830503071982404,0.03585812302273506,-0.20483707735339352,-0.1960283371450884,-0.27329885487971056,0.0862960100088454,-0.162227764983385,0.09456446381754575,0.06930966060770266,0.3289180725003785,0.2124616500251018,0.014938361131254532,0.18510785805927213,-0.21705488130433742,-0.025764808070826924,-0.0994254476487979,0.19457163576090333,0.18716700268549435,0.10006135995983712,-0.2717178398106607,0.049891225525743294,-0.13351608507518586,0.08843962419016806,-0.24880587143096208,0.09830981201539578,0.0950983751563882,0.14044896365418483,-0.055732374949198735,-0.04263959390862944,-0.09217222226649348,0.21039294280773613,-0.06489493102981138,0.015153519431982086,0.015041955868641873,0.10916175919801735,-0.06697001330793934,0.19187498505845133,0.016403031341392472,0.3751707320960403,0.11606116870801425,0.32786937500498053,-0.05212249679254755,0.2820167504721529,0.30459243439664035,0.3240443385476018,0.2482974603351688,-0.30730183522061694,0.058668090430236915,-0.4875232092055877,-0.2788579078644343
#52,0.21212217803950945,0.03874761931324658,0.20462191905266597,0.259836320314928,0.03495445815967933,0.23929109324323247,-0.05918447035198304,0.22050538294193117,0.19125182286893672,0.39402338053534575,1.0,0.17848257616205404,0.25752217325821386,0.07100702053566448,-0.14159169329582671,-0.1888069870665955,0.36167950975782737,0.27526874865526063,-0.07596681780873224,-0.16887376582808056,0.016927380089091473,-0.11438293396233933,0.4022519902142817,0.10559491270151168,0.06900047016073121,0.040567699160882625,0.1743467554925133,-0.027532293667174017,0.16028974651164643,-0.145032632342277,0.13673389699495572,0.06707520181051725,0.19484576337368215,0.14242523249049718,-0.10702770760783814,-0.2529799424650766,-0.19202479898636535,-0.05986660185354892,0.11109180884380304,0.055754687661866774,0.04810939604268103,-0.07811999458119835,0.1753077959024297,0.003914287308050905,0.04767907944122592,0.22482129907800683,0.11348086286447417,0.1635203085529409,0.004779701806532844,0.15612523806867534,0.2192654336236642,0.2754376877654615,0.2997888261122489,0.3050912829012902,0.09104383651156675,-0.009197618914805281,-0.08420499007881169,-0.004572512331758162,-0.27151543163145775,-0.024230012192303706,-0.48960307277928744,-0.365063073257417,-0.04098207811043199,-0.3061734494656902,-0.07470296201260668,0.03261481085991601,-0.08832009180087498,-0.16939333328020784,-0.07726892396943158,-0.029170684283084572,0.06767605128736383,0.04180127341838727,-0.10942154292408099,-0.07794946170580688,-0.1962164014375762,-0.05406848409023898,-0.2199985656113285,-0.10606188590235001,0.18943174302130067,0.03304034616579939,0.11125277912805107,0.13560391747483844,0.054516332108790415,0.13226179187020376,-0.14157894317430214,-0.17291236682099625,-0.23404760576624245,0.20073313198766427,-0.051577429097371084,0.020419319621640144,0.13990708348938952,-0.013276064037485357,-0.14262604690450956,-0.2944433376630621,-0.30546263019069403,0.08088517718684506,-0.033564694913498394,0.22972053327383277,0.16667755739546894,0.1642582218361769,0.12011570735283571,0.24713879304162117,0.2344508283594578,0.08416195841866618,0.19358987640350947,0.13901298121747724,0.1479189411024074,-0.5136768959829149,-0.03236458972499582,-0.4467483205699304,-0.5129262325781543
#53,-0.16221660862705098,0.21426260469045097,0.005571803106248357,0.13419662281156117,0.49484018519551515,0.4477731115874698,0.19516451641179705,0.054223079313724706,-0.05641131892038346,0.23897393397030817,0.17848257616205404,1.0,0.5900612802715776,0.025533712118193625,0.08036242220433663,0.10103196296089698,0.19611918176095117,-0.0483484608212672,-0.1203165217668481,0.14420706197355943,0.08183506124042744,-0.05572121859286471,-0.07980141685725442,-0.09397158316665205,0.042631625082676566,-0.0125429320498211,-0.2692267848177928,-0.27788252356780274,0.34072309126696365,0.4480440516698675,0.3104383651156675,0.1665293372327455,0.12748049629848035,0.18171791949892022,0.42760560686594046,0.2840806763939469,0.23907274741212378,0.2963303556487023,0.07429177059343847,0.0740335806325654,0.277641865024026,0.31594323008391173,0.30389277147797816,0.32277729522109505,0.1602865589812653,0.10392783431217079,0.0751205284925372,-0.2501063838264708,-0.03987759883336388,-0.17137597717728248,-0.04099164070157544,-0.12976276805138298,-0.1431041764616819,-0.044233359099203916,-0.25880834176700745,-0.1998756863151352,-0.22843595853022974,-0.00924702563571309,0.09760696156635243,0.06949613113499988,-0.0215269864290894,-0.08749292766696683,0.16765294169210052,0.08880459641880961,-0.3277896867454518,-0.10352461171895545,0.09411024073823204,-0.002033644383173027,0.0747396186119899,0.3099474854369706,0.08463849421064795,0.1096398887551897,-0.025334491469371816,-0.07763070866769199,-0.19391500450238666,-0.15616826972882086,-0.17485038529273483,0.01304178055447091,0.229918160157464,0.22873080509048602,-0.12835387962291517,0.5247280638143582,0.27592059861820556,0.1683828861493836,0.5696674608929866,0.20883264668616372,0.23074532429137215,0.5670552797456351,0.20273171353664465,0.599775279108129,0.3376088740845811,0.3936679708978476,0.10789471587151064,0.1087346301269434,0.20027731514315997,-0.07424873893329295,0.022111898254030232,-0.10675995505582163,-0.09553187928822447,0.043559196423590914,-0.22013084812214617,0.0176876060849955,0.18506323263393604,-0.135380790348158,-0.04252165528452693,0.07210990604754201,-0.0013833881854186422,-0.16843707416586315,-0.09737905314410028,-0.33532182103610675,-0.023629162715457133
#54,-0.05246196877813992,0.4368908828662273,0.2283514889751293,0.34861382272549785,0.32696571014192477,0.4957326937022368,0.29462024559921585,0.06552446828008829,0.13200519567452126,0.3378431575675956,0.25752217325821386,0.5900612802715776,1.0,-0.13507638119675827,0.002879933699368072,0.27899178414044257,0.23766704651403708,0.10184000191251823,-0.15256157910255083,0.2288758377228283,0.027001569858712715,0.17700356206520093,0.07879575102200193,0.051532803672035,-0.14956370677908024,0.08581150539091076,-0.11782865430436133,-0.03178764672600786,0.2302432882563412,0.455139494298305,0.3633051502522133,0.21789798309015132,0.1907099427041414,0.22217246133127205,0.16523998119357075,0.12343870777518348,-0.10139693518953853,0.1220887886587669,-0.14249057686331074,0.03822327056554758,0.09530397086597231,0.19635824653953732,0.013016280311421718,0.19119125979169488,0.05188821330953311,0.13231757365187388,0.003732598076325415,-0.35416171935388757,-0.006441998900302019,-0.13149997210910916,-0.05471874028799337,-0.12600148220162724,0.07638597805385333,0.12386424308106686,-0.09917363274868714,0.010359473738734073,-0.22131820318912415,0.07325901074994622,-0.198063575293452,0.06073998517798373,-0.2207093848863247,-0.20235399118647848,0.16276008255703686,0.05517455713249767,-0.2202153176772466,-0.01384344444532987,0.1923467395548614,0.05242053088318498,0.024625265959566177,0.26565993832128715,0.0654176860123198,0.13293914207619792,-0.09204153352086637,-0.04384766792308489,-0.19822454557770003,-0.25187865071838966,-0.25402067113452176,-0.019340340587621227,0.18996884189052426,0.28805871430962077,0.07809130680776802,0.6537178557483126,0.10073552263545012,0.3879654790459722,0.24877080859676945,-0.04825761620540446,0.005420395413143782,0.4626525034066731,0.15406449967726255,0.24064738742041136,0.089005410832822,0.10965423264190487,-0.10593597845229462,-0.18794157256811353,-0.09338985887209238,0.0016367968507199834,0.15248667213859382,0.0035493150794093506,-0.04941150220338038,0.10324251528022377,-0.05362541736725928,0.12886707201428013,0.22094366836933915,0.04185068013929508,0.03924806158308696,0.09523384519758704,0.1769493740487214,-0.36097665930878403,-0.3520244802333272,-0.4199682840727076,-0.19271489931388408
#58,-0.09041748679167098,0.28194024974300536,-0.33877551020408164,-0.0132234697861964,-0.11656798603861693,-0.5053717855748313,0.0017547354748224944,0.1709568169321614,0.32369689773605653,0.07226609503621831,0.07100702053566448,0.025533712118193625,-0.13507638119675827,1.0,0.26487899337790566,-0.2383906159105579,-0.07143893090231017,-0.3572679677103172,-0.04041469770258748,0.26619544342532014,-0.007608635019802533,-0.19960952752830927,0.15990246157033683,-0.0994318227095602,0.2610109252603814,0.21569539959677742,-0.19019993784315756,-0.26264453458072023,-0.27917028584178694,-0.3226609503621831,-0.18391572169672243,0.007528946760273809,0.20708428627210354,0.10962873239885568,0.20824932862641346,0.08575572360924065,0.19816398250045822,0.10033230004223478,0.21437735578417233,0.2732271354461347,0.15609814406043557,-0.03494489556853589,0.08830256038377866,-0.19297787057032886,-0.07843396632374153,-0.06115755165791424,0.26236881320275085,0.043038035206273056,-0.38159360581405544,-0.33493931739036886,-0.010581007100223925,-0.10225916215763932,-0.40148220162723425,-0.32151662695535066,-0.15167863318697256,-0.19637577795663366,0.03462614253042099,0.2638143582306019,-0.07595406768720764,-0.3863318697256333,0.07927069304879313,-0.22140426650941517,0.47489899513104733,0.0170006932878579,-0.16465506936862992,-0.45171130537337933,0.5775868801249512,0.4627035038927715,0.5597462725816605,0.3438644024575859,0.24798189482743507,0.05278072181625481,0.44737785782020734,0.3396935189538525,0.4456629664751492,0.08656057503048076,-0.0417056475069528,-0.2517176804341416,0.07274581835858122,-0.28606013276064035,-0.08541625162364828,-0.3273593701439967,-0.1945684482305222,0.1458948593103778,-0.10789471587151064,-0.14705512036911603,-0.2463307540899999,-0.059394847357138875,-0.26868649841818804,0.012093490266079098,-0.2752751237160229,-0.31377092812915874,-0.1858218648646495,-0.14426124999003898,-0.2357624971113006,-0.12595526301110058,0.06345576106272263,0.0012893560391747485,-0.06798205420395413,0.010748352445234243,-0.22252946473396074,-0.10668186056148347,-0.2502275099809545,-0.01597908980069966,0.013562941771788762,0.1080285921475189,-0.04799783247934082,0.11990533034767988,-0.07392042330403462,0.023761445226274814,0.22213580473188885
#101,-0.5752440452948067,0.11716564798508236,-0.4789519400106782,-0.2641713616332906,-0.19287905712851325,-0.3220664759460989,0.0449457721393907,-0.21307524962347296,0.012359649052905035,-0.11797368693670361,-0.14159169329582671,0.08036242220433663,0.002879933699368072,0.26487899337790566,1.0,0.36911761190223846,-0.223861852433281,-0.530331742224418,0.2854449393970786,0.36054634270732894,0.5446756289395883,0.04818589677182861,-0.015810150690498768,-0.11826375220138817,0.4498354437440732,0.10251416458813123,-0.40217708325032475,-0.2939588330451275,0.015652367936631897,0.12153575213763756,-0.2690259704037804,-0.03192152300201611,-0.3342763110710899,0.13380933787025157,0.37606642813314317,0.2952035636589661,0.4253679605383739,0.49087330363617526,0.22980340906374264,0.0420116504235431,0.24522308728255066,0.19939277546239112,0.252806222059304,0.27149790021436143,0.030786762186327088,0.059951071408649366,-0.1163639840942234,-0.4912111818565771,-0.24304600403222593,-0.5382304425089052,-0.33823044250890516,-0.5622421088701002,-0.5477133453928232,-0.5116241264174549,-0.18169879431663333,-0.0986142211667955,0.26467817896389323,0.3666106192574648,-0.042951971885982036,-0.15975583517280398,0.12072452565563516,-0.306885862505877,0.48623225940122244,0.3121468813999633,-0.5232697686649825,-0.35624477045796843,0.23185936615958372,0.3919259855445497,0.5286120695837883,0.44951509694076774,0.055644717863717136,0.00036497222864155423,0.2391014351855541,0.022717529026448535,0.46077823554255753,-0.11932041852273904,0.22361641259393253,-0.031738240005100046,0.18420897449178814,-0.005361426101092526,-0.032495278470622925,0.014850704045772937,-0.05800827164133908,-0.17726334579126457,-0.05860274605742336,-0.21419566655244682,-0.1701137151463475,0.1823809258181992,0.16903792364270973,0.18226617472447784,-0.19308943413366908,-0.03331288001338763,-0.18215939245670934,-0.036205563834280294,0.10754089999920312,-0.10982795304767748,-0.0020718947477468145,-0.45337360246714853,-0.40715759947086994,-0.40944305875415377,-0.6323837149072827,-0.4585915897010893,-0.2940050522356541,-0.4886866577947071,-0.468641872992852,-0.3237542732829172,-0.4312091099618293,0.10034505016375937,-0.2559029078245902,0.14501669469037126,0.3647953207054005
#102,-0.4100773773000024,0.0651738399381619,-0.00036975352421327767,-0.13381890046139502,0.1697885870474703,0.14330180334531314,-0.09692164253440541,-0.21503876833826072,-0.15534429312529385,-0.2066316569579804,-0.1888069870665955,0.10103196296089698,0.27899178414044257,-0.2383906159105579,0.36911761190223846,1.0,-0.1303476798763238,0.07651347926909928,0.07994326195921554,0.530414618014328,0.15450756640024224,0.5938815354333846,-0.18585374016846098,0.09316195044984023,-0.19767629035214243,0.26958378822048146,-0.1658551745571325,0.07031373267776458,-0.01092844791176916,0.31214050633920104,0.306511327686092,0.24373132306417294,-0.04506052323311206,0.2213962976834623,0.03339894333367865,0.26598347265497374,-0.21244571237319607,0.13098518595255362,-0.40028369020392224,-0.038878308058873684,-0.0885001872674099,0.0994126975272733,-0.21304018678928033,0.1508275625752058,-0.027670951238753995,0.22076676043318538,-0.0381531448971623,-0.45940919124385404,-0.061740869717664494,-0.2953597526476424,-0.2731904788467515,-0.35110009642279405,-0.13494091115555945,-0.10509765796205245,-0.3399596777406785,0.08921260030759669,-0.1450772577676131,0.20823339097450771,-0.2276629824128011,0.010428005641928775,-0.037107634932145445,-0.16334658814716826,0.35012152459578133,0.11936663771326571,-0.08035445337838376,0.02880571205444302,0.0348938950824375,0.11568504012303868,0.13376630621010607,0.45192486990891634,-0.09326713895241814,0.021528580194279976,-0.09045573715624478,-0.16236323502458383,0.030165193762003044,-0.2235749746989776,0.011212138115691415,-0.08058554933101707,-0.014732765421670426,0.2598124138370694,0.1706938456757166,0.38098000621568423,0.13351289754480472,0.059450629138808976,0.28008191953079553,-0.2033469069002064,-0.08118002374710134,0.04185386766967623,0.22911809003179562,0.08865159496051447,0.05754448597088191,-0.1335511479093785,-0.017835826247718924,-0.2114814844328985,-0.056894229773127525,0.024383013650598858,0.43100829554781694,0.01667715895417128,0.06406298560033151,-0.19324721688753596,-0.16319039915849198,0.017722668919188136,0.22723266581134602,0.08420977137438342,-0.004805202049582035,-0.03250962235733809,0.07302950856250348,-0.04136776928655101,-0.2731713536644646,-0.049374845603997165,0.09316673174541194
#201,0.23258452932129509,0.2670305763851812,0.6607893918988915,0.7176708715504945,0.004684075895098375,0.32547713345392826,-0.2248977998071544,0.14141478535967297,0.21396775813019467,0.7489501071807091,0.36167950975782737,0.19611918176095117,0.23766704651403708,-0.07143893090231017,-0.223861852433281,-0.1303476798763238,1.0,0.38081106710548335,-0.18116488297779088,-0.09287826024591797,-0.20459004374885448,-0.17172501175401828,0.36232179712962886,0.09407995919961112,0.3621799520276678,0.2017547354748225,0.01587549506331232,0.06206918534692284,0.46625122520699025,0.092664695710381,0.20939205826805538,0.18949071233335193,0.33272557754066096,0.20300743491461404,0.15784809823968635,0.09249894413056124,0.23848146052642064,0.018717178398106608,0.28069392536397614,0.31436380878005243,0.16653889982388895,0.07689279538445601,-0.061227677326299516,-0.146369801337169,-0.34508044529799425,-0.20231414705671413,0.01947740439401063,0.060351106471483555,0.05676672855788157,0.1883559515176629,0.35571882794507886,0.3120863183227215,0.2948545290822303,0.315241973400059,0.12962411047980302,0.11370080246077345,-0.27516196638749213,-0.16982205611647236,-0.14965136386456182,0.102691072524285,-0.20308871693933334,-0.013408346548303038,-0.02040019443935325,-0.27011451202894277,0.03764792133175019,-0.15698268374120442,-0.015816525751261065,-0.3005570209341058,-0.0016511407374351537,-0.028478990190375253,0.26503358860139137,0.27864912462446906,-0.21159145423104814,0.156396178151073,-0.42511933316864425,-0.12427862203061622,-0.25053191913235423,0.14625664400863822,0.33542222824311296,0.24415367083967518,-0.12325542477826741,0.11553681996031524,-0.22284184271131335,0.1697630868044211,-0.20892030377164533,0.0012080740144554502,0.01663731482440692,0.11466343663588044,0.1437289324163871,-0.015587023563818343,-0.10398202232865032,0.243079473101228,-0.1579708181593606,-0.08607925794292727,-0.14053343320928527,0.45074388990270065,0.05680338515726478,0.43701997784666385,0.16024352732111977,0.4969774243160755,0.33405159017921887,0.5521089497884276,0.08708970507375148,0.4365992238363522,0.39683956362709083,0.4670305763851812,0.3458263274071831,-0.4335073193666377,0.1162827020695041,-0.5955502075879161,-0.4588561547227247
