,#10,#11,#12,#13,#17,#18,#26,#49,#50,#51,#52,#53,#54,#58,#101,#102,#201,#202,#301,#302,#401,#402,#501,#502,#601,#602,#701,#702,#801,#802,#901,#902,#1001,#1002,#1101,#1102,#1201,#1202,#1301,#1302,#1401,#1402,#1501,#1502,#1601,#1602,#1701,#1702,#1801,#1802,#1901,#1902,#2001,#2002,#2101,#2102,#2201,#2202,#2301,#2302,#2401,#2402,#2501,#2502,#2601,#2602,#2701,#2702,#2801,#2802,#2901,#2902,#3001,#3002,#3101,#3102,#3201,#3202,#3301,#3302,#3401,#3402,#3455,#3501,#3502,#3601,#3602,#3701,#3702,#3801,#3802,#3901,#3902,#4001,#4002,#4101,#4102,#4201,#4202,#4301,#4302,#4401,#4402,#4501,#4502,#4601,#4602,#4701,#4702,#4801,#4802
#10,1.0,0.6604770139215389,0.5271505869040314,0.7267792396146275,0.3239471188709767,0.4125046816852473,0.6120058331805975,0.7166412992373834,0.43901537186526307,0.7446628788180637,0.7342938424881862,0.32238682274940433,0.3455633561507383,0.31388408545768953,-0.013357346062204655,0.15503829020870355,0.4439289499478042,0.09076333383802565,0.280754488441218,-0.17353712277570146,-0.20341225127301996,-0.11860800548255225,0.2815832463403167,0.26922359728741163,0.005130330148459227,0.08953772840647388,-0.1307732151822072,-0.008958554136219111,0.2164141876977265,-0.024596578186135837,-0.059237064603272,0.15033030783574655,-0.40567221031325457,-0.16156475866410602,-0.13125134473937955,-0.17985799552151982,-0.3009443058754154,-0.3978946361832511,-0.20361625321741347,0.23917952967989226,0.3112989983185777,-0.23835555307636525,-0.06568862609471747,-0.3300305206033995,-0.09197459538286225,0.006795814772609552,-0.035803935006255526,-0.10259225908246938,-0.18922933484209772,-0.36163807186287245,-0.0725354413534254,-0.26978779016487503,-0.35932870610173,-0.0493350014742328,-0.24181721107029303,-0.2977790882069345,-0.3281594402696651,-0.5077018702834512,-0.04525655635155273,-0.26796133525647664,-0.46558184382694895,-0.46750551841197235,0.08694626620659979,-0.07899497167082374,0.324369466646479,0.39693200200814416,0.08645379276271227,0.053298695503191516,0.2215078612468025,0.03426117030177944,0.2580720222489621,0.26275131684848874,-0.012526994397915355,-0.036269314441903275,-0.37381443791886143,-0.3275522157320562,-0.41617671668433087,-0.40847086198790333,0.04541115157503845,0.04796117587995761,0.2025787120783495,0.21006303341328722,0.043651634804644235,0.08904684872777693,0.20743650837922048,-0.3407071536150579,-0.46135677230673605,0.025557618596052243,0.27536756209707625,0.2686769358270446,0.12494003458470464,-0.030525384695072873,-0.09098327343432493,0.012412243304193993,-0.10421630581166477,0.27389492306098545,0.36525432508028594,-0.1383467873678171,0.1130489524978285,-0.29969638773119556,-0.3183035963311525,0.0840982078110432,0.16975830550884938,-0.2389085895974946,-0.4389213397190192,-0.507870809393652,-0.4612786778123979,-0.6159631521487939,-0.3872753787184534,-0.3359880148857669,-0.3029110121205843
#11,0.6604770139215389,1.0,0.4510020798635737,0.6673557044840583,0.2629393811409765,0.34151041127110743,0.663431854584864,0.4889623791726765,0.4408035764090876,0.665207309007164,0.4802779526492362,0.19040075225716996,0.4589565619297309,0.1638518117125804,-0.1721059216345656,0.10678067400329909,0.5063599199929875,0.0013260126385579612,0.13266979575899082,-0.2500888524093745,-0.29102949262485156,-0.06669588569516054,0.33911020089410226,0.3030209819187339,0.1306106511327686,0.15170413343002176,0.09317788810174597,0.1749268860218824,-0.032990939444891586,-0.08941182095641849,-0.00889799105897728,0.07759086453792763,-0.38727059742288167,0.05340069647538828,-0.12541338284630527,-0.16231860959924774,-0.3511447218481301,-0.3307094645745842,-0.2873447075042434,0.10564750695280065,0.2018041421957303,-0.20611527703623425,-0.20440676075193842,-0.20854258142147916,-0.04017085162842959,-0.017534604626700347,0.12382918024687423,0.006370279466726168,0.003611471921841755,-0.15188582266174724,0.04072229438436835,-0.17962530580369593,-0.059359784522946234,-0.06807608635019803,-0.09464733960745564,-0.43762082732351043,-0.2472758568480106,-0.390636629505375,-0.0826686004350979,-0.22092613695224284,-0.28176015427647044,-0.3769366239271968,0.08056483038353959,-0.04417757731753381,0.4848839340499964,0.1597430850512794,-0.009455808875678347,0.060121604284040835,0.10514228338738854,0.05438883089354445,0.09656145160133557,0.05075345249384408,-0.09203675222529464,0.008998398265983473,-0.29853134537688564,-0.2666321350875376,-0.3209715592601742,-0.22747491812031334,0.0494975655236714,0.016557626564878195,0.20349831459331097,0.1318474129206544,-0.042893002573930784,-0.0740654559363769,0.14607176724653156,-0.2533226019810501,-0.3520898246061408,-0.16307246053438948,0.1142219636780913,-0.044601518858226614,-0.003334156778681797,-0.09778227573731563,-0.09600204001944393,0.08055845532277729,-0.18268533496959893,0.3011738080628581,0.29085895974946013,-0.056634446047063886,0.05163321087904119,-0.21996828407270758,-0.21718397628477396,0.042402122895233846,0.22294224991831954,-0.21615599773685343,-0.3737204057726175,-0.5368550231494394,-0.26232578154260533,-0.40110766680744925,-0.26417773669405287,-0.21620062316218952,-0.12150387683382607
#12,0.5271505869040314,0.4510020798635737,1.0,0.6669206065870316,0.3923467395548614,0.5964522786857812,0.47007148036879726,0.46083242355903703,0.1951979854807991,0.6139980396688156,0.4312234538485445,0.2083720485460877,0.4955621608268454,0.16022758966921402,-0.38008749770896255,0.20880874020830512,0.6196877813991665,0.4243654822335025,0.10522037788172668,0.05415135988014886,-0.3312975639299062,0.25511240029006527,0.6484887121580377,0.4060722453760887,0.021852114527966596,0.21250627545043788,-0.0884555618420738,0.29493421734175906,0.1502904637059822,0.08282319565858362,0.24594984420945262,0.04683597765541203,-0.08064133111268716,-0.11329439233717696,-0.33656814541513597,-0.2712907107395867,-0.48049629848034486,-0.37471172772115485,-0.37042609312370006,0.22995162922646606,0.18172429455968253,-0.1680402266334101,-0.15538094972467706,-0.2709910828837587,0.15485819474216864,0.47024041947899814,-0.08234028480583956,0.023769414052227687,-0.006716126513080828,0.18954968164540317,0.033043533696180544,0.30156428053454887,0.08963813561348007,0.5263122664137893,0.0016973599279618134,0.038765150730342895,-0.5624381419885408,-0.243154380065185,-0.413247376264055,-0.12643498633346348,-0.5577221907896309,-0.45439520595430677,-0.2583190558535011,0.06893193825753652,0.2721465626469252,0.21405222768529514,-0.04901784220130848,-0.07700276518260565,0.01955549888834878,0.01589940154117094,0.43923690522675296,0.44770776721465627,0.2835085146905306,0.07684657619392934,-0.4711743658806748,-0.3209094024177418,-0.4434986333463491,-0.4687837180948131,-0.1420793854441425,0.09582194455290902,0.1906525671572807,0.2230442508905163,-0.06100933149519081,0.05634756831276048,0.23567165249543784,-0.5168516762425391,-0.5839794723043454,0.15542557515001315,0.2453139318984134,0.2230888763158524,-0.030230538134816597,-0.3018272517909936,0.014936767366063957,-0.26765373857469577,-0.2171632573372965,0.4971224569484178,0.20324331216281905,0.3639123747898222,0.6116265170652407,-0.24844568049789226,-0.11286726326610301,0.5117643777542255,0.43407151224410107,0.19072428659085658,0.013064093267138952,-0.1018910023986166,-0.049051311270310545,-0.5096749515893824,-0.31940807560822065,-0.5252109746671023,-0.4362326578425201
#13,0.7267792396146275,0.6673557044840583,0.6669206065870316,1.0,0.39151320036019094,0.5209970595032234,0.5667349329423296,0.41591852672345786,0.30339232920813775,0.7406115277036234,0.4191459012343711,0.26797886667357296,0.5485994788387827,0.10411271107427743,-0.12344348907075521,0.2733355114790938,0.5203866474352333,0.3039103028950745,0.3277020296599702,-0.14292567476033757,-0.23735626230187507,0.09084620962793552,0.5097721712660074,0.243614978205261,0.18363681278837188,0.07672066874387397,0.06595159735116225,0.07454199172835867,0.2942122417104288,0.12009180087497709,0.16873032696092885,0.18752241232299247,-0.2525432508028592,0.02678959908836631,-0.22179952027667763,-0.3063870140012272,-0.3486903234546454,-0.31961845261337646,-0.13067440174039158,0.12253504291212776,0.2750121524595781,-0.15617942608515487,-0.20576305492911728,-0.29397158316665206,-0.06524715313692833,0.11961207755261417,-0.0717672465315685,-0.07059104782092454,-0.03657053606292185,0.028657491891719594,0.03299890827084446,0.06571412633776666,-0.002683900580927412,0.18005084110957933,-0.030283132386105555,-0.11962482767413878,-0.3845117898779973,-0.43471698714628376,-0.15870554391221542,-0.253169600522755,-0.3882842320840871,-0.36691502840886453,-0.09434611798643706,-0.16519694953342523,0.34045533871494715,0.21722860171011005,-0.0755014383730845,-0.06363426276406697,0.08783877471332148,-0.07313150953470025,0.2542103291922001,0.2030409039836161,0.02904158930264804,-0.033682633537600905,-0.44550518372128234,-0.34872857381921923,-0.37908183187371003,-0.35047215293770767,-0.04159886523918431,0.02197802197802198,0.18641474551554318,0.20345050163759373,-0.044810302098191875,-0.03215421271983999,0.09961669947166683,-0.36811353983217654,-0.43047757173935564,0.01598865239184311,0.1543784714198057,0.149429830503072,0.011373108399939437,-0.19754082031094358,-0.04973025524149527,-0.05428842368653826,-0.26180462032528745,0.3681661340834655,0.3393333280207827,0.039957287092892604,0.2221820239224155,-0.2769501709313167,-0.2490417486791671,0.23477276892795385,0.4168731920726119,-0.030016973599279618,-0.22804229852815786,-0.4470686673732359,-0.207105005219581,-0.5348994732606045,-0.35647108511503,-0.4121668034648455,-0.32775621767644975
#17,0.3239471188709767,0.2629393811409765,0.3923467395548614,0.39151320036019094,1.0,0.5164946728398505,0.25327957032090465,0.2583955565826487,0.20510004860983833,0.36303102263943454,0.28629282247846427,0.6160396528779415,0.49926288359935933,0.10397086597231629,-0.15810947573094056,-0.04475930161209349,0.38074891026305097,0.4328459068125493,-0.14226107467586802,-0.09365283012853716,-0.3771167193937317,-0.15160531998820614,0.16198073137884594,0.04430348476758919,-0.17131860163042179,-0.2189355242292153,-0.04777948664823212,0.08556287802118114,0.2037580983193746,0.05632844313047359,0.3819251089736949,0.044601518858226614,0.1414434731331033,-0.24119086135039725,-0.20770107340085586,-0.16535951358286383,-0.3962259640287196,-0.3461068300807242,-0.2990572878897752,-0.0624086573325152,0.18228370614157416,-0.0599239774004096,-0.06517862123373364,-0.019126776052084245,0.07517152897863558,0.07251950370151966,0.2655372184016129,0.31546191299635823,0.1901600937133932,0.13710524428435958,0.2675613001936425,0.13942257887145487,0.10247432045836687,0.16264851899369667,-0.230142881049335,-0.18144219812095083,-0.40136904429870346,-0.363287618835117,-0.15765525265162683,-0.23539593111746845,-0.18899186382870212,-0.3014431543800652,-0.1278518435878842,-0.16298958474447958,0.15742256293380297,0.1132609232681749,-0.004990078811688674,0.006349560519248699,-0.1317916311389843,-0.0951924073026321,0.2822462526595957,0.29157615408521864,0.3447345982516396,0.2865956378646734,-0.3570767158874483,-0.18163344994381977,-0.23568918391253416,-0.27208440580449283,-0.04715154316314577,0.01069735195913586,-0.023063376072803194,0.5010781821514236,-0.271413430659261,0.24641522364510038,0.49605304050554233,-0.24958681637434357,-0.13339814645108336,0.11539497485835412,0.14410665476655324,0.18820773135493948,-0.04636422315900198,-0.2369434771175163,-0.1570464343488274,-0.18680362422204336,-0.07961335256476663,0.18819019993784317,0.050331104718341846,0.2626525034066731,0.3074787431567707,-0.008767302313350173,-0.051324020432069746,0.5035182366581932,0.451147112495916,0.23112145287634772,0.26746886181258916,0.06308441377331878,0.018757022527870967,-0.20054188016479532,-0.27447186605997337,-0.20528492537194495,-0.21799520276677636
#18,0.4125046816852473,0.34151041127110743,0.5964522786857812,0.5209970595032234,0.5164946728398505,1.0,0.2809680529767549,0.3531735849357314,0.3908852568751046,0.39730494306273856,0.2794587573412809,0.4165257512610667,0.67540581246165,-0.0023268971782387303,-0.2658910342739204,0.26572368892891013,0.5098391094040116,0.5630804293603423,0.16705846727601623,-0.008596769437958706,-0.364411223294472,0.035132959861023674,0.42763588840456135,0.23053494728621632,-0.0248611432077712,-0.15538891855062995,-0.01053319414450669,0.16824422857780363,0.35684083863924326,0.0422427463761764,0.24293125293850457,-0.010281379244395924,0.057855270183043934,-0.3247057511016902,-0.2777008343360773,-0.17901967503127764,-0.287743148801887,-0.29472224657141266,-0.38823323159798867,0.16774378630796324,0.23264987369410864,-0.06652216528938791,0.017188757580345687,0.05720660775048012,-0.023369378989393494,0.2941532723983776,0.0552478703312641,0.1090215078612468,-0.07505677788491422,0.08373642311278279,7.490696395700022e-05,0.2690594394727825,0.1069241128704508,0.3721919849548566,-0.06778283355513232,-0.022100741897696213,-0.6001944393532501,-0.24415685837005635,-0.2884029675907849,-0.051234769581397575,-0.39957765222449776,-0.30709942704141396,-0.1905983791408012,0.06568384479914574,0.16787288128839978,0.04875008964929197,-0.04482623975009762,0.06568862609471747,-0.028163424682641505,-0.15725203005841148,0.5048490305923228,0.3874028799336994,0.36248754870944866,0.21186558184382695,-0.3910717274024018,-0.3516722581262103,-0.30148140474463897,-0.2848695901632812,-0.14555538732478543,0.2633314473778578,0.027863796826813506,0.45366048020145194,0.008292360286558982,0.21712500697272272,0.542646765851987,-0.44599765716516987,-0.37274980277155767,0.012517431806771909,0.22415032393277498,0.22739841739116576,0.20153798340890436,-0.42193499031787646,0.1422052928941979,-0.1964347472686849,-0.2362358453729012,0.19407119349106297,0.028842368653826233,0.3832511216122529,0.5379897839651284,-0.17975440078413246,-0.03426913912773231,0.5981528261441242,0.33143781526667676,0.20817442166245648,0.14180366406617312,0.03595853022974125,-0.045162524205308835,-0.3707177521535752,-0.18749850584513383,-0.505462630190694,-0.47539943740088775
#26,0.6120058331805975,0.663431854584864,0.47007148036879726,0.5667349329423296,0.25327957032090465,0.2809680529767549,1.0,0.5511431280829395,0.48768099195945463,0.7052809409589685,0.5137645530683964,0.1896612452087434,0.4534756034393453,0.4649252125684323,-0.10823100032672187,0.025286678513654584,0.5329184231287204,-0.086833108878069,0.18052259560598938,-0.25749667301516466,-0.21708835037333948,-0.08692235972874117,0.4206663532261792,0.044810302098191875,0.15073512419415247,-0.07279681884467962,-0.029462343312959702,-0.028628804118289254,0.10808118639880786,-0.06125795886492043,0.03948872012686371,-0.11037142697766338,-0.35964267784427323,-0.09217381603168405,-0.19144785598737737,-0.2600020718947477,-0.20512714261807807,-0.29222003522221074,-0.17412840966140458,-0.006767126999179211,0.15597701790595192,-0.130736558582824,-0.17229079839667222,-0.1842105682569787,0.08101905346285332,0.01996190901194527,0.04313844241327925,-0.10516618986524716,-0.01897218082859852,-0.17514204432260996,0.17130744527408776,-0.017870889081911562,-0.12524444373610435,0.011361952043605416,-0.025058770091402435,-0.3166970810190535,-0.27895831507144053,-0.3588314513622708,-0.1617719481388807,-0.3049685629816159,-0.33653308258094333,-0.45314091274932466,-0.023203627409573747,-0.05791742702547634,0.18691040648981186,0.11140578058634622,0.050327917187960695,0.20674003299093943,0.25146745929922143,0.24966809839906287,0.28531265688626095,0.18076325414976613,0.11527862999944218,0.0691327526715489,-0.11223135095506379,-0.12986317525838917,-0.2142275418562583,-0.3706348763636653,0.03271840559730335,-0.22643578321605878,0.16791431918335473,0.21868370932910455,-0.016791910047892645,0.07006988660360669,0.14473619201683016,-0.3597239598689925,-0.4445345807202225,-0.17646008813521505,0.22115404537449498,0.16211779518523536,0.1095331064874212,-0.20710341145439043,0.0961789479555977,-0.04147614531951008,-0.30410314848313397,0.35780187904915967,0.044083545171289915,0.013913570113715147,0.1312911888691439,-0.05662647722111101,-0.17546398489110598,0.16311867972491612,0.14930711058339774,-0.08118002374710134,-0.2937293308576847,-0.36230745324291375,-0.33161312943763993,-0.44507964841539893,-0.3781749794802732,-0.18618046203252875,-0.09637976236961009
#49,0.7166412992373834,0.4889623791726765,0.46083242355903703,0.41591852672345786,0.2583955565826487,0.3531735849357314,0.5511431280829395,1.0,0.35336324299340977,0.5556534835722653,0.6482241471364024,0.29849787630788355,0.27685135748950107,0.34205866649666505,-0.04811098980787161,-0.06852871566432117,0.3182207205412427,-0.0634143231677677,0.11980492314067369,-0.15982914837157042,-0.03518077281674091,-0.16883710922869732,0.26821633768696856,0.16464231924710532,-0.13535529010510883,0.01325534509000789,-0.19586577309564981,0.010877447425670777,0.08220800229502187,-0.18576289555259823,-0.07402242427623139,-0.03941540692809729,-0.3085593159559802,-0.25536421519017605,-0.2969965494983624,-0.10969407677166923,-0.2211588266700667,-0.39333806150339873,-0.31969495334252407,0.10150212369211645,0.246899728263035,-0.24775717393556407,-0.1766800277315143,-0.27425033269848353,-0.10589454055733968,0.04345719545139415,0.12100343456398568,-0.014013977320721339,-0.0960291340276837,-0.26389723402051174,0.04211205763054929,-0.16155519607296256,-0.2641076110256676,0.006462717847779487,-0.15554829506968737,-0.27980619815282615,-0.32895313533457116,-0.45685279187817257,-0.24784004972547394,-0.38701718875758034,-0.3224649172437425,-0.3077911211341233,-0.06361195005139893,-0.13017714700093236,0.14195347799408714,0.1920694244117014,0.11578225979966371,-0.009407995919961111,0.2963861374303724,0.11803425001394545,0.3815155113197173,0.3392329208137765,0.24417598355234324,0.19805082517192743,-0.22456310911713379,-0.25716198232514403,-0.18637330762058826,-0.2602698244467643,-0.017128194503103857,-0.08886197196567029,0.19874092549944616,0.24281490807959263,0.20047175449641005,0.23789814246667038,0.38030424977488064,-0.32839691128306064,-0.43099235789591117,0.07491971407852481,0.07927388057917427,0.410239941349441,-0.004258540589214991,-0.08757739722206727,-0.08826749754958602,-0.21289515415693805,-0.13798181513917554,0.1879766354023062,0.10582122735857326,-0.0914964658256899,0.12419096494513464,-0.09209731530253648,-0.30681095554192,0.08932097634055575,0.036474910151487384,-0.1807393476719075,-0.3822502370725721,-0.2535011036823945,-0.345792858338181,-0.3973639123747898,-0.20217389571994357,-0.23472814350261775,-0.24341257002605807
#50,0.43901537186526307,0.4408035764090876,0.1951979854807991,0.30339232920813775,0.20510004860983833,0.3908852568751046,0.48768099195945463,0.35336324299340977,1.0,0.40165114073743513,0.3979583867908741,0.22727569747149154,0.3913060108854163,0.5847381045350588,-0.061283459107969625,-0.13303158045725122,0.3487986994876045,0.07549984460789391,0.010149096733578241,-0.2842033963136211,-0.12701033556726088,-0.3063933890619895,0.10893863207133693,-0.10215237988987083,-0.036941883352325705,-0.34781694013021064,0.18830016973599278,0.0019810501318840695,0.059044219015212486,-0.18925164755476576,-0.11591772984086254,-0.11907657244858115,-0.2382344269218816,-0.18334037246292503,-0.08152427702826542,-0.27705376566870404,-0.03578799735434978,-0.1957797097753588,-0.14421662456470288,-0.22550183681438213,0.17447903800333098,-0.17586083242355904,-0.1678585374016846,-0.12999705153439745,0.06144442939221764,0.004937484560399716,0.11640542198917833,0.09401142729641641,0.005217987233940824,-0.26452836503597926,0.1611551610101284,0.031505550287276175,0.031188391014351856,0.02020416132091259,-0.025632525560009244,-0.3036106750392465,-0.18562583174620884,-0.37690315485819476,0.05204918359378113,0.032437902923762245,-0.14193435281180022,-0.15232251432396465,0.00957852879535258,-0.025119333168644262,0.023216377531098342,-0.04891265369873057,-0.026258875279905013,0.11336133047518109,0.17120703806708157,-0.020669540756560335,0.23522380447688643,0.10680617424634828,0.04734917004677701,0.037494919873455046,-0.0787415630055224,-0.19815920120488648,-0.14563348181912358,-0.20745722732669797,0.07800046219190526,-0.12926710707711433,0.04733163862968069,0.27310122799607933,0.10453505884977966,0.08956004111914191,0.47631107108989634,-0.16014471387930415,-0.12977870570328873,-0.12266732542294544,0.11247997832479341,0.14630126943397428,0.10876491166556432,-0.23028791368167728,0.35530126146514834,-0.06509893297420491,-0.13467475236873352,0.1857772394393134,-0.02335822263305947,-0.012461650025101802,-0.06494752528110033,0.02557674377833914,-0.17154491628748336,0.03744391938735666,-0.024496170979129647,-0.17879495413940663,-0.23376072803193906,-0.1409446246284535,-0.2843165536421519,-0.3210783415279427,-0.20971081130617025,-0.09808987241909649,-0.027213540629059122
#51,0.7446628788180637,0.665207309007164,0.6139980396688156,0.7406115277036234,0.36303102263943454,0.39730494306273856,0.7052809409589685,0.5556534835722653,0.40165114073743513,1.0,0.5421495111125277,0.24832136681302744,0.49270613360533594,0.26262859692881446,-0.01071807090661333,0.13212472806381437,0.7491764218377707,0.22116042043525727,0.21126632613217095,-0.24314322370885097,-0.22508427033445164,-0.03572743427710796,0.3826375220138817,0.06957103809895689,0.003240124632437903,-0.10826287563053336,-0.009761811792268645,-0.010316442078588561,0.15938448788340015,-0.12975320546023955,0.18309971391914828,0.1351002876746169,-0.23509789702683104,-0.0347695813975727,-0.19726669269816477,-0.3903768457793113,-0.27839571595916773,-0.39809226306688233,-0.25629975535704325,0.1300305206033995,0.1304815561523321,-0.23512020973949907,-0.29290535425415776,-0.42122417104288024,-0.04200846289316195,0.05539290296360637,0.07025954466128505,-0.08898469188534454,0.06050729546015986,-0.2256835260461076,-0.011930926216640502,-0.09236188032417184,-0.11694730215397366,0.08276103881615121,-0.14735156069456287,-0.30708348938950825,-0.43002334866004194,-0.5683557921411438,-0.12253663667731833,-0.31841515989449276,-0.2744176780434939,-0.2676330196272183,-0.21765094948561228,-0.18180876411478297,0.274207301038338,0.2907569587772633,-0.12236610380192686,-0.0902915793416156,0.045363338619321215,0.03107204615543992,0.2279833292161066,0.22625090645395213,0.04889034098606252,0.007334507407023723,-0.3803903130951717,-0.29716230107818215,-0.22260437169791775,-0.23602865589812652,0.009989720214520794,-0.20474463897234021,0.07080461235646152,0.1100399238180239,0.11006223653069193,0.0076261664368988515,0.10829475093434485,-0.21373984970794252,-0.2720318115532039,-0.02982253424602953,0.07181027819171401,0.07890890835053271,-0.2262222186805218,-0.17182701272621503,-0.05667907147239997,-0.008542581421479173,-0.1253097881089179,0.5046896540732654,0.18316505829196184,0.07468543059551036,0.22642622062491533,-0.22514323964650287,-0.16500888524093746,0.273458231398768,0.3425925778355075,0.018728334754440627,-0.18851054674114862,-0.35926017419853534,-0.16399206304935093,-0.44020272693224105,-0.2193291842312872,-0.3067854552988708,-0.1618229486249791
#52,0.7342938424881862,0.4802779526492362,0.4312234538485445,0.4191459012343711,0.28629282247846427,0.2794587573412809,0.5137645530683964,0.6482241471364024,0.3979583867908741,0.5421495111125277,1.0,0.48335551323223547,0.16614523982181706,0.38987480974428035,0.07685613878507279,0.0737403278374997,0.3557459219533186,0.015749587613256937,-0.003635378399700372,-0.12163775310983432,-0.0468566966028895,-0.10406967941413192,0.3189697901808127,0.1537808094733403,-0.0022360525623759853,0.1191419168213947,-0.28555650296041885,-0.12246810477412363,0.12479978324793409,-0.045833499350540687,-0.018874961151973478,0.06498736941086469,-0.3414689733761525,-0.11203531783662313,-0.20468407589509838,-0.11277801241543084,-0.2509606419686188,-0.23726860521639348,-0.17281674090956178,0.2175425734526532,0.14571157631346174,-0.10271497900214362,-0.003523814836360159,-0.14043621353266023,0.056427256572289204,0.10355489325757636,-0.11788921738160317,-0.201048697495398,-0.3573428746742742,-0.434337671030927,-0.055786562965678264,-0.33933014049040156,-0.38093378702515757,-0.08693670361545633,-0.16876698356031206,-0.3113372486831515,-0.2349767708723474,-0.39593908629441626,-0.11562447704579684,-0.30460996581373667,-0.30174118847070264,-0.3975758831451362,0.1213269688976723,-0.14378152666767605,0.21564280534548844,0.22906708954569724,0.14789822215492993,0.06973041461801432,0.3062499501948378,0.1525631728677414,0.3534811816175123,0.33734430906294577,0.23721282343472336,0.02426985632206807,-0.2236929133230801,-0.2666464789742527,-0.25206512124568686,-0.4300823179720932,0.08607607041254611,-0.016973599279618133,0.15471156834463579,0.21614165385013825,0.05212249679254755,0.3277673740327838,0.19603949350142244,-0.19364884571556074,-0.3414928798540111,-0.0036529098167966912,0.27398098638127644,0.3432603654503582,0.06246922040975703,0.05697391803265625,-0.13037158635418244,0.005860274605742336,-0.13422531058499151,0.2723091266963638,0.26766330116583925,0.02835308274031987,0.17891289276350916,-0.2110017611105356,-0.3027054164110002,0.09572631864147454,0.04432420371506666,-0.03672034999083585,-0.33189203834599046,-0.3418435081959375,-0.3533170238028831,-0.38721322187602103,-0.31978898548876794,-0.1865071838965965,-0.2205643522539824
#53,0.32238682274940433,0.19040075225716996,0.2083720485460877,0.26797886667357296,0.6160396528779415,0.4165257512610667,0.1896612452087434,0.29849787630788355,0.22727569747149154,0.24832136681302744,0.48335551323223547,1.0,0.4023348660041916,0.023058594777231472,0.048442492967511096,-0.03489070755205636,0.2863645419120401,0.429895847444796,-0.08949947804190009,-0.06591653451696962,-0.21654965773892532,-0.19904374088565532,0.08077839491907657,-0.08706101730032115,-0.06580815848401055,-0.2618970587063408,-0.26625122520699024,-0.33924885846568226,0.3366558025006176,0.3021746926025389,0.1497852401405701,0.05641450645076461,-0.053529791455824816,-0.3208520268708811,-0.04248181115476257,-0.04543983934846879,-0.034675549251328805,0.0520635274804963,-0.06437695734287467,0.12599510714086493,0.21847651985432986,0.10471515431631458,0.19434691486903236,0.17004837077353394,-0.09849150124712126,-0.005640335009443059,-0.013693630517415869,-0.06809999282805665,-0.17807616603845755,-0.2719170604594825,0.012922248165177824,-0.19773207213381253,-0.12163137804907204,-0.07379451585397924,-0.2116615798994334,-0.06798842926471643,-0.3761891480528174,-0.318271721027341,-0.004655388121668035,-0.30416052402999466,-0.13028871056427258,-0.24031429049558128,0.16186757405031515,-0.2287881806373467,-0.10046936384862418,0.0446461442835627,0.1227071695527098,-0.0921212217803951,0.2509207978388544,0.09796555873423168,0.4048099833451538,0.21917618277299206,0.38739969240331823,0.12960817282789727,-0.1183498155216792,-0.246450286479293,-0.21093641673772204,-0.2434970395811585,0.055649499159288865,0.11277004358947797,-0.044840583636812786,0.5547211309357792,0.024810142721672816,0.554995258548558,0.3475922192383396,-0.11360198901895784,-0.06976866498258812,0.0991640701575437,0.3120145988891457,0.26364063782482927,-0.07127796061806214,0.034237263823920824,-0.10490640613918352,-0.10975942114448278,-0.07795743053175976,0.009924375841707241,-0.02356063081226243,0.34407477946274173,0.15959327112336538,0.02267449736630302,-0.2292137159432301,0.37755341105594914,0.05350907250834735,0.2587174971511447,0.11889328945166508,-0.03505805289706668,-0.166871996748719,-0.1632812437743547,-0.22221708675660815,-0.02982094048083896,-0.11998342484201803
#54,0.3455633561507383,0.4589565619297309,0.4955621608268454,0.5485994788387827,0.49926288359935933,0.67540581246165,0.4534756034393453,0.27685135748950107,0.3913060108854163,0.49270613360533594,0.16614523982181706,0.4023348660041916,1.0,0.08199284399429432,-0.27803074373052616,0.19033381411916583,0.5479189411024074,0.38464885368438667,0.065593000183283,-0.07827458980468407,-0.4122146164205628,0.10975782737929221,0.41027819171401475,0.17447585047294983,-0.0681956187394911,-0.16128744352094607,0.118698850098415,0.16596514435528215,0.3817832638717338,0.05591725171130537,0.2566519774641602,-0.06839483938831292,-0.029567531815537618,-0.10517415869120003,-0.30529050355011195,-0.3852863597606165,-0.3400903664863056,-0.261259552630111,-0.3704069679414132,0.060325606228434366,0.2855963470901832,-0.12211269513662552,-0.18255783375435297,-0.048184303006638035,0.10851150300026297,0.2919220011315733,0.04900668584497446,0.11604363729091793,0.12438381053319414,0.15507335304289618,0.017215851588585452,0.19100000796882596,0.14545657388296981,0.34104025053988796,-0.009951469849947008,0.002565961956824901,-0.5277004358947797,-0.19606339997928104,-0.33337423997322474,-0.1559021109419949,-0.3272063686857015,-0.30737833594976455,-0.17195610770665157,0.11542844392735618,0.10921116591892517,0.0015969527209556216,0.10612723027516356,0.05699941827570544,0.046230346882993725,-0.057330921435344934,0.4466351632413996,0.23598084294240929,0.1880626987225972,0.19452860410075784,-0.25732614013977323,-0.1126297922527074,-0.22697606961566352,-0.27360167026591975,0.006971128943572743,0.12465315685040124,0.16074396959096016,0.3963423088876316,-0.06917259680131327,0.17537473404043383,0.483911737283746,-0.3911896660265043,-0.2584943700244643,-0.1540358119038322,0.12307054801616078,0.0900174517288368,-0.04339344484377117,-0.37212664058204303,0.06538421694331774,-0.25498171154443816,-0.32723665022432247,0.21817689199850185,0.05909203197092972,0.3074930870434859,0.3359306393389062,-0.10367920694244118,-0.11157631346173769,0.4903043294631402,0.28804915171847734,0.16891679748822605,0.08308776068021899,-0.10304488839659252,-0.10726836615161488,-0.43162667644175984,-0.27442883439982785,-0.4551873072540223,-0.38678131150937534
#58,0.31388408545768953,0.1638518117125804,0.16022758966921402,0.10411271107427743,0.10397086597231629,-0.0023268971782387303,0.4649252125684323,0.34205866649666505,0.5847381045350588,0.26262859692881446,0.38987480974428035,0.023058594777231472,0.08199284399429432,1.0,-0.13486441042641187,-0.42546199268461776,0.1424491389683558,-0.1447266294256867,-0.13918670162324984,-0.35866729354764165,-0.16275051996589343,-0.4629138808979273,0.03834120918965009,-0.15613001936424706,-0.09584585103076763,-0.1831618707615807,0.08337304464933182,0.08213628286144602,0.05882746694929436,-0.2065376248117365,-0.01561411757205811,-0.09943022894436962,-0.0534931348564416,-0.02292312473603264,-0.09498999912342915,-0.23472176844185547,-0.08321048059989322,-0.35091681342587794,-0.1964474973902095,-0.38888189403055246,0.27571659667381204,-0.2135788794236945,-0.2948800293252795,-0.1543226896381356,0.029100558614699297,-0.0493541266565197,0.25809911625720183,0.20892986636278876,0.17379531273657453,-0.1712181944234156,0.3727593653627011,0.05653085130967655,-0.10794890388799018,-0.03982978587764665,-0.20838001737204057,-0.35500800867008264,-0.07858059272127438,-0.3502139629768346,0.03712197881886062,-0.09290535425415773,0.003397907386304776,-0.12208560112838575,-0.011565953987998949,-0.05858840217070819,0.16972802397022846,0.04709257385109452,0.14504856999418275,0.1636191219947565,0.06980691534716191,0.03607168755827204,0.1970977535879639,0.164624787830009,-0.12228004048163583,-0.030952513766146834,0.07328610475818598,0.008485205874618493,-0.03025285084748464,-0.2057072731474472,0.04252803034528923,-0.3372869335160851,0.12327136243017316,0.05454980117779248,-0.11423949509518763,0.08399780060403701,0.14716668393245624,-0.056400162564049436,-0.06879168692076597,0.026171218194423414,0.08672473284510993,0.2021483954768944,0.021606674688618127,-0.13878666656041566,0.21577827538668728,-0.030554072468503217,-0.03634740893624142,0.1685454501988222,0.08750249025811027,0.008343360772657364,-0.0415558335790388,0.3298775191451043,0.04542868299213477,0.011170700220736478,0.036820757197842044,-0.133133581429448,-0.12312314226744973,0.06109220728510069,-0.11962323390894819,-0.1877758209882938,-0.19645068492059065,0.12976595558176413,0.18076803544533784
#101,-0.013357346062204655,-0.1721059216345656,-0.38008749770896255,-0.12344348907075521,-0.15810947573094056,-0.2658910342739204,-0.10823100032672187,-0.04811098980787161,-0.061283459107969625,-0.01071807090661333,0.07685613878507279,0.048442492967511096,-0.27803074373052616,-0.13486441042641187,1.0,0.1198543298615815,-0.08600913227454199,-0.07822199555339512,0.2707121739754082,-0.1134298623783758,0.6734088246778602,0.061423710444740175,-0.39698778378981425,-0.4070810987417224,0.1356820119691766,-0.15664161799042148,-0.0597550382902087,-0.45746161018097203,0.26288200559411584,0.021067982054203953,-0.09440827482886946,-0.23340372462925038,-0.031299954577692066,-0.040513511144403096,0.07533090549769303,-0.09074261489054818,0.48093777143813404,0.2910852744065217,0.5063615137581781,-0.04940512714261808,-0.08006120058331806,0.05110567460096104,0.36592211269513664,0.08815752775143638,-0.08051382989744121,-0.24009435089928202,-0.1774737227964204,-0.3022735060443545,-0.38885798755269385,-0.4756528460661891,-0.12007426945788077,-0.4556829682282909,-0.3807999107491493,-0.4267768489668417,0.12302592259082469,-0.01916980771222976,0.31068539872020656,-0.22109507606244372,-0.010867884834527329,-0.3553395118297221,0.13144100279705792,0.09592713305548693,-0.05746320394616261,-0.25921475189060394,-0.10929722923921618,-0.1720852026870881,-0.11794021786770155,-0.11058658527839094,0.36010008845396807,-0.059858633027596045,-0.04212799528245503,-0.06787367817099507,-0.031078421216202218,-0.27093530110208863,-0.05287156643211756,-0.3388344795161329,0.059045812780403065,0.042280996740750185,0.18949071233335193,-0.134107371960889,-0.025978372606363903,-0.04038760369434771,0.06204527886906422,0.17738606571093882,-0.09691207994326195,0.2112185131764537,0.14746949931866538,-0.15593558001099697,-0.0747268684904653,-0.05385173202432086,-0.14990158499948203,0.13119237542732828,-0.19233239566814622,0.07297372678083339,0.084896684171521,-0.0030982795304767747,-0.12142578233948792,-0.25866171536947463,-0.32545960203683194,-0.07270756799400745,-0.11962960896971049,-0.2705655475778754,-0.35663843046004035,-0.050273729171481166,-0.07094805122361322,-0.09150443465164278,-0.04601200105188503,0.07174015252332874,0.11457577955039884,-0.05393779534461188,0.028936400800070126
#102,0.15503829020870355,0.10678067400329909,0.20880874020830512,0.2733355114790938,-0.04475930161209349,0.26572368892891013,0.025286678513654584,-0.06852871566432117,-0.13303158045725122,0.13212472806381437,0.0737403278374997,-0.03489070755205636,0.19033381411916583,-0.42546199268461776,0.1198543298615815,1.0,0.15350508809537092,0.12674895807600667,0.5997545601606515,0.5663269290535425,-0.09157296655483747,0.7187259441066548,0.32583094932623574,0.4780578377387659,0.14237741953477995,0.38283196136713177,-0.3414179728900541,-0.09913538238411335,0.17342396544717067,0.28661635681215086,-0.1901728438349178,-0.121020965981082,-0.31166078301683814,-0.16804819545936298,0.05345488449186781,-0.03738654384049598,-0.01654806397373475,0.24449154906007697,-0.018349018639083902,0.45764329941269755,0.025170333654742645,0.2738168285666473,0.3462486751826853,0.1673086884109364,0.10125987138314912,0.42421407454039795,-0.6174150722374072,-0.42947828096486546,-0.48271481962562457,0.006304935093912614,-0.44934297030018566,-0.025785527018304392,-0.14038361928137127,0.20136266923794116,0.00312856106909769,0.3739275952473922,-0.3414100040641012,0.3168022695216314,-0.246450286479293,0.13289929794643354,-0.3851397333630836,-0.2814222760560687,0.0900604833889823,0.10531122249758942,-0.16051287363832686,-0.06473396074556335,0.08836152969582992,-0.027119508482815226,0.32934201404107133,0.24775079887480178,0.20321143685900755,0.19707384711010525,0.04927125086660982,0.019211245607184693,-0.30745802420929325,-0.12055080524986254,-0.3837627202384273,-0.3047406545593638,-0.10422427463761764,0.57425431711146,0.08283594578010822,0.00020240817920295803,0.2027970579094582,0.102016909848672,0.05060682609631123,-0.24586218712397104,-0.2569452302592259,-0.05767198718612787,0.16952720955621609,0.16491644685988413,0.3254946648710246,0.11260110447927707,0.07622500776960531,-0.02801520451991808,-0.062086716764019154,-0.010008845396807688,0.0034425328116408607,0.0725290662926631,0.24436245407964044,-0.5372566519774642,-0.18403684785120608,0.06715489007004598,-0.18426316250826766,0.03038832088868347,-0.19728103658487994,-0.4000924383810533,-0.28764752289045253,-0.30847006510530806,-0.07221509455011993,-0.545160133557523,-0.545107539306234
#201,0.4439289499478042,0.5063599199929875,0.6196877813991665,0.5203866474352333,0.38074891026305097,0.5098391094040116,0.5329184231287204,0.3182207205412427,0.3487986994876045,0.7491764218377707,0.3557459219533186,0.2863645419120401,0.5479189411024074,0.1424491389683558,-0.08600913227454199,0.15350508809537092,1.0,0.37085322219477407,0.04749101514873814,-0.12349608332204416,-0.26562806301747566,0.10235000677350206,0.32922885671254054,0.12493525328913291,-0.06153208647769924,-0.1013794037724422,-0.03610834415765525,0.14557451250707235,0.18309015132800485,-0.11566750870594235,0.27850090446174564,-0.0741148626572847,0.04284997091378527,-0.08872650192447147,-0.22273027914797314,-0.43354875726159264,-0.24685829036808007,-0.3137900533114456,-0.28902134848472777,0.13384280693925363,0.0085409876562886,-0.3435679621321391,-0.23467236172094766,-0.27570384655228747,0.10219063025444461,0.3342890611926145,0.09950832343870777,0.05485102279881105,0.017858138960386967,-0.05108017435791185,-0.02898102622540621,0.11601813704786874,0.04610922072851007,0.29802612181147353,-0.08265266278319215,-0.16261823745507575,-0.5490712333351927,-0.4061391835140929,-0.2524189371179944,-0.17594689574385006,-0.2642765501358685,-0.21887655491716407,-0.37780681972125046,0.032665811346014394,0.24897640430635354,0.14815641211580297,-0.13785590768912015,0.06395460956737244,0.022999625465180216,0.01920327678123182,0.39977209157774785,0.3764664631959773,0.3160946377770163,0.08722676888014089,-0.40497732869016406,-0.3307158396353465,-0.3050370948848106,-0.26439767629035216,-0.007092255098056404,-0.09004295197188598,0.008768896078540749,0.13446278159838712,-0.0044147295778912896,0.0839420188223669,0.1912151662695535,-0.28935285164436725,-0.2883296543920184,-0.03105132720796245,0.03572584051191738,0.012211428890181609,-0.2696045071679589,-0.4174134784722167,-0.08720604993266343,-0.19403931818725148,-0.11504434651642774,0.6553881216680346,0.0448214584545259,0.31802149989242084,0.5175322139789145,-0.12927348213787662,-0.03897234020511758,0.4932512013005124,0.3010494943779933,0.22218043015722494,0.13000820789073145,-0.0602236052562376,0.047479858792404114,-0.3941301628031142,-0.21422435432587716,-0.3760998972021452,-0.23784395445019085
