,#10,#11,#12,#13,#17,#18,#26,#49,#50,#51,#52,#53,#54,#58,#101,#102,#201,#202,#301,#302,#401,#402,#501,#502,#601,#602,#701,#702,#801,#802,#901,#902,#1001,#1002,#1101,#1102,#1201,#1202,#1301,#1302,#1401,#1402,#1501,#1502,#1601,#1602,#1701,#1702,#1801,#1802,#1901,#1902,#2001,#2002,#2101,#2102,#2201,#2202,#2301,#2302,#2401,#2402,#2501,#2502,#2601,#2602,#2701,#2702,#2801,#2802,#2901,#2902,#3001,#3002,#3101,#3102,#3201,#3202,#3301,#3302,#3401,#3402,#3455,#3501,#3502,#3601,#3602,#3701,#3702,#3801,#3802,#3901,#3902,#4001,#4002,#4101,#4102,#4201,#4202,#4301,#4302,#4401,#4402,#4501,#4502,#4601,#4602,#4701,#4702,#4801,#4802
#10,1.0,0.5201045509965017,0.5150268150993315,0.564444692363474,0.11156834463578481,0.2375538891855063,0.33067758927077273,0.6890070045980126,0.5188996645124274,0.5926447736454988,0.80823976603527,0.269465849596379,0.08751524037963487,-0.10462271593526126,-0.1791663014288105,0.11073958673668609,0.29573906876299916,0.1645068492059065,-0.06976069615663524,0.1948298257217764,0.2247352357577158,0.2784164349066452,0.006599781654168892,-0.011404983703750926,-0.03544533783837627,-0.03522699200726757,-0.0859963821530174,-0.11584601040728669,-0.19155145072476473,-0.09940154117093929,-0.1748838543617369,-0.5510506897018862,-0.2299054100359394,-0.5935675636908414,-0.29815681055710064,-0.1116002199395963,-0.3896229948441696,-0.15242610906135198,-0.379112113412331,-0.27870650017132975,-0.13496641139860865,0.028821649706348762,-0.09718142626046905,-0.1437161822948625,-0.2698658846592132,-0.05775964427160946,-0.0027364948322163695,-0.013322283228012016,-0.08766027301197715,-0.189673995330268,-0.3995075265561125,-0.18501860720859994,-0.21545474105300066,0.17333152706611735,0.033676258476838604,0.03020981918733913,-0.3244172796021962,-0.38476838607367975,-0.1705185315047534,-0.24533783837627202,0.14997330443305787,-0.0387587756695806,-0.1410944385563675,-0.3283793798659643,0.020059128688570314,0.03320291021523799,-0.0564208815115269,-0.10664839149248141,0.28173465403342124,0.16137988190199937,0.39100160173401655,0.38349018639083904,-0.18010343536086829,-0.062387938385037735,-0.21975312577198,-0.26449170843659603,-0.07130983592187363,-0.18044131358127008,-0.08069870665954784,0.11645482871008614,-0.24187777414753484,-0.07186287244300298,-0.019375403421813864,0.3815696993361968,0.04950872188000542,0.168070508172031,-0.13876913514331934,-0.15934783128401692,-0.08411573922813952,0.06457936552207763,-0.20661571930607464,-0.008078795751022001,-0.32690036576911125,-0.010646351473037477,-0.07949382017547355,0.0968531106312107,0.166572368892891,0.058110272613535845,-0.10657189076333384,0.10722214696108823,-0.14569404489636542,0.1422307931372471,-0.3608539393891098,0.17197363912374788,-0.060738391412793157,0.08315948011379483,-0.13106646797727292,0.1115061877933524,-0.07253703511861598,0.1068492059064938,-0.1254596020368319
#11,0.5201045509965017,1.0,0.3603407469977448,0.6080660456294974,0.15434340858561307,0.1846042282590506,0.48435639777191625,0.3845771342508108,0.5961733697774307,0.7056188191793703,0.463806389404649,0.07453561666759637,0.18527520340428244,-0.07739005012391524,0.22687406864346676,0.2798173545091602,0.142699360103276,0.2993664783367466,0.028616053996764656,-0.02556718118719569,0.034876363665341185,0.06492361880324171,0.04168492855947533,0.19781176039334125,0.1298297061893871,0.14407318569755118,0.02151104877718366,-0.06665604156539617,0.06462717847779487,0.06781311509375323,-0.20560527217525043,-0.10238347584250412,0.0881686841077704,-0.11361792667086358,-0.18142466670385451,-0.014751890603957318,-0.040078413247376266,-0.009133868307182302,-0.1730303054450988,-0.0840233008470862,0.088630876013037,0.32931013873725984,0.05307397461132051,0.03825514586935907,-0.1514379746431958,-0.27262150467371643,0.04716748081505152,-0.031620301380997536,-0.16362230952513765,-0.26518659005968653,-0.17697965558734233,-0.15006414904892063,0.045887687367020216,-0.04603112623417192,0.1407756855182526,-0.05983153901935628,-0.34226266844105857,-0.4677971774418475,-0.1619855126744177,-0.14800978571827011,-0.012060021197077034,-0.06417933045924344,-0.15090406330435338,-0.09535019005649897,-0.23541824383013651,-0.0924957566001801,-0.011812987592537991,-0.04780976818685303,0.2507327335463666,-0.19929714955095665,0.19502585884021706,0.04014853891576154,-0.07376901561093004,-0.2641394863294791,-0.24986094398712239,-0.4694833810134753,-0.17055359433894604,-0.09391102008941023,0.07551578225979966,0.30470399795998054,-0.31384424132792516,-0.15395771740949407,-0.19768744670847643,0.05115508132186885,-0.10679979918558599,-0.06913753396712062,-0.13841850680139295,-0.4563826311469531,-0.06637713265704563,0.026395939086294416,-0.24256628070986302,-0.2350182087673023,-0.3175067137358653,-0.11164962666050411,-0.08833443568759014,0.17536039015371865,0.37174573070149575,0.24043541665006496,0.16239351656320475,0.08119596139900709,-0.09096892954760975,-0.018553020583477436,0.02904477683302919,0.2846050251416459,0.31242579030831386,0.2795735084350023,0.12985998772800803,-0.10052833316067544,-0.25380710659898476,-0.0929196981408729,-0.0616532126321829
#12,0.5150268150993315,0.3603407469977448,1.0,0.5844687582178517,0.31569141518380095,0.1958737419216027,0.24373132306417294,0.1807329726111452,0.14465650375730144,0.5874092549944616,0.5497214895329471,0.13119237542732828,0.11361633290567301,-0.1909155384137255,-0.2379172676489573,0.0010710102080660456,0.4640167664098048,0.49910031954992073,-0.03230880794332571,0.03025603837786579,-0.15901951565475858,0.11595279267505518,0.228195299986453,0.1605543115332818,0.19200408003888786,0.04575859238658368,-0.13737459060156668,-0.08592785024982269,-0.16327805624397357,-0.11089736949055296,-0.09410386567746974,-0.3496864266987545,0.12659276908733036,-0.4402186645841468,-0.3786786092804947,-0.3379228458271243,-0.39175067137358655,-0.33412330961279474,-0.2595111922160508,-0.34849269657101417,-0.23059391659826758,-0.1497167082373754,-0.3629593032058587,-0.33627648638526086,-0.24652200591286885,-0.23990309907641308,-0.007579947246372192,-0.035139334921785975,-0.14647339607455634,-0.2027906828486959,-0.24232880969646742,-0.10930997936074079,-0.07412442524842815,0.25437767453721044,-0.13846950728749133,-0.21876658511901442,-0.32786937500498053,-0.32663101945190415,0.03913171672417503,-0.12526197515320067,0.35512116599861343,0.23935484385085545,-0.1723672991258198,0.006470686673732359,0.15236554598411017,0.08489030911075872,0.008646176158866514,0.031822709560200495,-0.005202049582035078,0.035072396783781844,0.31195244204671324,0.4626285969288145,-0.22794826638191396,-0.01628509271728996,-0.3601367450533513,-0.1703878427591263,0.08832327933125612,0.22992134768784514,-0.025508211875144435,0.11958338977918383,-0.27476671262022967,-0.08655101243933731,0.28531903194702324,0.07724342372638239,0.04520555586545434,0.12648917434994303,0.06191140259305596,-0.11495350190056498,-0.055910876650543076,-0.058199523464208015,-0.21816414187697727,0.10150690498768816,-0.28965088573500464,0.08821809082867821,0.027892484600243846,0.3906398170357561,0.3009634310577023,0.5582449457721393,0.3178047478265027,0.2958155694921467,0.23718094813091187,0.4521942162261234,-0.025920997059503223,0.3914223557443282,0.30034664392894994,0.37628477396425186,0.2906262700316362,0.34111356373865437,0.074345958609918,0.11681023834758425,-0.010450318354596817
#13,0.564444692363474,0.6080660456294974,0.5844687582178517,1.0,0.29786196399684434,0.14241248236897258,0.1901425622962969,0.2561579102550821,0.24936368924766314,0.6654575301420842,0.4416339280733769,0.19205348675979567,0.09333088956004112,-0.26710707711432874,-0.015245957813035406,0.23201555514826,0.25138777103969273,0.3610898166373148,0.031947023245065306,0.14347552375108574,0.019133151112846546,0.20903027356979495,0.08746423989353648,0.12852760002868777,-0.03826152093012136,0.08645379276271227,-0.1062993569157456,0.08960147901409685,0.02900971399883655,0.02859533504928719,-0.15798675581126634,-0.22538389819027962,-0.11385221015387803,-0.14700571364820822,-0.20416769597335224,-0.03700722772513926,-0.14676186757405033,-0.01629943660400513,-0.14218298018152986,-0.0063925921793942094,0.024800580130529368,0.21798564017563293,-0.09232362995959806,-0.15341424347950816,-0.04137733187769446,-0.16246842352716173,-0.06508618285268031,-0.11457896708077998,-0.019252683502139628,-0.19034497047549984,-0.2515567101498936,-0.06760114432340683,-0.10986620341225127,0.18547920534867599,0.01851477021890365,0.05263728294910311,-0.3419646343504211,-0.4055367402720557,-0.047575484703838586,-0.11180900317956155,-0.03410657507829371,-0.016090653364039875,-0.08839181123445083,-0.21591852672345782,0.16394106256325255,0.22375347640032195,-0.07222465714126337,-0.18204623512817855,0.1115125628541147,-0.0326403111029652,0.021981209508403127,0.013307939341296846,-0.4021213014686546,-0.4664934775159576,-0.4094462462845349,-0.48154180844536176,-0.3018830335726637,-0.27675254404768546,-0.09752886707201427,0.10465937253464447,-0.1994884013738256,0.00436851038736463,-0.0536556989058802,0.135893982739523,-0.10387364629569125,0.03747738845635872,-0.16531648192271833,-0.19192917307493088,-0.003031341392472647,0.059103188327263745,-0.06784817792794588,-0.10028767461689869,-0.17594689574385006,-0.08711042402122895,-0.06863549793208966,0.16033915323255424,0.35438165895018686,0.2739299858951781,0.24910549928679007,0.12588354357752474,0.07051135956139581,0.07171943357585127,-0.0036736287642741595,0.3216680346484552,0.2843372725896294,0.130672807975201,0.051282582537114804,0.03456717321836974,-0.04371060411669549,-0.11747165090167265,-0.18115372662145687
#17,0.11156834463578481,0.15434340858561307,0.31569141518380095,0.29786196399684434,1.0,0.3281753779215708,0.04846002438460741,-0.145182446270191,-0.01932759046609663,0.26887615647586643,0.1036027062132936,0.5777606005307238,0.1868323119954737,0.05890874897401366,-0.2185737395309549,-0.1721346094079959,0.15954386440245757,0.35877885711098184,-0.25713807584728543,-0.19591517981655762,-0.2883997800604037,-0.19841739116575954,-0.34449872100343454,-0.3502219318027875,-0.3020487851524835,-0.42494083146729994,-0.21624684235271618,0.04120361147192184,0.050790109093227294,0.05819155463825514,-0.13128162627800047,0.2784610603319813,0.204644231765334,-0.12272470096980612,-0.04436564161002159,-0.1796348683948394,0.014037883798579955,-0.14996692937229558,0.1315238785869678,-0.0630015379834089,-0.03821370797440413,0.015915339193076684,-0.15873263792045517,-0.34823131907975996,0.22489461227677326,-0.21607312194694356,0.1910271019770657,0.19354684474336395,-0.01285690379236427,-0.10263688450780546,0.044952147200153,0.12433918510785806,0.06683773079712166,0.173677374112472,-0.3379658774872698,-0.20525783136370518,-0.24365800986540653,-0.42510180175154794,0.3875941317565683,0.16434587892165847,0.28156571492322036,0.28485046498099437,-0.01788045167305501,0.056637633577445036,0.004123070548016161,0.24547968347823315,0.15960283371450884,0.04842814908079593,-0.20370709783327623,-0.18797982293268733,-0.1062499501948378,-0.03919068603622628,-0.29414052227685294,-0.16349958960546343,-0.30592800962634176,-0.21008693989114582,-0.07381045350588498,-0.10950920000956259,0.01065432029899035,-0.19344643753635776,0.15590051717680434,0.24154627098789536,0.3072572097952809,0.18684665588218888,0.5382782554646224,0.2207396664249456,0.3115571882794508,-0.017234976770872348,0.26635960123994934,0.33707655651092927,0.11964714038680681,0.25857246451880245,0.08457793113340611,0.2317031771709074,0.031081608746583365,-0.09575341264971432,-0.2571667636207158,0.3388599797591821,0.2924256309317948,0.0828120393022496,0.16957342874674275,0.3019914096056228,0.17270198981584042,0.337766656838448,0.22063288415717713,0.2425854058921499,0.18413406752783112,0.2993744471626995,0.18847229637657484,0.21147351560694563,0.2722039381937859
#18,0.2375538891855063,0.1846042282590506,0.1958737419216027,0.14241248236897258,0.3281753779215708,1.0,0.17954561754416723,0.17758528635976062,0.4080182326737802,0.1291188869143909,0.20279227661388646,0.6669381380041278,0.6108041342269044,0.2761883511702221,-0.18914645905218785,-0.052361561571133725,0.1202224896206042,0.5763038991465388,-0.7011769955932392,-0.1572711552406984,-0.09370383061463555,-0.02487229956410522,-0.17651746368207571,-0.20630971638948434,-0.11261704213118282,-0.23835555307636525,-0.07795743053175976,0.08086923953493931,0.4357879973543498,0.2302002565961957,0.31887735179975935,0.21793304592434395,-0.001136354580879599,-0.08347823315190973,-0.2572241391675764,-0.27145964984978765,0.061868370932910456,-0.11199706747204935,-0.09252922566918216,-0.2756464710054268,0.1854473300448645,0.04971272382439895,-0.037376981249352535,-0.23858824279418914,-0.061946465427248604,-0.1472240594793169,-0.00015937651905744728,-0.026067623457036074,-0.004044976053678011,-0.1320291021523799,-0.11957542095323095,-0.12727011929332452,0.03891815218863805,0.040542198917833436,-0.11084158770888285,-0.31119062228561867,-0.38041900086860203,-0.4724063463729889,0.0037437544326594362,-0.08275785128577007,0.38649762130545307,0.2269904135023787,-0.5046864665428842,-0.22966315772697207,-0.09179449991632732,0.13599757747691033,-0.31686442636406376,-0.006261903433767103,0.06933037955518014,-0.1835300305206034,0.3278964690132203,0.1839236905226753,-0.0544111436062125,0.03884324522468105,-0.29464574584226505,-0.29255313214704076,0.00891233494569245,-0.11118902852042808,-0.016014152634892302,0.2334642877064922,0.07208121827411168,0.06636119500513989,0.10106861956028018,0.5741555036696443,0.2694913498394282,0.4016814222760561,0.17529026448533339,0.044341735132162975,0.2482799289180725,0.3285833818103579,-0.022647403358063256,-0.03152308170437249,-0.15640414697702587,0.16112009817593573,-0.031417893201794576,0.18489269975854458,0.10374455131525473,0.249135780825411,0.14400146626397534,0.1604985297516117,-0.13093418546645522,-0.023916040449760537,-0.14796516029293405,0.35218066922200353,0.0983640000318753,0.14122353353680403,0.16896461044394329,0.14970873941142251,0.14497525679541634,0.17189554462940976,0.008880459641880962
#26,0.33067758927077273,0.48435639777191625,0.24373132306417294,0.1901425622962969,0.04846002438460741,0.17954561754416723,1.0,0.47603375594673636,0.4854784084660807,0.4401676640980484,0.40474145144195905,-0.001480607862043685,0.2008941022719123,0.3454342611703018,0.1798532142259481,0.25108814318386474,0.06730629776315056,0.08234028480583956,-0.02930137302871168,0.04134386280869239,0.14993664783367466,0.028529990676473636,0.024414888954410345,0.12244897959183673,0.16081568902453602,-0.01217955358637012,-0.002919777829132434,-0.08499231008295548,0.09959598052418937,0.00648184303006638,-0.16855023149439394,-0.25014941548661634,-0.015011674330020958,-0.36388528078158244,0.0031062483564296473,-0.17570783096526388,-0.18170357561220504,-0.2253663667731833,-0.21032919220011315,-0.27054482863039786,0.11368327104367713,0.09124943222115085,-0.06620978731203532,-0.010090127421526986,-0.1587756695806007,-0.16621536549020233,-0.057850488887472205,-0.030060005259425128,-0.04544462064404051,-0.2293874363490027,-0.3101387372598395,-0.3432747093370734,-0.10472631067264859,-0.03474726868490465,0.0023555849516690708,-0.16858848185896771,-0.2605152642861127,-0.2820087816462001,-0.22600546661460366,-0.23658966124520875,-0.007495477691271745,-0.021869645945062913,-0.0697941652256373,-0.001169823649881663,-0.28163902812198677,-0.20776960530405056,0.14660567858537402,0.15420953230960482,0.23245702810604912,-0.07768330291898094,0.12147040776482401,0.10079608571269195,0.11724055494903936,-0.017611105355847922,-0.09620126066826575,-0.2066428133143144,-0.01124241965431233,0.02871805496896142,0.29568806827690075,0.34560957534126496,-0.2779128051064237,-0.24200686912797137,-0.09149965335607105,0.28333479428475805,0.06581293977958227,0.0659611599423057,-0.1286375698268374,-0.32215253926638987,-0.1280016575157982,-0.10098893130075146,-0.22593693471140897,-0.2557020934105778,-0.2791415980683566,-0.19430707073926798,-0.1893424921706285,0.16986190024623674,0.11776330993154778,0.03181474073424762,-0.24988803799536213,-0.05493071105833978,-0.3915020440038569,7.968825952872363e-06,-0.16162372797615726,0.019211245607184693,0.014135103475204998,0.03332881766529337,-0.07362717050896891,-0.04544462064404051,-0.09414849110280582,0.057643299412697524,0.009532309604825921
#49,0.6890070045980126,0.3845771342508108,0.1807329726111452,0.2561579102550821,-0.145182446270191,0.17758528635976062,0.47603375594673636,1.0,0.6092374630445696,0.40889480352859614,0.5928424005291301,0.05534030871231741,0.18862529783486998,0.11951167034560799,0.27820127660591765,0.31825737714062585,0.22790364095657786,0.0182055797719322,-0.03274868713592426,0.13777303189921028,0.5004040194758106,0.3014112790762537,0.23528436755412824,0.24088485843380694,0.27124449154906005,0.14606698595095985,-0.016497063487636368,-0.3120050362980022,-0.03827108352126481,-0.2867773270963989,-0.18119038322084008,-0.4148538915761541,-0.14112950139056013,-0.4425136864585741,-0.16391396855501278,-0.13026480408641394,-0.17459697662743348,-0.05830949326235765,-0.24810142721672815,-0.2465746001641578,0.050005976619464654,-0.04581118663787264,0.11761030847325264,0.23868865000119532,-0.37717887623616414,-0.06979257146044673,-0.1364549880866052,-0.13608204703201077,-0.30542278606092965,-0.3174875885535784,-0.36206201340356525,-0.3813513535050881,-0.3467634613392409,0.07015276239351656,0.24968084852058747,0.05436173688530469,-0.17431009889313007,-0.2190534628533178,-0.5136960211652017,-0.49080795926336174,-0.0958171632573373,-0.19775438484648056,0.0316601455107619,-0.33529153949748586,-0.33868785311860006,-0.26369641960649937,0.1967168437074166,0.048737339527767376,0.5515144753723434,0.11865581843826949,0.45546780992756336,0.1739961271505869,0.28074970714564623,-0.04946887775024106,0.04057726175202608,-0.17757731753380773,-0.026391157790722694,-0.153100271736965,0.2648742120823339,0.3399867717489182,-0.39368072101937224,-0.30186868968594854,-0.16926742583015245,0.34461825339272767,-0.09836081250149416,-0.08841571771230945,-0.3675047215293771,-0.19170604594825044,-0.32516316171138504,-0.19724756751587788,-0.3190781662137717,-0.40698228529990677,-0.38415797400568974,-0.3248125333694587,-0.29513503175577144,0.26355457450453823,0.247498983974691,-0.16140219461466743,-0.26226203093498235,-0.10400911633689008,-0.4154133031580457,-0.006760751938416913,-0.3086294416243655,-0.09268222712747731,-0.08445202368335074,-0.010308473252635689,-0.2193594657699081,-0.08619082150626749,-0.10181450166946904,-0.10513909585700738,-0.2556048737339528
#50,0.5188996645124274,0.5961733697774307,0.14465650375730144,0.24936368924766314,-0.01932759046609663,0.4080182326737802,0.4854784084660807,0.6092374630445696,1.0,0.49789383930065584,0.5456717321836974,0.03152308170437249,0.29323526364860664,0.1900915618101985,0.2539170763971344,0.211438452772753,0.12012686370916972,0.20387284941309597,-0.1650997298568002,-0.055850313573301245,0.20173401652734502,0.10966379523304831,-0.04518005562240515,0.07960378997362319,0.21649228219206465,0.034608611113324673,0.006202934121715848,-0.2722119070197388,0.21344340938249567,0.007509821577986915,-0.0718485285562878,-0.11111730908685223,-0.03259409191243854,-0.17698603064810461,-0.16565276637792953,-0.07763230243288256,0.043642072213500784,0.037402481492401725,-0.30052195809991317,-0.28361848448868027,0.1021539736550614,0.17464478958315072,0.10696873829578687,0.15136625520961997,-0.2451083361888293,-0.05347082214377356,-0.033682633537600905,-0.16818525926575237,-0.13533457115763134,-0.32221150857844116,-0.24390026217437386,-0.36748878387747136,-0.07291794499916328,-0.22278606092964323,0.10223206814939954,-0.12822159711209746,-0.36191219947565123,-0.41341631537425594,-0.3408999992031174,-0.2798524173433528,-0.062389532150228307,-0.14143869183753158,-0.17050418761803823,-0.20001753141709633,-0.22553211835300305,-0.22889018160954347,0.01686203571627792,0.18134975973989753,0.5043629322091976,0.07620110129174669,0.5334985536580895,0.28526165640016254,0.17165647985082358,0.06105076939014575,-0.03805911275091841,-0.26522005912868857,-0.14499119444732209,-0.1288766346054236,0.09917203898349657,0.3929141199627059,-0.2668536684490274,-0.3783805751898573,-0.04644869271410243,0.3046354660567859,-0.1634454015889839,-0.056659946290113075,-0.2170819753125772,-0.2675102997075441,-0.062359250611607395,-0.09978085728629602,-0.17010574632039463,-0.3699750575747675,-0.43492895791663017,-0.18380415813338222,-0.22565165074229615,0.1868514371777606,0.22659356596992566,0.045677310361864384,-0.14102112535760106,0.0318163344994382,-0.41456382631146954,-0.04581118663787264,-0.33572026233375035,0.1517200710819275,-0.005997338412131741,0.12206169465052714,-0.05136227079664353,-0.1829562750519966,-0.23153105053032536,-0.12288726501924471,-0.12387380567221032
#51,0.5926447736454988,0.7056188191793703,0.5874092549944616,0.6654575301420842,0.26887615647586643,0.1291188869143909,0.4401676640980484,0.40889480352859614,0.49789383930065584,1.0,0.615494585182765,0.05603359657021731,0.23007594291133088,-0.10442349528643945,0.17687127955438325,0.11168468949469675,0.3975041637115604,0.36366693495047375,0.2246810477412363,-0.11806612531775694,0.11031723896118385,-0.028418427113133422,0.23100032672186407,0.2248165177824351,0.19754878913689647,0.043010941198033295,0.12080580768035445,-0.20719266230506259,-0.1673166572368893,-0.1954370502593853,-0.23074691805656272,-0.23146889368789297,0.1565204918359378,-0.4098383125214162,-0.3756632055399278,-0.19567133374239973,-0.3029827315541601,-0.25463267696770236,-0.13318617568073696,-0.22424594984420945,-0.050331104718341846,0.09597653977639474,-0.026944194311852035,-0.15456972324267465,-0.09032504841061767,-0.21993800253408666,0.09104861780713848,0.026939413016280313,-0.12224179011706206,-0.17873279729697425,-0.0727537871845341,-0.2819514060993394,0.0679406163089992,0.10263369697742432,0.1993433687414833,-0.13109037445513153,-0.2662002247208919,-0.4769055455059806,-0.10797440413103937,-0.11049733442771877,0.07823633944011028,0.01727163337025556,-0.10549928679007722,0.042338372287610865,-0.10710580210217628,-0.13994055255839158,0.1970403780411032,0.19984062348094256,0.19545139414610047,-0.13985927053367228,0.2783112464040673,0.1452956035987218,-0.128114814844329,-0.10726995991680546,-0.34807034879551196,-0.4038345990485222,-0.195366924591,-0.06969694554901226,0.16399843811011325,0.32360924065057495,-0.3644606300153798,-0.19969080955302856,-0.08924447561140818,-0.110545147383436,-0.16394584385882427,-0.11823506442795782,-0.12535281976906343,-0.4759955055821626,-0.12162819051869088,-0.1173313995649021,-0.29596538342006073,-0.14383252715377443,-0.36568623544693163,-0.1185984428914088,-0.10326642175808239,0.33805194080756085,0.28762361641259393,0.3705041876180382,0.1347257528548319,0.25067376423431537,0.061689869231566115,0.36784259974977884,-0.03487158236976946,0.429468718373722,0.40525464383332405,0.4305365410514069,0.18060387763070868,0.027345823139876803,-0.10217628636772945,-0.08261919371419009,-0.08024448358023413
#52,0.80823976603527,0.463806389404649,0.5497214895329471,0.4416339280733769,0.1036027062132936,0.20279227661388646,0.40474145144195905,0.5928424005291301,0.5456717321836974,0.615494585182765,1.0,0.12883838424084978,0.21187195690458924,0.02335344133748775,-0.12604451386177273,0.09913538238411335,0.3849612316617393,0.19738781885264844,-0.10335089131318283,0.0925770386248994,0.14012702308568878,0.1429798627768171,0.08774314880188702,-0.0035732215572679676,0.10528890978492139,-0.0533369458677653,-0.0854401581015069,-0.2515407724979879,-0.14928957916630142,-0.08099355321980413,-0.24659691287682586,-0.45283012853716265,-0.04351457099825483,-0.5285578815673087,-0.28755189697901806,-0.08161034034855645,-0.3901473435918686,-0.1527751436380878,-0.3903848146052642,-0.349879272286814,-0.09753205460239543,0.05879240411510172,-0.017195132641107985,-0.07208440580449282,-0.24957406625281897,-0.04917562495517536,0.04072070061917778,0.040303134139247264,-0.014151041127110743,-0.16424547171465229,-0.28548318976165243,-0.27223103220202566,-0.07381045350588498,0.057332515200535505,0.04457442484998685,-0.09095299189570401,-0.219228777024281,-0.34449393970786285,-0.17213620317318648,-0.1516579142394951,0.1812828216018934,-0.027256572289204632,-0.1492975479922543,-0.39582274143550433,-0.08315151128784196,-0.004092789009395246,0.004030632166962841,-0.08865159496051447,0.21478854720334054,0.13662552096199668,0.4211715767915913,0.47563531464909276,-0.0978269011626517,0.1537919658296743,-0.12417821482361004,-0.13735068412370804,-0.05852465156308521,-0.10027014319980238,-0.10185275203404283,0.024105698507438898,-0.3183498155216792,-0.18786666560415655,0.08353560869877041,0.30791543481898814,0.010129971551291347,0.14362374391380917,-0.09355401668672154,-0.12288088995848241,0.04426045310744368,0.04399270055542717,-0.21888930503868864,-0.09706030010598539,-0.42257249639410627,-0.050763015084987526,-0.11596235526619864,0.1971726605519209,0.06701463873327543,0.15681533839619408,-0.10588657173138681,0.26619703719051074,-0.08686020288630876,0.24727107555243885,-0.32397580664440706,0.27304544621440924,-0.025407804668138242,0.2204958203507877,-0.08681876499135383,0.14870785487174173,-0.14704077648240085,0.0038457554048562026,-0.12664217580823817
#53,0.269465849596379,0.07453561666759637,0.13119237542732828,0.19205348675979567,0.5777606005307238,0.6669381380041278,-0.001480607862043685,0.05534030871231741,0.03152308170437249,0.05603359657021731,0.12883838424084978,1.0,0.5200455816844505,0.17120703806708157,-0.33077002765182606,-0.20466813824319263,0.07020535664480552,0.29410864697304145,-0.5986803624222043,-0.09475890317079584,-0.06903553299492386,-0.03408426236562567,-0.3611025667588394,-0.38865398560830033,-0.3931372470893863,-0.3136370518531505,-0.2171138506163887,0.0992820087816462,0.2860011634485891,0.2472678880220577,0.15729346795336643,0.1198160794970077,-0.15283570671532962,-0.1872562535361665,-0.04031747802596244,-0.14799384806636437,0.12282351441162173,-0.05209221525392664,0.10638223270565547,-0.09180725003785192,0.1493166731745412,-0.004488042776657715,-0.08141111969973464,-0.2528906916144045,0.05864577771756887,-0.14667580425375928,0.055703687175768395,0.10214441106391796,0.06607750480121764,-0.04449792412083928,-0.06722501573843126,0.0971973639123748,-0.013303158045725124,0.13187610069408473,-0.25841786929531674,-0.09061670744049279,-0.23806548781168071,-0.3451314457840926,0.13129437639952507,-0.02983209683717298,0.3207309007163974,0.24313047358732637,-0.23286343822964561,-0.16526707520181053,-0.15010399317868497,0.24185705520005737,-0.1575070324889034,-0.11021364422379651,-0.07142777454597614,-0.16023715226035748,0.0747396186119899,0.0531122249758943,-0.17531098343281085,-0.04519918080469205,-0.1389396680187108,-0.12413358939827396,0.13067121421001043,-0.16245726717082773,-0.13445003147686252,-0.040456135597542416,0.34823928790571285,0.2501637593733315,0.09368311166715808,0.5007339288702596,0.5029954816756848,0.4602666369163831,0.259472941851477,0.1923578959111954,0.2946074954776913,0.5362860489764043,0.006529655985783614,0.2374040752575923,0.043160755125947296,0.16331630660854737,-0.07294663277259361,-0.16732462606284215,-0.10756480647706174,0.10264166580337719,0.13652033245941875,0.08646335535385571,0.020395413143781526,-0.06682816820597821,-0.05772776896779797,0.2046824821299078,-0.01634565579453179,0.07228043892293348,0.07537553092302911,0.26090254922742234,0.2162149670489047,0.18389500274924495,-0.02225374335599136
#54,0.08751524037963487,0.18527520340428244,0.11361633290567301,0.09333088956004112,0.1868323119954737,0.6108041342269044,0.2008941022719123,0.18862529783486998,0.29323526364860664,0.23007594291133088,0.21187195690458924,0.5200455816844505,1.0,0.3615201332387699,0.01597430850512794,-0.07712707886747046,0.16551570257154014,0.3594737387340723,-0.36206998222951814,-0.23430260819673437,0.03390576066428133,-0.1203659284877559,0.12145447011291827,-0.00903983616093841,0.05898046840758951,-0.06683454326674051,0.07668560590968132,-0.1519957924598969,0.3785734207779168,0.043128879822135806,0.13653786387651506,0.14231526269234754,0.06847930894341336,-0.07918303596331153,-0.16276327008741803,-0.23447314107212586,0.16010168221915866,-0.12834272326658114,0.11522444198296265,-0.18874801775454422,0.1784921387531975,-0.055619217620667946,0.18633027596044274,-0.0372670114512029,0.09197937667843396,-0.07575325327319526,0.08924447561140818,0.05237112416227717,0.09576138147566719,-0.056452756815338394,0.08500506020448008,-0.1831746208831053,0.25721776410681413,-0.039519001665484624,0.12489381539417797,-0.2980293093418547,-0.019871064396082525,-0.34282367378814077,-0.049661723338300566,-0.08185099889233319,0.05963709966610619,-0.049663317103491145,-0.2724302528508475,-0.1750830750105587,-0.31525472352158357,0.054831897616524156,0.01842870689861263,0.15546382551458693,0.05034704237024759,-0.21801751547944442,0.33774434412577997,0.08660520045581685,0.10859756632055399,0.11583644781614325,-0.14277745459761412,-0.14860585389954498,0.03628843962419017,-0.03964969041111173,-0.023146251862713067,0.16245726717082773,0.11203850536700428,0.05618022296775016,0.07842440373259808,0.2421726207077911,0.0014917642183777064,0.09021348484727745,0.027913203547721314,-0.01737204057726175,0.15135350508809536,0.3323590115468288,-0.05810230378758297,-0.07354110718867789,-0.2261791870203763,-0.01159145423104814,-0.15999968124696187,0.17160866689510634,0.11834503422610747,0.16964833571069973,0.20082716413390816,0.22479579883495765,0.057504641841117546,-0.01695128656695009,-0.17628955525982357,0.28393564376160463,0.20757675971599104,0.2649315876291946,0.29002701431998024,-0.04380782379332053,-0.153186335057256,-0.12784865605750304,-0.15477053765668705
#58,-0.10462271593526126,-0.07739005012391524,-0.1909155384137255,-0.26710707711432874,0.05890874897401366,0.2761883511702221,0.3454342611703018,0.11951167034560799,0.1900915618101985,-0.10442349528643945,0.02335344133748775,0.17120703806708157,0.3615201332387699,1.0,0.0008590394377196407,-0.12545641450645076,-0.07396026743379898,0.071349680051638,-0.2467132577357378,-0.2647339607455634,0.026094717465275842,-0.2527520340428245,-0.2010550725561603,-0.08465921315812541,-0.0007203818661396616,-0.17289961669947165,-0.08696857891926782,-0.08785471236522722,0.324305716038856,0.03864402457585924,0.12178756703774833,0.23688769533584617,0.043911418530707874,0.021488736064515616,0.10378917674059081,-0.1906222856186598,0.29638135613480066,-0.12145925140848998,0.09997370287435552,-0.10045661372709959,0.4544669253878826,-0.0468311963598403,0.24839627377698445,-0.05781383228808899,0.17339209014335918,-0.043269131158906356,-0.1615663524292966,-0.09864609647060699,-0.005076142131979695,-0.10217947389811059,0.010617663699607137,-0.18960386966188272,-0.007962450892110066,-0.16856298161591854,0.001456701384185068,-0.23265624875487095,0.03604618731522285,-0.20709384886324697,0.03886237040696794,-0.020749229016089058,0.10547219278183745,0.10181928296504077,-0.08872968945485261,-0.03285546940369275,-0.22888540031397175,-0.13758974890229422,0.0874132394074381,0.42583652750440276,-0.03644622237805704,-0.19374606539218578,0.04908956163488433,-0.062464439114185304,0.2309987329566735,0.12459100000796883,0.04064579365522077,-0.02440213883288575,0.06470846050251416,-0.02490736239829786,0.31178987799727464,0.1276334977567755,0.04423973415996621,-0.31333264270175076,-0.1697567117436588,0.2249870506578266,0.26024273043852447,0.24608690801584202,0.24935572042171028,0.06849684036050968,-0.14973902095004343,0.2252723346269394,0.1268573341089657,0.08983257496673015,-0.04958841013953414,0.12109109164946728,-0.00810270222888062,0.0037405669022782875,-0.14158850576544557,-0.08518196814063383,-0.08532859453816669,-0.043618165735642166,-0.15558813919945175,-0.17850170134434093,0.025600650256197753,-0.011529297388615736,-0.03137008024607735,-0.044642956753181556,0.11659667381204727,0.014998924208496363,-0.028201675047215293,0.09469037126760114,0.15020599415088176
#101,-0.1791663014288105,0.22687406864346676,-0.2379172676489573,-0.015245957813035406,-0.2185737395309549,-0.18914645905218785,0.1798532142259481,0.27820127660591765,0.2539170763971344,0.17687127955438325,-0.12604451386177273,-0.33077002765182606,0.01597430850512794,0.0008590394377196407,1.0,0.4661045988094574,0.02010056658352525,-0.10662767254500395,0.4158197132816422,-0.1484990716317765,0.5378176573245463,0.13929667142139948,0.22703822645809593,0.4133398146451083,0.47085401907736935,0.33572823115970324,0.05495939883177012,-0.43597606164683755,0.047368295229063904,-0.38639083903768456,-0.19661165520483867,0.06290591207197443,0.19209811218513176,0.05348197850010758,0.01769557491094837,0.00799591996111213,0.2065870315326443,-0.004634669174190567,0.016895504785279986,-0.05174318067719083,0.26119420825729744,-0.021585955741140656,0.21322506355138698,0.4323582146642335,-0.29867956553960906,-0.19175545266915825,-0.12551857134888317,-0.2568766983560312,-0.3753667652144809,-0.30075305405254643,0.04788467515081003,-0.37153375993114934,-0.22188558359696867,-0.08242316059574943,0.420726916303421,0.11172134609407997,-0.031389205428364236,-0.014619608093139638,-0.5027787296097666,-0.38163344994381976,-0.39517726653332164,-0.26478496123166173,0.3472670911394624,0.10108933850775766,-0.3952410171409446,-0.5276510291738719,0.5296177354190407,0.33936201579421305,0.5798324952784706,0.09673676577229877,0.19926527424714516,-0.1619966690307517,0.5681055710062236,-0.1014049040154914,0.22318928352285858,-0.03842567874475054,-0.020102160348715824,-0.0037724422060897767,0.4982317175210576,0.38041103204264914,-0.3971391914829188,-0.35104272087593336,-0.309496449888038,-0.33573779375084667,-0.3731195562957709,-0.5918447035198304,-0.4901210464662241,-0.2861557586720748,-0.2927890093952458,-0.5380439719816079,-0.22575524547968348,-0.6286829921347687,-0.19336196798125732,-0.530736558582824,-0.34512028942775863,0.24910231175640893,0.24162117795185237,-0.0805457052012527,-0.13633545569731212,-0.2573197650790109,-0.18506642016431718,-0.09094821060013228,0.035225398242076995,-0.1442150307995123,0.2120058331805975,0.0697383834439672,-0.12019220808198328,-0.31342667484799464,-0.20453426196718438,-0.39672481253336944,-0.2398265983472655
#102,0.11073958673668609,0.2798173545091602,0.0010710102080660456,0.23201555514826,-0.1721346094079959,-0.052361561571133725,0.25108814318386474,0.31825737714062585,0.211438452772753,0.11168468949469675,0.09913538238411335,-0.20466813824319263,-0.07712707886747046,-0.12545641450645076,0.4661045988094574,1.0,-0.24297109706826894,-0.05057335702730917,0.10442987034720175,0.5410593757221749,0.1316051606116871,0.5361681103523018,-0.1028153862091498,0.45643044410267036,-0.04856840041756648,0.4429726908334595,-0.2852520938090191,-0.11531050530325367,-0.08944050872984884,-0.09663317103491142,-0.3775055981002319,-0.20573914845125868,-0.183318059750257,-0.11146156236801633,-0.027586481683653546,0.2088230840950203,-0.27699639012184335,0.2253042099307509,-0.38605774211285454,-0.13902413757381124,-0.05181490011076668,0.21452716971208632,-0.08387826821474392,0.4280693925363976,-0.2996453872450972,0.0009562591143446836,-0.20660934424531233,-0.22814111196997347,-0.268888906597391,-0.19593749252922568,-0.2656471881997625,-0.1275777159751054,-0.31727402401804145,0.16020208942616485,-0.12901688594219413,0.2114575779550399,-0.3845038210520444,0.15287873837547514,-0.2970395811585079,-0.21735450916016544,-0.32267370048370775,-0.3729235231773303,0.19895767756536428,-0.12181625481117866,-0.08565691016742503,-0.013786068898469188,0.2695232251432396,-0.023737538748416196,0.5251440365290981,0.32467068826749756,0.09790340189179927,-0.10112599510714086,0.30135071599901186,-0.2039031309517169,0.09401780235717871,-0.15933667492768291,-0.19834407796699313,-0.20426650941516786,0.0021228952338451976,0.3799026209468559,-0.40980484345241414,-0.05692132378136729,-0.08569834806237997,0.04369307269959917,-0.07437305261815777,-0.340538214504857,-0.42025675557220155,-0.11687398895520723,-0.02296137510060643,-0.3289881981687638,-0.17555801703734988,-0.5104303962897146,-0.21567308688410936,-0.3567547753189523,-0.19085019404091194,-0.09668735905139096,0.4419909314760656,-0.19659253002255178,-0.04484536493238451,-0.2410490162484361,-0.23941381316290672,-0.3255217588792643,-0.2768561387850728,-0.11693773956283021,0.12504362932209198,-0.11767724661125677,-0.17691431121452877,-0.23732119946768243,-0.3711369123986963,-0.10724445967375626,-0.1786164524380623
#201,0.29573906876299916,0.142699360103276,0.4640167664098048,0.25138777103969273,0.15954386440245757,0.1202224896206042,0.06730629776315056,0.22790364095657786,0.12012686370916972,0.3975041637115604,0.3849612316617393,0.07020535664480552,0.16551570257154014,-0.07396026743379898,0.02010056658352525,-0.24297109706826894,1.0,0.3359991712421009,0.01893552422921531,-0.4665970722533449,0.08620357162779207,-0.34871901122807575,0.3248667213859382,-0.09575978771047662,0.4092709321135717,-0.23877471332148634,0.11991808046920448,-0.3971089099442979,-0.10726517862123373,-0.452345623919228,0.11141215564710852,-0.1611025667588394,0.4793663189602276,-0.2232323151830041,-0.39412060021197076,-0.35910557897504963,-0.07116320952434078,-0.5141789320179458,0.06691582529145981,-0.33400377722350166,0.014734359186861,-0.2933898588720924,-0.08001179386241025,-0.25078532779765556,-0.22788610953948155,-0.47482886946266206,0.1566639307030895,0.03452254779303365,-0.14840025818996086,-0.2727426308282001,-0.017176007458821092,-0.1594370821346891,0.007312194694355681,-0.017172819928439942,0.17394831419486967,-0.339264796117588,-0.019706906581453354,-0.325728948354039,-0.0717178398106607,-0.14707105802102177,0.23985369235550527,0.25916693893488674,-0.10408721083122824,-0.10595350986939095,-0.028839181123445082,-0.09207978388544016,0.20425216552845268,-0.03012853716261983,0.11409605622803592,-0.017792794587573414,0.4041262580783973,0.3575707830965264,0.0365115667508706,0.2781056506944832,-0.0938440819514061,0.12931013873725983,0.1414115978292918,0.1795153360055463,0.3126552924957566,-0.0614348668010742,-0.11074596179744838,-0.20886292822478464,0.026485189936966587,-0.052101777845070085,-0.1137167401126792,0.1195913586051367,0.04635784809823969,0.013660161448413805,-0.37198320171489135,-0.14831260110447927,-0.4021978021978022,-0.033108878068994096,-0.3350556622492808,-0.08631832272151344,-0.09956888651594961,0.5738638446397692,-0.11752424515296162,0.4884109364167377,0.14374008877272113,0.2865271059614787,0.1799217461291428,0.6895456972324268,0.2440787638757182,0.26465746001641577,0.27180230936576116,0.41933874682243066,0.1960729625704245,0.1931133406115277,0.22460614077727928,-0.2375985146108424,-0.16835738590633442
