,#10,#11,#12,#13,#17,#18,#26,#49,#50,#51,#52,#53,#54,#58,#101,#102,#201,#202,#301,#302,#401,#402,#501,#502,#601,#602,#701,#702,#801,#802,#901,#902,#1001,#1002,#1101,#1102,#1201,#1202,#1301,#1302,#1401,#1402,#1501,#1502,#1601,#1602,#1701,#1702,#1801,#1802,#1901,#1902,#2001,#2002,#2101,#2102,#2201,#2202,#2301,#2302,#2401,#2402,#2501,#2502,#2601,#2602,#2701,#2702,#2801,#2802,#2901,#2902,#3001,#3002,#3101,#3102,#3201,#3202,#3301,#3302,#3401,#3402,#3455,#3501,#3502,#3601,#3602,#3701,#3702,#3801,#3802,#3901,#3902,#4001,#4002,#4101,#4102,#4201,#4202,#4301,#4302,#4401,#4402,#4501,#4502,#4601,#4602,#4701,#4702,#4801,#4802
#10,1.0,0.5572520300584115,0.27662026153686775,0.6853270007729761,0.06487580584752449,0.16063081226242937,0.17362637362637362,0.7461100176111054,0.23580074747587437,0.6469252285060842,0.5239391500450239,0.28803321406657156,0.2342069822852999,-0.3762608674863932,0.23244427798452455,0.043359975774769105,0.317350524747189,-0.1102821761269912,0.1487476990015061,-0.0527504402776339,-0.07100064547490219,0.09073145853421416,0.12368255384934138,0.2806827690076421,0.11227119508482815,-0.11647395389237304,-0.15078931221063202,-0.3160308871693933,0.1065559531114281,0.13499509917203897,-0.10606507343273115,-0.2989106614922423,-0.4159519957924599,-0.5362446110814494,0.09889950513590832,-0.06129461546430364,-0.3753428587366223,-0.3447887862681191,-0.1909155384137255,-0.5731594004255353,0.03102263943453211,0.0561467538987481,-0.040097538429663154,0.2724461905027532,-0.2587493724549562,-0.2119436763381651,-0.36873351449131,-0.2994987608475643,-0.31583007275538094,-0.26581931484034454,-0.3245001553921061,0.008096327168118322,-0.4340428244706707,-0.1953860497732869,-0.38100710022392403,-0.3620078253870857,-0.23047916550454622,-0.23230083911737284,-0.026392751555913266,-0.04485652128871853,-0.2596912876825857,-0.1275888723314394,0.2749499956171457,0.28896875423343876,0.0038728494130959687,0.1304289619010431,-0.01470567141343066,-0.23570671532963047,0.1662105841946306,0.08932894516650862,0.2925834136856617,0.22653619042306497,0.16010805727992095,0.04058841810836009,-0.03813561348006598,-0.3639219373809657,-0.3499350540684841,-0.43365235199898,-0.07748248850496857,0.18834001386575716,-0.09435568057758051,0.27775183482217564,,0.17630389914653874,0.27449736630302257,-0.23506124042744783,-0.34762090701176995,-0.24961550414777392,-0.097833276223414,0.21305771820637665,0.15606308122624293,0.047746017579230055,0.13376311867972493,-0.1366860840392385,0.1327526715489007,0.03967997194973265,0.053491541091251024,-0.12018742678641156,-0.23970547219278185,-0.43974850385292735,-0.364763445401589,0.05426929850425137,-0.1582433520069488,-0.20945262134529719,-0.3979918558598762,-0.22961375100606427,-0.5061304178055447,-0.24640406728876635,0.01814182916430922,0.01100016734534501,0.2709305198065169
#11,0.5572520300584115,1.0,0.17736215923308019,0.3455713249766912,-0.06274812931810757,-0.08524571874825682,0.3007801480607862,0.38456438412928623,0.29362095482472567,0.5274900588896237,0.343073894923061,0.07468702436070093,-0.0069280972834272325,-0.21749954179250772,0.17708962538549194,-0.07885153280367203,0.04114623592506116,-0.2514722405947932,0.05813099156101332,0.10778952736893274,-0.048356429647220076,-0.1189363211118106,0.07909219134744878,0.18010343536086829,0.16038377865789033,0.010348317382400052,0.12908223031500768,-0.048061583086963795,-0.06503518236658193,-0.06926822271274773,-0.2143534493063137,-0.3346572209516372,-0.401209667779646,-0.3940568496043478,0.17558032975001792,-0.09346795336643052,-0.11495350190056498,-0.09040154913976524,-0.013771725011754018,-0.422052928941979,-0.016552845269306473,-0.05525583915721697,0.1338699009474934,0.21766369960713688,-0.16738200160970285,-0.22390807162380766,-0.18772163297181427,-0.07915275442469061,-0.07417701949971711,-0.05239184310975464,0.0033947198559236267,0.21270868362964085,-0.21410641570177466,-0.046118783319653515,-0.09783486998860458,-0.19570002151583007,0.01927499621480767,-0.07618356987465037,0.06861796651499334,0.03599837435950561,0.06821793145215915,0.1817689199850186,0.18007793511781908,0.1874570679501789,0.015486616356812151,0.10464184111754815,0.03433288973535529,0.0010072596004430667,0.15939086294416244,0.18241439488720126,0.24236387253066005,0.22434635705121564,0.05397604570918567,-0.019536373706061885,0.008563300368956642,0.006515312099068444,-0.15008008670082637,-0.2858210679820542,-0.0004446604881702779,0.12476631417893201,-0.04564384129286232,-0.08082939540517496,,0.05487652304186024,0.20570249185187547,-0.12251910526022201,-0.14692761915387006,0.05319669453099475,0.03355672608754552,0.17167082373753875,0.1870028448708652,0.07765939644112232,-0.013123062579190208,-0.040795607583134774,-0.13610435974467883,-0.06303660081760154,-0.07080142482608037,-0.23552661986309556,-0.2009355401668672,-0.2826064435926655,-0.08276582011172294,-0.2691215963152149,-0.3855206432436309,-0.5154985695957415,-0.34999880467610706,-0.3698204623512818,-0.34990955382543487,0.11103921459251409,0.13893807425352023,0.03217652543250803,0.1806835658902374
#12,0.27662026153686775,0.17736215923308019,1.0,0.5069225191052602,-0.005037891767405908,0.10178422013084812,0.059103188327263745,0.11112846544318626,0.03953972061296209,0.5809449433814916,0.4024814924017244,-0.007551259472941852,0.2585134952067512,-0.2548876793981943,0.3633386193212154,0.18370056339599486,0.6294161241224331,0.38337543529711765,0.16665046338722916,-0.3237032727968188,-0.07958944608690802,-0.2077409175306202,0.46788642829251964,0.1979536054953024,0.29131318282877383,-0.13561666759636304,0.12023364597693821,-0.11263138601789799,-0.0893735705918447,-0.1998310608897991,0.4647642422841843,0.024757548470383858,0.17923802086238635,0.06880284327709998,0.09747308529034418,-0.29146140299149725,-0.16345018288455562,-0.20445297994246509,-0.04598012574807354,-0.37350046617631827,0.1583501342747173,-0.16210982635928248,-0.04098367187562257,0.0032895313533457117,-0.03245862187123971,-0.12621345297197364,-0.13300608021420204,-0.27803074373052616,-0.19031947023245066,-0.30730342898580754,-0.0730661651618867,0.19715034783925284,0.30069567850568574,0.19957924598968835,0.060671453274789025,-0.04383969909713202,-0.3656352349608332,-0.4409390464502865,0.007014160603718254,-0.039005809274119646,-0.43804636262939384,-0.27050498450063354,-0.14672361720947652,0.16522563730685558,0.4472232625967216,0.2600992915713728,0.058843404601200106,-0.2467180390313095,0.292600945102758,0.065368279291412,0.5689438914964658,0.23717457307014958,0.1643506602172302,0.06267481611934114,-0.2918008749770896,-0.14816597470694642,-0.27899178414044257,-0.15646630381945828,0.1849596378965487,0.3273370574313286,-0.025654838272677286,0.036619942783829657,,-0.09519718859820382,-0.13535529010510883,-0.5667763708372845,-0.36387890572082016,0.05650056977105563,0.1363242993409781,-0.09761014909673357,-0.028354676505510445,-0.32973408027795265,-0.1452079465132402,-0.0774745196790157,-0.029527687685773255,0.6666592290957774,0.007425352022886468,0.5679908199125023,0.3576425025301022,0.07532931173250244,0.18937117994405883,0.6149829865565907,0.2779845245399995,0.374190566503837,0.23029428874243957,0.22907027707607838,0.05353297898620596,-0.46846177752631707,-0.16887376582808056,-0.23836830319788985,-0.16793663189602276
#13,0.6853270007729761,0.3455713249766912,0.5069225191052602,1.0,0.0444405485739786,0.11493915801384982,-0.004758982859055376,0.37048346867056076,0.24026169624429233,0.7652256373068556,0.5145646231940648,0.24205627584887918,0.17147160308871695,-0.35167863318697257,0.34639211404983705,-0.0002677525520165114,0.48927794468041025,0.14248420180254842,0.21044872458940625,-0.19679334443656415,-0.12573372964961071,-0.05981719513264111,0.25309947485436973,0.23380216592689398,0.25988253950545465,-0.029556375459203595,-0.11125437289324164,-0.2377100781741826,0.06585756520491835,0.028810493350014742,0.1488672313907992,-0.12057311796253058,-0.1341264971431759,-0.17440413103937397,0.18874642398935365,-0.06806174246348286,-0.1798643705822821,-0.14209372933085768,-0.019061431679270692,-0.44236387253066006,0.22640709544262844,0.04316234889113787,-0.013320689462821443,0.1887368613982102,-0.15550207587916073,-0.20930758871295493,-0.34228338738853603,-0.402033644383173,-0.34927682904477686,-0.40037612858497557,-0.3222704778904924,0.03213030624198137,-0.22480217389571994,-0.19649849787630788,-0.26256325255600094,-0.2822924718501223,-0.15050084071113803,-0.3325391070133637,0.025124114464215988,-0.08168524731251345,-0.25640016256404946,-0.1858457713425081,0.06872953007833356,0.22172301954753007,0.32475675158778855,0.23679525695479284,-0.011863988078636374,-0.36514913657770803,0.1804588449983664,0.09668735905139096,0.30526022201149106,0.26265569093705426,0.08013132625170334,0.03143383085370032,-0.1818629521312625,-0.3722286415542398,-0.19957924598968835,-0.1685518252595845,-0.009411183450342262,0.08513734271529776,0.011972364111595439,-0.023131907975997897,,-0.013309533106487421,-0.013468909625544869,-0.2508538597008503,-0.23194542947987473,-0.001305293691080493,-0.03784873574576258,0.11561332068946283,0.001321231342986238,-0.10533034767987633,0.11163368900859837,0.00813139000231096,0.04592115643602228,0.23907434117731435,0.08823721601096511,0.1304241806054714,-0.017609511590657347,-0.33395277673740326,-0.2410490162484361,0.24919315637227168,0.05998772800803258,0.038476679230848916,-0.06709432699280415,0.0026520252771159224,-0.22165448764433535,-0.2816948099036569,0.00020081441401238355,0.0043573540310306086,0.04285315844416642
#17,0.06487580584752449,-0.06274812931810757,-0.005037891767405908,0.0444405485739786,1.0,0.6865797002127677,-0.0016336093203388345,0.1836607192662305,0.03124257903083139,0.06641060172604771,0.18754791256604164,0.587396504872937,0.3663651794181163,-0.04955175354015093,0.1841037859892102,-0.01992684617775263,0.1404139008199922,-0.013749412299085976,0.23538955605670617,0.02029659970196591,0.21133326427017507,0.1579261927340245,0.055560248308616694,-0.007207006191777766,0.04570440437010415,-0.1404888077839492,-0.24555618420738073,-0.30171568822765343,0.3677087234737706,0.4640406728876635,0.14029118090031795,0.12974523663428666,-0.04961391038258334,-0.09969479396600499,0.24952147200153002,0.16951605319988206,0.19442500936337048,0.007638916558423447,0.1332897704181243,0.017027787296097666,0.24340460120010518,-0.05104989281929093,0.19959040234602235,0.2889320976340556,-0.18210201690984867,0.11507622182023923,-0.25818039828192113,-0.2265967535003068,-0.10040083194542948,-0.2681525870793456,-0.1664863055726,-0.15917889217381603,-0.2011108543378304,-0.24385085545346605,-0.12195491238275864,-0.1961669947166684,-0.16833029189809465,-0.19321534158372447,-0.22241152610985823,-0.22717369649929475,-0.36103881615121647,-0.3753524213277658,0.2909211165918925,0.03982181705169378,-0.13037796141494473,-0.3401620859198814,0.03037078947158715,0.25075345249384406,0.15888882690913148,0.2690514706468296,0.28541784538883885,0.3692196128744352,0.31260907330522997,0.38094175585111045,0.060092916510610495,-0.03728294910310864,-0.2368494449712724,-0.07772792834431703,0.18763716341671383,0.3118855039087091,-0.09082549068045805,0.533796587748727,,0.17596602092613695,0.4162261234052387,-0.2177003562065201,-0.2756640024225231,-0.09513981305134314,0.30630095068093616,0.03479667540581246,0.3253719449513503,0.2096948736542645,0.12637123572584052,-0.0038553179959996495,-0.27149790021436143,-0.07923244268421933,0.17361840480042076,0.023971822231430642,-0.12083768298416594,0.03978834798269171,-0.061689869231566115,0.3067806740032991,0.06213931101530811,0.12560144713879304,-0.028475802659994102,-0.02945756201738798,-0.09240650574950793,-0.345920359553427,-0.061285052873160197,-0.2522468104774124,-0.2934297030018567
#18,0.16063081226242937,-0.08524571874825682,0.10178422013084812,0.11493915801384982,0.6865797002127677,1.0,0.056342787017188756,0.3202575524547968,0.11520850433105691,0.1492545163321088,0.2479053940982875,0.44851421240108696,0.3649387595725522,-0.2765995425893903,0.24910549928679007,0.23186733498553658,0.2399015053112225,0.2547043964012782,0.29416602251990215,-0.08457474360302497,0.11202097394990795,0.09012582776179585,0.0462383157089466,0.003466439289499478,0.03141151814103228,-0.13919785797958387,-0.4055367402720557,-0.3936185641769398,0.5675652846066189,0.577711193809816,0.21469929635266835,0.16821075950880157,-0.062128154658974095,-0.22019619249495972,0.30467212265616905,0.2181179226864506,0.21413829100558615,0.022779685868880937,-0.050946298081903596,0.007718604817952171,0.12001530014582952,0.06465267872084406,0.3000757038465523,0.34481906780674004,-0.19661643650041039,0.15507813433846793,-0.31327526715489007,-0.27991298042059465,-0.27349966929372294,-0.32818653427790484,-0.3784538883886237,-0.2574201722860171,-0.3613496003633785,-0.3042194933420459,-0.19716947302153973,-0.13013252157559627,-0.3596363027835109,-0.24416642096119978,-0.40525464383332405,-0.2896652296217198,-0.3775422546996151,-0.43999234992708525,0.25455617623855475,0.2824406920128458,-0.017351321629784283,-0.28146849524659534,0.03157408219047088,0.07937588155137104,0.36644486767764506,0.09733283395357362,0.32100502832917627,0.2345496418012734,0.31703655300464584,0.1872068468152587,-0.06410442349528644,-0.31682458223429943,-0.2964658256899011,-0.22133573460622047,0.1715194160444342,0.34614826797567916,-0.21591215166269553,0.4697383834439672,,0.3022017866107786,0.32744383969909713,-0.30402346022360527,-0.31100415175832147,-0.21640303134139247,0.2637458263274072,0.20436691662217404,0.10428165018447833,0.0667723864243081,0.008271641339081513,-0.07374989042864315,-0.037891767405908085,0.06630222569308863,0.17466232100024703,0.13180756879089003,-0.051147112495915976,-0.13897473085290343,-0.22674337989783966,0.42769326395142204,0.297020455976221,0.1866458414681765,-0.03915084190646192,-0.01662934599845405,-0.10726836615161488,-0.3353266023316785,-0.10391667795583677,-0.20744447720517337,-0.25830471196678595
#26,0.17362637362637362,0.3007801480607862,0.059103188327263745,-0.004758982859055376,-0.0016336093203388345,0.056342787017188756,1.0,0.262169592553929,0.030369195706396578,0.3058881654965774,0.31083840017850173,0.11935548135693168,0.2911824940831467,0.23247296575795487,0.045337838376272026,0.017902764385723052,0.029691845500402426,-0.16892954760975065,0.006359123110392146,-0.12293826550534309,-0.1610659101594562,-0.33301086150977377,0.0695009124305716,-0.049044936209548244,-0.1295810788196575,-0.16042681031803585,0.08160555905298472,0.007724979878714469,-0.23873805672210313,-0.14946489333726462,-0.10879041190861351,-0.1057941333503335,-0.06098701878252277,-0.2128059033062659,-0.07491493278295308,-0.25228346707679555,-0.1694060834017324,-0.14998127325901076,-0.3336499613511941,-0.43733873088477876,-0.10885097498585533,-0.23409541872195969,-0.2600976978061822,-0.09386480089888356,-0.054894054458956565,-0.1566400242252309,-0.03518077281674091,-0.05664400863820733,0.12500856648789935,0.03808301922877702,0.07956235207866826,0.12324586218712397,-0.016090653364039875,0.1256970730502275,-0.027296416418968992,-0.2977647443202193,-0.18379618930742933,-0.2212528588163106,0.22513367705535944,0.1864450270541641,-0.07390767318251001,-0.001224011666361195,0.1026097904995657,0.3147048745308354,-0.10950601247918144,-0.0005673804078445123,0.34303405079329663,0.48422092773071745,-0.04900987337535561,-0.031107108989632558,0.22135007849293564,0.08427511574719697,-0.055123556646399285,-0.05113436237439138,-0.11588266700666991,0.09898716222138992,-0.25259265752376703,-0.2315358318258971,0.14905370191809642,0.04943859621162014,-0.08103020981918733,0.010869478599717904,,0.11541410004064101,0.014251448334116935,-0.05844974459912821,-0.12023842727250994,0.031073639920630492,-0.052716971208631835,-0.18958952577516755,-0.11134202997872324,0.16150578935205476,-0.11706364701288559,0.07963088398186295,0.03652750440277634,0.03204424292169035,-0.30810031158109474,0.0037373793718971384,-0.09963901218433488,-0.09067089545697232,-0.018533895401190544,0.07096717640590011,-0.10712173975408203,-0.07150746280550486,-0.11368167727848656,-0.05772936273298855,-0.12407621385141328,-0.021064794523822806,-0.031597988668329496,0.05653722637043884,0.08192271832590904
#49,0.7461100176111054,0.38456438412928623,0.11112846544318626,0.37048346867056076,0.1836607192662305,0.3202575524547968,0.262169592553929,1.0,0.44327391245447806,0.5513965367482409,0.6038935683605734,0.43478073775390674,0.23293197013284034,-0.23698969630804292,0.3854090796802907,0.18444644550518371,0.24405166986747842,-0.12368255384934138,0.29498362406266687,0.02481173648686339,0.20542039541314377,0.17759803648128522,0.10778633983855158,0.28205500083672674,0.08798540111085434,-0.1781909171321789,-0.28058076803544535,-0.48730486337447904,0.03497677087234738,0.1577572536238236,-0.14613392408896397,-0.3804158133382209,-0.4435161647634454,-0.6433201316450048,0.014450668982938744,-0.06830718230283132,-0.1768808421455267,-0.23979950433902572,-0.2197738447194575,-0.45037732390886853,-0.1522380447688642,0.04232243463570512,-0.04130242491373746,0.32634414171760073,-0.20931077624333608,-0.06929850425136865,-0.5481436619942783,-0.4970603001059854,-0.4689335320227271,-0.3965590609535497,-0.48481380838161114,-0.2271960092119628,-0.5071998342484202,-0.30074667899178414,-0.3426786411557985,-0.3068013929507766,-0.22023763038991465,-0.2074986652216529,-0.3198033293754831,-0.3092398536923555,-0.4046012001051885,-0.3063487636366534,0.4539314202838496,0.3202591462199874,-0.08697654774522069,-0.011369920869558289,0.10675836129063106,-0.11868450621169983,0.36785056857573173,0.10188781486823546,0.30081999219055056,0.19984221724613313,0.32641745491636714,0.09843253193507001,0.06618109953860497,-0.3704739060794173,-0.4455338714947127,-0.5692785821864864,0.1114567810724446,0.2917992812118991,-0.12995083234387078,0.32171266007379135,,0.386999657340484,0.4125556821713457,-0.22304903218608801,-0.4973264588928113,-0.40877367737411247,-0.031103921459251407,0.1279203754910789,0.13602307771995953,0.11745252571938576,0.14349943022894437,-0.26615719306074637,-0.011704611559578927,0.02653300289268382,0.1558973296464232,-0.1562893958833045,-0.3513901616874786,-0.5520340428244707,-0.5131334220529289,0.10904382057391485,-0.19573986564559442,-0.10803974850385292,-0.4415016455625593,-0.25937094087928025,-0.5597924917721872,-0.29652001370638065,-0.08839181123445083,-0.2835913904804405,-0.04334881941843508
#50,0.23580074747587437,0.29362095482472567,0.03953972061296209,0.24026169624429233,0.03124257903083139,0.11520850433105691,0.030369195706396578,0.44327391245447806,1.0,0.3102200192845588,0.259986134242842,0.18892651945588856,0.10501318840695201,-0.07702029659970197,0.2068436277283268,0.04999800779351178,-0.02749085577221908,0.012177959821179545,0.027012726215046738,-0.02041135079568727,0.09277944680410236,0.08667691988939269,0.15008646176158866,0.25117898779972747,0.16530373180119373,0.10048848903091108,-0.04929515734446844,-0.09638454366518182,-0.13678330371586353,0.00038887870650017135,-0.17998868426714693,-0.1349616301030369,-0.30200256596195685,-0.24601837611264732,-0.02574887041892118,0.07634613392408897,-0.046058220242411685,0.13701918096406857,-0.08912653698730566,-0.15569173393683908,-0.121020965981082,0.06929053542541577,-0.04631162890771302,0.15101881439807474,-0.29529759580521003,0.059820382663022253,-0.3107443680322578,-0.20208305110408084,-0.2550231494393931,-0.08099355321980413,-0.15123716022918343,0.03057001012040896,-0.23548358820295007,-0.17602977153375993,-0.157295061718557,-0.06935428603303875,-0.05450198822207524,-0.032111181059694474,-0.2973535529010511,-0.18474129206544,-0.16687996557467188,-0.06663372885272813,0.10685717473244667,0.20166229709376918,-0.01514076931045749,0.06897178238730088,0.11540134991911642,-0.01613846631975711,0.11667317454119484,0.016664408832646686,-0.055786562965678264,-0.08679804604387635,0.04199730653682793,-0.1311780315406131,-0.1737028743555212,-0.18032337495716755,-0.2836965789830184,-0.40421710269426003,0.182055797719322,0.31929491827968987,0.02872761756010487,0.039601877455394494,,0.28647929300576147,0.20892986636278876,-0.16113284829746033,-0.23770051558303915,-0.07732470575110169,0.08612547713345393,0.005895337439934974,0.08565531640223446,0.10193084652838097,0.09289738542820486,-0.27368773358621074,-0.3108989632557435,-0.1856959574145941,0.15202926152889895,-0.0776864904493621,-0.10838400178501702,-0.20833857947708564,-0.24223796508060466,-0.08402170708189563,-0.08248531743818183,-0.06181737044681207,-0.14472344189530556,-0.18710962713863366,-0.22451210863103538,-0.03201874267864115,0.046673413605973435,-0.3246818446238316,-0.29101355497294584
#51,0.6469252285060842,0.5274900588896237,0.5809449433814916,0.7652256373068556,0.06641060172604771,0.1492545163321088,0.3058881654965774,0.5513965367482409,0.3102200192845588,1.0,0.6364733163862968,0.1942560702531696,0.26753739371578383,-0.2839483938831292,0.3935532198041263,-0.03598881176836217,0.5265322060100885,0.08114974220848042,0.25869677820366727,-0.2624293762799927,-0.08549753364836758,-0.2669222003522221,0.25967056873510824,0.09115699384009754,0.17484241646678195,-0.20906852393436876,-0.0008781646200065345,-0.32845428682992134,-0.08773358621074358,-0.026703535768075288,0.15388440421072763,-0.14804803608284392,-0.12294145303572425,-0.21593127684498242,0.2081664528365036,-0.08989473180916256,-0.1491286088820534,-0.1840910358676856,-0.13432253026161656,-0.582247049542191,0.20680697112894358,-0.009776155678983815,-0.009560997378256261,0.2185052076277602,-0.13324992628835994,-0.2961295412346899,-0.3478934408593582,-0.47718923570990285,-0.21887814868235464,-0.40219461466742107,-0.31436380878005243,-0.02638637649515097,-0.14778187729601797,-0.1982341081688435,-0.23432651467459298,-0.39791535513072857,-0.24062826223812445,-0.4813585254484457,0.042719282168158165,-0.12894676027380886,-0.251607710635992,-0.18636533879463538,0.15104112711074277,0.356984277506395,0.33917395150172525,0.16336093203388344,0.03981703575612205,-0.21876180382344268,0.29148690323454646,0.15175035262054842,0.46181418291643095,0.3028950744686785,0.09961829323685742,-0.07048267178796548,-0.20916733737618437,-0.2716094637777016,-0.2766999497963965,-0.26482958665699785,0.1076046506068261,0.1366063957797098,-0.09991632732749484,-0.022988469108846193,,0.1517073209604029,-0.0007076317446150659,-0.24194152475515782,-0.2585182765023229,-0.09042545561762386,-0.0028751524037963485,0.03502936512363634,0.01709631919929237,-0.05153758496760672,-0.037697328052658005,0.04913099952983927,0.02669237941174127,0.3442851564678976,-0.15830232131900007,0.16876698356031206,-0.06107308210281379,-0.4474910151487381,-0.20670656392193737,0.3131238594617855,0.04950075305405255,-0.04401341950290464,-0.0702946074954777,-0.04341894508682036,-0.21435504307150427,-0.29282247846424786,-0.0910406489811856,-0.07471571213413128,0.03395994868076086
#52,0.5239391500450239,0.343073894923061,0.4024814924017244,0.5145646231940648,0.18754791256604164,0.2479053940982875,0.31083840017850173,0.6038935683605734,0.259986134242842,0.6364733163862968,1.0,0.3968778139916646,0.28861971965670297,-0.2382663022256931,0.36276008255703684,0.08030345289228538,0.5279395006733658,0.04318784913418706,0.13149997210910916,-0.22845348994732606,0.11235407087473802,-0.10566185083951582,0.13146331550972595,0.0643881136992087,0.13775709424730453,-0.20644518643068316,-0.1468064929993864,-0.3476065631250548,0.051057861645243806,0.0025101801751547946,0.2070428483771486,-0.0805712054443019,-0.10253169600522755,-0.3033142347137996,0.22437185729426484,-0.022637840766919808,-0.10196112806700189,-0.24452342436388846,-0.3017778450700858,-0.526638988277857,0.053818262955318795,0.13154619129963582,-0.020591446262222188,0.17931133406115277,-0.09571356851994996,-0.35291380120966775,-0.290428643148005,-0.4084039238498992,-0.3387978229167497,-0.484436086031445,-0.34850863422291994,-0.22849811537266215,-0.22700635115428444,-0.3170652407780762,-0.20808038951621258,-0.34052865191371356,-0.16794619448716622,-0.39666903075169935,-0.2103881615121644,-0.34438556367490375,-0.3009315557538908,-0.22683103698332124,0.25028647929300574,0.1333073018352206,0.06728239128529194,-0.053327383276621856,0.09312370008526644,-0.1200535505104033,0.25902031253735386,0.09739977209157774,0.4001769079361538,0.40140251336770555,0.25993991505231534,0.16178629202559586,-0.017440572480456454,-0.20002231271266804,-0.23423407629353968,-0.3006383029588251,0.10854337830407446,0.10141606037182542,0.0383778657890333,0.08365514108806349,,0.24550677748647293,0.22468423527161743,-0.23075807441289675,-0.33030942951175,-0.23017635011833706,0.08065567499940234,0.06313541425941716,-0.023020344412657684,-0.02104566934153591,-0.01651618866992326,-0.06818127485277595,-0.06574759540676872,0.28536046984197816,-0.06509096414825204,0.16546310832025118,-0.13047518109156978,-0.27316338483851177,-0.2855134713002733,0.3334045215118457,0.06333622867342954,0.049577253783200124,-0.06527265337997752,-0.0323964650288073,-0.2856999418275705,-0.20655356246364223,-0.21359003578002853,-0.2058746184924575,-0.08624979081831874
#53,0.28803321406657156,0.07468702436070093,-0.007551259472941852,0.24205627584887918,0.587396504872937,0.44851421240108696,0.11935548135693168,0.43478073775390674,0.18892651945588856,0.1942560702531696,0.3968778139916646,1.0,0.39239136498019744,-0.11584919793766785,0.23633944011028854,-0.030963670122480854,0.11561332068946283,-0.12763509152196606,0.08687773430340508,0.03019547530062396,0.1556407334507407,0.1304417120225677,0.03589956091769,-0.0015332021133326428,-0.11651220425694682,-0.22747969941588506,-0.2885256875104591,-0.2219828032735937,0.15073671795934304,0.20036656599383212,-0.1329152355983393,0.027471730589932186,-0.1850026695566942,-0.3242005275362781,0.08633107284303804,0.09018001577827539,0.0006008494768465762,-0.16154244595143796,-0.08940385213046562,-0.21177314346277362,-0.02854592832837938,-0.06886181258915124,0.1913601989018958,0.18936480488329654,-0.2751571850919204,0.017760919283761924,-0.26229390623879384,-0.1702571540134992,-0.18862211030448883,-0.23684306991051007,-0.2142976675246436,-0.10249025811027261,-0.3527321119779423,-0.24312409852656408,-0.27861724932065757,-0.349965335607105,-0.17183338778697735,-0.2913928710883026,-0.2715839635346524,-0.2661093801050291,-0.27014798109794486,-0.20491039055215995,0.3347895034624549,0.1521950131087187,-0.31068539872020656,-0.15212169990995228,0.11667954960195714,0.13165616109778547,0.13931101530811466,-0.024513702396225964,0.1045828718054969,0.09795599614308824,0.22604371697917747,0.38771047661548025,0.03767820287037111,-0.1910031954992071,-0.2688060308074811,-0.26921881599183994,0.18527042210871073,0.165887049860944,0.16614523982181706,0.41860402106957584,,0.31897616524157496,0.4319581796013993,-0.07108352126481206,-0.2502354788069074,-0.06905943947278248,0.1692961136035828,0.25880356047143577,0.2016607033285786,0.27526077982930774,0.13233669883416077,-0.00932512013005124,-0.14797153535369634,-0.12887822837061416,0.03590593597845229,-0.2074428834399828,-0.23427870171887577,-0.19406641219549123,-0.3351863509949079,0.1366876778044291,-0.10301141932759046,0.027691670186231462,-0.13022655372184017,-0.14894532588513734,-0.23008869303285548,-0.16797328849540596,-0.04918996884189052,-0.13402130864059797,-0.11051645961000565
#54,0.2342069822852999,-0.0069280972834272325,0.2585134952067512,0.17147160308871695,0.3663651794181163,0.3649387595725522,0.2911824940831467,0.23293197013284034,0.10501318840695201,0.26753739371578383,0.28861971965670297,0.39239136498019744,1.0,0.0992756337208839,-0.047339607455633564,-0.06627035038927714,0.27451330395492834,0.1486042601343544,-0.004507167958944609,-0.4176493557204217,-0.23690522675294248,-0.25800349034576736,0.21985034544860504,-0.036098781566511806,0.04900031078421216,-0.2198471579182239,0.04111117309086852,-0.14250013945445417,0.1557283905362223,0.15328196096869048,0.2718309971391915,0.330747714939158,0.22051653929826517,-0.05722413916757644,-0.08079114504060117,-0.0464757867223422,-0.16763062897943246,-0.26357369968682515,-0.2155519607296257,-0.2565244762489142,0.19118010343536088,0.052793471937779404,-0.0506897018862211,-0.026678035525026098,0.07651985432986158,-0.042725657228920466,-0.0321032122337416,-0.13267457705456256,0.0013706380638940465,-0.19780697909776954,-0.09764839946130736,0.09945254165703767,-0.03516005386926344,0.018556208113858587,-0.22546358644980835,-0.29681326650144635,-0.5829052745658982,-0.5387006032401246,0.011191419168213947,0.07359848273553857,-0.3246611256763541,-0.33329295794850544,0.057278327184055976,0.10583238371490729,0.05404139008199922,-0.00987815665118058,0.05266597072253345,0.2521336531488816,-0.11776968499231008,-0.11106790236594442,0.10085027372917148,0.23039469594944575,0.023562224577453005,-0.005873024727266932,-0.40211333264270177,-0.3672050936735491,-0.35353218210361065,-0.2603096685765286,0.15811903832208402,0.323728773039868,0.28542581421479174,0.46539537329965175,,0.47231868928750725,0.19671843747260717,-0.11721186717560901,-0.2985759708022217,-0.27546478177370126,0.14999083585015419,0.020797041971806294,0.1303668050586107,-0.05423742320043988,-0.010601726047701392,0.0022121460845173683,0.03994453697136801,0.21105435536182454,-0.18483851174206503,0.3075217748169162,0.30433743196614843,0.040360509686107944,0.15369155862266812,0.4365004103945366,0.3210703727019898,0.2745228665460718,0.30620213723912054,0.2788595016296249,0.14852138434444453,-0.3841245049366877,-0.25625034863613544,-0.15733490584832135,-0.06079417319446326
#58,-0.3762608674863932,-0.21749954179250772,-0.2548876793981943,-0.35167863318697257,-0.04955175354015093,-0.2765995425893903,0.23247296575795487,-0.23698969630804292,-0.07702029659970197,-0.2839483938831292,-0.2382663022256931,-0.11584919793766785,0.0992756337208839,1.0,-0.19689375164357034,-0.187138314912064,-0.314964658256899,-0.2267465674282208,-0.02832917626246125,0.09704276868888907,-0.04649809943501024,-0.0547043964012782,-0.10652089027723545,-0.07667923084891903,-0.16166197834073107,0.02971893950864219,0.1549044139326953,0.16892317254898837,-0.38626971288320094,-0.2443401413669724,0.07944600721975631,0.07749045733092144,0.2343201396138307,0.1084844089920232,-0.3043900262174374,-0.1250165353138522,-0.06763780092279005,0.1088844440548574,-0.06787049064061391,0.15043549633832448,-0.033660320824932866,-0.14801456701384186,-0.4028145893265545,-0.41844783208089953,0.13062658878467434,0.02486433073815235,0.1485293531703974,0.1338699009474934,0.14429312529385047,0.16134481906780673,0.1424618890898804,0.054460550327120306,0.1861406179027644,0.20810907728964292,0.14344683597765542,-0.05990803974850385,0.14427559387675415,0.15843619759500832,0.003283156292583414,0.15600092438381052,0.11737921252061934,-0.10391986548621791,0.16522563730685558,0.12219397716134482,-0.06297285020997856,-0.12678880220577102,0.46608228609678937,0.5359880148857669,-0.22792914119962707,0.10036098781566512,-0.08327582497270677,0.05775008168046602,0.07413876913514332,0.18710325207787137,0.18941580536939492,0.32685095904820344,0.1462454876523042,0.16423909665388997,0.14452581501167433,-0.02904477683302919,0.21502601821673611,-0.08170596625999091,,-0.04807911450406012,-0.18827626325813418,0.2492792196925627,0.09053701918096407,0.19022703185139733,-0.10286479293005761,-0.43208249328626414,-0.4018694865685439,-0.014802891090055703,-0.17283108479627696,-0.046172971336133045,-0.082050219541155,-0.07248284710213644,-0.09425846090095547,0.09847556359521552,0.17431328642351124,0.11907816621377172,0.23573221557267968,-0.06844743363960187,-0.05759708022217087,-0.019407278725625355,0.2491533122425073,0.14858513495206752,0.23524611718955446,0.10653364039876005,-0.18245264525177507,-0.10847325263568919,-0.17023484130083114
#101,0.23244427798452455,0.17708962538549194,0.3633386193212154,0.34639211404983705,0.1841037859892102,0.24910549928679007,0.045337838376272026,0.3854090796802907,0.2068436277283268,0.3935532198041263,0.36276008255703684,0.23633944011028854,-0.047339607455633564,-0.19689375164357034,1.0,0.4482129907800684,0.3878284152395828,0.2177258564495693,0.6115069846759477,0.09241128704507964,0.5476177194813888,0.2845906812549307,0.4506737642343154,0.4047685454501988,0.5393237654296392,0.0604483261481086,-0.33183785032951096,-0.39105578975049604,0.1907848496680984,0.10122480854895648,0.06536509176103085,-0.4310592960339153,-0.3937635968092821,-0.18299133788618924,0.148167568472137,-0.36504076054474893,0.27464080517017425,0.18431256922917547,0.24573787343910622,0.00026615878682593693,0.024351138346787368,-0.06310991401636797,0.2571763262118592,0.39171720230458446,0.029993067121421,0.0666353226179187,-0.6418092422443401,-0.6235526619863095,-0.6660408482018344,-0.581584043222912,-0.4137462247687048,-0.27501693375514985,-0.2016734534501032,-0.11195084828152269,0.219453497916152,0.17969224394170008,0.054567332594888794,-0.06149861740869718,-0.4053693949270454,-0.35077974961948855,-0.4719983424842018,-0.4261600618380894,0.22050857047231232,0.15468128680601487,0.09580600690100327,-0.057934958442572654,0.14625345647825705,-0.18929786674529242,0.6977838695025061,0.37424953581588827,0.42427304385244924,0.3086262540939843,0.3309549044139327,0.16505988572703584,-0.07505677788491422,-0.2943397429256748,-0.4638621711863191,-0.39695431472081216,0.5417000693287858,0.4439879192598554,-0.24837077353393525,0.01709631919929237,,-0.07060379794244914,0.16589342492170628,-0.49785558893608206,-0.549471268398027,0.00844536174485413,0.028408864521989974,0.09918638287021173,-0.06300631927898062,0.0253169600522755,0.1538684665588219,-0.29770896253854917,-0.211438452772753,0.3461132051414865,0.4167759723959869,0.12188159918399222,-0.3502235255679781,-0.38749850584513384,-0.46477699240570886,0.2758680043669166,-0.08248850496856298,0.11215166269553507,-0.35273529950832344,-0.24964259815601367,-0.41569858712715857,-0.44349385205077735,-0.030292694977249002,-0.47205890556144364,-0.4059734319342731
#102,0.043359975774769105,-0.07885153280367203,0.18370056339599486,-0.0002677525520165114,-0.01992684617775263,0.23186733498553658,0.017902764385723052,0.18444644550518371,0.04999800779351178,-0.03598881176836217,0.08030345289228538,-0.030963670122480854,-0.06627035038927714,-0.187138314912064,0.4482129907800684,1.0,0.1314234713799616,0.1567213062499502,0.3361999856561133,0.3416713815553554,0.4156587429973942,0.49073623982978587,0.10810509287666648,0.40696316011761985,0.24600403222593215,0.1603614659452223,-0.4235685996382153,-0.34141478535967296,0.11832272151343942,0.1174620883105292,-0.1068555809672561,-0.3894652120903027,-0.37829610563475685,-0.23801767485596348,0.0646255847126043,-0.4090382423957478,0.1796029930910279,0.12417502729322889,0.03535289945732295,0.09883097323271363,-0.24770936097984683,-0.04539999521870443,0.056782666209787315,0.19229255153838185,0.07811202575524548,0.11597988668329495,-0.45852146403270405,-0.4612786778123979,-0.5700834336077266,-0.20732653858107086,-0.29050036258158085,-0.17105403660878643,-0.2241359800460598,0.19045812780403062,0.18028193706221263,0.5102391444668457,-0.08987720039206623,0.30529687861087423,-0.38775988333638806,-0.15932551857134888,-0.34562391922798014,-0.3458072022248962,-0.11928535568854641,0.04528205659460192,-0.04293444046888572,0.15143159958243352,-0.1295364533943214,-0.16094478400497256,0.5613703193108559,0.19608093139637736,0.1741459410785009,0.09924216465188183,0.23128242316059575,0.16902995481675684,-0.054192797775103795,-0.29204153352086637,-0.4446477380487533,-0.4772864553865279,0.22347775502235256,0.46419048681557745,-0.12496234729737268,-0.028478990190375253,,0.042746376176397934,0.046550693686299195,-0.4672489222162899,-0.42751316848488713,-0.11871956904589247,0.13336148985170015,0.07650232291276526,-0.20200017531417097,-0.010267035357680752,-0.03399023021938178,-0.3338380256436819,0.019539561236443036,0.19715512913482455,0.40699503542143134,0.009035054865366685,-0.21701184964419193,-0.1677469738383444,-0.33988317701153087,0.11092446349879272,-0.16567667285578816,0.07141661818964212,-0.38325430914263403,-0.24192080580768036,-0.36662177561379883,-0.3554271689152037,-0.03300687709679733,-0.3547115683446358,-0.3241766210584195
#201,0.317350524747189,0.04114623592506116,0.6294161241224331,0.48927794468041025,0.1404139008199922,0.2399015053112225,0.029691845500402426,0.24405166986747842,-0.02749085577221908,0.5265322060100885,0.5279395006733658,0.11561332068946283,0.27451330395492834,-0.314964658256899,0.3878284152395828,0.1314234713799616,1.0,0.5793400218345831,0.17468622747810564,-0.4655977814788547,-0.0719234355202448,-0.1616157591502044,0.4469252285060842,0.08927316338483851,0.44433376630621013,-0.07590147343591869,0.003957318968196416,-0.27272031811553205,0.09372136203173187,-0.06319438357146842,0.5616556032799688,0.1289132912048068,0.17132816422156524,0.07629832096837173,0.13992780243686698,-0.18953055646311628,-0.0634637298886755,-0.2056259911227279,0.013217094725434102,-0.1990086780514627,0.03535130569213238,-0.029145184040035382,0.008214265792220832,0.06106989457243264,-0.051489772011889486,-0.10024464295675319,-0.07451489772011889,-0.26325494664871024,-0.220041597271474,-0.3639235311461562,-0.25115826885225,-0.24167377220314132,0.13397987074564305,-0.15137581780076342,-0.019367434595860992,0.007195849835443744,-0.40576783622468904,-0.5817482010375411,-0.17382240674481428,-0.3169425208584019,-0.477342237168198,-0.41897058706340795,-0.0013738255942751954,0.04580959287268207,0.3824510514865845,-0.07656766728557882,0.06410920479085816,-0.2666161974356318,0.32607001410482195,0.016030090286798047,0.5020838479866762,0.3976460088135215,0.27016073121946943,-0.003888787065001713,-0.3712134131278439,-0.3570894660089729,-0.2670210137940377,-0.09302169911306968,0.34241566989935374,0.27170190215875495,0.0028241519176979654,0.11821593924567093,,0.008144140123835556,-0.1373554654192798,-0.4903983616093841,-0.3988636454191204,-0.3131652973567404,0.001082166564400067,-0.05447489421383547,-0.04602793870379077,-0.34169210050283294,-0.1420108535409478,-0.006134402218521145,0.01544358469666664,0.6892604132633139,0.11950688905003626,0.5888165496577389,0.15585589175146825,-0.01169504896843548,-0.033105690538612946,0.6398297858776466,0.4361274693399421,0.37034481109898076,0.2621679987887385,0.30196909689295476,0.03726541768601232,-0.5528548318976165,-0.16552845269306474,-0.15657627361760793,-0.10975623361410164
