,#10,#11,#12,#13,#17,#18,#26,#49,#50,#51,#52,#53,#54,#58,#101,#102,#201,#202,#301,#302,#401,#402,#501,#502,#601,#602,#701,#702,#801,#802,#901,#902,#1001,#1002,#1101,#1102,#1201,#1202,#1301,#1302,#1401,#1402,#1501,#1502,#1601,#1602,#1701,#1702,#1801,#1802,#1901,#1902,#2001,#2002,#2101,#2102,#2201,#2202,#2301,#2302,#2401,#2402,#2501,#2502,#2601,#2602,#2701,#2702,#2801,#2802,#2901,#2902,#3001,#3002,#3101,#3102,#3201,#3202,#3301,#3302,#3401,#3402,#3455,#3501,#3502,#3601,#3602,#3701,#3702,#3801,#3802,#3901,#3902,#4001,#4002,#4101,#4102,#4201,#4202,#4301,#4302,#4401,#4402,#4501,#4502,#4601,#4602,#4701,#4702,#4801,#4802
#10,1.0,0.45845930719027167,0.48408227015913746,0.40653921857692704,0.19234355202448022,0.4504777311158747,0.08272278845157743,0.3680784769979839,-0.04462861286646638,0.552886707201428,0.6859166938934886,0.2154164906884269,0.05558096725609416,-0.16254970555188103,-0.41176995593239246,-0.35340308712317414,0.5398513017077194,0.37314665030401073,-0.09893775550048212,-0.3315398162388735,-0.33236219907720993,-0.5983695782100423,-0.05023707257209795,-0.18449425846090095,-0.18497716931364502,-0.15545745045382464,0.09294997967949382,0.09244634987927229,-0.13876276008255703,0.025216552845269306,0.19398353640558136,0.11068061742463482,0.3646056626477221,0.10704523902493446,-0.21563005522396386,-0.13772840647387422,-0.30189578369418835,-0.09195387643538477,-0.18174660727235056,-0.21351194128569037,0.05597303349297548,-0.14496250667389174,-0.23715704165305326,-0.37833276223414003,-0.17972411924551157,-0.37072731474471865,0.1060810110846369,0.1932328730008208,0.06895743850058571,-0.09083824080198265,0.3604236227876547,0.17954243001378606,0.28949629051151893,-0.0643626134561595,-0.3288686657794707,-0.23306425264365802,-0.5544103467236172,-0.6626811911801035,-0.229693439265593,-0.2393580313812366,0.24007203818661396,0.2383475842504124,-0.21181776888810971,-0.09384567571659667,0.4626477221111014,0.14465172246172972,-0.11690267672863756,0.025820589852497033,-0.1407199037365825,-0.02396385340547777,0.26648869622038585,0.13607089067567676,-0.1711687877025078,0.16173847906987862,-0.35125469164627976,-0.053845356963558556,0.03198049231406737,0.13376630621010607,-0.11276844982428738,-0.01629146777805226,0.12715536819960316,0.19194829825721776,-0.033539194670449204,0.33606451561491446,0.10782140267274422,0.19993943692275817,0.28425280303452893,0.08507518587286535,0.26340954187219595,-0.04643753635776841,-0.1787917666090255,-0.22109188853206257,0.012780403063216697,0.11095155750703249,0.12126162452485875,0.31375499047725297,0.20261536867773272,0.4425933747181028,0.25415773494091115,0.3239614627576919,0.2687151861916184,0.3079026846974635,0.1775741300034266,0.37509104383651154,0.31252779128051067,0.4551155878204464,0.27846902915793414,0.22523249049717506,0.10646670226075593,-0.07796858688809377,-0.1869390942632422
#11,0.45845930719027167,1.0,0.06947859971790356,0.00477492051096112,-0.016175122919140323,0.12522691231900804,0.423625975185076,0.4947955597701791,0.46453952139231325,0.38706659547848815,0.5733745587262629,0.12026870881113086,0.3041876180382344,0.2879200567380408,-0.43288893847269483,-0.1366063957797098,0.26390839037684577,0.09440827482886946,-0.3006494593151591,-0.40972515519288544,-0.27297372678083337,-0.43072141781351353,-0.1757508626254094,-0.5580505064188893,-0.2888619719656703,-0.2913402768370136,-0.05990007092255098,-0.03775789112989983,0.10620691853469229,-0.02764066970013308,-0.009836718756225646,0.12722390010279785,0.028157049621879208,0.09383930065583437,-0.11679748822605965,-0.25504386838687054,-0.25742335981639825,-0.14999242961534476,-0.30721417813513535,-0.3753827028663867,0.02792595366924591,-0.06578903330172366,-0.13996445903625018,-0.32481572089983984,-0.26208034170325684,-0.5654407956075831,0.10870275482313191,0.07944919475013747,0.10651292145128258,-0.168583700563396,-0.004601200105188503,-0.09966132489700293,0.05633641195642646,-0.26492680633362287,-0.380183123620397,-0.22605487333551147,-0.3102646447098949,-0.6063304353369618,0.015347958785232171,-0.25506299356915746,0.21929571516228513,0.08262397500976182,-0.08377626724254715,0.042341559817992015,0.3218035046896541,0.26248197053128164,0.2353927435870873,0.4196527185649738,-0.17488704189211804,0.008956960371028536,0.32466909450230697,0.19110519647140387,0.13760090525862825,0.39904692841603645,0.08518515567101499,0.17138394600323534,0.3843970387842759,0.23268015523272956,-0.03534971192694181,-0.19581477260955144,-0.03311365936456582,0.11538859979759182,-0.051402114926407894,0.31335654917960937,-0.0004972547394592355,0.2429424092948386,0.2981599980874818,-0.0710181768919985,0.11576632214775798,-0.11729952426109061,-0.047629672720318116,-0.07640032194056849,-0.2919299699575262,0.05427089226944194,0.09909872578473014,0.0740335806325654,-0.24342053885201093,0.05461992684617775,-0.012162022169273801,0.00623959072109906,-0.029141996509654232,0.06046267003482377,0.10350708030185912,-0.07102933324833252,-0.07375307795902429,0.08936082047032011,0.060645953031739835,0.3446023157408219,0.2385723051422834,0.2795591645482871,0.21769876244132952
#12,0.48408227015913746,0.06947859971790356,1.0,0.7695064906087387,-0.1976715090565707,0.44530277554207937,-0.08898947318091625,-0.13863685263250167,-0.2941532723983776,0.7000502036035031,0.1957988349576457,-0.09850106383826471,0.024043541665006496,-0.49387276972483646,-0.2395907210990605,-0.20021197077034641,0.8318593661595837,0.7967981257321359,-0.024021228952338453,-0.34551235566463995,-0.19826598347265498,-0.33123221955709264,0.4075719784204193,0.03137486154164907,0.20645156149144547,-0.24503821052044403,0.3325805449083187,0.20720700619177776,0.13776187554287628,-0.23269928041501645,0.5734510594554104,0.3113133422052929,0.5954274876682418,0.1344516252420531,-0.415771900325925,-0.2541067344548128,-0.29510953151272223,-0.38381690825490683,0.30147024838830494,0.122582855867845,-0.16865541999697184,-0.34499916327327496,-0.3305484942903362,-0.23211436859007561,-0.05043629322091976,-0.22233661914590122,0.24338228848743715,0.3124943222115086,-0.040186789280335325,-0.168070508172031,0.38750647467108673,0.13189363211118105,0.6877718365753174,0.38692793790690816,-0.09133868307182302,-0.16834941708038154,-0.4427973766624963,-0.4654989680370391,-0.089904294400306,-0.15065065463905203,-0.00113316705049845,0.329773924407717,-0.5611726924272247,-0.17035915498569595,0.4495915976699153,0.2626572847022448,-0.46393867191546667,-0.2955956298958474,-0.1821450485699942,-0.1553283554733881,0.4176684809027086,0.40366565993832126,-0.30855134713002735,0.1422929499796795,-0.651135956139582,-0.017042131182812836,-0.10468009148212194,0.18050665795408363,0.14811975551641976,-0.005154236626317844,0.01785335766481524,-0.21915705759070517,0.1678840376447338,-0.08957438500585709,-0.256776291149025,-0.21867095920757995,0.07556040768513575,-0.19911227278885002,-0.13066324538405757,-0.25335766481524274,-0.2772529863175258,-0.06169624429232841,0.1234626142530421,0.13629083027197603,0.20047334826160063,0.7053399102710197,0.35134872379252363,0.8277139828988995,0.6812852122496793,0.4956354740256118,0.5113484050394855,0.7208998398265983,0.6088119277386863,0.6209978563858187,0.6254109921985194,0.5789352054761772,0.5332913641833149,-0.09865884659213157,0.13781287602897466,-0.5087983807345664,-0.3629529281450964
#13,0.40653921857692704,0.00477492051096112,0.7695064906087387,1.0,0.03619121994756513,0.29899672481253337,-0.08104614747109308,-0.3212090302735698,-0.3969590960163839,0.6974985855333934,0.11004629887878618,0.008410298910661492,-0.03286025069926448,-0.37160069806915347,-0.12257966833746384,-0.09985576425025301,0.7049701567468065,0.4991321948537322,0.022438620118098,-0.22426826255687748,-0.1723465801783423,-0.13132784546852713,0.3518698850098415,0.08450143040425855,0.23498633346349082,-0.04668616372749803,0.12067511893472735,0.014449075217748169,-0.04746551490568895,-0.18160635593558,0.5556263895640255,0.28001020009721966,0.5090836647036792,0.20405294487963088,-0.28034489078724034,-0.14597295380471595,-0.0837667046514037,-0.1013172469300098,0.22003840974109284,0.08928272597598196,-0.062029341217158473,-0.3089290694801935,-0.2766346054235829,-0.17043087441927182,-0.20476217038943653,-0.15290901991409606,0.3220202567555722,0.4177513566926185,-0.14569085736598428,-0.20336921961287444,0.31759755835172804,0.0846974635226992,0.5441480926615082,0.15207548071942562,0.05359354206344779,-0.04668935125787917,-0.5211532484918997,-0.31964554662161626,-0.047747611344420626,-0.20341862633378224,0.10414936767366063,0.4136298799097929,-0.37237367418658207,-0.021260827642263464,0.23593621751707322,0.0457888739252046,-0.2570472312314227,-0.22241790117062052,-0.13156850401230386,0.0070332857860051475,0.05601606515312099,0.23062579190207907,-0.2111754815163082,0.22664297269083347,-0.5245559371737761,-0.14112472009498842,-0.1408250922391604,0.13679605383738813,0.19086135039724597,0.024838830495103156,0.0538804197977512,-0.07584569165424858,0.08747061495429878,-0.03478870657985959,-0.09403533377427503,-0.19896724015650774,0.026453314633155096,-0.06118783319653515,-0.001420044784801855,-0.11397971136912399,-0.16805616428531583,-0.01444588768736702,0.11319717266055192,0.10305604475292655,0.15407246850321543,0.6564479755197666,0.37121022559746275,0.6612133334395843,0.5497900214361419,0.550680936177673,0.4064929993864004,0.5138904605184518,0.38862051653929824,0.48229565938050345,0.5107634932145447,0.5217525042035557,0.3671046864665429,-0.0788595016296249,0.0619655906095355,-0.43321725410195316,-0.4028592147518906
#17,0.19234355202448022,-0.016175122919140323,-0.1976715090565707,0.03619121994756513,1.0,0.14440468885719068,-0.03445401588983895,0.20146467021013795,-0.07980301062244499,-0.17146044673238292,0.09365442389372773,0.47068348620197786,-0.07468383683031979,0.0962666050410793,-0.09070755205635554,-0.12019380184717386,-0.16578504888874723,-0.323792523647491,-0.0276582011172294,0.2273027914797313,-0.2627784108567285,-0.17567117436588067,-0.1869948760449123,-0.030130130927810406,-0.10985345329072668,0.20825251615679463,-0.22560383778657891,-0.25115508132186887,-0.05981878889783168,0.5043230880794333,-0.06820199380025341,-0.19295874538804197,0.05670616548063974,0.24664950712811481,0.39372215891432716,0.4089458040146945,0.26709273322761357,0.40398441297643617,-0.13470184637697327,-0.2906119261449211,0.46499852576719874,0.32204735076381197,0.18925802261552804,-0.03189442899377635,-0.36645921156436023,0.013036999258899186,0.06958378822048147,0.009726748958076006,-0.022276056068659403,0.04997250755046259,-0.16298002215333615,-0.11669070595829116,-0.2992867900772179,-0.42267768489668417,-0.23239805879399789,-0.16865541999697184,-0.12023842727250994,0.04583509311573126,-0.024599765716516987,-0.0751763102742073,0.438435241335894,0.32408896397293785,0.4423574974698978,0.019606499374447164,-0.30579732088071465,-0.2550805249862538,0.4104216305811665,0.12595685677629115,0.239045653403884,0.3884069520037613,-0.34255273370574313,0.015410115627664577,-0.15099331415502554,0.020851229988285827,0.014767828255863064,-0.27092255098056406,-0.23103220202567556,-0.08591669389348867,0.14106575078293715,0.24740495182844713,0.2599781654168891,0.7031612332555045,-0.10193722158914327,0.26555156228832805,0.6789360023587725,0.421925427726733,0.3617097912964483,0.3043836511566751,0.6284120520523712,0.4851198112982014,0.33062021372391204,0.2064611240825889,0.10093155575389078,0.02499342571858888,-0.07055917251711305,-0.18327502809011148,0.11626517065240778,-0.3465674282208002,-0.325642885033748,-0.03837308449346158,-0.2745340229024058,-0.2282526755333137,-0.38909705233128006,-0.0497908183187371,-0.11418052578313637,-0.06710229581875703,-0.03700404019475811,0.41917458900780147,0.0699694793966005,0.1928631194766075,-0.002937309246228753
#18,0.4504777311158747,0.12522691231900804,0.44530277554207937,0.29899672481253337,0.14440468885719068,1.0,-0.1401381794420228,-0.006778283355513232,-0.032406027619950754,0.21687319207261194,0.2652790284407398,0.4502211349201922,0.37032249838631276,-0.11048139677581302,-0.017217445353776027,-0.1135972077233861,0.38671118584099007,0.37846345097976714,-0.15460478607686728,-0.23972778490544988,-0.09766433711321311,-0.4396767844193515,-0.050651451521647316,-0.08633266660822861,-0.10569372614332731,-0.3451888213309533,0.06961406975910239,0.0813633067440174,0.33446596912876825,0.32809090836647037,0.24819067806740033,0.39520436054156144,0.3503605893743675,0.22780004621919053,-0.14978364637537953,0.07094486369323208,-0.08758695981321071,-0.09939357234498641,0.13631473674983466,0.07606722501573843,0.07338810573038275,-0.01355178541545474,-0.018325112161225288,-0.1357632939938959,0.06636119500513989,-0.18642908940225836,0.24235271617432605,0.1681278837188917,0.1059311971567229,-0.019810501318840695,0.10938966762026951,-0.03526364860665078,0.1669548725386289,0.11585557299843015,-0.19522348572384832,-0.2227015913745428,-0.27064204830702293,-0.3085035341743101,-0.15822900812023363,-0.17138713353361648,-0.10673445481277244,0.1871207834949677,-0.051926463674106894,-0.07589828590553754,0.21055550685717472,0.1314665030401071,-0.12254301173808063,-0.10484903059232284,-0.18235383180995943,0.005745523512020974,0.23872052530500681,0.12163934687502491,-0.12677445831905584,0.17915833260285763,-0.23993019308465283,0.10322657762831802,-0.17852720158739013,-0.014651483396951126,-0.10830590729067886,0.08418427113133423,0.3789782371363227,0.33344914693718175,0.18655977814788546,0.21025906653172788,0.20775844894771653,-0.06483914924814127,0.2029229653595136,0.15871351273816828,0.2424292169034736,0.11246563443807824,0.2375538891855063,-0.16035668464965055,0.004290415893026481,-0.12917785622644215,0.023536724334403812,0.15531241782148236,0.09343607806261904,0.3003004247384233,0.16971049255313214,0.12264341894508682,0.17883798579955215,0.3971870044386361,0.4153144897162301,0.3654854210329192,0.17336180860473827,0.2520507773589717,0.340025022113492,-0.0792659117532214,0.07340244961709791,-0.20084628931619505,-0.2343073894923061
#26,0.08272278845157743,0.423625975185076,-0.08898947318091625,-0.08104614747109308,-0.03445401588983895,-0.1401381794420228,1.0,0.10425455617623855,0.4826749754958602,0.22083529233638008,0.3342651547147559,0.02427304385244922,0.30248707057989144,0.5614468200400035,-0.2529735674043143,-0.08487277769366239,0.1149471268398027,0.024242762313828305,-0.265540405931994,-0.20743172708364876,-0.06628469427599232,-0.06506705767039342,-0.15249782849492785,-0.509904453776825,-0.23656575476735012,-0.32847819330777994,-0.21239630565228826,-0.4046777008343361,0.019767469658695185,-0.1296384543665182,-0.3089593510188144,-0.15587979822932688,0.005606865940440995,0.3515893823363004,-0.0995067296735172,-0.16068181274852775,-0.061049175624955175,0.18925005378957518,-0.2343137645530684,-0.23034369546334738,-0.051688992660711294,-0.08236737881407932,-0.0676967702348413,0.053183944409470156,-0.2105762258046522,-0.20430954107531338,0.05345807202224896,0.02129110918088438,0.15613161312943763,-0.225285084748464,-0.0034010949166859246,-0.0964913259329503,-0.050190853381571296,-0.3512403477595646,-0.3080668425120927,-0.26467817896389323,-0.08768896078540749,-0.21550733530428962,-0.06182374550757437,-0.10155312417821483,0.20370709783327623,0.0377100781741826,0.11635442150307995,0.42752432484122116,0.041036266126911525,-0.045851030767637004,0.5317422244180765,0.6465746001641578,0.08527281275649659,0.23149917522651386,0.13249129405764648,0.29283682235096303,0.12632979783088558,0.2012495119094104,0.16294017802357177,0.06356732462606285,0.2515646789758465,0.09136258954968164,0.13517200710819274,-0.2135230976420244,-0.21697838057518987,-0.2156523679366319,-0.1233877072890851,0.08355632764624787,0.14183872690036578,0.22665731657754862,0.14491947501374622,-0.18772641426738598,-0.027356979496210822,-0.0030472790443783915,-0.1121994756512523,0.2150897688243591,-0.017925077098391095,0.004389229334842097,0.004008319454294799,0.009251806931284814,-0.422075241654647,-0.06660982237486951,-0.17406625281897217,0.11062324187777414,-0.022201149104702403,-0.14541194845763375,-0.1723354238220083,-0.21781510730024145,-0.05351066627353792,-0.0005466614603670441,0.03025603837786579,0.23463729888675502,0.26816693096606076,0.2380463626293938,0.36655802500617585
#49,0.3680784769979839,0.4947955597701791,-0.13863685263250167,-0.3212090302735698,0.20146467021013795,-0.006778283355513232,0.10425455617623855,1.0,0.41227517949780457,-0.06772545800827164,0.46720429679095377,0.1721983600156189,-0.03788220481476464,0.1403692753946561,-0.22738088597406944,-0.05536580895536661,-0.0927077273705265,-0.07601941206002119,-0.1789973623186096,-0.22826223812445712,-0.0754823131907976,-0.42102495039405846,-0.18134975973989753,-0.30634238857589113,-0.29012742152698645,-0.24953262835786402,-0.011103762082732352,0.010641570177465753,0.09780618221517424,0.2975718987321598,-0.14594904732685735,0.016863629481468495,-0.11657754862976037,-0.17383515686633888,0.17734940911155558,0.033080190295563756,-0.24006566312585167,-0.22453442134370344,-0.5114009992907745,-0.4339854489238101,0.20749707145646232,0.27774705352660395,0.13742399732247448,-0.22418219923658647,-0.2721242499342572,-0.37457466391476546,-0.21127270119293323,-0.09392855150650654,0.07914478559873774,0.08169321613846632,-0.02965678266620979,-0.05809752249201125,-0.1524436404784483,-0.22448501462279563,-0.27920375491078897,-0.24814445887687367,-0.12493206575875176,-0.39394209851062645,-0.1550414777390847,-0.14533544772848617,0.10479803010622445,-0.034498641315175035,-0.049486409167337375,-0.1450772577676131,0.0693574735634199,-0.04485492752352796,0.10940719903736583,0.10405692929260732,0.10871072364908478,-0.056666321350875376,0.31730589932185294,0.04782729960394935,0.0025468367745380073,0.016798285108654942,0.09213237813672912,0.12394552510578616,0.2669987010813697,0.06202455992158675,-0.2216401437576202,-0.12285857724581438,0.025614994142912923,0.37073368980548094,-0.1618149797990262,0.3862569627616763,0.19701169026767287,0.42556718118719566,0.24306512921451282,0.25189140083991424,0.38894723840336604,0.10417646168190041,0.0018933930464024736,-0.12621345297197364,-0.09217222226649348,-0.002640868920781901,-0.01267521456063878,-0.15122281634246826,-0.17073209604029038,-0.205618022296775,-0.21243296225167146,-0.19598052418937117,-0.2346388926519456,-0.17245017491572967,-0.09503781207914638,-0.09991154603192312,-0.0447401764298066,-0.04811417733825275,-0.08982141861039614,0.3492290160890596,0.07718286064914057,0.3425750464184112,0.20007171943357585
#50,-0.04462861286646638,0.46453952139231325,-0.2941532723983776,-0.3969590960163839,-0.07980301062244499,-0.032406027619950754,0.4826749754958602,0.41227517949780457,1.0,-0.0807385507893122,0.30516140856967544,0.17100144235749748,0.32654176860123196,0.6351536788085012,0.09755117978468232,0.20533433209285276,-0.13400537098869222,-0.05109929954019874,-0.30870594235351306,-0.22573133900182485,0.29122393197810165,-0.07236490847803394,-0.23113101546749118,-0.38177848257616204,-0.16438412928623225,-0.39034018917992813,-0.20302656009690093,-0.2241742304106336,0.25291937938783476,-0.043042816501844786,-0.4703376391556232,-0.23400457410609696,-0.33198925802261553,0.06194327789686745,-0.054573707655651095,-0.11474949995617145,0.04159727147399374,-0.03724469873853485,-0.2713624301731626,-0.09666982763429464,-0.11933157487907306,0.08893209763405557,0.1541059375722175,0.1589924216465188,0.032606842033963135,-0.03934049996414028,-0.35781781670106544,-0.26253615854776113,-0.026644566456024033,-0.04512586760592562,-0.32156762744144907,-0.39113069671445305,-0.20823179720931714,-0.34236945070882707,-0.12698642908940225,-0.30318992102893483,0.1341886539856083,-0.20075066340476058,0.13482775382702866,0.09438277458582027,-0.16951127190431034,-0.11272223063376073,0.10718708412689558,0.24040832264182518,-0.05115030002629713,0.17077990899600762,0.5134904254556176,0.5382129110918088,0.18724031588426077,0.18703312640948608,0.4451896182135486,0.34308345751420444,0.17988030823418785,0.06030329351576632,0.26770155153041303,0.1716485110248707,0.27331479253161634,0.1432412402680713,0.06588306544796756,-0.2465427248603463,0.05168580513033015,-0.01894668058554933,0.09614707265178621,0.14091115555945144,0.13960426810318036,0.09909235072396784,0.14940911155559453,0.00745085226593566,0.06231781271665245,0.08609838312521416,0.21133804556574678,0.11891400839914255,-0.16775016136872556,-0.11974595382862242,0.007589509837515639,-0.052249998007793515,-0.5022990062874036,-0.3670042792595367,-0.39407756855182524,-0.29897122456948416,-0.37621783582624774,-0.3028584178692953,-0.2223398066762824,-0.34801456701384187,-0.30889241288081026,-0.36853110631210706,-0.2790953788778299,0.12932767015435617,0.15999330618619959,0.33617129788268296,0.4109013539035294
#51,0.552886707201428,0.38706659547848815,0.7000502036035031,0.6974985855333934,-0.17146044673238292,0.21687319207261194,0.22083529233638008,-0.06772545800827164,-0.0807385507893122,1.0,0.40731378845954624,-0.005131923913649802,0.13344755317199117,-0.1950099211883113,-0.23227852640470478,-0.1723912056036784,0.8322896827610388,0.5644096295292814,0.036564161002159555,-0.4716142450732734,-0.2667628238331647,-0.2612850528731602,0.36793663189602277,-0.0865892628039111,0.12457824988644423,-0.1480735363258931,0.23287459458597964,0.03546605678585374,0.06325335288351967,-0.3449130999529839,0.3899050912829013,0.23929109324323247,0.45456414506450765,0.220266318163345,-0.47817577636286845,-0.29169090517894,-0.24869908916319358,-0.2632374152316139,0.12096837172979305,0.09068045804811577,-0.06823068157368375,-0.4110894181960172,-0.41948218568958234,-0.27716532923204423,-0.16735650136665364,-0.32448899903577205,0.27912087912087913,0.35274167456908573,-0.03621672019061432,-0.2555347480655675,0.2999019834407797,0.04552430890356924,0.5688976723059391,0.1387324785439361,-0.07914956689430946,-0.14580560845970564,-0.5572105921634566,-0.6054538644821459,-0.12025117739403454,-0.3199850186072086,0.13099474854369705,0.26536349799584025,-0.3970977535879639,-0.0019603311844066016,0.43564296472200753,0.1411502203380376,-0.1479555977017906,0.03627728326785615,-0.213311126871678,-0.07387898540907968,0.24644231765334013,0.3553140115866729,-0.10548972419893377,0.3591358605136705,-0.4447369888994254,-0.06976388368701639,-0.016661221302265536,0.15392106081011084,0.2255050243447633,-0.004671325773573779,-0.04156539617018225,-0.2045517933842807,0.08828343520149176,-0.03588362326578425,-0.18676537385746958,-0.15963789654870147,0.051489772011889486,-0.10556303739770019,-0.07914159806835659,-0.3112177162938584,-0.26532524763126647,-0.1487795743053176,-0.03709647857581143,0.012177959821179545,0.07324307309804047,0.6346133924088964,0.1741013156531648,0.6465538812166803,0.5003530189897123,0.47119030353258057,0.40813139000231097,0.5690634238857589,0.39730653682792916,0.40600211970770345,0.45079967168437074,0.49904772529863173,0.3577827538668728,-0.025712213819537966,0.20079528883009667,-0.26636757006590217,-0.18791607232506435
#52,0.6859166938934886,0.5733745587262629,0.1957988349576457,0.11004629887878618,0.09365442389372773,0.2652790284407398,0.3342651547147559,0.46720429679095377,0.30516140856967544,0.40731378845954624,1.0,0.2537465435217429,0.08679645227868578,0.12144331375658424,-0.3786977344627816,-0.32464518802444836,0.38181354541035467,0.21163448589119366,-0.23332244260453108,-0.5379945652607001,-0.15762178358262477,-0.4738391412793153,-0.13916598267577238,-0.4327949063264509,-0.097908183187371,-0.2602060738391413,0.11873391293260764,0.0019714875407406225,-0.00024384607415789433,0.06126114639530158,-0.07751595757397063,0.10588816549657738,0.09367833037158635,0.11211341233096128,-0.19803648128521226,-0.13373124337591344,-0.26434667580425375,-0.06740192367458503,-0.4117667684020113,-0.34163472495597225,0.08188606172652584,-0.027788889862856506,-0.2061184645666154,-0.3317677246611257,-0.23547083808142547,-0.49658217054881304,0.14382455832782157,0.14963064491708436,0.2949182796898533,-0.05568615575867208,0.20749388392608117,0.010346723617209477,0.10582282112376383,-0.33689486727920376,-0.3586625122520699,-0.3100590490003108,-0.3251472240594793,-0.6636629505374974,-0.25029922941453037,-0.3514060993393843,0.13839460032353434,0.2395205954306752,-0.09242563093179482,-0.13593223310409677,0.4163839061591056,0.10204081632653061,0.07271872435034146,0.13440381228633586,-0.07740917530620214,0.1119189729777112,0.3227183259090438,0.21563164898915443,0.1257050418761804,0.2791415980683566,-0.07603534971192694,0.048990748193068714,0.24604865765126824,0.23790132999705155,-0.08152746455864658,-0.06123405238706182,0.11977782913243391,0.08971463634262763,-0.12491134681127429,0.32700555427168915,0.1310043111348405,0.24012781996828408,0.39699575261576714,0.0791160978253074,0.15292017627043009,-0.01647315700977775,-0.006987066595478488,-0.16284136458175616,-0.18676856138785072,-0.20037294105459444,-0.03292559507207803,0.24545418323518395,-0.039114185307078705,0.15052474718899664,0.046002438460741576,0.048007395070484266,-0.010139534142434795,0.017062850130290304,0.09869869072189594,0.0797902605009204,0.04428117205492115,0.24144108248531743,0.14063702794667263,0.32347217684418555,0.15608858146929214,0.11705886571731387,0.00781423072938664
#53,0.2154164906884269,0.12026870881113086,-0.09850106383826471,0.008410298910661492,0.47068348620197786,0.4502211349201922,0.02427304385244922,0.1721983600156189,0.17100144235749748,-0.005131923913649802,0.2537465435217429,1.0,0.4551124002900653,0.2374407318569755,0.12733546366613807,0.2027795264923619,-0.000930758871295492,-0.08025563993656815,-0.14557929380264406,-0.13740646590537817,-0.0759508801568265,-0.10279307349648176,-0.2171935388759174,-0.05386288838065488,-0.05542796579779901,0.020734885129373888,-0.3011004948640917,-0.2950553434962427,0.23552980739347673,0.386924750376527,-0.16714771812668838,0.025455617623855478,-0.0873319573827188,0.0851469053064412,0.08865956378646735,0.20445935500322737,0.058696778203667255,0.17037190510722056,-0.19239933380615035,0.052592657523767024,0.35805369394927045,0.24038282239877598,0.18127325901074995,0.09238100550645874,-0.1233064252643658,-0.06374742009259776,-0.03314234713799616,0.03088716939333328,-0.1545171289913857,0.0028273394480791145,-0.09850265760345528,-0.17624492983448747,-0.19766991529138012,-0.22505239503064015,-0.1368056164285316,-0.18531982882961853,-0.15245957813035405,-0.09280175951677039,-0.18248930185115828,-0.2606873909266948,0.02425869996573405,0.24098526564081313,0.3096335136944274,0.05820749229016089,-0.17825307397461132,-0.291604841858649,0.4328522818733116,0.007876387571819044,0.14010949166859246,0.23343719369825244,-0.04244037325980763,-0.014648295866569978,0.06496665046338723,-0.0691518778538358,-0.0025340866530134116,-0.04067926272422284,-0.10554709974579445,-0.05078532779765557,0.03190080405453864,0.2578600514786157,0.5798340890436612,0.5695208344954538,0.26890006295372504,0.3387898540907968,0.5889663635856529,0.23435201491764218,0.17848735745762576,0.28849699973702875,0.4659308784036848,0.4392894994780419,0.3823251440365291,-0.00548414602076676,-0.015759150204400385,-0.16208751364661445,-0.12321717441369363,-0.0568894484775558,0.05196790156906183,-0.17768728733195738,-0.13976205085704724,-0.05525743292240754,-0.2013738255942752,-0.16728637569826837,-0.06796930408242953,0.03860418044609488,-0.05730860872267689,-0.004870546422395588,-0.00517017427822359,0.12005195674521273,0.13542222824311295,0.2486480886770952,0.01928137127556997
#54,0.05558096725609416,0.3041876180382344,0.024043541665006496,-0.03286025069926448,-0.07468383683031979,0.37032249838631276,0.30248707057989144,-0.03788220481476464,0.32654176860123196,0.13344755317199117,0.08679645227868578,0.4551124002900653,1.0,0.30343695463347387,0.19957287092892603,0.1934990317876467,0.1425479524101714,0.19996653093099795,0.08673588920144396,-0.13270645235837403,-0.027997673102821762,0.058317462088310526,-0.06696204448198646,-0.19574464694116617,-0.11549538206536031,-0.23421016981568105,-0.16873988955207228,-0.14115500163360933,0.4321271187116002,-0.006469092908541784,0.03617209476527823,0.2197164691725968,-0.026387970260341544,0.15184916606236404,-0.07062292312473603,0.010727633497756775,0.04798348859262565,0.05592840806763939,0.0432037867860928,0.22009897281833468,-0.06944672441409207,-0.08827387261034832,0.10366645682091657,0.15048330929404172,0.12283467076795576,-0.0876188351170222,-0.08067320641649865,0.014069759102391445,-0.2454637458263274,-0.09873056602570743,-0.07607678760688188,-0.029441624365482234,-0.09618532301636,0.06783064651084955,-0.20348237694140522,-0.12846863071663653,-0.21671540931874506,-0.11749874490991243,-0.16754934695471316,-0.18191395261736087,-0.1546924431623489,-0.03926718676537386,0.08898469188534454,0.38475085465658343,0.13047518109156978,-0.04247702985919084,0.30713289611041605,0.24946409645466933,0.13190478846751508,0.06342069822852998,0.21760313652989505,0.08058395556582648,0.16798763238212114,0.03606850002789089,-0.060465857565204915,-0.03048394680011794,-0.12012526994397915,-0.0617344946569022,0.16492441568583702,0.15958370853222195,0.36843707416586313,0.09484656025627744,0.4364685350907251,0.06984835324211684,0.08599319462263624,-0.215033987042689,-0.10483149917522651,-0.07039182717210274,-0.056401756329240015,-0.007407820605790149,0.05801464670210138,-0.0741148626572847,-0.12260835611089418,-0.17588473890141765,-0.1565204918359378,0.07159990118655818,-0.17713743834120918,0.05063232633936042,0.004107132896110416,-0.00906852393436875,-0.04040832264182518,0.15837085322219477,0.2552112137318809,0.06784020910199301,-0.024802173895719943,-0.06527584091035868,-0.033022814748703076,-0.2342818892492569,0.05450198822207524,-0.021083919706109698,0.03951581413510347
#58,-0.16254970555188103,0.2879200567380408,-0.49387276972483646,-0.37160069806915347,0.0962666050410793,-0.11048139677581302,0.5614468200400035,0.1403692753946561,0.6351536788085012,-0.1950099211883113,0.12144331375658424,0.2374407318569755,0.30343695463347387,1.0,0.035571245288431655,0.15121803504689654,-0.24491230307038864,-0.30815609336276484,-0.357894317430213,-0.17047709360979846,0.12454796834782332,0.05626469252285061,-0.2871167990819912,-0.33141869008438984,-0.19462582377738288,-0.16701702938106128,-0.3143287459458598,-0.391321948537322,0.006690626270031636,-0.05554749818709209,-0.39203595534269936,-0.2545721138904605,-0.3382033485006654,0.2416992724461905,0.10668982938743635,-0.09566894309461386,0.0831052920973153,0.2629505374973105,-0.30793137247089386,-0.28435161647634455,-0.13126409486090415,0.009197618914805281,0.01063360135151288,0.0658049709536294,-0.1955103634581517,-0.033478631593207374,-0.2130051239550877,-0.13524053901138744,0.02287690554550598,-0.0882499661324897,-0.18852170309748265,-0.18716859645068493,-0.26575875176310276,-0.4494927842280997,-0.19669453099474854,-0.283098917036553,0.05078532779765557,0.008539393891098025,0.0661045988094574,0.006030807481133805,0.08799815123237893,-0.05702651228394521,0.3444843771167194,0.393632908063655,-0.17861326490768115,-0.11815537616842911,0.7938735666074317,0.7118600036656599,0.2426619066212975,0.49449593191435104,0.033975886332666606,0.12982173736343425,0.24296153447712548,0.18057518985727833,0.38959908836631096,0.09200328315629258,0.09725473945923548,-0.11484034457203421,0.10494625026894788,-0.05118536286048976,0.01170939285515065,-0.036968977360565466,-0.07672226250906454,0.241056985074389,0.3838679087410052,0.22685016216560813,0.05230259225908247,-0.12926073201635202,0.011427296416418969,0.18029309341854666,0.0945437448700683,0.06802986715967137,-0.05081242180589534,-0.14444931428252675,-0.08858306305731976,-0.25945381666919015,-0.37161663572105924,-0.44742726454111514,-0.4806317685215437,-0.22065519686984517,-0.2882818414363012,-0.3374845603997163,-0.3698826191937142,-0.4214154228657492,-0.36538342006072244,-0.38293874363490027,-0.2894691965032792,0.1786786092804947,0.17966993122903202,0.4165400951477819,0.35494425806245966
#101,-0.41176995593239246,-0.43288893847269483,-0.2395907210990605,-0.12257966833746384,-0.09070755205635554,-0.017217445353776027,-0.2529735674043143,-0.22738088597406944,0.09755117978468232,-0.23227852640470478,-0.3786977344627816,0.12733546366613807,0.19957287092892603,0.035571245288431655,1.0,0.5186080054825523,-0.22739522986078461,-0.18485763692435195,0.3811983520467929,0.20276837013602786,0.5491764218377706,0.4193339655268589,0.07521615440397167,0.3978069790977695,0.11666839324562313,0.01625640494385962,-0.3030401071010208,-0.22530261616556033,0.1954243001378607,0.07187243503414642,-0.042142339169170207,-0.025031676083162667,-0.20456613727099587,-0.005088892253504292,0.03629003338938074,0.2775860832423559,0.45870155949923896,0.25023069751133564,0.09851859525536102,0.4442955159416363,-0.048063176852154374,0.1438962777613974,0.3431615520085426,0.6145972953804716,0.2971782387300879,0.4096821235327399,-0.2803321406657157,-0.13870538453569636,-0.36502163536246207,0.12675533313676896,-0.17260477013921538,-0.13725505821227357,-0.19898636533879463,0.024037166604244195,0.4203476001880643,0.22944162436548224,0.17508466877574927,0.39445369713680084,0.11029811377889695,0.08844759301612093,-0.2876698356031206,-0.2474177019499717,0.09986213931101531,0.2452709002382679,-0.4638016081090773,-0.31061686681701184,0.009132274541991729,-0.11171497103331766,0.48592306895425097,-0.03267856146753899,-0.1282455035899561,-0.1677039421781989,0.21011722142976674,-0.23306265887846744,0.11211022480058012,-0.24355760265840035,-0.26776052084246427,-0.29101196120775524,0.09420746041485709,0.19583230402664775,0.031762146482958664,0.03520149176421838,0.2258476838607368,-0.3390878881814342,-0.048413805194080756,-0.41280271577588473,-0.39175545266915823,0.16795097578273793,-0.08596131931882475,-0.03293675142841205,0.2094334961630103,-0.1480623799695591,0.013738255942751954,-0.13375355608858147,-0.1892309286072883,-0.13151272223063376,0.020910199300337082,-0.2257855270183044,-0.18138641633928074,-0.16571332945517137,-0.2297492210472631,-0.03424363888468312,0.009897281833467475,0.06970810190534628,-0.04703838583461498,-0.32382758648168364,-0.20056738040784453,-0.42343472336220705,-0.24408195140609934,-0.03399819904533465,-0.03560471435743372
#102,-0.35340308712317414,-0.1366063957797098,-0.20021197077034641,-0.09985576425025301,-0.12019380184717386,-0.1135972077233861,-0.08487277769366239,-0.05536580895536661,0.20533433209285276,-0.1723912056036784,-0.32464518802444836,0.2027795264923619,0.1934990317876467,0.15121803504689654,0.5186080054825523,1.0,-0.15204201165042355,-0.18429981910765086,0.10699105100845492,0.13274470272294783,0.45935340946218395,0.48825793495844255,-0.027889297069862696,0.16655643124098526,0.04624150323932775,-0.05979647618516364,-0.34075496657077514,-0.4518069312848138,0.11813306345576106,-0.07323669803727817,-0.08879822135804732,-0.11534238060706516,-0.29948441696084915,-0.2161384663197571,-0.11175481516308203,0.011621735769669055,0.202535680418204,0.015252332873797703,-0.10656232817219038,0.2485110248707058,-0.023307222146961088,0.08944529002542055,0.14117093928551505,0.3594833013252158,-0.008161671540931874,0.05928806508937038,-0.2827737889376758,-0.460049884850465,-0.35989608650957455,-0.26809202400210375,-0.4030026536190423,-0.3539800301221621,-0.3186303181952203,-0.008244547330841748,0.24007841324737628,0.25425654838272677,0.13033971105037095,0.14217501135557697,0.21628031142171825,-0.026174405724804565,-0.11074755556263896,-0.015328833602945279,-0.18824120042394155,0.14206663532261793,-0.40351903354078844,-0.07220871948935763,0.06553084334085059,-0.02907027707607838,0.25559849867319046,-0.04225709026289157,0.044083545171289915,-0.017864514021149264,0.2726836615161488,0.002242427623138283,0.24451067424236386,0.17384153192710117,0.14334324124026807,-0.010450318354596817,0.14431065671094678,0.0033325630134912222,0.12539266389882778,0.1116002199395963,0.1662169592553929,0.008987241909649451,-0.04438317302711792,-0.08905003625815809,-0.11268876156475867,0.17365506139980397,-0.053875638502179475,0.11211659986134243,0.05082039063184821,0.08837109228697336,-0.05440954984102192,0.02418379300177705,0.04361179067487987,0.030976420244005452,-0.20456773103618645,-0.23413207532134292,-0.19207420570727315,-0.032892126003075964,-0.30166946903712677,-0.10341145439042466,-0.018819179370303373,-0.07169074580242094,-0.12088868347026432,-0.33468431495987694,-0.33164022344587973,-0.12991736327486872,0.043709010351504915,0.1505343097801401,0.03814517607120943
#201,0.5398513017077194,0.26390839037684577,0.8318593661595837,0.7049701567468065,-0.16578504888874723,0.38671118584099007,0.1149471268398027,-0.0927077273705265,-0.13400537098869222,0.8322896827610388,0.38181354541035467,-0.000930758871295492,0.1425479524101714,-0.24491230307038864,-0.22739522986078461,-0.15204201165042355,1.0,0.7004741451441959,-0.03363003928631195,-0.45337678999752967,-0.20829395405174955,-0.3209779343209365,0.36540254524300936,-0.13824159886523918,0.1564647100542677,-0.3508992820087816,0.28435002271115395,0.03825833339974022,0.20198423766226523,-0.23416395062515438,0.48647291794499914,0.3484464773804875,0.48633107284303806,0.20446094876841794,-0.37110184956450365,-0.2177433878666656,-0.20882149032982972,-0.26434826956944435,0.1930830590729068,0.08823084095020281,-0.07255934783128401,-0.33915004502386664,-0.33177888101745967,-0.19598211795456175,-0.12211110137143495,-0.27888659563786466,0.22267130983592187,0.2472312314226745,-0.0075592282988947235,-0.19843173505247472,0.385254484456805,0.07988110511678315,0.6277203579596619,0.20633202910215237,-0.15394177975758833,-0.2193467156483835,-0.5345631888053933,-0.5892388974332412,-0.13532819609686905,-0.2618843085848162,0.08245503589956092,0.3422052928941979,-0.45954784881543403,-0.040738232036274094,0.4786092804947047,0.24905290503550112,-0.28195459362972053,-0.05551881041366175,-0.18970108933850777,0.0033277817179194987,0.38358103100670177,0.44111595438644025,-0.23253671636557785,0.2535823857071138,-0.5842551936823148,-0.060059447441608425,-0.07988907394273602,0.12673142665891035,0.21455107618994493,-0.05678904127054961,0.0591685327000773,-0.1950417964921228,0.16324936847054322,0.024717704340619498,-0.21196120775526142,-0.18089713042577438,0.08500824773486122,-0.1560280183920503,-0.12179872339408235,-0.2556367490377643,-0.2982349050514388,-0.11610738789854091,0.04536493238451179,-0.033131190781662136,0.12245535465259903,0.7632318370534469,0.19216664408832645,0.7570289029317311,0.5149439393094215,0.49823649881662935,0.45186111930129336,0.7027086039413813,0.5055231932679358,0.5644956928495725,0.4972085202687088,0.5142618078078557,0.37106519296512047,-0.008580831786052961,0.09960554311533282,-0.4127851843587884,-0.3492672664536334
