,#10,#11,#12,#13,#17,#18,#26,#49,#50,#51,#52,#53,#54,#58,#101,#102,#201,#202,#301,#302,#401,#402,#501,#502,#601,#602,#701,#702,#801,#802,#901,#902,#1001,#1002,#1101,#1102,#1201,#1202,#1301,#1302,#1401,#1402,#1501,#1502,#1601,#1602,#1701,#1702,#1801,#1802,#1901,#1902,#2001,#2002,#2101,#2102,#2201,#2202,#2301,#2302,#2401,#2402,#2501,#2502,#2601,#2602,#2701,#2702,#2801,#2802,#2901,#2902,#3001,#3002,#3101,#3102,#3201,#3202,#3301,#3302,#3401,#3402,#3455,#3501,#3502,#3601,#3602,#3701,#3702,#3801,#3802,#3901,#3902,#4001,#4002,#4101,#4102,#4201,#4202,#4301,#4302,#4401,#4402,#4501,#4502,#4601,#4602,#4701,#4702,#4801,#4802
#10,1.0,0.613247376264055,0.5671987186127868,0.5950194837794548,-0.054921148467196326,0.516859645068492,0.07603534971192694,0.5070006135995984,0.5524117651746369,0.6306433233191754,0.5261736088422093,0.09923897712150069,0.28439942943206176,0.039869630007411005,-0.3219389747308529,-0.3088477874554742,0.4201977862601503,0.13736502801042322,-0.013258532620389039,0.027151383786626716,-0.17919498920224083,-0.10188303357266373,0.036065312497509744,0.23954450190853382,0.1935261257958865,0.4371697917745779,0.07913362924240372,0.2987704101554718,0.19936727521934194,0.085484783526843,0.04006088183027994,0.09626182374550757,0.12457506235606308,-0.022231430643323318,0.10027333073018352,0.13210400911633688,0.011624923300050204,0.16647674298145654,-0.133208488393405,0.03578799735434978,0.2050697670712174,0.058175616986349404,0.1852401405700898,0.0758759731928695,-0.14673317980061998,-0.29234753643745665,0.28045007928981824,0.3142092135565667,-0.01691144243718573,-0.001662297093769175,0.18503135733012455,0.10556941245846249,-0.02095641849086374,-0.020455976221023357,-0.11474312489540917,0.17949142952768768,-0.36083800173720404,-0.14321414625983153,-0.20766282303628206,-0.1730908685223406,0.09132752671548901,0.10372383236777726,0.07981257321358844,-0.07841802867183578,0.16807369570241215,0.2478942377419535,-0.08744352094605902,-0.12621345297197364,0.10339073544294719,0.19754400784132473,-0.15582720397803793,0.22051335176788403,-0.06577468941500848,0.10950123118360972,-0.198426953756903,-0.004497605367801162,-0.02359250611607392,-0.1766561212536557,0.057066356413709565,0.12560463466917418,-0.16160141526348923,0.24359585302297412,-0.027495637067790804,-0.01651937620030441,0.02460454701208871,0.05514586935906733,-0.003593940504745436,0.2809329901425623,0.17053606292184972,0.0843978356668712,0.11197634852457188,0.0492664695710381,-0.11394624230012192,-0.05834933739212202,0.10421789957685534,0.11201938018471738,0.34135900357800286,0.29750655435934625,0.4561292224816518,0.23246818446238315,0.26034473141072123,0.14287626803942974,0.14485572440612324,0.1838185020200974,0.293810612882404,0.30590888444405484,0.06525034066730949,0.06520093394640168,0.10921594721449689,-0.1477611583485405,-0.014825203802723745
#11,0.613247376264055,1.0,0.4479739260014822,0.4897465116464391,-0.028180956099737826,0.33741443473133104,0.29404170883503733,0.4711026464470989,0.3795392424834049,0.5924806158308696,0.3666536509176103,0.09111236841476145,-0.012938185817083569,0.26729514140681654,-0.3002143614181323,-0.06803464845524308,0.20163201555514826,-0.16767525440476855,0.057278327184055976,0.2553275585907928,0.0033198128919666265,0.011822550183681437,-0.18744272406346374,0.08455561842073807,0.08744989600682132,0.4591366573962658,-0.2315724884252803,0.01222896030727793,-0.003012216210185753,-0.041237080540923905,-0.117949780458845,0.1853580791941923,-0.10060164635944187,-0.07759405206830877,0.14633792603335752,0.2076229789065177,0.061747244778426795,0.11723258612308649,-0.3450421949334205,-0.15446931603566846,0.029763564933978276,0.060296918455004025,-0.010655914064180923,-0.03761445226274813,-0.21335415853182352,-0.3340005896931205,0.16806094558088758,0.18625536899648576,-0.20045262931412314,-0.11943676338165098,-0.17852720158739013,-0.13456159504020274,-0.2415558335790388,-0.1418801647953207,-0.07634613392408897,0.27846424786236246,-0.292065439998725,0.0781789638932496,-0.3233797384631322,-0.20107897903401892,0.2864410426411877,0.3048713433049909,0.1928710883025604,0.19234833332005197,-0.03213349377236252,0.20266158786825936,0.14901863908390378,-0.1043709010351505,0.37368534293842487,0.38180557658440184,0.008489987170190215,0.2918502816979974,-0.03129357951692977,0.0452581501167433,0.09640207508227813,0.08590713130234523,0.005217987233940824,-0.07778849142155886,0.02084485492752353,0.17172819928439942,-0.15877407581541012,0.1008056483038354,-0.2132043446039095,-0.028459865008088357,0.17801400919602514,0.18872889257225733,0.1282630350070524,0.09555259823570193,-0.03979472304345401,-0.04799305118376909,0.01506267481611934,-0.013330252053964889,-0.3092223222752592,0.030216194248101427,-0.006835658902373913,-0.019338746822430652,0.1271952123293675,-0.0796595717552933,0.15081162492330005,0.11622213899226227,-0.0508458908748974,-0.2089282725975982,0.014418793679127254,-0.17291874188175857,0.17024281012678402,-0.03898030903107045,-0.013382846305253847,0.14496250667389174,0.09331176437775422,0.05792698961661978,0.14044736988899426
#12,0.5671987186127868,0.4479739260014822,1.0,0.6365020041597271,-0.11546988182231112,0.5528197690634239,0.3042959940711935,0.3669867478424404,0.17835666871199865,0.5583341966228116,0.2851676242539187,-0.13500306799799186,0.10672648598681957,-0.2964164189689933,-0.3127891687717649,-0.36283498952099386,0.5238355553076365,0.45878921658472055,-0.06863549793208966,-0.15978452294623433,-0.3735769669054658,-0.22542852361561572,0.053027755420793854,-0.08872809568966204,0.03556008893209763,0.03615775087856306,0.34115340786841875,0.3392950776562089,0.19603471220585073,-0.11202256771509854,0.40861908215062676,0.2648630557259999,0.37374431225047616,0.04342850767796381,-0.32860888205340705,-0.1134107371960889,-0.2666911043995888,-0.21696244292328412,-0.009294838591430325,0.022123054610364255,0.0604292009658217,-0.14028480583955566,-0.03122823514411622,-0.24215668305588536,-0.08717258086366135,-0.14247782674178613,0.37505279347193776,0.09927722748607448,0.22003362844552113,0.049985257671987186,0.3366701463873328,0.3184581915546383,0.25591884547649596,0.1482871008614301,-0.24360860314449873,-0.13847747611344421,-0.3741634724955972,-0.4252548032098431,-0.0485795567739005,0.039431344580003025,-0.06456661540055304,0.055322777295221094,-0.2674592992214457,-0.22292790603160437,0.4928830415414897,0.21322665731657756,-0.23646853509072507,-0.23033572663739452,-0.10640932671389525,0.15992636804819546,0.13042577437066197,0.40384416163966563,-0.11401796173369777,0.04590362501892596,-0.35591964235909124,-0.14237104447401763,-0.23597128035126586,-0.18592227207165568,-0.09319701328403286,-0.23949987648319773,-0.11158906358326227,-0.007728167409095618,0.026635003864880588,0.05095107937747532,0.025544868474527648,-0.01280271577588474,-0.020251974276629826,0.02209596060212449,0.2647753986405183,-0.030985982835148897,-0.15767437783391372,0.10037692546757086,0.005398082700475739,0.14999402338053536,0.15905139095857007,0.21987584569165425,0.13826869287347895,0.3873247854393612,0.5227151383786627,0.5106822111898254,0.327279681884468,0.4844281172054921,0.3453832606842034,0.30560128776227397,0.26376813904007523,0.367074404927922,0.3059806038776307,-0.2271896341512005,-0.10699583230402665,0.01846217596761469,0.12363952218919587
#13,0.5950194837794548,0.4897465116464391,0.6365020041597271,1.0,0.07214656264692523,0.43228808899584825,0.24460630015379833,0.3808206296966268,0.42432723186892873,0.6747173058993219,0.45168102383475844,0.04758823482536318,0.07036313939867239,0.06869765477452207,-0.37160866689510635,-0.2675836129063105,0.34912542135167224,0.018562583174620884,0.06984675947692627,0.0197977511973161,-0.3358366071926623,-0.09470630891950689,0.014147853596729593,0.12350245838280646,0.017945796045868562,0.26172493206575875,-0.030321382750679342,0.18711918972977712,0.0434412577994884,-0.03863924328028751,0.07385189140083992,0.059624349544581595,-0.05731976507901091,0.06976069615663524,-0.036847851206081805,0.2116998302640072,-0.12356142769485771,-0.009374526850959047,-0.10844297109706827,-0.09695511160340747,0.1421176358087163,0.023916040449760537,0.15111922160508093,-0.05710620054347393,-0.09176899967327813,-0.2507773589717027,0.45493867988429265,0.28345592043924167,0.09855365808955367,0.0027396823625975186,0.13250723170955223,0.08548637729203357,-0.052508187968666575,-0.1543226896381356,-0.24612197085003468,0.06452836503597925,-0.3325789511431281,-0.09433177409972189,-0.2030648104614747,-0.17892404911984316,0.16938058315868323,0.07161743260365451,0.026948975607423757,-0.02981137788969551,0.32169353489150443,0.2303915084190646,0.1217333790212688,0.07892325223724789,0.07152818175298234,0.22546996151057064,-0.11013395596426778,0.2238921339719019,-0.170531281626278,0.10473587326379205,-0.12129349982867024,0.026708317063647014,-0.31836415940839435,-0.3273529950832344,0.011521328562662863,0.07139589924216465,-0.16158229008120234,0.22342834830144476,0.09903019388153543,0.08561069097689837,0.12152300201611296,0.11794181163289212,-0.03546605678585374,0.15823538318099595,0.281878092900573,0.2303994772450175,0.1432603654503582,0.11131652973567405,-0.10808118639880786,-0.06534118528317223,-0.05885296719234355,-0.020046378567045716,0.2321781191976986,0.03483970706595797,0.2317589589525775,0.24617137757094248,0.20451035548932575,0.049720692650351825,0.12744862099466886,0.09392217644574424,0.20248308616691502,0.2009546653491541,0.05928965885456096,0.019383372247766737,0.1917968905641132,0.0009466965232012368,0.025897090581644605
#17,-0.054921148467196326,-0.028180956099737826,-0.11546988182231112,0.07214656264692523,1.0,0.18122703982022328,0.18214186103961302,0.001459888914566217,0.20826367251312863,0.2899282008781646,0.19165504546215206,0.48916319358668886,0.31581572886866577,0.40200655037493327,-0.20962952928145095,-0.04962347297372678,0.15474981870920956,-0.18791129102949264,-0.19552151981448573,-0.03561427694857717,-0.47330682370566346,-0.44780179936090014,0.029752408577644256,-0.005262612659276909,-0.002151583007275538,-0.04146020766760433,-0.2344556096550295,-0.25169855525185475,0.08478990190375252,0.05706157511813784,-0.1591247041573365,-0.01596793344436564,-0.12433759134266749,0.319148291882157,0.16013355752297015,0.23905521599502746,0.03613703193108559,-0.16179426085154874,-0.22834830144474816,-0.19036409565778672,0.01022719122791639,-0.2246172971336133,-0.030844137733187768,0.06677557395468925,0.044083545171289915,-0.16055590529847238,-0.04033979073863048,0.08852409374526851,0.004371697917745779,-0.03799217461291428,-0.15032074524460312,-0.25042673062977633,-0.17945636669349505,-0.3513550988532859,-0.43146570615751184,0.00023109595263329854,-0.31799599964937164,-0.09944138530070365,0.03908231000326722,-0.1458948593103778,0.342313668927157,0.3068731123843524,0.043500227111539655,0.2269585381985672,0.02016112966076708,-0.06638032018742679,0.32510897369490555,0.40168779733681836,-0.1993194622636247,0.051352708205500086,0.038073456637633576,0.11366095833100909,-0.07586481683653547,0.23318059750256995,-0.030409039836160938,0.17674059080875615,-0.15367083967519066,0.11225685119811298,0.14759062547314905,0.010840790826287564,0.21307206209309182,0.3618404800420754,0.019831220266318162,0.5468431495987696,0.4599303524611719,0.43590912350883343,0.29685470439640127,0.21577827538668728,0.10676951764696507,0.24068085648941343,0.2836057343671557,0.1743021300671772,-0.0799464494895967,0.12716811832112776,0.1782610428005642,-0.04051829243997482,0.04592115643602228,-0.0652997473882173,-0.08178724828471022,0.07156802588274669,-0.05513311923754273,-0.10628501302903043,-0.013021061606993442,0.16169225987935198,0.19102072691630342,0.12189594307070739,0.13912135725043628,0.14193116528141908,0.2374104503183546,0.2155710859119126,0.23134617376821873
#18,0.516859645068492,0.33741443473133104,0.5528197690634239,0.43228808899584825,0.18122703982022328,1.0,0.4708508315469882,0.369909713201954,0.2560288152746456,0.5003370813378065,0.561980731378846,0.4466319757110185,0.5476910326801553,0.2192479022065679,-0.12814350261775934,-0.37679637259042625,0.43709488481062087,0.10209022304743842,-0.06074954776912717,-0.23454645427089227,-0.36707121739754084,-0.4300600052594251,-0.05422945437448701,-0.039523782961056346,-0.06259353409462184,0.06527105961478695,-0.020537258245742655,-0.0111069496131135,0.46723617209476526,0.14459434691486903,0.25551084158770887,0.19788507359210766,0.2385468048992342,0.23401732422762153,0.12780721816254811,0.10432149431424269,-0.020556383428029547,-0.033105690538612946,-0.08034010949166859,0.12345305166189866,0.05292894197897824,-0.01355816047621704,0.17358812326179984,0.013014686546231143,-0.046987385348516604,-0.19654471706683455,0.06799799185585988,0.15907689120161927,-0.08335391946704492,-0.045356963558558915,0.046639944536971366,-0.016175122919140323,-0.15148738136410364,-0.15373459028281364,-0.28165337200870194,-0.05809911625720183,-0.38818223111189026,-0.19575102200192845,-0.12822478464247863,-0.14361896261823745,0.06516268358182789,-0.07614531951007658,0.001423232315183004,0.04492345942672266,0.19329024854768148,-0.2217947389811059,0.04519918080469205,0.06715170253966483,-0.07723545490042952,-0.13925363976125396,0.12403318219126776,0.09948601072603973,0.24466367570065903,0.13410896572607958,-0.181520292615289,-0.1301564280534549,0.03697535242132777,-0.14280773613623504,0.09893456797010096,-0.04250890516300233,0.01738638446397692,0.4468710404896047,0.17212185928647133,0.10382423957478344,0.18611830519009634,0.0597805385332579,-0.04692204097570305,0.19022703185139733,0.20632724780658065,0.07778530389117772,0.01886380479563946,-0.03144020591446262,-0.20897449178812486,-0.01974196941564599,0.020910199300337082,0.006853190319470233,0.020548414602076678,0.16034712205850712,0.19969559084860028,0.2357672784068723,0.13368024288981503,0.31367530221772427,0.3468813999633434,0.26288678688968753,0.14931986070492234,0.2850895297595805,0.2633983855158619,-0.06969694554901226,-0.06813186813186813,-0.024346357051215645,0.004542230793137247
#26,0.07603534971192694,0.29404170883503733,0.3042959940711935,0.24460630015379833,0.18214186103961302,0.4708508315469882,1.0,0.1482982572177641,0.10052992692586601,0.4273235104272088,0.2537816063559356,0.3422578871454868,0.2992628835993593,0.31602451210863103,-0.22803114217182383,0.02492170628501303,0.04779223676975671,-0.21396775813019467,0.06550374933261083,0.01680784769979839,-0.34222760560686594,-0.07779964777789289,-0.38148522978109634,-0.41324418873367386,-0.16428531584441664,-0.06197196567029779,-0.36549179609368154,-0.28342245137023964,0.24049119843173505,0.05734845285244125,0.13234148012973249,0.11111093402608993,-0.15883304512746138,-0.008078795751022001,0.0667978866673573,0.019772250954266907,0.1143032457028106,0.05277275299030194,-0.16526229390623878,0.04042266652854035,-0.20723410020001753,-0.19981352947270278,-0.1778036321908693,-0.009796874626461283,-0.003925443664384926,-0.2914821219389747,-0.10749786833905761,-0.015239582752273108,-0.14430109411980332,-0.2203029747627282,-0.38578042696969456,-0.3719481388806987,-0.3998310608897991,-0.3654200766601057,-0.32361720947652783,0.020805010797759167,-0.2987799727466152,0.04563746623210002,-0.1376216242061057,-0.1794723043454008,0.14366199427838297,0.11949573269370224,0.1543673150634717,0.32997155129134825,-0.09148690323454646,-0.15637386543840495,0.05910159456207317,0.2945134633314474,0.15264286112727013,0.18954011905425974,0.2596689749699177,0.21686522324665908,0.21559021109419949,-0.031205922431448176,0.33817306696204447,0.10333495366127708,0.35758193945286043,0.365534827753827,-0.12588673110790588,-0.044512268007554444,-0.191921204248978,0.16720031237797736,0.12420371506665923,0.03669644351297723,0.26056945230259226,0.2108694785997179,0.10561085035341743,0.03689088286622732,-0.04783845596028337,-0.2904334244435767,0.003185936615958371,0.13299333009267744,-0.10712333351927261,0.16761947262309843,-0.08205500083672672,-0.19857836145000757,-0.3191562607081099,-0.24595781303540548,-0.24144586378088917,0.0007299444572831085,-0.27720039206623687,-0.15227788889862856,0.0376287961494633,-0.1681215086581294,0.03798898708253313,-0.2575333296145479,-0.056025627744264436,0.20314290495581286,-0.09403374000908446,0.08750249025811027,0.15522476073600078
#49,0.5070006135995984,0.4711026464470989,0.3669867478424404,0.3808206296966268,0.001459888914566217,0.369909713201954,0.1482982572177641,1.0,0.33392090143359177,0.41348962857302235,0.4723617209476528,-0.049806755970642845,0.00812820247192981,0.14879710572241392,-0.17750878563061304,-0.03791726764895728,0.005946337926033357,-0.0729721330156428,0.10966538899823888,0.200299627855828,-0.11248316585517455,-0.07168437074165863,-0.07633497756775494,0.18379618930742933,-0.0278016399843811,0.36741228314832375,-0.025355210416849287,0.11875144434970396,-0.1608985648144459,-0.23999075616189466,0.10566344460470639,0.20160492154690848,0.04356875901473436,-0.0929196981408729,0.03808780052434875,0.16215126425423743,-0.2805775805050642,0.016948099036568944,-0.27453083537202466,-0.05804492824072229,-0.2213771725011754,-0.1322777295221095,-0.1497724900190455,-0.22958984452820566,-0.23006956785056856,-0.2615336802428898,0.34615464303644145,0.11146474989839747,-0.06841237080540924,-0.09189809465371467,-0.005621209827156165,-0.04749898397469101,-0.03951262660472232,-0.004497605367801162,-0.09277944680410236,0.1808078795751022,-0.3256253536166517,-0.00017690793615376648,-0.1218019109244635,-0.15835332180509845,0.1707368773358621,0.11032520778713673,-0.03875080684362773,-0.04668297619711688,0.2007554447003323,0.09004295197188598,-0.0074396959096016384,-0.1962355266198631,0.33123221955709264,0.17347496593326905,0.08704189211803424,0.18098000621568425,0.35663046163408746,0.2286080851708118,0.030793137247089385,0.059311971567229,0.11111571532166166,-0.0325032472965758,-0.104039397875511,0.03981703575612205,-0.35162763270087416,-0.030047255137900533,-0.1990007092255098,0.07596203651316051,0.11838169082549067,0.11095952633298536,0.07711751627632701,0.0650559013140594,0.0985329391420762,-0.004808389579963184,-0.0816262780004622,-0.21311509375323734,-0.2725673166572369,0.01969096892954761,0.06942281793623345,-0.02548908669285754,0.1483795392424834,0.04751332786140618,0.18920702212942966,0.04606937659874571,-0.007112974045533871,-0.05170811784299819,-0.1750336682896509,0.03899146538740447,0.08183346747523687,0.09703320609774561,0.06945309947485437,0.047287013204344606,0.14320777119906924,0.11166556431240986,0.04401501326809521
#50,0.5524117651746369,0.3795392424834049,0.17835666871199865,0.42432723186892873,0.20826367251312863,0.2560288152746456,0.10052992692586601,0.33392090143359177,1.0,0.46598984771573604,0.4114878594936608,0.3607232506434827,0.2714213994852138,0.2591318761006941,-0.24240212289523386,-0.12284742088948035,0.2439161998262796,-0.07465514905688944,-0.1264907681151336,0.0725609415964746,-0.1079042784626541,-0.08595813178844361,0.18261361553602307,0.23505964666225726,0.21402513367705536,0.4251719274199332,-0.19342412482368973,0.02020416132091259,-0.06466542884236866,0.15690937054243798,-0.23281721903911898,0.05818039828192113,-0.21271983998597488,-0.08960785407485915,0.2746296488138403,0.20917530620213723,0.056867135764887757,0.052098590314688935,-0.3587119189729777,0.03203786786092805,0.19846679788666735,0.16806094558088758,0.10942313668927157,0.34921785973272557,-0.09083505327160149,-0.3828016798285109,0.20993712596323183,0.2281713935085944,-0.04988006916940927,-0.2692331598785551,-0.07396983002494242,-0.24429551594163632,-0.1882443879543227,-0.16324777470535265,-0.11136115516101013,0.22538867948585134,-0.12828534771972044,0.0732351042720876,0.12609392058268054,0.06350038648805871,0.2393149997210911,0.3022495995664959,0.254529082230315,0.1553793559594865,-0.22085601128385754,-0.014530357242467467,0.23549633832447467,0.1544119404888078,0.02369291332308011,0.22576799560120808,-0.21288399780060405,0.11972682864633553,-0.0019810501318840695,0.06894309461387053,-0.09921507064364207,-0.022041772585644957,0.0614970236435066,-0.07779167895194002,0.07226609503621831,0.11504115898604658,-0.056776291149025014,0.2541178908111468,-0.01698316187076158,0.02459498442094526,0.09780458844998366,0.23786148586728717,0.3015053112224976,0.4287961494632996,-0.029513343799058084,0.10273729171481166,0.21875861629306154,0.21071169584585103,0.09191403230562041,0.08282319565858362,0.21477898461219708,0.1706763142586203,0.10443624540796405,0.05784252006151934,0.09179768744670848,-0.09838153144897162,-0.07278247495796444,-0.188261919371419,-0.19688897034799863,0.12286813983695782,-0.05903465642406904,0.038855995346205645,-0.1457641705647507,0.1436412753309055,0.16277283267856146,0.12422284024894613,0.20453107443680324
#51,0.6306433233191754,0.5924806158308696,0.5583341966228116,0.6747173058993219,0.2899282008781646,0.5003370813378065,0.4273235104272088,0.41348962857302235,0.46598984771573604,1.0,0.5192582616803066,0.18018471738558758,0.20112201069416444,0.1388950425933747,-0.37280717831841836,-0.27360645156149144,0.41469929635266833,-0.058288774314880186,0.0011985114233120035,-0.00045741060969487363,-0.4529480671612651,-0.26263656575476735,-0.11540613121468814,0.052076277602020896,0.028415239582752272,0.2777677724740814,-0.14084899871701903,0.05903465642406904,0.20416928973854281,0.04892062252468344,0.11702539664831181,0.11949095139813051,-0.02076994796356653,0.16768800452629315,0.09469993385874459,0.24396401278199684,0.07263584856043159,-0.028914088087402083,-0.22759763803998756,-0.19700372144172,0.01790913944648535,-0.07560662687566241,0.02148714229932504,-0.08189562431766928,-0.254090796802907,-0.37649515096940767,0.2889480352859613,0.24522946234331297,0.06772545800827164,-0.06645682091657436,-0.026364063782482926,-0.1547243184661604,-0.13243232474559524,-0.2902055160213246,-0.3160229183434405,0.06004032225932154,-0.4743284271928217,-0.22054363330650495,-0.19603471220585073,-0.3605543115332818,0.24636422315900197,0.21010606507343274,0.07994326195921554,0.14767190749786835,0.21098741722382042,0.2969072986476902,0.11929013698411813,0.09056889448477556,0.07818852648439305,0.30218903648925405,-0.03548996326371236,0.4020416132091259,-0.1527050179697025,0.23722079226067624,-0.13023292878260245,0.03465483030385133,-0.19167576440962952,-0.1970658782841524,0.06513877710396927,0.1909665388998239,-0.15214720015300146,0.22319247105323972,0.036275689502665576,0.10604754201563484,0.054624708141749474,0.2363984094223398,0.08297779088206934,0.05741220346006423,0.15246754695630693,-0.01765254325080286,0.06784817792794588,0.06379045175274327,-0.09108846193690284,0.04427320322896828,0.06363745029444812,0.03305787758289571,0.24235112240913545,0.048413805194080756,0.1984460789391899,0.20244005450676952,0.09009395245798436,-0.06805377363752999,0.2156523679366319,0.13926001482201628,0.22997394193913412,0.27735339352453203,0.07592697367896788,0.004068882531536628,0.05121405063392011,0.046208034170325686,0.18024368669763885
#52,0.5261736088422093,0.3666536509176103,0.2851676242539187,0.45168102383475844,0.19165504546215206,0.561980731378846,0.2537816063559356,0.4723617209476528,0.4114878594936608,0.5192582616803066,1.0,0.3204950234681924,0.19992031174047128,0.3001490170453187,-0.13880738550789312,-0.3368916797488226,0.16255608061264334,-0.08180477970180654,-0.15229223278534373,-0.1469945572918742,-0.09123668209962627,-0.23589637338730884,0.009109961829323686,0.12336061328084533,0.10815449959757428,0.31791471762465234,-0.07443839699097132,0.12419096494513464,0.09778546326769677,-0.1088908191156197,-0.07191865422467308,0.04430826606316091,-0.022500776960530405,0.0017611105355847922,0.2086605200455817,0.21572408737020773,-0.11202894277586083,-0.025938528476599543,-0.2618731522284822,-0.19974659133469866,0.008582425551243535,0.08064451864306832,0.1966020926136952,0.06851277801241543,-0.10395333455521998,-0.020954824725673168,0.16232179712962888,0.3593302998669206,-0.09756074237582577,0.00027094008239766037,0.029870347201746767,-0.18714947126839804,-0.1431105515224442,-0.15574114065774688,-0.23361728916478736,0.005036298002215334,-0.21130935779231647,-0.13400537098869222,-0.20220258349337392,-0.27079026846974635,0.22980819035931435,0.16155678983815314,0.03209683717297931,0.10735761700228705,-0.016710628023173347,0.040478448310210455,0.032952689080317794,0.09678298496282543,0.016721784379507366,0.0828120393022496,-0.2202408179202958,0.027044601518858225,0.2351313660958331,0.4444214233916917,-0.1625895496816454,-0.02732351042720876,0.038593024089760855,-0.1301436779319303,0.0647435233367068,0.007999107491493278,-0.02739841739116576,0.29563388026042126,0.07332594888795034,0.0676091131493597,0.08014248260803736,0.1814135103475205,0.10842703344516252,0.14710293332483326,-0.020387444317828653,0.1293452015714525,0.031333423646694135,-0.014570201372231828,-0.025426929850425137,0.003034528922853796,0.1505263409541872,0.06578743953653308,0.09504737467028983,0.10666432914438716,0.12183378622827498,-0.013547004119883018,0.07975997896229949,-0.09324004494417837,0.05066260787798134,0.15387165408920303,0.28649841818804833,0.23728135533791805,0.07951932041852273,0.04019953940185993,0.08497637243104973,-0.02374550757436907,0.026234968802046395
#53,0.09923897712150069,0.09111236841476145,-0.13500306799799186,0.04758823482536318,0.48916319358668886,0.4466319757110185,0.3422578871454868,-0.049806755970642845,0.3607232506434827,0.18018471738558758,0.3204950234681924,1.0,0.5122966953278774,0.5627839890348955,-0.14420865573875,-0.07371801512483166,0.18321765254325081,-0.28434524141558226,-0.14651642773470186,-0.03625975185075983,-0.16288599000709225,-0.3007163974531632,-0.06403270406171059,-0.19767310282176126,-0.039236905226752945,-0.002586680904302369,-0.4239925411789081,-0.4720222489620604,0.34502306975113356,0.3157519782610428,-0.17671030927013523,0.07172262110623241,-0.23949509518762602,0.13033811728518038,0.42320522117476433,0.26733817306696206,0.0653555291698874,-0.11057861645243806,-0.34266907856465506,-0.10157384312569229,0.17155766640900796,-0.043414163791248635,0.18345352979145582,0.36419606499374446,0.16848010582600864,-0.11389524181402354,-0.2394695949445768,-0.03220202567555722,-0.15206432436309159,-0.2821968459386879,-0.3859047406545594,-0.5239997131222657,-0.4542310481396776,-0.531976507901091,-0.3563069273004008,0.03968634701049494,-0.1436970571125756,0.10056020846448693,-0.02658240961359163,-0.19377953446118784,0.28263353760090526,0.20256436819163431,0.2772179234833332,0.3637386543840496,-0.3314314402059145,-0.3403676816294655,0.41875064746710866,0.49008917116241263,-0.07136402393835316,0.049518284471148866,-0.03433129597016472,0.07896309636701225,0.109870984707823,0.1295252970379874,0.1334826160061838,0.17614771015786243,0.11215963152148795,0.06424786236243814,0.1198352046792946,-0.006791033477037828,0.2514276151694571,0.5969335957733347,0.1995314330339711,0.26056785853740166,0.41629943660400515,0.3946624803767661,0.2780179936090016,0.5721521408250922,0.014994142912924639,0.22632581341790914,0.259825163958594,0.12979145582481333,-0.05919403294312649,0.07037110822462526,0.026937819251089738,-0.16102447226450128,-0.19761413350971002,-0.1457530142084167,-0.3041461801432795,-0.12359170923347863,-0.28741483317262867,-0.18401134760815688,0.06872953007833356,0.010114033899385604,-0.2211142012447306,-0.08966204209133868,-0.16759237861485868,0.25198543298615816,0.12507550462590347,0.1069113627489262,0.09083186574122035
#54,0.28439942943206176,-0.012938185817083569,0.10672648598681957,0.07036313939867239,0.31581572886866577,0.5476910326801553,0.2992628835993593,0.00812820247192981,0.2714213994852138,0.20112201069416444,0.19992031174047128,0.5122966953278774,1.0,0.25696754297189395,0.19950274526054076,-0.0850656232817219,0.3317039740535027,-0.004904015491397652,-0.058062459657818616,-0.26048817027787297,-0.29478280964865444,-0.2906262700316362,0.24562949740614715,0.006725689104224275,0.17232426746567428,0.017354509160165434,-0.11543003769254676,-0.3178477794866482,0.5296751109659014,0.34632358214664233,0.007398258014646702,0.023171752105762257,0.001894986811593048,0.1971232538310131,0.23778817266852076,0.08370295404378073,0.3505167783630438,0.2043015722493605,0.10145749826678035,0.0634573548279132,0.184527727529903,-0.007720198583142745,0.19515017252508188,0.19860386169305677,0.08887153455681375,-0.23074691805656272,-0.18426316250826766,-0.04512108631035389,-0.14927045398401453,-0.305140689622198,-0.20765326044513863,-0.2555634358389978,-0.2253791168947079,-0.23269449911944473,-0.06277362956115676,-0.033371849325438886,-0.19206145558574855,-0.1305915259504817,0.1039087091298839,-0.12366502243224506,-0.014519200886133446,-0.09001426419845564,0.33910382583334,0.05145630294288742,-0.06233693789893935,-0.39078963096367014,0.16760831626676442,0.31317007865231217,-0.1856720509367355,-0.227071695527098,0.044547330841747085,-0.05571165600172127,-0.03140673684546056,-0.21737204057726175,-0.1249735036537067,-0.22343472336220704,0.11432077711990693,0.02822239399469276,0.20291659029875128,0.13330092677445832,0.12457984365163481,0.3908342563890062,0.16904589246866258,0.1928137127556997,0.1443409382495677,0.03192471053239726,-0.08351967104686467,0.32214297667524644,0.12595685677629115,0.0261473117165648,0.14999242961534476,0.09349504737467029,-0.19248699089163193,-0.04377913601989019,0.06284853652511375,-0.03650837922048945,0.03817705137502092,0.08625138458350931,-0.08935603917474838,0.01852911410561882,-0.16286367729442422,0.18051781431041763,0.11342667484799465,0.05005538334037246,-0.0707057989146459,-0.057444078763875715,0.03187371004629888,-0.11926463674106894,-0.08046601694172398,-0.010596944752129668,-0.016817410290941835
#58,0.039869630007411005,0.26729514140681654,-0.2964164189689933,0.06869765477452207,0.40200655037493327,0.2192479022065679,0.31602451210863103,0.14879710572241392,0.2591318761006941,0.1388950425933747,0.3001490170453187,0.5627839890348955,0.25696754297189395,1.0,-0.12007108192749961,0.28649363689247664,-0.15986580497095362,-0.6617759325518572,0.2125987138314912,0.38020862386344617,-0.039342093729330854,0.061718557004996455,-0.24812692745977735,0.04813489628573022,-0.1748950107180709,0.3282741913633864,-0.6904860186948657,-0.503387547912566,0.061630899919514856,0.30692730040083194,-0.43145136227079667,0.09722286415542399,-0.5054291611216919,0.17501294934217343,0.5907290678864283,0.5767884037644734,0.26975591486106354,0.2733466678354278,-0.4581341790913945,-0.13966004988485045,-0.00575827363354557,0.08737339527767374,0.09569603710285364,0.08485205874618493,-0.008155296480169577,-0.2342197324068245,-0.11885185155671014,0.1883384201005666,-0.20280024543983935,-0.2797376662496314,-0.5907131302345225,-0.5657117356899808,-0.7525966419367435,-0.4941293659205189,-0.24717226211062324,0.3532755859079282,-0.28197212504681685,0.3143924965534828,-0.19287268206775096,-0.19361537664655867,0.44517208679645226,0.2890117858935843,0.5118791288479468,0.4532126321829005,-0.3730956498179123,-0.25032472965757957,0.6872586441839523,0.3214783765907769,0.43983616093840894,0.28566328522818735,-0.02875630533353521,-0.01413191594482385,0.12381961765573078,0.18921339719019198,0.46416498657252825,0.2657189076333384,0.13298695503191515,0.05700419957127716,0.15822741435504306,0.32117396743937715,0.05471874028799337,0.5284495055343497,-0.11882794507885153,0.08391492481412713,0.3189602275896692,0.34475531719911706,0.13965526858927874,0.32248563619121995,0.06492361880324171,0.17725218943493054,0.2102941293659205,-0.05805767836224689,-0.3175210576225805,-0.03694507088270685,-0.1341631537425591,-0.424610922072851,-0.014659452222903999,-0.4941182095641849,-0.40686434667580423,-0.2841412394711887,-0.34532269760696155,-0.5426101092526038,-0.3259727944281969,-0.30183203308656537,-0.10004064101235965,-0.3764425567181187,-0.14999083585015419,0.4519200886133446,0.2598745706795018,0.19393572344986412,0.07823474567491971
#101,-0.3219389747308529,-0.3002143614181323,-0.3127891687717649,-0.37160866689510635,-0.20962952928145095,-0.12814350261775934,-0.22803114217182383,-0.17750878563061304,-0.24240212289523386,-0.37280717831841836,-0.13880738550789312,-0.14420865573875,0.19950274526054076,-0.12007108192749961,1.0,0.15840432229119683,-0.0889177537473404,-0.040602761995075266,0.20997856385818678,-0.2755349074420866,0.5187610069408474,0.13270326482799288,0.2850098415000518,0.05861708994413853,0.13451537584967607,0.013389221366016144,0.08497477866585916,-0.10490959366956466,0.048209803249687225,0.0013244188733673868,-0.020223286503199482,-0.11009729936488458,-0.12485078373403247,0.041877774147534845,0.1909043820573915,-0.03392966714213995,0.3890173640717513,0.23268493652830127,0.22281474870307358,0.004405166986747843,0.1367115842822877,0.3225206990254126,0.2198360015618899,-0.030699105100845493,-0.1420682290878085,-0.01341631537425591,-0.3812764465411311,-0.1615344771254851,-0.31169106455545903,-0.1239933380615034,-0.10238028831212298,-0.14116137669437162,0.10673126728239128,0.15410434380702692,0.5394927045398401,0.03146889368789296,0.4322769326395142,0.0191984954856601,-0.08882053407071536,0.026303500705241095,-0.40882149032982973,-0.35557538907792713,0.23889265194558887,-0.06776052084246428,-0.17295699224633235,-0.2736367331001124,-0.0412498306624485,-0.02095641849086374,0.01431041764616819,-0.4164890946616835,-0.006312903919865487,-0.336654208735427,0.22704778904923936,-0.1857453641355019,-0.13702077472925914,-0.6159631521487939,0.19064300456613728,-0.037772235016615,0.10731299157695097,0.150778155854298,0.12254938679884293,-0.208752958426635,0.13059471348086285,-0.019276589979998246,-0.2833045127461371,-0.5376248117364869,-0.5286280072356939,-0.18445760186151774,-0.08300169735992796,-0.1134362374391381,-0.18342643578321605,-0.3833499350540685,-0.13257416984755635,-0.3766561212536557,-0.27148196256245566,0.1548916638111707,-0.09170365530046458,-0.09453418227892485,-0.15966339679175068,-0.24783367466471165,-0.18544573627967392,-0.06953756902995481,-0.1386225087457865,-0.03395038608961742,-0.09341695288033214,-0.2329526890803178,-0.06030169975057575,-0.4553227772952211,-0.39889392695774134,-0.27215134394249696,-0.432614810859916
#102,-0.3088477874554742,-0.06803464845524308,-0.36283498952099386,-0.2675836129063105,-0.04962347297372678,-0.37679637259042625,0.02492170628501303,-0.03791726764895728,-0.12284742088948035,-0.27360645156149144,-0.3368916797488226,-0.07371801512483166,-0.0850656232817219,0.28649363689247664,0.15840432229119683,1.0,-0.4466256006502562,-0.3373235901154683,0.6313892054283642,0.6795352580704285,0.18834798269171002,0.5829132433918511,-0.3510156268676936,0.17025396648311805,-0.3744073185697551,0.3307333710524428,-0.5627250197228443,-0.3294567651347927,-0.27148355632764626,0.2491485309469356,-0.42991656639227344,0.028042298528157848,-0.5702300600052594,-0.09523703272796818,0.2855676593167529,0.374340380431751,0.37270039605064986,0.5532277729522109,-0.24081792029580282,-0.1332961454788866,-0.03455123556646399,0.28872809568966207,-0.13382846305253848,0.06922837858298336,-0.32909976173210403,-0.2863900421550893,-0.1714875407406227,0.020387444317828653,-0.11559897680274765,-0.38266620978731203,-0.5247312513447394,-0.4000286877734303,-0.5004853015005299,-0.20561483476639386,0.07468702436070093,0.5488449186781311,-0.12693064730773215,0.5430946138705385,0.026453314633155096,-0.039195467331798,0.057442484998685144,0.08555969049079999,0.4731123843524134,0.22470336045390432,-0.3491349839428157,-0.1346062204655388,0.3314346277362956,0.11130377961414945,0.5732629951629227,0.309496449888038,0.09192518866195444,-0.036669349504737464,0.09894572432643499,-0.18381212695933508,0.46310672648598683,-0.07274103706300951,0.22567715098534533,0.14523504052147998,-0.10809553028552303,0.47825068332682547,-0.07186765373857469,-0.031822709560200495,-0.2030966857652862,-0.01204089601479014,0.14868235462869256,-0.11124640406728876,-0.07416905067376424,-0.02499661324897003,0.06928097283427233,-0.1594801137948346,-0.01867892803353282,-0.07249559722366104,-0.10623401254293205,-0.046987385348516604,-0.17453003848942936,-0.38986843468351806,0.11829243997481852,-0.6211683892612101,-0.38033931260907333,-0.24837077353393525,-0.4966777964602475,-0.4679740853780013,-0.4775605829993067,-0.4658495963789655,-0.2811640860951956,-0.5031325454820741,-0.30486656200941914,0.13947995441831554,0.0452645251775056,0.05957972411924551,-0.03959231486425105
#201,0.4201977862601503,0.20163201555514826,0.5238355553076365,0.34912542135167224,0.15474981870920956,0.43709488481062087,0.04779223676975671,0.005946337926033357,0.2439161998262796,0.41469929635266833,0.16255608061264334,0.18321765254325081,0.3317039740535027,-0.15986580497095362,-0.0889177537473404,-0.4466256006502562,1.0,0.41803982819211244,-0.23677613177250595,-0.3829977129469515,-0.21734813409940312,-0.2895775725362382,0.3831937460653922,0.010029564344285157,0.4167425033269848,-0.07568153383961941,0.28110033548757263,0.0021946146674210487,0.3177186845062117,0.13759453019786594,0.2042505717632621,-0.028886994079162318,0.35635155272573693,0.1092653539354047,-0.16501685406689032,-0.05202049582035079,0.07287491333901776,-0.26267959741491287,0.18684824964737945,0.04676585198702675,0.3229127652622939,-0.02006231621895146,0.05646710070205357,-0.1794770856409725,0.10973710843181474,-0.1164946728398505,-0.03905043469945573,-0.23107842121620223,-0.037777016312186724,-0.049044936209548244,0.2007363195180454,0.1959422738247974,0.2899664512427384,0.13173903688769534,0.005429958004287228,-0.10454462144092311,-0.07569747149152516,-0.38218967399533027,-0.03570671532963048,-0.041763023053813485,-0.07335463666138067,-0.05335766481524277,-0.18923570990286,-0.1376726246922041,0.15854138609758625,-0.09396839563627091,-0.12755380949724676,-0.059659412378774236,-0.24653316226920288,-0.0350628341926384,0.24243399819904535,0.2886165321263218,-0.10022711153965687,0.06636597630071162,-0.39105100845492435,-0.10622285618659803,-0.25520802620149974,-0.10701017619074182,0.2594665667907147,-0.1396759875367562,0.06597709759421144,0.049953382368175696,0.07612938185817084,0.14624708141749476,-0.05254484456804979,0.002929340420275881,-0.1013172469300098,0.12152778331168469,0.21685884818589676,-0.08881256524476248,-0.057444078763875715,0.011116512204256947,0.01802389054020671,-0.010260660296918455,0.05510283769892182,0.4293491859844289,0.21074675868004367,0.5096064196861876,0.43286821952521737,0.2674640805170174,0.20890117858935842,0.4820135629417718,0.34816597470694644,0.39758225820589854,0.2480934583907753,0.3759692084565181,0.2900493270326483,-0.2666146036704412,-0.10679183035963312,-0.05180214998924208,0.0568209165743611
