,#10,#11,#12,#13,#17,#18,#26,#49,#50,#51,#52,#53,#54,#58,#101,#102,#201,#202,#301,#302,#401,#402,#501,#502,#601,#602,#701,#702,#801,#802,#901,#902,#1001,#1002,#1101,#1102,#1201,#1202,#1301,#1302,#1401,#1402,#1501,#1502,#1601,#1602,#1701,#1702,#1801,#1802,#1901,#1902,#2001,#2002,#2101,#2102,#2201,#2202,#2301,#2302,#2401,#2402,#2501,#2502,#2601,#2602,#2701,#2702,#2801,#2802,#2901,#2902,#3001,#3002,#3101,#3102,#3201,#3202,#3301,#3302,#3401,#3402,#3455,#3501,#3502,#3601,#3602,#3701,#3702,#3801,#3802,#3901,#3902,#4001,#4002,#4101,#4102,#4201,#4202,#4301,#4302,#4401,#4402,#4501,#4502,#4601,#4602,#4701,#4702,#4801,#4802
#10,1.0,0.5960219620843261,0.5529823331128625,0.5930464024735236,0.46432755062196684,0.49150762218202393,0.3268031460924862,0.7163321087904119,0.30491596873032695,0.5869948760449123,0.6581485229781097,0.31129740455338717,0.33460462670034824,-0.004384448039270374,-0.030208225422148554,-0.06952960020400195,0.5108607128911697,0.2967415470678705,-0.05438086206759158,0.0620213723912056,-0.15115587820446413,-0.007549665707751277,-0.22632421965271857,-0.09167974882260596,-0.30478049868912815,-0.08033692196128744,0.23592187363035805,0.12707886747045558,0.07911769159049797,0.08674226426220624,0.3369713680083513,0.0964419192120425,0.20751460287355863,-0.001858330212209835,-0.03691638310927651,0.20172126640582044,0.07939341296846736,0.11768840296759078,-0.1647682266971607,0.1141789320179458,-0.07561459570161529,0.18852010933229207,-0.061804620325287475,0.34026568065726875,-0.31918972977711196,-0.3369474615304927,0.11109180884380304,-0.006556749994023381,-0.04030472790443784,-0.17356262301875064,-0.127965000916415,-0.09144227780921037,-0.014833172628676616,0.01888930503868865,-0.08864521989975217,0.14710771462040498,-0.41192614492106877,-0.16198710643960826,-0.497630868044211,-0.3339384328506881,-0.07046832790125031,-0.07163337025556024,0.10374136378487357,-0.44783526842990223,0.054543426117030176,0.48289650885735,-0.03756663930703089,-0.024371857294264835,0.12643817386384465,0.09847875112559666,0.31614882579349585,0.2901704531871319,0.16731984476727044,0.18556367490377643,-0.007334507407023723,-0.02760241933555929,-0.22360047494202678,-0.2991130696714453,-0.10399477245017491,0.1783901377810007,0.22447704579684274,0.2221772426268438,,0.24518483691797688,0.1723784554821538,-0.06972085202687088,-0.2709560200495661,0.19584664791336293,0.1247360326403111,0.14285236156157113,-0.000670975145231853,-0.3189411024073823,-0.2692570663564137,-0.4796213213907195,-0.5320673525169537,-0.026577628318019905,-0.025999091553841374,-0.0886436261345616,0.17223342284981152,-0.034119325199818314,0.0332395668146212,0.387748726980054,0.1809066930169178,0.08581947421686363,0.2691008773677374,0.3028169799743404,0.09985098295468128,-0.10406330435336962,-0.07749205109611201,-0.5501836814382137,-0.5229095777319127
#11,0.5960219620843261,1.0,0.4425375929364327,0.46623210002470333,0.24000828757899098,0.30028289332132696,0.5393237654296392,0.4471706683454327,0.376759715991043,0.7024902581102727,0.41774657539704674,0.17503685582003203,0.42698563220680696,0.1240124632437903,-0.09084620962793552,-0.04784801855142682,0.48392289364008,0.35383499748981984,0.046611256763541026,0.18015602961215724,0.08060626827849453,-0.1087282550661811,-0.0021292702946074955,-0.11327207962450891,-0.22941612412243303,-0.19442979065894223,0.30938807385507894,0.2316776769278582,-0.08535409478121589,-0.06645203962100264,0.3494824247543609,0.19587055439122153,0.2345815171050849,0.13720565149136577,-0.1488608563300369,0.14340061678712876,0.07268844281172054,0.09284000988134418,-0.12598873208010264,-0.1540119054259736,-0.18195379674712525,0.12284104582871805,-0.02684219333965527,0.29889950513590835,-0.0259974977886508,-0.0591557825785527,0.17653977639474377,0.09548884762807895,-0.07802118113938274,-0.11032520778713673,-0.008732239479157536,-0.05193762003044092,0.029581875702252788,0.12953964092470258,0.07698842129589048,-0.06496983799376838,-0.2948194662480377,-0.18747459936727523,-0.39234195825928964,-0.21515830072755382,-0.1645243806230028,-0.10254922742232386,-0.012673620795448207,-0.32047430452071496,0.20408800771382352,0.26239112591541885,0.19140801185761303,0.20547936472519504,-0.0072054124265871905,0.007505040282415192,0.2569468240244165,0.39217461291427935,0.06402792276613886,-0.00305365410514069,-0.1867765302138036,-0.07554606379842058,-0.3273115571882795,-0.3087728804915172,-0.20278749531831475,-5.737554686068102e-05,0.14635386368526326,0.013969351895385253,,0.07855190494784403,0.050009164149845804,-0.21534955255042273,-0.29456446381754575,0.023143064332331917,-0.1144403095092,-0.08058395556582648,-0.018698053215819712,-0.2649634629330061,-0.24361338444007044,-0.49170524906565516,-0.4262349688020464,0.13294392337176963,-0.10481874905370192,0.18915920917371243,0.20276358884045614,-0.06907378335949764,0.19596458653746543,0.3011355576982843,0.23160595749428237,0.20549211484671964,0.22345703607487508,0.18526723457832958,0.2251288957597877,-0.1645929125261975,-0.05822024241168549,-0.46735092318848664,-0.40899202320522116
#12,0.5529823331128625,0.4425375929364327,1.0,0.6202041613209126,0.46256803385157264,0.4319725234881145,0.17092653539354047,0.3076747762752114,0.11938416913036203,0.3989050833140753,0.5146522802795465,0.35324052307373555,0.217794388352764,-0.2604738263911578,-0.21596793344436563,-0.11558941421160421,0.6914183713313518,0.6762393516563204,-0.2666496665046339,0.021699113069671445,-0.33560869877041016,0.03839858473651077,-0.10701495748631354,0.21815457928583382,-0.21453195100765804,0.008972898022934281,0.12975798675581127,0.22952290639020154,0.20461076269633194,0.28389579963184025,0.4069854728302879,0.21702938106128825,0.3930161209349027,0.2702754823131908,0.022429057526954555,0.17781956984277505,0.11692817697168677,0.12896588545609575,0.01656240786044992,0.213460940799592,0.015971120974746792,0.20507773589717027,0.054809584903856116,0.15381109101196122,-0.06059973384121317,-0.05345169696148666,0.1714381340197149,0.018336268517559307,-0.015851588585453706,-0.03586768561387851,0.14126656519694952,0.3167815505741539,0.32318370534469154,0.34756512523009986,0.05827443042816502,0.3248794715074628,-0.40960402903840176,-0.06485189936966587,-0.34675868004366917,-0.07266613009905251,0.0005817242945596826,0.064619209651842,0.008029389030114194,-0.5264827992891807,0.20619177776538183,0.23559674553148086,-0.07007466789917842,-0.1828303676019412,-0.05283012853716262,0.14204591637514044,0.3301118026281188,0.4572639832973408,-0.04589565619297309,0.33430978014009194,-0.021774020033628445,0.006873909266947701,-0.2521017778450701,-0.23037238323677772,-0.1945620731697599,0.1967168437074166,0.19894652120903028,0.28025563993656816,,0.16586633091346653,0.33931260907330524,-0.12924479436444627,-0.1931005904900031,0.2583333997402163,0.18476838607367976,0.074271051645961,0.16374024814924018,-0.16292424037166603,0.014316792706930488,-0.45859796476185166,-0.5082166564400067,0.22334069121596314,0.17293946082923603,0.2987624413295189,0.5316784738104535,0.041876180382344266,0.28691598466797885,0.7364008000701256,0.3641179704994063,0.45376407493883925,0.49152355983392965,0.4286017101100495,0.3825418961024472,-0.02826861318521942,-0.03517280399078804,-0.5594737387340724,-0.5638438428866275
#13,0.5930464024735236,0.46623210002470333,0.6202041613209126,1.0,0.448472774506132,0.4945676513479269,0.41337487747930096,0.4936209548247257,0.1207787136721147,0.683900580927412,0.5311015308114655,0.25523990150531123,0.32857222545402387,-0.0452645251775056,0.1745698826191937,-0.07646088501781033,0.7449035373618405,0.22576799560120808,-0.033073815234801456,-0.03557602658400338,0.11422036991290073,-0.15460159854648614,-0.08937835188741643,-0.006233215660336763,-0.23178764672600785,0.019498123341488097,-0.07479380662846943,0.09008598363203149,0.1075169935213445,0.12971017380009403,0.13192710118018314,0.30366326929053544,0.11710986620341225,0.09203515846010407,-0.04718023093657611,0.09856959574145942,0.2182310800149814,0.048968435480400675,-0.12067193140434619,-0.004751014033102503,0.15425734526532206,0.01432476153288336,-0.13937476591573764,0.16571332945517137,-0.18227095602004956,-0.10865812939779582,-0.10607304225868402,-0.17986915187785382,-0.24841858648965248,-0.31772027827140226,-0.1623457036074875,-0.14538007315382226,-0.15518810413661754,-0.17312593135653323,0.11774259098407032,-0.05447170668345433,-0.19756632055399279,-0.21082325940919125,-0.46279116097825307,-0.39487763867749365,-0.32566838527679715,-0.26283100510801743,0.08835037333949589,-0.30951876260070604,0.17892723665022434,0.2126066826574441,-0.017990421471204648,0.013059311971567228,0.16832869813290408,0.08405358238570712,0.13185697551179784,0.23583421654487643,0.2642701750751062,0.24793726940209898,0.21506267481611935,-0.010176190741818008,-0.38942855549091954,-0.47062611065511717,-0.07412601901361872,0.014297667524643594,0.2528508474846401,0.28097124050713607,,0.42428260644359267,0.21814661045988096,-0.3119110041517583,-0.4269553506681861,0.1842217246133127,0.24636422315900197,-0.09510315645195994,0.15538732478543937,-0.3985066420164317,-0.20063113101546748,-0.6242826064435927,-0.4795304767748568,0.031021045669341538,-0.20461713775709425,0.04822255337121182,0.13740805967056874,-0.20065981878889783,-0.1535305883384201,0.479716947302154,0.369845962594331,0.1390528253472416,0.08164540318274909,0.009318745069288942,-0.023166970810190535,-0.3759277705615632,-0.1530620213723912,-0.6243128879822136,-0.4337017587198878
#17,0.46432755062196684,0.24000828757899098,0.46256803385157264,0.448472774506132,1.0,0.5805194080756082,0.13110312457665613,0.401722860171011,0.2223892133971902,0.2421550892906948,0.15824653953732998,0.5869741570974348,0.47635091521966066,-0.07281116273139478,0.14401421638549994,0.055697312115006094,0.4863215102518946,0.4746949931866538,0.043385476017818295,0.06644725832543091,-0.17108431814740735,-0.03134617376821873,0.014914454653395914,0.34817713106328047,-0.1402879933699368,0.12433918510785806,0.019410466256006502,0.04244674832056993,0.3484608212672027,0.42666687916869206,0.374201722860171,0.08113061702619354,0.07986197993449624,-0.07819330777996478,-0.12784706229231246,0.04036847851206082,-0.05713648208209485,-0.24000988134418155,-0.2663165695798038,-0.02904796436341034,0.0032927188837268604,0.12853397508945008,-0.04392576241742304,0.10621966865621688,-0.08886675326124202,0.09491668592466272,-0.17974483819298903,-0.31537584967606724,-0.22224736829522906,-0.2544302687884994,-0.11096430762855708,0.007984763604778108,-0.03730366805058611,0.07657563611153169,-0.1330969248300648,-0.0015427647044760895,-0.48809058961343227,-0.219966690307517,-0.5449099124226028,-0.2993632908063655,-0.15246117189554462,-0.15517057271952123,0.17894636183251122,-0.03264987369410865,0.3457530142084167,0.3077799647777893,0.09093386671341712,-0.03154220688665939,0.25032472965757957,0.27414355043071503,0.4058857748487915,0.22758807544884413,0.15882826383188964,0.13888707376742185,-0.2161018097203739,-0.23487955119572235,-0.4802078269808509,-0.42935556104519124,0.10559969399708341,0.44754201563483653,0.2421487142299325,0.5248970029245591,,0.391119540358119,0.6160635593558001,-0.014093665580250062,-0.14187857103013013,0.3112400290065265,0.3973336308361689,0.06826893193825753,0.05354413534253998,-0.09679573508435002,-0.06199587214815641,-0.30651451521647316,-0.2365689422977313,0.007654854210329192,0.2430236913195579,0.0786411557985162,0.14691486903234546,0.015972714739937364,-0.1179242802157958,0.5192247926113046,0.3124130401867893,0.1933890619894971,0.09497246770633283,0.10369355082915634,-0.13283235980842942,-0.25016854066890326,-0.13916598267577238,-0.40246236721943757,-0.3781096351074596
#18,0.49150762218202393,0.30028289332132696,0.4319725234881145,0.4945676513479269,0.5805194080756082,1.0,0.11985114233120034,0.443775948489509,-0.05489724198933771,0.3696563045366526,0.38625377523129517,0.3189681964156221,0.5443839699097132,-0.058580433344755316,0.147942847580266,0.14024496170979128,0.48018870179856404,0.35321502283068634,0.1191865422467308,0.12817856545195197,-0.21078660280980804,-0.07020854417518667,-0.17260636390440595,0.08727776936623927,-0.24290097139988365,-0.023627568950266558,0.0018694865685438564,0.09952426109061352,0.4690817521854505,0.5673325948887951,0.41747722907983964,0.09067089545697232,0.09493421734175904,0.08333160675437688,0.10298751284973184,0.14419590561722542,0.09512068786905625,0.00667787614850704,-0.15283251918494847,0.031217078787782196,0.3223278534373531,0.14532429137215214,0.20931874506928894,0.2911824940831467,-0.120946059017125,-0.031762146482958664,0.06377132657045638,-0.020854417518666974,-0.0832742312075162,-0.36152491453434166,-0.017792794587573414,0.06349719895767757,0.03972778490544988,0.14708380814254635,-0.2232753468431496,0.01555036696443513,-0.5097562336141016,-0.35996939970834096,-0.5213588442014838,-0.28091067742989423,-0.15114950314370185,-0.20458207492290162,0.216382312393915,-0.2420546820836886,0.25230099849389187,0.33221876021005825,-0.0021452079465132403,0.11450884141239472,0.22168795671333744,0.21092366661619744,0.27385029763564933,0.2548462415032393,0.05472830287913682,0.04014853891576154,-0.24369466646478974,-0.23170477093609798,-0.45091282901290153,-0.35336324299340977,0.05294806716126513,0.3791854266110974,0.23113898429344404,0.6962124170245998,,0.3915147941253815,0.3131812350086462,-0.09267903959709616,-0.17453641355019164,0.3430531759755835,0.59128847946832,0.31963439026528223,0.20234283483014448,-0.1470487453083537,-0.09768027476511885,-0.4792165050323136,-0.4621823426754536,0.12446987385348517,0.15257114169369426,0.19047406545593637,0.27229000151407695,0.09693439265593,-0.03341647475077497,0.5006128027157759,0.2583397748009786,0.021372391205603677,0.07597000533911338,0.13155894142116042,0.023331128624819706,-0.19861820557977194,-0.1383898190279626,-0.506466702260756,-0.5210528412848935
#26,0.3268031460924862,0.5393237654296392,0.17092653539354047,0.41337487747930096,0.13110312457665613,0.11985114233120034,1.0,0.3783805751898573,0.33489947326060454,0.583651156675087,0.2693447234418953,0.22503008231797209,0.4214441106391795,0.41217158476041726,0.06966188271481963,-0.2023237096478576,0.3601765891831156,0.07039501470248388,-0.15358318258970907,-0.08549434611798644,0.24577453003848942,-0.40720859995696834,-0.06536668552622142,-0.12012686370916972,-0.14581835858123024,-0.24393691877375706,0.040393978755110006,0.005463427073289292,-0.13768378104853812,-0.19779263521105436,0.011119699734638095,0.039404250571763264,-0.09487365426451722,-0.33616970411749236,-0.2247113292798572,-0.17283745985703927,0.023755070165512517,-0.22364031907179116,-0.3520499804763764,-0.519564264596897,-0.1612412243304194,-0.13682474161081848,-0.20300584114942347,0.2030520603399501,-0.13325630134912222,-0.11397811760393341,0.15303333359896087,0.06997585445736279,-0.06289475571564042,-0.2416801472639036,-0.08919985018607209,-0.2215588617329009,-0.2265266278319215,-0.2882977790882069,-0.02871805496896142,-0.5416634127294025,-0.05528133940026616,-0.2899839826598347,-0.3007243662791161,-0.3663572105921635,-0.11096749515893824,-0.21353266023316786,0.029164309222322275,-0.07775024105698508,0.03522699200726757,-0.016442875471156835,0.24013578879423694,0.57996955908486,-0.012471212616245248,-0.2051382989744121,0.32831084796276966,0.2940496776609902,0.3826948975607424,-0.016887535959327113,0.10036098781566512,-0.1382224736829523,-0.14796994158850577,-0.2926136952242826,0.03539114982189674,-0.18779813370096185,0.2457203420220099,-0.15669261847651986,,0.3039023340691216,-0.016834941708038155,0.04937325183880659,-0.10631051327207962,0.11548741323940744,-0.20070444421423392,-0.30592800962634176,0.016509813609160963,-0.10215716118544255,-0.1888245184836918,-0.1774370661970372,-0.052771159225111365,-0.06711345217509104,-0.39190526659707225,-0.08577963008709927,-0.09236666161974356,0.02419813688849222,-0.06089458040146945,0.17698921817848576,0.09520037612858498,0.1923945525105786,-0.0945182446270191,-0.045994469634788704,-0.13923610834415764,-0.22443082660631608,-0.09904931906382233,-0.1907290678864283,-0.12665492592976277
#49,0.7163321087904119,0.4471706683454327,0.3076747762752114,0.4936209548247257,0.401722860171011,0.443775948489509,0.3783805751898573,1.0,0.546957900692491,0.5867908741005188,0.6259353409462184,0.3740280024543984,0.43918590474065455,0.10970045183243153,0.14580879599008678,-0.08844440548573979,0.4754074062268406,0.152736893273514,0.15572998430141288,-0.03247137199276431,0.07193140434619767,-0.2569563866155599,-0.2869032345464543,-0.31408808740208305,-0.3037158635418244,-0.26338563539433735,0.00891871000645475,-0.1666233693789894,0.06085633003689567,0.003126967303907115,0.09106296169385364,0.07287331957382719,-0.008164859071313023,-0.10552956832869813,-0.025286678513654584,0.25668066523759053,0.07280797520101363,0.0017722668919188135,-0.4367617878857908,-0.21501804939078326,-0.06174883854361737,0.11829243997481852,-0.05254962586362151,0.3693375514985377,-0.2649762130545307,-0.24405166986747842,-0.08169480990365689,-0.22380766441680147,-0.08635019802532493,-0.3917219836001562,-0.31646757883161075,-0.3111013714349465,-0.2132744702722948,-0.23477117516276327,-0.06817171226163249,-0.1499589605463427,-0.4176366055988971,-0.4813888069870666,-0.5761477101578625,-0.5104957406625282,-0.2867566081489214,-0.32931173250245044,0.09842775063949828,-0.24172796021962084,0.20085903943771963,0.31673533138362725,0.015526460486576512,0.1275824972706771,0.33969830024942427,0.002221708675660815,0.45927212743746465,0.21899130601088543,0.37458582027109943,0.10421471204647419,0.11649945413542223,-0.23916677955836765,-0.2336204766951685,-0.41295731099937044,-0.19920630493509392,-0.05951437974643196,0.4733641992525241,0.24329622516714614,,0.4522802795464144,0.12379571117787216,-0.07821402672744225,-0.39242483404919953,0.03255743531305533,0.08539553267617082,-0.03926718676537386,0.06806971128943573,-0.39236267720676715,-0.43226896381356134,-0.38460263449386,-0.36695009124305716,-0.018482894915092158,-0.18960227589669215,-0.022443401413669725,0.007175130887966276,0.06662257249639411,-0.03912693542860331,0.26232418777741473,0.06357848098239686,0.0849030592322833,0.05279825323335113,0.212337336340237,-0.04471626995194798,-0.38508713911179465,-0.34445250181290793,-0.4739777988508953,-0.48083736423112783
#50,0.30491596873032695,0.376759715991043,0.11938416913036203,0.1207787136721147,0.2223892133971902,-0.05489724198933771,0.33489947326060454,0.546957900692491,1.0,0.293125293850457,0.17879017284383492,0.4094542151104878,0.24321334937723627,0.15362143295428285,0.09291651061049176,-0.20826207874793806,0.2594570041995713,0.09779502585884021,-0.023501661500211175,-0.10009164149845803,0.20147901409685312,-0.19912342914518405,-0.12341161376694372,-0.2321032122337416,-0.1767119030353258,-0.3019802532492888,0.020768354198375954,-0.2263274071830997,-0.052132059383691004,-0.109496449888038,0.09351576632214775,-0.0027205571803106247,-0.20615830869637977,-0.2819274996214808,-0.19212520619337153,0.12144809505215597,-0.12079146379363928,-0.17227645450995704,-0.4357449656942043,-0.40237152260357484,-0.22044322609949876,-0.06191618388862769,-0.13203547721314218,0.07470455577779726,-0.02088788658766904,-0.022739841739116577,-0.027592856744415844,-0.23967359688897036,0.007756855182525959,-0.20667787614850705,-0.15481356931683254,-0.19313565332419574,-0.13608204703201077,-0.22315581445385652,0.03693072699599168,-0.24150961438851215,-0.268653029349186,-0.32933404521511844,-0.334406999816717,-0.31185681613527877,-0.1702125285881631,-0.2809027086039414,-0.09925650853859701,0.11213413127843874,0.0828805712054443,-0.017644574424849988,0.09865247153136929,0.21210145909203196,0.13758018631115077,-0.08000382503645738,0.46898134497844435,0.28753436556192175,0.31620620134035654,0.08218728334754441,0.02950059367753349,-0.14968961422913563,-0.015990246157033684,-0.2465315685040123,-0.033426037341918416,-0.10752496234729737,0.5025763214305636,-0.0603048872809569,,0.35558654543426116,0.14079640446573005,0.0363426276406697,-0.14067846584162755,-0.028898150435496338,-0.21311987504880905,-0.16136872554566536,-0.07979185426611098,-0.08341607630947732,-0.25116942520858404,0.026776848966841717,0.019490154515535225,-0.0278765469483381,-0.20142641984556414,-0.037018384081473274,-0.11532644295515941,-0.02941612412243304,-0.09978085728629602,0.11605001235168022,0.06421439329343608,0.1411390639817036,-0.041005984588290606,0.028582584927762594,-0.15361983918909228,-0.28913131828287736,-0.2750519965893425,-0.09850425136864585,-0.14611479890667708
#51,0.5869948760449123,0.7024902581102727,0.3989050833140753,0.683900580927412,0.2421550892906948,0.3696563045366526,0.583651156675087,0.5867908741005188,0.293125293850457,1.0,0.5570846847134012,0.15100925180693128,0.4932512013005124,0.17117994405884182,0.01718557004996454,0.061372709958641795,0.5503940584433695,0.16470128855915658,0.13257416984755635,0.06849524659531911,0.15450278510467053,-0.1705998135294727,-0.20920558774075815,-0.180097060300106,-0.34163950625154393,-0.19053303476798764,0.13421893552422923,0.13256779478679406,-0.10346564240690419,-0.09974738821729395,0.1993832128712477,0.22870211731705567,0.15399756153925842,0.07505040282415192,-0.03896915267473643,0.06793902254380862,0.26853509072508347,0.06105873821609862,-0.13743355991361791,-0.16139263202352397,-0.001493357983568281,0.05804333447553172,-0.0654686864984182,0.2557738128441537,-0.11892197722509543,-0.1577062531377252,-0.004892859135063631,-0.06540971718636693,-0.02302353194303883,-0.15925379913777304,-0.24927443839699098,-0.3044744957725378,-0.14859788507359212,-0.05080126544956132,0.18975049605941557,-0.06056307724182996,-0.21791073321167592,-0.26912000255002433,-0.3547769127174493,-0.32649873694108644,-0.47430770824534424,-0.4393086246603288,-0.03131270469921667,-0.24325797480257233,0.23910781024631642,0.2868506402951653,0.16989855684561994,0.2787606881878093,-0.029618532301636,-0.15964108407908262,0.14454334642877065,0.2144522627481293,0.172093171513041,0.07617241351831634,0.08717098709847078,-0.07519862298687534,-0.38526882834352016,-0.4768019507685933,-0.19452382280518613,-0.08278175776362869,0.3112065599375244,0.034869988604578885,,0.30150371745730703,-0.090653364039876,-0.4879774322849015,-0.5625863621512642,-0.025089051630023347,0.0019427997673102822,-0.1640064069360661,-0.06941484911028058,-0.5003896755890954,-0.34759540676872075,-0.6785789989560838,-0.45526380798316984,0.12439815441990931,-0.2965885456095753,-0.04950872188000542,0.04513383643187849,-0.1467507112177163,-0.06132649076811513,0.3567802755620014,0.21952681111491845,0.05293531703974053,-0.06635322617918701,0.018031859366159583,0.06305572599988844,-0.4865940440994828,-0.3438357146841556,-0.5656814541513598,-0.4018280486735889
#52,0.6581485229781097,0.41774657539704674,0.5146522802795465,0.5311015308114655,0.15824653953732998,0.38625377523129517,0.2693447234418953,0.6259353409462184,0.17879017284383492,0.5570846847134012,1.0,0.2321669628413646,0.2202918184063942,-0.03764314003617847,0.0392894994780419,-0.10500362581580856,0.4446780195873742,0.22711313342205292,0.05586625122520699,-0.02887743148801887,-0.023732757452844474,-0.0161703416235686,-0.13786706404545418,-0.18965646391317167,-0.0797344787192503,-0.10746599303524612,-0.08227334666783542,0.017145725920200177,0.16853588760767876,-0.003284750057773988,0.013684067926272423,0.08473252635689184,0.062357656846416816,0.10121046466224132,0.07591422355744327,0.16189944935412665,0.14893735705918448,0.2325096223573381,-0.08388942457107794,0.16534357593095808,-0.1201842392560304,0.16002199395962993,-0.13157009777749445,0.37252826941006784,-0.2924766314178932,-0.25109292447943643,-0.01104638653587167,-0.026080373578560672,-0.031056108503534175,-0.13622070460359076,-0.18909386480089888,-0.08982619990596785,-0.014970236435066021,0.02944799942624453,0.00033469069002063927,0.17673580951318443,-0.16913036202376303,-0.07051454709177697,-0.2940385213046562,-0.1547785064826399,-0.04136936305174159,-0.09687542334387875,0.06538581070850831,-0.4762329765955582,-0.13315908167249718,0.36403987600506815,0.10159934336874148,-0.015590211094199492,0.2264166580337719,0.11780315406131214,0.30423064969837993,0.16622811561172693,0.11138028034329703,0.1634693080668425,0.08518674943620556,0.022578871454868553,-0.1210400911633689,-0.17584648853684387,-0.11832112774824885,-0.0023189283522858577,0.1552661986309557,0.19816079497007705,,0.22152539266389884,0.016087465833658728,-0.1379340021834583,-0.23771804700013546,0.04060913705583756,-0.0023890540206711343,0.03279171879606978,0.019096494513463333,-0.3664050235478807,-0.25617862920255957,-0.4474177019499717,-0.5451951963917157,0.15580489126536987,-0.02518945883702954,0.09790340189179927,0.14228816868410776,0.09011148387508068,0.08978316824582235,0.3222959781335416,0.06759317549745396,0.11697758369259458,0.1650487293707018,0.20617105881790435,0.13356549179609367,-0.04195905617225414,-0.09160643562383954,-0.47282391285291936,-0.49593032058586806
#53,0.31129740455338717,0.17503685582003203,0.35324052307373555,0.25523990150531123,0.5869741570974348,0.3189681964156221,0.22503008231797209,0.3740280024543984,0.4094542151104878,0.15100925180693128,0.2321669628413646,1.0,0.33551785415454743,-0.008083577046593725,0.281439807473165,-0.20404497605367802,0.48283594578010824,0.42646287722429854,0.021281546589740935,-0.11357967630628979,0.06109698858067241,-0.15696037102853636,0.06705448286303979,0.1640382822398776,0.17101738000940322,-0.057128513256141975,-0.10259385284765996,-0.106885862505877,0.47465036776131775,0.3499159288861972,0.19017443760010838,0.07730717433400537,-0.024485014622795623,-0.17003562065200933,-0.021235327399214275,0.15578735984827355,0.04317350524747189,-0.0752512172381643,-0.2529385045701217,-0.18451338364318784,-0.1332260198105013,0.024319263042975877,0.014645108336188829,0.14089043661197395,-0.12623098438906996,-0.06339679175067138,-0.19358987640350947,-0.3810501318840695,-0.2539425766401836,-0.32758409103586766,-0.046026344938600194,0.09469834009355402,0.027645450995704802,0.007658041740710341,0.12458303118201595,-0.01622452964004813,-0.3374271848528556,-0.34234395046577787,-0.4682769007642104,-0.28940703966084674,-0.08209325120130051,-0.2471435743371929,0.2754823131907976,0.14909354604786076,0.02999625465180215,0.021555674202519744,0.10720302177880132,0.05998135294727028,0.3742192542772673,0.1802962809489278,0.42433838822526276,0.32571141693694267,0.25468845874937246,0.193205778992581,-0.1372295579692244,-0.21738160316840519,-0.19914574185785208,-0.31572329048761244,0.23142745579293802,0.35110647148355634,0.4970682689319383,0.3902238443210162,,0.535230976420244,0.4450286479293006,0.08461299396759875,-0.09781415104112712,0.11551928854321893,0.07111061527305182,0.08649044936209548,-0.09621082325940919,0.007434914614029915,-0.15368358979671526,-0.09173234307389493,-0.20226155280542518,0.1996573404840265,0.23013969351895386,0.1939054419112432,0.11820318912414635,0.22384910231175642,-0.0745021475985943,0.509893297420491,0.27254819147495,0.15461275490282017,0.04795161328881416,0.0395333455521998,-0.18680521798723393,-0.18918949071233335,-0.23038513335830232,-0.22501733219644748,-0.3302536477300799
#54,0.33460462670034824,0.42698563220680696,0.217794388352764,0.32857222545402387,0.47635091521966066,0.5443839699097132,0.4214441106391795,0.43918590474065455,0.24321334937723627,0.4932512013005124,0.2202918184063942,0.33551785415454743,1.0,0.06993441656240786,0.08611591454231048,0.12699280415016456,0.3941971009411184,0.20996262620628103,0.19619727625528932,0.10182565802580305,0.13934129684673557,-0.05421192295739069,-0.017638199364087687,0.00663484448836153,-0.09462024559921586,-0.1321725410195316,0.2606969535178382,0.14964498880379953,0.08299532229916566,0.17550382902087036,0.10145749826678035,0.05272494003458471,-0.08511184247224857,-0.12605248268772562,0.02179952027667764,0.1275952473922017,-0.03241399644590363,-0.19757428937994564,-0.23948553259648256,-0.2022296775016137,0.07331479253161631,0.0692761915387006,-0.03636494035333774,0.072772912366821,-0.08817665293372327,0.004633075408999992,0.06855899720294209,-0.16235845372901211,0.08742439576377212,-0.07210831228235144,0.070836487660273,0.0242555124353529,0.15930320585868085,0.19110200894102272,0.04435767278406872,-0.25863621512642543,-0.3690028608085171,-0.4336125078692156,-0.5768824359107173,-0.32115643602228083,-0.2213468909625545,-0.3317661308959351,0.05227071695527098,0.05687988588641236,0.2896668233869104,0.19674871901122806,0.11663651794181164,0.2113507956872714,0.07645291619185746,-0.08760927252587876,0.2580003028153862,0.2257488704189212,-0.12366980372781677,-0.19650806046745134,-0.35173441496864266,-0.42006231621895146,-0.5170110527615966,-0.4108806349560519,0.03850855453466041,0.1743658806748002,0.2689622197961574,0.2968897672305939,,0.29627457386703215,0.02144411063917953,-0.13466040848201835,-0.3364980197467507,0.13264907681151336,0.09500434301014432,-0.0002279084222521496,-0.06762026950569372,-0.35896532763827904,-0.31373745906015665,-0.4055686155758672,-0.3491174525257194,0.2393213747818534,0.03760010837603296,0.22766138864761054,0.15620492632820407,0.12828056642414873,0.07433798978396512,0.3285897568711202,0.005466614603670442,-0.052911410561881915,-0.11387930416211779,0.08649841818804835,-0.04729020073472575,-0.2880810270222888,-0.17789447680673207,-0.4097060300105985,-0.5152053168006757
#58,-0.004384448039270374,0.1240124632437903,-0.2604738263911578,-0.0452645251775056,-0.07281116273139478,-0.058580433344755316,0.41217158476041726,0.10970045183243153,0.15362143295428285,0.17117994405884182,-0.03764314003617847,-0.008083577046593725,0.06993441656240786,1.0,0.1773796906501765,-0.16266286288041182,-0.2461442835627027,-0.17182063766545275,0.11027101977065719,-0.12733705743132864,0.15603598721800316,-0.4384830542916112,-0.14730374773884564,-0.16268198806269873,-0.08924606937659875,-0.36228195299986454,-0.1021603487158237,-0.18071225366366772,0.10203762879614946,-0.22108870100168143,0.04761373506841237,-0.39915530444899555,-0.14260214042665095,-0.3791790515503351,-0.1693248013770131,-0.41341472160906534,-0.08760289746511646,-0.4189163990469284,-0.23697853995170892,-0.5208950585310266,0.01984078285746161,-0.0543856433631633,-0.1584680728988198,0.025621369203675224,0.07914478559873774,-0.20529448796308838,0.047419295715162284,0.07912566041645085,-0.02273346667835428,-0.1478615655555467,-0.24063941859445848,-0.2670146387332754,-0.3401716485110249,-0.17225254803209844,-0.058081584840105505,-0.5384280693925364,0.01898652471531369,-0.3097195770147184,-0.023727976157272748,-0.19406481843030066,-0.06136474113268892,-0.06665285403501502,-0.012330961279474695,-0.11249591597669915,-0.10950601247918144,0.06282303628206456,0.17509263760170213,0.37570464343488275,0.0437472607160787,-0.32380208623863443,0.12765740423463412,0.0352875550845094,0.3454900429519719,-0.002602618556208114,0.160516061168708,0.1199850186072086,0.015693805831586832,-0.03872371283538796,0.008698770410155472,-0.06517543370335248,0.013527878937596124,-0.2481747404154946,,0.3407995919961112,0.025240459323127924,0.12335105068970188,0.0697383834439672,0.0988261919371419,-0.056989855684561996,-0.10650176509494856,0.010753133740805967,0.04186343026081967,0.023128720445616747,0.008250922391604045,0.20647546796930408,-0.27240315884260774,-0.33495525504227464,-0.3125628541147033,-0.3348755667827459,-0.08957597877104766,-0.18343759213955008,-0.2123134298623784,-0.11082405629178653,-0.1231629863972141,-0.25542955956298957,-0.21623568599638215,-0.27559547051932837,-0.033250723170955225,-0.03158045725123317,0.1342444357672784,0.15063790451752743
#101,-0.030208225422148554,-0.09084620962793552,-0.21596793344436563,0.1745698826191937,0.14401421638549994,0.147942847580266,0.06966188271481963,0.14580879599008678,0.09291651061049176,0.01718557004996454,0.0392894994780419,0.281439807473165,0.08611591454231048,0.1773796906501765,1.0,0.10506259512785981,0.09083186574122035,-0.14127931531847412,0.28236419128369816,0.07449736630302257,0.7028759492863916,-0.09064220768354199,0.2782729960394935,-0.08398026918694068,0.3024838830495103,-0.044784801855142685,-0.5019451904150961,-0.44214074540397963,0.3541075313374081,0.20116982364988167,-0.19404569324801377,0.1277896867454518,-0.30100168142227607,-0.04267306297763151,0.07825387085720661,0.09396520810588976,0.34324442779845243,0.09354126656519694,-0.09290057295858602,-0.163126648550869,0.19321215405334333,0.056432037867860926,-0.023812445712373197,0.1842743188646017,-0.1326028576209867,-0.12545163321087904,-0.40809473340292773,-0.40798795113515923,-0.5410864697304146,-0.5806086589262804,-0.17787535162444518,-0.25871112209038244,-0.391996111212935,-0.462607877981337,0.1283012853716262,-0.19970196590936257,0.11265688626094718,-0.19093625736120298,-0.12492090940241775,-0.2787288128839978,-0.12459418753834997,-0.20957852879535258,0.43790611129262325,0.23583421654487643,-0.2356812150865813,-0.28622429057526955,0.06280709863015882,0.14638733275426533,0.5980699503542143,0.36926105076939014,0.0402011331670505,0.20354453378383763,0.2770059527129868,-0.2604738263911578,0.0680282733944808,-0.18205261018894087,-0.15533154300376925,-0.16582170548813044,0.2268150993314155,0.01614962267609113,0.049057686331072846,0.3066308600753851,,0.2584816199029397,0.08165177824351139,-0.021015387802914995,-0.056369881025428524,-0.10670417327415152,0.2411940488807784,0.08697176644964898,-0.04206105714445091,0.027916391078102464,-0.1737474997808573,0.04188574297348772,-0.09641482520380272,-0.07285260062634973,-0.05685119811298201,-0.06709273322761358,-0.25473786547028027,-0.07933922495198782,-0.46360398122544605,-0.00489604666544478,0.09272047749205109,-0.07875431312704699,-0.3043199005490521,-0.45230896731984477,-0.4844217421447298,-0.20128457474360303,-0.16422156523679365,-0.13483731641817212,-0.017982452645251775
#102,-0.06952960020400195,-0.04784801855142682,-0.11558941421160421,-0.07646088501781033,0.055697312115006094,0.14024496170979128,-0.2023237096478576,-0.08844440548573979,-0.20826207874793806,0.061372709958641795,-0.10500362581580856,-0.20404497605367802,0.12699280415016456,-0.16266286288041182,0.10506259512785981,1.0,-0.1350126305891353,-0.24672282032688125,0.2758138163504371,0.559958243352007,0.030136505988572704,0.5457498266780355,0.06897337615249145,0.08752799050115946,-0.028864681366494276,0.4593629720533274,-0.11865103714269777,0.08856075034465172,-0.11623967040935859,-0.02076994796356653,-0.14135262851724056,-0.273361011722143,-0.1499589605463427,-0.03005681772904398,0.3325167943006957,0.20138976324618094,-0.013700005578178166,0.09417877264142674,0.024029197778291326,0.2873271760871471,0.1886237040696794,0.21634406202934123,0.41981847014479357,0.05583278215620493,0.284885527815187,0.36902357975599454,-0.2401389763246181,-0.13351289754480472,-0.12871566432117557,0.08295707193459188,-0.13079712166006582,-0.18521304656185003,-0.09588410139534143,-0.013443409382495677,-0.1013108718692475,0.25527496433950386,-0.21889249256906979,0.27410370630095066,0.1992126799958562,0.39583867908741005,-0.42305859477723146,-0.34387555881391996,-0.006971128943572743,0.08525209380901912,0.14558726262859692,-0.054973742718485284,-0.27725617384790696,-0.15310186550215557,-0.13102821761269912,-0.05447489421383547,-0.2812501494154866,-0.29618691678155057,-0.38811051167831445,-0.4608897991058977,-0.2778873048633745,-0.4862211030448884,-0.42147917347337216,-0.25872865350747876,-0.12393436874945214,0.27435552120106144,0.027471730589932186,0.1793958036162532,,-0.1508833443568759,-0.1415996621217796,-0.48259847476671264,-0.332523169361458,-0.015113675302217725,0.31504275275123717,0.19533186175680736,0.2780737753906717,-0.2889639729378671,0.30588497796619624,-0.05733729649610723,0.04185705520005738,0.015108894006646001,0.20928049470471516,-0.09541553442931253,-0.19824845205555866,-0.150778155854298,-0.1990628660679422,-0.20961837292511695,-0.35918526723457833,-0.2935380790348158,-0.28098717815904184,-0.23497995840272853,-0.20379156738837667,-0.3216520969965495,-0.19625146427176884,-0.2580146467021014,-0.049864131517503525
#201,0.5108607128911697,0.48392289364008,0.6914183713313518,0.7449035373618405,0.4863215102518946,0.48018870179856404,0.3601765891831156,0.4754074062268406,0.2594570041995713,0.5503940584433695,0.4446780195873742,0.48283594578010824,0.3941971009411184,-0.2461442835627027,0.09083186574122035,-0.1350126305891353,1.0,0.4339758863326666,-0.09682920415335208,-0.09322251352708205,0.06424308106686642,-0.10999370462749723,-0.048708651754337036,0.007928981823108002,-0.18753356867932647,-0.12071336929930114,0.06640103913490425,0.08286303978834798,0.21566671182334707,0.20504745435854935,0.2072723505645913,0.3424300137860689,0.24282765820111724,0.1482058188367108,-0.028630397883479826,0.22353034927364152,0.23150873781765732,0.07971854106734455,-0.12009180087497709,-0.042373435121803506,0.04153033333598961,0.09798468391651859,0.025347241590896415,0.16980930599494776,-0.20245280462829413,-0.1025348835356087,-0.051955151447537234,-0.23879543226896383,-0.16093362764863853,-0.3917650152603017,0.012595526301110058,0.004733482616006184,0.04208974491788125,0.03346747523687335,0.14950792499741014,0.034962426985632206,-0.384216943317741,-0.39491907657244857,-0.6072643817386384,-0.386763780092279,-0.19262405469802135,-0.15321502283068636,-0.046931603566846496,-0.17891767405908088,0.3383212871247679,0.1446708476440166,-0.0030074349146140297,-0.022151742383794595,0.10873303636175283,0.04593550032273745,0.341661818964212,0.330811465546781,0.16053837388137607,0.19306074636023873,0.06553721840161289,-0.17470216513001138,-0.2717417462885193,-0.40722772513925526,-0.08270366326929053,0.06617472447784269,0.30489365601765894,0.32077393237654295,,0.29999760935221415,0.29690092358692793,-0.1767740598777582,-0.37990102718166535,0.23029428874243957,0.16615320864776992,0.024767111061527305,0.08898947318091625,-0.21703575612205053,-0.2778633983855159,-0.48694945373698095,-0.49170524906565516,0.2085091123524771,-0.031156515710540365,0.2998366390679661,0.2990158499948203,-0.008721083122823515,0.1122743826152093,0.6789407836543442,0.4033787822040179,0.3106057104606778,0.2502848855278152,0.2505622006709751,0.16295452191028695,-0.27491015148738135,-0.11990214281729873,-0.5534142434795082,-0.5366717401525233
