,#10,#11,#12,#13,#17,#18,#26,#49,#50,#51,#52,#53,#54,#58,#101,#102,#201,#202,#301,#302,#401,#402,#501,#502,#601,#602,#701,#702,#801,#802,#901,#902,#1001,#1002,#1101,#1102,#1201,#1202,#1301,#1302,#1401,#1402,#1501,#1502,#1601,#1602,#1701,#1702,#1801,#1802,#1901,#1902,#2001,#2002,#2101,#2102,#2201,#2202,#2301,#2302,#2401,#2402,#2501,#2502,#2601,#2602,#2701,#2702,#2801,#2802,#2901,#2902,#3001,#3002,#3101,#3102,#3201,#3202,#3301,#3302,#3401,#3402,#3455,#3501,#3502,#3601,#3602,#3701,#3702,#3801,#3802,#3901,#3902,#4001,#4002,#4101,#4102,#4201,#4202,#4301,#4302,#4401,#4402,#4501,#4502,#4601,#4602,#4701,#4702,#4801,#4802
#10,1.0,0.6207157599470869,0.4255353058833842,0.6301014431543801,0.08392289364008,0.34727187243503416,0.5202734901067025,0.6987337535560886,0.3181888452374312,0.748156412115803,0.7738750009961033,-0.031851397333630835,0.14348827387261034,-0.11866856855979409,0.15922829889472384,0.48647451171018974,0.5249990038967559,0.3437464638334834,0.2485859318346628,0.4224035572839054,0.292761915387006,0.5127843874761931,0.14366518180876411,0.013553379180645315,0.37615886651419644,0.4848169959119923,-0.05277594052068309,0.009213556566711027,0.1586194805919244,0.21045988094574025,-0.51233175816207,0.02986397214098447,-0.40750982157798693,-0.407404633075409,0.25749029795440237,0.24415845213524692,-0.12984086254572114,-0.09230769230769231,0.3241367769286551,-0.07636047781080413,0.2873590513909586,-0.0008255703687175768,0.004115101722063288,-0.10411111730908686,-0.1603614659452223,0.006773502059941509,-0.3057829769939995,-0.38332124728063816,-0.6465857565204919,-0.31510490959366955,-0.30587222784467166,-0.5212727808811928,-0.4634525735323415,0.09767230593916598,-0.09039676784419351,0.4261536867773271,-0.24082110782618396,-0.05240459323127924,-0.18291005586146994,-0.28879662759285674,-0.13122743826152092,-0.2325909043820574,-0.033483412888779096,0.07910175393859223,0.45293531703974055,0.4440150132680952,-0.2369610085346126,0.1557092653539354,0.24306194168413167,0.1467873678170995,0.1448461618149798,0.07976954155344293,0.05548215381427854,-0.24240779765869758,-0.19244077170110527,-0.23398544892381007,-0.21323303237733984,-0.3085481595996462,0.08890181609543465,0.14856919730016177,-0.3540804373291683,-0.19683318856632853,-0.18734869191721984,0.009683717297930496,-0.11541728757102217,-0.29309979360740784,-0.22305540724685033,-0.1633131190781662,0.17495079249974102,-0.3651124799783248,-0.4244674832056993,-0.26648232115962356,-0.2747109308385596,-0.19517567276813108,-0.3236937102056754,0.2304361338444007,0.21012519025571963,0.02585565268668967,-0.14212560463466917,-0.15900995306361515,-0.152736893273514,-0.05751898572783272,-0.29230131724693004,-0.024375044824645985,0.0004765357919817673,0.1214959080078732,-0.04503502299006287,-0.3832750280901115,0.17805704085617066,-0.4222696810078971,-0.4389723402051176
#11,0.6207157599470869,1.0,0.25219740375650457,0.5134649252125685,0.12206010088533656,0.07257847301357091,0.5792826462877224,0.48922216289874015,0.4385611487859494,0.6259225908246938,0.5707257209795281,-0.10579891464590521,-0.009975376327805624,-0.14346914869032346,0.01151654726709114,0.3829084620962794,0.2475993911816972,0.28834240451354304,0.08682195252173497,0.4290878084931747,0.15062356063081225,0.5246228753117803,0.22659356596992566,0.23060347918941101,0.28412530181928297,0.4985695957414594,0.02781598387109627,0.16316808644582392,0.11395261736088422,0.09512706292981855,-0.45295762975240855,0.02111579500992119,-0.4037405669022783,-0.19497645211930925,0.1692020814573389,0.1325901074994621,-0.1919467044920272,0.02331200344253281,0.22663022256930887,-0.0654240610730821,0.204782889336914,-0.014745515543195021,-0.2001243136848648,-0.093413765349951,-0.18078716062762473,0.024771892357099028,-0.30472312314226746,-0.2281889249256907,-0.549740614715234,-0.09643395038608962,-0.34161081847811364,-0.21886858609121118,-0.31387611663173665,0.2814748703073576,-0.035748153224585424,0.3227103570830909,-0.27712070380670817,0.007415789431743021,-0.10316760831626677,-0.24105061001362668,0.0672473284510993,-0.04960912908701161,0.033365474264676585,0.17453003848942936,0.3789750496059416,0.49588410139534145,-0.2926471642932847,0.1413749412299086,0.11665404935890795,0.18971383946003234,0.14017802357178716,0.09422977312752512,-0.19682043844480393,-0.1624828321537603,-0.3685342938424882,-0.33860657109388076,-0.3027532293667174,-0.1797209317151304,-0.14856600976978063,0.201187355066978,-0.2809680529767549,-0.15662886786889688,-0.26854943461179864,-0.11102805823618006,-0.13318139438516524,-0.14753165616109779,-0.0028034329702204975,-0.05637944361657197,0.14954617536198392,-0.4100710022392401,-0.26574759540676873,-0.09694236148188287,-0.005928806508937038,-0.04166420961199786,-0.05240140570089809,0.2610220816167154,0.27408776864904494,0.006636438253552104,-0.025517774466287883,-0.14175903864083705,-0.14567810724445968,-0.026128186534277904,-0.30801424826080376,0.016681940249743007,-0.006687438739650487,-0.03771804700013547,-0.07698842129589048,-0.3165504546215206,-0.1282391285291938,-0.07989704276868889,-0.17263027038226458
#12,0.4255353058833842,0.25219740375650457,1.0,0.567160468248213,-0.09866681541808445,0.37014718421534953,0.3155989768027477,0.1223326347329248,0.19299062069185347,0.46896221979615743,0.4099705950322339,0.003523814836360159,0.18255145869359068,-0.21896580576783622,-0.0458637808891616,0.05264206424467483,0.730628182549865,0.6168811608985648,-0.1129549203515846,-0.07607360007650073,0.02302990700380113,-0.02472248563619122,0.07169074580242094,-0.016128903728613662,0.3718971383946003,0.20157145247790642,0.1488353560869877,0.20113954211126076,0.012265616906661142,-0.02832120743650838,-0.27701551530413027,-0.010961916980771223,0.20979368709608012,0.06460167823474568,-0.09933938432850688,-0.057966833746384144,0.038014487325582325,-0.2399078803719848,0.4092836822350963,0.010520444022982094,0.04017244539362016,-0.1235869279379069,0.26042760720063113,-0.1200726756926902,-0.1093275107778371,-0.020720541242658718,0.05045860593358781,0.0631704770936098,-0.09056730071958498,-0.03851174206504156,0.08203268812405869,-0.04317031771709074,0.03804795639458439,0.2774075815410116,0.21577190032592497,0.40771222975718985,-0.29498840535823856,-0.36358405916056385,0.1392201706922519,0.05855812063208728,-0.07912406665126027,-0.24693479109722766,-0.2513463331447378,-0.28272278845157744,0.05618978555889361,0.22216768003570034,-0.19330937372996837,-0.20930121365219262,-0.08038314115181411,0.0313668927156962,0.22533927276494353,0.383404123070548,-0.1865964347472687,0.03884326070144333,-0.3213636254970555,-0.22008622269681008,-0.39329662360844375,-0.35317517870092197,0.0983767501533999,-0.16457378734391062,-0.3510283769892182,-0.03614659452222904,-0.1450900078891377,-0.07536278080150452,-0.3431950210775446,-0.3259584505414817,-0.1599247742830049,-0.2555793734909036,0.1478918470941676,-0.2905593318936321,-0.12946632772593614,-0.19365522077632302,-0.12589310616866817,-0.2202216927380089,-0.22419654312330164,0.4008941022719123,0.3312099068444246,0.5868307182302831,0.332609232681749,0.35028727617560107,0.3304672122656169,0.4151598944927444,0.08076723856274255,0.42708125811824144,0.38349974898198247,0.5300241455426372,0.38565770705002034,-0.277117516276327,0.24798508235781622,-0.403636972164891,-0.2716062762473205
#13,0.6301014431543801,0.5134649252125685,0.567160468248213,1.0,-0.1476304696029134,0.41637274980277156,0.43520946059017124,0.22929340420275882,0.07931850600451036,0.7184518164938759,0.3910143518555411,-0.13706380638940466,-0.02995322299165664,-0.19508323438707775,0.15977336658990032,0.4247575484703839,0.6198471579182239,0.27413558160476215,0.27393317342555923,0.3598673987361442,0.10790905975822582,0.4689685948569197,0.35869120002550026,0.12384033660320824,0.4923443489070755,0.5710651929651205,-0.0712556479053941,0.05382304425089052,0.1718365753173585,0.09016885942194136,-0.4680824614109603,-0.009196025149614708,-0.24963941062563252,-0.18431416299436604,0.036734693877551024,0.11985911115715321,-0.06392114049837037,0.059887320801026385,0.364486130258429,0.14307548868825157,0.14700571364820822,0.0880937771438134,0.12126003075966818,0.09216744097092175,-0.10867566081489215,-0.04064101235964905,-0.38577245814374167,-0.22301715688227652,-0.41166476742981456,-0.12701033556726088,-0.2845412745340229,-0.19585142920893464,-0.2888858784435289,0.23602068707217366,0.0032704061710588177,0.5182988150355808,-0.10556941245846249,0.15091203213030624,0.009516371952920176,-0.12387221190701973,-0.15103156451959932,-0.3926686801233574,0.0309047008104296,0.11445146586553404,0.27155686952641267,0.5338045565746798,-0.25295125469164625,0.022864155423981385,0.16197595008327423,0.02047510140331025,-0.04791973798500267,-0.032136681302743664,-0.12929101355497294,-0.15380955853086295,-0.26363107523368584,-0.19483938831291986,-0.25634756831276045,-0.357808254109922,0.051029173871813466,0.24157177123094453,-0.2490305923228331,-0.09246069376598745,-0.19289340101522842,-0.08516284295834695,-0.2002374710133956,-0.38120472710755526,-0.32826781630262414,-0.14603511064714836,0.1875319749141359,-0.368445042991816,-0.2711918972977711,-0.23997800604037006,-0.11090533831650583,-0.23379100957055998,-0.2819386559778148,0.3149949397955199,0.3112655292495757,0.11255010399317869,0.0902724541593287,0.11701583405716835,0.08610953948154819,-0.0003426595159735116,-0.37209476527823154,-0.008663707575962833,0.10680776801153886,0.13576648152427703,-0.012911091808843802,-0.4416881160898565,-0.013103937396903314,-0.3826072404752608,-0.3959980556064675
#17,0.08392289364008,0.12206010088533656,-0.09866681541808445,-0.1476304696029134,1.0,-0.09837356262301875,0.15966339679175068,0.3740232211588267,0.2585023388504172,-0.007312194694355681,0.1344388751205285,0.3114615623680163,0.27288288216497064,0.03748057598673987,0.16060849954976134,-0.005519208854959399,-0.09007960857126919,0.1823251440365291,0.12369849150124712,0.14577532692108472,0.21566830558853764,0.06749276829044777,-0.21033078596530372,-0.23044091513997242,-0.10655276558104694,-0.06561850042633219,0.12270398202232866,0.01499095538254349,0.3152515359912024,0.317447744423814,0.1547976316649268,0.24516730550088056,-0.1545490042951972,-0.07709201603327781,0.22988309732327136,0.2123628365832862,0.11090533831650583,-0.031094358868107963,-0.08381292384193037,-0.16792228800930759,0.1637004040194758,0.034790300345050165,0.044262046872634256,-0.12265298153623026,-0.18000462191905267,0.1456143566368367,0.08003251280988771,-0.2690514706468296,-0.2940082397660353,-0.37898142466670387,-0.22870211731705567,-0.4759237861485867,-0.3405461833308099,-0.22904955812860092,-0.13030942951175004,-0.04976053678011619,-0.20109969798149638,-0.2887121580377563,-0.3054642239558846,-0.31717521057622583,-0.2548127724342373,0.1271537744344126,-0.15660336762584767,-0.11241463395197986,0.40202726932241073,0.11988142386982126,0.06894946967463284,-0.025960841189267586,0.22429695033030783,0.09725473945923548,0.505571006223653,0.2481667715895417,0.40748910263050947,0.39779518435690125,0.034556016862035716,-0.06678513654583271,0.18792882244658896,0.022792435990405535,0.13584616978380576,-0.0921642534405406,0.06941484911028058,0.2493477515957574,0.06341910446333941,0.11937141900883742,0.32190709942704143,-0.222213899226227,0.026448533337583374,-0.2195427487668242,0.17386862593534094,0.37569667460892986,0.09668098399062866,0.007648479149566894,-0.18868745467730239,0.01847970738471101,0.041058578839579564,-0.16315693008948992,-0.14956689430946138,0.03335431790834256,-0.1786547028026361,-0.2684729338826511,-0.21322506355138698,0.09176421837770642,0.3270852425312179,0.14772609551434787,-0.08256341193251998,-0.10942473045446215,-0.029683876674449553,0.037606483436795256,-0.09567053685980445,-0.28518993696658673,-0.267016232498466
#18,0.34727187243503416,0.07257847301357091,0.37014718421534953,0.41637274980277156,-0.09837356262301875,1.0,0.3284574743603025,0.04437998549673677,-0.02305221971646917,0.48879025253209446,0.039412219397716136,-0.17874395365330825,0.2660360669062627,0.1450645076460885,0.1302042410091721,0.1907210990604754,0.3915323255424778,0.06590697192582617,0.23238052737690157,-0.060261855620811385,-0.1859653037318012,-0.04897640430635355,-0.09652957629752408,-0.15001155479763167,0.21323781367291156,0.1381985672050937,-0.2379347990660536,-0.22102495039405845,-0.004814764640725482,0.1371976826654129,-0.16245726717082773,0.1480990365689423,-0.004580481157711034,-0.08216497063487636,0.19464176142928863,0.038948433727258966,0.18531186000366567,0.25576425025301025,0.47842759126297923,0.2853030942951175,0.3039358031381237,0.28574456725290664,0.5429208934647658,0.3555403262437345,-0.05052076277602021,-0.06733179800619975,-0.021139701487779806,-0.045943469148690325,-0.08499868514371778,-0.14912542135167225,-0.0791973798500267,-0.17587358254508365,-0.09080317796779,-0.0172254141797289,-0.12369530397086598,0.3989640526261266,-0.18138960386966188,-0.09550319151479413,0.1689773605654679,0.1764935572042171,-0.20305684163552185,-0.4003044091513997,0.148242475436094,0.0072245376088740845,0.02713066483914925,0.20989250053789577,0.08051542366263179,0.30885735004661763,0.016766409804843452,-0.052304186024273044,-0.08382567396345496,0.02607399851779837,0.054109921985193925,0.03915643568617309,-0.14017324227621544,-0.09133390177625131,-0.25857405828399305,-0.40874020830511043,0.015204519918080469,0.09358270446015189,-0.06918534692283786,-0.10512315820510164,-0.09316513798022137,-0.06920606587031533,-0.2813394002661588,-0.19010909322729483,-0.07525599853373602,-0.15767915912948546,0.3881806373466997,-0.1683334794284758,0.011674330020958011,0.022840248946122767,-0.13912295101562686,-0.014284917403118998,0.14198216576751746,0.008604738263911577,0.020526101889408635,0.3022256930886372,0.14194391540294368,0.19997609352214138,0.17688402967590786,0.08239447282231908,0.018420738072659756,0.005229143590274845,0.10191331511128465,0.2179697025237272,0.1311780315406131,-0.32292392161862793,0.12364749101514874,-0.14391062164811258,-0.13554654192797774
#26,0.5202734901067025,0.5792826462877224,0.3155989768027477,0.43520946059017124,0.15966339679175068,0.3284574743603025,1.0,0.3627090820709385,0.47702029659970197,0.7770147184215349,0.4418634302608197,-0.03991106790236595,0.19720612962092296,0.2504283243949669,-0.1214210010439162,0.21841595677708803,0.3696993361967981,0.11379483460701735,0.06780514626780036,0.15916454828710086,-0.014396480966459211,0.16101331590816725,0.3454996055431153,0.01623727976157273,0.3468495246595319,0.2489477165329232,0.12225454023858665,0.00856967542971894,0.22963606371873233,0.25731179625305806,-0.43391054195985307,0.1987887384551634,-0.5144387157440095,-0.4466096629983505,0.10777199595183641,0.19891305214002822,-0.15603917474838433,-0.048934966411398606,0.25733570273091666,-0.07645450995704803,0.351763102742073,0.16834144825442868,0.03836830319788986,0.0248547681470089,0.16334818191235886,-0.056752384671166396,-0.2150531122249759,-0.24431145359354206,-0.42484520555586547,-0.17247567515877885,-0.25095426690785644,-0.03491620779510555,-0.13235263648606652,0.06677716771987983,0.11176437775422547,0.3402688681876499,0.009017523448270367,0.13477834710612085,-0.015585429798627768,-0.030189100239861662,-0.3361234849269657,-0.2260293730924623,0.28657332515200534,0.1817131382033485,0.20129413733474646,0.2950170931316689,0.14363330650495262,0.4037931611535672,0.065967535003068,0.23780729785080765,0.046937978627608797,0.19184310975463986,-0.08381611137231151,-0.14230894433335697,-0.15193682314784562,-0.015194957326937023,-0.17469100877367738,-0.08556128425599056,0.3358142944799943,0.23170477093609798,-0.10906772705177346,0.07903800333096925,-0.030624198136888492,-0.011083043135254883,0.006536031046545912,-0.516698674784244,-0.23685582003203468,0.045712373196057025,0.1547785064826399,-0.08505446692538789,0.13297579867558112,-0.0833921698316187,-0.018991306010885417,-0.22964084501430404,-0.18363840655356245,0.22888380654878115,0.04111436062124967,0.07453242913721521,-0.09983663906796611,-0.1918080469204472,-0.1100399238180239,0.08523615615711337,-0.11371195881710748,-0.13411215325646073,-0.211449609129087,-0.0027046195284048803,-0.2327454996055431,-0.4116265170652408,0.006128027157758847,-0.27538509351417256,-0.1978771047661548
#49,0.6987337535560886,0.48922216289874015,0.1223326347329248,0.22929340420275882,0.3740232211588267,0.04437998549673677,0.3627090820709385,1.0,0.32623895321502283,0.38212114209213555,0.655203244905928,0.3404649013060906,0.2701240746200862,-0.20907968029070276,0.2983958753356868,0.19810979448397867,0.29832734343249206,0.2060180573596092,0.10133318458191555,0.3447170668345433,0.46847452764784164,0.2998079512945358,-0.021292702946074955,-0.08914566216959255,-0.008270047573890939,0.14704237024759143,0.09773446278159839,-0.032149431424268266,0.18432531935070007,0.26697638836870163,-0.2521926224609328,-0.05127461371116193,-0.37716931364502065,-0.40517176804341415,0.14271370398999114,0.060528014407637325,-0.2409757030496697,-0.37292511694252084,-0.10631688833284192,-0.4142769485771661,0.14545657388296981,-0.18838942058666497,0.04075735721856099,-0.21260827642263466,-0.26939731769318426,0.0035971280351265846,-0.26398967240156507,-0.47060379794244916,-0.5465387404473699,-0.42897146363426275,-0.3707655651092924,-0.5577763788061105,-0.48079114504060116,-0.03929906206918535,-0.024928081345775326,0.07695813975726956,-0.19113866554040593,-0.17056953199085179,-0.41621177951852356,-0.4745292416068341,-0.17060140729466328,-0.11111093402608993,-0.2640566105395692,0.10612404274478242,0.4168062539346078,0.29974738821729396,-0.20010678226776848,0.20127501215245958,0.17974483819298903,-0.001369044298703472,0.36527026273219165,0.018788897831682458,0.3077082453442134,-0.02102416188835917,0.016283498952099386,-0.2315724884252803,0.02745101164245472,-0.10931157312593136,0.15658742997394193,-0.0956737243901856,-0.0249296751109659,0.0915777478504092,0.01077544645347401,0.3119444732207604,0.1742718485285563,-0.09138649602754026,-0.1411502203380376,-0.19110679023659444,0.04230012192303708,-0.12344189530556463,-0.11294217023006001,-0.3386001960331184,-0.28998238889464417,-0.13949270453984014,-0.26722023444285953,0.16245407964044659,-0.17421128545131445,-0.12367936631896023,-0.313841053797544,-0.364452661189427,-0.42514483341169346,-0.008308297938464725,-0.1462630190694005,-0.056840041756647995,-0.16350915219660686,-0.04142355106822112,-0.13222991656639227,-0.3307349648176334,0.07286853827825547,-0.362366422554965,-0.42797217285977257
#50,0.3181888452374312,0.4385611487859494,0.19299062069185347,0.07931850600451036,0.2585023388504172,-0.02305221971646917,0.47702029659970197,0.32623895321502283,1.0,0.3481213492816103,0.4543920184239256,0.027497230832981376,-0.09729936488457155,0.11557825785527018,0.10126624644391141,0.0569707305022751,0.12127596841157393,0.3806261903433767,0.0445712373196057,0.21500370550406808,0.22365306919331576,0.06828646335535385,-0.06859406003713472,-0.18950027492449537,0.2210966698276343,0.12111340436213533,0.2979751213253751,0.08642669875447251,0.18498035684402617,0.17937986596434746,-0.31581732263385637,0.05222927906031604,-0.2703456079815761,-0.13988317701153088,-0.07884834527329089,0.11320354772131422,-0.10505622006709751,-0.1620843261162333,-0.016586314338308535,-0.2678784594665668,0.36645283650359795,-0.003378782204017882,0.02017547354748225,0.0610412067990023,0.0020687072173656653,-0.011454390424658735,0.007149630644917085,-0.13885201093322921,-0.32561260349512705,-0.18702515758353322,-0.12071177553411055,-0.21839205029922942,-0.1315238785869678,0.004437042290559332,0.08798380734566376,0.12629951629226466,-0.07582178517638996,-0.16894389149646583,-0.10714564623194064,-0.1993879941668194,-0.12590107499462105,0.011468734311373905,0.030931794818669367,0.08644263640637825,0.19276589979998246,0.30910438365115667,0.07878778219604905,0.20728988198168763,0.18243511383467872,0.3443664384926169,0.30912988389420587,0.23883049510315646,0.10241216361593447,-0.04836441774355815,-0.23776267242547156,-0.14129047167480815,-0.18885958131788444,-0.2566790714724,0.056135597542414074,-0.01926383985847365,-0.3938066284694276,0.022169273800890916,-0.09664592115643603,0.00557658440182008,-0.13601510889400664,-0.3480560049087968,-0.025650056977105564,0.001217636605598897,0.0518260564671007,-0.14154706787049065,-0.05574193754034218,-0.11807409414370981,-0.2742726454111516,-0.05160452310561085,-0.0011204169289738544,0.05174318067719083,0.020347600188064294,0.17266373945126665,1.5937651905744725e-05,-0.307024520077457,-0.12054602395429082,0.07904278462654098,0.007833355911673534,0.18351090533831652,0.036262939381140974,0.04582074922901609,0.027615169457083887,-0.25014463419104466,-0.03530668026679629,-0.23148164380941755,-0.11841515989449275
#51,0.748156412115803,0.6259225908246938,0.46896221979615743,0.7184518164938759,-0.007312194694355681,0.48879025253209446,0.7770147184215349,0.38212114209213555,0.3481213492816103,1.0,0.5198240483229606,-0.14851660304887282,0.2337575405015579,0.01214449075217748,0.12129828112424197,0.4405342300918806,0.5913793240841827,0.21194686386854625,0.24212162022169273,0.31859206783064653,0.11466821793145215,0.3646646319597734,0.3468176493557204,0.05020838479866761,0.5250643482695695,0.46568862609471745,0.08413008311485469,-0.09027723545490043,0.17886507980779193,0.13899066850480918,-0.5743547243184661,0.06197037190510722,-0.4399764122751795,-0.39654631083202513,0.1544932225135271,0.13574895010718072,-0.05193124496967862,-0.003651316051606117,0.3839667221828208,0.02426666879168692,0.2894452900254206,0.11658392369052267,0.059909633513694424,0.059281690028608086,0.09303604299978484,-0.06939094263242196,-0.369557491094837,-0.37835029365123635,-0.5287268206775095,-0.26480249264875805,-0.3096781391197635,-0.17969224394170008,-0.2617376821872833,0.20567061654806398,0.12222585246515631,0.5485691973001617,-0.0457203420220099,0.13318776944592753,-0.05075982755460638,-0.09344085935819076,-0.2946935587979823,-0.3649499159288862,0.1822629871940967,0.1289754480472392,0.21656718915602163,0.4460375012949342,-0.07472846225565588,0.29757030496696923,0.11630979607774386,0.08941500848679965,-0.014331136593645658,0.09969957526157672,-0.10338436038218489,-0.14875971151245973,-0.2609471746527584,-0.105088095370909,-0.2763509152196607,-0.2328841571771231,0.22946871837372199,0.2308792005673804,-0.2671963279650009,-0.10795368518356191,-0.16642096119978644,-0.13504131836256564,-0.11479890667707926,-0.5169441146235925,-0.2953916279514539,-0.09481309118727538,0.18627290041358208,-0.3002239240092757,-0.18852170309748265,-0.21692259879351974,-0.16269633194941388,-0.2993505406848409,-0.29016885942194137,0.36664568209165743,0.15093115731259313,0.1379419710094112,-0.08337463841452239,-0.03428029548406633,-0.052307373554654195,0.08094733402927747,-0.24451067424236386,-0.055384934137653496,-0.039322968547043965,0.07890731458534214,-0.13286901640781262,-0.504383651156675,-0.035397524882659036,-0.4192431209109962,-0.3834614986174087
#52,0.7738750009961033,0.5707257209795281,0.4099705950322339,0.3910143518555411,0.1344388751205285,0.039412219397716136,0.4418634302608197,0.655203244905928,0.4543920184239256,0.5198240483229606,1.0,0.1824813330252054,0.13108081186398807,-0.12663261321709474,0.1544677222704779,0.20966777964602476,0.39675190654160924,0.49867319047884673,0.0756257520579493,0.28617010255879,0.4355314011586673,0.3177744662878818,0.058263274071830996,-0.04401501326809521,0.19942305700101204,0.2735028568241041,-0.0038855995346205644,-0.004162914677780523,0.26253615854776113,0.3050498450063352,-0.25551402911809,0.1672274063862171,-0.2924686625919403,-0.2472758568480106,0.18823004406760752,0.21733697774306912,-0.1131860163042179,-0.27566718995290423,0.1428045486058539,-0.23618325112161226,0.17360724844408673,-0.09037286136633489,-0.061256365099729856,-0.2828072580066779,-0.124080995146985,-0.04750057773988158,-0.24805202049582034,-0.33292639195467333,-0.6238809776155679,-0.3481070053948952,-0.30731458534214157,-0.4517830248069552,-0.3627728326785615,0.10912032130306241,-0.029250372542613298,0.22149511112527792,-0.22433998199045335,-0.22288328060626827,-0.17343193427312353,-0.27041413988477075,0.009476527823155815,0.011615360708906756,-0.20806763939468798,0.042049900788116885,0.39091075711815376,0.3418435081959375,-0.15045143399023023,0.09561634884332491,0.1934575938926918,0.15847285419439153,0.23232474559523145,0.20393181872514723,0.04530118177688881,-0.20292065556371316,-0.13766784339663238,-0.23041700866211381,-0.13264429551594165,-0.1284622556558742,0.040421072763349775,-0.03843842886627513,-0.38362246890165674,-0.07621544517846186,-0.10851309676545355,0.21248396273776984,-0.0414060196511248,-0.1959103985209859,-0.07541537505279347,-0.2476870482671788,0.057649674473459825,-0.2916956864745117,-0.2765836049374846,-0.30777040218664586,-0.24469236347408937,-0.08103339734956849,-0.29379945652607004,0.23861533680242888,0.20119054259735913,0.012350086461761589,-0.12638079831698396,-0.21825179896245886,-0.21833308098717816,0.0968531106312107,-0.07594769262644535,0.1126807927388058,0.05221174764321972,0.16383746782586522,0.06557068747061495,-0.19451426021404267,0.1779869151877854,-0.41994915889042067,-0.3476368446636757
#53,-0.031851397333630835,-0.10579891464590521,0.003523814836360159,-0.13706380638940466,0.3114615623680163,-0.17874395365330825,-0.03991106790236595,0.3404649013060906,0.027497230832981376,-0.14851660304887282,0.1824813330252054,1.0,0.461184645666154,-0.024222043366350837,0.1009427121102248,-0.2757532532731953,0.15384774761134443,0.22335822263305946,-0.01920646431161297,0.07513168484887121,0.127676529416921,-0.2107324147933285,-0.14188335232570184,-0.34921945349791617,-0.35083553140115864,-0.21260987018782523,0.05534030871231741,-0.11925826168030663,0.43807026910725244,0.41717122616324936,0.1818135454103547,0.0785853740168461,0.010176190741818008,-0.09498521782785742,-0.2316091450246635,0.005802899058881655,-0.042972690833459504,-0.26550215556742024,-0.4432802875152404,-0.4062682784945294,-0.25778514451465867,-0.06846655882188878,0.2853780012590745,-0.05255600092438381,-0.08110511678314435,-0.019308465283809736,-0.15075584314162993,-0.3068412370805409,-0.20401788204543825,-0.3662918662193499,-0.33683908549753366,-0.1720612962092295,-0.2470638860776642,-0.22441329518921976,-0.05322060100885337,-0.3003498314593311,-0.11197156722900015,-0.17174094940592402,-0.3101961128067002,-0.3030401071010208,-0.04900509207978389,0.044080357640908764,-0.2357258405119174,-0.07272509941110376,0.14226585597143973,-0.016508219843970388,0.19920471116990335,0.051956745212727806,-0.03973415996621218,-0.14535616667596363,0.19206623688132027,0.01759198017356103,0.20753850935141727,0.18906365859306246,0.19105738351568663,-0.17646646319597734,0.0944991194447322,0.057214576576432995,0.24190964945134633,-0.14518563380057217,0.33474328427192823,0.5813099156101331,0.34689733761524916,0.7415964745913984,0.513294392337177,0.15642964722007507,0.0521193092621664,-0.2740909561794261,-0.05419757907067552,0.46106192574647975,0.409715592601742,-0.25308513096765456,0.04891584122911172,0.00995625114551873,-0.18163663747420092,0.19543067519862298,-0.2525432508028592,0.02673859860226793,-0.08164062188717736,-0.04900509207978389,-0.16342308887631585,0.3452334467562894,0.3902397819729219,0.1430228944369626,-0.08234506610141128,-0.12924160683406513,-0.019791376136553802,-0.12249679254755397,0.0725354413534254,-0.23963534652439655,-0.24699694793966004
#54,0.14348827387261034,-0.009975376327805624,0.18255145869359068,-0.02995322299165664,0.27288288216497064,0.2660360669062627,0.19720612962092296,0.2701240746200862,-0.09729936488457155,0.2337575405015579,0.13108081186398807,0.461184645666154,1.0,0.01303859302408976,0.03480623799695591,-0.09637498107403836,0.3819490154515535,0.0830112599510714,-0.06765851987026751,-0.10539728581788045,-0.045042991816015746,-0.2658798779175864,-0.08553578401294137,-0.19977846663851015,-0.13197810166628152,-0.17575883145136226,0.11641020328475006,-0.23825036457378734,0.33339974021627394,0.2867438580273968,0.09040633043533697,-0.02966156396178151,-0.04550040242571062,-0.28535568854640647,-0.001078979034018918,0.03201714891345058,0.0009132274541991728,-0.19575739706269074,-0.09209253400696475,-0.248847309325917,-0.12235175991521169,-0.05929762768051383,0.15182207205412426,0.002263146570615751,0.0564463817545761,0.08149877678521623,-0.06788324076213852,-0.3814262604690451,-0.17656527663779295,-0.3244364047844831,-0.24503024169449114,-0.012458462494720653,-0.0641187673820016,-0.024426045310744368,0.1544852536875742,0.06182374550757437,0.040100725960044305,-0.09628573022336619,-0.1310298113778897,-0.1513646614444294,-0.2568735108256501,-0.18769613272876506,-0.10185275203404283,-0.17136322705575788,-0.04342532014758266,-0.13762321797129629,0.2652885910318833,0.2789073145853421,-0.14438078237933205,-0.06250587700914025,0.05489564822414714,0.05651172612738965,0.07222625090645395,0.19206551652557388,0.16160619655906094,0.004696826016622971,-0.028690960960721656,0.09668257775581923,0.2916526548143662,-0.05061320115707353,0.26487739961271506,0.3572185609894094,0.3478759094422619,0.3068173306026823,0.37072731474471865,-0.11743977559786117,-0.0763317900373738,-0.289968045007929,0.05161727322713545,0.29813131031405143,0.3463538636852633,-0.12865350747874316,0.005460239542908143,-0.1827363354556973,-0.10809234275514189,0.23037078947158715,-0.23696897736056546,0.1400823976603527,-0.16939014574982666,0.01746129142793392,-0.18802126082764226,0.43746941963040586,0.21833945604794044,-0.004892859135063631,-0.2317223023531943,-0.13435918686099976,-0.18055925220537258,-0.18526404704794844,-0.07353313836272501,-0.23272478065806565,-0.2361497820526102
#58,-0.11866856855979409,-0.14346914869032346,-0.21896580576783622,-0.19508323438707775,0.03748057598673987,0.1450645076460885,0.2504283243949669,-0.20907968029070276,0.11557825785527018,0.01214449075217748,-0.12663261321709474,-0.024222043366350837,0.01303859302408976,1.0,-0.22342675453625419,-0.015661930527775342,-0.17777813194782013,-0.2694674433615695,0.22885990007092255,-0.09775199419869471,-0.37168835515463505,-0.23464048641713617,0.125504227462168,-0.2837188916956865,-0.07060061041206799,-0.12918582505239504,-0.11921204248977998,-0.08298735347321279,0.07417223820414538,0.059974977886507984,-0.07026591972204735,0.24737785782020735,-0.15117819091713217,-0.1304608372048546,-0.08044051669867479,0.03660559889711449,0.19449513503175578,0.2840041756647993,0.003544533783837627,-0.036036624724079404,0.32500219142713704,0.3894428993776347,-0.023017156882276534,0.2906836455784969,0.3896484950872188,-0.3300815210894979,0.09497565523671397,0.13000980165592202,0.07743148801887018,0.12508666098223747,0.1115380630971639,0.06040529448796309,0.16103881615121643,-0.4329463140195555,-0.23173664623990947,-0.21104479277068108,0.05708866912637761,0.07261353584776355,0.1848719808110671,0.01637434356796213,-0.10851150300026297,0.0302241630740543,0.5219963502777136,0.10458605933587804,-0.07899337790563317,-0.12511375499047725,0.520699025412586,0.3702252787096877,0.26859087250675356,0.2679198973615217,0.007022129429671126,0.12382121142092135,0.037431169265832065,-0.014045858220983918,0.09826199905967854,0.26007060379794245,0.00282574568288854,-0.01207595884898278,0.27393157966036863,0.3428682992134769,-0.0012224179011706205,-0.07618675740503152,0.28540031397174254,-0.03876196319996175,0.025868402808214265,-0.11082724382216767,0.04198455641530333,0.18154898038871933,0.06190024623672195,0.15671174365880675,0.18250205197268288,0.1902605009203994,-0.06983400935540167,-0.06896381356134801,0.022344587971854107,-0.35083553140115864,-0.07173058993218528,-0.027390448565212888,-0.09689614229135621,-0.013072062093091825,-0.07346620022472089,-0.1266581134601439,0.13377268127086836,-0.19222880093075886,-0.08047557953286742,-0.10693367546159424,-0.09644032544685191,0.05131605160611687,-0.031829084620962796,0.19078006837252667,0.3366669588569516
#101,0.15922829889472384,0.01151654726709114,-0.0458637808891616,0.15977336658990032,0.16060849954976134,0.1302042410091721,-0.1214210010439162,0.2983958753356868,0.10126624644391141,0.12129828112424197,0.1544677222704779,0.1009427121102248,0.03480623799695591,-0.22342675453625419,1.0,-0.058903967678441936,0.08387029938879105,-0.06992326020607384,0.26657794707105803,-0.08585453705105626,0.5531305532755859,-0.07405748711042402,-0.2581628668648248,-0.26872953007833356,0.10339551673851892,-0.12891010367442565,-0.010958729450390075,-0.5015802181864546,0.15483906955988175,0.09897122456948418,0.02238443210161847,-0.003995569332770203,-0.20529926925866013,-0.07186446620819355,-0.09349664113986086,-0.14410027970579095,0.20534389468399622,-0.19291730749308705,-0.2471563244587175,-0.25246515630852107,0.05896931205125549,-0.02500139454454175,0.17486951047502172,-0.14014774203316627,-0.26912956514116776,-0.11852512969264238,-0.40981599980874817,-0.46108264469395727,-0.2978269011626517,-0.4292886229071871,-0.46220465538812167,-0.47191387292910136,-0.3933571866856856,-0.27173377746256644,0.14276629824128012,-0.1218831929491828,0.27828415239582754,-0.11773621592330802,-0.2190534628533178,-0.3175067137358653,-0.021702300600052595,-0.04619369028361051,-0.29525934544063626,0.16410362661269115,0.11219788188606172,-0.010445537059025093,-0.16830797918542661,0.027792077393237653,0.10648901497342396,-0.2853780012590745,0.09777908820693447,-0.40714325558415476,0.4204782889336914,0.13040431049906226,0.3552311357967631,0.09684832933563899,0.40378678609280494,-0.03946800117938624,0.0404194789981592,-0.31259791694889594,0.06250906453952139,-0.022676091131493596,0.06284056769916088,0.12096996549498362,-0.03695941476942202,0.03145295603598722,-0.09474455928408068,-0.1344882818414363,-0.07177043406194965,-0.004978922455354653,0.0028815274645586464,-0.24545737076556512,-0.3335272414315199,0.0035254086015507335,-0.011417733825275523,-0.059829945254165705,-0.3072986476902358,-0.23260046697320083,-0.2613408346548303,-0.20850114352652424,-0.3096207635729028,-0.13236219907720995,-0.07190431033795791,-0.14672042967909538,-0.1019228777024281,-0.17654137015993435,-0.08262397500976182,-0.03318059750256994,0.06307485118217533,-0.22896508857350045,-0.15566942122417105
#102,0.48647451171018974,0.3829084620962794,0.05264206424467483,0.4247575484703839,-0.005519208854959399,0.1907210990604754,0.21841595677708803,0.19810979448397867,0.0569707305022751,0.4405342300918806,0.20966777964602476,-0.2757532532731953,-0.09637498107403836,-0.015661930527775342,-0.058903967678441936,1.0,0.17705775008168045,0.13006080214202043,0.4087657085481596,0.49847875112559664,-0.146145080445298,0.6313716740112679,0.23090310704523903,0.3056538820135629,0.3994740574871104,0.6783941221939772,-0.17702746854305956,-0.1013044968084852,0.11315573476559698,0.08674226426220624,-0.3542955956298958,-0.005782180111404187,-0.2661986309557013,-0.19297946433551944,0.3275952473922017,0.1726541768601232,0.011636079656384225,0.36521607471571216,0.26020926136952244,0.2789312210632008,0.23874283801767485,0.2927077273705265,-0.15105547099745795,0.28713751802946874,-0.00764688538437632,-0.007428539553267617,-0.22465554749818709,-0.20695837882204815,-0.23627887703304673,-0.19457801082166565,-0.12625170333654742,-0.24821299078006837,-0.3056634446047064,0.16593486281666123,-0.14042983847189794,0.6102989106614922,-0.3607726573643905,0.1438149957366781,-0.06896700109172915,-0.044434173513216296,-0.30398042856345975,-0.32389452461968776,0.3508339376359681,0.21664368988516922,0.2945931515909761,0.36787447505359033,-0.08448071145678107,0.030088693032855468,0.23382288487437147,0.15462072372877303,0.03599996812469619,0.14365561921762066,-0.125654041390082,-0.03346589480587999,-0.27142777454597616,-0.20025818996087305,-0.37445831905585353,-0.25375769987807695,-0.03203627409573748,0.5573604060913706,-0.26601534795878523,-0.16939333328020784,-0.16196798125732137,-0.30292057471172773,-0.048788340013865755,-0.2174565101323622,-0.25487492927666966,-0.02514642717688403,0.14428196893751644,-0.2995258548558041,-0.3211787487349489,0.08708651754337034,0.00028209643873168164,-0.03443648447274263,-0.008775271139303046,0.1872068468152587,0.40444819864689335,0.024441982962650113,-0.044405485739785956,-0.04595462550502435,0.06426061248396274,-0.1555961080254046,-0.1988461140020241,-0.13923132704858593,0.01793782721991569,-0.01390081999219055,-0.09293563579277865,-0.3839762847739642,-0.2182183298934568,-0.204857796300871,-0.33341727163337026
#201,0.5249990038967559,0.2475993911816972,0.730628182549865,0.6198471579182239,-0.09007960857126919,0.3915323255424778,0.3696993361967981,0.29832734343249206,0.12127596841157393,0.5913793240841827,0.39675190654160924,0.15384774761134443,0.3819490154515535,-0.17777813194782013,0.08387029938879105,0.17705775008168045,1.0,0.39871223772601583,0.012358055287714461,0.005606865940440995,0.0643753635776841,-0.0060435576026584,0.10636310752336858,-0.13735705918447036,0.4247113292798572,0.20446254253360852,0.1373729968363761,-0.06300313174859948,0.19030034505016377,0.04831499175226514,-0.4060722453760887,-0.10110049486409167,-0.010488568719170605,-0.12381961765573078,-0.10417486791670984,-0.03634581517105085,0.1180868442652344,-0.22123213986883314,0.2814143072301158,-0.032606842033963135,0.08126608706739236,-0.06072245376088741,0.21937540342181386,0.06863549793208966,0.03756823307222147,-0.08116567986038617,-0.2255783375435297,-0.2782602459179689,-0.23046322785264048,-0.2887185330985186,-0.13128800133876276,-0.11982564208815115,-0.14359346237518827,0.1050004382854274,0.2080293890301142,0.42998987959103985,-0.10337957908661317,-0.09881344181561731,-0.012893560391747484,-0.06321032122337417,-0.31400521161217315,-0.4115930479962387,-0.10954426284375524,-0.12758568480105825,0.029830503071982404,0.1930575588298576,-0.1612603495127063,0.12398855676593168,-0.12349608332204416,-0.05339113388424484,0.10615751181378448,0.20531201938018473,-0.04648056801791392,0.09759584409624092,-0.051516866020129254,-0.003031341392472647,-0.2763301962721832,-0.265132402043207,0.36188191793703034,-0.013692036752225295,-0.07113930304648217,0.11515750384495853,0.13139478360653126,0.10015220457569986,-0.1532548669604507,-0.43796348683948394,-0.31711145996860285,-0.2167887225175115,0.05153758496760672,-0.2909768983735626,-0.029417717887623616,-0.27941253815075423,-0.18464407238881494,-0.45355369793368344,-0.4002757213779694,0.5325231693614579,0.08759014734359187,0.4523057797894636,0.13130234522547793,0.24646463036600819,0.12223541505629976,0.4081807967232188,0.03433926479611759,0.16886260947174653,0.1272031811553204,0.28028114017961736,0.05303891177712788,-0.450772577676131,0.1866012160428404,-0.5250340667309485,-0.45270900238267897
