,#10,#11,#12,#13,#17,#18,#26,#49,#50,#51,#52,#53,#54,#58,#101,#102,#201,#202,#301,#302,#401,#402,#501,#502,#601,#602,#701,#702,#801,#802,#901,#902,#1001,#1002,#1101,#1102,#1201,#1202,#1301,#1302,#1401,#1402,#1501,#1502,#1601,#1602,#1701,#1702,#1801,#1802,#1901,#1902,#2001,#2002,#2101,#2102,#2201,#2202,#2301,#2302,#2401,#2402,#2501,#2502,#2601,#2602,#2701,#2702,#2801,#2802,#2901,#2902,#3001,#3002,#3101,#3102,#3201,#3202,#3301,#3302,#3401,#3402,#3455,#3501,#3502,#3601,#3602,#3701,#3702,#3801,#3802,#3901,#3902,#4001,#4002,#4101,#4102,#4201,#4202,#4301,#4302,#4401,#4402,#4501,#4502,#4601,#4602,#4701,#4702,#4801,#4802
#10,1.0,0.1300544270812581,0.15875973192869494,0.3406513718333878,-0.10105108814318386,0.28648726183171436,0.35455059806038774,0.6020400194439354,0.3283267856146754,0.5985448923810055,0.570969567053686,0.20386169305676194,0.20688347185809114,0.10947094964498881,-0.03896915267473643,0.15064427957828974,0.14347711751627631,0.0011188231637832798,0.009344245312338134,0.02748766824183793,0.024478639562033326,-0.014968642669875448,-0.0847596203651316,-0.2551713696021165,0.13557204217102695,-0.15061399803966882,-0.1709504418713991,-0.1596315214879392,0.35336961805417205,-0.014586139024137574,-0.09441305612444119,0.06935587979822933,-0.21603327781717918,-0.1912024161480289,-0.036124281809560996,-0.29339942146323583,-0.0005530365211293421,-0.04064260612483963,0.11622054522707169,0.20679103347703784,0.10029245591247042,-0.08456358724669094,-0.28313876116631737,-0.13403087123174143,-0.10200097219676625,-0.1628461458773279,-0.44214233916917023,-0.36382153017395946,-0.09570241216361594,-0.22393357186685686,-0.43122026631816335,-0.3155894142116042,-0.1190733849182,-0.03530189897122457,0.2975894301492561,0.28539234514578965,-0.25744248499868516,-0.23161870761580697,0.10996661061925747,0.11837053446915666,-0.33441018734709815,-0.10678226776848967,-0.272098749691208,-0.08202471929810581,0.0015395771740949406,-0.05607344069998167,0.0492043127286057,-0.10118815194957327,0.09638613743037239,-0.010399317868498435,0.31241941524755157,0.34297667524643594,0.10604116695487253,0.1687510459084063,0.16656121253655698,0.20520364334722566,0.09375164357035277,-0.201123604459355,-0.10248866434508204,-0.15949605144674034,0.25921475189060394,-0.0031540613121468814,,0.15449481627871767,-0.2258859342253106,-0.19533983058276025,-0.30337479779104143,0.30050123915243565,0.24448039270374297,-0.057096637952330484,-0.10438205739148451,0.1048697495398003,0.006937659874570679,-0.22353991186478497,-0.13539513423487318,0.1268573341089657,-0.0024320856808166453,-0.13402768370136028,-0.06747045557777973,-0.3368311166715808,-0.3893424921706285,0.01587868259369347,-0.19465132402043206,-0.2589039676784419,-0.13958514292089347,-0.30513750209181684,-0.2971909888516125,-0.16718278096088104,-0.0665731657754863,-0.23217652543250802,-0.22329606579062708
#11,0.1300544270812581,1.0,-0.01590737036712381,0.06111611376295931,-0.02480695519129167,-0.12693224107292272,0.5915546382551459,0.08155615233207691,0.31753380774410506,0.2822701591374543,0.3590689223756664,-0.14584704635466056,-0.16356812150865813,-0.08790571285132562,0.13564694913498393,0.3527815186988501,-0.1788857987552694,-0.04104104742248325,0.009938719728422411,0.3852305779789464,0.2581931484034457,0.29397795822741435,0.09633673070946458,0.17219357872004717,0.14033102503008232,0.1861708994413853,0.08991226322625888,0.15433862729004136,-0.32048705464223953,-0.09343129676704731,-0.11078580592721274,-0.06272103530986779,-0.20959127891687718,0.07539784363569715,-0.3332563013491222,-0.2795336643052379,-0.07514124744001466,0.06230825012550901,-0.016659627537074964,0.010867884834527329,-0.10068133461897058,-0.04218537082931572,-0.3012726215046737,-0.06942441170142404,-0.2175680736957024,-0.01869008438986684,-0.047636047781080416,-0.14700252611782705,0.1089338507757652,0.21677756616117747,0.03314712843356788,-0.016895504785279986,0.12902804229852816,-0.0966841715210098,0.2451449927882125,0.11028058236180063,0.1514395684083864,0.33064571396696124,-0.08106527265337998,-0.08830893544454095,-0.2707137677405988,-0.23219246308441377,-0.1827427105164596,0.1330953310648742,0.14630126943397428,0.220577102375507,-0.2256675883942019,0.3104766154802413,0.18008590394377197,0.11525472352158357,-0.2117938624102511,-0.09711926941803664,0.035309867797177444,-0.07351241941524755,0.07653419821657675,-0.02897305739945334,-0.23945843858824278,-0.0031891241463395197,-0.1199850186072086,0.0064993744471627,0.14084581118663786,-0.08341607630947732,,-0.12160747157121342,-0.14670927332276135,-0.46275450437886984,-0.3231805178143104,-0.3323606053120194,-0.15822900812023363,-0.2075241654647021,-0.09717505119970675,-0.03171433352724143,-0.15731099937046275,-0.3071982404832296,-0.3320721338125254,-0.18825873184103786,0.14088565531640224,-0.16022599590402345,-0.03669325598259608,0.0568958235383181,-0.14004255353058834,-0.22862083529233637,-0.09778705703288734,-0.08332045039804285,-0.2050394855325965,-0.06047701392153894,-0.06650304010710102,-0.33885041716803865,-0.1303110232769406,-0.20003665659938322,0.06472280438922934
#12,0.15875973192869494,-0.01590737036712381,1.0,0.5300384894293524,0.25417686012319807,0.6085744567252906,0.019222401963518716,-0.3453752918582505,-0.026888412530181927,0.35576664090079607,0.16456103722238602,-0.10729705392504522,0.4053582385707114,-0.15935420634477923,-0.08912334945692452,-0.08144937006430843,0.7348102224099323,0.7779231645801624,-0.053697136800835134,-0.2513144578409263,-0.15868482496473796,-0.17692068627529106,0.4080532955079728,0.19535417446947542,0.4404625106583047,0.3364231127827937,0.47580425375929364,0.555613639442501,0.4666783542780642,0.28692554725912234,0.5020838479866762,0.2576831435424619,0.6212034520954027,0.29741889727386467,0.08319773047836862,-0.13108399939436924,0.25132402043206975,-0.0013913570113715146,0.438671118584099,0.3005060204480074,0.00389834965614516,-0.11245607184693479,-0.105912071974436,-0.23173186494433776,0.05820749229016089,-0.03348819418435082,0.15420315724884254,0.20934265154714757,0.19517089147255934,0.24502705416411,-0.2003442532811641,0.252720158739013,0.32943923371769634,0.5846504474495773,0.4882005594115819,0.43231199547370686,-0.35009761811792267,-0.15369793368343043,-0.11401796173369777,0.09835603120592243,-0.3542159073703671,-0.3064682960259465,0.06065710938807386,-0.07279681884467962,0.27496115197347976,-0.04842496155041478,-0.08289491509215947,0.11029652001370638,0.10057455235120209,0.02711313342205293,0.34625505024344766,0.3363800811226482,-0.1844910709305198,0.20415972714739938,-0.08867868896875424,0.09547131621098263,-0.18566089458040147,-0.1315031596394903,0.30783893408984053,0.23266262381563324,0.02535680418203986,0.07285578815673087,,-0.1903848146052642,-0.21814820422507153,-0.4048912653698731,-0.48413008311485467,0.0917403118998478,0.19418594458478433,-0.302005753492338,-0.005686554199969719,-0.2495405971838169,-0.10421471204647419,-0.5137167401126792,-0.41311509375323735,0.5826152093012137,0.22455354652599033,0.47483046322785266,0.6278016399843811,-0.05678744750535904,0.3683637609670967,0.5204934297030018,0.632112774824885,0.28045804811577113,0.659281690028608,0.28882212783590594,0.5143462773629561,-0.2750456215285802,-0.19667540581246165,-0.5854552988708174,-0.5630708667691989
#13,0.3406513718333878,0.06111611376295931,0.5300384894293524,1.0,0.009683717297930496,0.4833618882929978,0.018313955804891265,-0.06147471093083856,-0.17052650033070627,0.5399198336109141,0.08848743714588529,-0.1328514849907163,0.19415725681135398,-0.15998852489062787,0.11970451593366749,0.058344556096550294,0.6207444477205173,0.4310991401636797,0.17162619831220266,-0.07648319773047837,-0.09445449401939612,-0.00030122162101857533,-0.013006717720278272,0.07576919092510101,0.17789128927635092,0.08629122871327367,0.3621480767238563,0.20630971638948434,0.4187283347544406,0.19332371761668354,0.35776044115420474,0.1184805042673063,0.45693566766808247,0.12268166930966061,-0.21387531974914137,-0.08610157065559532,0.02756257520579493,-0.169182956275052,0.1863717138553977,0.20619018400019126,-0.21793304592434395,-0.12023205221174764,-0.40025978372606363,-0.31384583509311575,-0.11397014877798053,-0.28630397883479825,0.09388551984636104,0.14909832734343248,0.23251759118329096,0.23874443178286542,-0.018706022041772585,0.026195124672282032,0.381831076827451,0.493028074173832,0.37214417199913935,0.417067631425862,-0.35173441496864266,-0.30399636621536547,-0.08814477762991178,-0.03468670560766282,-0.2434348827387261,-0.11917060459482505,0.005662647722111102,0.040072038186613965,0.09371976826654128,-0.017612699121038498,0.07573572185609895,-0.05449561316131294,0.26947859971790356,0.05437608077201986,0.34784722166883153,0.2167520659181283,0.002559586896062603,0.1314665030401071,-0.09630166787527193,0.21185123795711178,-0.015469084939715832,0.10143996684968404,0.07733108081186399,0.09251647554765756,0.11751946385738989,0.07332116759237861,,-0.040913546207237285,-0.19152913801209667,-0.22250555825610213,-0.2835419837595327,0.04747826502721354,0.20404338228848742,-0.05186430683167449,-0.33434803050466577,-0.0019412060021197076,-0.3368725545665357,-0.1487349488799815,-0.4274637617639793,0.29223437910892586,0.1562654894054459,0.2915952792675055,0.3809194431384424,0.16618986524715312,0.3826614284917403,0.3677900054984899,0.3110774649570879,0.12093649642598156,0.42041135079568726,0.4146658272836663,0.421475985942991,-0.11849803568440262,-0.034181482042250716,-0.44247543609400025,-0.43889583947597
#17,-0.10105108814318386,-0.02480695519129167,0.25417686012319807,0.009683717297930496,1.0,0.5132497669118409,-0.04232084087051455,-0.3127110742774267,-0.06312903919865487,0.05328594538166692,0.023203627409573747,0.25019085338157127,0.3109579325677948,-0.03590115468288057,-0.1858218648646495,-0.08746264612834591,0.39134904254556174,0.3688769533584617,-0.20150929563547404,-0.046518818382487705,-0.10949485612284741,-0.06856696602889496,0.05161567946194487,0.4681095554192001,0.06396735968889704,0.36137031931085595,-0.03540230617823076,0.17084844089920231,0.29233478631593207,0.5366892715696197,0.030652885910318832,0.007513009108368064,0.2078795751022002,0.1959167735817482,0.24120361147192185,-0.03457832957470376,0.21889568009945096,0.1524436404784483,0.2812437743547243,0.2542039541314378,0.14813888069870665,0.16975830550884938,0.17833913729490233,0.07550781343384678,0.17941333503334952,0.25675397843635694,-0.034901863908390375,-0.14432978189323367,-0.05570209341057782,0.09335001474232801,-0.05121245686872953,0.198651674648774,0.12191347448780371,0.1617974483819299,0.021984397038784277,-0.07597638039987568,-0.08895600411191419,0.22681191180103435,-0.040511917379212524,0.22816979974340382,-0.004317509901266246,0.12042330403461658,0.28031142171823825,-0.0028432770999848593,-0.08351488975129294,0.021656081409525935,-0.010026376813904007,-0.12614492106877895,-0.0499342571858888,-0.06036863788857987,-0.02860011634485891,0.06577628318019905,-0.29521631378049074,0.025211771549697583,-0.072473284510993,0.03674585023388504,-0.09508881256524476,0.04393054371299476,0.2718549036170501,0.3074787431567707,-0.21649865725282694,0.47077911211341233,,-0.25800349034576736,0.1381220664759461,-0.16825538493413766,-0.026687598116169546,0.07425511399405525,0.3441034672361721,-0.2740032990939445,0.18163663747420092,-0.1998246858290368,0.09993864004016288,-0.3467459299221446,0.06126752145606388,0.15023786945469325,0.20202089426164843,0.3097084206583844,0.19737985002669556,0.006950409996095275,0.01967662504283244,0.4939126138546008,0.4304361338444007,0.4367107873996924,0.08351010845572122,0.05565109292447944,0.1244300297237208,0.022213899226227,-0.15157503844958523,-0.3213668130274367,-0.18376750153399898
#18,0.28648726183171436,-0.12693224107292272,0.6085744567252906,0.4833618882929978,0.5132497669118409,1.0,0.04204352572735459,-0.07883878268214745,0.06416020527695655,0.2775940520683088,0.17210751539975616,0.33045924343966404,0.5394464853493135,-0.023637131541410002,-0.25121883192949185,-0.22473842328809696,0.6922184414570202,0.5885519846361036,-0.02998191076508698,-0.3854983305309629,-0.3380870036417535,-0.2863661356772307,0.12658798779175864,0.09862856505351067,0.21044713082421568,0.1203659284877559,0.18652312154850226,0.2393628126768083,0.722582855867845,0.519758703950147,0.20703328578600516,0.2427543450023508,0.37854473300448643,0.09073783359497645,0.2062985600331503,-0.1148530946935588,0.204857796300871,-0.13568998079512945,0.41346253456478255,0.2438795432268964,0.09939516611017699,-0.0671532963048554,-0.06092645570528094,-0.31706045948250444,0.10960163839061592,-0.021010606507343273,0.11711464749898398,-0.026698754472503566,0.0039891942720079055,0.06033676258476839,-0.25479364725195036,0.06264294081552965,0.20449123030703886,0.34042186964594506,0.2963686060132761,0.18517638996246683,-0.489230131724693,-0.31078102463164103,0.09028201675047215,0.20762138514132714,-0.33239885567659316,-0.11684530118177688,0.06305731976507901,0.09247822518308378,0.15524547968347824,-0.04320538055128338,0.014319980237311637,-0.09804205946337927,-0.15185235359274518,-0.15096781391197636,0.3039039278343122,0.2373674186582091,-0.3181171258038553,0.23804158133382208,-0.14846560256277444,-0.00352062730597901,-0.03990628660679422,-0.11821912677605208,0.32483325231693616,0.20881192773868626,0.15445337838376272,0.4400290065264685,,0.1566894309461387,-0.09474455928408068,-0.2274398552861207,-0.3025540087178956,0.3210879041190861,0.36342308887631586,-0.20579811776330992,0.06065232809250213,-0.042344747348373166,0.04710373020742854,-0.38981265290184797,-0.18305349472862162,0.417816701065432,0.10016654846241503,0.42225214959080076,0.4921770035620652,-0.062093091824781455,0.12491612810684602,0.6740064866243256,0.5556502960418841,0.22369450708827068,0.33667652144809507,0.10468646654288424,0.18792722868139836,-0.13941620381069256,-0.1371976826654129,-0.555186510371427,-0.5321661659587693
#26,0.35455059806038774,0.5915546382551459,0.019222401963518716,0.018313955804891265,-0.04232084087051455,0.04204352572735459,1.0,0.22342516077106359,0.2779239614627577,0.44365163480464426,0.4966602650431512,0.10701973878188527,0.20609137055837565,0.3316609423933572,0.019404091195244205,0.26999976093522143,-0.15769031548581947,-0.11694570838878308,-0.09764361816573565,0.07906987863478074,0.23084573149837834,-0.005057016949692802,0.013123062579190208,-0.14474097331240188,0.046322785264047046,-0.12949501549936648,0.00704125461195802,0.07680832582935557,-0.0423176533401334,-0.009031867334985537,-0.24837077353393525,-0.0010391349042545562,-0.25669341535911516,-0.09036170501000088,-0.13717058865717313,-0.41512483165855174,0.13719608890022233,0.09863015881870124,0.1541872195969368,0.12526994397915356,-0.03480305046657476,0.05401429607375945,-0.3137916470766362,-0.1285626628628804,-0.04538405756679868,0.06147471093083856,-0.20790507534524938,-0.21845739467204298,0.09649770099371259,0.00670975145231853,-0.4080979209333089,-0.13416155997736853,-0.13053255663843047,-0.08125811824143948,0.2577134250810828,0.24219493342045917,-0.09417877264142674,0.06677079265911753,0.18136729115699385,0.22212624214074542,-0.36687518427910015,-0.1986086429886285,-0.21603646534756035,0.22393516563204743,0.12483325231693615,0.06632135087537554,-0.1205651491365777,0.2604228259050594,-0.036243814198854085,0.01189108208687614,-0.05126186358963734,-0.006548781168070508,-0.10756161894668058,0.004212321398688331,0.05082995322299166,0.052104965375451236,-0.19326474830463228,-0.06578106447577078,-0.12608276422634654,-0.14088884284678338,0.1714046649507128,-0.1412490337798532,,0.14558088756783463,-0.3132720796245089,-0.31901441560614874,-0.40446573006398967,-0.1703193108559316,-0.040158101506904985,-0.3505661850839516,-0.013604379666743698,-0.03457832957470376,0.06947859971790356,-0.2585358079194192,-0.04624787830009005,-0.05000438285427408,-0.03804795639458439,-0.27385029763564933,-0.1436524316872395,-0.20267593175497453,-0.41749635426212656,-0.18208607925794293,-0.183778657890333,-0.31109180884380305,-0.2995433862729004,-0.3542557515001315,-0.2974204910390552,-0.34456725290662926,-0.20720700619177776,-0.16075831347767533,0.11306010885416251
#49,0.6020400194439354,0.08155615233207691,-0.3453752918582505,-0.06147471093083856,-0.3127110742774267,-0.07883878268214745,0.22342516077106359,1.0,0.37310043111348407,0.15892548350851468,0.40142482608037355,0.2135964108407908,0.03159958243352007,0.2338404162914678,-0.0268963813561348,0.037547514124744004,-0.2799209492465475,-0.4476519854329862,0.2606539218576927,0.08065408123421176,0.04174549163671716,-0.02791479731291189,-0.19176342149511114,-0.362613456159504,-0.08786746248675183,-0.3181298759253799,-0.28357704659372535,-0.34284598650080883,-0.02596881001522046,-0.29121755691733936,-0.3522189195865773,-0.057852082652662784,-0.5689677979743244,-0.4711807409414371,-0.11242897783869503,-0.06564400066938138,-0.2140920718150595,-0.19165185793177092,-0.247787455474185,0.007755261417335384,0.1624206105714445,-0.1387771039692722,-0.12824709735514667,-0.13664623990947414,-0.19944218218329893,-0.1359625146427177,-0.41501167433002095,-0.41626596753500306,-0.19668656216879568,-0.47275697471491523,-0.32061933715305724,-0.4487293707018145,-0.30410952354389625,-0.39936727521934196,-0.08131708755349075,-0.05726717082772195,-0.21327765780267594,-0.23539752488265903,0.0007825387085720661,-0.1657117356899808,-0.2524380623002813,0.06666241662615847,-0.24369785399517088,-0.13166891121931007,0.06311628907713027,-0.11463634262764066,0.022188398983177808,-0.15293930145271697,0.013787662663659763,-0.10787399692403318,0.027376104678497718,-0.009165743610993793,0.25352341639506254,0.17559626740192366,0.23466758042537592,0.02162898740128617,0.17195929523703274,-0.21381794420228067,-0.37042928065408126,-0.3870936894867279,0.4178501701344341,0.017953764871821435,,0.36327486871359244,-0.13063296384543666,0.0028608085170811785,-0.012901529217700356,0.19620843261162332,0.1348803480783176,0.09464893337264621,-0.1369410864697304,0.20816167154093188,0.03198367984444852,0.011143606212496713,0.06187474599367275,-0.06966188271481963,-0.11896341512005036,-0.47508865318872573,-0.3293228888587844,-0.31187753508275623,-0.5486313541425941,-0.36275530126146516,-0.5417128194503104,-0.5972778490544988,-0.45360947971535354,-0.4853525010160253,-0.6405979806995036,-0.06548143661994278,0.07100861430085506,0.1113308736223892,0.001214449075217748
#50,0.3283267856146754,0.31753380774410506,-0.026888412530181927,-0.17052650033070627,-0.06312903919865487,0.06416020527695655,0.2779239614627577,0.37310043111348407,1.0,0.17225095426690787,0.43529233638008114,0.12676330196272184,0.09025014144666066,0.0755635952155169,-0.03593940504745436,0.10961120098175936,-0.11162093888707376,-0.13069990198344078,0.06905465817721075,0.07383117245336245,0.05899481229430468,-0.12237088509749859,0.12351998979990278,-0.21286965391388887,0.2563109117133773,-0.07025795089609448,-0.19671206241184486,-0.14528125971200662,-0.056173847906987866,-0.12571938576289554,-0.17360087338332444,-0.11878969471427775,-0.4604228259050594,-0.16990971320195394,-0.00634637298886755,-0.13113499988046762,-0.15357043246818447,-0.03670919363450183,0.04543346428770649,-0.01411757205810868,0.2276900764210409,-0.06372670114512029,-0.020079847636047782,-0.1253177569348708,-0.013669724039557253,0.07302632103212234,-0.22344587971854107,-0.3278582186486465,-0.2866769198893927,-0.21698634940114273,-0.25935340946218394,-0.15711177872164095,-0.13893648048832966,-0.32013961383069434,0.21091729155543515,-0.09983504530277554,-0.0424674672680474,0.039526970491437496,-0.05746639147654376,0.05717154491628748,-0.3461833308098718,-0.2413502378694547,-0.2640645793655221,-0.006988660360669063,0.21882555443106566,0.08818940305524788,-0.17157041653053257,-0.04659213158125414,0.03832367777255377,0.023597287411645643,0.09341695288033214,0.20333575054387237,-0.029922941453035725,0.07526874865526062,0.08735108256500569,-0.13420937293308577,-0.048409023898509033,-0.3136928336348206,-0.06434826956944434,-0.10482193658408306,0.21303699925889918,0.10933866713417112,,0.22192542772673302,-0.04559284080676394,-0.20440357322155728,-0.2622014678577405,0.09838790650973392,-0.033679446007219754,0.1097020455976221,0.1706874706149543,0.2091211181856577,0.16248754870944865,-0.250259385284766,-0.17455075743690682,0.12259879351975074,-0.008533018830335727,-0.11689948919825642,-0.03468351807728167,-0.2310051080174358,-0.4169624429232841,-0.21050610013626692,-0.23527321119779424,-0.22038903808301924,-0.20039684753245304,-0.43895480878802123,-0.28454446206440404,-0.327077273705265,-0.1050386886500012,-0.12013642630031318,-0.13748137286933515
#51,0.5985448923810055,0.2822701591374543,0.35576664090079607,0.5399198336109141,0.05328594538166692,0.2775940520683088,0.44365163480464426,0.15892548350851468,0.17225095426690787,1.0,0.6672122656169066,0.03474886245009523,0.21844464455051837,0.1695256157910255,0.24133270645235838,0.3123827586481684,0.27405429958004285,0.20200655037493326,0.0457888739252046,0.18153144897162302,0.130897528867072,0.08390854975336484,0.09641163767342158,-0.06745929922144571,0.28076086350198026,-0.00592243144817474,0.07694220210536382,0.024196543123301644,0.28414602076676043,0.06849684036050968,0.008630238506960769,0.04060594952545642,0.08548318976165241,0.03254149766114958,-0.21088063495605192,-0.3955326761708198,0.16305652288248373,0.05781701981847014,0.2436356971527385,0.2375044824645985,-0.036180063591231104,0.050479324881065275,-0.6240196351871479,-0.12049342970300185,-0.1666409007960857,-0.2502338850417168,-0.2576942998987959,-0.22503008231797209,0.08148762042888222,0.011414546294894374,-0.21860083353919468,-0.10360111244810302,0.1482361003753317,0.15168819577811601,0.46360557499063665,0.414307230115787,-0.21709631919929237,-0.147193777940696,0.0032624373451059455,0.13159081672497192,-0.22005753492337973,-0.19744838192989028,-0.06451561491445465,0.03134458000302815,-0.01673453450103196,-0.0500155392106081,0.17268605216393468,-0.12078668249806757,0.3393970786284057,0.09222800404816359,0.29098167966913435,0.22811561172692427,0.11586672935476416,0.14918439066372352,0.06969694554901226,0.22926949772490018,-0.035078771844544145,-0.031188391014351856,0.05385651331989258,0.035080365609734716,0.1804636262939381,-0.01710110049486409,,-0.02941134282686132,-0.29979360740782063,-0.20653284351616477,-0.4078859501629625,0.048909466168349416,0.19017443760010838,-0.24754201563483652,-0.24348110192925276,-0.15501278996565437,-0.3045302775542079,-0.25411470328076563,-0.3520133238769932,0.2580130529369108,0.11291029492624852,0.06890325048410617,0.04990238188207732,-0.10814493700643084,-0.043906637235136145,0.04794045693248014,0.14336555395293613,0.0036672537035118617,0.11083521264812055,-0.016871598307421368,0.07731833069033939,-0.18550629935691573,-0.20043509789702682,-0.35053112224975896,-0.3485707910653523
#52,0.570969567053686,0.3590689223756664,0.16456103722238602,0.08848743714588529,0.023203627409573747,0.17210751539975616,0.4966602650431512,0.40142482608037355,0.43529233638008114,0.6672122656169066,1.0,0.04457442484998685,0.24762807895512753,0.21420682290878085,0.15369793368343043,0.24295675318155377,0.01493039230530166,-0.04081792029580282,0.0667660113635458,0.21536549020232848,0.30570807003004247,0.1346269394130163,0.20034584704635466,-0.10032911251185363,0.3184805042673063,0.03849899194351696,-0.04909115540007491,0.04372335423822008,0.12623576568464168,-0.05028488552781519,-0.25756201738797824,-0.03997163097960777,-0.24320538055128338,-0.13182031891241464,-0.20533911338842448,-0.31244013419502903,0.1119811298201436,0.07727370526500331,0.27151383786626715,0.2661030050442668,0.1439042465873503,0.06895584473539514,-0.414584545258947,0.023850696076946985,-0.1156706962363235,-0.08261281865342779,-0.3361649228219206,-0.3362462048466399,-0.07323829180246874,-0.16329558766106989,-0.3058801966706245,-0.06301110057455235,0.013605973431934273,-0.16502004159727146,0.4406457936552208,0.18949389986373308,-0.04523583740407526,0.09427599231805178,-0.10613519910111643,0.004180446094876842,-0.36522244977647444,-0.24315916136075671,-0.2245232649873694,-0.0736972961773542,0.026191937141900885,-0.07857581142570265,-0.22487070579891463,-0.06574122034600642,0.1516085075185873,-0.12333670680298671,-0.03411295013905601,0.057738925324131996,-0.06040529448796309,-0.08117842998191077,0.12651308082780163,-0.0039557252030058415,-0.12834909832734342,-0.13747499780857286,0.0020814573388902614,-0.13566288678688967,0.2882085282375348,-0.018553020583477436,,0.12451290551363067,-0.3522252946473396,-0.31307604650606824,-0.43569237144291534,0.10179697025237272,0.11321311031245766,-0.299844607893919,-0.020526101889408635,-0.1476750950282495,-0.2668855437528389,-0.42614571795137424,-0.3660926455705281,0.25422148554853413,0.1426786411557985,-0.15869598132107196,-0.08108758536604802,-0.27780921036903633,-0.3700738710165831,-0.22486433073815235,-0.10634079481070054,-0.22935077974961948,-0.12873957079903417,-0.2723808461299397,-0.27406226840599573,-0.31654089203037716,-0.25143080269983825,-0.33732837141104,-0.284072707567994
#53,0.20386169305676194,-0.14584704635466056,-0.10729705392504522,-0.1328514849907163,0.25019085338157127,0.33045924343966404,0.10701973878188527,0.2135964108407908,0.12676330196272184,0.03474886245009523,0.04457442484998685,1.0,0.422835467650551,0.41324418873367386,-0.20936815179019674,-0.04709416761628509,0.07499302727729124,0.13362446110814494,-0.26191140259305595,-0.2540222648997123,-0.08464008797583852,-0.20597661946465426,-0.021860083353919466,-0.16353624620484664,-0.018954649411502204,-0.2016160779032425,-0.25650535106662736,-0.3711958817107476,0.35374734040433825,0.29255313214704076,-0.4090956179426085,-0.10850672170469125,-0.1487110424021229,-0.22064244674832056,0.2694515057096638,-0.1331160500123517,-0.0015204519918080469,-0.027656607352038825,0.17211548422570902,-0.17795344611878333,0.27722748607447667,0.18456916542485796,0.021603487158236977,-0.07949222641028297,0.1824558327821562,0.05770545625512993,-0.20967415470678705,-0.38079194192319643,-0.2907744901943597,-0.27707926591175325,-0.28416992724461904,-0.3648989154427878,-0.2128361848448868,-0.07185171608666895,-0.019354684474336397,-0.1173250245041398,-0.17366781152132857,-0.29489596697718523,0.24150802062332158,0.15623361410163442,-0.031014670608579237,0.014865047932488107,0.0457203420220099,0.20894899154507565,-0.28794077568551824,-0.16927858218648648,0.13726462080341703,0.007484321334937724,-0.21398050825171927,-0.24961231661739275,0.1753444525018129,0.11207834949676865,-0.003503095888882691,0.2698069153471619,-0.010254285236156157,-0.15772856585039327,0.19388950425933746,-0.21617193538875917,0.17711512562854115,0.06446620819354684,0.009070117699559324,0.05012869653913889,,0.21488576687996558,0.24687263425479525,0.12698164779383053,0.032031492800165755,0.13376949374048722,0.21520292615288988,-0.048756464710054265,0.18528317223023533,0.051433990230219384,0.3257719800141845,-0.008239766035270024,0.2554901226402314,0.025469961510570648,-0.16232498466001005,0.1470933707336898,-0.021362828614460233,-0.13509710014423576,-0.23937237526795177,0.4064404051351114,0.07332594888795034,0.22771876419447123,-0.2319151479412538,-0.2940480838957996,-0.17654615145550606,0.034155981799201526,0.03393604220290224,-0.03655141088063495,-0.15048012176366057
#54,0.20688347185809114,-0.16356812150865813,0.4053582385707114,0.19415725681135398,0.3109579325677948,0.5394464853493135,0.20609137055837565,0.03159958243352007,0.09025014144666066,0.21844464455051837,0.24762807895512753,0.422835467650551,1.0,0.2913084015332021,-0.2160396528779415,-0.1908231000326722,0.42047510140331024,0.3388950425933747,0.004236227876546948,-0.44720891871000645,-0.24663994453697136,-0.3434133669086534,0.28940066460008446,-0.04361338444007044,0.2478990190375252,-0.06282463004725514,0.06959813210719665,-0.03126489174349943,0.557017746575397,0.34905688944847757,-0.07881168867390767,-0.09120799432619592,0.15666711823347065,-0.05691335495541442,0.3430372383236778,-0.023319972268485683,0.16227717170429282,-0.049982070141606036,0.44783526842990223,0.16965630453665262,0.26208034170325684,0.06126911522125445,-0.07468383683031979,-0.1945126664488521,0.2817426228593741,-0.11056108503534175,-0.1420236036624724,-0.2770362342516077,-0.14246348285507096,-0.2534995099172039,-0.4652120903027357,-0.23856593008152108,-0.05261656400162564,0.034063543418148205,0.18725306600578537,0.17003880818239048,-0.4060945580887568,-0.26116870801424824,0.20853939389109802,0.27034242045119494,-0.2747188996645124,-0.12384830542916112,-0.024846799321056028,-0.055357840129413735,-0.00010996979814963862,-0.2452151184565978,-0.12007586322307134,-0.06921562846145878,-0.131785256078222,-0.19242483404919952,0.17030337320402586,0.2781598387109627,-0.327376901561093,0.15791822390807161,0.047368295229063904,0.010018407987951136,0.051051486584481505,-0.24842655531560534,0.1770131246563444,0.004813170875534907,0.25728948354039,0.19955374574663914,,0.20614077727928345,-0.17842520061519337,-0.12107674776275211,-0.31885822661747243,0.30496537545123475,0.46238156332427544,-0.33887432364589726,0.14517925873980986,-0.2258413087999745,0.2021228952338452,-0.27329885487971056,0.025882746694929435,0.32555044665269467,0.0364302847261513,0.22733785431392392,0.19907083489389507,-0.14743443648447274,-0.09697901808126609,0.4374646383348341,0.22010056658352525,0.08482655850313574,0.05632366183490187,-0.1648319773047837,-0.0014885766879965574,-0.1954545816764816,-0.09424889830981202,-0.22780004621919053,-0.2897305739945334
#58,0.10947094964498881,-0.08790571285132562,-0.15935420634477923,-0.15998852489062787,-0.03590115468288057,-0.023637131541410002,0.3316609423933572,0.2338404162914678,0.0755635952155169,0.1695256157910255,0.21420682290878085,0.41324418873367386,0.2913084015332021,1.0,-0.028190518690881274,0.006143964809664592,-0.20049247344388751,-0.22188558359696867,0.01970850034664393,-0.2159583708532222,0.09722445792061456,-0.2455896532763828,-0.11020886292822478,-0.396093681517902,-0.02404194789981592,-0.3853357664815243,-0.16285570846847133,-0.24545258946999338,0.04077807616603846,-0.05196949533425241,-0.32304823530349275,0.06721226561690666,-0.2652551219628812,-0.2000382503645738,0.18894086334260374,-0.14628533178206854,0.1754321095872945,0.01735610292535601,0.03111189028520428,0.024856361912199476,0.31256604164508445,0.11401477420331663,-0.03118679724916128,-0.1930193084652838,0.24476089537728407,0.002828933213269689,-0.34666624166261584,-0.2891855062993569,-0.12109587294503901,-0.39984540477651426,-0.4875550845093992,-0.353250085664879,-0.34232801281387215,-0.13500784929356358,-0.11217875670377483,-0.04197977511973161,0.029256747603375596,-0.09667620269505693,0.1436604005131924,0.17069065814533546,-0.016235685996382154,-0.06120855214401262,0.023876196319996174,0.28555650296041885,-0.0878690562519424,-0.10624038760369435,0.324444373610436,0.07913203547721315,-0.22480854895648225,-0.21098422969343927,-0.04898596689749699,-0.16364780976818685,-0.1181872514722406,-0.04641522364510037,0.04395126266047223,0.010713289611041605,0.12797775103793957,-0.11502362756895027,-0.2055128337941971,-0.2979320896652296,0.15712612260835612,-0.08395317517870092,,0.3424188574297349,0.04694754121875224,0.20091482121938975,0.04032385308672473,0.0956418490863741,-0.05443983137964284,0.015610930041676959,0.14200288471499495,0.1385651331989258,0.23049510315645197,0.09489118568161353,0.33641992525241254,0.05243009347432843,-0.19074978683390575,-0.3247535640574074,-0.36918773757062373,-0.32618157766816214,-0.33743834120918964,-0.08987560662687566,-0.1377841882555443,-0.3094773247057511,-0.42897783869502504,-0.4371793543657213,-0.4529624110479803,-0.048526962522611544,0.06435305086501605,0.16808644582393675,0.18573102024878674
#101,-0.03896915267473643,0.13564694913498393,-0.08912334945692452,0.11970451593366749,-0.1858218648646495,-0.25121883192949185,0.019404091195244205,-0.0268963813561348,-0.03593940504745436,0.24133270645235838,0.15369793368343043,-0.20936815179019674,-0.2160396528779415,-0.028190518690881274,1.0,0.6056514913657771,-0.14659452222904,0.04133270645235838,0.1663843046004032,0.31557985162046076,0.5454199172835866,0.3786180462032529,0.20086700826367251,0.18954330658464089,0.3385507893122106,0.30798077919180167,-0.021552486672138594,-0.04189689932982174,0.036070093793081466,0.12769884212958904,-0.040766919809704434,-0.15498410219222403,-0.03325550446652695,-0.04961550414777391,-0.35492513288017274,-0.2648072739443298,0.1903051263457355,0.19179848432930377,-0.0111069496131135,-0.15240379634868395,-0.10028448708651755,0.18616133685024186,-0.23282040656950012,0.2724302528508475,-0.3416809441464989,-0.07669676226601535,-0.10592163456557946,-0.12450812421805896,-0.16549020232849093,0.06469730414618015,0.2629696626795974,0.0674098925005379,0.22065200933946402,0.046177752631704774,0.2658862529783487,0.09578847548390695,0.11492640789232522,-0.026085154874132394,-0.33278932814828394,-0.2546263019069401,-0.061514555060602924,-0.32326658113460144,-0.03851174206504156,0.008030982795304767,-0.23867908741005187,-0.265443186255369,0.13350014742328012,-0.021358047318888507,0.591726764895728,0.1688769533584617,0.07831443393444844,-0.005989369586178868,0.3049032186088024,-0.23039469594944575,-0.2884603431376455,-0.2632326339360422,-0.3242977472129031,-0.03851971089099443,0.373302839292687,0.46039573189681965,0.03977559786116711,-0.07704739060794173,,-0.2863517917905155,-0.1448031301548343,-0.12481572089983983,-0.19162317015834057,-0.29729936488457154,-0.1665038369896963,-0.07828255863063695,-0.15712612260835612,-0.3377284064738742,-0.4103084732526357,-0.055821625799870905,-0.2030472790443784,-0.09834009355401668,0.2671373586529497,-0.0038361928137127556,-0.019949158890420673,-0.05784730135709106,0.1856465506936863,-0.27270119293324513,-0.05735004661763182,0.012356461522523886,0.0649060873861454,0.17285658503932616,0.19510714086493636,-0.3327925156786651,-0.3253990389595901,0.03601909330698308,-0.07274900588896238
#102,0.15064427957828974,0.3527815186988501,-0.08144937006430843,0.058344556096550294,-0.08746264612834591,-0.22473842328809696,0.26999976093522143,0.037547514124744004,0.10961120098175936,0.3123827586481684,0.24295675318155377,-0.04709416761628509,-0.1908231000326722,0.006143964809664592,0.6056514913657771,1.0,-0.19096972643020504,0.05707751277004359,0.015583836033437194,0.5722828295707193,0.37655412028145896,0.5049972507550463,0.05074388990270064,0.2835866091848688,0.1454645427089227,0.3018256580258031,-0.2488234028480584,-0.016635721059216346,-0.12779765557140466,0.029691845500402426,-0.1710317238961184,-0.40934424531233815,-0.1573317183179402,-0.20688665938847228,-0.3622962968865797,-0.23593940504745436,0.03451298520189021,0.362987990979289,-0.16912398696300074,-0.1738287818055766,-0.03085529408952179,0.15347321279155943,-0.2668265744407876,0.3944903537361841,-0.19596458653746543,0.061023675381905985,-0.22509542669078564,-0.18632549466487103,-0.23877949461705808,0.05472830287913682,-0.034665986660185354,0.0008510706117667684,-0.08320251177394035,-0.04856840041756648,0.21912677605208425,0.10962235733809338,0.037663858983655936,0.2786363745029445,-0.3346890962554487,-0.22057072731474472,-0.13999792810525225,-0.3443536883710923,-0.037808891615998215,0.18828582584927764,-0.11395421112607479,-0.01737204057726175,0.025243646853509074,0.16842910533991026,0.4622014678577405,0.318335471634964,0.06155758672074843,0.060959924774283004,0.23593621751707322,-0.14308186374901385,-0.11642135964108408,-0.13565810549131796,-0.3484369147893441,-0.0489668417152101,0.23004088007713824,0.3767198718612787,-0.07334348030504666,-0.1500657428141112,,-0.4008494768465762,0.10417008662113811,-0.3354509160165433,-0.2862099466885544,-0.2603734191841516,-0.118698850098415,-0.1561348006598188,0.052571938576289556,-0.17574130003426594,-0.26203252874753963,-0.206655563435839,-0.18260724047526078,-0.012568432292870291,0.3798866832949502,0.06900525145630294,-0.04560877845866968,-0.35425097020455976,-0.04005450676951765,-0.18660280980803098,-0.14614826797567915,0.06166915028408865,-0.10852425312178757,-0.09043183067838616,0.01059375722174852,-0.3293802644056451,-0.46289794324602157,-0.04317191148228131,0.01025587900134673
#201,0.14347711751627631,-0.1788857987552694,0.7348102224099323,0.6207444477205173,0.39134904254556174,0.6922184414570202,-0.15769031548581947,-0.2799209492465475,-0.11162093888707376,0.27405429958004285,0.01493039230530166,0.07499302727729124,0.42047510140331024,-0.20049247344388751,-0.14659452222904,-0.19096972643020504,1.0,0.7728581788045167,-0.05743770370311342,-0.3450406011682299,-0.21469451505709664,-0.21690347361123286,0.2903282359409988,0.23369060236355377,0.32686689670010916,0.29247185012232146,0.44420467132577357,0.3939373172150547,0.6122002725338476,0.4566360398122545,0.5203659284877559,0.315563913968555,0.6853445321900724,0.3729139605861868,0.06838368303197889,-0.00811385858521464,0.1357999505932791,-0.08504968562981616,0.42149511112527793,0.36019571436540254,-0.04723920024862737,-0.09878156651180582,-0.18864761054753804,-0.30306241981368887,0.07275538094972468,-0.05319669453099475,0.2874769900150611,0.19133310489365601,0.21849564503661675,0.19049637816860443,-0.03386591653451697,0.18356349958960547,0.45928965885456097,0.5553506681860562,0.38618843085848165,0.2914837157041653,-0.40671453274789027,-0.3243296225167146,0.01824383013650599,0.1601542764704476,-0.27241272143375117,-0.15395612364430347,0.08725226912319008,-0.08727139430547698,0.09251169425208584,-0.053964889352851646,-0.09171959295237032,-0.11174844010231973,-0.0390711536469332,-0.15487413239407438,0.3137263027038226,0.20472232625967215,-0.3005697710556304,0.15336961805417207,-0.27571659667381204,0.01081529058323837,-0.10990604754201563,-0.009629529281450964,0.36983002494242523,0.27026591972204733,-0.0041278518435878845,0.20750185275203403,,-0.14169688179840464,-0.2016304217899577,-0.20469204472105124,-0.2670305763851812,0.23475364374566696,0.39043103379579086,-0.17417622261712182,-0.008475643283475045,-0.12893560391747483,-0.14413056124441187,-0.37640430635354494,-0.3024201324418873,0.5616492282192065,0.31601176198710645,0.6366884746870244,0.7074404927921969,0.21944234155981798,0.44570918566567586,0.6837778610077377,0.6824008478830814,0.4145351385380392,0.6788499390384815,0.49290376048896717,0.531452159153392,-0.09541394066412195,-0.04055494903935803,-0.6212257648080708,-0.6328570631688833
