,#10,#11,#12,#13,#17,#18,#26,#49,#50,#51,#52,#53,#54,#58,#101,#102,#201,#202,#301,#302,#401,#402,#501,#502,#601,#602,#701,#702,#801,#802,#901,#902,#1001,#1002,#1101,#1102,#1201,#1202,#1301,#1302,#1401,#1402,#1501,#1502,#1601,#1602,#1701,#1702,#1801,#1802,#1901,#1902,#2001,#2002,#2101,#2102,#2201,#2202,#2301,#2302,#2401,#2402,#2501,#2502,#2601,#2602,#2701,#2702,#2801,#2802,#2901,#2902,#3001,#3002,#3101,#3102,#3201,#3202,#3301,#3302,#3401,#3402,#3455,#3501,#3502,#3601,#3602,#3701,#3702,#3801,#3802,#3901,#3902,#4001,#4002,#4101,#4102,#4201,#4202,#4301,#4302,#4401,#4402,#4501,#4502,#4601,#4602,#4701,#4702,#4801,#4802
#10,1.0,0.37602180270780705,0.4257727768967798,0.3923961462757692,0.05832861844464455,-0.026089936169704116,0.25725282694100676,0.39570799034178294,0.2778793360374216,0.47143096207635726,0.5992812118990509,-0.0684585899959359,-0.08433567882443879,-0.12938504570121684,-0.0637506076229789,-0.007431727083648766,0.08595175672768131,0.053904326275609815,-0.18351568663388823,-0.06275769190925101,-0.13326586394026568,0.055088493812206644,0.12681270868362965,0.28927953844560084,0.03912534166341273,0.14983305309628733,-0.22932687327176088,0.05786802030456853,-0.015298552064324364,0.07789367992413677,0.15000517973686936,0.11328164221565237,0.10071002239240093,0.12267688801408888,0.09770099371259633,0.17514841938337225,-0.1257225732932767,0.07014957486313542,-0.06390839037684579,0.01885742973487716,-0.012024958362884397,-0.08517399931468096,-0.12722868139836957,0.07003482376941406,-0.29512706292981855,-0.13577923164580163,-0.01595040202726932,0.044290734646064596,-0.04192239957287093,-0.030378758297540023,-0.22117954561754416,-0.001871080333734431,-0.12838734869191723,-0.10156268676935827,-0.1978149479237224,0.018132266573165776,-0.18621233733634024,0.06015666711823347,-0.008050107977591661,-0.13492975479922542,0.31229032026711506,0.305548693510985,-0.06622891249432221,0.06691104399588808,-0.12215094550119932,0.05449083186574122,-0.16214488919347514,-0.17130107021332547,0.020385850552638078,0.019139526173608843,0.1475746878212433,0.03454167297532055,-0.13469547131621099,0.25469642757532535,-0.04692044721051247,0.04219971471603089,0.03077560582999307,-0.16932320761182254,-0.1806022838655181,0.0502402601024791,-0.004618731522284821,0.1618277299205508,-0.13239407438102144,-0.1283570671532963,0.14279339224951987,-0.02328650319948362,0.07883240762138514,0.27924997410131563,0.20123516802269523,-0.15708149718302003,0.22624293762799927,-0.19804763764154626,-0.03575293452015715,-0.07150746280550486,-0.0793599438994653,0.1579453179163114,0.22474161081847813,0.08692235972874117,0.2393086246603288,0.07430133318458192,0.10611448015363896,0.07007466789917842,-0.014098446875821785,0.33672114687343113,0.34468678529592234,0.20364972228641554,0.22774585820271098,0.3083521264812055,0.20443704229055934,0.1496593326905147,0.00788913769334364
#11,0.37602180270780705,1.0,0.2175186669747946,0.11888053933014049,-0.053846950728749135,0.08637569826837412,0.2630907888340811,0.08731601973081306,0.45639378750328713,0.24240052913004326,0.46098223748695105,0.12587716851676242,0.053231757365187385,-0.267102295818757,-0.002208958554136219,0.23019069400505224,0.136118703631394,0.01296368606013276,0.21978181354541035,0.08092502131660942,-0.03332881766529337,0.2765836049374846,-0.04914853094693559,0.12883041541489693,0.20130210616069935,0.14733562304265713,-0.13149997210910916,0.12294145303572425,0.1625401429607376,0.13736821554080436,0.12863916359202798,-0.044810302098191875,-0.0324155902110942,0.052425312178756706,0.22586840280821427,0.12163934687502491,0.08697654774522069,0.07273944329781894,-0.02120504586059336,0.144508283594578,0.10935141725569572,-0.10569691367370845,0.2071607870012511,0.296110416052403,-0.086833108878069,-0.04968084852058746,0.02383953972061296,0.11571691542685016,-0.2351186159743085,-0.03988716142450733,-0.08432452246810478,0.06554996852313749,-0.14646861477898462,0.08510706117667684,-0.038075050402824155,0.17908820693447233,-0.26745611169106454,-0.016779159926368047,0.09330538931699192,-0.16439528564256628,-0.06040529448796309,-0.28181115476256885,-0.061662775223326347,-0.0041852273904485655,0.10958410697351958,0.0389834965614516,-0.25480958490385613,-0.32803193905441913,0.09673995330267991,0.1472304345400792,0.135893982739523,0.08014407637322793,-0.06710229581875703,0.04491867813115094,-0.20414378949549364,-0.3132688920941278,-0.12367617878857907,-0.2736144203874443,-0.212562057232108,0.05272015873901298,-0.08821968459386878,0.2439480751300911,-0.2417869295316721,-0.035228585772458146,0.08822924718501224,-0.16349799584027286,-0.2303054450987736,0.13398624580640534,0.27155846329160327,-0.013478472216688315,0.005788555172166485,-0.23796348683948393,-0.1690315485819474,0.04137255058212273,0.10201531608348142,0.05528930822621903,0.022786060929643234,0.028941182095641848,0.14914614029914972,-0.06696523201236762,0.04253121787567038,0.03409382495676912,-0.06016144841380519,0.011962801520451993,0.09033939229733283,0.04690769708898788,0.05487174174628852,-0.0992820087816462,-0.29016407812636963,0.09753205460239543,0.10199619090119452
#12,0.4257727768967798,0.2175186669747946,1.0,0.503589956091769,0.13420299787232348,0.12145447011291827,0.3353266023316785,0.1129294201085354,-0.10790109093227294,0.5907306616516189,0.23673150634716988,-0.016176716684330898,0.3352453203069592,-0.19963821530173959,-0.4717688402967591,-0.2471499493979552,0.5312800325128099,0.4634892301317247,-0.3782084485492752,-0.5453721043278694,-0.22797536039015373,-0.1971710667867303,0.2539122951015627,0.08688092183378623,-0.17176644964897322,-0.18263114695311938,0.2885177186845062,0.40635274804962984,0.10981201539577175,0.04259974977886508,0.6284263959390863,0.2287451489772012,0.7038130832184494,0.34135103475205,0.029267903959709615,-0.22539505454661365,-0.009707623775789114,-0.3152722549386799,0.1220457569986214,-0.24753564057407423,0.14502944481189586,-0.14833810134752848,0.06276247320482273,-0.10884459992509303,0.16565117261273896,-0.27768330291898097,0.3758305508849381,0.5859015531241782,0.08650638701400122,0.4944672441409207,0.3281068460183761,0.541886539856083,0.5620731697598993,0.24878993377905634,0.22113013889663635,-0.2914279339224952,-0.05738032815625274,-0.22709241447457545,0.08382726772864554,0.09232522372478863,-0.21724135183163465,0.13968714389309023,-0.45623122345384853,-0.23830455259026687,0.16201898174341975,0.2638000143438867,-0.26548940544589567,-0.34959080078732,-0.4525320944465252,-0.3489453258851373,0.3615456334818191,0.17539704675310186,-0.3610738789854091,0.16702499820701416,-0.37708165655953907,-0.04643434882738726,-0.5242802157958069,-0.08164380941755851,0.16193929348389102,-0.08425758433010065,0.21397572695614756,0.21456701384185067,-0.3209333088956004,-0.24238777900851868,-0.05223724788626891,-0.39587214815641214,-0.1598610236753819,0.48186693654423896,0.26169943182270955,0.15346524396560654,0.03425320147582657,-0.29932822797217284,-0.23070866769198894,-0.2603527002366741,-0.2683741204408355,0.4229820940480839,0.2533560710500522,0.613491222338213,0.7041127110742774,0.2625760026775255,0.7259743881933874,0.6078078556686244,0.5107842121620222,0.6189737745937891,0.7034337671030927,0.5576201898174342,0.7209731530253648,-0.08352763987281754,-0.04433536007140068,-0.5514921626596754,-0.27421686362948144
#13,0.3923961462757692,0.11888053933014049,0.503589956091769,1.0,-0.0077982930774808945,-0.2439974818509989,0.13890938648008988,-0.030667229797034002,-0.12604292009658216,0.6069265035182366,0.024014853891576152,-0.29846600100407206,-0.034755237510857524,-0.17575245639059997,-0.06281825498649284,-0.10591685327000773,0.2267099108288376,0.012490337798532142,-0.09019276589979998,-0.29193634501828847,-0.19244236546629584,-0.12584529321295093,0.1968586888093777,0.05950003585971679,-0.09516053199882062,-0.10061917777653819,0.31997704978125574,0.4470112918263752,-0.20072675692690195,-0.16145638263114695,0.38047797018065327,0.053212632182900496,0.3856608945804015,0.19996334340061678,0.05388360732813235,-0.10166628150674561,-0.030917450931954193,-0.15455697312115005,0.007548071942560702,-0.1659683318856633,0.08719648734151997,0.1057064762648519,-0.037979424491389684,0.2304042585405892,-0.047594609886125475,-0.23660719266230507,0.2992389771215007,0.5048713433049908,0.040459323127923566,0.3656671102646447,0.19223836352190232,0.3210879041190861,0.3378160635593558,-0.02868139836957821,0.08355792141143845,-0.19792332395668147,-0.05829674314083306,-0.17060140729466328,0.06410761102566759,-0.056173847906987866,-0.05432189275554033,0.016406218871773622,-0.174426443752042,-0.03370494625026895,0.2697176644964897,0.31639426563284434,-0.25675557220154754,-0.16837013602785902,-0.26555315605351865,-0.3603359657021731,-0.1988078636374503,-0.04325638103738176,-0.36684968403605095,-0.10313732677764585,-0.28350373339495893,-0.16350437090103515,-0.21626118623943136,0.013422690435018208,0.10366645682091657,-0.08963176055271777,0.15254245392026392,-0.0693702236849445,-0.15962833395755804,-0.4128409661404585,-0.30161846855102836,-0.22477189235709902,-0.1832686530293492,0.23580552877144612,0.1581700388081824,-0.0732159790898007,0.1060873861453992,-0.15989449274438397,-0.14712683980269187,-0.07143414960673844,0.09421383547561937,0.2545131445784093,-0.017711512562854116,0.29748105411629705,0.506788642829252,-0.028443927356182612,0.4590569691367371,0.13411534078684187,0.40776801153886,0.28480105826008656,0.4360286558981265,0.2871646120377085,0.458948593103778,-0.04293603423407629,0.010808915522476073,-0.18557164372972929,0.06563125054785679
#17,0.05832861844464455,-0.053846950728749135,0.13420299787232348,-0.0077982930774808945,1.0,0.4401517264461427,0.08016001402513367,0.3783901377810007,0.17044203077560582,0.23991106790236594,0.08155137103650519,0.5636972164890947,0.4601486982922806,0.1833626851755931,-0.14002342834830145,-0.33116846894946966,0.26252978348699885,0.3253161631696802,-0.0398074731649786,-0.18134179091394464,-0.19399309899672482,-0.3002637681390401,0.12124249934257186,-0.16969933619679814,-0.14890070045980125,-0.032087274581835856,-0.22761198192670273,-0.33564057407422165,0.42211667954960197,0.47351879447600986,0.0005610053470822144,0.08783558718294034,0.0017419853532978987,0.09162715457131701,-0.000812820247192981,0.2601726047701392,0.3075042433998199,0.2646813664942744,0.3914462622221868,0.09924057088669126,-0.1355927611185044,0.05411629704595622,0.10560925658822685,-0.35640095944664474,0.23592665492592976,0.2416992724461905,-0.16363027835109054,-0.17594211444827834,-0.2909466168349417,-0.2579317709121915,-0.16277283267856146,-0.2288439624190168,-0.18016718596849127,-0.36021483954768946,-0.17835826247718922,-0.18536923555052634,-0.12448421774020034,-0.07089864450270542,-0.17590864537927628,0.010926854146578584,0.10281697997434038,0.1974977886507981,0.33519750735124193,0.09856959574145942,-0.29366079895449004,-0.15974149128608883,0.35444700332300044,-0.17098391094040116,0.11020248786746249,0.02272709161759198,0.13454246985791582,0.16917339368390855,0.08223828383364279,0.06645841468176493,0.047714142275418564,0.04639291093243232,-0.05370988692235973,-0.20487532771796732,0.014361418132266573,0.29772490019045494,0.18814079321693536,0.4371299476448135,-0.2203220999450151,0.30692251910526025,0.5172150547059902,0.09852337655093275,0.12655133119237544,0.33296782984962825,0.0730167584409789,0.43854202360366246,0.28705464223955884,-0.026287563053335353,0.008276422634653237,-0.07241112766856059,-0.4122879296193292,0.1477866585915897,0.3056315693008949,0.08003570034026887,-0.08856871917060459,0.16177672943445243,-0.08974332411605798,0.2827371323382926,-0.033830853700324334,0.21940727872562535,0.09082389691526747,0.1584011347608157,-0.04516571173568998,0.11187912884794683,0.2036401596952721,-0.18672393596251463,-0.4353704308744193
#18,-0.026089936169704116,0.08637569826837412,0.12145447011291827,-0.2439974818509989,0.4401517264461427,1.0,0.20167185968491264,0.5856704571715449,0.43588840456135597,0.16341033875479125,0.28085648941341473,0.7478488154340222,0.4721194686386855,0.10120568336666959,-0.19868992501334778,-0.37751197316099416,0.4725418164141877,0.6796245089211006,-0.1943995091203213,-0.33514331933476244,-0.28503693550829157,-0.46768720764369787,-0.01915546382551459,-0.1607232506434827,-0.19741969415645994,-0.18312202663181634,-0.36941564599287585,-0.40573436715568695,0.7580521001840799,0.7680912271195085,-0.06331072843038035,0.051896182135485976,-0.006365498171154444,0.15800588099355323,0.33491381714731966,0.4274701368247416,0.3421590737036712,0.3521121373188088,0.2518499629449593,0.00763254149766115,0.08365832861844465,0.06176158866514196,0.1955103634581517,-0.3017109069320817,0.23121867255297276,-0.1266772386424308,-0.13851094518244628,-0.17119747547593814,-0.20714006805377363,-0.3266103005044267,-0.15861469929635266,-0.10017929858393963,-0.2392894994780419,-0.28172031014670607,-0.269360661093801,-0.37349727864593707,-0.31679270693048794,-0.4398903489548885,0.14095737474997808,0.26121970850034665,-0.05543593462375188,0.1194415446772227,0.16110894181960173,-0.18553976842591782,-0.3123094454494019,-0.14460550327120306,0.17663221477579708,-0.22108870100168143,0.1808652551219629,0.08919985018607209,0.5198798301046307,0.5400489285913507,0.04492983448748496,0.07945716357609034,-0.08355951517662903,-0.009910031954992071,-0.14004892859135062,-0.1463570512156444,-0.06633091346651898,0.25624237981018255,-0.11267601144323407,0.6250826765692611,-0.06312266413789257,0.7923244268421933,0.6804931109499638,0.37041812429774723,0.39224951987823636,0.3031054514738344,0.1448206615719306,0.19839189092271037,0.12257169951151096,0.2585278390934664,-0.08530628182549865,0.49655029524500155,-0.030248069551912917,-0.042918502816979974,0.2662990381627075,0.20078413247376264,-0.004491230307038864,0.2858895998852489,0.012531775693487079,0.4857605049048124,-0.15192407302632102,0.2690116265170652,0.17692546757086278,0.2092151503319016,-0.10482193658408306,0.04551634007761637,0.1181808764114783,0.05550606029213716,-0.26685048091864627
#26,0.25725282694100676,0.2630907888340811,0.3353266023316785,0.13890938648008988,0.08016001402513367,0.20167185968491264,1.0,0.23838742838017674,0.2911968379698619,0.41437416825379114,0.4277123891337089,0.11182812836184845,0.24192877463363321,0.25761142410888604,-0.18225342460295324,-0.04142036353783997,0.29366558025006173,0.2872140187586163,-0.04730295085625035,-0.22601184167536598,-0.43954450190853384,0.002666369163831093,0.26436580098654067,0.2433854760178183,0.13004486449011468,0.16123006797408537,-0.30727633497756773,0.02903840177226689,0.37602180270780705,0.25428045486058537,0.22660631609145024,0.01078979034018918,0.056522882483723676,0.18221676800357003,0.11408649363689248,0.14263560949565302,0.1800349034576736,0.1879320099769701,0.17890492393755628,0.19340181211102167,0.07577875351624445,0.15254723521583566,0.09343289053223788,0.25280462829411343,-0.09552072293189044,-0.2038218489269976,-0.09203037716453234,0.12000892508506722,-0.32058108678848346,0.022336619145901234,-0.05399995218704428,0.10867725458008272,-0.06193530907091458,0.029868753436556192,-0.08103499111475906,0.016745690857365984,-0.3051151893791488,0.002302990700380113,-0.001486982922805983,-0.11289116974396163,0.0010231972523488115,0.12513288017276414,-0.00364175346046267,-0.003911099777669756,-0.06110176987624413,-0.15777319127572934,0.14403652909816797,0.07741873789734559,0.11338364318784913,-0.14524141558224227,0.4652057152419734,0.27365107698682756,0.07612938185817084,0.1464622397182223,-0.276421040888046,-0.07627760202089426,-0.012495119094103866,-0.16902836105156627,0.15105547099745795,0.3186940688028433,-0.06657475954067688,0.06315294567651349,-0.12575604236227877,-0.024955175354015095,0.2713369299301134,-0.14426762505080126,-0.07650072914757469,-0.03838264708460502,-0.030695917570464342,-0.029940472870132042,0.0998382328331567,-0.17876945389635746,0.08102702228880619,-0.05220856011283857,-0.21162651706524077,0.18450700858242555,0.3623265784252006,0.1729219294121397,0.17346380957693502,0.1688769533584617,0.13807425352022887,0.21809401620859198,0.06917897186207556,0.2472312314226745,0.28928910103674427,0.07571181537824033,0.18465841627553012,0.17381762544924256,0.17812557275936536,-0.12443162348891137,-0.3363306744017404
#49,0.39570799034178294,0.08731601973081306,0.1129294201085354,-0.030667229797034002,0.3783901377810007,0.5856704571715449,0.23838742838017674,1.0,0.4788865956378647,0.24052466750073712,0.5903130951716884,0.512642542374232,0.34872857381921923,0.06775733331208313,-0.048823402848058396,-0.3753157647283826,0.17521854505175752,0.368231478456279,-0.22102973168963017,-0.18011140418682114,-0.15691893313358143,-0.4781534636502004,0.03195817960139932,-0.10067814708858944,-0.2789296272980102,-0.2030855294089522,-0.3993274310895776,-0.5606595000358597,0.488181434229295,0.4052881129023261,-0.18708253313039389,-0.04744479595821147,-0.09939357234498641,-0.0866211381077226,0.08518993696658671,0.33748934169528805,-0.025476336571332945,0.2146833587007626,0.034066730948529356,-0.03674585023388504,0.005822024241168549,-0.07816302624134386,-0.07765939644112232,-0.19025093832925596,-0.05429161121691941,-0.03561108941819602,-0.20905099251727244,-0.36301667875271937,-0.14390584035254086,-0.4835419837595327,-0.46884746870243604,-0.32866625760026774,-0.40715759947086994,-0.41413988477077673,-0.4076707918622349,-0.31587151065033586,-0.21748519790579254,-0.30141446660663485,-0.13851253894763685,0.06271147271872435,0.11907179115300942,0.3509646263815952,0.1852401405700898,-0.1717919498920224,-0.31210225597462726,-0.13371849325438884,0.1333774275036059,-0.16342308887631585,0.17741315971917856,0.07633019627218322,0.3049685629816159,0.4004669732008383,0.1757827379292209,0.18624421264015173,0.20597980699503543,0.10956179426085155,0.11072524284997091,-0.22535042912127756,-0.25893903051263456,0.19657499860545546,0.08760289746511646,0.5055646311628907,0.10199300337081338,0.5162635768872172,0.6496139103825833,0.5508610316442079,0.49923897712150067,0.33747181027819173,0.1440221852114528,0.05267075201810517,0.314140681653372,0.26890006295372504,0.014925611009729936,0.3105738351568663,-0.10375411390639817,0.011478296902517351,0.2362804707982373,-0.00463945046976229,-0.10045501996190902,0.1381778482576162,-0.23108798380734566,0.20097379053144102,-0.31849006685844977,0.2002932527950657,0.06190502753229367,0.018757022527870967,-0.19763007116161577,0.23421335734606222,0.2220959606021245,0.27441289674792213,-0.30246316410203283
#50,0.2778793360374216,0.45639378750328713,-0.10790109093227294,-0.12604292009658216,0.17044203077560582,0.43588840456135597,0.2911968379698619,0.4788865956378647,1.0,0.1749013857788332,0.6088708970507375,0.43184820980324967,0.133743993497438,0.07334029277466551,0.26788005323175734,0.0989074739618612,0.07106758361290631,0.1147845627903641,0.20031556550773374,0.05691813625098614,0.013478472216688315,0.0284136458175617,-0.015814931986070493,0.010268629122871327,0.09165743610993793,0.058312680792738804,-0.44533465084589086,-0.32466909450230697,0.5275713409143431,0.4921212217803951,-0.21495748631354142,-0.07994963701997784,-0.324167058467276,-0.0900732335105069,0.3754512347695814,0.4306369482584131,0.17033684227302792,0.3687701710906932,-0.060754329064698895,0.09582035078771844,0.10909960235558495,0.09043661197395787,0.2874993027277291,0.19480751300910837,-0.11524994222601184,-0.10957613814756671,-0.3293452015714525,-0.1936137828813681,-0.39093785112639357,-0.4638637649515097,-0.5007594291133087,-0.3373347464718023,-0.5434324920909402,-0.28797743228490147,-0.2783208089952107,-0.08412530181928296,-0.2798157607439696,-0.13619042306496984,-0.019427997673102822,-0.20754010311660784,0.12747571500290863,-0.15895257751675446,0.27229637657483924,0.05053829419311653,-0.2205149455330746,-0.3172054921148467,0.0942122417104288,0.022489620604196382,0.40808995210735605,0.11288479468319933,0.24349066452039622,0.29324642000494067,0.09559562989584744,0.017335383977878538,-0.05011116512204257,-0.2161942481014272,0.09556853588760768,-0.38798460422825903,-0.16782825586306369,0.27846902915793414,-0.1514826000685319,0.3635633402130864,0.060437169791774575,0.36994636980133716,0.42902724541593285,0.23673788140793217,0.05702969981432635,0.15005139892739602,0.2503422610746759,0.04627019101275809,0.14144028560272215,0.08728095689662042,-0.24138370693845676,0.38284789901903754,0.08900700459801257,-0.07671429368311167,0.10347679876323822,-0.2004797233223629,-0.22393516563204743,-0.17813991664608053,-0.38191714014774203,-0.07909378511263936,-0.3195993274310896,-0.02665731657754863,-0.039440907171146476,-0.15347480655675,-0.2796149463299572,0.1487540740622684,-0.02502848855278152,0.404033819697344,0.023391691702061537
#51,0.47143096207635726,0.24240052913004326,0.5907306616516189,0.6069265035182366,0.23991106790236594,0.16341033875479125,0.41437416825379114,0.24052466750073712,0.1749013857788332,1.0,0.33839460032353436,0.00042712907107395867,0.13164978603702315,0.14591557825785528,-0.1069990198344078,-0.17807775980364812,0.5217509104383651,0.3307620588258732,-0.058172429455968254,-0.21221780395094392,-0.35525026097904994,-0.19596936783303717,0.3551084158770888,0.1417176007458821,-0.04696507263584856,0.08140315087378176,0.018285268031460924,0.08373801687797337,0.13336308361689073,0.17300799273243073,0.2762919459076094,0.018382487708085968,0.2690769708898788,0.4732669795758991,0.27571022161304976,0.055843938512538945,0.3084780339312609,0.1806389404649013,0.21071169584585103,-0.003308656535632605,0.19616380718628723,0.1681517901967503,0.1587756695806007,0.16902357975599455,-0.03474089362414236,-0.3999155304448996,0.13494887998151234,0.3066882356222458,-0.13383165058291963,0.042483404919953144,-0.015104112711074277,0.08259688100152204,0.05774689415008487,-0.1888882690913148,-0.007503446517224618,-0.14990477252986317,-0.3521440126226203,-0.35693646455067773,0.12154053343320928,-0.029218497238801808,0.16648789933779057,0.16868251400521161,0.057821801114041865,-0.1351321629784284,0.08563778498513815,0.3323669803727817,0.005673804078445123,-0.10333654742646765,0.049980476376415464,-0.1714492903760489,0.22594171600698068,0.23654025452430094,-0.3745268509590482,0.04940193961223693,-0.3687877025077895,-0.14586935906732862,-0.1973352246013595,-0.1322841045828718,-0.11434468359776555,0.11252779128051064,-0.05815649180406251,0.04365322856983481,-0.18135454103546925,-0.12793153184741293,0.06512921451282583,-0.1334395843460383,-0.035634995896054636,0.21308321844942585,0.12044242921690347,0.03751563882093251,0.21658312680792738,-0.08430699105100846,-0.13238769932025915,0.03785511080652487,-0.16683055885376408,0.30114512028942775,0.37584330100646274,0.4365051916901083,0.4353433368661795,0.21711225685119812,0.361265130808278,0.3239232123931181,0.20544111436062126,0.43522061694650527,0.6261106551171816,0.41788363920343613,0.43724469873853483,0.1514889751292942,0.0369546334738503,-0.10859437879017285,-0.0024671485150092837
#52,0.5992812118990509,0.46098223748695105,0.23673150634716988,0.024014853891576152,0.08155137103650519,0.28085648941341473,0.4277123891337089,0.5903130951716884,0.6088708970507375,0.33839460032353436,1.0,0.23245702810604912,0.22907187084126895,-0.04517527432683343,-0.10549769302488664,0.002142020416132091,0.10313573301245528,0.15616348843324912,-0.1221079138410538,-0.06696363824717705,-0.1052506594203476,0.0600674162675613,-0.014112790762536956,0.18748575572360923,0.00602921371594323,0.0661109738702197,-0.2941867414673796,-0.13745906015666712,0.3557379531273657,0.2908653348102224,-0.022472089187100065,0.052831722302353196,-0.018400019125182288,-0.05815011674330021,0.059761413350971,0.20348237694140522,-0.17916789519400106,0.0022711153965686236,-0.06469411661579899,0.11538381850202009,0.07452127278088119,-0.1308034967208281,0.05276956545992079,-0.008097920933308895,-0.22990700380112997,-0.014861860402106958,-0.10928129158731044,-0.03979153551307286,-0.21501964315597383,-0.24815083393763596,-0.45480002231271266,-0.2499725075504626,-0.3309740295962196,-0.06520412147678283,-0.29435249304719935,0.032723186892875074,-0.2505159814804485,-0.03703432173337902,-0.10133159081672498,-0.18024846799321056,0.10451115237192105,0.08533337583373841,-0.004947047151543163,-0.01963678091306808,-0.08852409374526851,-0.08160874658336588,-0.15405015579054737,-0.1089338507757652,0.059804445011116515,-0.05553952936113922,0.32782953087521616,0.15119890986460965,0.0029149965335607104,0.1926017419853533,-0.07057032887344708,-0.14338786666560416,-0.0163137804907203,-0.41274055893345235,-0.2007363195180454,0.3235486775733331,0.03054450987735977,0.37160707312991575,0.06256325255600093,0.1536676521448095,0.41147670313732676,0.12698483532421168,0.10134115340786842,0.22460614077727928,0.12494640964546694,-0.08711520531680067,0.21763023053813482,-0.06971128943572744,-0.05626947381842233,0.05438245583278216,-0.04711966785933428,0.021246483755548294,0.16733896994955733,-0.03481101929252763,0.032574966730151644,0.017850170134434094,-0.18329415327239837,0.05319510076580417,-0.22141701663093977,0.147418498832567,0.15764887759086454,0.010410474224832456,-0.04130879997449976,0.1670919363450183,0.05220856011283857,0.27039182717210275,-0.04584624947206528
#53,-0.0684585899959359,0.12587716851676242,-0.016176716684330898,-0.29846600100407206,0.5636972164890947,0.7478488154340222,0.11182812836184845,0.512642542374232,0.43184820980324967,0.00042712907107395867,0.23245702810604912,1.0,0.5762003044091514,-0.0304488839659253,-0.041785335766481524,-0.20195873741921602,0.3256333224426045,0.41511686283259885,-0.09745396010805728,-0.17043406194965297,-0.10808915522476073,-0.23274390584035254,-0.2131358127007148,-0.2444963303556487,-0.1103698332124728,-0.06478336746647116,-0.4924272246969854,-0.5114472184813011,0.6019396122369292,0.6997075440875296,-0.1073735546541928,0.10973710843181474,-0.09892500537895751,0.08211715767915913,0.22030456852791877,0.3870889081911562,0.4097331240188383,0.3817258883248731,0.3152324108089155,0.18831770115308913,0.021179545617544166,0.049892819290933865,0.28133461897058704,-0.23251759118329096,0.17865151527225495,0.11730749308704348,-0.21446820040003506,-0.32666130099052504,-0.25935340946218394,-0.4387157440094351,-0.20413422690435018,-0.24231605957494282,-0.3273673389699496,-0.22516555235917093,-0.2709560200495661,-0.12620548414602076,-0.24947365904581278,-0.20921833786228275,-0.1583453529791456,-0.00961040409916407,-0.060963112304664155,0.10802540461713776,0.31102805823618007,0.034992708524253124,-0.44795798834957645,-0.3032775781144164,0.27633657133294554,-0.27743626931444193,0.2574042346341114,0.19213795631489614,0.2976834622955,0.40318753038114896,0.2780785566862434,-0.01756010486974954,-0.0006614125540884061,-0.054395205954306754,-0.03202033644383173,-0.144433376630621,-0.051865900596865064,0.2325526540174836,0.18156013674505336,0.7268892094127772,-0.2074349146140299,0.6684522149351736,0.7484879152754425,0.35764728382567396,0.36010008845396807,0.4298639721409845,0.13753874841619584,0.4044115420475101,0.1566400242252309,0.19117691590497973,-0.20750185275203403,0.3119620046378567,-0.11724533624461109,-0.09129246388129637,0.09053383165058292,0.02758807544884412,-0.21643331288001338,0.20451832431527864,-0.24679135223007595,0.33887432364589726,-0.1494840185195515,0.09521631378049072,0.0126178390137781,0.07817418259767789,-0.2206217278008431,0.045388838862370405,0.11900644678019587,-0.03756823307222147,-0.36587589350461
#54,-0.08433567882443879,0.053231757365187385,0.3352453203069592,-0.034755237510857524,0.4601486982922806,0.4721194686386855,0.24192877463363321,0.34872857381921923,0.133743993497438,0.13164978603702315,0.22907187084126895,0.5762003044091514,1.0,-0.10796802907027708,-0.2846480568017914,-0.4071225366366773,0.35920917371243694,0.3104096773422372,-0.12084405804492825,-0.32789328148283914,-0.10874419271808684,-0.2797201348325351,-0.13285786005147862,-0.2957024121636159,-0.1845484464773805,-0.2715122441010766,-0.057421766051207676,-0.19740535026974476,0.4532317573651874,0.43950625154396,0.07278885001872674,0.16306608547362716,0.26195124672282033,0.04340300743491461,-0.026689191881360118,0.04628134736909211,0.22217246133127205,0.03315669102471133,0.21916343265146745,0.06670066699073225,-0.010023189283522858,-0.048589119365043947,0.10270063511542844,-0.3363992063049351,0.03817386384463977,0.06188112105443505,0.12166325335288351,0.058719090916335294,-0.02902405788555172,-0.09513821928615257,-0.03342763110710899,-0.009860625234084262,0.11893472734662003,-0.08076405103236141,0.09479237223979792,-0.13583023213190001,-0.15127222306337607,-0.14703440142163854,-0.17878379778307263,-0.05300863023850696,-0.21495429878316027,0.09183115651571054,0.021676800357003402,-0.13288176652933723,-0.08557403437751517,-0.10679342412482369,0.11553681996031524,-0.3536804022663341,-0.1291507622182024,-0.11884388273075727,0.22316856457538112,0.2630907888340811,0.14081712341320754,0.06851277801241543,-0.05851349520675119,-0.08025723370175872,-0.341833945604794,-0.2789455649499159,0.00022631465706157513,0.15142363075648066,0.3139669612475994,0.48386392432802877,-0.21971806293778737,0.18489429352373515,0.44053741762226173,0.20007012566838528,0.2464885368438668,0.3611105355847923,0.08094733402927747,0.34157894317430215,-0.08647132417980859,0.04718979352771956,-0.11397971136912399,-0.04021547705376567,-0.3112177162938584,-0.11727243025285085,-0.04676107069145503,0.06327566559618772,-0.003378782204017882,0.24930790746599304,0.005445895656192973,0.32574966730151644,0.13594498322562137,0.09245431870522516,0.0766871996748719,0.09986054554582473,0.08031939054419113,-0.06459849070436452,0.06201340356525273,-0.274881463713951,-0.4065950003585972
#58,-0.12938504570121684,-0.267102295818757,-0.19963821530173959,-0.17575245639059997,0.1833626851755931,0.10120568336666959,0.25761142410888604,0.06775733331208313,0.07334029277466551,0.14591557825785528,-0.04517527432683343,-0.0304488839659253,-0.10796802907027708,1.0,-0.022019459872976915,-0.22213899226227,0.021442516873988956,0.07296416418968993,0.12155487731992445,0.21320275083871892,-0.2048769214831579,-0.2325159974181004,0.337916470766362,-0.015088175059168533,-0.11124321653690762,0.12164890946616835,-0.3437305261815777,-0.35412825028488554,0.14571795137422403,0.21917618277299206,-0.24532349448955684,-0.19610165034385485,-0.31754815163082023,0.1274597773510029,0.219667062451689,0.2289810262254062,0.2018471738558758,0.3539864051829244,0.22782873399262088,0.1172883679047566,0.08794236945070882,0.3695590848600276,0.1183928471818247,-0.05915897010893385,0.07840846608069234,-0.2375108575253608,-0.24716429328467038,-0.20968531106312108,-0.08561387850727953,-0.24854608770489844,-0.14123947118870978,-0.22950856250348636,-0.33790372064483737,-0.2952131262501096,-0.2886149383611313,-0.05500083672672505,-0.1998884364366598,-0.14619129963582467,0.07784746073361011,0.012654495613161313,0.3112017786419527,0.20825729745236635,0.42186008335391945,0.06986588465921316,-0.08012495119094104,-0.11503000262971257,0.7258086366135678,0.5968841890524269,0.390509128290129,0.14719537170588656,0.23357744503502298,0.12921770035620653,-0.1585939803488752,0.002110145112320602,0.006005307238084613,0.04703360453904326,0.07311716564798508,-0.21217158476041725,0.10943429304560559,0.3704324681844624,-0.2603861693056762,-0.4003554096374981,0.2504283243949669,0.2021356453553698,0.20454860585389956,0.1319796954314721,0.16473635139334922,-0.4459195626708317,-0.08342882643100193,0.20451035548932575,0.3330283929268701,0.2881878092900573,0.3011578704109524,0.12479022065679063,-0.13320051956745213,-0.028864681366494276,0.35751022001928456,-0.14319502107754464,-0.17803950943907434,-0.01823108001498139,-0.24275115747196965,-0.05269465849596379,-0.25228346707679555,-0.09023898509032664,0.07317135366446462,-0.19141279315318474,-0.1984636103562862,0.33782243862011807,0.2627305979010112,0.10554709974579445,-0.08206296966267959
#101,-0.0637506076229789,-0.002208958554136219,-0.4717688402967591,-0.06281825498649284,-0.14002342834830145,-0.19868992501334778,-0.18225342460295324,-0.048823402848058396,0.26788005323175734,-0.1069990198344078,-0.10549769302488664,-0.041785335766481524,-0.2846480568017914,-0.022019459872976915,1.0,0.5095633880260422,-0.18430938169879432,-0.27727370526500333,0.4410123596490529,0.4056132410012033,0.23712038505367003,0.2160571842950378,-0.049838631274454336,0.05676832232307214,0.3036584879949637,0.3302249599566496,-0.1886555793734909,-0.24976691184087849,-0.12249201125198225,-0.1263903609081274,-0.4664185705520006,-0.21733219644749738,-0.5264015172644614,-0.10068611591454231,0.16333702555602483,0.025052395030640134,0.27971694730215396,0.3042832439496689,-0.06835021396297683,0.11093880738550789,0.07320482273346668,0.23134936129859987,0.21075950880156827,0.4711329279857199,-0.3221158826670067,-0.1862776817091538,-0.3413207532134291,-0.23265306122448978,-0.2272342595765366,-0.4167648160396529,-0.30147024838830494,-0.3302663978516045,-0.4485062435751341,-0.15840910358676857,0.15172803990788036,0.17867064045454184,-0.1818757022527871,-0.033249129405764646,-0.09196025149614707,-0.2206041963837468,0.28743077082453444,-0.22765341982165768,0.3961096191698077,0.22193020902230473,-0.17197682665412906,-0.14338149160484187,0.16965471077146205,0.20256436819163431,0.5086119102072691,0.07501852752034043,-0.28181593605814054,-0.15458725465977097,0.1587437942767892,-0.1443090629457562,-0.05357282311597032,-0.26301110057455235,0.3617480416610221,0.12527791280510642,-0.09866840918327503,0.04083545171289914,-0.1784172317892405,-0.1750464184111755,0.12184972388018073,-0.011672736255767438,-0.14662958506323262,0.1589111396217995,-0.12808453330570807,-0.1097147957191467,0.16866817011849644,-0.22839930193084654,-0.07725776761309756,0.14349624269856323,-0.20829873534732127,0.20882627162540143,0.2048880778394919,-0.10635513869741571,-0.10892588194981233,-0.3662870849237782,-0.35138538039190687,-0.36945708388783083,-0.41595518332284104,-0.4356700587302473,-0.2765118855039087,-0.2878563061304178,-0.21385778833204505,-0.2895249782849493,-0.21357091059774164,0.1279442819689375,-0.07648638526085952,0.44414570201372233,0.42089266788324076
#102,-0.007431727083648766,0.23019069400505224,-0.2471499493979552,-0.10591685327000773,-0.33116846894946966,-0.37751197316099416,-0.04142036353783997,-0.3753157647283826,0.0989074739618612,-0.17807775980364812,0.002142020416132091,-0.20195873741921602,-0.4071225366366773,-0.22213899226227,0.5095633880260422,1.0,-0.1868402808214266,-0.2323582146642335,0.1259154188813362,0.4493636892476631,0.22914677780522597,0.6995210735602324,-0.2649539003418626,0.4560830032911251,0.2991242260277793,0.4321414625983154,-0.10540844217421447,0.2072181625481118,-0.19341456223254627,-0.17442963128242317,-0.03428507677963805,-0.013862569627616764,-0.2919204073663827,-0.1177872164094064,0.00013547004119883018,-0.039058403525408604,0.03204264915649977,-0.007265975503829021,-0.1625592681430245,0.25685438564336316,0.10846847134011746,0.09489437321199468,0.256390599972906,0.5043119317230992,-0.11727083648766028,0.17827379292208878,-0.1708755349074421,-0.03509152196606874,-0.32796021962084326,-0.10163918749850584,-0.13008948991545075,-0.18433010064627178,-0.21262899537011212,0.13597685852943286,0.03139876801950769,0.4243830136505989,-0.10860712891169744,0.2635434181482042,-0.0574887041892118,-0.2464072548191475,0.04501908533815713,-0.4038138801010447,-0.11204009913219486,0.3521695128656695,0.016916223732757453,0.0023651475428125173,-0.16991130696714454,0.1980396688155934,0.12168875359593272,-0.028112424196543122,-0.20099769700929962,-0.3992573054211923,0.06252818972180829,-0.09172915554351377,-0.24543505805289706,-0.2453458072022249,0.1425670775924583,-0.01751388567922288,0.029054339424172636,0.07849452940098335,-0.12698802285459282,-0.15680577580505065,0.04488202153176772,-0.14396162213421096,-0.19906127230275164,-0.25143717776060054,-0.4598538517320243,-0.15795647427264542,0.1701503717457307,-0.09490552956832869,-0.11977623536724334,-0.19940871311429686,-0.14064818430300663,-0.07652144809505215,0.18808341767007467,0.060118416753659684,-0.11456462319406482,-0.07268844281172054,-0.09781255727593653,-0.10377164532349449,-0.18851054674114862,-0.2624373451059455,0.011688673907673183,-0.11162412641745492,-0.14225788714548684,-0.12602379491429527,-0.06383029588250763,-0.06296010008845397,-0.12658161273099633,0.332609232681749,0.4837252667564488
#201,0.08595175672768131,0.136118703631394,0.5312800325128099,0.2267099108288376,0.26252978348699885,0.4725418164141877,0.29366558025006173,0.17521854505175752,0.07106758361290631,0.5217509104383651,0.10313573301245528,0.3256333224426045,0.35920917371243694,0.021442516873988956,-0.18430938169879432,-0.1868402808214266,1.0,0.7431009889313007,-0.1809879750416371,-0.38171473196853906,-0.26857334108965725,-0.24914374965136388,0.24284359585302298,0.037837579389428555,-0.15414418793679127,0.008767302313350173,-0.05069288941660225,0.07112336539457642,0.35037493326108266,0.4266844105857884,0.35484544462064405,0.22829251966307804,0.3662679597414913,0.3187036313939867,0.21976746965869517,0.08481540214680171,0.4446142689797512,0.10805568615575867,0.31401318043812604,-0.12915554351377412,0.27250675357999504,0.09005729585860116,0.26078939189889155,-0.02328331566910247,0.28799018240642604,-0.341736725928169,0.15270183043932137,0.2424499358509511,-0.2041453832606842,0.09128130752496234,0.20469682601662298,0.2724063463729889,0.17323908868506402,-0.05397763947437624,-0.005823618006359123,-0.3353377586880125,-0.25822980500282894,-0.37133135175194637,0.24491708436596035,0.14884173114775,0.05963231837053447,0.06602172301954753,-0.16025627744264437,-0.3022591621576393,-0.04179649212281555,0.16070093793081466,0.11688673907673182,-0.15536979336834303,0.06720110926057264,-0.2236180063591231,0.5269688976723059,0.34551235566463995,-0.3233271442118433,-0.09255631967742192,-0.510994589167178,-0.23665659938321287,-0.3137836782506833,-0.15698587127158556,0.22296615639617814,0.1699686825140052,-0.044019794563666934,0.20920558774075815,-0.3656304536652615,0.24574743603024965,0.2573946720429679,-0.18148682354628692,0.013346189705870634,0.3308034967208281,0.2744399907561619,0.2569006048338898,-0.014975017730637745,-0.09073623982978588,-0.21018415956777087,0.08630876013036999,-0.2566519774641602,0.34063224665110087,0.35280064388113697,0.646012001051885,0.46920925340069647,0.20018328299691607,0.4698212592338771,0.7484767589191085,0.324583031182016,0.614187697726494,0.6088183027994486,0.5482090063670919,0.4787160627624732,0.17655093275107778,0.04560240339790739,-0.26355457450453823,-0.1332148634541673
