,#10,#11,#12,#13,#17,#18,#26,#49,#50,#51,#52,#53,#54,#58,#101,#102,#201,#202,#301,#302,#401,#402,#501,#502,#601,#602,#701,#702,#801,#802,#901,#902,#1001,#1002,#1101,#1102,#1201,#1202,#1301,#1302,#1401,#1402,#1501,#1502,#1601,#1602,#1701,#1702,#1801,#1802,#1901,#1902,#2001,#2002,#2101,#2102,#2201,#2202,#2301,#2302,#2401,#2402,#2501,#2502,#2601,#2602,#2701,#2702,#2801,#2802,#2901,#2902,#3001,#3002,#3101,#3102,#3201,#3202,#3301,#3302,#3401,#3402,#3455,#3501,#3502,#3601,#3602,#3701,#3702,#3801,#3802,#3901,#3902,#4001,#4002,#4101,#4102,#4201,#4202,#4301,#4302,#4401,#4402,#4501,#4502,#4601,#4602,#4701,#4702,#4801,#4802
#10,1.0,0.4573962658081585,0.2442046713257736,0.449821099857358,0.09240331821912677,-0.10745643044410268,0.31962482767413875,0.782655053430978,0.3003928631194766,0.5639809066930169,0.583145933109675,0.2665237590545785,0.19778626015029205,-0.028861493836113125,0.0013562941771788762,-0.07822040178820454,0.11620301380997537,-0.08197850010757915,0.06838208926678832,0.10543075488688251,0.08354676505510443,-0.0855405653085131,-0.2778649921507064,-0.5631664926806333,-0.1494027364948322,-0.2905051438771526,-0.11497262708285189,-0.06917737809688498,-0.27751755133916123,-0.036127469339942146,-0.42718007156005705,-0.2867502330881591,-0.4781630262413439,-0.5012168397230036,-0.3743021300671772,-0.11321151654726709,-0.4518898070747237,-0.32579269896166196,-0.5596602092613695,-0.5318410378598921,-0.16598745706795018,-0.12132378136729116,-0.29473340292774663,-0.24147295778912892,-0.3024934456406538,-0.4045756998621393,-0.20206551968698452,0.0022934281092366663,-0.2688394998764832,-0.14173194463259728,-0.18054331455346684,-0.0807385507893122,-0.38920702212942965,-0.34482544286750233,-0.07640988453171195,-0.45650216353624623,-0.10405374176222618,-0.18507120145988892,-0.4088103339734957,-0.4443767979663556,0.13871175959645865,-0.0038457554048562026,-0.19266868012335742,-0.20815051518459785,0.284072707567994,0.2889990357720597,-0.10578297699399948,-0.000785726238953215,0.2904860186948657,0.01204089601479014,0.4415351146315613,0.23924646781789638,0.31341870602204175,-0.06864187299285196,0.2286813983695782,0.32137796938377067,0.05331463315509726,-0.02291993720565149,-0.2501892596163807,-0.28360095307158395,0.13766943716182295,-0.22999147335623044,,0.23015244364047846,0.05173202432085681,0.19498920224083385,0.04565659141438692,0.10151168628325989,-0.2785248109396043,0.3122058507120146,-0.328425599056491,0.03201714891345058,-0.35099809545059724,0.006422873718015125,-0.05458964530755684,0.04827674138769135,-0.4038250364573787,-0.18256102128473412,-0.11660304887280958,-0.15958530229741252,-0.046635163241399644,-0.21355337918064532,-0.2919028759492864,-4.621919052665971e-05,0.038798619799344965,-0.11318920383459904,-0.34546294894373214,0.016739315796603687,-0.07248284710213644,0.07296097665930878,-0.06445505183721283
#11,0.4573962658081585,1.0,0.04868633904166899,0.1289993545250978,-0.05757317374431225,-0.04384129286232259,0.36810397724103305,0.5335527416745691,0.28365035979249176,0.4169959119922862,0.5405844336953837,-0.05737235933029987,0.04119883017635012,0.02052132059383691,0.057243264349863335,0.1403692753946561,-0.16031365298950506,-0.14699615105706476,0.23833961542445953,0.2181290790427846,0.21390241375738112,0.12017945796045869,-0.22033325630134912,-0.25989210209659813,-0.13979073863047758,-0.27333232394871265,-0.12741196439528565,-0.07619950752655612,-0.07724342372638239,0.05342938424881862,-0.2302241630740543,-0.2187235534588689,-0.4519025571962483,-0.3860704922343791,-0.24502705416411,-0.20490879678696938,-0.18390297157519783,-0.2245487652304186,-0.27338810573038275,-0.32742152698642907,-0.24224434014136698,-0.108522659356597,-0.04839786754217501,-0.2022982094048084,-0.1664655866251225,-0.24306353544932224,-0.20408800771382352,-0.18943652431687238,-0.21408091545872546,-0.18960386966188272,-0.1575628142705735,-0.20645793655220776,-0.27708404720732493,-0.2758743794276789,-0.08418427113133423,-0.26629585063232636,0.04603909506012479,-0.004260134354405565,-0.34217023006000524,-0.44150802062332156,0.032144650128696536,-0.06980532158197132,0.015652367936631897,-0.07347895034624549,0.27170030839356435,0.2552861206958379,0.12651786212337338,0.20604196383746784,0.32603813880101046,0.11892835228585773,0.38789854090796805,0.30785805927212745,0.21343225302616164,-0.35412028145893265,0.17667843396632374,0.15894620245599217,0.04370104152555204,-0.09020073472575285,-0.24082110782618396,-0.1652559188454765,0.1486935109850266,-0.09889472384033661,,0.3526093920582681,0.08503056044752927,0.045965781861358364,-0.015057893520547618,-0.20144554502785106,-0.19988524890627865,0.28307341679350384,-0.2490289985576425,0.009720373897313709,-0.2590808756145957,0.018788897831682458,-0.15181729075855255,-0.031043358382009577,-0.18906358326227796,-0.29416442875471155,-0.2143343241240268,-0.2798205420395413,-0.2462319406481843,-0.27117117835029364,-0.3532787734383093,-0.12412243304193993,-0.26370438843245225,-0.28529353170397403,-0.3411805018766585,-0.01525073910860713,0.10214600482910853,0.08171393508594378,-0.05066101411279076
#12,0.2442046713257736,0.04868633904166899,1.0,0.6040848201834423,0.29595582082891725,0.5096016383906159,0.06156396178151073,-0.046606475467969304,-0.04552112137318809,0.45799870905019563,0.1688960785407486,0.27190590410314847,0.16713974930073552,0.20398760050681733,0.11161615759150205,0.1771677198798301,0.5852528906916145,0.6778123978994175,-0.09843253193507001,-0.22119707703464048,0.13897951214847518,0.2065631250547857,0.35266995513550986,0.08375554829506969,0.25487492927666966,0.1325662010216035,0.2767477627521137,0.19661324897002924,0.04070157543689088,-0.09452621345297198,0.4201643171911482,0.27801958737419213,0.36528779414928797,0.10386886500011953,-0.07443839699097132,0.06695885695160532,0.09381220664759461,-0.10799193554813569,0.20448485524627658,0.08339695112719044,0.026268437871048458,-0.06529496609264557,-0.08166612213022656,-0.060660296918455,0.04028400895696037,-0.13251360677031454,0.07573890938648009,0.24080517017427822,0.16218632708843006,0.22073647889456446,0.1794850544669254,0.25892149909553824,0.29794324602156363,0.38521145279665947,0.4114193275904661,0.21619106057104606,-0.46567268844281173,-0.40188861175083074,0.08471818247017666,0.0488919347512531,-0.20868283275824973,-0.2549020232849094,-0.2663659763007116,0.3057941333503335,-0.0022137398497079426,0.051496147072651786,-0.0837236729912582,0.1892930854497207,-0.03915721696722422,-0.2642367060061041,0.253854919554702,0.2511072683661516,-0.3616587908103499,-0.12454478081744216,-0.5127445433464287,-0.24231605957494282,-0.4849237781797608,-0.509485293531704,0.20368000382503645,-0.009803249687223582,-0.13806787845946655,0.13108081186398807,,0.0789535337758688,-0.09917841404425885,-0.3660177386065711,-0.4061854027046195,0.14469634788706578,0.14643036441441082,-0.1789607057192264,0.05109451824462702,-0.29888994254476486,-0.1006303341328722,-0.2484169927244619,-0.18734709815202927,0.48228928431974116,0.1714365402545243,0.31687239519001664,0.5533329614547888,0.2233821291109181,0.322882483723673,0.40907330522994045,0.26923634740893626,0.4041453832606842,0.3677836304377276,0.2320840870514547,0.2965168261759995,-0.2883886237040697,-0.26484393054371297,-0.30268629122871327,-0.27947947628875836
#13,0.449821099857358,0.1289993545250978,0.6040848201834423,1.0,0.21469929635266835,0.2364063782482927,0.0937006430842544,0.10398680362422204,-0.015829275872785663,0.5493071105833978,0.21388328857509423,0.2934057965239981,0.19608890022233025,-0.0837109228697336,0.10759668178087323,0.15416968817984048,0.536182454239017,0.15086262540939843,-0.05714763843842886,0.09850584513383644,0.10992676648949311,0.1367657722987672,-0.029484656025627744,-0.23945843858824278,-0.14963064491708436,-0.036098781566511806,-0.06940209898875599,0.009321932599670091,-0.24075257592298926,0.014536732303229764,0.07408776864904494,-0.022373275745284447,0.15360390153718653,0.009452621345297197,-0.15337918064531553,0.2205149455330746,-0.060846767445752216,-0.016433312880013387,-0.19744200686912797,-0.23250802859214753,-0.08793121309437481,0.08808262078747937,0.0014072946632772594,0.08145255759468957,-0.12050777358971702,-0.10487293707018144,0.010251097705775009,0.20262652503406672,-0.006924909753046084,0.12102893480703487,0.20792579429272684,0.1928758695981321,0.06051845181649387,-0.05095267314266589,0.12206488218090829,-0.14946808086764576,-0.2513367705535943,-0.09980476376415463,-0.1676019412060021,-0.24551793384280693,-0.06894468837906112,-0.17943564774601758,-0.04032066555634358,0.09746511646439131,-0.09222800404816359,0.10085664878993378,0.014033102503008231,0.12936432675373938,0.14283164261409367,-0.06358485604315917,0.04372494800341066,0.07574528444724239,0.1240427447824112,-0.13899066850480918,-0.10891950688905004,0.140002709400824,-0.1224696985393142,-0.2495469722445792,-0.09419630405852306,-0.15085465658344557,-0.08242634812613057,0.11348086286447417,,0.08072580066778762,-0.033051502522133416,-0.19363450182884556,-0.2771493915801385,0.05135908326626238,-0.08489030911075872,0.11052442843595853,-0.13761524914534343,-0.14265792220832105,-0.2123245862187124,-0.2484982747491812,-0.1023229127652623,0.12297970340029804,-0.1910398520985903,0.1329534859629131,0.15711337248683152,0.16264055016774379,0.2523392488584657,0.05751579819745157,-0.05693566766808246,0.28769055455059805,0.32927985719863895,0.21544836599223835,0.2359553426993601,-0.1087346301269434,-0.23658169241925586,-0.26392432802875154,-0.2040832264182518
#17,0.09240331821912677,-0.05757317374431225,0.29595582082891725,0.21469929635266835,1.0,0.44387476193132464,0.06485668066523759,0.15616826972882086,0.03935643761604603,0.16208591988142387,0.05740264086892078,0.5782068547840846,0.5061543242834033,0.17449816318561787,0.15774928479787073,0.0849030592322833,0.3965367482408817,0.23229127652622938,0.008472455753093897,0.056977105563037395,-0.0559220330068771,-0.03625178302480696,0.22499023818820774,0.12523806867534207,0.10513272079624508,-0.055389715433225226,-0.18057359609208776,-0.21670584672760163,0.4058268055367403,0.46671341711225683,0.09768824359107173,0.3129692642382998,0.08702754823131909,0.16242379810182567,0.3549044139326953,0.28595494425806245,0.3571946545115508,0.0645379276271227,0.11850281697997433,0.016283498952099386,0.2478129557172342,0.36589661245208743,0.3251440365290982,0.13215660336762586,0.1693694268023492,0.21493198607049224,-0.2150578935205476,-0.12333033174222442,-0.24511789877997275,0.08314991752265138,-0.10820868761405382,-0.057268764592912524,0.016815816525751263,-0.0005578178167010654,0.02902405788555172,0.02027428698929787,-0.4235367243344038,-0.21950131087186925,-0.011777924758345352,-0.014280136107547275,-0.1663556168269729,-0.14192000892508508,0.1743834120918965,0.2610603319812892,-0.2379284240052913,-0.13778578202073488,0.0650431511925348,0.042164651881838246,-0.03668847468702436,-0.09088764752289046,-0.14516491485309468,-0.06637553889185506,-0.05958450541481723,-0.03825833339974022,-0.24783208089952108,-0.20152045199180804,-0.3674234395046578,-0.3728278972658958,0.3362366422554965,0.20858242555124354,0.1726350516778363,0.34107053207850885,,0.1037333949589207,0.3658695184438477,-0.11441162173576967,-0.2379666743698651,0.4164078126369642,0.2556208113858585,0.09706667516674768,0.38418188048354834,-0.15776203491939533,0.2945134633314474,-0.08912175569173393,0.07811521328562662,0.09064858274430428,0.005355051040330228,0.09628254269298504,0.020419319621640144,-0.002962809489277945,-0.022926312266413788,0.2489365601765892,0.30738311724533623,0.16608148921419408,0.01251105674600961,0.08545609575341265,-0.002142020416132091,-0.23769892181784857,-0.32754424690610334,-0.039815441990931476,-0.005292894197897823
#18,-0.10745643044410268,-0.04384129286232259,0.5096016383906159,0.2364063782482927,0.44387476193132464,1.0,0.05226593565969926,-0.14057805863462136,-0.2598171951326411,0.17650790109093228,0.09730733371052443,0.19131397971136913,0.30122002725338476,0.31867653738574697,0.2080724206902597,0.3091569779024456,0.4243846074157894,0.4172078827626326,0.16046346691741906,0.016436500410394538,0.14527329088605376,0.34433615695399594,0.42921690347361124,0.21689550478528,0.2777741475348437,0.1320657587517631,0.22270956020049565,0.05875255998533736,0.3687940775685518,0.29658217054881303,0.42041772585644954,0.26516108981663733,0.2611256763541028,0.14581517105084907,0.16185004263321884,0.03340372462925037,0.34716509016726566,-0.005952712986795655,0.3325646072564129,0.1809146618428707,0.013639442500936337,0.23267696770234841,0.19659412378774235,0.17285658503932616,0.20195554988883488,0.23000103594737387,0.038913370893066325,0.08173943532899298,0.07321279155941955,0.22186167711911003,0.13562304265712533,0.1654121078341528,0.3065989847715736,0.3051582210392943,0.3634884332491294,0.39613193188247575,-0.48607607041254614,-0.31884388273075726,-0.1497103331766131,-0.07200790507534525,-0.38899027006351156,-0.4585182765023229,-0.01786292025595869,0.4660743172708365,-0.06584481508339377,-0.10304966969216425,-0.11236682099626262,0.31047183418466956,-0.10278351090533831,-0.18345831108702754,0.08104295994071194,0.08815752775143638,-0.3582385707113771,-0.28393564376160463,-0.3879415725681135,-0.27966116552048387,-0.5425001394544542,-0.6132521575596267,0.44456964355441514,0.27090501956346774,0.1931069655507654,0.46016941723975807,,0.06990891631935867,0.06464152236451004,-0.479664353050865,-0.5202336459769382,0.061804620325287475,0.3912597916948896,-0.2063192789806278,0.24925850074508524,-0.540901592968308,0.07797177441847493,-0.35903864083704545,-0.25079967168437073,0.26806971128943574,0.10899441385300704,0.30785646550693685,0.27616603845755405,0.06342707328929229,0.12068308776068022,0.3470057136482082,0.2883392169831619,0.17222704778904924,0.027151383786626716,-0.013899226226999977,0.0684840902389851,-0.4978205261018894,-0.24607097036393627,-0.3400345847046355,-0.377261752026074
#26,0.31962482767413875,0.36810397724103305,0.06156396178151073,0.0937006430842544,0.06485668066523759,0.05226593565969926,1.0,0.1857724581437417,0.06803783598562424,0.3922686450605232,0.5659715194160444,0.1613846631975711,0.17102216130497494,0.3506634047605766,0.17100303612268805,0.2846639944536971,-0.035885217030974824,-0.008623863446198471,0.08244866083879862,0.2581835858123023,0.1983647969144706,0.188700204798827,-0.26565196949533426,-0.20618221517423838,-0.21254771334539282,-0.07519224792611305,-0.22730438524492186,-0.03809576935030162,0.046842352716174325,0.15499525854855803,-0.25408282797695414,-0.16451003673628764,-0.41459410785009043,-0.08190199937843158,-0.09065655157025715,0.13252476312664854,-0.11586672935476416,0.01336212735777638,-0.276656918136251,-0.34968961422913564,-0.30833937635968095,-0.11207197443600635,-0.10863900421550893,-0.05029285435376806,-0.031148546884587493,-0.03793958036162532,-0.2615671493118919,0.04395445019085338,-0.22594649730255242,0.08645698029309341,-0.00962793551626039,0.14711408968116726,-0.16264214393293436,-0.20009881344181563,0.15871032520778713,-0.10766202615368678,-0.2085585190733849,-0.14072946632772593,-0.2465315685040123,-0.29907800683725266,-0.16765612922248166,-0.2678449903975647,0.1632143056363506,0.1921586752623736,-0.09876244132951892,0.029527687685773255,0.3087824430826606,0.5509343448429743,0.3008486799639809,0.16509654232641904,0.2454462144092311,0.18158882451848368,0.16724971909888517,-0.185040919921268,0.027717170429280655,0.12087115205316801,-0.2337575405015579,-0.2949501549936648,0.015998214982986557,0.1813449784443258,0.24834527329088604,0.055040680856489416,,0.1626086748639323,-0.02894915092159472,-0.09724517686809202,-0.1751771071568026,0.05962275577939102,-0.03139239295874539,0.22336141016344063,-0.05028807305819634,-0.2342563890062077,-0.041995712771637356,-0.0774362693144419,0.001689391102008941,0.002937309246228753,-0.28668648248053613,-0.30916813425877965,-0.1833913729490234,-0.16406537624811737,-0.12864872618317144,-0.040100725960044305,-0.12751874666305413,0.07645450995704803,-0.07818215142363076,-0.3639649690411112,-0.23807026910725243,-0.2792802556399366,0.01916024512108631,-0.12870769549522268,-0.1205157424156699
#49,0.782655053430978,0.5335527416745691,-0.046606475467969304,0.10398680362422204,0.15616826972882086,-0.14057805863462136,0.1857724581437417,1.0,0.3952362358453729,0.4373737937189714,0.5425097020455977,0.14192797775103794,0.23339097450772578,-0.028247894237741954,-0.0072388814955892545,-0.2206583844002263,-0.04935093912613855,-0.24281331431440206,0.2275577939102232,0.07898700284487087,0.06282303628206456,-0.2215652367936632,-0.16504554184032066,-0.4227812796340715,0.04979878714468997,-0.2738391412793153,-0.12175409796874627,-0.2425104989281929,-0.18875758034568768,0.06701463873327543,-0.43930065583437594,-0.3343129676704731,-0.6022679278661874,-0.6468487277769366,-0.3922399572870929,-0.20568336666958856,-0.33057240076819483,-0.34773247057511014,-0.4788148762042888,-0.5021284734120122,-0.20388878706500171,-0.06921562846145878,-0.11902079066691104,-0.2005801305293691,-0.16425344054060514,-0.3345058132585326,-0.352340045741061,-0.2707137677405988,-0.3956314896126354,-0.3245352182262987,-0.421678394122194,-0.3642757532532732,-0.503589956091769,-0.45649260094510274,-0.1353186335057256,-0.42609631123046643,0.09033461100176111,-0.1515447569109643,-0.37795185235359274,-0.3649435408681239,0.18094653714668218,0.10807481133804557,-0.24132155009602435,-0.33996605280144077,0.3839603471220585,0.17303668050586107,-0.2103626612691152,-0.12045677310361864,0.23478711281466902,-0.09908119436763381,0.4206854784084661,0.06140299149726271,0.2385085545346604,-0.2379666743698651,0.23062738566726965,0.21592968307979185,0.14727824749579643,0.10922869733602149,-0.17985799552151982,-0.2859597255536342,0.253940982874993,-0.21121691941126314,,0.2720923746304457,0.09753524213277658,0.2941293659205189,0.15725521758879266,0.16183569874650366,-0.265679063503574,0.3018910023986166,-0.2831244172796022,0.15222210711695847,-0.20057853676417853,0.18605136705209221,0.07226290750583717,0.08398026918694068,-0.28970029245591244,-0.16307405429958005,-0.22279721728597726,-0.4061933715305724,-0.31810278191714014,-0.30226872474878275,-0.38980149654551394,-0.2537943564774602,-0.2807273944329782,-0.2972419893377109,-0.5992126799958563,0.06330435336961805,-0.06900525145630294,0.3052060339950115,0.12061296209229494
#50,0.3003928631194766,0.28365035979249176,-0.04552112137318809,-0.015829275872785663,0.03935643761604603,-0.2598171951326411,0.06803783598562424,0.3952362358453729,1.0,0.20242571062005435,0.42309843890699583,0.1506331232219557,-0.08852409374526851,-0.08187968666576353,0.11045908406314497,0.009541872195969367,0.03793958036162532,-0.11828925244443736,0.03818183267059264,0.005361426101092526,0.08582903680800708,-0.34975495860194916,0.025428523615615713,-0.1361872355345887,0.20558455322777294,0.01387213221876021,-0.19562192702149192,-0.23352803831411517,-0.10723330331742224,-0.11517981655762656,-0.10727474121237718,-0.2075608220640853,-0.18979990278032338,-0.25844815083393763,-0.12564129126855741,-0.18373243869980635,-0.026737004837077354,-0.1513088796627593,-0.2163584059160564,-0.27919578608483614,-0.20780626190343376,-0.2447656766728558,-0.12834909832734342,-0.5241574958761326,-0.18913849022623497,-0.3567229000151408,-0.1810517256492601,-0.3572217485197906,-0.3948744511471125,-0.3941301628031142,-0.4245200774569883,-0.3894062427782515,-0.3735737793750847,-0.2739586736686084,-0.16594601917299523,-0.3253799137773032,0.25743132864235113,-0.002929340420275881,-0.009419152276295133,-0.026391157790722694,0.2193291842312872,0.2996772625489087,0.10571763262118591,-0.25083473451856336,0.12622301556311707,-0.06923315987855509,0.17716612611463953,-0.10985504705591725,0.3711719752328889,0.24838352365545985,0.3013857788332045,0.3022910374614508,0.2479803010622445,0.12402361960012431,0.2564192877463363,0.1501470248388305,0.21107348054411143,0.3229637657483923,0.07009219931627474,-0.027015913745427885,-0.05215277833116847,-0.10868522340603559,,0.18069950354214315,0.2474495772537832,0.20991321948537323,0.20360828439146061,0.042164651881838246,-0.15569651523241082,-0.09953701121213812,-0.20993712596323183,0.17108272438221678,-0.08605535146506865,0.1955310824056292,0.08445521121373188,0.1428093299014256,-0.08083417670074668,-0.1456717321836974,-0.16886579700212767,-0.20065184996294497,-0.28427830327757814,-0.1262102654415925,-0.3012423399660528,-0.07847062292312473,-0.12402999466088661,-0.07005873024727267,-0.1251790993632908,0.23865677469738383,0.14748224944018998,0.1978021978021978,0.262885193124497
#51,0.5639809066930169,0.4169959119922862,0.45799870905019563,0.5493071105833978,0.16208591988142387,0.17650790109093228,0.3922686450605232,0.4373737937189714,0.20242571062005435,1.0,0.7341360597343194,0.188175856051128,0.39287427583294154,0.26653013411534077,0.2844520236833507,0.12995880116982364,0.5145741857852083,0.1109563388026042,0.28485524627656605,0.020320506179824525,0.345321103841771,0.11548741323940744,0.1330650495262533,-0.18207014160603718,0.16612452087433957,-0.20955621608268454,0.13793878347903005,-0.19751691383308498,-0.033512100662209436,-0.025436492441568585,0.01499095538254349,-0.06697320083832049,-0.19725075504625902,-0.29748105411629705,-0.35478806907378335,-0.09580919443138443,-0.1489660448326148,-0.40582202424116853,-0.2167887225175115,-0.3382081297962371,-0.2946664647897425,-0.14902660790985664,-0.17446310035142523,-0.22439735753731402,-0.12516156794619449,-0.26859087250675356,-0.19281530652089027,-0.23844799145741857,-0.21511367530221773,-0.22705735164038282,-0.12849094342930456,-0.1503223390097937,-0.19446644725832543,-0.136118703631394,0.18364956290989648,-0.19255233526444548,-0.09503462454876523,-0.4078221995553395,-0.26979575899082786,-0.27810246316410203,-0.07565125230099849,-0.2372972929898238,-0.296507263584856,0.1981942640390791,0.2961486664169768,0.10683486201977863,-0.005887368613982102,0.3335686793264748,0.25548852887504087,-0.15613161312943763,0.5177298408625457,0.16624405326363267,0.03836830319788986,-0.4620659978165417,-0.06437058228211237,-0.051115237192104486,-0.23839858473651077,-0.27505837165010477,0.1303875240060882,-0.2259974977886508,0.1032775781144164,0.06557865629656782,,0.35029365123636336,-0.10854337830407446,-0.16513160516061168,-0.25596825219740377,0.09933300926774458,-0.03979312927826344,0.04270971957701472,-0.18547920534867599,-0.2560654718740288,-0.17157838535648542,-0.18153941779757587,-0.12890532237885394,0.43627728326785614,-0.14350261775932552,0.10650335886013913,0.07616444469236347,-0.07273306823705664,-0.1046705288909785,0.157519782610428,-0.18110431990054907,0.09773446278159839,-0.006585437767453721,-0.10871231741427535,-0.23060985425017333,-0.2559794085537378,-0.273072540222649,-0.10127262150467371,-0.13244188733673867
#52,0.583145933109675,0.5405844336953837,0.1688960785407486,0.21388328857509423,0.05740264086892078,0.09730733371052443,0.5659715194160444,0.5425097020455977,0.42309843890699583,0.7341360597343194,1.0,0.11596873032696092,0.20777757413000342,0.2136490050920798,0.20495660974268662,0.1960155870235638,0.22658081584840106,-0.06577947071058021,0.22239240092757134,0.1829754002342835,0.24704476089537727,0.0759636302783511,-0.03788698611033636,-0.16445266118942697,0.11938735666074317,-0.05755564232721593,-0.04401820079847636,-0.08655738750009961,0.031099140163679685,0.06059973384121317,-0.12117237367418658,-0.23974850385292734,-0.3483588202950059,-0.3379483460701735,-0.3213715943230084,-0.13661914590123436,-0.10613998039668815,-0.24466845699623074,-0.3251360677031453,-0.36100056578664264,-0.37203260843579916,-0.11346811274294959,-0.23331288001338762,-0.33874841619584184,-0.2445712373196057,-0.3077241829961192,-0.2051064236706006,-0.2690419080556862,-0.2888285028966682,-0.30114033899385606,-0.2643610196909689,-0.2247352357577158,-0.34376877654615146,-0.23278215620492632,-0.019805720023268972,-0.22357975599454932,-0.10011554797631665,-0.2912287132736734,-0.3601765891831156,-0.3558272039780379,0.037491732343073896,-0.05395692052689877,-0.052920973153025366,0.006223653069193316,0.3032648279928918,0.11255966658432214,0.1809592872682068,0.2956418490863741,0.3715975105387723,0.11267919897361521,0.5080987178159042,0.3785782020734885,0.20390153718652632,-0.2571444509080477,0.11751946385738989,0.1209588091386496,-0.12701830439321374,-0.12291117149710333,0.15350986939094263,0.05345169696148666,0.168433886635482,-0.01973718812007427,,0.346070173481341,0.1062180748910263,-0.04339981990453347,-0.10143518555411231,0.033247535640574075,-0.06543202989903497,0.15770306560734407,-0.23199483620078254,-0.22684219333965527,-0.24371857294264837,-0.1535736199985656,-0.20346643928949948,0.16640661731307127,-0.11261544836599224,-0.19292687008423048,-0.14533226019810502,-0.19339065575468767,-0.28210281379244395,-0.004191602451210863,-0.27189634151200504,0.004371697917745779,-0.22115404537449498,-0.23577046593725345,-0.4336029452780722,-0.07716054793647252,0.04595781303540549,-0.02943046800914821,-0.09638135613480066
#53,0.2665237590545785,-0.05737235933029987,0.27190590410314847,0.2934057965239981,0.5782068547840846,0.19131397971136913,0.1613846631975711,0.14192797775103794,0.1506331232219557,0.188175856051128,0.11596873032696092,1.0,0.5438596211620143,0.28212193897473087,0.023539911864784963,0.07451011642454718,0.38939030512634576,0.1679159129485453,-0.2952991895704006,-0.10145431073639921,-0.09125421351672258,-0.09341535911514157,0.10745005538334038,-0.11436062124967128,-0.11253576010646352,-0.1863462136123485,-0.2982030297476273,-0.28234825363179245,0.33794993983536403,0.27742033166253616,-0.033306504952625327,0.29770896253854917,0.09732327136243017,0.09462980819035931,0.19132991736327487,0.09545378479388632,0.11678951940010678,-0.09353329773924408,-0.10305445098773598,-0.15236076468853843,0.0871885185155671,0.1308433408505925,0.2010295723131111,0.04145861390241376,0.0621711863191196,0.07044760895377285,-0.09243519352293826,-0.0025707432523966243,-0.21789160802938903,0.11319079759978962,0.07642582218361768,0.1345743451617273,-0.04710054267704739,-0.0794715074628055,-0.11977464160205277,-0.17493007355226353,-0.33899385603519033,-0.2451959932743109,0.11295173282120345,-0.00339950115149535,-0.08610157065559532,-0.01204727107555244,0.2897959183673469,0.13060746360238745,-0.40378678609280494,-0.28054889273163386,0.4195618739491111,0.1541872195969368,0.02669237941174127,0.05411789081114679,0.01051566272741037,0.05065942034760019,0.24802333272239002,0.18278574217660512,0.007951294535776044,0.08395795647427265,-0.21957781160101683,-0.13779853214225948,0.18144219812095083,0.004733482616006184,-0.03079473101227996,0.2370853222194774,,-0.02900971399883655,0.5466869606100934,0.05754607973607249,-0.09035851747961973,0.2535584792292552,0.18513973336308362,0.15639458438588244,0.32581501167433,0.04927762592737212,0.19532708046123565,0.06639944536971368,0.1919275793097403,-0.00610412067990023,-0.26020766760433184,-0.029508562503486362,-0.13968555012789965,0.1354700411988302,0.13955486138227255,0.2611750830750106,0.17983568280885176,0.3133485803536565,0.17895751818884523,0.12212385149295954,0.037549107889934576,-0.11131971726605519,-0.2670879519320419,-0.04343010144315438,0.18767700754647818
#54,0.19778626015029205,0.04119883017635012,0.16713974930073552,0.19608890022233025,0.5061543242834033,0.30122002725338476,0.17102216130497494,0.23339097450772578,-0.08852409374526851,0.39287427583294154,0.20777757413000342,0.5438596211620143,1.0,0.43445401588983895,-0.12621823426754536,-0.10556463116289078,0.3411103762082732,0.1583628843962419,-0.18649602754026248,-0.1276143725744886,-0.13572982492489383,-0.04066651260269825,0.29651204488042776,0.09320179457960459,0.038828901337965877,-0.273361011722143,0.06712142100104392,-0.08671517025396648,0.3963231837053447,0.4301253496322387,0.07001410482193658,0.34638255145869357,0.011626517065240777,-0.05642247527671748,0.016895504785279986,-0.07523209205587741,0.04337113213110312,-0.3165106104917563,0.06578106447577078,-0.07202703025763214,-0.04184111754815163,0.30772099546573806,0.2903154858194742,0.125279506570297,0.3617018224704954,0.30869319223198843,0.06667516674768306,0.07540899999203117,0.04943859621162014,0.20624596578186136,0.1505263409541872,0.1644813489628573,0.14185466455227153,0.11227278885001872,0.00275083871893154,-0.043471539338109315,-0.3421415422865749,-0.39698619002462365,-0.03448748495884101,0.060703328578600516,-0.34085856130816244,-0.3451394146100455,-0.009519559483301325,0.0960100088453968,-0.00828439146060611,-0.00923586927937907,0.03204902421726207,0.13670202169114423,-0.33114296870642046,-0.30690180015778273,-0.0016750472152937707,-0.24199411900644677,-0.11573763437432763,0.007787136721146873,-0.19482026313063297,-0.14891345058132585,-0.5175130887966276,-0.3817848576369244,0.17322315103315827,-0.1309373729968364,0.20994509478918472,0.39497485835411866,,-0.049201125198224546,0.1360246714851501,-0.15601208074014455,-0.33582863836670945,0.36939173951501725,0.27359848273553855,0.22619990596785375,0.4210695758193945,-0.23629003338938073,0.24741132688920942,-0.08519312449696786,0.01922080819832814,0.12566360398122545,-0.12249998007793511,0.25217349727864596,0.10129493421734176,0.16659468160555904,0.1713982898899505,0.40585389954498,0.3686299197539227,0.1772123453051662,0.11594960514467403,-0.0021627393636095595,-0.2177688881097148,-0.46248834559204394,-0.44899552948864047,-0.16760672250157385,-0.06613806787845947
#58,-0.028861493836113125,0.02052132059383691,0.20398760050681733,-0.0837109228697336,0.17449816318561787,0.31867653738574697,0.3506634047605766,-0.028247894237741954,-0.08187968666576353,0.26653013411534077,0.2136490050920798,0.28212193897473087,0.43445401588983895,1.0,0.009619966690307517,0.0483612109427918,0.09601957143654026,0.22997394193913412,0.004374885448126927,-0.15634836519535578,0.06619703719051072,0.10699105100845492,0.1344133748774793,0.032168556606555154,0.08652869972666927,-0.1042896190104312,0.03008231797209317,-0.13351130377961415,0.4784228099674075,0.12110702930137303,0.12658798779175864,0.2045326682019938,-0.10513909585700738,-0.23058913530269584,0.06645841468176493,-0.30689701886221105,-0.01314537529185825,-0.2929834487484959,0.05217668480902709,-0.0647929300576146,0.012864872618317143,-0.1805321581971328,-0.05841468176493557,-0.0720110926057264,0.08516284295834695,0.08987401286168509,-0.17228442333590993,-0.11203372407143256,-0.12153575213763756,-0.05250181290790428,-0.028085330188303358,0.08992660711297405,-0.07784427320322897,0.17030815449959757,0.002808214265792221,0.03619121994756513,-0.21850998892333193,-0.37800763413526284,0.035714684155583355,0.04258540589214991,-0.13843603821848927,-0.27184055973033494,-0.12337017587198879,0.11299795201173012,0.06829124465092558,-0.13024567890412705,0.10140809154587255,0.33934448437711673,-0.12632979783088558,-0.2338005721617034,0.24351138346787368,-0.08272597598195858,-0.0968467355704484,-0.11451362270796643,-0.09856003315031596,-0.08964132314386121,-0.31993879941668196,-0.3373777781319478,0.21891958657730956,-0.08092980261218115,0.4181768919985019,0.3500848679963981,,0.20526580018965807,0.06853030942951174,-0.029559562989584745,-0.12352795862585565,0.24356716524954378,0.1671461243614978,0.02948624979081832,0.21371275569970277,-0.22795623520786681,0.18209723561427696,0.12155168978954331,0.09599885248906279,0.24639609846281346,-0.08478193307779965,0.09647538828104456,0.10192606523280925,0.0470686673732359,0.08183506124042744,0.3504434651642773,0.18145813577285658,0.08750408402330084,-0.06454270892269443,-0.24089920232052212,-0.2462813473690921,-0.2854656583445561,-0.1984142036353784,0.06620022472089188,0.010386567746973838
#101,0.0013562941771788762,0.057243264349863335,0.11161615759150205,0.10759668178087323,0.15774928479787073,0.2080724206902597,0.17100303612268805,-0.0072388814955892545,0.11045908406314497,0.2844520236833507,0.20495660974268662,0.023539911864784963,-0.12621823426754536,0.009619966690307517,1.0,0.4587318410378599,0.34441106391795295,-0.1330714245870156,0.7002908621472799,0.19830582760241933,0.8000510004860983,0.3189490712333352,0.15993911816972006,0.051056267880053234,0.33282279721728597,0.11053558479229256,0.009135462072372877,-0.2877033046721227,0.1366478336746647,-0.17207882762632581,0.12433759134266749,-0.19467841802867183,-0.0020113316705049843,0.029124465092557915,0.023276940608340173,0.17165169855525186,0.4513989273960267,0.1682537911689471,0.0581070850831547,0.05118536286048976,-0.10926216640502355,-0.08544334563188806,0.15988333638804994,0.10599176023396473,-0.35947692626445343,-0.29787471411836897,-0.33905282534724157,-0.5672385627425511,-0.47870490640613916,-0.43211914988564737,-0.41492242347934877,-0.39086931922319884,-0.2497908183187371,-0.3176820279068285,0.39321056028815277,0.16098781566511805,0.23585493549235392,0.07102933324833252,-0.3036568942297731,-0.2902342037947549,-0.07047310919682204,-0.11361952043605415,0.00031875303811489456,0.5206257122138196,-0.04029835284367554,-0.4065041557427344,-0.0584752448421774,0.2225262772035796,0.6347026432595686,0.10969885806724096,0.17833276223414005,0.1591804859390066,0.14185147702189035,-0.5594848950904063,0.09539003418626334,-0.022072054124265873,-0.001982643897074644,-0.137478185338954,0.4565579453179163,0.3009713998836551,0.05746479771135319,-0.14286989297866745,,0.31513678489748104,0.003125373538716541,-0.31890125827761795,-0.2702882324347154,0.03424842018025484,-0.2120122082413598,-0.362677206767127,-0.24321334937723627,-0.3368805233924886,-0.3226258875279905,-0.34896285730223364,-0.15458247336419925,0.31940170054745837,0.11294376399525058,-0.20419160245121087,-0.06465746001641579,-0.28865318872570506,-0.40983990628660677,-0.085484783526843,-0.3368661795057734,-0.2763987281753779,-0.2469810102877543,-0.21558224226824663,-0.09177378096884986,-0.1842615687430771,-0.05845133836431878,-0.12372239797910574,-0.029167496752703425
#102,-0.07822040178820454,0.1403692753946561,0.1771677198798301,0.15416968817984048,0.0849030592322833,0.3091569779024456,0.2846639944536971,-0.2206583844002263,0.009541872195969367,0.12995880116982364,0.1960155870235638,0.07451011642454718,-0.10556463116289078,0.0483612109427918,0.4587318410378599,1.0,0.16596673812047272,-0.05799711528500506,0.3020615352740081,0.43186892875072713,0.3839587533568679,0.6080596705687351,0.1843109754639849,0.21040569292926073,0.0404322291196838,0.3697869932822797,-0.250944704316713,-0.10065742814111198,0.06291388089792731,0.05376407493883926,0.17418100391269353,-0.0861461960809314,0.1554654192797775,0.22512570822940656,0.0068037835985624235,0.08464646303660081,0.3662791160978253,0.3763756185801146,0.004475292655133119,0.09952904238618525,-0.22942409294838592,-0.07518268533496959,0.0657300639896724,0.030321382750679342,-0.26343663588043575,0.1007116161575915,-0.11073002414554264,-0.184291850281698,-0.2501781032600467,-0.15574114065774688,-0.1444827833515288,-0.09180087497708962,-0.11576791591294855,-0.22000653443728135,0.14389468399620683,0.14250651451521648,-0.15207069942385387,0.1628955525982357,-0.22856664727585685,-0.2713162109826359,-0.31570894660089727,-0.3988971144881225,0.26979575899082786,0.3983010463068476,-0.3443090629457562,-0.22599909155384137,0.315092159472145,0.45031357330124555,0.4745228665460718,0.45950800468566966,0.21035309867797178,0.3980030122162102,0.25447011291826377,-0.26598347265497374,0.10597582258205898,0.14559204392416866,-0.20948609041429925,-0.31400680537736375,0.34092709321135717,0.5278486560575031,-0.004594825044426204,0.09630166787527193,,0.20363219086931922,0.09728980229342811,-0.49016248436117904,-0.44647259919196103,-0.1081098741722382,-0.13120831307923403,-0.08321685566065551,-0.15178063415916934,-0.4630397883479827,-0.046872634254795244,-0.38604021069575817,-0.10495262532971017,-0.09888197371881201,0.24434173513216298,-0.19269258660121605,-0.11124959159766991,-0.07860928049470471,-0.2102319725234881,-0.038075050402824155,-0.17695415534429312,-0.0044481986468933536,-0.14828072580066778,-0.0776354899632637,0.0019204870546422395,-0.3321741347847222,-0.0037373793718971384,-0.2241439488720127,-0.08044848552462766
#201,0.11620301380997537,-0.16031365298950506,0.5852528906916145,0.536182454239017,0.3965367482408817,0.4243846074157894,-0.035885217030974824,-0.04935093912613855,0.03793958036162532,0.5145741857852083,0.22658081584840106,0.38939030512634576,0.3411103762082732,0.09601957143654026,0.34441106391795295,0.16596673812047272,1.0,0.3958482416785535,0.030064786554996854,-0.21968618763397588,0.19165026416658035,0.043183067838615335,0.5389922622699997,0.19484735713887272,0.37617639793129276,0.0683151511287842,0.35403899943421335,-0.011223294472025436,0.30160731219469433,0.09409111555594514,0.430978014009196,0.45870952832519185,0.4650367761317725,0.2915713727896469,-0.02936193610595351,0.13411215325646073,0.3680928208846991,-0.13791806453155256,0.22977790882069346,0.14029436843069912,0.040687231550175715,0.1298870817362478,0.1619902939699894,-0.07428539553267617,0.00622524683438389,-0.12652583094932623,0.18100231892835228,-0.054309142634015733,0.12861047581859764,-0.047393795472113094,-0.005557459219533187,-0.049196343902652824,0.18026918694068803,0.18942536796053838,0.3481882874196145,0.23542621265608937,-0.2719728422411526,-0.40546661460367045,-0.04776992405708867,0.05641450645076461,-0.1521073560232371,-0.10753133740805967,-0.14454812772434236,0.44522149351736007,-0.032578154260532795,-0.24467005076142131,-0.062175967614691324,0.17578911298998318,0.04726629425686714,-0.22543171114599686,0.14807831762146484,0.1304799623871415,-0.17710396927220712,-0.17660830829793847,-0.306050729546016,-0.17790882069344724,-0.365362701113245,-0.27802277490457333,0.5867494362055639,0.05832383714907283,-0.22280359234673955,0.25926575237670235,,-0.10249982070141606,-0.10516459610005657,-0.3127875750065743,-0.35163560152682705,0.18218011140418683,0.2660296918455004,-0.2975193044808708,0.1463682075719784,-0.30896413231438613,-0.07446230346882994,-0.41926224609328305,-0.3054323486520731,0.5446915665914941,0.11661739275952474,0.33263473292479817,0.26372988867550146,0.22342197324068244,0.03503574018439863,0.5442755938767542,0.25935181569699334,0.33401652734502624,0.2293491859844289,0.37667365267075203,0.232090462112217,-0.1937954721130936,-0.22971256444787988,-0.3963550590091562,-0.26853509072508347
