,#10,#11,#12,#13,#17,#18,#26,#49,#50,#51,#52,#53,#54,#58,#101,#102,#201,#202,#301,#302,#401,#402,#501,#502,#601,#602,#701,#702,#801,#802,#901,#902,#1001,#1002,#1101,#1102,#1201,#1202,#1301,#1302,#1401,#1402,#1501,#1502,#1601,#1602,#1701,#1702,#1801,#1802,#1901,#1902,#2001,#2002,#2101,#2102,#2201,#2202,#2301,#2302,#2401,#2402,#2501,#2502,#2601,#2602,#2701,#2702,#2801,#2802,#2901,#2902,#3001,#3002,#3101,#3102,#3201,#3202,#3301,#3302,#3401,#3402,#3455,#3501,#3502,#3601,#3602,#3701,#3702,#3801,#3802,#3901,#3902,#4001,#4002,#4101,#4102,#4201,#4202,#4301,#4302,#4401,#4402,#4501,#4502,#4601,#4602,#4701,#4702,#4801,#4802
#10,1.0,0.4930711058339775,0.5280048450461794,0.5202081457338891,0.34742646765851987,0.11265688626094718,0.3364247065479843,0.7216473157009777,0.09551594163631873,0.5056602570743253,0.5026034154388034,0.1330028926838209,0.11310951557507032,-0.13066643291443872,-0.09011626517065241,0.2507566400242252,0.35051199706747205,0.36783144339344487,-0.14221326172015078,-0.046319597733665896,-0.20174676664886962,0.26993601032759845,0.06904031429049558,0.18302958825076301,0.016916223732757453,0.11378208448549275,-0.13854282048625777,0.10328873447075042,-0.14346277362956117,-0.036009530715839635,-0.11442437185729426,-0.11725808636613567,-0.20020718947477467,-0.02967590784849668,-0.2814015571085912,-0.03564615225238866,-0.40985425017332194,0.023833164659850664,-0.38005562240515106,-0.08783399341774976,-0.3101020806604563,-0.2264596896939174,-0.05548852887504084,0.023712038505367003,-0.378673827984923,0.15224601359481707,-0.15992318051781432,-0.2284885527815187,-0.3119938799416682,-0.13956920526898772,-0.2827578512857701,-0.17188120074269458,-0.18922614731171655,0.03779614149447362,-0.14050315167066435,-0.014924017244539362,-0.36207795105547097,-0.17772394393134058,-0.03742957550064149,-0.10743889902700635,0.261109738702197,0.3829259935133757,-0.25303572424674675,-0.025731339001824862,0.1975216951286567,0.03889583947597001,-0.02872761756010487,0.0546358644980835,0.1821625799870905,0.11848687932806859,0.29098167966913435,0.31881200742694576,-0.11611854425487493,0.0678147088589438,-0.24056132410012032,-0.1805512833794197,-0.2728127564965854,-0.3163448589119365,0.010823259409191243,0.07104527090023827,-0.2021228952338452,0.1793352405390114,-0.05755086103164421,0.2008941022719123,0.2263847827299604,-0.1080285921475189,-0.2852536875742097,-0.01584680728988198,0.10024783048713433,0.0010040720700619178,-0.018203986006741626,-0.2430730980404657,0.06959335081162492,-0.10347998629361936,-0.1729410545944266,0.3483827267728646,0.4272406346372989,0.07173058993218528,0.1892930854497207,-0.13997242786220307,-0.3061431679270693,0.11639585939803489,-0.1124241965431233,-0.0621839364406442,0.12968945485261657,-0.12918423128720447,-0.13316386296806892,0.09264875805847525,0.06887296894548527,0.27634613392408897,0.09018957836941884
#11,0.4930711058339775,1.0,0.18707775183482217,0.34598411016104996,0.10961757604252166,-0.06229231247360326,0.4504219493342046,0.19769222800404818,-0.005431551769477803,0.5426499533823682,0.19488241997306538,-0.11626198312202664,-0.018852648439305435,-0.28535090725083473,0.02192861525711417,0.4492473443887512,-0.030055223963853406,0.18665540405931993,0.07826980850911235,0.16568942297731276,-0.20958649762130546,0.2099769700929962,-0.12905991760233965,0.049860943987122375,-0.13683271043677134,0.23680641331112687,-0.06416817410290941,0.26487102455195277,-0.039809066930169175,0.1502522133414084,-0.13286104758185976,0.07251950370151966,-0.06997107316179108,0.15566782745898047,-0.2251416458813123,0.1364486130258429,-0.19093147606563124,0.16127628716461204,-0.09677660990206313,0.14994302289443695,-0.1997131222656966,0.14125062754504378,0.14083306106511329,0.11894907123333519,-0.08270366326929053,0.15995186829124466,-0.05057335702730917,-0.06516587111220903,-0.1564153033333599,0.03637769047486234,-0.12055718031062483,-0.07357298249248938,-0.1715927292432006,-0.0724796595717553,-0.14684793089434134,-0.08690004701607312,-0.41028137924439595,-0.2854800022312713,0.11954832694499119,0.22240355728390537,-0.045654997649196345,0.22471292304504778,-0.22127517152897863,0.21823745507574369,0.26524077807616603,0.17595167703942177,-0.22521974037565046,0.07675891910844775,-0.16682099626262062,0.16893114137494122,-0.10609854250173321,0.0710245519527608,-0.38941261783901376,-0.2524747188996645,-0.25753651714492903,-0.2837682984165943,-0.3487094486369323,-0.5406959972587239,0.06629266310194519,0.34136378487357455,-0.05670775924583031,0.03601431201141136,-0.04353688371092287,0.052914598092263065,0.0009530715839635346,-0.3253560072994446,-0.3219102869574226,-0.01877774147534844,-0.13177569348707854,0.021520611368327103,-0.08437871048458431,-0.1903354078843564,-0.033453131350158184,-0.0315167066436102,-0.04770617344946569,0.11184725354413534,0.252068308776068,-0.07461211739674393,0.18423288096964674,-0.12769087330363618,-0.2545227071695527,0.016906661141614005,-0.021098263592824868,-0.018218329893456797,-0.0013897632461809402,-0.2153638964371379,-0.22342994206663533,-0.09404649013060906,-0.12560144713879304,0.1895927133055487,0.2832391683733236
#12,0.5280048450461794,0.18707775183482217,1.0,0.48628804118289254,0.40346962681988063,0.3766561212536557,0.28861971965670297,0.5190064467801959,-0.24252006151933636,0.361789479555977,0.36352987114408436,0.269102471132928,0.2966857652862004,0.09169249894413056,-0.3806708157687128,-0.1365617703543737,0.5874634430109412,0.72806222059304,-0.39252524125620575,-0.3260716078700125,-0.3050705639538127,-0.047338013690442986,0.26939094263242197,0.015583836033437194,-0.06805058610714883,-0.23183227215134394,0.21071647714142275,0.22588912175569173,-0.13550510403302282,-0.1903991584919794,0.2857525360788595,-0.04131358127007148,0.3362987990979289,-0.08789615026018217,-0.34815003705504066,-0.28940703966084674,-0.3025173521185124,-0.33479269099283604,-0.4560830032911251,-0.4516252420530883,-0.1887368613982102,-0.3676864107611026,0.018463769732805266,-0.1137725218943493,-0.19543545649419472,-0.03712516634924177,0.036049374845604,0.153111428093299,0.007584728541943916,0.07929619329184232,0.22944799942624453,0.22909896484950873,0.24124664313206734,0.32918104375682333,0.26271944154467725,0.2619416841316769,-0.24441823586131056,-0.33988317701153087,-0.13263154539441704,-0.14284917403119,-0.11209269338348381,-0.009961032441090454,-0.4399716309796078,-0.23712197881886063,0.41419407278725623,0.31368805233924885,0.06964275753253273,0.02181864545896453,-0.007393476719074979,-0.0545482074126019,0.5494138928511663,0.5044266828168206,-0.0948927794468041,0.19237223979791057,-0.3353425399835842,-0.213161312943764,-0.3194032943126489,-0.12047111699033382,-0.03713313517519464,-0.15020758791607233,0.06456820916574361,0.2770983910940401,0.1682585724645188,0.17617321040091163,0.18236020687072174,-0.1709376917498745,-0.1709998485923069,-0.0011172293985927052,-0.02158276821075951,0.05811186637872642,-0.11475428125174318,0.07379929714955095,0.26745611169106454,0.057268764592912524,-0.05800667787614851,0.5083314075337281,0.29843571946545117,0.6398871614245073,0.5465977097594211,0.19075775565985864,0.1250802859214752,0.5647204137414434,0.2653109037445513,0.24425726557706254,0.32405868243431696,0.16949692801759517,0.3262915474663118,-0.23623743913809178,0.18554773725187068,-0.2448963654184829,-0.32906788642829254
#13,0.5202081457338891,0.34598411016104996,0.48628804118289254,1.0,0.3728964291690905,0.38021659268939906,0.16509016726565676,0.38533098518595255,-0.2495469722445792,0.5032361402194615,0.04807433320848839,0.1606467499143351,0.08174262285937413,-0.15288670720142802,-0.2125939325359195,0.021213014686546232,0.4010423224346357,0.21191976986030647,-0.1812126959335081,-0.0641378925642885,-0.31616795097578276,0.025632525560009244,0.07666169943182272,0.14281889249256907,-0.13181394385165235,-0.04890309110758712,0.07481930687151862,0.2719553108240563,-0.0073392887025954465,0.12843038035206272,0.1553602307771996,0.032756655961877136,0.17238164301253497,0.0739395484863215,-0.11932679358350134,0.13424921706285012,-0.059820382663022253,-0.01852273904485652,-0.32961454788865957,-0.08533656336411956,-0.1896676202695057,-0.2340444182358613,0.06368526325016535,-0.08942457107794309,-0.2624612515838042,0.13879941668194026,0.11487540740622684,0.12432962251671462,-0.12788690642207684,0.044725832543091426,0.05469324004494418,0.10905497693024886,-0.001925268350213963,-0.011583485405095267,-0.1448891934751253,-0.15545745045382464,-0.29638932496075354,-0.21566671182334707,-0.11408489987170191,-0.147557156404147,0.08431495987696133,0.11844544143311365,-0.06415223645100368,-0.004911984317350525,0.3146235925061161,0.14631720708588003,0.021691144243718572,0.019340340587621227,-0.20689622197961574,-0.18163344994381977,0.04804723920024863,0.060153479587852325,-0.13209444652519345,0.11500450238666338,-0.06150021117388775,0.030358039350062555,-0.1378096884985935,-0.28383045525902667,-0.1644701926065233,-0.18234586298400657,-0.06880124951190941,0.3258723872211907,-0.06931603566846496,0.05454980117779248,0.14811497422084804,0.017156882276534197,-0.19518842288965566,0.07441289674792213,0.11914510435177585,0.058814716827769765,-0.08557403437751517,0.1096892954760975,0.09473977798850895,-0.13022655372184017,-0.18812166803464844,-0.021609862218999274,0.04947047151543163,0.21886061726525832,0.2908398345671732,0.17989305835571245,0.027670951238753995,0.1437544326594363,0.05897887464239893,0.2215014861860402,0.23795711177872164,0.19374765915737635,0.1318537879814167,0.04606300153798341,-0.18654065296559857,-0.10172206328841572,-0.09691526747364311
#17,0.34742646765851987,0.10961757604252166,0.40346962681988063,0.3728964291690905,1.0,0.5906414108009467,0.11067424236387254,0.24221405860274606,0.1083967519065416,0.19625465180215,0.33073655858282397,0.6364749101514874,0.5231454549801178,0.12193419343528118,-0.1530189897122457,0.03666297444397517,0.39953621432954284,0.47679238817744984,-0.34070396608467673,-0.1486727920375491,-0.33864482145845454,-0.03670600610412068,0.318024687422802,0.2767971694730215,-0.020937293308576847,-0.12509462980819036,0.026673254229454376,-0.10327598434922583,-0.07905394098287499,-0.03131111093402609,0.19866601853548915,-0.2612531775693487,0.1266342069822853,-0.3539927802436867,-0.23130951716883552,-0.21233414880985585,-0.1324530436930727,-0.14478559873773797,-0.3724979878714469,-0.34057487110424023,-0.08302719760297715,-0.28091386496027543,0.18790332220353975,0.057330921435344934,-0.19047406545593637,0.21647953207054005,-0.07505199658934249,-0.09996095275283093,-0.2109698858067241,-0.0035827841484114146,-0.002653619042306497,0.11823825195833898,0.007079504976531807,0.15601367450533513,0.001698953693152388,-0.001055072556160301,-0.4000541880164795,-0.3778163823123939,-0.015056299755357043,-0.06995991680545705,0.13337902126879647,0.15254404768545451,-0.06693335670855613,-0.062268405995744645,-0.05021794738981106,0.06300950680936178,0.27269641163767344,0.1801273418387269,0.06549418674146738,-0.051923276143725744,0.27077114328745944,0.14389787152658798,-0.0788850018726741,0.027812796340715124,-0.21179864370582283,-0.12972292392161863,-0.17021730988373482,-0.19184310975463986,0.3217955358637012,0.12837778610077377,0.2018296424387795,0.5217732231510331,0.08678688968754233,0.45117580026934634,0.6160539967646567,-0.028526803146092485,-0.10664679772729084,0.33731880881989657,0.1382479739260015,0.3909059758225821,0.2754759381300353,-0.07840368478512061,0.1603359657021731,-0.21400600849476847,-0.13109993704627498,0.2253408665301341,0.328051064236706,0.2635370430874419,0.19390225438086206,-0.02504283243949669,0.09497087394114224,0.4092390568097602,-0.008107483524452343,0.37860688984691887,0.19753285148499072,0.034092231191578545,0.17549107889934576,0.1351943198208608,-0.041149423455442306,0.024920112519822454,-0.034965614516013356
#18,0.11265688626094718,-0.06229231247360326,0.3766561212536557,0.38021659268939906,0.5906414108009467,1.0,0.1285068810812103,0.1292320442429217,0.09523384519758704,0.2581501167433002,0.06310991401636797,0.5056506944831818,0.6076452916191858,0.23293515766322148,-0.1751022001928456,-0.305410035939405,0.5124273840735044,0.3481946624803768,-0.3519320418522739,-0.21884467961335258,-0.236274095737475,-0.16797488226059654,0.4238315708946601,0.16494194710293333,-0.01453513853803919,-0.36162532174134787,0.06249312688761565,-0.09560200495660974,0.06718039031309517,-0.12403796348683949,0.30930679183035964,-0.1594004255353059,0.4015300145829515,-0.2629776315055503,-0.20352700236674132,-0.10526978460263449,0.13522938265505344,-0.2798109794483979,-0.28719329981113884,-0.4609344245312338,0.07309804046569819,-0.33941779757588314,0.23604618731522284,0.10971798324952785,0.052246810477412364,0.13586529496609265,-0.04374566695088813,0.08517399931468096,-0.0482050219541155,-0.03491461402991497,0.16181657356421678,0.20420275880754488,0.13297898620596227,0.27814390105905695,0.1565284606618907,0.0774235191929173,-0.16282542692985041,-0.3184916606236403,-0.08693192231988461,-0.15206751189347273,0.023976603527002368,0.006123245862187124,-0.03346747523687335,-0.10045342619671843,-0.05110248707057989,0.15073034289858075,0.27232028305269784,0.06124042744782411,-0.002051175800269346,-0.13507797496194884,0.2571938576289555,0.15942911330873621,-0.009109961829323686,0.12777534285873662,-0.034031668114336715,-0.07106120855214401,-0.13670042792595366,-0.0791782546677398,0.416607033285786,-0.0722676888014089,0.21635999968124697,0.2315278629999442,-0.018643865199340182,0.3217891608029389,0.29582831961367134,0.05167146124361498,0.04865286997266693,0.30114671405461835,0.09078724031588425,0.1430914263401573,0.1698140872905195,0.07401445545027852,0.2303612268804437,-0.017236570536062923,0.05173839938161911,0.11531847412920654,0.06208512299882858,0.31033477037828017,0.1571579979121676,0.06478177370128059,0.11278757500657428,0.37321199467682425,0.22902246412036115,0.28718533098518595,0.07497071456462319,0.1634326514674593,0.2815465897409335,-0.027007944919475012,-0.1482169751930448,-0.13501741188470703,-0.19823092063846234
#26,0.3364247065479843,0.4504219493342046,0.28861971965670297,0.16509016726565676,0.11067424236387254,0.1285068810812103,1.0,0.3390225438086207,0.07446389723402051,0.5393636095594037,0.3538142785423424,-0.009882937946752305,0.353849341376535,0.23104654591239074,-0.06820040003506284,0.14539919833610915,0.2584226505908884,0.16055590529847238,-0.13459028281363306,-0.052857222545402385,-0.3731211500609615,0.03262118592067831,-0.10396927220712572,0.03374797791041446,0.04169130362023763,-0.009384089442102495,0.22849652160747158,0.11672895632286495,-0.055587342316856456,0.08974810541162971,0.15131206719314044,0.26456024033979075,0.164474973902095,-0.011495828319613672,-0.3107634932145447,0.05712373196057025,-0.24455051837212824,-0.015491397652383875,-0.37986915187785386,-0.09395405174955573,-0.1784921387531975,-0.011036823944728224,0.06519455888563938,-0.14452103371610261,-0.13734909035851747,-0.08579238020862387,0.061976746965869516,0.023855477372518707,0.023790132999705154,0.034235670058730246,0.10217628636772945,-0.07304544621440923,0.2097522492011252,-0.08799336993680722,-0.0850225916215764,-0.07175290264485333,-0.3235869279379069,-0.21764298065965942,-0.06929372295579692,-0.03177967790005499,-0.11775374734040434,-0.035974467881646995,-0.07345185633800572,0.20739028918869382,0.25427089226944194,0.04963781686044195,0.09375164357035277,0.40937452685095904,0.1314537529185825,0.10925101004868952,0.3228649523065767,0.27416905067376424,0.038043175099012665,0.09948760449123031,-0.10875853660480202,-0.06091689311413749,-0.1992381802389054,-0.17069065814533546,0.20273649483221637,0.12677445831905584,-0.019813688849221845,0.055380152842081774,-0.048090270860394135,0.0890117858935843,-0.09694873654264517,-0.3738829698220561,-0.334481906780674,0.0693574735634199,0.10111005745523512,-0.16537226370438843,-0.1624779861183052,-0.373153025364773,-0.1822311118902852,-0.26033835634995894,-0.20771541728757104,0.23183386591653452,0.2539425766401836,0.2209962626206281,0.13054849429033621,0.08744670847644016,-0.0275083871893154,0.11203053654105141,-0.0260596546310832,0.052973567404314324,0.07465514905688944,-0.04682482129907801,0.006128027157758847,-0.23756185801145918,0.0023428348301444747,-0.05339432141462598,0.007163974531632255
#49,0.7216473157009777,0.19769222800404818,0.5190064467801959,0.38533098518595255,0.24221405860274606,0.1292320442429217,0.3390225438086207,1.0,0.19466885543752838,0.39850504825124117,0.6149797990262095,0.21277721553283555,0.16470925738510944,0.1193108559315956,-0.09433177409972189,-0.017746575397046754,0.418768178884205,0.2990493190638223,-0.20979209333088955,-0.17114169369426802,-0.20926296328761884,-0.008684426523440302,0.1504084023300847,-0.03590434221326172,0.11797368693670361,-0.14094621839364407,-0.008222234618173705,-0.035859716787925634,-0.026528221597112097,-0.04114304839468001,-0.13964411223294473,-0.009078086525512197,-0.12990142562296297,-0.02623656256723697,-0.08058236180063591,-0.06327407183099713,-0.14707743308178406,-0.1282502848855278,-0.30742614890548176,-0.2882627162540143,-0.13843603821848927,-0.21579740056897417,-0.05043310569053861,-0.26450286479293006,-0.5065846408848584,-0.1429973941939134,-0.12270398202232866,-0.12858656934073903,-0.20678147088589438,-0.21243774354724318,-0.1949621082325941,-0.16397134410187347,-0.03492258285586784,-0.009223119157854473,0.028177768569356675,0.007253225382304425,-0.3500848679963981,-0.1784347632063368,-0.3321852911410562,-0.3123620397006909,0.3118026281187993,0.36906023635537777,-0.053815075424937645,-0.1094087928025564,0.15341902477507988,0.0840233008470862,0.1937141900883743,0.07481930687151862,0.3363673310011236,0.15046896540732654,0.4074731649786037,0.4375841707241272,0.031970929722923924,0.1530636151375818,-0.08751045908406314,-0.010238347584250412,-0.18784913418706023,-0.09722605168580513,-0.03974053502697448,-0.22939062387938386,-0.07306297763150554,0.20248308616691502,-0.08016957661627712,0.1985273609639092,0.28646176158866515,-0.0016033277817179194,-0.17587517631027422,0.14301811314139087,0.16703934209372934,-0.03334156778681797,-0.09462980819035931,-0.20148220162723426,-0.040888045964188095,-0.21238355553076366,-0.3011993083059073,0.33483572265298156,0.18850257791519576,0.15143478711281466,0.14935651730430555,-0.0856218473332324,-0.30098255623998915,0.0850592482209596,0.0413311126871678,-0.14827594450509607,-0.004845046179346397,-0.0556845619934815,-0.06144442939221764,0.1698937755500482,0.19059519161042004,0.1876578823641913,-0.08094892779446804
#50,0.09551594163631873,-0.005431551769477803,-0.24252006151933636,-0.2495469722445792,0.1083967519065416,0.09523384519758704,0.07446389723402051,0.19466885543752838,1.0,0.10080405453864483,0.3332021133326427,0.08878865876690387,0.13412809090836647,0.07360167026591972,0.30471356055112403,-0.082200033469069,0.059386878531186,-0.07980141685725442,0.08587206846815258,7.968825952872364e-05,0.25715401349919115,-0.06219190526659707,0.16552845269306474,-0.09096892954760975,0.2541178908111468,-0.1482616006183809,-0.2905609256588227,-0.42607399851779837,0.20541561411757206,-0.021845739467204296,-0.17149550956657555,0.01305612444118608,-0.22471611057542892,-0.14267545362541736,-0.01294934217341759,-0.06149861740869718,0.2161018097203739,-0.033948792324426845,0.14026727442245934,-0.17369331176437774,0.09685629816159186,0.003281562527392839,-0.2222330244085139,-0.01743897871526588,-0.0013339814645108336,-0.16270908207093848,-0.20589533743993496,-0.31416299436604006,-0.28052498625377525,-0.44169608491580936,-0.27292591382511616,-0.23767979663556169,-0.26979735275601846,-0.1650184478320809,-0.124680250858641,-0.12005195674521273,-0.055996939970834096,-0.05947294185147702,-0.12665492592976277,-0.248322960578218,0.26251225206990253,0.2114878594936608,0.23035325805449083,-0.0020687072173656653,-0.37679477882523565,-0.21916183888627688,0.24553546525990325,0.06031444987210034,0.4265664719616859,0.08656057503048076,0.1624397357537314,0.1547035995186829,0.2858274430428165,0.1718668568559794,0.31562925834136857,0.11474949995617145,0.08377148594697544,0.053469228378582985,0.241068141430723,-0.10792659117532213,-0.05636191219947565,-0.16394903138920544,-0.034994302289443696,0.13083377825944903,0.18653746543521743,0.0701942002884715,0.02992134768784515,0.05965781861358366,-0.11128306066667198,0.022711153965686237,0.14685271218991305,-0.16615798994334166,-0.23292400130688745,-0.18520029644032546,-0.0705496099259696,0.12296057821801114,-0.06741467379610962,-0.3020296599701966,-0.3139462423001219,-0.2036019093306983,-0.2150786124680251,-0.0968467355704484,-0.1536819960315247,-0.23566049613910384,-0.2577213939070357,-0.24904334244435766,-0.36560495342221233,0.26041963837467824,0.027317135366446463,0.30617823076126194,0.12673620795448207
#51,0.5056602570743253,0.5426499533823682,0.361789479555977,0.5032361402194615,0.19625465180215,0.2581501167433002,0.5393636095594037,0.39850504825124117,0.10080405453864483,1.0,0.4390902788292201,0.13466678354278064,0.22565324450748672,0.09774880666831355,-0.013853007036473316,0.0618843085848162,0.4205978213229845,0.2525081879686666,-0.03192311676720669,-0.15259186064117172,-0.25538971543322525,-0.12341002000175315,0.03011100574552351,-0.034176700746678994,-0.19077528707695496,-0.22066954075656034,0.08211078261839683,0.012679995856210505,0.07825865215277833,0.07337535560885815,0.032904876124600566,0.19577811601016823,0.13041302424913737,0.117949780458845,-0.23636015905776603,0.0840918327502809,-0.05691654248579557,-0.08463371291507622,-0.3185665675875973,-0.23035963311525312,-0.21589302648040865,-0.05608619082150627,0.08666735729824925,-0.1121803504689654,-0.11165759548645698,-0.16260389356836058,0.007775980364812852,0.013507159990118655,-0.0002741276127788093,-0.028732398855676595,0.05420873542700954,-0.059071313023452254,0.041154204751014035,0.014992549147734064,0.020894261648431337,-0.1447521296687359,-0.30135071599901186,-0.4749515893823363,-0.0650001195323893,-0.09257544485970882,0.08489509040633043,0.189449274438397,-0.10028608085170812,0.03376072803193905,0.271787965479046,0.13557841723178923,0.13804556574679852,0.17354987289722607,0.004982109985735801,0.046490130609057365,0.3259488879503383,0.3094167616285093,-0.20193164341097625,-0.006652375905457849,-0.10589613432253026,-0.11167353313836273,-0.2704922343791089,-0.3834168731920726,0.1683844799145742,-0.015419678218808023,-0.21130457649674472,0.19233080190295565,-0.00046219190526659707,0.21072444596737563,0.11004151758321447,-0.17390847006510532,-0.213311126871678,0.1427423917634215,0.048761246005625994,-0.08054411143606212,-0.046235128178565454,0.0019507685932631546,-0.008905959884930153,-0.19132672983289373,-0.19352771956107706,0.2585836208751365,-0.0007873200041437895,0.12974045533871495,0.2192367458502339,0.134781534636502,-0.19438516523360613,0.1730414618014328,0.10818159360581406,0.10577022687247488,0.12962889177537473,0.006778283355513232,-0.09054817553729809,0.02212146084517368,-0.1346078142307294,-0.01071169584585103,0.041551052283467074
#52,0.5026034154388034,0.19488241997306538,0.36352987114408436,0.04807433320848839,0.33073655858282397,0.06310991401636797,0.3538142785423424,0.6149797990262095,0.3332021133326427,0.4390902788292201,1.0,0.22965200137063807,0.3263537043087442,0.34885766879965574,0.002412960498529752,0.08518674943620556,0.23610356286208353,0.3243296225167146,-0.014860266636916383,-0.012460056259911227,-0.13732040258508713,-0.012985998772800803,0.11986548621791551,-0.0022264899712325383,0.055270183043932136,-0.10564910071799122,0.0007697885870474703,-0.13021858489588728,0.0721672815944027,0.02707807058786029,-0.09086692857541298,0.09872578473013571,-0.14387715257911052,-0.007944919475013747,-0.11978739172357737,-0.060649140562120986,-0.13732677764584944,-0.003568440261696244,-0.21942162261234052,-0.2221198670799831,-0.1337073368980548,0.015179019675031278,0.1401764298065966,-0.16480328953135334,-0.45756201738797825,-0.2711600219939596,-0.24606778283355513,-0.34320777119906926,-0.18160316840519886,-0.23368582106798205,-0.22532652264341896,-0.17769525615791026,-0.06414108009466965,-0.0800213564535537,0.011441640303134139,-0.015802181864545895,-0.37668162149670487,-0.30163281243774354,-0.3358732637920455,-0.31992604929515733,0.1942624453139319,0.28510865494186743,-0.007259600443066723,-0.05693248013770131,0.13246420004940673,0.043616571970451594,0.2742391763421495,0.19367275219341934,0.4091753062021372,0.2754313127046992,0.4997298568001976,0.40856330036895666,0.028420020878323998,0.05274884651244332,-0.035372024639609846,-0.17294264835961717,-0.22724382216768005,-0.2419989003020185,0.1680019762688363,0.030796324777470536,0.025892309286072883,0.17602977153375993,-0.04177099187976636,0.32818494051271424,0.32381324259496846,-0.199850186072086,-0.2774904573309214,0.1874698180717035,0.18159679334443657,0.07657722987672226,0.03760010837603296,-0.3274279020471914,-0.20235558495166908,-0.3956729275075903,-0.4393532500856649,0.38712875232092053,0.2965423264190487,0.0396767844193515,0.020597821322984485,-0.2232370964785758,-0.3148961263537043,0.18418984930950122,0.08487915275442469,-0.16572289204631482,-0.07645291619185746,-0.2729992270238826,-0.20126704332650672,0.10213006717720279,0.1250739108607129,0.18900302018503615,-0.005675397843635697
#53,0.1330028926838209,-0.11626198312202664,0.269102471132928,0.1606467499143351,0.6364749101514874,0.5056506944831818,-0.009882937946752305,0.21277721553283555,0.08878865876690387,0.13466678354278064,0.22965200137063807,1.0,0.4925403820255162,0.2767732629951629,-0.15775247232825187,-0.195966180302656,0.32427065320466336,0.225060363856593,-0.3612205053829419,-0.3490282016750472,-0.24080357640908764,-0.169418833523257,0.30152762393516563,0.19045494027364948,-0.08668010741977385,-0.20939843332881766,0.10731458534214154,-0.2822430651292145,0.07235534588689048,0.08984691885344533,0.21310074986652217,-0.11907179115300942,0.24021069575819395,-0.12435193522938265,0.0663548199443776,0.13789256428850338,0.176598745706795,-0.030664042266652855,-0.18906995832304027,-0.21514873813641036,0.08567284781933078,-0.09545219102869575,0.1947867940616309,-0.005329550797281037,-0.08664663835077178,-0.016324936847054324,0.08868506402951654,0.014186103961303381,-0.07740280024543984,-0.07976954155344293,0.17067790802381086,0.012251273019945972,0.11283857549267266,0.07405429958004288,0.018337862282749882,-0.1645929125261975,-0.27381204727107555,-0.4063989672401565,-0.12173019149088765,-0.22792914119962707,0.10210297316896301,0.057069543944090716,0.2037405669022783,-0.22229677501613687,-0.2169130362023763,-0.10898166373148244,0.41490489206225245,-0.03411135637386544,0.05651172612738965,-0.09010670257950897,0.20292934042027588,0.07938385037732391,-0.029084620962793552,-0.027160946377770164,-0.11894110240738232,-0.19529679892261473,-0.08344635784809824,-0.08553100271736964,0.24112073568201198,-0.09054020671134522,0.3929013698411813,0.5555514826000685,0.03418626333782244,0.6117587995760585,0.6063718732319168,0.25066420164317194,0.06565356326052482,0.27265497374271846,0.2571572010295723,0.4401756329240013,0.28258413087999745,0.1416187873040665,0.13449146937181744,-0.03404123070548016,-0.11348405039485533,0.0694578807704261,0.05728470224481827,0.09207181505948729,0.009014335917889218,0.24841858648965248,0.10433105690538613,0.2681159304799624,0.10082317972093172,0.24592912526197516,0.20477810804134228,0.2897975121325375,0.16691184087848338,0.06958060069010033,-0.05403182749085577,-0.05361744854130641,-0.2660376606714533
#54,0.11310951557507032,-0.018852648439305435,0.2966857652862004,0.08174262285937413,0.5231454549801178,0.6076452916191858,0.353849341376535,0.16470925738510944,0.13412809090836647,0.22565324450748672,0.3263537043087442,0.4925403820255162,1.0,0.43847667923084893,-0.27519862298687536,-0.10607304225868402,0.23933093737299685,0.2769517646965073,-0.2525129692642383,-0.040894421024950396,-0.365471077146204,-0.08233231597988669,0.33997880292296534,0.3051582210392943,0.06296966267959742,-0.09944297906589422,0.14899473260604515,-0.09489437321199468,0.0722166883153105,-0.09745077257767613,0.4314928001657516,-0.02528189721808286,0.24911346811274296,-0.255888563937875,-0.2557244061232459,-0.09147893440859359,-0.10976101490967335,-0.13465243965606546,-0.42859214751890606,-0.33729330857684736,-0.05806086589262804,-0.29958960546342706,0.1073671795934305,-0.04985775645674123,-0.056575476735012634,0.11233494569245113,-0.029352373514810064,-0.029819346715648384,0.023522380447688642,0.04600881352150388,0.19081353744152874,0.16589023739132513,0.22444038919745954,0.25596825219740377,0.11302663978516045,0.10562838177051374,-0.2607415789431743,-0.18441935149694397,-0.08089155224760736,-0.038855995346205645,-0.08283594578010822,-0.12536556989058803,0.0027062132935954547,0.010600132282510819,-0.008378423606850002,0.008968116727362557,0.40832423559037045,0.23388026042123214,0.15269704914374965,0.10738152348014567,0.3745937890970523,0.1448461618149798,0.07618516363984094,0.2337511654407956,-0.05365251137549905,-0.08111467937428779,-0.2623018750647467,-0.09613910382583334,0.4346006422873718,0.055408840615512114,0.30038967558909546,0.26527584091035866,0.06169146299675669,0.33865438404959797,0.3151973479747229,-0.24150323932774984,-0.2366741308003092,0.37293786706404547,0.245101961128067,-0.010842384591478137,0.04819227183259091,-0.16337846345097976,0.1508195937492529,-0.2844536174485413,-0.19774163472495598,0.17140147742033165,0.2155153041302425,0.2908525846886978,0.1632334308186375,0.04798348859262565,0.1686076070412546,0.39778626015029206,0.0846289316195045,0.1656240786044992,0.05299269258660121,0.10127580903505487,0.25973750687311237,-0.08944847755580171,-0.02232068149399549,-0.1544613472097156,-0.17271952123293674
#58,-0.13066643291443872,-0.28535090725083473,0.09169249894413056,-0.15288670720142802,0.12193419343528118,0.23293515766322148,0.23104654591239074,0.1193108559315956,0.07360167026591972,0.09774880666831355,0.34885766879965574,0.2767732629951629,0.43847667923084893,1.0,-0.3630278351090534,-0.4125158380415813,0.15731737443122504,-0.07634772768927954,-0.23774514100837524,-0.05120448804277666,-0.24749101514873814,-0.26744495533473056,0.08521703097482648,-0.0207093848863247,0.021402672744224593,-0.3640446573006399,0.32873957079903415,-0.11026145717951374,-0.16620580289905887,-0.38310768274510115,0.1813880101044713,-0.05149933460303294,0.1842663500386488,-0.10326960928846353,-0.033832447465514906,-0.0718421534955255,0.09592075799472463,-0.2011921363625497,-0.2972818334674752,-0.29547131621098266,-0.07803393126090732,-0.31709392855150653,0.06402951653132943,-0.2935364852696252,-0.24649013060905736,-0.2162388735267633,0.1844097889058005,0.18717337774625664,0.2178884204990079,0.04880587143096208,0.299994421821833,0.07551418849460909,0.36656440006693813,0.07075839316593487,0.10183840814732766,0.04589087489740137,0.03020663165695798,0.006402154770537656,-0.11881200742694578,-0.21432476153288335,-0.0036305971041286486,-0.14790778474607336,0.3221764457442485,-0.224236387253066,-0.029530875216154405,-0.08353560869877041,0.5476591573763437,0.19413653786387652,0.129773924407717,0.059836320314928,0.37281992843994294,0.17831363705185316,0.35051996589342493,0.30974667102295816,0.22949581238196176,0.19078006837252667,0.09722923921618629,0.24895727912406665,0.0664297269083346,-0.3537680593518157,0.25041876180382344,0.050216353624620486,-0.27077114328745944,0.19181920327678123,0.22812358055287715,-0.030628979432460214,-0.0026042123213986883,0.24761692259879353,0.014420387444317829,0.07925156786650622,0.022551777446628788,-0.10449840225039644,0.07698364000031875,-0.2406139183514093,-0.2521575596267402,-0.05474742806142371,-0.07846902915793416,0.2074110081361713,0.00023428348301444748,0.17036074875088653,0.22198439703878428,0.20636390440596386,0.07484161958418666,0.08243272318689288,0.08776386774936448,0.07156643211755612,0.29345839077528707,0.04044179171082724,0.06789917841404426,-0.17524085776442558,-0.1890492393755628
#101,-0.09011626517065241,0.02192861525711417,-0.3806708157687128,-0.2125939325359195,-0.1530189897122457,-0.1751022001928456,-0.06820040003506284,-0.09433177409972189,0.30471356055112403,-0.013853007036473316,0.002412960498529752,-0.15775247232825187,-0.27519862298687536,-0.3630278351090534,1.0,0.31670983114057805,0.02488983098120154,-0.0702436070093793,0.476079975137263,0.018887711273498076,0.5481930687151861,0.04627497230832981,0.047395389237303666,-0.20853780012590745,0.2672106718517161,0.05369076174007283,-0.49659173313995647,-0.43324912940576465,0.6522723107204615,0.29946688554375284,-0.2613854600801664,0.02424594984420945,-0.11815696993361968,0.2215206113683271,0.3995330267991617,0.10738789854090797,0.32475834535297915,0.3650248228928432,0.4804755795328674,0.2797344787192503,0.5446086908015842,0.5693423327941094,-0.002435273211197794,0.4163281243774355,0.062067591581732265,-0.19079600602443242,-0.3493788300169736,-0.4080612643339257,-0.33566448055208026,-0.4998924208496362,-0.4877001171417415,-0.41655125150411587,-0.48598841332706455,-0.24606618906836455,-0.11344580003028154,-0.14761931324657937,0.023394879232442684,-0.056691821593924566,-0.031269673039071154,-0.12387380567221032,0.08172509144227781,0.11220106941644288,0.10459880945740264,0.18285905537537156,-0.3467507112177163,-0.003662472407940138,-0.1807760042712907,0.0031970929722923923,0.4186661779120082,0.1565587422005116,-0.15929523703272797,0.011645642247527671,-0.0007522571699511511,-0.22860967893600237,0.04830383539593112,-0.2668217931452159,0.044783208089952106,-0.1436524316872395,0.30686992485397124,0.2884555618420738,-0.18394440947015275,-0.1508594378790173,0.21497023643506602,-0.07959263361728916,-0.09276510291738718,0.038964371379164704,-0.10711536469331974,-0.19015690618301206,-0.053850138259130285,-0.08400736319518046,-0.15256476663293198,-0.05673804078445123,-0.29273163384838513,0.016479532070540048,0.04175505422786061,0.19491588904206744,-0.1315238785869678,-0.35244045294806714,-0.31464431145359356,-0.38890898803879226,-0.44429392217644575,-0.2591318761006941,0.02120982715616508,-0.13287857899895608,-0.1458582027109946,-0.1443903449704755,-0.42297093769174987,0.11768202790682848,-0.036066906262700316,0.18178963893249608,0.13890938648008988
#102,0.2507566400242252,0.4492473443887512,-0.1365617703543737,0.021213014686546232,0.03666297444397517,-0.305410035939405,0.14539919833610915,-0.017746575397046754,-0.082200033469069,0.0618843085848162,0.08518674943620556,-0.195966180302656,-0.10607304225868402,-0.4125158380415813,0.31670983114057805,1.0,-0.24835642964722007,0.014308823880977616,0.22196049056092565,0.3582274143550431,-0.13075727753030147,0.49034417359290455,-0.2785789989560838,0.13137725218943494,-0.08668329495015499,0.4493557204217103,-0.319148291882157,0.1302616165560328,0.023417191945110726,0.33606451561491446,-0.1441401238355553,-0.019818470144793567,-0.23218927555403263,0.0672600785726239,-0.10225597462725816,0.07882922009100399,-0.3952649236188032,0.39446485349313487,-0.03427073289292289,0.40161926543362364,0.03579118488473093,0.33067918303596333,0.04641522364510037,0.22570105746320396,-0.0843978356668712,0.2114990158499948,-0.172329048761246,-0.2690642207683542,-0.23376072803193906,-0.016479532070540048,-0.3538413725505821,-0.12754902820167505,-0.30471196678593343,-0.05203483970706596,-0.41917618277299207,-0.0869574225629338,-0.416232498466001,0.004089601479014097,0.1492417662105842,0.2212640151726446,-0.17740359712803513,-0.008008670082636725,-0.2429169090517894,0.5854074859151002,0.13385874459115937,0.0735650136665365,-0.34731968539075136,0.2437966674369865,0.07753827028663866,0.38249089561634886,-0.14932304823530348,-0.04157655252651627,-0.15785447330044863,-0.14839707065957972,-0.13578241917618278,-0.15022671309835922,-0.14663914765437608,-0.30630254444612676,0.025234084262365626,0.5190797599789623,-0.15224123229924535,0.015998214982986557,0.11918813601192137,-0.07380089091474153,-0.12351998979990278,-0.40918168126289955,-0.3862314625186271,-0.0789662838973934,0.09720533273832767,-0.1384790698786348,-0.15981002318928353,-0.3508323438707775,-0.11533600554630287,-0.043442851564678975,-0.11450724764720414,0.11140418682115565,0.2646255847126043,-0.23099554542629233,-0.029838471897935277,-0.17138394600323534,-0.17780522595605988,-0.1885997975918208,-0.16163169680211015,-0.09570719345918766,0.0643881136992087,-0.237996955908486,-0.23246659069719258,-0.12701671062802317,0.18378822048147647,0.13057877582895713,0.23051900963431057
#201,0.35051199706747205,-0.030055223963853406,0.5874634430109412,0.4010423224346357,0.39953621432954284,0.5124273840735044,0.2584226505908884,0.418768178884205,0.059386878531186,0.4205978213229845,0.23610356286208353,0.32427065320466336,0.23933093737299685,0.15731737443122504,0.02488983098120154,-0.24835642964722007,1.0,0.5472081218274112,-0.14920829714158212,-0.4701384185068014,-0.11775374734040434,-0.3059710412864873,0.2139789144865287,-0.2226888412530182,-0.001281387213221876,-0.4762983209683717,0.08529990676473635,-0.22029500593677534,0.19450310385770864,-0.09077767772474081,0.2665604156539617,-0.002016112966076708,0.4236674130800309,-0.03779454772928304,-0.025532118353003053,-0.23824080198264388,0.040652168715983074,-0.2641713616332906,-0.30303532580544906,-0.43206974316473956,0.029989879591039853,-0.18141032281713934,0.07852481093960427,0.0007395070484265553,-0.10775765206512125,-0.33186813186813185,0.1544980038090988,0.18696778203667253,-0.013610754727505997,-0.22751794978045883,0.15647427264541114,-0.008735427009538685,0.10143996684968404,0.14934695471316212,0.17085162842958346,0.011653611073480544,-0.14099721887974245,-0.5024408513893648,-0.2128919666265569,-0.4445600809632717,-0.0016001402513367705,0.009980157623377348,-0.15925220537258244,-0.16394903138920544,0.21476145319510076,0.11992445552996676,0.21977543848464806,0.1798771207038067,0.17853995170891473,-0.06698595095984508,0.5623632350245839,0.5279602196208433,0.07589669214034696,0.18474447959582116,-0.14504378869861104,-0.1068300807242069,-0.12281076429009714,0.039195467331798,0.159167735817482,-0.23256381037381763,0.001338762760082557,0.3066643291443872,0.19562033325630135,0.22425073113978117,0.22394154069280972,-0.027004757389093866,-0.05327160149495175,0.03284750057773988,-0.0128425599056491,0.08805233924885847,-0.10224800580130529,0.15992636804819546,0.10938648008988835,-0.09312210632007586,-0.09584425726557706,0.5220632884157177,-0.0752894676027381,0.4928320410553913,0.3120241614802891,0.23926240546980213,-0.011671142490576863,0.5514491309995299,0.21304656185004264,0.2891504434651643,0.2656934073902892,0.25565109292447946,0.18725784730135708,-0.07887065798595892,0.14987449099124225,-0.27782833555132325,-0.36131134999880465
