,#10,#11,#12,#13,#17,#18,#26,#49,#50,#51,#52,#53,#54,#58,#101,#102,#201,#202,#301,#302,#401,#402,#501,#502,#601,#602,#701,#702,#801,#802,#901,#902,#1001,#1002,#1101,#1102,#1201,#1202,#1301,#1302,#1401,#1402,#1501,#1502,#1601,#1602,#1701,#1702,#1801,#1802,#1901,#1902,#2001,#2002,#2101,#2102,#2201,#2202,#2301,#2302,#2401,#2402,#2501,#2502,#2601,#2602,#2701,#2702,#2801,#2802,#2901,#2902,#3001,#3002,#3101,#3102,#3201,#3202,#3301,#3302,#3401,#3402,#3455,#3501,#3502,#3601,#3602,#3701,#3702,#3801,#3802,#3901,#3902,#4001,#4002,#4101,#4102,#4201,#4202,#4301,#4302,#4401,#4402,#4501,#4502,#4601,#4602,#4701,#4702,#4801,#4802
#10,1.0,0.47999904374088564,0.4718612786778124,0.5830136505988572,0.16402871964873414,0.3063694825841309,0.2954235032552654,0.7021380360031556,0.4054299580042872,0.6113364518005562,0.6578568639482345,0.41281227836702816,0.16681302743666776,-0.09109643076285572,-0.0580258030584354,-0.293402608993617,0.48218250205197266,0.3475491875781941,-0.018927555403262436,-0.4369418833523257,-0.16917817497948026,-0.007254819147495,0.34993346030329353,0.2532731952601423,0.1378734391062165,0.14911426499533822,0.07226928256659947,0.08773996127150586,-0.265368279291412,-0.0009291651061049175,-0.2745228665460718,0.21469292129190606,-0.1794483978675422,0.18760369434771176,-0.27691351433193345,-0.3754241407613416,-0.1366924591000008,-0.23727976157272748,-0.10142562296296886,-0.16095753412649713,0.13926320235239742,-0.15762815864338706,-0.3096127947469499,-0.3853692355505263,-0.2827435073990549,-0.11288479468319933,-0.08837587358254509,-0.1115508132186885,-0.16359362175170733,-0.039437719640765326,-0.39223676975671173,-0.09969320020081442,-0.24622237805704086,-0.047623297659555815,-0.21252061933715305,-0.24014694515057097,-0.3608348142068229,-0.46187633975886333,-0.13860497732869018,0.15644399110679025,0.23406194965295762,0.31202734901067025,-0.26863231040170854,-0.2681318681318681,0.33402927746655087,0.19229892659914416,-0.356568304791655,-0.36228673429543623,-0.1316418172110703,-0.26550374933261084,0.23912374789822216,0.10933866713417112,-0.33989114583748375,-0.022943843683510108,-0.29799265274247144,-0.2055192088549594,-0.08860218823960665,-0.044515455537935594,-0.07953366430523791,-0.09145184040035381,0.21422913562144888,-0.049489596697718526,0.08793758815513711,0.25904581278040306,-0.1458582027109946,0.019002462367219437,0.13004008319454294,0.19488401373825595,0.03515686633888229,-0.20510801743579118,-0.18662193499031787,-0.38251480209420746,-0.38873367386782903,-0.024531233813322284,-0.18289252444437362,0.2958362884396242,0.382804867358892,0.12094924654750616,0.2797520101363466,0.11697917745778515,-0.023876196319996174,0.10301779438835276,0.29256747603375594,0.2755173760249902,0.21763819936408768,-0.06304138211317327,0.1050386886500012,0.33501103682394473,0.10138896636358566,0.0004542230793137247,-0.13772362517830247
#11,0.47999904374088564,1.0,0.559572552175888,0.5187434755237511,0.047742830048848904,0.025500243049191563,0.25800189658057676,0.4113507956872714,0.5064619209651842,0.6063639044059639,0.3833738415319271,0.14223398066762824,-0.06520093394640168,-0.24409470152762394,-0.02623656256723697,-0.28525687510459086,0.3856863948234507,0.24868315151128784,-0.11697120863183227,-0.30796962283546764,0.02078588561547227,0.1560774251129581,0.22527870968770172,0.36620102160348716,0.25137980221373984,0.12810843978356667,0.3357075122122258,0.312781199945812,-0.25529887081736247,-0.13923132704858593,-0.031103921459251407,0.21238514929595423,-0.13821131732661826,0.1172564926009451,-0.23494011427296416,-0.34592673461418927,-0.09279379069081752,-0.2599207898700284,-0.011927738686259353,-0.03948234506610141,0.16251942401326014,-0.07776936623927197,-0.3450039445688467,-0.2917179991871798,-0.15790388002135644,-0.22921690347361123,0.1692753946561053,-0.006763939468798062,0.044802333272239,-0.08921897536835897,-0.14466766011363547,-0.28919028759492865,-0.20344093904645028,-0.026590378439544503,0.011172293985927053,-0.19728103658487994,-0.2100200017531417,-0.43835714684155586,-0.1768935922670513,0.05314091274932464,0.2172445393620158,0.31016264373769814,-0.35977017905951914,-0.1863207133692993,0.4956035987218003,0.48143502617759326,-0.392820087816462,-0.3691925188661954,-0.23477436269314442,-0.28005960681812747,0.1375722174851979,0.06557706253137725,-0.03367466471164803,-0.20935062037310043,-0.13300767397939262,-0.22819848751683414,-0.08174899792013643,-0.04114145462948944,-0.11448334116934553,-0.3116018137047869,0.017622261712181946,-0.298870817362478,0.07459139844926647,0.02707328929228857,0.0154898038871933,0.07397939261608587,-0.04165305325566384,0.10859597255536342,0.03169680211014511,-0.33998995927929937,-0.052356780275562,-0.3609288463530668,-0.2742407701073401,-0.13018352206169465,-0.3362175170732096,0.374479038003331,0.3825068332682546,0.006237996955908486,0.24731570097777494,-0.004733482616006184,-0.29803727816780756,-0.051724055494903935,0.18538517320243209,-0.00020718947477468144,-0.12249360501717282,-0.01595996461841277,-0.08898469188534454,0.21800795288830097,-0.07248603463251758,-0.04551793384280694,-0.16694530994748544
#12,0.4718612786778124,0.559572552175888,1.0,0.6787845946656679,0.0693702236849445,0.26480886770952033,0.31628748336507584,0.5537871845341026,0.4009546653491541,0.6794444134545657,0.5465339591517981,0.15555148260006854,0.23346110017611105,-0.08411733299333009,0.1520069488162309,-0.09599566495868164,0.6034026886818765,0.6537561061128864,0.02118751444349704,-0.3233813322283228,-0.022809967407501852,-0.1765047135605511,0.36798125732135883,0.33324355122759763,0.3514220369912901,-0.07636047781080413,0.3646168190040561,0.18968833921698317,0.11129899831857773,-0.12355505263409541,0.026968100789710653,0.35905617225414177,0.024384607415789433,0.02413119875048809,-0.014501669469037127,-0.22971734574345162,0.04406920128457474,-0.14019077369331176,-0.03410816884348429,0.13956123644303484,0.2850034664392895,-0.08817665293372327,-0.04502864792930058,-0.22286415542398139,-0.3424204511949255,-0.39342890611926146,0.1176629027245416,-0.004052944879630884,-0.18210520444022982,-0.21820239224155105,-0.08704826717879655,-0.12909657420172285,-0.037869454693240046,-0.07534524938440819,-0.0293125293850457,-0.05020838479866761,-0.5131477659396441,-0.6007187881009491,-0.27934241248236896,-0.15042274621679988,-0.2749133390177625,0.045305963072460535,-0.2255608061264334,-0.22454717146522804,0.40062794348508635,0.434498641315175,-0.1784475133278614,-0.2311533281801592,-0.10119930830590729,-0.17875032871407057,0.3590625473149041,0.23614500075703845,-0.020801823267378016,-0.02904796436341034,-0.2404067288766346,-0.2102574727665373,-0.3342269043501821,-0.1573890938648009,0.12340842623656256,-0.035285961319318826,-0.029239216186279275,-0.17045796842751157,-0.050904860186948654,0.04400385691176119,-0.05661691462996757,-0.27839412219397713,-0.22347456749197142,0.06846815258707935,-0.09796237120385054,-0.26419048681557744,-0.06353385555706077,-0.3435711496625202,-0.3724979878714469,-0.39760457091856655,-0.4532875391468575,0.6119898955286918,0.4000286877734303,0.42022488026839006,0.4961088222872124,0.19891623967040936,0.04814445887687367,0.40663325072317097,0.3566224928081346,0.3910621648112584,0.16440325446851917,0.09279219692562694,0.1743706619703719,-0.13812047271075553,-0.11378686578106448,-0.4028655898126529,-0.3691909251010049
#13,0.5830136505988572,0.5187434755237511,0.6787845946656679,1.0,0.09301851158268852,0.34942026791192854,0.12595526301110058,0.5300783335591167,0.2755890954585661,0.663925921793942,0.5133772681270868,0.26414108009466963,0.22334228498115372,-0.06786889687542334,0.2568639482345066,-0.0014822016272342596,0.5407119349106296,0.3405398082700476,0.03632190869319223,-0.20506657954083624,0.0079353568838703,-0.02704938281442995,0.5061575118137844,0.26180621409047805,0.4116121731785256,0.066941325534509,0.1541744694754122,0.1561953637370606,0.0199475651252301,0.028166612213022656,-0.17276255289308226,0.32005036298002215,-0.06874706149542988,0.12843516164763447,0.07750161368725546,-0.13142028384958043,0.21698475563595215,-0.08523774992230394,0.022782873399262087,0.1784044816677159,0.26527584091035866,-0.14545498011777924,-0.06475149216265967,-0.20180892349130203,-0.24634031668114337,-0.14110081361712978,-0.06695726318641475,-0.14525894699933858,-0.3677262548908669,-0.24866562009419152,-0.4489046848727777,-0.26181258915124034,-0.24079082628756304,-0.027881328243909823,-3.028153862091498e-05,-0.021542924080995146,-0.46108742598952895,-0.4205229143590275,-0.2546502083847987,-0.1543609400027094,-0.04028400895696037,0.09736949055295684,-0.10062236530691933,-0.20971878013212314,0.21779598211795456,0.3274565898206217,-0.10591685327000773,-0.19935930639338906,0.0364860665078214,-0.10122002725338476,0.21494154866163567,0.008547362717050897,-0.21157711034433296,-0.17456032002805028,-0.2315485819474217,-0.2249790818318737,-0.28448868028273394,-0.2008367267250516,0.18656137191307604,0.13148084692682227,-0.007192662305062595,-0.10366167552534485,-0.08752639673596889,0.03375913426674848,-0.11567547753189522,-0.23838742838017674,-0.19436763381650982,0.22353991186478497,0.07867781239789942,-0.2096645921156436,-0.17537792157081497,-0.37154969758305506,-0.3632812437743547,-0.34585501518061346,-0.43376869685789193,0.4087784586696842,0.4994541354222282,0.20701894189929,0.3253974451943995,-0.05461992684617775,0.04033979073863048,0.2550279307349648,0.3689725792698962,0.3517121022559746,0.2357433719290137,-0.19252842878658688,0.16896142291356214,0.02754185625831746,-0.18804835483588203,-0.313915960761501,-0.28289172756177833
#17,0.16402871964873414,0.047742830048848904,0.0693702236849445,0.09301851158268852,1.0,0.49120002550024305,0.41157392281395183,0.047369888994254476,-0.07031373267776458,0.1348070348795512,0.19129485452908224,0.7464271768840297,0.5892962729801018,0.23109595263329855,-0.04554184032066556,-0.09541553442931253,0.14590282813633068,0.09044458079991075,-0.12789328148283913,-0.20932512013005125,-0.40078413247376266,-0.2562901927658998,-0.07538987480974428,-0.08694785997179036,-0.17747531656161097,-0.1561459570161528,-0.3414004414729578,-0.11828765867924679,0.053110631210703724,-0.2686211540453745,-0.0012574807353632588,0.11739196264214394,0.045535465259903256,0.05843221318203189,0.015572679677103173,-0.024215668305588536,0.07345663763357745,-0.04586856218473332,-0.06083242355903705,0.11428252675533314,-0.008996804500792897,-0.19819267027388854,-0.005880993553219804,0.12473762640550168,0.03800492473443887,0.16756847213700005,0.01213333439584346,0.11145518730725403,-0.11089896325574353,-0.014673796109619169,-0.29577094406681065,-0.0007124130401867893,-0.2670082636725131,-0.2811704611559579,-0.324006088183028,-0.33752918582505237,-0.2614683358700763,-0.26225406210902946,0.11742224418076484,0.1404999641402832,0.052009339464016764,0.07921809879750416,0.13604220290224642,0.2882404035413463,-0.0822127835905936,-0.08082142657922209,0.32838416116153607,0.2173752281076429,-0.028941182095641848,-0.022449776474432023,-0.02701750751061846,-0.02868458589995936,-0.17432284901465467,0.06661779120082238,-0.28277857023324754,-0.08218250205197268,-0.3014861860402107,-0.16553801528420817,0.2499278821251265,0.1727290838240802,0.350253807106599,0.32502131660942396,-0.02330084708619879,0.4804102351600539,0.3217142538389819,0.11455824813330252,0.19521870442827657,-0.11927101180183124,0.005656272661348803,0.3392392958745388,-6.37506076229789e-05,-0.008107483524452343,0.07788730486337447,0.1225015738431257,0.15915976699152914,-0.06077345424698579,0.05092876666480727,-0.019528404880109013,-0.021735769669054657,-0.21252221310234362,0.02815386209149806,0.16989058801966705,0.10282494880029325,0.272248563619122,0.09710651929651204,-0.13460940799591997,-0.06302385069607695,0.06688076245726716,-0.010842384591478137,0.15511797846823228,0.29403533377427504
#18,0.3063694825841309,0.025500243049191563,0.26480886770952033,0.34942026791192854,0.49120002550024305,1.0,0.01972762552893082,0.12300201611296607,-0.026858130991561015,0.26237359449832254,0.2710245519527608,0.4754440628262238,0.6053980827004758,0.2101634406202934,-0.06286925547259123,-0.15207388695423504,0.2196160619655906,0.3351624445170493,-0.09655826407095443,-0.26169465052713786,-0.21304018678928033,-0.2188861175083075,0.2607176724653157,-0.04255671811871957,0.12330483149917523,-0.1324084182677366,-0.2282383316465985,-0.045299588011698234,0.20830829793846473,0.010058252117715497,-0.05429639251249113,0.33857947708564096,0.019837595327080463,0.11264732366980373,0.2503103857708644,-0.04660488170277873,0.17087234737706095,0.051980651690586424,-0.05551084158770888,-0.02981775295045781,0.14186900843898667,-0.2619735594354884,-0.07423439504657779,-0.21487620428882212,-0.10035301898971224,-0.05136067703145296,-0.12710596147869535,-0.02367538190598379,-0.392145925140849,-0.02831801990612723,-0.5143223708850975,0.07208121827411168,-0.3847492608913929,-0.2257409015929683,-0.3136466144442939,-0.1202352397421288,-0.3753938592227207,-0.18523695303970866,-0.08940385213046562,0.010950760624437202,-0.05992078987002845,0.10256835260461077,0.35035740184398634,0.19439632158994016,0.09591438293396234,0.08421614643514572,0.2826925069129565,-0.06875343655619218,0.05948569197300162,0.012582776179585461,-0.00010996979814963862,-0.0694196304058523,-0.21043756823307222,-0.06198471579182239,-0.27060379794244915,-0.10000717194335758,-0.13270485859318346,-0.11018176891998502,0.3903720644837396,0.4062539346078142,0.012703902334069121,0.2037963486839484,-0.21243933731243375,0.2988453171194288,0.0950920000956259,-0.1677150985345329,0.016782347456749197,-0.1653372008701958,-0.0005147861565555547,0.13093259170126464,-0.06927937906908176,-0.09619647937269402,-0.04077966993122903,-0.08894006646000845,0.09793049590003905,0.07635091521966068,0.2934950473746703,0.1672034999083585,0.16745850233885043,-0.12496234729737268,0.10518850257791519,0.24385563674903776,0.3899353728215222,0.289016567189156,0.1723417988827706,-0.08908828662273187,0.028346707679557572,0.13015961558383604,-0.01059375722174852,-0.16719393731721505,-0.027817577636286846
#26,0.2954235032552654,0.25800189658057676,0.31628748336507584,0.12595526301110058,0.41157392281395183,0.01972762552893082,1.0,0.4843308975288671,0.3591167353313836,0.46023316784738105,0.4781964953103459,0.3364502067910335,0.2858832248244866,0.3181824701766689,0.1489867637800923,-0.25680657268764595,0.2431862553689965,0.30961757604252166,0.04678338340412307,-0.38899823888946444,-0.15018049390783256,-0.3424300137860689,0.03910781024631641,0.11633370255560248,0.03947437624014854,-0.17806660344731412,-0.015209301213652193,-0.06486783702157162,0.09044617456510132,-0.2507470774330818,-0.04362932209197619,0.2971989576775654,-0.06671819840782857,0.2846098064372176,-0.25272334626939413,-0.20630334132872205,0.005364613631473675,-0.1302488664345082,-0.06308441377331878,-0.13586529496609265,-0.13501103682394472,0.08863884483898987,-0.15751181378447512,-0.1453131350158181,-0.07309166540493589,-0.2822765341982166,-0.01248236897257927,-0.06358007474758744,-0.10040880077138235,-0.0739028918869383,-0.06092008064451864,0.0397389412617839,-0.04677382081297962,-0.08468152587079346,-0.15132481731466502,-0.3230450477731116,-0.20741578943174302,-0.47519224792611303,0.13547960378997362,0.10831228235144116,-0.1692451131174844,-0.1464510833618883,-0.18672393596251463,-0.20225677150985347,0.21899449354126657,-0.034882738726103486,0.034293045605590926,0.07085880037294105,-0.0028241519176979654,-0.07030576385181171,0.26505430754886883,0.24946250268947875,-0.16043159161360757,0.020961199786435465,-0.23707735339352454,-0.16709034257982772,-0.1976077584489477,-0.20585389954498004,0.015295364533943215,-0.2606953597526476,0.41374144347313313,-0.007704260931237001,-0.029805002828933214,0.28228290925897886,0.11233813322283227,-0.11781590418283674,-0.11325932950298433,0.032702467945397606,0.030565228824837237,0.018535489166381116,0.12599510714086493,-0.1398401453513854,-0.28875200216752067,-0.08432611623329535,-0.06565196949533425,0.12889575978771048,0.05046179346396895,0.07861087425989528,0.16302146004829107,-0.07576600339471985,-0.11032998908270844,0.14194550916813425,0.1513519113229048,0.20312537353871654,0.017180788754392814,-0.0336332268166931,-0.09324163870936895,-0.15885376407493884,0.061833308098717815,-0.042687406864346675,-0.00034106575078293716
#49,0.7021380360031556,0.4113507956872714,0.5537871845341026,0.5300783335591167,0.047369888994254476,0.12300201611296607,0.4843308975288671,1.0,0.6092868697654774,0.6241774179410148,0.6265154714755875,0.302069504099961,0.283012853716262,0.17469260253886795,0.0817633418068516,-0.3737124369466647,0.5422913562144889,0.4606921722222665,0.1494537369809306,-0.3533584616978381,-0.06920447210512475,-0.1959231486425105,0.32315501757126125,0.23386591653451697,0.31479731291188867,0.01275330905497693,0.2205643522539824,0.011907019738781886,0.0380846129939676,0.007074723680960084,-0.1740901592968308,0.2875726159264955,-0.22847102136442238,0.010192128393723753,-0.19176342149511114,-0.18909067727051773,-0.10682370566344461,-0.1992939620205755,-0.04751970292216848,-0.20173082899696387,0.119897361521727,-0.04157495876132569,-0.22418857429734876,-0.35820828917275616,-0.36578345512355664,-0.3191100415175832,-0.11972523488114496,-0.18345193602626525,-0.191546669429193,-0.1162077951055471,-0.16412275179497804,-0.0410442349528644,0.043363163305150255,-0.052885910318832725,-0.014525575946895743,-0.24666544478002056,-0.36034393452812596,-0.572115484225709,-0.2185482392879057,-0.08014407637322793,-0.11627792077393238,0.023351847572297173,-0.23750607622978906,-0.3098247655172963,0.3139414610045502,0.24685510283769893,-0.1737395309549044,-0.2538995449800381,-0.06710070205356644,-0.12656089378351887,0.4181864545896453,0.3724230809074899,-0.14240929483859144,-0.034780737753906714,-0.23439823410816885,-0.1999744997569508,-0.1478870657985959,-0.16114081712341322,0.04534899473260604,-0.14582473364199253,0.27858378025165553,-0.07048585931834662,0.13364039876005068,0.23560312059224314,-0.17460335168819577,-0.23630278351090533,-0.1343193427312354,0.07500099610324411,0.009511590657348452,-0.23201555514826,-0.17345105945541042,-0.35478806907378335,-0.6018599239774004,-0.14720812182741116,-0.3053367227406386,0.3443090629457562,0.28376351712102255,0.24073345074070238,0.3393891098024528,0.11166078301683813,-0.039053622229836875,0.231865741220346,0.24355919642359092,0.24674035174397757,0.040884858433806945,-0.04641522364510037,-0.006316091450246635,-0.019882220752416545,-0.10769390145749827,-0.14996214807672387,-0.2624341575755644
#50,0.4054299580042872,0.5064619209651842,0.4009546653491541,0.2755890954585661,-0.07031373267776458,-0.026858130991561015,0.3591167353313836,0.6092868697654774,1.0,0.4766632931970133,0.5027596044274797,0.09291810437568233,0.09322251352708205,0.18277299205508052,0.23570193403405876,-0.2882898102622541,0.30727792874275833,0.2784275912629792,0.3277195610770665,-0.20569133549554144,0.21576552526516268,0.05720501398528955,0.3052395030640136,0.33821291109180884,0.39716787925634917,0.15475619376997188,0.31369761493039233,0.2459880945740264,0.08958076006661939,-0.30381148945325887,-0.16033277817179195,0.4031476862513846,-0.37858935842982255,0.06598666018535489,-0.06950888125652448,-0.1301867095920758,0.030754886882515597,-0.1336706802986716,-0.129313326267641,-0.13177728725226912,0.1195355768234666,-0.09235550526340955,-0.24156698993537282,-0.27090501956346774,-0.1686076070412546,-0.2320777119906924,-0.02335822263305947,-0.07911450406011682,-0.20565946019172995,-0.05697869932822797,-0.13989114583748377,-0.033835634995896056,-0.11938895042593374,-0.07620747635250899,0.010808915522476073,-0.24050235478806908,-0.25651013236219905,-0.38798619799344963,-0.2915315286598825,-0.1918702037628796,-0.18812804309541076,-0.03579277864992151,-0.1876196319996175,-0.32389452461968776,0.5390193562782395,0.30545147383436,-0.136878929627298,-0.10100008765708549,-0.001638390615910558,-0.075619376997187,0.3105642725657229,0.22686928734789502,-0.12873000820789074,-0.19766832152618954,-0.29048442492967513,-0.3310808118639881,-0.22829570719345918,-0.28644423017156884,-0.014304042585405892,-0.17472607160787001,0.060614077727928345,-0.33422212305461035,-0.02311118902852043,0.005229143590274845,-0.046635163241399644,-0.3471252460375013,-0.35491238275864817,-0.01592490178422013,-0.14429471905904104,-0.3280032512809888,0.06901003275187467,-0.24021228952338453,-0.35487731992445554,-0.2710229581875702,-0.3187546318800851,0.2112695136625521,0.34885766879965574,-0.09014495294408274,0.4059606818127485,-0.22099307509024696,-0.2788483452732909,-0.13176931842631626,0.2545609575341265,-0.15809513184422538,-0.20750185275203403,-0.13629720533273834,-0.2751906541609225,-0.0418618364956291,-0.15607901887814868,-0.26647594609886127,-0.5568504012303868
#51,0.6113364518005562,0.6063639044059639,0.6794444134545657,0.663925921793942,0.1348070348795512,0.26237359449832254,0.46023316784738105,0.6241774179410148,0.4766632931970133,1.0,0.7064842336778523,0.23653069193315748,0.2611989895528692,0.008292360286558982,0.2150897688243591,-0.2348189881184805,0.6695280064388114,0.45808955366605836,0.039950912032130304,-0.4609152993489469,-0.11273976205085705,-0.22230633760728033,0.3944728223190877,0.24880587143096208,0.3729952426109061,-0.04903218608802365,0.14114065774689416,0.10090127421526987,0.0983831252141622,-0.09888675501438374,-0.08927635091521965,0.43097642024400545,-0.09280175951677039,0.15842344747348372,-0.16422953406274654,-0.2637410450318355,-0.00048769214831578865,-0.15336643052379093,-0.0702818573739531,-0.04424451545553794,0.22812517431806772,-0.0637761078660281,-0.282735538573102,-0.37792157081497185,-0.29499637418419145,-0.3184932543888309,-0.03889424571077943,-0.12447784267943804,-0.22732988548797106,-0.11627951453912296,-0.3138793041621178,-0.21151654726709113,-0.1866824980675597,-0.06527265337997752,-0.0927141024312888,-0.182580146467021,-0.45606069057845705,-0.5870044386360558,-0.039287905712851325,0.12018902055160213,-0.11222975718987321,0.10554072468503216,-0.2545721138904605,-0.19935293133262677,0.34090318673349856,0.26210743571149664,-0.22699200726756927,-0.1834933739212202,-0.12288726501924471,-0.15076381196758282,0.25874140362900333,0.05432029899034975,-0.27372279642040337,-0.10264007203818662,-0.27482886946266205,-0.24936687677804428,-0.2668998876395541,-0.1846042282590506,0.18114416403031341,-0.018927555403262436,-0.019614468200400036,-0.2626764098845317,-0.0768370136027859,0.19067487986994877,-0.032493684705432346,-0.235974467881647,-0.14782012766059177,0.1410131565316482,0.002873558638605774,-0.31955151447537233,-0.16332268166930966,-0.36697399772091577,-0.38432053805512834,-0.1904660966299835,-0.2128792165050323,0.5164484536493238,0.3557522970140809,0.16549498362406267,0.395816366374742,0.025433304911187435,-0.08562662862880412,0.28485684004175665,0.47092095721537347,0.3065304528683789,0.1674840025818996,-0.020989887559865805,0.02119548326944991,-0.03721282343472336,-0.10425774370661971,-0.19671046864665429,-0.16283498952099387
#52,0.6578568639482345,0.3833738415319271,0.5465339591517981,0.5133772681270868,0.19129485452908224,0.2710245519527608,0.4781964953103459,0.6265154714755875,0.5027596044274797,0.7064842336778523,1.0,0.32126321829004933,0.291627154571317,0.13108081186398807,0.15850472949820302,-0.04092789009395246,0.48686817171226165,0.4421965271856497,0.03222115085784411,-0.4177561379881902,-0.09107730558056881,-0.09209731530253648,0.26392273426356094,0.21160898564814445,0.30542756735650134,-0.0007395070484265553,0.21135876451322427,0.0395891273338699,-0.12932767015435617,-0.19611918176095117,-0.21796810875853662,0.4402760401310075,-0.02678163026241344,0.2057614611639267,-0.1412809090836647,-0.21882555443106566,-0.08597247567515878,-0.1320418522739045,-0.10086621138107722,-0.0614412418618365,0.12561260349512707,-0.04529640048131709,-0.27126521049653757,-0.2324904971750512,-0.0919028759492864,-0.20138179442022808,-0.045334650845890875,-0.09546175361983919,-0.3271250866609822,-0.14825681932280918,-0.2540382025516181,0.03863127445433464,-0.1049940632246651,0.12075958848982779,-0.1544230968451418,-0.22164811258357306,-0.47101658312680794,-0.463956203332563,-0.09391102008941023,0.03131748599478839,-0.08230362820645634,0.1581509136258955,-0.20678784594665667,-0.2711918972977711,0.2807337694937405,0.13230482353034928,-0.0989632557435313,-0.14362693144419034,-0.12040258508713911,-0.09570241216361594,0.3457434516172732,0.14650049008279611,-0.2681541808445362,-0.09673198447672704,-0.3536182454239017,-0.3210576225804652,-0.3259281690028608,-0.19438994652917785,0.021012200272533848,-0.051053080349672084,0.20147582656647195,-0.020256755572201548,-0.0740527058148523,0.15848879184629727,0.016085872068468152,-0.16678912095880913,-0.05005378957518189,0.2797041971806294,-0.004650606826096311,-0.09487843556008893,-0.04127692467068827,-0.32692427224696985,-0.19701328403286344,-0.24174230410633601,-0.20048291085274406,0.37377618755428765,0.2917450931954195,0.15052793471937778,0.4143231677676928,-0.003503095888882691,-0.019824845205555865,0.24952625329710174,0.45060523233112065,0.3473802484679932,0.1370351186159743,-0.005404457761238037,-0.06019969877837898,0.023115970324092152,-0.024333606929691047,-0.28010582600865414,-0.27309485293531705
#53,0.41281227836702816,0.14223398066762824,0.15555148260006854,0.26414108009466963,0.7464271768840297,0.4754440628262238,0.3364502067910335,0.302069504099961,0.09291810437568233,0.23653069193315748,0.32126321829004933,1.0,0.633963136211142,0.18643068316744893,-0.0537369809305995,-0.17616524157495875,0.17681549777271316,0.09425208584019316,-0.2313350174118847,-0.2927188837268605,-0.2710197706571891,-0.19967168437074165,0.12025436492441569,0.05935340946218394,-0.019305277753428586,-0.027667763708372844,-0.2258668090430237,-0.04878196495310346,-0.002314147056714134,-0.13546366613806787,-0.14086015507335303,0.07901409685311063,0.06266206599781654,0.15479444413454566,0.13127525121723815,-0.1069990198344078,0.05778514451465865,-0.049167656129222484,0.06667676051287363,0.11521009809624748,0.10163918749850584,-0.277278486560575,-0.06764417598355234,-0.06721864067766896,-0.033249129405764646,0.21797129628891776,0.026912319008040544,0.037227167321438534,-0.09654073265385811,-0.052536875742096915,-0.38765947612938184,-0.07051932838734869,-0.26261106551171814,-0.16914629967566877,-0.30839356437616045,-0.47791439887161424,-0.19735116225326524,-0.30896253854919553,-0.009871781590418283,0.1453466040848202,0.12391046227159352,0.2023523974212879,0.11798962458860936,0.2094589964060595,-0.047623297659555815,-0.17065718907633337,0.2339503860896174,0.04607256412912686,-0.11831634645267712,-0.15095506379045176,-0.07953685183561905,-0.13358302321319,-0.308886037820048,-0.08899106694610683,-0.453929826518659,-0.31609145024663515,-0.27993051183769097,-0.15989608650957454,0.14913817147319686,0.12455753093896677,0.5096717640590012,0.4310481396775813,0.09404011506984676,0.4547283028791368,0.22308568878547125,0.11537425591087665,0.25859637099666105,-0.040599574464694116,0.09605941556630461,0.3070420514945533,-0.11027101977065719,-0.11828765867924679,-0.1423678569436365,0.042594968483293354,0.037085322219477405,0.02337256651977464,0.12061933715305724,0.029310935619855125,0.06784339663237415,-0.18922614731171655,-0.038298177529504575,0.1724597375068731,0.1992445552996677,0.3015228426395939,0.1784538883886237,-0.12945357760441153,0.03169680211014511,0.19771613448190678,0.02689956888651595,0.09819984221724613,0.17251551928854322
#54,0.16681302743666776,-0.06520093394640168,0.23346110017611105,0.22334228498115372,0.5892962729801018,0.6053980827004758,0.2858832248244866,0.283012853716262,0.09322251352708205,0.2611989895528692,0.291627154571317,0.633963136211142,1.0,0.4368191634326515,0.25507733745587263,-0.02286574918917196,0.3878188526484393,0.3521711066308601,0.08797743228490147,-0.0627768170915379,-0.1229940472870132,-0.35453306664329143,0.12277410769071392,-0.16820279068284869,0.07428858306305731,-0.2665094151678633,-0.25223406035588775,-0.23259887320801026,0.40883902174692605,-0.09979838870339233,-0.07342954362533768,0.29626819880626987,0.04737945158539792,-0.013787662663659763,0.17517073209604028,0.14140841029891066,0.19532229916566393,0.17185729426483595,-0.09620285443345632,0.0494162834989521,0.11413908788818143,-0.09408474049518284,-0.08403126967303907,0.032673780171967266,-0.21313421893552423,-0.021730988373482935,-0.1460191729952426,-0.08027476511885503,-0.3378734391062165,-0.24756273458231398,-0.3191801671859685,-0.02724541593287061,-0.19106853987202066,-0.23168723951900166,-0.13327861406179028,-0.18448947716532924,-0.3891321151654727,-0.37085322219477407,-0.16341033875479125,-0.06561371913076046,-0.28829140402744463,-0.12821681581652575,0.29914016367968504,0.19683956362709082,-0.018267736614364604,-0.09901106869924854,0.48536046984197817,0.27101498936161733,0.255963470901832,0.21045509965016854,0.3107300241455426,0.16279195786084835,-0.051843587884197025,0.07765142761516945,-0.3067185171608667,-0.19898317780841349,-0.31058021021762866,-0.24427798452454,0.5093673549076014,0.30913785272015876,0.1384966012957311,0.2579174270254763,-0.14704077648240085,0.4353799934655627,0.15285323813242596,-0.3011738080628581,-0.13569794962108234,-0.23825673963454963,-0.02679916167950976,0.19905330347679875,-0.1376487182143455,-0.1632398058793998,-0.24416323343081864,-0.18625058770091402,-0.006309716389484337,0.07504243399819904,0.04217102694260055,0.1388137605686554,0.06662257249639411,-0.11395580489126537,0.05176071209428715,0.3189044458079991,0.25119970674720493,0.40880555267792396,0.2481747404154946,-0.031730271179147174,-0.0069280972834272325,-0.1905170971160819,-0.1878379778307262,-0.2469826040529449,0.005815649180406251
#58,-0.09109643076285572,-0.24409470152762394,-0.08411733299333009,-0.06786889687542334,0.23109595263329855,0.2101634406202934,0.3181824701766689,0.17469260253886795,0.18277299205508052,0.008292360286558982,0.13108081186398807,0.18643068316744893,0.4368191634326515,1.0,0.055209619966690306,-0.1813019467841803,-0.12615607742511295,-0.08926519455888564,0.14876523041860243,0.21731625879559163,-0.07816302624134386,-0.2630700698866036,-0.030895138219286154,-0.2508203906318482,-0.005082517192741993,-0.26044673238291804,-0.1419486966985154,-0.16527026273219167,0.4596068181274853,0.0042999784841699275,-0.17402640868920782,0.1973910063830296,-0.06762505080126545,0.020092597757572377,0.27720995465738035,0.21941206002119706,0.23495286439448876,0.16451003673628764,-0.3145646231940648,-0.26677557395468926,0.010069408474049519,0.0707121739754082,-0.11418211954832695,0.01621018575333296,-0.180707472368096,-0.1719226386376495,0.01849405127142618,0.1539800301221621,-0.17646168190040562,-0.266738917355306,-0.20282574568288855,0.08172827897265895,-0.14635545745045384,-0.27225812621026546,-0.18210201690984867,-0.1723912056036784,-0.2637378575014543,-0.14945054945054945,-0.07464080517017428,-0.31795774928479786,-0.22087194893576328,-0.2281825498649284,0.48730486337447904,0.09392217644574424,-0.14799384806636437,-0.0872634254795241,0.6202185052076278,0.4063814358230602,0.4102096598108201,0.49978404481667715,0.30459880945740264,0.360527217525042,0.17963008709926767,0.12135406290591207,-0.10401389763246181,0.0038154738662352877,-0.1256731665723689,-0.15574114065774688,0.29870347201746766,0.16330674401740392,0.12785981241383707,0.12448899903577205,-0.23358222633059472,0.1945572918741882,0.2900110766680745,-0.11500131485628222,-0.05771501884627338,-0.016307405429958004,0.05555227948266382,0.2591223135095506,0.049054498800691695,0.11734733721680785,-0.19251567866506228,-0.11386177274502148,0.13460940799591997,-0.19056969136737084,-0.21014431543800652,-0.07049860943987123,-0.06736686084039238,-0.20185673644701926,0.02668281682059782,-0.01132051414865048,-0.03930862466032879,-0.0507582337894158,-0.14459115938448788,-0.01806532843516165,-0.21052203778817266,-0.23205699304321495,0.11191737921252062,-0.08050267354110718,-0.016007777574130005
#101,-0.0580258030584354,-0.02623656256723697,0.1520069488162309,0.2568639482345066,-0.04554184032066556,-0.06286925547259123,0.1489867637800923,0.0817633418068516,0.23570193403405876,0.2150897688243591,0.15850472949820302,-0.0537369809305995,0.25507733745587263,0.055209619966690306,1.0,0.3571643729729299,0.26293778737578594,0.18621074357114967,0.5047677485676035,0.18822845030241694,0.4621424985456893,-0.09388392608117047,0.39184948481540216,0.20781423072938665,0.4653619042306497,-0.04417438978715266,-0.06473396074556335,-0.18478113619520437,0.3347464718023094,-0.08772083608921898,-0.3326968897672306,0.3215755962674019,-0.1851588585453705,0.05981241383706939,0.08220481476464073,0.18383284590681254,0.38588561547227246,0.16643530508650162,-0.0923268174899792,0.05442070619735594,0.043068316744893975,0.1414434731331033,-0.10368558200320346,0.17208679645227867,-0.17052012526994398,-0.1642630031317486,-0.31004948640916735,-0.35086262540939844,-0.5649674473459825,-0.40050681733060267,-0.09006526468455403,-0.18216736128266223,-0.11967104686466543,0.043753635776841,0.23396951127190432,0.14082987353473214,-0.2664775398640518,-0.24515455537935596,-0.22284024894612275,-0.10346245487652304,-0.4490704364525974,-0.4228912494322212,0.025098614221166795,-0.07249240969327989,0.146519615265083,-0.15629417717887623,0.16220067097514523,0.2172572894835404,0.5017539385922272,0.19380981599980876,0.3888803002653619,0.06248197053128163,-0.0357369968682514,-0.12235335368040226,-0.019018400019125182,-0.2511710189737746,-0.26736845460558295,-0.24730613838663149,0.3739499079600602,0.23124417279602197,-0.07411964395285643,0.04052466750073712,-0.3198160794970077,-0.08710404896046665,-0.19638374678258652,-0.5883240762138514,-0.575303014606858,0.052889097849213876,0.0706563921937381,-0.06359919992987433,0.13032536716365578,-0.12961932918423127,-0.14041230705480162,-0.37997434038043176,-0.2575843301006463,0.11730749308704348,0.284585899959359,0.017717887623616414,0.11262660472232626,-0.1270645235837404,0.009672560941596475,0.03130792340364494,0.1945684482305222,0.06340316681143367,0.17433241160579813,-0.22509861422116678,-0.023954290814334325,-0.39276111850441076,-0.3171576791591295,-0.4450445855812063,-0.3429097371084318
#102,-0.293402608993617,-0.28525687510459086,-0.09599566495868164,-0.0014822016272342596,-0.09541553442931253,-0.15207388695423504,-0.25680657268764595,-0.3737124369466647,-0.2882898102622541,-0.2348189881184805,-0.04092789009395246,-0.17616524157495875,-0.02286574918917196,-0.1813019467841803,0.3571643729729299,1.0,-0.0815067456111691,-0.05447170668345433,0.06774617695574911,0.46686163727498026,0.07521934193435281,0.2787861884308585,-0.19734159966212178,-0.12895951039533346,-0.028850337479779106,0.011892675852066714,-0.12806540812342118,-0.15732374949198735,-0.008692395349393174,-0.09771693136450207,-0.07932009976970093,-0.03203627409573748,0.1934065934065934,-0.12206806971128943,0.06248834559204392,0.19510554709974579,0.07495318314752687,0.26845380870036417,0.08398823801289355,0.32620548414602074,0.10416052402999466,0.17689837356262303,0.19958083975487892,0.5824367075998693,0.2859756632055399,0.3753077959024297,-0.18262317812716652,-0.22187442724063464,-0.2849221844145702,-0.11276844982428738,0.03152308170437249,-0.01876499135382384,0.12000733131987665,0.37468622747810565,0.0680155232729562,0.3742973487716055,-0.109870984707823,0.28095370909003975,0.09768027476511885,0.001584202599431026,-0.12130784371538542,-0.14916367171624603,-0.03554415128019189,0.0432037867860928,-0.2240132601263856,-0.16921642534405407,0.17164372972929898,0.34332092852760004,0.23029428874243957,0.28197850010757913,0.06798683549952586,-0.08119277386862593,0.09143271521806692,-0.05824096135916296,0.012654495613161313,-0.061634087449896006,-0.13515288192590585,-0.08589438118082063,0.03172389611838488,0.29231725489883575,-0.23107045239024934,0.014326355298073934,-0.21133007673979393,-0.29153630995545426,0.013628286144602316,-0.14662958506323262,-0.18830973232713624,0.2284694275992318,-0.08496362230952514,0.10441871399086773,0.13478631593207374,0.0683087760680219,0.41972762552893084,-0.10617185570049964,-0.09130043270724925,-0.07809290057295859,-0.17644733801369045,-0.0636071687558272,-0.027739483141948698,0.0016240467291953877,0.011760393341249033,0.0025579931308720287,-0.06400561005347082,0.13179003737379372,0.14634908238969152,-0.08183027994485573,0.008195140609933938,-0.21278359059359783,-0.2134657220951637,-0.11211181856577071,-0.07558112663261321
#201,0.48218250205197266,0.3856863948234507,0.6034026886818765,0.5407119349106296,0.14590282813633068,0.2196160619655906,0.2431862553689965,0.5422913562144889,0.30727792874275833,0.6695280064388114,0.48686817171226165,0.17681549777271316,0.3878188526484393,-0.12615607742511295,0.26293778737578594,-0.0815067456111691,1.0,0.6072341002000176,0.026770473906079416,-0.3433288973535529,-0.10427527512371602,-0.25388201356294177,0.271810278191714,0.1490154515535226,0.27256572289204634,-0.20521479970355969,0.13253591948298257,-0.14843532102415352,0.08549115858760528,-0.0741833945604794,-0.08849221844145702,0.23169680211014512,-0.12889575978771048,-0.09935372821522205,-0.27745061320115705,-0.23202989903497517,-0.07442883439982788,-0.1217078787782196,-0.002640868920781901,-0.037289324163870936,0.180097060300106,0.006687438739650487,-0.12931492003283157,-0.1816318561786292,-0.25969447521296685,-0.3342332794109444,-0.11745093195419519,-0.26662576002677524,-0.28884125301819286,-0.20769469834009355,-0.17911370717752154,-0.19842854752209357,-0.06955031915147941,-0.053199882061375894,0.06480408641394864,-0.08156093362764864,-0.4780355250260979,-0.6565069448318179,-0.0782602459179689,-0.04089601479014097,-0.24262684378710483,0.15376965311700627,-0.3770194997171067,-0.23647012885591565,0.21488098558439386,0.20216433312880014,-0.1740088772721115,-0.13146172174453538,-0.0281825498649284,-0.09508084373929189,0.5004916765612922,0.19624508921100653,-0.025933747181027818,0.14067368454605583,-0.08965407326538581,-0.21732263385635395,-0.2427113133422053,-0.0988325669979042,0.35676115037971456,0.03308178406075433,-0.09969638773119556,-0.15649977288846034,0.14678258652152779,0.28851293738893447,-0.2138848823402848,-0.3524436404784483,-0.12678561467538987,0.04017882045438246,-0.10956338802604212,-0.34356318083656734,-0.22087194893576328,-0.21855461434866802,-0.318912414633952,-0.18289252444437362,-0.3222019459872977,0.5239471188709768,0.3301851158268852,0.3495557379531274,0.37832798093856834,0.11573125931356533,0.06694291929969957,0.43742001290949806,0.25438883089354447,0.5527002366741308,0.34770378280167985,-0.06952481890843022,0.14466287881806372,-0.10075464781773702,-0.18208448549275236,-0.285720660775048,-0.18693750049805163
