,#10,#11,#12,#13,#17,#18,#26,#49,#50,#51,#52,#53,#54,#58,#101,#102,#201,#202,#301,#302,#401,#402,#501,#502,#601,#602,#701,#702,#801,#802,#901,#902,#1001,#1002,#1101,#1102,#1201,#1202,#1301,#1302,#1401,#1402,#1501,#1502,#1601,#1602,#1701,#1702,#1801,#1802,#1901,#1902,#2001,#2002,#2101,#2102,#2201,#2202,#2301,#2302,#2401,#2402,#2501,#2502,#2601,#2602,#2701,#2702,#2801,#2802,#2901,#2902,#3001,#3002,#3101,#3102,#3201,#3202,#3301,#3302,#3401,#3402,#3455,#3501,#3502,#3601,#3602,#3701,#3702,#3801,#3802,#3901,#3902,#4001,#4002,#4101,#4102,#4201,#4202,#4301,#4302,#4401,#4402,#4501,#4502,#4601,#4602,#4701,#4702,#4801,#4802
#10,1.0,0.6580289905888166,0.43526842990222253,0.48721720628899745,-0.07750639498282719,-0.03775789112989983,0.3628971463634263,0.6467562893958833,0.5360708906756767,0.6066364382535521,0.6880236514754281,-0.06585119014415607,-0.06250906453952139,-0.06458414681764936,-0.10066380320187426,0.1050259385284766,0.27695335846169783,0.17117994405884182,0.14902660790985664,0.16266764417598356,-0.0508395158141351,0.025076301508498752,0.057939739738144376,-0.07017826263656575,0.06838368303197889,0.07300400831945429,-0.12056036784100599,0.0015698587127158557,0.0068037835985624235,-0.13585732614013976,-0.1657802675931755,-0.198426953756903,-0.3078453091506028,-0.17889536134641285,-0.11537266214568608,-0.16659468160555904,-0.12357099028600116,-0.14816438094175585,-0.12506275450437887,-0.12710596147869535,-0.1329407358413885,-0.2230761261943278,-0.1360677031452956,-0.1951613288814159,-0.29287985401110855,-0.16768959829148372,-0.3165106104917563,-0.15779391022320682,-0.4331200344253281,-0.06524555937173776,-0.1366350835531401,-0.1196981408729052,-0.20747794627417543,0.11428252675533314,-0.03348819418435082,-0.2616787128752321,-0.508713911179466,-0.2284566774777072,-0.42560065025619775,-0.2528189721808286,0.45187386942281793,0.10511040808357705,-0.18013052936910806,-0.0419431185203484,0.29350620373100433,0.22050697670712174,-0.009270932113571707,0.021609862218999274,0.4644821458454526,0.25332897704181245,0.488930503868865,0.24390185593956443,0.056922917546557865,0.14210329192200113,0.012973248651276208,-0.008660520045581684,-0.16770075464781772,-0.41913952617360883,0.027355385731020247,0.028420020878323998,-0.010534787909697264,-0.2517097116081888,,0.15231613926320237,-0.06208034170325686,-0.06503836989696309,-0.3495302377100782,-0.2597247567515878,-0.22530102240036975,-0.19158013849819505,-0.3578130354054937,-0.3942449138968356,-0.3291762624612516,-0.2580815848401055,-0.341523161392632,0.027068507996716843,0.2124999003896756,-0.06675485500721179,-0.043079473101228,-0.26126752145606386,-0.2093777143813402,-0.0069280972834272325,-0.17439775597861168,-0.04310816087465834,-0.10325367163655778,-0.20256277442644374,-0.13038911777127876,0.005409239056809761,0.21511686283259887,0.23540708747380248,-0.050127102773948315
#11,0.6580289905888166,1.0,0.4738072659755038,0.4207476352508985,-0.05646550693686299,0.055533154300376926,0.5145518730725402,0.4999322649794006,0.6854242204496012,0.6989807871606276,0.5899019037525202,0.06761389444493143,0.08834240451354301,0.07025476336571333,-0.007605447489421383,0.2627066914231526,0.13600076500729147,0.2265712532572576,0.1270198981584043,0.16345018288455562,-0.0679087410051877,0.157070340826686,0.1100080485142124,0.062332156603367626,0.08693670361545633,0.2509032664217581,-0.1847604172477269,0.03825992716493079,0.12042330403461658,-0.020455976221023357,0.07392839212998749,0.025967216250029884,-0.09783965128417631,-0.0808644582393676,-0.18387428380176749,-0.20000796882595287,-0.16668393245623123,-0.10960163839061592,-0.19207420570727315,-0.1128927635091522,-0.17281992843994295,-0.22856186598028513,-0.25803536564957885,-0.16643052379092987,-0.3850759827554606,-0.03945843858824279,-0.25068013929507765,-0.09384886324697782,-0.42248962060419637,-0.0534246029532469,-0.23268971782387302,-0.19276749356517303,-0.26201977862601505,0.16399046928416036,-0.12528906916144045,-0.08529512546916462,-0.5338444007044442,-0.17895751818884523,-0.37466869606100933,-0.31031883272637445,0.3085943787901728,-6.693813800412785e-05,-0.13472734662002248,-0.036211938895042595,0.1865757157997912,0.24395763772123452,0.058725465977097595,-0.0722230633760728,0.462372000733132,0.3460287355863861,0.4842496155041478,0.2473619201683016,-0.0705814852297811,0.013233032377339847,-0.19475173122743827,-0.24005928806508936,-0.29873534732127915,-0.44688538437631986,0.09339782769804525,0.09749858553339337,0.06905147064682961,-0.15402146801711702,,0.18138004127851842,-0.11693614579763964,-0.1076413072062093,-0.37985640175632923,-0.38958952577516753,-0.24435129772330644,-0.24612834591079696,-0.27881328243909825,-0.317211867175609,-0.3258771685167624,-0.13130712652104964,-0.4197563133023612,0.09323366988341608,0.30293810612882405,0.08352126481205524,0.05900118735506698,-0.24025372741833945,-0.17370606188590235,0.007036473316386297,0.04490752177481692,0.1510459084063145,0.07782036672537035,-0.13384121317406306,0.06392432802875152,0.0589183115651571,0.13010224003697535,0.17782753866872794,-0.11226482002406585
#12,0.43526842990222253,0.4738072659755038,1.0,0.7536325893106168,-0.050673764234315355,0.14771015786244213,0.21826136155360232,0.21615440397166286,0.2459562192702149,0.6935874857557236,0.4097713743834121,-0.044203077560583,0.20380431750990127,-0.15725362382360206,0.004344603909506013,0.0971463634262764,0.7178143104176462,0.656723696897736,0.04165624078604499,-0.14396799719497327,-0.1715369474615305,0.07482886946266207,0.35289626979257144,0.13397987074564305,0.37017427822358934,0.19468319932424355,0.09662042091338684,0.0990827881328244,0.3558766106989457,-0.112118193626533,0.2650447449577254,0.1814390105905697,0.21050450637107634,0.20178342324825282,-0.0832551060252293,-0.1396951127190431,-0.09671126552924958,-0.27903162827020694,-0.11177553411055949,-0.19766991529138012,0.01111013714349465,-0.474581835858123,-0.22350803656097348,-0.23926878053056444,-0.05423582943524931,-0.17975121325375132,-0.016348843324912942,0.1383531624285794,-0.3554717943405398,-0.16123166173927594,-0.1979711369123987,-0.10903744551315254,0.08965407326538581,0.2539903895959008,-0.06465427248603463,-0.10417805544709098,-0.3747946035110647,-0.42409454215110487,-0.058526245328275786,-0.11632095243407789,0.07924359904055335,-0.009430308632629154,-0.3194686386854625,-0.3529855206432436,0.4070555984986732,0.222449776474432,-0.1994326195921555,-0.28145893265545185,0.2513431456143566,0.17011690267672863,0.49580122560543155,0.3506649985257672,-0.056404943859621165,-0.007622978906517703,-0.2851931244969679,-0.2583620875136466,-0.25423264190486816,-0.12771159225111364,0.3199483620078254,0.13530110208862928,-0.20594793169122394,-0.18152985520643244,,-0.2470112918263752,-0.07791439887161425,-0.11437337137119588,-0.295211532484919,-0.2976340555745922,-0.2179999840623481,-0.1244236546629585,-0.22282909258978875,-0.14578329574703758,-0.20045262931412314,-0.21594402696650702,-0.10687151861916185,0.2617520260739985,0.26167393157966035,0.3142139948521384,0.4515296161416539,0.07499143351210066,0.24102829730095865,0.38329734080277955,0.23123620397006908,0.34591079696228355,0.2906788642829252,0.16795735084350022,0.35345408760927255,0.01851955151447537,0.08363760967096717,-0.019453497916152012,-0.09605144674035175
#13,0.48721720628899745,0.4207476352508985,0.7536325893106168,1.0,-0.22940496776609903,0.12502609790499566,0.02995003546127549,0.278840376447338,0.16260070603797944,0.674368271322586,0.23531783662313033,-0.17473404043382287,-0.13561348006598187,-0.3993322123851493,0.14276311071089895,0.0012112615448365992,0.5795456175441672,0.37955039883973896,0.14371299476448135,-0.12064005610053471,0.03878108838224864,-0.05203962100263768,0.2092518069312848,0.0011841675365968332,0.2815944026966507,0.006936066109380105,0.17054562551299318,0.10887647522890452,0.04856999418275706,-0.20046856696602888,0.23308815912151662,0.21963359338268693,0.12298289093067918,0.1465132402043207,-0.13668927156961966,-0.1220457569986214,-0.08413327064523583,-0.20175632924001308,0.03897234020511758,-0.22142976675246437,-0.10421630581166477,-0.4048928591350636,-0.1668656216879567,-0.11211341233096128,-0.20375172325861232,-0.36976786809999285,0.0748639322968547,0.18325749667301516,-0.317552932926392,-0.1339272764943541,-0.05696754297189395,0.046083720485460875,0.11990533034767988,0.16435384774761133,0.0834367952569548,-0.1139287108830256,-0.26491086868171715,-0.4128808102702229,-0.08660998175138857,-0.14003458470463548,0.15412028145893267,0.0956737243901856,-0.4362677206767127,-0.44338069472224656,0.2616898692315661,0.10334770378280168,-0.3204137414434731,-0.42973009586497624,0.30812740558933455,0.147118870976739,0.35573157806660344,0.29378351887416426,-0.046007219756313306,0.032457028106049134,-0.16265648781964953,-0.0878626811911801,-0.16116472360127182,-0.11079218098797504,0.008357704659372535,-0.11746527584091036,-0.2072675692690196,-0.30153878029149966,,-0.25028966682338694,-0.24438954808788022,-0.033835634995896056,-0.08736702021691144,-0.3726302703822646,-0.2747332435512276,-0.2558327821562049,-0.28499549761333665,-0.19563786467339767,-0.20724366279116097,-0.10652885910318832,0.021823426754536253,0.02632900094829029,0.220726916303421,0.08215222051335176,0.2968897672305939,0.075319749141359,0.19010112440134194,0.2149718302002566,0.2871837372199954,0.25086182852680317,0.12788053136131453,0.19022703185139733,0.23292400130688745,0.013513535050880954,0.13796428372207922,-0.030774012064802493,-0.07634294639370781
#17,-0.07750639498282719,-0.05646550693686299,-0.050673764234315355,-0.22940496776609903,1.0,0.5294344524221246,0.0634637298886755,-0.16414825203802724,0.0002151583007275538,-0.20405931994039317,0.019880626987225973,0.6416546470208544,0.18856473475762817,0.31072364908478034,-0.2990700380112998,-0.050616388687454675,-0.17216170341623568,0.06426539377953445,-0.07002207364788945,-0.2014853891576154,-0.2905609256588227,-0.14272486034632517,0.055129931707161586,0.22194774043940108,-0.0006693813800412785,0.06922359728741165,-0.22132457824988644,-0.13162109826359283,0.22993887910494146,0.5876562885990008,0.021083919706109698,0.09503462454876523,0.09740136585676833,0.14022743029269497,-0.07420570727314744,0.00020081441401238355,-0.11840878483373045,0.19899433416474752,-0.15231454549801177,0.10555825610212848,0.22760560686594045,0.3998836551410881,0.3369283363482058,-0.04003378782204018,0.24083545171289913,0.10063352166325336,0.0071336929930113395,-0.010493350014742327,0.009497246770633282,-0.0021866458414681765,-0.10607304225868402,-0.15876770075464783,-0.2136171297882683,-0.16306767923881774,-0.28781168070508173,0.004398791925985544,0.07909059758225821,0.008107483524452343,0.12235972874116456,0.2187426786411558,-0.12920176270430078,0.09481468495246595,0.4102415351146316,0.37740837842360686,-0.01293499828670242,-0.12237726015826088,0.24721370000557819,0.3703495923945525,-0.25935500322737454,-0.19776872873319573,-0.22560383778657891,-0.009862218999274837,0.055059806038776304,0.17477547832877782,-0.13492656726884428,-0.21081847811361953,-0.0853971264413614,0.14662321000247033,0.11687398895520723,0.42194136537863874,0.17702746854305956,0.5605845930719027,,0.18063575293452017,0.5951772665333216,0.19778466638510148,0.1910908525846887,0.5393349217859733,0.5442883439982787,0.6167185968491262,0.40977456191379324,0.39850186072085997,0.13933492178597326,-0.03637290917929061,-0.08335232570185434,-0.04660328793758815,0.07370367123811648,0.1499159288861972,0.018642271434149607,0.04101554717943406,0.05363338619321215,0.16271864466208194,0.24412020177067312,0.03236458972499582,0.044668456996230746,-0.05245240618699647,0.03843046004032226,-0.1224202918184064,0.06846655882188878,-0.1456271067583613,-0.03759373331527066
#18,-0.03775789112989983,0.055533154300376926,0.14771015786244213,0.12502609790499566,0.5294344524221246,1.0,0.015362302671947343,-0.062445313931898415,0.028982619990596786,0.05431551769477803,-0.03483333200519567,0.5929603391532325,0.17851763899624667,0.1118058156491804,-0.20526261265927692,-0.23482058188367108,-0.08727458183585812,0.3206018057359609,0.03371929013698412,-0.30065902190630256,-0.23115651571054036,-0.28329973145056536,0.04752926551331192,-0.0006725689104224275,0.11625720182645491,-0.07587916072325064,-0.16577229876722263,-0.011980332937548311,0.4054857397859573,0.33562144889193474,0.2045517933842807,0.15275920598618206,0.1965973113181235,0.07551100096422794,0.09658535807919419,0.1874873494887998,0.08442811720549212,0.10607782355425575,-0.12860250699264478,-0.06065710938807386,0.304799623871415,0.1490728271003833,0.2740845811186638,-0.07680354453378384,-0.02218202392241551,-0.1713680083513296,0.06298719409669373,0.1506331232219557,-0.10353895560567061,-0.19041509614388513,-0.19740216273936362,-0.11521328562662862,-0.19439791535513073,-0.2518706818924368,-0.20422825905059408,-0.14243798261202176,-0.14244754520316522,-0.2726294734996693,-0.07027388854800022,0.08364557849692004,0.01391516387890572,0.16722581262102654,0.2541688912972452,0.13236060531201937,0.04784642478623624,-0.011471921841755054,0.08601710110049486,0.1792332395668146,-0.08000860633202911,0.04055335527416746,0.042319247105323976,0.25204758982859055,0.06939891145837483,0.26232737530779593,-0.11342826861318522,-0.14855804094382774,-0.02835308274031987,0.19464494895966977,0.0974396162213421,0.25401270230856887,0.15210576225804653,0.46393867191546667,,0.11253894763684466,0.4127533090549769,0.24969359864211205,0.21368884922184414,0.4413327064523584,0.29418992899776075,0.4423096845141805,0.16706165480639737,0.27508068436277283,0.08618444644550519,-0.08918231876897577,0.09545378479388632,-0.13419024775079888,0.11291666998701082,0.05170333654742647,0.23572902804229853,-0.04290734646064595,0.21084875965224043,0.18541226721067186,0.4395078453091506,0.061657993927754624,0.1732598076325415,0.023013969351895387,0.21488736064515615,0.10712652104965376,0.13555291698874006,-0.1865709345042195,0.06879806198152826
#26,0.3628971463634263,0.5145518730725402,0.21826136155360232,0.02995003546127549,0.0634637298886755,0.015362302671947343,1.0,0.22988309732327136,0.5384471945748233,0.40776163647809766,0.5789718620755604,0.044137733187769444,0.12036433472256533,0.4266206599781654,-0.15502713385236952,0.10381786451402115,0.0001625640494385962,0.22959940711934912,-0.17407900294049677,0.00451832431527863,-0.1671158428228769,0.07153136928336348,-0.00973153025364773,-0.031029014495294407,-0.06447577078469029,0.1735721856098941,-0.17420012909498045,-0.08609519559483302,0.15771581572886867,0.03197730478368622,0.21791392074205707,-0.04316234889113787,0.12502291037461452,0.2063878108838225,-0.06452836503597925,0.010292535600729945,-0.06784499039756473,0.1124991035070803,-0.28062379969559087,0.014064977806819721,-0.09721011403389938,-0.03524930471993561,-0.32998748894325397,-0.17662902724541593,-0.14825841308799975,-0.10683486201977863,0.00038090988054729894,0.08576050490481238,-0.10541800476535793,0.13175816206998223,-0.10142243543258772,-0.09507765620891075,-0.1995250579732088,-0.06524715313692833,-0.2102638478272996,-0.00022312712668042618,-0.3220744447720517,-0.01724294559682522,-0.2342436388846831,-0.2663054132234698,0.12836025468367745,-0.05871430962076357,0.21571611854425488,0.10599494776434588,-0.10482353034927364,-0.07867781239789942,0.37427822358931856,0.34427240634637296,0.3220840073631952,0.39445210337161024,0.39557092653539355,0.2700746678991784,0.05377523129517328,0.07728326785614675,0.010751539975615393,-0.05789670807799887,-0.08373164181721107,-0.3149136577708006,0.18185817083569078,0.08347026432595686,0.049164468598841334,-0.2907027707607838,,0.16188032417183976,0.12324267465674282,-0.18468869781415104,-0.24792611304576498,-0.10130609057367577,-0.24306194168413167,-0.1453705105626788,-0.22811561172692427,-0.2155392106081011,-0.297383834439672,-0.23517280399078805,-0.40542358294352493,0.04325319350700061,0.1168134258779654,0.20404497605367802,0.12826781630262413,0.029763564933978276,0.004362135326602332,0.19163113898429343,-0.03481420682290878,0.2598044450111165,0.29485931037780205,0.08906119261449211,0.21192295739068762,0.10040083194542948,-0.08088198965646391,0.1875941317565683,-0.004682482129907801
#49,0.6467562893958833,0.4999322649794006,0.21615440397166286,0.278840376447338,-0.16414825203802724,-0.062445313931898415,0.22988309732327136,1.0,0.49401780235717874,0.46669110439958883,0.5945827921172374,0.02794826638191395,-0.08380654878116807,0.016589501868689686,0.05226593565969926,0.2592115643602228,0.10562838177051374,0.028907713026639786,0.24792611304576498,0.3352022886468137,0.026802349209890906,0.22199874092549945,0.15736837491732342,-0.03756823307222147,0.2548414602076676,0.23921140498370375,-0.06472758568480105,0.07573253432571779,0.07379610961916981,-0.21759198017356102,-0.08696061009331495,-0.37204057726175205,-0.15111603407469978,-0.39415885057654454,-0.25597622102335665,-0.12539585142920892,-0.10867725458008272,-0.22726294734996694,0.0037278167807536914,-0.09105180533751962,-0.24824008478830814,-0.25556821713456956,-0.18401931643410976,-0.12058586808405518,-0.3056299755357043,0.024343169520834495,-0.3817179194989202,-0.1745953828622429,-0.4744830224163074,-0.28847946831993243,-0.17471969654710773,-0.09581875702252787,-0.08390536222298368,0.2570775127700436,0.05639059997290599,-0.09923260206073839,-0.5753380774410506,-0.3303428985807521,-0.5392807337694937,-0.31555594514260216,0.4642367060061041,0.1184805042673063,-0.15224123229924535,-0.12402361960012431,0.1756568304791655,0.34924973503653706,0.022578871454868553,-0.07916869207659635,0.5179354365721298,0.19350540684840903,0.43731163687653896,0.20681334618970587,0.0008781646200065345,-0.11639426563284432,-0.05843858824279419,-0.11222019459872977,-0.12922407541696881,-0.4528428786586872,0.05806883471858091,0.03264827992891807,-0.06205324769501709,-0.15905935978452296,,0.20133398146451084,-0.04043860418044609,-0.04914215588617329,-0.24702244818270924,-0.3260572639832973,-0.25578178167010657,-0.24335838200957852,-0.4376527026273219,-0.4924893815394178,-0.35666233693789895,-0.2662974443975169,-0.3622612340523871,0.2043525727354589,0.311208153702715,-0.09806915347161903,-0.06353544932225136,-0.26321669628413646,-0.1702571540134992,0.004456167472846225,-0.25719863892452727,-0.03155017571261226,-0.11578225979966371,-0.03260206073839141,-0.27514762250077696,0.057354827913203545,0.1399007084286272,0.3194989202240834,-0.25856608945804016
#50,0.5360708906756767,0.6854242204496012,0.2459562192702149,0.16260070603797944,0.0002151583007275538,0.028982619990596786,0.5384471945748233,0.49401780235717874,1.0,0.5369171799918718,0.6141207595884898,0.06662257249639411,0.23053335352102575,0.3058913530269585,-0.052393436874945215,0.09368470543234865,-0.027266134880348077,0.15574432818812806,0.16267401923674585,0.11974117253305071,-0.08572703583581032,0.017206288997442008,-0.038945246196877815,-0.08989632557435313,-0.01266087067392361,0.10125030879200568,-0.22836742662703505,-0.12409215150331901,0.208966522962172,0.009798468391651858,0.039871223772601584,-0.027317135366446463,-0.06549259297627681,-0.06532843516164763,0.031852991098821413,0.042107276334977566,0.10170453187131939,-0.08527600028687773,-0.15898604658575652,-0.050536700427925955,-0.05769908119436763,-0.1113308736223892,-0.17964124345560167,-0.11276844982428738,-0.34084740495182847,-0.05612444118608006,-0.26233693789893936,-0.11106630860075385,-0.2882738726103483,-0.09720055144275594,-0.1566894309461387,-0.1695001155479763,-0.21673612826622254,0.16196957502251194,-0.03886874546773024,-0.1069862697128832,-0.4624676266445665,-0.12713783678250684,-0.4335694762090701,-0.28617488385436174,0.32537513248173144,0.023567005873024727,0.12892922885671254,0.12842878658687215,-0.03195021077544646,-0.0011172293985927052,0.2555299667699958,0.14863294790778475,0.44049597972730675,0.23841133485803537,0.4402314147056714,0.2333957558032975,0.0540923905680976,0.005383738813760568,-0.00796723218768179,-0.07421526986429089,-0.12360924065057495,-0.354662161623728,0.14743762401485389,0.060464263800014344,0.2695152563172868,-0.12190231813146969,,0.3571293101387373,-0.01042959940711935,-0.06603128561069098,-0.3027229478280965,-0.21672815944026966,-0.29716867613894443,-0.2361179067487987,-0.3154348189881185,-0.34634908238969153,-0.3573141869008439,-0.3258707934560001,-0.36712699917921093,0.0768497637243105,0.110170612563651,0.05165711735689981,0.03742638797026034,-0.21781988859581317,-0.19252524125620574,0.033599757747691035,-0.04821617831044952,0.18901417654137015,0.15118137844751334,-0.0555219979440429,-0.014589326554518722,0.126552924957566,0.2030409039836161,0.1617225414179729,-0.14563507558431416
#51,0.6066364382535521,0.6989807871606276,0.6935874857557236,0.674368271322586,-0.20405931994039317,0.05431551769477803,0.40776163647809766,0.46669110439958883,0.5369171799918718,1.0,0.5958020224880268,-0.15588776705527974,-0.0009451027580106623,-0.11000964227940298,0.029844846958697574,0.1713743834120919,0.4643897074643993,0.460360669062627,0.11765334013339815,0.06066189068364558,-0.15338874323645899,0.09287985401110854,0.23989194272007905,0.1003498314593311,0.28333320051956745,0.2928272597598196,0.12900094829028838,0.04171042880252453,0.2605391707639713,-0.058550151806134404,0.22488664345082038,0.037840766919809705,0.1004247384232881,0.044175983552343236,-0.05849915132003602,-0.09614866641697678,0.006606156714931189,-0.17462407063567326,0.03086166915028409,-0.09227581700388082,-0.11819522029819347,-0.2784419351496944,-0.2136537863876515,-0.25943469148690324,-0.23368741483317262,-0.27136880523392487,-0.10700380112997952,-0.00651371833387787,-0.312545322697607,-0.12877941492879855,-0.009288463530668027,0.025208584019316433,0.07511574719696547,0.21154523504052147,-0.1119620046378567,-0.12601582608834241,-0.5043151192534804,-0.29179449991632733,-0.2150786124680251,-0.12995242610906135,0.16840679262724223,-0.01185123795711178,-0.26813505566224927,-0.2618189642120026,0.3284702244818271,0.1876754137812876,0.014531951007658042,-0.17509104383651156,0.49155065384216945,0.28994732606045154,0.6003044091513997,0.339425766401836,-0.06511168309572951,-0.006591812828216019,-0.23525089848512618,-0.22992931651379803,-0.36686721545314727,-0.3267967710317239,0.21888452374311693,0.11983679844448518,-0.1519145104351776,-0.3147765939644112,,-0.0853525010160253,-0.12752193419343527,-0.290065264684554,-0.3313342205292894,-0.3465068651435584,-0.2924925690697989,-0.3020232849094343,-0.2706165480639737,-0.3265784252006152,-0.23852449218656616,-0.25343894683996204,-0.17953286742264263,0.1931818725147224,0.43180836567348535,0.12872044561674728,0.1838726900365769,-0.02040656950011555,0.06492999386400401,0.2270653204663357,0.19614946329957209,0.34598570392624056,0.16811353983217653,0.08124855565029604,0.15860832423559038,0.015378240323853086,0.06297763150555029,0.0072627879734478715,-0.13750049805162207
#52,0.6880236514754281,0.5899019037525202,0.4097713743834121,0.23531783662313033,0.019880626987225973,-0.03483333200519567,0.5789718620755604,0.5945827921172374,0.6141207595884898,0.5958020224880268,1.0,0.12181147351560695,0.20544111436062126,0.2546087704898437,-0.13773159400425536,0.08558837826423032,0.2886930328554694,0.37268286463355355,0.01763501183370654,0.036470128855915655,-0.13524691407214975,0.09591597669915292,0.14198854082827977,0.04145223884165146,0.17566798683549953,0.23642869096096072,-0.07413080030919045,0.013456159504020272,0.24183633625257991,-0.02408179202958028,0.12142259480910678,-0.18842767095123875,-0.018400019125182288,-0.0716795894460869,-0.07935516260389357,-0.16633330411430483,-0.07083808142546359,-0.2760815689024536,-0.13679605383738813,-0.18394281570496218,-0.12936751428412052,-0.24887121580377564,-0.196928814477763,-0.31270151168628324,-0.2100710022392401,-0.1391771390321064,-0.17215851588585454,-0.057448860059447444,-0.27074723680960083,-0.05369076174007283,-0.043532102415351145,-0.1041955868641873,-0.11265688626094718,0.1073416793503813,-0.12505637944361658,-0.18073775390671692,-0.5569571834981553,-0.3114121556471085,-0.3431280829395405,-0.3339878395715959,0.27633657133294554,0.02868936719553108,0.018196017180788754,-0.009148212193897474,0.15114153431774896,0.16267401923674585,0.25547099745794455,0.10841428332363792,0.40540923905680976,0.21250786921562845,0.49540915936855023,0.3240443385476018,0.04479436444628613,0.09004295197188598,-0.126103483173824,-0.1654870147981098,-0.22569946369801336,-0.39034018917992813,0.2508092342755142,0.06922040975703049,0.09450390074030393,-0.16607033285786005,,0.21707400648662434,0.05713648208209485,-0.07217684418554614,-0.30335407884356397,-0.21339878395715958,-0.29223756663930706,-0.08990748193068715,-0.1760313652989505,-0.31460765485421033,-0.3114695311939692,-0.32194694355680575,-0.43639203436157753,0.2934934536094797,0.3197427662982413,0.1589924216465188,0.10135549729458358,0.02142179792651149,-0.09845643841292863,0.27906350357401843,-0.0705942353513057,0.11465706157511814,0.08790411908613505,0.033362286734295435,0.025702651228394522,0.06682657444078764,0.07157918223908072,0.17460335168819577,-0.22933006080214202
#53,-0.06585119014415607,0.06761389444493143,-0.044203077560583,-0.17473404043382287,0.6416546470208544,0.5929603391532325,0.044137733187769444,0.02794826638191395,0.06662257249639411,-0.15588776705527974,0.12181147351560695,1.0,0.39078166213771726,0.34800181689231724,-0.2560112838575493,-0.06627513168484887,-0.1999011865581844,0.06449011467140546,-0.09038242395747835,-0.13548279132035476,-0.23919865486217914,-0.18863964172158515,0.10819434372733865,0.19368868984532508,0.03262277968586888,-0.023551068221118982,-0.27693104574902977,-0.10330467212265616,0.22033006877096797,0.40844536174485413,0.0811704611559579,0.12793153184741293,0.09727386464152236,-0.056481444588768734,-0.09686267322235415,0.09406242778251481,-0.04183314872219876,-0.020299787232347058,-0.15419996971846137,0.018305986978938392,0.2965901393747659,0.16680983990628662,0.2188797424475452,-0.10289348070348796,-0.07637163416713816,0.09773446278159839,-0.015735243726541767,0.052654814366199426,-0.06603287937588155,-0.17507669994979638,-0.26505908884444057,-0.43140673684546055,-0.3226593565969926,-0.22237486951047503,-0.2600865414498482,-0.01574321255249464,-0.11285770067495955,-0.09929157137278964,0.04200208783239965,-0.08248372367299125,0.056052721752504205,0.05345010319629609,0.4729785080764051,0.28299213476878454,-0.07119986612372399,-0.0005339113388424483,0.21735291539497487,0.21083441576552525,-0.20457888739252045,-0.15538891855062995,-0.2477316736925149,-0.017638199364087687,0.054227860609296435,0.2673078915283411,-0.19409669373411215,-0.20077138235223804,-0.055325964825602245,0.08570950441871399,0.17191466981169665,0.2864729179449992,0.4450716795894461,0.5332387699320259,,0.3860704922343791,0.48971463634262763,0.4187123971025349,0.17354190407127318,0.4728972260516858,0.34974539601080573,0.5279920949246547,0.1316290670895457,0.3580521001840799,0.06445186430683167,0.1587198877989306,-0.14819625624556734,-0.08212672027030257,0.04596259433097722,0.1156898214186104,0.16823944728223192,0.045337838376272026,0.086608387986198,0.16213532660233168,0.21681900405613241,0.026558503135733012,0.09686904828311645,-0.0038871932998111387,0.12061136832710437,0.012691152212544526,0.16731506347169872,0.06811752424515297,-0.09194909513981304
#54,-0.06250906453952139,0.08834240451354301,0.20380431750990127,-0.13561348006598187,0.18856473475762817,0.17851763899624667,0.12036433472256533,-0.08380654878116807,0.23053335352102575,-0.0009451027580106623,0.20544111436062126,0.39078166213771726,1.0,0.3557905473786547,-0.025181490011076668,0.09371817450135071,0.18992899776075992,0.2749515893823363,0.010435974467881647,-0.16731187594131758,-0.21069894572432643,-0.077716771987983,0.2693622548589916,0.18125572759365363,-0.02011809800062157,0.13348899106694612,-0.186677716771988,-0.12151343942496952,0.38033771884388273,0.2360190933069831,0.0997505757476751,0.23059072906788644,0.10462271593526126,0.07281913155734765,0.13521185123795712,0.14611639267186766,0.0571954513941461,-0.16586314338308536,0.043243630915857166,0.02415988652391843,0.39812732590107497,0.10271816653252476,0.17957430531759755,-0.07175927770561563,0.17064762648518994,0.2069870665954785,-0.09679732884954059,-0.1067742989425368,-0.14928639163592028,-0.15381587230753294,-0.2507072333033174,-0.3420602602618556,-0.1981703575612205,0.14640486417136164,-0.19143988716142452,-0.02858099116257202,-0.32363314712843355,-0.15999489995139016,0.11822072054124266,-0.003185936615958371,0.033743196614842735,0.05223246659069719,0.3834854050952673,0.29480034106575076,0.06469730414618015,-0.07591103602706213,0.25749667301516466,0.03654184828949151,-0.05582321956506148,-0.03665659938321287,0.020361944074779464,-0.17500338675102997,-0.11703655300464583,-0.04980197467507112,-0.40932671389524183,-0.4167074404927922,-0.23877471332148634,-0.1376359680928209,0.4432356620899043,0.2708508315469882,0.3457322952609392,0.39276749356517304,,0.3406115277036234,0.23453051661898652,0.32421487142299327,-0.13587167002685493,0.21507223740726278,0.26072245376088743,0.39944696347887065,0.18549514300058173,0.17896708077998869,-0.05821386735092319,0.05186111930129334,-0.15156866338882294,-0.013899226226999977,-0.02858099116257202,0.17546876618667773,0.23386272900413582,-0.0326339360422029,-0.027994485572440612,0.195441831554957,-0.025540087178955926,0.2171186319119604,0.26490130609057366,0.03361728916478735,0.22732669795758992,0.05722413916757644,0.045648622588434044,0.17845707591900486,0.006379842057869614
#58,-0.06458414681764936,0.07025476336571333,-0.15725362382360206,-0.3993322123851493,0.31072364908478034,0.1118058156491804,0.4266206599781654,0.016589501868689686,0.3058913530269585,-0.11000964227940298,0.2546087704898437,0.34800181689231724,0.3557905473786547,1.0,-0.3980205436333065,-0.19079441225924185,-0.2357258405119174,0.08101745969766275,-0.3581509136258955,-0.1981464510833619,-0.3318410378598921,-0.23195021077544645,-0.19412856903792364,0.06463674106893831,-0.21408888428467834,0.07247169074580243,-0.3835842185370829,-0.32203778817266854,0.2371171975232889,0.3556566711026464,0.2645124273840735,0.08150355808078796,0.2639036090812741,0.28565691016742506,0.16997027627919578,0.11341551849166062,0.1663795233048315,0.1670919363450183,-0.29016567189156023,0.20236833507319366,0.1944234155981799,0.25448286303978834,-0.07905075345249385,-0.09977926352110543,-0.06273537919658297,0.08362007825387086,-0.004660169417239758,-0.02678641155798516,0.05246356254333049,0.0023922415510522835,-0.1353122584449633,-0.22167361282662226,-0.3057431328642351,-0.23429145184040034,-0.33218847867143736,-0.009525934544063624,-0.17965877487269802,0.016068340651371832,-0.051465865534030875,-0.2263353760090526,-0.03735785606706564,-0.0708062061216521,0.6878913689646105,0.3784044816677159,-0.3184342850767796,-0.2579078644343329,0.4852505000438285,0.43156451959932746,-0.06524396560654719,0.12947110902150785,-0.05941397253942576,0.06032401246324379,0.20784929356357928,0.2486608387986198,0.10833618882929978,0.07401764298065966,0.1109563388026042,-0.018452613376471246,0.18819498123341488,0.21731466503040106,0.39373012774028004,0.2167887225175115,,0.5295874538804198,0.4360318434285077,0.26650782140267276,0.11835459681725091,0.29850425136864583,0.17105722413916757,0.34243160755125945,0.08341288877909618,0.17629752408577645,-0.08451736805616429,-0.08758377228282957,-0.3347464718023094,-0.11153328180159217,0.002371522603574815,0.24254396799719496,0.03992700555427169,0.1044203077560583,0.013225063551386975,0.25329710173800096,0.0839675190654161,0.17301914908876476,0.20395891273338698,0.15379037206448373,0.18311246404067288,0.010265441592490179,-0.023775789112989984,0.025938528476599543,-0.13064093267138951
#101,-0.10066380320187426,-0.007605447489421383,0.004344603909506013,0.14276311071089895,-0.2990700380112998,-0.20526261265927692,-0.15502713385236952,0.05226593565969926,-0.052393436874945215,0.029844846958697574,-0.13773159400425536,-0.2560112838575493,-0.025181490011076668,-0.3980205436333065,1.0,0.37006590219063024,0.0857589111396218,-0.06678991784140442,0.5508435002271116,0.2359250611607392,0.7171688355154635,0.37061415741618786,0.2540621090294767,-0.08942775860832423,0.35554351377411564,0.023809258181992046,0.17185091920407367,0.018852648439305435,0.10947094964498881,-0.12514403652909817,-0.17032887344707504,-0.021316609423933573,-0.2573707655651093,-0.10928129158731044,-0.11566272741037063,0.11822072054124266,0.033080190295563756,-0.017595167703942177,0.4992071018176892,-0.009425527337057432,-0.06504474495772537,-0.09104383651156675,0.1927515559132673,0.3484879152754425,-0.05775645674122831,-0.012554088406155121,-0.2777741475348437,-0.28041661022081615,-0.2948433727258963,-0.2448453649323845,-0.03276303102263944,0.015175832144650129,0.26223174939636146,0.32437584170724126,0.4702627321916662,0.13313039389906686,-0.08589438118082063,-0.24838511742065042,-0.13899385603519032,-0.07915753572026234,-0.2454509957048028,-0.06984357194654511,-0.28293954051749554,-0.24799623871415025,0.15647267888022057,0.15369155862266812,-0.05246515630852107,-0.2164763445401589,0.3709520356365897,-0.0938313318298815,0.04944815880276359,-0.15909761014909674,-0.2848281522683263,-0.48606172652583096,-0.23120273490106702,-0.27611025667588396,-0.3298042059463379,-0.4074970714564623,0.11485628222393994,-0.14216704252962412,-0.20470798237295698,-0.031942241949493584,,-0.25803855317996,-0.38470622923124737,-0.3426085154874132,-0.3340149335798357,-0.2568161352787894,-0.09217700356206521,-0.418992899776076,-0.12213660161448414,-0.331260907330523,-0.2943827745858203,0.08742280199858155,0.09719417638199364,0.18625058770091402,-0.0522946234331296,-0.22472567316657238,-0.1404266509415168,-0.22626843787104847,-0.24983544374407318,-0.3148499071631776,-0.23441576552526516,-0.08638526085951757,-0.1757381125038848,-0.2076421040888046,-0.19285515065065464,-0.27798771207038064,-0.060585389954498005,0.057745300384894296,-0.08185896771828606
#102,0.1050259385284766,0.2627066914231526,0.0971463634262764,0.0012112615448365992,-0.050616388687454675,-0.23482058188367108,0.10381786451402115,0.2592115643602228,0.09368470543234865,0.1713743834120919,0.08558837826423032,-0.06627513168484887,0.09371817450135071,-0.19079441225924185,0.37006590219063024,1.0,-0.022269681007897106,-0.19875367562097077,0.12174134784722167,0.7134936129859988,0.16416737722031413,0.7415199738622509,0.46988500984150006,0.3841149423455442,0.28358342165448763,0.5380391906860362,-0.0026042123213986883,0.14328905322378854,-0.040430635354493226,-0.002674337989783965,-0.3035198304233837,-0.2529799424650766,-0.2902182661428492,-0.22977631505550286,-0.5340691215963153,-0.2404258540589215,-0.43886237040696796,0.00941755851110456,0.1816191060571046,0.1369410864697304,-0.14661683494170805,0.0006040370072277251,0.13889982388894645,0.010335567260875455,0.062207842918502815,0.564879790260501,-0.375325327319526,-0.26735251695367723,-0.3843014128728414,-0.16110894181960173,-0.30671532963048553,-0.30635195116703456,-0.10634238857589111,0.5776522244977648,-0.20827482886946266,0.0726039732566201,-0.32502769167018625,0.13567563690841428,-0.3141343065926097,0.07388376670465141,0.08802843277099985,-0.014493700643084254,-0.08849221844145702,0.12462128154658975,0.40229024057885554,0.45224043541665004,0.17951692977073688,-0.045398401453513856,0.3899242164651882,0.2757325343257178,0.23283793798659644,-0.11434468359776555,-0.3326411079855605,-0.40503470423702476,-0.4509957048028114,-0.5112224975894302,-0.44530436930726996,-0.5042513686458574,0.3268461777526317,0.45146905306441204,-0.14792053486759796,0.07257687924838034,,-0.08059829945254166,-0.015696993361967983,-0.30199300337081336,-0.28528715664321175,-0.1608093139637737,0.0949676864107611,-0.09892819290933867,-0.03617528229565938,-0.21008534612595525,-0.0746583365872706,-0.04659053781606356,-0.4178358262477189,0.1784347632063368,0.26967303907115364,-0.2662735379196583,-0.23582784148411415,-0.30173800094032144,-0.3874538804197977,-0.271713058515089,-0.4152348014567014,-0.21142729641641897,-0.231629863972141,-0.34964020750822783,-0.37705934384687106,-0.13742718485285563,-0.18791129102949264,0.16043956043956045,-0.23316306608547363
#201,0.27695335846169783,0.13600076500729147,0.7178143104176462,0.5795456175441672,-0.17216170341623568,-0.08727458183585812,0.0001625640494385962,0.10562838177051374,-0.027266134880348077,0.4643897074643993,0.2886930328554694,-0.1999011865581844,0.18992899776075992,-0.2357258405119174,0.0857589111396218,-0.022269681007897106,1.0,0.6091928376192336,0.10220816167154093,-0.2339456047940457,-0.15080046856696602,-0.059160563874124425,0.29099921108623067,0.08073058196335933,0.30925579134426123,0.09311732502450414,0.25340547777096,0.028053454884491867,0.30288073058196335,-0.2023842727250994,0.20127023085688786,0.06802667962929021,0.22957868817187163,0.1961542445951438,0.08754074062268406,-0.11444509080477173,0.03654822335025381,-0.40010678226776847,0.17293467953366431,-0.2341751069814884,0.0884619369028361,-0.45928009626341754,-0.06114002024081792,-0.17455553873247853,0.11267123014766235,-0.2729689454852617,0.058900780148060786,0.0804150164556256,-0.18768338260724046,-0.1543991903672832,0.012002645650216354,0.03261481085991601,0.29447680673206417,0.23671556869526414,0.0878754313127047,-0.14330817840607543,-0.1973097243583103,-0.46526468455402464,0.15238626493158763,-0.07312035317836624,-0.03244109045414339,0.042719282168158165,-0.356096550295245,-0.4281012678402091,0.28666735729824927,0.16579461147989066,-0.15782897305739946,-0.21404266509415168,0.21891321151654727,0.06469092908541785,0.40281299556136396,0.276742981456542,0.052057152419734,-0.09817274820900637,-0.25023866633728853,-0.19953940185992397,-0.1905473786547028,0.05276000286877734,0.3664719616858848,0.02706372670114512,-0.24814445887687367,-0.18983337184932544,,-0.3698603064810462,-0.1080222170867566,-0.0540238586649029,-0.16018137047868738,-0.266802667962929,-0.2105204440229821,-0.11885025779151957,-0.12175887926431798,-0.04680250858640996,-0.07622978906517702,-0.14689574385005857,0.08300169735992796,0.2862625409398433,0.20491995314330338,0.3248236897257927,0.34736749834646863,0.14836200782538708,0.2136601614484138,0.35036696443512977,0.09600522754982509,0.38674943620556385,0.27259919196104837,0.24446126752145605,0.36098781566511806,0.0024575859238658367,-0.14718899664512428,-0.07609910031954992,-0.08286941484911028
