,#10,#11,#12,#13,#17,#18,#26,#49,#50,#51,#52,#53,#54,#58,#101,#102,#201,#202,#301,#302,#401,#402,#501,#502,#601,#602,#701,#702,#801,#802,#901,#902,#1001,#1002,#1101,#1102,#1201,#1202,#1301,#1302,#1401,#1402,#1501,#1502,#1601,#1602,#1701,#1702,#1801,#1802,#1901,#1902,#2001,#2002,#2101,#2102,#2201,#2202,#2301,#2302,#2401,#2402,#2501,#2502,#2601,#2602,#2701,#2702,#2801,#2802,#2901,#2902,#3001,#3002,#3101,#3102,#3201,#3202,#3301,#3302,#3401,#3402,#3455,#3501,#3502,#3601,#3602,#3701,#3702,#3801,#3802,#3901,#3902,#4001,#4002,#4101,#4102,#4201,#4202,#4301,#4302,#4401,#4402,#4501,#4502,#4601,#4602,#4701,#4702,#4801,#4802
#10,1.0,0.5593602270252804,0.5582925338746725,0.6532488544542239,0.02914849129806668,0.2550648693831965,0.18387315056112427,0.444918506447134,0.10181812221808569,0.6624300789765131,0.47096740960315064,0.02409006085382672,0.15156419387996414,0.1274689818749722,-0.02559981643170393,-0.06583405332378028,0.5413293248011538,0.4413127006314843,-0.10908499165279369,-0.005693895183439517,-0.1568586407048648,-0.020517971663985727,0.24682490066473264,0.2982689790652534,0.15840773234618546,0.43572510647663604,0.2704415238978293,0.5245131576790786,0.20702242389759512,0.2598357719351236,0.36483964700565924,0.2086567436763766,0.2402136322874155,0.02638653770057295,0.20490389590928354,0.016294964281449532,0.025449028188504034,0.00801191320778573,0.10842470773070718,0.1450381536401078,0.016845669169657847,-0.17557417774749526,-0.10684751890121263,-0.1322586158856819,0.1268311757034248,-0.127041904614729,0.1397615017010506,0.26123126561442694,0.1311291089210914,0.31698451610788386,0.2273994413342418,0.15087674934264286,0.08939167246171173,0.21578125402433684,-0.06592677404475414,0.2398680368728766,-0.07569616637281691,-0.11238360154440878,-0.09037788376661539,0.011971743594426454,-0.08743423501893048,0.072117521172402,-0.05018766580267813,-0.04100082184275409,0.35509741529283123,0.4865547930290876,-0.014705600003746292,-0.17652386270777284,0.15349728042632801,0.2341006207137154,0.4077590385142207,0.44644324719203726,-0.2569192838026734,-0.006150006204795722,-0.2814172221714912,-0.0179480155190136,-0.06390752278799032,0.06525150495564157,-0.06627424260517129,0.15051804190695617,0.11646050354844072,0.10887332616855035,0.08059256969858741,-0.036912680963452585,-0.027279091711563633,-0.17439784213594825,0.015345279321171934,0.09921913231200054,0.002990945681110963,-0.06546785330458055,-0.0209731461124028,0.03690799809875693,0.056378412930326,0.06284825879383454,-0.034919653748984404,0.1854784365787927,0.37807904207319787,0.20099838675311235,0.463760480836547,0.18115896218352615,0.45036748780699104,0.3593794267705326,0.2606665121321317,0.16428472753922485,0.32784314276415455,0.09287010435763975,0.24169248095830143,-0.07699144674763339,-0.24566823308490737,0.01523757343317201,0.2760010208645037
#11,0.5593602270252804,1.0,0.5474189220513757,0.5991908009805919,-0.07454980109532205,0.19630521975513301,0.4105050703717492,0.3880198272491214,0.47925701668738835,0.723884248950453,0.7753021033086781,-0.03218767048554282,0.17458609329671332,0.18563297111374913,0.17942349252731865,0.19784119937530584,0.31129389892973125,0.404470730924936,0.023547785122070574,0.21831187410586553,0.05491173970764876,0.09964152670754807,0.3035165972431976,0.04017570108338075,0.15483564315634446,0.33259812357611646,0.1075920943878208,0.23517674302077554,-0.0077796431188815445,0.09306303838310048,0.18177241745865616,0.03999119621437218,0.2627363383276085,0.1775531563678765,-0.024202449606522295,-0.12666914858495537,0.11353464968659928,0.09500549065885565,0.22161704000805452,0.11133651299846167,0.15195193507676386,-0.14649546113339373,-0.14686072457965435,-0.2912250139900583,0.08638246360828773,-0.1286612392264844,-0.12306802563400135,-0.00939804115769781,0.11503597610802432,0.012661061277625976,-0.16024997131745375,0.04476116219336017,-0.06772499408788332,0.1843021009672457,0.04320083167676995,0.17863396153963226,-0.06761541505400513,-0.28311522891013347,-0.0561489525602392,-0.07133922905998516,-0.21926343221202138,-0.01579015146725858,-0.12578502373041683,0.12534483444902586,0.13948052981931167,0.28595491806157497,0.03264940094453381,0.07321331151118385,0.17614923353212095,0.31820206092875253,0.24005066859600693,0.3295336569192838,-0.20504157213133561,-0.07487760162401748,-0.2537789547377713,-0.13489881500108877,-0.21226067634614798,-0.08488488347861921,-0.03483067931976708,0.010754198773557736,-0.1263020119928165,-0.20521109183331812,0.04362041635350009,-0.11162685060959192,-0.18105781230610013,-0.2732268918188012,-0.16992945264336004,0.02807611528276308,-0.01738700832847486,-0.1853107900226885,-0.1379117701462693,-0.18398366616794157,-0.09946919728674819,-0.08020576507472682,-0.07974403461573583,0.37582471100871245,0.35654723020260415,0.039278464207694416,0.18437609022943696,-0.16492066056489396,0.11267393915553901,0.0435829534359349,0.20396732297015377,-0.07246405315988003,0.08668404009468753,-0.16812093029790043,0.07793082940558058,-0.07797016546902402,-0.10794611895881186,-0.12308769366572307,0.05077302388963424
#12,0.5582925338746725,0.5474189220513757,1.0,0.7037029752580843,0.18604599977990535,0.2642423476137292,0.26371505704899917,0.05981001617929752,0.11663376954217973,0.688329130462269,0.48241233091931657,0.04140542135245815,0.1317013549868997,0.1705157473032553,0.11148449152284419,-0.02556703637883439,0.7724755261783843,0.8067850026575257,-0.16793642542889187,-0.1535319336250758,-0.21384067489445993,-0.17096436574109847,0.34523623881673376,0.17944503370491866,0.14066061172261518,0.37827291267159774,0.23297673318675965,0.4534815928295976,0.36551023323007614,0.36294402337686055,0.45633252085630865,0.24016586706751988,0.4076138697086556,0.32145946161104594,0.1320881596107603,-0.10640826619276075,0.1489502188068529,0.23904291611350328,0.2388705866927034,0.3249463226634261,0.12375640674426173,-0.1365162764669659,-0.23775419174926068,-0.2934924570756915,0.06864002584941312,-0.1296390213749359,0.013495547766390613,0.19236037453551835,0.23131618936568257,0.23954585578181598,0.2315662543404302,0.3205996876529248,0.09463086148320374,0.32390766327393117,-0.06859975321303054,0.31165822580305275,-0.1770605190018942,-0.2807531919576482,-0.13347616070655063,0.0796897133852663,-0.19391040274977814,0.07670953829295533,-0.1945350969001777,-0.057443296362116564,0.261700488656931,0.364087578935538,0.13755025299176518,-0.055348182697283234,0.04884742992678341,0.22470585756130454,0.42794686821716316,0.5491852986145744,-0.3675191821845096,-0.08255281686018605,-0.42804989124046744,-0.10671171582503881,-0.33340076658495066,-0.07664678790603363,0.12727323813069408,0.12137657490593295,-0.06284638564795628,0.04158711650264933,-0.18056517494011787,0.010990215154218441,-0.12952756919517946,-0.10143131759422509,0.15518779458145726,0.13393882773848073,-0.005826888540795947,-0.09137252422797122,-0.173198092200923,-0.12186452940721958,-0.10588940478448286,0.14239139851412702,0.005167541191648579,0.4073872190573862,0.5778472402707633,0.3333445722086029,0.48678612654505266,0.07893108930457118,0.49901402283833113,0.6123318558895219,0.4932025877510308,0.2883319401810864,0.5532509617433369,0.0273409055255462,0.3815303133538911,-0.16474364827939844,-0.06904181564029979,-0.18190541081601258,0.20822779327025515
#13,0.6532488544542239,0.5991908009805919,0.7037029752580843,1.0,0.22419636188241795,0.4539695473308842,0.44270163830021375,0.2960193308654636,0.11830367909264813,0.7853477846537841,0.5602218741292798,0.14126095497659738,0.35039394599252144,0.2851391630315929,-0.01890987592749989,0.031836455633369155,0.54125814525778,0.42858561096164965,-0.25764700097637727,-0.1027556317301546,-0.2705979315786639,-0.11637340226510165,0.2544205072010752,0.2189524899962303,0.10340093048521502,0.31801006347623095,0.2629976421776257,0.43445792328999344,0.2192615590661431,0.3108546462212794,0.3174387539833618,0.22429938490572224,0.27845109567326715,0.15568698795801345,0.11837954150071765,0.08457675098164551,-0.021396477080889462,0.11520455923706768,0.0907618786716586,0.20274790500340678,0.02310384954892306,-0.1405884956063022,-0.11135618103018341,-0.20971132480583674,0.07570272238339082,-0.03939366267920738,0.1856423368431404,0.2734685276370967,0.19601675528988102,0.2035130850946758,0.05967608624900196,0.19184338627311873,0.0057248020904308,0.2521961464706419,-0.15562611071697,0.17535314653386064,-0.2122419448873654,-0.26939724507069956,0.0019092039364160631,0.07284804806492323,-0.1288017251673539,0.000847130223442889,0.002549819826780835,0.05552894127453528,0.28352544785747236,0.30524270117001373,0.2844451624836978,0.13612666212428792,-0.058306816611994224,0.10839099110489851,0.3372219841766002,0.2855521916977492,-0.1913179688542669,-0.055037240481492146,-0.324086548705305,-0.15882263415821996,-0.19993818618601744,-0.099503850485496,0.0677839981830485,0.2675063043065965,-0.008457721926811507,0.13748188316720872,-0.049213629945983155,-0.02555860722238222,-0.10171884548653794,-0.18077871357023945,-0.04459070591843855,0.11065375132583606,-0.053594918155232284,-0.052226585091163666,-0.11594445185898021,-0.04708573622828029,-0.0014015814034077207,0.06483847628948533,-0.037679734200599876,0.11222532071769584,0.4190962539423867,0.2451343865096034,0.44985611898222616,0.02698126151692036,0.4118883886028439,0.38651381796300066,0.35857584718875923,0.04592344921082023,0.24840958207774025,0.034080484395524115,0.24948664095773948,-0.11426892287087703,-0.14824216966487078,-0.07490195252043486,0.0630889580391909
#17,0.02914849129806668,-0.07454980109532205,0.18604599977990535,0.22419636188241795,1.0,0.4528821861485545,0.19970966238886978,-0.08918749956098143,-0.09358470951019576,0.04889613171961816,0.10902692413056764,0.6624160303824261,0.4578881685082032,0.5452301510926294,-0.4464441837649764,-0.4209516049348028,0.13382550241284605,0.18791727251228665,-0.7035503138690062,-0.423558087424401,-0.6664919958135189,-0.5769603056974073,-0.15199501743196384,0.15837682543919418,-0.3539023482225016,0.027735202732919836,-0.06861473838005662,-0.047891188955931904,0.32356675072408797,0.33082050813764813,0.2492768486193744,0.44768139661756684,-0.032980011192046625,0.19193329727527517,0.30027137200911286,0.31138661965070513,0.07208661426541073,0.3686243382526827,-0.01474961893188539,0.2304901320333701,-0.1359693178705141,-0.21347915773995585,0.30493363210010094,0.09794632968772317,0.3489881500108877,0.4039284551931799,0.004737654212588009,0.04674388710549792,0.08760656443973036,0.033969968788706804,0.04906752456747891,-0.03203969196116032,-0.17978407310888364,-0.15629763351432605,-0.5432240118570134,-0.2478897840965232,-0.29325831384090906,-0.2877540746776433,0.2114842573796094,0.31014566050635817,0.24967395554556546,0.1171957133056576,0.39117045861635397,-0.09263034168522252,-0.09139781169732772,-0.10981458197237579,0.5414941616384407,0.17032000355897717,-0.38437281222415,-0.003838544191023417,0.06733912603696185,0.030152497488813806,0.04669424873972404,0.20655507400096934,-0.07944339470227517,0.1465881818543676,-0.1282454008415108,-0.09359688495840446,0.12662044679212062,0.1382863993219212,0.20088412485453852,0.4756924200810604,-0.1452179756444207,0.4989063169503312,0.6110824675887228,0.38156590312557803,0.4465256656106807,0.17053635190791616,-0.12511631065187817,0.4348475376326714,0.4189960406378998,0.45236519788615487,0.4701863077719164,0.21839522909744807,0.4039499963707799,-0.3750548480527478,0.1389944484639033,-0.00796883085258576,-0.005138507430535556,-0.010379569597905824,0.04961354659099158,0.3936907763955522,0.4229259006904884,0.12664854398029451,0.10169636773599881,-0.06877208263383042,0.06935931386666479,0.06677811884642311,0.20356366003338883,-0.03977391129249407,0.12335461695337506
#18,0.2550648693831965,0.19630521975513301,0.2642423476137292,0.4539695473308842,0.4528821861485545,1.0,0.34554249816782917,0.1033812624534933,0.03852826928345146,0.2899213044587896,0.1958678401925594,0.2957383589837247,0.5131778153967909,0.3551714045550225,-0.30295465347971967,-0.21382288000861646,0.15112962403620792,0.20343815925954545,-0.4124081865840609,-0.34526433600490763,-0.49870120747666175,-0.3315875613747954,-0.11281348852346934,-0.038335335257990724,-0.1718896998049587,0.14264427320769207,0.06815113477518737,0.180760918684396,0.32306662077459264,0.49430493410038656,0.24988655760274792,0.3390520476996598,0.15970675901275846,0.16828108427049163,0.18679432155827005,0.36242516196858265,-0.08587109478352287,0.12297062204833184,0.10957200958114116,0.22918454935622318,-0.11305793406058222,0.0030771103915109028,0.023151614768818676,-0.038597575680947065,0.08711018078199158,-0.01319771757174734,0.10929291084528049,0.2233113004549403,-0.011351732308722539,0.10259360461168515,0.2611628957898705,0.11251846804764347,0.050108993675791226,0.054574573449562035,-0.2576779078833686,0.028301829361093354,-0.2817974707847779,-0.28598207867680975,0.16189833969032216,0.1527995335866763,-0.00040600436911276104,0.06909801001664759,0.3250362336655826,0.15327250292093686,0.19183121082491003,0.1390600085696424,0.3357506280892273,0.23567125353263604,-0.28834036933753854,-0.08414311771082843,0.11878601415629997,0.02918876393444926,-0.13128832632074344,-0.046030218525881024,-0.3363706393749312,-0.042804661323518046,-0.17069744245344648,-0.14981373905673057,0.12799908215851966,0.3779020297877023,0.21795972268075273,0.5813397207607782,0.2661192397837453,-0.030044791600813883,0.1540030298134581,-0.0004228626820170971,-0.02159128425222846,0.25642196357199554,-0.0006045578322082751,0.24036161081179802,0.10157648639979021,0.28095268199368284,0.2005469585964518,-0.01687751264958826,0.06828974757017858,-0.15406578020037978,0.2601691919014538,0.09765973836834946,0.15516812654973552,0.12931028427330135,0.2759710505304515,0.20386336337391037,0.38388673086874164,-0.007859251818707577,0.053839363692345155,0.10684751890121263,0.1169035025486491,-0.002178000369946311,0.02477937853702624,0.02079988011866379,0.03442139694536736
#26,0.18387315056112427,0.4105050703717492,0.26371505704899917,0.44270163830021375,0.19970966238886978,0.34554249816782917,1.0,0.0971830227423324,0.28696922655465257,0.5108054761419751,0.5334555561018898,0.2773412567403984,0.6442596273844562,0.451579413190225,-0.07117345564975919,0.025413438416817105,0.21709245613911854,0.1708210700814116,-0.16638827036051035,-0.185682609479523,-0.1999054061331479,-0.10636893012931731,-0.03438393402780217,-0.0726991329676016,-0.10214873246559851,0.11299799339247792,-0.07303910894450572,0.03885700638508601,0.023411045472957626,0.1681949195600917,0.026817361252572648,0.12269714275010594,0.0422024449236576,0.13847652362856455,-0.10493971982420526,-0.005132887992900777,0.05667156026027362,0.18860659019548617,-0.0197780790420732,0.046362701919272095,-0.10453980317919684,-0.17319247276328822,-0.014426501267885616,-0.10104732268918187,-0.024020754456331117,0.12957158812331857,-0.12214362814308025,3.8867776973886006e-05,0.018021068208265725,0.006385086012517297,-0.0294510043574056,-0.005278993371405023,-0.10004144335255649,-0.04894015064775726,-0.0605105727377666,-0.04882963504093994,-0.11177482913397442,-0.22477516395880015,0.13852428884846016,0.11927677837640398,0.022352718051740973,0.11133370327964429,0.12916605204067536,0.27960027066957943,-0.06569075766409344,0.011394814663922509,0.42703464617445075,0.5201056454275338,-0.09954224997600032,-0.0555954379532135,-0.015267543767224162,-0.03891413733437293,-0.09425904202636921,-0.0007412974813212235,-0.08528667326950588,0.026108375537651402,-0.09049214566518922,-0.028846914811666888,0.3057821671829525,0.26277099152635636,-0.06902683047327372,0.10313400719756304,0.07811814399340652,0.09803998698163614,-0.09536700781335974,-0.030620783958378698,0.06423719646256401,-0.2132103613064256,-0.11195558771122646,-0.11423426967212923,-0.029561519964222915,-0.004939017394500912,0.13661274347969626,-0.06459309417943333,0.11113983268124443,0.05897927598228941,0.11585079456506724,-0.03650527173493113,0.021036833072263627,-0.05664252649916059,-0.01804916539643962,-0.02546869622022576,0.16632177368183212,-0.19493595011812526,-0.09193634113732735,-0.17068526700523778,-0.11321246859553863,0.01463161074155504,0.10638766158809991,-0.043990362664456356,-0.049697838155513256
#49,0.444918506447134,0.3880198272491214,0.05981001617929752,0.2960193308654636,-0.08918749956098143,0.1033812624534933,0.0971830227423324,1.0,0.4226524213922625,0.28663299686950494,0.34848052747787933,0.14361830906438705,0.1188909103254825,0.14880598657422692,0.010075183392688643,0.17106738876440272,0.011149432553870504,0.040018356829606944,0.06632856383564081,0.13785651234286062,0.10107167358559925,0.11847413536756976,0.04834917312316637,0.0589446227835416,0.08644240427639203,0.20721442135011672,0.017244649241727136,-0.033669328875246145,-0.1656511874574152,-0.04014947704108511,-0.037842697892008455,-0.06055271852002744,-0.0069236154525169225,-0.14468412906911673,-0.05908136243265455,0.05176110834041617,-0.08750635113524348,-0.2571478075998211,-0.023304276157896833,-0.1370922688245307,-0.13434436382112394,-0.013232370770495142,-0.2089395887039938,-0.12280391206516675,-0.1186989128729609,-0.24330432298654378,-0.031104992167908796,-0.11913441928965625,0.011835940518252637,-0.053276483355928154,-0.22101856989995058,-0.22060179494203785,-0.1220040787751499,-0.10876000084291565,-0.0014886826867467906,-0.09165443268264928,0.12991343724610094,-0.04188026383259695,0.03541135454202754,-0.16048973398987096,0.21838773651393503,0.18586336805677506,0.035637068620357815,-0.12680963452582483,0.12487280168770444,0.022516618316088685,0.07580668197963422,-0.05619671778013482,0.29377811182212604,0.16147407214889636,0.24505196809095997,0.08850848418011234,0.22500837062064347,0.19025589514129373,0.17796150216933707,0.17144482765887203,0.2894221110822334,0.10012948120883469,-0.21885040354586516,0.005195638379822473,-0.057547255958359966,-0.10890423307554163,0.12825382999796295,0.024589254230382895,-0.02737181243253748,0.0024786402834069713,-0.14293648396470057,-0.1418303913235883,0.15446850656420558,-0.1702703651932033,-0.22612101927232967,0.05860651995251575,-0.0766767582400858,0.02690633568178998,-0.06883764273956951,0.059993584475366964,0.11836174661487418,-0.0705422054887857,-0.04107293795906708,-0.10378398881731911,-0.01808662831400481,-0.1355600354961144,-0.048474673897009754,-0.11484585180138097,-0.06841431177108284,0.017490967924718267,-0.12504044824380867,0.2914235674531538,-0.04882214245742691,0.1378246688629302,-0.19102669467019753
#50,0.10181812221808569,0.47925701668738835,0.11663376954217973,0.11830367909264813,-0.09358470951019576,0.03852826928345146,0.28696922655465257,0.4226524213922625,1.0,0.28854547881120796,0.4461903724984722,0.04225114671649235,0.27234744982895837,0.20543961563046578,0.11330518931651248,0.14182945475064918,0.030390387015352772,0.10693836647630822,0.12004664133236867,0.23772234826933028,0.1185574903591523,0.02833367284102377,-0.10271067622907637,-0.06252982399453041,-0.15805464434813352,0.10635862782698688,-0.04559658525506393,0.0013294652870947273,-0.10404622924027544,-0.06718271835612717,-0.0985260683370445,-0.07640889837949467,0.07142914006214161,-0.07344932789184455,-0.24694384542800213,-0.11333141335880811,0.0519006577083465,0.054913612853527013,-0.13621844627232263,-0.2324241551526731,-0.0014025179763468504,-0.08354371102978536,-0.09165443268264928,0.027647164876641636,-0.1027050567914416,-0.06134224950771385,-0.09802500181461007,-0.05071776608622559,0.05546525431467446,0.010767310794705554,-0.17105146702443752,0.0009857430184340968,-0.15285010852538933,0.05026259163780851,0.001131848396938343,-0.12774714403789375,0.08906574507889456,-0.16054311864740137,-0.09267529718630074,-0.2393117125470335,-0.07115659733685485,-0.021608142565132795,-0.03967276141506806,0.004814453193596651,0.08496261903256698,0.0669317168084404,0.07915867652877971,0.09755015933447127,0.07638735720189468,0.03578598371767945,0.007363804733907921,-0.10561779863213522,0.049143386975548424,-0.055081259409631246,-0.03925224016539878,-0.13210220820484722,-0.16628524733720607,-0.1602171912645842,-0.05776547745317721,-0.10326044454434556,-0.013802743690425182,-0.18591394299548805,0.11037558916291453,-0.06841712148990023,-0.1933615710074481,-0.09003790778971128,-0.17905916565399718,-0.1825788067592469,-0.0005895726651821985,-0.2033454385385716,-0.08100934465650017,-0.19166824713350145,-0.12805340338898918,-0.09675032604445444,-0.15671534504517795,0.14877039680253998,-0.034214414325819675,-0.01554008649251093,-0.004796658307753185,-0.21593859827811065,-0.11100964904270538,-0.08481089421642796,-0.16335845690242548,-0.08490455151034093,-0.0320640428575777,-0.19244185638122266,-0.1604944168545666,-0.03395498362168073,-0.01660871621605801,-0.06567108963237171,-0.29875037755596606
#51,0.6624300789765131,0.723884248950453,0.688329130462269,0.7853477846537841,0.04889613171961816,0.2899213044587896,0.5108054761419751,0.28663299686950494,0.28854547881120796,1.0,0.6885979268957992,0.07621971064579046,0.3111309352383227,0.22269409888805378,0.18038160664404843,0.05063722081346043,0.6552334525122399,0.4432064511144047,-0.02447592890474819,-0.08122288328662176,-0.07606517611083405,-0.05076365816024295,0.3093570660916109,0.18162724865309104,0.19977803221342624,0.3953625590918989,0.3336030663398027,0.4189005101981086,0.19832259786601855,0.2777158859160503,0.29097869530706716,0.1439779530730129,0.347569242008106,0.19944461224709603,0.018750658527847824,0.02369576364645308,0.12882607606377125,0.1662084483561974,0.20430261608236222,0.22580633076478204,0.08316252584355954,-0.1210759349924723,-0.1280262427737544,-0.15944264544392386,0.044639407711273296,-0.13059619891872654,0.07940218549295346,0.12622146672005133,0.22268754287747988,0.1689123344314651,0.08763747134672165,0.16268131466743466,0.14263303433242253,0.25238346105846793,0.019098127088264975,0.25673665207954316,-0.13833603768769506,-0.2582014521563421,0.038004725010477906,0.12071535441090733,-0.2000215411776,0.002468337981076544,-0.02171116558843707,0.1394430669017465,0.2697437770581776,0.36286816096879104,0.1655949930810674,0.05438257599704043,-0.012267700643191467,0.1281199000676674,0.19314709580438738,0.28867659902268616,-0.27592141216467764,-0.11991739426676876,-0.3197502159971341,-0.1559632769750567,-0.21537946423345017,-0.12954255436220555,0.1153338063026676,0.24817075597826213,0.004923095654535706,0.016197560695780037,0.025019141209443464,-0.06385507470339906,-0.23281283292241195,-0.22493812765020874,-0.05481995555961404,0.05293276108726753,0.024766266515878422,-0.117689287244579,-0.17819096253942387,-0.20566813942761344,-0.10865978753842875,-0.061047229031887966,-0.06734193575577924,0.320095811411673,0.4555617213274048,0.17822842545698905,0.37400026692328764,-0.01686721034725783,0.3205818927670813,0.3317280473156649,0.2824746130197687,0.053552772372971444,0.19986607006970444,-0.07479611977831319,0.19600926270636798,-0.17452053319097424,-0.2348170990121497,-0.05357618669644969,0.11116792986941831
#52,0.47096740960315064,0.7753021033086781,0.48241233091931657,0.5602218741292798,0.10902692413056764,0.1958678401925594,0.5334555561018898,0.34848052747787933,0.4461903724984722,0.6885979268957992,1.0,0.21319912243115605,0.39815729274226214,0.3692911781853431,-0.012571150275469515,0.12294814429779273,0.31034421396945366,0.38728368091896537,-0.1310139104495784,0.09335243942129158,-0.16316926916872126,0.09245239282678785,0.12405798323066153,0.11144234574058334,0.025569846097651776,0.33753948240296516,0.025102496201026017,0.22514042740506077,-0.006047919754430575,0.14688788519488913,0.207144178379682,0.13179688542669094,0.16730142897616188,0.2575261830672295,-0.11588638433675416,-0.045495435377637915,0.18838743212772982,0.2528180309022241,0.07601085488036452,0.12939551241076216,0.11780167599727458,-0.18654612972940066,-0.03523996169416679,-0.13807192411886046,0.09979699781544361,0.060454378361418815,-0.1421610015711011,0.031025383468082764,0.08905356963068588,0.09901308626539199,-0.028040525511076147,0.1136077023758514,-0.11269922662489551,0.1625099218195739,-0.09977826635666102,0.134575697337089,-0.1893146393374683,-0.1424223054211183,0.08650702780919199,0.12096167309389846,-0.11572154749946732,-0.05100810369735582,0.028384247779736776,0.049059095411026744,-0.026286324396086063,0.1619498512019743,0.25451135477617076,0.10381302257843213,0.0012704611919295509,0.23461479925729767,0.05113735076295573,0.15307020316608483,-0.11474095563219844,0.006580829756795422,-0.19591092254775935,-0.11935357735741263,-0.21128664048945303,-0.18142307575236075,0.05282037233457195,0.12281702408631456,-0.06934994813727349,-0.13063647155510913,-0.01664898885244059,0.04110478143899749,-0.10395538166517986,-0.07038860752676843,-0.045222892652351146,0.03242368686620353,-0.06018932821964509,-0.16016287003411467,-0.08366078264717658,-0.08051577071757877,0.023067323204296997,-0.009902853971888764,0.01160273385640932,0.2588607995054895,0.27907953611542324,-0.0365830072888789,0.11141986799004423,-0.2412382430828235,0.03378921021145476,0.10266291100918076,0.2011192046622601,-0.055135580640100774,0.03973457522905062,-0.2975478179021234,-0.06570667940405864,-0.10867664585133309,-0.09654615314372414,-0.18783766381246064,-0.0407086110857456
#53,0.02409006085382672,-0.03218767048554282,0.04140542135245815,0.14126095497659738,0.6624160303824261,0.2957383589837247,0.2773412567403984,0.14361830906438705,0.04225114671649235,0.07621971064579046,0.21319912243115605,1.0,0.5852349276146189,0.6305875356190396,-0.2554647860282049,-0.19754149603478433,0.08280381840787283,0.020088084684925157,-0.5437419366923522,-0.26716164546499677,-0.4623809088972088,-0.390217963937259,-0.259153010262498,0.11110986234719226,-0.311652606365418,0.04945058289958299,-0.17470691120586107,-0.25835973298305503,0.08657352448787022,0.14608617875899402,0.1641891970994336,0.3204769965978988,-0.10551852190058747,0.2594096312478195,0.19938467157899173,0.3529582826998588,0.11710299258468375,0.22055215657626395,-0.11431106865313787,0.14233239441896187,-0.08527168810247981,-0.2084993994226028,0.2727548590574798,0.06936680645017783,0.20782787662524674,0.29930014587123527,-0.06639693366019729,-0.14304606299857875,0.006654819018986675,-0.2031543776589891,-0.1707864168826638,-0.3078407545031598,-0.4013182264118252,-0.4330867805071074,-0.5668031721725448,-0.46655240476809284,-0.16275530392962592,-0.2706466333714987,0.24763316311120165,0.24124948195809304,0.4464882026931155,0.20470346930030978,0.609446274664063,0.041604911388492795,-0.25392693326215376,-0.22917050076213624,0.6870656935673829,0.17371508046332262,-0.22682532212255524,0.14625382531509826,-0.027099269707250715,-0.0028073773850415254,0.245694457127203,0.37726984305378974,0.23180320729403006,0.2936816448093957,0.1374659614272435,-0.06844802839689151,0.1264818339971294,0.2580225667249683,0.21836619533633506,0.3832339395301682,-0.13234384402314273,0.7507891797728342,0.6845772192681151,0.5543551812385709,0.504822648206814,0.05336358463926723,-0.014049998946355443,0.4500818330605565,0.3091060645439241,0.5298225896710054,0.470724837211916,0.1883303011784429,0.3390689060125641,-0.37076159769977685,0.04671672649026316,-0.22525656244951286,-0.24077182975913686,-0.12237215194022792,-0.14114481993214528,0.18583714401447943,0.21577469801376295,-0.017234346939396707,-0.07613260936245139,-0.2601232998274364,-0.08193842501211691,0.23258243597938602,0.24347852555322194,-0.03239184338627312,0.0014755706655989736
#54,0.15156419387996414,0.17458609329671332,0.1317013549868997,0.35039394599252144,0.4578881685082032,0.5131778153967909,0.6442596273844562,0.1188909103254825,0.27234744982895837,0.3111309352383227,0.39815729274226214,0.5852349276146189,1.0,0.6007923407065038,-0.10255520512118083,0.02486460667448705,0.11108082858607925,0.04969128214493935,-0.23642987761333117,-0.11142455085473987,-0.3802799884801529,-0.1586737190608983,-0.35920428763091533,0.10138729866608599,-0.39633659494859386,0.11136273704075732,-0.049180849893113616,0.048828698468000815,0.1509001636661211,0.29196209689315344,0.010705496980722987,0.30817230132361173,-0.1409790465219193,0.10119904750532091,-0.05315098258208476,0.21248358070566087,-0.01557661283713699,0.3318385629224822,-0.2501881340891477,0.011614909304618008,-0.1913395100318669,-0.1994942506128699,0.16873532214596956,0.13711006371037418,-0.04216685515197067,0.37395062855751376,0.048277993579792504,0.039014350638859815,0.07865948315222354,-0.01190150062399172,-0.00974644629105409,-0.12215205729953242,-0.20395983038664073,-0.19783838965648845,-0.3414262601003538,-0.29424733486463006,-0.07620753519758176,-0.18901961886164242,0.0635797222592949,0.09191199024090997,0.08208359381768203,-0.08811137725392132,0.45538377246897016,0.2785213386437019,0.020359690837272792,0.0613188351842356,0.5869151394674178,0.37410048022777453,-0.1660473578106671,0.02620390597744264,-0.05199993443989426,-0.13180812430196048,0.09809992764974045,0.13621376340762698,0.03415353708477624,0.08248070074387305,-0.03751302421743477,-0.08692099304828736,0.27581557942255597,0.4211276806473592,0.3944962291232038,0.3353216776831059,0.2960614766477245,0.2780624179035283,0.2665126004181798,0.014133353937937994,0.09108780605447576,-0.0759443582016863,-0.19740662953154964,0.20941068489237608,0.23998979135496348,0.15881607814764603,0.38239196045789053,-0.05753976337484693,0.21089047013620113,-0.2821402564804994,0.06984726836795141,-0.19055747162769351,0.007774023681246766,-0.08755505292807822,-0.06847799873094366,0.022118574816958527,0.0898468469101288,-0.30688732325112567,-0.10624436592841305,-0.33170556956512576,-0.21050553865821878,-0.007916382767994492,0.10167950942309448,-0.02257562241125386,-0.05248601579530262
#58,0.1274689818749722,0.18563297111374913,0.1705157473032553,0.2851391630315929,0.5452301510926294,0.3551714045550225,0.451579413190225,0.14880598657422692,0.20543961563046578,0.22269409888805378,0.3692911781853431,0.6305875356190396,0.6007923407065038,1.0,-0.26050354844072315,-0.06363685320858181,0.16708882691897942,0.13529030248964502,-0.4929197427234136,-0.16477830147814623,-0.48111611397156095,-0.3128036545076085,-0.12278143431462762,0.15800781570117703,-0.24642311087384597,0.13074136772429165,-0.03526056629882764,-0.02611867783998183,0.06060516660461871,0.1790404341952146,0.23032342205020498,0.320290618583012,0.10315086551046737,0.20085134480166897,0.044100878271273666,0.27894185989337117,-0.05943913329540213,0.3204301679509423,-0.18122920515396088,0.09178180660237094,-0.1478244581340189,-0.21535043047233715,0.08550957762901877,0.044663758607690666,0.03930468824999005,0.30823598828347254,0.07167264902631536,0.04801575315683616,0.13127989716429128,0.043766521732004335,-0.02634532849125124,-0.18592330872487936,-0.23336541095649851,-0.23761745210014776,-0.4811620060455783,-0.3202175658937598,-0.18718393590094803,-0.33201932149973423,0.2462292402754461,0.21457401150579855,0.3192388471723692,0.20484676495999662,0.3540746776433015,0.06810524270117001,-0.13731891947580013,-0.011879959446391735,0.7764447222944164,0.22525937216833025,-0.0746237903575133,0.1961572412307505,0.2179653421183875,0.1368337746933309,0.1449622912320383,0.29931794075707874,0.022684264872192914,0.12679371278585963,0.019409069304056063,0.01328575542802554,0.15422593417297098,0.21041937394781884,0.07421450798311359,0.17388272701942686,-0.04220525464247499,0.47733235929747664,0.41307502651672134,0.3107600523544273,0.3104416175551232,-0.028427330134936746,-0.16535991327334584,0.31440894052527696,0.24147332289054507,0.3901467843938851,0.3176663412075703,0.17635434300579036,0.2958722889140203,-0.20452364729599684,0.11542746359658057,-0.1683522638138655,-0.05312756825860652,-0.07359449669740967,-0.06538918117769364,0.15718831437943848,0.268657352448787,-0.11857341209911751,-0.018147505555048245,-0.11664500841744929,0.008630051347611387,0.18937177028675523,0.15505292807822257,0.04372531252268263,0.11534223545911976
#101,-0.02559981643170393,0.17942349252731865,0.11148449152284419,-0.01890987592749989,-0.4464441837649764,-0.30295465347971967,-0.07117345564975919,0.010075183392688643,0.11330518931651248,0.18038160664404843,-0.012571150275469515,-0.2554647860282049,-0.10255520512118083,-0.26050354844072315,1.0,0.5550135920147791,0.18508975880905384,0.050441477069182304,0.6356188054480448,0.19594932203826368,0.5951279475706469,0.4238821416613399,0.29764241176897555,0.061107169699992275,0.3310415393512828,0.16489069023084182,-0.05027664023189546,-0.048005450854505735,-0.03502361334522781,-0.1033466092547455,-0.16554160842353702,-0.2512867341467469,0.031007588582239298,-0.02366298359358354,-0.16123149975766174,-0.2172732147163706,0.0662620671569626,-0.07688374085963347,-0.027783904525754584,-0.006810290126882219,0.12137751147887209,0.16273844561672157,-0.17600219158067756,-0.07812470000398043,-0.28486943002512355,-0.2827284242862729,-0.0420703881392403,-0.21587210159943243,-0.05325962504302382,-0.21293875515407795,-0.21782485617751804,-0.14738801514438443,0.04323173858376123,-0.017840309631013677,0.373216355373236,0.05308823219516307,0.19823643315561862,0.009110513265384966,-0.33987529531315486,-0.29669834624633273,-0.3886529505559731,-0.22905717543650153,-0.09529301855116849,0.29755437391269735,0.03160980498209975,-0.022822877667184122,-0.1271514836486072,0.01657406301731021,0.4542374071914753,0.29182535724404046,0.07739698283027659,0.14799023154424487,-0.06407516934409456,-0.16483543242743315,0.007481812924238274,-0.10218806852904196,0.0805419947598744,0.12476884209146102,0.34633015600963735,0.10777097981919459,-0.0024954985963113073,-0.23446120129528036,0.06596891982701497,-0.30783232534670757,-0.36132937162980083,-0.4290220539512842,-0.22211810653048897,-0.20721442135011672,0.03145527044714334,-0.30100377204751233,-0.3229298811254797,-0.5771288888264507,-0.40822919812966385,-0.20625818037926522,-0.15759572360795993,0.44689561192163696,0.15325751775391078,-0.01731208249334448,0.06425967421310312,-0.14889402443050512,-0.0785826841712149,-0.11899299677584765,-0.22208064361292376,-0.16922608636607359,0.011134447386844428,-0.14774484943419286,-0.054149369335197116,-0.24634443874695908,-0.17256871518582778,-0.07594810449344282,-0.05512902462952687
#102,-0.06583405332378028,0.19784119937530584,-0.02556703637883439,0.031836455633369155,-0.4209516049348028,-0.21382288000861646,0.025413438416817105,0.17106738876440272,0.14182945475064918,0.05063722081346043,0.12294814429779273,-0.19754149603478433,0.02486460667448705,-0.06363685320858181,0.5550135920147791,1.0,-0.10010325716653906,0.05413344759523191,0.4503318980353041,0.4678645434558137,0.3584606487172463,0.7475580031328365,0.1723495571180714,0.15421375872476228,0.13047163471782228,0.3051996188148138,-0.1763964887880512,-0.0030668080891804754,-0.3097120272355411,-0.12939457583782302,-0.17007368487598604,-0.15875145461484608,-0.03489717599844529,-0.00645907527470855,-0.39020766163492854,-0.18349664823959408,-0.1322211529681167,-0.10119155492180787,-0.21865934266628267,-0.10848464839881149,-0.02362364753014009,0.08539718887632321,-0.30885974586093295,-0.1709212833858985,-0.3993158334679657,-0.07109291037699403,-0.011199070919644383,-0.11808733074370915,-0.2466132351804893,-0.29553137636417703,-0.3181852026158482,-0.1743903495524352,-0.26315124013964303,-0.10199607107652035,0.09310705731123958,-0.0563943346702912,0.052068304264450735,0.19091617906338024,-0.3335965103292288,-0.38292487046025536,-0.04570335457012473,-0.0340514506344111,0.011333937422879073,0.3215868355307676,0.024971375989547847,-0.009344656500167412,0.010211923041801591,0.19569925706351604,0.4667959137322666,0.3228952279267319,0.10097988943756453,0.06069320446089691,0.14594007338048978,-0.022689884309827695,0.10522443799770072,-0.03977578443837233,0.2676917457485442,0.17234206453455836,0.16513138947619818,0.31696016521146647,-0.2025221909250765,-0.42178234513181095,0.028994893336049394,-0.20943409921585432,-0.2591651857107067,-0.30011496432827817,-0.2138144508521643,-0.27734312988627663,-0.04112538604365835,-0.38834013519430377,-0.3822973665910384,-0.38111541154185663,-0.22221738326203672,-0.16087091917609678,-0.18142682204411728,0.27803994015298916,0.16617473173038874,-0.17568750307312997,0.07412178726213974,-0.2534755051054932,-0.22779092882279806,-0.3041937394781884,-0.21555741309188484,-0.3139172397322338,-0.04822835521401862,-0.21136250289752254,-0.09674751632563705,0.15537042630458756,0.03164352160790842,0.0982806862269925,-0.21788105055386583
#201,0.5413293248011538,0.31129389892973125,0.7724755261783843,0.54125814525778,0.13382550241284605,0.15112962403620792,0.21709245613911854,0.011149432553870504,0.030390387015352772,0.6552334525122399,0.31034421396945366,0.08280381840787283,0.11108082858607925,0.16708882691897942,0.18508975880905384,-0.10010325716653906,1.0,0.6150057716307374,-0.09651711938261112,-0.2774077534190766,-0.15364057608601486,-0.19995223478010438,0.347655406718506,0.17646204889379027,0.2093273299007935,0.4119436464062526,0.292421017633327,0.4405063113308936,0.45838736188475937,0.33554364546967963,0.4560131494840654,0.32128806876318516,0.4707829047341421,0.29537215896452496,0.20888620404646338,0.014605386699259405,0.24009187780532862,0.2661782438789105,0.26866390845936095,0.4143412731304248,0.13173226189389098,-0.10724556240034279,-0.08916408523750319,-0.11705054450009249,0.111078955440201,-0.15618337161575221,0.20640147603895206,0.2297380639632489,0.19492939410755136,0.252203639054155,0.26671770989184923,0.23968353200386805,0.19603735989454188,0.27014650342200336,-0.023891507390731207,0.35367288785241485,-0.1608962066454533,-0.2711355244457244,0.027898166424328418,0.16720027909873586,-0.1422584051567706,0.03921290410195533,-0.07492817656273049,0.009277223248550069,0.28122428814603045,0.40092486577739067,0.17021604396273377,-0.16236662615988706,0.025928553533338485,0.2322705571906558,0.30406730213140587,0.5806082572953178,-0.414450852164303,-0.13662491892790496,-0.4083724937893507,-0.12700256855128556,-0.2722359976492019,-0.04916305500727015,0.23624911903607912,0.1466771562835849,0.10508301548389212,0.1162394723348061,-0.10355359187429318,0.03757764775023473,-0.12169313655935882,-0.07800481866777183,0.18684021363228742,0.13865072619524269,0.011362034611052965,-0.0029281952941892673,-0.0932147631992395,-0.14681670565151525,-0.10270224707262421,0.1586980699573157,0.04126118911983217,0.43284139839705543,0.511974319170009,0.4150474491265287,0.4251305933891999,0.23409968414077628,0.48414686400258494,0.6788744266417538,0.4503047374200694,0.401403454549286,0.507788774705038,0.13243562817117743,0.36376258812566,-0.22649283872916418,-0.20168489471749448,-0.08706616185385248,0.3121808335030872
