,#10,#11,#12,#13,#17,#18,#26,#49,#50,#51,#52,#53,#54,#58,#101,#102,#201,#202,#301,#302,#401,#402,#501,#502,#601,#602,#701,#702,#801,#802,#901,#902,#1001,#1002,#1101,#1102,#1201,#1202,#1301,#1302,#1401,#1402,#1501,#1502,#1601,#1602,#1701,#1702,#1801,#1802,#1901,#1902,#2001,#2002,#2101,#2102,#2201,#2202,#2301,#2302,#2401,#2402,#2501,#2502,#2601,#2602,#2701,#2702,#2801,#2802,#2901,#2902,#3001,#3002,#3101,#3102,#3201,#3202,#3301,#3302,#3401,#3402,#3455,#3501,#3502,#3601,#3602,#3701,#3702,#3801,#3802,#3901,#3902,#4001,#4002,#4101,#4102,#4201,#4202,#4301,#4302,#4401,#4402,#4501,#4502,#4601,#4602,#4701,#4702,#4801,#4802
#10,1.0,0.48777900066035657,0.455280651551838,0.4796566145718688,0.18609289016068678,0.3485824345146379,0.30290336781862204,0.5837046004842615,0.26255337882456525,0.49625357693154304,0.35710543693594543,0.21143517499449702,0.47579132731675106,0.32507373981950255,-0.20592780101254676,-0.12079683028835571,0.4272595201408761,0.2393594541052168,0.019174554259300022,0.018261060972925378,-0.3794871230464451,-0.1049900946511116,-0.09235086946951354,-0.07537090028615452,-0.12448382126348229,0.20592119744662118,-0.199702839533348,-0.014662117543473475,0.1215958617653533,0.18713845476557342,0.292887959498129,0.07678406339423288,0.34460268545014305,0.2839423288575831,0.2832027294739159,0.2401122606207352,0.19193704600484263,0.14372000880475458,-0.16427250715386307,0.10714505833149901,-0.2445938806955756,0.06940788025533788,0.033924719348448165,-0.02438036539731455,-0.13679947171472595,-0.171930442438917,-0.007270526084085406,0.04637904468412943,-0.2509333039841514,-0.15136253576931544,-0.05987233105877174,-0.028919216376843495,-0.10384107418005722,-0.03226942548976447,-0.25826766453885097,-0.07567906669601585,-0.4203587937486243,-0.11454325335681267,-0.09562623816861104,-0.18716266784063396,-0.23052608408540612,0.2998481179837112,0.19243671582654634,-0.03668060752806516,0.22565925599823905,0.21575830948712305,0.2652190182698657,0.2814439797490645,-0.050994937266123704,0.018813559322033897,0.11329958177415804,0.11052828527404798,-0.016550737398195025,-0.013508694695135373,-0.07879154743561523,-0.10996257979308827,-0.01654193264362756,-0.09293858683689192,0.09370239929561963,0.13699097512656835,-0.07216817081223861,0.2697974906449483,0.06274488223640766,0.3072793308386529,0.1523662777900066,0.12360994937266123,0.08945190402817521,-0.15219018269865728,0.1695575610829848,0.12977107638124588,0.08387189082104336,0.02834470614131631,0.12109178956636583,-0.025635042923178517,0.00452344265903588,-0.007250715386308606,0.24046445080343384,0.23232445520581113,0.337475236627779,0.19074620294959277,0.30682148360114464,0.39224081003742023,0.3620889280211314,0.30236187541272286,0.299042482940788,0.3104270305965221,0.5000572309046886,-0.12667620515078143,0.11544133832269425,-0.10414043583535108,-0.214983491085186
#11,0.48777900066035657,1.0,0.4837772397094431,0.46235086946951354,0.10608628659476117,0.24185340083645168,0.47229804094210875,0.3595641646489104,0.44614571868809155,0.6113119084305525,0.3673981950253137,0.07029055690072639,0.30328637464230684,0.29286374642306845,-0.05739159145938807,-0.14258859784283512,0.33389170151882014,0.349159145938807,0.12767554479418886,-0.032000880475456746,-0.04447721769755668,0.09737838432753687,0.15625797930882676,0.12432313449262601,0.02485362095531587,0.22594100814439796,-0.005943209333039842,0.03589478318291878,0.23439577371780762,0.22211974466211754,0.25980409421087386,-0.004186660796830288,0.1996169931763152,0.08314109619194365,0.058822364076601366,0.04105216817081224,0.054767774598283074,0.0952938586836892,-0.020781421967862646,0.04886418666079683,0.006795069337442219,0.11319832709663218,-0.23662777900066034,-0.007204490424829408,-0.07026854501430772,-0.182359674224081,-0.1419062293638565,0.005271846797270526,-0.13569227382786705,-0.03435174994497028,-0.03703059652212195,0.10060752806515519,-0.014609289016068677,0.2244508034338543,0.07372220999339643,0.0011314109619194365,-0.2168434954875633,-0.33862645828747523,-0.1968567026194145,-0.3516751045564605,-0.10821923838872992,0.14062513757429013,-0.03552058111380145,-0.01572309046885318,0.25719348448162005,0.21812678846577152,0.23289676425269645,0.3206911732335461,0.1475280651551838,0.059368258859784286,0.33022232005282853,0.3913581333920317,-0.05736737838432754,-0.14176535329077702,-0.21096412062513759,-0.207904468412943,-0.052273827867048206,-0.17345806735637245,0.18514417785604226,0.3369821703720009,0.0449636803874092,0.1393946731234867,0.12636363636363637,0.29821043363416244,0.10952014087607308,0.11364076601364737,-0.08050627338762932,0.017226502311248074,0.15158485582214395,0.1617939687431213,0.01962359674224081,-0.059724851419766675,-0.11057451023552718,-0.17413603345806736,-0.252491745542593,0.10730354391371341,0.41960818842174774,0.16057671142416904,0.24304204270305965,-0.09070217917675545,0.06593440457847237,0.29260620735197007,0.1837772397094431,0.1587475236627779,0.1612128549416685,0.10921637684349549,0.14955756108298482,0.028558221439577373,-0.08492405899185561,-0.32748624257098835,-0.39232225401716925
#12,0.455280651551838,0.4837772397094431,1.0,0.45007043803653973,0.0800264142637024,0.27339203169711646,0.44379484921857804,0.35755668060752804,0.03983050847457627,0.6176183138895003,0.2674884437596302,0.005800132071318512,0.31091349328637463,0.04001760950913493,-0.3293946731234867,-0.26279110719788684,0.7570900286154524,0.7693264362755888,-0.084818401937046,-0.3066850099053489,-0.1348117983711204,-0.15432313449262602,0.07810477657935284,-0.09472375082544573,0.030537090028615453,-0.09588377723970944,0.259735857362976,0.11094651111600264,0.3893220338983051,0.17472375082544575,0.5144926260180498,-0.19282632621615672,0.5285538190622936,-0.0637244111820383,-0.0873167510455646,-0.14553158705701078,-0.14099053488883997,-0.263878494386969,0.1372243011226062,0.025141976667400395,0.08835791327316751,0.02817521461589258,-0.2524081003742021,-0.2948668280871671,0.06329077701959059,-0.21599163548316092,0.06683028835571209,-0.028536209553158706,-0.019198767334360555,-0.024761171032357473,0.1413119084305525,0.16648910411622275,0.28096191943649573,0.3787739379264803,0.19941888619854722,0.0929407880255338,-0.20916795069337443,-0.4081884217477438,-0.04763592339863526,-0.04861985472154964,-0.16551397754787586,-0.02601584855822144,-0.2919194364957077,-0.2297952894563064,0.5240744001760951,0.2572749284613691,-0.07685009905348889,0.1190777019590579,-0.07997578692493947,-0.2397292537970504,0.48883116883116884,0.543365617433414,-0.2891745542593,-0.22784063394232887,-0.2809509134932864,-0.21989874532247414,-0.16554919656614572,-0.10834690732995818,0.21506493506493507,0.28371560642747085,0.05473475676865507,0.07913273167510455,0.28160686770856264,0.3026150121065375,-0.23625137574290117,-0.08499449702839533,-0.1544948272066916,0.03810477657935285,-0.026022452124147038,0.023816861104996697,-0.17904248294078803,-0.09299141536429673,-0.15126348228043143,-0.2900506273387629,-0.3320360994937266,0.53392692053709,0.2758551617873652,0.6222958397534669,0.46971384547655737,0.1630640545894783,0.41959498128989653,0.6726810477657935,0.3424235086946951,0.4376601364736958,0.41836231565045123,0.35743121285494167,0.40307065815540394,-0.03013647369579573,-0.037263922518159805,-0.33830288355712085,-0.16479639005062735
#13,0.4796566145718688,0.46235086946951354,0.45007043803653973,1.0,0.03719788685890381,0.032139555359894344,0.3283425049526744,0.26653532907770194,0.11623376623376623,0.6697292537970504,0.08856702619414483,0.07512656834690733,0.14854501430772618,0.12335241030156284,-0.07363416244772177,-0.27210433634162445,0.5108980849658816,0.10988553819062294,-0.0448778340303764,-0.0350429231785164,-0.09766674003962139,-0.0951221659696236,0.04731454985692274,0.08759630200308166,0.08961479198767335,0.2647303543913713,-0.017457627118644067,0.15570768214836012,0.01362755888179617,0.04489984591679507,0.030744001760950913,0.024475016508914815,0.2680915694475017,0.2232489544353951,0.13216376843495486,0.24758529605987234,0.16806515518379925,0.12935505172793307,-0.06560642747083426,0.0561435174994497,-0.19186000440237727,0.07902267224301122,-0.03988333700198107,0.10439357252916574,-0.212953995157385,-0.03475676865507374,0.07567246313009025,0.08211534228483382,-0.23332379484921859,-0.022813119084305524,-0.03879594981289897,0.05827867048206031,-0.030838652872551178,0.10365177195685671,-0.07941888619854721,0.011862205591019151,-0.2501276689412283,-0.021054369359454105,0.03827646929341844,-0.19942328857583094,-0.11918556020250935,0.29363636363636364,0.08755007704160246,-0.004435395113361215,0.28154523442659035,0.2797270526084085,0.25798811358133394,0.18569887739379265,0.02905348888399736,-0.03334360554699538,-0.06759850319172353,0.11945630640545894,-0.2041316310807836,-0.18622716266784065,-0.19196346026854502,-0.21218578032137353,-0.13032137354171253,-0.06938146599163549,0.1778450363196126,0.0962557781201849,-0.18956856702619415,0.09934844816200748,0.040026414263702396,-0.003878494386968963,0.056674003962139556,-0.03335241030156284,0.03442879154743562,-0.055467752586396656,0.261798371120405,0.08453444860224521,0.013581333920316971,0.031811578252256216,0.09226502311248073,-0.018718908210433635,-0.00029495927801012547,-0.025025313669381467,0.20865727492846137,0.07162007484041383,0.3014703940127669,0.00562623816861105,0.3535351089588378,0.11760950913493286,0.18132291437376183,0.148366718027735,0.29425269645608626,0.08603565925599824,0.3329077701959058,0.014655513977547876,0.2933436055469954,0.0563218137794409,-0.162293638564825
#17,0.18609289016068678,0.10608628659476117,0.0800264142637024,0.03719788685890381,1.0,0.527952894563064,0.24856702619414484,0.24456526524323136,0.15890821043363415,0.09101694915254237,-0.0651221659696236,0.47517059211974466,0.3195355491965661,0.3400638344706141,0.14800792427911072,0.017983711204050186,-0.09511776359233987,0.10267224301122606,-0.06556900726392252,-0.17065375302663438,-0.1529804094210874,-0.07905348888399735,0.16238828967642527,0.08841514417785604,-0.015753907109839312,0.034648910411622276,-0.21485362095531588,-0.2883975346687211,0.29508254457407,0.38360334580673566,0.3031410961919436,0.2055183799251596,0.3198723310587717,0.33766894122826324,0.29220559101915033,0.2677305745102355,0.22116442879154743,0.3044397974906449,-0.17950913493286375,0.16805855161787364,0.04663218137794409,0.21872331058771738,0.1635329077701959,0.09856702619414484,0.029348448162007483,-0.005007704160246533,-0.21676645388509796,-0.2112062513757429,-0.1535923398635263,-0.2601144618093771,-0.17169051287695355,-0.2006713625357693,-0.17997578692493946,-0.052813119084305526,-0.18082324455205812,-0.16803874092009685,-0.18847897864847019,-0.188201628879595,-0.26068897204490427,-0.24445080343385428,0.03312348668280872,0.02170151882016289,0.31801232665639445,0.15832269425489764,-0.12477437816420867,-0.1582918776139115,0.32037860444640104,0.3541140215716487,-0.08813559322033898,0.05642526964560863,-0.09259520140876074,0.032172573189522345,0.0363944530046225,0.0789192163768435,-0.18026634382566586,-0.12717587497248514,-0.09571648690292758,-0.22550737398195025,0.21311248073959937,0.3170349988994057,0.2755954215276249,0.4668038740920097,0.20051948051948051,0.4372000880475457,0.5185009905348889,0.2622870349988994,0.2108760730794629,0.23368919216376843,0.4448778340303764,0.4732203389830508,0.28341184239489325,0.06604886638784944,0.02554919656614572,-0.12739159145938808,0.005177195685670262,-0.1098745322474136,0.04138014527845036,-0.0018269865727492847,-0.256337222099934,-0.013693594541052168,0.009973585736297601,0.2088201628879595,0.4882588597842835,0.04874972485141977,0.27675764913053047,0.18749724851419766,0.3752652432313449,-0.1822077922077922,-0.15362095531587058,-0.2715694475016509,-0.08045784723750825
#18,0.3485824345146379,0.24185340083645168,0.27339203169711646,0.032139555359894344,0.527952894563064,1.0,0.07007484041382346,0.1850363196125908,0.1526172132951794,0.195313669381466,0.0008034338542813119,0.16848117983711203,0.43551837992515957,0.1640479859123927,-0.18403918115782522,-0.013797050407219898,0.1592273827867048,0.46883777239709445,-0.20099273607748183,-0.0986484701738939,-0.26823024433193926,-0.1288003521901827,0.04658375522782302,0.07273607748184019,-0.17216596962359673,-0.007329958177415804,-0.010237728373321594,-0.0974950473255558,0.45188421747743784,0.4943495487563284,0.6518600044023772,0.1359388069557561,0.3717147259520141,0.11978648470173894,0.1100066035659256,0.07189082104336342,0.04326216156724631,0.12598062953995157,-0.015432533568126789,-0.0035923398635263042,0.05124367158265463,0.08335020911292097,0.10973145498569227,-0.10200748404138235,0.13913053048646268,0.005987233105877174,-0.00017389390270746203,-0.1414439797490645,-0.016187541272287036,-0.1822408100374202,-0.10845916795069338,-0.10198547215496367,0.008128989654413383,-0.1289390270746203,-0.10637244111820383,-0.23082104336341625,-0.1857605106757649,-0.1159718247853841,-0.17935064935064934,-0.08553819062293638,-0.18583314990094651,-0.11068456966762051,0.15041162227602906,0.05935064935064935,0.12321813779440897,0.031333920316971166,0.19068236847897865,0.2002575390710984,-0.19000220118864186,0.017803213735417125,0.13090028615452345,0.050446841294298925,-0.024129429892141757,0.04856482500550297,0.026253576931543034,0.05759630200308166,0.0623992956196346,-0.07929561963460269,0.04981730134272507,0.1955315870570108,0.5093088267664538,0.39827867048206034,0.33436715826546337,0.7365309267004182,0.3693660576711424,0.1082984811798371,0.09412502751485802,0.18810037420206913,0.2578450363196126,0.377904468412943,0.16044023772837332,-0.06537750385208012,0.017761391151221658,-0.2928153202729474,-0.17324014968082765,0.19482060312568786,0.07767114241690513,0.39815100154083205,0.07199867928681487,0.1726436275588818,0.18733876293198326,0.6203345806735637,0.6360246533127889,0.3064670922298041,0.2615496368038741,0.4078846577151662,0.3935923398635263,-0.17915694475016508,-0.23303764032577592,-0.2789126128109179,-0.1564274708342505
#26,0.30290336781862204,0.47229804094210875,0.44379484921857804,0.3283425049526744,0.24856702619414484,0.07007484041382346,1.0,0.2802619414483821,0.4128791547435615,0.4231631080783623,0.3804490424829408,0.2098613251155624,0.41090028615452345,0.5253246753246753,0.244488223640766,0.0037023992956196346,0.319867928681488,0.20318952234206472,0.3249438696896324,-0.20303764032577593,-0.012071318511996477,-0.12215936605767114,0.1394871230464451,0.02227162667840634,-0.007867048206031256,-0.0023618754127228705,-0.1023398635263042,-0.21789346246973365,0.41639005062733875,0.20149900946511115,0.10420647149460709,0.1732951793968743,0.4088707902267224,0.29309487123046446,0.37833370019810697,0.15197446621175434,0.3334888839973586,0.05022011886418666,0.1455513977547876,0.2565551397754788,0.15230464450803433,0.30583094871230465,-0.026832489544353952,0.01897424609289016,0.023966541932643626,-0.21159806295399516,-0.1102179176755448,-0.058582434514637904,-0.10034118423948933,-0.18954655513977547,0.06437376183138895,-0.011899625797930883,-0.03599823904908651,0.10213735417125247,-0.005923398635263042,-0.07350209112920977,-0.37695795729694037,-0.6503213735417125,-0.2765793528505393,-0.35276469293418444,-0.05360554699537751,0.10684349548756328,0.2138564825005503,0.3064869029275809,0.019731454985692273,0.006891921637684349,0.48305304864626897,0.5607109839313229,0.2616354831609069,0.21898084965881576,0.37928241250275146,0.3907462029495928,0.11949812898965441,0.028696896324014967,-0.17658595641646488,-0.24370019810697777,-0.09200088047545675,-0.34309927360774817,0.445643847677746,0.4104688531807176,-0.0022496147919876734,0.1175016508914814,0.06700638344706142,0.08091789566365838,0.12657274928461368,0.11065375302663438,-0.054629099713845476,-0.045414924058991855,0.24672022892361875,0.10527845036319612,0.07497468633061853,-0.28765793528505396,-0.2763218137794409,-0.28779661016949154,-0.3748250055029716,-0.0983843275368699,0.11685009905348888,-0.060035219018269866,-0.014974686330618533,-0.13561523222540173,-0.07933083865287255,0.18432313449262602,0.2142460928901607,0.07484261501210654,0.30624477217697554,0.036557340964120624,0.24970283953334801,-0.09399955976227163,0.004543253356812679,-0.5573805855161788,-0.3754369359454105
#49,0.5837046004842615,0.3595641646489104,0.35755668060752804,0.26653532907770194,0.24456526524323136,0.1850363196125908,0.2802619414483821,1.0,0.5637376183138895,0.4684701738939027,0.5380783623156504,0.4590644948272067,0.4024807395993837,0.4104864626898525,-0.03722650231124807,-0.32928461369139334,0.21188641866607968,0.22378164208672682,0.12859784283513098,-0.16410301562843935,0.02609289016068677,-0.2458925819942769,0.21901606867708562,-0.11874972485141977,0.20671142416905128,-0.05702839533348008,0.0042901166629980185,-0.2123728813559322,0.04922077922077922,-0.021747743781642088,0.0963878494386969,-0.06334580673563725,-0.037224301122606204,0.147970504072199,0.14519480519480518,0.06232445520581114,0.12370239929561963,0.05794849218578032,-0.17559322033898306,-0.09910191503411843,-0.2606867708562624,-0.09926260180497469,-0.14911512216596962,-0.19428131190843057,-0.04119524543253357,-0.2397886858903808,-0.36058991855602024,-0.2999471714725952,-0.19959498128989656,-0.24463790446841294,-0.15086286594761172,-0.03155183799251596,-0.09759630200308167,0.004279110719788686,0.043376623376623374,-0.14384767774598284,-0.060255337882456524,-0.2405326876513317,0.012302443319392472,-0.3002443319392472,-0.02115562403697997,0.34616112700858465,-0.03613251155624037,-0.1879550957517059,0.2074025974025974,0.09382566585956416,0.028980849658815762,0.0549438696896324,0.10318291877613911,0.0020977327756988772,-0.02082984811798371,0.11703499889940568,0.0018776139115122166,0.10687211093990755,-0.1102773497688752,-0.0574950473255558,0.05273827867048206,0.018289676425269647,-0.07763812458727713,-0.09018930222320053,-0.09617213295179397,0.10885758309487123,0.18438256658595642,0.47956856702619416,0.08321593660576711,0.47825665859564165,0.33528945630640544,-0.07771516618974246,-0.013755227823024433,0.2566035659255998,-0.07073739819502531,0.18529165749504733,0.18323574730354392,0.12447721769755668,0.10849218578032137,0.07482280431432974,0.13780981730134273,0.021217257318952236,0.10682808716707022,0.001835791327316751,0.14442879154743563,0.18609949372661236,0.15883777239709443,-0.09492626018049746,0.02915694475016509,-0.05849438696896324,0.287838432753687,-0.0016222760290556901,0.1565529385868369,-0.20397314549856924,-0.29675544794188863
#50,0.26255337882456525,0.44614571868809155,0.03983050847457627,0.11623376623376623,0.15890821043363415,0.1526172132951794,0.4128791547435615,0.5637376183138895,1.0,0.3946070878274268,0.4324455205811138,0.40038520801232663,0.33684789786484703,0.3661787365177196,0.36474576271186443,-0.15505172793308386,0.04369359454105217,0.05829407880255338,0.4948954435395113,-0.09406119304424389,0.30143737618313887,-0.06252696456086286,0.25590799031476996,0.012143957737178076,0.21587717367378384,0.07103455866167731,-0.04417785604226282,-0.2894629099713846,0.35101474796390053,0.060011005943209336,0.12206471494607088,0.07764252696456087,-0.14587057010785826,0.10421967862645828,0.26702399295619633,0.014565265243231346,0.3141008144397975,0.0849768875192604,0.031034558661677307,0.07655513977547876,-0.023609949372661237,0.04497468633061853,-0.004103015628439358,-0.020693374422187983,-0.04334800792427911,-0.23894122826326217,-0.37559322033898307,-0.2685230024213075,-0.1888795949812899,-0.23033898305084746,-0.23238168611049967,-0.17659696235967423,-0.23216817081223862,-0.03778340303764033,0.08576491305304865,-0.11695795729694035,-0.12569227382786705,-0.43228483381025756,-0.21019370460048425,-0.42726612370680167,-0.11537750385208012,0.2035791327316751,0.07479418886198547,0.1498415144177856,0.03856482500550297,0.017109839313229142,0.25880475456746643,0.27056350429231785,0.4120779220779221,0.14314769975786926,0.09110499669821703,0.10123706801672903,0.2220030816640986,0.11998459167950694,0.01186880915694475,-0.0748910411622276,0.06118203830068237,-0.18142196786264583,0.17627779000660357,0.12086726832489544,0.09350649350649351,-0.057840633942328856,0.1969205370900286,0.36467752586396657,0.22823024433193925,0.28836231565045123,0.17043143297380586,-0.09166189742460928,0.06521241470394012,0.13757208892802114,0.049575170592119744,-0.0938432753686991,-0.07934624697336562,-0.08167290336781863,-0.09909311027955096,-0.136979969183359,0.040233325996037864,-0.30537530266343826,-0.13345146379044684,-0.16375302663438257,-0.19368699097512657,0.056174334140435836,0.12356152322254017,-0.2882786704820603,-0.05152542372881356,-0.28886198547215497,0.0161963460268545,-0.18318511996478098,-0.05991855602025094,-0.37976007043803656,-0.3830992736077482
#51,0.49625357693154304,0.6113119084305525,0.6176183138895003,0.6697292537970504,0.09101694915254237,0.195313669381466,0.4231631080783623,0.4684701738939027,0.3946070878274268,1.0,0.46515958617653536,0.051780761611270085,0.29073519700638345,0.2202773497688752,-0.047719568567026194,-0.40868368919216375,0.6074510235527185,0.39605987233105877,0.05554039181157825,-0.21710323574730353,0.08809597182478539,-0.16780321373541712,0.2191965661457187,0.010198106977767995,0.16791987673343606,0.007222099933964341,0.3179528945630641,0.1283909311027955,0.23182478538410742,0.04324455205811138,0.2455183799251596,-0.0684635703279771,0.26950473255558,0.0948712304644508,-0.008859784283513097,-0.0499207572088928,0.04879154743561523,-0.04734756768655074,0.08590358793748624,0.04060532687651332,-0.006370239929561964,-0.0727426810477658,-0.19425709883337003,-0.09293198327096633,0.005857362976007044,-0.10035659255998239,0.022256218357913273,-0.016081884217477437,-0.07393132291437376,-0.08956416464891041,-0.05392471934844816,0.07668721109399075,0.11908430552498349,0.3346423068456967,0.22635263042042703,0.07668500990534889,-0.2571186440677966,-0.42943649570768216,-0.11355491965661457,-0.1681884217477438,-0.23937486242570988,0.20111820383006823,-0.1282984811798371,-0.07894342945190402,0.4821637684349549,0.24559542152762492,0.1124851419766674,0.29752366277790004,0.10893902707462029,-0.19057230904688532,0.2642791107197887,0.4000132071318512,-0.26742460928901607,-0.29796390050627336,-0.34820383006823685,-0.33367598503191725,-0.1914439797490645,-0.16132951793968744,0.2332687651331719,0.09344486022452124,-0.039469513537310146,0.05424829407880255,0.19506493506493505,0.2755183799251596,-0.0926304204270306,-0.049126128109178956,-0.013079462909971385,0.053922518159806296,0.09346026854501431,0.1332423508694695,-0.04803653973145498,-0.060409421087387186,-0.006381245872771297,-0.18166409861325117,-0.1814505833149901,0.30096412062513755,0.10870790226722431,0.25644948272066914,0.3144089808496588,0.006768655073739819,0.2697490644948272,0.3336605767114242,0.2687255117763592,0.14835791327316752,0.2623200528285274,0.10669601584855821,0.323119084305525,-0.015197006383447061,0.0438366718027735,-0.155148580233326,-0.2322870349988994
#52,0.35710543693594543,0.3673981950253137,0.2674884437596302,0.08856702619414483,-0.0651221659696236,0.0008034338542813119,0.3804490424829408,0.5380783623156504,0.4324455205811138,0.46515958617653536,1.0,0.02203169711644288,0.17171692714065595,0.2751970063834471,-0.01295839753466872,-0.2504798591239269,0.20040281752146158,0.13455866167730574,0.21193484481620076,-0.1396764252696456,0.1742857142857143,-0.12811578252256217,0.1454193264362756,-0.2191349328637464,0.149537750385208,-0.17282412502751485,0.061476997578692495,-0.08942328857583094,0.14696896324014969,0.0564208672683249,-0.011201848998459168,0.008679286814880035,-0.0883645168390931,0.0012326656394453005,0.04725731895223421,-0.05419546555139775,0.08788245652652432,-0.13218578032137354,0.0809751265683469,-0.12040281752146159,0.06452784503631961,-0.07904468412942989,-0.29001540832049305,-0.15977327756988774,-0.0033832269425489764,-0.24716927140655953,-0.10834910851860004,-0.10901386748844376,-0.12639885538190623,-0.21371340523882898,-0.15834250495267443,-0.01384767774598283,-0.13706581554039182,0.09282852740479859,0.15321153422848338,-0.023871890821043365,0.06845696676205151,-0.3304886638784944,-0.06889500330178296,-0.1441074180057231,0.08579793088267665,0.11873211534228484,-0.16016949152542373,-0.16112920977327758,0.18032137354171252,0.06352850539291217,-0.0829672022892362,0.13651771956856704,0.23040281752146158,0.08145498569227383,0.2876183138895003,0.3681223860884878,-0.017688751926040063,-0.006286594761171032,-0.1059982390490865,-0.04038520801232666,0.09925159586176535,0.1185626238168611,0.0948580233325996,0.03270085846357033,-0.07637244111820383,-0.05486022452124147,0.0348580233325996,0.06456086286594762,-0.11900946511116002,0.1446599163548316,0.07185560202509356,-0.09025753907109839,-0.10893462469733656,-0.049372661237068016,0.04176975566806075,0.04362755888179617,-0.02725071538630861,0.015828747523662777,-0.09865947611710324,0.11716927140655954,0.03598503191723531,-0.008917015188201628,0.04703279771076381,-0.14884437596302003,-0.10322694254897645,0.0034998899405679065,-0.03985692273827867,-0.11810917895663658,-0.14026634382566586,-0.1865727492846137,-0.08667180277349769,0.16519260400616334,0.1110081443979749,-0.1993132291437376,-0.1364869029275809
#53,0.21143517499449702,0.07029055690072639,0.005800132071318512,0.07512656834690733,0.47517059211974466,0.16848117983711203,0.2098613251155624,0.4590644948272067,0.40038520801232663,0.051780761611270085,0.02203169711644288,1.0,0.511188641866608,0.38693154303323796,0.20447721769755667,-0.06314549856922738,0.007550077041602465,-0.13338322694254898,0.14016288795949813,-0.05344926260180497,0.0015980629539951573,-0.032104336341624476,0.2653202729473916,0.1871516618974246,0.11236187541272287,0.21397094430992736,-0.14044684129429894,-0.37952894563064055,0.11946511116002641,0.2061501210653753,0.0007902267224301123,0.29565485362095534,-0.009905348888399735,0.34606647589698436,0.17195025313669382,0.24997798811358132,0.19235086946951355,0.2801628879594981,-0.18016508914814,0.09508474576271186,-0.15027294739159147,0.22949592780101255,0.038084965881576054,0.11634822804314329,-0.07040721989874532,-0.037050407219898746,-0.2733149900946511,-0.21605546995377503,-0.0803367818622056,-0.18036099493726612,-0.03914593880695576,-0.07551617873651773,-0.07284613691393352,-0.01298481179837112,-0.05685230024213075,-0.031450583314990094,-0.17559982390490866,-0.10230904688531807,-0.17199427690953115,-0.31321593660576713,0.04276909531146819,0.08888399735857364,0.20981950253136694,0.05470834250495268,-0.14327316751045566,-0.05146599163548316,0.24276029055690074,0.0773959938366718,0.09067796610169492,0.08218357913273168,-0.2230640545894783,-0.06294959278010126,0.07047105436935945,0.15445080343385428,-0.13844816200748405,-0.11756328417345366,-0.13654193264362757,-0.2185428131190843,0.06412502751485802,0.20250715386308607,0.09938366718027734,0.4015760510675765,-0.058782742681047766,0.3573365617433414,0.5357473035439138,0.3293418445960819,0.2596874312128549,-0.08849878934624697,0.43926480299361653,0.4032357473035439,0.16103896103896104,0.06891481399955976,0.18583094871230466,0.024811798371120405,0.07274488223640765,-0.17464891041162228,0.10546335020911292,-0.06895003301782963,-0.053222540171692714,0.0787739379264803,0.06660796830288356,0.04456306405458948,0.01839093110279551,-0.03203830068236848,0.0738630860664759,0.046231565045124365,0.25427690953114684,-0.24432093330398416,0.03897424609289016,-0.30874532247413605,-0.1813647369579573
#54,0.47579132731675106,0.30328637464230684,0.31091349328637463,0.14854501430772618,0.3195355491965661,0.43551837992515957,0.41090028615452345,0.4024807395993837,0.33684789786484703,0.29073519700638345,0.17171692714065595,0.511188641866608,1.0,0.476286594761171,-0.005172793308386528,-0.07865287255117763,0.31818842174774375,0.23405018710103456,0.10457847237508254,-0.04718027734976887,-0.18388729914153643,-0.18089368258859784,0.12150561303103675,0.04056350429231785,-0.10192604006163328,0.18852960598723312,-0.08619194364957077,-0.1387409200968523,0.3186220559101915,0.2702179176755448,0.2238762931983271,0.14047325555800133,0.26825445740699977,0.28977767994717146,0.26416905128769536,0.19504512436715826,0.2258991855602025,0.1941118203830068,0.1344486022452124,0.1980101254677526,0.023526304204270307,0.2266255778120185,0.1092097732775699,0.03137574290116663,0.01312788906009245,-0.08337001981069778,-0.02262821923838873,0.06821263482280432,-0.08667400396213956,-0.1224455205811138,0.10314329738058552,0.03637684349548757,-0.005518379925159586,-0.03842615012106537,-0.10990534888839974,-0.17587497248514197,-0.436436275588818,-0.2917521461589258,-0.18254897644728152,-0.17680607528065156,-0.13924499229583975,0.011763152102135153,0.28937046004842615,0.2153334800792428,0.10825225621835792,0.047442218798151005,0.4316685009905349,0.28358793748624256,0.04623376623376623,0.1061171032357473,0.13157164869029275,0.1745410521681708,-0.01674224081003742,-0.01013647369579573,-0.1895663658375523,-0.18848117983711205,-0.18281311908430553,-0.2747457627118644,0.37324675324675327,0.2983116883116883,0.10030156284393572,0.43291217257318954,-0.02775478758529606,0.4803433854281312,0.4142725071538631,0.1149570768214836,0.06161567246313009,-0.020068236847897866,0.3152674444199868,0.4066784063394233,0.21257318952234205,-0.04083425049526745,0.13607307946290997,-0.17306405458947832,-0.1674554259300022,-0.04521901826986573,0.2391041162227603,0.1647919876733436,0.227772397094431,0.05844155844155844,0.11863306185340083,0.37306405458947833,0.28662777900066033,0.2754325335681268,0.326040061633282,0.16095311468192824,0.3687717367378384,-0.21807836231565045,-0.16183579132731676,-0.3923992956196346,-0.2563174114021572
#58,0.32507373981950255,0.29286374642306845,0.04001760950913493,0.12335241030156284,0.3400638344706141,0.1640479859123927,0.5253246753246753,0.4104864626898525,0.3661787365177196,0.2202773497688752,0.2751970063834471,0.38693154303323796,0.476286594761171,1.0,0.33917895663658376,0.2531036759850319,0.012540171692714066,-0.05835130970724191,0.16681488003521902,-0.010372000880475457,-0.042399295619634604,-0.04432753686990975,0.25448602245212415,0.11698217037200088,0.07294078802553379,0.10400616332819723,-0.3513493286374642,-0.4084063394232886,0.0461699317631521,-0.0010301562843935724,-0.06149020471054369,0.3083689192163768,0.11332819722650231,0.3594783182918776,0.2861963460268545,0.1694607087827427,0.27041162227602905,0.28283072859344044,-0.10046665199207572,0.19296940347787805,-0.13084085406119306,0.16575830948712306,-0.11591459388069558,0.030367598503191724,-0.19133392031697116,-0.12186660796830288,-0.2057671142416905,-0.2307638124587277,-0.23975786924939468,-0.3423618754127229,-0.13093550517279332,-0.17355712084525643,-0.28125027514858025,-0.13877613911512215,-0.22552718467972704,-0.12766013647369578,-0.39061633281972263,-0.3095531587057011,-0.3212260620735197,-0.46384767774598284,0.07093770636143518,0.22159145938806957,0.41057671142416907,0.3251904028175215,-0.24559322033898304,-0.2738300682368479,0.6063988553819062,0.4349636803874092,0.22833590138674884,0.3834272507153863,0.07349548756328417,0.12263262161567247,0.28957517059211973,0.18778780541492407,0.041886418666079686,-0.09243671582654633,0.13248294078802553,-0.19200088047545674,0.19547435615232225,0.1734470614131631,-0.16093550517279331,0.23695795729694036,-0.13310367598503192,0.2563900506273388,0.4206845696676205,0.33412722870349987,0.12718688091569447,-0.11788906009244993,0.2858617653532908,0.21854501430772616,0.053561523222540174,-0.23544353951133612,-0.130429231785164,-0.12359894342945191,-0.1681554039181158,-0.3227734976887519,0.06080123266563944,-0.20051067576491305,-0.10400836451683909,-0.1336385648250055,-0.16529826106097292,0.019504732555580013,0.16736517719568567,0.047442218798151005,0.3127250715386309,0.10649790887079022,0.3133017829627999,0.05684569667620515,-0.04677966101694915,-0.3176447281532027,-0.3510037420206912
#101,-0.20592780101254676,-0.05739159145938807,-0.3293946731234867,-0.07363416244772177,0.14800792427911072,-0.18403918115782522,0.244488223640766,-0.03722650231124807,0.36474576271186443,-0.047719568567026194,-0.01295839753466872,0.20447721769755667,-0.005172793308386528,0.33917895663658376,1.0,0.41425709883337003,-0.20519700638344707,-0.33652212194585074,0.6177503852080123,0.0913647369579573,0.4781796169931763,0.2822254017169271,0.19427690953114682,0.025511776359233986,0.18614791987673343,0.1404160246533128,-0.374274708342505,-0.5191371340523883,0.15117103235747303,-0.09276469293418446,-0.255313669381466,0.18759850319172353,-0.15762271626678406,0.18871890821043363,0.4240810037420207,0.23532027294739158,0.5137486242570989,0.3501716927140656,0.026317411402157164,0.30257539071098394,0.03684789786484702,0.2804424389170152,0.036097292537970505,0.38801893022232004,-0.4010939907550077,-0.22347787805414923,-0.3244309927360775,-0.30536209553158705,-0.38016508914814,-0.3661457186880916,-0.33552498349108517,-0.3454237288135593,-0.460873871890821,-0.10169711644287915,-0.060477657935285055,0.14207351970063833,-0.31134272507153865,-0.2610191503411842,-0.3968412942989214,-0.4317851639885538,0.07703059652212195,0.030471054369359454,0.2389390270746203,0.3985516178736518,-0.4919040281752146,-0.46492846136913935,0.33942108738718907,0.12759630200308167,0.6046467092229804,0.4160598723310588,0.01486022452124147,0.026145718688091568,0.4478692493946731,0.353680387409201,0.1687277129650011,0.04569227382786705,0.06814219678626458,-0.3242703059652212,0.4532951793968743,0.20686770856262382,0.002071318511996478,-0.18437596302003081,0.0073915914593880696,-0.10415584415584415,0.23204490424829408,0.05334140435835351,-0.11300902487343166,-0.24661016949152542,0.14028175214615893,-0.1013713405238829,-0.045518379925159586,-0.35327096632181376,-0.4666563944530046,-0.2082390490865067,-0.17011446180937706,-0.36316090688972047,-0.05070878274268105,-0.5805392912172573,-0.4001628879594981,-0.37914593880695574,-0.4233634162447722,-0.3484921857803214,-0.13024213075060534,-0.3547897864847017,-0.11508034338542814,-0.3381598062953995,-0.16268104776579353,-0.04984371560642747,-0.04052388289676425,-0.09705260840854062,-0.055520581113801454
#102,-0.12079683028835571,-0.14258859784283512,-0.26279110719788684,-0.27210433634162445,0.017983711204050186,-0.013797050407219898,0.0037023992956196346,-0.32928461369139334,-0.15505172793308386,-0.40868368919216375,-0.2504798591239269,-0.06314549856922738,-0.07865287255117763,0.2531036759850319,0.41425709883337003,1.0,-0.28674003962139555,-0.19128989654413384,0.20418005723090468,0.349801893022232,-0.12366057671142416,0.4511534228483381,-0.09258639665419327,0.13036099493726613,-0.24228043143297381,0.12724631300902486,-0.5592802113141097,-0.3102553378824565,0.02872991415364297,0.03223860884877834,-0.06918335901386749,0.2216090688972045,0.05142857142857143,0.1406053268765133,0.20733876293198328,0.17497908870790227,0.0658331499009465,0.3402487343165309,-0.19178296279991194,0.2132819722650231,0.033585736297600706,0.26007484041382345,0.0436979969183359,0.35392471934844816,-0.27074180057230907,-0.008648470173893903,-0.07574069997798812,-0.11801893022232006,-0.25884437596302,-0.2190116662998019,-0.11260400616332819,-0.21179837112040503,-0.26475676865507375,-0.1560774818401937,-0.47720008804754566,0.07815980629539952,-0.4234602685450143,0.00814439797490645,-0.34547875852960597,-0.2328021131410962,-0.060066035659256,-0.1480607528065155,0.36027955095751707,0.397574290116663,-0.45696456086286596,-0.31539071098393134,0.3112282632621616,0.149570768214836,0.1190116662998019,0.49859344045784726,0.10359454105216817,-0.09492185780321373,0.467409200968523,0.35546114902047105,0.38904688531807174,0.13940347787805416,0.1347061413163108,-0.2658639665419326,0.08450143077261721,0.23053709002861544,0.0575280651551838,0.02236187541272287,-0.12826766453885097,-0.1292758089368259,0.27551177635923396,-0.024708342504952675,-0.2676997578692494,-0.1986616773057451,0.1667686550737398,-0.06048646268985252,0.019528945630640546,-0.4351001540832049,-0.3407968302883557,-0.23288135593220338,-0.3033634162447722,-0.2706405458947832,0.013110279550957516,-0.14532247413603347,-0.20184899845916796,-0.11852740479859124,-0.21204490424829409,-0.11208672683248955,-0.03844155844155844,0.032857142857142856,0.03193924719348448,0.08213735417125248,-0.01737838432753687,-0.08979528945630641,-0.2648316090688972,-0.11552498349108518,-0.06366718027734977
#201,0.4272595201408761,0.33389170151882014,0.7570900286154524,0.5108980849658816,-0.09511776359233987,0.1592273827867048,0.319867928681488,0.21188641866607968,0.04369359454105217,0.6074510235527185,0.20040281752146158,0.007550077041602465,0.31818842174774375,0.012540171692714066,-0.20519700638344707,-0.28674003962139555,1.0,0.5488575830948712,-0.03518600044023773,-0.28205150781421967,-0.14303103675985032,-0.15406999779881136,0.0018313889500330177,-0.19429011666299803,0.0889654413383227,-0.05065815540391812,0.2603081664098613,0.11471494607087827,0.3562161567246313,0.11965661457186881,0.3691305304864627,-0.1794188861985472,0.3800286154523443,-0.0651353731014748,-0.011853400836451684,-0.11453004622496148,-0.0018864186660796831,-0.21742020691173233,0.16236407660136473,0.12813339203169713,0.055434734756768654,0.0724653312788906,-0.172953995157385,-0.08481620074840414,0.024609289016068677,-0.21582434514637905,0.2637640325775919,0.18008144397974907,-0.045890380805635046,0.0038718908210433633,0.17226282192383888,0.05143737618313889,0.20801452784503632,0.25973365617433414,0.11312348668280872,0.1444750165089148,-0.3593308386528726,-0.2777195685670262,0.0562491745542593,0.06202729473915915,-0.20999119524543253,-0.03053929121725732,-0.22861325115562403,-0.17898745322474136,0.45852520360994936,0.17493946731234866,0.006244772176975567,0.044169051287695354,0.06476777459828308,-0.2801188641866608,0.4058551617873652,0.4045102355271847,-0.25190843055249834,-0.3232819722650231,-0.27774818401937046,-0.3310873871890821,-0.23547655734096412,-0.18658155403918117,0.23667620515078142,0.16898084965881577,0.017395993836671803,-0.04056790666960158,0.12954875632841734,0.16180497468633062,-0.20491525423728812,-0.2365771516618974,-0.2586924939467312,-0.12315870570107858,0.06158925819942769,-0.0890446841294299,-0.2142526964560863,-0.06790006603565926,-0.1565331278890601,-0.20838872991415364,-0.21654633502091128,0.4747611710323575,0.20066255778120184,0.5447589698437156,0.4797512656834691,0.18538850979528945,0.4145894783182919,0.5380585516178736,0.16919216376843496,0.48444199867928683,0.4249240589918556,0.36013867488443757,0.38807836231565046,-0.10466431873211535,-0.07213735417125247,-0.13790887079022673,0.033689192163768436
