,#10,#11,#12,#13,#17,#18,#26,#49,#50,#51,#52,#53,#54,#58,#101,#102,#201,#202,#301,#302,#401,#402,#501,#502,#601,#602,#701,#702,#801,#802,#901,#902,#1001,#1002,#1101,#1102,#1201,#1202,#1301,#1302,#1401,#1402,#1501,#1502,#1601,#1602,#1701,#1702,#1801,#1802,#1901,#1902,#2001,#2002,#2101,#2102,#2201,#2202,#2301,#2302,#2401,#2402,#2501,#2502,#2601,#2602,#2701,#2702,#2801,#2802,#2901,#2902,#3001,#3002,#3101,#3102,#3201,#3202,#3301,#3302,#3401,#3402,#3455,#3501,#3502,#3601,#3602,#3701,#3702,#3801,#3802,#3901,#3902,#4001,#4002,#4101,#4102,#4201,#4202,#4301,#4302,#4401,#4402,#4501,#4502,#4601,#4602,#4701,#4702,#4801,#4802
#10,1.0,0.07094210873871891,0.3925467752586397,0.5438058551617874,0.5454391371340523,-0.006046665199207572,-0.2875390710983931,0.6051529826106097,0.15921197446621174,0.26820823244552056,0.21834910851860004,0.5136759850319172,0.32932643627558883,,-0.44007484041382344,-0.20875632841734537,0.023044243891701517,0.16380585516178736,-0.02730134272507154,0.031052168170812237,-0.24199867928681487,0.15679286814880036,-0.27595641646489105,0.11461809377063614,0.00450363196125908,-0.03852520360994937,-0.21611490204710543,0.11779881135813339,-0.1847325555800132,0.12353951133612151,0.04528505392912172,0.1048910411622276,0.1438895003301783,-0.3589698437156064,-0.16938806955756108,0.05683469073299582,0.02840193704600484,0.00548976447281532,-0.3640149680827647,-0.39146819282412504,-0.13274047985912393,-0.10651111600264143,0.10569667620515077,0.2128285274047986,0.10298701298701299,-0.057490644948272066,0.1292868148800352,0.27581774158045347,-0.4352982610609729,0.01918115782522562,0.3425093550517279,0.14904028175214615,0.12407880255337883,-0.02534888839973586,-0.027563284173453665,-0.15466211754347348,-0.4015804534448602,0.03071318511996478,-0.09934844816200748,-0.09010785824345147,-0.10685230024213076,0.06431432973805855,0.15561303103675986,-0.105148580233326,0.11182698657274928,0.17145718688091569,-0.21233766233766233,-0.24832929782082325,-0.04245432533568127,-0.03698877393792648,-0.14355491965661457,-0.18417565485362095,0.07331499009465112,0.4434360554699538,0.1786352630420427,0.16910631741140217,0.17201188641866608,0.16494827206691615,-0.1841602465331279,0.11748404138234647,0.21564825005502972,-0.10187321153422849,,0.25876953554919657,0.3549548756328417,0.19951133612150562,0.1700924499229584,0.04715386308606648,0.05803213735417125,0.339603786044464,0.32244992295839753,0.3595641646489104,0.3367840633942329,0.05551837992515959,0.05830508474576271,-0.014921857803213735,-0.04337442218798151,0.01953995157384988,0.2901210653753027,0.29744662117543474,0.2575544794188862,0.14473475676865508,0.14452344265903588,0.40316530926700417,0.35462469733656177,0.3167730574510236,-0.021177635923398636,0.30630420427030597,0.05987893462469734,-0.3989456306405459,-0.493218137794409
#11,0.07094210873871891,1.0,0.14797710763812458,0.3479176755447942,-0.20340964120625138,0.0561501210653753,0.37490865067136253,-0.2496830288355712,0.07709663218137794,0.1419370460048426,0.072821923838873,-0.1646599163548316,0.008895003301782963,,-0.037745982830728594,0.2909465111160026,-0.07088047545674664,0.10389390270746203,0.015141976667400397,0.04171912832929782,-0.05977988113581334,0.06295839753466873,-0.09211754347347567,0.003642967202289236,-0.14707021791767555,0.19720008804754569,-0.020145278450363197,0.16755227823024432,0.08431873211534228,0.053779440898084965,-0.04582214395773718,0.00990975126568347,-0.06638124587277129,0.14616552938586838,-0.03561082984811798,0.11449482720669162,-0.08121725731895224,0.24290336781862207,0.10448162007484041,0.014598283072859344,0.02513977547875853,0.11404358353510896,0.01288135593220339,0.18781642086726832,-0.2535681267884658,0.0033480079242791108,-0.009242791107197886,0.16990534888839973,0.03842174774378164,0.1561963460268545,-0.05566806075280652,0.10181598062953995,-0.17644948272066915,0.07916574950473255,-0.2125775918996258,-0.0815430332379485,-0.37989874532247414,-0.010721989874532248,-0.22905569007263923,-0.1199603786044464,0.03067356372441118,0.10325555800132072,0.19396434074400176,0.3328483381025754,0.122722870349989,0.1961897424609289,0.14666299801893024,0.2710499669821704,0.055467752586396656,0.08132071318511996,-0.042020691173233544,-0.01384767774598283,-0.1848580233325996,-0.20781642086726831,-0.10707682148360115,0.09074180057230904,0.12867268324895442,0.11812018489984592,0.0017983711204050186,0.15779000660356593,-0.30877613911512214,-0.3156350429231785,,-0.27696676205150783,-0.09679727052608408,-0.27888179616993175,-0.1944772176975567,-0.06583535108958838,0.13318732115342286,-0.2060510675764913,0.018906009244992295,-0.12856482500550298,-0.005921197446621175,-0.16560422628219237,-0.09560862865947611,0.02168611049966982,0.258811358133392,-0.012665639445300463,0.23885758309487123,-0.19904468412942988,0.11531366938146599,-0.08740699977988113,-0.12969183359013867,-0.2258727712965001,-0.1827823024433194,-0.23788906009244992,0.0034888839973585737,0.08545674664318732,0.0025357693154303322,0.034466211754347345,-0.1624323134492626
#12,0.3925467752586397,0.14797710763812458,1.0,0.433350209112921,0.2746070878274268,0.2836891921637684,-0.047563284173453665,0.2863152102135153,0.030515078142196787,0.3440391811578252,0.2004556460488664,0.2627030596522122,0.3616244772176976,,0.18022892361875412,0.15467752586396655,0.3752674444199868,0.6849944970283953,0.3055491965661457,0.17413823464670922,0.15018049746863307,-0.07648029936165529,0.0637442218798151,-0.2050957517059212,-0.1338300682368479,-0.07289676425269645,-0.019927360774818402,0.032810917895663656,0.0820559101915034,0.2991503411842395,0.1323134492626018,0.05430992736077482,0.17267884657715166,0.013447061413163108,0.08893682588597843,0.2785186000440238,0.1919458507594101,0.2688003521901827,-0.0573959938366718,-0.21596962359674224,0.020387409200968522,0.09806075280651552,0.2823002421307506,0.3758133392031697,-0.2200924499229584,-0.4036781862205591,0.10400616332819723,0.28532247413603345,-0.17125027514858024,0.07891701518820163,0.21661457186880917,-0.015500770416024653,-0.06023772837332159,-0.033281972265023115,-0.045232225401716925,-0.09357032797710764,-0.43509795289456304,-0.23099493726612372,-0.3770658155403918,-0.4223112480739599,-0.23536209553158705,-0.09007043803653973,0.2163482280431433,-0.18966101694915255,0.31153202729473917,0.2974158045344486,-0.08179616993176315,-0.1712128549416685,0.2940039621395554,0.030310367598503193,0.031210653753026635,-0.0004864626898525204,0.12282192383887298,0.0611071978868589,-0.037050407219898746,-0.02735417125247634,0.012976007043803655,-0.040118864186660795,-0.09311908430552499,0.15354611490204711,0.16627999119524542,-0.03772176975566806,,0.07431653092670042,0.2618049746863306,-0.11995817741580453,-0.1394871230464451,0.06967202289236188,0.13625137574290117,0.2045674664318732,-0.011309707241910633,-0.07148360114461809,-0.10401716927140656,-0.049275808936825885,-0.13711424169051287,0.013660576711424169,0.14236187541272288,0.2355910191503412,0.41053709002861544,0.19654853620955315,0.22625137574290116,0.3408364516839093,0.31656174334140436,0.22081443979749066,0.3322628219238389,0.16522342064714945,0.18637904468412944,-0.11767774598283073,0.008652872551177635,-0.3591459388069558,-0.34394453004622494
#13,0.5438058551617874,0.3479176755447942,0.433350209112921,1.0,0.31334800792427914,0.07419546555139775,0.17483381025753908,0.12088487783403037,0.3049086506713625,0.6691789566365838,0.2639423288575831,0.32403257759189963,0.2540810037420207,,-0.15419326436275588,0.010385208012326657,0.05202289236187541,0.2233017829627999,0.022951793968743122,-0.06481840193704601,-0.02893682588597843,0.22350869469513537,-0.1773365617433414,0.09056790666960159,-0.10626018049746863,-0.05623376623376623,-0.00423728813559322,0.2986748844375963,-0.07837552278230245,0.036940347787805417,0.23613471274488224,0.2690953114681928,0.29495267444419987,-0.053002421307506056,-0.08426370239929562,-0.0815760510675765,0.0576139115122166,0.002903367818622056,-0.20053268765133173,-0.2759982390490865,-0.1862161567246313,-0.33029936165529383,-0.03409421087387189,0.09768434954875632,-0.19725952014087608,-0.1912260620735197,0.08454105216817082,0.3080739599383667,-0.1596852300242131,0.08075500770416025,0.22950033017829627,0.2231895223420647,0.013735417125247633,0.22042042703059653,0.05873871890821043,-0.039918556020250934,-0.47439797490644947,-0.042359674224081004,-0.301633281972265,-0.24521241470394012,-0.08901826986572749,-0.06832049306625577,0.2719348448162007,0.19076821483601145,0.24762491745542592,0.21055029716046667,-0.003574730354391371,-0.14306185340083646,-0.004486022452124147,0.04935285053929122,-0.13594541052168171,-0.0986814880035219,-0.01013647369579573,0.02968302883557121,0.10022232005282852,0.08051727933083866,0.15017829627999119,0.08597842835130971,-0.08893682588597843,0.05388069557561083,0.0561831388950033,-0.1542438917015188,,0.11190843055249836,0.23921417565485362,-0.11819942769095311,-0.053669381465991636,-0.13538630860664758,-0.21447941888619854,0.09442438917015188,0.04572969403477878,0.24950253136693815,0.1756416464891041,-0.10416464891041162,-0.11732115342284834,-0.10325775918996258,-0.039088707902267227,0.09069337442218799,0.3700572309046885,0.09282852740479859,0.20077922077922078,0.18286594761171032,0.28646489104116224,0.23912392692053708,0.28844596081884216,0.2377922077922078,0.018346907329958178,0.21695575610829848,-0.05677525863966542,-0.44532907770195906,-0.44584195465551396
#17,0.5454391371340523,-0.20340964120625138,0.2746070878274268,0.31334800792427914,1.0,0.37900726392251816,-0.29338983050847456,0.4467686550737398,0.05793528505392912,0.07119084305524984,0.08499229583975347,0.816964560862866,0.47369359454105214,,-0.2712348668280872,-0.3601893022232005,-0.18813339203169713,0.2462755888179617,0.1517081223860885,0.13201188641866607,-0.38666079683028837,-0.05757869249394673,-0.38083204930662556,-0.05263922518159806,-0.07311248073959939,-0.28238828967642526,-0.35114241690512876,-0.1299273607748184,-0.22257318952234206,0.42523002421307504,0.20668280871670702,0.21052608408540613,0.29999559762271627,-0.34402377283733215,0.21714065595421528,0.3439401276689412,0.4398525203609949,0.15309487123046445,-0.38594981289896546,-0.4415166189742461,0.08336781862205592,0.04611270085846357,0.3639357252916575,0.421666299801893,0.10453885097952895,-0.1596962359674224,-0.05111600264142637,0.1012128549416685,-0.44344265903587937,-0.08271186440677966,0.24817741580453445,-0.07587497248514198,0.021576051067576492,-0.3414769975786925,-0.19950473255558002,-0.23657054809597183,-0.16068897204490426,0.2069733656174334,-0.09238828967642528,-0.06871670702179176,-0.19063394232885758,-0.022095531587057012,0.3093330398415144,-0.2786902927580894,-0.14026634382566586,-0.12600924499229585,-0.03346467092229804,-0.4003015628439357,0.1620757208892802,0.07377283733215936,-0.07394012766894123,-0.10459608188421747,0.04227162667840634,0.47372000880475457,0.4013955535989434,0.2823618754127229,0.19732775698877394,0.14673343605546996,-0.03212854941668501,0.24909971384547655,0.6041800572309047,0.3739907550077042,,0.4855161787365177,0.6876601364736958,0.17401056570548096,0.09271626678406339,0.24188201628879594,0.2750011005943209,0.616995377503852,0.46737838432753687,0.5393902707462029,0.5693814659916355,-0.06822143957737178,0.020224521241470395,0.13150121065375303,-0.20819502531366937,-0.18764252696456085,-0.04718908210433634,0.1868104776579353,0.0951948051948052,0.338102575390711,0.38949592780101255,0.18767114241690513,0.32402597402597405,0.2467840633942329,0.012438917015188202,0.2006339423288576,0.10470173893902708,-0.41665419326436276,-0.30381245872771295
#18,-0.006046665199207572,0.0561501210653753,0.2836891921637684,0.07419546555139775,0.37900726392251816,1.0,-0.060184899845916795,0.12301342725071539,-0.0501518820162888,-0.037556680607528065,0.0016266784063394234,0.46002861545234425,0.36457847237508256,,-0.022925379705040723,-0.01324455205811138,-0.12592119744662117,0.5080233325996037,0.08221879815100154,0.11485582214395773,-0.23742681047765793,-0.2559542152762492,-0.2655646048866388,-0.2851683909311028,-0.15735417125247633,-0.438762931983271,-0.10728153202729473,-0.1885230024213075,-0.11850759410081443,0.34533127889060095,0.1807241910631741,0.1994981289896544,0.17132951793968743,-0.23023992956196346,0.4486418666079683,0.3999361655293859,0.3587431212854942,0.16439357252916575,-0.18434954875632842,-0.2856328417345366,0.19031476997578692,0.12141976667400396,0.44323354611490207,0.19615232225401716,0.17664538850979528,-0.2766453885097953,-0.09381465991635483,-0.06710543693594541,-0.22445740699977987,-0.28598283072859343,0.05959057891261281,-0.10640986132511557,-0.0813251155624037,-0.08228043143297381,-0.060920096852300244,-0.13588597842835132,-0.08909971384547656,0.15635042923178516,0.045494166850099056,0.00348448162007484,-0.06757649130530487,0.02340744001760951,0.17060312568787145,-0.07379925159586176,-0.15202949592780102,-0.08803653973145499,0.2746797270526084,-0.011974466211754348,0.22505833149900947,0.11036759850319172,0.1678186220559102,0.3329121725731895,0.015300462249614791,0.14473695795729694,0.10987012987012987,0.08907990314769976,-0.052394893242350866,-0.00898084965881576,-0.23315210213515297,-0.025835351089588378,0.3437112040501871,0.28329297820823246,,0.505941008144398,0.44888839973585737,0.0050121065375302665,0.1337508254457407,0.11261281091789567,0.183218137794409,0.34773497688751925,0.13678186220559102,0.3876777459828307,0.33086066475896986,-0.19901606867708563,0.122359674224081,-0.1448976447281532,-0.2095465551397755,-0.23338322694254898,-0.11049966982170371,-0.08913933524103015,-0.12254017169271407,0.4944640105657055,0.5270922298040942,-0.24008804754567467,-0.14288575830948713,-0.19741140215716488,-0.09976887519260401,0.06358353510895884,-0.08982390490865066,-0.08379264802993616,-0.030640545894783183
#26,-0.2875390710983931,0.37490865067136253,-0.047563284173453665,0.17483381025753908,-0.29338983050847456,-0.060184899845916795,1.0,-0.31342945190402816,0.08712304644508034,0.16815320272947393,0.26346246973365617,-0.2998151001540832,-0.09427470834250495,,-0.02843715606427471,0.1443759630200308,-0.1285097952894563,-0.22586836891921638,-0.19729253797050408,-0.19633942328857584,0.20453885097952895,0.059614791987673346,0.014459608188421747,-0.03954655513977548,-0.08089148139995597,0.06093330398415144,0.1828285274047986,0.2574554259300022,-0.03190843055249835,-0.219900946511116,-0.10841954655513977,-0.10322254017169272,-0.026156724631300903,0.15257318952234206,-0.10932423508694696,-0.05446621175434735,-0.1299537750385208,-0.04618093770636143,0.1035395113361215,0.03591679506933744,-0.10072198987453225,-0.08186880915694475,-0.23769095311468194,-0.08686110499669822,-0.21364736957957298,-0.05732775698877394,0.08614131631080783,0.1290688972044904,0.2308848778340304,0.13236847897864848,-0.1446797270526084,0.05608188421747744,-0.15737838432753687,0.11436715826546336,0.010710983931322915,-0.05641206251375743,0.010385208012326657,0.00787805414924059,-0.009498128989654414,0.011835791327316752,0.09948051948051947,0.10073739819502531,0.004144838212634823,0.4900198106977768,0.08605987233105877,0.1292537970504072,0.13660356592559983,0.295974025974026,-0.10604226282192383,-0.09495927801012546,-0.03046224961479199,0.07955976227162667,-0.17293198327096632,-0.34552058111380146,-0.05508694695135373,-0.09098833370019811,0.0187277129650011,-0.09443099273607748,0.006106097292537971,-0.12797050407219898,-0.41557340964120626,-0.13225181598062954,,-0.17780981730134274,-0.2048051948051948,-0.0336979969183359,-0.06721769755668061,-0.15691393352410302,-0.1942394893242351,-0.3072991415364297,-0.28103896103896103,-0.1745938806955756,-0.11450583314990094,-0.13795729694034778,-0.0664935064935065,-0.1599405679066696,-0.1074488223640766,0.10445080343385428,0.14411622276029057,-0.3126370239929562,0.08313229143737619,0.026698217037200087,-0.10512656834690733,-0.17236187541272288,-0.0988795949812899,-0.168036539731455,0.022747083425049528,-0.0060422628219238385,0.33745322474136036,0.09714065595421528,0.16663218137794408
#49,0.6051529826106097,-0.2496830288355712,0.2863152102135153,0.12088487783403037,0.4467686550737398,0.12301342725071539,-0.31342945190402816,1.0,0.25322694254897643,0.169636803874092,0.3208166409861325,0.4215562403697997,0.2850319172353071,,-0.16706801672903368,-0.17368258859784283,0.12474796390050627,0.13464670922298042,0.17736517719568567,0.22150121065375303,-0.08491305304864627,0.03185560202509355,-0.047246313009024876,0.08174334140435835,0.206484701738939,0.04494827206691614,-0.04175874972485142,-0.03729033678186221,-0.0928945630640546,0.035051727933083865,-0.06404578472375083,-0.14962799911952454,-0.04338102575390711,-0.3966519920757209,-0.08747083425049526,-0.008947831829187762,0.0771978868589038,0.08576051067576491,-0.24969403477878055,-0.3019986792868149,-0.08156944750165089,0.06790666960158485,0.17936385648250056,0.19528505392912174,0.0653664979088708,-0.11298481179837112,0.041899625797930884,0.04883557120845256,-0.3040237728373322,-0.13469733656174335,0.11827867048206031,-0.2186286594761171,-0.0738300682368479,-0.20792207792207792,-0.008340303764032577,-0.02057230904688532,-0.035097952894563064,0.07498569227382787,0.09882456526524323,-0.04891481399955976,-0.09564384767774599,0.11568346907329959,0.06025093550517279,-0.43863306185340084,0.17711864406779662,0.18434074400176095,-0.2016354831609069,-0.3760422628219238,0.12914373761831388,0.04046004842615012,0.100396213955536,0.06737398195025314,0.18053048646268985,0.5005921197446621,0.19570548095971824,0.09059872331058771,0.05810697776799472,0.10417345366497908,-0.05225181598062954,0.14471714725952015,0.20360114461809378,-0.06073739819502531,,0.26261941448382126,0.26558001320713187,0.24145058331499009,0.27198547215496366,0.1576997578692494,-0.021294298921417567,0.2314109619194365,0.1526040061633282,0.1864670922298041,0.14911292097732776,-0.027440017609509135,0.20718688091569448,0.12556680607528065,-0.04097732775698877,0.042399295619634604,-0.03153202729473916,0.13513097072419106,-0.07502531366938146,0.17339203169711645,0.0412722870349989,0.37908650671362537,0.055628439357252916,0.1983116883116883,-0.22797930882676645,0.09422848338102575,0.030310367598503193,-0.1628417345366498,-0.17294298921417567
#50,0.15921197446621174,0.07709663218137794,0.030515078142196787,0.3049086506713625,0.05793528505392912,-0.0501518820162888,0.08712304644508034,0.25322694254897643,1.0,0.447277129650011,0.38065595421527626,0.14061193044243891,0.26882236407660137,,0.051774158045344486,0.005320272947391591,0.08299361655293859,-0.02192824125027515,0.05924058991855602,0.05409421087387189,0.1789060092449923,-0.005551397754787585,0.16464891041162227,0.06833370019810697,0.1830442438917015,0.1288003521901827,0.09208232445520581,0.021760950913493286,0.26536209553158707,0.03722209993396434,0.17011446180937706,0.10180497468633062,-0.07550517279330839,0.06716927140655954,-0.042542372881355935,-0.20418005723090468,-0.03063614351749945,0.09665639445300463,0.07277129650011006,-0.005718688091569448,-0.11345806735637244,0.02643187321153423,-0.08209773277569887,-0.043737618313889504,-0.07834910851860004,-0.03552498349108519,-0.252029495927801,-0.13422408100374203,-0.14365177195685672,0.092689852520361,-0.12703499889940567,-0.01851419766674004,-0.060574510235527186,0.016233766233766232,-0.10730134272507154,-0.035608628659476116,-0.03401937046004842,-0.11162667840633943,-0.05618534008364517,-0.14302223200528286,0.14258639665419326,0.08193924719348449,0.1542460928901607,0.11514417785604227,0.2775016508914814,0.1913317191283293,0.20290336781862206,-0.023149900946511117,0.04368699097512657,0.058265463350209115,0.20712084525643848,0.147805414924059,0.0026634382566585956,0.04578912612810918,-0.13077481840193705,-0.24320493066255777,-0.06254237288135593,-0.10687431212854942,0.1350363196125908,0.1513911512216597,0.12899405679066697,-0.031016949152542373,,-0.0031256878714505834,0.11509795289456307,0.0749240589918556,0.05302003081664099,-0.026473695795729692,-0.04027074620294959,0.07097072419106318,-0.041463790446841294,0.02670482060312569,-0.1215034118423949,-0.08565045124367159,0.02473035439137134,0.014926260180497468,0.09124807395993836,0.024648910411622277,-0.0673827867048206,-0.12797270526084084,-0.02117543473475677,-0.02110939907550077,-0.13979308826766454,-0.10513097072419106,-0.15171692714065596,-0.1594783182918776,-0.17913493286374643,0.008437156064274708,-0.0449636803874092,0.023845476557340962,-0.03447501650891482
#51,0.26820823244552056,0.1419370460048426,0.3440391811578252,0.6691789566365838,0.07119084305524984,-0.037556680607528065,0.16815320272947393,0.169636803874092,0.447277129650011,1.0,0.488976447281532,0.045643847677745986,0.24592339863526305,,0.0990644948272067,0.05439797490644948,0.42708342504952673,0.14083865287255118,0.04386528725511776,-0.12921857803213735,0.34346467092229804,0.06794629099713846,0.24569887739379265,0.0863680387409201,0.1237442218798151,0.07942989214175655,0.3365595421527625,0.07602025093550517,0.21548095971824785,-0.06296940347787805,0.23524763372221,0.07843935725291658,0.14315210213515298,0.05080783623156505,-0.06399735857362976,-0.3062689852520361,-0.024331939247193485,-0.060484261501210654,-0.046603565925599826,-0.12000440237728373,-0.08218357913273168,-0.2305480959718248,-0.07258859784283513,-0.1274158045344486,-0.17245432533568128,-0.17064494827206692,0.031769755668060756,0.10480739599383668,-0.08790006603565925,-0.03978868589038081,0.018291877613911513,0.025478758529605988,-0.11550737398195025,0.19833810257539072,0.14116222760290556,0.053532907770195905,-0.11644067796610169,-0.24661237068016728,-0.05311027955095752,-0.18475896984371562,0.0072441118203830064,-0.0751882016288796,0.035097952894563064,0.12641646489104116,0.41469733656174335,0.2140215716486903,0.0124851419766674,-0.06814659916354832,-0.02405679066696016,-0.1398943429451904,0.01674224081003742,0.02034558661677306,0.15721549636803875,-0.11774818401937046,-0.09252256218357913,-0.19527184679727053,-0.12147479639005063,-0.133152102135153,0.0750759410081444,-0.09468633061853401,0.06103015628439357,-0.0771846797270526,,-0.03410081443979749,0.024083204930662558,-0.12205591019150341,-0.0137442218798151,0.025971824785384106,-0.18215496368038742,0.09012106537530266,-0.1827360774818402,-0.015320272947391592,-0.13194805194805195,-0.0027096632181377945,0.0628153202729474,-0.014356152322254017,0.0087277129650011,0.3299449702839533,0.12857803213735416,-0.09570768214836012,-0.02972044904248294,0.20870349988994058,0.1298217037200088,0.2361963460268545,-0.009159145938806956,0.06833149900946511,-0.08949592780101255,0.0975148580233326,-0.192359674224081,-0.1273299581774158,-0.12897424609289015
#52,0.21834910851860004,0.072821923838873,0.2004556460488664,0.2639423288575831,0.08499229583975347,0.0016266784063394234,0.26346246973365617,0.3208166409861325,0.38065595421527626,0.488976447281532,1.0,-0.004875632841734537,0.14254897644728154,,-0.02658595641646489,0.040836451683909314,0.19455425930002201,-0.046381245872771294,-0.13804534448602246,-0.056662998018930225,0.2899229583975347,0.11915474356152322,0.27819722650231127,0.15963460268545016,0.19550737398195026,0.007992515958617654,0.11396874312128549,0.02349108518600044,0.1572243011226062,-0.2549064494827207,-0.09057891261281092,-0.27218357913273167,-0.15272066916134713,-0.07086066475896985,-0.2332753686990975,-0.2281399955976227,-0.1609024873431653,-0.06058331499009465,-0.20101034558661676,-0.05360774818401937,-0.38797930882676646,-0.18698657274928462,-0.22451243671582655,-0.12071098393132292,-0.19165089148139997,0.04702619414483821,0.018868589038080565,-0.0017477437816420867,-0.09823904908650671,0.008162007484041382,-0.030244331939247193,0.06430772617213296,-0.13682148360114463,0.0873629760070438,0.1574224081003742,-0.06183799251595862,0.010204710543693594,-0.061840193704600484,0.03495267444419987,0.10796169931763153,0.07049966982170372,0.21385208012326656,-0.08407440017609509,-0.05538630860664759,0.1611336121505613,0.1152410301562844,0.14537750385208012,0.13178956636583755,6.6035659255998236e-06,-0.0008672683248954436,0.2782478538410742,0.16382786704820604,-0.003037640325775919,0.023526304204270307,-0.06641866607968303,-0.08875192604006163,-0.016876513317191283,0.01920757208892802,0.12294959278010126,-0.14661897424609288,-0.12219018269865728,-0.20012546775258638,,-0.11418886198547215,0.09160466651992076,0.14062733876293199,0.29587277129650014,-0.19495267444419986,-0.24171692714065596,-0.11773497688751926,-0.1471384547655734,-0.007983711204050187,0.010442438917015188,0.027156064274708343,0.07336341624477218,-0.020081443979749064,-0.11802993616552938,0.21057010785824345,-0.07568787145058331,-0.14371340523882897,-0.13118864186660797,0.16925819942769096,-0.14813119084305526,0.23008364516839094,-0.1636517719568567,-0.14954655513977547,-0.22608848778340304,0.09796830288355712,0.02448382126348228,0.0072793308386528725,0.0031983270966321814
#53,0.5136759850319172,-0.1646599163548316,0.2627030596522122,0.32403257759189963,0.816964560862866,0.46002861545234425,-0.2998151001540832,0.4215562403697997,0.14061193044243891,0.045643847677745986,-0.004875632841734537,1.0,0.6327690953114682,,-0.25458067356372444,-0.3658815760510676,-0.17200748404138236,0.26072859344045785,0.16406119304424388,0.10655513977547876,-0.39684349548756326,-0.1124653312788906,-0.4573519700638345,-0.031822584195465554,0.01642967202289236,-0.27115122165969624,-0.22316310807836232,-0.08036759850319172,-0.07948051948051948,0.39917895663658376,0.23518379925159585,0.3880057230904689,0.3459255998239049,-0.3697622716266784,0.3109817301342725,0.2760202509355052,0.48167730574510237,0.1399603786044464,-0.24323794849218577,-0.40467312348668283,0.14723530706581553,0.008329297820823244,0.3929914153642967,0.286040061633282,0.21082544574069997,-0.1347985912392692,-0.015289456306405458,0.07891041162227602,-0.44262821923838874,-0.055687871450583314,0.20590358793748625,-0.04955535989434295,0.08694475016508915,-0.250924499229584,-0.13945630640545895,-0.30535769315430333,-0.26060972925379705,0.10947391591459388,-0.1185560202509355,-0.13929121725731894,-0.18922077922077923,-0.015731895223420646,0.3460774818401937,-0.19672243011226062,-0.060277349768875194,-0.095049526744442,0.060708782742681044,-0.31937266123706803,0.19464891041162227,0.05366057671142417,-0.021987673343605546,-0.08212194585075941,0.07845696676205151,0.4810015408320493,0.28378604446401057,0.1521087387189082,0.11671802773497689,0.12354391371340524,-0.040132071318512,0.27058991855602027,0.5935064935064935,0.3656812678846577,,0.627442218798151,0.6757737178076161,0.12375302663438256,0.06314990094651111,0.1846467092229804,0.20588817961699318,0.5683645168390931,0.39697116442879155,0.5727470834250495,0.4985208012326656,-0.17786704820603125,-0.04100594320933304,0.013946731234866828,-0.1678450363196126,-0.2679220779220779,-0.033229143737618316,0.15340303764032578,0.09913713405238829,0.2810015408320493,0.4624609289016069,-0.03632401496808276,0.19658375522782304,0.1725313669381466,0.05582214395773718,0.21757649130530488,0.14027734976887518,-0.39652432313449265,-0.28837552278230244
#54,0.32932643627558883,0.008895003301782963,0.3616244772176976,0.2540810037420207,0.47369359454105214,0.36457847237508256,-0.09427470834250495,0.2850319172353071,0.26882236407660137,0.24592339863526305,0.14254897644728154,0.6327690953114682,1.0,,-0.03436715826546335,-0.007023992956196346,0.06105657054809597,0.349603786044464,0.09202069117323354,0.1063944530046225,-0.07944970283953334,-0.1295641646489104,-0.024358353510895884,0.08954655513977548,0.14681928241250275,-0.165346687211094,-0.04019590578912613,-0.04874312128549416,0.042784503631961256,0.3465771516618974,0.21,0.20463570327977107,0.10652212194585076,-0.27335461149020474,0.20747083425049526,0.12645168390931102,0.19039401276689413,0.14383887299141537,-0.17504292317851639,-0.3804226282192384,0.04336341624477218,-0.03261501210653753,0.2803147699757869,0.1530992736077482,0.3157869249394673,-0.13314769975786925,0.049964780981730135,-0.0014681928241250274,-0.44587937486242574,-0.16978648470173893,0.07831829187761391,0.0361897424609289,-0.016387849438696898,-0.0648250055029716,-0.15419326436275588,-0.3747127448822364,-0.3245366497908871,-0.13925379705040722,-0.1612656834690733,-0.1527823024433194,-0.03486682808716707,0.04180497468633062,0.23198106977767996,-0.11094871230464451,0.10403918115782522,0.0017213295179396874,0.17620735197006385,-0.18837992515958618,0.18872551177635924,0.003132291437376183,0.07883116883116884,0.03180497468633062,-0.06469513537310148,0.1458265463350209,-0.13994276909531148,-0.15051948051948053,-0.11423508694695135,-0.08680827646929341,-0.006656394453004623,0.28953114681928244,0.5257605106757649,0.40502751485802335,,0.4702069117323355,0.5209487123046445,0.16294959278010127,0.08882016288795949,0.18035439137134052,0.28843495487563287,0.5396302003081664,0.20489104116222762,0.34591019150341185,0.1350891481399956,-0.21154083204930663,-0.036279991195245435,0.035701078582434514,-0.037677745982830725,0.09044023772837333,0.12702399295619635,0.08308386528725512,0.08202069117323355,0.39459608188421746,0.3516817081223861,0.10756988773937927,0.026486902927580894,0.012912172573189523,-0.0438036539731455,0.11007704160246533,-0.05509795289456306,-0.20029936165529386,-0.09871890821043364
#58,,,,,,,,,,,,,,,,,,,,,,,,,,,,,,,,,,,,,,,,,,,,,,,,,,,,,,,,,,,,,,,,,,,,,,,,,,,,,,,,,,,,,,,,,,,,,,,,,,,,,,,,,,,,,,,
#101,-0.44007484041382344,-0.037745982830728594,0.18022892361875412,-0.15419326436275588,-0.2712348668280872,-0.022925379705040723,-0.02843715606427471,-0.16706801672903368,0.051774158045344486,0.0990644948272067,-0.02658595641646489,-0.25458067356372444,-0.03436715826546335,,1.0,0.3968368919216377,0.48852740479859125,0.13815100154083204,0.550675764913053,0.21707021791767556,0.6062799911952454,0.020305965221219458,0.5327580893682589,0.05072639225181598,0.2436649790887079,0.2532093330398415,0.4254105216817081,0.059328637464230685,0.5101364736957957,0.09337222099933964,-0.0798745322474136,-0.05473475676865507,-0.2843825665859564,0.2344155844155844,0.03875852960598723,-0.11670041822584196,0.15229143737618314,0.21326656394453006,0.4115474356152322,0.22263482280431432,0.09600704380365398,-0.0010565705480959718,0.01687211093990755,-0.06860884877834031,-0.19782962799911952,-0.1512194585075941,-0.23963460268545014,-0.27604666519920756,0.0949240589918556,-0.04315430332379485,-0.35333700198106976,-0.28991195245432533,-0.3768765133171913,-0.1494254897644728,-0.1851023552718468,0.12933524103015628,0.06315650451243672,-0.2869755668060753,-0.23918115782522562,-0.27858683689192165,-0.07110059432093331,-0.19143737618313889,0.16274488223640765,-0.08320493066255778,0.3430310367598503,0.11663658375522783,0.09845696676205151,-0.13156064274708343,0.4182258419546555,0.2687871450583315,0.3949680827646929,0.226616773057451,0.09605767114241691,-0.20448602245212413,-0.1866321813779441,-0.16217697556680608,-0.24322033898305084,-0.3168390931102795,0.3464582874752366,0.1800396213955536,0.06316090688972045,0.15972705260840855,,-0.2578868589038081,-0.06990314769975788,-0.37686990975126566,-0.49651551837992514,-0.08920316971164428,-0.01362095531587057,-0.11633061853400836,-0.18709443099273607,-0.321897424609289,-0.5137530266343826,-0.2950605326876513,-0.3332159366057671,0.17185119964780982,0.23841954655513978,0.14770195905789127,-0.18539951573849878,-0.2746268985252036,-0.2874444199867929,-0.038906009244992296,-0.02515958617653533,-0.030195905789126128,-0.3224653312788906,-0.23921857803213736,-0.18450583314990093,-0.37652872551177635,-0.24191283292978208,0.011474796390050628,0.1784239489324235
#102,-0.20875632841734537,0.2909465111160026,0.15467752586396655,0.010385208012326657,-0.3601893022232005,-0.01324455205811138,0.1443759630200308,-0.17368258859784283,0.005320272947391591,0.05439797490644948,0.040836451683909314,-0.3658815760510676,-0.007023992956196346,,0.3968368919216377,1.0,0.09054369359454105,0.2960994937266124,0.15461149020471054,0.3786682808716707,0.3469073299581774,0.41718908210433636,0.3165397314549857,0.26049746863306183,-0.17799251595861765,0.1945674664318732,-0.003869689632401497,0.2239621395553599,0.07777900066035659,0.07125467752586397,0.02153642967202289,-0.237970504072199,-0.07649130530486463,0.03201628879594981,0.01794408980849659,0.002830728593440458,-0.14454545454545453,0.16756328417345367,0.15706801672903367,-0.02482940788025534,0.058346907329958175,0.06783623156504512,0.08400616332819723,0.15410741800572308,0.0017455425930002202,-0.14490204710543694,-0.01161567246313009,-0.21377944089808495,0.2181135813339203,-0.2762227602905569,-0.05021351529826106,-0.001016949152542373,-0.029984591679506935,0.15917235307065816,0.006867708562623817,0.19122165969623597,-0.32138674884437596,-0.11962139555359895,-0.1788201628879595,-0.08372881355932203,-0.05873871890821043,-0.23525643847677746,0.1646268985252036,0.15627338762931983,0.2364736957957297,0.3286594761171032,0.0626964560862866,0.0988201628879595,0.25718908210433633,0.436469293418446,0.4694475016508915,0.43929782082324453,0.09631741140215716,-0.1429143737618314,-0.3526480299361655,-0.12631080783623155,-0.33306185340083644,-0.25293198327096633,-0.15282412502751486,0.2332973805855162,-0.1972639225181598,-0.015245432533568127,,-0.24149240589918555,-0.15242350869469515,-0.35159145938806957,-0.34328857583094874,-0.11917675544794189,0.057037200088047545,-0.20975346687211094,-0.2250429231785164,-0.2947985912392692,-0.4980299361655294,-0.24400396213955536,-0.18679506933744222,-0.035837552278230246,0.3828153202729474,0.2660774818401937,0.1603081664098613,-0.05232445520581114,-0.16890821043363416,0.0677459828307286,-0.005326876513317191,0.15446401056570547,-0.23288135593220338,-0.05284613691393352,-0.26198767334360556,-0.39310807836231565,-0.3589236187541272,0.10165089148139995,0.05347787805414924
#201,0.023044243891701517,-0.07088047545674664,0.3752674444199868,0.05202289236187541,-0.18813339203169713,-0.12592119744662117,-0.1285097952894563,0.12474796390050627,0.08299361655293859,0.42708342504952673,0.19455425930002201,-0.17200748404138236,0.06105657054809597,,0.48852740479859125,0.09054369359454105,1.0,0.15902267224301123,0.37725511776359233,0.09193484481620075,0.4879506933744222,-0.0036759850319172355,0.4149130530486463,-0.0022209993396434076,0.32680387409200967,0.29278450363196123,0.43116883116883115,0.0263746423068457,0.36174114021571646,-0.10904028175214615,-0.07975566806075281,-0.14435174994497027,-0.18217697556680607,0.13171472595201408,-0.08716266784063394,-0.22282852740479858,-0.03244111820383007,0.03547435615232225,0.07836231565045125,0.08134932863746423,-0.042346467092229806,-0.07561082984811798,-0.03097292537970504,-0.1755183799251596,-0.2778582434514638,-0.1034866828087167,-0.09059652212194585,-0.13502751485802333,-0.050867268324895444,-0.12942989214175654,-0.18926700418225842,-0.22455205811138015,-0.19004182258419547,-0.053193924719348445,-0.041503411842394894,0.041410961919436495,0.0891371340523883,-0.3346929341844596,-0.11635042923178517,-0.31855381906229363,0.009165749504732555,-0.08162007484041382,0.02726172132951794,-0.12786044464010565,0.43967422408100376,0.23705260840854062,-0.0067818622055910195,-0.05704600484261501,0.3266651992075721,0.041831388950033015,0.2562623816861105,0.2040721989874532,0.17992295839753467,-0.12418445960818843,-0.07026854501430772,-0.08498789346246974,-0.0476997578692494,-0.046707021791767556,0.09677525863966542,-0.08775038520801233,-0.013411842394893242,-0.08229583975346687,,-0.2024455205811138,-0.14688531807175875,-0.20820823244552059,-0.21947611710323575,-0.12196346026854502,-0.12405238828967642,-0.12238828967642527,-0.2892163768434955,-0.2537772397094431,-0.4241514417785604,-0.022905569007263923,-0.08306845696676206,0.2039225181598063,0.2630904688531807,0.427673343605547,-0.017193484481620076,-0.06850319172353071,-0.16675985031917234,0.1564142637023993,-0.07467312348668281,0.27419546555139773,-0.10901606867708563,0.048751926040061636,-0.05690072639225181,-0.09107858243451464,-0.15802993616552938,0.049597182478538414,-0.04134272507153863
#202,0.16380585516178736,0.10389390270746203,0.6849944970283953,0.2233017829627999,0.2462755888179617,0.5080233325996037,-0.22586836891921638,0.13464670922298042,-0.02192824125027515,0.14083865287255118,-0.046381245872771294,0.26072859344045785,0.349603786044464,,0.13815100154083204,0.2960994937266124,0.15902267224301123,1.0,0.2894188861985472,0.2651243671582655,-0.028549416685009904,-0.05848558221439577,-0.06801232665639445,-0.22350209112920977,-0.3538895003301783,-0.16404358353510895,-0.17818401937046005,-0.06487343165309267,0.04482060312568787,0.507079022672243,0.30039401276689415,0.008872991415364297,0.3101518820162888,-0.00902047105436936,0.3127008584635703,0.3831300902487343,0.23523222540171693,0.2646555139775479,-0.07034338542813119,-0.2901738939027075,0.1840611930442439,0.24723310587717368,0.42061633281972266,0.3323816861104997,-0.045097952894563066,-0.4459013867488444,0.015857362976007042,0.06480739599383667,-0.23668721109399077,-0.26489984591679505,0.25619854721549634,-0.029207572088928022,0.02802773497688752,-0.031311908430552496,-0.08548536209553159,-0.08279771076381245,-0.4254105216817081,-0.17690072639225182,-0.18254897644728152,-0.23540171692714065,-0.050677966101694914,-0.026825885978428353,0.22187321153422848,-0.2371252476337222,0.17528945630640547,0.22279771076381247,0.1782148360114462,-0.08589478318291878,0.32883777239709444,0.10504072198987453,0.04437156064274708,0.1463680387409201,0.050596522121945854,0.0326832489544354,-0.11285714285714285,-0.0626040061633282,-0.010068236847897864,-0.023189522342064714,-0.28295179396874315,0.2323992956196346,0.2553004622496148,0.14477437816420868,,0.2461633281972265,0.2372309046885318,-0.09633281972265023,-0.0437178076161127,0.16378604446401057,0.3502575390710984,0.38972485141976665,0.02036979969183359,0.041554039181157826,-0.08215276249174554,7.043803653973145e-05,0.08427690953114682,-0.0112656834690733,0.20956636583755228,0.19735857362976006,0.3427294739159146,0.1883248954435395,0.04332159366057671,0.4880101254677526,0.503004622496148,0.08201848998459169,0.26238828967642525,0.09585516178736518,0.10292097732775699,-0.12389830508474577,-0.30756548536209555,-0.07731454985692274,-0.09829187761391152
