,#10,#11,#12,#13,#17,#18,#26,#49,#50,#51,#52,#53,#54,#58,#101,#102,#201,#202,#301,#302,#401,#402,#501,#502,#601,#602,#701,#702,#801,#802,#901,#902,#1001,#1002,#1101,#1102,#1201,#1202,#1301,#1302,#1401,#1402,#1501,#1502,#1601,#1602,#1701,#1702,#1801,#1802,#1901,#1902,#2001,#2002,#2101,#2102,#2201,#2202,#2301,#2302,#2401,#2402,#2501,#2502,#2601,#2602,#2701,#2702,#2801,#2802,#2901,#2902,#3001,#3002,#3101,#3102,#3201,#3202,#3301,#3302,#3401,#3402,#3455,#3501,#3502,#3601,#3602,#3701,#3702,#3801,#3802,#3901,#3902,#4001,#4002,#4101,#4102,#4201,#4202,#4301,#4302,#4401,#4402,#4501,#4502,#4601,#4602,#4701,#4702,#4801,#4802
#10,1.0,0.14433634162447723,0.2450561303103676,0.34217037200088046,0.1331565045124367,0.08430332379484921,0.3110477657935285,0.5479154743561523,0.12658155403918117,0.3565485362095532,0.4192890160686771,0.24887079022672243,0.16989874532247415,0.23929341844596083,0.06126788465771517,-0.2704336341624477,0.3124125027514858,0.005696676205150781,-0.26338762931983273,-0.28085846357032795,-0.07970063834470614,-0.44522121945850757,0.05486022452124147,-0.1577657935285054,0.02922958397534669,-0.24137574290116662,-0.0712854941668501,-0.13567906669601584,-0.08450583314990094,-0.0687805414924059,0.025232225401716928,-0.02151882016288796,0.13687871450583314,0.09447721769755668,-0.10031036759850319,-0.1813581333920317,-0.10883116883116883,-0.1716861104996698,-0.07653753026634383,0.08384107418005723,-0.08515518379925159,-0.30730134272507154,-0.04985031917235307,-0.11766894122826327,0.18045124367158266,-0.18984371560642746,-0.13222320052828526,-0.09808276469293419,-0.16821703720008804,-0.09953775038520801,0.09342284833810258,0.05142637023992956,0.1660378604446401,-0.004030376403257759,0.061333920316971165,-0.3263284173453665,0.1971186440677966,-0.2684437596302003,0.10087167070217917,0.07475016508914814,0.2962073519700638,0.37217257318952235,-0.17567906669601585,-0.2871868809156945,-0.05290336781862206,-0.18150561303103677,-0.21449702839533347,-0.057272727272727274,-0.05198547215496368,-0.14856922738278672,0.27349108518600046,0.1153004622496148,0.004087607307946291,-0.05452344265903588,0.06227162667840634,0.05003742020691173,0.18791327316751047,0.22628439357252916,-0.18052388289676424,-0.35567246313009027,-0.17938146599163549,-0.1061897424609289,0.0686154523442659,0.10577591899625798,0.036724631300902484,0.31752366277790006,0.5293440457847237,0.03022011886418666,-0.2953158705701079,0.04568126788465771,-0.005318071758749725,0.36559322033898306,0.13518600044023774,0.44319172353070657,0.13650451243671582,0.07049086506713625,-0.07790446841294299,0.039262601804974685,-0.01947391591459388,-0.007034998899405679,0.10179837112040502,0.06363416244772177,0.08662557781201849,-0.061052168170812236,-0.00017169271406559543,0.009029275808936825,0.16338542813119084,0.28563504292317854,0.27148800352190183,0.24167290336781863,0.12366718027734977
#11,0.14433634162447723,1.0,0.2457605106757649,0.049504732555580015,-0.13355712084525645,-0.188168611049967,0.229372661237068,0.06843275368699098,0.5642791107197886,0.371237068016729,0.12625797930882676,-0.2311005943209333,0.060413823464670925,-0.2901034558661677,0.006559542152762492,-0.09544133832269426,0.2819590578912613,0.17325555800132073,0.010561303103675986,-0.055491965661457185,0.06936385648250055,-0.1640788025533788,0.27526964560862865,-0.01755888179616993,0.35697776799471714,-0.08816200748404138,-0.08819502531366938,-0.08275148580233326,0.04511996478098173,-0.056198547215496365,0.11786044464010566,-0.1085031917235307,0.12341184239489324,-0.056330618534008364,-0.08019150341184239,-0.0637508254457407,0.06240149680827647,-0.1396500110059432,-0.08549196566145718,-0.021846797270526085,0.040134272507153866,-0.09662337662337663,-0.12585736297600705,-0.06547435615232225,0.09945190402817522,-0.0637376183138895,-0.22864626898525203,-0.19928681488003522,-0.26771516618974245,-0.2743055249834911,-0.2913735417125248,-0.09804754567466432,-0.043002421307506054,0.08223200528285274,-0.0020911292097732775,0.017523662777900066,0.11063394232885758,-0.15413383226942548,0.07157164869029276,0.039612590799031476,0.02036979969183359,-0.054818401937046006,-0.29898305084745763,-0.09945630640545895,0.1720250935505173,0.1237970504072199,0.09053048646268985,0.1547919876733436,-0.05830288355712084,-0.18850539291217258,-0.03806515518379925,-0.017120845256438477,-0.3374554259300022,-0.49663218137794407,-0.23817521461589258,-0.23836891921637685,-0.15718688091569447,0.14577591899625797,0.17665639445300463,-0.04273167510455646,0.011860004402377283,-0.3083072859344046,0.00650231124807396,0.1437706361435175,-0.1803808056350429,0.0636319612590799,0.022086726832489544,0.10652212194585076,-0.17735857362976007,-0.07154743561523222,-0.1386484701738939,0.052392692053709,0.0599537750385208,0.112260620735197,0.26899405679066696,0.21550737398195025,0.0799867928681488,0.030451243671582653,0.06432313449262601,-0.15503191723530707,-0.030710983931322915,0.1513119084305525,0.0723794849218578,0.020528285274047986,0.1785230024213075,0.004717147259520141,0.11266563944530046,0.04893242350869469,0.017992515958617655,-0.0174950473255558,0.17389170151882016
#12,0.2450561303103676,0.2457605106757649,1.0,0.5083931322914373,-0.02704160246533128,0.255676865507374,0.2200066035659256,-0.11472815320272947,-0.2239621395553599,0.4052872551177636,0.20954215276249175,-0.0884899845916795,0.34200528285274046,-0.06049966982170372,-0.11337882456526524,-0.20397094430992735,0.7422254017169272,0.5451860004402377,-0.47723750825445743,-0.40187101034558664,-0.25746643187321155,-0.13588817961699318,0.4334668721109399,0.09858023332599604,0.24225401716927142,-0.1186550737398195,0.2028681488003522,0.20402377283733217,0.043266563944530045,-0.11285934404578472,0.23637244111820382,-0.07216156724631301,0.4143583535108959,0.04962799911952454,-0.57049526744442,-0.3743847677745983,-0.4483050847457627,-0.3486088487783403,-0.005679066696015848,0.2918578032137354,-0.1566519920757209,-0.49049526744442,-0.550858463570328,-0.42723310587717367,-0.07248073959938367,-0.10112260620735197,-0.2534888839973586,-0.10800792427911073,-0.17051067576491305,-0.005201408760730795,-0.015533788245652652,0.1259982390490865,0.38676645388509795,0.1500594320933304,-0.11288355712084526,-0.12881135813339203,0.013103675985031918,-0.3840391811578252,0.06471714725952014,0.1505018710103456,0.05305965221219459,0.26536869909751265,-0.42504512436715824,-0.1841272287034999,0.5242438917015189,0.2865617433414044,0.10808936825885979,0.027728373321593662,-0.15332599603786046,-0.19177195685670262,0.27976667400396216,0.4474554259300022,-0.36206691613471276,-0.35507814219678624,-0.40818401937046006,-0.20224301122606209,-0.06975566806075281,0.475016508914814,0.13699757869249396,-0.05697116442879155,-0.16449482720669162,-0.34576491305304863,-0.007030596522121946,-0.08790446841294298,-0.08272727272727273,0.07778780541492405,0.2434800792427911,0.033171912832929785,-0.2654897644728153,-0.4286220559101915,-0.31068897204490425,0.08985031917235307,0.00015848558221439577,0.2672639225181598,0.24818622055910192,0.6575676865507374,0.31491305304864625,0.5274224081003742,0.6331124807395994,0.15568567026194144,0.39337222099933966,0.40046445080343385,0.32810257539071097,0.3546004842615012,0.4080607528065155,0.3276799471714726,0.408547215496368,0.2492031697116443,-0.04704160246533128,0.32293638564825006,0.4317213295179397
#13,0.34217037200088046,0.049504732555580015,0.5083931322914373,1.0,-0.2057362976007044,0.04344706141316311,0.16438256658595643,-0.04087387189082104,-0.06397094430992736,0.48499229583975345,0.14564604886638785,-0.06351089588377724,0.012359674224081003,0.14138674884437596,0.00760510675764913,-0.009476117103235747,0.4535923398635263,0.17204050187101033,-0.39666740039621395,-0.1738300682368479,-0.21537970504072199,-0.14170151882016288,0.168069557561083,0.007387189082104336,-0.024787585296059872,-0.13479639005062735,0.3944662117543474,0.23260620735197007,-0.13026634382566585,-0.23735197006383446,0.008527404798591239,0.06575830948712305,0.17526964560862865,0.15703940127668942,-0.371468192824125,-0.322788906009245,-0.36331278890600927,-0.21571868809156944,0.0023046445080343383,0.21069337442218797,-0.13694475016508914,-0.33650671362535767,-0.3019172353070658,-0.2989896544133832,0.120264142637024,-0.19827206691613472,0.0763086066475897,0.1287475236627779,0.24872551177635924,0.03165309267004182,0.15586836891921638,0.023187321153422848,0.28541272287034997,0.1137442218798151,-0.03961479198767334,-0.04406999779881136,0.06160246533127889,-0.19876293198327097,0.2662623816861105,0.15121505613031036,-0.07429672022892361,0.16910631741140217,-0.14689412282632622,-0.11138674884437597,0.27247413603345805,0.055260840854061195,0.07301562843935726,-0.05047325555800132,-0.0774356152322254,-0.08850099053488884,0.287046004842615,0.23791327316751046,-0.03438917015188202,-0.04162887959498129,-0.25122165969623594,-0.20745762711864407,-0.0832621615672463,0.2914637904468413,0.005027514858023332,-0.08670482060312569,-0.18122386088487782,-0.23535549196566147,0.07296720228923619,-0.31806955756108296,-0.14022232005282853,-0.14220118864186662,0.07466651992075721,-0.04741800572309047,-0.29297600704380367,-0.28987673343605547,-0.3117631521021352,0.08950253136693814,-0.11958397534668722,0.1993022232005283,0.23858463570327978,0.3204358353510896,0.0636385648250055,0.27469733656174333,0.38604886638784947,0.11295839753466873,0.1715100154083205,0.06152542372881356,0.23230464450803434,0.12865287255117763,0.19760290556900725,0.20640986132511557,0.13434734756768654,-0.006337222099933965,-0.09661677305745102,0.28758309487123046,0.42597402597402595
#17,0.1331565045124367,-0.13355712084525645,-0.02704160246533128,-0.2057362976007044,1.0,0.4067708562623817,0.21758309487123045,0.09757208892802113,-0.23706141316310808,0.020475456746643188,0.07018930222320052,0.4318247853841074,0.4066189742460929,0.2379418886198547,-0.014908650671362536,0.02677525863966542,-0.04489544353951134,0.03967202289236187,-0.07237508254457407,0.014706141316310808,-0.10326436275588818,-0.06661457186880916,-0.08969403477878055,-0.006357032797710764,-0.13624697336561745,0.05529385868368919,-0.18128989654413383,-0.17127448822364078,0.07863966541932643,0.281386748844376,0.08921417565485362,0.2270261941448382,0.12818401937046006,0.2599493726612371,0.050211314109619196,0.15171032357473035,0.1387607307946291,0.32319392471934844,-0.07750605326876513,0.0018710103455866168,-0.06690292758089368,0.028527404798591238,0.1907990314769976,0.2366718027734977,0.03674884437596302,-0.05968082764692934,-0.13833590138674884,-0.12894342945190404,-0.1249966982170372,0.020926700418225842,-0.11310147479639004,-0.06983931322914373,-0.13834030376403258,-0.17364076601364736,-0.3196830288355712,-0.2820030816640986,-0.11678626458287475,-0.06236407660136474,-0.013385428131190842,-0.05110059432093331,0.04011666299801893,-0.05472595201408761,0.2718511996478098,0.24159366057671142,-0.16644728153202729,-0.2411732335461149,0.126715826546335,0.22615232225401716,-0.13043803653973146,0.08267444419986793,-0.09311468192824125,0.044994497028395336,0.2751529826106097,0.24260620735197005,0.1809421087387189,0.15555359894342946,0.12654633502091128,-0.1750363196125908,0.030840854061193045,0.14536429672022894,0.23420647149460708,0.2844860224521241,-0.019112920977327755,0.09245652652432314,0.48033237948492186,0.2202179176755448,0.016757649130530485,0.1369821703720009,0.11614131631080783,0.22620735197006384,0.4096984371560643,0.0031939247193484483,-0.02811138014527845,-0.0476007043803654,-0.10125687871450584,-0.18372220999339645,-0.002949592780101255,-0.10977327756988774,-0.1868038740920097,0.001582654633502091,0.009729253797050407,0.11945630640545894,0.1586418666079683,0.04360114461809377,-0.061138014527845036,-0.0050231124807396,0.06880475456746643,0.03704160246533128,0.14646489104116223,-0.015560202509355052,-0.11031476997578693
#18,0.08430332379484921,-0.188168611049967,0.255676865507374,0.04344706141316311,0.4067708562623817,1.0,0.14417125247633722,0.0951023552718468,-0.32442218798151,-0.05750385208012326,0.18683909311027955,0.5282962799911952,0.47565485362095533,0.07300462249614792,-0.1957142857142857,-0.19372441118203831,0.22000880475456747,0.5639445300462249,-0.3480563504292318,-0.13408980849658816,-0.3443957737178076,-0.3316552938586837,0.1266321813779441,-0.08892361875412723,-0.09029936165529386,-0.16050407219898746,-0.054910851860004405,-0.04422848338102575,0.602128549416685,0.5590688972044904,0.5610609729253797,0.1777856042262822,0.519141536429672,0.23682588597842835,-0.18961479198767334,0.01802113141096192,0.05590578912612811,0.1633964340744002,0.03821923838872991,-0.0012304644508034338,-0.03184239489324235,-0.20789126128109178,0.09189742460928901,-0.06893682588597842,0.11461809377063614,-0.18805194805194805,-0.0811732335461149,-0.08443099273607749,-0.24244772176975568,-0.03228703499889941,-0.028423948932423507,-0.06456966762051508,0.049672022892361875,-0.04144177856042263,-0.45007484041382345,-0.38507373981950255,-0.11432973805855162,-0.3375676865507374,0.11453004622496148,0.06576931543033238,0.15662777900066036,0.17568787145058332,0.2562689852520361,0.15323134492626017,0.2391151221659696,0.036425269645608625,0.02379484921857803,-0.05597622716266784,0.012934184459608188,0.05132291437376183,-0.13180057230904688,0.3363438256658596,-0.0112524763372221,0.2429143737618314,-0.06436715826546335,-0.08727933083865287,0.013035439137134052,-0.06981289896544134,-0.1280497468633062,-0.07800352190182698,-0.20045124367158265,0.43349988994056793,-0.42439357252916576,0.21730794629099714,0.11139555359894343,0.5123112480739599,0.15633722209993398,0.17996478098173013,-0.13746643187321153,0.3459982390490865,0.22502751485802333,0.2975522782302443,0.13264582874752368,0.13111160026414265,-0.1559850319172353,0.16271406559542154,0.1385956416464891,0.2910785824345146,0.23388509795289456,0.06602465331278891,0.1960246533127889,0.5806647589698437,0.5961479198767334,0.436781862205591,0.38407880255337884,0.43934844816200747,0.476154523442659,0.24939027074620296,-0.01238828967642527,0.06111600264142637,0.04611490204710544
#26,0.3110477657935285,0.229372661237068,0.2200066035659256,0.16438256658595643,0.21758309487123045,0.14417125247633722,1.0,0.358283072859344,0.18669601584855822,0.6181157825225622,0.5541954655513978,0.07050627338762933,0.09399955976227163,0.452590799031477,0.3995663658375523,0.14794849218578032,0.2679396874312129,0.09062293638564825,0.025830948712304645,0.07024213075060533,0.06941448382126349,-0.16139555359894342,-0.1364869029275809,-0.3050033017829628,-0.2726634382566586,-0.42871670702179177,-0.23136913933524103,-0.33580453444860225,0.010840854061193044,0.03837552278230244,0.15237728373321593,0.09924499229583976,0.12042923178516399,0.11808276469293419,-0.2081488003521902,0.05341404358353511,-0.08980849658815761,0.005863966541932644,-0.4950957517059212,-0.27118864186660796,-0.21577591899625798,-0.1845938806955756,-0.0862821923838873,0.09675764913053049,0.02847457627118644,-0.458300682368479,-0.04177635923398635,-0.04097072419106317,-0.040508474576271186,-0.057836231565045124,-0.0739555359894343,-0.16963240149680828,-0.2805657054809597,-0.20974906449482722,-0.3389830508474576,-0.3091833590138675,-0.11790226722430112,-0.2211732335461149,-0.08279330838652872,-0.27412722870349987,0.11803874092009685,0.06040061633281972,0.17805855161787365,0.3344045784723751,-0.03193044243891702,-0.25546114902047107,0.2295531587057011,0.5930244331939247,0.23173233546114902,0.3602553378824565,0.23683689192163768,0.2816156724631301,0.15893682588597843,-0.07765133171912833,0.0364340744001761,-0.07609289016068677,0.06668721109399076,-0.012047105436935945,0.15565045124367158,-0.05530486462689853,-0.2850693374422188,-0.02784503631961259,-0.0513251155624037,-0.10631961259079903,-0.06268545014307726,0.2520845256438477,0.15893462469733657,-0.07379484921857803,-0.29399075500770416,-0.06184679727052608,-0.1174818401937046,-0.0032379484921857805,-0.16701738939027075,0.03869029275808937,-0.04604226282192384,-0.2232115342284834,-0.20863966541932644,0.11691613471274488,0.008346907329958178,-0.029066696015848558,-0.030072639225181597,0.1277591899625798,0.22954215276249174,0.1237640325775919,0.09382566585956416,0.07561523222540172,0.11839973585736298,0.08641866607968303,0.04739379264802994,0.0900528285274048,0.0006031256878714506
#49,0.5479154743561523,0.06843275368699098,-0.11472815320272947,-0.04087387189082104,0.09757208892802113,0.0951023552718468,0.358283072859344,1.0,0.285115562403698,0.17315430332379486,0.4765793528505393,0.10631080783623156,-0.06060972925379705,0.47132731675104556,0.31297380585516177,-0.15669601584855822,0.11254237288135593,-0.2302905569007264,0.20859784283513097,-0.13629760070438038,0.14732115342284835,-0.3422496147919877,-0.029819502531366938,-0.21912612810917895,-0.019064494827206693,-0.237046004842615,-0.16761831388950033,-0.24679947171472597,-0.16087387189082103,-0.14800352190182697,-0.229801893022232,0.1324983491085186,-0.15222980409421089,0.11421967862645829,-0.03515078142196786,-0.02984371560642747,-0.011712524763372222,-0.056698217037200085,-0.14024873431653093,-0.13679286814880035,-0.14711864406779662,-0.20028835571208453,0.07363416244772177,0.007127448822364077,0.11310587717367378,-0.255445740699978,-0.013645168390931103,-0.1343253356812679,-0.1388465771516619,-0.14010785824345146,0.08095091349328637,-0.08631741140215717,-0.0735064935064935,-0.11031917235307066,0.07049526744441999,-0.24330178296279992,0.059438696896324014,-0.27560202509355053,-0.11014527845036319,-0.2092339863526304,0.14243671582654632,0.06581774158045345,0.0953995157384988,0.0350429231785164,-0.1686352630420427,-0.2531763152102135,-0.2693088267664539,0.07529826106097293,0.30401716927140654,0.12250935505172793,0.34207131851199646,0.05058991855602025,0.20278450363196127,0.16034998899405678,0.24356372441118204,0.11375963020030817,0.14206691613471276,-0.08931763152102135,0.008236847897864847,-0.16825665859564165,-0.12826326216156725,-0.05856702619414484,-0.09395553598943429,0.02785824345146379,0.11972485141976667,0.34963460268545016,0.37890380805635043,-0.04419766674003962,-0.5218864186660797,0.17770856262381687,0.054754567466431876,0.33000880475456745,0.06269865727492846,0.18034558661677305,-0.0597556680607528,-0.2639005062733876,-0.14571868809156946,-0.2954105216817081,-0.35574290116663,-0.2807175874972485,-0.26964780981730135,-0.2122033898305085,-0.002436715826546335,-0.3098723310587717,-0.33755888179616994,-0.2514637904468413,-0.2173827867048206,0.019817301342725073,0.2830508474576271,-0.07961479198767335,-0.13697776799471714
#50,0.12658155403918117,0.5642791107197886,-0.2239621395553599,-0.06397094430992736,-0.23706141316310808,-0.32442218798151,0.18669601584855822,0.285115562403698,1.0,0.25242791107197887,0.15959498128989655,-0.2540193704600484,-0.11313449262601805,-0.09839093110279551,0.40286594761171035,0.14451683909311028,-0.010666960158485582,-0.06715386308606648,0.5090336781862206,0.10094430992736078,0.30523882896764254,-0.08040721989874532,-0.020015408320493065,-0.17100594320933304,0.29950253136693816,0.04338983050847458,-0.15782082324455204,-0.2768545014307726,0.03098613251155624,-0.13770195905789126,-0.04114461809377064,0.08575170592119745,-0.08851199647809817,0.11968963240149681,0.19060312568787144,0.24674664318732115,0.3722364076601365,0.24042482940788026,-0.25611270085846355,-0.23040942108738718,0.08959498128989654,0.2053664979088708,0.08290556900726392,0.24147699757869248,0.08132951793968743,-0.17971384547655733,-0.087343165309267,-0.07550517279330839,-0.11660356592559983,-0.3475104556460489,-0.24604226282192385,-0.3052784503631961,-0.2992824125027515,-0.09705480959718248,-0.037079022672243014,0.18791987673343605,0.02193264362755888,-0.1936451683909311,-0.03662337662337662,-0.2789830508474576,0.05334800792427911,-0.06323354611490205,-0.06634382566585957,-0.06981289896544134,0.012784503631961259,-0.08170372000880476,0.02728153202729474,0.10309927360774819,0.3680849658815761,0.1583843275368699,0.1366519920757209,-0.029821703720008804,-0.008344706141316311,-0.28498569227382786,-0.0375610829848118,-0.1779903147699758,-0.13442218798151,-0.10832709663218137,0.18634382566585955,0.12744662117543473,-0.12195685670261941,-0.21375963020030816,0.1825379705040722,0.0036099493726612373,-0.18710103455866167,0.0598415144177856,0.06218798151001541,-0.06519920757208893,-0.06289016068677086,0.01739159145938807,-0.12256878714505832,0.050327977107638124,-0.04673563724411182,-0.061408760730794626,-0.007065815540391812,-0.09496147919876734,0.03699757869249395,-0.30461809377063614,-0.287871450583315,-0.27691833590138676,-0.38623816861105,-0.1187607307946291,0.04272507153863086,-0.2208562623816861,-0.06523002421307506,-0.1849636803874092,-0.1821813779440898,-0.06481620074840413,0.056634382566585956,-0.11286374642306846,-0.0386154523442659
#51,0.3565485362095532,0.371237068016729,0.4052872551177636,0.48499229583975345,0.020475456746643188,-0.05750385208012326,0.6181157825225622,0.17315430332379486,0.25242791107197887,1.0,0.4322364076601365,0.06232005282852741,0.09092670041822584,0.38822143957737176,0.2757803213735417,0.05085626238168611,0.5930068236847897,0.15061853400836453,-0.0747391591459388,-0.08033458067356372,0.10281752146158926,-0.1645476557340964,0.1061038961038961,-0.24293198327096632,-0.05576931543033238,-0.35946951353731016,0.08449262601804974,-0.17936605767114241,-0.14155183799251597,-0.25409641206251377,-0.049482720669161345,0.0654919656614572,0.008406339423288577,0.08278890600924499,-0.20642967202289236,-0.17661457186880916,-0.22353951133612152,-0.24396654193264364,-0.19839093110279551,-0.12788906009244994,-0.08781201848998459,-0.33533568126788466,-0.3274136033458067,-0.2600264142637024,0.17646268985252037,-0.46680607528065154,-0.18815760510675764,-0.10954215276249174,-0.062408100374202066,-0.19421527624917456,-0.14018049746863306,-0.22626458287475237,-0.010198106977767995,-0.0960972925379705,-0.029361655293858684,-0.08005282852740479,0.16968523002421307,-0.2965441338322694,0.1263548316090689,-0.12419986792868148,0.010435835351089589,0.08370239929561964,-0.07934404578472375,0.08981069777679947,0.14307506053268765,0.008117983711204051,0.3043319392471935,0.348415144177856,0.14303103675985032,0.15653753026634382,0.3754743561523223,0.32669601584855823,0.022176975566806076,-0.2582082324455206,-0.17250715386308607,-0.18036099493726612,-0.045863966541932644,0.18174774378164207,0.19533127889060092,-0.10352850539291217,-0.1051882016288796,-0.3402113141096192,0.18017829627999118,-0.1556372441118204,0.08580453444860224,0.004769975786924939,0.1412128549416685,-0.16805855161787364,-0.2690688972044904,-0.22022892361875412,-0.42428571428571427,0.11935945410521681,-0.15871890821043363,0.1028087167070218,0.28080123266563944,0.14171032357473035,-0.0061104996698217035,0.11169491525423729,0.0673299581774158,-0.08784283513097073,-0.1661435174994497,-0.03433634162447722,0.18920537090028616,0.04396434074400176,0.1238300682368479,0.032064714946070876,-0.005808936825885978,-0.05442438917015188,-0.06086066475896985,0.1932115342284834,0.3715496368038741
#52,0.4192890160686771,0.12625797930882676,0.20954215276249175,0.14564604886638785,0.07018930222320052,0.18683909311027955,0.5541954655513978,0.4765793528505393,0.15959498128989655,0.4322364076601365,1.0,0.1958199427690953,0.054818401937046006,0.48571868809156943,0.2937574290116663,0.1444706141316311,0.36267444419986794,0.13077922077922077,0.0911930442438917,0.10973145498569227,0.03385868368919216,-0.12172793308386529,-0.11438036539731455,-0.2423398635263042,-0.05972265023112481,-0.24466651992075722,-0.283713405238829,-0.24312568787145059,0.07734756768655074,0.059132731675104556,0.11527845036319613,0.1444970283953335,0.18389170151882017,0.27784283513097074,-0.18332379484921857,-0.010825445740699978,-0.017983711204050186,0.013359013867488443,-0.35180277349768874,-0.09848338102575391,-0.13735197006383448,-0.2194188861985472,0.017109839313229142,0.0074510235527184675,0.1184569667620515,-0.38161347127448825,-0.08601584855822143,-0.14700418225841955,-0.26864406779661015,-0.15579572969403477,0.05908430552498349,-0.11148139995597622,-0.1515166189742461,-0.07702619414483822,-0.24894122826326215,-0.19180277349768876,-0.22519700638344706,-0.24153422848338102,-0.09284173453664979,-0.23840193704600485,0.0771714725952014,0.04961038961038961,0.20079462909971385,0.18736077481840194,0.08853180717587497,-0.11140876073079463,0.09570327977107639,0.24124147039401278,0.4024763372220999,0.3302333259960379,0.24525203609949373,0.24604666519920756,0.12984371560642746,-0.03047325555800132,0.01820823244552058,-0.1297556680607528,0.042542372881355935,-0.07093330398415144,0.20578692493946732,-0.030854061193044242,-0.3333370019810698,0.10700858463570329,-0.2554303323794849,-0.05345586616773058,-0.03778340303764033,0.3718732115342285,0.2782874752366278,0.029205370900286156,-0.37457186880915694,0.020847457627118645,-0.08683028835571209,0.10740920096852301,-0.18846577151661897,0.18554039181157825,-0.06259520140876074,-0.04172353070658155,-0.03571648690292758,0.039658815760510675,-0.11100374202069117,-0.06364736957957297,-0.0938168611049967,0.12151441778560422,0.29841294298921417,0.16778340303764033,0.15203609949372662,0.1453268765133172,0.2453070658155404,-0.0013427250715386308,-0.03471494607087827,0.05244331939247193,-0.009806295399515738
#53,0.24887079022672243,-0.2311005943209333,-0.0884899845916795,-0.06351089588377724,0.4318247853841074,0.5282962799911952,0.07050627338762933,0.10631080783623156,-0.2540193704600484,0.06232005282852741,0.1958199427690953,1.0,0.3763482280431433,0.26769095311468194,-0.1731366938146599,-0.10236407660136473,0.020033017829628,0.12705701078582435,-0.16820383006823686,0.08446180937706362,-0.12192824125027515,-0.21397974906449482,0.019412282632621614,-0.030184899845916796,-0.19671582654633502,-0.03104996698217037,-0.09663438256658595,-0.023770636143517498,0.34425049526744445,0.5313119084305525,0.3578560422628219,-0.014569667620515078,0.26770856262381687,0.07051067576491306,0.11322914373761832,0.04288355712084525,0.20293858683689192,0.10755668060752807,0.03469953775038521,-0.1299603786044464,0.0029650011005943207,-0.18812678846577152,0.3160576711424169,-0.05545454545454546,0.13911292097732775,-0.17184239489324235,-0.023999559762271628,0.013766233766233767,-0.15906669601584855,-0.0017213295179396874,0.031672903367818625,0.0375280651551838,0.03103015628439357,-0.06583755227823024,-0.21454325335681268,-0.2426436275588818,0.010195905789126129,-0.0777129650011006,0.14415144177856043,0.1215364296720229,0.1435857362976007,0.1729605987233106,0.3195399515738499,0.14108518600044023,-0.08217037200088048,-0.0632819722650231,-0.028069557561082984,-0.06745322474136034,-0.06598283072859344,0.027849438696896323,-0.13734756768655074,0.040250935505172794,0.08353510895883777,0.19254897644728153,0.08794188861985472,-0.04238168611049967,0.006431873211534229,-0.20401716927140656,-0.004695135373101475,-0.051734536649790885,0.09192163768434955,0.5039643407440018,-0.09659035879374862,0.5191547435615232,0.30969843715606427,0.32906669601584854,0.13666519920757209,0.1023002421307506,0.032093330398415144,0.5899141536429672,0.30315870570107856,0.33118864186660796,0.25391371340523883,-0.0049086506713625355,-0.012119744662117543,-0.08676645388509795,-0.010970724191063173,0.04067356372441118,-0.06966762051507815,0.08822804314329738,0.03150561303103676,0.3049240589918556,0.21124367158265464,0.18480739599383667,0.1426700418225842,0.24573629760070437,0.24788906009244993,0.16332599603786044,-0.007616112700858464,-0.01208232445520581,-0.042106537530266344
#54,0.16989874532247415,0.060413823464670925,0.34200528285274046,0.012359674224081003,0.4066189742460929,0.47565485362095533,0.09399955976227163,-0.06060972925379705,-0.11313449262601805,0.09092670041822584,0.054818401937046006,0.3763482280431433,1.0,-0.13462029495927802,-0.19617873651771958,-0.28508034338542815,0.3228285274047986,0.3477283733215937,-0.28647809817301345,-0.16053268765133172,-0.17415804534448603,-0.13602905569007265,0.13611930442438916,0.006121505613031037,0.061516618974246096,-0.020607528065155183,-0.18025313669381465,-0.04292537970504072,0.3492692053709003,0.39750605326876515,0.3825555800132071,0.10434954875632842,0.39684349548756326,0.14457186880915696,0.043077261721329516,0.260693374422188,0.1364802993616553,0.1684305524983491,-0.022526964560862867,0.20163108078362316,0.13307285934404578,0.053319392471934846,0.12948712304644508,0.039522342064714944,-0.14585516178736518,-0.0877922077922078,-0.19603345806735636,0.020385208012326655,-0.17076821483601146,0.07684569667620515,-0.12483821263482281,0.03366057671142417,0.02149460708782743,-0.11326216156724632,-0.2212788906009245,-0.12554919656614572,-0.07617213295179397,-0.19579572969403478,-0.07988994056790667,0.07931543033237949,0.22727272727272727,0.1224455205811138,-0.07153422848338102,-0.14250055029716047,0.010794629099713845,0.0426106097292538,0.015194805194805195,-0.06740259740259741,-0.22022672243011227,-0.07636363636363637,-0.14924058991855602,0.09891481399955976,0.00904688531807176,-0.03288355712084526,0.022229804094210874,-0.02782742681047766,0.03430112260620735,-0.025544794188861984,0.16008804754567466,0.08838872991415364,0.2740876073079463,0.06755227823024433,0.1110675764913053,0.30709663218137795,0.3422055910191503,0.31015848558221437,0.08857803213735417,0.3041514417785604,0.2569579572969403,0.1640788025533788,0.1446599163548316,0.04057010785824345,0.1239753466872111,0.08390050627338763,-0.039198767334360556,0.15617653532907771,0.09315870570107858,0.24589478318291877,0.19663438256658597,0.21484701738939027,0.3137508254457407,0.5121329517939688,0.2939885538190623,0.3439313229143738,0.23318291877613911,0.24863086066475898,0.31357693154303323,0.24912832929782083,0.021454985692273828,0.08356812678846577,0.004701738939027074
#58,0.23929341844596083,-0.2901034558661677,-0.06049966982170372,0.14138674884437596,0.2379418886198547,0.07300462249614792,0.452590799031477,0.47132731675104556,-0.09839093110279551,0.38822143957737176,0.48571868809156943,0.26769095311468194,-0.13462029495927802,1.0,0.37732555580013205,0.25043803653973146,0.10027294739159145,-0.21228923618754128,0.1504688531807176,0.1439357252916575,0.17396213955535988,-0.00686550737398195,-0.3158485582214396,-0.30758969843715606,-0.4025379705040722,-0.31529605987233106,0.0059057891261281095,-0.16781642086726833,-0.3176667400396214,-0.18423508694695134,-0.2885053929121726,0.1151617873651772,-0.240264142637024,0.13434074400176096,-0.15837112040501872,-0.07445520581113801,-0.2127823024433194,-0.016257979308826765,-0.24438256658595642,-0.24597622716266784,-0.28862645828747524,-0.16696235967422407,-0.00737178076161127,0.057301342725071536,0.13063394232885758,-0.4607131851199648,0.14158485582214395,0.06960378604446402,0.15113141096191943,0.004593880695575611,0.20047325555800133,-0.1074950473255558,-0.12180497468633061,-0.258663878494387,-0.09624036979969183,-0.26905569007263924,-0.07320493066255779,-0.19002861545234426,-0.01765573409641206,-0.2426172132951794,-0.10235086946951354,-0.10853180717587498,0.4322980409421087,0.442128549416685,-0.11357473035439138,-0.17225841954655513,0.29852740479859124,0.4763922518159806,0.33193704600484264,0.41687211093990756,0.26181377944089806,0.1840017609509135,0.37858463570327977,0.25151441778560424,0.14891041162227603,0.0016420867268324894,0.0637376183138895,-0.2455491965661457,0.149966982170372,0.022256218357913273,-0.12011005943209332,0.07915474356152322,-0.003530706581554039,-0.15193484481620076,0.2774378164208673,0.05755007704160246,0.042570988333700197,-0.3336605767114242,-0.3033017829627999,0.023372220999339645,-0.16596081884217478,0.04514637904468413,-0.3179110719788686,-0.07100814439797491,-0.041606867708562624,-0.3519656614571869,-0.1753334800792428,-0.1331763152102135,-0.2323794849218578,-0.09623156504512437,-0.21371340523882898,-0.3552938586836892,0.021171032357473037,-0.15667180277349768,-0.18347567686550736,-0.12334360554699537,-0.1773827867048206,-0.26476777459828305,-0.003603345806735637,-0.08907990314769976,-0.054268104776579354
#101,0.06126788465771517,0.006559542152762492,-0.11337882456526524,0.00760510675764913,-0.014908650671362536,-0.1957142857142857,0.3995663658375523,0.31297380585516177,0.40286594761171035,0.2757803213735417,0.2937574290116663,-0.1731366938146599,-0.19617873651771958,0.37732555580013205,1.0,0.46921197446621177,0.05305084745762712,-0.1592273827867048,0.5979661016949153,0.08994276909531147,0.5425269645608629,0.014235086946951353,-0.17695795729694036,-0.3128945630640546,0.12602685450143078,-0.20795289456306407,-0.23544794188861987,-0.39993836671802774,-0.09408320493066256,-0.20585516178736518,-0.17593000220118865,-0.0816685009905349,-0.30432093330398413,0.1361435174994497,0.02297820823244552,0.04267664538850979,0.15336561743341404,0.2264208672683249,-0.4840545894783183,-0.3331719128329298,0.09966101694915254,0.13022232005282852,-0.1161501210653753,0.3289016068677086,-0.1284899845916795,-0.37443979749064493,-0.1676535329077702,-0.0815892581994277,-0.09272066916134712,-0.2374950473255558,-0.14039841514417786,-0.308976447281532,-0.26449262601804974,-0.07541712524763372,0.05132291437376183,0.0888531807175875,-0.09056790666960159,-0.327739379264803,-0.222491745542593,-0.47987233105877175,-0.13409200968523002,-0.12344926260180497,0.12583535108958838,0.19430112260620735,-0.06930442438917016,-0.34577812018489984,0.029022672243011225,0.17204050187101033,0.5825511776359233,0.3472176975566806,0.42176975566806074,0.16380145278450364,0.20538190622936386,-0.16252256218357913,-0.06867708562623817,-0.23127668941228263,-0.10324014968082765,-0.27473475676865505,0.15674003962139554,0.007103235747303544,-0.12643847677745984,-0.10589918556020252,0.22808496588157606,-0.2441272287034999,-0.2410741800572309,-0.163185119964781,0.07223640766013648,-0.1445410521681708,-0.15545674664318732,-0.18933524103015628,-0.2261303103675985,-0.10127008584635704,-0.36384547655734095,-0.16582654633502092,-0.022612810917895663,-0.2337244111820383,-0.2440876073079463,-0.23571648690292757,-0.18692273827867048,-0.21307946290997137,-0.3993792648029936,-0.270627338762932,-0.05907109839313229,-0.2865397314549857,-0.18241690512876954,-0.3078450363196126,-0.2656790666960159,-0.3750231124807396,-0.12330398415144178,0.10454325335681268,0.13250055029716046
#102,-0.2704336341624477,-0.09544133832269426,-0.20397094430992735,-0.009476117103235747,0.02677525863966542,-0.19372441118203831,0.14794849218578032,-0.15669601584855822,0.14451683909311028,0.05085626238168611,0.1444706141316311,-0.10236407660136473,-0.28508034338542815,0.25043803653973146,0.46921197446621177,1.0,-0.24543473475676866,-0.2509421087387189,0.4218930222320053,0.5845982830728593,0.1464538850979529,0.5636847897864847,-0.45883337001981067,-0.029115122165969624,-0.10532027294739159,0.2540083645168391,-0.1461831388950033,-0.031857803213735415,-0.07169491525423728,-0.040290556900726394,-0.0076821483601144614,-0.15026194144838212,-0.21178516398855382,0.015630640545894782,-0.037745982830728594,0.042139555359894346,0.08463350209112921,0.3767356372441118,-0.41415144177856045,-0.3869953775038521,-0.0650099053488884,0.27022672243011225,0.1704094210873872,0.44475676865507374,-0.16122826326216158,-0.11960818842174774,0.1672044904248294,0.09506493506493506,0.14074180057230903,-0.05299141536429672,-0.104620294959278,-0.18727933083865286,-0.40472375082544576,-0.013165309267004183,-0.2963152102135153,0.18873651771956856,-0.4264120625137574,0.10093770636143518,-0.1500858463570328,-0.41508694695135373,-0.28112920977327754,-0.3318445960818842,0.3374576271186441,0.4871736737838433,0.07658815760510676,-0.05471054369359454,0.1802575390710984,0.24639665419326437,0.3020360994937266,0.4058991855602025,0.12192383887299142,0.09629980189302223,0.18767554479418885,0.00598943429451904,-0.12447281532027295,-0.2044486022452124,-0.2450429231785164,-0.4485274047985912,0.1924323134492626,0.39701298701298704,-0.067574290116663,0.22699097512656835,0.060380805635042924,-0.1498151001540832,-0.14293198327096632,-0.2613427250715386,-0.28152102135152984,-0.17191503411842396,0.11454105216817081,0.03418666079683029,-0.009955976227162667,-0.39673343605546996,-0.47927580893682586,-0.4849042482940788,-0.2721241470394013,-0.30262161567246315,-0.2701959057891261,-0.19285053929121726,-0.09687871450583314,-0.061776359233986354,-0.25110499669821706,-0.16956856702619413,-0.17829407880255338,-0.1065331278890601,-0.11012987012987013,-0.10460048426150122,-0.20372661237068015,-0.44265683469073297,-0.3026392251815981,-0.07333920316971164,-0.057886858903808056
#201,0.3124125027514858,0.2819590578912613,0.7422254017169272,0.4535923398635263,-0.04489544353951134,0.22000880475456747,0.2679396874312129,0.11254237288135593,-0.010666960158485582,0.5930068236847897,0.36267444419986794,0.020033017829628,0.3228285274047986,0.10027294739159145,0.05305084745762712,-0.24543473475676866,1.0,0.4600198106977768,-0.2620162887959498,-0.33711424169051285,-0.02942989214175655,-0.23328417345366498,0.4311798371120405,-0.08556240369799692,0.24464230684569668,-0.26953995157384986,0.19975126568346907,0.09524983491085186,0.08458507594100814,-0.18254017169271405,0.13358133392031696,0.043612150561303104,0.2938895003301783,0.06852740479859123,-0.4276579352850539,-0.29491965661457187,-0.2920427030596522,-0.3441118203830068,0.06967862645828747,0.21806955756108298,-0.014985692273827867,-0.47073519700638344,-0.5466189742460928,-0.4770394012766894,0.059421087387189084,-0.21832049306625578,-0.3094541052168171,-0.18531807175874973,-0.25928461369139333,-0.022300242130750606,0.05866607968302884,0.034869029275808934,0.4410851860004402,0.11303984151441779,0.07604226282192383,0.004215276249174554,0.1565331278890601,-0.3909156944750165,0.10663658375522782,0.1704490424829408,-0.059542152762491744,0.10242130750605327,-0.35329077701959055,-0.1676667400396214,0.4678274268104777,0.281452784503632,0.12440017609509135,0.10128769535549197,0.09071318511996478,-0.12488003521901828,0.3539159145938807,0.42517279330838653,-0.3188906009244992,-0.41401056570548095,-0.38281311908430554,-0.2538146599163548,-0.14519480519480518,0.35326656394453004,0.20029495927801014,-0.12988773937926482,-0.13821483601144618,-0.44635923398635263,0.07450583314990095,-0.06135593220338983,0.05082324455205811,0.03986352630420427,0.21379705040721989,0.01832489544353951,-0.38041162227602904,-0.370066035659256,-0.48079683028835574,0.16533127889060092,0.008553819062293638,0.28350209112920977,0.2791349328637464,0.6054743561523223,0.26527845036319614,0.3914571868809157,0.3071934844816201,0.11795069337442218,0.17530266343825665,0.29550737398195026,0.26039181157825225,0.27877613911512217,0.31079462909971384,0.245181598062954,0.2472705260840854,0.0400462249614792,-0.18695795729694034,0.1450561303103676,0.3808254457407
