,#10,#11,#12,#13,#17,#18,#26,#49,#50,#51,#52,#53,#54,#58,#101,#102,#201,#202,#301,#302,#401,#402,#501,#502,#601,#602,#701,#702,#801,#802,#901,#902,#1001,#1002,#1101,#1102,#1201,#1202,#1301,#1302,#1401,#1402,#1501,#1502,#1601,#1602,#1701,#1702,#1801,#1802,#1901,#1902,#2001,#2002,#2101,#2102,#2201,#2202,#2301,#2302,#2401,#2402,#2501,#2502,#2601,#2602,#2701,#2702,#2801,#2802,#2901,#2902,#3001,#3002,#3101,#3102,#3201,#3202,#3301,#3302,#3401,#3402,#3455,#3501,#3502,#3601,#3602,#3701,#3702,#3801,#3802,#3901,#3902,#4001,#4002,#4101,#4102,#4201,#4202,#4301,#4302,#4401,#4402,#4501,#4502,#4601,#4602,#4701,#4702,#4801,#4802
#10,1.0,0.27866725704921325,0.21790776337832718,0.37467076282598477,-0.048119525076802984,0.10276673346510429,-0.06983251699251827,0.6544582251092131,0.22717889960605658,0.41972729804123854,0.27526373210022503,0.002401091903390287,0.07706226862101549,0.10093715621248293,0.20481040047108875,0.10514317537557002,0.4221722121542724,0.2642333167478443,-0.1471358077665737,-0.08151022289984343,0.18669630752235616,0.19948691496208923,0.05881031830444567,0.06996124473334642,0.3549626370014653,0.09864927168400535,-0.09612675574139419,-0.026933312639512114,-0.08498769782760525,-0.21241172791885587,0.061144763930669616,0.05430941218896502,0.30120191539574653,-0.02027324973638202,-0.09123236270182182,-0.021119566160124528,-0.0887454523045461,-0.200280279549179,0.2745388397157034,0.2430388876462452,-0.09266114932874417,-0.18594859107031184,-0.10801809492073201,-0.2069996850278682,-0.144598684420748,0.028349317788621747,-0.21282530002236758,-0.06906745424915665,0.031216933632176456,-0.05347131242953069,0.07796884058301798,0.15544194241944245,0.08248983187791863,0.1744708239944857,0.21266644451240946,0.234757402986301,0.07643232435738838,0.21359857943003738,0.14583848776858221,0.2835534334244774,0.05954616624137821,0.1726558541450789,-0.1318427695636495,0.07633646327379295,0.004426043174006126,0.1818959496409774,0.043254346843659704,-0.29242377902650785,0.15733999187463196,0.2349646455194073,0.3981001246194087,0.27412070279868717,0.062320659889440216,0.1049952754180228,0.08373328707655649,0.16499244523364998,0.07474060447260428,0.14139509830325883,-0.39030159722824526,-0.14843951850347153,-0.3076163913323321,-0.19454961267557414,0.03701515974564859,0.0110221986880726,0.06681243637791177,0.21407149410910817,0.0674432936042398,-0.03796829280539744,-0.1815234608590066,-0.14882022394975053,-0.19682654165164082,0.1432383699963938,-0.06429083339800153,-0.09005098896684575,-0.17831896177881654,0.10333824811587322,-0.07429599163726167,0.40723431644200175,0.49916144375921523,0.21394550525638276,0.365433406218189,0.26683069563192996,-0.054258286277714125,0.4106013228829536,0.38714548517120334,0.3377350308353152,0.33660387004888914,0.15098485851360544,0.10927707048528533,-0.14599369142773672,-0.006840829517910046
#11,0.27866725704921325,1.0,0.5213163096221703,0.47168765720076505,0.1796984484198898,0.04938306545486084,0.34369485134684824,0.3054992308289245,0.4597652772895963,0.4446876982840866,0.6021262901304167,0.009567849105524794,-0.01505475493798701,0.34404908087480085,0.13256218417196566,0.3483701333382025,0.2681444489585378,0.442760434022468,-0.08148374698151707,0.14074598182291262,0.22022212382513112,0.30467391254730286,0.06957232262275925,0.15240177662541596,0.05965937361629091,0.07273756430681025,-0.03280822761986059,0.12461484386055408,-0.2792296420729731,-0.14429740672944807,-0.003964997010047155,0.13112700680613693,-0.015678308462707756,0.3928359816859682,-0.19391966841194702,0.048214473197697505,-0.17184240437856912,-0.020320723796829282,-0.2949243838642972,-0.055802106204951,-0.10801900788343292,-0.1067381212140578,-0.13726302911894533,-0.25442718437738227,-0.11303299903682434,0.19547900870509935,-0.026375492429256804,-0.0061424130517147724,0.08522506812984156,0.04461831311881753,-0.009605280576262056,0.09465597283023001,-0.005841135360414851,0.024403492995293676,0.07362678997749547,-0.002727932550315657,0.05974701803557816,0.09534799855751894,-0.25196948878653563,-0.11427919312356494,-0.12863096678185212,-0.16794405364568832,-0.17247782641840168,-0.023179210013374904,-0.10157714306582005,0.15741211592800375,0.06951937078610654,-0.07974090118548206,0.26847768034436953,0.2560175654023655,0.4722098718656849,0.4664746401785755,0.23294608498769784,0.16231837748268793,0.109831238844737,0.03718497080801764,0.06319436519420998,-0.015409897428640552,-0.1475165132128527,0.08869980416950066,-0.0907046702606965,-0.15236799700548234,0.008612890120374132,0.14658529125792566,0.09546577074593618,-0.33525542413964676,-0.353173230107684,-0.13697635883085996,-0.1734291335527487,-0.20861015123227142,-0.34940908489183675,-0.21813235220275076,-0.24181643058972827,-0.2075063793268726,-0.09053759808643018,0.35634303660523947,0.14485979175320793,0.03946372570948614,0.19337554264220536,-0.14555546933130048,0.2409965900843121,0.14685918006819831,0.1341023522483989,-0.01373004605896826,0.3139651339544523,-0.00038527025978353654,-0.01806388000018259,-0.07233677368111126,-0.005282402187458631,-0.15582356082842236,-0.0786617792730078
#12,0.21790776337832718,0.5213163096221703,1.0,0.7579051157864946,0.44855135643433286,0.4259317925566151,0.23799294279832198,0.15291486166332674,0.15959592270857775,0.49456741544824184,0.4946797098604537,0.11342283411011243,0.08301843728174485,0.21853953356735611,-0.21471239392514618,0.008316177242578755,0.5539355539629428,0.7667827650901322,-0.3079560134570702,-0.1777903563749903,-0.08245879114608773,-0.08503882373885614,0.286382704834594,0.06439582410860605,0.04162105657173376,0.17171458960044186,0.0789712736286159,0.28933887806013686,-0.15507401845097618,-0.030565078263727535,0.1549608110760635,0.08020468623754376,0.15228856925050327,0.32115015041060496,-0.1788210912643164,-0.16552378952557895,-0.1499723828782975,-9.038330738997658e-05,-0.23904650175517078,-0.014473197697508069,-0.4925534197300369,-0.3368786718218627,-0.30904335203385264,-0.36124564630912004,-0.000614423897711659,0.37962723732921894,0.05682918924347346,0.12450711426184684,0.22274098791693867,0.34530531755125143,0.2663705624306719,0.3464437820392848,0.17904933193954362,0.17028489001081862,0.04557783691747273,-0.08704095094194926,0.07120743882008701,0.055078126783130274,-0.20196834758315949,-0.019170390793684124,-0.05283497742699722,-0.26302638005724277,-0.42297105451756767,-0.1666558632747059,0.10874663915605728,0.048958537798938224,0.06218188955890207,0.014700525410034374,-0.10902326685443266,-0.08541861622243423,0.3491488905220777,0.37306486143508605,0.2479451492009294,0.20842573276668783,-0.039930249649650564,0.04644697740873797,0.08768185075798728,0.0211579105935627,-0.24782555108711032,0.1906275249124697,-0.21361683868405557,0.07313105123090197,-0.1467961856418356,0.3303382070325517,-0.0772895963335418,-0.4396499701004715,-0.16315830316752408,-0.36343949567940403,-0.09333217691391218,-0.2623617432109811,-0.3661628634162151,-0.16347327529933764,-0.060200760497929856,-0.2394600738586825,-0.07675460019080921,0.5906932582269352,0.2937576175325357,0.1665408299743914,0.3165935535703689,-0.14778401128421897,0.3630469217180132,0.5298525108756682,0.17651677340722244,0.216136615738564,0.37719601765669863,0.06413015196264156,-0.03491717145896005,-0.03324736267899775,-0.07342959003409916,-0.002173764190863982,0.07452149342438615
#13,0.37467076282598477,0.47168765720076505,0.7579051157864946,1.0,0.3163607480816371,0.42609429991737685,0.22158426417488714,0.2084759457152378,0.13749218275687347,0.6215970456526999,0.34822314634335616,-0.022498139838496897,0.0836419908064656,0.05843235174626941,-0.07721108154126363,0.09910666599716068,0.5949887477347113,0.6222178602893179,-0.2095185491196757,-0.07661035208406561,-0.0035833786010672536,0.019352070371164987,0.2961240168532915,0.14280014789995754,0.08847978015858163,0.21040686182766002,0.1258135638868474,0.38795071827340494,-0.041085147466300265,-0.011522502248170651,0.1636969511610603,0.008421167953183272,0.065948773662852,0.19353257222676168,-0.12302263691016903,-0.19861594854542217,-0.1597456485915268,0.013138446228779323,-0.15166866757658615,-0.02479241510588085,-0.38522004683498656,-0.33655274413763825,-0.24915938959313816,-0.14026485047953366,-0.06893050984402033,0.2368736505270077,0.06897615797906577,0.2288824880059525,0.20283201029821926,0.3341324800175289,0.16070060757667745,0.2842801517344009,0.13824081217161874,0.15524839432684978,0.012928464807570287,-0.007942775497907032,-0.01687702848900108,0.05608695056763456,-0.3016757430375182,-0.03639799695983421,-0.1399900487065601,-0.25273455152989727,-0.2811751655886099,0.013274477671214743,0.13058105511099344,0.10919946865570807,0.06104525099627055,0.09891768271807255,-0.07845453673990149,-0.006261098202832923,0.30043137487617944,0.31682544609639973,0.17781409340521392,0.24335203385265694,-0.030387963499751217,0.06526952941337581,-0.05426193812851776,-0.011278741207027987,-0.274823684078387,0.20128636444558057,-0.11780870692527856,0.08416511843408638,-0.14797755937681167,0.2988592531052144,-0.05101087795058133,-0.4124847649349286,-0.20716036646322813,-0.2659670329168702,-0.057534909411276,-0.1879872367814413,-0.22702734779770573,-0.0827244632920522,0.045108574089205586,-0.30663952124235966,-0.19844613748305312,0.36192854240939987,0.3100786517366833,0.157279736336372,0.23183409641799085,-0.0896127668704095,0.3044977107460275,0.3859440262568073,0.041007545636723014,0.17343552429165507,0.3072183395947359,0.05079907060397047,0.054645382462899475,-0.12767600779670146,-0.13568725549717667,-0.095056763455929,-0.03300360163785509
#17,-0.048119525076802984,0.1796984484198898,0.44855135643433286,0.3163607480816371,1.0,0.6567899318473344,0.19906603915697024,0.13333272469153273,0.17661080856541606,0.09310850105218951,0.3663116763364633,0.47060305751208537,0.28472841642054714,0.36273103662349876,-0.3669133187563622,-0.21892389086443872,0.11294991943104164,0.309821196255027,-0.4216938196989962,-0.251063829787234,-0.2071868423815545,-0.2659715977303747,0.27385411769002177,-0.008253182816216044,0.14440057151465077,0.35216623224858146,-0.18603532252689817,-0.04320048204430608,0.2919955995197816,0.3955766957140966,0.18850032181935206,0.10778802832010298,-0.24001515518083508,0.5403123245399809,0.2636417169176553,-0.07094541852492617,-0.13840605842048323,0.06330483368101997,-0.10486380878909192,-0.11609690186107446,-0.3434392217905937,-0.3585706655954571,-0.15439842605230364,-0.08250626520653499,-0.12063067463378783,0.3768162251731206,-0.03303190348158326,-0.18382412686529692,0.14943008303395766,0.08905038184664965,-0.24185021020966188,-0.13158622704469408,-0.29192621435451255,-0.16654995960140048,-0.11845964933102658,-0.12809688360182045,0.16418629916874747,0.19672428982913903,-0.09894050678559528,-0.015263823396495136,0.04308636170669247,0.00903741777629675,0.0897771001565731,-0.17033784184747133,-0.2621353284611557,-0.22000118685151118,0.38575413001501824,0.32357041453071433,-0.1644273213217874,-0.24611374602290623,-0.02057452742768194,-0.15682690683672118,0.23637060807880694,0.09135104785293997,0.2201783016154875,0.2390273295384517,0.250082394883757,-0.06354311694595717,-0.028862402826532522,0.29850319765185995,0.058474348030511214,0.5670383946463867,-0.1693664495337043,0.37521945340923096,0.07957200308581393,-0.29812066628017914,-0.0841578147324791,-0.13035737924927077,0.24805926953854301,0.1527240524588368,-0.020850242163356417,-0.1770572473261605,0.020516097814823775,-0.2845038275961236,-0.10786106533617569,0.19032533425846887,0.3229240369384709,-0.28637996594649123,-0.16656456700461503,-0.2620632044077839,-0.14495656579950425,0.15876056183724613,0.3029338056393706,-0.20255264371174117,0.046205955255698025,-0.3010238876690693,-0.0640927204919043,0.1755015588838118,0.27180086457567776,-0.025759242606143325,-0.04613565712772805
#18,0.10276673346510429,0.04938306545486084,0.4259317925566151,0.42609429991737685,0.6567899318473344,1.0,0.32376578854870885,0.09965718250580873,-0.037145713411878556,0.3799531650134434,0.17389839638101584,0.42238036765007964,0.6502914633422652,0.0025718159284602426,-0.3475292946906654,-0.3066468249439669,0.4378240446986538,0.4404095550676277,-0.5998000611685009,-0.47481090260057424,-0.2363450451231815,-0.381409340521393,0.17306029662158154,-0.09625730940762416,0.18689807227925703,0.4006317701890289,-0.10783276349244751,-0.04512683334322376,0.5417922370781542,0.5164785202700544,0.35470883337061265,0.2201171331145266,-0.10959660743060343,0.279971880748812,0.27497523588673783,0.017680435665800874,-0.2960053317021733,-0.08221685603034688,0.15613214222132954,-0.16289445694696142,-0.24607357566406624,-0.28637996594649123,-0.22251274724171144,0.11324937119693974,-0.32512153815955847,0.29241373643679786,0.03715484303888764,-0.11138510136168386,0.32804301880246683,0.07925794391670128,-0.15273865986205135,-0.08656073256127121,-0.07507474882113692,-0.05085476132872591,-0.07242167921229578,-0.08252543742325408,0.13557313515956307,0.044390985406291224,0.06310398188682001,0.10888814837469815,0.11361090442649965,0.0689688542774585,0.07753700922548809,-0.04365057265585415,-0.07635928734131567,-0.21987611096148668,0.3846467062588158,0.40479031529166876,-0.26769892316049426,-0.2911447182825346,-0.046428718154719786,-0.09886473088141984,0.07916299579580677,-0.18796623863932038,-0.001146681152341521,0.16024777807702667,-0.024810674359899025,-0.21849479839501157,0.03096130407592198,0.3040394034701712,0.23227688332793164,0.7267055284456354,0.11564498532412458,0.2282425011526154,-0.15981138190599223,-0.2691359264517248,-0.08088940826322541,-0.044198350276399456,0.2686794451012704,0.16835853871190093,0.15972282452400408,-0.22304135264553768,0.08677436583328388,-0.3562645218129613,-0.19896104844636572,0.059064121935298336,0.234016077273163,0.11630597031958259,0.057154203964997013,0.15646172175635764,0.0927560974496387,0.12907557961719474,0.3161498536977272,-0.021971360360072488,-0.04230486563471449,-0.08953151319002862,0.20597716680285028,0.15608375519818138,0.1282977353960204,-0.06487421656388229,-0.06973117813271738
#26,-0.06983251699251827,0.34369485134684824,0.23799294279832198,0.22158426417488714,0.19906603915697024,0.32376578854870885,1.0,0.02120721057941178,0.15493342219503622,0.5193990879502618,0.4078460014516107,0.3584665878475535,0.4899250001141203,0.3566963531704912,-0.04773516777972036,0.08769737112390273,0.198597689291404,0.26701237520941085,-0.24816517321184842,-0.0877877544312927,-0.25239127755435553,-0.16521794702077447,-0.18365157691482514,-0.06436752226487787,-0.08555282173946784,0.01630277495012941,-0.18870391250165475,0.0007404127504370809,0.12485860490169674,0.223438491420433,0.1077268598191421,0.22746465693144108,-0.06794268420163695,0.2728133402109857,0.08205708755768783,0.1710892101503193,0.20909949923995855,0.16786553885341016,0.057493826089735106,-0.014823775374657068,-0.07612648185258392,-0.08270163922452949,0.16593736162909065,0.08754216746474823,0.06446886112467876,0.1640265306960884,-0.037206881912839454,0.07111979440079975,0.044338033569638516,-0.07701479456056823,-0.15880986182309523,-0.11927309909753638,-0.1314218937585305,-0.10813951895995288,-0.13940118776447388,-0.22851547700018715,-0.1310594475662697,-0.29380326566758114,-0.21104045794209078,-0.11230993257770454,-0.10264257053778068,-0.10617756211569976,0.09421683777109287,0.117523862562595,-0.2509834890695541,-0.24554588322294094,0.3550548462342571,0.39767468400078515,0.006622631432392829,0.03762501882985571,0.12910570738632474,0.18252589390460452,0.05153217965280028,0.07279690688236932,-0.11668302391505796,-0.05203978691450561,-0.09677587222174037,-0.15507767030177982,0.009154277002013083,0.17242304865634714,0.22133867720834266,0.30870281694641366,0.050201992997576085,0.3165789461671543,0.31200956784910555,-0.27408509725335173,-0.08877466711097518,-0.11159964759639746,0.008856651161516797,0.29892042160617527,0.1441768956529281,0.059063208972597425,0.11306038791785161,-0.20630400744977564,-0.069484678203472,-0.07319404565726467,-0.0010179534115133727,-0.015362423368193292,-0.08719250275030013,0.032955214614706914,0.09278257336796505,0.03757115403050208,0.39566434013338386,-0.12705884501088707,0.1010056284150511,-0.08925762437975597,0.05125281306632218,0.051394322284963045,0.07538241725134319,-0.04372269670922595,-0.05044484107601784
#49,0.6544582251092131,0.3054992308289245,0.15291486166332674,0.2084759457152378,0.13333272469153273,0.09965718250580873,0.02120721057941178,1.0,0.5410308261855962,0.4076579311352235,0.5578375565466273,0.2146402698717744,0.10324512592038053,0.260099421638129,0.17694586587664962,0.021066614323471816,0.26257172463219014,0.06443416854204422,-0.26161402675893675,-0.3003336878671822,0.24349171714589601,-0.017989017058708066,0.2699785910246637,-0.005652152081326718,0.38226296064674276,-0.08978257793277855,-0.19644583620536182,-0.36595562088310885,-0.0383252612214528,-0.22633532207041682,0.1260801489955128,-0.05036084850753422,0.16721916126116668,0.03831430566904189,-0.13796874928674788,-0.17716771581297047,-0.01232043164876499,-0.23679148388392593,0.1234517293795962,0.19237310959660744,-0.13122012900162963,-0.28759420633870003,-0.16387315296233573,-0.35041334386283646,0.08742896008983553,0.21384690528468459,-0.3708089306011403,-0.418751340913967,-0.06256989870678833,-0.19735697298086888,-0.016443371206069375,-0.0013009718487951175,-0.004489037600368837,-0.06822113782541414,0.30415534973318664,-0.01378664974642461,0.2934353416991149,0.12836346871048585,0.17849881543089557,0.3864333742644944,0.08575276057096687,0.13135798636946688,-0.17062177324745398,-0.08628684375099856,-0.19854930226825582,-0.19813573016474412,-0.08390309813892553,-0.34019455235156365,0.03477474927761826,0.03238004811313434,0.21831494474293253,-0.036718446867853215,0.3086562558486673,0.05713320582287611,0.1606330483368102,0.0011950681754896904,0.22129029018519447,0.16480254899186095,-0.1770590732515623,-0.2040809432730626,-0.3577453473138355,-0.2103931673871464,-0.0970771499130403,0.13044319774315621,0.11954059716890267,0.2859800882834932,0.12008380997594344,-0.054507525095062244,-0.17345652243377596,-0.17089840094582937,-0.3955839994157039,0.26923361346072205,0.03562928236566895,0.07329355859166374,0.12971739239593366,0.2976760534448365,-0.10975181108975793,0.07327621230034646,0.22732862548900565,-0.10088603030123204,0.08437327392989359,0.2797828974697239,0.001969260545860399,0.19726476374807708,0.18912844015757735,0.03854528523237183,0.1365545700630401,0.185255652380322,0.22559490931997972,-0.14447817334422802,0.01744397832626548
#50,0.22717889960605658,0.4597652772895963,0.15959592270857775,0.13749218275687347,0.17661080856541606,-0.037145713411878556,0.15493342219503622,0.5410308261855962,1.0,0.23673853204727321,0.5209264745488823,0.04173061209584283,-0.05973241063236361,0.42505808725184535,0.2730726216180438,0.24068800869140491,0.10039576933084399,0.17242670050715078,-0.14518115462392783,-0.18805662194671036,0.35549215536799245,0.030032821009097672,0.3076246079966403,0.016195958314123078,0.35873317295621887,-0.013925420076962756,-0.22247257688287145,-0.26185870076278034,-0.11312794715771887,-0.1998466222662473,0.02475224474704086,0.03256355361601702,-0.15420761684781367,0.09823569958049364,-0.19319203713932268,-0.24701301428330147,-0.039914729283735115,-0.2635111632514254,-0.22108304765208817,-0.06706989185956808,0.025536479707121567,-0.2778465035810962,-0.062114330319034815,-0.2150766660428088,0.007057201678025444,0.0018405328050322505,-0.39097627666421686,-0.34757676875111265,-0.18693185189919065,-0.23508333067052545,-0.1759050883976135,-0.014069668183706354,-0.21119840048934801,-0.15696019939105388,0.27153884428051694,-0.18002163721601153,0.21782103192174085,-0.008097979157061539,-0.1698831864224187,0.03129910027525826,-0.09398951005856655,-0.0840026110733246,-0.05431123811436684,0.005383741047259514,-0.46056229372748975,-0.22956447114353143,0.07341498263088461,-0.057448177954689664,0.11143440134753295,0.07603975039599757,0.2250243076319117,0.08679262508730205,0.2977965645213565,0.20477205603765058,0.25520776748665935,0.09054124993723381,0.2485869619796683,0.046727256957916984,-0.10144202458608553,-0.12629195634212365,-0.22758425504526011,-0.17355877425627775,-0.24370991523141322,0.12197912054303021,0.18663331309599346,-0.05005500600272976,-0.07553396905969406,0.0007175886829143595,-0.045740344278234514,-0.11335162301944154,-0.20123889038513332,-0.019447931454760415,-0.10044689524209488,-0.06933312639512113,0.009513071343470262,0.36300857728457503,-0.004521904257601556,-0.0943336969968092,-0.011554455942702461,-0.1566114476393067,0.0389232517905481,0.2050422929971196,0.15119575289751538,-0.06632400133292554,0.27135442581493335,-0.14778857609772353,-0.15997023741595037,0.05253552566109911,0.16509561001885267,-0.21678755814431203,-0.044553492767053005
#51,0.41972729804123854,0.4446876982840866,0.49456741544824184,0.6215970456526999,0.09310850105218951,0.3799531650134434,0.5193990879502618,0.4076579311352235,0.23673853204727321,1.0,0.5477447538880799,0.20724253310630994,0.3337727727133708,0.16544162288249714,0.11297183053586346,0.05540861928085928,0.6446146612680139,0.4697558281256419,-0.2747123026288761,-0.2328383553889906,-0.0013940940442878206,-0.1263065637453382,0.16418173435524291,0.05448743991564225,0.039227268369950746,0.021979577024380668,0.06913957830252845,0.12547576768751112,0.0034884304801727326,-0.04916760625744635,0.29534891152021986,0.12189421501184569,0.2995594954968115,0.174047209301264,-0.10858230586989369,-0.08684648988665568,0.01158823556263609,-0.08823693208013987,0.09293960295252138,0.10628346578900519,-0.2928784344515605,-0.2951681449054399,-0.1432812792433365,-0.152221010010636,-0.0038043155746871962,0.22596557217654872,0.08952420948842135,0.13976819877023924,0.29621257423527964,0.18695376300401248,0.19201431525515025,0.09444416548361917,0.19371790365504618,0.011637535548485166,0.07657931135223471,-0.10681937489443868,0.02660008125368038,-0.13770946787968977,-0.18064153888992865,0.14234092766140038,-0.12523200664636847,-0.1377432474996234,-0.2533964494880562,0.14336161996101648,0.04478264640498113,-0.051055613122925864,0.11202052340151643,0.09572779104109702,-0.06373940392665257,0.032974386831426,0.3339188467455162,0.272519366221293,0.05094240574801316,0.07099654443617706,-0.1704592658866922,-0.040320084722938646,-0.10545084380577631,-0.0982110495875691,-0.14667110975181108,0.09348098983416032,-0.10819338375930651,0.07732976669238179,0.017265950599588253,0.2220024010919034,0.05285141075561358,-0.16582689314228066,-0.001817708737509529,-0.2537862845613442,-0.20815823469532152,-0.07453336193949796,-0.25193114435309744,0.11808533462365395,0.08327132794989661,-0.17832078770421833,-0.06195090999557213,0.2711937443795734,0.036607978381043245,0.24761009188969585,0.27476068965202427,0.02156509195816805,0.2714438961596224,0.2935814157312603,0.251875453628342,0.22159430676459713,0.303911588692044,0.1335673561056663,0.2633395262636545,-0.03537182688401266,0.0039020025836844436,-0.07363865849260728,0.004973820794551439
#52,0.27526373210022503,0.6021262901304167,0.4946797098604537,0.34822314634335616,0.3663116763364633,0.17389839638101584,0.4078460014516107,0.5578375565466273,0.5209264745488823,0.5477447538880799,1.0,0.36046141134903936,0.1239675533056097,0.5269009024636299,0.03456385489370832,0.09254429010302784,0.24664143846403155,0.3412015502106661,-0.19682928053974355,-0.16894009595237985,0.0556167747766665,-0.08461520904563444,0.28744356749305006,-0.008921471513281326,0.2124144668069586,-0.059773493953904515,-0.05801695371735588,-0.034597634513641944,-0.20808519767924882,-0.11305125829084253,0.10034281749419127,0.028885226894055243,0.14059443001456176,0.37762237123802306,-0.08495483117037253,-0.04003524036025508,0.023538917317532992,-0.03327475156002502,-0.1648810637841391,0.12369640338343978,-0.4127294389387722,-0.30537689382700267,-0.15373744105684561,-0.40565397800672853,0.1704200084905531,0.3488211369124514,-0.09679047962495492,-0.13743192721861347,0.10562704560705172,0.024031004213322864,0.0743315971825971,0.049875152350650716,0.021950362217951585,-0.08327315387529842,0.18923890864438733,-0.17055421400758672,0.246296338563088,0.0763309854975875,-0.09732821465579024,0.11517480953315652,-0.06814262303313598,-0.17405086115206764,-0.2509688816663395,-0.13966594694773746,-0.14660902828814928,-0.1461151154669576,0.058131074054969485,-0.10990427586080971,0.051405277837373954,0.04075556793127217,0.41195250768029873,0.27419191388935804,0.44258788407199623,0.24277138957487893,0.13714069211702357,0.08069038239442727,0.2632655762848809,0.0878379673798427,-0.13406948559116616,0.04410157623010312,-0.30999557213090057,-0.05893995900797473,-0.1702757603838095,0.3393783636969512,0.27423025832279624,-0.20595525569802844,-0.12655123774918176,-0.3788923023549873,-0.22605047770773326,-0.20427631729105708,-0.4470467939032351,0.06741773064861435,-0.029949741403314967,-0.06848863589678043,0.0745589248951234,0.5043370293106675,0.02544427047432977,-0.11648308508355891,-0.0038910470312735375,-0.2694700708002575,0.062359004322878386,0.3850173691153848,0.23592051746725887,0.0031497213181355477,0.2695358041147229,-0.00643912592951015,-0.14441517891786532,0.10018852679773768,0.22687853487745757,-0.02591718515340056,0.05835657584209397
#53,0.002401091903390287,0.009567849105524794,0.11342283411011243,-0.022498139838496897,0.47060305751208537,0.42238036765007964,0.3584665878475535,0.2146402698717744,0.04173061209584283,0.20724253310630994,0.36046141134903936,1.0,0.6245130485194027,0.4111865319742362,-0.18221731251169734,-0.19672428982913903,0.23948289792620522,0.09146334226515175,-0.518815704784381,-0.31388935805027685,-0.23291687018126875,-0.27641680399147295,-0.061215062058639594,-0.0948915172070645,0.016892548854916534,-0.03342630336837588,-0.28119525076802987,-0.28190097093583244,0.1383741047259514,0.07352271222959186,0.2834128371685375,0.3578932472713827,0.13378281530308078,0.38634025206900174,0.2946011950681755,0.2773818055663336,0.23951302569533522,0.017535274596356367,0.3341927355557889,0.07573938566739856,-0.3328461155719483,-0.31283945094423166,0.2368928227437268,-0.20575622982923034,0.18000063907389063,0.27039033720277356,-0.1697371123902733,-0.22193484185203613,0.036357826600994216,-0.22087215326817822,-0.09719400913875664,-0.23487973998822279,-0.1446945455043434,-0.2599168290979472,-0.11342283411011243,-0.16942579210926337,0.06419314638900428,-0.08818124135538442,0.19139715246933586,0.0845074794469272,0.3302560403894699,0.28984557235914127,0.05704373547818704,-0.09570405401087338,-0.36478976751404824,-0.33246723605107115,0.34761511318455085,0.1394760507059484,-0.12739481528482155,-0.04713626424792415,0.023958880159951065,-0.08208721532681783,0.05220685908877193,-0.09324179360652221,-0.07085138336673255,-0.016394071220220297,0.18994371584948896,-0.1255223287852575,0.08809359693609718,0.07767851844412897,0.1866661797532262,0.34340818105876286,0.12809597063911954,0.6320011685922572,0.3909799285150205,0.18510775242277477,0.2524597497569237,-0.19772398398663424,-0.20112842189832333,0.34624475617048667,0.012651837109194904,0.23908667211401077,0.27701388159786733,-0.02815668265872998,0.05667307262161805,-0.03045643570231938,-0.13250649344721022,-0.06292230230933915,-0.11893986771170464,0.018970451962185084,-0.0619061748232276,0.20048204430607988,0.3808652147516513,0.03500207699014457,-0.08538483660250061,0.08949225579388954,-0.004552032026731548,0.4021317679066222,0.3585706655954571,0.1814522497683357,0.03198747415174353
#54,0.07706226862101549,-0.01505475493798701,0.08301843728174485,0.0836419908064656,0.28472841642054714,0.6502914633422652,0.4899250001141203,0.10324512592038053,-0.05973241063236361,0.3337727727133708,0.1239675533056097,0.6245130485194027,1.0,0.17909680599999087,-0.19858399485089037,-0.26925369864014204,0.32782208182884687,0.22331432849310942,-0.6092117936521704,-0.34241670356557585,-0.25454130471499586,-0.30277312420401065,-0.0870126490982211,-0.1477009316784363,0.06425887970346972,0.030583337517745713,-0.2160754472376031,-0.18696197966832065,0.3788512190334464,0.23077049487143203,0.2880232988081272,0.35019971059082383,-0.09415384334473015,0.06942077081440838,0.2628045301209219,0.24166305285597556,0.025081824282068958,-0.12804484472786865,0.3449036139628516,-0.15217079706208603,0.01995371279106392,-0.1818950366782765,0.31731479410408686,0.12171344839706574,-0.12957405725189097,0.24758270300866858,-0.08462433867264353,-0.12877521488859572,0.1451756768477224,-0.15687803274797207,-0.22875832507862892,-0.048553182359734694,-0.11180689012950376,-0.02424189859723281,-0.11044566274244866,-0.17443339252374845,0.031773840879730855,-0.13018391633609808,0.17337526875339507,-0.026325279480706815,0.29730356466286567,0.21040686182766002,0.23241565365846978,0.07571656159987583,-0.2359013452505398,-0.27447310640123795,0.4966416667047068,0.2848041923247226,-0.2828778410258049,-0.2176311356799518,-0.06120319354352778,-0.10417908676341028,-0.07867273482541871,-0.3225579388954064,-0.13856491393044137,-0.001405049596698727,-0.00960345465086024,-0.230830750409692,0.0867561065792657,0.010483550694536374,0.4074196478702863,0.4990792771161334,0.18770604426956136,0.3536297114581384,0.17383540195465313,-0.06797555085886967,-0.038493246358420025,0.13082116430133248,0.043537365280941445,0.43455472526669925,0.33679559221608,0.0015520365915450524,0.17225780240748265,-0.26890859873919853,-0.19234298182747744,-0.16667229660332228,-0.11328771563037793,0.18367622690774968,0.11656799061474343,0.29744416091880566,0.12421770508565873,0.09849498098755176,0.3025211464985598,-0.07451327676007796,-0.23055960048752208,-0.010999374620549878,0.09653211118059772,0.3247125308695513,0.19746744146767883,0.03382344214327124,-0.09467331912154729
#58,0.10093715621248293,0.34404908087480085,0.21853953356735611,0.05843235174626941,0.36273103662349876,0.0025718159284602426,0.3566963531704912,0.260099421638129,0.42505808725184535,0.16544162288249714,0.5269009024636299,0.4111865319742362,0.17909680599999087,1.0,0.1702949326005286,0.16636188928501325,-0.010050806374305579,0.1465770745936175,-0.1207612283000178,0.0393559961107789,0.008444904983406902,-0.014984456810017028,0.06835899519325138,-0.07419100092665715,0.26319253926880815,-0.08892804484472787,-0.1366805589157655,-0.018485668768002485,-0.3080956967503093,-0.23428631423263202,-0.04133256035824656,0.3262061378482382,-0.026801846010581238,0.43857906485230547,0.127309909753637,0.1594891060725714,0.19599118078030922,-0.002562686301451154,0.006350568547521991,0.2099293823350847,-0.127801083686726,-0.2498431986561189,0.3571829622900756,-0.31408564503097225,0.1386516453870277,0.1823980791264773,-0.08065660277449364,-0.054324019592179563,-0.09204398654292979,-0.21654471006587026,-0.06480026658510867,-0.05254465528810821,-0.2667430512126427,-0.13862699539410317,0.0644734259381833,-0.11992678039138711,0.07850566265115239,0.011923292873869638,-0.12342707938667166,-0.13047149958688437,0.062347135807766574,0.11202508821502098,0.12854697421336853,0.09569035957035975,-0.34809076675172435,-0.09745602943391747,0.4486271323385083,-0.08061734537835456,0.1667772873139268,0.27146215541364055,0.33405853003875524,0.24619591266598803,0.316091424084869,0.35001529212524024,0.2977974774840574,0.2761493059201066,0.4474494104543359,0.1805538944706414,-0.08429658506301725,-0.06440495373561513,-0.13781993636649975,-0.13064587546275797,-0.16203718497080802,0.38559618746776103,0.5748506164780638,-0.05720898172705154,-0.07960486974304665,-0.08472659049514532,-0.24234868784435812,0.09597794282114604,-0.07327073452414101,0.0522972423961619,-0.05777410563891412,-0.1729425244331643,-0.11997060260103073,0.18868474028493565,-0.13533759078272858,-0.08859937827240068,0.0009796089780752008,-0.0493063765879845,0.12343073123747529,0.24124856778976295,0.30701383594973225,-0.023407450688602116,0.22454682813933638,0.06582826258633204,-0.21647349897519938,0.32266384256871183,0.41830672807862435,-0.1370612643620445,-0.15065801786668007
#101,0.20481040047108875,0.13256218417196566,-0.21471239392514618,-0.07721108154126363,-0.3669133187563622,-0.3475292946906654,-0.04773516777972036,0.17694586587664962,0.2730726216180438,0.11297183053586346,0.03456385489370832,-0.18221731251169734,-0.19858399485089037,0.1702949326005286,1.0,0.6716821794245597,0.014181049633217235,-0.13687867182186272,0.20173645505712864,0.015695654754025023,0.4290331268516025,0.25250996270547366,-0.018930281603345096,0.08931240214181049,0.30588358812600713,-0.09307837328305953,-0.14277184605622936,-0.3217326206137848,-0.21118288012343256,-0.38502375985429116,-0.01570752326913684,0.24192781203923913,0.017559011626579996,-0.003860919262143545,-0.014833817964367066,0.13472316688501693,-0.037711750286442046,-0.024526742959916373,0.09558445589705433,0.13402292449341982,0.21360314424354193,0.06903367462922302,0.1811527980024376,-0.041240351125454766,-0.15170153423381888,-0.18278608827436355,-0.14565772115380227,-0.22837122889344355,-0.3276970059388224,-0.4343748716146202,-0.12218088529993107,-0.09769887751235923,-0.14211177402347228,0.026189248038271395,0.24766121780094674,0.241348080724162,-0.06271597273893376,-0.14234092766140038,0.015299428941830581,-0.017646656045867248,-0.041228482610342954,0.03176014643921723,0.10309266114932875,0.5166145517124898,-0.21743302277385457,-0.04005258665157235,0.05291805703277993,-0.2079792940059434,0.4880881191598917,0.6824724855866013,0.2804785750478164,0.31625119255752804,-0.027950353088324578,-0.004178630282059826,-0.020271423810980203,-0.16145562773032907,-0.03219745557295257,0.02619289988907503,0.08870528194570611,0.013143924004984776,-0.16076268904033925,-0.3912127340037523,0.15455636859956087,-0.1781208488727193,0.09857897355603537,0.06413928158965065,-0.10508109391190823,0.032579073981932466,-0.23694942643118316,-0.1790584615665527,-0.06830239150579503,-0.1116872920156847,-0.21288372963522575,0.013929071927766391,-0.08670680659341663,0.056243980152190884,-0.13556948330875943,0.13694531809902907,0.09784403858180374,0.14481870843166703,0.052081783198747414,-0.08551539026873058,0.0324476073530016,-0.03621631738235334,-0.05496400644551667,0.08764898410075457,-0.08952603541382317,0.0035085156595927275,0.06247221169779109,-0.2896757612967722,-0.18870573842705657
#102,0.10514317537557002,0.3483701333382025,0.008316177242578755,0.09910666599716068,-0.21892389086443872,-0.3066468249439669,0.08769737112390273,0.021066614323471816,0.24068800869140491,0.05540861928085928,0.09254429010302784,-0.19672428982913903,-0.26925369864014204,0.16636188928501325,0.6716821794245597,1.0,-0.040607667973724934,0.0794980531070403,0.17123984899596928,0.18828942743544214,0.2630838967074,0.5581981768134863,0.0055864187668612795,0.4688474302382376,0.18251676427759544,0.21199815581534417,-0.17828244327078016,-0.1377122067677925,-0.20423888582031982,-0.19852008746182676,-0.10030629898615492,0.13065226620166434,-0.050901322426472266,0.1594580653407405,-0.038133539054261936,0.1515481565000662,-0.14191913889358052,0.29891768271807256,-0.08632884003524036,0.09873874202869441,0.11804790315291669,0.1420433018209041,0.0032172805580028027,0.07190585528628228,-0.2136296201618683,-0.0896328520498295,-0.07789215171614164,-0.14698699484632555,-0.3550831480779853,-0.3414955242003588,-0.052903449629565384,-0.06483678509314501,-0.08997430009996941,0.0046451542222242515,0.03263841655749154,0.3208023116215587,-0.22953160448629872,-0.08170833580594065,-0.04810217878548572,-0.20994307677559834,-0.11910967877407369,-0.12652932664435995,0.13319486732369548,0.5233184368252635,-0.16054357799212113,0.03144608727010458,0.09746881091173021,-0.03874704998927269,0.51256647509666,0.756839688314534,0.37078062875741213,0.40498934116046686,0.017118963604741928,0.031967388972323534,-0.05654160599268717,-0.17308585957720699,-0.08581575499732959,-0.015671004761100484,0.032572683243026104,0.35528399987218523,-0.10892740577083723,-0.27468856559865246,-0.019170390793684124,-0.08860029123510159,0.0033450953361300424,-0.1952252050742467,-0.309561001885268,-0.017007582155231047,-0.10673264343785234,-0.27094267963682345,-0.07487115813883424,-0.2529792255337408,-0.24163840286305102,-0.09650837415037408,-0.10931815380682622,0.027542258761018318,0.23125619102831554,0.09010485376619938,0.0029826491438692273,0.10476246992929104,0.08808903212259263,-0.1338969356406944,0.002232193803722149,-0.07725216486280453,0.07214322558851859,0.09475822465273182,-0.1425572998215158,-0.09175183847863895,-0.15465679449666084,-0.22332893589632397,-0.153743831795752
#201,0.4221722121542724,0.2681444489585378,0.5539355539629428,0.5949887477347113,0.11294991943104164,0.4378240446986538,0.198597689291404,0.26257172463219014,0.10039576933084399,0.6446146612680139,0.24664143846403155,0.23948289792620522,0.32782208182884687,-0.010050806374305579,0.014181049633217235,-0.040607667973724934,1.0,0.611528892987077,-0.3980636061113723,-0.28735866196186555,0.03249051659994431,-0.13212852688903395,0.12626456746109638,-0.08872628008782701,0.09166875887285625,-0.009656406487512953,-0.0012124144668069585,0.08140340626383709,-0.006552333304422848,-0.15718570117817837,0.5239584236786006,0.3401589468062282,0.35152350650714165,0.08110304153523808,-0.15529952023810067,-0.011468637448817029,-0.01128330602053253,-0.21637581196620212,0.23653768025307326,-0.004995731899373251,-0.2973556035368175,-0.3250302418894676,-0.09539273372986347,-0.08205800052038874,-0.05881944793145476,0.1858846836812482,-0.009711184249567484,0.07968338453532481,0.17576266621627173,0.09488695239355996,0.270866903732648,0.3036669146882004,0.2413891640457029,0.24345885048866328,0.07208936078916496,0.08251083002003953,-0.05261860526688182,-0.1131315990085225,0.006616240693486468,0.18573313187289733,0.024609822565699078,-0.0024156993066048287,-0.3166592868848343,0.0027891010512765503,0.000909310850105219,-0.008563590134525054,0.1437112846754646,-0.010667969160119964,-0.0550598675291121,-0.015343251151474207,0.36397266589673477,0.3421592480839195,-0.029739759982105932,0.02989313771585862,-0.23734930409418123,-0.02874280471271346,-0.11004122026594604,-0.09602906873239694,-0.15128431027950354,-0.02014543495825478,-0.002539862233928433,0.03956871642009066,0.17149547855222375,0.300255173074904,-0.00036335915496172406,-0.0834146630939393,0.07656652987442197,-0.21853496875385156,-0.24612744046341986,0.0012845385201787581,-0.1461050728772476,0.1366988181697837,0.12073201349358872,-0.1599647596397449,-0.15746506776465646,0.30981389255341973,0.01804927259696805,0.5624334107830025,0.48606042900117313,0.1978874043100969,0.4882615820730644,0.5175850310635559,0.3249234252534613,0.4285830362400544,0.2278681864452428,0.30817695043069016,0.24203280274984365,-0.02760525318738103,-0.0526058237890691,-0.04442111317542122,0.015409897428640552
