,#10,#11,#12,#13,#17,#18,#26,#49,#50,#51,#52,#53,#54,#58,#101,#102,#201,#202,#301,#302,#401,#402,#501,#502,#601,#602,#701,#702,#801,#802,#901,#902,#1001,#1002,#1101,#1102,#1201,#1202,#1301,#1302,#1401,#1402,#1501,#1502,#1601,#1602,#1701,#1702,#1801,#1802,#1901,#1902,#2001,#2002,#2101,#2102,#2201,#2202,#2301,#2302,#2401,#2402,#2501,#2502,#2601,#2602,#2701,#2702,#2801,#2802,#2901,#2902,#3001,#3002,#3101,#3102,#3201,#3202,#3301,#3302,#3401,#3402,#3455,#3501,#3502,#3601,#3602,#3701,#3702,#3801,#3802,#3901,#3902,#4001,#4002,#4101,#4102,#4201,#4202,#4301,#4302,#4401,#4402,#4501,#4502,#4601,#4602,#4701,#4702,#4801,#4802
#10,1.0,0.6945172024996918,0.48974240757393855,0.50174786709089,0.2589801293668147,0.20897259742453222,0.15459927784650357,0.8152638233964952,0.2666818827116818,0.6533699735697298,0.514259107944145,0.1734702168742896,-0.000137857367837237,-0.09911488266146887,0.01308640735482752,-0.24828385836296657,0.45121994640908947,0.3217691391218212,0.0764250206557811,-0.016188654612515806,0.08463346829965261,0.03812440942725285,0.2131968758416375,0.1040056238502376,0.39077633783271787,0.1698923160494278,0.23407907169952571,0.33773868268611884,0.14771827796975354,0.1719948691496209,0.28798951918819354,-0.038398298237525504,0.17821123218010929,0.11686926830604336,-0.0015009106802941566,-0.18814426636599763,-0.03424705683649294,0.04330638571761151,0.138278243642356,0.01730977280923188,0.01294946294969119,-0.06968005222146649,-0.2792898976112331,-0.3689117941086517,-0.25279389410545633,-0.23720049117393308,-0.09900989195086435,0.11036167017396505,0.05847069617970758,0.07643141139468747,0.02637823131735953,0.04913291367481182,0.1049121958122401,0.12715835794528615,0.14192644259518777,0.09983429726978504,0.11630140550607805,-0.15879342849447886,-0.14019090050076005,-0.1451555916683024,-0.021360588313164466,-0.00688465172755367,-0.0787238607366696,-0.2353462639283872,0.34461329182396255,0.46334500403985995,-0.20020176475690085,-0.1858536429494173,0.2654119515947176,0.24206201755627274,0.2905330332729256,0.3999479611260482,-0.011162794944012563,0.28409025549261185,0.03329301081404319,0.083517827879142,0.14905942017738866,0.07558053015744041,0.011471376336919754,-0.08063560463237275,-0.15156185094057983,-0.08229354489722322,-0.33985949504033014,-0.04090620677692213,0.10017483235722405,-0.020048660911958442,-0.21551488813924508,0.023861193150953818,-0.05018190781815609,-0.08067668795391364,-0.1265959729215263,0.09997306760032319,-0.20360985451939362,-0.02488736322677537,-0.19739257852620432,0.3243080883930487,0.27780085544605077,0.04940771544778538,0.1967407231577554,-0.04247924151058809,0.07328625489005647,0.25681732072836166,0.24393998183204224,0.1782933988231911,0.08117425262590897,0.1377003382526807,0.08182884688246062,0.05488731757864033,0.02066399777237101,-0.2865716881136821,-0.39256209287569555
#11,0.6945172024996918,1.0,0.25823149995206945,0.23273062579028334,0.21850484098472156,0.17523953858865096,0.4538118475169697,0.7742900573797058,0.6026804584898684,0.5616418721213144,0.6625698987067883,-0.054185249261641415,0.24349810788480236,0.09616510017483236,0.10718638590020405,-0.11780961988797947,0.13381842084841625,0.06076405848439062,0.14122254835278705,0.1144298319692149,0.14424354193009445,-0.01870204092811788,-0.009409906558267562,0.02796496049153912,0.15220457668201964,-0.002138158645528537,-0.015104967886536995,0.06772996389232518,0.21710070435072376,0.20119872002629333,-0.018067531850986227,-0.24058758279430495,-0.13292189147612374,0.036812482026046825,-0.10555674747908174,-0.16348514381444945,-0.1489096942944396,0.13480350760269688,-0.08400169811062369,-0.06035048638087891,-0.01934202778145499,0.03525040284479178,-0.08341648901934111,-0.06601268105191563,-0.1226583647925064,-0.09514988565142171,-0.2555072192525574,-0.19895648363286117,0.014999977175932478,-0.00047017579096806,-0.21521178452254333,-0.1185646400416311,-0.11506799289715018,0.0013749218275687348,-0.020371849708080175,-0.022698078669995937,-0.07214139966311676,-0.11462246709910666,-0.1457672766779113,-0.04653644775342703,-0.028288149287660852,-0.011641187399288802,0.10712613036194406,-0.0537406364262988,0.08070772868574455,0.26105346766057874,0.04914021737641908,0.18105784988154308,0.2926447160001278,0.29736199427572385,0.34461876960016796,0.32352111454486526,0.11027219982927597,0.09895146233800618,0.029632943346099595,0.06045182524067979,0.03760767253853844,0.030477433844440287,0.22954621188951324,0.11608685927136447,-0.2911684553127582,-0.14192279074438413,-0.3341662596374625,-0.2782810738267288,0.1879790201171331,0.021131434675236344,-0.08516024777807703,-0.227314931048492,-0.057087557687830665,-0.17859011170098646,0.08818763209429079,-0.13782906599350883,-0.09924908817850246,0.03640621362414238,-0.03026745242323125,0.2218809770526825,0.1579626324366518,-0.2759238041329821,-0.16329981238616495,-0.23819653348062464,-0.13279772854880015,-0.05216668872993194,0.03152825391318638,-0.18775625721811134,-0.21213053540697593,-0.18995467140189987,-0.16145288884222636,-0.03525679358369814,-0.06210793958012845,-0.1710563434930866,-0.2211159143093209
#12,0.48974240757393855,0.25823149995206945,1.0,0.7876576572464132,0.17226967092259446,0.4550187842075712,-0.015246477105177868,0.18617957063364177,-0.26974030775972646,0.5317633418086704,0.07650536137346109,0.09055403141504653,-0.015146051208077894,0.011848429932395111,-0.5428750108414321,-0.45280576262056815,0.7071434766532614,0.8021052919882958,-0.5012530413069974,-0.5090406131457499,-0.4238812783303738,-0.23765697252438753,0.4030027343232892,0.1851524875951193,0.15487590554487896,-0.07858782929423419,0.44013110144385054,0.666769527130969,-0.04862348048770467,-0.08075246385808908,0.3683594516746018,0.11783883469440856,0.38471335253598216,0.02471390031360269,-0.11704638307001967,-0.15204754709746332,-0.23202125377167715,-0.3509921622152127,-0.0004108332154089845,0.03159581315305363,-0.20233444562622394,-0.34696508374150375,-0.3586856988957716,-0.36008161886546125,-0.09160667740919445,-0.1660450912277979,0.12016597661902523,0.4551621193516139,0.2748912433182542,0.4382969593777246,0.34960811076063486,0.461731798947354,0.3547636111326672,0.6030310361670174,0.02005870350166844,0.04722482162991231,0.17199669507502272,-0.35799823798198727,0.08705099353165927,0.134772466870866,0.1307298680312416,0.2642251000835361,-0.16746748711581388,-0.2889937781591933,0.619020664910735,0.5123592325635536,-0.05862042206265663,-0.2360903285296279,-0.1357447721473339,-0.025503613049888848,0.24678294768267242,0.33436345958085884,-0.2899733871372685,0.4496587801905353,-0.1937708554916989,-0.015183482678815157,-0.05250722381737094,-0.05589614136314461,0.02432863005381915,-0.22367038394646388,0.0826623818283904,0.05644026713288629,-0.04999566342717068,0.17085549169888664,0.03129544842445462,0.04739098084147772,0.15766957140966006,0.10214591882848627,-0.1251233640849603,0.008164625434227885,-0.12270766477835549,0.22070142924310826,-0.0826212985068495,0.15623804589463497,-0.08478319418260168,0.5531613615925721,0.20164515878703776,0.5700949937690296,0.4744018953105671,0.3525524154710659,0.5757316254844408,0.6756161357027759,0.30997183510067694,0.5452660601551124,0.4262522424646341,0.37818749514988564,0.4525729571318364,0.2362747469952115,0.17504325160795556,-0.2219330159266343,-0.25038641146315965
#13,0.50174786709089,0.23273062579028334,0.7876576572464132,1.0,0.20000547777620545,0.4412914770367057,-0.08170285802973519,0.23476196779980554,-0.21263266489247581,0.5703844029452176,0.027794236466469162,0.07299136793766291,0.012241003893785919,-0.11878831590335377,-0.30732059141723767,-0.3017661263449082,0.6645318555510414,0.583643360250517,-0.24745488823054135,-0.27188303121875956,-0.2641949723144061,-0.037960076141089254,0.2728343383531066,0.25876558313210113,0.19500244217522494,0.12386895333391154,0.3959108400626292,0.594681079304505,0.005560855811235832,-0.06978139108126738,0.3475703780122063,0.22089497733570096,0.4551182971419703,0.16230468304217432,-0.009457380618714822,-0.07070257044648441,-0.05285597556911813,-0.2012681051915624,0.20985908420711472,0.1887605161891111,-0.12732634308225338,-0.2036080285939918,-0.30366782765090133,-0.40164515878703777,-0.23922544244454894,-0.0835899519325138,0.2250453057740326,0.5452222379454688,0.25510825455226027,0.3068285045214478,0.3029730630355097,0.3209182578845741,0.3235859348966298,0.41162566703337333,0.06552972378313485,0.1285862316095076,0.08052513614556277,-0.24413718177543856,0.004490863525770655,0.06074853811847517,0.04655835885824885,0.1999872185221873,-0.06331761515883269,-0.21355749610849648,0.5223899537584392,0.43148260577814096,-0.10634919910347063,-0.383943724979116,0.04616578489685804,0.0667001419657,0.19972885007783006,0.3411385557843034,-0.24084777716406397,0.36527455070823084,-0.10694992856066865,0.11999251370585255,0.01810313739632167,-0.02657634422345675,-0.1805630240976505,-0.18407427864534595,0.1306796550826916,0.026629296060109463,-0.1428896182446466,0.13757708828805798,0.008450382759612357,0.0013603144243541931,0.04553127581972639,0.10474968845147832,-0.12835342612077583,-0.03163689647459453,-0.10825455226026741,0.23162046314597817,-0.10084677290509296,0.045634440604929084,-0.12620978969904184,0.3178087069252786,0.20009677404629633,0.453027612556889,0.48518398480830066,0.3263896433511209,0.46124792871587234,0.478019053531568,0.40583017980800395,0.49533065226620165,0.475524839432685,0.46330209479291723,0.48924301697654143,0.1520658063514815,0.1890407957382901,-0.24703492538812327,-0.22513751500682438
#17,0.2589801293668147,0.21850484098472156,0.17226967092259446,0.20000547777620545,1.0,0.5152058502649874,0.08401265366303459,0.23449629565384106,0.050757074319728666,0.21408701447502362,0.21700666919253014,0.4179315004085508,0.1970730415808862,0.1510560696042763,-0.0019464364783376776,-0.07566634865132585,0.22610251658168506,0.20599360013146664,0.09220831982909339,0.09600259281407059,-0.087013562060922,0.05302304774338444,-0.035789050838328,0.14632053207466209,-0.13400101338859802,0.14939721637672493,-0.02249722687579599,-0.03410098280434753,0.3928323298351646,0.41920417041361774,0.21254045565968402,0.399048692865653,0.20789164958665612,0.258446046186783,0.2876918933476973,0.3965581306175736,0.184224004528295,0.3150077373588902,0.14962819594005486,0.2778054202595553,0.21170052997484787,0.2842719350700927,0.13702657177940994,0.0851985922115152,-0.15725234745534472,0.01811135406062985,-0.07099654443617706,-0.15326817822857847,0.10289089639242789,-0.1781601062688584,-0.22766916057644465,-0.21730520799572733,-0.1841007545636723,-0.15513062213843254,0.017071489544294667,0.07580238009376127,-0.20791264772877704,-0.16229737934056704,-0.14314250891279837,-0.043448807898953286,-0.10409509419492667,0.12252963705167826,0.2855920791356069,-0.14849794811632971,-0.10176338745680545,0.06106807506379327,0.3136045136875933,0.004671630140550608,0.2521283442964938,0.1851214468632884,0.08287145028689853,0.03306294421341416,0.020388283036696535,0.20729639790566357,0.06297251525788913,0.1426814627488394,0.08184345428567516,0.06396216682567434,0.17575079770115992,0.2837086370836319,0.05685201331099618,0.30045511190640306,0.014594621736728946,0.22588157960806513,0.5437715402137245,0.12399676811203879,0.20996772676852288,0.11716506822113783,0.22442175224931185,0.3022819502709217,0.22497774653416536,0.2744155897510807,0.04704679390323508,-0.15942976349701232,-0.09735377761141568,-0.041684050998096474,0.31751108108478227,-0.06342899660834357,0.03181401123857085,-0.10632820096134972,-0.1752313219243428,0.23139404839615277,0.4897670575668631,0.12207589458932655,0.08044936024138734,0.04057936612999676,-0.016346597159773036,0.07768856103383896,0.06666271049496272,-0.31580749268488634,-0.3561622699904595
#18,0.20897259742453222,0.17523953858865096,0.4550187842075712,0.4412914770367057,0.5152058502649874,1.0,0.17111659903134657,0.05759151309873235,-0.06625096431685283,0.28690035468600933,0.1728211003939434,0.14224780546590768,0.4683288674241214,0.2209716662025773,-0.3700466067458814,-0.2051974966562741,0.2757393856673986,0.49422961924890557,-0.2672734825418708,-0.17341452614953415,-0.3304514144074644,-0.16137619997535002,0.004410522808090675,0.075404328356165,-0.1763259642027325,-0.12231965563046922,0.030372443133835768,0.22659825532827857,0.384564539615734,0.23602276928976065,0.21159462630154244,0.29982699356817777,0.10646605832918696,-0.013696266439034634,0.0720628848708386,0.3452176731319642,-0.056799974437044376,-0.09677587222174037,-0.0760625744635203,0.08748647673999278,-0.10152601715456915,-0.14587500627661856,-0.14693769486047648,-0.07776251101261258,-0.28751569154642187,-0.15076939931619093,-0.07902696435337134,0.2170441006632674,-0.05712955397207247,0.06828961002798231,0.04841715091729927,0.07644145398439747,-0.09569857623466793,0.11380627844449415,-0.18686703154742612,-0.12240182227355101,-0.08373054818845375,-0.2668151752660145,-0.09739851278376022,0.03908575915130987,-0.0006363350025334715,0.20882013265348046,0.09292499554930683,-0.08163986360337248,0.1373013735523835,0.05035628369402968,0.18672643529148616,-0.050695905818767775,0.041539802891352874,0.1393610174056339,0.2504238429338969,0.23015424504831855,0.0409445512103603,0.3097855907096916,-0.009436382476593919,0.05208452208685014,0.026263198017045013,0.1140600820753468,0.27796884058301796,0.2160343639160622,0.0022331067664230577,0.2904362592266293,0.1717812358776082,0.1586227044694089,0.3450807287268279,0.17022919928606317,0.2878169692377218,-0.04519895739659556,-0.07526647098832777,0.06733647696823346,0.07616208739791935,0.31349861001428786,0.05352335130348249,0.03696677272250042,-0.006872783212441855,0.12530686958784298,0.1588911155034761,0.19711503786512802,0.23276988318642242,0.05575189325640101,0.19727845818859072,0.3946591681996832,0.37855724504375377,0.2329752997941269,0.22267616756517414,0.01049541920964819,0.19863329483673944,0.0799088863224493,0.17263759489106073,-0.2942277933235038,-0.3597410837780223
#26,0.15459927784650357,0.4538118475169697,-0.015246477105177868,-0.08170285802973519,0.08401265366303459,0.17111659903134657,1.0,0.3167944053645688,0.4850671255825843,0.43761680216554755,0.6396381015853597,-0.09263376044771691,0.5993755335125783,0.4561755079496227,-0.03221754075237256,-0.10682211378254142,-0.08625854190727038,-0.09629930569186596,0.005865785353339389,0.19626050477707732,-0.08317546686630117,-0.19682836757704264,-0.24578690537598086,-0.04264266183405077,-0.2592257163333592,-0.21164483925009245,-0.29918791967754155,-0.1704702214391031,0.1897401251671863,0.0848160608398344,-0.34929587751692404,-0.14503873244258605,-0.3235548941647989,-0.033754969940703074,-0.17359529276431412,0.08550352175361875,-0.07112618513970612,0.09951476032446695,-0.13672529408811002,-0.14205973514952047,-0.24859883049478013,0.038160014972588294,0.057731196391971405,0.12836803352399037,-0.035657584209397124,-0.06688182154318086,-0.32639877297812997,-0.21053467660578726,-0.33163096221703864,-0.06688182154318086,-0.2197364276682476,-0.024828933613917203,-0.266198925442901,-0.08296731137049396,-0.24018587920590503,-0.18259893092067725,-0.22134232905914628,-0.10928437418689259,-0.20409828956437984,-0.035081504745123636,-0.06992016141180551,0.0156518325443814,0.2550598675291121,0.18160288861398569,-0.25980727357383815,-0.1899793213948244,0.14960537187253214,0.5684041868469464,0.1630569643077232,0.3528984283347104,0.2780227053823716,0.16980832348094418,0.18574591335071006,-0.04714813276303596,0.05279389410545632,0.09404063596981746,0.04152519548813833,0.039953073717173285,0.4958994280288679,0.2859536123651668,-0.15904905805073333,-0.04591928496761265,-0.21130613008805527,-0.2569761762383198,0.29266114932874415,-0.08595635125326954,-0.027347797705724732,-0.3969077953320217,-0.1693445384288825,-0.14379436428124728,0.22235297876905238,-0.10891279836762269,0.019822246162133045,-0.05297831257103991,-0.050323417036796964,0.02153222530093533,-0.06841651184340863,-0.27643688917089293,-0.2039074803598899,-0.2492242099449027,-0.07679385758694829,-0.17330223173732237,-0.14325023851150562,-0.18454080258551037,-0.12797545956259956,-0.30869825213290913,-0.0714849794811633,0.009494812089452085,0.1624461922608152,-0.1872459110683033,-0.1304733255122862
#49,0.8152638233964952,0.7742900573797058,0.18617957063364177,0.23476196779980554,0.23449629565384106,0.05759151309873235,0.3167944053645688,1.0,0.532619700822123,0.5972474174567598,0.6433492949645542,0.15255515435916867,0.14353599583689008,-0.0543486695851041,0.21399480524223183,-0.18407884345885048,0.22800147899957549,0.044259518777360354,0.24279786549320528,0.11401352097760047,0.2764149780660711,0.005216668872993194,0.049980143061255235,0.0038453988962280946,0.23875800554168358,0.00012964070352905732,0.023558089534252077,0.021639041936941668,0.18613666138669904,0.19918655023349022,0.12520187887723846,-0.2009896515677852,0.06010398645163352,0.0603705715602989,-0.07793597392578526,-0.19664394911145905,-0.0897771001565731,0.15269757654051044,0.04082495309654124,-0.08781605627502088,-0.01840806693842523,0.0589983886208329,-0.17384818343246586,-0.1911333062487732,-0.20873796601039865,-0.21399754413033456,-0.20630309448707473,-0.0997685639553196,-0.011375515253324326,-0.01755353385037454,-0.10563708819676172,-0.06208785440070846,0.004523730183003373,-0.0387589185043845,0.1285962741992176,-0.05555378035030379,0.06748894173928524,-0.10669795085521781,-0.17248878197081258,-0.21849388543231066,-0.013462547987601967,-0.051811546239278396,0.03779756878032748,-0.1458056211113495,0.14311055521826654,0.267411339909708,-0.10949709449620436,-0.027092168149470252,0.37413302779514945,0.27277864762835113,0.34215103141961134,0.33959473585706657,0.15480378149150717,0.1018409892863827,0.10937932230778712,0.1217928761520448,0.1435597328671137,0.03244212957679614,0.09158841815517627,-0.011322563416671611,-0.26019984753522896,-0.15458284451788723,-0.36597022828632336,-0.18706697037892517,0.20503407633281143,0.029344447132612396,-0.25248713863795097,-0.15390360026841104,-0.11874084184290651,-0.13469395207858784,-0.05141714635248577,0.014923288309056133,-0.2531828162160435,0.003775100768258113,-0.26206959514669026,0.18830951261486212,0.078970360665915,-0.20441143577079157,-0.03845764081308458,-0.1712015045625311,-0.11437596716986127,0.016935458101859247,0.1506005012165228,-0.03598898966982704,-0.07599318929825122,0.023711467268004764,-0.09119493123108455,0.024924794697512635,-0.03838095194620824,-0.1840076323681796,-0.30617664915299886
#50,0.2666818827116818,0.6026804584898684,-0.26974030775972646,-0.21263266489247581,0.050757074319728666,-0.06625096431685283,0.4850671255825843,0.532619700822123,1.0,0.19153135798636947,0.644794514920093,-0.17659985301300515,0.19074621006358786,0.1530636745835749,0.38290751231358444,0.1290618851766811,-0.23203860006299443,-0.2855382143362533,0.3619349331483062,0.2489567118735364,0.3151775484212592,-0.02229728804429695,-0.26650841979850914,-0.14438961596223987,-0.05812833516686676,-0.12324174795838716,-0.411548978166497,-0.36822068134406366,0.17339352800741326,0.23961892936864065,-0.2675227213592189,-0.32077492274053143,-0.4271935070092711,0.08720984904161741,-0.10434981078848024,-0.14607038029461306,-0.008010334737774289,0.31046483495916777,-0.18259345314447178,-0.11060817010321043,0.06097495286830056,0.22744183286391834,0.024342324494332785,0.18214884030912917,-0.041301519626415664,-0.08292257619814943,-0.25501330643136577,-0.2661797532261819,-0.1734811724267005,-0.18274591791552355,-0.3075634394956794,-0.26017154569150075,-0.2732186956501892,-0.2977582200879183,-0.2164890193411148,-0.2053727854948486,-0.3364614478675474,-0.13213856947874394,-0.17500855902532103,-0.11114681809674666,-0.14954602929697308,-0.25051696512938965,0.196123560371941,0.13038020331679348,-0.25094149278531225,-0.19563512532695476,0.15716196414795475,0.3824336846718127,0.3098020240383079,0.2522123368649774,0.19188284862621938,0.07009453728767912,0.2454509351020464,-0.21734811724267006,-0.04731885678810592,-0.1184003067554675,-0.1783262654804238,-0.10722838218444586,0.3321148324485203,0.2659706847676738,-0.2756298301432895,-0.15722769746242019,-0.23184961678390628,-0.3648107656561691,0.06862101548841222,-0.0202814664006902,-0.17745621202645767,-0.37120972122683926,-0.07641223917796838,-0.29484313018391634,0.20055051650864805,-0.3293001684416183,-0.05207082764633651,0.012381600149725882,0.09516266712923444,-0.10662765272724783,-0.09796454965832371,-0.5229760758124227,-0.3613652444229391,-0.39184906900628574,-0.3616838684055563,-0.3332733821159736,-0.2217038622887062,-0.43068102452674295,-0.3713439267438729,-0.44178538985789734,-0.32063158759648874,-0.28607047159088317,-0.24827381577325658,-0.049856893096632535,-0.041467678837981074
#51,0.6533699735697298,0.5616418721213144,0.5317633418086704,0.5703844029452176,0.21408701447502362,0.28690035468600933,0.43761680216554755,0.5972474174567598,0.19153135798636947,1.0,0.600510346149808,0.12346998863361437,0.24948714320276444,0.04554497026024002,-0.14590604700844947,-0.37111477310594476,0.5651312155641881,0.34410933641306085,-0.07131973323229879,-0.11100348295270397,-0.07427864534594439,-0.11420980795829587,0.24599962568529263,0.1380308307504097,0.22703739038741572,0.020891325484897316,0.26208146366180207,0.3408235836524899,0.11321741750240794,-0.13282511742982742,0.17738317501038495,0.002653069608841131,0.27729507410974724,-0.031168546609028288,-0.15574961084964875,-0.14374689022080003,-0.08573906613045323,-0.14912424052915318,0.21788859116160808,0.029010302784079758,-0.17078519357091665,-0.14251804242537672,-0.1755307736902409,-0.2963641260436305,-0.03869592407802179,-0.13348336353718268,-0.012259263147804096,0.2022988400808885,0.11594078523921905,0.21458549210971986,0.07599684114905486,0.21359675350463556,0.19949147977559376,0.2792798550215231,0.15408801873399464,0.045691044292385435,0.08988391679257944,-0.1897099973980563,0.012911118516253019,0.03594790634828614,-0.025153948335440754,0.11471376336919756,0.009416297297173923,-0.13250284159640657,0.2932116658373922,0.34217294252443314,-0.12465136236859044,-0.04677838286916788,0.1383823213902596,0.1768427010914469,0.2915902440805781,0.3442398900792908,-0.10047245819772033,0.26619801248020014,0.0066874517841573585,0.1493433515773713,0.07964960491539118,-0.009775091638631104,0.15510688510820891,-0.12436469208050505,-0.04629177374958346,-0.05182980549329657,-0.31724723486421963,-0.00014698699484632556,0.14627305801421484,-0.015482021482012352,-0.061422304591745906,-0.12869670009631756,-0.16610078195255332,-0.06250599131772472,-0.006806136935275509,0.23575892306919802,-0.11767541437094588,0.03947742014999977,-0.19137432840181315,0.36582232832877615,0.11390213952808959,0.14459411960724344,0.2543267584802823,0.05243601272670005,0.15933846722692144,0.3106583830517604,0.21751153756613273,0.31566324457814277,0.20752920339439532,0.14615802471390033,0.15840085453308805,0.10749496729311124,0.10578224926620623,-0.26207415996019484,-0.26330300775561816
#52,0.514259107944145,0.6625698987067883,0.07650536137346109,0.027794236466469162,0.21700666919253014,0.1728211003939434,0.6396381015853597,0.6433492949645542,0.644794514920093,0.600510346149808,1.0,0.06403520384174705,0.40439956725567977,0.30781359127572844,0.12273505365938274,-0.12834155760566401,0.07432246755558802,0.015361510405492383,0.15870213222438798,0.1278859892179105,0.10307531485801148,-0.14637987465022118,-0.03564845458238804,0.01841810952813523,0.060705628871532455,-0.13490484646249778,-0.23953037198665247,-0.13930623964357935,0.19809099499239957,0.06925187271474025,-0.19119812660053773,-0.2112193986314689,-0.24739645861768317,-0.05657264672451807,-0.20864393085220503,-0.10192772074296905,-0.09985346948650413,0.08886413745566425,-0.03824492050377282,-0.09140217376419087,-0.1151510725029329,0.04685781062414695,-0.001191416324686055,0.004569378318048816,-0.017968931879288073,-0.07620225775675935,-0.358742302583228,-0.18231499952069458,-0.2200870053453966,-0.1480752463858089,-0.31196939749026553,-0.17339991874631963,-0.28140888404004255,-0.1313616382202705,-0.11410299132228953,-0.13249006011859385,-0.1347542076168478,-0.17353686315145594,-0.10242619837766528,-0.06454737591695692,0.015933025056261325,0.06638882168469007,0.21679029703241473,0.08233371525606321,-0.09590673173047515,-0.004321965426102517,0.10292102416155788,0.319977906302638,0.30801444306992837,0.32455915313579864,0.3291303573792493,0.2773124204010645,0.15839994157038714,-0.0059643853250375455,0.01089347094724445,0.023471358077665736,0.03143239282959095,0.008198405054161513,0.4468240310042133,0.20819475320335787,-0.23975587377377697,-0.14704816334728646,-0.31448552269397034,-0.17309407624151515,0.3053458530951718,0.11690761273948153,0.006807962860677327,-0.356397814367294,-0.1566114476393067,-0.13546084074735126,0.1312776456517869,0.051698338864365694,-0.0445324946249321,0.08512281630733977,-0.054513002871267695,0.23104438368170468,0.07436355087712891,-0.353773959564882,-0.09217271428375794,-0.36972067906165695,-0.2518371091949038,-0.14728644661222365,-0.06758297689747886,-0.16925871993499705,-0.16251375150068245,-0.36003779665581764,-0.25435506032401045,0.002639375168327498,-0.025833192584916943,-0.09972200285757325,-0.17325475767687512
#53,0.1734702168742896,-0.054185249261641415,0.09055403141504653,0.07299136793766291,0.4179315004085508,0.14224780546590768,-0.09263376044771691,0.15255515435916867,-0.17659985301300515,0.12346998863361437,0.06403520384174705,1.0,-0.05679084481003529,0.33546905741165944,-0.14016077273163005,-0.2478136825719985,0.19608521593850284,0.07796610169491526,0.02547713713156249,0.05289797185335993,-0.0833224538611475,-0.1544468130754518,-0.10072352294047027,-0.07810761091355613,-0.041457636248271076,-0.07159088315446872,0.049109176644588186,-0.053453053175512515,0.14057617076054357,0.14169546303185784,0.13741823277809986,0.17881470052541004,0.26108542135511054,0.0020715123683621908,0.2878717469997763,0.2118064336481533,0.18344616030712066,-0.0746511341279152,0.22614177397782415,-0.05903216824076652,0.09469705615177092,0.04796340845494757,0.2007833219973798,-0.08838574500038801,-0.1721509857714763,-0.13254392491794748,-0.057397052043438763,-0.13862243058059864,0.035385521324526284,-0.21909917970301324,-0.1765231641461288,-0.12252233335007098,-0.077558007367609,-0.25786996672250956,0.08071685831275363,-0.1524255136556396,0.024127778259619204,-0.22830823446708085,-0.211919641023066,-0.3168847886719588,-0.03828235197451008,0.11589239821607088,0.1289687629811884,-0.09475092095112454,-0.15519270360209433,-0.02237762876197693,0.26260185240132017,-0.0568958355206398,0.14715406702059186,0.08193201166766331,0.0674341639772307,0.05933253296936554,-0.01528390857591513,0.1871317907306897,0.08874636526724701,0.24323882647774425,0.2092601806753185,0.051575088899743,-0.06348103548229538,-0.03377140326931943,0.354755394468359,0.3182259308795939,-0.05163443147530208,0.5903490712886925,0.5140892968817758,0.1994211816476238,0.09784221265640192,0.33506917974866135,0.15497907033008165,0.5784979024681947,0.06922539679641389,0.4725476680650212,-0.16632354485157508,-0.22637001465305134,-0.39754413033455516,-0.08159330250562613,0.03733469669096669,0.06604280882104561,0.02111591430932089,0.001021605262317008,-0.16143097773740453,0.19572550863434474,0.27702757603838096,0.1867410426947007,0.08684375099855296,0.18056850187385595,-0.04397741330277952,0.2768248983187792,0.13548001296407036,-0.19591996968963832,-0.3042210830476521
#54,-0.000137857367837237,0.24349810788480236,-0.015146051208077894,0.012241003893785919,0.1970730415808862,0.4683288674241214,0.5993755335125783,0.14353599583689008,0.19074621006358786,0.24948714320276444,0.40439956725567977,-0.05679084481003529,1.0,0.28792378587372813,-0.12829499650791767,-0.08784527108144996,-0.12453085129207046,-0.032828312799280585,-0.07810213313735068,0.0828376706669649,-0.09969187508844327,-0.07440006938516527,-0.09344447132612398,0.05514659898569844,-0.19989409632669458,-0.127309909753637,-0.11932605093418909,-0.039043762867068066,0.38137556090145935,0.051605216668872994,-0.17340539652252507,0.052527308996790936,-0.23177110199162812,-0.011102539405752577,-0.24046341986698133,0.27162648869980416,-0.08544417917805969,-0.04217066011768089,-0.10710330629442134,-0.0008344479086306929,-0.24800996955269392,-0.05655164858239717,0.08032884916486736,0.17480314241761652,-0.11374876179433689,0.005425737331501321,-0.23226501481281983,-0.11817206608024029,-0.23854893708317546,-0.0820945190284251,-0.14387926981243182,-0.012663705624306718,-0.2576161630916569,0.011909598433356006,-0.20849055311845235,-0.12231417785426377,-0.12728069494720792,-0.02990774511907316,-0.22316186372205762,0.0031369398403228235,-0.08858294494378433,0.031129289212889207,0.2260961258427787,0.21356297388470194,-0.1170792497272524,-0.15294316350705492,0.056355361601701764,0.24775616592184127,-0.0018450976185367947,0.1728530540884752,0.14592430626246763,0.0372945263321267,0.1331008321655019,-0.0601541994001835,0.05264508118520818,0.0032136287071991673,0.010809478378760836,-0.017648481971269062,0.44937393582785173,0.36700005021294857,-0.1774498212875513,0.058040690747579504,0.03609945815663701,-0.21052737290418,0.3549799832927826,-0.04326347647066879,0.02537214642095797,-0.4179123281918317,-0.14161238342607513,-0.10972716109683339,0.1613752870126491,0.0029315232326183314,0.04152519548813833,-0.12983059977084635,-0.003926652576608983,-0.05048501143485783,-0.011330780080979791,-0.21964878324896037,-0.0841979850913191,-0.19092241186486325,-0.0213331994321372,-0.07629172810144842,0.07769951658624986,-0.14219485362925496,-0.038747962951973594,-0.27317030862704106,0.010372169245025495,0.019025229724239617,0.14878827025521874,-0.19506726252698947,-0.14856185550539333
#58,-0.09911488266146887,0.09616510017483236,0.011848429932395111,-0.11878831590335377,0.1510560696042763,0.2209716662025773,0.4561755079496227,-0.0543486695851041,0.1530636745835749,0.04554497026024002,0.30781359127572844,0.33546905741165944,0.28792378587372813,1.0,-0.20881739376537772,-0.25520046378505207,-0.15826208420254992,-0.02092693103023276,-0.138268201052646,-0.0010982941291933519,-0.19458156637010596,-0.42870719916737804,-0.4557801951001292,-0.2501307819069052,-0.46396399275107614,-0.3689300533626699,-0.33321403954041456,-0.27900414028584863,0.05354982722180885,0.16726846124701575,-0.35915404876133783,-0.07997918445041928,-0.33316017474106097,0.024158818991450105,0.13263430822533745,0.18235516987953457,0.07367335107524182,3.0127769129992193e-05,-0.10922594457403442,-0.15357949850958838,-0.13626516088685198,-0.05664568374059078,0.08916541514696417,0.017997233723016245,0.004947344876225081,-0.029734282205900478,-0.26145608421167954,-0.20818105876284423,-0.11632605549900259,-0.03807054462789923,-0.17020637521854046,0.003798837798481743,-0.22930884158727696,-0.2296128581666796,-0.34074963367371625,-0.4133429498737829,-0.20754289783490895,-0.31003117767623606,-0.19428485349231056,-0.08661916217412938,-0.047449410454335886,0.1456531563402977,0.3746534165346675,0.03803767797066651,-0.41242268347126676,-0.31801594945838485,0.6265069590581877,0.4289929564927625,0.16452957314428918,0.23791534096874473,0.1790685041562627,0.0742165638822826,0.12437382170751414,0.0986748346396308,0.13978737098695831,0.16056640205964384,0.15828399530737172,0.085611251352326,0.3299931071316081,0.19169386534713123,0.053310630994170737,0.13628615902897287,-0.13398640598538347,0.1475977668932336,0.4525437423254073,0.19194219120177844,0.24895397298543367,-0.10482455139295284,-0.04929359511017178,0.16206913866533984,0.2751149191799769,0.05634714493739358,0.005841135360414851,-0.020921453254027306,-0.10988692956949243,-0.17481592389542924,-0.15684060127723481,-0.2511030871833731,-0.32047364504923154,-0.16620394673775604,-0.06093478250946058,-0.11705277380892604,-0.15178096198879795,-0.17129006194451926,-0.21508944752062154,-0.31375606549594415,-0.12305824245550448,0.20094217750733795,0.2183322910342498,-0.20061807574851528,-0.1583561193607435
#101,0.01308640735482752,0.10718638590020405,-0.5428750108414321,-0.30732059141723767,-0.0019464364783376776,-0.3700466067458814,-0.03221754075237256,0.21399480524223183,0.38290751231358444,-0.14590604700844947,0.12273505365938274,-0.14016077273163005,-0.12829499650791767,-0.20881739376537772,1.0,0.49913222895278614,-0.3884491959081012,-0.514879922580763,0.612901988889244,0.4060593334459321,0.5351358260258278,0.1517325749656498,-0.1999479611260482,-0.0759813207831394,0.03836999639379733,0.07777072767692075,-0.3522127933463278,-0.5578037769266937,0.1148844873942675,0.14634518206758662,-0.12522105109395756,-0.179656452135648,-0.08487631637809437,0.13201349358871944,0.1574157677788074,-0.06537817197478397,0.3478853501440199,0.5321248750382304,0.2276125568889883,-0.1109961792510967,0.2795500919809921,0.3222575741668074,0.15473987410244355,0.15355667444206567,-0.05817672219001493,-0.040497199486914964,-0.04280790808291527,-0.36513669334039356,-0.0386447981667709,-0.43106903367462923,-0.18935211601930002,-0.38006180757485153,-0.08978349089547946,-0.5048555921247837,0.19905690952996116,-0.08270072626182857,-0.19836579676537314,0.08168003396221248,0.04803370658291756,-0.33869090278316677,-0.13868816389506405,-0.21100576535945623,0.23839555934942278,0.2174147635198364,-0.34954420337157127,-0.18394646386721872,-0.003209976856395532,0.17241026717853442,0.44118648632610113,0.2983114754846691,0.016974715497998328,-0.015544102945674154,0.2038773525907599,-0.17535365892626456,0.1979896561325987,0.031139331802599205,0.03568223420232167,0.05354617537100522,0.029994476575659502,0.15395016136615738,-0.23337243856902226,-0.270616751952599,-0.07938941054563216,-0.2061853222986575,-0.021106784682311804,-0.09466145060643548,-0.18797354234092767,-0.18816617747081943,0.05132128526889034,-0.23414206612588842,0.11168364016488107,-0.20336974532905458,-0.2318003167980572,-0.04981033199888619,-0.09497916162635175,-0.3990003058425048,-0.04310918577421519,-0.48684466396125387,-0.3394431840487157,-0.13830198067257962,-0.43816731867419556,-0.5016839597018263,-0.08854825236114978,-0.29647459453044045,-0.24520534813550193,-0.10672716566164689,-0.24928355252046178,-0.15862818224561437,-0.20911228071777127,-0.01137095043981978,0.017032232148155586
#102,-0.24828385836296657,-0.11780961988797947,-0.45280576262056815,-0.3017661263449082,-0.07566634865132585,-0.2051974966562741,-0.10682211378254142,-0.18407884345885048,0.1290618851766811,-0.37111477310594476,-0.12834155760566401,-0.2478136825719985,-0.08784527108144996,-0.25520046378505207,0.49913222895278614,1.0,-0.28483432009385257,-0.30653361756905423,0.2220151825697161,0.3144617856637467,0.03906202212108624,0.33811117146808967,-0.04090985862772577,0.20711837017898635,0.035153628798495436,0.2310754244135356,-0.32607923603281186,-0.32601441568104733,0.02815485673332816,-0.04816426024914752,-0.134361633655457,0.03827504827290281,-0.15225844148137327,-0.0004546554250526095,-0.12198368535653475,-0.01838524287090251,-0.06958053928706742,0.2352120584113536,-0.1725417338074653,0.09338969356406944,0.1321659583597712,0.3174617810989332,0.2541889011124451,0.3348646761036578,-0.08470559235302441,0.24944697284392447,0.031249800289409175,-0.2714868054065651,-0.22560860376049335,-0.49149347003428173,-0.3662550726490069,-0.5390140915792885,-0.44393724294393955,-0.3380089196455879,-0.24708239944857052,0.13422195036221796,-0.22328511368668033,0.25472298429247675,-0.0803945824793328,-0.04787028625945487,-0.17803046556532934,-0.16518234147543903,-0.025479876019665216,0.5748834831352965,-0.18066618888285318,-0.27379660103986453,-0.15543920353133972,0.1752313219243428,-0.12129531148004949,-0.07922325133406674,-0.2665549808962555,-0.30207196884971266,0.01795432447607353,-0.31780779396257763,-0.2192005185628141,-0.14035158193612,-0.1308339457791452,0.1158531408199318,-0.0018797902011713312,0.30960299816950976,0.07538880799024957,0.002608334436496597,0.15937133388415417,-0.08029780843303647,-0.22113052171253544,-0.14352412732177827,-0.013667051632605549,-0.008473206827135078,0.12862183715484304,-0.0883537913058562,0.05496674533361939,-0.2868720528422811,0.2018551402082468,-0.1206370653726942,0.25932705519316007,-0.15045807903518102,0.08082184902335815,-0.13445566881365062,-0.012169792803115028,-0.18996106214080624,-0.379837218750428,-0.3130613008805525,-0.16372981781829304,-0.19556208831088207,-0.02644213870642315,-0.21907179082198597,-0.17585670137446535,-0.2906425887970347,-0.22782619016100097,0.22581402036819787,0.2951909689729626
#201,0.45121994640908947,0.13381842084841625,0.7071434766532614,0.6645318555510414,0.22610251658168506,0.2757393856673986,-0.08625854190727038,0.22800147899957549,-0.23203860006299443,0.5651312155641881,0.07432246755558802,0.19608521593850284,-0.12453085129207046,-0.15826208420254992,-0.3884491959081012,-0.28483432009385257,1.0,0.6885464264357479,-0.23752550589545665,-0.31419428759238044,-0.35625356626055044,-0.0906836721185756,0.4895762483623732,0.30934828157595623,0.37913697635883087,0.23712471526975765,0.4124692445690131,0.5126440769262371,0.1029748889609115,-0.08642013630533124,0.5416251649038879,0.3054389752906645,0.6062610982028329,0.06850963403890134,-0.014992673474325206,-0.06765783983895338,-0.05954707920407912,-0.26550689971561214,0.20256268630145116,0.2582050240337431,-0.00906206776922129,-0.2439847170043868,-0.1491580201490868,-0.24082312717113943,-0.1608402908699165,-0.2266000812536804,0.3423929665353522,0.30955643707176345,0.3030360574618724,0.1684069257350491,0.26539734419150307,0.24254497482505352,0.31440335605088854,0.393178342698809,0.097530892375392,0.23277170911182424,0.09012950375912392,-0.24424856322494945,0.11681540350668973,0.03522392692646542,0.025503613049888848,0.23217554446813077,-0.19946409089456651,-0.24468404643328298,0.5322654712941702,0.4969977221580612,-0.12895598150337567,-0.29979412691094504,0.00851885496218052,-0.009408993595566652,0.2698626447616483,0.3503074401895311,-0.2840847777164064,0.2962427020044096,-0.19153227094907038,0.076866894603021,0.014250434798486308,0.060250060483778935,-0.01917130375638503,-0.12172440394947664,0.13648792378587374,0.06806410824085782,-0.07248467363865849,0.2700132836072982,0.0017793643040713571,-0.06687086599076995,0.08106195821369717,0.235789050838328,0.018381591020098873,0.11477858372096209,-0.19449848676432324,0.36234120155021066,-0.12505306595699034,0.06432370005523425,-0.17509346455650554,0.5985812559627877,0.2939128211916902,0.6469153272743042,0.5942638553501897,0.34356429768061825,0.33075360506146523,0.721980946468432,0.451345022299114,0.7257341361318683,0.5499103014146357,0.5183619623220294,0.3893265530636746,0.21048537661993819,0.09265475858983781,-0.17427727590189304,-0.20948933431324662
