,#10,#11,#12,#13,#17,#18,#26,#49,#50,#51,#52,#53,#54,#58,#101,#102,#201,#202,#301,#302,#401,#402,#501,#502,#601,#602,#701,#702,#801,#802,#901,#902,#1001,#1002,#1101,#1102,#1201,#1202,#1301,#1302,#1401,#1402,#1501,#1502,#1601,#1602,#1701,#1702,#1801,#1802,#1901,#1902,#2001,#2002,#2101,#2102,#2201,#2202,#2301,#2302,#2401,#2402,#2501,#2502,#2601,#2602,#2701,#2702,#2801,#2802,#2901,#2902,#3001,#3002,#3101,#3102,#3201,#3202,#3301,#3302,#3401,#3402,#3455,#3501,#3502,#3601,#3602,#3701,#3702,#3801,#3802,#3901,#3902,#4001,#4002,#4101,#4102,#4201,#4202,#4301,#4302,#4401,#4402,#4501,#4502,#4601,#4602,#4701,#4702,#4801,#4802
#10,1.0,0.2916949152542373,0.019702839533348008,0.08174994497028396,0.3653510895883777,-0.0440634184808665,,0.5447325555800132,0.3431168831168831,0.040094651111600266,-0.04810697776799472,0.10219458507594101,,,0.2367620515078142,-0.0029451904028175214,-0.04985692273827867,-0.10602905569007263,-0.031001540832049305,-0.17475236627779,0.0005150781421967862,-0.19292537970504073,-0.03849658815760511,-0.15318732115342285,-0.18491085186000442,-0.01097952894563064,-0.035734096412062516,-0.150132071318512,,-0.15655513977547875,-0.10254237288135593,-0.1175346687211094,-0.04033237948492186,-0.030627338762931982,,0.12128329297820824,-0.21623376623376622,-0.051699317631521025,0.018496588157605107,-0.10235307065815541,,,,,0.11603565925599824,0.010383006823684789,-0.32273387629319833,-0.32419766674003964,-0.3583931322914374,-0.3642637023992956,-0.24488663878494388,-0.4122342064714946,-0.3063130090248734,-0.2976997578692494,-0.343827867048206,-0.24635042923178516,-0.2053334800792428,0.16066916134712744,-0.09723970944309927,-0.020002201188641867,0.14433414043583534,0.2713581333920317,,,-0.12181377944089808,-0.11938146599163549,,,0.16888839973585737,0.052416905128769536,0.32388509795289455,0.22032577591899627,0.47076161127008587,0.2778824565265243,0.2777041602465331,0.3137112040501871,0.3521879815100154,0.3404556460488664,,-0.0387145058331499,,,,0.14610829848117984,0.17534228483381026,0.33488663878494385,0.34252696456086285,,,,0.09610829848117984,0.05694034778780541,0.17972044904248294,0.030107858243451465,0.06605546995377504,0.06716707021791768,0.06336121505613031,-0.1736385648250055,-0.032117543473475674,-0.2610015408320493,-0.13929121725731894,-0.3172331058771737,-0.03367378384327537,-0.17486022452124148,-0.25902047105436937,-0.05625357693154303,-0.22928681488003522,0.23324014968082765,0.14080563504292318,-0.08282412502751486,0.033766233766233764
#11,0.2916949152542373,1.0,0.5763064054589478,0.2550297160466652,0.23430992736077483,-0.30128896174831865,,0.3672881355932203,0.5131609068897205,-0.1355359894342945,0.08986352630420427,-0.03441338322694255,,,0.12775258639665418,0.24022892361875411,0.0839555359894343,0.08118203830068237,0.2295267444419987,0.2928791547435615,-0.21358353510895883,-0.04562403697996918,-0.23667840633942328,-0.07645828747523663,-0.165346687211094,-0.247508254457407,-0.2713625357693154,-0.1152542372881356,,-0.19144838212634824,-0.019821703720008806,-0.03245432533568127,0.0625974025974026,0.10282852740479859,,0.18616112700858464,-0.10196786264582874,0.18618534008364518,-0.1768567026194145,-0.06046224961479199,,,,,-0.21110279550957517,-0.1936253576931543,-0.06436275588817962,-0.21706361435174995,-0.2177129650011006,0.13926700418225843,-0.0785163988553819,-0.12808716707021792,-0.04155183799251596,-0.2545014307726172,-0.2487739379264803,-0.3524125027514858,-0.4853929121725732,0.2457032797710764,-0.3840193704600484,-0.3726106097292538,0.0023596742240810037,0.08639445300462249,,,0.045443539511336124,0.3377591899625798,,,0.38950913493286377,0.4112128549416685,0.5745784723750825,0.5151573849878934,-0.02981730134272507,0.2526876513317191,0.22189522342064716,0.4185758309487123,-0.02079903147699758,0.27817521461589256,,0.12388729914153643,,,,0.04552938586836892,-0.054928461369139335,0.09754347347567686,0.3848910411622276,,,,0.011785163988553818,-0.03138234646709223,0.20123706801672903,-0.14290777019590578,-0.1903103675985032,0.18469293418445962,0.252326656394453,0.06744441998679286,-0.0015738498789346247,0.07466211754347347,-0.18602905569007264,-0.1389456306405459,-0.11963460268545015,-0.3213449262601805,0.22721989874532247,0.21675985031917236,-0.34828967642526965,-0.02996257979308827,0.3257010785824345,-0.13472815320272946,-0.1808958837772397
#12,0.019702839533348008,0.5763064054589478,1.0,0.5128835571208452,0.4147809817301343,-0.373036745012573,,0.18402597402597404,0.38879815100154086,0.1333942328857583,0.3742659035879375,-0.06615892581994277,,,-0.067409200968523,0.24979088707902267,0.47727933083865287,0.565197006383447,0.2537354171252476,0.4545278450363196,-0.30526744441998677,-0.03911071978868589,-0.15977327756988774,0.2311534228483381,0.22850759410081445,0.15013647369579572,-0.2325445740699978,0.14729473915914593,,0.1112062513757429,0.21619854721549636,0.210198106977768,0.25723970944309926,0.2871978868589038,,0.2670438036539731,0.12443099273607748,0.42768875192604006,-0.16551617873651772,0.3819898745322474,,,,,-0.10129429892141757,-0.2819062293638565,-0.07801012546775259,-0.03587277129650011,-0.09157605106757649,0.25118864186660794,0.04729473915914594,0.21268104776579352,0.22744662117543474,-0.06882896764252697,0.09721329517939688,-0.13773057451023552,-0.48302883557120846,0.1902509355051728,-0.2937244111820383,-0.25787585296059873,-0.0787145058331499,0.0036143517499449703,,,-0.07536209553158706,0.14222320052828527,,,0.3113053048646269,0.34413823464670923,0.2608100374202069,0.3273717807616113,-0.23710323574730355,0.11441338322694256,-0.011030156284393572,0.2733942328857583,-0.2202245212414704,0.09913493286374642,,0.17546995377503852,,,,-0.03513317191283293,0.02848117983711204,-0.19540391811578253,0.09584195465551398,,,,-0.05175214615892582,-0.041692714065595424,-0.1334206471494607,-0.30809817301342723,-0.3404490424829408,0.4978582434514638,0.5145982830728594,0.4088663878494387,0.13650671362535768,0.15094430992736077,-0.1479683028835571,0.11240149680827646,0.1024323134492626,-0.1296896324014968,0.36392471934844817,0.38054369359454104,-0.0865991635483161,-0.12067136253576932,0.31141536429672023,-0.0796103896103896,-0.2234602685450143
#13,0.08174994497028396,0.2550297160466652,0.5128835571208452,1.0,0.47955976227162667,-0.2973895539234183,,0.10596302003081665,0.06448382126348227,0.12341404358353511,0.3358529605987233,0.09777239709443099,,,-0.08434954875632841,0.13879154743561523,0.3483381025753907,0.3808694695135373,-0.015745102355271847,0.10242350869469513,-0.12445740699977988,0.18509795289456307,-0.019478318291877614,0.09771736737838432,0.05438476777459828,-0.0715100154083205,-0.013178516398855382,0.18871670702179177,,-0.07190182698657276,-0.03340083645168391,0.11494827206691613,0.14037420206911733,0.06591019150341185,,0.11230244331939247,0.05240810037420207,0.2247259520140876,-0.12282412502751486,0.21531807175874973,,,,,-0.06050407219898745,-0.06975346687211094,-0.07524323134492626,0.019544353951133613,-0.23737838432753686,0.020389610389610388,-0.11202069117323354,0.06695135373101475,0.02432973805855162,-0.03226502311248074,-0.053502091129209776,-0.07,-0.29703940127668943,0.04844155844155844,-0.0948712304644508,-0.026018049746863305,0.041054369359454106,0.03145278450363196,,,0.0424653312788906,0.13496147919876733,,,0.030851860004402376,0.10557781201848998,0.13057010785824344,0.2247325555800132,-0.10061853400836451,0.14522782302443318,0.0740611930442439,0.08071098393132291,-0.19213295179396875,-0.08342725071538631,,0.36290336781862204,,,,-0.055214615892581996,0.130297160466652,-0.2501452784503632,0.03222320052828528,,,,-0.0997622716266784,-0.16647589698437157,-0.08746643187321153,-0.16183359013867488,-0.23677966101694914,0.24056350429231785,0.27806075280651554,0.2833942328857583,0.01832489544353951,0.1937112040501871,0.02948272066916135,-0.011190843055249835,-0.13588597842835132,0.033535108958837774,0.19651551837992515,0.3325974025974026,0.03806075280651552,-0.10723310587717368,0.18726832489544354,-0.05050187101034559,-0.23340744001760952
#17,0.3653510895883777,0.23430992736077483,0.4147809817301343,0.47955976227162667,1.0,-0.3467567393555111,,0.2270217917675545,0.23081003742020692,0.26237288135593223,0.2728923618754127,0.22202509355051728,,,0.173053048646269,0.07061633281972265,0.46200748404138237,0.4087034998899406,-0.05970063834470614,-0.08261281091789566,0.10559101915034118,-0.07754347347567686,0.31049966982170374,0.06403257759189962,0.0662755888179617,-0.020801232665639446,-0.13733215936605767,0.023667180277349768,,0.017609509134932862,-0.012799911952454326,0.05381245872771297,0.042249614791987675,-0.010484261501210655,,0.19032137354171252,-0.2044155844155844,0.18137354171252476,0.1173497688751926,0.23079903147699757,,,,,0.12759630200308167,0.018751926040061633,-0.15846577151661898,-0.22888399735857362,-0.08412062513757429,-0.13561523222540173,-0.02484701738939027,0.03750605326876513,0.10665639445300462,-0.09055690072639225,-0.0886946951353731,-0.10057891261281092,-0.22964120625137574,-0.04056570548095972,-0.038562623816861104,0.010523882896764253,0.05465111160026414,0.03506053268765133,,,-0.18075280651551837,-0.07699977988113581,,,0.033099273607748184,0.02523662777900066,0.009112920977327757,0.07224521241470394,0.25289016068677084,0.18788685890380805,0.1740942108738719,0.10895223420647149,-0.13770416024653312,-0.07292097732775699,,0.46702399295619634,,,,-0.011019150341184239,0.2558529605987233,0.051952454325335684,0.21403697996918336,,,,0.0549240589918556,0.09518379925159587,-0.01070658155403918,-0.17309046885318072,-0.12219458507594101,0.5230552498349108,0.14797490644948272,0.14988333700198106,-0.08366718027734978,-0.06925599823904909,-0.20924279110719787,-0.082656834690733,0.08929341844596082,-0.15098613251155624,0.0662359674224081,0.17664098613251156,-0.139240589918556,-0.07289456306405459,0.1204226282192384,-0.14130750605326878,-0.13779661016949152
#18,-0.0440634184808665,-0.30128896174831865,-0.373036745012573,-0.2973895539234183,-0.3467567393555111,1.0,,-0.04742463538666544,-0.19504082932031863,-0.08638569578787121,-0.00649240947194104,-0.16360563702711978,,,0.15626687005663276,-0.22278902860944855,-0.24974479955143533,-0.3875998170811819,-0.1415221998251369,-0.2880664143002936,0.10809713190466742,-0.10619970625123018,-0.03658267476484968,-0.09713960881555996,-0.013318299206638164,-0.06908654473176522,0.13008481734803717,-0.17527964741343585,,-0.09748299443265533,-0.10647815676765687,-0.16941677823950302,-0.03847569803858058,-0.16909100214123304,,0.06241143650201061,0.32150358876495555,-0.1030564071408956,0.2319360730443192,-0.2545764112791555,,,,,0.01179067344853439,0.19452795208452875,-0.088145547075485,0.03685121992693709,0.09897430055818171,-0.05391154188397354,-0.10703285661065709,-0.1534119268170642,-0.034271425419015435,0.09307621234659805,-0.0233821392153564,0.18528625648597155,0.44260865210696343,-0.1295796442767334,0.2821771308481227,0.04363748824427705,0.024123940195876534,-0.13536327061595194,,,0.0027481855316895706,-0.14438264603933842,,,-0.06642860798405584,-0.1148206663111919,-0.13560540149980124,-0.245594456083273,0.2357529362497255,0.0365716688155838,0.07872335390896741,-0.1008056905160237,0.13042049880064643,-0.05539954622472016,,-0.27854516759038317,,,,-0.1716410805861368,-0.15355830594230035,0.07074624188105952,-0.15134280835507924,,,,-0.04989877278163467,-0.03588159579661329,0.11937492811741193,0.03683801278781803,0.09322699385154057,-0.3090129369431114,-0.374755874287903,-0.24409214400848073,-0.18853961508896488,-0.2423807188976368,0.18006833593901908,0.1140480486727273,0.05294962191813586,0.25586961031789607,-0.3328892432805057,-0.25838116794036925,-0.08191177741129207,0.04604008696901807,-0.31465788832157987,-0.032683266939949336,0.12899192658593556
#26,,,,,,,,,,,,,,,,,,,,,,,,,,,,,,,,,,,,,,,,,,,,,,,,,,,,,,,,,,,,,,,,,,,,,,,,,,,,,,,,,,,,,,,,,,,,,,,,,,,,,,,,,,,,,,,
#49,0.5447325555800132,0.3672881355932203,0.18402597402597404,0.10596302003081665,0.2270217917675545,-0.04742463538666544,,1.0,0.2902245212414704,0.007629319832709663,0.16467752586396653,0.35450363196125906,,,0.23931983270966323,-0.0549636803874092,-0.03996478098173013,-0.13796169931763153,-0.020151882016288796,-0.012648029936165529,-0.15974466211754348,-0.3089984591679507,-0.14476777459828308,-0.2625225621835791,-0.4253598943429452,-0.1684503631961259,-0.2136979969183359,-0.12086506713625357,,-0.23544353951133612,-0.10281752146158926,-0.022117543473475675,0.048586836891921635,0.15751926040061634,,0.238399735857363,-0.24109839313229145,0.0898151001540832,0.03395333480079243,-0.022676645388509796,,,,,0.17307065815540393,-0.03350869469513537,-0.1859145938806956,-0.18366057671142416,-0.0501518820162888,0.03318071758749725,-0.12900726392251816,-0.2903169711644288,-0.11319392471934844,-0.26629760070438036,-0.23977547875852961,-0.2912920977327757,-0.1517345366497909,0.14475236627779,-0.20241030156284393,-0.01079903147699758,0.19325996037860443,0.4325313669381466,,,0.024312128549416685,-0.01387409200968523,,,0.09936385648250055,0.06368919216376843,0.34118423948932425,0.19304204270305966,0.18008584635703279,0.15550737398195025,0.21976447281532027,0.24554039181157825,0.20874312128549416,0.27063834470614134,,-0.07774818401937046,,,,0.1249240589918556,0.16823024433193925,0.140099053488884,0.19470173893902706,,,,0.1420581113801453,0.14581774158045344,0.2981399955976227,-0.03886198547215496,0.08082984811798372,0.16140435835351089,0.030893682588597843,-0.29730574510235525,-0.1840479859123927,-0.09240149680827647,-0.14595421527624916,-0.21990534888839974,0.029634602685450144,-0.14647589698437155,-0.1656614571868809,0.15882236407660136,-0.14044684129429894,0.30831609068897203,0.31195465551397755,-0.027935285053929122,0.16035219018269867
#50,0.3431168831168831,0.5131609068897205,0.38879815100154086,0.06448382126348227,0.23081003742020692,-0.19504082932031863,,0.2902245212414704,1.0,-0.049885538190622934,-0.04678626458287475,-0.13841954655513977,,,0.21380585516178738,0.08853400836451684,0.0537112040501871,0.038881796169931766,0.1799933964340744,0.12923838872991417,-0.0238498789346247,-0.08425930002201189,-0.14763592339863527,0.0021131410961919435,0.08034118423948933,-0.144719348448162,-0.08178076161127008,-0.23364957076821483,,-0.26652872551177637,-0.07581333920316971,-0.24231785163988553,-0.11009685230024213,0.031322914373761834,,-0.022509355051727933,-0.23189302223200528,0.08292537970504073,-0.010858463570327976,0.032471934844816204,,,,,-0.05087167070217918,0.030510675764913054,-0.21029495927801012,-0.25808496588157603,-0.13446841294298922,0.1730464450803434,-0.034356152322254016,0.05281532027294739,-0.05533348007924279,-0.16103896103896104,-0.15308606647589698,-0.16172353070658155,-0.2875390710983931,0.21234206471494607,-0.2346004842615012,-0.26979528945630643,-0.17931322914373762,0.0003015628439357253,,,0.009322033898305085,0.07083425049526744,,,0.2822011886418666,0.2605326876513317,0.22433414043583536,0.22576491305304863,0.20189522342064714,0.10106977767994717,0.2075214615892582,0.3198811358133392,0.03673563724411182,0.283893902707462,,0.04204930662557781,,,,0.20943209333039842,0.001959057891261281,0.16415584415584417,0.2647215496368039,,,,0.010250935505172793,0.008203830068236847,0.19032137354171252,-0.2192559982390491,-0.18885538190622936,0.11403257759189962,0.21220999339643407,0.004772176975566806,-0.024565265243231344,-0.032575390710983934,-0.2085362095531587,-0.2464142637023993,-0.27424609289016066,-0.2914109619194365,-0.009720449042482942,0.07744441998679287,-0.13737178076161127,0.020107858243451463,0.23415804534448603,-0.26247633722209995,-0.2647787805414924
#51,0.040094651111600266,-0.1355359894342945,0.1333942328857583,0.12341404358353511,0.26237288135593223,-0.08638569578787121,,0.007629319832709663,-0.049885538190622934,1.0,0.2991173233546115,0.3191041162227603,,,0.04853841074180057,0.005276249174554259,0.5460928901606867,0.47311468192824124,0.12771516618974246,-0.050453444860224524,-0.18058111380145278,-0.28033237948492185,0.11673343605546996,-0.16306845696676206,-0.05383447061413163,0.18317851639885538,-0.18192824125027515,-0.1959322033898305,,0.4630002201188642,0.32760950913493286,0.4793880695575611,0.23257318952234207,0.25719568567026196,,0.1101188641866608,0.0014593880695575611,0.1789258199427691,-0.030330178296279993,0.11416244772176976,,,,,0.15568346907329958,-0.28401056570548094,-0.22918115782522563,-0.31580453444860224,0.05249614791987673,-0.3376315210213515,-0.1391437376183139,0.01835791327316751,0.20793308386528725,0.20366277790006604,0.2875390710983931,0.1669007263922518,-0.09258639665419327,0.18431432973805856,0.02970944309927361,-0.004998899405679067,0.0990512876953555,0.2351287695355492,,,-0.23940788025533788,-0.3044772176975567,,,0.2443363416244772,0.23421747743781643,-0.03704160246533128,0.156814880035219,0.08511996478098173,-0.182623816861105,0.007129650011005943,0.1757671142416905,0.08664979088707903,0.16182918776139116,,0.045201408760730796,,,,-0.14509355051727932,0.29836231565045124,-0.20052828527404798,-0.17097072419106318,,,,-0.08349988994056791,0.09462469733656174,-0.2262623816861105,-0.07429672022892361,-0.09346467092229804,0.39771516618974245,0.12978648470173895,0.21866387849438698,-0.21348888399735858,0.07174554259300021,-0.1799141536429672,0.35094651111600267,0.2585097952894563,0.2071318511996478,0.037508254457407,0.316946951353731,0.1252278230244332,0.1998613251155624,0.22253356812678846,0.017653532907770195,0.08080123266563945
#52,-0.04810697776799472,0.08986352630420427,0.3742659035879375,0.3358529605987233,0.2728923618754127,-0.00649240947194104,,0.16467752586396653,-0.04678626458287475,0.2991173233546115,1.0,0.09920537090028615,,,0.05142637023992956,-0.037629319832709666,0.328646268985252,0.3123728813559322,-0.051003742020691176,0.0038190622936385647,-0.00489324235086947,-0.07620515078142197,0.057475236627779,-0.10216817081223861,0.009605987233105876,-0.09318952234206472,-0.044778780541492404,-0.02716927140655954,,0.09825445740699978,0.010638344706141317,0.07290777019590579,0.16322914373761832,0.022509355051727933,,0.206979969183359,-0.0006999779881135814,0.14735417125247632,0.06527845036319613,0.1658397534668721,,,,,0.14061193044243891,-0.07423068456966762,-0.018503191723530706,-0.06738498789346246,-0.06894563064054589,-0.004036979969183359,-0.2593924719348448,-0.21131631080783622,0.04562403697996918,-0.02464010565705481,0.10971824785384107,0.0036055469953775038,0.012198987453224742,-0.1374224081003742,0.13953554919656613,0.12479639005062734,0.16682148360114463,0.20059652212194584,,,0.026993176315210213,0.00029495927801012547,,,-0.013746423068456966,0.030541492405899186,0.037303543913713405,0.0837046004842615,0.011771956856702619,0.05420647149460709,-0.055232225401716926,-0.08198767334360554,-0.15197226502311248,-0.11672243011226062,,-0.2013383226942549,,,,-0.07882236407660137,0.12131190843055249,-0.03145938806955756,-0.09823244552058111,,,,0.06126128109178957,0.11677745982830728,0.03884437596302003,-0.06125687871450583,0.02666960158485582,0.21477657935285055,0.002795509575170592,0.06744441998679286,0.020653753026634383,-0.05983050847457627,-0.2402047105436936,0.06190622936385648,0.23746643187321154,-0.1734272507153863,0.24283292978208232,0.18413163108078362,-0.06475676865507374,0.12497468633061853,0.07594761171032358,0.13053268765133172,0.1710741800572309
#53,0.10219458507594101,-0.03441338322694255,-0.06615892581994277,0.09777239709443099,0.22202509355051728,-0.16360563702711978,,0.35450363196125906,-0.13841954655513977,0.3191041162227603,0.09920537090028615,1.0,,,0.15138234646709223,-0.032172573189522345,0.09321813779440898,-0.04460708782742681,0.043259960378604446,-0.07640105657054809,-0.11857803213735417,-0.2054985692273828,0.11887519260400617,-0.3336979969183359,-0.2413317191283293,-0.1533744221879815,-0.26141976667400396,-0.16462029495927802,,0.14731454985692274,0.1967092229804094,0.2797842835130971,0.31105877173673785,0.23643847677745983,,0.3678318291877614,-0.1931785163988554,0.24262161567246313,0.1543957737178076,0.07044684129429891,,,,,0.3145960818842175,0.026938146599163548,-0.1845498569227383,-0.2290578912612811,-0.034701738939027074,-0.1339885538190623,0.03661237068016729,-0.11953995157384988,0.067640325775919,-0.08061193044243892,-0.10903367818622056,-0.2634228483381026,-0.08887739379264803,0.19153422848338103,-0.09926700418225842,0.03956636583755228,0.10434074400176095,0.3860004402377284,,,-0.15555139775478757,-0.0736385648250055,,,0.1887211093990755,0.1833414043583535,0.24875192604006163,0.348448162007484,-0.016310807836231567,-0.20370019810697776,0.2080343385428131,0.249636803874092,0.24353731014747965,0.3098084965881576,,0.14430332379484923,,,,-0.05108958837772397,0.5224521241470395,-0.20814439797490644,-0.11777679947171472,,,,0.43123046445080343,0.22731454985692273,0.04469293418445961,-0.2205811138014528,-0.12682368478978648,0.3617873651771957,-0.04142196786264583,-0.24566145718688093,-0.3318445960818842,-0.04177195685670262,-0.061230464450803435,0.10429892141756548,0.09555139775478759,0.1879308826766454,-0.12230464450803434,0.3070085846357033,0.030176095091349327,0.20404578472375082,0.43790006603565923,-0.13118644067796612,0.029225181598062953
#54,,,,,,,,,,,,,,,,,,,,,,,,,,,,,,,,,,,,,,,,,,,,,,,,,,,,,,,,,,,,,,,,,,,,,,,,,,,,,,,,,,,,,,,,,,,,,,,,,,,,,,,,,,,,,,,
#58,,,,,,,,,,,,,,,,,,,,,,,,,,,,,,,,,,,,,,,,,,,,,,,,,,,,,,,,,,,,,,,,,,,,,,,,,,,,,,,,,,,,,,,,,,,,,,,,,,,,,,,,,,,,,,,
#101,0.2367620515078142,0.12775258639665418,-0.067409200968523,-0.08434954875632841,0.173053048646269,0.15626687005663276,,0.23931983270966323,0.21380585516178738,0.04853841074180057,0.05142637023992956,0.15138234646709223,,,1.0,0.09686770856262382,-0.06770195905789127,-0.14276029055690073,0.30250935505172794,-0.04474356152322254,0.23701518820162887,-0.24891041162227603,0.31206691613471277,-0.2647457627118644,-0.16725071538630862,-0.14580893682588597,-0.0352278230244332,-0.3889852520360995,,0.07350209112920977,-0.012500550297160467,-0.022839533348007923,0.209735857362976,0.03762271626678406,,0.31605546995377504,-0.13869029275808936,0.21045564604886638,0.38510675764913055,-0.010713185119964781,,,,,-0.008049746863306185,-0.15913933524103016,-0.3604688531807176,-0.4257274928461369,-0.13379925159586176,-0.1294012766894123,-0.15865067136253577,-0.2109289016068677,0.054946070878274265,-0.1664604886638785,-0.14508034338542813,-0.09262821923838872,0.09446401056570548,0.1354391371340524,-0.3984613691393352,-0.2622958397534669,-0.08662777900066036,-0.02737838432753687,,,0.032626018049746866,-0.17198767334360554,,,0.2189456306405459,0.1236187541272287,0.3814571868809157,0.17635703279771076,0.39815100154083205,0.04222320052828527,0.27307946290997137,0.15793308386528726,0.13649790887079022,0.22111600264142636,,0.026213955535989434,,,,0.11235967422408101,0.26559982390490866,-0.12787365177195686,-0.20082764692934185,,,,0.033202729473915914,0.05813559322033898,-0.023631961259079903,-0.2599911952454325,-0.12367818622055911,0.14111600264142637,-0.18111820383006824,-0.31866167730574513,-0.2110345586616773,-0.3662953995157385,-0.11554699537750385,-0.17957957296940347,0.08871890821043363,-0.25612150561303104,-0.29606207351970065,0.015047325555800132,-0.30846577151661897,-0.030732995817741582,0.10486682808716707,-0.3734030376403258,-0.2227162667840634
#102,-0.0029451904028175214,0.24022892361875411,0.24979088707902267,0.13879154743561523,0.07061633281972265,-0.22278902860944855,,-0.0549636803874092,0.08853400836451684,0.005276249174554259,-0.037629319832709666,-0.032172573189522345,,,0.09686770856262382,1.0,0.39510455646048864,0.3691745542593,0.4820162887959498,0.6095333480079242,-0.36963240149680826,0.10602245212414704,-0.11318732115342285,0.2481465991635483,0.008456966762051508,-0.05244992295839754,-0.34764472815320274,0.006579352850539291,,0.2999515738498789,0.26120184899845916,0.250231124807396,0.4138740920096852,0.40904688531807176,,0.237640325775919,0.0686418666079683,0.5338234646709223,-0.11042482940788026,0.28812458727712964,,,,,-0.2341074180057231,-0.5140413823464671,-0.42542813119084305,-0.35952674444199867,-0.18058551617873653,-0.023022232005282854,0.06978428351309707,0.02629319832709663,0.30897864847017387,0.044547655734096414,0.15091129209773277,-0.10675324675324675,-0.2588972044904248,0.4643253356812679,-0.5014043583535109,-0.5398635263042043,-0.33532247413603344,-0.012795509575170592,,,-0.21357913273167511,0.051677305745102355,,,0.38970504072198986,0.39685890380805633,0.2683843275368699,0.3743649570768215,-0.17362315650451243,-0.06861985472154963,-0.13850759410081445,0.40679286814880034,-0.12358573629760071,0.2888179616993176,,0.16053048646268986,,,,0.16341184239489323,0.24052388289676424,-0.3007726172132952,-0.0065485362095531584,,,,-0.18383887299141535,-0.11229804094210874,-0.41428131190843054,-0.36941888619854724,-0.5848382126348228,0.05096852300242131,0.4951882016288796,0.31624477217697555,-0.16436055469953775,0.22660576711424169,0.024078802553378825,0.10672463130090248,0.04338983050847458,-0.01401716927140656,0.1564736957957297,0.5033612150561303,0.1733876293198327,-0.2040721989874532,0.349636803874092,-0.3125687871450583,-0.40402817521461587
#201,-0.04985692273827867,0.0839555359894343,0.47727933083865287,0.3483381025753907,0.46200748404138237,-0.24974479955143533,,-0.03996478098173013,0.0537112040501871,0.5460928901606867,0.328646268985252,0.09321813779440898,,,-0.06770195905789127,0.39510455646048864,1.0,0.821386748844376,0.2611930442438917,0.3199273607748184,-0.27053929121725734,-0.11996478098173013,-0.08206911732335462,0.2015562403697997,0.15805194805194805,0.23055690072639226,-0.2344684129429892,0.033449262601804974,,0.4323420647149461,0.330939907550077,0.3772969403477878,0.39468633061853403,0.35184899845916795,,0.2445278450363196,0.07521241470394013,0.4302509355051728,-0.13543473475676865,0.2551529826106097,,,,,0.11941008144397974,-0.30410521681708125,-0.23115562403697998,-0.2827272727272727,0.03882896764252696,-0.1471604666519921,-0.06692714065595422,0.1471648690292758,0.4103896103896104,0.17581333920316972,0.3504336341624477,0.12566585956416465,-0.23792427911071978,0.20521681708122386,-0.020717587497248516,-0.15382786704820603,-0.10188641866607968,-0.023209333039841514,,,-0.3005194805194805,-0.1752674444199868,,,0.3180013207131851,0.3848976447281532,-0.03969623596742241,0.22546775258639665,0.015813339203169713,-0.05530046224961479,-0.09690512876953555,0.22909971384547656,-0.15112260620735196,0.04596962359674224,,0.1940193704600484,,,,0.006572749284613691,0.19365617433414042,-0.2524829407880255,-0.14017389390270746,,,,-0.04195905789126128,0.07154303323794849,-0.29702399295619636,-0.3210763812458728,-0.34011446180937704,0.46016508914813997,0.4161457186880916,0.6193748624257099,-0.043933524103015625,0.2706647589698437,-0.059024873431653094,0.299438696896324,0.2535417125247634,0.07805414924058991,0.39240149680827646,0.5926810477657936,0.15527624917455427,-0.09064274708342505,0.31579793088267666,-0.03514637904468413,-0.23117103235747302
#202,-0.10602905569007263,0.08118203830068237,0.565197006383447,0.3808694695135373,0.4087034998899406,-0.3875998170811819,,-0.13796169931763153,0.038881796169931766,0.47311468192824124,0.3123728813559322,-0.04460708782742681,,,-0.14276029055690073,0.3691745542593,0.821386748844376,1.0,0.21187981510015408,0.3570173893902707,-0.24590138674884437,-0.051510015408320495,-0.0059476117103235745,0.2934602685450143,0.2833480079242791,0.30660356592559984,-0.09761171032357473,0.14977327756988773,,0.4852740479859124,0.3073035439137134,0.42442218798151,0.35489544353951136,0.317310147479639,,0.06186440677966102,0.12750385208012327,0.3406801672903368,-0.17464670922298042,0.3324785384107418,,,,,0.05445080343385428,-0.31395993836671804,-0.15820383006823685,-0.13928241250275147,0.009933964340744002,-0.1546423068456967,-0.08275148580233326,0.17488663878494387,0.2367576491305305,0.12299361655293858,0.351996478098173,0.054767774598283074,-0.2613845476557341,0.12011666299801893,-0.0904820603125688,-0.05491305304864627,-0.0778318291877614,-0.04930002201188642,,,-0.2108100374202069,-0.1591041162227603,,,0.16953775038520802,0.2279837112040502,-0.13383887299141536,0.11097292537970505,-0.08631521021351529,-0.08200528285274047,-0.18767554479418885,0.10556680607528066,-0.21354171252476337,-0.050242130750605324,,0.25871890821043364,,,,-0.04204490424829408,0.11725731895223421,-0.3152938586836892,-0.10890380805635043,,,,-0.1979484921857803,0.07095091349328637,-0.3679440898084966,-0.20121505613031038,-0.2451221659696236,0.4596764252696456,0.539852520360995,0.7187409200968523,0.18698657274928462,0.26523002421307507,-0.13180057230904688,0.2796191943649571,0.2855183799251596,-0.006154523442659036,0.44543473475676865,0.4968192824125027,0.20204710543693594,-0.08006163328197226,0.2511093990755008,-0.00020471054369359455,-0.22431653092670042
#301,-0.031001540832049305,0.2295267444419987,0.2537354171252476,-0.015745102355271847,-0.05970063834470614,-0.1415221998251369,,-0.020151882016288796,0.1799933964340744,0.12771516618974246,-0.051003742020691176,0.043259960378604446,,,0.30250935505172794,0.4820162887959498,0.2611930442438917,0.21187981510015408,1.0,0.6810147479639005,-0.46346467092229804,-0.2097820823244552,-0.2807704160246533,0.021243671582654635,0.031131410961919438,0.018082764692934183,-0.36541492405899184,-0.2036583755227823,,0.3809421087387189,0.4436055469953775,0.40752586396654195,0.6185031917235307,0.5130398415144178,,0.38052388289676425,0.3364538850979529,0.5908364516839093,0.03367598503191724,0.10898525203609949,,,,,-0.3646731234866828,-0.47096191943649574,-0.20340964120625138,-0.2465133171912833,0.10189522342064715,0.24024433193924719,0.2002377283733216,0.24672903367818622,0.4919238388729914,0.2478252256218358,0.3676997578692494,0.04986572749284614,-0.2527955095751706,0.49617873651771954,-0.41004402377283733,-0.6253290777019591,-0.4426458287475237,-0.19661016949152543,,,-0.1538498789346247,0.04664758969843716,,,0.7206251375742901,0.6365309267004182,0.4219370460048426,0.47216596962359675,-0.15917455425930002,-0.0737706361435175,-0.03298040942108739,0.48290336781862203,-0.14015408320493067,0.377937486242571,,-0.048580233325996036,,,,-0.0713119084305525,-0.0636979969183359,-0.4041008144397975,-0.18583094871230466,,,,-0.16939687431212855,-0.13730794629099713,-0.33271406559542155,-0.358168611049967,-0.5667620515078142,0.1809090909090909,0.2532907770195906,0.2221021351529826,-0.13101694915254236,0.14964780981730133,0.1500858463570328,0.19012987012987012,0.0902179176755448,0.04725511776359234,0.1282324455205811,0.4245960818842175,-0.013356812678846577,-0.31077922077922077,0.23338322694254898,-0.42910191503411843,-0.6030618534008364
#302,-0.17475236627779,0.2928791547435615,0.4545278450363196,0.10242350869469513,-0.08261281091789566,-0.2880664143002936,,-0.012648029936165529,0.12923838872991417,-0.050453444860224524,0.0038190622936385647,-0.07640105657054809,,,-0.04474356152322254,0.6095333480079242,0.3199273607748184,0.3570173893902707,0.6810147479639005,1.0,-0.4611622276029056,0.13808496588157604,-0.23794849218578032,0.4450671362535769,0.2244816200748404,0.1726436275588818,-0.29854061193044246,0.27926040061633284,,0.24617873651771957,0.3157076821483601,0.30418225841954655,0.3995971824785384,0.47943649570768215,,0.21258859784283513,0.30589698437156065,0.5132731675104556,-0.1512128549416685,0.40660136473695796,,,,,-0.2701760950913493,-0.40550297160466653,-0.1401782962799912,0.04569447501650892,0.03989654413383227,0.3686088487783403,0.19909311027955096,0.29739819502531367,0.3644838212634823,0.07983270966321813,0.23506713625357692,-0.13560422628219237,-0.4819040281752146,0.2901716927140656,-0.4616552938586837,-0.515808936825886,-0.34720228923618757,-0.1214703940127669,,,0.026861104996698217,0.2574180057230905,,,0.48881576051067577,0.49336561743341406,0.2713845476557341,0.3047259520140876,-0.4813493286374642,-0.2098547215496368,-0.4659938366718028,0.2688201628879595,-0.37239489324235087,0.15899405679066697,,0.12068236847897865,,,,0.045111160026414264,-0.06867708562623817,-0.3347743781642087,-0.08179616993176315,,,,-0.2899361655293859,-0.14515958617653532,-0.4062887959498129,-0.2919502531366938,-0.5225225621835792,0.18193484481620076,0.5678318291877614,0.4479396874312129,0.04674884437596302,0.3097446621175435,0.11548756328417345,0.1857539071098393,-0.01908430552498349,-0.07292097732775699,0.23819062293638565,0.3184833810257539,0.021956856702619414,-0.33148139995597625,0.2716134712744882,-0.2418005723090469,-0.40378604446401056
#401,0.0005150781421967862,-0.21358353510895883,-0.30526744441998677,-0.12445740699977988,0.10559101915034118,0.10809713190466742,,-0.15974466211754348,-0.0238498789346247,-0.18058111380145278,-0.00489324235086947,-0.11857803213735417,,,0.23701518820162887,-0.36963240149680826,-0.27053929121725734,-0.24590138674884437,-0.46346467092229804,-0.4611622276029056,1.0,0.3062601804974686,0.4747897864847017,0.04911952454325336,0.22487123046445082,-0.07234866828087166,0.7046973365617434,0.12031256878714505,,-0.36465551397754786,-0.4519832709663218,-0.5788421747743782,-0.5340788025533788,-0.7443209333039842,,-0.39135373101474796,-0.3216883116883117,-0.5765287255117764,0.13075060532687652,-0.22273607748184018,,,,,0.17448822364076602,0.3550429231785164,0.1437112040501871,0.09601584855822144,-0.18897424609289015,-0.1201782962799912,-0.34637023992956195,-0.26491305304864626,-0.49869029275808935,-0.17003521901826987,-0.3471868809156945,-0.06145938806955756,0.4223684789786485,-0.5953158705701078,0.2919128329297821,0.4342174774378164,0.25446621175434736,-0.1727360774818402,,,0.504653312788906,0.19287034998899405,,,-0.5422716266784063,-0.5215870570107858,-0.3583050847457627,-0.5062117543473476,0.4175478758529606,0.051366938146599164,-0.0324521241470394,-0.5848558221439577,-0.13418005723090468,-0.5095861765353291,,0.1187871450583315,,,,0.10930882676645388,-0.09069337442218799,0.23046885318071758,-0.16247633722209992,,,,0.08336121505613031,-0.05938146599163548,0.11877173673783843,0.07649130530486463,0.43316751045564605,-0.1234206471494607,-0.42263262161567244,-0.2367048206031257,0.2376205150781422,-0.4727933083865287,-0.1977856042262822,-0.2728681488003522,-0.1550363196125908,-0.3033942328857583,-0.11458287475236628,-0.5596830288355712,-0.2884921857803214,0.11590799031476998,-0.4429716046665199,0.16594981289896543,0.24371340523882898
#402,-0.19292537970504073,-0.04562403697996918,-0.03911071978868589,0.18509795289456307,-0.07754347347567686,-0.10619970625123018,,-0.3089984591679507,-0.08425930002201189,-0.28033237948492185,-0.07620515078142197,-0.2054985692273828,,,-0.24891041162227603,0.10602245212414704,-0.11996478098173013,-0.051510015408320495,-0.2097820823244552,0.13808496588157604,0.3062601804974686,1.0,0.14918115782522562,0.31649570768214835,0.2805084745762712,-0.028705701078582436,0.29631741140215717,0.5854699537750385,,-0.14051727933083866,-0.3471054369359454,-0.34240369799691833,-0.2814373761831389,-0.416007043803654,,-0.26936825885978427,-0.07076821483601145,-0.3017587497248514,-0.13148800352190182,0.0751221659696236,,,,,0.03350869469513537,0.15017829627999119,0.09621835791327317,0.31339643407440015,-0.2561611270085846,0.062722870349989,-0.07309487123046444,-0.0888795949812899,-0.3012260620735197,-0.16602685450143076,-0.2813581333920317,-0.14368919216376844,-0.004021571648690293,-0.48016068677085627,0.1495179396874312,0.2538872991415364,0.1779903147699758,-0.03959938366718028,,,0.4183491085186,0.5973189522342065,,,-0.2699867928681488,-0.13428351309707243,-0.26505172793308385,-0.24896764252696457,-0.11109839313229143,-0.0524983491085186,-0.431221659696236,-0.47309046885318073,-0.4379947171472595,-0.45674003962139553,,0.38849438696896327,,,,0.13501210653753026,-0.11902047105436936,0.0958199427690953,0.061769755668060755,,,,-0.09287695355491965,0.02532027294739159,-0.13906009244992296,0.2530838652872551,0.10950033017829627,-0.10947171472595202,0.05968302883557121,0.1756152322254017,0.36350869469513536,-0.04762931983270966,-0.19053488883997358,-0.19391151221659697,-0.20107638124587277,-0.17173453664979088,0.05080783623156505,-0.3369117323354611,-0.04635263042042703,0.04006383447061413,-0.16474576271186442,0.08758969843715607,0.056277790006603566
#501,-0.03849658815760511,-0.23667840633942328,-0.15977327756988774,-0.019478318291877614,0.31049966982170374,-0.03658267476484968,,-0.14476777459828308,-0.14763592339863527,0.11673343605546996,0.057475236627779,0.11887519260400617,,,0.31206691613471277,-0.11318732115342285,-0.08206911732335462,-0.0059476117103235745,-0.2807704160246533,-0.23794849218578032,0.4747897864847017,0.14918115782522562,1.0,0.20340083645168391,0.24051507814219678,0.12849658815760512,0.20624477217697557,0.15309046885318073,,0.0561699317631521,-0.07600924499229585,-0.07296279991195245,-0.09536649790887079,-0.2825379705040722,,-0.0009289016068677085,-0.1934602685450143,-0.17053268765133173,0.4302685450143077,0.21747083425049527,,,,,0.1661501210653753,0.2101848998459168,-0.0611534228483381,-0.04565925599823905,-0.10449922958397535,-0.17776579352850538,0.06402377283733215,-0.13909531146819282,-0.15286594761171032,-0.22803213735417124,-0.24221219458507595,-0.22959278010125467,0.04690072639225182,-0.39590799031477,0.006244772176975567,0.219570768214836,0.17718688091569448,0.02447281532027295,,,-0.020044023772837333,-0.10593880695575611,,,-0.44830728593440455,-0.4534360554699538,-0.176979969183359,-0.35430112260620733,0.1833546114902047,0.0010477657935285055,-0.08821263482280431,-0.37225841954655514,-0.062172573189522344,-0.27580013207131854,,0.3945806735637244,,,,0.035837552278230246,0.31708782742681046,0.10902927580893683,0.007867048206031256,,,,0.15574510235527184,0.11010125467752586,-0.12629099713845476,0.06396434074400176,0.1723068456966762,0.31378604446401054,-0.04415584415584416,-0.14510015408320492,-0.06304644508034339,-0.19274047985912393,-0.11208232445520581,0.006431873211534229,0.0600132071318512,-0.27971164428791545,-0.26215496368038743,-0.3344177856042263,-0.184653312788906,0.03858243451463791,-0.20755668060752808,-0.035148580233325996,0.16097292537970503
#502,-0.15318732115342285,-0.07645828747523663,0.2311534228483381,0.09771736737838432,0.06403257759189962,-0.09713960881555996,,-0.2625225621835791,0.0021131410961919435,-0.16306845696676206,-0.10216817081223861,-0.3336979969183359,,,-0.2647457627118644,0.2481465991635483,0.2015562403697997,0.2934602685450143,0.021243671582654635,0.4450671362535769,0.04911952454325336,0.31649570768214835,0.20340083645168391,1.0,0.6593000220118864,0.4503499889940568,0.08354171252476338,0.4611468192824125,,0.10279110719788685,0.15020691173233547,-0.017952894563064054,0.05408320493066256,-0.03712524763372221,,-0.11951353731014748,0.2924763372220999,0.06523882896764252,0.04805635042923179,0.45779440898084967,,,,,-0.1789258199427691,0.07810257539071098,-0.04111600264142637,0.16750385208012328,0.00968302883557121,0.1613515298261061,0.22522342064714945,0.2616222760290557,0.1288861985472155,-0.04958177415804534,0.14512656834690732,-0.087640325775919,-0.19360114461809377,-0.24184679727052608,0.023506493506493507,-0.05984371560642747,-0.2256548536209553,-0.43467532467532466,,,-0.09837772397094431,-0.002537970504072199,,,-0.17577812018489986,-0.17077701959057892,-0.26008364516839094,-0.27012326656394453,-0.24993176315210214,-0.16496808276469294,-0.4963218137794409,-0.24414263702399297,-0.5179683028835571,-0.3749152542372881,,0.3285956416464891,,,,-0.004378164208672684,-0.11375522782302443,-0.028954435395113363,0.08054149240589918,,,,-0.27377283733215935,-0.09278230244331939,-0.2704556460488664,-0.12511776359233986,-0.087640325775919,0.09301122606207352,0.5443209333039841,0.3511071978868589,0.1885097952894563,0.15246092890160687,0.26534008364516837,0.15779661016949154,-0.07681708122386088,0.035718688091569445,0.16101254677525864,-0.16211754347347568,0.06110279550957517,-0.4376667400396214,-0.3068677085626238,0.06292537970504072,-0.15245432533568126
