,#10,#11,#12,#13,#17,#18,#26,#49,#50,#51,#52,#53,#54,#58,#101,#102,#201,#202,#301,#302,#401,#402,#501,#502,#601,#602,#701,#702,#801,#802,#901,#902,#1001,#1002,#1101,#1102,#1201,#1202,#1301,#1302,#1401,#1402,#1501,#1502,#1601,#1602,#1701,#1702,#1801,#1802,#1901,#1902,#2001,#2002,#2101,#2102,#2201,#2202,#2301,#2302,#2401,#2402,#2501,#2502,#2601,#2602,#2701,#2702,#2801,#2802,#2901,#2902,#3001,#3002,#3101,#3102,#3201,#3202,#3301,#3302,#3401,#3402,#3455,#3501,#3502,#3601,#3602,#3701,#3702,#3801,#3802,#3901,#3902,#4001,#4002,#4101,#4102,#4201,#4202,#4301,#4302,#4401,#4402,#4501,#4502,#4601,#4602,#4701,#4702,#4801,#4802
#10,1.0,0.2845549535073745,0.36256579037463427,0.43423975313488566,0.09286200112294413,0.22109309024179818,0.2733419456148119,0.575049642346862,0.08618276600309495,0.4043210524634016,0.4317583205138154,0.11081449967361584,0.12372653115256976,0.04200723979421821,-0.1323302916459348,-0.1423527961765122,0.3789306467884255,0.16885701634659717,-0.17665919558856422,-0.13037746442869078,-0.28002026777196015,-0.1668923206142413,-0.19020664910735072,0.004258970999739806,-0.09660058338316588,0.01062323398777543,-0.127319952343347,-0.048837113759717346,0.10695814522497683,0.10836867259788101,0.034033423564480275,0.15692641977112026,0.1781518896045502,0.17239474681261896,0.049037052591216386,0.08894721706144695,-0.011096148666846216,0.0657835274139875,0.05064934472102142,-0.021927538150428864,-0.0179616281776808,-0.021733990057836185,-0.05492840090018122,-0.060211716050340765,-0.15791607133890545,-0.1501266735747511,0.03073488932609658,0.07660304838245834,-0.03497651403451912,-0.15386616879767376,-0.08849986533800161,-0.13351166538091086,-0.08086475827030086,-0.19155965983009765,-0.2060739408491466,-0.030262887609726705,-0.3383521936211296,-0.30699375077031227,-0.10962673519973341,-0.07203458302711042,-0.010722746922174495,-0.062092419214213004,-0.022142084385142445,-0.11482697074411025,0.03647468582671055,-0.2533690606070289,-0.07942684201636942,0.34328310516873833,0.20411289696759438,0.043443330122747835,0.2093405213929985,0.07646884286542473,0.21094733574659807,0.19189380417863028,-0.060210803087639854,-0.07330360118137373,0.04405410216965586,0.21710892101503193,-0.1138738376843614,-0.03494456033998731,0.001097381166492443,0.006992381326260916,-0.07169587386507324,0.0630400744977564,-0.03143878356849731,-0.0740732287382399,0.01487033647240342,0.07684407053549827,0.05084837058981955,0.0718976386219741,0.0208694143800755,-0.04648714776757796,-0.022485358360684174,-0.09794081262810007,0.04303980060894612,0.05299109404885263,0.1411549891129198,0.20664545549991556,-0.019162174129375945,0.20637978335395107,0.07771047213866078,0.22559308339457793,0.13595018875503842,0.1682937183601364,0.05731579836305788,0.11281662687670896,0.1252055307280421,-0.018924803827139642,-0.0003779665581762657,0.02709399407487207,-0.17269511154121797
#11,0.2845549535073745,1.0,0.2932098399119904,0.25473302688218674,0.027731242040106453,0.05141805931518668,0.20631313707678473,0.217939717072859,0.31542861316400916,0.4060082075346812,0.22367038394646388,0.0309120040900729,0.06265571720067377,0.010152145234106461,-0.062132589573052996,0.03969379231011517,0.287083860188892,0.32050559874376333,-0.05604769317149548,-0.07782550543897529,-0.07711887230847184,-0.10443471631966476,0.01135634303660524,-0.004627807930906983,-0.057638074196478706,-0.022390410239789653,0.12881903709823936,0.014913245719346137,0.045086662984383775,0.08685744543906658,0.2208201143942264,-0.09437112846754646,0.1679951795569392,0.12267753700922548,-0.04830211761698476,-0.1416096445379724,-0.29343899354991854,-0.08733675085704373,-0.05134228341101124,0.07027165205165543,0.19434328310516874,0.0160024102215304,0.12166688729931939,-0.12467783828691678,-0.15797815280256725,-0.15942154683270415,0.03510432881264636,0.10631724540893882,0.07369434921736273,0.12287108510181817,0.2085991956798605,0.2292823656689506,0.15615405332615137,-0.01568104735081048,-0.033311270068061366,-0.011529805949777922,0.06770987871290518,0.005612894685187637,0.037739139167469314,0.14908772202111684,-0.02506082613994805,-0.06996489658415006,-0.32415653658469784,-0.21839072064710796,0.05607599501522365,-0.11793652170340581,-0.1901317861658762,0.06100599360013147,0.05852273505365938,0.03442964937667472,0.06566392930016844,-0.020342634901651092,-0.05434136588349683,-0.24375373744105686,-0.41068896730224086,-0.23029758019236124,-0.039353257222676165,0.16652439664577504,-0.06681334934061268,-0.07220348112677856,0.0011293348610242528,-0.04431520950211579,-0.2375108984922421,0.013975633025512742,-0.2442120447169131,0.014899551278832503,0.18957305299292,0.24780820479579307,0.08996882232376396,-0.0388511277371763,-0.20126354037805785,-0.11936256944222544,0.006452820370023783,0.0950156801343881,0.3021094003204499,0.4881602432132635,0.13592006098590842,0.1599948874088749,0.015719391784248655,0.08534923105716516,0.1809345999169204,0.21295859257670027,0.064536420364546,-0.0026950658930829383,-0.004083682161165306,0.13245901938676297,0.08985287606074854,0.006968644296037285,-0.07941132165045398,0.2111162338462662,0.10560239561412718
#12,0.36256579037463427,0.2932098399119904,1.0,0.4623179210013375,-0.10307531485801148,0.19693153236224534,0.011677705907325156,0.121069809692925,-0.06738395102868072,0.48388757777301006,0.041346254798760196,-0.15607279964577048,-0.0418109528135228,-0.05383467158449241,-0.06926739308065569,0.08119068595452533,0.7767340585300387,0.6986310124299872,0.06938607823177384,-0.09698767956835123,-0.2272802384658575,-0.14911876275294772,0.006254707463926561,0.15921886911310237,-0.10731146179022856,-0.10906526313867447,-0.13126851602477782,-0.05963654954876819,0.22202796404752884,0.09507228382184446,0.15434912606645457,-0.05225798500002282,0.2053819151218577,0.011798216983845125,0.08290705583223397,-0.08476402196588258,-0.28155495807218794,-0.12278983142143728,-0.19402465912255154,-0.1190284250936928,-0.021953101106054314,-0.14437500855902533,-0.06363623914144988,-0.164571569428531,-0.1413804909000443,-0.17127910639210836,-0.118255145686023,-0.0677226601907179,-0.21370996087954827,-0.16874928674788992,-0.16617838378213057,0.12432269579626325,-0.028771106556441637,0.03687547645240954,-0.05562407847827377,0.18329917331227433,-0.030715717109377497,-0.22861681585998805,-0.15109076218691087,0.12783121145585596,0.007823177384087974,-0.043919896652622255,-0.22628054430836228,-0.12660875439933902,0.24037303655959136,-0.003994211816476237,-0.07282886057690113,0.14620367284894575,0.20195739203074858,0.01302158700306299,0.36476329159572185,0.2907074091487992,0.11670676094528158,0.03307937754203052,-0.2827874577184149,-0.07784285173029255,0.09269675487407962,0.3890289272231783,-0.0029634769271501414,-0.040134753294654144,0.1030880963358242,2.8301843728174484e-05,-0.22766276983753828,0.034742795583086454,-0.0269114015346903,-0.15330560969931573,0.09588025581214879,0.09868396426663989,0.027057475566835718,0.03799750761182652,-0.0847138090173326,-0.11366476922585328,-0.025599474133484276,0.035935124870473414,0.06722326959332077,0.3434273532754819,0.26501298689442043,0.47019587614748,0.2702570446484409,0.17917805968037176,0.20620266858997477,0.47550384129056406,0.3381686881182469,0.43279544614204785,0.3359492757923375,0.2331195479008705,0.35033848092136194,-0.032389177740143424,0.06437939077998968,0.06348651325850083,0.008134497665097893
#13,0.43423975313488566,0.25473302688218674,0.4623179210013375,1.0,0.00035514249065354435,0.008576371612337779,0.15560901459370877,0.03620444886724153,-0.046699868076889715,0.3693326699137707,0.09812066628017913,-0.31110573477520576,-0.2199509739029612,-0.053503266124062504,0.06911949312310846,-0.04379664668799956,0.3092350742010435,0.2714457220850242,-0.029506041530673266,-0.007134803507602697,-0.11339088041558062,-0.17285670593927885,0.0643090926520197,-0.03367006440951855,-0.030453696814216655,-0.0021408975336312634,-0.11307590828376707,0.13884519347962038,0.0676395805849352,0.22292723230792405,-0.09031392222470751,0.2631961911196118,0.22972789146699413,0.2144357662267708,-0.22667037938165036,0.11827340494004117,-0.20549603545947132,0.08866693751226794,-0.02591718515340056,0.06905649869674574,0.10356922767920317,0.04841806388000018,0.03198290933823899,-0.15849032487777712,-0.007018857244587272,-0.29905919193671343,-0.04716547905435323,0.21042694700708003,-0.019099179703013232,0.046728169920617894,-0.13466747616026148,0.15473257040083627,-0.1603975039599757,-0.05169377405086115,-0.07174608681362322,-0.07307170865534289,-0.0633395262636545,-0.10830111335801376,-0.2752929469066541,-0.16917929218001798,0.07838880342543605,-0.15878612479287157,-0.005698713179073069,0.022742813842340472,0.2077647477712298,0.11249252511788631,-0.060361441933289815,0.09495998940963267,0.17447356288258845,0.1388141527477895,0.08827345058817622,0.08752025635992641,-0.041761652827673724,-0.033305792291855915,-0.09480295982507635,0.06684256414704177,-0.0390784554497026,0.07723755745958999,0.07944144941958396,0.12378952557893247,0.04756261782924859,-0.02656995348455039,-0.32073840423249506,-0.005234015164310462,-0.043260737582566065,-0.16563882282589346,0.060944825099170576,0.0766614779953165,0.01299054627123209,-0.08509999223981704,-0.05343844577229797,0.03528874727822995,-0.035858436003597075,0.014206612588842683,0.06374031688935348,0.00997776935823287,0.08855555606275706,0.20015063884564996,0.21644337120606938,0.0497500764606262,0.2393039572368271,0.2467692532421588,0.32809597063911955,0.19008796395623256,0.17849059876658738,0.1042229089730539,0.13265895821826199,0.0681955748697887,-0.16211204791228254,-0.02383654315802928,-0.23581552675665435
#17,0.09286200112294413,0.027731242040106453,-0.10307531485801148,0.00035514249065354435,1.0,0.3688624941228026,0.2638142668681271,0.2492671191918454,0.4159001583990286,0.11007408692317876,0.2546663806050204,0.5031337444708697,0.47643962805899565,0.3192539268808173,-0.14261299054627125,-0.14126180574892613,-0.10643866944815969,-0.1888235106154738,-0.1550767573390789,-0.15094925296826997,-0.08704003797924836,-0.038887646245212654,-0.13445110400014607,-0.2162379545983649,-0.13487745758147052,-0.1579745009517636,-0.15786311950225274,-0.13013096449944536,-0.023646646916240237,0.09545938000702982,-0.04386694481596955,0.03977322006509424,-0.13897209529504673,-0.03757024106780117,0.12904636481076565,0.10383124797436401,0.15621339590171043,0.061148415781473245,-0.08040736395714553,-0.04137181775438564,-0.08106287117639809,-0.07303427718460562,-0.05914902746648286,0.026286022084567734,-0.2387077925931336,-0.1755316866529418,0.18762570355188138,0.007473512669639882,0.13399279672428982,-0.2092172714283758,-0.09363528053061392,-0.3789689912218636,-0.20692390912369274,-0.309490703757298,-0.16683845581488768,-0.22531736865890345,-0.2872774082814847,-0.2642086667549197,-0.0490900044278691,-0.12942250544354011,0.07033190758991541,0.04210949161672,0.17095774352138843,0.07386324731703087,-0.20329579535028097,-0.13334002839314,0.24819895283178206,0.18183112928921288,-0.1514468176402653,-0.1317514732935586,-0.2985296735701863,-0.3790347245363291,-0.06725339736245076,-0.14362455321887824,0.03443421419017926,-0.052848671867510855,-0.11958259345314447,-0.17179127846731823,-0.007004249841372731,-0.0985607143020172,-0.019377633326790433,-0.030017300643182223,0.18039503896068326,0.2044233042859034,0.2638991723993116,0.3702949326005286,0.15998940963266944,-0.019823159124833956,-0.05391775119027512,0.16376359743822666,-0.13593192950102023,0.05857294800220937,-0.27503549142499784,-0.082075346811706,-0.0496259135333026,-0.17214094318176631,-0.11390122656538867,-0.14056886705893631,-0.09511336714338536,-0.18712357406638153,-0.14231810359387767,-0.03758028365751117,0.05076255209593412,0.0903230518517166,-0.13611908685470656,0.06972661331921284,-0.1382371603208151,-0.169850319765186,-0.15312301715913396,-0.1057384270565626,-0.09590581876777424
#18,0.22109309024179818,0.05141805931518668,0.19693153236224534,0.008576371612337779,0.3688624941228026,1.0,0.38557975413914464,0.2553693618847202,-0.06673026973482998,0.3265996247723299,0.26065085110947794,0.5331473932632482,0.7122058548298009,0.2244573577946473,-0.3457033692888477,-0.29891768271807256,0.18444768039001766,0.18431530079838587,-0.013352992463492905,-0.17344465391866415,-0.23430092163584657,0.026502394244683133,-0.022465273181264178,0.1574166807415083,0.04705683649294508,0.13790027708417973,-0.04456810017026754,-0.010529198829581818,0.359633354179315,0.1793588262951517,0.033555031109204034,0.040525501330643136,0.06695029374574901,0.1736144649810332,0.2643720870783824,0.054135949275792336,0.1833493862608243,-0.06905923758484847,-0.046316423742508,-0.03183683530609357,-0.14906763684169683,-0.2767244724216792,-0.2440276262513295,0.187639397992395,-0.23981521634933606,-0.07673542797409012,0.13421464666061067,0.0659268625580302,0.03709732638873039,-0.1557158312297151,-0.0892101503193087,-0.07007719099636184,-0.021719382654621644,-0.11849342895096021,-0.11221589741951092,-0.03709184861252494,-0.20050669429900442,-0.32385982370690247,-0.14387105314812362,0.00591325941378665,-0.12288843139313543,-0.050855674291426824,0.23096952074023017,0.22817676783814997,-0.005409304002884962,-0.1204526469071106,0.24071539757243218,0.34466715662331615,-0.13628433310357105,-0.2927615752258442,-0.14369667727225005,-0.1911816932719214,-0.01628268977070942,0.05950508291983731,-0.0826824670078104,-0.2541122122455687,-0.13322316916742366,-0.020820114394226423,0.04653918664152976,0.24954283392751989,0.044813687136812025,0.01765030789667088,0.20826139948052422,0.027583342082559217,0.0765482706204038,0.0807552027461918,0.04255410445206261,0.012857253716899397,0.04595945532645264,0.0777634239753135,-0.15301620052312762,0.061260710193685036,-0.05491379349696668,-0.05730119095984334,-0.1928460242756782,-0.049185865511464526,0.2903942629423875,0.12482573824446402,0.15015588838118019,0.05586966544481825,0.09412554150100198,0.28234467080847414,0.038272309384800085,0.2284497436857217,0.21057302103922546,0.21174070033368786,0.306405802790927,-0.24411344474521493,-0.17081623430274756,-0.016507278595132995,-0.06137939534480319
#26,0.2733419456148119,0.20631313707678473,0.011677705907325156,0.15560901459370877,0.2638142668681271,0.38557975413914464,1.0,0.44825099170573385,0.3160476018752254,0.4854861754623015,0.742865881214423,0.30884797801585817,0.3896250918668718,0.2569789151264225,-0.21826290586898073,-0.26994389844202915,0.1140071302386941,0.10179625411403817,-0.16574655242460068,-0.13645231824053827,-0.03663628022477142,0.008209360606572418,-0.015176178977207886,-0.04762287336750857,-0.04344150419734602,-0.0776100462415608,-0.007506379326872601,0.020500577448908326,0.07847918673282603,0.04322878388803426,0.011923292873869638,-0.029178287921046986,0.20930491584766303,0.24296676359287342,-0.18752253876667868,0.04820077875718388,0.12895963335417931,0.008096153231659721,0.06116302318468779,0.06235170062127112,-0.04163840286305103,-0.049247946975126335,-0.005405652152081327,0.1542806538638864,-0.0797135123044548,0.06241560801033474,0.3572304363505229,0.2091880566219467,0.1871956981197533,-0.1352462945126377,-0.03618436368782153,-0.14072498368079173,-0.03566306198560258,-0.0985406291225972,-0.14468815476543706,-0.1709002268712312,-0.2847028534649217,-0.3025640557455025,-0.1109660514819667,0.04678568657077515,0.042933896935640696,0.11577188713955092,0.2318916130681481,0.25697069846211434,-0.16257400703894243,-0.28813376729493717,0.03947742014999977,0.4908470924420383,-0.014396508830631724,-0.01941415183482679,-0.1267803913871099,-0.12013037107368979,0.07608357260564119,-0.19041389164045702,-0.10581968073694349,-0.2492242099449027,-0.022237945468737873,0.021546832704149872,0.12097394860932957,0.09360515276148393,-0.33806552333304424,-0.055850493228099166,-0.034604938215249216,-0.17460685543692112,-0.16768203335052748,0.01752431904394546,0.0612470157531714,-0.06572692372653115,0.05107478533964495,-0.24086329752997943,-0.13449127435898606,-0.1232353572194808,-0.038254963093482815,0.052127431333792856,0.09529504672086622,0.03153281872669092,0.08266968552999768,0.03810067239702922,0.1697361994275724,-0.044797253808195665,0.02591535922799874,0.13887440828604947,-0.09084070170313192,0.07470499892726883,0.10186837816740997,0.07830389789425153,0.060019080920449,-0.10933641306084439,-0.20287857139596563,0.11129197916619117,0.05296187924242355
#49,0.575049642346862,0.217939717072859,0.121069809692925,0.03620444886724153,0.2492671191918454,0.2553693618847202,0.44825099170573385,1.0,0.48157504325160794,0.24111436227272934,0.44090985862772575,0.35277426540738677,0.2860558641876686,0.15690816051710207,-0.28604673456065954,-0.23581278786855164,0.1564991532270949,0.0999219416890723,-0.20824405318920697,-0.15669726613319213,-0.0999219416890723,-0.14753294654146903,-0.2528651051961272,-0.14141244459457608,-0.13372803754102627,-0.1899583232527035,-0.0901477630131421,-0.18953836041028543,0.06386082796587346,-0.14140696681837064,0.11788904764295854,0.04661404958300429,0.11861211410207836,0.0020979882866885473,0.09210515504389068,-0.10476338289199194,0.07094541852492617,-0.1490731146179023,0.06362254470093624,-0.2159713694896995,-0.06514536648605221,-0.17483327018674652,0.023400146986994847,-0.10096363213080929,-0.1962057270150228,-0.013183181401123857,0.2476694344652549,0.051594261116462085,-0.01841810952813523,-0.27618947627894663,-0.05123546677500491,-0.32253694075328554,-0.14601925438336216,-0.2852141125774306,-0.2864867825824976,-0.20030675546750537,-0.3830161548749926,-0.49607928168094695,0.019019751948034163,-0.07093446297251525,0.0023244030365139434,0.14864767399927875,-0.09269219006057508,-0.17260655415922982,-0.15251407103762776,-0.357088927131882,-0.07462557117228975,0.3863804224278417,-0.013674355334212821,-0.08320742056083298,0.07174973866442687,-0.04386785777867045,0.3256154509807502,0.0035276878763118133,0.019036185276650523,-0.14429558080404625,0.12640790260513907,0.16215130530842162,-0.25543326927378385,-0.28491283488613073,-0.06576435519726842,-0.07403579726750263,0.15930468760698782,0.06293143193634824,-0.12156646140221941,0.1273089967909361,-0.003228236110413709,0.054607038029461305,-0.08620285118251494,0.00034509990094354695,-0.055295411905946584,-0.1494026941529304,-0.09511519306878717,-0.05788366116302319,0.08084923790438542,0.10712065258573861,-0.025706290769490613,0.052177644282342846,-0.05408299743913962,0.027186203307663866,-0.12399494218663697,0.25580484509305373,0.03134931322380824,0.0009878256423833803,-0.061150241706875066,0.03836817046839552,-0.032334399978088894,-0.026677683083257634,0.04453432055033392,0.054108560394765075,0.029852967357018628
#50,0.08618276600309495,0.31542861316400916,-0.06738395102868072,-0.046699868076889715,0.4159001583990286,-0.06673026973482998,0.3160476018752254,0.48157504325160794,1.0,0.1983612319518686,0.3282338280069568,0.31497213181355477,0.19956177790356375,0.2094144713717721,-0.111574084640772,-0.08069768609603455,0.057691026033131414,-0.12129257259194676,-0.23948563681430796,-0.16017382809825303,0.06336417625657904,-0.12028466177014338,-0.1876165739248723,-0.38335577699973067,-0.32666627104949625,-0.3807848740339713,-0.11179319568899013,-0.15896871733305334,-0.19733141002524343,-0.2779679276203171,-0.05514386009759571,-0.12653754330866812,-0.1425472572318058,-0.11778588285775585,-0.1561695736920668,-0.16018569661336485,-0.030253757982717615,-0.10659752495811783,0.021935754814737043,-0.16980467163014054,-0.0720829700502586,-0.06754006765053613,-0.05231458868747917,-0.2339229550776703,-0.1437121976381655,-0.10815230043776561,0.2544007084590559,-0.03686634682540045,0.11860298447506927,-0.3104474886678505,-0.05726467245180698,-0.4253548001296407,-0.1109760940716767,-0.24789950106588396,-0.20012233700192178,-0.23334322376259317,-0.2453359018017319,-0.36914642552278526,0.048792378587372814,-0.01910374451651778,0.05598652467053458,0.060250973446479845,-0.14215103141961136,-0.08331697608494205,-0.14566502485540953,-0.18120666280179124,0.06468432032209324,0.08878836155148881,-0.19909525396339933,-0.09690642588797034,-0.13502353161361594,-0.319066769527131,0.0969840277175476,-0.3361218257428093,0.012698398206941255,-0.2192708166907841,0.12019062661194976,0.01125135232600072,-0.04895397298543368,-0.34401530125486723,-0.1578795528308691,-0.1754915162941018,0.06502759429763497,0.0763930669612493,-0.015201741932833334,0.41554318998297324,0.12050377281836151,0.026060520297443247,-0.1400731283123428,-0.15604906261554685,-0.20849420496925597,-0.2071950590458627,-0.2564092264010554,0.0175800097687009,0.1711704638307002,-0.023195643341991264,-0.31517572249585746,-0.11459325229267758,-0.1149255707158084,-0.1764884715634943,-0.17624653644775343,-0.007243446069010851,-0.2052166688729932,0.02543605381002159,-0.20406998772065169,0.05222055352928556,-0.13253296936553657,-0.025601300058886094,-0.15470883337061264,0.06919983384078844,0.14128371685374794
#51,0.4043210524634016,0.4060082075346812,0.48388757777301006,0.3693326699137707,0.11007408692317876,0.3265996247723299,0.4854861754623015,0.24111436227272934,0.1983612319518686,1.0,0.5336221338677208,0.07983858819447931,0.17282475224474705,0.007725490375090726,-0.14974961997927574,-0.19407943688460608,0.6734012881903709,0.23367371626032218,-0.10693714708285593,-0.18935485490740275,-0.022798504567095913,-0.013912638599150031,-0.09311489179109587,-0.047111614254999615,-0.09911670858687069,-0.03585295822739162,-0.0430480172732543,0.014769910575303446,0.14292157193917843,0.0924265179146106,-0.026014872162397805,-0.05806625370320496,0.14767810761091354,0.14034884304801729,-0.05497131014712394,0.06839642666398864,0.008172842098536064,0.03332679043397682,-0.03436939383841473,-0.009272962153131234,-0.13814038627451874,-0.187669525761525,-0.15754540848233645,-0.07011279654169729,-0.2202303404894393,-0.13401744671721436,0.22789648828897097,0.18531499495588108,0.1413311909141952,-0.03366823848411673,-0.07474973409961336,0.020292421953101106,0.02095888472476457,-0.18149607197797935,-0.10948705190649435,-0.18342607512770065,-0.11522684840710833,-0.18248481058306362,-0.07424303980060895,0.1324243268041284,0.1072329469979504,-0.0011612885555560629,-0.02358730434068116,0.013608622019747383,-0.020978056941483657,-0.258826751633062,-0.08908872628008782,0.36711234462516035,0.19967224639037373,-0.0047510578955296786,0.1322910342497957,0.0919627328625489,0.10248645391592527,-0.1282265243053495,-0.09268762524707053,-0.24373547818703867,0.04211405643022454,0.2061250667603975,0.0541012566931578,-0.04951179319568899,-0.12629195634212365,-0.22054805150935558,-0.2018880068654795,-0.11603116854660903,-0.19908886322449296,-0.10335468144448959,0.09094021463753098,-0.04307358022887975,-0.09902723824218161,-0.11196209378865826,-0.21246924456901314,-0.18440659706847676,-0.17870149315049733,0.008022203252886103,0.0592056311539392,0.1188020103438674,0.031156678093916472,0.04984867643232436,0.05391227341406967,-0.061215975021340505,0.002019473494410386,0.2592467144754801,0.07164474795382235,0.27043872422592174,0.10601231586683527,0.11493378738011659,0.16277029401963783,0.00986547494602108,-0.08033797879187646,0.17409742224981398,0.0943546951389301
#52,0.4317583205138154,0.22367038394646388,0.041346254798760196,0.09812066628017913,0.2546663806050204,0.26065085110947794,0.742865881214423,0.44090985862772575,0.3282338280069568,0.5336221338677208,1.0,0.25329511062825527,0.3862663020902281,0.20081071087840707,-0.1566105346766058,-0.1583040804867917,0.19300670571103817,0.0520909128257565,-0.13358196350888085,-0.09920161411805521,-0.06532613310083217,-0.01126048195300981,-0.06483769805584592,-0.04777351221315853,-0.11987108966663167,-0.07557413941853405,0.025919924041503284,0.02621207210579412,0.04703675131352508,-0.014401986606837178,-0.039005418433629896,-0.1205758968717333,0.0953653448488362,0.17517837008769008,-0.11120616067230574,0.19423920535726513,0.13372438569022263,0.05106382978723404,-0.004125678445407113,-0.03248321289833704,-0.1585295822739162,-0.06255529130357379,-0.10586624183468984,0.12418849027922964,-0.10946787968977527,0.06913044867551936,0.24252671557103533,0.11682179424559609,0.20204686237543765,-0.1175348181150059,0.01974007951905125,-0.1544577686278627,0.1078309375670457,-0.1647769860362355,-0.09940155294955424,-0.169850319765186,-0.27466574153112977,-0.24213140272154182,-0.115089904001972,0.07533676911629775,-0.09220101612748612,-0.05142992783029849,0.1477009316784363,0.22843513628250717,-0.02538036308526615,-0.20005842961285816,0.05807812221831677,0.4634938169601081,0.15425965572176548,0.060677327027804276,0.04299141358579795,0.02012991459233933,0.058296320303833984,-0.07925703095400037,-0.03695946902089315,-0.15754084366883192,-0.0822497226875796,0.03949567940401795,0.15486494999246805,0.06255255241547107,-0.3452888842226351,-0.11272259171851534,-0.09290764925798957,-0.04767947705496492,-0.036502074707737815,-0.0054750373173504,0.013737349760575533,-0.13338932837898906,-0.00807241620143609,-0.14951955337864672,-0.09865383649750989,-0.05154222224251028,-0.0011256830102206175,-0.10590732515623075,-0.03723792264467035,0.05237849607654279,0.053159079185819864,-0.007700840382166186,0.08178045985931245,-0.049708993139085306,-0.03709732638873039,0.12101685785627228,-0.14889326096582325,0.1361957757215829,0.07138090173325969,0.0405008513377186,0.08236019117438957,-0.13772955305910978,-0.04970077647477712,-0.033817051404364876,-0.009625365755682052
#53,0.11081449967361584,0.0309120040900729,-0.15607279964577048,-0.31110573477520576,0.5031337444708697,0.5331473932632482,0.30884797801585817,0.35277426540738677,0.31497213181355477,0.07983858819447931,0.25329511062825527,1.0,0.6829307928624576,0.2768495483117037,-0.2628465264051637,-0.24007541071909508,-0.09212889207411432,-0.10546088639548631,-0.04329634312790151,-0.10505279206818005,-0.07642228176767839,0.06417853898578973,-0.2936270638663057,-0.23310311457225416,-0.2191366111737505,-0.12174722801699936,-0.05603765058178548,-0.17710563434930865,0.13839784175617506,-0.08263590591006405,-0.09953393254118603,-0.11672593316200067,-0.0448931148917911,-0.06970652813979285,0.15250676733602048,-0.13964768769371927,0.18700397595256246,-0.12980686274062272,0.001861530947153154,-0.1420095222009705,-0.24179634541030826,-0.3239374255364797,-0.1816567534133393,0.05921749966905102,-0.42430671894899735,-0.12383243482587519,0.16587801905353156,-0.005054161512231418,0.07195606823483226,-0.227395271766172,-0.11983548412129623,-0.4331770645510278,-0.1290317574075511,-0.18767409057502957,-0.19569811975331747,0.01995462575376483,-0.2507415539538132,-0.3308951142801061,-0.0389853332542099,-0.12002355443768345,-0.13499979458339229,0.04662500513541519,0.12940059433871828,0.07378929733825725,-0.12541551214925115,-0.18269114015346902,0.15120123067372082,0.2412933029621075,-0.16552744137638256,-0.31735587742562776,-0.26265389127527194,-0.3613533759078273,0.07497523588673785,-0.04156627880967923,-0.01800088557381988,-0.18202650330720738,0.06875339508004401,-0.026014872162397805,-0.028382184445854466,-0.059340749633673716,0.03173914829709632,-0.026533434976514034,0.35861722669320345,0.22039284785020108,0.016164917582292177,0.41292207406866394,0.05850904061314575,0.08310425577563028,0.038049546485778324,0.21255597602559947,-0.20960710650166386,-0.051189818639959465,-0.1994650038572674,-0.14369667727225005,-0.03958423678600611,-0.1050062309704337,0.07815873682480702,-0.08084467309088088,-0.17065190101658398,0.0844554405729754,-0.08747460822488097,-0.09899071973414526,-0.1287414352686621,0.11324298045803338,-0.04766943446525492,0.22116338836976815,0.05903855897967288,-0.19681010832302445,-0.12378587372812884,-0.010122017464976468,-0.018852679773767842
#54,0.12372653115256976,0.06265571720067377,-0.0418109528135228,-0.2199509739029612,0.47643962805899565,0.7122058548298009,0.3896250918668718,0.2860558641876686,0.19956177790356375,0.17282475224474705,0.3862663020902281,0.6829307928624576,1.0,0.41261166675035493,-0.17826783586756564,-0.10695175448607047,0.022110130690610637,0.037490813312822106,0.019613177703624918,0.032862092419214214,-0.2536913364404497,-0.014831992038965248,-0.02820233079377542,-0.022923580457120424,-0.13460539469659968,0.00785786996672251,-0.09272962153131234,-0.10178986337513181,0.3098805388305861,-0.02509460575988168,0.14817202043210526,-0.1347651631692587,0.03201668895817261,0.05004313748761794,0.2803845398896228,0.05506625826801846,0.26644816426024914,-0.03176105940191813,0.004365787635746142,-0.10064135629738848,-0.2216408678623435,-0.3102758516800796,-0.13139815672830688,0.15632842920202494,-0.26254433575116287,-0.05178598328365295,0.16234120155021067,-0.06300355598972004,0.09635043160311685,-0.2772421222730945,-0.1159252648733036,-0.3221525834562029,-0.006618979581589194,-0.20348843048017273,-0.15946628200504867,-0.09479930797427272,-0.25017551707924973,-0.41144307449319156,-0.02962107483098778,-0.019720907302332162,-0.25668402817402897,-0.0911072868117973,0.2808017638439382,0.30022687123117586,-0.064546462954256,-0.11220037705359548,0.30279320938343063,0.19050336198514609,-0.12717387831120158,-0.14279284419835028,-0.15182113234763794,-0.21968164990619307,-0.025335627912921616,-0.04154710659296015,-0.00996863973122378,-0.21380582196314368,-0.03683621905627046,-0.06791529532060968,0.06829417484148685,0.17368202422090046,-0.0052732725604495425,-0.009293960295252137,0.25095153537502224,0.13128221046529143,0.11974510081390624,0.27639763177475385,0.11048857198939137,-0.004772056037650582,0.051294809350563984,0.13120095678491056,-0.1258646897980983,0.07327073452414101,-0.0378404780272702,-0.06444968890795967,-0.09298525108756682,-0.15809227314018084,0.15139112691550988,-0.0329123053677642,0.01662961559705478,0.004200541386881639,-0.08828349317788622,0.21550484554953508,-0.1123774918175718,0.18202102553100194,0.02021755901162658,0.09504763382891993,0.16189019797596169,-0.3286839186185048,-0.12603906567397188,-0.06094573806187148,-0.04409244660309403
#58,0.04200723979421821,0.010152145234106461,-0.05383467158449241,-0.053503266124062504,0.3192539268808173,0.2244573577946473,0.2569789151264225,0.15690816051710207,0.2094144713717721,0.007725490375090726,0.20081071087840707,0.2768495483117037,0.41261166675035493,1.0,0.038471335253598214,0.11044018496624321,-0.11671589057229068,-0.09120406085809364,0.0900966371018912,0.18313484002611075,-0.26508054613428766,0.07908082915272496,-0.020148173846357507,0.09913588080358977,-0.21486211980809525,0.038250398279978275,-0.11077615524017766,0.08976431867876038,0.07029447611917815,0.11951046939977267,0.10544627899227177,0.12718574682631342,-0.06411371863402521,-0.04045063838916861,0.09292316962390501,0.23412563279727205,-0.016874289600898356,0.20352951380171364,-0.12789329291951776,0.0010170404488124638,-0.10636563243208699,-0.0052422318286186416,0.17317532992189605,0.08266785960459586,-0.1124295306915236,-0.02660829791798856,0.12928373511300195,0.0812080322458426,0.03444608270529108,-0.22500696134059442,-0.14993495140756025,-0.23440591234645108,-0.20073767386233435,-0.06320897259742453,-0.3214541669900076,-0.08671137140692117,-0.4094519028425094,-0.18635212058411355,-0.09691646847768035,-0.2014735217992669,-0.09738207945514386,-0.16341210679837676,0.5458887007171322,0.37213820429366357,-0.12071558016497236,-0.1752760570966873,0.607281790502449,0.003460128636444558,-0.06724974551164713,0.13770307714078342,0.029684069257350492,0.029523387821990533,0.007109240551977249,-0.02160617527970895,0.018270209570587993,-0.0609165232554424,-0.19743822666124974,-0.05255561084051911,0.22773306796550827,0.1798426965266334,0.10424116822707208,0.3166172906005925,0.0784244089707715,0.20298630099467285,0.24653005701452066,0.1800691112764588,0.02589162219777511,0.02818498450245815,0.09593412061150242,0.21863265576284882,0.1467039764090438,0.16568173207283615,-0.08339183902641657,0.08509086261280796,-0.02566794633605244,-0.151990943410007,0.07185107752422774,-0.05450661213236133,0.049635043160311684,-0.038289655676117355,0.015602532558532322,0.14943738673556492,-0.064907083221115,0.012532238995375844,0.014054147817790904,-0.01616126573148854,0.10395997571519215,-0.32052477096048243,-0.12925360734387198,-0.2013091885131033,-0.28550078286551606
#101,-0.1323302916459348,-0.062132589573052996,-0.06926739308065569,0.06911949312310846,-0.14261299054627125,-0.3457033692888477,-0.21826290586898073,-0.28604673456065954,-0.111574084640772,-0.14974961997927574,-0.1566105346766058,-0.2628465264051637,-0.17826783586756564,0.038471335253598214,1.0,0.6513431963737122,-0.13215591577006122,-0.011831996603778752,0.4096107583524675,0.21991536835762576,0.17165889887568644,0.04694271615533147,0.3493543071297822,-0.004113809930295298,0.07973633637197752,-0.04577229797276632,-0.12930382029242196,-0.12563553616017017,-0.08854825236114978,-0.08699165095610019,-0.25077442061104593,-0.23547407870651443,-0.17335974838747964,-0.12849767422751943,-0.16445014538931013,0.11226337147995818,0.0017601920873522713,0.06675126787695089,-0.0932317510168122,-0.041746132461758276,-0.022564786115663246,-0.05531001930916112,-0.13938931924936207,-0.04943236544070992,0.020140870144750238,-0.12185952242921115,-0.26487878137738685,-0.18329004368526525,-0.04899049149347003,0.1694504421021879,0.017328032063250055,0.20704898501371727,0.06024823455837712,0.13989144873486195,0.2479469751263312,0.13386772083426532,0.14516106944450785,0.29713192767509483,-0.16957004021600697,-0.0687524821173431,-0.06980786699959374,-0.08373146115115467,0.12476822159430677,0.19363391108656255,0.06889125244788125,0.12766961705779512,0.10533946235626543,-0.2103091748186628,0.48120620632044075,0.545500691569246,0.2492634673410418,0.1813582146101421,0.0337376236493858,0.057124989158567924,0.20146530513495872,0.1790995448880936,0.10179534115133726,-0.011796391058443307,0.4143170810756526,0.21625347496428032,-0.15159015278430799,-0.18858705327593842,-0.25082645948499777,-0.07418461018775079,-0.05165451665472207,-0.09406254707463926,-0.06271779866433556,-0.15768783066367822,-0.1021495706792899,-0.27382307695819086,-0.16064856870272565,-0.04113444745214934,-0.0820735208863042,-0.21187216696261874,-0.11857194374323837,0.08609329565840587,-0.04047254949399042,-0.07164018314031781,-0.05627867273482542,-0.032890394262942386,0.15255424139646775,-0.22533745383832343,-0.1158850945144636,-0.037902559490932,-0.04967886536995531,-0.018482929879899756,-0.0507808113499523,0.007838697750003424,-0.10326155924899688,-0.10291828527345516,-0.1707158084056476
#102,-0.1423527961765122,0.03969379231011517,0.08119068595452533,-0.04379664668799956,-0.14126180574892613,-0.29891768271807256,-0.26994389844202915,-0.23581278786855164,-0.08069768609603455,-0.19407943688460608,-0.1583040804867917,-0.24007541071909508,-0.10695175448607047,0.11044018496624321,0.6513431963737122,1.0,-0.07582976897478853,0.08770650075091183,0.26437300004108333,0.2217148178411171,-0.0333140089561641,0.1738710074999886,0.2022066308480967,0.19900304473060754,-0.1570761456540693,-0.0331085923484596,-0.040030675546750535,-0.11799951612976851,-0.21918499819689866,-0.213041672182483,-0.04120565854282023,-0.34524597497569237,-0.11556281868104279,-0.11834279010531025,-0.12578434908041833,-0.006897433205366395,-0.2710440184966243,-0.0793218513057649,-0.15407067244267736,-0.1303382070325517,-0.06815175266014507,-0.05017003930304428,-0.1585405378263271,-0.08410668882122821,-0.14293617934239297,-0.13755152533243253,-0.1883715940785239,-0.21350089242104014,-0.035992641520630676,0.17993947057292975,0.1322362564877412,0.3124286177288227,0.1589513710417361,0.27477803594334155,0.1420323462684932,0.2665348957168355,0.122061287186112,0.20005934257555907,0.05976892914039997,0.17383175010384952,-0.06351116325142536,0.0053563521662322484,-0.07093081112171162,0.12574783057238195,0.09542286149899346,0.13526181487855313,0.0747013470764652,-0.29605097983721873,0.2876800248325855,0.5692623717858006,0.2191484796888623,0.27149958688437786,0.023872148703364723,0.05460521210405949,-0.07409148799225808,0.11704090529381422,0.04264722664755531,0.08025124733529011,0.19923219836853565,0.1701287733889632,-0.058686155377122066,-0.08417881287460001,-0.1945560034144805,-0.11402721541811409,-0.0632573596205727,0.03907297767349715,0.14501682133776425,-0.1879059831010604,-0.08846334682996526,-0.29463588765081,-0.26418584268739703,-0.17896533937106,-0.005570898400945829,-0.03643268954246874,0.0700205873089055,0.12122136150127587,-0.032140851885496216,0.026850233033729406,-0.003925739613908074,0.041578147324791044,0.02694335522922211,-0.07587906896063762,-0.10071987108966664,-0.19253379103196738,-0.03517462694061634,-0.05763350938297416,0.081744854313977,-0.07961491233275665,0.07337663819744644,0.0298602710586259,0.021559614181962596
#201,0.3789306467884255,0.287083860188892,0.7767340585300387,0.3092350742010435,-0.10643866944815969,0.18444768039001766,0.1140071302386941,0.1564991532270949,0.057691026033131414,0.6734012881903709,0.19300670571103817,-0.09212889207411432,0.022110130690610637,-0.11671589057229068,-0.13215591577006122,-0.07582976897478853,1.0,0.5268315172983608,-0.0668462159978454,-0.2068472202568164,-0.09827586993933363,-0.09514166898711353,-0.13217234909867756,-0.06393386498194616,-0.09998858796623863,-0.14163155564279423,-0.10190672260084814,-0.11102448109482486,0.23934138870756436,0.021631738235334395,0.09711366842107666,-0.0868072324905166,0.20938890841614666,0.06539734419150306,0.08403730365595914,-0.049581178360958066,-0.10200897442334994,-0.06918613940027481,-0.0955187225825889,-0.09324544545732584,-0.07108144996736158,-0.11516111509264289,-0.1018711170555127,-0.16874107008358175,-0.19399635727882336,-0.17464246098225658,0.10663769531695783,-0.02004227017305208,-0.09635408345392049,-0.1694906124610279,-0.1524364692080505,-0.03214267781089804,0.032984429421136,-0.045418981407514596,0.03504498623708728,0.0636398909922535,-0.007334742339101736,-0.2083207420560833,-0.08147918216801253,0.08250626520653499,-0.01595311023568132,-0.005076985579754139,-0.22207178625717247,-0.18045712042434506,0.17948664107327894,-0.1412581538981225,-0.17852894320002557,0.23266671840121972,0.21483290500166616,-0.05935353111148644,0.3310402753495506,0.1749145238671274,0.20142604773881964,0.041750697275262816,-0.1318546380787613,-0.09918883264024249,0.10107227469221745,0.36661021513966047,-0.05368768458964609,-0.12147790402023126,-0.018411718789228867,-0.07044237607672539,-0.19987401114727457,-0.06831243409550503,-0.10728042105839766,-0.12119488558294951,0.0624320413389511,0.026241286912223202,0.00640717223497834,-0.00496469116754235,-0.13248184345428568,-0.25430119552465685,-0.2238484116731411,-0.07943962349418214,0.022563873152962335,0.20633504818160653,0.08621289377222494,0.3939260591508534,0.13369425792109263,0.10165383193269639,0.05974610507287725,0.4179917559468108,0.16858495346172633,0.5087238150885346,0.25545061556510107,0.25381823825587607,0.2689998950092894,-0.02851365107478534,0.0060894612150620584,0.1370201810405036,0.05782888340096865
