,#10,#11,#12,#13,#17,#18,#26,#49,#50,#51,#52,#53,#54,#58,#101,#102,#201,#202,#301,#302,#401,#402,#501,#502,#601,#602,#701,#702,#801,#802,#901,#902,#1001,#1002,#1101,#1102,#1201,#1202,#1301,#1302,#1401,#1402,#1501,#1502,#1601,#1602,#1701,#1702,#1801,#1802,#1901,#1902,#2001,#2002,#2101,#2102,#2201,#2202,#2301,#2302,#2401,#2402,#2501,#2502,#2601,#2602,#2701,#2702,#2801,#2802,#2901,#2902,#3001,#3002,#3101,#3102,#3201,#3202,#3301,#3302,#3401,#3402,#3455,#3501,#3502,#3601,#3602,#3701,#3702,#3801,#3802,#3901,#3902,#4001,#4002,#4101,#4102,#4201,#4202,#4301,#4302,#4401,#4402,#4501,#4502,#4601,#4602,#4701,#4702,#4801,#4802
#10,1.0,0.3668594539570086,0.35223653037655145,0.37006121414909593,0.2502786818644524,0.0847959756604144,-0.00350668973419091,0.6058347446215084,0.4946231061729973,0.38105054617993583,0.38158189047186475,0.18930464195885277,-0.04581520721970904,0.040291782879210467,-0.07445028233371526,-0.03509063437213273,0.3238789959236215,0.22944578599241328,0.0696289263102156,0.005612894685187637,0.03009125062195584,0.17303290774055427,0.0962417890417087,0.1028415964065788,0.16524533590180174,0.3720231709933491,-0.05292992554789174,0.2543249325548805,0.16778337221032835,0.1245043753737441,0.17565767550566722,-0.17852711727462375,0.15646811249526402,0.020415671917723803,0.010164013749218275,-0.15999762629697764,0.2040855080865671,-0.07486020258642333,0.15960413937288592,0.17412663705624307,0.049962796769937964,-0.06418127787389247,0.10683672118575596,0.04552671100622184,-0.089808140888404,-0.018747689063163323,-0.22234567506744513,0.25580028027954915,-0.20413937288592074,0.13839418990537142,-0.049897063455472526,-0.14277732383243483,-0.07694175754449552,0.017414763519836396,0.03609945815663701,0.12854240939986397,-0.151199404748319,0.020986273605791837,-0.1669644446676131,-0.12284278325808999,0.11465989856984393,-0.01805748926127623,-0.015826208420254992,-0.2667622234293618,0.17204964691167543,0.12240364819895283,0.004101028452482574,-0.15687164200906573,0.11295357128184529,-0.010476246992929103,0.25647861156632445,0.10001871573536864,-0.06775917869875427,0.06932399676811205,-0.05851817024015484,-0.1844403766884104,-0.08394418146046644,-0.18466131366203034,0.02084750327525369,0.0868483158120575,-0.029913222895278615,0.0914377793095263,0.05943387182916642,-0.04312379317742974,0.19271820949755097,0.02844974368572172,0.16280498660227236,0.1317432566292504,0.04584716091424085,0.02995430621681951,0.04310462096071065,0.21257514824231857,-0.18204293663582374,0.12284278325808999,-0.35383604102854377,0.08949499468199226,0.1698494068024851,0.15097481592389542,0.2198487220804594,-0.022749204581246834,0.17428001478999575,0.14496569542651336,0.2662062291445083,0.19820328940461138,0.30935558527756346,0.1280521484294759,0.24171691765532918,0.14917901829120772,-0.11104091442344123,-0.08489822748291619,-0.2891060725714051
#11,0.3668594539570086,1.0,0.29111641643880637,0.3713101471239392,-0.01753983940986091,-0.15570122382650056,0.22319199149118762,0.23344364965969316,0.24331277645651786,0.5080920448995057,0.2838254963093483,0.03770901139833932,-0.09858171244413809,0.019872459110683034,-0.07887084773151593,0.30632272318514425,0.12928464807570286,0.2941164118739929,-0.06924183012503024,0.18712722591718514,-0.026843842294823044,0.19912994654603386,0.08450108870802084,0.05954890512948093,0.1473941762109309,0.2216837771092862,-0.10663952124235965,-0.0026658510866538546,-0.054663641716917656,0.15385521324526286,0.13720368654338627,0.04094546417306121,0.11314894529983978,0.17063090287446306,-0.028691678801462565,-0.2047629264106415,0.022549265749747794,-0.14868419250731513,0.017171915441394642,-0.03250877585396249,0.14718328182702095,0.012720309311763068,-0.11515198546563381,-0.36256852926273697,-0.05444544363140044,-0.2093003510341585,-0.1918326356776694,0.05806534074050405,-0.20053956095623712,0.03082435967078565,-0.0033332268210182273,0.0724235051376976,0.0120328483979787,-0.15497724440467986,0.04467948161977842,-0.14541122122455688,0.10248371502782254,-0.02012991459233933,0.13656004783924552,0.009202664025161253,0.11105369590125395,0.06563745338184208,0.052647820073310904,-0.02496040024284808,0.13038020331679348,0.07533768207899866,-0.03277079614912333,-0.08240127449593047,0.17409011854820672,0.16581593758986976,0.014661268013895293,0.16295653841062324,-0.031196848452756464,0.1265841044064145,-0.09354307129782213,-0.15204572117206153,0.03335235338960227,0.009066632582725833,0.0002455869665444818,0.19474863854437227,-0.19512569213984762,-0.051377888956346686,0.01722121542724372,-0.2762342114512912,-0.08060730278864457,0.11009873691610329,0.11903390286989825,-0.05185171659811839,0.13773868268611886,-0.16576937649212342,-0.3864607631455217,-0.020953406948559117,-0.2137674775297055,0.23263019989318337,-0.02923854345930697,0.2815312210419643,0.3424568739244158,0.031147548466907385,0.3057265585414508,-0.16505178780920907,0.0717013516412787,-0.04053919577115677,0.06627287542167465,-0.11531631875179739,0.1472581447684955,-0.1401963782769655,0.1016227912008655,0.06960975409349651,-0.1627967699379642,0.04341502827901966,-0.10121834872436286
#12,0.35223653037655145,0.29111641643880637,1.0,0.43669014502412506,0.22460525775219453,0.038249485317277364,0.056744283712288936,0.153703661436912,0.044320687278321245,0.1947924607540159,0.19934357981804654,-0.011560846681608823,0.040314606946733195,-0.19486093295658405,-0.3615113184550845,0.03143513171769367,0.3734181780003378,0.6301451154213095,-0.12462488645026408,-0.07783463506598438,-0.23793086133466018,0.012301259432045904,0.2614643008759877,0.3833484732981234,0.27585259304231124,0.3107378108067395,-0.13765469011763523,0.19080007486294148,0.08585136054266503,0.24265635627456442,0.25865146279448753,0.21090625242505717,0.19675350463556812,0.24592567570651902,-0.11168272720218016,-0.035313397271154484,0.16081290198888926,-0.040170358839989595,-0.22282315456002044,0.07586720044552579,0.11975605636631716,0.049092743315971826,0.006923909123692751,-0.04202458608553548,-0.10470312735373197,0.1767888362920933,-0.2008782701182743,-0.04886724152884734,-0.3089109724422209,-0.11746634591243775,-0.3407332003450999,-0.0798888011430293,-0.34264311831540123,0.32623809154277,-0.23275527578320787,0.22278481012658227,-0.18990811030415353,0.16135976664673365,-0.2063596981745311,-0.14092127066148713,0.035126239917468174,-0.09767970529564014,-0.16019208735227122,-0.25346583465332523,0.3043762867068066,0.2088365659820968,-0.35129800472001715,-0.16706121871390944,-0.11873171221589741,-0.09722413690788663,0.06764231947303793,0.22331980626931486,0.23637243400420876,0.360034144805014,-0.07572295233878219,-0.03363628478958492,-0.07863804224278417,0.0878799636640845,-0.008097979157061539,0.40501673004149413,-0.22101640137492182,0.07889001994823501,0.13734884761283078,-0.1311023568132124,0.20162507360761775,0.19820876718081681,0.13123199751674144,0.103851333153784,0.24364144302884505,-0.044263170628163984,0.0323754832996298,0.3180999420268685,0.052520918257884575,0.19958003715758194,-0.08876371155856427,0.5510971529258172,0.5456577211538023,0.14869971287323056,0.5158184482372973,-0.23941442572363705,0.06959879854108561,0.3656470394902016,0.04994362455321888,0.054729375031383094,0.16840966462315182,-0.06844024887363227,0.1581488768276372,0.0033505731123354954,-0.2316551557286127,-0.12979134237470727,-0.22611347213409597
#13,0.37006121414909593,0.3713101471239392,0.43669014502412506,1.0,0.22947317487344054,0.09671196483267676,-0.004069987720651673,0.37827696549457474,0.11733396632080596,0.4658410440641448,0.49895511418880983,0.03341352189056316,0.012037413211483244,-0.05307691254273807,-0.0088776493036377,0.13461635024901059,0.12539268808172843,0.0858066253703205,-0.16792031661546467,0.010717269145969042,-0.15095838259527908,0.20467436902865332,-0.06045821597958615,0.21391629044995367,0.053275025448835285,0.3143458394007313,-0.05750660756754783,0.28154948029598253,-0.18683781674099706,-0.018611657620727907,-0.05616911721071636,-0.046416849639607974,-0.10525820867588455,0.1342064299963025,-0.17979430950348524,0.18722947773968696,-0.12259810925424641,0.16344040864210493,-0.06693020856632902,0.304582616277212,-0.23137670210483552,0.030979563329940157,-0.15352745963563658,0.19079459708673602,-0.09135378674104269,0.16394801590381025,-0.1084809670100928,0.14871614620184692,-0.08794387105314812,-0.014792734642826167,-0.054974049035226666,-0.07589276340115124,-0.1309298068627406,0.06254068390035925,-0.10779533202171025,0.23281187947066423,0.012411727918855876,0.23816457978609284,-0.04738459010257136,-0.002569990003058425,-0.06305650782637276,-0.019426020349938605,-0.025934531444717825,-0.11853086042169747,0.31381814695960597,0.2565041745219499,-0.1078409801567557,-0.0811359081924708,0.048721167496701925,0.020581831129289213,0.012014589143960523,0.022038919599939744,0.21951366476922585,0.2597817106182127,0.08983187791862764,0.11156039020025837,0.07425764720382348,0.08074972496998635,-0.22725284958483022,-0.02448109482487093,-0.16024321326352212,-0.008405647587267822,0.10506100873248823,-0.08910515960870419,0.03289861092725057,0.1623768070955461,-0.044990801900788344,-0.2523273701652919,-0.15383604102854379,-0.2017209346912132,0.09647276860503864,0.017260472823382802,0.12900071667572022,0.21917312968178684,0.07654644469500199,0.05534653781719748,0.22087489215628095,-0.03824583346647373,-0.016661569291586593,-0.1817818293033638,0.16270729959327512,-0.009708445361464757,0.12104881155080409,-0.041129882638644796,-0.09574422436971337,-0.15509866844390072,0.1367316848270164,0.00016250736076177608,-0.1349285834927214,0.020417497843125618,-0.08056621946710367
#17,0.2502786818644524,-0.01753983940986091,0.22460525775219453,0.22947317487344054,1.0,0.5450734250252206,0.10412613492675757,0.16557035062332529,0.17181866734834547,0.2030319491297183,0.5115485216851465,0.6653215682873276,0.26764323243573884,0.35527669617057794,-0.04858331012886469,-0.23349203668284133,0.3041005719711321,0.05393692340699421,0.02303039709312676,-0.1681896406122328,0.05156230742193028,-0.19291267055284456,-0.21414179223707816,0.05322663842568712,-0.16826176466560458,0.18937676601222458,-0.22907512313584427,0.09230691980079155,-0.08828440614058712,-0.12359049971013435,-0.11964011010330174,-0.09193899583232527,-0.05906686082340106,0.010581237703533622,0.10895844650266813,0.11615076666042809,-0.04549840916249367,0.06892138021701123,0.1899802343575253,0.1271537931317816,-0.307767943140683,-0.17967927620317073,0.16799609251964012,0.4171025302761256,0.08777953776698454,0.22366216728215568,0.09559541144946523,0.015066623453098824,-0.15870852296329432,-0.2071357164703036,-0.12318149242012717,-0.21133717081988615,-0.2614159138528395,-0.06603915697024199,-0.06482126472722957,0.0018551402082467921,-0.0942816581228574,0.06150355827212679,-0.11370402662199236,-0.1518695193707861,0.09710179990596485,0.16098910379016465,-0.03460128636444558,-0.17757033236407127,0.07994905668128928,0.07685411312520828,0.0921480642908334,-0.14964736815677396,0.07929537538743854,-0.05156230742193028,0.1615816165830545,0.03192082787457719,0.07141559431589423,0.15155728612707528,0.18841632925086846,0.12624813413248,0.02999356361295859,-0.0013055366622996617,-0.2763218558705784,-0.2925141623338979,0.28019281772243193,0.3942264238794524,0.3466373301318775,0.2615145138245377,0.6634344743845491,0.2123313872011759,0.14475845289340705,0.08088301752431905,-0.28119068595452534,0.06668005678628,0.6122674798121123,0.3427344145854921,0.34730744475434455,0.018618961322335176,-0.24534320550333916,-0.22264512683334323,-0.12051746725887513,0.09554793738901797,-0.061498993458622246,-0.024601605901390898,0.13659382745917917,0.40822122912168424,0.05288884222635084,0.3054271067755527,-0.10954182966854889,0.04203828052604911,0.04678112175727061,0.1697270698005633,0.14783239830736716,-0.1527231394961359,-0.213352079500792
#18,0.0847959756604144,-0.15570122382650056,0.038249485317277364,0.09671196483267676,0.5450734250252206,1.0,0.20369567301327904,0.10616386767518612,0.028246153003419046,0.0892813614099796,0.15085430484737547,0.5041206571505521,0.5676509926186966,0.3304322421907453,-0.07748679627693811,-0.2649892498641968,0.29360423979878303,0.02178785485718981,-0.171593165561221,-0.23417493278312115,-0.04312561910283155,-0.2787631181328087,-0.10249193169213072,-0.030233672803297622,-0.2644615574230715,-0.020824679207730967,-0.11041279608521594,0.07818429978043247,-0.006076679737249334,0.06386356685397618,0.027887358661961865,0.08790735254511177,-0.022163082527263348,0.15845380636974077,0.08124728964198168,0.3124377473558318,-0.12592768422446102,0.07221078482838583,0.11945477867501723,0.13691519032989907,-0.20073949978773617,0.022756508282854103,0.0899213482633167,0.3361565183254438,0.2149716753322043,0.056139902404287276,-0.008157321732620614,0.1601984780911776,0.016541971177767532,0.017583661619504535,0.05032432999949787,0.028885226894055243,0.02759612356037194,0.06415480195556611,0.1184724308088393,-0.05794482966398408,0.038781742571907224,0.0014205699626141774,0.09653485006870044,0.0718036034637805,0.16305422541962047,0.14150921864087243,0.02402552643711741,-0.03141139468747004,-0.03274432023079697,-0.008464990162826898,0.16303048838939685,-0.06412467418643611,0.03437030680111564,0.02701639224529482,0.27981850301505934,0.10557409377039902,-0.00015520365915450525,-0.0655461571117512,0.10593653996265982,0.04509853149949559,-0.08825793022226076,0.004775707888454217,-0.16530924329086535,-0.23931673871463982,0.2517193370064866,0.4458617683174554,0.11824875494711663,0.21281343150725576,0.24750601414179224,0.07520256359926415,-0.09251781418470148,0.20309037874257646,-0.14551438600975958,0.215856336189385,0.43664906170258416,0.218610744658027,0.26587025887057386,-0.1216878854414403,-0.0404186846946368,-0.17005938822369412,-0.17728092318788316,0.10007258053472226,-0.12334491274358986,-0.03861740928574363,0.1966174731931327,0.3422487184286086,0.3228893443558363,0.2953434337440144,-0.18801097381166493,0.06328383553889906,-0.05085476132872591,0.1851022746465693,-0.014867597584300693,-0.07868369037782962,0.0632774447999927
#26,-0.00350668973419091,0.22319199149118762,0.056744283712288936,-0.004069987720651673,0.10412613492675757,0.20369567301327904,1.0,-0.08003487517517471,-0.04280699512021437,0.39191206343264845,0.13941853405579116,0.005246796642123186,0.4132361332377766,0.4328885683375406,0.07648162434323745,0.1648500230523082,0.09217271428375794,0.1808314351317177,0.05546978778182017,0.03961253862973428,0.05546887481911927,0.03727718004080943,-0.14279284419835028,-0.06316697631318273,-0.0501006541377752,0.03998867926250873,-0.18159832380048113,0.013784823821022791,-0.10784554497026023,-0.17751007682581127,-0.054357799212113186,-0.05157874075054664,-0.07852392190517056,0.04606535899975806,0.15038686794451012,-0.07135807766573697,-0.14805059639288437,0.020771727371078255,-0.07789397764154346,-0.01977933691519033,-0.15037226054129557,-0.2342927049715384,0.12501106967274853,0.13307709513527824,-0.08475397937617259,-0.06546125158056668,-0.021866369649467973,0.2944706414019455,-0.14679892452993834,-0.08410486289582639,0.027339581041416552,-0.19216769298890293,-0.019956451679166647,-0.14608681362322942,0.1541893575937955,-0.10646788425458878,0.11903481583259916,-0.14756398727329995,0.11230354183879818,-0.1506297160229519,-0.0220343547864352,0.06597159773037473,-0.12475270122839131,0.02717524775525296,0.08062830093076548,0.03897802955260263,0.11198217896807826,0.20247139003136028,0.22230550470860513,0.07829385530454153,0.3543518649545573,0.22686484043694394,-0.05510734158955936,-0.08733401196894101,-0.20581922425559304,-0.19310987049624087,0.07384316213761087,0.1855532782208183,0.012962244427503914,0.03721053376364308,-0.06037148452299981,0.055833146936781895,0.20868410121104503,-0.027156075538533872,0.027427225460703804,-0.10761273948152848,-0.017380070937201862,-0.22241323430731239,-0.13824628994782417,-0.034765619650609175,0.11442800604381308,-0.018293946600811625,-0.09463132283730548,0.029521561896588715,0.050161822638736094,0.10175334486709546,0.0277467624060219,0.0543486695851041,-0.0584935202472303,-0.17193917842486545,-0.049634130197610773,0.0876727211309782,-0.0769609297612146,0.011163707906713472,-0.12492525117886309,-0.1488147461735451,-0.07720012598885273,-0.07552849128348861,-0.16368051783244394,0.18745315360140963,0.22413964677473103
#49,0.6058347446215084,0.23344364965969316,0.153703661436912,0.37827696549457474,0.16557035062332529,0.10616386767518612,-0.08003487517517471,1.0,0.6268520589591312,0.3834279010531025,0.4399740718592942,0.2279640475288382,0.21104958756909986,0.011023111650773508,0.18631651503877808,-0.08729475457280193,0.26387087055558345,0.08496122190927889,-0.02639466464597589,-0.20818014580014332,0.04955013762912716,0.08821228208721532,0.21796984484198897,0.19614912332756645,0.21617496017200216,0.3691519032989907,-0.028960089835529768,-0.021846284470047977,0.12755914857098513,0.08497674227519435,0.09258446046186783,-0.11259660286578992,0.04639493853478616,-0.07847462191932149,-0.08994691121894215,-0.007456166378322614,0.11863585113230199,-0.07928989761123309,0.0927360122702187,0.06533161087703762,-0.08468185532280079,-0.11231541035390999,-0.03948746273970977,0.034764706687908264,0.02451213555670183,-0.06998680768897186,-0.18125961463844395,0.01908639822520051,-0.16689505950234404,-0.06327287998648815,0.010322869259176417,-0.28137510442010893,-0.09737294982813477,-0.05454221767769678,-0.04088977344830577,0.15120214363642173,-0.040336518051555005,-0.11231814924201272,0.0013840514545778232,-0.1125947769403881,0.261431434218755,0.0838172796450401,-0.03065637453381842,-0.19772672287473694,-0.002758973282146558,-0.07469404337485792,-0.09326644359944675,-0.1888554643100056,0.11249891585679267,-0.1341945614811907,0.2010608626584561,0.001468044023061438,0.24860065642018195,0.07246641438464031,0.055152076761903895,-0.1886783495460293,0.039896470029716934,-0.0006418127787389247,0.0432132635221188,-0.04590011275089356,-0.0005724276134698517,-0.02632254059260409,-0.029562645218129614,0.017577270880598173,0.07902513842796953,0.33781811044109794,0.13369790977189627,-0.03241382773306797,-0.156117534818115,-0.05216942761803466,-0.06143417310685772,-0.014970762369503393,-0.10738723769440399,0.07578138195164037,-0.029470435985337818,0.08068946943172636,0.09555158923982161,-0.052704423760767255,-0.05830088511733853,0.026247677651129564,-0.0012626274153569456,-0.044742476046141136,0.25806442777780314,0.042982283958788864,0.07130603879178517,0.10164378934298639,0.15804936389323815,0.20989651567785197,0.018431803968648863,0.11191005491470646,-0.14676058009650017
#50,0.4946231061729973,0.24331277645651786,0.044320687278321245,0.11733396632080596,0.17181866734834547,0.028246153003419046,-0.04280699512021437,0.6268520589591312,1.0,0.34265681275591486,0.45037271702264603,0.2748784618404415,0.08975884090255493,0.13323503768253547,0.3285889704976103,-0.19431498126144056,0.2992563918801097,0.040430553209748615,0.1350819612264741,-0.2810966507963317,0.22677445712955396,0.03243208698708614,0.163570049345634,0.07534407281790502,0.19877936886888486,0.24050815503932588,-0.09718487951174755,-0.0859627419921759,0.08770923963901454,-0.0499874467628625,0.08401721847653915,-0.17370941310192772,0.17028854186162223,-0.17495560718866832,0.03917796838410167,-0.11879744553036285,0.244223000269324,-0.16724563717949303,0.30059662112504393,-0.015775082509004095,-0.050634737317806884,-0.19801065427471962,0.1296489201933655,-0.037191361546924,0.0578234056247632,-0.18621152432817356,-0.14291700712567387,0.08187358205480515,-0.2033085768280937,-0.09064624064783833,-0.03092022075438108,-0.33070247915021433,-0.15180104716821793,-0.17285122816307338,0.072299342210374,0.038677664824003616,0.11804516426481396,-0.11668941465396432,-0.058719934997055696,-0.20799664029726064,-0.05708390583702703,0.016175873134703082,-0.14250160909676035,-0.25820776292184583,-0.20246956410595845,-0.09300168441618317,-0.01859339836670973,-0.26219010622321026,0.11484431703542752,-0.21067983767523177,0.2074442978632108,-0.08326858906179388,0.051865411038632014,0.028541039955812607,-0.05947586811340823,-0.1631373050254032,0.18163392934581657,0.069464593024052,0.11849708080176384,-0.184284260066555,0.0652056220243122,-0.11566050569004004,0.008178319874741517,0.18799180159494583,0.12891581114453568,0.156858860531253,0.23574340270328256,0.04109792894411299,-0.17537374410568457,0.0037385822602217585,-0.03532070097276176,0.15488594813458897,-0.16161813509109085,0.07430968607777529,-0.13002962563964449,-0.00895799002131768,-0.03959154048761338,-0.03887029995389538,-0.05477228427832581,0.052561088616724566,0.08905859851095783,0.14470002328054887,0.10950531116051254,0.30640945464173064,0.19676902500148358,0.12253785371598644,0.0819511838843824,0.007794875540359798,0.06762588614442157,-0.019982927597493004,-0.13024417187435808
#51,0.38105054617993583,0.5080920448995057,0.1947924607540159,0.4658410440641448,0.2030319491297183,0.0892813614099796,0.39191206343264845,0.3834279010531025,0.34265681275591486,1.0,0.49379048418976845,0.2054859928697613,0.355015588838118,0.21754075237256182,0.153743831795752,0.06258907092350742,0.45355256610991157,0.14935887194328676,-0.05544331186349382,-0.11249435104328813,0.04535963883195552,0.03968374972040517,0.06432552598063607,0.13297758220087919,0.1995243464328265,0.18689259450305157,-0.20418136917016255,-0.1240195921795615,-0.04317948390218518,-0.055734546965083745,0.18212966809241007,-0.006030118639502983,0.14982904773425482,0.2074032145416699,0.0687013562060922,-0.19275564096828823,0.15501467587541712,-0.06978960774557555,0.12449159389593138,0.12402324403036515,-0.04666974030775973,-0.20223310676642306,0.10985406291225971,-0.10087324882341932,-0.0754134579831741,-0.028286323362259034,-0.14251530353727399,0.1074602747104767,-0.23183774826879447,-0.14717871701351642,-0.08005222146649199,-0.09411641187399289,-0.14774840573888354,-0.02227446397677423,0.017495104237516376,0.051323111194292156,0.051516659286884835,-0.09738847019405023,0.1198738285547344,0.01644884898227483,0.03715393007618674,0.13780167711248156,-0.0519977906302638,-0.09709358324165666,-0.03828600382531372,-0.11348856742457787,-0.06987451327676007,-0.08915719848265599,0.12597972309841282,0.028332884460005387,0.21081039134146173,0.15189508232641155,-0.04861891567420013,-0.008234923562197866,-0.07621503923457207,-0.14199674072315777,0.03308120346743234,0.10157531714041823,-0.06709910666599717,-0.17157855815800646,-0.16759165004313747,-0.003264754618450063,-0.01314118511688205,-0.08540948659542515,0.06364536876845897,0.11193835675843464,0.20829152724965422,-0.13886162680823674,-0.07835958861900696,-0.18541085603947652,-0.06210520069202573,-0.06634865132585008,-0.024158818991450105,0.16739171121163846,0.09626643903463324,0.22187915112728068,0.12788142440440595,0.14472193438537068,0.10450592741033565,-0.09484769499742088,0.18967439185272086,0.1521689711366842,0.21358671091492556,0.03808058721760922,0.13202444914113035,-0.06268675793250467,0.24437911689117942,-0.011697791086745152,-0.020115307189124788,0.13928432853875755,0.059007518247841985
#52,0.38158189047186475,0.2838254963093483,0.19934357981804654,0.49895511418880983,0.5115485216851465,0.15085430484737547,0.13941853405579116,0.4399740718592942,0.45037271702264603,0.49379048418976845,1.0,0.3416352074935978,0.14885491653238506,0.39768198770239244,0.12732086530604791,0.054423532526578625,0.2635367262070508,0.014276910716812665,0.021264727229569035,0.018819813116535123,-0.04452884277412846,0.12993467751874996,-0.18310653818238257,0.12282543696677273,-0.0036107674820945192,0.3537064003250147,-0.17019815855423226,0.06115298059497779,-0.24535324809304915,-0.25441531586227045,-0.09839546805315269,-0.21386972935220733,0.005810094628583949,0.05444453066869953,-0.11215016410504548,0.09483034870610361,-0.09550594110477617,0.2137957793734337,0.08557655876969146,0.2982010069978591,-0.413642401639681,-0.15126605102548535,-0.10085864142020477,0.3177493643497195,0.004157632139938923,0.16224534046661523,0.03782678358675656,0.06587482368407839,-0.18052194077610959,-0.2030529472718392,-0.001686242108578654,-0.20754198487220804,-0.2087936567351541,-0.08325945943478479,-0.10258779277572615,0.2012069366906015,-0.09107168126646185,0.06292230230933915,0.05150205188367029,-0.06444786298255785,-0.11482058000520388,0.10309266114932875,-0.08492379043854163,-0.13231111942921572,0.026954310781633017,0.008842043758302255,0.04667430512126427,-0.1046036144193329,0.29418488407656107,0.09002816489932304,0.34645382462899477,0.10780354868601844,0.025622298201006997,-0.0005742535388716694,-0.04768586779387128,-0.04188764168039915,0.11263312137382628,0.19510560696042764,-0.3919659282320021,-0.3173503996494223,0.08190553574933696,0.051311242679180344,0.219011535283726,0.1997735852501746,0.26959423372758107,0.17097874166350935,0.19844705044575403,-0.2947372265106109,-0.40142513477611874,-0.16998269935681778,0.3085750021682864,0.11232819183172271,0.1215746780665276,0.296989505493753,0.04217522493118544,-0.04246737299547627,0.07022052614040454,-0.042955808040462506,-0.25142353709139215,-0.11885222329241739,-0.04721204015209959,0.18475169696942031,0.004615939415795168,0.10746757841208397,-0.12126427074821858,-0.05835109806588852,0.024039220877631044,-0.048958537798938224,0.005140892968817759,0.047936932536621214,-0.06553063674583574
#53,0.18930464195885277,0.03770901139833932,-0.011560846681608823,0.03341352189056316,0.6653215682873276,0.5041206571505521,0.005246796642123186,0.2279640475288382,0.2748784618404415,0.2054859928697613,0.3416352074935978,1.0,0.3795742854925662,0.41931737778853045,-0.006967731333336376,-0.4248691039727572,0.29562645218129613,-0.07140829061428695,-0.1750058201372183,-0.26309667818521276,0.21406145151939818,-0.4002556295562545,-0.0422637823131736,-0.016786645181611104,-0.2737682991961363,-0.03999963481491964,-0.10012096755787042,0.020731557012238264,-0.10059662112504393,-0.0384284260066555,-0.04545549991555095,0.11250895844650267,0.07470865077807246,0.054563215819817684,0.1411668576280316,0.10079655995654298,-0.011376428216025235,-0.2254990482363843,0.3643935417018538,-0.1060880917710107,-0.22134232905914628,-0.22412869122232013,0.10673355640055325,-0.0012571496391514925,0.1822985661920782,0.029531604486298713,-0.07804096463638978,-0.004554770914834275,-0.06681791415411724,-0.07113714069211702,-0.08043657876357461,-0.13084672725695792,-0.1342256022130216,-0.15616135702775863,0.08018277513272196,-0.27216696261874224,0.11931326945637635,-0.04409153364039312,0.08040097321823916,-0.03354042370598949,0.3287843445156048,0.3506945363747164,0.05183984808300657,-0.1914008043201395,-0.17896899122186363,-0.07214413855121948,0.16726937420971666,-0.2219731862854743,0.0028886139856756153,-0.013135707340676596,0.08714959350335742,0.01757179310439272,0.0896109409450077,0.15391638174622377,0.3602286058603076,0.14440787521625803,0.0032309749985164355,-0.04760278818808857,-0.1691482514481871,-0.3972811970766934,0.3888445087575947,0.328492196451314,0.15966713379924863,0.3762757512541825,0.6080240291782879,0.3725718615765953,0.2780300090839789,0.2750309266114933,-0.2058155724047894,0.22390684128599925,0.27886354402990865,0.35827760456846536,0.36143280366280633,-0.01538798632381874,-0.0715269757654051,-0.22063660889134373,-0.2764980576718538,-0.01593667690706496,-0.10431694413124752,-0.010029808232184674,0.18382595279069874,0.2444001150333003,0.1407961947714626,0.17401982042023673,0.010175882264330091,0.12510510483094214,0.12749980599542607,0.3431744626073302,0.141753892644716,-0.14102352248398892,-0.0969840277175476
#54,-0.04581520721970904,-0.09858171244413809,0.040314606946733195,0.012037413211483244,0.26764323243573884,0.5676509926186966,0.4132361332377766,0.21104958756909986,0.08975884090255493,0.355015588838118,0.14885491653238506,0.3795742854925662,1.0,0.2880671210177708,0.07210031634157586,-0.2618276600309494,0.3579589805858482,0.17764793419364852,-0.18707427408053243,-0.4588851812459202,0.05553095628278107,-0.3598287281973095,0.2149324179360652,0.02857755846384896,0.02557938895406428,-0.09307198254415316,-0.17541665335262727,-0.21523004377656152,0.026677683083257634,-0.12617053230290276,0.11272259171851534,0.11250987140920357,0.0682366581913296,0.034016990235863916,-0.005297009590673173,0.03064907083221115,0.040513632815531324,-0.13858591207256227,0.0659478607001511,-0.0930354640361168,-0.1937827240068107,-0.2785248348678715,0.148054248243688,0.14640543760584662,0.2303541838798176,0.036712969091647764,-0.11725271264042507,0.0719798052650559,-0.17710380842390683,-0.17050947883524217,-0.14875357767258418,-0.2132699128577102,-0.1972474174567598,0.037467989245299385,-0.006135109350107502,-0.05473302688218673,0.09117028123816001,-0.17068111582301304,0.08493565895365345,-0.06920805050509661,0.07627620773553297,0.08522780701794429,-0.21206662801791232,-0.07748405738883538,-0.2213642401639681,-0.24663230883702247,-0.08831635983511893,0.026702333076182173,-0.12418301250302419,-0.22633897392122046,0.1966384713352536,-0.055800280279549176,0.1821515791972319,-0.06094573806187148,-0.006969557258738194,-0.1055320974861572,-0.044903157481501095,0.19850639302131312,0.10573660113116079,-0.16112148338179644,0.2402324403036514,0.18668626493264617,0.12382056631076338,0.34845412590668606,0.2114668115234152,0.14423349934038446,-0.04176439171577645,-0.08856651161516796,-0.11759233476516318,0.11405186541103864,0.1870496240876079,0.03827870012370645,0.22637640539195772,-0.0744238064153889,0.21344885354708834,0.16054814280562568,-0.08320559463543117,-0.034493556765738335,-0.10300045191653695,-0.1218850853848366,0.06086357141878969,0.30682485267064413,0.19832288751843044,0.14310964225556566,-0.11932970278499272,-0.009799741631555644,-0.059962477232992646,0.03684352275787773,0.014802777232536165,0.059705934714037255,0.18495254876362027
#58,0.040291782879210467,0.019872459110683034,-0.19486093295658405,-0.05307691254273807,0.35527669617057794,0.3304322421907453,0.4328885683375406,0.011023111650773508,0.13323503768253547,0.21754075237256182,0.39768198770239244,0.41931737778853045,0.2880671210177708,1.0,0.04677473101836425,-0.06032674935065528,0.10579868259482259,-0.05783527413987501,-0.07236051071133488,0.10018852679773768,-0.030470130142833014,-0.2418520361350637,-0.4279941752979682,-0.08781514331231997,-0.3307882976440997,-0.07127591102265517,-0.1124806566027745,-0.061092725056717805,-0.21101672091186716,-0.19777510989788513,-0.11066294786526497,0.06477105177867958,0.05600113207374913,0.07517334879283506,0.21611926944724674,0.183482678815157,-0.19976536858586644,0.16382111408838393,0.030228195027092168,0.06342443179483902,-0.29038148146457476,-0.17347204279969142,0.0016150310179077634,0.15394285766455013,-0.02961103224127778,-0.0216737345195762,0.11299556756608709,0.20662445735779464,0.09003729452633212,-0.046222388584314385,0.16630711152295874,-0.13979741357666833,0.04721751792830504,-0.3882985570624512,0.03553889905827897,-0.3849963709732639,-0.04128873814860294,-0.20991568789457107,0.2317994038353563,0.0036135063701972455,0.08378715187591011,0.3243619531924023,0.2829919613634185,0.2750920951124542,-0.12191886500477023,-0.11747730146484865,0.5557067016027061,0.27050080568958357,0.3695937772462306,0.4201892571678984,0.3878037312785586,0.23029849315506215,-0.17226784499719264,-0.22046314597817107,0.10187933371982087,0.004293663582374342,0.03067919860134114,0.024188946760580095,-0.16596201162201518,-0.36027699288345577,0.2074945108117608,0.05085841317952955,0.22276928976066682,0.3021997836278399,0.377112025088215,0.04277047661217801,0.10525090497427728,-0.13690058292668453,-0.28002665851086656,0.06888303578357306,0.22950330264257054,0.05079998356667138,0.12812062063204407,0.07191498491329137,0.06512984612013677,-0.2364080395495442,-0.16495775265101545,0.04440741873490758,-0.3098321518074379,0.006651846238821913,0.011046848680997139,0.09987994540483049,-0.03244212957679614,0.08863589678043704,-0.11429745237758311,0.04702944761191782,-0.034859654808802785,0.0975400220024011,0.03421966795546568,0.11181328086841012,0.25262225711768543
#101,-0.07445028233371526,-0.07887084773151593,-0.3615113184550845,-0.0088776493036377,-0.04858331012886469,-0.07748679627693811,0.07648162434323745,0.18631651503877808,0.3285889704976103,0.153743831795752,0.12732086530604791,-0.006967731333336376,0.07210031634157586,0.04677473101836425,1.0,0.006522205535292856,0.06350659843792082,-0.3748524424034656,0.44730972716109685,-0.11080810893470948,0.5918919782532285,0.2316743279453318,0.043316428307321506,-0.11993317113029348,0.26561189042621663,-0.010350258140203681,0.09561001885267978,-0.2246728169920618,-0.051439057457307584,-0.3222429667635929,-0.2046606745881397,-0.30729959327511674,-0.20352312306280726,-0.11343105077442062,0.06372297059803622,-0.03243573883788978,0.14354147361309555,0.10085316364399932,0.32630930263344093,0.062420172823839284,-0.19647139916098727,-0.17174563033227278,0.11075150524725312,0.16524898775260538,-0.09739942574646113,-0.2251904668434771,-0.030785102274646568,-0.13657282931705825,0.031369398403228235,-0.20021545919741449,-0.047133525359821425,-0.25213656096080195,-0.04555044803644547,-0.18962052705336724,0.27000506694299004,0.1837090935649824,0.17233266534895716,-0.13490667238789958,-0.06083618253776242,-0.09096121277965188,-0.11539392058137465,0.09134739600213633,-0.03464784746219193,-0.0783011590061488,-0.21454532175087987,-0.141092907649258,0.12514618815248302,-0.17628761976929433,0.32557984543541474,-0.17918718930738084,0.14339905143175374,-0.14263307572569123,0.05239492940515915,-0.13763551790091616,0.10174147635198363,0.0013621403497560108,0.20793638475900067,-0.01462383654315803,0.10891462429302451,-0.31869701963326286,-0.12764679299027237,-0.2707409148799226,0.09267849562006145,0.09245116790753513,-0.24279786549320528,-0.17490722016552013,-0.10938297415859075,-0.33875663609763224,-0.3769339973615378,-0.37663089374483605,-0.04200997868232093,-0.23672392464405867,-0.023950663495642885,-0.1904613657009043,0.037229705980362175,-0.2369229505128568,-0.3693436254661816,-0.261761926716484,-0.34012790607439736,0.006416301861987429,-0.0477908585044758,-0.2289336139172034,-0.0575139112691551,0.06049656041302433,-0.16065039462812747,-0.0699484632555337,0.0033706582917554903,0.004577594982356996,0.21959857030041038,0.024132343073123747,0.10646788425458878
#102,-0.03509063437213273,0.30632272318514425,0.03143513171769367,0.13461635024901059,-0.23349203668284133,-0.2649892498641968,0.1648500230523082,-0.08729475457280193,-0.19431498126144056,0.06258907092350742,0.054423532526578625,-0.4248691039727572,-0.2618276600309494,-0.06032674935065528,0.006522205535292856,1.0,-0.16987040494460598,0.10794870975546295,0.06517914610598584,0.5025978353654361,-0.3990742558212784,0.5365143997042001,-0.3084398836885519,0.12009933034185888,0.010987506105438062,0.3111696421642694,-0.23427170682941748,-0.1419401370357014,-0.046750993988140616,-0.12998397750459906,-0.05139249635956123,-0.1519316008344479,-0.0887545819315552,0.024815239173403572,-0.1293704665695883,-0.14303477931409112,-0.19684845275646262,0.3472910114257282,-0.5252447881241812,0.2241369078866283,-0.009798828668854734,0.1245335901801732,-0.2657123163233166,0.02611255917139505,-0.27217152743224676,-0.051494748182063024,0.03959427937571611,-0.11247335290116722,-0.012385252000529519,-0.03647377286400964,0.20648933887806015,0.16150310179077634,0.1349167149776096,0.008261399480524224,-0.11770736806547769,0.24391624480181862,-0.16484637120150455,0.10693623412015502,0.20156299214395595,0.15779008248618004,-0.10581876777424258,-0.09909205859394614,0.11810815869117668,0.40417223954315346,0.19302587792775727,-0.03093482815759562,0.1212971374054513,0.3024910187294298,0.4701337946838182,0.5302459977997599,0.18075565922754225,0.4259016647874851,-0.019828636901039406,-0.04673729954762698,-0.29118214975327184,-0.023590956191484797,0.072619792118393,0.22344762104744212,-0.16527363774552992,0.33283881187034103,-0.13642675528491283,-0.24315209502115792,-0.030817968931879287,-0.3106364719469386,-0.3081057393400193,-0.21441933289815446,-0.046561097746351574,-0.40955141577690846,-0.03182679271638357,-0.26482765546613596,-0.25581762657086643,-0.2347683585387119,-0.23734291335527488,0.14334518663240015,0.1552191795204207,0.08554734396326238,0.33482633167021963,0.09486686721413996,-0.0006828961002798231,-0.11363920627022783,-0.274182784262349,-0.22613173138811413,-0.1433734884761283,-0.27075369635773533,-0.17623192904453888,-0.28415598880707726,-0.1639124103584748,-0.16904873851378802,-0.05576741362231646,0.26164050267726313,0.1255862361743211
#201,0.3238789959236215,0.12928464807570286,0.3734181780003378,0.12539268808172843,0.3041005719711321,0.29360423979878303,0.09217271428375794,0.26387087055558345,0.2992563918801097,0.45355256610991157,0.2635367262070508,0.29562645218129613,0.3579589805858482,0.10579868259482259,0.06350659843792082,-0.16987040494460598,1.0,0.34467902513842796,-0.06059789927282521,-0.403765971141249,0.11708290157805602,-0.12968269981329913,0.22660738495528765,0.15099946591681998,0.29951384736176606,0.22778601980216098,-0.06091287140463876,-0.16697905207082764,0.17231805794574262,0.018243733652261635,0.371623293330351,0.1715000433657283,0.4012881903709824,0.2106926191530445,0.23590773598944614,-0.2633696540327845,0.40827144207023425,-0.1331346117854355,0.04411800955871948,-0.012558714913702201,0.04845914720154108,-0.2493145932522927,0.27807748314442615,-0.06763775465953338,-0.1353503722605413,-0.13435798180465336,-0.06284926529326644,0.02801791232819183,-0.19113148032337138,-0.13541427964960492,-0.06433922042114969,-0.10553848822506356,-0.0704852853236681,-0.014876727211309781,0.17275628004217888,0.06139400274801773,0.023563567310457532,-0.1576430954913337,-0.1556528368033524,-0.25302304774338447,0.04924612104972451,-0.02431219672520279,-0.11442344123030854,-0.14525236571459874,-0.05290162370416357,-0.19629337143431005,-0.09294690665412865,-0.25008056895835523,0.12680960619353895,-0.057638074196478706,0.3195862453039481,0.30221621695645623,-0.03467249745511647,0.045579662842874555,-0.10684219896196141,-0.1500353773046602,-0.05523150451688296,-0.015678308462707756,0.07436355087712891,-0.07240068107017487,-0.04492963339982745,0.1144919134328767,0.02195492703145613,0.044629268671228434,0.159373159809556,0.09765870715351924,0.13640575714279193,0.20157120880826415,0.03295886646551055,-0.13667599410226094,0.0034199582776045685,0.14105730210392253,-0.050529746607202365,0.08068399165552091,-0.1925429206589765,0.3654498395468053,0.12296146840920814,0.3409468336171126,0.3243199569081605,-0.007488120072854424,0.2393769942528998,0.49005007600414485,0.24420747990340855,0.30521895127974547,0.2750044506931669,0.18438468596365495,0.28327771868880297,-0.0027105862589983888,-0.11593439450031269,-0.04397923922818133,-0.03278814244044059
