,#10,#11,#12,#13,#17,#18,#26,#49,#50,#51,#52,#53,#54,#58,#101,#102,#201,#202,#301,#302,#401,#402,#501,#502,#601,#602,#701,#702,#801,#802,#901,#902,#1001,#1002,#1101,#1102,#1201,#1202,#1301,#1302,#1401,#1402,#1501,#1502,#1601,#1602,#1701,#1702,#1801,#1802,#1901,#1902,#2001,#2002,#2101,#2102,#2201,#2202,#2301,#2302,#2401,#2402,#2501,#2502,#2601,#2602,#2701,#2702,#2801,#2802,#2901,#2902,#3001,#3002,#3101,#3102,#3201,#3202,#3301,#3302,#3401,#3402,#3455,#3501,#3502,#3601,#3602,#3701,#3702,#3801,#3802,#3901,#3902,#4001,#4002,#4101,#4102,#4201,#4202,#4301,#4302,#4401,#4402,#4501,#4502,#4601,#4602,#4701,#4702,#4801,#4802
#10,1.0,0.2559189962579793,0.3747545674664319,0.37136693814659916,0.48811138014527844,0.2863438256658596,0.09187541272287035,0.6408188421747744,0.298828967642527,0.5192559982390491,0.4339379264802994,0.4590622936385648,0.606387849438697,0.06219678626458287,-0.034408980849658814,-0.05735197006383447,0.27381906229363856,0.21801232665639445,0.03844375963020031,-0.1731983270966322,-0.025254237288135594,-0.1099075500770416,0.025740699977988113,-0.1330002201188642,0.020477657935285054,-0.03825445740699978,-0.13310147479639006,-0.3211908430552498,0.18386528725511778,0.4350803433854281,-0.08440457847237508,-0.06086286594761171,-0.09139555359894343,-0.11077922077922078,0.15444860224521242,0.24505172793308386,-0.050039621395553596,0.1466960158485582,0.030301562843935724,0.16432753686990975,0.3411820383006824,0.035505172793308386,0.2536209553158706,0.03466431873211534,0.03208232445520581,-0.14776359233986353,-0.3069227382786705,-0.34833590138674886,-0.38999559762271624,-0.31478098173013425,-0.14014968082764692,-0.18782742681047765,-0.1661765353290777,0.2033348007924279,0.13684789786484702,0.2513559322033898,-0.08029495927801013,-0.16195245432533567,0.1710873871890821,0.0921681708122386,0.2105679066696016,0.11256658595641647,-0.1671648690292758,0.004270305965221219,-0.07960378604446401,-0.08781862205591019,-0.08700418225841955,-0.13181598062953995,0.11258639665419326,-0.09190402817521462,0.0952608408540612,-0.08536209553158705,-0.05877834030376403,-0.008950033017829628,-0.03539291217257319,-0.07543693594541052,-0.14146599163548315,-0.1350231124807396,-0.16969403477878053,-0.1376469293418446,0.03689412282632622,0.4386616773057451,,0.3942482940788026,0.38517939687431213,0.28949372661237066,0.14711864406779662,,0.47985912392692054,0.23753246753246754,0.26631080783623157,0.1978780541492406,0.1517939687431213,0.2840611930442439,0.36248954435395114,0.19333039841514418,0.041743341404358356,-0.0870195905789126,-0.05907109839313229,-0.2513119084305525,-0.032610609729253795,0.14209773277569887,0.09793968743121285,-0.009231785163988555,-0.15588377723970945,-0.03704600484261501,-0.13618534008364516,0.03411842394893242,0.31331058771736736,-0.037373981950253134,-0.055714285714285716
#11,0.2559189962579793,1.0,0.020088047545674663,0.40757208892802116,-0.29587717367378386,-0.07878934624697337,0.636502311248074,0.4005789126128109,0.4427624917455426,0.3738388729914154,0.3700088047545675,0.08213955535989434,0.054703940127668944,0.2610279550957517,0.0922738278670482,0.40639225181598065,-0.14728153202729474,-0.1026832489544354,0.2538256658595642,0.37292978208232447,0.06887079022672243,0.2641184239489324,-0.021549636803874093,0.44647589698437157,-0.13084085406119306,0.10229143737618314,-0.254455205811138,-0.07623376623376624,0.07412942989214176,-0.013403037640325776,-0.23424829407880254,-0.08562183579132732,-0.005963020030816641,0.050867268324895444,-0.132590799031477,0.08584195465551397,-0.02901386748844376,0.27438036539731453,0.03434954875632842,0.17563944530046224,0.04458727712965001,0.029170151882016288,0.08722430112260621,0.07916134712744882,-0.2867620515078142,0.1655954215276249,-0.2549042482940788,-0.1974224081003742,-0.22716266784063394,-0.30877613911512214,-0.12511336121505612,-0.22937046004842615,-0.2585824345146379,0.18447061413163107,-0.02965661457186881,0.10420206911732335,-0.34180057230904687,0.012194585075941008,-0.07327977107638124,-0.01785824345146379,-0.10897424609289016,-0.1718996257979309,0.36758969843715605,0.5148580233325996,0.17667620515078142,0.07120625137574291,0.187772397094431,0.5636341624477218,0.4266718027734977,0.17849218578032136,0.13185560202509355,-0.017497248514197667,-0.07356372441118204,-0.028346907329958176,-0.17541492405899187,-0.23915914593880697,-0.1275610829848118,-0.28732775698877394,0.02968963240149681,0.21305745102355272,0.1617257318952234,-0.2692273827867048,,0.33935505172793307,-0.2110609729253797,0.0012414703940127668,-0.23805194805194804,,0.00387409200968523,-0.13703059652212193,-0.21728153202729475,-0.1293418445960819,-0.0752014087607308,0.003550517279330839,0.013755227823024433,-0.08585516178736517,0.2400924499229584,-0.202194585075941,-0.13170372000880476,-0.24384547655734096,-0.32034558661677304,-0.07054589478318292,-0.19319832709663218,0.10207572088928021,-0.07729694034778781,0.06422408100374202,-0.09297380585516178,-0.1338168611049967,0.057783403037640325,-0.2784943869689632,-0.24004842615012106
#12,0.3747545674664319,0.020088047545674663,1.0,0.3923090468853181,0.3303697996918336,0.27391371340523885,0.02082984811798371,0.32683248954435395,0.040418225841954654,0.37197886858903806,0.07157605106757649,0.2635879374862426,0.20340083645168391,0.025903587937486244,-0.2530794629099714,-0.2157627118644068,0.6257869249394673,0.6853841074180057,0.019795289456306406,-0.17606427470834252,-0.1730464450803434,-0.3262667840633942,0.16949592780101255,0.0058793748624257096,0.2595729694034779,-0.07199867928681487,0.22378604446401057,0.05197886858903808,0.404323134492626,0.34660136473695796,0.24632401496808276,0.0972243011226062,0.4479308826766454,-0.03983270966321814,0.17781421967862646,-0.031276689412282635,0.08620074840413823,-0.12593660576711424,-0.16384107418005722,0.162689852520361,0.03504732555580013,-0.04958397534668721,0.03063614351749945,-0.21851199647809819,0.1786814880035219,-0.26079022672243013,0.030015408320493066,0.03831829187761391,-0.2558397534668721,-0.18076601364736958,0.10314990094651112,0.11140655954215277,0.017362976007043805,0.23372661237068015,-0.04016949152542373,0.014265903587937487,-0.1879550957517059,-0.4055888179616993,0.06225841954655514,0.2493154303323795,0.08434294519040282,0.3004600484261501,-0.01778780541492406,0.13202069117323353,0.1471846797270526,0.05273607748184019,0.10205591019150341,0.08974686330618534,0.1869689632401497,0.03096191943649571,0.6177327756988774,0.5300814439797491,-0.31514417785604226,0.12360774818401937,-0.5054017169271406,-0.08028615452344266,-0.33434514637904467,0.12543693594541053,0.03473255558001321,-0.05163548316090689,-0.3141140215716487,0.1715628439357253,,0.15358353510895884,0.23407880255337882,-0.09006823684789786,0.37185560202509355,,0.19053709002861546,0.3239423288575831,0.028269865727492845,0.23337662337662338,0.3085428131190843,0.17007704160246534,0.24488883997358574,0.40948932423508694,0.026163328197226502,0.48890821043363414,0.31370900286154524,0.21031256878714505,0.12445740699977988,0.5845190402817522,0.397343165309267,0.47139995597622714,0.38768214836011444,0.3895179396874312,0.26368038740920097,-0.023176315210213516,0.36174554259300024,0.12886198547215497,0.04685230024213075
#13,0.37136693814659916,0.40757208892802116,0.3923090468853181,1.0,0.09548095971824785,0.11787365177195686,0.17210433634162448,0.28939467312348666,0.14047325555800133,0.4929407880255338,0.03306845696676205,0.13766894122826326,0.3726920537090029,0.2658265463350209,0.04918115782522562,0.1024653312788906,0.3136495707682148,0.31712965001100596,0.35813339203169714,0.13820162887959497,0.06534228483381026,0.06907329958177416,-0.058232445520581114,0.07659035879374862,0.04189522342064715,0.027952894563064056,0.08812238608848778,0.021703720008804755,0.2512194585075941,0.3303191723530707,-0.02036979969183359,0.13346246973365616,0.1549900946511116,0.06607087827426811,0.16027294739159145,0.20082104336341625,0.19107638124587278,0.2516530926700418,-0.045518379925159586,0.23381906229363855,0.10156064274708343,-0.021661897424609288,0.19503191723530708,0.14331499009465112,-0.10998899405679066,-0.11246753246753247,-0.016524323134492626,-0.00032797710763812456,-0.2346665199207572,-0.2090777019590579,0.01973365617433414,-0.10419766674003962,-0.18397754787585296,-0.004246092890160686,-0.23056130310367598,0.1100396213955536,-0.3951683909311028,-0.19820823244552058,-0.09118864186660797,-0.05393352410301563,-0.20931322914373762,-0.050050627338762935,0.08754567466431873,0.18092229804094212,0.19497468633061854,0.25506493506493505,0.1236121505613031,0.14802113141096193,0.2734140435835351,0.1334998899405679,0.2633568126788466,0.17186440677966103,-0.27949592780101257,-0.17052608408540612,-0.2650627338762932,-0.2105921197446621,-0.29317631521021353,-0.19208672683248953,0.02262821923838873,0.08093770636143517,-0.006966762051507814,0.010083645168390932,,0.16659696235967422,0.049625797930882676,-0.1764869029275809,-0.07655734096412063,,0.2189588377723971,0.05666519920757209,0.02509355051727933,0.046350429231785166,0.0683381025753907,-0.02227823024433194,0.0762029495927801,-0.03859123926920537,0.12192163768434955,0.062788906009245,0.13897644728153202,0.04780761611270086,-0.06346907329958178,0.20481399955976226,0.15707902267224302,0.2743253356812679,0.23646709222980408,0.24354171252476337,0.2089060092449923,-0.19470834250495267,0.16006383447061412,-0.23863526304204272,-0.2559388069557561
#17,0.48811138014527844,-0.29587717367378386,0.3303697996918336,0.09548095971824785,1.0,0.474224081003742,-0.2968699097512657,0.19029495927801013,-0.06925159586176535,0.1037838432753687,-0.08265463350209112,0.45891481399955975,0.28743781642086724,-0.1745080343385428,-0.058758529605987236,-0.28994937266123705,0.29355491965661457,0.27722209993396435,-0.031333920316971166,-0.3631124807395994,-0.2049570768214836,-0.3418401937046005,0.01597622716266784,-0.3129672022892362,0.04317851639885538,-0.04848778340303764,-0.15945190402817522,-0.3103609949372661,0.32739819502531364,0.5798657274928462,0.18289016068677086,0.10183579132731675,-0.011019150341184239,-0.006046665199207572,0.4591767554479419,0.2526260180497469,0.3100286154523443,0.10656174334140436,-0.013275368699097513,0.06813339203169712,0.3457605106757649,-0.0006713625357693154,0.4311666299801893,0.18768434954875632,0.5337112040501871,0.03516618974246093,-0.3021835791327317,-0.33790887079022675,-0.42001540832049306,-0.22641866607968303,-0.23853180717587497,-0.03639665419326436,-0.13223200528285273,0.07756988773937927,-0.059161347127448825,0.09873211534228483,-0.07366497908870791,-0.2551904028175215,0.3666255778120185,0.25301122606207355,0.09283733215936606,0.2632577591899626,-0.2821417565485362,-0.24917675544794188,-0.27538850979528945,-0.27329738058551617,-0.02680167290336782,-0.35371560642747085,-0.13358133392031696,-0.23478318291877615,0.08619194364957077,-0.1587739379264803,-0.12039841514417786,-0.047156064274708344,-0.004067796610169492,0.0020405018710103456,-0.07284173453664979,-0.11674444199867928,-0.09121725731895224,-0.12631961259079902,-0.0011446180937706362,0.7633215936605767,,0.3216486902927581,0.7747545674664319,0.24441338322694256,0.31576491305304866,,0.46638344706141316,0.6970922298040942,0.6273189522342064,0.3408496588157605,0.4401254677525864,0.28953114681928244,0.4035285053929122,0.16011005943209333,-0.08173673783843276,-0.011399955976227163,-0.003462469733656174,-0.0683381025753907,0.28453224741360333,0.2247655734096412,0.31033237948492187,-0.046792868148800355,-0.0901122606207352,-0.03470614131631081,-0.10908870790226723,-0.057574290116663,0.2229143737618314,0.10423068456966762,0.018450363196125908
#18,0.2863438256658596,-0.07878934624697337,0.27391371340523885,0.11787365177195686,0.474224081003742,1.0,-0.034534448602245214,0.08774378164208672,0.0835263042042703,0.03083204930662558,-0.16839753466872112,0.07798811358133392,0.2989852520360995,0.061001540832049304,-0.07356372441118204,-0.11839093110279551,0.031554039181157824,0.5584723750825445,-0.22962139555359895,-0.46289676425269644,-0.21311908430552498,-0.2828021131410962,-0.1771912832929782,-0.21258199427690952,-0.14717367378384327,-0.14988994056790667,-0.22209993396434075,-0.3601254677525864,0.49407660136473697,0.7100396213955535,0.5980255337882456,0.28994937266123705,0.1385824345146379,0.12036759850319172,0.42223200528285276,0.2913449262601805,0.33503852080123264,0.19916795069337442,0.13308166409861324,0.204224081003742,0.28925159586176535,-0.018269865727492847,0.3355976227162668,0.09012766894122827,0.40446401056570547,-0.04665419326436276,-0.30832929782082324,-0.3965265243231345,-0.26508254457407,-0.27285714285714285,-0.38622496147919877,-0.0883182918776139,-0.22091789566365838,-0.0923068456966762,-0.13839533348007924,-0.13106317411402157,-0.08417125247633722,-0.26723970944309927,0.44158045344486024,0.1781201848998459,0.24227823024433193,0.39639225181598065,-0.07874972485141976,-0.010079242791107198,-0.34560202509355054,-0.4302839533348008,0.3697006383447061,-0.06815980629539951,-0.2418666079683029,-0.36031256878714507,-0.012681047765793528,-0.2247721769755668,-0.020851860004402378,-0.29997138454765576,0.061637684349548756,-0.04376843495487563,0.09430112260620735,-0.007048206031256879,-0.20448382126348227,0.05953334800792428,-0.3267774598283073,0.2673893902707462,,0.33391811578252256,0.3859586176535329,0.3651793968743121,0.4306251375742901,,0.41129429892141756,0.44212634822804314,0.30676645388509793,0.6325753907109839,0.30114902047105435,0.44344486022452123,0.49525863966541933,0.0898745322474136,-0.1375544794188862,-0.0176139115122166,-0.0937970504072199,-0.07921637684349549,0.09747743781642086,0.5414395773717807,0.7188575830948712,0.13876953554919658,-0.03404138234646709,0.157409200968523,0.07138674884437596,0.07110499669821704,0.16353951133612152,0.2686946951353731,0.3114637904468413
#26,0.09187541272287035,0.636502311248074,0.02082984811798371,0.17210433634162448,-0.2968699097512657,-0.034534448602245214,1.0,0.41122826326216155,0.4507682148360114,0.2590953114681928,0.42820383006823687,0.07773717807616112,0.07355932203389831,0.5239401276689413,0.09141756548536209,0.436337222099934,-0.29993836671802776,-0.24252256218357912,0.160396213955536,0.23016729033678185,-0.035914593880695574,0.12799471714725952,0.00649570768214836,0.45201848998459165,-0.11412062513757429,-0.043233546114902044,-0.313449262601805,-0.08573409641206252,-0.11849878934624697,-0.12207572088928022,-0.2271736737838433,-0.1973959938366718,-0.09737398195025314,-0.0034052388289676425,-0.30668060752806514,-0.04753686990975126,-0.04738718908210433,0.13201188641866607,0.15865067136253577,0.09488663878494387,-0.20345806735637245,-0.04030376403257759,-0.08858683689192164,-0.02707241910631741,-0.11549196566145718,0.12845476557340965,-0.2465133171912833,-0.165214615892582,-0.16457627118644066,-0.22861985472154964,-0.25585516178736517,-0.2321153422848338,-0.277706361435175,0.1869293418445961,0.02469953775038521,0.06041602465331279,-0.15642967202289237,0.0361237068016729,0.07247633722209994,0.0949306625577812,-0.09125467752586397,-0.13723970944309927,0.4552014087607308,0.5563900506273388,-0.06609509134932864,-0.17622055910191503,0.17451243671582656,0.6580959718247854,0.341930442438917,0.11284613691393353,0.23208452564384768,0.09239709443099274,0.22649570768214836,0.18182478538410743,-0.02401056570548096,-0.03972044904248294,0.019079903147699757,-0.1291371340523883,-0.13226502311248073,0.12197226502311248,-0.08172132951793969,-0.25044464010565703,,0.3198943429451904,-0.13865727492846136,0.15538410741800573,-0.16782742681047766,,-0.19081664098613252,-0.07749724851419766,-0.20433193924719348,-0.012126348228043144,-0.12954215276249176,0.12681928241250276,0.06755227823024433,-0.06680387409200969,0.070132071318512,-0.3246643187321153,-0.23287255117763592,-0.3405414924058992,-0.3461765353290777,-0.1641932643627559,-0.20449702839533349,-0.2087145058331499,-0.24198106977767994,-0.26459608188421746,-0.16302883557120845,-0.1284503631961259,0.07322033898305084,-0.12461809377063614,-0.04534228483381026
#49,0.6408188421747744,0.4005789126128109,0.32683248954435395,0.28939467312348666,0.19029495927801013,0.08774378164208672,0.41122826326216155,1.0,0.5235439137134053,0.3637200088047546,0.48799251595861765,0.4348139995597623,0.39739819502531365,0.20127448822364077,0.07808716707021791,0.17832269425489763,0.1512590799031477,0.04034998899405679,0.1679771076381246,-0.02932423508694695,-0.0787541272287035,-0.16848117983711203,0.06565705480959719,0.09491965661457187,0.08519920757208893,-0.12714285714285714,-0.1039951573849879,-0.23702839533348008,0.12027294739159146,0.1993132291437376,-0.1587343165309267,-0.2775610829848118,-0.11534008364516839,-0.22275148580233325,-0.0649768875192604,0.05680387409200968,-0.09736077481840194,-0.059035879374862425,-0.04383447061413163,-0.026588157605106758,-0.01036319612590799,-0.0576139115122166,0.012788906009244993,-0.13471054369359453,0.0073827867048206035,-0.20102355271846797,-0.21393792648029936,-0.2080871670702179,-0.24446621175434735,-0.2371340523882897,-0.15295179396874312,-0.13579132731675106,-0.17395993836671803,0.1377988113581334,0.09060532687651332,0.11617213295179397,-0.09064274708342505,-0.18902267224301122,0.19451243671582655,0.16399075500770416,0.0811600264142637,-0.0883975346687211,0.11458507594100814,0.25931102795509575,-0.01723750825445741,-0.12318071758749725,-0.08475456746643187,0.12092890160686771,0.351534228483381,0.03342725071538631,0.2830178296279991,-0.0087145058331499,0.10293198327096632,0.3011270085846357,-0.11206031256878715,-0.07106317411402158,-0.0976007043803654,-0.04970504072198988,-0.11770856262381686,-0.21401276689412282,-0.020405018710103456,0.13361435174994496,,0.44553819062293637,0.28843275368699095,0.28644287915474353,0.041439577371780764,,0.1499537750385208,0.21418225841954655,-0.027362976007043804,0.08672022892361875,0.07086066475896985,0.267409200968523,0.24657495047325556,0.25871890821043364,0.006526524323134493,-0.09959278010125468,-0.1282280431432974,-0.2651199647809817,-0.1678780541492406,0.06364516839093111,-0.11785384107418005,-0.024177856042262823,-0.13045784723750825,-0.12465111160026414,-0.21205811138014527,-0.037895663658375524,0.2319656614571869,-0.07404798591239269,-0.04662998018930222
#50,0.298828967642527,0.4427624917455426,0.040418225841954654,0.14047325555800133,-0.06925159586176535,0.0835263042042703,0.4507682148360114,0.5235439137134053,1.0,0.28697116442879156,0.24590799031476998,0.2245476557340964,0.28784063394232884,0.13416464891041163,0.291930442438917,0.3884371560642747,-0.012742681047765794,0.001672903367818622,0.1599735857362976,0.09315870570107858,0.20788025533788246,0.01978428351309707,0.21932423508694696,0.1743451463790447,0.17922518159806294,-0.05717587497248514,-0.07231565045124368,-0.1981664098613251,0.045628439357252915,0.05548756328417345,-0.022093330398415142,-0.08087387189082104,-0.05188861985472155,-0.19232225401716926,-0.27761611270085845,-0.04543473475676865,-0.01073299581774158,-0.013772837332159366,0.2119832709663218,-0.022696456086286596,-0.26343165309267,-0.24376843495487563,-0.13501871010345587,-0.26732555580013206,-0.050642747083425046,-0.06946511116002642,-0.21941668500990535,-0.27611930442438914,-0.20124367158265463,-0.374554259300022,-0.19969843715606428,-0.32013647369579573,-0.20242791107197886,0.045018710103455865,0.14933524103015627,-0.12781421967862647,-0.1793616552938587,-0.2339885538190623,0.1668677085626238,-0.1200264142637024,0.10397534668721109,-0.09420206911732336,0.23149900946511115,0.216880915694475,-0.0923992956196346,-0.17655954215276248,-0.01734536649790887,0.18748404138234648,0.3131234866828087,0.11994497028395333,0.1655646048866388,-0.05582874752366278,-0.01847457627118644,-0.02687871450583315,-0.18942108738718907,-0.20642526964560862,-0.11503411842394894,-0.20033458067356372,0.028232445520581115,0.06313669381465992,0.03206911732335461,-0.1074818401937046,,0.2350957517059212,0.029249394673123486,0.27872991415364295,-0.010818842174774378,,-0.11325115562403698,0.01325115562403698,-0.2278582434514638,0.1472969403477878,-0.13925599823904908,0.17996478098173013,0.09836451683909311,0.2809267004182258,0.04305745102355272,-0.05144838212634823,-0.20561303103675985,-0.13205811138014528,-0.29755668060752805,-0.05166850099053489,-0.1048910411622276,-0.142788906009245,-0.23741800572309046,-0.12844816200748405,-0.23507814219678627,0.03974246092890161,0.012907770195905789,-0.02657274928461369,-0.02907990314769976
#51,0.5192559982390491,0.3738388729914154,0.37197886858903806,0.4929407880255338,0.1037838432753687,0.03083204930662558,0.2590953114681928,0.3637200088047546,0.28697116442879156,1.0,0.3989588377723971,0.2712678846577152,0.41789346246973363,0.1966519920757209,0.040508474576271186,-0.07699097512656834,0.437673343605547,0.23992956196346027,0.07657495047325556,-0.022905569007263923,0.21100374202069117,-0.09425269645608629,0.026279991195245433,-0.059661016949152545,0.04713625357693154,-0.15914153642967202,0.08418005723090469,-0.15639885538190623,0.20816640986132512,0.14079462909971385,-0.09219238388729914,-0.03178516398855382,0.04095531587057011,-0.15121725731895225,0.02589258199427691,0.1253929121725732,-0.008153202729473915,0.004648910411622276,0.03423068456966762,0.0510939907550077,0.2701518820162888,-0.005657054809597183,0.19858683689192164,-0.06944530046224962,-0.046828087167070216,-0.18119524543253357,-0.10955756108298481,-0.1786814880035219,-0.17635263042042704,-0.2832885758309487,-0.007977107638124587,-0.19428791547435614,-0.03668060752806516,0.26780101254677524,0.23498789346246973,0.16855161787365178,-0.09264582874752367,-0.13700858463570328,0.046581554039181156,-0.028622055910191502,0.011587057010785825,0.009352850539291217,-0.20564604886638785,0.07495267444419987,0.16839973585736298,0.1397094430992736,0.021476997578692494,0.1145476557340964,0.14970504072198987,0.030611930442438918,0.3075941008144398,0.2392692053709003,-0.07877173673783844,-0.04377944089808496,-0.18319832709663217,-0.1953532907770196,-0.24806735637244112,-0.1897292537970504,0.002841734536649791,-0.1698613251155624,0.07878494386968964,0.14930882676645388,,0.1711005943209333,0.027900066035659254,-0.038498789346246974,0.03327316751045565,,0.31634382566585956,0.08577812018489984,0.12828967642526964,0.10269205370900286,0.011188641866607969,0.08430552498349109,0.08159586176535329,0.29316090688972046,-0.1314241690512877,0.10930002201188642,0.033086066475896986,0.01699537750385208,-0.062254017169271404,0.20727933083865288,0.07567906669601585,0.17654853620955316,0.04409421087387189,0.10094871230464451,0.01225181598062954,-0.04680387409200969,0.3296081884217477,-0.10151221659696236,-0.094950473255558
#52,0.4339379264802994,0.3700088047545675,0.07157605106757649,0.03306845696676205,-0.08265463350209112,-0.16839753466872112,0.42820383006823687,0.48799251595861765,0.24590799031476998,0.3989588377723971,1.0,0.2498481179837112,0.15620735197006383,0.2786990975126568,-0.1149108518600044,0.01867048206031257,0.0525181598062954,-0.16273387629319833,0.09992295839753466,0.05120405018710104,-0.1364670922298041,-0.06409861325115562,0.024825005502971606,0.07918776139115122,-0.022929782082324456,-0.05823024433193925,-0.142458727712965,-0.17920096852300244,-0.02014968082764693,-0.06669161347127449,-0.29711644287915473,-0.2514836011446181,-0.19155183799251596,-0.09832929782082324,-0.05401276689412283,0.02135593220338983,-0.17774158045344485,-0.026817081223860884,-0.0864604886638785,-0.06384767774598284,0.18374642306845695,0.12947391591459387,0.08839533348007925,0.01854721549636804,-0.07753686990975127,-0.08114902047105436,-0.10364957076821484,-0.13450363196125908,-0.09870570107858244,-0.14942328857583095,-0.04821483601144618,-0.18369579572969402,-0.04685450143077262,0.058875192604006164,0.03724191063174114,0.13146819282412503,0.06133612150561303,0.01917015188201629,0.021747743781642088,0.031071978868589038,0.07171252476337223,-0.19162007484041382,0.1365133171912833,0.17333920316971163,0.03297820823244552,-0.007043803653973145,-0.04451683909311028,0.2001782962799912,0.16580453444860224,0.04946731234866828,0.1512920977327757,0.10049966982170372,0.21563944530046225,0.21222540171692714,0.11825445740699977,0.0800066035659256,0.06542152762491746,0.04088928021131411,-0.021926040061633283,-0.10529165749504732,0.10267444419986793,-0.018817961699317633,,0.2533480079242791,0.03311248073959938,0.17421747743781643,-0.040744001760950915,,0.14311908430552497,-0.06949152542372881,0.05750605326876514,-0.052469733656174335,0.2263482280431433,0.12409421087387189,0.25774158045344486,0.05779881135813339,0.07178736517719568,-0.10512436715826547,-0.16406559542152763,-0.19600924499229583,-0.161699317631521,-0.0826700418225842,-0.2851970063834471,-0.09208892802113142,-0.18890821043363415,-0.25139555359894344,-0.22019370460048426,0.026993176315210213,0.150264142637024,-0.15175654853620954,-0.09729914153642967
#53,0.4590622936385648,0.08213955535989434,0.2635879374862426,0.13766894122826326,0.45891481399955975,0.07798811358133392,0.07773717807616112,0.4348139995597623,0.2245476557340964,0.2712678846577152,0.2498481179837112,1.0,0.4418908210433634,-0.048412942989214176,-0.08196786264582875,-0.17209773277569887,0.24643627558881795,0.07451904028175214,-0.030686770856262383,-0.1650033017829628,-0.0013427250715386308,-0.34302223200528287,0.07532027294739159,0.025212414703940127,0.018192824125027516,-0.2143649570768215,0.15220559101915035,-0.08152102135152983,0.08203169711644288,0.12208012326656395,-0.013411842394893242,0.0476931543033238,0.1951353731014748,-0.11078362315650452,0.05969843715606427,0.1162095531587057,0.10784723750825445,-0.1287211093990755,0.16575830948712306,-0.20150561303103676,0.05258639665419326,0.04466431873211534,0.22374202069117324,-0.02722209993396434,0.2584041382346467,-0.10518159806295399,-0.046150121065375305,-0.14154303323794848,-0.09228483381025754,-0.053365617433414045,0.047259520140876074,0.09721989874532247,0.07817961699317631,0.1450033017829628,0.051010345586616775,-0.03142196786264583,-0.08415144177856042,-0.40709002861545235,0.15712744882236407,0.05644067796610169,0.15938806955756107,0.06552938586836891,0.06080783623156504,-0.04221879815100154,-0.10211093990755007,-0.0877327756988774,-0.11513757429011666,-0.040341184239489326,0.04317851639885538,-0.20900066035659257,0.06348668280871671,-0.11449262601804974,-0.13839533348007924,0.3729914153642967,-0.18391151221659696,-0.039944970283953336,-0.17589698437156065,-0.041536429672022895,-0.16415144177856042,-0.2714307726172133,0.26642086726832487,0.36088267664538853,,0.45068236847897863,0.4213163108078362,0.19958837772397095,0.1848580233325996,,0.18327536869909752,0.32455205811138016,-0.00912392692053709,0.1323992956196346,0.09190182698657275,0.17182038300682367,0.20467752586396654,0.15466211754347348,-0.17903587937486243,0.08967202289236187,0.02927801012546775,0.01818181818181818,0.2238630860664759,0.07353951133612151,0.13289896544133833,-0.04662557781201849,-0.011080783623156504,-0.0475544794188862,-0.037779000660356596,0.034701738939027074,0.23722209993396434,-0.029861325115562404,-0.18556460488663878
#54,0.606387849438697,0.054703940127668944,0.20340083645168391,0.3726920537090029,0.28743781642086724,0.2989852520360995,0.07355932203389831,0.39739819502531365,0.28784063394232884,0.41789346246973363,0.15620735197006383,0.4418908210433634,1.0,0.20777679947171473,0.026927140655954217,0.08553158705701079,0.17560862865947613,0.18744662117543473,-0.08211093990755007,-0.36656834690733,0.0939819502531367,-0.3063746423068457,0.09157164869029276,-0.14423068456966762,0.12337442218798152,-0.30959498128989654,0.2625313669381466,-0.14418445960818843,0.030732995817741582,0.25268985252036097,0.06417565485362095,-0.07237068016729034,-0.04326216156724631,-0.3205987233105877,-0.06845696676205151,0.053992956196346024,0.02031917235307066,-0.12939467312348668,0.08582434514637904,-0.18856482500550298,0.09055690072639225,-0.22060312568787144,0.17426810477657936,-0.1239159145938807,0.17870570107858244,-0.2554567466431873,-0.012542372881355932,-0.15432313449262602,-0.09990314769975787,-0.1113911512216597,0.05483381025753907,-0.04767554479418886,0.015093550517279331,-0.002696456086286595,0.17880255337882456,-0.08865947611710323,-0.061069777679947174,-0.30498128989654416,0.2181135813339203,0.017457627118644067,0.06809156944750165,-0.03970283953334801,-0.03694915254237288,0.13253576931543035,-0.12354391371340524,-0.07709663218137794,-0.02381465991635483,-0.008725511776359234,-0.09299361655293858,-0.2904006163328197,0.02161787365177196,-0.12400616332819722,-0.08673563724411182,-0.08425930002201189,-0.027686550737398195,-0.22579572969403477,-0.19946731234866827,-0.120132071318512,-0.3067246313009025,-0.35819502531366937,0.03167510455646049,0.19740479859123927,,0.26524983491085186,0.1351683909311028,0.17598943429451905,0.14046445080343387,,0.26458507594100816,0.16843495487563284,-0.024789786484701738,0.359075500770416,0.13533127889060093,0.23256658595641647,0.2146731234866828,0.16659696235967422,-0.24259960378604448,0.023631961259079903,0.0851353731014748,-0.08289016068677085,-0.04521901826986573,0.1569359454105217,0.17131631080783624,-0.10080123266563945,-0.15694254897644727,-0.08034338542813119,-0.026933744221879816,-0.0671318511996478,0.026583755227823025,-0.12238828967642527,-0.07712524763372221
#58,0.06219678626458287,0.2610279550957517,0.025903587937486244,0.2658265463350209,-0.1745080343385428,0.061001540832049304,0.5239401276689413,0.20127448822364077,0.13416464891041163,0.1966519920757209,0.2786990975126568,-0.048412942989214176,0.20777679947171473,1.0,0.060730794629099714,0.26342504952674445,-0.11086946951353731,-0.03705921197446621,0.05466872110939908,-0.09415804534448602,-0.07374202069117324,-0.10800792427911073,-0.02662557781201849,0.278201628879595,-0.07782742681047766,-0.08057891261281092,-0.07811578252256218,-0.12288575830948713,0.05073739819502531,-0.0003213735417125248,-0.021287695355491965,0.023075060532687652,-0.12300902487343165,0.03631300902487343,-0.08625797930882677,-0.04206251375742901,-0.021228263262161567,0.0740413823464671,0.10277349768875192,0.11193484481620075,-0.09128329297820824,-0.04810477657935285,0.017807616112700857,0.07188861985472154,-0.04834910851860005,0.08086946951353731,-0.08718688091569447,-0.02228923618754127,-0.07097292537970504,-0.049561963460268546,-0.12342504952674445,-0.018188421747743783,-0.12625137574290116,0.043215936605767113,-0.002696456086286595,-0.05825225621835791,0.005280651551837993,0.0611402157164869,0.011338322694254898,0.24961919436495708,-0.05298261060972925,-0.10748404138234646,0.3490909090909091,0.3782412502751486,-0.305280651551838,-0.3198415144177856,0.45949592780101256,0.46462469733656175,0.008065155183799251,-0.08313669381465992,0.08598723310587718,0.02657274928461369,0.20924279110719787,-0.03839093110279551,0.20813339203169712,0.024589478318291877,0.1689126128109179,0.051228263262161566,-0.04084305524983491,0.011730134272507154,-0.08890160686770857,-0.25528285274047985,,0.2187277129650011,-0.10366277790006603,-0.051584855822143956,-0.1067510455646049,,-0.005036319612590799,-0.06221439577371781,-0.0695905789126128,0.030345586616773057,0.004241690512876954,-0.030270746202949592,0.08870349988994057,-0.23646489104116222,0.032157164869029274,-0.3061413163108078,-0.1364076601364737,-0.21416464891041162,-0.2871714725952014,-0.013869689632401497,-0.04847017389390271,-0.09915254237288136,-0.1137838432753687,-0.237805414924059,-0.06797930882676645,-0.043616552938586836,0.007578692493946731,-0.11155403918115782,-0.019654413383226942
#101,-0.034408980849658814,0.0922738278670482,-0.2530794629099714,0.04918115782522562,-0.058758529605987236,-0.07356372441118204,0.09141756548536209,0.07808716707021791,0.291930442438917,0.040508474576271186,-0.1149108518600044,-0.08196786264582875,0.026927140655954217,0.060730794629099714,1.0,0.5747501650891481,-0.07804754567466432,-0.19882456526524322,0.5056812678846577,0.24200308166409862,0.6226480299361655,0.3183447061413163,0.3936407660136474,0.1428021131410962,0.22559322033898305,-0.11600044023772837,0.04903587937486242,-0.13662117543473476,0.07502531366938146,0.005839753466872111,-0.14183579132731675,-0.1036649790887079,-0.39618534008364514,-0.20716707021791766,-0.2803279771076381,-0.13365397314549857,0.13204050187101035,0.10861985472154964,0.22631961259079902,0.030644948272066916,-0.2377525863966542,-0.26720889280211313,-0.03959057891261281,-0.055841954655513976,-0.1594453004622496,0.15077481840193704,-0.2054919656614572,-0.19852740479859124,-0.16119524543253358,-0.1363944530046225,-0.13704380365397315,-0.28155403918115784,-0.21298701298701297,0.03887519260400616,0.3011600264142637,-0.06019810697776799,-0.17083425049526743,0.0385230024213075,-0.051292097732775696,-0.09191943649570768,-0.4321219458507594,-0.4945740699977988,0.07719568567026194,0.06984591679506934,-0.2335659255998239,-0.19878494386968965,-0.20939027074620295,0.0017675544794188863,0.4283799251595862,0.3642637023992956,0.02705480959718248,-0.09086726832489544,0.19210653753026635,-0.2931124807395994,0.03402157164869029,-0.3645168390931103,-0.14863306185340083,-0.506370239929562,0.26449922958397537,0.04468853180717588,0.029632401496808278,0.04060972925379705,,-0.034241690512876954,0.006779661016949152,-0.10292978208232445,-0.46867928681488,,-0.0924521241470394,-0.0009597182478538411,-0.0476007043803654,-0.0055447941888619855,-0.1829782082324455,-0.014688531807175874,-0.1190116662998019,0.23572969403477878,-0.10701518820162888,-0.3561457186880916,-0.31114461809377064,-0.4190975126568347,-0.44005502971604665,-0.16671802773497688,-0.24942108738718907,-0.4110543693594541,-0.37968963240149683,-0.3919458507594101,-0.3093616552938587,-0.3050275148580233,-0.2670217917675545,-0.4114725952014088,-0.1741866607968303
#102,-0.05735197006383447,0.40639225181598065,-0.2157627118644068,0.1024653312788906,-0.28994937266123705,-0.11839093110279551,0.436337222099934,0.17832269425489763,0.3884371560642747,-0.07699097512656834,0.01867048206031257,-0.17209773277569887,0.08553158705701079,0.26342504952674445,0.5747501650891481,1.0,-0.3420911292097733,-0.3186550737398195,0.463713405238829,0.2222011886418666,0.3411864406779661,0.3090226722430112,0.2959718247853841,0.37958177415804534,0.16290997138454766,-0.05886418666079683,-0.00040501871010345584,-0.09311027955095752,-0.1310873871890821,-0.06456086286594762,-0.23863306185340083,-0.3750143077261721,-0.33468633061853403,-0.26143517499449703,-0.4797182478538411,-0.17300022011886418,-0.08236847897864848,0.025764913053048646,-0.03725511776359234,-0.14534228483381026,-0.36014307726172134,-0.24717587497248514,-0.18400396213955536,-0.14931983270966323,-0.23573409641206253,0.09410521681708123,-0.10975126568346907,-0.11062073519700638,-0.11435174994497029,-0.18422187981510016,-0.05696896324014968,-0.32578032137354174,-0.234620294959278,0.05641866607968303,0.1335329077701959,-0.10488223640766013,-0.27669601584855824,0.006874312128549416,-0.0734998899405679,-0.09955095751705921,-0.42261281091789565,-0.5173541712524763,0.475974025974026,0.6101232665639446,-0.12074400176095092,-0.12679947171472594,-0.041877613911512214,0.46465331278890604,0.48609509134932866,0.3640545894783183,0.0810543693594541,0.010783623156504512,0.1530002201188642,-0.1528857583094871,-0.03207131851199648,-0.4257671142416905,-0.20273387629319833,-0.45649130530486465,0.0003697996918335901,0.08525643847677745,-0.07095091349328637,-0.3049900946511116,,0.08049746863306186,-0.23088047545674664,-0.15979749064494828,-0.4448778340303764,,-0.28767774598283075,-0.24656174334140435,-0.3526150121065375,-0.04147699757869249,-0.05978428351309707,0.009768875192604005,-0.010057230904688531,0.010900286154523443,0.0814637904468413,-0.32354831609068896,-0.22449922958397533,-0.44945410521681706,-0.6292449922958397,-0.2948007924279111,-0.41910631741140214,-0.3907065815540392,-0.4284679727052608,-0.35830288355712087,-0.24773057451023553,-0.38309267004182257,-0.37234866828087165,-0.4506185340083645,-0.22855161787365177
#201,0.27381906229363856,-0.14728153202729474,0.6257869249394673,0.3136495707682148,0.29355491965661457,0.031554039181157824,-0.29993836671802776,0.1512590799031477,-0.012742681047765794,0.437673343605547,0.0525181598062954,0.24643627558881795,0.17560862865947613,-0.11086946951353731,-0.07804754567466432,-0.3420911292097733,1.0,0.4936847897864847,0.1035064935064935,-0.1352212194585076,0.016407660136473694,-0.3000616332819723,0.25270526084085404,-0.13272947391591458,0.3420162887959498,-0.06388729914153643,0.405049526744442,0.12595421527624917,0.35580453444860227,0.14660796830288356,0.22811138014527846,0.1726172132951794,0.4056328417345367,-0.007715166189742461,0.1757340964120625,-0.12328637464230685,0.09485141976667401,-0.1318247853841074,-0.1543979749064495,0.06327536869909751,0.08099713845476557,-0.11260400616332819,-0.02773497688751926,-0.2314175654853621,0.08278010125467752,-0.21106977767994717,0.2671428571428571,0.16281972265023112,0.03170151882016289,0.0010653753026634383,0.33287695355491964,0.16412282632621616,0.31637244111820384,0.1525709883337002,0.06447061413163108,-0.06306405458947832,-0.21501210653753028,-0.38195465551397756,-0.03567906669601585,0.06343165309267004,0.018076161127008585,0.03097952894563064,-0.23602905569007263,-0.27568567026194146,0.27563504292317853,0.23271846797270526,-0.11323574730354391,-0.33841514417785606,0.14934404578472374,0.13163108078362315,0.45607307946291,0.46069117323354614,-0.28118423948932425,0.030270746202949592,-0.4143253356812679,-0.11796830288355713,-0.2714615892581994,-0.0013999559762271627,0.1845476557340964,-0.2508012326656395,0.03642306845696676,0.2596896324014968,,0.006044464010565706,0.21627338762931983,-0.2409377063614352,0.09067576491305304,,0.1930266343825666,0.2738983050847458,0.12167950693374423,-0.031989874532247414,0.1337376183138895,-0.07331499009465112,0.028646268985252035,0.45800352190182697,-0.03155183799251596,0.6250913493286374,0.4195971824785384,0.5059938366718028,0.19558001320713186,0.5055227823024433,0.23128769535549196,0.46348448162007483,0.5131543033237949,0.3956900726392252,0.31329297820823243,0.003638564825005503,0.26374642306845697,-0.07555359894342945,-0.21783403037640325
