,#10,#11,#12,#13,#17,#18,#26,#49,#50,#51,#52,#53,#54,#58,#101,#102,#201,#202,#301,#302,#401,#402,#501,#502,#601,#602,#701,#702,#801,#802,#901,#902,#1001,#1002,#1101,#1102,#1201,#1202,#1301,#1302,#1401,#1402,#1501,#1502,#1601,#1602,#1701,#1702,#1801,#1802,#1901,#1902,#2001,#2002,#2101,#2102,#2201,#2202,#2301,#2302,#2401,#2402,#2501,#2502,#2601,#2602,#2701,#2702,#2801,#2802,#2901,#2902,#3001,#3002,#3101,#3102,#3201,#3202,#3301,#3302,#3401,#3402,#3455,#3501,#3502,#3601,#3602,#3701,#3702,#3801,#3802,#3901,#3902,#4001,#4002,#4101,#4102,#4201,#4202,#4301,#4302,#4401,#4402,#4501,#4502,#4601,#4602,#4701,#4702,#4801,#4802
#10,1.0,0.6885868368919217,0.6455646048866388,0.729702839533348,0.5435086946951354,0.2901386748844376,0.4339423288575831,0.8175456746643187,0.5906559542152763,0.7556482500550297,0.7201738939027075,0.5014880035219018,0.5754765573409641,0.1647391591459388,0.08906889720449042,0.01214175654853621,0.5752454325335681,0.2023794849218578,0.46502751485802335,0.24714725952014088,0.1958991855602025,0.28198547215496367,0.4800396213955536,0.25559982390490865,0.47295839753466873,0.48100594320933304,-0.3080629539951574,-0.37281752146158925,0.22537530266343825,0.39684789786484703,0.05784943869689632,-0.021650891481399957,0.18136693814659915,0.05674664318732115,0.028509795289456307,-0.037981510015408323,0.16642967202289236,0.17921197446621176,0.16619854721549637,0.11329738058551618,0.221732335461149,0.14428131190843055,0.21726832489544354,0.0701584855822144,-0.2852168170812239,-0.09116883116883116,-0.5498327096632182,-0.6199889940567906,-0.5467686550737398,-0.4900264142637024,-0.5653334800792428,-0.4075610829848118,-0.4044045784723751,-0.13328637464230683,0.18445300462249614,-0.053372220999339644,0.11981289896544134,0.03592119744662117,-0.3042637023992956,-0.37894122826326215,0.2697820823244552,-0.28846136913933523,0.13994276909531148,-0.4647215496368039,-0.13409200968523002,-0.10119524543253357,0.182854941668501,0.40792868148800354,0.44561303103675987,0.12167950693374423,0.38887519260400616,0.26626018049746863,0.3034294519040282,0.3952344265903588,0.25656174334140436,0.053876293198327097,-0.31823464670922297,-0.4678846577151662,0.18828087167070218,0.1459322033898305,0.22443319392471936,0.37613471274488225,,0.5614990094651111,0.4517213295179397,0.18808936825885977,-0.398613251155624,0.08713845476557341,0.3929738058551618,0.15036099493726612,-0.1530662557781202,-0.032967202289236185,-0.26565265243231345,-0.3861149020471054,-0.4005216817081224,0.20362315650451243,0.054864626898525205,-0.09923398635263042,-0.22602685450143079,-0.3310961919436496,-0.464224081003742,0.22899625797930884,0.2039885538190623,0.07153863086066475,-0.11997798811358133,0.05336781862205591,-0.15922518159806295,-0.3440215716486903,-0.37454765573409643,-0.3244794188861985,-0.2917895663658375
#11,0.6885868368919217,1.0,0.6613119084305525,0.6068500990534889,0.43335681267884657,0.5071692714065595,0.5441558441558442,0.6980827646929342,0.581237068016729,0.5829033678186221,0.477706361435175,0.337673343605547,0.5032951793968743,0.2976579352850539,-0.035718688091569445,0.007070217917675545,0.35321813779440897,0.45095971824785386,0.48603345806735637,0.18224521241470393,-0.02082544574069998,0.17336561743341405,0.33708342504952676,0.1812788906009245,0.36811138014527844,0.4542989214175655,-0.2538344706141316,-0.24015408320493067,0.42351749944970285,0.5818313889500331,0.1769733656174334,0.11125467752586396,0.18481620074840413,0.14566145718688092,0.07846797270526085,0.027259520140876074,0.24084085406119304,0.22048206031256878,-0.03307946290997139,-0.016751045564604886,0.23541272287034998,0.1673233546114902,0.19187761391151223,0.02970063834470614,-0.40658815760510675,-0.0860642747083425,-0.33782742681047767,-0.3828439357252917,-0.3628351309707242,-0.452095531587057,-0.43748624257098834,-0.46420867268324895,-0.3935086946951354,-0.051281091789566365,-0.10074840413823465,0.08532247413603346,-0.1755249834910852,-0.1239159145938807,-0.41449262601804976,-0.40090028615452344,0.20833370019810699,-0.032722870349989,0.3667444419986793,-0.3433193924719348,0.14850539291217257,-0.009696235967422409,0.4560774818401937,0.5848624257098833,0.49712524763372223,0.23285934404578473,0.4652300242130751,0.5037992515958618,0.37256218357913273,0.4117609509134933,0.3513625357693154,0.1724389170151882,-0.21022011886418665,-0.3202047105436936,0.14681488003521903,0.16685450143077263,0.2582852740479859,0.3094342945190403,,0.4155954215276249,0.41078802553378824,0.3823992956196346,-0.21447281532027296,0.11660136473695795,0.36238388729914156,0.1842791107197887,-0.11718908210433635,-0.045690072639225185,-0.33904688531807176,-0.38428791547435615,-0.4338674884437596,0.11671142416905128,0.21052388289676424,-0.06432313449262601,0.010349988994056791,-0.29119524543253356,-0.34103896103896103,0.38513977547875855,0.4669601584855822,0.07887519260400616,-0.03896103896103896,0.07207572088928021,-0.038217037200088046,-0.2959454105216817,-0.26265903587937484,-0.40265903587937485,-0.3452542372881356
#12,0.6455646048866388,0.6613119084305525,1.0,0.7092912172573189,0.3124543253356813,0.30242350869469514,0.39,0.46509355051727935,0.37883777239709443,0.687409200968523,0.5055183799251596,0.10844375963020031,0.3466321813779441,0.16487563284173454,-0.036464891041162226,0.07652872551177636,0.6564120625137574,0.44559982390490865,0.2490446841294299,-0.021248073959938368,-0.11498789346246974,0.05477217697556681,0.4043759630200308,0.1743495487563284,0.43635703279771076,0.4837838432753687,-0.04299361655293859,-0.13817521461589258,0.13344486022452123,0.270231124807396,0.045828747523662776,0.05746423068456967,0.38876513317191286,0.2775654853620955,-0.10900286154523443,0.05631961259079903,0.13739819502531367,0.04992295839753467,0.2315760510675765,0.12434514637904469,0.1110807836231565,0.12522342064714945,-0.007400396213955536,-0.04523002421307506,-0.2564472815320273,-0.18735417125247633,-0.23362095531587057,-0.26365617433414046,-0.24915474356152323,-0.2762755888179617,-0.19005502971604665,-0.30359454105216815,-0.0033612150561303103,0.11289456306405458,0.11871890821043364,0.2591481399955976,-0.0961699317631521,-0.13370680167290336,-0.1928747523662778,-0.23131631080783624,0.025005502971604667,-0.24423728813559323,0.15755888179616992,-0.2881884217477438,0.2891635483160907,0.0487805414924059,0.06772176975566806,0.4376359233986353,0.28436495707682147,0.15359674224081005,0.25345806735637244,0.37727272727272726,0.12157825225621836,0.24055249834910852,0.0839225181598063,-0.047034998899405676,-0.18579572969403477,-0.25357032797710766,0.13428351309707243,0.19814439797490646,0.16441118203830069,0.22707021791767554,,0.264224081003742,0.20707682148360115,-0.005804534448602245,-0.3241998679286815,-0.07186440677966102,0.12503191723530707,0.11056570548095972,-0.04844375963020031,-0.06212194585075941,-0.2599537750385208,-0.27704380365397313,-0.30953334800792426,0.41886418666079683,0.27425709883337,0.20992515958617652,0.28215716486902925,-0.052859344045784726,-0.07359674224081003,0.2552894563064055,0.2106581554039181,0.2471186440677966,0.2443693594541052,0.32068016729033677,0.1867246313009025,-0.2511622276029056,-0.3619656614571869,-0.25232005282852743,-0.25211093990755007
#13,0.729702839533348,0.6068500990534889,0.7092912172573189,1.0,0.38484701738939026,0.24333480079242792,0.46786264582874754,0.5538696896324015,0.40437376183138896,0.7748668280871671,0.5125225621835792,0.28403697996918337,0.5255315870570108,0.03279550957517059,0.04532027294739159,0.1286088487783403,0.472425709883337,0.277706361435175,0.28958837772397095,0.22829407880255337,0.13947611710323574,0.29937046004842616,0.4410631741140216,0.3103984151441779,0.46856702619414486,0.5548272066916135,-0.26676645388509795,-0.2216024653312789,0.1858793748624257,0.3550275148580233,0.052326656394453004,0.09141976667400396,0.2741668500990535,0.2580277349768875,-0.035080343385428134,0.14142637023992957,0.2057803213735417,0.18327096632181378,0.23520360994937267,0.1715232225401717,0.15979749064494828,0.33363416244772176,0.17125687871450584,0.05988333700198107,-0.12347127448822363,-0.08435395113361215,-0.5086308606647589,-0.5060664758969844,-0.44466211754347346,-0.31057671142416904,-0.4258793748624257,-0.28035219018269864,-0.3242130750605327,-0.03999559762271627,0.27983491085186,0.0776931543033238,0.15156724631300902,0.054182258419546554,-0.2179550957517059,-0.2460180497468633,0.10871890821043363,-0.28617213295179394,0.15686110499669823,-0.36325335681267884,-0.09494607087827427,-0.07588157605106757,0.0525115562403698,0.44346246973365616,0.24740699977988115,0.03811798371120405,0.14750385208012326,0.1865067136253577,0.16162227602905568,0.1592559982390491,0.09543913713405239,-0.06392251815980629,-0.25904688531807174,-0.25516398855381905,0.21427030596522123,0.15012766894122825,0.22373541712524764,0.22515738498789345,,0.3196632181377944,0.17395113361215056,0.026913933524103015,-0.3560268545014308,0.018459167950693373,0.29787365177195685,0.14677305745102356,-0.10369799691833591,-0.022698657274928462,-0.1971516618974246,-0.2817939687431213,-0.34596302003081664,0.26797050407219897,0.17585075941008144,-0.1621681708122386,-0.054538850979528944,-0.37415364296720227,-0.39926040061633283,0.21862205591019152,0.22917235307065817,0.03445080343385428,-0.10573849878934624,-0.0527030596522122,-0.16604666519920758,-0.3180431432973806,-0.3260774818401937,-0.2907197886858904,-0.31561303103675986
#17,0.5435086946951354,0.43335681267884657,0.3124543253356813,0.38484701738939026,1.0,0.451765353290777,0.3242394893242351,0.4812744882236408,0.3956834690732996,0.35184239489324237,0.35963240149680825,0.5983865287255118,0.5153686990975127,0.16554259300022012,-0.09735857362976007,-0.3297094430992736,0.3879727052608409,0.33838872991415364,0.3098569227382787,0.06976887519260401,0.11906449482720668,0.007010785824345146,0.3259211974466212,0.014692934184459609,0.23339643407440017,0.17876293198327098,-0.184950473255558,-0.31580453444860224,0.34876953554919654,0.46215276249174553,0.12086066475896984,0.26280871670702177,0.09689632401496809,0.1302707462029496,0.13880475456746644,0.10177856042262821,0.14723750825445742,0.12900066035659255,0.13219678626458287,0.02966982170372001,0.331699317631521,0.17276689412282634,0.3824521241470394,0.17476777459828308,-0.11414703940127668,0.06082324455205811,-0.3439313229143738,-0.375857362976007,-0.285544794188862,-0.3698943429451904,-0.37177415804534447,-0.22162227602905568,-0.316649790887079,-0.27068236847897864,-0.09194585075941009,-0.11206251375742901,0.001571648690292758,0.11152102135152983,-0.2140611930442439,-0.16386528725511776,0.23361435174994497,-0.10809597182478538,0.14204050187101033,-0.3966696015848558,-0.18676865507373983,-0.14872331058771737,0.4109024873431653,0.42715386308606645,0.25996918335901387,0.09706361435174994,0.24375522782302445,0.33464891041162226,0.12002861545234426,0.31084085406119305,0.21762931983270967,0.09437596302003082,-0.32318732115342286,-0.4200704380365397,0.16140876073079463,0.06853400836451684,0.12480739599383667,0.5782896764252696,,0.4365925599823905,0.6139951573849879,0.2466629980189302,-0.08963900506273388,0.11582654633502092,0.4945806735637244,0.39728373321593663,0.3595663658375523,0.0988399735857363,-0.033891701518820164,-0.24099273607748184,-0.21423068456966762,0.05608628659476117,0.031001540832049305,-0.08350209112920977,-0.27785384107418004,-0.17837332159366057,-0.3489698437156064,0.31238168611049966,0.30582654633502093,0.06004842615012106,-0.01828527404798591,0.015705480959718247,0.019852520360994937,-0.18713845476557342,-0.20598943429451905,-0.1967708562623817,-0.09257979308826766
#18,0.2901386748844376,0.5071692714065595,0.30242350869469514,0.24333480079242792,0.451765353290777,1.0,0.41743781642086725,0.32193264362755886,0.3002113141096192,0.19884217477437816,0.094983491085186,0.5457561082984812,0.6191987673343605,0.43403037640325776,0.040140876073079465,-0.2983314990094651,0.2509487123046445,0.6714990094651112,0.39247413603345804,-0.12649790887079024,-0.08236407660136473,-0.22935064935064936,0.3271868809156945,-0.12470834250495268,0.2750891481399956,0.016856702619414483,-0.20154083204930662,-0.30625357693154304,0.6269667620515078,0.5277635923398635,0.49345146379044685,0.27823024433193927,0.0802443319392472,0.015441338322694256,0.19640325775918996,0.014309927360774818,0.30851419766674004,0.021811578252256218,-0.02613911512216597,-0.20281752146158927,0.33741800572309044,0.2007043803653973,0.2373563724411182,-0.0028835571208452562,-0.10193484481620074,0.028225841954655512,-0.21745322474136033,-0.2638300682368479,-0.25681267884657716,-0.3992670041822584,-0.2152938586836892,-0.23474796390050628,-0.21250935505172794,-0.24812678846577152,-0.09179616993176315,0.0034932863746423067,-0.25311688311688313,-0.18904688531807176,-0.23755888179616994,-0.14484261501210655,0.07960818842174774,-0.004109619194364957,0.3964670922298041,-0.16592780101254678,0.11410301562843936,-0.17190843055249835,0.5953731014747964,0.45568126788465774,0.2812722870349989,0.025795729694034777,0.42310587717367376,0.35858463570327975,0.29970724191063175,0.24528945630640545,0.20634382566585957,0.010407219898745322,-0.1543979749064495,-0.2994827206691614,0.1409553158705701,-0.07177195685670262,0.3432533568126788,0.31190182698657276,,0.3222892361875413,0.4468831168831169,0.4161787365177196,-0.025881576051067577,0.004910851860004403,0.3395201408760731,0.4017147259520141,-0.04432533568126788,0.1510807836231565,-0.007228703499889941,-0.2548734316530927,-0.20469073299581775,0.07287695355491966,0.1409949372661237,0.002927580893682589,-0.03653092670041823,-0.02094210873871891,-0.17466211754347347,0.7786198547215496,0.5646070878274269,0.0040149680827646925,0.11215716486902928,0.02111820383006824,0.18824785384107418,-0.27353510895883776,-0.20505392912172574,-0.36610169491525424,-0.1419920757208893
#26,0.4339423288575831,0.5441558441558442,0.39,0.46786264582874754,0.3242394893242351,0.41743781642086725,1.0,0.5729077701959058,0.3256548536209553,0.52851419766674,0.3457935285053929,0.4259145938806956,0.42490644948272066,0.4286528725511776,-0.1099207572088928,-0.15937706361435175,0.36405899185560203,0.32097072419106315,0.23052168170812237,0.14788465771516618,0.06933744221879815,0.14341844596081885,0.07847677745982831,0.03782302443319392,0.24329958177415806,0.18730574510235526,-0.5103742020691173,-0.44029275808936824,0.27776799471714725,0.3567422408100374,0.19493946731234868,0.02761171032357473,0.2509949372661237,0.179933964340744,0.11617653532907771,-0.08952894563064055,0.3161809377063614,0.16571208452564384,0.059984591679506934,0.13131410961919437,0.26785604226282195,0.1888003521901827,0.3429363856482501,0.07553158705701078,-0.3532643627558882,-0.03362095531587057,-0.29565925599823906,-0.32320052828527407,-0.5082104336341624,-0.3513185119964781,-0.3581554039181158,-0.301089588377724,-0.44867268324895443,-0.11001760950913493,0.015091349328637465,0.021743341404358355,-0.1221549636803874,0.011844596081884217,-0.3632555580013207,-0.34991855602025096,0.21927360774818402,0.08146819282412503,0.29858903808056353,-0.36522342064714947,-0.1561171032357473,-0.3779110719788686,0.48305745102355274,0.6441580453444861,0.394785384107418,0.19792207792207792,0.32048206031256876,0.26947391591459385,0.4256900726392252,0.26723090468853183,0.39326436275588816,0.23198547215496368,-0.024785384107418006,-0.07862865947611711,0.04216156724631301,-0.05467092229804094,0.35055469953775037,0.23078142196786264,,0.48243231344926263,0.4414637904468413,0.36907329958177415,-0.009885538190622937,0.12698877393792649,0.3388333700198107,0.23567246313009024,-0.005141976667400397,-0.04209112920977328,-0.2669689632401497,-0.29159806295399515,-0.35399955976227165,-0.006273387629319832,0.0788201628879595,-0.0763086066475897,-0.18145498569227383,-0.2952696456086287,-0.38051507814219676,0.41650891481399954,0.3349966982170372,0.09142857142857143,-0.08507814219678626,-0.09810037420206912,-0.015591019150341185,-0.2613185119964781,-0.16969403477878053,-0.32984591679506936,-0.22036759850319174
#49,0.8175456746643187,0.6980827646929342,0.46509355051727935,0.5538696896324015,0.4812744882236408,0.32193264362755886,0.5729077701959058,1.0,0.700281752146159,0.6753488883997358,0.6978736517719568,0.5300528285274048,0.5611380145278451,0.3060246533127889,0.14789566365837553,-0.06090028615452344,0.4157362976007044,0.1317015188201629,0.5433898305084746,0.325593220338983,0.31930662557781203,0.2926436275588818,0.23583094871230464,0.05826766453885098,0.3303103675985032,0.260924499229584,-0.48292537970504074,-0.5256636583755228,0.24323574730354391,0.45840633942328857,0.055381906229363856,-0.07287475236627779,0.17918996257979308,0.0030618534008364515,-0.021915034118423948,-0.13218357913273168,0.17810477657935286,0.20186000440237728,-0.0385692273827867,0.032909971384547654,0.29794408980849657,0.10518600044023772,0.21595421527624917,-0.014459608188421747,-0.478961038961039,-0.10591019150341184,-0.5661831388950033,-0.6398745322474136,-0.6848294078802554,-0.5813141096191944,-0.6766938146599164,-0.5196147919876734,-0.596847897864847,-0.3508100374202069,0.06459608188421748,-0.28066916134712744,0.09405899185560203,-0.03730134272507154,-0.44880915694475015,-0.49195465551397755,0.4885252036099494,-0.038699097512656835,0.3594673123486683,-0.4134998899405679,-0.26306845696676207,-0.3024301122606207,0.40111160026414266,0.47683469073299584,0.6444794188861985,0.18611490204710543,0.5766123706801672,0.3565133171912833,0.5722033898305084,0.5248998459167951,0.49463130090248736,0.21406559542152762,-0.1380079242791107,-0.34693814659916355,0.1637046004842615,0.008269865727492847,0.33370680167290334,0.35613251155624037,,0.6422870349988994,0.6302597402597403,0.44284613691393354,-0.18517719568567026,0.2080563504292318,0.4399427690953115,0.07687651331719128,-0.15228923618754128,-0.1342923178516399,-0.3261699317631521,-0.40536209553158703,-0.39281311908430555,-0.05074400176095091,-0.16714946070878275,-0.17702179176755448,-0.3873893902707462,-0.48208012326656396,-0.5802113141096192,0.22899405679066695,0.2774620294959278,0.04396654193264363,-0.09309046885318072,-0.042042703059652214,-0.14838432753686992,-0.23490865067136255,-0.18321593660576713,-0.33120405018710103,-0.337376183138895
#50,0.5906559542152763,0.581237068016729,0.37883777239709443,0.40437376183138896,0.3956834690732996,0.3002113141096192,0.3256548536209553,0.700281752146159,1.0,0.5240171692714065,0.4704864626898525,0.4251926040061633,0.5312260620735197,0.29988773937926483,0.26250935505172796,0.016693814659916355,0.3160202509355052,0.18210653753026634,0.6115958617653533,0.3763460268545014,0.26157825225621834,0.26630640545894785,0.26964340744001764,0.13152322254017168,0.2870217917675545,0.3023222540171693,-0.24165749504732556,-0.3474620294959278,0.2373893902707462,0.37382566585956417,0.18046004842615013,0.06329738058551618,0.21614791987673343,0.04592339863526304,0.14732115342284835,0.06797270526084086,0.3610477657935285,0.30842394893242353,0.0885230024213075,-0.06981950253136694,0.26486022452124147,0.14711644287915474,0.08115122165969624,0.041721329517939686,-0.43158925819942767,-0.14601364736957959,-0.3783469073299582,-0.49302223200528283,-0.5297930882676646,-0.5536979969183359,-0.5210653753026634,-0.5412987012987013,-0.3986880915694475,-0.390561303103676,0.026180937706361436,-0.19719348448162008,0.03841954655513977,-0.04234206471494607,-0.4347457627118644,-0.5280167290336781,0.29711644287915473,-0.16186000440237727,0.4802113141096192,-0.2012260620735197,-0.04584635703279771,-0.12410961919436496,0.2778406339423289,0.42420867268324897,0.659801893022232,0.23402597402597403,0.6358969843715606,0.4516795069337442,0.5956460488663878,0.6019172353070659,0.4999383667180277,0.21493506493506492,-0.15019370460048426,-0.4057076821483601,0.21853180717587498,0.07596081884217477,0.3949592780101255,0.23828307285934405,,0.397541272287035,0.514965881576051,0.24887079022672243,-0.35317191283292976,-0.03398415144177856,0.38261501210653753,-0.07126788465771516,-0.1348316090688972,-0.2556702619414484,-0.28771516618974247,-0.46085406119304423,-0.38866607968302885,0.0324521241470394,-0.07081664098613251,-0.10327536869909751,-0.2878362315650451,-0.42088707902267225,-0.46325555800132073,0.15731234866828087,0.3876689412282633,-0.03150341184239489,-0.0010807836231565046,0.031437376183138896,-0.16199647809817302,-0.3245366497908871,-0.17580453444860225,-0.3420977327756989,-0.36433854281311906
#51,0.7556482500550297,0.5829033678186221,0.687409200968523,0.7748668280871671,0.35184239489324237,0.19884217477437816,0.52851419766674,0.6753488883997358,0.5240171692714065,1.0,0.6877569887739379,0.39713625357693155,0.5258925819942769,0.1374554259300022,0.014875632841734536,0.03559322033898305,0.6398261060972925,0.19574069997798813,0.33467092229804096,0.15749724851419766,0.13564604886638784,0.29061193044243894,0.4005657054809597,0.2145014307726172,0.430297160466652,0.447442218798151,-0.32812678846577154,-0.36731454985692275,0.09059211974466212,0.3171274488223641,0.0412854941668501,-0.029911952454325336,0.2292163768434955,0.13651771956856704,-0.10866607968302884,-0.035177195685670265,0.10604666519920757,0.06867928681488003,0.12128989654413383,0.06971384547655735,0.2610873871890821,0.22588597842835131,0.0537376183138895,0.06069557561082985,-0.2960378604446401,-0.2384437596302003,-0.5379198767334361,-0.5634800792427911,-0.5470504072198987,-0.46076161127008586,-0.5204028175214616,-0.3894981289896544,-0.36677305745102357,-0.05570768214836012,0.20820162887959498,0.005465551397754787,0.23810917895663658,-0.06592780101254678,-0.29648910411622276,-0.38015408320493066,0.3124323134492626,-0.27728813559322035,0.1372309046885318,-0.47840854061193044,-0.07467532467532467,-0.14857803213735418,0.08888839973585737,0.35807836231565043,0.3818401937046005,0.011195245432533567,0.3443297380585516,0.21584415584415584,0.4004424389170152,0.30215276249174555,0.25622055910191505,0.011945850759410081,-0.23947391591459388,-0.3194364957076821,0.09440677966101695,-0.006383447061413163,0.29315210213515297,0.2712062513757429,,0.4015958617653533,0.2996522121945851,0.13968963240149682,-0.32922077922077925,0.18786704820603126,0.31534448602245213,0.03693374422187982,-0.16044243891701518,-0.1516685009905349,-0.3260114461809377,-0.30375522782302444,-0.2959189962579793,0.3559982390490865,0.1277988113581334,-0.0042042703059652214,-0.11596081884217477,-0.37488883997358574,-0.40332159366057674,0.22848778340303763,0.1475214615892582,0.10303103675985031,-0.09110939907550077,0.006513317191283293,-0.10252696456086287,-0.4142350869469514,-0.31524983491085184,-0.20524763372221,-0.24650231124807395
#52,0.7201738939027075,0.477706361435175,0.5055183799251596,0.5125225621835792,0.35963240149680825,0.094983491085186,0.3457935285053929,0.6978736517719568,0.4704864626898525,0.6877569887739379,1.0,0.3442196786264583,0.31689852520360995,0.16608628659476118,0.009473915914593881,-0.01200528285274048,0.6106625577812018,0.06194144838212635,0.21445960818842175,0.134884437596302,0.15202509355051727,0.19719348448162008,0.19535549196566146,0.01663878494386969,0.16327977107638125,0.22163328197226503,-0.3412238608848778,-0.39992295839753467,-0.055641646489104114,0.23777679947171473,-0.2755513977547876,-0.1114571868809157,0.14049746863306187,-0.06422408100374202,-0.2103103675985032,-0.19755227823024432,-0.12521241470394012,0.04082104336341624,-0.011730134272507154,0.047156064274708344,0.2187079022672243,0.10410301562843936,0.08010785824345146,-0.0771516618974246,-0.2625930002201189,-0.20838652872551178,-0.460198106977768,-0.4823860884877834,-0.47184899845916795,-0.3918578032137354,-0.48185560202509353,-0.34687651331719127,-0.3195135373101475,-0.19064935064935065,0.034505833149900945,-0.30788685890380807,0.2679572969403478,-0.017197886858903808,-0.14670702179176756,-0.22800572309046885,0.34865947611710324,-0.15473475676865509,0.16016949152542373,-0.3554567466431873,-0.20543693594541051,-0.3375038520801233,0.17774378164208673,0.36656174334140434,0.38132071318511995,0.17148800352190183,0.3755690072639225,0.13412942989214174,0.2234734756768655,0.3113449262601805,0.2409289016068677,0.07747963900506273,-0.09513977547875853,-0.21830948712304646,0.1946070878274268,-0.04135593220338983,0.11033458067356372,0.3114791987673344,,0.5127911071978869,0.35116222760290555,0.21981289896544134,-0.14565045124367157,0.21234426590358793,0.40083425049526744,0.08125687871450583,-0.008707902267224302,-0.03580233325996038,-0.1543033237948492,-0.16088707902267224,-0.14009024873431652,0.2048778340303764,0.011173233546114903,-0.004360554699537751,-0.24132291437376183,-0.36951793968743124,-0.3410543693594541,0.007726172132951794,-0.10792868148800353,0.23554919656614573,0.014972485141976667,0.10081003742020692,-0.10191723530706581,-0.17744001760950914,-0.1551419766674004,-0.10035659255998239,-0.16916574950473257
#53,0.5014880035219018,0.337673343605547,0.10844375963020031,0.28403697996918337,0.5983865287255118,0.5457561082984812,0.4259145938806956,0.5300528285274048,0.4251926040061633,0.39713625357693155,0.3442196786264583,1.0,0.6734602685450143,0.38630640545894784,0.006238168611049967,-0.40008144397974904,0.29315210213515297,0.19041602465331278,0.326139115122166,0.11511996478098173,0.2032687651331719,0.030114461809377064,0.3551023552718468,0.005001100594320933,0.29235747303543913,0.05647149460708783,-0.35336121505613033,-0.506436275588818,0.4195113361215056,0.3947215496368039,0.17154743561523222,0.11187101034558662,-0.12647149460708781,-0.10589038080563504,0.20064935064935066,-0.11874532247413604,0.22370019810697778,0.07872991415364297,0.09071098393132292,-0.0036187541272287033,0.425445740699978,0.20338322694254898,0.39702399295619634,0.07869689632401497,-0.007609509134932864,0.21129429892141757,-0.4783931322914374,-0.5535989434294519,-0.4795443539511336,-0.5367598503191724,-0.49423948932423506,-0.2217587497248514,-0.4586352630420427,-0.292326656394453,0.1075808936825886,-0.10670041822584196,0.17798151001540832,0.10856482500550298,-0.189603786044464,-0.19542372881355932,0.25876953554919657,-0.14179837112040503,0.2543319392471935,-0.34633061853400837,-0.3150385208012327,-0.30922077922077923,0.4944177856042263,0.4350627338762932,0.3065001100594321,-0.04257979308826766,0.3733215936605767,0.18212854941668502,0.3947787805414924,0.3548426150121065,0.3086440677966102,0.11481399955976228,-0.25211093990755007,-0.35799251595861764,0.16596742240810036,-0.1498613251155624,0.3318511996478098,0.4690358793748624,,0.6839841514417786,0.5778890600924499,0.30442659035879377,-0.15577591899625798,0.2475676865507374,0.5087519260400616,0.4683623156504512,0.11568567026194145,0.11712524763372222,0.10189742460928902,-0.25520360994937263,-0.1560312568787145,0.02480959718247854,-0.06482280431432974,-0.19498128989654415,-0.4813405238828968,-0.2510103455866168,-0.44795509575170595,0.427343165309267,0.21166189742460928,-0.026964560862865947,-0.21101915034118424,-0.17985912392692055,-0.10924279110719788,-0.33581113801452783,-0.20512436715826546,-0.3075963020030817,-0.10654413383226942
#54,0.5754765573409641,0.5032951793968743,0.3466321813779441,0.5255315870570108,0.5153686990975127,0.6191987673343605,0.42490644948272066,0.5611380145278451,0.5312260620735197,0.5258925819942769,0.31689852520360995,0.6734602685450143,1.0,0.27501430772617214,0.09655293858683689,-0.23392692053709002,0.3452718467972705,0.39808496588157605,0.45491965661457184,0.19776799471714726,0.15717587497248514,0.06335241030156284,0.38941008144397976,0.031639885538190624,0.2876667400396214,0.15507814219678626,-0.2292493946731235,-0.31528725511776357,0.4576337222099934,0.46290336781862207,0.37918776139115123,0.12672243011226061,0.15701298701298702,-0.0012656834690732996,0.24679066696015847,0.019244992295839754,0.37406339423288576,0.12635703279771077,0.11791987673343605,-0.04983050847457627,0.37360334580673565,0.2084921857803214,0.3769535549196566,0.049832709663218136,-0.0891371340523883,0.025089148139995597,-0.412821923838873,-0.4583843275368699,-0.40074840413823465,-0.4032093330398415,-0.45362976007043804,-0.24667400396213957,-0.364851419766674,-0.31819062293638567,0.06732555580013207,-0.16515738498789345,0.09554259300022012,0.023352410301562845,-0.3742174774378164,-0.33262601804974684,0.16406559542152763,-0.13502531366938147,0.3115408320493066,-0.32339203169711644,-0.11666079683028835,-0.13699537750385207,0.3145454545454546,0.45530706581554037,0.3732049306625578,-0.005049526744441999,0.4928329297820823,0.34615232225401715,0.39084745762711864,0.39189962579793086,0.30425709883337004,0.10509134932863747,-0.22962579793088267,-0.31773717807616114,0.13459828307285934,-0.06447721769755668,0.4271032357473035,0.3868875192604006,,0.5363636363636364,0.5390909090909091,0.23560862865947613,-0.22548316090688972,0.02504732555580013,0.4397974906449483,0.24720669161347128,-0.07669601584855822,0.021989874532247412,-0.1110675764913053,-0.34915694475016507,-0.39348228043143296,0.10585516178736518,-0.00836451683909311,-0.1976931543033238,-0.28944970283953336,-0.27298040942108737,-0.3549746863306185,0.4409421087387189,0.4837706361435175,-0.06193264362755888,-0.06402597402597403,-0.09272507153863085,-0.07875192604006163,-0.3466189742460929,-0.3238058551617874,-0.4182654633502091,-0.3399207572088928
#58,0.1647391591459388,0.2976579352850539,0.16487563284173454,0.03279550957517059,0.16554259300022012,0.43403037640325776,0.4286528725511776,0.3060246533127889,0.29988773937926483,0.1374554259300022,0.16608628659476118,0.38630640545894784,0.27501430772617214,1.0,0.1581465991635483,-0.0851023552718468,0.23093110279550957,0.32660136473695794,0.20958177415804535,-0.11074840413823464,-0.12877173673783843,-0.25787585296059873,0.12641206251375742,-0.07087827426810478,0.20703720008804755,0.012463130090248735,-0.32192163768434956,-0.3736649790887079,0.25527184679727055,0.27980629539951574,0.22314109619194364,0.02217477437816421,0.18235747303543914,0.19694695135373103,0.3658375522782302,0.027712965001100594,0.4717411402157165,0.2005679066696016,0.0538102575390711,-0.05017609509134933,0.3028197226502311,0.07681708122386088,0.13287034998899405,-0.09289016068677086,-0.29443979749064497,-0.10791987673343606,-0.137012987012987,-0.1619106317411402,-0.26074840413823464,-0.34697116442879156,-0.18758969843715606,-0.364620294959278,-0.2130662557781202,-0.29448602245212413,-0.1887079022672243,-0.08637023992956196,-0.22784063394232887,-0.04379264802993617,-0.31078802553378826,-0.2879110719788686,0.14067356372441117,0.12178956636583756,0.6363394232885758,0.17831388950033017,0.04409421087387189,-0.3163284173453665,0.5753819062293638,0.3953841074180057,0.4156614571868809,0.15663658375522782,0.5147589698437156,0.26257318952234204,0.4144904248294079,0.3432489544353951,0.49587497248514195,0.2996764252696456,0.3405899185560203,0.0946929341844596,0.2916795069337442,0.09083865287255118,0.3762623816861105,0.13013427250715387,,0.32543913713405237,0.48972044904248296,0.24760290556900727,-0.020308166409861324,0.01907329958177416,0.3035263042042703,0.24568126788465772,0.012000880475456747,-0.050550297160466655,-0.05976887519260401,-0.2975148580233326,-0.2192824125027515,-0.04926260180497469,0.023330398415144178,0.05108298481179837,-0.17065815540391813,0.06610169491525424,-0.05173673783843275,0.3321879815100154,0.16479418886198546,0.31379264802993617,0.25922077922077924,0.1955029716046665,0.28548095971824783,0.038705701078582434,-0.0659718247853841,-0.37550077041602464,-0.192689852520361
#101,0.08906889720449042,-0.035718688091569445,-0.036464891041162226,0.04532027294739159,-0.09735857362976007,0.040140876073079465,-0.1099207572088928,0.14789566365837553,0.26250935505172796,0.014875632841734536,0.009473915914593881,0.006238168611049967,0.09655293858683689,0.1581465991635483,1.0,0.6131432973805855,-0.07088707902267224,0.02014307726172133,0.4917917675544794,0.2971604666519921,0.26061413163108077,0.2051749944970284,0.1468765133171913,0.24943429451904028,0.034615892581994274,0.160429231785164,-0.22950033017829627,-0.2245806735637244,-0.06128329297820823,-0.1086286594761171,0.13911952454325335,-0.07454545454545454,0.12025753907109839,-0.05064935064935065,0.009082104336341625,0.061776359233986354,0.22411622276029056,0.22743781642086727,0.06794629099713846,0.07975346687211093,-0.07326216156724631,-0.029242791107197887,-0.040928901606867706,0.03329517939687431,-0.23553819062293638,-0.13570548095971824,-0.2368875192604006,-0.30213955535989434,-0.2934404578472375,-0.2773167510455646,-0.180231124807396,-0.22072859344045784,-0.16592339863526304,-0.12723970944309929,0.1542659035879375,-0.07467092229804094,-0.0775016508914814,-0.1011402157164869,-0.37123046445080343,-0.46128769535549197,-0.04414263702399296,-0.1439687431212855,0.31625357693154305,0.40612150561303106,-0.06264142637023994,-0.05815100154083205,0.009108518600044024,-0.2639753466872111,0.38869029275808936,0.2635593220338983,0.3835923398635263,0.06362976007043804,0.428928021131411,0.2176205150781422,0.25635703279771077,0.0560906889720449,-0.012630420427030596,-0.21143297380585516,0.4397864847017389,0.40046445080343385,0.08444419986792868,-0.16449262601804976,,-0.09358793748624257,0.08047325555800132,-0.1968567026194145,-0.4865485362095532,-0.3435197006383447,-0.170264142637024,-0.3877525863966542,-0.38116883116883116,-0.4308804754567466,-0.4211534228483381,-0.3794034778780542,-0.4251948051948052,-0.05560642747083425,0.08178296279991196,0.04337882456526524,-0.0011600264142637023,-0.19778340303764033,-0.11051948051948052,0.055577812018489985,-0.044382566585956414,-0.0364340744001761,0.16056570548095972,0.0386286594761171,0.017660136473695794,-0.07018710103455866,-0.1147325555800132,-0.2333303984151442,-0.4276711424169051
#102,0.01214175654853621,0.007070217917675545,0.07652872551177636,0.1286088487783403,-0.3297094430992736,-0.2983314990094651,-0.15937706361435175,-0.06090028615452344,0.016693814659916355,0.03559322033898305,-0.01200528285274048,-0.40008144397974904,-0.23392692053709002,-0.0851023552718468,0.6131432973805855,1.0,-0.14273167510455645,-0.07301122606207353,0.24380145278450363,0.3442791107197887,-0.021631080783623156,0.3488839973585736,-0.038567026194144836,0.3717675544794189,-0.1440744001760951,0.35388729914153644,-0.05143737618313889,0.13685450143077263,-0.2178252256218358,-0.2422408100374202,0.014877834030376404,-0.14180277349768874,0.192227602905569,0.13412282632621617,-0.1249240589918556,0.11235967422408101,0.0589192163768435,0.3085626238168611,0.05469733656174334,0.12882236407660136,-0.3803697996918336,-0.07585516178736518,-0.24211314109619195,0.1227690953114682,-0.28045124367158264,-0.14378604446401055,0.0014527845036319612,-0.03517939687431213,-0.0010785824345146378,-0.052590799031476995,0.010517279330838653,-0.10519480519480519,0.04296500110059432,0.3050627338762932,0.03599603786044464,0.17622716266784064,-0.16771296500110058,-0.09116222760290557,-0.3261501210653753,-0.42662117543473477,-0.1590578912612811,-0.13087607307946292,0.03811578252256218,0.3462579793088268,0.1744089808496588,0.2461104996698217,-0.31584415584415587,-0.3450407219898745,0.14809156944750165,0.44172353070658155,0.1394981289896544,0.05621175434734757,0.2051023552718468,0.1172375082544574,0.10929341844596081,0.132524763372221,0.09755888179616994,-0.0137112040501871,0.22261941448382128,0.5360070438036539,-0.13738718908210434,-0.32813779440898083,,-0.3327646929341845,-0.2676535329077702,-0.3238828967642527,-0.4492559982390491,-0.3832225401716927,-0.2845674664318732,-0.4845146379044684,-0.422557781201849,-0.4616222760290557,-0.5301430772617214,-0.26467752586396653,-0.4311534228483381,0.10309267004182258,0.318531807175875,0.02322033898305085,0.33865947611710323,-0.03856482500550297,0.08376623376623377,-0.16517939687431213,-0.15884437596302003,-0.005401716927140656,0.05775478758529606,0.10250055029716047,-0.0374884437596302,0.030008804754567468,-0.28261501210653756,-0.11562403697996919,-0.40618093770636143
#201,0.5752454325335681,0.35321813779440897,0.6564120625137574,0.472425709883337,0.3879727052608409,0.2509487123046445,0.36405899185560203,0.4157362976007044,0.3160202509355052,0.6398261060972925,0.6106625577812018,0.29315210213515297,0.3452718467972705,0.23093110279550957,-0.07088707902267224,-0.14273167510455645,1.0,0.425280651551838,0.2134074400176095,-0.2508298481179837,-0.14699537750385208,-0.13120845256438476,0.4619502531366938,-0.021527624917455426,0.39213295179396873,0.29408320493066253,-0.11255337882456526,-0.2694673123486683,0.11221659696235968,0.31012546775258637,-0.08266784063394234,0.037999119524543254,0.257607307946291,0.11931983270966322,-0.0337046004842615,-0.06613471274488224,0.08650011005943209,-0.009826106097292538,0.19255998239049085,0.029104116222760292,0.3021901826986573,0.19861325115562403,0.08093990755007704,0.01900726392251816,-0.21992515958617653,-0.26600924499229583,-0.287838432753687,-0.3386088487783403,-0.28120405018710104,-0.4333700198106978,-0.3375896984371561,-0.4224191063174114,-0.1188928021131411,-0.11300242130750605,0.07016508914814,0.12528945630640545,0.07726172132951795,-0.16410521681708123,-0.026176535329077703,-0.10541712524763372,0.11907550077041602,-0.35694475016508914,0.14165749504732555,-0.3879837112040502,0.19834030376403258,-0.07733876293198327,0.2011138014527845,0.3771274488223641,0.320066035659256,0.09966982170372,0.3257274928461369,0.21321153422848338,0.13941448382126348,0.22685009905348888,0.14906449482720668,-0.06312788906009245,-0.1634536649790887,-0.3145410521681708,0.06700198106977769,-0.11574290116662998,0.19494827206691615,0.36541272287035,,0.4105480959718248,0.2957186880915694,-0.015428131190843056,-0.28913933524103014,0.10561743341404359,0.3639423288575831,0.16745982830728592,0.05147699757869249,0.008263262161567246,-0.04799691833590139,-0.25588817961699317,-0.05782742681047766,0.5739753466872111,0.21694915254237288,0.4020559101915034,0.05638344706141316,-0.02870349988994057,-0.08215496368038741,0.3185780321373542,0.11857362976007044,0.2830112260620735,0.3074290116662998,0.3041800572309047,0.2719062293638565,-0.3222760290556901,-0.2362953995157385,-0.10340964120625137,0.05194585075941008
