,#10,#11,#12,#13,#17,#18,#26,#49,#50,#51,#52,#53,#54,#58,#101,#102,#201,#202,#301,#302,#401,#402,#501,#502,#601,#602,#701,#702,#801,#802,#901,#902,#1001,#1002,#1101,#1102,#1201,#1202,#1301,#1302,#1401,#1402,#1501,#1502,#1601,#1602,#1701,#1702,#1801,#1802,#1901,#1902,#2001,#2002,#2101,#2102,#2201,#2202,#2301,#2302,#2401,#2402,#2501,#2502,#2601,#2602,#2701,#2702,#2801,#2802,#2901,#2902,#3001,#3002,#3101,#3102,#3201,#3202,#3301,#3302,#3401,#3402,#3455,#3501,#3502,#3601,#3602,#3701,#3702,#3801,#3802,#3901,#3902,#4001,#4002,#4101,#4102,#4201,#4202,#4301,#4302,#4401,#4402,#4501,#4502,#4601,#4602,#4701,#4702,#4801,#4802
#10,1.0,0.4217778122674798,0.5426695942337276,0.45764263900998325,0.13826272327644054,-0.02585145183893512,0.0019519142545431306,0.5001912656858404,0.0034026119862873004,0.3613068148100809,0.03840925378993641,-0.165933709778287,-0.17291513555213703,0.025394057525779785,-0.1705222603130549,-0.17681896406122327,0.4953708226250417,0.35577060899176965,-0.1395874321554593,-0.03384535324809305,0.03114389661610375,0.08246153003419045,0.3457225415055668,0.0008746182674706825,0.34734305029968,0.31148552725878387,0.15452258897962723,0.3353750222534658,-0.07413896205270534,0.05433406218188956,-0.04843906202212109,0.14732479104566182,0.2532029013954635,0.15326270045237303,-0.009035591850894932,0.1564069439943031,0.027018218170696637,-0.05252913492219275,0.22191658259801797,0.03131188175307098,0.09488969128166269,0.1303299903682435,-0.13460082988309513,-0.009097673314556734,-0.11321650453970702,-0.14823592782116887,-0.013194136953534764,0.21740745981822912,-0.02225803064815787,0.12996480528787996,0.24866547677194648,0.1874504147133069,0.24658118292577158,0.12927825733679651,0.15108254552260267,-0.03891777401434265,0.08042836209926643,-0.05791744078295681,0.03687638941511045,-0.07451145083467615,0.05404282708029964,0.339640383992112,0.08307321504379939,0.12184035021249207,0.22877019359374073,0.3031693500162051,-0.027619860590595572,-0.17799120816919026,0.2640625927227743,0.30618943063081155,0.1955976938562175,0.29504398197811627,-0.3447967973268452,0.06634043466154191,-0.1981859431132941,0.03386909027831668,0.24700479761899327,0.016840509980964726,-0.1412882816672525,-0.07198528304126135,-0.26992290029990823,0.02656904052184948,0.004354832083335236,-0.13620855719939562,0.0509049742772759,-0.06048012708440797,0.24995366714292888,-0.19127572843011498,0.12676943583469896,-0.1605901390898675,0.04396463182496679,0.025385840861471606,-0.11092953297393035,-0.11605125372602902,-0.29818183478114,0.45894269789607745,0.28078350458991996,0.4566402059643853,0.3020765336632172,0.3163689647459453,0.31316903047925976,0.1180278179734967,0.31351047852939967,0.4957360077054052,0.293173321403954,0.4380477205603765,0.22026320714667202,0.1078418931194566,-0.10324056110687597,0.037156668964289465,-0.05474946021080309
#11,0.4217778122674798,1.0,0.6100800211807347,0.4765400539560956,-0.1581479638649363,0.13022134780683536,0.44470413161270295,0.38677390935193345,0.36780071850164564,0.38875503841290565,0.3887687328534193,-0.20259463999598296,-0.049225122907603606,0.1438153624233682,0.06872418027361492,0.17662724189403242,0.22045492931386287,0.5807866999593732,0.034692582634536465,0.1422496313913095,0.027619860590595572,0.16987862160891418,-0.018312205854829802,0.0055562909977312875,-0.05265147192411454,0.12378861261623156,-0.16246079966402974,-0.19599391966841195,-0.14326575887742107,-0.09290856222069048,0.0008189275427152423,0.29301903070750046,0.18737463880913147,0.44369074301469413,-0.054346843659702285,-0.021786028931787993,0.004505470928985196,0.22491292618240083,0.15328826340799848,0.1156668964289464,-0.19512660510254853,0.05221964056658465,-0.3140043913505914,-0.1054079345588336,-0.12338873495323349,-0.011696878124044243,-0.27684315757279737,-0.23946829052299068,-0.14520580461685237,-0.25864415909288024,-0.06880908580479944,-0.14848151478771335,-0.07561704866547678,-0.010329259998082778,-0.04616943674766168,0.09048373328707655,-0.21674830074817295,-0.14577001556601404,-0.0755577060899177,-0.10330903330944415,0.22462899478241816,0.39659191023750723,0.24283803585204528,0.28107930450501445,0.21876047054097605,0.29802389223388276,0.21446224214509715,0.19181528938635212,0.46810153971159507,0.5123747529294691,0.43478022705382374,0.40035696841605534,-0.21607270834950038,-0.1216157613880685,-0.1365363108090219,-0.03718862265882127,0.2749816266256442,0.15873043406811616,0.11928496761264819,0.29508232641155446,-0.32672470066235443,-0.12358867378473253,-0.11396513395445229,-0.14470915290755795,-0.10457987738910927,0.07986871596360931,0.21102858942697897,-0.27559239867255225,0.09123601455262545,-0.2661030643593056,-0.14461237886126163,-0.004887089337965098,-0.04915117292882999,0.08126372297059804,-0.0028922658364792506,0.25983831430566906,0.49101964239251006,0.19722185450113436,0.28144996736158345,0.08455677943277627,-0.00998507305984014,0.052538264549201845,-0.07276951800134206,0.12960053317021733,0.23593603783317432,0.1901728694874171,0.09765596826541652,0.2537817197478397,0.09517910045785079,0.25653247636567805,0.1898944158636399
#12,0.5426695942337276,0.6100800211807347,1.0,0.7507721382042937,-0.2516599944309275,0.32509962705473666,0.20947198802192937,0.37961262992600436,0.02191475667261614,0.5546686630117726,0.394100435026727,-0.22371785800691113,0.17661172152811697,6.39073890636198e-06,-0.16733693344958392,-0.08910789849680692,0.5548101722304135,0.798777542943483,-0.28175124505288335,-0.08117333966320806,0.19488101813600406,0.2922640105538488,0.30545358269387907,0.18300519932258166,0.23250238511505614,0.2204868830083947,0.130235042247349,0.14044926894511725,-0.20287948435866654,-0.23593238598237068,-0.11281571391400805,0.31675240908032704,0.3248704734168086,0.5133589267210488,-0.3199359100183962,-0.17345287058297235,-0.18209497550977555,0.17310594475662697,0.05765085567429143,0.148094418602528,-0.21390259600944003,-0.07862252187686872,-0.4866821566004921,-0.2834657890051902,-0.21070722655625904,-0.14277823679513574,-0.025179511291066204,0.07091346483039436,0.07977924561892023,0.034194104999840234,0.2761173522255748,0.2526779478424409,0.34105912802932437,0.31475393372803756,0.2800503955410902,0.069484678203472,0.05396522525072238,-0.024482007787571838,-0.06781213053540698,0.014443069928378077,0.006692016597661903,0.31170281238160014,0.16602318012297607,0.22403009125062195,0.29986625096431685,0.47439733049706256,0.12049920800485696,-0.12075757644921417,0.4417397417228519,0.4477506881456358,0.5813262609156102,0.6549877434757403,-0.21537976965951056,0.13529468153578586,-0.3054608863954863,-0.03448899195223379,0.22444092446603095,0.058519996165556656,0.04050906800202678,0.15352289482213205,-0.44395002442175224,-0.014644834685278933,-0.257274715041517,-0.05913076821246468,-0.30084768586779387,-0.22551730749040247,0.11378710622777506,-0.17751920645282038,0.01077387283342539,-0.36646779295831866,-0.3208643930852205,-0.01772334491274359,-0.268022111956616,-0.059423829239456424,-0.20801946436478339,0.4863297529979413,0.538849758293125,0.49054216289993474,0.5264444211131755,0.38354293435341696,0.3991564224643602,0.18241816430589727,0.0011631144809578805,0.4837816740997047,0.5590408413864252,0.4846133831202326,0.4541286455741851,0.1474462150848827,-0.17793825633253754,0.0301076839505722,0.08441709613953723
#13,0.45764263900998325,0.4765400539560956,0.7507721382042937,1.0,-0.36848178867652365,0.23074949672931114,0.1734601742845796,0.4288395787590098,0.07445941196072435,0.7029575426695942,0.43521479729945634,-0.19876841331647396,0.20637247965234382,-0.1530134616350249,-0.24151332697302652,-0.07843262563507968,0.5038677664824004,0.5716707673907983,-0.4435328004674369,-0.24172239543153465,-0.021494793830198068,0.08480054047391894,0.24595397755024717,0.1806972296146841,0.14205151848521227,0.17361263905563137,0.23624918403958606,0.15478826112559171,-0.17008860303012321,-0.19969689638329827,-0.11166172906005925,0.5145448652695294,0.26164324156536584,0.5575645806990556,-0.23760949846394025,-0.09155189964713992,-0.20947107505922846,0.2021874586313776,-0.010258048907411887,0.19551370128773388,-0.10335924625799413,-0.10081299328515933,-0.39186093752139756,-0.3110701292298703,-0.20362628784800996,-0.09520557637617715,0.14872071101535148,0.16404113809930296,0.1918627634467994,0.18623160950759357,0.4411800955871948,0.4227884619773859,0.4139491571071864,0.20488617637526418,0.16864977381349086,-0.023810980202403832,0.02770202723367737,0.07529477283205595,-0.19472581447684956,0.18371731022929058,-0.1436300309950837,0.10695814522497683,0.16131137962358547,0.18907914017172828,0.2552342434049857,0.2660975865831001,0.09725700356511935,-0.21655110080477663,0.191666476466104,0.27550018943976046,0.3674455760109921,0.41963965362195127,-0.12672652658775627,-0.04893753965681732,-0.17634239753134887,-0.09894689752450164,0.05326772174722802,-0.014084275586920896,-0.06531426458572034,0.1289769796454966,-0.4243158485760064,-0.09004916304144395,-0.19086946002821054,-0.09598250763465059,-0.3033775055120123,-0.16593827459179156,-0.07886536995531047,-0.05092414649399499,0.0032629286930482455,-0.31937717684544,-0.34277093309352846,-0.11986743781582804,-0.29547490037294527,-0.07422112869578713,-0.09479474316076816,0.3188193566351847,0.42297105451756767,0.37854355060324013,0.49457654507525095,0.42665668494113673,0.5086900354686009,0.004375830225456139,0.03491991034706277,0.4924475160567315,0.48897825779327786,0.4715507127956287,0.5339252374844226,-0.025456138989441587,-0.24030273843162137,-0.08660455477091483,0.012277522401822274
#17,0.13826272327644054,-0.1581479638649363,-0.2516599944309275,-0.36848178867652365,1.0,-0.04915391181693272,0.1155637316437437,-0.20956784910552478,-0.10033094897907946,-0.19754321737185426,-0.2846517275536708,0.43354864037029767,-0.12207498162662564,0.5226775370092255,0.028881575043251607,-0.21675103963627565,-0.03870231481692815,-0.29625913533302595,0.08308690948431302,0.10702387853944227,-0.2329752997941269,-0.3045588792469884,-0.06536173864616761,-0.4010800348751752,-0.07632185587057841,-0.14234001469869947,-0.3179264791136958,0.0758261171239849,0.12272774995777548,0.468743352490334,0.20570784280608215,-0.26153916381746223,0.07686872052842281,-0.4157568232549859,0.30845357812906554,0.41456540693029986,0.36334272163310766,-0.1722724098106972,0.33618208128106924,-0.18909466053764373,0.26469253698640144,0.3898213788475672,0.36481441750697274,0.5133497970940397,0.3885861403132375,0.23916153505548532,-0.18985607143020172,0.09127983676226908,-0.23164876498970635,-0.11132849767422752,-0.22867068065934165,-0.22254196204814053,-0.20669932029926918,-0.21170783367645515,-0.3067819434237014,-0.24481733898761565,-0.2766213076364765,-0.38805753490941125,0.36607156714612427,-0.045269255524565545,0.06622996617473192,0.130936197601647,0.04926711919184542,0.04370626338060959,-0.2259947869829778,-0.035058680677600915,0.15592672561362506,0.23545947130329992,-0.18379765094697056,-0.07991710298675747,-0.3084983133014101,-0.2655552867387603,-0.2453760721605719,-0.004552944989432457,-0.25286967000963173,-0.08147735624261071,-0.1604668891252448,-0.16919389958323253,0.032957040540108735,-0.15885368403273883,0.4093058288103639,0.4562649782943118,0.2055060780491813,0.26903641351732577,0.8152218271122533,0.1927903335509228,0.6035578156454418,-0.22458243368467182,0.2729438938772156,0.4112111819671607,0.6641128056713242,0.3883387274212912,0.5519160804685325,0.26294421341416097,-0.02161439194401713,-0.06749168062738797,-0.31675240908032704,0.049192256250370894,-0.2381901427417183,-0.09984433985949503,-0.18959770298584452,0.19588984192050835,0.4389716388136963,0.10273934458407702,-0.09905736601131161,0.018454628036171584,-0.24336938014397422,0.061144763930669616,0.38655936311721983,0.19976810747396914,0.0011275089356224352
#18,-0.02585145183893512,0.13022134780683536,0.32509962705473666,0.23074949672931114,-0.04915391181693272,1.0,0.5239684662683106,0.04410887993171039,0.05484988610790306,0.2753011635709623,0.4320851611607408,0.30113892096938377,0.6767281242724829,0.2807679842240045,-0.07317761232864832,-0.10810117452651472,0.21142755412727612,0.2491529988542318,-0.07535137651951229,0.0312835799093428,-0.05561860070206832,0.012963157390204823,-0.09037691665107023,-0.06506228688026951,-0.16863973122378084,-0.1344638854779588,-0.28229719674802684,-0.13843892507771596,0.02013082755504024,0.06999867620408368,-0.046494451469185225,0.038273222347500996,0.02948321746315054,0.11438783568497309,-0.27825003309489793,-0.2382841778999119,-0.19982745004952823,0.15714370489393656,-0.14230806100416768,-0.05885048866328566,-0.19809829869400686,-0.06650294202230368,-0.27934650129868943,-0.07603701150789484,-0.018627177986643356,0.10324695184578234,-0.2776009166145517,-0.053802717889960605,-0.21111166903276166,-0.32122775224018224,-0.06640342908790461,-0.014889508689122507,-0.08703638612844472,0.019797596169208505,-0.15929555797997874,-0.13478981316218325,-0.0881063784139099,-0.20317711019916282,-0.038621061136547265,0.057127728046670656,-0.03477383631491735,-0.04337303199477786,0.4323773092250316,0.37168080998050823,-0.08988848160608398,0.03487973998822278,0.1704793510661122,0.09200838099759434,0.018014580014333516,0.11918636764095003,0.11384918769143687,0.11259660286578992,0.09466145060643548,-0.019202344488215933,-0.11761881068348952,-0.14521767313196418,0.0833425390405675,0.13882693422560222,0.5052545568250809,0.3171541126687269,0.04103858636855391,0.3801713630989606,-0.24443572057863577,0.23962075529404248,-0.13392615044712347,0.007877955146142505,0.028418702953890818,-0.10630355096842518,0.04593571829622901,-0.13593192950102023,-0.18878973099554017,0.21743393573655548,0.05844604618678304,0.22104926803215455,0.1444955196355453,0.04452792981142755,0.06948193931536926,-0.04856870272565014,0.15764583437943644,-0.0372324448684649,0.11439970420008491,0.237551981813783,-0.14757494282571085,0.016474411937900276,0.22115517170545998,0.03687547645240954,0.14530257866314872,-0.0017328032063250057,0.10737263029118946,0.16170851839848083,0.2752911209812523
#26,0.0019519142545431306,0.44470413161270295,0.20947198802192937,0.1734601742845796,0.1155637316437437,0.5239684662683106,1.0,0.1572505215299429,0.37506242382467464,0.4636471946938608,0.5156522890257319,0.26926556715525385,0.4480172732543012,0.612661879698905,0.15135643433287532,0.08481879972793711,0.25888061643241567,0.02944669895511419,0.11377706363806507,0.17847416543797104,-0.08048040097321824,-0.0323654407099198,-0.0759384115361967,-0.15452989268123452,-0.2765930057927483,-0.26630026430270193,-0.4565753856126208,-0.3498445681001703,-0.042156052714466354,0.02723641625621385,-0.23162137610867908,-0.05121264270748219,-0.16247175521644064,0.07359209739486093,-0.1760265124368344,-0.1121821177995773,0.16262513295019332,0.21052919882958182,0.07398923616975628,0.0050422929971196025,-0.1306477013881598,-0.02887244541624252,-0.1363738034482601,0.06985899291084463,0.01063875435369088,0.1351559112052477,-0.3867109149255707,-0.19519325137971488,-0.28262586332035405,-0.4266795090086595,-0.35264553766655865,-0.3113987958021975,-0.3430320404259884,-0.2502321207667061,-0.25645487453610083,-0.09916418264731794,-0.18962326594146997,-0.2190736167473878,-0.0007805831092770705,0.020820114394226423,0.09254794195383148,0.16655269848950321,0.45649869674574445,0.5812760479670603,-0.2077547051815198,-0.08810911730201262,0.2995129343990651,0.27957565493661757,0.11683822757421246,0.21223004834137502,0.036495683968831454,-0.05838944249932669,0.03702428937265768,-0.2160343639160622,-0.04842354165620564,-0.07999287889093291,0.05635262271359904,0.09759479976445562,0.5806597981439469,0.32533425846887026,-0.006053855669726613,0.2516819055357493,-0.26867853213856946,0.03449629565384106,0.13045141440746438,0.20179762355808953,0.27395180469901903,-0.20460133201258063,-0.0616998452528222,-0.12744868008417515,-0.0054841669443594886,0.05056535215253781,0.24897040631405004,0.30792771161334204,0.26015146051208077,0.11483792629652116,-0.11412672835251315,-0.08019646957323559,-0.07723755745958999,-0.16168660729365902,-0.20890503818466497,0.041202006692016596,-0.2988884679116435,-0.08358538711900926,0.004290924694271616,-0.09802937001008824,-0.12078861718104507,0.10565991226428444,0.19865703186696307,0.18181834781140016,0.16880862932344898
#49,0.5001912656858404,0.38677390935193345,0.37961262992600436,0.4288395787590098,-0.20956784910552478,0.04410887993171039,0.1572505215299429,1.0,0.3641999936092611,0.5474416502713781,0.2823391930322687,-0.07004432433912912,0.1559705478232687,-0.0511624297589322,-0.0074032145416699,-0.10331268516024777,0.4519229276887893,0.13095445685566517,-0.11259934175389265,-0.21995827760456846,0.13732328465720534,0.07944053645688305,0.2397275719300488,-0.014810080934143436,0.26230240063542204,-0.0591335071005674,0.1934823592782117,-0.11017268689487691,0.1636147845179785,-0.18725047588180785,-0.11681540350668973,0.13150953817781774,0.0781057849881543,0.20916979736792854,-0.10796788197218203,-0.18309923448077528,0.06848315812057498,-0.015027366056959743,-0.01697380253529742,0.012325909424970442,0.046405894087197065,-0.08192653389145786,-0.20625105561312293,-0.2564393541701854,-0.2724207662495949,-0.26973574294622193,0.06678230860878179,-0.11866506593873108,0.09207046246125615,-0.014444895853779893,0.08407108327589276,0.07286537908493748,0.14851346848224517,0.013390423934230167,0.19223068741526564,-0.005160065185536845,0.015418114092948732,0.023703250603696584,-0.14845960368289154,-0.08074059534297726,-0.05207447949714014,0.17492000164333285,0.052082696161448325,0.16621398932746603,-0.03283105168738331,-0.05695243920809615,-0.09042165182341476,-0.2801873399462265,0.17935700036974989,0.07602605595548394,0.19139350061853222,0.12858988346031122,0.01282986483587213,-0.00047108875366896885,0.11323841564452884,0.07466848041923248,0.08996060565945578,-0.0350157714306582,0.04789676217778123,-0.10671438418383417,-0.2191165259943305,-0.06189065445731215,-0.09457106729904549,-0.07659665764355197,-0.15652197729461761,0.10941127600231892,0.004973820794551439,0.13483363537182688,-0.05700539104474887,-0.24686146247495058,-0.22932071010238878,-0.1826774457129554,-0.1656223894972771,-0.02079181255049825,-0.04087060123158669,0.3886491347396002,0.03357602925132494,0.309871409203577,0.10028895269483765,0.19869446333770033,0.06746703063446342,-0.036684667247919585,-0.20253347149502207,0.21176078551310787,0.08931879288071685,0.230109509875974,0.1875453628342014,-0.006806136935275509,-0.29737934056704113,-0.18237799394705728,-0.08431393135433451
#50,0.0034026119862873004,0.36780071850164564,0.02191475667261614,0.07445941196072435,-0.10033094897907946,0.05484988610790306,0.37506242382467464,0.3641999936092611,1.0,0.24615574230714804,0.33176699365947404,-0.0141052737290418,0.0565653430229108,0.2628775671369946,0.24219074529710088,0.12935585916637377,0.011628405921476077,-0.07327164748684192,0.02396435793615652,-0.08714137683904924,-0.01157180223401973,-0.13174873440545587,0.016416895287743018,-0.004581246833160631,-0.1678198907183647,-0.28788452847758905,-0.06641712352841825,-0.3039207183190531,-0.04299232654849886,-0.03355411814650312,-0.06492351654973136,-0.0022349326918248754,-0.32927917029949744,-0.06712284369622079,-0.09954853994440058,-0.041691354699703746,0.008184710613647879,-0.15426787238607367,-0.06881821543180854,-0.17666923817827423,0.00028667028808538025,-0.08103913414617446,0.009312219549270315,0.03237822218773252,-0.0525336997356973,0.04193511574084641,-0.2622467099106666,-0.24690893653539783,-0.19028425093692797,-0.20245678262814573,-0.18394281201641507,-0.18351371954698792,-0.19652800284844363,-0.2765957446808511,-0.11172381052372106,-0.24911830627159728,-0.07667608539853105,-0.18435455819452495,0.03627018218170697,0.13515225935444408,0.12486316971520128,0.035241273217782684,0.19176690236320396,0.24009184404771144,-0.06509515353750223,-0.3252895232965257,0.1949266662710495,0.2285702547622417,-0.030164287638028548,-0.01040686182766003,0.022322850999922397,-0.15679130129138574,0.022997530435894042,-0.17438500550060027,0.010203271145357356,-0.23160129092925907,-0.02522972423961619,-0.02368499134967841,0.16212391642739435,0.11310786197829888,-0.07238150885345579,0.0385005500600273,0.09425061739102648,-0.0816517321184843,-0.015814339905143176,0.29791890152327827,0.0560915153811391,0.029530691523597802,-0.005412955853688598,0.004023426622905321,0.030463739403926653,-0.05806260185240132,0.10503909762766642,0.20491995599519783,0.2909164776073074,0.14823501485846796,-0.12217814641182835,0.018326813258044344,-0.24647527925246615,-0.22457512998306453,-0.16883419227907445,-0.08525519589897154,-0.19662568985744086,-0.1799951612976852,-0.16992609566936143,-0.2146804402306144,-0.1022216947326617,0.06796185641835603,0.06407628716328795,0.051211729744781276,0.16010444293298398
#51,0.3613068148100809,0.38875503841290565,0.5546686630117726,0.7029575426695942,-0.19754321737185426,0.2753011635709623,0.4636471946938608,0.5474416502713781,0.24615574230714804,1.0,0.6314889965170473,-0.03190622047136264,0.435678582351518,0.1627045607051724,-0.04986967457444526,-0.17743338795893493,0.7960541752066719,0.21715274322467557,-0.2866520288313621,-0.24730424938489137,0.08796852104607267,0.06629113467569282,0.4495738746593508,-0.06495181839345954,0.18631012429987173,-0.1291650499618838,0.1022737336066135,-0.07376464734533271,-0.09924543632769883,-0.22313447484103038,-0.3708281028178594,0.1350007075460932,0.030818881894580197,0.21687428960089836,-0.3780478118566466,-0.1900167528655617,0.0637932687260062,-0.01609918426782674,0.032079683384535325,0.07021322243879727,0.06051390670434159,-0.10035286008390128,-0.3309608475945715,-0.2173937653777155,-0.24580699055540087,-0.2348815659136246,-0.026216636919298663,0.07840797564215514,0.056371794930318124,0.053048610699009895,0.18550580416037102,0.23679057092122502,0.282446009668275,0.05978627543171724,0.25129754823866673,-0.053213856947874394,0.06310580781222183,-0.02226624731246605,-0.04126591408108022,0.14836465556199702,-0.028468915902440807,0.30251566872235436,0.24756353079194948,0.32639420816462544,0.0279010531024755,0.06486691286227501,0.04775251407103763,-0.2812701137095044,0.18708979444644788,0.2170322321481556,0.32591398978394737,0.2927424030091251,-0.02600300364728599,-0.017400156116621854,-0.10618486581730703,-0.010066326740221029,0.02637640539195771,-0.04474338900884205,0.17618719387219436,-0.0874253082390319,-0.31625119255752804,0.06965814111664467,-0.27477347112983697,-0.05770745936174777,-0.19019021577873435,-0.02322942296192489,0.061763752641885813,0.045835292399129035,-0.11279562873458805,-0.34139144645245517,-0.29644537972401136,-0.19205631153939207,-0.19446927195789415,0.07805831092770704,0.008146366180209707,0.5757078884542172,0.05216668872993194,0.467741832407437,0.2112896967594389,0.34142979088589337,0.2398435181930642,0.002827445484714722,-0.11180141235329831,0.4600537735030835,0.2926419771120251,0.3401863356872555,0.2843239739440445,0.055478917408829265,-0.16279129216175872,-0.049141130339119994,0.041007545636723014
#52,0.03840925378993641,0.3887687328534193,0.394100435026727,0.43521479729945634,-0.2846517275536708,0.4320851611607408,0.5156522890257319,0.2823391930322687,0.33176699365947404,0.6314889965170473,1.0,0.08670954548151935,0.5584839341388708,0.24076287163287943,-0.011910511396056913,-0.0474713215591577,0.36063852611301567,0.23406537725901208,-0.09883916792579439,-0.06862649326461767,0.002180154929770344,0.07960213085494391,0.11286410093715621,0.038527025978353655,-0.07421108610607714,-0.1049642346861919,-0.08121259705934714,-0.30966142778236794,-0.09162493666321263,-0.25948043292691275,-0.24087699197049303,0.09869857166985443,-0.05561403588856377,0.3175293403388005,-0.3497158403593421,-0.2930281603345095,-0.09736747205192932,0.20450090611548066,-0.08622476228733675,0.16872372379226447,-0.20294704359853377,-0.18290203453737897,-0.37819753773959564,-0.25740435574504605,-0.07955648271989847,0.07187481455445138,-0.2016807643323732,-0.2417707824546828,0.014380075502015366,-0.17924744484564084,-0.011102539405752577,-0.02781066979508552,0.07066148712494351,-0.023593695079587522,0.055954570976002774,0.03511163251425363,0.0344588641831038,0.01825834105547618,-0.05949686625552913,0.1499020847503275,0.12310936836675537,0.18792150346697586,0.21959400548690583,0.24203828052604912,-0.07020591873719,0.027210853300588405,0.08996882232376396,-0.03700511715593859,0.10793866716575294,0.15168692683060434,0.2832183761132439,0.20017346291317267,0.17424623517006213,0.02916094162972972,0.017678609740399056,0.04261344702762169,0.10678194342370143,0.15057219937279462,0.4201764756900857,0.1693774050861152,-0.1983822300939895,0.07740828148465995,-0.3015826208420255,0.1587048711124907,-0.24709700685178507,0.030694718967256594,0.02477506881456358,0.014189266297525415,-0.1272058320057334,-0.28917454477397325,-0.3738609649102786,-0.04821903801120205,-0.036702013539236855,0.09597976874654786,0.23236817959802253,0.2419132046360246,0.17258829490521166,0.09499194310416448,0.007959208826523392,-0.015726695485855924,-0.03020993577307399,0.02155596233115896,-0.341012566931578,0.052282634992947365,0.1510661121939863,0.07732702780427905,0.15635764400845403,0.18995284547649804,0.04604344789493625,0.24259883962440715,0.318084421660953
#53,-0.165933709778287,-0.20259463999598296,-0.22371785800691113,-0.19876841331647396,0.43354864037029767,0.30113892096938377,0.26926556715525385,-0.07004432433912912,-0.0141052737290418,-0.03190622047136264,0.08670954548151935,1.0,0.47497432292403696,0.3182560586487239,-0.2664755531412764,-0.395021614391944,-0.08504704040316433,-0.3464839523981248,-0.2593060570510392,-0.16810656100645008,-0.37072219914455395,-0.557249608567242,-0.12373200892877521,-0.2942789192347547,-0.24885811190183826,-0.33645962194214557,-0.1691920736578307,-0.08438605540770631,0.2122181798262632,0.08290614286953306,0.24341228939091694,-0.231201413266261,0.09222384019500883,-0.2278910105127655,-0.027512130991888328,-0.2367476616742823,0.0009138756636097633,-0.08745908785896553,0.017145439523068285,-0.18646715388442806,-0.018699302040015155,-0.13892370827189854,0.16831289057685547,-0.06122875649915323,0.33482815759562146,0.33410874298730525,-0.10832302446283557,-0.05270077190996362,-0.012953114800494827,-0.13110053088781057,-0.20446803945824793,-0.25073242432680415,-0.17312237808524333,-0.2674405547161371,-0.32350194232814616,-0.41746041165488185,-0.12357497934421889,-0.23518375656762544,0.16074442978632109,0.07227104036664582,0.1268351691491644,0.09353302870811213,0.2626913227460092,0.25784622969228593,-0.25437605846613137,-0.20481587824729422,0.07017396504265819,-0.045036450035833786,-0.4929615140573432,-0.36523803220019446,-0.44027169769979047,-0.4418100398508219,0.014540756937375323,-0.06960610224269287,-0.09248494752746876,-0.10345328141618775,-0.1680453925054892,-0.13656369969004917,0.43063994120520205,-0.07897309955401773,0.6559965672602446,0.546841833776881,0.09083339800152465,0.43102795035308833,0.46259180981161013,0.34660172458654204,0.43284383316519603,0.09156194223684991,-0.03829239456422008,0.3923082892448429,0.1744498258523648,0.4654338626995394,0.5194292157193918,0.39037189535621525,0.22791109569218548,-0.25191836287528474,-0.3751363738034483,-0.22895735094742703,-0.33069791433670975,-0.25204709061611286,-0.1615094925296827,0.07218978668626494,-0.07770773325055805,-0.14138688163895063,-0.09097673314556734,-0.10248280206512163,-0.005748013164922147,0.14136040572062428,0.25404374004300057,0.21872486499564062,0.22746556989414196
#54,-0.17291513555213703,-0.049225122907603606,0.17661172152811697,0.20637247965234382,-0.12207498162662564,0.6767281242724829,0.4480172732543012,0.1559705478232687,0.0565653430229108,0.435678582351518,0.5584839341388708,0.47497432292403696,1.0,0.18492607284529392,-0.1593841153619669,-0.21720113024782373,0.29015597967745027,-0.0628958263910128,-0.22302857116772495,-0.168758416374899,-0.11052143864662409,-0.06433648153304697,0.021429973478433537,-0.022524615756823255,-0.1464437820392848,-0.24092172714283758,-0.08119342484262805,-0.17880191904759732,0.054717506516271275,-0.2029086991650956,-0.20219932714648944,-0.1594891060725714,-0.11034067203184414,-0.026364536876845895,-0.4287263713840971,-0.5117740234722711,-0.22501152615409897,0.023136300766432187,-0.32001533777337526,-0.055811235831960085,-0.1145740800759585,-0.2883683987090707,-0.22846069923813261,-0.2916431959172308,-0.0685991043835904,0.02604317400612598,-0.008035897693399735,-0.03978234969210333,0.057637161233777795,-0.16507096002592814,-0.005853916838227574,0.00618349637325567,0.04374460781404776,-0.02781066979508552,-0.07741832407436994,-0.1631674327945332,-0.026874883026653945,-0.04350815047451236,-0.1419090963038705,0.11304760644003889,-0.13439997808889517,-0.07048163347286447,0.3515928916724107,0.38929825121994643,-0.11355156185094058,-0.061105506534530535,0.057641726047282335,-0.2069065628323755,-0.1329072840729092,-0.0723011681357758,0.060011777218841725,-0.005794574262668498,0.21392359415156093,-0.02114147726494634,-0.09154277002013082,-0.11302204348441344,-0.13635463123154104,0.002527080756115709,0.5615843554711573,0.11264225100083536,0.23581096194314982,0.37711385101361683,-0.2575038686794451,0.4134369850319765,-0.12763309854975874,0.01391446452455185,-0.05364660126810519,0.17463972209415385,-0.18256606426344452,-0.11081997744982129,-0.2816909895146234,0.014291518120027207,0.059064121935298336,0.2039695618235517,0.1975021340503134,0.04263627109514441,-0.16252927186659788,-0.013652444229391008,-0.0052732725604495425,-0.006654585126924639,0.032495081413448854,0.04113901226565388,-0.36551557286127073,-0.02015547754796478,0.0819201431525515,-0.019677085092688538,0.08667485289888481,-0.08354156490936562,-0.008474119789835987,-0.06190343593512487,0.08495300524497072
#58,0.025394057525779785,0.1438153624233682,6.39073890636198e-06,-0.1530134616350249,0.5226775370092255,0.2807679842240045,0.612661879698905,-0.0511624297589322,0.2628775671369946,0.1627045607051724,0.24076287163287943,0.3182560586487239,0.18492607284529392,1.0,0.16958190873111878,-0.03596616560230432,0.12469427161553315,-0.08748099896378733,0.16688501691263402,0.23444608270529108,-0.13544623334413672,-0.1215345077076876,-0.07805192018880068,-0.39807456166378324,-0.21080400060255539,-0.2614834730927068,-0.4982649143869227,-0.21066431730931634,0.04947710061305445,0.2953626059607335,0.03219380372214893,-0.15808496943857359,-0.03625466181579152,-0.18210684402488736,0.1175530773690241,0.20759676263426258,0.3550064592111089,0.03340165337545135,0.2551529897246048,-0.14943190895935946,0.04195246203216368,0.19485910703118225,0.15470061670630447,0.3883442051974967,0.1920508337631866,0.16640023371845145,-0.42493027247371806,-0.1369699680919536,-0.3106456015739477,-0.31963463232709627,-0.28201965608695057,-0.3032113463004469,-0.29035500554624843,-0.19888070772868574,-0.2958492150803179,-0.18331104182738614,-0.1529303820292422,-0.286622814024933,0.2399320755750524,-0.03808423906841286,0.13150771225241592,0.2162388675610658,0.2612689268579932,0.3045397070302693,-0.2108450839240963,-0.05439888253365409,0.42044488672415287,0.39467103671479503,0.02216125660186153,0.15585825341105689,0.007699927419465278,-0.07764291289879352,-0.09712553693618847,-0.04609183491808442,-0.15013671616446111,-0.012369731634614068,0.007202362747469952,0.08176859134420063,0.4044853857495652,0.050180081892754275,0.10792497272523931,0.32431356616925416,-0.04441198354841213,0.12495537894799308,0.46466332217997236,0.19847170043867857,0.5642885509912493,-0.2930765473576577,0.05702730214957068,0.16146293143193635,0.35959957455938135,0.28487540341539347,0.45937179036550463,0.2642798778455906,0.16539962659825533,0.07926433465560764,-0.22551822045310338,-0.008672232695933207,-0.30139089867483465,-0.20012233700192178,-0.2554643100056147,0.245254648121351,0.09125062195584,0.0371703634048031,-0.13681932924630363,-0.011920553985766911,-0.26900811167359756,0.18653106127349167,0.37715493433515773,0.23258455175813791,0.16082111865319743
#101,-0.1705222603130549,0.06872418027361492,-0.16733693344958392,-0.24151332697302652,0.028881575043251607,-0.07317761232864832,0.15135643433287532,-0.0074032145416699,0.24219074529710088,-0.04986967457444526,-0.011910511396056913,-0.2664755531412764,-0.1593841153619669,0.16958190873111878,1.0,0.5969068823693208,0.028855099124925253,-0.0580498203745886,0.536434971949221,0.3056863881826108,0.39338102041841083,0.3211337170819886,0.07323421601610466,-0.03280822761986059,0.16224899231741888,-0.05576284880881192,-0.30680294156582233,-0.3864826742503435,-0.0023298808127193964,0.07218248298465767,-0.24340042087580513,-0.007919038467683402,-0.321049724513505,-0.01712352841824647,-0.023170993349066724,0.16292458471609142,0.40307577133936195,0.16501892115197633,0.09802389223388279,0.10661304532403329,0.05734136131868332,0.1784412987807383,0.018650002054166077,0.2594402625680728,-0.18798267196793675,-0.1978353654361451,-0.3558591663737578,-0.2694454208073329,-0.3382198140294978,-0.28561307727772783,-0.31231358442850815,-0.22501974281840714,-0.324295306915236,-0.19957547234407738,-0.012024631733670521,0.29878530312644075,-0.10850013922681188,-0.02919746013776607,0.08219220603742235,-0.07150871651138693,-0.03602276928976067,-0.08728471198309193,0.017498756088320012,0.0993759899939288,-0.2824240985634532,-0.26869496546718585,0.08677527879598479,0.2635394650951535,0.47892197364276684,0.35481108519311444,0.1650453970703027,0.05646400416310992,0.12762488188545057,-0.10000593425755591,0.1967206379783354,0.06450081481921056,-0.03446799381011289,0.17075323987638485,0.14178767226464964,0.16636462817311598,-0.21289468518763666,-0.16026603733104483,-0.0588650960665002,-0.24234594895625539,-0.03868040371210634,-0.05138245376985123,-0.15126422510008353,-0.1748305312986438,0.08181789133004971,-0.20067467943597164,0.048286597251069305,-0.3119557030497519,-0.14633513947787663,-0.12016597661902523,0.10188663742142814,0.14489265841044063,-0.05527441376382568,0.012418118657762238,-0.07739184815604358,-0.14988473845901026,-0.327200354229528,-0.19917102986757476,-0.04841349906649564,-0.2035039508460882,-0.2404396828367577,-0.2231691674236649,-0.29071379988770557,-0.03742507999835667,-0.008430297580192361,-0.08832731538752985,-0.12464040681617952
#102,-0.17681896406122327,0.17662724189403242,-0.08910789849680692,-0.07843262563507968,-0.21675103963627565,-0.10810117452651472,0.08481879972793711,-0.10331268516024777,0.12935585916637377,-0.17743338795893493,-0.0474713215591577,-0.395021614391944,-0.21720113024782373,-0.03596616560230432,0.5969068823693208,1.0,-0.28402726106624915,0.09162493666321263,0.4974916349792529,0.568698160836639,0.05836205361829942,0.5325137971488175,-0.2898519630980476,0.3296470942679637,-0.10883154468724181,0.3184194789721866,-0.38391359720998597,-0.33131599008522505,-0.11262307878411627,0.06891864132890851,-0.16666134105091138,0.16913820885847708,-0.32254698334299553,0.271958807122935,0.07024152428252543,0.12079865977075506,0.05100448721167497,0.5337417319815398,0.00867862343483957,0.45343570688419527,-0.18899514760324468,0.10078012662792661,0.00586487239063848,0.17456394618997842,-0.19938466313958744,0.018493885432310665,-0.2705154130927981,-0.39657365098348907,-0.3481793241337125,-0.3310521438646624,-0.362848808811916,-0.3580867953639754,-0.43589860636243705,-0.08916541514696417,-0.25915815709349194,0.5242496587801906,-0.1802014908680906,0.2325398165857934,-0.018365157691482514,-0.027856317930130964,-0.03039344127595667,-0.22338827847188303,-0.029149073114617903,0.0013776607156714613,-0.11846877895803568,-0.14540209159754777,0.23727535411540762,0.2739508917363181,0.3961025622298201,0.3757681439924772,0.10071256738805937,0.03210433337745986,0.20611228528258477,-0.14966927926159576,0.2629286930482455,0.10650714165072786,-0.0018697476114613338,0.30255766500659614,0.11979622672515715,0.5571245326772175,-0.32127066148712496,-0.32877704081399756,-0.12871587231303666,-0.27717182414512453,-0.14958437373041125,-0.0898802649417758,-0.33804361222822243,-0.13052901623704163,0.02127020500577449,-0.20396134515924352,-0.08145453217508798,-0.46295151711576826,-0.145289797185336,-0.27813865164538704,0.1182761438281439,-0.2428727284346798,0.24947710061305445,-0.32890211670402203,0.05015451893712882,-0.2154126363167433,-0.36853291458777454,-0.28957716132507405,-0.14912058867834954,-0.4098828212373383,-0.3147941040868775,-0.3030433611634797,-0.3408208447643872,-0.09059328881118561,0.023128997064824918,-0.04643328296822433,-0.08919280402799144
#201,0.4953708226250417,0.22045492931386287,0.5548101722304135,0.5038677664824004,-0.03870231481692815,0.21142755412727612,0.25888061643241567,0.4519229276887893,0.011628405921476077,0.7960541752066719,0.36063852611301567,-0.08504704040316433,0.29015597967745027,0.12469427161553315,0.028855099124925253,-0.28402726106624915,1.0,0.20402616551100805,-0.20198660683717767,-0.1608813741914574,0.30558870117361353,0.14297452377583114,0.6657689200107729,-0.11444809122323307,0.44778811961637305,0.0022650604609548678,0.10956191484796889,0.060505690040033415,-0.09106163867675186,-0.16969420314333059,-0.47160549055768325,-0.009311306586569406,0.046583921813874295,0.08663468254004483,-0.44898318779186275,-0.11560664089068641,0.20424618952192708,-0.13803265667581152,0.07757535365892626,0.05483162685388489,0.17760137309590215,0.022020660345921567,-0.31544504649262556,-0.10581420296073804,-0.2959058187677742,-0.42426654859015733,-0.017682261591202692,0.17658798449789334,0.020284205288792927,0.08457138683599082,0.21018227300323644,0.26889216541058214,0.3077661172152812,0.13344228021564178,0.37140144339403014,-0.008458599423920537,0.11858655114645292,-0.07870651444535233,0.06631487170591646,-0.025848712950832395,-0.11102813294562851,0.3336568264503554,0.20026384622056265,0.3224775981777265,-0.0358611748916998,0.1901646528231089,-0.07216878854414403,-0.3708710120648021,0.326749350655279,0.3000871879379368,0.33279955447420195,0.40123615149703057,-0.164140651033702,0.062180976596201164,-0.18287008084284717,0.03546768796760808,0.05619194127823908,-0.1044904070444202,0.09392834155760567,-0.24107693080199208,-0.27137633691975516,0.19974802229454916,-0.30763008577284573,-0.041489589942802885,-0.13288172111728375,-0.18170879228729112,0.09986351207621412,-0.019001492694015985,-0.018134178128152573,-0.32525209182578846,-0.16162452582999723,-0.17820666736660473,-0.33639662751578286,0.00843851424450054,-0.18093825176772402,0.8271369033218148,0.034998425139340934,0.6404944605988122,0.2763318984602884,0.4248179780615063,0.2784545367399015,0.113657465524246,0.006252881538524744,0.637151191188084,0.3644291472471892,0.4190635741576778,0.24156719177238015,-0.015482021482012352,-0.2661313662030338,-0.15640237918079858,-0.09430630811578193
