,#10,#11,#12,#13,#17,#18,#26,#49,#50,#51,#52,#53,#54,#58,#101,#102,#201,#202,#301,#302,#401,#402,#501,#502,#601,#602,#701,#702,#801,#802,#901,#902,#1001,#1002,#1101,#1102,#1201,#1202,#1301,#1302,#1401,#1402,#1501,#1502,#1601,#1602,#1701,#1702,#1801,#1802,#1901,#1902,#2001,#2002,#2101,#2102,#2201,#2202,#2301,#2302,#2401,#2402,#2501,#2502,#2601,#2602,#2701,#2702,#2801,#2802,#2901,#2902,#3001,#3002,#3101,#3102,#3201,#3202,#3301,#3302,#3401,#3402,#3455,#3501,#3502,#3601,#3602,#3701,#3702,#3801,#3802,#3901,#3902,#4001,#4002,#4101,#4102,#4201,#4202,#4301,#4302,#4401,#4402,#4501,#4502,#4601,#4602,#4701,#4702,#4801,#4802
#10,1.0,0.31296940347787805,0.5040986132511556,0.5764780981730134,0.037660136473695795,-0.023240149680827646,-0.21037860444640105,0.5723552718467972,0.2966916134712745,0.41674444199867927,0.53818401937046,0.13804534448602246,0.0938828967642527,0.020059432093330398,-0.45749724851419765,-0.22987012987012986,0.22049526744442,0.11353290777019591,-0.1405723090468853,-0.18158045344486023,-0.3142504952674444,-0.1299273607748184,-0.018102575390710984,-0.2396390050627339,0.14490204710543694,-0.03723750825445741,0.2776007043803654,0.42784063394232885,-0.02344486022452124,-0.0065485362095531584,-0.3146775258639665,-0.1600396213955536,-0.4611292097732776,-0.3576469293418446,0.0811468192824125,-0.06421967862645829,-0.3333083865287255,-0.16922077922077922,-0.06495927801012547,-0.24389830508474578,0.00937706361435175,-0.16916574950473257,-0.047466431873211534,-0.1319700638344706,0.11545454545454545,-0.12250275148580234,0.17421747743781643,0.31394453004622497,0.023149900946511117,0.22926040061633282,0.09828747523662777,0.24500550297160467,0.16426150121065375,-0.10374202069117323,-0.1076799471714726,0.16747963900506274,0.025038520801232665,0.1439951573849879,0.05436935945410522,-0.09676425269645608,0.12861985472154963,0.03796169931763152,-0.23166850099053488,-0.07688311688311689,0.31278010125467753,0.2570327977107638,-0.3315320272947392,-0.29064494827206694,-0.32252036099493725,-0.15385868368919217,-0.24308606647589698,-0.006108298481179837,-0.16481399955976228,0.038626458287475234,-0.054910851860004405,0.11683248954435395,0.10277790006603565,0.06756328417345367,-0.2907990314769976,-0.2583270966321814,0.12654853620955317,0.05057891261281092,,0.08672683248954435,-0.10436715826546335,0.1252278230244332,-0.0024675324675324677,0.19036539731454985,-0.05899845916795069,0.25525423728813557,-0.0053466872110939905,0.09994497028395334,-0.015910191503411844,-0.10806075280651552,0.06617873651771956,0.18450803433854282,-0.03726612370680167,0.15792648029936165,0.23745762711864407,0.14146158925819943,0.4207506053268765,-0.17023332599603785,-0.03399075500770416,-0.18368038740920098,-0.140759410081444,-0.2212194585075941,-0.2385494166850099,-0.02837772397094431,-0.0875478758529606,-0.18465111160026415,-0.1824191063174114
#11,0.31296940347787805,1.0,0.1123794849218578,0.150627338762932,0.11038300682368479,0.09462909971384548,0.11703279771076382,0.3360114461809377,0.5780145278450364,0.35466431873211535,0.3229451904028175,0.11164428791547436,0.04532247413603346,0.11491525423728814,0.007050407219898745,0.1810015408320493,-0.024479418886198548,0.06255998239049086,0.09556900726392252,0.18136253576931544,-0.05105216817081224,0.2537508254457407,-0.17559101915034117,0.12219458507594101,-0.17988333700198106,0.34351749944970283,-0.24983050847457627,-0.042720669161347126,0.06412942989214175,0.17478098173013426,-0.1534734756768655,0.3067422408100374,-0.05442438917015188,0.08516618974246093,0.1446929341844596,0.014596081884217477,0.10017169271406559,0.20915694475016508,-0.002124147039401277,0.23727052608408541,0.04852740479859124,0.1846467092229804,0.184686330618534,0.38606867708562626,-0.08932423508694695,0.1022804314329738,0.02963020030816641,-0.114653312788906,-0.19787145058331498,-0.22931543033237947,0.06730574510235528,0.052102135152982613,0.03981730134272507,-0.23861765353290776,-0.07957296940347788,-0.07928021131410962,-0.37819062293638567,-0.08246753246753247,-0.14490865067136255,0.12535549196566145,-0.20474136033458068,-0.2068567026194145,0.13041382346467092,0.2567554479418886,-0.005465551397754787,-0.0815100154083205,-0.014877834030376404,0.07554259300022012,0.14981289896544134,0.20148580233325997,-0.03395553598943429,-0.05336781862205591,-0.022909971384547655,-0.28401056570548094,-0.05036319612590799,-0.23318071758749725,-0.08063174114021572,-0.3894981289896544,-0.026634382566585957,0.3841338322694255,0.06922958397534669,-0.05559762271626678,,0.053636363636363635,0.04025974025974026,-0.14869029275808937,-0.002599603786044464,-0.14331939247193484,0.13072859344045784,0.06924058991855601,0.19789346246973366,-0.24794188861985472,-0.10306845696676205,-0.28040281752146157,-0.17237508254457407,-0.11418666079683029,0.1705723090468853,0.24682588597842836,0.29793528505392913,0.26761611270085844,0.20597182478538412,-0.06279771076381246,-0.03308166409861325,0.13710983931322915,0.022339863526304203,0.09602025093550517,0.019119524543253358,-0.19954435395113362,-0.10370680167290337,-0.19154743561523221,-0.2019370460048426
#12,0.5040986132511556,0.1123794849218578,1.0,0.5434778780541493,0.20225181598062955,0.3081554039181158,0.17053268765133173,0.20810257539071098,0.074851419766674,0.6776337222099934,0.352689852520361,-0.024069997798811357,0.33652432313449265,0.06544353951133612,-0.48222320052828527,-0.22898305084745763,0.6999757869249394,0.6945234426590359,-0.1995861765353291,-0.24569007263922518,-0.17106537530266344,0.019154743561523222,0.08606207351970063,-0.165313669381466,0.3338872991415364,-0.4334800792427911,0.3879066696015849,0.20860224521241472,-0.18973585736297602,-0.18625797930882676,0.01956636583755228,-0.15762931983270967,-0.00288135593220339,-0.10021791767554479,-0.3271010345586617,-0.2743297380585516,-0.35234206471494606,-0.29269205370900286,-0.13545234426590358,-0.5323882896764253,0.07635263042042703,-0.47525203609949374,-0.20017609509134932,-0.44478318291877617,-0.03177415804534449,-0.1599735857362976,0.3966123706801673,0.05563724411182038,0.12221219458507594,0.061587057010785824,0.22781421967862645,0.19922738278670482,0.44085186000440235,0.14699537750385208,0.33598943429451905,0.562359674224081,0.02008364516839093,-0.03851419766674004,-0.22221219458507593,-0.5963284173453665,-0.04370680167290337,0.10749724851419766,-0.4792934184459608,-0.17143297380585515,0.3425313669381466,0.49323354611490206,-0.30112480739599384,-0.12743121285494166,-0.14278230244331938,-0.1826634382566586,0.2647721769755668,0.40616552938586836,-0.01768214836011446,0.1556416464891041,-0.3624499229583975,0.010900286154523443,-0.20514417785604228,0.1510015408320493,-0.17776799471714727,-0.23757208892802112,0.09040281752146159,0.22014968082764694,,-0.015597622716266784,0.04031256878714506,0.11545674664318732,0.04585296059872331,0.19795289456306406,0.06460268545014308,0.23067576491305306,0.22062733876293197,0.04830288355712085,-0.06716046665199207,-0.14824785384107417,-0.2604182258419547,0.555329077701959,0.0007153863086066475,0.5450033017829627,0.5521065375302664,0.33246313009024875,0.48351309707241913,0.4457825225621836,0.3519128329297821,0.3676117103235747,0.2991569447501651,0.15508254457407,-0.03361435174994497,-0.18687211093990755,-0.04756548536209553,-0.03247633722209994,-0.4019788685890381
#13,0.5764780981730134,0.150627338762932,0.5434778780541493,1.0,0.23907550077041603,-0.07425489764472816,0.014888839973585736,0.21128329297820822,-0.021595861765353292,0.4906251375742901,0.22301782962799913,0.15104336341624477,0.35913273167510457,0.06532467532467533,-0.3632423508694695,-0.20612810917895663,0.4342504952674444,0.19662337662337662,-0.22723530706581554,0.02657495047325556,-0.0010873871890821043,-0.0018622055910191503,-0.028668280871670702,-0.24118203830068236,0.05869909751265683,-0.11492846136913934,0.31266123706801674,0.3891811578252256,-0.2579947171472595,-0.20282632621615673,-0.14602685450143077,-0.08238388729914153,-0.11217697556680607,-0.1440413823464671,-0.10401716927140656,-0.03412282632621616,-0.3493814659916355,-0.23861104996698218,-0.02434954875632842,-0.13895443539511337,-0.19109839313229143,-0.21219238388729914,-0.1062821923838873,-0.07597622716266784,0.11326216156724632,-0.07072198987453225,0.40168170812238607,0.3491019150341184,0.08802993616552938,0.08745982830728594,0.01897424609289016,0.1087475236627779,0.28801893022232006,-0.14380145278450363,0.12097952894563065,0.21708122386088488,0.0017433414043583535,0.06325996037860444,-0.05759850319172353,-0.14286594761171031,-0.062436715826546335,-0.1013383226942549,-0.06330838652872552,-0.0662293638564825,0.25975126568346907,0.18827867048206032,-0.12596081884217478,-0.1124323134492626,-0.18359454105216816,-0.1196632181377944,-0.2493858683689192,-0.2132577591899626,-0.0737772397094431,-0.11130970724191064,-0.058450363196125905,0.05665419326436275,-0.029731454985692275,-0.031897424609289016,-0.09424389170151883,-0.14315870570107858,0.10163548316090688,0.019484921857803213,,0.019938366718027734,0.1453664979088708,-0.029964780981730135,-0.17527184679727054,0.016731234866828086,-0.09684129429892142,0.07758969843715606,-0.10854721549636803,-0.05633281972265023,-0.1870658155403918,-0.26966762051507814,-0.10915034118423948,0.17788465771516618,-0.0974950473255558,0.2667884657715166,0.38106977767994715,0.3397600704380365,0.4849460708782743,0.10353731014747963,0.18960818842174773,0.10381906229363856,0.2418600044023773,0.17922298040942108,0.0788861985472155,-0.10842174774378165,-0.022029495927801013,-0.22547435615232225,-0.2786154523442659
#17,0.037660136473695795,0.11038300682368479,0.20225181598062955,0.23907550077041603,1.0,0.09745322474136034,0.07773277569887739,-0.041100594320933305,-0.07038300682368479,0.17186220559101914,-0.007673343605546995,0.30361655293858686,0.278069557561083,-0.07602245212414704,-0.24169271406559542,-0.26897424609289017,0.188201628879595,0.07941888619854721,0.003436055469953775,0.032722870349989,-0.15464891041162226,-0.08896324014968082,0.033495487563284174,-0.12821923838872992,-0.013999559762271626,-0.08878494386968963,0.10402377283733216,-0.05214836011446181,-0.030959718247853842,0.015734096412062512,0.11206031256878715,-0.008932423508694696,0.09128329297820824,0.22342504952674444,0.17760510675764912,0.36344265903587936,0.22005062733876293,0.05110279550957517,0.3081091789566366,-0.10710543693594542,0.14040501871010347,-0.14576051067576493,0.08312568787145058,-0.06228483381025754,0.20243671582654635,-0.03695135373101475,-0.10863966541932643,-0.11450583314990094,-0.0736583755227823,-0.3168016729033678,-0.1964010565705481,-0.22866387849438696,0.009082104336341625,-0.1473365617433414,0.03264582874752366,0.14432973805855162,0.12832709663218136,0.0729143737618314,0.2493484481620075,0.19247633722209995,0.06435174994497028,0.05713845476557341,-0.018265463350209114,-0.027743781642086726,-0.22432093330398414,0.02491305304864627,0.029394673123486682,-0.04710543693594541,-0.17464891041162228,-0.19285714285714287,-0.22041162227602906,-0.2352872551177636,-0.13089808496588157,-0.04365397314549857,0.019834910851860003,-0.006418666079683029,-0.05075280651551838,0.012289236187541273,0.022106537530266344,-0.05819942769095311,0.1463812458727713,0.22259520140876074,,-0.032656834690732994,0.3733348007924279,0.17598943429451905,0.1662491745542593,0.1024125027514858,0.1753598943429452,0.11774158045344486,0.23408760730794628,0.3390402817521462,0.21229804094210875,0.10636583755227823,0.17938146599163549,0.021699317631521022,0.06921637684349549,-0.17292317851639885,0.06528065155183799,-0.05911952454325336,-0.05530486462689853,0.022848338102575392,0.08732775698877394,-0.09648910411622276,0.03720889280211314,-0.026777459828307287,-0.020125467752586397,-0.05364957076821483,0.21958837772397094,0.1184899845916795,0.17258199427690954
#18,-0.023240149680827646,0.09462909971384548,0.3081554039181158,-0.07425489764472816,0.09745322474136034,1.0,0.3280915694475017,-0.03987673343605547,0.15463570327977108,0.2054655513977548,0.08237728373321594,-0.11249614791987674,0.3283799251595862,0.14416905128769536,0.020013207131851198,-0.04110499669821704,0.22809817301342725,0.45093770636143515,-0.0963878494386969,-0.24959278010125469,-0.11075720889280212,-0.1540810037420207,0.20289236187541274,0.06696896324014968,0.1968368919216377,-0.35822364076601365,0.019062293638564824,-0.1817411402157165,0.17689852520360996,0.22383447061413164,0.5065551397754787,0.1661633281972265,0.22669821703720008,0.16975126568346907,-0.0601122606207352,-0.17495487563284173,0.014118423948932424,-0.11217037200088048,-0.058718908210433636,-0.23331499009465112,0.05393132291437376,-0.21340523882896764,-0.0063438256658595645,-0.1392758089368259,0.03763152102135153,-0.14737838432753686,-0.08854501430772617,-0.06941228263262161,-0.12815100154083206,0.05934404578472375,0.11337001981069778,0.03683469073299582,0.06598062953995157,0.1902377283733216,0.10612810917895664,0.13793528505392913,-0.052359674224081006,-0.2809112920977328,-0.08497248514197667,-0.37158485582214396,0.048679286814880034,0.09464010565705482,-0.005340083645168391,0.15908430552498348,-0.057497248514197664,0.07029055690072639,0.11682808716707022,0.3175676865507374,0.11942989214175655,0.19382126348228043,0.44907329958177417,0.4178032137354171,0.2592714065595422,0.12313449262601806,-0.17038080563504293,-0.09146819282412502,-0.14432753686990976,-0.01656174334140436,0.22522562183579134,0.01957737178076161,-0.16788685890380806,0.19393792648029937,,0.19096632181377943,0.4649922958397535,0.08387849438696897,0.029874532247413602,0.09566145718688092,0.10735417125247634,0.2948338102575391,0.06024433193924719,0.1201122606207352,-0.10940127668941228,0.01920757208892802,-0.13914153642967203,0.2666035659255998,-0.04632621615672463,0.06928461369139335,0.01977988113581334,0.014025974025974027,0.06165529385868369,0.36095311468192826,0.6071670702179177,0.13937706361435176,0.2285890380805635,0.01739819502531367,0.22163328197226503,0.0019436495707682148,-0.13558001320713184,0.10370900286154523,-0.013871890821043363
#26,-0.21037860444640105,0.11703279771076382,0.17053268765133173,0.014888839973585736,0.07773277569887739,0.3280915694475017,1.0,0.058272066916134714,0.08751265683469073,0.28300462249614794,0.14235086946951353,-0.025274047985912394,0.34481620074840413,0.3857869249394673,0.22860444640105657,0.20755888179616994,0.35306185340083646,0.25792648029936166,0.28741800572309045,0.17170592119744663,0.2924103015628439,0.08980849658815761,0.2065199207572089,0.20887079022672242,0.08445740699977988,0.0773959938366718,-0.13480519480519482,-0.34360114461809377,-0.019128329297820823,0.11788906009244993,0.2729826106097293,0.2823332599603786,0.32297600704380364,0.322722870349989,0.11222980409421088,-0.007706361435174994,0.15356152322254016,0.22304864626898524,-0.006984371560642747,0.1285692273827867,0.1535989434294519,-0.0047193484481620075,-0.013266563944530047,-0.01728813559322034,-0.23243451463790446,0.05871230464450804,-0.004943869689632402,-0.3112414703940128,-0.19347127448822365,-0.2831212854941669,0.03395113361215056,-0.1112326656394453,-0.03708342504952675,0.17321813779440898,0.03917455425930002,-0.06433854281311908,-0.23434294519040283,-0.2593330398415144,-0.1996125907990315,-0.2738102575390711,-0.2428153202729474,-0.11630640545894783,0.2214505833149901,0.33210433634162445,0.0012414703940127668,0.04983050847457627,0.48901606867708564,0.6390556900726392,0.3939687431212855,0.3435989434294519,0.33309487123046444,0.19854501430772617,0.13710323574730354,-0.37204050187101034,-0.1488531807175875,-0.13595421527624918,-0.2671670702179177,-0.2175214615892582,0.43747743781642084,0.322227602905569,-0.08771736737838433,0.28935064935064936,,-0.22688091569447502,0.41304204270305966,-0.054565265243231346,-0.16721769755668062,0.04968743121285494,0.4062293638564825,-0.0876799471714726,0.09711644287915475,-0.09364076601364738,-0.15180277349768875,-0.16010125467752587,-0.3651419766674004,0.09893242350869469,0.36824345146379045,0.2011336121505613,0.1960246533127889,0.08582874752366278,-0.14077701959057892,0.13537090028615453,0.17704820603125687,0.31689852520360995,0.25513097072419105,0.15531146819282413,0.20321593660576712,-0.14900946511116003,-0.09766233766233766,-0.09172573189522341,-0.18706801672903367
#49,0.5723552718467972,0.3360114461809377,0.20810257539071098,0.21128329297820822,-0.041100594320933305,-0.03987673343605547,0.058272066916134714,1.0,0.5505018710103455,0.35101034558661676,0.4929650011005943,-0.12234426590358793,-0.02715826546335021,0.04036979969183359,-0.12236187541272286,-0.13213955535989436,0.1939027074620295,-0.04039621395553599,0.15419326436275588,-0.07538850979528945,-0.06339423288575831,-0.09309927360774818,0.02223860884877834,0.039819502531366936,0.1449042482940788,0.097541272287035,0.13771076381245873,0.14436715826546334,-0.017565485362095533,0.15623376623376622,-0.1950429231785164,0.13597622716266783,-0.22207792207792207,-0.13201408760730796,0.1609487123046445,0.24248734316530926,-0.11596742240810037,-0.04716927140655954,-0.10383226942548976,-0.0887211093990755,0.0722672243011226,0.05082544574069998,0.041336121505613034,0.1269271406559542,-0.061230464450803435,0.03719788685890381,0.18221659696235967,0.0625313669381466,0.05052608408540612,-0.0212458727712965,0.11146819282412503,0.11495487563284174,0.02737838432753687,-0.06800352190182699,-0.13799911952454325,-0.06376183138895003,-0.1296566145718688,-0.04722870349988994,0.026674003962139554,-0.025135373101474796,-0.05323134492626018,-0.2387541272287035,-0.06160026414263702,0.08928241250275148,0.20219018269865727,0.08690292758089369,-0.07439137134052388,-0.15536869909751266,-0.1062491745542593,-0.032359674224081,-0.05166409861325116,-0.028036539731454986,-0.005042923178516399,-0.13501210653753026,-0.08681488003521902,-0.0665595421527625,-0.08380585516178736,-0.1857935285053929,-0.007836231565045124,-0.001582654633502091,0.10441558441558442,0.2250957517059212,,-0.22318732115342285,-0.06891921637684349,0.04376843495487563,-0.11806955756108299,0.11138454765573409,0.13367598503191724,0.01783182918776139,0.10978868589038081,-0.1657539071098393,-0.21862645828747523,-0.20709222980409422,-0.042593000220118866,0.14211974466211755,0.0989258199427691,0.2084899845916795,0.16232225401716927,0.0436847897864847,0.1214439797490645,-0.2312590799031477,-0.12525203609949373,-0.10861325115562404,-0.15589478318291877,-0.13440017609509136,-0.23836231565045124,-0.2496588157605107,-0.36710983931322916,-0.16465551397754788,-0.12326436275588817
#50,0.2966916134712745,0.5780145278450364,0.074851419766674,-0.021595861765353292,-0.07038300682368479,0.15463570327977108,0.08751265683469073,0.5505018710103455,1.0,0.3352102135152983,0.3562976007043804,-0.08545454545454545,-0.13440457847237508,-0.013237948492185781,0.1773563724411182,0.13186660796830288,0.06172132951793969,0.0701782962799912,0.2060378604446401,-0.04427690953114682,0.02912392692053709,0.004435395113361215,0.0375610829848118,0.08175874972485142,0.14407660136473696,0.23351089588377724,-0.20797930882676646,-0.1175214615892582,0.09570327977107639,0.24607307946290996,-0.06564164648910412,0.29997138454765576,0.003975346687211094,0.2126106097292538,0.07449702839533348,0.16907990314769974,0.17172353070658156,0.29504512436715824,-0.04934184459608188,0.1116222760290557,0.16992515958617654,0.09103235747303544,0.07995597622716266,0.17641206251375743,-0.0013559322033898306,-0.0423662777900066,0.0824653312788906,-0.04713185119964781,-0.20437376183138894,-0.117178076161127,0.17062073519700638,0.11911952454325336,-0.034752366277790006,-0.1525775918996258,0.016141316310807837,-0.08500770416024653,-0.25557561082984814,-0.11342284833810258,-0.06607087827426811,0.05437816420867268,-0.21146158925819944,-0.19270746202949593,-0.018426150121065375,0.2963218137794409,-0.051774158045344486,-0.18451243671582654,-0.06838872991415364,-0.020840854061193043,0.19829627999119526,0.18631080783623155,0.18929121725731896,0.1350363196125908,-0.038049746863306186,-0.28831609068897207,-0.2581664098613251,-0.28128989654413383,-0.23705260840854062,-0.31563724411182037,0.1199273607748184,0.18386528725511778,0.15486902927580895,0.2635593220338983,,-0.12121065375302663,-0.07372220999339643,-0.13806075280651553,-0.004272507153863086,0.05918115782522562,0.3212194585075941,0.16685009905348888,0.25970063834470614,-0.20385208012326655,-0.23103015628439358,-0.22811138014527846,-0.09351089588377724,0.15856702619414484,0.14840193704600485,0.18157384987893463,0.20906449482720668,-0.02819502531366938,0.0727096632181378,-0.06446841294298922,0.013275368699097513,0.023955535989434295,-0.004270305965221219,-0.11231344926260181,-0.05944309927360775,-0.26294298921417564,-0.34813119084305527,-0.07725071538630861,-0.06432973805855162
#51,0.41674444199867927,0.35466431873211535,0.6776337222099934,0.4906251375742901,0.17186220559101914,0.2054655513977548,0.28300462249614794,0.35101034558661676,0.3352102135152983,1.0,0.4470327977107638,0.11761391151221659,0.40701738939027077,0.1111402157164869,-0.33809817301342726,-0.06610609729253797,0.6583557120845256,0.42133392031697114,-0.12624477217697558,-0.043623156504512435,-0.06182038300682369,0.08233766233766233,-0.07343385428131191,-0.19778120184899847,0.09658375522782302,-0.22413603345806735,0.23047105436935944,0.0029958177415804533,-0.15190402817521462,-0.08882896764252697,0.012753686990975127,0.017704160246533127,0.010554699537750385,-0.05197446621175435,-0.22074620294959277,-0.10490644948272067,-0.28795289456306405,-0.07756328417345366,-0.19377283733215936,-0.3562161567246313,0.055692273827867046,-0.20297600704380364,-0.07751705921197447,-0.13101694915254236,-0.12345806735637244,-0.15747963900506273,0.2876513317191283,-0.011054369359454105,0.15996918335901386,-0.05775698877393793,0.1844287915474356,0.10743341404358353,0.3791327316751046,-0.019832709663218137,0.2513977547875853,0.2913647369579573,-0.06377503852080123,-0.13827646929341844,-0.27118864186660796,-0.5148007924279111,-0.009302223200528285,0.1285428131190843,-0.27585296059872333,0.03478538410741801,0.22881576051067576,0.3670526084085406,-0.1787409200968523,-0.023585736297600704,-0.08595421527624918,-0.14497248514197666,0.1388597842835131,0.25147259520140874,0.014164648910411623,-0.04204050187101035,-0.205115562403698,0.05729253797050407,-0.06610609729253797,0.09172573189522341,-0.1089324235086947,-0.1413581333920317,0.23661897424609288,0.1386748844375963,,-0.005885978428351309,0.10637904468412943,0.14141976667400397,0.048597842835130974,0.1981598062953995,0.21375963020030816,0.12793968743121287,0.10870570107858243,-0.0861501210653753,-0.17698877393792647,-0.15245432533568126,-0.3262183579132732,0.35706801672903365,-0.0199603786044464,0.5495751705921198,0.38160466651992075,0.36196786264582875,0.4072485141976667,0.41303323794849217,0.17881576051067577,0.28557340964120626,0.24484701738939027,0.13664318732115344,0.021945850759410083,-0.1408562623816861,0.07462909971384547,-0.02718908210433634,-0.4197424609289016
#52,0.53818401937046,0.3229451904028175,0.352689852520361,0.22301782962799913,-0.007673343605546995,0.08237728373321594,0.14235086946951353,0.4929650011005943,0.3562976007043804,0.4470327977107638,1.0,0.129867928681488,0.17113801452784502,0.3282192383887299,-0.18648470173893902,-0.06272066916134712,0.16225181598062954,0.10058551617873651,-0.014272507153863086,-0.0651683909311028,-0.1538366718027735,-0.009645608628659477,0.09546775258639666,0.01935064935064935,0.07357252916574951,-0.030372000880475456,0.11983711204050188,0.07337662337662337,0.07148360114461809,0.055767114241690514,-0.26558001320713187,-0.021424169051287696,-0.19855822143957738,-0.1983513097072419,0.07018269865727493,-0.14349328637464231,-0.1885560202509355,-0.026354831609068898,-0.1268434954875633,-0.2263416244772177,0.055291657495047324,-0.1635263042042703,-0.027497248514197666,-0.1764076601364737,0.03139995597622716,0.00087607307946291,0.006165529385868369,-0.02912392692053709,0.020138674884437595,0.08441338322694254,0.2343759630200308,0.2468434954875633,0.19389830508474576,0.16226282192383887,0.044408980849658816,0.15691833590138674,-0.03940127668941228,-0.03572969403477878,-0.09882896764252697,-0.2158463570327977,0.011917235307065815,-0.0961104996698217,-0.22268545014307725,0.009115122165969623,0.3360180497468633,0.2663658375522782,-0.0961104996698217,0.0853004622496148,-0.11325335681267884,-0.02849438696896324,0.011166629980189302,0.1254853620955316,-0.12691833590138674,-0.04298921417565486,-0.17985692273827866,0.03709222980409421,0.014541052168170813,0.02240810037420207,-0.04433854281311909,-0.16012326656394452,0.3190050627338763,0.1714769975786925,,0.12748624257098834,-0.04842835130970724,0.06373981950253137,-0.00198547215496368,0.16717367378384326,0.04401496808276469,0.23166850099053488,0.10981289896544134,0.022099933964340745,-0.07103455866167731,-0.08171912832929783,-0.057272727272727274,0.20349988994056792,0.12358353510895884,0.14197886858903808,0.23544353951133612,0.08437156064274709,0.2533810257539071,-0.1111798371120405,-0.032143957737178076,-0.1323134492626018,-0.17143957737178075,-0.23628439357252917,-0.13990534888839973,-0.057156064274708346,-0.03428571428571429,-0.11747743781642087,-0.21526304204270305
#53,0.13804534448602246,0.11164428791547436,-0.024069997798811357,0.15104336341624477,0.30361655293858686,-0.11249614791987674,-0.025274047985912394,-0.12234426590358793,-0.08545454545454545,0.11761391151221659,0.129867928681488,1.0,0.3181333920316971,0.2509112920977328,-0.17682588597842835,-0.19468633061853402,0.010083645168390932,-0.21093110279550958,-0.1282984811798371,0.1502575390710984,-0.17473695795729693,-0.1810345586616773,-0.055791327316751044,-0.24031476997578693,-0.2359255998239049,0.11545454545454545,-0.06552938586836891,0.0009112920977327757,0.2547259520140876,0.08437816420867268,-0.11756548536209553,0.07323574730354392,-0.12328637464230685,-0.10769975786924939,0.45924499229583976,0.15451243671582654,0.25169491525423726,0.10650891481399956,0.189537750385208,0.10646268985252036,0.15244331939247194,0.06953334800792428,0.34060972925379707,0.017930882676645388,0.24560642747083425,-0.04836011446180938,-0.18027514858023333,-0.015923398635263042,-0.14443099273607748,-0.11076601364736958,-0.20093330398415143,-0.03286154523442659,-0.1780299361655294,-0.2550671362535769,-0.25578032137354173,-0.2289588377723971,0.18078142196786265,0.20246092890160686,0.23117983711204051,0.2185956416464891,0.27461589258199426,0.1159255998239049,0.21222540171692714,0.1631895223420647,-0.21570988333700197,-0.15804534448602245,0.1786484701738939,0.19829848117983712,0.017838432753686993,0.04106537530266344,-0.282095531587057,-0.2237046004842615,-0.16627338762931984,-0.08863306185340084,0.21085626238168612,0.17249614791987675,0.2759013867488444,0.03716266784063394,0.08030816640986133,-0.008492185780321373,0.4962623816861105,0.09074620294959278,,0.43306405458947833,0.21513977547875854,0.11721329517939687,0.10590578912612811,0.10260180497468634,0.10532247413603346,0.2192295839753467,-0.2388201628879595,0.2729055690072639,0.16829848117983712,0.0034954875632841735,0.19480959718247853,-0.268712304644508,-0.04667840633942329,-0.21803433854281312,-0.01284833810257539,0.051774158045344486,-0.027453224741360336,-0.059627999119524544,-0.1891569447501651,-0.08701738939027075,-0.06279110719788686,-0.16547655734096411,-0.03430772617213295,0.29419546555139775,0.14602245212414705,-0.08531146819282412,0.18984371560642746
#54,0.0938828967642527,0.04532247413603346,0.33652432313449265,0.35913273167510457,0.278069557561083,0.3283799251595862,0.34481620074840413,-0.02715826546335021,-0.13440457847237508,0.40701738939027077,0.17113801452784502,0.3181333920316971,1.0,0.24012106537530267,-0.14706361435174994,-0.27938366718027735,0.4276865507373982,0.14723970944309928,-0.14883116883116884,-0.011818181818181818,-0.124785384107418,-0.23928461369139334,0.017173673783843275,-0.2796984371560643,-0.09857803213735417,-0.2869997798811358,0.08842835130970725,-0.10095091349328637,0.1768500990534889,0.14742020691173233,0.387673343605547,0.03704380365397315,0.271765353290777,0.005916795069337442,0.15009024873431653,0.04075941008144398,-0.07610829848117984,-0.1344155844155844,-0.10817301342725072,-0.16099053488883996,0.056141316310807834,-0.05957076821483601,0.13865067136253578,-0.10191063174114022,0.1328747523662778,-0.0399867928681488,-0.014842615012106538,-0.05689632401496808,0.0023684789786484702,-0.012762491745542594,0.12516618974246094,0.01324455205811138,0.1187673343605547,0.09053929121725732,-0.04388509795289456,0.00710543693594541,0.04748624257098833,-0.1586088487783403,-0.06141096191943649,-0.2400792427911072,0.16024653312788906,0.21323354611490206,0.18721989874532247,0.1222804314329738,-0.030732995817741582,0.022760290556900726,0.23279991195245434,0.2836583755227823,-0.03766894122826326,-0.08541052168170812,0.03852520360994937,-0.054853620955315874,0.16975786924939468,-0.053002421307506056,0.08088707902267224,0.1162293638564825,-0.017545674664318733,0.07122826326216157,0.2206515518379925,-0.18033017829627998,0.13946731234866827,0.23665859564164649,,0.24532467532467533,0.5861919436495707,0.2039819502531367,-0.00788465771516619,0.20825005502971605,0.18649570768214835,0.3173827867048206,-0.12196566145718687,0.20095311468192825,0.052865947611710325,-0.046207351970063835,-0.04803653973145498,0.005075941008144398,-0.19431432973805854,0.12685230024213076,0.0015122165969623596,0.29381465991635486,0.1373695795729694,0.36742681047765796,0.4287211093990755,0.2720250935505173,0.31141536429672023,0.14407660136473696,0.2603896103896104,0.09645608628659476,0.08640545894783183,-0.12757208892802113,-0.12154083204930663
#58,0.020059432093330398,0.11491525423728814,0.06544353951133612,0.06532467532467533,-0.07602245212414704,0.14416905128769536,0.3857869249394673,0.04036979969183359,-0.013237948492185781,0.1111402157164869,0.3282192383887299,0.2509112920977328,0.24012106537530267,1.0,0.212788906009245,-0.0024741360334580675,0.02192163768434955,-0.009333039841514418,0.1405679066696016,0.07271846797270526,0.10180277349768875,-0.2528395333480079,-0.08427911071978869,0.05795949812898966,-0.24891481399955975,0.06546114902047105,-0.23515298261060974,-0.2522892361875413,0.33281091789566364,0.29939027074620295,-0.03887079022672243,0.23193044243891703,-0.002689852520360995,0.09504732555580013,0.2228747523662778,-0.1454061193044244,0.017704160246533127,0.19589038080563503,-0.3163328197226502,0.19607528065155183,0.25917235307065817,0.1560576711424169,-0.03458947831829188,0.09351529826106098,-0.16587497248514196,-0.33804754567466433,-0.03303764032577592,-0.02532027294739159,-0.07136253576931544,0.06857142857142857,0.06545894783182919,0.07821043363416245,-0.1453929121725732,0.09057671142416905,-0.21626458287475236,-0.27501871010345585,-0.04303323794849218,-0.1428615452344266,-0.14228923618754127,-0.1880101254677526,0.030248734316530926,-0.00027074620294959277,0.409801893022232,0.44193484481620077,0.043559322033898305,-0.056766453885097955,0.5932049306625578,0.655461149020471,0.39638344706141315,0.3734800792427911,0.25304864626898527,0.04139555359894343,0.1946136913933524,-0.15847237508254458,0.034081003742020693,0.07210433634162448,0.14274047985912391,-0.04584855822143958,0.43597402597402596,0.2992229804094211,0.03822804314329738,0.08518820162887959,,0.2320581113801453,0.2283116883116883,0.08678186220559102,-0.1013713405238829,0.015093550517279331,0.16931543033237947,0.17381906229363855,-0.04007704160246533,-0.11658375522782302,-0.29142196786264585,-0.09401716927140656,-0.24465551397754787,-0.13544794188861986,0.2314241690512877,-0.18221879815100153,-0.017856042262821923,0.013706801672903368,-0.20018049746863306,-0.014897644728153202,0.09664538850979529,-0.04075720889280211,0.07544574069997799,-0.11493946731234866,0.21262821923838873,0.17305965221219458,-0.06062513757429012,-0.056691613471274487,-0.06155403918115782
#101,-0.45749724851419765,0.007050407219898745,-0.48222320052828527,-0.3632423508694695,-0.24169271406559542,0.020013207131851198,0.22860444640105657,-0.12236187541272286,0.1773563724411182,-0.33809817301342726,-0.18648470173893902,-0.17682588597842835,-0.14706361435174994,0.212788906009245,1.0,0.49691173233546115,-0.24648690292758088,-0.23632401496808275,0.5159872331058771,0.12976227162667842,0.44099933964340743,-0.002531366938146599,0.18575830948712305,0.17465771516618975,0.08159366057671143,0.32161347127448825,-0.633893902707462,-0.572309046885318,0.24275808936825885,0.24822143957737178,0.01453004622496148,0.12428571428571429,0.23257098833370018,0.3665903587937486,0.07561303103675986,-0.020893682588597844,0.3597336561743341,0.41414924058991853,-0.09111600264142637,0.43648250055029714,0.08702179176755448,0.24736737838432754,0.01584635703279771,0.3132291437376183,-0.34265903587937485,-0.1294673123486683,-0.2220162887959498,-0.04307946290997138,-0.39464891041162226,-0.2668677085626238,-0.19505172793308387,-0.26448602245212416,-0.49481620074840416,-0.0900066035659256,-0.18602905569007264,-0.42685890380805636,-0.3063548316090689,-0.2583050847457627,-0.021087387189082103,0.24293638564825004,-0.2653422848338103,-0.2552410301562844,0.47729473915914594,0.5130860664758969,-0.36731895223420646,-0.43092670041822584,0.5253400836451684,0.4629650011005943,0.6763746423068457,0.5416354831609069,0.3655315870570108,0.03482940788025534,0.22853180717587498,-0.324109619194365,-0.06438036539731455,-0.18418886198547216,-0.187211093990755,-0.28518379925159587,0.6635130970724191,0.5022584195465551,-0.08202509355051728,0.08834910851860005,,-0.18006383447061414,0.04708342504952674,-0.35312788906009246,-0.184620294959278,-0.23032577591899625,0.14003742020691173,-0.17563504292317852,0.08419986792868149,-0.22579132731675106,-0.3618864186660797,-0.09700418225841954,-0.07595861765353291,-0.08447941888619855,0.17606427470834252,-0.2590821043363416,-0.19454985692273827,-0.19910851860004403,-0.4340479859123927,-0.0912987012987013,6.383447061413163e-05,-0.09779220779220779,0.06684789786484702,-0.05687211093990755,0.195181598062954,-0.07319832709663218,-0.2527250715386309,-0.004787585296059872,0.25280431432973804
#102,-0.22987012987012986,0.1810015408320493,-0.22898305084745763,-0.20612810917895663,-0.26897424609289017,-0.04110499669821704,0.20755888179616994,-0.13213955535989436,0.13186660796830288,-0.06610609729253797,-0.06272066916134712,-0.19468633061853402,-0.27938366718027735,-0.0024741360334580675,0.49691173233546115,1.0,-0.07537530266343825,0.04954435395113361,0.24608848778340303,0.5682632621615672,0.21342945190402818,0.5854743561523222,-0.05521681708122386,0.16343605546995377,-0.04485582214395774,0.38567246313009024,-0.6002751485802333,-0.4353885097952895,-0.2256834690732996,-0.179207572088928,0.004673123486682809,0.04790006603565926,0.264620294959278,0.2914373761831389,-0.23722209993396434,-0.20468412942989214,0.08415804534448602,0.3403940127668941,-0.05780981730134273,0.3316508914814,-0.0510873871890821,0.13331499009465111,-0.21650231124807395,0.20639665419326436,-0.5774862425709884,0.19809817301342725,-0.13198327096632181,-0.21806075280651552,-0.28604226282192385,-0.2636913933524103,-0.13338762931983272,-0.15611490204710543,-0.1561038961038961,-0.12341624477217697,0.07240810037420208,-0.10852520360994937,-0.5145894783182918,0.09683028835571209,-0.3722650231124807,0.015324675324675324,-0.36722430112260623,-0.29161787365177194,0.00946731234866828,0.19427911071978868,-0.2619348448162008,-0.1038498789346247,0.18053048646268985,0.2589390270746203,0.54818401937046,0.5763614351749945,0.32596962359674225,0.34734536649790887,0.19863086066475896,-0.19654193264362757,0.00889060092449923,0.10861325115562404,-0.0964406779661017,-0.17014087607307946,0.13872331058771736,0.5567004182258419,-0.12927801012546775,-0.20235307065815542,,-0.1590578912612811,-0.09181818181818181,-0.39274488223640763,-0.33033017829628,-0.2093220338983051,-0.12334580673563725,-0.45680607528065154,-0.13385868368919215,-0.4546401056570548,-0.39569887739379267,-0.3117543473475677,-0.446205150781422,0.09450583314990095,0.19122386088487783,0.0638630860664759,-0.023411842394893242,0.011430772617213295,-0.06704160246533128,0.014116222760290557,-0.11952454325335682,0.09578252256218357,0.19244772176975566,0.22917015188201628,0.17920096852300244,-0.2466189742460929,-0.03671362535769315,-0.13738718908210434,-0.17011005943209334
#201,0.22049526744442,-0.024479418886198548,0.6999757869249394,0.4342504952674444,0.188201628879595,0.22809817301342725,0.35306185340083646,0.1939027074620295,0.06172132951793969,0.6583557120845256,0.16225181598062954,0.010083645168390932,0.4276865507373982,0.02192163768434955,-0.24648690292758088,-0.07537530266343825,1.0,0.5732951793968744,-0.04933744221879815,-0.11945630640545894,0.09621175434734756,0.05147259520140876,0.09623816861104997,-0.18742681047765794,0.3070614131631081,-0.2974686330618534,0.23968302883557122,-0.005040721989874532,-0.24261941448382127,-0.1317939687431213,0.23385428131190844,-0.11696456086286595,0.2996676205150781,0.15220559101915035,-0.2688553819062294,-0.04443539511336121,-0.2723420647149461,-0.18120405018710103,-0.1717147259520141,-0.3789566365837552,0.15362095531587058,-0.349159145938807,-0.1585758309487123,-0.33015408320493067,-0.21614131631080782,-0.16656394453004622,0.31459828307285936,-0.038848778340303765,0.041624477217697554,-0.08532687651331719,0.18052168170812238,0.12931102795509575,0.4214505833149901,0.11886638784943869,0.39059652212194584,0.3825930002201189,-0.1698877393792648,-0.16221659696235968,-0.3055029716046665,-0.5410763812458728,-0.06249614791987673,0.10567026194144838,-0.32480299361655296,-0.019163548316090687,0.22252256218357913,0.3414241690512877,-0.14855822143957736,0.04104996698217037,0.012692053709002862,-0.18990534888839974,0.21335901386748846,0.301633281972265,-0.037541272287035,-0.013585736297600704,-0.3392141756548536,0.026539731454985692,-0.2870680167290337,0.0865727492846137,0.12144177856042263,-0.18879594981289896,0.09652212194585076,0.2743583535108959,,-0.14640986132511558,0.18318511996478098,0.147607307946291,-1.981069777679947e-05,0.2866475896984372,0.20794629099713846,0.09073739819502531,0.11311688311688312,-0.04464230684569668,-0.18534668721109399,-0.08948272066916135,-0.37447281532027293,0.6145146379044684,-0.0018445960818842175,0.6177459828307286,0.4171604666519921,0.42107638124587277,0.386847897864847,0.5734470614131632,0.36226502311248077,0.589324235086947,0.5346819282412503,0.34993836671802775,0.16911952454325335,-0.22657715166189743,0.03396874312128549,0.005232225401716927,-0.3238498789346247
