,#10,#11,#12,#13,#17,#18,#26,#49,#50,#51,#52,#53,#54,#58,#101,#102,#201,#202,#301,#302,#401,#402,#501,#502,#601,#602,#701,#702,#801,#802,#901,#902,#1001,#1002,#1101,#1102,#1201,#1202,#1301,#1302,#1401,#1402,#1501,#1502,#1601,#1602,#1701,#1702,#1801,#1802,#1901,#1902,#2001,#2002,#2101,#2102,#2201,#2202,#2301,#2302,#2401,#2402,#2501,#2502,#2601,#2602,#2701,#2702,#2801,#2802,#2901,#2902,#3001,#3002,#3101,#3102,#3201,#3202,#3301,#3302,#3401,#3402,#3455,#3501,#3502,#3601,#3602,#3701,#3702,#3801,#3802,#3901,#3902,#4001,#4002,#4101,#4102,#4201,#4202,#4301,#4302,#4401,#4402,#4501,#4502,#4601,#4602,#4701,#4702,#4801,#4802
#10,1.0,0.5130068236847898,0.48144177856042264,-0.02582874752366278,0.6068302883557121,0.1799735857362976,0.16221879815100154,0.7386066475896984,0.39870570107858244,0.49086506713625355,0.5523420647149461,0.45982390490865066,0.24819502531366938,-0.25362315650451245,-0.1114043583535109,-0.2870592119744662,0.2927338762931983,-0.1282654633502091,-0.06317411402157165,-0.08676425269645609,-0.12570327977107637,-0.42037860444640107,0.2366651992075721,0.041796169931763154,0.19084745762711863,-0.179636803874092,-0.20190843055249835,-0.15340523882896764,0.1793858683689192,0.04645608628659476,0.26693814659916354,0.32858683689192164,0.09952454325335681,0.32869689632401494,-0.005423728813559322,-0.12632621615672462,-0.09657054809597182,0.29584415584415585,-0.06475236627779,0.14736297600704382,,0.11116662998018931,0.008925819942769095,-0.1214703940127669,-0.3580321373541713,0.0729605987233106,-0.04433854281311909,-0.23234426590358795,-0.24658155403918117,-0.2309883337001981,0.05123706801672903,0.02266563944530046,0.11486022452124146,-0.13334800792427912,0.03304864626898525,-0.2376007043803654,0.017893462469733657,-0.23074620294959278,-0.4759784283513097,0.04711424169051288,-0.2018996257979309,0.15250715386308605,-0.24633722209993397,-0.3065793528505393,-0.2156702619414484,0.2319986792868149,0.09511996478098173,0.03398415144177856,-0.3114880035219018,-0.33499889940567906,0.2573849878934625,-0.422854941668501,0.2386880915694475,0.506814880035219,0.03679506933744222,0.09801893022232006,-0.06888619854721549,-0.04291437376183139,-0.24097292537970505,-0.0071164428791547435,0.17337671878536567,0.10196566145718688,,0.13106097292537972,0.4887343165309267,0.43009685230024214,0.1758397534668721,,-0.001256878714505833,-0.2489390270746203,0.34356372441118205,-0.13953554919656613,0.15153863086066477,-0.49954215276249175,-0.06233766233766234,0.3367026194144838,-0.05738498789346247,0.4059542152762492,-0.12416905128769536,-0.02418445960818842,-0.13027955095751706,0.33418445960818843,0.3709883337001981,0.25680827646929344,0.117805414924059,0.024219678626458286,0.060477657935285055,0.2798877393792648,0.3046687211093991,-0.23702179176755447,-0.16640545894783182
#11,0.5130068236847898,1.0,0.3555337882456526,-0.05550297160466652,0.34947391591459387,-0.12674003962139554,0.42205370900286154,0.45495487563284176,0.44624036979969184,0.1532621615672463,0.37171252476337224,0.48277349768875194,0.11353070658155404,0.014631300902487343,-0.24046445080343384,-0.024369359454105215,0.13091129209773278,0.09924279110719789,-0.03894783182918776,-0.026938146599163548,0.034045784723750826,-0.03907109839313229,-0.23350209112920978,0.01832489544353951,-0.20284833810257538,-0.22588817961699317,-0.19667620515078144,-0.28452124147039404,-0.054301122606207355,-0.15914813999559763,-0.07266563944530047,0.01755888179616993,-0.051826986572749284,0.2479947171472595,-0.09184019370460049,-0.24707462029495927,-0.18294298921417565,0.22853400836451684,0.08833149900946512,0.08341184239489324,,-0.2892934184459608,0.1997094430992736,-0.16144177856042263,0.17667840633942328,-0.2101848998459168,-0.0613779440898085,-0.30253356812678844,0.0512062513757429,-0.17102135152982612,-0.1282610609729254,0.008340303764032577,0.11439797490644948,-0.10827646929341844,-0.07461369139335242,0.033781642086726835,-0.11333259960378604,-0.029150341184239488,-0.007074620294959278,-0.10473255558001321,0.2884107418005723,0.2323068456966762,-0.12725291657495047,-0.03809156944750165,-0.08901606867708563,-0.022313449262601804,0.29060312568787144,0.16855381906229364,0.06987673343605547,0.18188421747743783,0.40342504952674446,0.22202289236187542,0.24398635263042043,0.382920977327757,-0.14156064274708344,0.12779440898084965,-0.04638564825005503,0.0848646268985252,-0.09445740699977988,-0.13925599823904908,0.2376525630930159,0.0017279330838652872,,0.07907550077041603,0.14987893462469734,0.5699977988113581,0.05353510895883777,,-0.06904468412942989,0.32652432313449264,0.08905128769535549,0.3155690072639225,-0.08468853180717588,0.11402377283733216,-0.267772397094431,-0.03697776799471715,-0.006271186440677966,-0.028278670482060314,-0.06819502531366937,-0.17775698877393792,-0.07771076381245873,0.12920537090028617,-0.043116883116883116,-0.06326436275588818,-0.20082104336341625,-0.12983050847457628,0.1063680387409201,0.4198283072859344,0.14803433854281312,0.06418225841954656,-0.2711138014527845
#12,0.48144177856042264,0.3555337882456526,1.0,0.22520360994937266,0.6722033898305084,0.41362976007043806,0.1695179396874312,0.18761171032357474,0.03629099713845477,0.024430992736077482,0.04271846797270526,0.16551837992515958,0.1021747743781642,-0.3389456306405459,-0.10103896103896104,-0.3411160026414264,-0.01730574510235527,0.35338983050847456,-0.07121065375302664,-0.018758529605987232,0.0047545674664318735,-0.38546335020911293,-0.1963746423068457,-0.05324235086946951,-0.11453224741360335,-0.06846136913933525,-0.25308166409861327,-0.22211093990755007,-0.2911160026414264,0.1257230904688532,0.12087827426810478,0.10282412502751485,0.02200528285274048,0.10862425709883337,-0.07436935945410522,-0.01463350209112921,-0.2565441338322694,0.0663416244772177,-0.3343385428131191,0.17222320052828527,,-0.08246313009024873,-0.0958661677305745,-0.1681598062953995,-0.16707682148360115,0.0648250055029716,-0.2417741580453445,-0.17154743561523222,-0.06014747963900506,0.005197006383447061,0.040158485582214395,0.22149240589918556,0.08784283513097073,0.2363086066475897,-0.004701738939027074,0.04816200748404138,0.015018710103455866,0.12129650011005944,-0.36039401276689415,0.24031476997578693,-0.07541712524763372,0.34982610609729253,-0.09439357252916575,-0.19879154743561522,0.10169271406559542,0.09566806075280651,0.15891481399955976,0.1838168611049967,-0.3915804534448602,-0.2963834470614132,0.1463944530046225,-0.12516398855381905,-0.14805855161787365,0.0923860884877834,-0.2506449482720669,-0.06132951793968743,-0.11737178076161127,-0.0312920977327757,-0.3460246533127889,0.082425709883337,0.06494830780779534,0.1291041162227603,,-0.02086946951353731,0.41416685009905346,0.10522562183579133,0.4408298481179837,,0.006810477657935285,-0.05424389170151882,0.39896103896103896,-0.08200528285274047,0.39145278450363197,-0.26688531807175875,0.3231653092670042,-0.035108958837772396,0.14933524103015627,0.0936715826546335,0.14148360114461808,-0.021162227602905568,0.16839973585736298,0.144983491085186,0.29831388950033016,-0.06268104776579353,0.3100066035659256,-0.11692053709002861,0.22317631521021353,0.00401716927140656,0.1454655513977548,-0.16802333259960378,0.04299361655293859
#13,-0.02582874752366278,-0.05550297160466652,0.22520360994937266,1.0,0.1174818401937046,0.24344926260180497,0.09145058331499009,-0.1323860884877834,-0.25795509575170594,-0.27641646489104116,-0.20024653312788906,-0.013684789786484701,0.14954875632841735,0.10467312348668281,-0.34796169931763155,0.005047325555800132,-0.3917609509134933,0.0025115562403698,-0.2464538850979529,-0.023339203169711643,0.05804974686330618,-0.28272066916134714,-0.010981730134272507,-0.2836055469953775,-0.10777459828307286,-0.18244111820383008,-0.128102575390711,-0.2540611930442439,-0.044283513097072416,0.05759189962579793,0.003185119964780982,0.28782082324455205,-0.019614791987673342,0.1421879815100154,-0.041133612150561306,0.17943429451904028,-0.11597402597402598,0.19434514637904468,-0.03324895443539511,0.2199075500770416,,0.03527624917455426,-0.040022011886418664,0.17385428131190844,0.05143297380585516,0.23797270526084086,-0.07845256438476778,-0.18648910411622277,-0.18106537530266345,-0.03939247193484482,-0.15635923398635262,0.1857671142416905,-0.07230904688531807,0.27753907109839315,-0.03543473475676866,0.23418005723090468,-0.11001760950913493,0.0724719348448162,0.06467532467532468,0.15144177856042262,0.03388729914153643,0.044479418886198545,0.17956196346026854,0.227739379264803,-0.25994276909531144,0.04545234426590359,0.3542879154743562,0.20376623376623376,-0.2120889280211314,0.1420581113801453,-0.005855161787365178,0.15363416244772177,0.06335681267884657,-0.09255998239049086,-0.21340083645168392,0.07197006383447062,-0.3018423948932423,-0.16943649570768216,-0.2012392692053709,0.027750385208012325,0.033794867815802945,0.1511732335461149,,0.2837970504072199,-0.09224301122606207,-0.07290556900726393,0.3522694254897645,,0.06633502091129209,0.30698437156064273,0.1332489544353951,0.3133612150561303,0.10237068016729034,0.1706075280651552,0.3713075060532688,-0.1867774598283073,-0.2294651111600264,-0.1382544574069998,-0.08294078802553378,-0.08740039621395554,0.392722870349989,-0.2847985912392692,0.3202003081664099,-0.127211093990755,0.0962095531587057,-0.12632401496808277,0.1637442218798151,-0.18414263702399294,0.13780321373541712,-0.16150781421967864,0.053486682808716705
#17,0.6068302883557121,0.34947391591459387,0.6722033898305084,0.1174818401937046,1.0,0.4801738939027075,0.17613471274488224,0.42783623156504513,0.2566299801893022,0.21101254677525863,0.18009465111160025,0.31819062293638567,0.14435395113361216,-0.3079484921857803,-0.17491745542593,-0.4035197006383447,0.19062513757429012,0.18533127889060091,-0.19679506933744223,0.021243671582654635,-0.049933964340744,-0.5226260180497468,-0.06931543033237948,-0.18260620735197006,-0.025414924058991855,-0.11057671142416906,-0.2479837112040502,-0.36431873211534227,-0.21426590358793748,0.30218578032137355,0.11079242791107198,0.30862645828747526,0.11211974466211755,0.33904688531807176,-0.14915034118423948,-0.10968523002421307,-0.07000440237728374,0.25348228043143295,-0.2625775918996258,0.27592780101254677,,0.12596081884217478,-0.01613911512216597,0.029335241030156285,-0.28207572088928023,0.24732335461149021,-0.13591459388069557,-0.3641338322694255,-0.16289676425269645,-0.10788245652652433,0.1650231124807396,-0.09290556900726392,0.2117675544794189,0.028300682368478977,0.009709443099273608,-0.12713405238828968,0.0033149900946511115,-0.11043803653973146,-0.5065969623596742,0.2566585956416465,-0.15850759410081444,0.2860840854061193,-0.07974025974025974,-0.16004402377283733,0.036746643187321154,0.30572309046885315,0.1632445520581114,0.27666740039621396,-0.49540832049306627,-0.3348206031256879,0.236913933524103,-0.2955249834910852,-0.11375522782302443,0.14574950473255557,-0.18305304864626898,-0.19646489104116222,-0.05815980629539952,-0.0688069557561083,-0.39588157605106755,0.17077261721329517,0.1576536196641333,0.4041822584195466,,0.11046665199207573,0.6885031917235307,0.14050407219898745,0.4288003521901827,,0.27382786704820605,-0.0338102575390711,0.674932863746423,-0.07727492846136914,0.42091129209773276,-0.45192163768434956,0.2872573189522342,0.11913273167510456,0.08063614351749945,0.23439577371780762,0.1831917235307066,0.14691833590138675,-0.11500770416024653,0.21182918776139115,0.40357693154303326,0.08633722209993397,0.30910631741140215,0.0789324235086947,0.22295839753466873,0.09450143077261722,0.011177635923398635,-0.330906889720449,-0.10440898084965881
#18,0.1799735857362976,-0.12674003962139554,0.41362976007043806,0.24344926260180497,0.4801738939027075,1.0,0.0712458727712965,0.014149240589918555,-0.26917455425930004,-0.001314109619194365,-0.14404358353510896,-0.20384107418005723,0.0072969403477878055,-0.3315100154083205,-0.0376337222099934,-0.4025753907109839,-0.09115562403697997,0.20787365177195685,-0.13625797930882677,-0.1920052828527405,-0.22150561303103675,-0.4085428131190843,0.07926260180497469,-0.14862865947611711,-0.0011027955095751706,-0.14487563284173455,-0.27618534008364515,-0.06075720889280211,-0.01930442438917015,0.25453885097952894,0.08091569447501651,0.40330618534008367,-0.06300462249614792,0.13570548095971824,-0.0013823464670922297,0.23368478978648471,-0.020466651992075723,0.15410521681708123,-0.22036759850319174,0.14057010785824345,,0.13641866607968303,-0.2274554259300022,0.12688531807175876,-0.27701078582434513,0.15302443319392472,-0.3386704820603126,-0.01525643847677746,-0.23836011446180938,0.011256878714505833,-0.052491745542593,0.08764913053048647,0.022038300682368478,0.17087827426810479,0.029650011005943208,-0.047816420867268325,-0.22018269865727494,0.03335901386748844,-0.23327977107638126,0.14099053488883997,-0.17170812238608849,0.17052388289676426,0.11992075720889281,-0.011056570548095971,-0.14971604666519922,0.23974466211754347,0.05418666079683029,0.1299273607748184,-0.43267884657715167,-0.3503235747303544,-0.08683028835571209,-0.1050759410081444,-0.06095091349328637,0.04806075280651552,0.0374818401937046,-0.03314549856922738,-0.19970063834470614,-0.13478978648470175,-0.19379925159586175,0.3021351529826106,0.013094878436540855,0.28454545454545455,,-0.06175874972485142,0.3361699317631521,-0.18642747083425049,0.276319612590799,,0.17423948932423508,-0.15625357693154304,0.4008848778340304,-0.034241690512876954,0.30144618093770637,-0.188201628879595,0.298861985472155,0.12801232665639445,0.02511336121505613,0.055318071758749726,0.11175214615892581,0.11163768434954875,0.14121065375302663,0.03144838212634823,0.36356152322254015,0.041835791327316754,0.11171032357473036,-0.033546114902047106,0.16842615012106538,-0.14600044023772837,0.09130750605326876,-0.24445960818842175,0.25922518159806296
#26,0.16221879815100154,0.42205370900286154,0.1695179396874312,0.09145058331499009,0.17613471274488224,0.0712458727712965,1.0,0.22762931983270968,0.10058551617873651,-0.062080123266563945,0.08043803653973146,-0.007829627999119524,0.1447787805414924,0.05154083204930662,-0.18451243671582654,0.0020206911732335462,-0.19818622055910193,0.15685450143077262,0.0060510675764913055,0.06734756768655074,0.08814439797490645,-0.12127668941228263,-0.08180717587497248,-0.015368699097512657,0.06042703059652212,-0.2667928681488004,-0.1662227602905569,-0.2860598723310588,-0.0937904468412943,0.08427250715386309,0.17368038740920097,0.2740391811578252,-0.07660576711424169,0.30132951793968743,-0.20421527624917454,-0.1355315870570108,-0.32327756988773937,0.301369139335241,-0.026548536209553157,0.3451882016288796,,-0.2979286814880035,-0.02133612150561303,-0.06617433414043583,0.13430772617213296,-0.05663878494386969,-0.25895663658375523,-0.26546775258639665,-0.14606867708562624,-0.03927360774818402,-0.17851199647809818,0.16437816420867268,0.12424829407880256,0.0413977547875853,-0.03529165749504733,0.1650363196125908,-0.2643957737178076,-0.13704380365397315,0.020035219018269865,0.08042482940788026,0.26090028615452343,0.11982390490865068,0.2602839533348008,0.26360114461809375,0.008619854721549637,0.10933744221879815,0.32515078142196785,0.4967642526964561,0.027622716266784062,0.18900066035659255,0.21775258639665418,0.28586836891921635,0.22851419766674003,0.06316530926700419,-0.20151661897424608,-0.02797710763812459,-0.4455227823024433,-0.3775588817961699,-0.24107197886858903,0.15677966101694915,0.0491778831047197,-0.012212194585075942,,0.08234206471494607,-0.1313581333920317,0.2555315870570108,0.19598503191723532,,-0.17971384547655733,0.3278692493946731,0.05978428351309707,0.2701188641866608,0.07257539071098393,0.23153422848338104,-0.04386528725511776,0.16301562843935724,-0.21391811578252257,0.14058111380145277,0.018637464230684568,0.056513317191283295,0.11652212194585077,0.22367378384327538,0.14698657274928462,0.00948051948051948,-0.08994937266123706,-0.028516398855381906,0.27825665859564164,0.18024653312788905,0.10093330398415144,-0.10459167950693374,-0.0886154523442659
#49,0.7386066475896984,0.45495487563284176,0.18761171032357474,-0.1323860884877834,0.42783623156504513,0.014149240589918555,0.22762931983270968,1.0,0.5839709443099274,0.5487365177195686,0.6430178296279991,0.47488223640766014,0.06827867048206031,-0.1882390490865067,-0.18499229583975346,-0.18788685890380805,0.23464450803433853,-0.22688531807175874,-0.15385868368919217,-0.007316751045564605,0.10355491965661458,-0.15700638344706142,0.1239159145938807,0.14322254017169272,0.18168831168831168,-0.13991195245432533,-0.1013581333920317,-0.3215496368038741,0.10761611270085847,0.09082984811798371,0.33359013867488446,0.22556020250935505,0.20649570768214837,0.29858463570327975,-0.14358353510895883,-0.21348448162007483,-0.02807175874972485,0.24595641646489105,0.15123706801672904,0.21610829848117985,,0.04215936605767114,-0.1332819722650231,-0.02585956416464891,-0.1578626458287475,0.09594981289896544,0.1339291217257319,-0.3939533348007924,-0.09794629099713846,-0.11733436055469953,0.17448602245212413,-0.12276249174554259,0.3156636583755228,-0.18967642526964562,0.05772837332159366,-0.14971164428791547,-0.05291877613911512,-0.3391217257318952,-0.237376183138895,-0.0463944530046225,-0.16649570768214836,-0.12254897644728154,-0.13247413603345806,0.0032423508694695135,-0.1655624036979969,0.2014505833149901,0.01824785384107418,0.17290777019590578,0.015621835791327317,-0.1666784063394233,0.4802069117323355,-0.40577812018489984,0.4246489104116223,0.4244728153202729,0.180264142637024,0.08385648250055029,-0.009645608628659477,-0.21629760070438037,-0.35840413823464673,0.07180497468633062,0.09218913283576832,0.022879154743561524,,0.08804094210873872,0.21932423508694696,0.37220118864186663,0.06537530266343826,,0.05383887299141536,-0.07939247193484482,0.1857340964120625,0.025419326436275588,9.465111160026414e-05,-0.43216817081223863,-0.058736517719568566,0.45757208892802115,-0.11782742681047766,0.5573695795729694,-0.2903565925599824,0.16654193264362757,-0.27723310587717365,0.5081862205591019,0.1690578912612811,0.4173365617433414,-0.10472154963680387,0.22107197886858904,-0.02872991415364297,0.25749944970283956,0.15287255117763593,-0.1366123706801673,-0.47376183138895
#50,0.39870570107858244,0.44624036979969184,0.03629099713845477,-0.25795509575170594,0.2566299801893022,-0.26917455425930004,0.10058551617873651,0.5839709443099274,1.0,0.3170724191063174,0.4881135813339203,0.47015628439357254,-0.20312128549416686,-0.01770856262381686,-0.1453378824565265,-0.010052828527404798,0.3368897204490425,-0.1803433854281312,-0.0562029495927801,0.25577591899625796,0.1416024653312789,0.12326656394453005,-0.10138234646709222,0.13414263702399296,0.025720889280211313,0.16002861545234426,0.03898745322474136,-0.14509134932863746,0.041371340523882895,-0.29337882456526526,-0.0017565485362095532,-0.13035879374862425,0.034787585296059874,0.09209773277569888,-0.24993176315210214,-0.30471274488223643,0.0760510675764913,0.009267004182258419,0.3091767554479419,0.09011886418666079,,-0.07,0.040044023772837334,-0.2649768875192604,0.03762271626678406,-0.1630310367598503,0.38438696896324015,-0.30873651771956856,0.338333700198107,-0.40699097512656834,0.15920977327756988,-0.40427911071978867,0.2250099053488884,-0.3629473915914594,0.035280651551837995,-0.06623816861104996,0.1388729914153643,-0.24813339203169713,-0.02901386748844376,-0.05304864626898525,0.06007704160246533,-0.23250935505172793,-0.2668831168831169,-0.10712084525643847,-0.0385758309487123,0.2020250935505173,-0.08188201628879595,0.038492185780321375,0.20401056570548096,0.052359674224081006,0.4261831388950033,-0.2230640545894783,0.27981950253136695,0.3796213955535989,0.2511071978868589,0.08819942769095311,0.3149900946511116,-0.023748624257098835,-0.11228043143297381,-0.2545454545454545,0.09055915174949189,-0.04075720889280211,,0.10383667180277349,0.15904028175214616,0.4385824345146379,0.016117103235747304,,0.04787145058331499,0.037050407219898746,-0.00040721989874532247,-0.013031036759850319,-0.13346467092229805,-0.3532577591899626,-0.013700198106977767,0.21475896984371562,-0.12817741580453446,0.24890380805635043,-0.0888795949812899,-0.02049966982170372,-0.2164538850979529,0.2626216156724631,-0.0560972925379705,0.27799911952454326,-0.11682148360114462,0.015901386748844375,-0.0017037200088047546,0.23504512436715827,-0.05776359233986353,0.18259960378604445,-0.4022165969623597
#51,0.49086506713625355,0.1532621615672463,0.024430992736077482,-0.27641646489104116,0.21101254677525863,-0.001314109619194365,-0.062080123266563945,0.5487365177195686,0.3170724191063174,1.0,0.567343165309267,0.3066784063394233,0.05560642747083425,-0.10514417785604226,0.26216596962359673,-0.10541052168170813,0.40736077481840194,-0.4231653092670042,0.17124367158265463,-0.14715606427470834,-0.05829407880255338,-0.074554259300022,0.2241404358353511,0.18252256218357912,0.21330838652872552,-0.19111160026414264,0.06030156284393572,0.08663658375522783,0.24252036099493726,0.007182478538410742,-0.011912832929782083,0.015377503852080122,0.1906119304424389,-0.05087607307946291,0.2808826766453885,0.015558001320713185,0.33141976667400397,-0.017506053268765132,0.053083865287255116,-0.10121505613031037,,0.1746268985252036,0.1818379925159586,0.04725511776359234,-0.18791327316751047,-0.01768214836011446,0.07608628659476117,0.05206471494607088,-0.20278230244331938,-0.11586616773057451,0.16291877613911512,-0.1529077701959058,-0.012870349988994056,-0.38075500770416026,0.014657715166189743,-0.2805084745762712,-0.046788465771516616,-0.2388597842835131,-0.24447501650891482,-0.18148800352190184,-0.21665639445300464,-0.06404798591239269,-0.28908650671362535,-0.27600044023772835,-0.28968743121285495,0.07309487123046444,-0.26174334140435834,-0.2306339423288576,-0.0324389170151882,-0.31455646048866387,0.09559762271626679,-0.3849812898965441,0.18841514417785604,0.40241690512876954,0.07675764913053049,0.0075016508914814,0.2520140876073079,0.17152762491745543,0.18254677525863966,-0.17461149020471053,-0.01339313966164613,-0.06448382126348227,,-0.05651111600264143,0.2790358793748624,0.12140435835351089,-0.08819942769095311,,-0.0021989874532247415,-0.32181377944089806,0.08767774598283073,-0.2508298481179837,-0.06614791987673344,-0.3528461369139335,-0.16090909090909092,0.3277305745102355,-0.09498569227382787,0.28323354611490204,-0.2165397314549857,0.17938146599163549,-0.28889720449042483,0.23402817521461589,-0.0985890380805635,0.22519700638344706,-0.013123486682808716,0.22124147039401276,-0.25471714725952016,0.2765529385868369,0.1391811578252256,-0.10298921417565485,-0.16748624257098835
#52,0.5523420647149461,0.37171252476337224,0.04271846797270526,-0.20024653312788906,0.18009465111160025,-0.14404358353510896,0.08043803653973146,0.6430178296279991,0.4881135813339203,0.567343165309267,1.0,0.5881245872771297,0.004664318732115342,-0.0025445740699977988,-0.07041162227602905,0.024008364516839093,0.3851287695355492,-0.2983645168390931,-0.0387409200968523,-0.028950033017829627,-0.03306185340083645,0.08738058551617874,0.03873651771956857,0.1222011886418666,0.058628659476117104,-0.04507814219678626,-0.0438432753686991,0.140726392251816,0.2777922077922078,-0.2944111820383007,0.0824125027514858,-0.10906449482720669,-0.2237772397094431,0.07820162887959498,-0.02776139115122166,-0.2974246092890161,-0.04577591899625798,-0.07766894122826326,0.11594100814439798,-0.002346467092229804,,-0.03933524103015629,0.03440017609509135,-0.3207197886858904,-0.1046335020911292,-0.2942637023992956,-0.01794408980849659,-0.06047545674664319,-0.05099933964340744,-0.20621835791327317,0.035533788245652655,-0.1415034118423949,-0.014897644728153202,-0.1834096412062514,-0.21350429231785165,-0.009143737618313889,0.013359013867488443,-0.0612524763372221,-0.1384437596302003,-0.19598283072859343,0.1350297160466652,-0.08705480959718248,-0.45006163328197224,-0.2594188861985472,-0.1138630860664759,-0.132689852520361,-0.2176535329077702,-0.17030816640986132,0.10821703720008805,-0.08930662557781202,0.2559145938806956,-0.21683248954435394,0.3876975566806075,0.5117367378384328,0.11806735637244112,0.20183799251595863,0.24222099933964342,0.10184019370460048,0.11273827867048206,-0.30459828307285935,0.10920102861603492,-0.054025974025974026,,0.07388289676425269,0.17701959057891262,0.46020691173233547,-0.10235747303543914,,-0.04681488003521902,-0.13184899845916795,-0.0686946951353731,-0.10252916574950473,-0.13767114241690512,-0.25426370239929563,-0.08112920977327757,0.297310147479639,-0.09395333480079243,0.15079242791107197,-0.21956856702619415,-0.15709002861545235,-0.13088487783403038,0.2747545674664319,-0.014461809377063614,0.03629980189302223,-0.07455205811138015,0.009082104336341625,-0.1445608628659476,0.4135791327316751,0.2663284173453665,0.1286880915694475,-0.33162447721769756
#53,0.45982390490865066,0.48277349768875194,0.16551837992515958,-0.013684789786484701,0.31819062293638567,-0.20384107418005723,-0.007829627999119524,0.47488223640766014,0.47015628439357254,0.3066784063394233,0.5881245872771297,1.0,0.09597622716266783,0.11814659916354832,-0.26692714065595424,-0.06351529826106098,0.410693374422188,-0.2992868148800352,-0.28080563504292316,0.1832885758309487,0.0784833810257539,-0.03331278890600924,-0.19007484041382347,-0.10290336781862205,-0.1275610829848118,0.08195905789126127,0.00019590578912612812,-0.1307307946290997,0.09224521241470394,-0.21054809597182478,0.005564604886638785,-0.21068236847897864,-0.11765133171912832,0.11816861104996698,0.026033458067356373,-0.421188641866608,0.008390931102795509,-0.010906889720449042,0.21689412282632622,-0.01174554259300022,,0.06090688972044904,0.2647215496368039,-0.18692273827867048,0.04839753466872111,-0.18311468192824126,0.2729055690072639,-0.2514307726172133,0.17873651771956856,-0.21224301122606207,0.16042482940788025,-0.34083425049526744,0.12215056130310367,-0.31578032137354173,-0.1077591899625798,-0.1446004842615012,0.26208892802113143,-0.0749372661237068,-0.11558441558441558,-0.23982390490865066,0.13789346246973366,-0.06340523882896765,-0.26236407660136474,-0.14554699537750385,-0.07098613251155624,-0.0018225841954655514,0.17327096632181377,0.07528945630640546,-0.04701078582434515,0.03805194805194805,0.4609487123046445,-0.14383887299141537,0.16554479418886198,0.2794915254237288,0.062476337222099936,0.0437046004842615,0.2501276689412283,0.21409200968523,-0.0137706361435175,-0.20082544574069996,0.21162789545892235,0.1706999779881136,,0.20522562183579132,0.3962689852520361,0.38842835130970726,-0.01670261941448382,,0.14618754127228703,0.24278670482060313,0.077574290116663,0.12767114241690514,-0.08740479859123927,-0.32786704820603124,-0.13298261060972924,0.08290556900726392,-0.04655073739819503,0.12387189082104336,-0.165214615892582,-0.28983050847457625,-0.37627338762931983,0.19214615892581993,-0.0070041822584195465,-0.05248954435395113,-0.15332599603786046,-0.11073519700638344,-0.2066651992075721,0.3395201408760731,0.12061633281972264,0.16160466651992075,-0.3551617873651772
#54,0.24819502531366938,0.11353070658155404,0.1021747743781642,0.14954875632841735,0.14435395113361216,0.0072969403477878055,0.1447787805414924,0.06827867048206031,-0.20312128549416686,0.05560642747083425,0.004664318732115342,0.09597622716266783,1.0,0.2650341184239489,-0.015786924939467314,0.01826766453885098,-0.02079242791107198,-0.029093110279550957,-0.050378604446401055,0.01630640545894783,0.03441338322694255,-0.3535527184679727,0.023006823684789787,-0.04098613251155624,0.1085031917235307,-0.05295399515738499,-0.02136253576931543,-0.053772837332159366,-0.026513317191283293,0.14035879374862426,0.11495267444419986,0.32724191063174113,0.09724631300902488,0.06979308826766453,0.19742020691173234,0.11900506273387629,-0.1435461149020471,0.2014175654853621,-0.14971164428791547,0.039634602685450146,,-0.04726612370680167,0.22157384987893464,0.057737178076161126,-0.20625357693154303,0.19344265903587937,-0.0735791327316751,0.018685890380805634,-0.16358133392031698,0.1331829187761391,-0.07828087167070218,0.017017389390270747,0.23570107858243453,-0.05702179176755448,0.13898745322474135,-0.0872375082544574,-0.1749108518600044,-0.14823024433193924,-0.1404094210873872,-0.06856042262821924,-0.22049966982170371,0.16830068236847898,0.2900220118864187,0.11060092449922958,-0.1404490424829408,0.03038961038961039,0.4653246753246753,0.3602509355051728,-0.24456746643187321,0.09467092229804094,0.06403697996918335,0.08967422408100374,-0.14188861985472154,0.044615892581994276,-0.20564164648910413,-0.2750913493286375,-0.24138454765573408,-0.12048426150121065,0.04027734976887519,0.17626458287475236,0.14090036369161482,0.1279308826766454,,0.25055249834910853,0.10083425049526744,-0.026042262821923838,-0.19450143077261722,,-0.02286814880035219,0.05831829187761391,0.14423728813559322,0.12220999339643407,0.015082544574069998,0.0175874972485142,-0.23806955756108297,0.09424389170151883,0.13147479639005064,0.043026634382566584,-0.10379484921857803,-0.018173013427250716,-0.05997578692493947,0.1284503631961259,0.05635042923178516,-0.14266563944530047,0.018016729033678187,0.07646268985252036,-0.09704820603125688,-0.06567906669601585,0.18582434514637905,-0.2742328857583095,0.07590799031476998
#58,-0.25362315650451245,0.014631300902487343,-0.3389456306405459,0.10467312348668281,-0.3079484921857803,-0.3315100154083205,0.05154083204930662,-0.1882390490865067,-0.01770856262381686,-0.10514417785604226,-0.0025445740699977988,0.11814659916354832,0.2650341184239489,1.0,0.06036099493726613,0.4248778340303764,0.04990534888839974,-0.30525643847677747,-0.06900286154523443,0.12900726392251816,-0.0488994056790667,0.17962579793088268,-0.23316751045564604,-0.15221219458507593,-0.1318203830068237,0.01698217037200088,0.13788025533788245,0.05656174334140436,-0.2049702839533348,-0.11987893462469734,-0.30637023992956197,-0.20647149460708783,0.030770416024653312,-0.18901386748844376,-0.04086946951353731,0.05043803653973145,0.1286418666079683,-0.08580893682588597,0.15852960598723312,-0.25312568787145057,,-0.15670482060312568,0.30524323134492626,0.07079022672243011,0.21751045564604887,-0.11317631521021351,0.14659035879374863,0.13153863086066475,0.07414483821263482,-0.010360994937266124,-0.18787805414924058,-0.1789522342064715,-0.25569007263922516,-0.07577812018489985,-0.1897886858903808,0.052205591019150344,-0.1412458727712965,-0.017886858903808055,0.2752674444199868,-0.3647017389390271,0.1547061413163108,0.02321153422848338,0.1816156724631301,0.12573849878934626,-0.23340744001760952,-0.10589478318291877,0.43550077041602464,0.16193264362755888,0.26610169491525426,0.3918688091569448,-0.050957517059211976,0.2988575830948712,0.009161347127448823,-0.09632181377944089,-0.07387409200968523,-0.07949372661237068,-0.01528285274047986,0.13845696676205152,0.13359674224081003,-0.21997798811358132,0.2746622686893816,0.1561303103675985,,0.4307307946290997,-0.12203169711644288,0.043766233766233766,-0.40384767774598285,,-0.0040413823464670925,0.45314990094651114,-0.19176315210213515,0.2136583755227823,-0.3306075280651552,0.3340347787805415,-0.29202509355051726,-0.19281972265023112,-0.16575830948712306,-0.20932423508694695,-0.17316090688972044,-0.2826656394453005,-0.17113801452784502,-0.0058199427690953116,-0.22589038080563503,-0.16186880915694474,-0.2454523442659036,0.07786924939467313,-0.2465595421527625,0.00649570768214836,-0.008791547435615232,0.1717807616112701,-0.11011446180937706
#101,-0.1114043583535109,-0.24046445080343384,-0.10103896103896104,-0.34796169931763155,-0.17491745542593,-0.0376337222099934,-0.18451243671582654,-0.18499229583975346,-0.1453378824565265,0.26216596962359673,-0.07041162227602905,-0.26692714065595424,-0.015786924939467314,0.06036099493726613,1.0,0.08092009685230024,0.12837112040501872,-0.21062953995157385,0.6911138014527844,-0.2962931983270966,0.009385868368919217,0.17256218357913272,0.15478318291877613,0.18217257318952235,0.21788685890380804,0.003812458727712965,0.22123486682808716,0.5060268545014308,-0.0859388069557561,0.014228483381025754,-0.35565925599823905,-0.11453004622496148,0.1555976227162668,-0.2153070658155404,0.35699757869249393,0.06937706361435175,0.37243671582654636,-0.25236187541272287,-0.22446180937706361,-0.20591459388069558,,-0.06816640986132512,0.25107197886858906,-0.09033458067356373,-0.23102795509575172,-0.1668633061853401,-0.053825665859564165,0.4998084965881576,-0.2656680607528065,-0.00539951573849879,0.142920977327757,-0.007312348668280871,-0.17126128109178956,-0.07182258419546556,0.13029055690072638,-0.17889500330178296,-0.22034778780541492,-0.14700418225841955,-0.2793770636143518,-0.04584855822143958,-0.21095311468192823,0.06584415584415584,-0.11763592339863527,-0.12025533788245653,0.018809156944750164,-0.11936385648250054,-0.381963460268545,-0.229405679066696,0.03823684789786485,-0.36574069997798814,-0.4614417785604226,-0.18844816200748404,-0.277640325775919,-0.033513097072419104,-0.047792207792207796,-0.21473695795729694,0.025661457186880916,0.1646070878274268,0.44282632621615675,-0.1232687651331719,0.0555393217803968,-0.2799801893022232,,-0.12451683909311027,-0.036740039621395555,-0.12221659696235967,-0.18673123486682808,,-0.2046797270526084,-0.39400396213955535,-0.24849658815760511,-0.5391019150341184,-0.12350429231785164,-0.10714065595421528,-0.1600924499229584,-0.13767994717147258,0.017743781642086728,-0.09880475456746643,-0.13035439137134053,0.0014571868809156944,-0.09031697116442879,-0.1140215716486903,-0.22973145498569228,-0.13792648029936166,-0.13953334800792427,0.0037530266343825665,-0.13983711204050187,-0.2937178076161127,0.08676865507373982,-0.17248073959938368,0.24670041822584196
#102,-0.2870592119744662,-0.024369359454105215,-0.3411160026414264,0.005047325555800132,-0.4035197006383447,-0.4025753907109839,0.0020206911732335462,-0.18788685890380805,-0.010052828527404798,-0.10541052168170813,0.024008364516839093,-0.06351529826106098,0.01826766453885098,0.4248778340303764,0.08092009685230024,1.0,-0.06055469953775038,-0.2024719348448162,0.11970063834470614,0.11596302003081664,0.21332599603786045,0.3474620294959278,0.025111160026414264,0.08163328197226502,0.19610829848117983,-0.015458947831829188,0.3888465771516619,0.1875874972485142,-0.05105216817081224,-0.09058331499009466,-0.16748404138234646,-0.373218137794409,-0.19015408320493066,-0.2619590578912613,0.04048426150121066,0.034424389170151885,-0.09089808496588157,-0.29601584855822144,-0.03822804314329738,-0.09978648470173894,,-0.05951573849878935,-0.00611930442438917,-0.13209333039841514,0.0811996478098173,-0.23074400176095092,0.08337662337662338,0.06467972705260841,0.0030750605326876515,-0.056445080343385426,-0.023352410301562845,-0.18651551837992517,-0.07198987453224741,-0.12018049746863306,-0.24654193264362756,0.022982610609729254,-0.16618534008364516,-0.24489544353951134,0.40265903587937485,-0.3364428791547436,0.29085846357032796,-0.2519040281752146,0.12209553158705701,0.1957142857142857,-0.06927140655954216,-0.16679286814880034,0.022698657274928462,0.0999471714725952,0.3968082764692934,0.5971516618974246,-0.127772397094431,0.3594254897644728,0.052344265903587935,-0.014014968082764694,-0.13701738939027075,-0.10723750825445741,-0.12534448602245213,-0.18021571648690293,0.14544133832269426,-0.33575170592119746,0.03613363203480188,-0.04667840633942329,,0.17260840854061194,-0.23755668060752808,0.002469733656174334,-0.3384173453664979,,-0.05491965661457187,0.23482060312568787,-0.2948756328417345,0.014589478318291878,-0.27549636803874095,0.3571318511996478,-0.27170592119744663,0.011818181818181818,-0.3103411842394893,-0.09862645828747524,-0.2908716707021792,-0.1754325335681268,-0.1572969403477878,-0.03260620735197006,-0.30346467092229806,-0.0672837332159366,-0.32178076161127006,0.02610609729253797,-0.17867708562623816,0.1349702839533348,-0.017589698437156066,0.08425269645608628,-0.0312260620735197
#201,0.2927338762931983,0.13091129209773278,-0.01730574510235527,-0.3917609509134933,0.19062513757429012,-0.09115562403697997,-0.19818622055910193,0.23464450803433853,0.3368897204490425,0.40736077481840194,0.3851287695355492,0.410693374422188,-0.02079242791107198,0.04990534888839974,0.12837112040501872,-0.06055469953775038,1.0,-0.3462909971384548,-0.03,0.21818622055910192,-0.14138014527845036,0.0864736957957297,-0.002678846577151662,-0.03740479859123927,0.11366718027734977,0.12758529605987234,0.03184239489324235,0.28880475456746646,0.0030618534008364515,-0.23628439357252917,-0.19177635923398637,-0.1600264142637024,-0.04434734756768655,-0.1098943429451904,-0.039537750385208015,-0.4095003301782963,0.22,-0.1627823024433194,0.0735923398635263,-0.278135593220339,,-0.0027867048206031255,0.28981950253136696,-0.27523662777900065,-0.2064538850979529,-0.23874972485141976,0.11861325115562403,0.2237706361435175,0.06085626238168611,-0.16937046004842615,0.05813779440898085,-0.1803764032577592,-0.07019590578912613,-0.2066718027734977,-0.2480541492405899,-0.14023552718467971,0.22300462249614791,0.11980409421087387,-0.2765133171912833,-0.07770416024653312,-0.014345146379044684,0.13913493286374642,-0.1378120184899846,-0.26846797270526085,-0.061208452564384765,0.02967422408100374,-0.06383226942548977,-0.2012987012987013,-0.08348448162007484,-0.2940127668941228,0.055531587057010785,-0.36144177856042264,0.040515078142196785,0.3856306405458948,0.10666960158485582,-0.08232445520581114,0.4632951793968743,0.2670063834470614,0.34843275368699095,-0.42600264142637023,0.17832939595501046,0.19138895003301784,,0.05679286814880035,0.5079969183359014,0.04841074180057231,-0.17865727492846137,,0.10427250715386309,-0.037279330838652876,0.08440457847237508,-0.28291657495047323,-0.19128329297820823,-0.46005723090468853,-0.14404578472375082,0.3267070217917675,-0.06899625797930882,0.24263482280431434,-0.012456526524323134,-0.2283248954435395,-0.23666740039621395,0.3191635483160907,-0.1338630860664759,0.11599383667180277,-0.050471054369359454,0.05962579793088268,-0.21094871230464451,0.1494783182918776,0.09421527624917456,0.05162667840633942,-0.012529165749504733
#202,-0.1282654633502091,0.09924279110719789,0.35338983050847456,0.0025115562403698,0.18533127889060091,0.20787365177195685,0.15685450143077262,-0.22688531807175874,-0.1803433854281312,-0.4231653092670042,-0.2983645168390931,-0.2992868148800352,-0.029093110279550957,-0.30525643847677747,-0.21062953995157385,-0.2024719348448162,-0.3462909971384548,1.0,-0.12070438036539731,-0.08552498349108519,-0.12149900946511116,-0.15674224081003743,-0.30047985912392694,-0.1235461149020471,-0.300429231785164,0.0008276469293418446,-0.29320052828527404,-0.20023992956196346,-0.29005723090468855,0.0785163988553819,0.0889060092449923,0.11317411402157165,-0.10390050627338764,0.2453532907770196,-0.0937706361435175,0.04341184239489324,-0.2767884657715166,0.13656174334140436,-0.2017477437816421,0.28125687871450583,,-0.1892868148800352,-0.013123486682808716,-0.15021351529826107,0.16024653312788906,0.05475016508914814,-0.15607307946290996,-0.15345146379044683,0.1468170812238609,-0.0035637244111820384,0.09840193704600485,0.2861633281972265,0.15250935505172794,0.4095245432533568,0.12234866828087167,0.23457847237508256,0.05016729033678186,0.29620515078142196,-0.0013493286374642306,0.44419766674003963,0.1582280431432974,0.18625357693154304,-0.08054589478318291,-0.07280651551837992,0.25816420867268325,-0.1516222760290557,-0.007160466651992076,0.06435615232225401,-0.07833810257539071,0.0249438696896324,-0.01238168611049967,0.25921197446621175,-0.2022804314329738,-0.20609509134932863,-0.29911071978868586,-0.058197226502311246,-0.23761831388950033,0.014114021571648691,-0.21363416244772176,0.2620096852300242,-0.29928147660222265,-0.03861104996698217,,-0.23701959057891261,-0.05421087387189082,0.08824565265243231,0.2969293418445961,,-0.11354611490204711,-0.03330838652872551,0.19192163768434956,0.11241030156284394,0.3242460928901607,0.23090028615452343,0.2884063394232886,-0.2844111820383007,0.18616552938586836,-0.20530266343825665,0.49042482940788024,0.03714946070878274,0.34926040061633284,-0.19779440898084966,0.3044177856042263,-0.17385428131190844,0.345313669381466,-0.059011666299801896,0.5666123706801673,0.03689852520360995,-0.19341184239489323,-0.08811578252256218,0.1711600264142637
