,#10,#11,#12,#13,#17,#18,#26,#49,#50,#51,#52,#53,#54,#58,#101,#102,#201,#202,#301,#302,#401,#402,#501,#502,#601,#602,#701,#702,#801,#802,#901,#902,#1001,#1002,#1101,#1102,#1201,#1202,#1301,#1302,#1401,#1402,#1501,#1502,#1601,#1602,#1701,#1702,#1801,#1802,#1901,#1902,#2001,#2002,#2101,#2102,#2201,#2202,#2301,#2302,#2401,#2402,#2501,#2502,#2601,#2602,#2701,#2702,#2801,#2802,#2901,#2902,#3001,#3002,#3101,#3102,#3201,#3202,#3301,#3302,#3401,#3402,#3455,#3501,#3502,#3601,#3602,#3701,#3702,#3801,#3802,#3901,#3902,#4001,#4002,#4101,#4102,#4201,#4202,#4301,#4302,#4401,#4402,#4501,#4502,#4601,#4602,#4701,#4702,#4801,#4802
#10,1.0,0.37361362350484906,0.25985863302759604,0.3031787646726008,0.27519702922168476,-0.05474742806142371,0.12067830646510849,0.5322458542182981,0.2644008638207333,0.4296280948927794,0.3720373897313709,0.11490728271003833,0.03470742455514029,0.1574640008287579,0.0629521312625011,-0.015013268095211533,0.03918909227103571,0.10100008765708549,-0.005111204966172334,-0.2159822773310808,0.15479603789973623,-0.19282805664241487,0.0259162157639315,-0.1380471595119891,-0.015061081050928767,-0.11935229382655053,-0.1118249408314673,-0.20358756544398313,-0.20006693813800414,-0.3150634716987146,0.009576935030162007,-0.18205420395413144,0.21371275569970277,0.06522643418945087,-0.3819792969901744,-0.2494864091673374,-0.09289260413263314,-0.14734837316418173,0.06167233781446979,-0.07501852752034043,0.13750527934719378,-0.05995585270422109,0.14574908786790752,-0.11547306935269226,-0.19909633513694427,-0.23940903186733498,-0.051520053550510404,-0.05940600371347289,-0.1309660607702667,-0.23351688195778117,-0.13642151901760313,-0.1540979687462646,-0.014735952952051575,-0.041817211070293014,0.04381898014965455,-0.03140992437584171,-0.12143056363505965,-0.3196312027349011,-0.16712699917921092,-0.14999083585015419,0.27875750065742816,0.18881654965773892,-0.14987449099124225,-0.13898110591366575,0.025439679971949732,0.040830670417327415,-0.009538684665588219,0.1392520459960634,0.11512722230633761,-0.009994501510092518,0.16882914040274447,0.28506881081210306,0.0951430005817243,0.29324642000494067,0.014455450278510466,0.07532931173250244,0.06707679557570784,-0.04470989489118568,-0.17411247200949884,-0.2386774936448613,-0.10458446557068747,-0.2995322299165664,-0.04465730063989672,0.05816605439520595,-0.0035174397755978614,0.3001012040896015,0.09756392990620692,0.027696451481803185,-0.0482050219541155,-0.16889767230593916,-0.09109643076285572,-0.2902182661428492,-0.32777374909354606,0.09685151686602013,-0.1282263784076692,0.27935675636908414,0.10438683868705624,0.3158571667636207,0.17491732343073896,0.16081409525934545,0.14374487006829284,0.11900963431057703,-0.04330578775828957,0.0797838854401581,0.10795846647913362,0.12301476623449067,0.17009299619887003,0.2860888205340707,0.09601160261058739,0.354748224944019,0.210090127421527
#11,0.37361362350484906,1.0,0.1837165010479006,0.3085210655914064,-0.04668138243192631,-0.04435607901887815,0.2240419478998159,0.21438373084493462,0.3564360222808374,0.5164102032847501,0.31641817211070294,-0.048874403334156775,-0.07732151822072054,0.30531281626278,0.11126234171919451,0.1476177194813888,0.37162619831220267,0.027254978524014057,0.019467841802867182,0.025069926447736455,0.06856855979408553,-0.1373347464718023,-0.21010447130824217,-0.212562057232108,-0.015572679677103173,-0.1109563388026042,-0.04773326745770546,-0.16686402792276614,-0.16914311214528763,-0.24558327821562048,-0.17282470973551467,-0.00575827363354557,0.07060061041206799,0.21638709368948672,-0.15390990445377684,-0.08254906804580481,-0.0019109244634987928,-0.04345560168620357,0.0800771382352238,-0.09258819498123341,-0.06494911904629092,0.05659460191729952,0.08765871417364536,-0.09944138530070365,-0.33363721122966955,-0.14447003323000424,0.03558558917514683,-0.06580178342324826,-0.0961789479555977,-0.14100359394050474,-0.18453729012104647,-0.20814095259345441,-0.1381093163544215,-0.0679963980906693,-0.03904724716907458,-0.053751324817314663,-0.04675469563069273,-0.06226362470017292,0.07625847683860737,-0.14271211022480057,0.03009188056323662,0.14056690227828733,0.0031174047127636687,0.036994477603614656,0.13460940799591997,0.04505255440715919,-0.013996445903625018,0.13848863246977822,0.27965957175529327,0.2139836957821004,0.1711369123986963,0.21883989831778083,0.08551825259584506,0.0022918343440460915,0.015171050849078405,0.13058196335933828,0.20760385372423082,0.36642096119978645,-0.03557602658400338,-0.1609288463530668,-0.1630708667691989,-0.06927937906908176,-0.023743913809178493,0.005868243431695209,0.08543697057112576,0.11177234658017834,0.1831299954577692,0.045827124289778386,0.2568735108256501,-0.06698435719465451,-0.0838113300767398,0.023350253807106598,-0.03242674656742822,0.18912574010471037,0.04871343304990876,0.26238475085465657,-0.029599407119349105,0.22674816119341137,0.052191028695742256,0.169257863239009,-0.0010917291555435137,-0.21163129836081251,0.030985982835148897,-0.09293722955796922,-0.022258524651563086,0.02445154555379356,0.0788977519941987,0.06439927005554272,0.05147702189036489,-0.05257831363705185,0.16768003570034026
#12,0.25985863302759604,0.1837165010479006,1.0,0.5365745204758983,0.01891480528173784,0.26307485118217533,0.2569213237813673,0.05377841882555443,-0.07023245065304529,0.39291571372789647,0.06170580688347186,-0.3851142331200344,-0.025240459323127924,-0.13135015818119516,-0.46735092318848664,0.15480878802126083,0.37067312672823916,0.6747810565069449,-0.45743770370311343,-0.2374040752575923,-0.3178796547904597,-0.24084820183442374,0.041004390823100034,0.27375626548940546,-0.006067464080517017,0.2940464901306091,0.2142275418562583,0.3859063344197499,-0.2715297755181729,-0.15190335407884356,0.4187809290057296,0.22923602865589812,0.6108136968180478,0.1648240084788308,-0.3045318713193985,-0.4219812095084031,-0.2983337184932544,-0.16683693391452636,0.024236387253066007,0.3570400592880651,0.020041597271473994,-0.013261720150770187,-0.15593882967386016,-0.12878419622437026,0.03837467825865215,-0.33585254484456806,0.24504139805082517,0.3495892070221294,0.3196662655690937,0.42013562941771787,0.3489772011889488,0.416607033285786,0.3961845261337647,0.4830319788985489,-0.25081082804070476,0.4415845213524691,-0.3070691455027931,-0.4058363681278837,0.24758982859055376,0.3501757126122608,-0.3322633856353943,-0.30519328387348693,-0.35205476177194817,-0.04574584226505909,0.3994581198352047,0.34840185195515144,-0.3528612069583788,-0.09681167273625577,-0.18386312744543346,-0.06885065623281722,0.3426228593741284,0.34074859151001285,-0.30687948744511473,0.12890372861366334,-0.4706292981854983,-0.02174692602538868,-0.21180342500139454,0.2707854871741746,-0.11823506442795782,0.04302528508474846,-0.2762760082557037,-0.28403286343822964,0.07633019627218322,-0.41239630565228824,-0.29809943501023994,-0.22880252452406186,-0.14129206543999873,0.14674114862657284,0.018691678155057415,-0.30017611105355846,-0.09586178868267338,-0.050300823179720934,-0.10178581389603869,0.2762250077696053,0.1327335463666138,0.3704707185490362,0.37264939556455146,0.6595574114065774,0.538036003155655,0.42083688610157066,0.6790348158005881,0.49712883200918007,0.5512403477595645,0.39454613551785417,0.5554287626803943,0.5489724198933771,0.519417638199364,-0.35955183322841044,-0.2625409398433329,-0.08198965646391317,0.14760337559467362
#13,0.3031787646726008,0.3085210655914064,0.5365745204758983,1.0,0.13316226920287835,0.14865207309007164,0.37330124552749644,0.19650168540668903,0.16653252476312666,0.6871996748719011,0.1167130186709592,-0.16660105666632136,0.09227900453426197,-7.968825952872364e-05,-0.12191984954856601,0.18111069496131135,0.44733801369044296,0.19272924320059925,-0.21045828718054968,-0.1617974483819299,-0.02373913251360677,-0.08005323175736519,0.03921140498370375,-0.018760210058252118,0.10397564726788802,0.02537114806875503,0.17309405605272174,0.07591422355744327,-0.08934169528803321,-0.18524492186566152,0.05297994246507662,0.03494489556853589,0.24631800396847534,0.13015005299269258,-0.29338507757652066,-0.2694196304058523,-0.1577763788061105,-0.2282208002295022,-0.020032034680330546,0.06339679175067138,-0.06061567149311892,0.12253026161655603,-0.03198767700263903,-0.1441273737140307,-0.03761604602793871,-0.17747850409199212,0.06394982827180072,0.11051805337519623,-0.008764114782969025,0.04071113802803433,0.12522213102343632,0.13351289754480472,0.11754177657005793,0.13833563101148308,-0.0204782889336914,0.08363123461020489,-0.17459697662743348,-0.21069257066356414,0.11326889209412777,0.1186430683167449,-0.10111483875080685,-0.20860792579429271,-0.11768043414163791,0.09433814916048419,0.1583501342747173,0.19338268692873478,-0.27268844281172055,-0.1365426451720868,0.08816549657738926,0.09307907465993036,0.17670074667899177,0.234712205850712,-0.1211213731880882,-0.07856943636494035,-0.24799145741857853,-0.010966698276342947,0.08994413853007037,0.2886962203858506,-0.03459745475699065,-0.11499175226513877,-0.1252285060841986,-0.1580521001840799,-0.03402688681876499,-0.14892779446804102,-0.10494625026894788,-0.1719226386376495,-0.09445768154977727,0.16061328084533305,0.10715839635346525,-0.03627887703304672,-0.1692323629959598,-0.08079114504060117,-0.10833300129891862,0.27454358549354924,0.07538668727936314,0.25485739785957334,0.038506960769469835,0.36473316386296806,0.21895783694188337,-0.004268103180358438,0.17283905362222984,0.09007163974531632,0.18814557451250707,0.049166062364031905,0.19588171074755556,0.08669126377610786,0.09657420172286017,-0.12206010088533656,-0.07108511503000263,0.028630397883479826,0.2142275418562583
#17,0.27519702922168476,-0.04668138243192631,0.01891480528173784,0.13316226920287835,1.0,0.005621209827156165,0.058350931157312595,0.29390305126345734,0.04404529480671612,0.16122688044370423,0.12897226051685806,0.5093864800898884,0.16137350684123708,0.2454701208870897,0.008042139151638789,-0.16919251886619543,-0.12105921634565579,-0.20185195515144755,-0.08593263154539442,-0.29718142626046906,0.02765501358684825,-0.10459084063144977,0.06534437281355338,-0.12198838145176072,0.03709647857581143,-0.07232506434826957,-0.096335136944274,-0.09722286415542399,-0.009757030496696921,0.06163568121508658,-0.06409486090414299,-0.04393373124337591,-0.07478583780251656,-0.039437719640765326,0.015049924694594746,0.017123413207532134,0.07397939261608587,-0.16130497493804238,0.14972148953294712,-0.1566766808246141,-0.09108049311094997,-0.024360700937930815,0.4047758786730149,0.0756321271187116,0.09287985401110854,-0.05683207293069512,0.04523583740407526,0.006958378822048148,-0.031017858138960387,-0.21642375028886995,0.005828399301930846,-0.1481229430468009,-0.0724350341464192,-0.15971280351265849,0.009411183450342262,-0.19410306879487446,-0.05621050450637108,-0.16771191100415175,-0.13018989712245696,-0.16969296113603582,0.16775494266429727,-0.00238746025548056,0.13146809680529767,0.10652407780761661,-0.2124441186080055,-0.18288933691399245,0.2047637641546271,0.30697192582616806,-0.045626309875766005,0.07988907394273602,-0.040625074707743306,0.04907043645259744,-0.0025563993656814543,0.016348843324912942,-0.04704316713018671,-0.021453673230322975,-0.04046410442349529,-0.08546406457936552,-0.03894046490130609,-0.07402401804142196,0.14085378001259075,0.10133796587748727,0.09444493142825268,0.25308353720246396,0.2670034823769414,0.22945437448700684,-0.08286622731872913,0.019510873463012696,0.01907418180079529,0.29007801480607864,0.24409470152762394,-0.21331750193244028,-0.11274294958123819,-0.11927419933221238,-0.23040903983616093,0.03954609567372439,-0.21162173576966906,-0.05033907354429472,0.004180446094876842,-0.050270541641100015,-0.04174549163671716,-0.18610077377300002,-0.03919387356660743,-0.12985998772800803,-0.11660304887280958,-0.1267712707886747,-0.026156874307708244,0.14792531616316967,-0.10297954402377897,0.18614380543314554,0.10028129955613639
#18,-0.05474742806142371,-0.04435607901887815,0.26307485118217533,0.14865207309007164,0.005621209827156165,1.0,0.10730980404656981,-0.1446899728263035,-0.03655300464582553,-0.09819187339129326,-0.11714174150722374,0.04833411693455203,0.38623783757938945,-0.03684466367570066,-0.43664863055726,-0.15697471491525153,0.17295539848114178,0.2850082477348612,-0.4817713106328045,-0.37238164301253496,-0.5500721178748735,-0.21575277514363808,-0.14678896158229007,0.2872793631314298,-0.18645140211492642,0.2570711377092813,0.06473396074556335,0.36057981177633097,0.31555435137741156,0.5270469921666441,0.47991138665540406,0.4057742112854513,0.2954075656033597,0.05696754297189395,0.32601104479277065,0.1349695989289898,0.052941692100502834,0.06003554096374981,-0.07454199172835867,0.16694371618229487,-0.06698276342946394,-0.04140283212074365,0.04482227319616944,-0.0810828040704763,0.13071424587015595,0.022333431615520087,0.29567053685980443,0.42561658790810347,0.28255225557618596,0.32662464439114186,0.17069543944090718,0.16653252476312666,0.09155543513774116,0.20010996979814963,-0.33303158045725123,0.14846560256277444,-0.4176860123198049,-0.22308250125509008,-0.05875893504609966,0.03441735929045574,-0.2611352389452462,-0.37228442333590994,0.08130593119715672,0.22964403254468518,0.005278550311182653,-0.17219517248523775,0.05856927698842129,0.34061630899919515,-0.14395524707344867,-0.10487771836575317,0.2577564567412283,0.2303994772450175,-0.14452422124648376,0.022503964490911552,-0.4098144060435576,-0.1919387356660743,-0.21352469140721497,0.08074651961526508,0.15238467116639706,0.3510475021715051,0.38235542557515,0.281439807473165,-0.005088892253504292,0.2060132760640375,0.19306074636023873,-0.35785447330044867,-0.05521440126226203,-0.11358445760186152,-0.029824128011220107,0.11372630270382264,0.21353903529393015,0.08984532508825474,0.11667476830638542,0.13243073098040467,0.062182342675453625,-0.024639609846281347,0.0745340229024058,0.1073735546541928,0.15997258723872212,0.29895369315238784,0.3526492361880324,0.33684546055829595,0.4765373857469579,0.2343504211524516,0.2103706300950681,0.34530675995505583,0.27354907601463074,-0.23398066762823833,-0.27263266103005046,-0.31127987313629085,-0.09937444716269953
#26,0.12067830646510849,0.2240419478998159,0.2569213237813673,0.37330124552749644,0.058350931157312595,0.10730980404656981,1.0,0.377849851381396,0.008738614539919833,0.40221373984970793,0.02995322299165664,0.04764720413741443,-0.04399270055542717,0.3151335973670999,-0.006835658902373913,-0.13103299890827083,0.23253512260038728,0.11070452390249344,-0.1755835172803991,-0.27859493660798956,-0.05307397461132051,-0.2403684785120608,-0.04117173616811035,-0.24343807026910724,-0.1577827538668728,-0.10067336579301771,0.12522691231900804,0.08047557953286742,-0.2686036226282782,-0.13149519081353744,0.12378774235191929,0.044614268979751216,0.266791511606595,0.1851349520675119,-0.16318083656734853,-0.029159527926750552,0.008754552191825579,-0.23737379371897138,0.08417789607057193,-0.17086437855110806,-0.010769071392711712,0.06793264748304632,-0.02306736967677417,-0.2461825339272765,-0.15822900812023363,-0.1376359680928209,0.24892221628987402,0.1823888946441521,0.03013809975376328,-0.013853007036473316,0.01636637474200926,-0.015505741539099045,-0.023001219230370788,-0.128863884483899,-0.07594769262644535,-0.19522029819346715,0.03678410059845883,-0.1756934870785487,-0.037082134689096255,-0.09999123429145185,0.06860681015865933,-0.08211715767915913,0.12904238618524333,0.1877311955629577,0.006363904405963869,0.008768896078540749,0.09563069273004009,0.03218608802365148,0.2267417861326491,0.12287292113252954,0.3522619512467228,0.10180175154794444,0.2137478185338954,0.16787447505359035,-0.062381563324275434,0.07783471061208552,0.27871446899728264,0.3850982954681287,0.0207842918502817,-0.0924144745754608,-0.2307118552223701,-0.21099060475420156,0.005535146506865144,-0.07400967415470679,-0.036852632501653534,0.06305891353026959,-0.031052920973153025,-0.050327917187960695,0.1286120695837882,-0.29009395245798436,-0.24685829036808007,-0.06655563435838997,-0.19435807122536636,0.1389779183832846,-0.04621440923108799,-0.05781383228808899,-0.06026026185562081,0.05286200384097411,0.009860625234084262,0.1019356278239527,0.03332403636972165,0.09263760170214122,0.19366797089784762,0.08125811824143948,0.15205316800675756,0.15642008462893162,0.13310489365601766,0.043538477476113446,0.11825259584505415,0.070836487660273,0.17095203563658967
#49,0.5322458542182981,0.21438373084493462,0.05377841882555443,0.19650168540668903,0.29390305126345734,-0.1446899728263035,0.377849851381396,1.0,0.1883432013961383,0.37769206862752913,0.2372861366334898,0.4302990700380113,0.05104033022814749,0.3479922543011738,0.2040210695758194,-0.29620763572902803,0.01166317366462399,-0.1598801488576688,0.053177569348707855,-0.23643665978691358,0.125129692642383,-0.259461785495143,-0.017085162842958346,-0.41025428523615615,-0.08721561252380687,-0.28629122871327367,-0.03744870068292838,-0.10571763262118591,-0.1480432547872722,-0.21528898947318093,-0.07919897361521727,-0.2109013539035294,0.040540605152642864,0.02023284909434293,-0.16404625106583048,0.03301165839236905,0.04839946130736559,-0.21014112790762537,-0.010418443050785329,-0.32601423232315185,0.1567276813107125,0.15486297603774035,0.2256110996227337,-0.26647116480328953,-0.28993776346930805,-0.20649459315159097,0.15415853182350645,0.054395205954306754,-0.20316362390329032,-0.343983934846879,-0.24861461960809314,-0.31433033971105034,-0.21291587310441554,-0.36717481213492814,0.06178071384742886,-0.35957095841069736,-0.08126449330220178,-0.2806014869829228,-0.3183418466957263,-0.3816525751261067,0.46389882778570235,0.2907346460645953,0.2954107531337408,0.09858553339336515,-0.10155153041302425,-0.08781646200065345,0.37215373459028284,0.12004876921483158,0.3953238929308545,0.12759684115739228,0.15599454932304824,0.09280494704715155,0.33047039979599807,0.24707822996437934,0.18092581819920472,0.12584529321295093,0.2616659627537075,-0.14323805273769016,-0.11549697583055088,-0.2733418865398561,-0.12612738965168263,-0.16809282088469907,-0.07207484321334938,0.23575134075496657,0.18077281674090956,0.46906103323797305,0.01953318617568074,0.058575652049183594,0.16790635035740184,-0.0877256173847907,-0.10350389277147798,-0.4094127772155328,-0.39342890611926146,-0.22442763907593494,-0.36074396959096017,0.03361728916478735,-0.2318912414633952,0.012364430348476759,-0.06856855979408553,0.062435751340754964,-0.16738040784451227,-0.08005960681812749,-0.07846902915793416,0.016058778060228387,0.033768696857891925,-0.0007490696395700022,-0.10120727713186016,0.44514818031859366,0.2034393452812597,0.30661970371905106,0.010171409446246284
#50,0.2644008638207333,0.3564360222808374,-0.07023245065304529,0.16653252476312666,0.04404529480671612,-0.03655300464582553,0.008738614539919833,0.1883432013961383,1.0,0.21411119699734638,0.24009435089928202,0.1924838033612508,0.30295563754592036,0.07967232187681789,0.2602379491429528,-0.059480910677429895,-0.11453274789025333,-0.13951182972212703,0.2654575301420842,0.12839372375267952,0.2178246698913849,-0.056715728071783184,-0.19535417446947542,-0.29648016957661627,0.02790842225214959,-0.25394576417056475,-0.11560535186350995,-0.16510929244794365,0.016933755149853773,-0.011685486377292033,-0.02277809210369036,-0.15409478121588346,-0.22644534580720221,0.04251049892819291,-0.0906597391006383,0.02209596060212449,0.10758393165934863,-0.007841324737626406,-0.23745826327407182,-0.18634940114272963,-0.13917873279729698,-0.023130314210807322,0.06885148054869122,-0.03797783072619911,-0.3027596044274797,-0.09671764059001188,-0.024242762313828305,-0.15658583620875136,-0.170606188590235,-0.3450995704802811,-0.2391890922710357,-0.2975830550884938,-0.27378017196726406,-0.2643562383953972,-0.02653937795344612,-0.22497111300592085,-0.13844081951406098,-0.1024472264501271,-0.27154093187450695,-0.33450900078891377,0.20509048601869487,0.1286455386527903,0.003045685279187817,-0.17831523081704373,0.058322243383882255,0.019247902206567906,0.0954984102192224,0.19934815003705503,0.36713815553554496,0.05644956928495725,0.05596984596259433,0.24948800293252796,0.17620508570472312,0.06330754089999921,0.21773541904071272,0.09023739132513607,0.19963024647578673,-0.053630198662831,-0.19602036831913555,-0.15884420148379538,0.0751141534317749,-0.03276143725744886,0.025438086206759157,0.3086039413813163,0.01706444389548088,0.13651076986827532,0.0163201555514826,-0.1107077114328746,0.05945381666919013,0.04262843755229542,-0.09756233614101635,-0.19409191243854043,-0.24831658551745572,-0.019432778968674545,-0.15309708420658386,0.1358047318888508,-0.19376040927890095,0.034120918965008885,-0.0629330060802142,-0.09126058857748488,-0.16372909179290615,-0.09961669947166683,-0.24040354134625347,-0.17034481109898078,-0.06636597630071162,-0.1484608212672027,-0.186827530699902,0.21635521838567523,0.0899297946433552,0.1334395843460383,-0.030770824534421343
#51,0.4296280948927794,0.5164102032847501,0.39291571372789647,0.6871996748719011,0.16122688044370423,-0.09819187339129326,0.40221373984970793,0.37769206862752913,0.21411119699734638,1.0,0.16088740845811186,-0.03401891799281212,-0.053840575667986834,0.22171186319119604,-0.03730207428539553,0.027356979496210822,0.49998007793511784,0.14442381403947757,-0.1856146753898748,-0.26063957797097753,0.028850337479779106,-0.25011275888723317,-0.021007418976962126,-0.25807520977934323,0.11123206018057359,-0.08201037541139064,0.20367044123389302,0.02826861318521942,-0.22386663372885274,-0.37949302329287826,0.002438460741578943,-0.01885742973487716,0.22596402871964874,0.26669269816477936,-0.39642518467754145,-0.22703025763214305,-0.02941931165281419,-0.20963112304664153,0.17580345687669835,-0.08164540318274909,0.0388400576942999,0.17537154651005268,0.042649970375881106,-0.256637633577445,-0.17273067758927077,-0.3110376208273235,0.13730924622875312,0.07975679143191834,-0.003101467060857924,-0.054457362796739156,0.020675915817322633,0.045886093601829644,0.11173887751117628,0.02216289874012862,0.032637123572584054,-0.036385659300815214,-0.06496983799376838,-0.29608969710492555,0.06057742112854513,-0.048901497342396544,0.07013841850680139,0.007514602873558638,-0.1138920542836424,-0.05896453075568377,0.21210145909203196,0.2787686570137622,-0.14149925491477341,-0.2078987002844871,0.13774275036058936,0.05574034377515161,0.16698356031205921,0.23732438699806357,-0.061597430850512794,-0.12407940138179442,-0.12616882754663755,0.03950943907434118,0.14996852313748615,0.35577460972674896,0.047336419925252414,-0.22502689478759094,-0.32651148706261107,-0.35740503151670666,-0.16708715504944657,-0.20086063320291023,-0.09588728892572257,0.07724182996119182,-0.11499334603032935,0.0984946887775024,0.06816852473125135,-0.2175744487564647,-0.2832471371992764,-0.14984261568743076,-0.2893496641139861,0.2668903250484106,-0.040484823370972756,0.2873622389213397,0.011250388480265203,0.37312593135653327,0.21266565196949533,0.12386105555068572,0.11589222959781335,0.0019348309413574098,0.13921698316187076,0.005356644805520803,0.2210408880459642,0.03758895201969894,0.10972913960586186,0.05872705974228817,0.004030632166962841,0.1389460430794731,0.2781359322331041
#52,0.3720373897313709,0.31641817211070294,0.06170580688347186,0.1167130186709592,0.12897226051685806,-0.11714174150722374,0.02995322299165664,0.2372861366334898,0.24009435089928202,0.16088740845811186,1.0,0.16394106256325255,0.1127301994597136,0.25554271689152036,0.1358493573141869,0.02666847293388265,-0.06511646439130123,-0.0020145192008861335,0.1922893640080007,0.1347942847580266,0.12940417088350373,0.0012941373347464718,-0.07979982309206385,-0.10972595207548072,0.024403732598076325,-0.08894644152077075,-0.12263545011913395,-0.1519256667915116,-0.0020304568527918783,-0.09509518762600706,-0.10457490297954403,-0.1810134752846863,-0.09690411111730908,0.01090772896429169,-0.15816685127780125,0.0065169058642590184,0.01455266995513551,0.13563419901345936,0.037630389914653874,-0.04485652128871853,-0.14076452916191856,-0.004719138729291013,0.0128393774910072,0.015508929069480194,-0.20845651810118815,0.06770473906079418,-0.044606300153798344,-0.06344619847157919,-0.16621536549020233,-0.2025595868960626,-0.21976906342388575,-0.24751492162659675,-0.18055606467499144,-0.12464837555482951,-0.0739841739116576,-0.051985432986158146,-0.04988485046498099,-0.04857636924351935,-0.12341480129732486,-0.16035509088445998,0.040303134139247264,0.14690849397158318,-0.019396122369291332,-0.07653579198176733,0.02850289666823387,-0.030244882021531767,0.11404824327231869,0.21609224712923045,0.14622317493963613,0.03431217078787782,0.12062571221381954,0.040011475109372134,0.1663603981225446,0.04554980914661843,0.08444086732701671,0.13499509917203897,0.133882651069018,-0.04198136888492218,-0.09258022615528054,-0.055354652599032585,-0.128275785128577,-0.07785383579437241,0.030318195220298192,0.017968108758536605,-0.022218680521798723,0.07348054411143606,0.029420905418004767,-0.1594243320131645,-0.08929706986269713,-0.09382655053430979,0.00406569500115548,-0.19361537664655867,-0.14554423096845143,-0.1486600419160245,-0.11487859493660799,0.09124624469076971,0.06489652479500195,0.0320410553913092,-0.041592490178422016,-0.037348293475922195,-0.08358501541967822,0.036414347074245554,-0.26781949015451556,-0.009363370494625026,-0.11979217301914909,-0.05763054929117293,-0.05961478695343815,0.0409502028066205,0.04710373020742854,-0.008668488871534557,-0.08293635298711441
#53,0.11490728271003833,-0.048874403334156775,-0.3851142331200344,-0.16660105666632136,0.5093864800898884,0.04833411693455203,0.04764720413741443,0.4302990700380113,0.1924838033612508,-0.03401891799281212,0.16394106256325255,1.0,0.5024599765716516,0.4664855086900047,0.3468351807728167,-0.4024958362884396,-0.23703750926376016,-0.5262724222840249,0.11438293396233933,-0.18718453410259067,0.09803887193299811,-0.1090215078612468,-0.21114041868211555,-0.4669907322554168,-0.19962227764983384,-0.3724230809074899,-0.3418355393699846,-0.27855190494784404,0.1335766481524277,0.24314481747404154,-0.12861047581859764,-0.12282032688124059,-0.4208321048059989,-0.11694092709321136,0.2277331080811864,0.37381443791886143,0.23855636749037765,-0.08141271346492521,-0.10112918263752202,-0.5271697120863184,-0.14518722756576274,-0.00864458239367594,0.3044379604738348,0.00021197077034640488,-0.22899537011212137,-0.005315206910565866,0.038710962713863366,-0.05931675286280072,-0.28570472312314227,-0.4881320275083872,-0.3721489532947111,-0.5266660822860968,-0.5160946377770164,-0.6046235128178565,-0.15890317079584665,-0.6045342619671844,-0.06357848098239686,-0.018307580744128967,-0.4220290224641204,-0.546219987409255,0.6083417670074668,0.4196925626947382,0.6156938058315868,0.16174963542621265,-0.38248930185115826,-0.34456884667181986,0.6736478894564464,0.4328841571771231,0.3016136872554567,0.1770864378551108,-0.06926344141717601,-0.12237726015826088,0.3557395468925563,0.028869462662065998,0.35107300241455425,0.1701073400855852,0.3034305795727116,-0.24330260022790842,0.020012909498043654,-0.07194096693734112,0.3473372168078477,0.27936950649060877,0.08855437528388943,0.70681095554192,0.5383898190279626,0.536729115699384,0.21345934703440142,0.019931627473324356,0.12301635999968125,0.33558957358812325,0.16223254627895672,-0.1569332770202966,-0.10318035843779136,-0.2886388448389899,-0.3389603869661883,-0.1948107005394895,-0.4986636278877033,-0.37558351728039907,-0.3391867016232498,-0.1961351194128569,-0.44143470742455515,-0.29105499286790076,-0.28793599438994655,-0.16913673708452534,-0.349216265967535,-0.3837372199953781,-0.3791025508211875,0.6095928726820677,0.21792826462877224,0.2921084716588705,-0.06405820430475978
#54,0.03470742455514029,-0.07732151822072054,-0.025240459323127924,0.09227900453426197,0.16137350684123708,0.38623783757938945,-0.04399270055542717,0.05104033022814749,0.30295563754592036,-0.053840575667986834,0.1127301994597136,0.5024599765716516,1.0,0.0990764130720621,0.040972515519288544,-0.08511184247224857,-0.018285268031460924,-0.12318051781431041,-0.06768083258293556,-0.14185944584784324,-0.06708954569723243,-0.04694116615798994,-0.257836145000757,-0.07962929021667238,-0.1491604841858649,-0.09129883894205866,-0.12012526994397915,-0.08266700666990733,0.2876315852385468,0.3520802620149973,0.2700619177776538,0.030664042266652855,-0.2339583549155703,-0.08665620094191523,0.1290694801934831,0.15552438859182877,0.16119500513989274,0.03506124042744782,-0.14860744766473555,-0.07519065416092247,-0.2218632708843006,0.041707241272143376,0.11746372887812967,0.016010965104511152,-0.03463570512156444,0.05737554686068102,0.07401126791989736,0.05115030002629713,-0.05844655706874706,-0.1497772713146172,-0.02864952306576672,-0.14340061678712876,-0.16068978157448063,-0.1261592649554941,-0.1502968387667445,-0.11690108296344699,-0.237472607160787,-0.11377092812915873,-0.2176318243033254,-0.16510929244794365,0.10183840814732766,0.03250962235733809,0.16994158850576543,0.13549076014630765,-0.1664910868681717,-0.11119540358119039,0.17873439106216482,0.32778809298026124,0.030009004773326745,0.031441799679653194,-0.00099769700929962,0.08485684004175664,0.043179880308234185,-0.07160468248212991,-0.024135980046059814,-0.042746376176397934,-0.015355927611185044,-0.08114974220848042,0.02455195276079975,0.0630828200081282,0.4328044689175944,0.2268963813561348,0.18340252930535744,0.48769055455059807,0.23456557945317916,0.11380120966777965,0.018530707870809394,-0.05505502474320458,0.19335240539011386,0.13860657109388075,0.10827084445648623,-0.13276223414004415,-0.054223079313724706,0.024744798348859263,0.006865940440994828,0.06296647514921627,-0.15574114065774688,0.000408003888787065,-0.11088940066460008,-0.08520428085330188,-0.18455163400776164,0.10195794053662074,-0.10832343870777518,0.11393667970897847,-0.24894452900254205,-0.16816135278789376,-0.22430332539107015,0.1092398536923555,-0.08755986580497095,0.046577787694538964,-0.002714182119548327
#58,0.1574640008287579,0.30531281626278,-0.13135015818119516,-7.968825952872364e-05,0.2454701208870897,-0.03684466367570066,0.3151335973670999,0.3479922543011738,0.07967232187681789,0.22171186319119604,0.25554271689152036,0.4664855086900047,0.0990764130720621,1.0,0.33799297149550955,-0.10679661165520483,-0.06060610890197547,-0.24919475013746226,0.19579086613169283,-0.11070293013730287,-0.026266844105857882,-0.14894851341551849,-0.25198383922096756,-0.35981958578042694,-0.08387189315398162,-0.16697718525129693,-0.2584513383643188,-0.2656121253655699,0.025291459809226306,0.07721632971814263,-0.2838989871622214,-0.0688331248157209,-0.18676537385746958,0.182344269218816,0.09642438779494616,0.32180987975041636,0.2617711512562854,0.12752830925419759,0.09548087880212608,-0.34296870642048305,-0.13565491796093682,0.15580489126536987,0.21368096553522944,0.13859382097235615,-0.2803257656049534,0.024923300050203604,0.0262907505837165,-0.11147271872435034,-0.3703129357951693,-0.4501781032600467,-0.4388065886252978,-0.5122759763803999,-0.5528659882539505,-0.5085370032433122,-0.19335399915530446,-0.45284447242387776,0.007226131374064659,0.012541338284630525,-0.2575173919626421,-0.4583254309142634,0.35151447537234337,0.2305986978938393,0.4790826287563053,0.31767884037644734,-0.26831196359840304,-0.16957502251193332,0.5548550072117875,0.3062372000733132,0.2884842496155042,0.2625903465642407,0.12857222545402386,-0.018890898803879223,0.2918725944106655,0.005267393954848632,0.2556654368111946,0.18527042210871073,0.41146554678099273,0.14479197379850026,0.09902860011634486,0.12920495023468193,0.0711616157591502,0.10473427949860147,-0.05089529759580521,0.3006430842543968,0.33682155408043735,0.3103028950744687,0.2471371992764306,0.05682888540031397,0.03838105331941445,0.07197921730191491,0.06131374064659054,0.07396026743379898,-0.07657722987672226,0.018207173537122777,-0.12187841165361107,-0.1880993553219804,-0.195666552446828,-0.26063160914502465,-0.30479324881065273,-0.08323916837332355,-0.39073863047757174,-0.29880866052004557,-0.1660496139103826,-0.2667373235901155,-0.2598634143231678,-0.25767836224689017,-0.20517814310417645,0.3259026687598116,0.15190813537441528,0.1838185020200974,0.029114902501414467
#101,0.0629521312625011,0.11126234171919451,-0.46735092318848664,-0.12191984954856601,0.008042139151638789,-0.43664863055726,-0.006835658902373913,0.2040210695758194,0.2602379491429528,-0.03730207428539553,0.1358493573141869,0.3468351807728167,0.040972515519288544,0.33799297149550955,1.0,0.09821896739953302,-0.263334634908239,-0.5366287084923779,0.6952880332140666,0.3460446732382918,0.5817131382033485,0.07265178621233734,0.01766369960713688,-0.4445521121373188,0.13574735634199014,-0.34690371267601144,-0.44393213747818533,-0.7119365043948075,0.11499493979551993,-0.03398066762823833,-0.5029078245902031,-0.2700443863605575,-0.4503486361354382,-0.015770306560734408,0.11021683175417765,0.43327303588362326,0.2881878092900573,0.25471874028799335,-0.09526572050139853,-0.43490186390839036,0.023186095992477427,0.11565475858441776,0.007207009063348381,0.2423176533401334,-0.3943740088772721,-0.024510514865844817,-0.33576010646351473,-0.5003354875726159,-0.617569667460893,-0.8129222481651778,-0.6587939978802922,-0.753774434412578,-0.6472551379005331,-0.670664361019691,0.0820820948449665,-0.4871247679079441,0.21407454039796317,0.19389906685048092,-0.3587692945198384,-0.6623018750647467,0.48360892189753685,0.43248093458390774,0.47261991090852584,0.05211612173178526,-0.4594442540780467,-0.31507303428985806,0.4116759237861486,0.02697447585047295,0.5420602602618556,0.3803265624875487,-0.0824311294217023,-0.14039158810732416,0.6564894134147216,0.10617026193530907,0.6454334642877065,0.17638358740606747,0.4498784754042187,-0.24662241311987504,0.06785614675389874,-0.03606850002789089,0.0932384511789878,0.05414179728900541,0.09941747882284503,0.32965279825323335,0.27468383683031977,0.3981783263871734,0.3014096853110631,0.016434906645203962,0.19999681246961884,0.20826686004350978,-0.05528930822621903,-0.0395955023946322,-0.24626540971718636,-0.14879710572241392,-0.2322466511008933,-0.28116727362557675,-0.1552853238132426,-0.4054889273163385,-0.565171449290376,-0.3519001665484624,-0.600097219676625,-0.47319207261194207,-0.5971455665436811,-0.37660352700236677,-0.45151845978531985,-0.49678776625839716,-0.5134713002733308,0.4512379571117787,0.371430165193762,0.23740248149240173,-0.06426220624915331
#102,-0.015013268095211533,0.1476177194813888,0.15480878802126083,0.18111069496131135,-0.16919251886619543,-0.15697471491525153,-0.13103299890827083,-0.29620763572902803,-0.059480910677429895,0.027356979496210822,0.02666847293388265,-0.4024958362884396,-0.08511184247224857,-0.10679661165520483,0.09821896739953302,1.0,0.10766043238849621,0.28307182302831324,0.16602411366733338,0.5373777781319479,0.12297492210472631,0.5362876427415949,0.13741443473133103,0.5042497748806668,0.26560256277442645,0.346133924088964,-0.1720979528086127,-0.22275737315621288,0.1510953151272223,-0.0321095872945039,0.013484847277450614,0.14597454756990652,0.131646598506642,0.1197284224115261,-0.2282255815250739,-0.10223844321016184,-0.024496170979129647,0.31584282287690557,0.0186613966164365,0.5470009323526365,-0.14775159575739708,0.11997067472049343,-0.01495510162448685,0.4133398146451083,0.16506466702260755,0.26231781271665244,-0.5066707042051495,-0.4524683438389022,-0.34348827387261033,0.015630055223963855,-0.06890006295372503,0.13839938161910606,0.015891432715218066,0.4341145439042466,0.05848002613774912,0.5805863462136124,-0.1592697367896788,0.22409772968148603,0.16285889599885248,0.2854274079799823,-0.33842488186215525,-0.25785527018304394,-0.3517471650901673,-0.07194893576329399,-0.007677166922997235,0.13385874459115937,-0.4397532851484991,-0.17898779972746615,0.017768888109714796,0.2951414068165337,0.03184502227286854,0.058261680306640425,-0.0708683629640845,-0.02451529616141654,-0.10731936663771327,-0.09495334252404593,-0.022304743842089744,0.07980779191801672,-0.1061686681701185,0.29658217054881303,-0.031505550287276175,-0.013566129302169912,0.127077273705265,-0.2869016407812637,-0.3215516897895433,-0.24607256412912687,-0.1601670265919722,0.019421622612340525,0.11492322036194408,-0.08997442006869127,-0.015786244212640153,0.0010534787909697264,-0.03480783176214648,0.31430643323319174,0.2061359959837117,0.19160723250643483,0.42039381937859094,0.11441799679653197,-0.059334284279897044,-0.27593653627011133,-0.05261656400162564,0.051003673628764276,-0.07642263465323654,-0.13257416984755635,-0.006445186430683167,-0.15973511622532652,0.095885695160532,-0.36545673325948885,-0.13483572265298155,-0.11168628325988732,0.09874969120799433
#201,0.03918909227103571,0.37162619831220267,0.37067312672823916,0.44733801369044296,-0.12105921634565579,0.17295539848114178,0.23253512260038728,0.01166317366462399,-0.11453274789025333,0.49998007793511784,-0.06511646439130123,-0.23703750926376016,-0.018285268031460924,-0.06060610890197547,-0.263334634908239,0.10766043238849621,1.0,0.2487915275442469,-0.2807082692506913,-0.15881551371036506,-0.2412609870187825,-0.08830574791415981,0.02473682952290639,0.09066611416140061,-0.042048307022926314,0.1447760361465945,0.31024233199722684,0.1997944042904159,-0.034264357832160586,-0.22657603455282932,0.03521742941612412,0.23371929013698411,0.3022591621576393,0.19521073560232372,-0.11819522029819347,-0.2902469539162795,-0.15586386057742113,-0.18257855270183043,0.00998812644933022,0.15168978954330659,0.033392568272916354,0.07409414370980723,-0.052482708636900084,-0.3133852369530397,0.06624963144179968,-0.14739140482432722,0.11298520189020551,0.1911291029492625,0.16153128959510396,0.26345257353234147,0.2109826359282487,0.24354644630206632,0.26539696706484234,0.26061567149311893,0.00021834583110870274,0.18118560192526836,-0.16272342595765366,-0.157894317430213,0.3848974810541163,0.22918980946537146,-0.2640916733737618,-0.2208209484496649,-0.0817633418068516,0.08905641131892038,0.22067432205213205,0.23378941580536938,-0.2638302958825076,-0.14658336587270598,-0.09170206153527401,-0.06695088812565245,0.12951414068165337,0.04651244332172541,-0.15824016447656766,-0.11649786037023166,-0.31477978149479235,-0.054803209843093816,-0.0783606531249751,0.2634796675405812,0.2887615647586641,-0.07764345878921658,-0.20516379921746128,-0.09666664010391349,0.032466590697192585,-0.1593191435105866,0.011900644678019587,-0.1965208105889759,-0.07238403366032083,0.1747531656161098,0.1276207476352509,-0.12303707894715872,-0.18944608690801584,0.16647514921626597,0.06205165392982652,0.23736423112782792,0.18915124034775957,0.1840177226689192,0.0940751779040394,0.37160229183434407,0.2199603152467547,0.09929635266836137,0.199325837324387,0.09759580521001841,0.2559969399708341,0.14654670927332275,0.14375124512905513,0.06269712883200917,0.11383467873678171,-0.25638103738176254,-0.19738144379188613,-0.2545912390727474,0.097308927475715
