,#10,#11,#12,#13,#17,#18,#26,#49,#50,#51,#52,#53,#54,#58,#101,#102,#201,#202,#301,#302,#401,#402,#501,#502,#601,#602,#701,#702,#801,#802,#901,#902,#1001,#1002,#1101,#1102,#1201,#1202,#1301,#1302,#1401,#1402,#1501,#1502,#1601,#1602,#1701,#1702,#1801,#1802,#1901,#1902,#2001,#2002,#2101,#2102,#2201,#2202,#2301,#2302,#2401,#2402,#2501,#2502,#2601,#2602,#2701,#2702,#2801,#2802,#2901,#2902,#3001,#3002,#3101,#3102,#3201,#3202,#3301,#3302,#3401,#3402,#3455,#3501,#3502,#3601,#3602,#3701,#3702,#3801,#3802,#3901,#3902,#4001,#4002,#4101,#4102,#4201,#4202,#4301,#4302,#4401,#4402,#4501,#4502,#4601,#4602,#4701,#4702,#4801,#4802
#10,1.0,0.5330570807003004,0.41217158476041726,0.4718867789208616,-0.0104264118767382,0.015024424451545554,0.2945501199308306,0.49599566495868164,0.0010614476169225988,0.5919419231964554,0.39049478440341384,-0.12658639402656807,0.08303835395931118,-0.23850058570870752,0.1867829052745659,0.4614651483396951,0.3851636398409422,0.23211277482488504,0.22533927276494353,0.03215421271983999,-0.06134561595040203,0.3881551371036505,0.2845046179346397,0.17042609312370008,0.2616595876929452,0.3247535640574074,0.00640693606610938,0.2774251129581079,0.12113093577923165,-0.0694387555881392,0.2521591533919308,-0.02140904780498689,-0.006128027157758847,-0.020996262620628103,-0.12030377164532349,-0.02668281682059782,-0.16106272262907506,0.01303859302408976,0.01951884228896557,0.016358405916056386,0.20568655419996973,-0.09484815402146801,-0.2457888739252046,0.06088979910589773,-0.2765517296336731,-0.03454964180127342,-0.20771382352238044,-0.2897736056546789,-0.4310114830781981,-0.2868139836957821,-0.3388201356294177,-0.1715560726438174,-0.12462128154658975,0.16625202208958553,0.13925045223087282,0.17122138195379674,-0.21571293101387373,0.18028193706221263,-0.10289826199905967,-0.05618819179370303,-0.23739770019683,-0.39706906581453355,-0.3488066683135574,-0.23326347329247982,0.45229143590274845,0.20631290391986548,-0.015724087370207748,0.01751707320960403,0.0710867087951932,-0.0077600427129071075,0.13953095490441395,0.19111316529735675,-0.04487245894062428,-0.23959868992501335,-0.2698881973718812,-0.09025173521185124,-0.2839308624660329,-0.1092844791176916,0.1536501207277132,0.3023213190000717,-0.3325407007785543,-0.20841189267585206,-0.171718636693256,-0.13243073098040467,-0.1899034975177107,-0.25245399995218704,-0.37727768967797976,-0.12410490162484361,-0.16509654232641904,-0.3412299085975663,-0.2057375546860681,-0.2930758871295492,-0.3224011666361195,-0.015542398138482258,-0.04892859135063631,0.383445560965503,0.3341312784387476,0.2303612268804437,0.3681199148929388,-0.14678258652152779,-0.07510459084063145,0.17955996143088238,0.11390002310959527,0.07161743260365451,-0.0977902445632685,-0.09716070731299158,-0.0922519105260222,-0.3017603136529895,-0.3865071838965965,-0.3077066515790229,-0.23903449704754998
#11,0.5330570807003004,1.0,0.3037732390886851,0.3280255639936568,-0.020634477922367698,-0.163639840942234,0.1963088398186295,0.3622532652264342,0.2861573524372654,0.5532070540047335,0.23716501047900612,-0.24309541075313373,-0.06611894269617258,-0.2859103188327264,0.07003960506498577,0.4694897560742376,0.2634812613057718,0.3185075982755461,0.19858633027596045,0.08269091314776594,-0.286009132274542,0.26915347161902636,0.039294280773613625,0.08589438118082063,0.1300432707249241,0.30626907537712467,0.007120942871486744,0.29276669668257777,-0.032260994987608475,-0.03744870068292838,0.08773199244555299,0.022754185625831747,-0.10573516403828224,0.13175497453960108,-0.1592490178422013,-0.030654479675509407,-0.08202312553291524,0.1495286439448876,-0.1519272605567022,0.021220983512499104,0.08071623807664417,0.21606674688618127,-0.19661803026560096,0.08870259544661285,-0.20438604180446096,-0.1306106511327686,-0.07266453633386193,-0.12147359529520516,-0.2639354843850856,-0.2233311286248197,-0.1537234339264796,-0.12314067368454605,-0.08511981129820144,0.020012909498043654,-0.04966809839906287,0.2065232809250213,-0.3893918988915363,0.022416307405429957,-0.11551769477802835,-0.15023627568950265,-0.20269983823283316,-0.20589852497031613,-0.104788467515081,0.010781821514236307,0.5129852018902055,0.25006175840113476,-0.07810724445967375,0.1501645562559268,0.20732016352030855,0.21857852082652662,0.23052857222545403,0.3848225740901593,-0.00988453171194288,-0.20504267306297763,-0.22184255193682315,-0.043038035206273056,-0.14921785973272558,0.04506211699830264,0.1431918335471635,0.2634079481070054,-0.21107188677892086,-0.29710651929651205,-0.14624230012192305,-0.3276191538700603,-0.2537720437647921,-0.28900381706763145,-0.2926694770059527,-0.1397588633266661,-0.14047446389723403,-0.32180987975041636,-0.013311126871677995,-0.1978898548876794,-0.15172803990788036,-0.019412060021197077,-0.017368853046880604,0.3896484950872188,0.390370470718549,0.249446565037573,0.4128553100271737,0.048852090621488736,-0.046118783319653515,0.0754631880085107,0.16296249073623983,-0.028042298528157848,-0.17237208042139152,-0.07127158555729984,-0.14867597956793024,-0.2427431886460168,-0.2443353600714007,-0.08747539624987051,-0.13605017172819928
#12,0.41217158476041726,0.3037732390886851,1.0,0.5746798524173433,-0.15928248691120336,0.13957398656455944,0.3797544007841325,0.17760281777685694,0.07459617974483819,0.4884619369028361,0.004105539130919842,-0.1320721338125254,-0.0004143789495493629,-0.032318370534469155,0.033222035397524885,0.0328777821163608,0.7118313158922296,0.4622094366836934,-0.21738319693359578,-0.4608882053407072,-0.1791408011857613,0.24689654073265385,0.2950186868968595,0.2489779980715441,-0.11396536748240882,-0.08399301930846528,0.35694921467220236,0.18486879328068595,-0.0560654718740288,-0.18290049327032648,0.5334268342245138,0.05036935508291564,0.39907242865908565,-0.22835945780108216,-0.42733466678354276,-0.1449959757428938,-0.42844233359099204,-0.43974850385292735,-0.16343743276303102,-0.3584808230203444,-0.01759198017356103,-0.15390352939301452,-0.08873447075042434,-0.2121253655698906,0.1580807879575102,-0.1624652359967806,0.05653563260524827,0.00838798619799345,-0.11680226952163138,0.19389269178971863,0.11374542788610954,0.41065272653379975,0.4423049032186088,0.5773749093546048,0.3149232203619441,-0.28108439783566685,-0.17407581541011563,-0.1884499836639068,-0.0426794380383938,0.3665484624150324,-0.3816780753691559,-0.4376256086190822,-0.26138067878459464,-0.17509263760170213,0.2814079321693535,-0.27807218162548114,0.008805552677923961,0.14186422714341496,-0.11171815856369881,-0.28321048059989323,0.44312569229175464,0.18002534086653013,-0.18333877869773446,-0.13198128919666266,-0.5682235096303262,-0.24832614810859915,-0.4773741124720095,-0.17346380957693502,0.07019898158404322,-0.05229621719832017,-0.037748328538756384,0.08857190670098575,-0.1107013363721123,-0.1123365394576417,-0.26001960331184404,-0.21659587692945198,-0.20949724677063328,-0.05644160045900438,-0.15587342316856456,-0.10052833316067544,-0.17009937125963231,-0.03541665006494593,-0.044134545657388294,0.12267529424889831,-0.02537752312951733,0.4391492481412713,-0.06125955263011101,0.684660806923316,0.5025221334140841,0.36953995967774067,0.4501031962960897,0.5913681677278486,0.2895265720501399,0.47318091625560804,0.42138673509231883,0.26345257353234147,0.36149941429129245,-0.4403636972164891,-0.4679342412482369,-0.20549370861191021,-0.06698913849022624
#13,0.4718867789208616,0.3280255639936568,0.5746798524173433,1.0,0.05054466925387883,0.27223900102797854,0.12530819434372734,0.1490919522826702,0.06354023061782307,0.557467188359139,-0.032437902923762245,-0.1122998828582585,0.15792300520364336,-0.17471491525153598,0.1854282048625776,0.2749404330260023,0.5410051877056953,0.2966730151646758,0.17758528635976062,-0.055351465068651434,0.05243487476990015,0.3289754480472392,0.18390615910557898,0.15593876754137811,0.12982811242419653,0.14954936289236506,0.14151041127110742,0.29954179250770985,0.19105100845492434,0.1306919331574879,0.36237917267648956,0.15298552064324364,0.08194821856895823,0.022005115986261745,-0.05987616444469236,0.1367115842822877,-0.10066380320187426,0.003294312648917435,-0.047546796930408246,-0.06538581070850831,-0.00968212353273992,-0.1164580162404673,-0.14285714285714285,0.04534740096741547,-0.07172899616699471,0.007704260931237001,-0.18509351417255696,-0.28991385699144945,-0.3774992230394696,-0.21958737419216026,-0.20188861175083075,0.028651116830957293,-0.01981209508403127,0.2978779016487501,0.23305628381770513,0.10761261943277897,-0.19959677740678466,0.18075528532381324,-0.12782953087521615,0.04392257488704189,-0.4024304919156261,-0.3385029763564934,-0.18974571476384383,-0.1388711361155161,0.36701384185068014,0.10874259895289627,-0.12870291419965096,-0.1089402258365275,0.13963773717218242,0.015709743483492578,0.3471124959159767,0.21903752520141206,0.10887488146371395,-0.1080540923905681,-0.26167393157966035,0.1081975312577198,-0.36393628126768085,-0.09371658073616014,0.09935850951079378,0.14326992804150165,-0.10227828733992621,-0.08675660814892142,-0.02521495908007873,-0.04179649212281555,-0.06094717465275841,-0.4013339814645108,-0.2138912574010471,-0.11072046155439919,-0.10535744168811609,-0.13468431495987696,-0.2623018750647467,-0.06834862019778626,-0.04500474145144196,-0.1452637282949103,-0.19531433033971105,0.31360198901895786,0.13181235008646175,0.3331288001338763,0.32083290168859424,0.008888428467833834,0.03443329694236148,0.31682298846910883,0.217869295316721,0.10838081425463586,0.0022041772585644956,-0.05490042951971886,-0.013743037238323678,-0.39806198152826144,-0.2917833435599933,-0.5485915100128298,-0.4184127692467069
#17,-0.0104264118767382,-0.020634477922367698,-0.15928248691120336,0.05054466925387883,1.0,0.47708245344213435,-0.03137964283722079,-0.2728111627313948,-0.03318219126776052,-0.09644829427280478,0.17282470973551467,0.3492353911498219,0.4009610404099164,0.20003984412976436,-0.3150300026297126,-0.12894357274342771,-0.24828789774402538,-0.21184645666154006,-0.05221174764321972,0.23211436859007561,-0.1082596881001522,-0.0223700882149033,-0.17280080325765604,0.04070157543689088,-0.17350205994150883,-0.1480241296049853,-0.24368988516921802,0.02489301851158269,0.229618532301636,0.4950473746702898,-0.12239319781016662,0.027517949780458843,-0.1223756663930703,0.12503725426132967,0.0004845046179346397,-0.12327454996055431,0.15342858736622333,-0.0142785423423567,-0.035137741156595396,-0.0724414092071815,-0.17940695997258724,-0.08936719553108241,0.2801392950776562,-0.14892779446804102,0.017596761469132752,0.1431790834256389,-0.09091633529632079,-0.04437839173154619,-0.004594825044426204,-0.052390249344564065,0.03642550343057957,-0.049516690705958294,-0.1708356907776777,-0.11395421112607479,-0.24954856600976977,-0.12467068826749755,0.0809951469849947,0.11337248683151512,-0.12196766250428324,-0.06013116687518428,0.002412960498529752,0.20562120982715618,0.014122353353680402,-0.13223629162715458,-0.05363338619321215,0.06888890659739101,0.05377682506036385,0.026088342404513545,-0.09584425726557706,0.04591000007968826,-0.03770848440899202,0.12786459370940878,-0.011422515120847245,0.4006996629186622,0.14035174397755978,0.4140538214504857,-0.02114767031373268,-0.14909035851747962,-0.18895361346412834,-0.07208440580449282,0.2050442668281682,0.29660129573109995,0.2865271059614787,0.4574600164157815,0.7308943413366908,0.06208512299882858,0.24065854377674537,0.07289881981687638,0.23582784148411415,0.16984277506394982,-0.02971415821307047,0.2469937604092789,0.2813744631003514,-0.18704906406139182,-0.23938671915466694,-0.15619695750225118,-0.3302679916167951,-0.21801751547944442,-0.2168014726390361,-0.1691654248579557,-0.18184223318378503,-0.10553434962426986,0.000643881136992087,-0.1632143056363506,-0.11748280725800668,-0.13879144785598738,-0.209202400210377,0.08114336714771812,0.3279267505518412,-0.17344468439464814,-0.19384328506881082
#18,0.015024424451545554,-0.163639840942234,0.13957398656455944,0.27223900102797854,0.47708245344213435,1.0,0.08972738646415224,-0.22206567906350358,0.0852345623919228,0.007385507893122106,0.05928009626341751,0.530736558582824,0.6771844544143312,0.320721338125254,-0.2700826367251313,-0.3318059750256995,0.03419582592896588,0.10399317868498434,-0.22924240371666044,-0.09347432842719282,-0.11195722334228499,-0.25819633593382685,0.11814103228171394,0.029186621934990317,-0.3149821896739953,-0.23012853716261983,-0.06509893297420491,-0.1257847301357091,0.42667644175983555,0.4815944026966507,0.29098964849508724,0.2303309453418228,0.18151232378933613,0.18538039190686037,0.021581174445568934,-0.03547402561180661,0.111518937914877,-0.055934783128401694,0.1088031620301381,-0.0022599590402346023,-0.10299388791049414,-0.11666042441967026,0.3426818286861797,-0.19675828160237152,0.1456143566368367,0.10066220943668369,-0.0024926487580584755,0.08398983177808414,0.13169919275793096,0.07988748017754545,0.1288192590585629,0.13369618054172078,0.10083752360764689,0.05192486990891632,-0.05149933460303294,-0.19280893146012798,0.07620747635250899,-0.09585860115229224,0.04323725585509487,0.13299811138824916,-0.15284526930647307,0.05230259225908247,0.13031580457251232,0.05310744368032258,-0.18258174023221158,-0.2429232841125517,0.326350516778363,0.16277761397413318,-0.1875319749141359,-0.10298591908454127,0.0515136784897481,-0.13329933300926775,-0.14396799719497327,0.15988971144881226,-0.1323781367291157,0.14472503566049613,-0.22214696108822288,-0.1627712389133709,-0.017993609001585795,-0.04006406936066109,0.17042290559331894,0.4475691096430763,0.26154324283403324,0.5543864402457586,0.5324131995633083,0.11019133151112846,0.2525687510459084,0.14804006725689103,0.23480942552733705,0.38063097163894843,-0.05971997545601607,0.3517439775597861,0.2807783949190766,-0.008864521989975217,-0.1492417662105842,-0.15109372136203172,-0.2197340005896931,-0.03860736797647603,-0.05476177194813888,-0.05219580999131398,-0.0605359832335902,0.32753468431495986,0.25585987616444467,0.17114009992907744,0.17899895608380018,-0.029962785582800085,0.1560025181490011,-0.12593135653324194,0.11855700499645387,-0.285570846847134,-0.15855891751468257
#26,0.2945501199308306,0.1963088398186295,0.3797544007841325,0.12530819434372734,-0.03137964283722079,0.08972738646415224,1.0,0.15350190056498977,-0.02482289284319741,0.3347958785232172,0.2776689590322658,0.08074333208488393,0.2285570846847134,0.12412083927674936,0.24593709408792802,0.1179625305803696,0.22084485492752354,0.2093330889560041,-0.005839555658264868,-0.15571882794507885,-0.014318386472121062,0.01767326219828033,0.12086318322721513,-0.11257560423622788,-0.11312704699216665,-0.23012694339742926,-0.02302353194303883,-0.22756098144060435,0.16129381858170835,0.04777789288304154,0.33780809473340295,-0.0003251280988771924,0.08351329598610237,0.016477938305349472,-0.026890006295372502,-0.03462614253042099,0.0614348668010742,-0.002127676529416921,0.11518459785319829,-0.14508841412394713,0.10119612077552614,-0.0654989680370391,0.07615010080564831,-0.07232665811346015,0.05153439743722557,-0.15870873144259656,-0.06461761588665142,-0.0664663835077178,-0.06018535489166381,-0.07509184071910685,-0.019836001561889888,-0.00640693606610938,0.05397285817880452,0.06745929922144571,0.07493246420004941,-0.23042019619249496,-0.1478185338954012,-0.3029094183553937,0.08457155607264381,0.09280972834272326,-0.22206249153312244,-0.31359083266262383,0.03183067838615337,0.1580313812366024,-0.017311477500019923,-0.19816876379602993,0.3393524532030696,0.44197658758935043,-0.04226665285403502,-0.035281180023747104,0.25731657754862974,0.1092781040569293,-0.20389038083019229,-0.25964666225724964,-0.2335344133748775,-0.26121333343958436,-0.2833539194670449,-0.1812573213588442,0.34035333774275034,0.13477675334093028,-0.09362892365067854,0.00812820247192981,-0.05408123421176358,0.05620731697598993,-0.035837404075257595,0.04424929675110966,-0.08811608985648145,-0.060410075783534814,-0.04400226314657062,-0.14180844536174486,-0.05334013339814645,0.08246778602108551,-0.1182430332539107,0.18413087999744998,0.14569723242674656,0.21336850241853866,0.07319844767270438,0.1936823147845628,0.011886300791304417,-0.03704229055933189,-0.02703503892771478,0.3078357465594594,0.15425893903051263,0.17846504474495772,0.1812445712373196,-0.049743005363019864,0.08835356086987704,-0.2546278956721306,-0.30892428818462175,-0.011385858521464032,0.16436978539951708
#49,0.49599566495868164,0.3622532652264342,0.17760281777685694,0.1490919522826702,-0.2728111627313948,-0.22206567906350358,0.15350190056498977,1.0,-0.03843205380551283,0.28494927842281,0.07677963805592522,-0.09600841508020623,-0.24902581102726135,-0.13089912263226258,0.07351241941524755,0.20020081441401238,0.2049135780825411,0.2951812509462981,0.1310792180987975,0.11542047510140331,-0.08594538166691901,0.12075161966387492,0.08067798771207038,0.0034042824470670737,0.10469284160364653,0.14001705328753913,0.08765230418602428,0.15346365020041597,-0.10652885910318832,-0.34668377307971215,0.27352038824120045,-0.15097259520754808,0.08806190184000191,-0.2582122735857326,-0.09727705217190351,0.029879909792890215,-0.16391556232020335,-0.02976037740359713,-0.003101467060857924,0.06149383611312546,0.023210002470336045,0.11937620030440915,-0.4231430643323319,0.1289818231080015,-0.3729298982380926,-0.23588840456135599,0.1607806261903434,0.08519949955773017,-0.001402513367705536,-0.01311668751842791,-0.09477643458789217,0.040974109284479115,0.062387938385037735,0.128800133876276,0.06871677995680896,0.11064555459044219,-0.2485923068954251,-0.01581811951645164,-0.039198654862179154,0.023522380447688642,-0.043734510594554105,-0.1793145215915339,-0.053993577126281986,0.006776689590322658,0.2875311780315406,0.26023316784738104,0.04797073847110105,0.0010646351473037477,0.10080883583421654,0.06644407079504977,0.09454055733968715,-0.031647395389237304,0.07851365458327025,-0.16509494856122847,-0.10016176716684332,-0.17023962259640288,-0.07344866880762457,0.09577413159719178,0.12327454996055431,0.13957398656455944,-0.43944728223190876,-0.29611360358278416,-0.4364557849692005,-0.25392823275346843,-0.29462980819035933,-0.18688331248157208,-0.40394138131629065,-0.17764266190662129,-0.20401947581062882,-0.35065065463905204,0.08223828383364279,-0.31448015363896437,-0.34865526062045277,-0.08615416490688427,-0.05434420546820837,0.15727593653627012,0.28952019698937753,0.22704460151885822,0.3996684968403605,0.07968666576353306,0.15522794826638192,0.08714708062061216,0.0027094008239766034,0.2844201483795392,0.13692514881782467,0.21699909952266733,0.08978954330658465,0.009490871709870985,-0.17748487915275443,-0.16860920080644518,-0.06918056562726614
#50,0.0010614476169225988,0.2861573524372654,0.07459617974483819,0.06354023061782307,-0.03318219126776052,0.0852345623919228,-0.02482289284319741,-0.03843205380551283,1.0,0.05478727219118807,-0.0339073544294719,-0.1311047183418467,0.16734375124512907,-0.12234060355887767,0.07836862195092797,0.07938066284694276,0.13619679812573213,0.08473412012208241,0.17869295316720987,-0.12847978707297053,-0.010464662241311987,-0.03207133692993011,0.06237359449832256,-0.05777558192351521,0.016450844297109708,-0.021699113069671445,-0.16311230466415383,-0.03820414538326068,0.15240379634868395,0.1079664353050865,0.014361418132266573,0.11529456765134792,0.023060188542422044,0.04288184621759676,-0.04636422315900198,-0.08808899584824167,-0.03771167193937317,0.01901361872355346,-0.01610659101594562,-0.04540318274908558,0.12033086565356325,0.08755349074420865,0.021324578249886445,-0.07017188757580346,0.03322522292790603,-0.028126768083258293,-0.16645283650359793,-0.08521543720963591,-0.1945939484735714,-0.22835467650551045,-0.07646088501781033,-0.2059431503956522,-0.1213715943230084,-0.040217070818956244,0.027647044760895377,-0.079728103658488,-0.14766075114153432,-0.13653148881575278,-0.08332204416323342,-0.2510817681231024,-0.2299229414530357,-0.04412498306624485,-0.02909577731912757,0.10828200081282024,0.2586314338308537,0.03588202950059368,-0.1998804676107069,-0.018965805767836224,0.2715759947086996,0.11725808636613567,0.2583190558535011,0.05692132378136729,0.1263106726485987,-0.10027014319980238,0.0178310449521472,0.11865741220346006,-0.05917172023045845,0.044344922662544126,0.13316864426364064,0.08028592147518906,0.24873255823219564,0.1054259735913108,0.3060539170763971,0.04708938632071337,-0.0976898373562623,-0.18837348293475922,-0.040837045478089716,-0.15832622779685868,-0.0886739076731825,0.1143287459458598,-0.036847851206081805,0.06949134983942816,0.10479006128027157,0.0002565961956824901,0.04915331224250731,0.28633744790380034,0.15980842942409296,-0.0327965000916415,0.049545378479388634,-0.001173011180262812,-0.08415558335790388,0.13465403342125604,0.1175497453960108,-0.0017069225191052601,-0.0304488839659253,-0.15678027556200144,-0.03133501741188471,-0.24560399716309797,0.07487190112280757,-0.08549434611798644,-0.03128720445616747
#51,0.5919419231964554,0.5532070540047335,0.4884619369028361,0.557467188359139,-0.09644829427280478,0.007385507893122106,0.3347958785232172,0.28494927842281,0.05478727219118807,1.0,0.2740032990939445,-0.02819370622126242,0.11060889799105898,-0.07886268916000605,0.2632198838145176,0.3919913299173633,0.49141040250539886,0.3762433360692969,0.20413741443473132,-0.016015746400082877,-0.17308927475715002,0.2466686323104017,0.2822127835905936,0.03843364757070341,0.18425519368231477,0.2792388177449816,0.06289953701121213,0.18536923555052634,0.2395142203699129,0.046174565101323624,0.3512658480026138,0.1942066635322618,-0.03991744296312824,0.13524532030695918,0.028115611726924273,0.19158332602857622,0.07159511989098646,0.15055662249280813,0.05492592976276805,0.09408474049518284,0.03842567874475054,-0.021211420921355657,-0.16723059391659828,0.11770434061949653,-0.11841994119006446,-0.003294312648917435,-0.12679517726653333,-0.22764226346532365,-0.37883957956474273,-0.3183944409470153,-0.26336013515128814,-0.1644175983552343,-0.12897226051685806,0.1179242802157958,0.055064587334348034,0.24312409852656408,-0.2898772003920662,0.045360151088940065,-0.0772928304472902,-0.036031843428507675,-0.24155423981384821,-0.3265290184797074,-0.12137956314896127,-0.05040760544748942,0.46551012439337314,0.17222226649347752,0.04773167369251488,0.21930368398823802,0.20014662639753286,0.03975328514849907,0.34578648327741873,0.20313015483428826,-0.08404083226418252,-0.2125126505112002,-0.23180039684753245,-0.046372191984954854,-0.3489835762497111,-0.20014822016272343,0.2612659276908733,0.3427870171887576,-0.2186789280335328,-0.2454956211301389,-0.2009546653491541,-0.1644988803799536,-0.20644518643068316,-0.27929938082222344,-0.36153288336029454,0.015424459514379747,-0.23378463450979767,-0.25538812166803465,-0.12705017969702523,-0.27365107698682756,-0.2740654559363769,-0.09349504737467029,-0.13974133190956975,0.41302743666775577,0.3811903832208401,0.2851787806102527,0.4312919857517392,0.0021149264078923254,-0.06314338308537003,0.18478113619520437,0.2181497979902621,-0.026148905481755372,-0.1064682960259465,-0.11914988564734758,-0.1384471945748233,-0.31821593924567093,-0.3731195562957709,-0.28953294711090216,-0.3040648981185602
#52,0.39049478440341384,0.23716501047900612,0.004105539130919842,-0.032437902923762245,0.17282470973551467,0.05928009626341751,0.2776689590322658,0.07677963805592522,-0.0339073544294719,0.2740032990939445,1.0,0.14599845404776515,0.27218959430707074,0.18056243973575373,-0.11354142594171601,0.09846281347369092,-0.01116432515997418,0.04494895966977185,0.06415223645100368,-0.10774012064802492,-0.20554311533281802,0.035657308608722675,0.08382726772864554,0.14371936982524364,0.09429830503071983,0.0841922399572871,-0.05331144562471611,0.045830311820159536,0.17709281291587312,0.050060164635944183,0.02906549578050666,-0.043160755125947296,-0.11910685398720207,-0.02863517917905155,-0.05846090095546223,-0.16500251018017514,0.04417438978715266,-0.011369920869558289,0.07016391874985059,-0.03550271338523695,0.1076046506068261,-0.25715560726438175,0.07042689000629537,-0.016462000653443727,-0.1499589605463427,-0.003963694028958713,-0.2971670823737539,-0.14160763094773246,-0.11534716190263689,-0.13944329781893233,-0.2562965678266621,-0.21438054331455347,-0.13257576361274692,0.07856784259974978,0.012091896500888525,0.02594171600698069,0.016967224218855836,-0.07500418363362525,-0.11726764895727912,-0.13783837627202383,-0.12239479157535721,-0.22506355138697415,-0.17777653818262956,-0.017647761955231135,0.34863135414259416,0.1555674202519743,0.17744503502299006,0.31579819745156945,0.12161544039716629,-0.0878881814342293,0.2396767844193515,0.24443576727840688,-0.17112734980755284,0.0027938703790770505,-0.06918215939245671,0.05432826781630262,-0.23687494521432156,-0.22687566240865734,0.21285212249679256,0.1520372303548518,0.09917044521830598,0.018409581716325733,0.074645586465746,0.20216752065918128,0.04819067806740033,-0.00661731307126521,-0.17691431121452877,0.018642271434149607,-0.21107985560487375,-0.011196200463785671,-0.013048155615233207,-0.11666679948043254,-0.08402170708189563,-0.032409215150331905,-0.06920447210512475,0.31285929444015015,-0.004366916622174055,-0.12675055184119724,-0.008689207819012026,-0.11012439337312434,-0.16394106256325255,0.07649913538238412,0.07451808525050005,-0.11589063583262278,-0.19435328992979464,-0.24004813170875536,-0.172917148116568,-0.16353943373522778,-0.201048697495398,0.004940672090780866,-0.03559515176629027
#53,-0.12658639402656807,-0.24309541075313373,-0.1320721338125254,-0.1122998828582585,0.3492353911498219,0.530736558582824,0.08074333208488393,-0.09600841508020623,-0.1311047183418467,-0.02819370622126242,0.14599845404776515,1.0,0.5246945947453562,0.5579261927340246,-0.15971439727784906,-0.4365593797065878,-0.12590266875981163,-0.004817952171106631,-0.13718174501350716,0.002315740821904709,-0.08089155224760736,-0.4297492210472631,0.0343073894923061,-0.13934129684673557,-0.27102614571795136,-0.2898198248452056,-0.05246356254333049,-0.27675254404768546,0.3393843285068811,0.19310218425519368,0.34288104933500146,0.25826646160221217,-0.026212656089378353,0.1664671803903131,0.252720158739013,0.07924200527536278,0.311380280343297,0.04439911067902366,0.24136776928655101,0.10996501685406689,-0.13956601773860658,0.0398074731649786,0.1505964666225725,-0.13248173146650305,-0.005982994525416571,0.015129612954123468,0.021656081409525935,0.10298273155416013,0.25516818207173536,0.0930950123118361,0.12473125134473938,0.024349544581596792,0.005707273147447187,-0.0878881814342293,-0.12492090940241775,-0.1073416793503813,0.07280160014025133,-0.14938042378216418,0.07854712365227232,0.1592569866681542,0.04416482719600921,0.23383563499589605,0.3304162117795185,0.12867422642622062,-0.28493174700571366,-0.1793782721991569,0.4519870267513487,0.22521177154969757,-0.05534030871231741,-0.10213803600315566,-0.08444086732701671,-0.2808357704659373,-0.22098510626429407,0.33577923164580165,0.09073623982978588,0.22561499414291292,-0.06974157097434835,-0.16628230362820645,0.015779869151877852,-0.09092589788746425,-0.01577190032592498,0.20513989273960268,-0.16957502251193332,0.6568049789224554,0.5695415534429312,0.42261871558463293,0.2557722190789631,0.14468200400035064,0.239184310975464,0.3767310282176127,0.047451171018973774,0.2701272621504674,0.10016017340165273,-0.0396576592370646,-0.1188550390870913,-0.13196535154475691,-0.18724190964945134,-0.21805257831363706,-0.24432579748025723,-0.17757891129899833,-0.15144434970395812,0.05209540278430779,0.17594848950904063,0.07710635991999298,0.07507909059758226,-0.15647108511503,-0.005914462622221868,0.14097171863669325,0.30130927810405694,-0.16366215365490203,0.006405342300918806
#54,0.08303835395931118,-0.06611894269617258,-0.0004143789495493629,0.15792300520364336,0.4009610404099164,0.6771844544143312,0.2285570846847134,-0.24902581102726135,0.16734375124512907,0.11060889799105898,0.27218959430707074,0.5246945947453562,1.0,0.32952370327279684,-0.044547330841747085,-0.1623090470081043,0.04214712046474193,-0.12174772290798397,0.05283650359792492,0.00901911721346094,0.03053813481659747,-0.1412570026058061,0.13396871438930902,-0.06686960610093315,-0.19174110878244308,-0.313241798085888,-0.07819490154515535,-0.14873973017555323,0.5530349273641514,0.41121532564607255,0.2815386209149806,0.17576042521655286,-0.11999298743316147,0.15806803783598564,0.03139717425431711,-0.04141717600745882,0.17081656559539082,0.059743881933874685,0.10912669636382472,-0.04290894022583653,-0.05290184797073847,-0.345384854449394,0.2471626995194798,-0.11073161791073322,0.011086230665636031,0.0855963470901832,-0.15784650447449577,-0.004111914191682139,0.07938066284694276,-0.020347600188064294,-0.05435695558973296,-0.16104359744678817,-0.09009076492760322,-0.11357967630628979,-0.023630756480647705,-0.20223605256237598,0.007952888300966618,-0.0411063917952968,-0.07754464534740096,-0.07324626062842161,-0.2839993943692276,-0.12113890460518452,0.0831307923403645,0.06519615265082995,-0.06668632310401708,-0.06902118910820869,0.3633784634509798,0.22108870100168143,0.017897983090151327,-0.0017993609001585797,0.015387802914996534,-0.06896700109172915,-0.19719497326458893,0.11280988771924233,0.0005004422698403844,0.16315374255910878,-0.34368749452143216,-0.37745619137932407,0.30750583716501045,0.04517846185721457,0.23504370901035151,0.25228506084198615,0.4175824175824176,0.6775510204081633,0.5685629816159186,0.13754352971176756,0.09731689630166787,0.03753157647283826,0.0861398210201691,0.28141908852568753,-0.14279020471913872,0.2111005745523512,0.048353242116838925,-0.09087489740136585,-0.08064133111268716,0.06471802309365761,-0.21271983998597488,-0.2913036202376304,-0.3285578815673087,-0.3210799352931333,-0.34088406155121165,0.18275386687279363,0.2097761556789838,-0.05909043820573915,-0.07869853134537688,-0.30302576321430563,-0.06560893783518874,-0.24616181497979903,0.006480249264875806,-0.31943995091203214,-0.1247615328833603
#58,-0.23850058570870752,-0.2859103188327264,-0.032318370534469155,-0.17471491525153598,0.20003984412976436,0.320721338125254,0.12412083927674936,-0.13089912263226258,-0.12234060355887767,-0.07886268916000605,0.18056243973575373,0.5579261927340246,0.32952370327279684,1.0,-0.17794069599725873,-0.4232992533210082,-0.016943317740997218,-0.05243009347432843,-0.31079855604873735,-0.09939994740574871,-0.10670257950896095,-0.4251543960028369,-0.21967024998207013,-0.12963367307094645,-0.3511925348038473,-0.42226011841675365,0.04323406832471372,-0.30213166094239335,0.08556765931675286,-0.03815633242754345,0.3624461108144937,0.1661436460566265,0.15222370088214904,0.05505661850839516,-0.011715767915912948,-0.08897353552901051,0.08966204209133868,-0.17941333503334952,0.08560112838575493,-0.053469228378582985,-0.14913339017762514,-0.0863517917905155,0.18521942162261235,-0.178010821665644,-0.06285650535106663,-0.025917809529122076,0.2776354899632637,0.3247631266485509,0.3416442875471157,0.2256914948720605,0.37627361760791783,0.1324769501709313,0.0823434723362207,-0.07439695909601639,-0.11232857063168883,-0.3249177218720366,0.07397620508570472,-0.2584513383643188,0.05416889129724518,0.11235407087473802,0.21113563738654384,0.24533783837627202,0.3915211691861438,0.410101283777861,-0.29224234793487874,-0.2606842033963136,0.650772577676131,0.3169839587533569,-0.1971105037094885,-0.1089593510188144,-0.11070930519806517,-0.239719816079497,-0.10243766385898366,0.34700093235263646,0.11501247121261625,0.11348086286447417,0.018062140904780498,-0.10518531504753405,-0.03591231103921459,-0.3468686498418188,-0.07913841053797543,0.10452709002382679,-0.15052315342380607,0.44317669277785304,0.354737068587685,0.4405023547880691,0.21727163337025557,0.10300026297125645,0.11976189148052817,0.12960339153232553,-0.040511917379212524,0.16331630660854737,-0.07080142482608037,-0.010010439161998263,-0.11590338595414737,-0.13077640271258836,-0.41189108208687614,-0.09752408577644256,-0.16574361099379228,0.03254468519153073,0.022154929914175746,0.09738542820486258,0.29182000015937654,0.17452206966347647,0.2722517511495031,0.09160006056307725,0.1095649817912327,0.17219357872004717,0.22845508371251663,-0.012887185330985186,0.1315286598825395
#101,0.1867829052745659,0.07003960506498577,0.033222035397524885,0.1854282048625776,-0.3150300026297126,-0.2700826367251313,0.24593709408792802,0.07351241941524755,0.07836862195092797,0.2632198838145176,-0.11354142594171601,-0.15971439727784906,-0.044547330841747085,-0.17794069599725873,1.0,0.5130601088541625,0.13287539146857494,-0.10104949437799329,0.6463036600817601,0.27491652654814364,0.6134402218521146,0.2215907370367124,0.06248515806166278,-0.42432882563411933,0.23689566416179905,0.05417207882762633,-0.20771541728757104,-0.2624963144179968,0.28060308074811335,0.07157918223908072,0.01048697495398003,-0.10561403788379858,-0.3414004414729578,-0.01134920192208082,0.37025396648311804,0.2009865406529656,0.25733410896572606,0.4334706627672545,0.27936791272541817,0.16457219357872005,0.345545824733642,0.10064786554996852,-0.06825618181673294,0.34688777502410567,-0.17825148020942075,-0.02366422554964977,-0.29963901218433486,-0.4737020774729259,-0.45630453665261494,-0.5507159990118656,-0.5084222521495908,-0.5164596100056579,-0.48133461897058705,-0.22437663858983656,0.1351624445170493,0.2646064595303174,-0.18067559706428452,0.09834646861477898,-0.07915275442469061,-0.25563356150738314,-0.06117508307501056,-0.15974627258166055,0.08178565451951963,0.06862434157575564,-0.04941150220338038,0.1810134752846863,-0.06288041182892525,0.037780203842567875,0.5488002932527951,0.346369801337169,0.1271011801831236,0.10711695845851031,0.32900094829028836,-0.278379778307262,0.20446573006398966,-0.10269585381985671,0.08631354142594172,0.04826558503135733,0.43464686147789844,0.38327821562049263,-0.15841707241272143,-0.26645841468176495,-0.13909745077257768,-0.2023237096478576,-0.31263776107866026,-0.19606977504004336,-0.23878586967782037,-0.00020081441401238355,0.11432077711990693,-0.22575524547968348,-0.1607232506434827,-0.29649451346333144,-0.3588553578401294,-0.12227844671644526,-0.004166102208161672,-0.004794045693248014,0.3161759198017356,-0.16863629481468495,-0.1493405796523998,-0.3834136856616915,-0.37700993712596326,-0.06586075273529951,-0.19057606642813316,-0.3732709639888755,-0.3099522667325423,-0.4243081066866419,-0.3380630971638948,-0.09264238299771295,-0.20176270430077536,-0.181980890755365,-0.04104901624843612
#102,0.4614651483396951,0.4694897560742376,0.0328777821163608,0.2749404330260023,-0.12894357274342771,-0.3318059750256995,0.1179625305803696,0.20020081441401238,0.07938066284694276,0.3919913299173633,0.09846281347369092,-0.4365593797065878,-0.1623090470081043,-0.4232992533210082,0.5130601088541625,1.0,0.10951079377475316,0.10127899656543601,0.5024998207014161,0.4722119070197388,0.06164843133661118,0.6403971662854911,0.0030472790443783915,-0.08642191745890078,0.168883328419224,0.3989146459052188,-0.2677334268342245,0.21351831634645269,0.006778283355513232,0.07293069512068787,-0.1195100765804174,-0.09522109507606244,-0.33789415805369394,0.08351967104686467,0.055348277538270284,-0.024247543609400027,-0.029491031086390042,0.431865741220346,-0.16163010303691958,0.13858266461602212,0.19369665867127797,0.09578847548390695,-0.2561164723601272,0.37870092199316274,-0.3095697630868044,-0.003962100263768139,-0.31446262222186805,-0.536429487843556,-0.6000286877734303,-0.5391962642143933,-0.4134848472774506,-0.4391572169672242,-0.426835818278893,-0.1581620699822295,-0.12885910318832727,0.4232450653045287,-0.3827044601518858,0.3330347679876324,0.03598721800317159,-0.18446875821785177,0.021981209508403127,-0.13265385810708508,-0.16405581365697391,-0.13372486831515112,0.4057311796253058,0.4938074253520229,-0.2218345831108703,-0.11622373275745285,0.34137334746471804,0.5208313079234036,0.06702579508960944,0.40534389468399623,0.14480153638964371,-0.33353042896190105,-0.08636613567723067,-0.10069727227087633,0.047710954745037414,0.2003187530381149,0.14928320410553914,0.5489293882332316,-0.25674919714078526,-0.4182087673023134,-0.06551490568894484,-0.5097642024400545,-0.3949382017547355,-0.28393245623122343,-0.18350134274717306,-0.15206591812828216,-0.07459617974483819,-0.510642367060061,-0.1627648638526086,-0.3139143669963104,-0.20321143685900755,0.02320840870514547,0.15505582162579987,0.15283730048052022,0.517916311389843,0.026458095928726822,0.1909537887782993,-0.27243184661603803,-0.32460375012949344,-0.004121476782825586,-0.07797814947923723,-0.3469308066842512,-0.44720254364924417,-0.29488321685566066,-0.4272023842727251,-0.06594203476001881,-0.27338810573038275,-0.014479356756369084,-0.017260477013921537
#201,0.3851636398409422,0.2634812613057718,0.7118313158922296,0.5410051877056953,-0.24828789774402538,0.03419582592896588,0.22084485492752354,0.2049135780825411,0.13619679812573213,0.49141040250539886,-0.01116432515997418,-0.12590266875981163,0.04214712046474193,-0.016943317740997218,0.13287539146857494,0.10951079377475316,1.0,0.5466885543752839,-0.0948497477866586,-0.43610834415765526,-0.04910231175640893,0.19921746129142792,0.33018989712245694,0.11465865534030871,0.09286232259401223,-0.026032560622843436,0.29972985680019765,0.13239248061583087,0.06190502753229367,-0.2691821593924567,0.5253607885950163,0.24697941652256372,0.2617042131182813,-0.17976236961008535,-0.24350500840711137,-0.13990389595900837,-0.2729593828941182,-0.2965423264190487,-0.010979448397867542,-0.1846600100407207,0.15566782745898047,-0.09947804190008686,-0.28387826821474393,-0.2200543473929986,0.034038043175099016,-0.20911793065527656,-0.09356995433862729,-0.07614213197969544,-0.2659181282821602,0.0720859995696834,-0.00022631465706157513,0.23301325215755964,0.31628110830431355,0.48253472415908966,0.4534532907266772,-0.1032775781144164,-0.07180071560057057,-0.06205324769501709,-0.04794842575843301,0.23208886834702644,-0.43225621369203676,-0.4686960610093315,-0.2614523982181705,-0.12277092016033278,0.30102080660456293,-0.11949732645889281,0.016764816039652877,-0.03259887320801026,0.05605750304807593,-0.24869112033724072,0.3940504745435855,0.13263313915960762,-0.022481651778243513,-0.16990811943676337,-0.4234554423096845,-0.11237478982221549,-0.4057200232689718,-0.10821984397038785,0.1965208105889759,-0.061191020726916304,-0.10906613328658289,-0.03556327646247878,-0.05648303835395931,-0.10304807592697368,-0.37597398975208984,-0.22701910127580904,-0.26908015842025995,-0.08084692682227128,-0.14678418028671836,-0.05745842265059089,-0.33287857899895607,0.005431551769477803,-0.16618986524715312,0.07672385627425511,-0.04121795535863701,0.6247145168102384,0.03549633832447466,0.5527066117348931,0.4935428603303875,0.14121237718047,0.36428372207922605,0.6082142657922208,0.32021930209022303,0.3966004988485046,0.28018073297261115,0.10399317868498434,0.21124879471507463,-0.48193865597781477,-0.45574512507072334,-0.34936289236506785,-0.11974276629824128
