,#10,#11,#12,#13,#17,#18,#26,#49,#50,#51,#52,#53,#54,#58,#101,#102,#201,#202,#301,#302,#401,#402,#501,#502,#601,#602,#701,#702,#801,#802,#901,#902,#1001,#1002,#1101,#1102,#1201,#1202,#1301,#1302,#1401,#1402,#1501,#1502,#1601,#1602,#1701,#1702,#1801,#1802,#1901,#1902,#2001,#2002,#2101,#2102,#2201,#2202,#2301,#2302,#2401,#2402,#2501,#2502,#2601,#2602,#2701,#2702,#2801,#2802,#2901,#2902,#3001,#3002,#3101,#3102,#3201,#3202,#3301,#3302,#3401,#3402,#3455,#3501,#3502,#3601,#3602,#3701,#3702,#3801,#3802,#3901,#3902,#4001,#4002,#4101,#4102,#4201,#4202,#4301,#4302,#4401,#4402,#4501,#4502,#4601,#4602,#4701,#4702,#4801,#4802
#10,1.0,0.5381714731968539,0.3514124744001466,0.42782235893185855,0.31632892126003076,0.10138418506801393,0.4143422929499797,0.575943708213469,0.4326753739371578,0.5131573285307875,0.3295316720987497,0.29069480193483094,0.050998892333192554,0.1070484265553156,-0.051574241566989934,0.01465626469252285,0.3727832718405597,0.2775797081815936,-0.24223955884579526,-0.05450039445688467,-0.1459888914566217,-0.10622923124736032,0.050763015084987526,0.16109619169807712,0.19673437512451292,0.18237773828781806,-0.17943564774601758,-0.06107148833762322,0.043707416586314336,-0.22020734885129373,0.12449218656615321,-0.11099140163679685,0.22059463379260333,0.1967853756106113,0.10713289611041606,-0.015202926152889895,0.13544772848616213,-0.08438827307572776,0.11173728374598571,-0.0821187514443497,0.07862043685103874,-0.0978269011626517,-0.18682115563913967,-0.04627497230832981,0.13457753269210848,0.03389938560351903,-0.2860760704125461,-0.0692076596355059,-0.23138123660241136,-0.013623504849030592,-0.27931691223931976,-0.11388089792730836,-0.016073121946943558,0.0852218122703982,-0.010270222888061903,0.07591581732263386,-0.2308186374901386,0.029304560559092828,0.22079544820661573,0.19689375164357034,0.30161846855102836,0.3317995999649372,0.09193634501828846,-0.05341344659691288,-0.274443178286543,-0.003557283905362223,-0.06343344835005459,0.10507693901457499,-0.060814892141940725,0.26350835531401157,-0.1083409701248715,0.3426786411557985,-0.3073225541680944,-0.03595056140378838,-0.34057487110424023,-0.007516196638749213,-0.12876507104208337,0.119522826701942,0.036065312497509744,-0.0075879160723250644,-0.10957932567794787,-0.11651698555251855,-0.14928320410553914,0.07319844767270438,0.04476408290766521,0.010432786937500499,0.30450318354596817,0.04494736590458128,0.02154133031580457,0.04910231175640893,0.04781933077799648,0.2392767493565173,0.22676091131493598,0.1105387723226737,0.15161647634454015,-0.07210831228235144,0.12606363904405965,-0.09596538342006072,-0.03382288487437146,0.2391524356716525,-0.07756536429487844,0.0732908860537577,0.1320466335694762,0.0036911601813704787,0.0814445887687367,0.03095570129652798,0.03695144594346915,0.2694196304058523,0.2849413095968571,0.07695813975726956,0.055588936082047034
#11,0.5381714731968539,1.0,0.36545195196391717,0.34060993393843286,0.13748456039971632,0.20379794244913896,0.44931747005713646,0.1833738415319271,0.35567579628493334,0.5387500099610324,0.3083154698818223,0.17147797814947924,0.0715919323606053,0.09019914096056228,0.17441369363051742,0.06037182541896102,0.40166389085895976,0.22352397421287923,-0.0871072364908478,-0.03480623799695591,-0.22078110431990056,-0.09432858656934073,0.18805313613145375,0.09359545458167648,0.15542398138482258,0.06221581174445569,-0.37220154754600004,-0.17525998294671247,0.2626238156332428,0.16271705089689137,-0.00020878323996525593,-0.0687454677302393,0.1051757524563906,0.2128361848448868,0.24717544964100438,0.1851222019459873,0.3081959374925292,0.17697806182215176,-0.033276223414004415,-0.21161057941333503,0.19442022806779877,0.1770051558303915,0.15408840615512118,0.23875718190439002,-0.09814884173114775,-0.029398592705336724,-0.27031532644295514,-0.26454111515750384,-0.3667078389340898,-0.30836806413311124,-0.3454916367171625,-0.26771908294750935,-0.17042290559331894,0.052941692100502834,-0.0606857971615042,0.15641211580297876,-0.23075966817808732,-0.04750376527026273,0.24232084087051456,0.017104288025245242,0.25568934328905324,0.2753006239590721,0.1788794236945071,0.11277960618062141,-0.21276605917650152,0.02087513646614444,0.13434803050466576,0.2228195299986453,0.10756640024225231,0.32225454023858663,0.006175840113476082,0.37206448373961065,-0.3219501310871869,-0.16777406784658416,-0.2455274964339504,-0.05993194622636247,-0.024759142235574433,0.12071018176891998,0.3387882603256062,0.20131963757779567,0.004194789981592012,0.011519734797472288,-0.1452143215740025,0.06018376112647324,-0.08581309915610133,-0.01965909362573612,0.1949047326857334,0.14014933579835684,0.12511853628604896,0.05859955852704221,0.04909912422602778,0.04869590163281244,0.062413438628086924,-0.003665659938321287,0.18258333399740218,0.11237319605702492,0.23632031492800165,-0.05310425614994143,-0.07962291515591008,0.16641139860864299,-0.21413032217963326,0.04007044442142339,0.11865741220346006,-0.03919068603622628,-0.02234936926742583,-0.10106702579508961,-0.10400114751093721,0.35069209253400696,0.12873638326865303,0.19635984030472792,0.21627234259576536
#12,0.3514124744001466,0.36545195196391717,1.0,0.6039668815593399,0.02061057144450908,0.3826630222569309,0.390370470718549,0.004741451441959056,-0.02824948800293253,0.6312298289093068,0.09201443951262661,-0.06404226665285404,0.016385499924296155,-0.026252500219142712,-0.20883105292097315,0.14379905808477236,0.6339583549155703,0.5523241080891552,-0.48407111380280343,-0.10617982452645251,-0.21258436994477603,-0.06858609121118185,0.053260445138617725,0.3521551689789543,0.18025324928878228,0.523417988827706,0.06071607870012511,0.12971814262604692,-0.10665954784881543,-0.16716843707416587,0.2927858218648646,-0.24088804596418809,0.3545314728781009,0.12367299125819793,-0.17040378041103205,-0.22467148515009283,-0.17250276916701862,-0.03668528715664321,0.47921331750193247,0.3838360334371937,-0.11466343663588044,-0.21786451402114926,-0.2785901553124178,-0.18437631983679845,0.09347114089681167,0.17565364294878436,-0.10032911251185363,-0.187812477587677,-0.2088342404513543,-0.013331845819155464,0.1861071488337623,0.23633306504952625,0.27691510809712405,0.3086342229199372,0.07729761174286193,0.1580807879575102,-0.03819777032249839,0.06860681015865933,0.1713855397684259,0.3592123612428181,-0.03381969734399031,0.08659882539505455,-0.03974372255735562,-0.08875359593271123,-0.07823952697049144,0.1183864721210624,-0.21882236690068452,-0.1321231342986238,-0.20851229988285827,0.049256906979894655,0.17345743451617274,0.32792356302146003,-0.015167863318697256,0.12966873590513908,-0.28362804707982375,0.0235000677350206,0.037174573070149576,0.3538636852632502,-0.05133198925802262,-0.01520133238769932,-0.20966140458526245,-0.021283140354931507,-0.13151272223063376,-0.12378614858672872,-0.26534596657874393,-0.20361625321741347,0.008386392432802875,-0.06195762178358263,-0.04551793384280694,-0.21105913665739626,-0.1500657428141112,0.10694483181792827,0.1449959757428938,0.2045836686880922,0.12289842137557874,0.43428985807520976,0.4167249719098885,0.34855007211787487,0.42272549785240143,0.254839866442477,0.3092207285100686,0.38418347424873894,0.26047063886077665,0.38986046585756523,0.257139669612476,0.2630780387125565,0.23039788347982693,0.06490449362095482,0.0476934233279411,-0.07514921626596753,-0.06529655985783614
#13,0.42782235893185855,0.34060993393843286,0.6039668815593399,1.0,0.21167273625576744,0.15646152252388656,0.3094566057582736,-0.12250476137350684,-0.10070683486201978,0.5579341615599773,0.11903194702324507,0.09407199037365825,-0.07627919578608483,-0.053529791455824816,-0.19886523918431098,0.1701264652678721,0.45108495565348355,0.2340523870618142,-0.2967989226147312,-0.011428890181609544,-0.17011530891153806,0.08775271139303047,0.026220624915331225,0.3158093538079035,0.09483221636956227,0.41212855310027174,-0.1735849357314187,0.055443903449704755,-0.07326697957589909,-0.009728342723266581,0.10157224936050172,-0.1654423893727737,0.2418554614348668,0.3520499804763764,0.15805528771446103,0.042746376176397934,0.06763620715759947,0.030233725665197747,0.37729203356469493,0.15453306664329144,-0.09891544278781407,-0.10103355672608755,-0.07660910518053375,0.01392950776562089,0.177123094454494,0.18055606467499144,-0.3325167943006957,-0.1208153702714979,-0.338152348014567,-0.044840583636812786,-0.11998183107682744,0.018564176939811456,0.06016304217899577,0.20866689510634398,0.004121476782825586,0.2230888763158524,-0.0531313501581812,0.11669229972348175,0.37014240291977785,0.3863844639769223,0.19932902485476814,0.2793216935348915,-0.1584999482026313,-0.07383595374893417,-0.30056498976005863,0.03597606164683757,-0.1514140681653372,-0.1504578090509925,-0.1802962809489278,0.01518698850098415,-0.21155798516204607,0.1814517607120943,-0.18537242308090748,0.05649578847548391,-0.3414992549147734,-0.0723920024862737,-0.04066810636788882,0.21528420817760918,-0.1793910223206815,0.051311270310545144,0.004636262939381141,-0.0480488329654392,0.02418379300177705,-0.10241694491150619,-0.09935372821522205,-0.0024320856808166453,0.31614882579349585,0.008061264333925683,0.04642319247105324,0.12676648949310299,0.046378567045717155,0.39155623202033646,0.29594944576815496,0.31483715704165305,0.37946752304982906,0.037952330483149915,0.1913904804405167,-0.06672616723378144,0.05640972515519289,0.20905099251727244,0.0342452326498737,0.08572862960100089,0.040919921267999586,0.11463953015802182,0.1998310608897991,0.0555219979440429,0.10991879766354024,0.23630915857166765,0.28491421558861735,0.16763541027500417,0.1913203547721314
#17,0.31632892126003076,0.13748456039971632,0.02061057144450908,0.21167273625576744,1.0,0.22411047980301063,0.27226290750583715,0.17627043007753668,0.18720844058044928,0.30567141343065923,0.10891950688905004,0.5050960641968619,0.10413024249137375,0.08430220975543673,0.06616356812150866,-0.08967001091729156,0.01893552422921531,0.016728159440269664,-0.17934320936496426,0.06414745515543195,-0.05953987998948115,-0.09962626206281029,-0.09093864800898883,0.03511542844392736,0.02793232873000821,-0.05321422594809107,-0.3411581891639905,-0.1832367777255377,-0.08243909824765518,-0.16450366167552535,-0.05705679382256612,-0.11097068268931938,-0.0008526643769573429,0.04398951302504602,0.23416873192072613,-0.041877774147534845,-0.04093426515471476,-0.12189116177513568,-0.03921140498370375,-0.13443728135533792,-0.01039772410330786,-0.10943907434117732,-0.24753564057407423,-0.09554303564455849,0.2810381786451402,-0.08345910796962283,-0.09963104335838201,0.17170748033692196,-0.14902023284909435,0.03651634804644232,-0.3819729219294121,-0.11598626174405725,-0.04944497127238244,-0.0834989520993872,-0.0529815362302672,-0.03500386488058714,-0.10554869351098503,0.06187474599367275,0.425423742320044,0.23534014933579836,0.2510578616452438,0.27716532923204423,0.2525560009243838,0.08501781032600467,-0.4535935420634478,-0.07730876809919594,0.13014049040154915,0.010859916008574456,-0.22383316465985068,0.21565874299739418,-0.2254476487979026,0.28453808700364175,-0.0793471937779407,-0.021315015658742997,-0.23984253599917124,-0.08042617281195961,-0.035260461076269636,0.10668823562224578,0.0919395325486696,-0.08506402951653133,-0.10077058546964275,0.16963080429360342,-0.19944536971368007,0.009803249687223582,0.22349209890906774,0.16729434452422123,0.3614292886229072,0.07300560208464486,0.2427718764194471,-0.04868474527647842,0.14678258652152779,0.3662870849237782,0.20787160627624732,0.2641554239813848,0.30621966865621686,-0.12678242714500873,-0.1503844958522261,-0.3481978500107579,-0.2670863581668513,-0.040889639729378674,-0.2837284542868299,-0.08446318003968475,0.022970937691749873,-0.07394114225151209,0.08302560383778658,-0.0008829459155782578,0.05359513582863837,0.19775119731609941,0.14915092159472146,0.37411725330507056,0.31759755835172804
#18,0.10138418506801393,0.20379794244913896,0.3826630222569309,0.15646152252388656,0.22411047980301063,1.0,0.2960179776713497,0.04892381005506459,-0.013178844360860314,0.24834367952569547,-0.12479500195236236,0.2586441839523783,0.5804476886420323,0.13249129405764648,-0.04743204583668688,0.05031835459681725,0.25530843340850595,0.4785455298870817,-0.04764879790260501,0.12326020607383914,-0.12083927674935652,0.030259225908246937,-0.005646710070205356,0.20943668369339144,0.08798221358047319,0.3291029492624852,0.02603415438803401,0.04977328690164078,0.18761166317366462,0.047306138386631495,0.2522739044856521,0.11208791208791209,0.27399054897241987,0.11067264859868195,0.06821793145215915,0.04388591828765868,-0.10876331790037373,0.14087928025563995,0.06329479077847461,0.14602873558638607,0.11457737331558941,-0.017893201794579604,-0.25542796579779903,-0.07029938879104941,-0.1290503550111962,0.009344245312338134,0.11313342205292894,-0.03477276892795384,-0.2343631712739762,-0.07135286758201914,0.02578074572273267,0.055843938512538945,0.08891934751253099,0.2128186534277905,-0.06836137031931086,0.12623895321502282,-0.32687486552606204,-0.040221852114527966,0.002279084222521496,-0.049374845603997165,-0.3458247336419925,0.03629640845014304,0.019107650869797353,-0.11968857828176174,-0.08752320920558775,0.1716867613894445,0.05534668377307971,-0.06489014973423965,0.1133358302321319,0.11987823633944011,0.16908573659842696,0.21306887456271068,0.10933866713417112,0.13535847763548997,-0.2663245384057567,0.031033795790866132,-0.07769764680569612,0.05159814804484855,-0.06653491541091251,0.09328945166508618,-0.1849532628357864,0.3091585716676362,0.06954872538628884,-0.08678529592235176,0.22913562144889194,-0.25998135294727026,-0.030942951175003387,0.09312370008526644,0.3786244212640152,-0.23623425160771064,0.02867502330881591,0.024132792515678667,-0.05176868092024002,-0.03271043677135048,-0.1765047135605511,0.2783526842990222,0.3279203754910789,0.20328634382296457,0.2941453035724247,0.3178477794866482,0.14916526548143663,0.2795496019571437,0.24008478830813856,0.4283897393397031,0.45149136577708004,0.30223206814939957,0.3454677302393038,-0.11733299333009267,-0.24131517503526206,-0.2690195953430181,-0.24629728502099785
#26,0.4143422929499797,0.44931747005713646,0.390370470718549,0.3094566057582736,0.27226290750583715,0.2960179776713497,1.0,0.16545035819872658,0.22684538087003642,0.4402489461227677,0.25314091274932465,0.13056443194224196,0.10080724206902597,0.23141789320179457,0.011924551155878205,0.0018902055160213247,0.15330267991616794,0.2108312282351441,-0.21050450637107634,-0.035945780108216654,-0.18795272892444756,0.03934368749452143,0.008510706117667684,0.09825721776410681,0.261334459594068,0.23286184446445504,-0.26366135677230673,-0.10541162970459562,0.05135748950107181,-0.03183545968172509,0.02713863366510212,-0.0492043127286057,0.11116512204256947,0.23018272517909935,0.295147781877296,0.09940154117093929,0.11215485022591622,-0.007956075831347768,0.08405039485532596,-0.11830200256596196,0.052881129023261,0.034812613057718204,-0.08893209763405557,0.08603782004797234,0.07240794013817944,-0.06734136059734319,-0.242405310425615,-0.13895560567061654,-0.28327104367713507,-0.11750511997067473,-0.3171194287945557,-0.15346524396560654,-0.14837475794691168,-0.013919945174477444,-0.0909784921387532,0.21780235717871685,-0.027618356987465037,0.18189163990469284,0.2899537011212138,0.16462000653443729,0.28060467451330395,0.3706890643801449,0.13075727753030147,-0.05932790921913474,-0.312204256946824,0.005691335495541442,0.13848066364382536,0.09530875216154404,0.003287937588155137,0.17421287921650502,-0.13539832176525432,0.3234673955486138,-0.28763317900373736,-0.023232315183004087,-0.13959151798165575,0.1590497971933795,0.26522005912868857,0.3728278972658958,0.21694650527137838,0.07016073121946943,-0.14686386854624708,0.04676744575221733,-0.0340077616364781,0.029487843556008895,0.05301978659484098,-0.06556590617504324,0.3707145646231941,0.09048920622524684,0.17696531170062715,0.03214146259831539,0.034149606738439225,0.27367498346468616,0.16687677804429074,0.07671110615273052,0.1664544302687885,0.06485508690004702,0.11462040497573492,-0.14583588999832656,-0.11307764027125884,0.09540119054259735,-0.21260987018782523,-0.06103801926862115,0.08959351018814397,0.13562144889193475,0.1563898030903107,-0.031298360812501494,-0.06172333830056818,0.4827482886946266,0.203146092486194,0.11602132457824989,0.14583748376351713
#49,0.575943708213469,0.1833738415319271,0.004741451441959056,-0.12250476137350684,0.17627043007753668,0.04892381005506459,0.16545035819872658,1.0,0.5954561754416722,0.05641450645076461,0.2595924742407701,0.27975519766672774,0.2228259050594076,0.2028161830917451,0.1366988341607631,-0.03436317127397621,0.08946441520770745,0.24316553642151903,0.03310728430380352,0.03904724716907458,0.18294830622604372,-0.04331535034943302,0.02891568185259266,-0.029701408091545874,0.1832686530293492,-0.06693813800412785,0.14280614237104447,-0.018873367386782906,0.14138928511662377,-0.37883161073878985,0.19719497326458893,-0.06933197332037071,0.07035995186829125,-0.09551594163631873,-0.042542374232004396,-0.11980014184510196,0.02456310911713377,-0.18717815904182836,-0.23676338165098135,-0.15243567165249544,0.1650375730143678,-0.15929523703272797,-0.2154164906884269,-0.17859573349058483,-0.06177752631704771,-0.07278725625353617,0.029723720804213916,0.1271824622078429,-0.02983209683717298,0.06509415167863318,-0.14661683494170805,-0.06786411557985161,0.05203483970706596,-0.0659292846384942,0.060585389954498005,-0.14182757054403175,-0.19432300839117372,-0.0734343249209094,-0.1945365729267107,-0.18468869781415104,0.06400879758385197,0.11198591111571532,0.16954952226888412,-0.10520125269943979,0.07030735761700228,0.028404083226418252,0.03738335631011483,0.05992078987002845,0.18625536899648576,0.23099395166110176,0.13743355991361791,0.13014527169712087,0.011677517551339162,0.011927738686259353,0.023944728223190877,0.10141606037182542,-0.09195068890500363,-0.14433615695399596,0.027400011156356333,-0.1631075233685821,-0.18539473579357554,-0.16945230259225907,-0.06808883647172262,0.20907330522994047,0.028869462662065998,0.04918200001593765,-0.09189171959295236,0.05760186151774259,-0.06963957000215158,-0.1124991035070803,-0.038798619799344965,-0.04520555586545434,-0.08560750344651723,-0.2747109308385596,-0.31838806588625296,-0.051433990230219384,0.04967606722501574,-0.07196487341519973,0.003614659452222904,0.07046992166644088,-0.049312688761564756,0.0989823809258182,0.08266541290471675,0.13022177242626845,-0.0033947198559236267,0.018232673780171967,0.049287188518515566,0.01601734016527345,0.051612491931563725,-0.250431511925348,-0.26431001920487057
#50,0.4326753739371578,0.35567579628493334,-0.02824948800293253,-0.10070683486201978,0.18720844058044928,-0.013178844360860314,0.22684538087003642,0.5954561754416722,1.0,0.08465283809736311,0.23450979767150906,0.17429097371084318,0.11999776872873319,0.3009634310577023,0.23062579190207907,0.07498983974691009,0.04499836639067966,0.15256795416331312,0.18822366900684523,0.07873837547514125,0.053317820685478405,0.08353720246396099,0.05763692435193523,-0.021475985942991018,0.08600753850935142,-0.005079329662360845,-0.19369187737570623,-0.06169624429232841,0.292964323566209,-0.022097554367315062,0.02377100781741826,0.04508761724135183,-0.11627792077393238,0.027581700388081824,0.18732319167417064,0.14896285730223366,0.28824518483691797,0.07768967797974324,-0.17341280909083664,-0.23314712843356789,0.16350437090103515,0.09970754408752959,0.10924463498792723,0.21178589358429822,-0.10527775342858736,-0.07768170915379037,-0.2099833451537585,-0.0475244842177402,-0.185115826885225,-0.1162141701663094,-0.32247926113045766,-0.16962124170245999,-0.21540692809728343,-0.1226386376495151,-0.1179625305803696,-0.06647594609886126,-0.2803321406657157,-0.05312656886260947,-0.008443767979663556,-0.08110352301795376,0.19273721202655214,0.27121580377562976,0.22677366143646058,0.09353648526962523,0.0425359991712421,0.14071671620620135,0.2144283562702707,0.23893090231016265,0.23914446684569962,0.3063551386974157,0.06559618771366414,0.24292647164293285,-0.3385460080166389,-0.01573205619616062,-0.03253671636557786,-0.007527352995083235,-0.15595470519328386,-0.13179003737379372,0.2763891655842345,0.16440166070332857,-0.10748989951310474,-0.08112742949581238,-0.17465435217429415,0.1459012343711401,0.0763062897943246,-0.0523695303970866,0.03844480392703743,0.11593047996238715,0.07401764298065966,0.12579588649204312,0.07195212329367515,0.0627019101275809,-0.020245599215867525,-0.2194407477946274,-0.09747627282072532,-0.09069002063925921,0.12922088788658767,-0.05469324004494418,-0.2214202041613209,-0.03095410753133741,-0.22161145598418985,0.022319087728804914,0.05537377778131948,-0.1283267856146754,-0.2770171090693208,-0.18108678848345272,-0.21787248284710214,0.20943827745858204,0.12575763612746935,0.029640845014304043,0.03319653515447569
#51,0.5131573285307875,0.5387500099610324,0.6312298289093068,0.5579341615599773,0.30567141343065923,0.24834367952569547,0.4402489461227677,0.05641450645076461,0.08465283809736311,1.0,0.22945756201738798,0.096110416052403,0.08071145678107244,-0.04263959390862944,-0.050130290304329465,0.16302942887424396,0.6280853301883034,0.28819737188120076,-0.4149925491477341,-0.2498657252826941,-0.18059431503956522,-0.1946242300121923,-0.025055582561021285,0.10159615583836033,0.11376933436396816,0.2389643713791647,-0.18320330865653564,-0.15419518842288965,-0.1044521830598698,-0.11320195395612365,-0.019977846663851016,-0.20133716899489199,0.11535513072858976,0.1665293372327455,-0.07226928256659947,-0.12351998979990278,-0.07793193028871057,-0.017947389811059138,0.39003896755890954,0.17180151248316586,-0.12264341894508682,-0.08884603431376455,-0.27067870490640616,-0.02693144419032744,0.159167735817482,0.0702133254707584,-0.24065216871598308,-0.2428420020878324,-0.12912048067958148,-0.11225206990254126,-0.10650814015571086,0.047924519280574396,0.15505104033022815,0.11364502067910334,0.01187992573054212,0.1335575229701408,-0.09292926073201635,-0.08622588434046012,0.4409916407015754,0.44474973902095005,0.13750209181681264,0.16140856967542971,-0.039440907171146476,-0.08921419407278726,-0.24196543123301645,-0.16060849954976134,-0.04778108041342269,0.0326466861637275,-0.23422291993720565,0.17208201515670696,-0.06338722915952792,0.36232179712962886,-0.2436101969096893,-0.09731689630166787,-0.36358565292575445,-0.19815920120488648,-0.0737403278374997,0.29017523448270366,-0.02452326498736941,-0.051142331200344254,-0.06834224513702396,0.014120759588489828,-0.0794157256811354,-0.029854409549841022,-0.31657276733418865,-0.019941190064467804,0.14444772051733618,0.03657212982811242,-0.006776689590322658,-0.031064077329487048,0.006706563921937381,0.19325837324387,0.23991425543274708,0.3761875542876268,0.4211157950099212,0.14385165233606134,0.1811186637872642,0.026242937627999268,0.0401947581062882,0.026577628318019905,-0.06357529345201572,0.17931133406115277,0.07288128839978006,0.05301819282965041,0.022231430643323318,0.031470487453083534,0.014798109794483979,0.18089234913020263,0.15357043246818447,0.2726246922040976,0.2684777151782228
#52,0.3295316720987497,0.3083154698818223,0.09201443951262661,0.11903194702324507,0.10891950688905004,-0.12479500195236236,0.25314091274932465,0.2595924742407701,0.23450979767150906,0.22945756201738798,1.0,-0.05827921172373674,-0.02202264740335806,0.20060403700722773,0.12227685295125469,-0.06984994700730741,0.08111149184390663,0.0012399493182669397,-0.0895170094589964,-0.1950625154396003,-0.043001378606889844,-0.167321438532461,-0.060290543394241725,-0.13154619129963582,0.15083393763596809,0.042696969455490126,-0.19834407796699313,-0.18079353568838702,-0.0013021061606993442,-0.0506897018862211,-0.03941700069328786,0.13643267537393716,-0.04290894022583653,0.08212831403549314,0.037165010479006125,0.05510602522930297,0.17062531377252188,-0.054022264899712326,0.12672983289371978,-0.1489979201364263,0.03920024862736973,0.07313310329989083,0.015926495549410707,-0.010171409446246284,0.10306401357887943,-0.1286455386527903,-0.29068205181330636,-0.16230426571253256,-0.08232594091912439,-0.08242794189132115,-0.23418785710301301,-0.1707623775789113,-0.15855891751468257,-0.21983918909227104,-0.10694483181792827,-0.06360557499063663,0.017515479444413454,-0.022019459872976915,0.15766800277315143,0.08385276797169473,0.5164659850664202,0.4681095554192001,0.10611926144921069,0.08377467347735658,-0.12604451386177273,0.009635904342213262,0.18604499199132993,0.15379037206448373,0.04521511845659779,0.1322283228012017,-0.22068707217365666,0.05221015387802915,-0.3116990333814119,-0.03672831881678872,0.09550159774960355,0.2229996254651802,0.06410920479085816,0.1561650821984397,0.013910382583333998,-0.001716485110248707,-0.07982532333511304,-0.1810772258923093,0.054109921985193925,0.14174628851931245,-0.2253536166516587,0.34521750910438365,0.34367952569547927,-0.0911410561881918,-0.2036895664161799,0.10025420554789663,0.05240459323127924,0.0909402417741794,0.11124162277171705,0.08074970714564624,0.18464725991919612,-0.011929332451449929,-0.055796125556821716,-0.25757795503988395,-0.30470399795998054,-0.15285164436723536,-0.24419829626501127,-0.18055447090980087,-0.04604387635569652,-0.18770410155471795,-0.13079552789487525,-0.29935532198041265,-0.31699830264007206,0.5036616755253448,0.39912980420594635,0.25825371148068754,0.2474432021930209
#53,0.29069480193483094,0.17147797814947924,-0.06404226665285404,0.09407199037365825,0.5050960641968619,0.2586441839523783,0.13056443194224196,0.27975519766672774,0.17429097371084318,0.096110416052403,-0.05827921172373674,1.0,0.1635250898485126,0.21249193156372273,0.013940664121954912,-0.1511016901879846,-0.01559339862458064,0.15461594243320131,0.07187243503414642,-0.04221405860274606,-0.21179704994063225,-0.11874506928894166,-0.09907163177649037,-0.02748766824183793,-0.1924774283004885,-0.09093705424379826,-0.10223684944497127,-0.10232769406083402,0.09292447943644463,-0.05339113388424484,0.17199435807122537,-0.03825833339974022,0.1258962936990493,0.09689136099578449,0.17359290455737156,0.1578688171871638,-0.0030871231741427534,-0.06200224720891871,-0.18110272613535847,-0.2804070476296727,0.11002876746168987,0.005383738813760568,-0.16752544047685455,0.01249990038967559,-0.018031859366159583,-0.1889679573508435,0.16307405429958005,0.2202153176772466,-0.0341575755643921,-0.06023476161257162,-0.19477723147048745,-0.20784610603319814,-0.13564376160460279,-0.18081584840105508,-0.18091147431248955,-0.052716971208631835,-0.2757819410466256,-0.19894173991345854,0.13777303189921028,-0.13122584449633035,0.16596195682490097,0.2883997800604037,0.17719481388806987,-0.07498505845133836,-0.10101283777861007,-0.0719983424842018,0.19928439942943207,-0.06875024902581103,-0.008757739722206727,0.179647618516364,0.02802954840663325,0.09215947214496888,0.09477005952712987,-0.012192303707894717,-0.08368064133111269,0.008467674457522173,-0.0561276287164612,-0.01972762552893082,0.0301492561100973,-0.02669237941174127,0.06559140641809243,0.11013873725983951,-0.08172987273784953,0.2792547553968874,0.3308289969638773,0.186763780092279,0.21293021699113068,0.12025436492441569,0.21035628620835292,0.03187371004629888,-0.0594426603128561,0.19626899568886516,0.009356995433862729,-0.010783415279426882,-0.014697702587477787,-0.22649953382368176,-0.017198320171489135,-0.21266246443911418,-0.01151335973670999,0.1159081672497191,-0.07264859868195618,0.1303747738845636,0.1270724924096933,0.13103778020384257,0.09175306202137239,0.17991218353799934,0.12710755524388592,0.13087043485883224,0.1295252970379874,0.01539736550613998,-0.03134458000302815
#54,0.050998892333192554,0.0715919323606053,0.016385499924296155,-0.07627919578608483,0.10413024249137375,0.5804476886420323,0.10080724206902597,0.2228259050594076,0.11999776872873319,0.08071145678107244,-0.02202264740335806,0.1635250898485126,1.0,0.16817410290941837,0.0906039573189682,0.01228633585413861,0.12518547442405312,0.2505765445576903,0.1028217612699121,0.0850656232817219,-0.010598538517320243,-0.024257106200543475,-0.01350875375530923,0.05056698196654687,0.00792101299715513,0.06351632413996446,0.058779653993577125,-0.037930017770481876,0.3115125628541147,-0.05045701216839723,0.05182924399748185,0.14022264899712325,-0.034259576536588864,-0.041842711313342204,-0.0010726039732566201,0.07913044171202256,-0.06885065623281722,0.09623632350245838,-0.08919028759492864,-0.0330275960442748,0.12054443018910024,-0.04618412769246707,-0.16446859884133272,-0.048844121795535864,-0.11809640685637784,0.055643124098526564,0.1893488672313908,0.031881678872251754,0.013046561850042633,0.04493780331343783,0.06462877224298544,0.05784570759190048,0.1051072205531959,0.06723935962514643,-0.028319613671317804,0.005791742702547634,-0.15651889807074723,-0.021157232904876123,-0.02766935747356342,-0.044140920718150595,-0.3101004868952657,-0.07142618078078557,-0.06817330602682307,-0.1545745045382464,0.000903664863055726,-0.0036305971041286486,0.11755771422196368,0.10340507932966236,0.1588872331439409,0.10660057853676418,0.13131031405143082,0.16889448477555802,0.10782618396831595,0.07975360390153718,-0.02914837157041653,0.08585453705105626,-0.12022727091617592,-0.10418124297747212,-0.0946616834941708,-0.03681438213707974,-0.3154332252229279,0.04014853891576154,0.18502657603455283,0.05937412840966141,0.13608364079720134,-0.09661723338300568,-0.12511375499047725,-0.028764274159488082,0.1268398026918694,-0.06788324076213852,0.02918343440460917,-0.19738941261783902,-0.2506211699830264,-0.17289005410832822,-0.26651419646343505,0.08844440548573979,0.11943676338165098,0.061017300321143685,0.094462462845349,0.012330961279474695,0.015727274900588895,0.14442381403947757,0.06624803767660911,0.2108758536604802,0.17784507008582426,0.17730318992102895,0.14857397859573349,-0.18456119659890508,-0.15038608961741667,-0.17183498155216792,-0.159542270637267
#58,0.1070484265553156,0.09019914096056228,-0.026252500219142712,-0.053529791455824816,0.08430220975543673,0.13249129405764648,0.23141789320179457,0.2028161830917451,0.3009634310577023,-0.04263959390862944,0.20060403700722773,0.21249193156372273,0.16817410290941837,1.0,0.2848361210942792,-0.09956091768999674,-0.05308353720246396,0.256978699328228,0.3976906342388576,-0.19550398839738942,-0.2271083521264812,-0.08979591836734693,-0.2768386073679765,-0.38711759596458656,-0.15427647044760895,-0.12124249934257186,-0.31903832208400734,-0.4150244244515455,0.3129039198654862,0.26381117070022075,0.2583078994971671,0.35928408067639395,0.12416387093689486,0.2911633689008598,0.2937930814653077,0.41033716102606604,0.3234132075321343,0.12719680609455808,-0.0256914948720605,-0.3804955015977496,0.08308297938464726,0.40913068077680115,0.11622054522707169,0.2817011849644192,-0.2792547553968874,-0.5266358007474758,-0.1543290646988979,-0.12667564487724023,-0.07011451202894278,-0.42607399851779837,-0.1810086939891146,-0.47482886946266206,-0.48346229550000397,-0.45565746798524176,-0.4268262556877495,0.028555490919522825,-0.3254866960450717,-0.35088653188725705,0.05087457864832774,-0.23729888675501437,0.21987425192646368,0.4267274422459339,0.2725450039445688,0.18499310696555077,0.17452525719385764,-0.09489596697718525,0.6329208137765063,0.20005418801647953,0.32977551817290757,0.23969909713201953,0.18331646598506643,0.03059072906788643,-0.10289826199905967,0.07075839316593487,0.33751962323390894,0.3110328395317518,0.22699997609352215,0.034694674433615694,0.15743690682051814,0.19251727243025285,-0.111294217023006,0.12268485684004175,-0.2112376383587406,0.13266182693303796,0.04380782379332053,0.22012606682657443,0.22877383675063154,-0.09097052331280032,0.21796492122815544,0.06982285299906765,0.17330124552749643,0.22661428491740312,0.08417470854019077,-0.030155631170859596,-0.07116958458510307,-0.003169998964052626,0.028843962419016805,-0.10072755380949724,-0.15474981870920956,0.012345305166189865,-0.045447808174421664,0.1345950641092048,0.2924335997577477,0.053094693558797985,-0.0006231621895146189,0.05102120504586059,-0.040913546207237285,0.31240825889121754,0.20511598626174407,-0.02035397524882659,-0.0004032225932153416
#101,-0.051574241566989934,0.17441369363051742,-0.20883105292097315,-0.19886523918431098,0.06616356812150866,-0.04743204583668688,0.011924551155878205,0.1366988341607631,0.23062579190207907,-0.050130290304329465,0.12227685295125469,0.013940664121954912,0.0906039573189682,0.2848361210942792,1.0,0.25862824630047254,-0.039847317294742966,-0.09313804397198161,0.4994254476487979,-0.13499828670242014,0.3115571882794508,0.13015005299269258,-0.06401039134904254,-0.3621225764808071,-0.04218058953374399,-0.35214082509223915,-0.39492863916359205,-0.6268294432181307,0.4060403700722773,0.2997888261122489,-0.049317470057136485,0.20149017045318712,-0.01943437273386512,0.1405190893225701,0.24690291579341617,0.19131716724175027,0.3473388105730383,0.1441034672361721,-0.1535481197555164,-0.4859820382663022,0.33474169050673763,0.41824542390169656,0.2046824821299078,0.37647283825673966,-0.2901975471953717,-0.48248531743818185,-0.25327000772976116,-0.3776378806110496,-0.23807026910725243,-0.6163472495597224,-0.36539138888667533,-0.4943317740997219,-0.2519949955773016,-0.317136960211652,-0.11959613990070843,0.048362804707982376,-0.2831339798707456,-0.47379929714955094,0.05061160739188295,-0.3457004199571277,0.1786164524380623,0.10663882890133797,0.41444907521774815,0.15974627258166055,-0.003880818239048841,-0.14857557236092406,0.47283985050482513,0.25655316402234457,0.6027062132935954,0.3768904047366701,0.175913426674848,-0.017772075640095943,0.07026113842647563,-0.10446015188582267,0.3622341400441473,0.020170692251910528,0.23695782100423143,-0.052047589828590556,0.30338595414737546,0.27502330881591214,-0.05595709584106973,0.12107993529313327,-0.19208854959398833,0.006738439225748871,-0.12105124751970292,0.13276860920080644,0.1232442684219334,-0.11576791591294855,0.2685653722637044,-0.059154188813362124,0.19023181314696905,-0.1157583533218051,-0.1750464184111755,-0.07665532437106042,0.07648957279124066,-0.050219541155001636,-0.1321725410195316,-0.2163886874546773,-0.42853955326761706,-0.23271681183211276,-0.3836734693877551,0.14364605662647723,0.0367171624604547,-0.403509470949645,-0.3009921188311326,-0.2350309588888269,-0.16106750392464678,0.05257512610667071,-0.01690506737642343,0.2731315095347003,0.31320832901688594
#102,0.01465626469252285,0.06037182541896102,0.14379905808477236,0.1701264652678721,-0.08967001091729156,0.05031835459681725,0.0018902055160213247,-0.03436317127397621,0.07498983974691009,0.16302942887424396,-0.06984994700730741,-0.1511016901879846,0.01228633585413861,-0.09956091768999674,0.25862824630047254,1.0,0.20123038672712348,0.1504275275123716,0.23236937102056754,0.41364263003131746,0.29853134537688564,0.6643418945086821,0.29105658663309136,0.3930703089513822,0.04750057773988158,0.34010949166859245,-0.05174318067719083,0.04865765126823865,0.258210679820542,0.21353425399835843,0.025234084262365626,-0.09343289053223788,-0.1812525400632725,-0.0630270382264581,-0.0418618364956291,-0.06307803871255648,0.03373363402369929,0.23494808309891704,0.07876387571819043,0.198052418937118,0.2268214743921778,0.08336188829299779,0.05285084748464009,0.2781295571723418,-0.08319932424355919,0.2051127987313629,-0.3834312170787878,-0.5848209803249688,-0.36404146977025875,-0.09970913785272016,-0.18415797400568973,0.19637099666106192,0.01485229781096351,0.35470041198830177,0.0459323127923563,0.28261600618380894,-0.3883336388049949,0.03633147128433568,-0.05639059997290599,0.07953844560080964,-0.14340858561308162,-0.14016049215469084,-0.12362199077209955,-0.26075592282988946,0.06574281411119699,0.2642430810668664,-0.014085696754297189,0.03237255855094869,0.28580991162572017,0.3864211205763055,0.15766162771238915,0.2520141207595885,-0.09186303181952203,-0.09774243160755126,-0.21778004446604882,-0.3231327048585932,-0.2589422180430157,-0.15984189849309502,-0.08779574305317597,0.42122576480807083,-0.09649291969814087,0.006051526428611273,-0.17130744527408776,-0.23848146052642064,-0.13893010542756737,-0.27290678864282925,-0.2437727609591279,-0.11574719696547107,0.03787582975400234,-0.06310991401636797,0.007014160603718254,-0.22140426650941517,-0.08821649706348764,-0.16157591502044003,0.06727601622452964,0.001429607375945302,0.38314115181410324,0.0501717281992844,0.1002127676529417,-0.17456032002805028,-0.15952473922017069,0.27318410378598923,-0.032407621385141326,-0.17966196240307916,-0.3568041820398601,-0.2283196136713178,-0.277203579596618,-0.14950792499741014,-0.2440660137541936,0.0834176700746679,0.09058164460630015
#201,0.3727832718405597,0.40166389085895976,0.6339583549155703,0.45108495565348355,0.01893552422921531,0.25530843340850595,0.15330267991616794,0.08946441520770745,0.04499836639067966,0.6280853301883034,0.08111149184390663,-0.01559339862458064,0.12518547442405312,-0.05308353720246396,-0.039847317294742966,0.20123038672712348,1.0,0.504541433910542,-0.17985640175632925,-0.07633019627218322,-0.11732183697375866,-0.13348420977137437,-0.0016527345026257283,0.14503900740303932,0.05049366876778044,0.32053008630238505,0.04412498306624485,0.03977719162635769,0.07062292312473603,-0.022129429671126553,0.09307110583397749,-0.041643490664520395,0.2731729474296552,0.08428149080795927,-0.22124967128592946,-0.06383348341288878,0.03735466853668449,0.09817912326976866,0.47541696881798406,0.23600953071583963,-0.038247177043406196,-0.061548024129604986,-0.19941349440986858,-0.007350445058929468,-0.1215835650933548,0.09058483213668131,-0.16128106846018375,-0.2937564248659245,-0.24774761134442064,-0.1752456390599973,0.11293898269967885,0.11724533624461109,0.17066356413709569,0.12822319087728806,0.02399572870928926,0.06931762943365553,-0.15301739594705513,-0.16574361099379228,0.060843579915371065,0.2275832941532724,0.012366024113667334,0.030216194248101427,0.04781295571723418,-0.011588266700666991,0.12214297667524644,0.11104240212289523,-0.011196200463785671,-0.20256914948720606,-0.023013969351895387,0.16186757405031515,0.2915586226681223,0.36027062132935955,0.009776155678983815,0.06878690562519424,-0.20642765501358684,-0.05926097108113062,-0.041058578839579564,0.20219302090223049,-0.09912422602777933,0.03738973137087713,-0.24915171847731674,-0.11328164221565237,-0.16546629585063233,-0.1611551610101284,-0.25721298281124244,-0.15498728972260517,-0.09191721983600157,-0.14191044633394162,-0.02864155423981385,-0.19478838782682148,-0.0754504378869861,-0.08152905832383715,-0.01993322123851493,0.0817569667460893,0.06700188861175083,0.3298791129102949,0.25302616165560327,0.272945039007403,0.2893369139924615,0.13493612985998774,0.11727561778323199,0.39527129867956556,0.21370478687374989,0.1323462614253042,0.05924184589884372,0.11212775621767646,0.11160500123516802,-0.032144650128696536,0.05031835459681725,-0.019906127230275163,-0.014863454167297532
