,#10,#11,#12,#13,#17,#18,#26,#49,#50,#51,#52,#53,#54,#58,#101,#102,#201,#202,#301,#302,#401,#402,#501,#502,#601,#602,#701,#702,#801,#802,#901,#902,#1001,#1002,#1101,#1102,#1201,#1202,#1301,#1302,#1401,#1402,#1501,#1502,#1601,#1602,#1701,#1702,#1801,#1802,#1901,#1902,#2001,#2002,#2101,#2102,#2201,#2202,#2301,#2302,#2401,#2402,#2501,#2502,#2601,#2602,#2701,#2702,#2801,#2802,#2901,#2902,#3001,#3002,#3101,#3102,#3201,#3202,#3301,#3302,#3401,#3402,#3455,#3501,#3502,#3601,#3602,#3701,#3702,#3801,#3802,#3901,#3902,#4001,#4002,#4101,#4102,#4201,#4202,#4301,#4302,#4401,#4402,#4501,#4502,#4601,#4602,#4701,#4702,#4801,#4802
#10,1.0,0.3254065726432283,0.5749626444815054,0.651046436524539,0.1033865790057166,0.2976198509635314,0.27433314374403517,0.6136195810397849,0.1271283005408115,0.5794279544600079,0.6326492051709678,0.22516460528472135,0.0573722923274175,-0.09457549670789431,-0.01674105636586236,0.1952493420608678,0.4965613642717361,0.2592366942053156,-0.04208304011259676,-0.011030241099746464,-0.033915918752952294,0.12634552167584087,0.2835336874475818,0.2413638861307395,0.2655220614462129,0.24526621229502665,-0.1643315049212883,-0.25763257594015404,0.08607675474535587,-0.13147021680660928,0.178938235662711,0.08092892329345532,-0.009310441228924257,-0.0418709571688855,-0.039730847464162805,0.10266935305062035,-0.1570011471759228,-0.004744873858849161,0.24879835732119962,0.20078277886497065,0.03616399795629163,-0.19697299798521203,0.04237995623379252,-0.09780686955934949,-0.3496033084939219,0.16258856872933397,-0.24998602180598267,-0.30936153393809107,-0.32710323619291837,-0.2144254962258876,-0.057865867178236434,-0.050770728697714325,0.04392237764260168,0.2253419837467344,-0.16509114746512682,0.1686078682772117,-0.43402388825156896,-0.22679571592453704,-0.37231546373863666,-0.11836734693877551,0.1766670201382395,0.18023386964611068,0.033495608919051796,0.06316022866397386,0.11188146491473301,0.003491656464191723,0.2597418372167006,-0.06764481891008647,0.27995526977914453,0.2360888049126122,0.4605419683225203,0.2803601553989569,0.44750850741808296,0.2993704992625298,-0.029473745095581927,0.05840185861779761,0.09561663115884049,0.0007769947846876115,-0.03707402658748903,0.2775568044884463,0.08791223622183876,0.0026201883682145507,,0.31137824993010904,0.07380293638475702,-0.18063489921240106,-0.34459429496881416,0.11438789970404789,0.015669073486739998,0.11648173676650632,0.04652521376996713,-0.15840860671146115,0.030892772791686347,-0.3581521791522466,-0.21100903280537534,0.29939749163718393,0.16522996539191964,0.04356376466505355,0.14403709523488187,0.23614664571544253,0.11986735175884242,0.16338291575487068,0.09395081603732659,0.05089412241041906,0.09359605911330049,0.24236646004646545,0.18094723954768493,0.06941474747669497,0.12055758533928451,-0.22393066815767404,-0.4160238304107661
#11,0.3254065726432283,1.0,0.41394927361591777,0.2643806696036941,0.06965767884858241,0.3057638360020437,0.3138114197025055,0.1339843637029682,-0.022683234843299625,0.4629481457202626,0.30755304483626233,0.08694822284133304,0.27813906857027176,0.1486913518359635,-0.21515429034154995,0.06595201141391842,0.21370827027079137,0.31955693945031954,-0.016143368069948812,0.2675002169030106,0.06847387041732139,0.28444371607877916,0.21517357060916006,-0.06036844591402929,0.1958701666779135,0.003857981548783897,0.09884029190325162,0.02217037972487058,0.19472106272835066,0.0867052914694456,0.2686955934948377,0.0355354612322019,0.282565818013554,0.23327002978801345,0.1521001031494317,0.26950150868094047,-0.0836397289194374,-0.0022345830160122623,0.017801471084418652,0.20862213567524318,0.16967213904929002,0.027653687833187123,-0.07880038174929868,0.27505808180617547,-0.25602845767499255,0.13099206616987843,0.1513404606055932,0.10189814234621576,0.1448005938322424,-0.09145209335505577,0.13095736168818023,0.01897371135511361,0.021480146144428485,0.23325074952040334,-0.17102561383552004,0.0864700722046022,-0.26250277153846896,-0.22169415711490076,-0.10956783280151929,-0.23561065427588135,0.1262529763913123,-0.0858800960157327,-0.15060395438288685,-0.18943055729613528,0.17852178188233253,0.08097905198924162,0.03693135260717419,0.11148043534844264,0.048742444545130284,0.3334233079155139,0.12586737103911003,0.35413031532877676,-0.1494818428079782,-0.28105038897939905,-0.10814880510541486,-0.12183008300155206,-0.13036352944578872,-0.1758071202028284,-0.005809144630927477,0.23069032998178016,-0.13753578899675128,0.09308320399487145,,0.0010006458889649389,0.19742801230081072,-0.1103968843087542,-0.056446839482132014,0.05789285955289059,0.042410804661968705,0.05712550490200804,0.013447986658054814,-0.22926359017863168,-0.07490191163853355,-0.10405367626502655,-0.04618588106002911,0.21519285087677018,0.12781082201420957,0.320636634436486,0.27847454522668774,0.12430566936269076,-0.08764231247529716,0.20644346543530023,0.1509317189322588,0.2606055932056337,0.36297995816181927,0.22433940983100845,0.17072869771432428,-0.004602199878534314,-0.3806946680419924,-0.1044816982059711,-0.053246315058853015
#12,0.5749626444815054,0.41394927361591777,1.0,0.6742251742454185,0.1257285531123172,0.19643700654565086,0.22447051565075724,0.13416174216498125,0.09288654526524828,0.4619879883932789,0.36306093528578176,-0.017577819980141324,-0.10292770863659588,-0.10286986783376553,-0.09875545872576712,0.16084563253737963,0.5624574629095852,0.3613951201642679,-0.2899925770969701,0.1501759324419423,0.10396113098049801,0.0003142683620448652,0.1633559233802165,0.3023743649561856,0.16304743909845468,0.12756017853527807,-0.0010700548523613507,-0.075653842075328,-0.023523854511100614,-0.2306980420888242,0.20912727868662817,0.08689038203850269,0.20554886101819092,0.051414689635892144,0.027067567697839644,-0.04829899839009765,-0.25517626984662545,-0.18456421775134238,0.1576759565422768,0.10737373834748826,0.09766419557903463,-0.1426296356993435,0.003954382886834469,-0.027584278869790712,-0.19743572440785478,0.3254567013390146,-0.162087281771471,-0.13648694243876106,-0.08525927139868701,0.07538391832878641,0.28758639969922783,0.34130508131452864,0.3876625567562878,0.21208872779154175,-0.042792553960648974,0.04827200601544349,-0.1253737961882911,-0.10367578301986831,-0.23965565442048337,0.020917162330213145,0.10107294689250287,0.16391505114090985,-0.14703710487501567,-0.17613102869867833,-0.0700432842007847,-0.12466042628671686,0.026743659201989723,-0.09759093056211621,0.060742483105665504,0.03514214377295557,0.21021854183336064,0.13768617508411016,-0.004683177002496795,0.058054813800815556,-0.06263194933145672,-0.0014248117763874563,0.022151099457260466,0.018564969681779182,-0.016297610210829726,0.15801914530573685,0.14956281993194065,-0.1650217385017304,,0.16094203387543018,0.030229531585898414,-0.07857287459149934,-0.13521058872297148,0.1250537437459632,0.0391408712752933,0.18438298323580732,0.08328882804893332,-0.14681730982426036,-0.01069090838980845,-0.24621094540792227,-0.1261488629462177,0.4180636827239162,-0.02148785825147253,0.20691776001850906,0.22491010575226783,0.2856159563494741,0.31131655307375666,0.35613546316022865,0.11262182719096141,0.15665410235894076,0.309519632132494,0.25689606971744766,0.3218551473494452,0.09386212680632007,-0.10919379560988307,-0.15406283439214136,-0.2022056626145971
#13,0.651046436524539,0.2643806696036941,0.6742251742454185,1.0,-0.20996789835442917,0.21667743148274898,0.2442597823257787,0.2681171854665343,-0.028856776532058266,0.5873482883942429,0.3192754475432119,-0.1101269605622126,-0.10882747052529089,-0.0357706804970453,-0.13928643729574966,0.08915774150945215,0.6181774363028159,0.0169839877377498,-0.23217105453423695,0.0962605920970183,0.048245013640789335,0.05085941792872085,0.03566271099842866,0.2240116452816365,0.16832252031658199,0.13360647045780996,0.1381990302025392,0.02014980767933059,-0.16571582813569452,-0.24255155061552255,0.0428812431916555,-0.05014604802714662,0.29739234380573204,0.09407420975003133,-0.03627196745490827,-0.03418198644597187,-0.31349136726017757,-0.22883556823768714,0.10892772791686349,0.17420300193766688,0.13498693761869415,-0.24968139357774286,-0.004054640278407064,-0.17753463218069468,-0.2106697000954373,0.22771345666277848,0.12741750455496323,0.07076051015588096,0.051445538064068326,0.01737344914347411,0.24837033538025508,0.14545612293098628,0.3047304136581416,-0.0742540946468337,-0.15360396402302065,-0.07597775057117792,-0.1314779289136533,-0.1515409753887384,-0.061498269595981994,-0.053080504757406034,0.26848351055112646,0.07352144447764936,-0.06954585329644375,-0.11375550692643614,0.08490451447466091,0.016872162185611137,-0.0650882554249853,-0.2300116645619041,-0.04070257295171257,0.05286456576017275,0.08559860410862503,-0.04905478488041414,0.025104836455129998,-0.04086067114611551,-0.03580152892522148,-0.09073872345348154,0.08835568237687139,0.03552774912515786,-0.32428446106831965,-0.037505904581955594,-0.15774922155919524,-0.16963357851406977,,-0.04731184868845979,-0.16722354506280548,-0.019343892493227807,-0.21884453356212585,-0.010417128589744825,-0.09562819931940655,0.1396604744873859,-0.04162031368995402,0.012611223043775847,-0.10436601660031042,-0.10035186488388459,0.003229444824694167,0.11080562598208864,-0.037606161973528195,0.10452025874119132,0.3020196080321595,0.1257285531123172,0.1597659375512132,0.19160537148255619,0.0169338590419635,0.1428648549641869,0.19680718768376504,0.33899530525483695,0.33641946150212565,0.12218483992557817,-0.10431588790452412,0.08939296077429555,-0.0227295074855639
#17,0.1033865790057166,0.06965767884858241,0.1257285531123172,-0.20996789835442917,1.0,0.33240916583922187,0.030715394329673296,0.24390502540175257,0.10513337125119297,-0.023554702939276796,0.19829176828974387,0.34172539114842915,0.2936134113541496,-0.12334936808922908,-0.1905141083358237,-0.02187731965719684,-0.07462813183846992,0.1821541843000781,-0.13207561720956687,-0.10356781352125168,-0.45229386983891334,-0.057514966307732354,0.05834401781496727,0.29611599008994244,-0.11290331909806908,0.37189129785121416,-0.260150578890035,-0.09279785603424176,0.11207426759083416,0.1998804623408173,0.11771567389355364,0.22221858039389586,-0.13020543125138576,0.0061330531267774,-0.023057272034935846,0.06868595336103266,-0.07147002400393318,0.13643295768945274,-0.04231054727039611,-0.0035379291064559976,-0.1873097278590227,-0.03546605226880549,0.01950970279467479,0.17876471325421997,0.19838816962779443,0.1509857036815671,-0.2809424194807824,-0.22369159283930862,-0.1458301601226225,0.033769388719115424,-0.13107304329384092,0.08112558202307849,-0.017446714160392545,0.24474564506955357,-0.15153326328169436,0.041971214560458096,-0.19349869376186943,-0.0626126690638466,-0.014762900909064618,0.14018104171285897,0.01367163776233214,-0.011600937021005852,0.18541640557970945,0.3106648800285348,-0.15532761994736488,-0.06182603414535394,0.38196330965073794,0.41011635641502703,-0.07417311752287122,0.02635419779626541,0.03147118081998978,0.17950507553044837,0.18175701078730971,0.16682251549651508,-0.17545621933232433,-0.05281443706438645,-0.14672862059325384,-0.13778643247568276,0.3266250855561875,0.3534092333201585,0.19480589590583516,0.3077072869771432,,0.268240579179239,0.59593957564131,-0.16435464124242044,0.024395322607077788,0.13698051728957997,0.12899463044547058,0.22245765571226128,0.5261450068926957,-0.05507408442829186,0.39171912506145584,-0.04816018046330483,-0.16383793007046937,-0.019563687543983112,0.2684488060694282,0.09031841361958104,-0.07603173532048625,0.23251038724417494,0.12025681316456673,0.09002920960542932,0.19463622955086615,0.004370836667212941,-0.06554712579410603,0.01011635641502704,-0.007837428783511515,-0.13492138470881976,0.10137757512074268,-0.038173001841265555,-0.15303712415528328
#18,0.2976198509635314,0.3057638360020437,0.19643700654565086,0.21667743148274898,0.33240916583922187,1.0,0.17480069023358044,0.40578600830979533,0.15675821580403537,0.45697511881464914,0.1273288153239567,0.4007461463565114,0.5599548841737924,0.17115286360174678,-0.24567109791483907,-0.24576749925288963,0.45355094328709283,0.2110514493941176,-0.0053579863688508,-0.17999093827422324,-0.25474824790568096,-0.20087532414949918,0.1011462119094213,0.08161915687389741,0.09464490567129072,0.0978608543086578,-0.009268024640182006,-0.09143281308744565,0.2641107458571525,0.15727492697598644,0.33010710188657416,0.14445354901526034,0.15072734809559157,0.05994428002660677,0.08776185013447986,0.30275611425486587,-0.13561547434278387,-0.031505885301687984,0.057268178882322884,0.05628874128772907,-0.07130806975600822,-0.28587045588192767,0.10414236549603309,0.08361273654478324,-0.018692219448005937,0.025941600069408963,0.01141199039842673,-0.031235961555146387,-0.043556052558009505,-0.13726200919668766,0.03359586631062439,-0.0475663482209133,-0.04512932239499484,-0.15261295826786075,-0.29032419769986406,-0.2138355200370181,-0.0859803534073053,-0.19489844119036373,0.013305312677739966,-0.037370942708684796,0.13478256678202694,-0.016305322317873773,0.32030115778007,0.091490653890276,0.12892136542855215,-0.051094637193564246,0.2866416665863322,0.2024601621470506,-0.008423548918858994,-0.008288587045588193,0.17131867390319377,0.04681827383764087,0.2758871333134104,-0.0019646592694706603,0.008932547983766014,0.036996905517048574,0.031529021622820126,-0.03633366431126064,-0.02620766776242854,0.19234573375878458,-0.08204717881484196,0.1747428494307501,,0.057445557344335936,0.38597746136716377,-0.18500766390637502,-0.1637068242507206,-0.1173879093441817,-0.2019395949215775,0.30059286822901105,0.16963357851406977,0.07597775057117792,0.11299972043611965,-0.04073342137988875,-0.10942515882120443,-0.0098734250431396,0.04650207744883499,0.15823508430297012,0.17018499416771904,0.24703228480811312,0.1936645040633164,0.3354168875863997,0.18683543327581387,0.21606817502626938,0.1885783694677682,0.26713774787194045,0.2810966616216633,0.07879652569577665,0.027946747900860863,-0.016737200312340335,-0.08708704076812586
#26,0.27433314374403517,0.3138114197025055,0.22447051565075724,0.2442597823257787,0.030715394329673296,0.17480069023358044,1.0,0.11689433449336277,0.10342513954093682,0.44059845950661797,0.44463960359769794,-0.18700124357726086,0.1745384785940829,0.4308117956677239,0.012194769263397376,0.0988711403314278,0.30647720590361793,0.09453693617267407,-0.046228297648771365,0.1472954604609912,0.11094829996240348,0.1480512469513077,0.0037422999431232108,-0.0028091349907936724,0.06300984257661496,-0.03287092824848409,-0.20511312697020234,-0.07182092487443725,-0.0021921664272700103,-0.0005494876268882612,0.012965979967801954,0.11513597408732033,0.1000009640133805,0.09829273230312437,0.5381064849180106,0.2861133872538151,0.07837621586187617,0.03846220585541727,0.09337240800902316,0.17116828781583487,0.5074354352038406,0.3050697463680796,0.16757830198683157,0.04065244425592627,-0.17717987525666856,0.1157028139550577,-0.05863707788264101,-0.03725526110302411,-0.02613825879903213,0.027295074855638996,0.026172963280730335,0.12730567900282455,-0.05343526168143214,0.21697049155042272,-0.03856631930051189,0.22032525811458262,-0.05025401752576326,0.1397453076648704,-0.23085614028322712,-0.13328256196196003,-0.12599076475181475,0.17785082856950055,0.008076504101876934,0.2824347121938052,-0.1621065620390811,-0.15798444082403865,0.17178911243288056,0.4215148506261267,0.0795793045607473,0.06472964244743717,0.19008608639487917,0.12965015954421447,0.03089662884520837,0.06649571496052366,0.2669912178381036,0.30083579960089846,0.17111044701300454,0.1440255270743158,0.2666056124859013,-0.021572691428957035,0.16971069958451024,-0.1863032978897747,,0.10922850009158128,-0.051241167227401116,-0.25537292857624866,-0.335135395679292,0.12415528327533186,0.40133997859890297,0.18316447032284808,-0.006364416338098772,-0.2568999257709697,-0.013559812210193478,-0.29641676226466024,-0.39239393442780984,0.08193920931622531,-0.05321932268419886,0.0053541303153287765,0.02255598507707287,0.01515236231478893,-0.05389798810407488,0.04441209643989859,0.0602026356125823,0.062369737691959165,0.01640943576296839,0.09939941966394493,0.01230659481553604,0.024221800198586756,0.08239036757830198,-0.27442568902856374,-0.2338175893881407
#49,0.6136195810397849,0.1339843637029682,0.13416174216498125,0.2681171854665343,0.24390502540175257,0.40578600830979533,0.11689433449336277,1.0,0.41064077969402213,0.4535663675011809,0.5515602556563485,0.4973749915648829,0.40428214743620644,-0.021237214772541042,-0.2788871429535442,-0.15410139492736158,0.37781419606104133,0.19018634378645174,0.037798964649629334,-0.08348163072503446,-0.20766197834825947,-0.017743630281588308,0.03267812557238294,0.14691756721583296,0.11202413889504786,0.12288278561306432,-0.31005176751853314,-0.33535133467652534,0.1478661563822506,-0.06284403227516798,0.09282870446241794,0.18698967541669478,-0.16917085209142702,-0.19519150125803747,-0.020477572228702536,0.041843964794231345,-0.04846866474506666,-0.018059826670394186,0.07263069611406206,0.03781438886371743,0.04863061899299162,-0.18833543809588077,0.15149855879999613,-0.0804893331919447,-0.22380727444496928,-0.052266877464259204,-0.2904707277337009,-0.3413783463314471,-0.4366999893958528,-0.3349850095919331,-0.2063702004183818,-0.09870918608350283,-0.2302083232915273,0.12417456354294197,-0.24403227516797932,0.00796467854973827,-0.3993733913026713,-0.23293455313159747,-0.2728716994591885,-0.17529040903087734,0.07628237879941774,0.11043544484397444,0.03313699594150367,0.09624516788293022,0.06117821715365409,-0.07147002400393318,0.37373449143474113,0.19922878929559543,0.25173281405145903,0.1479664137738232,0.49636856159563497,0.22682656435271323,0.4497488745143783,0.23190884289473937,-0.054341434259107514,0.02693646187809087,0.05415248763652839,-0.0627630551512055,-0.03996992278252822,0.09839298969469697,0.11544060231556014,0.19519150125803747,,0.3326482411575873,0.341035157567987,-0.0741037085594748,-0.276828010372784,-0.010070083772762766,0.035041886381382975,0.15064637097162908,0.16919398841255917,-0.010135636682637155,0.1610268670529147,-0.3029142124492688,-0.3180415104161646,0.03258172423433237,0.028490451447466092,0.14045867756644462,0.10425804710169377,0.08223226938389905,0.054734751718353854,0.0791242902451486,-0.01077188551377093,0.07129650159544214,-0.18938042860034898,0.10842258490547849,-0.06499571014045676,-0.09473745095581927,0.23981760866840832,-0.3183615628584925,-0.4196138162397694
#50,0.1271283005408115,-0.022683234843299625,0.09288654526524828,-0.028856776532058266,0.10513337125119297,0.15675821580403537,0.10342513954093682,0.41064077969402213,1.0,0.07576566762746667,0.3565789093152613,0.3121494606345136,0.1817377305196996,0.030780947239547683,-0.04330926513260004,-0.21565172124589088,0.23030086857605583,0.1989742897631419,0.12288278561306432,-0.15342272950748556,0.1178776281414786,-0.08860246980228086,-0.06521550519121205,-0.023149817319464396,0.04947123866079261,-0.19474805510300483,-0.14917721457973837,-0.1665217433217973,-0.05916921326868017,-0.16439320177764066,0.011971118159120048,0.06255868431453829,-0.09883643584972959,-0.16701531817261622,0.03669227728880877,-0.1343931053763026,0.08370913788283381,0.002643324689346688,0.10977991574523055,-0.010043091398108606,0.3107111526707991,0.060557392536608405,0.3808064935941311,0.04699565229965392,0.0014132436158213876,-0.02468067056770748,-0.24907984922830728,-0.21835481476482893,-0.3177947229907551,-0.12695477813232048,0.06100083869164104,0.16029807293725237,0.022960870696885273,0.059951992133650815,0.0327552466428234,0.001841265556765928,-0.16901275389702408,-0.10742772309679659,-0.42564082789469115,-0.18213104797894594,-0.38933222793132366,-0.031047014932567264,0.011365717756162455,-0.09975803264149306,-0.12044575978714585,-0.12312571698495176,0.20299229753308975,0.23178159312851263,0.2514204737161752,-0.1178082191780822,0.27126372514050495,0.10350226061137728,0.23252581145826304,0.09584413831663983,-0.09158319917480455,-0.09070401897178333,-0.10789816162648337,-0.19327889871111412,0.03598661949427858,-0.12401260929501702,0.1174071896117918,0.015746194557180453,,0.12253188474256023,0.15488031773881022,0.12361929183577068,-0.2038252050938467,0.0318953467074123,0.15232761030723108,0.146420136311492,0.18471460383870128,-0.1364445258500188,-0.019706361524297958,-0.35311617325248473,-0.4059672428253304,0.05014604802714662,-0.1381141970250547,-0.019852891558134828,-0.01932075617209567,0.10008194113734299,0.23114148824385683,-0.03747505615377941,-0.02699430268092121,0.0012744256890285636,0.042861962924045385,0.012900427057927565,-0.008250026510367964,-0.37953399593186354,0.08729912371183712,-0.4589609863784909,-0.42493517010016096
#51,0.5794279544600079,0.4629481457202626,0.4619879883932789,0.5873482883942429,-0.023554702939276796,0.45697511881464914,0.44059845950661797,0.4535663675011809,0.07576566762746667,1.0,0.5843521348076312,-0.034120289589619504,0.3027252658266897,0.15810397848322136,-0.1099418699931555,0.0989713977230004,0.7721920700259319,0.20465811265460365,0.034617720493960454,0.1958084698215611,0.1192079666065765,0.24514281858232193,0.09810378568054524,0.10871564497315223,0.11155370036536107,0.19394599597042406,0.018391447273288154,0.04234525175209432,0.1391553314760009,0.09893283718778016,0.2814475624921674,0.11409483963637415,0.269586341858425,0.08937368050668543,0.29222523208622136,0.2365129708000347,-0.1403044354255637,-0.10044055411489111,-0.011161346919495243,0.14439185215890796,0.2821840687148738,0.13411546952271697,0.008091928315965025,-0.06005610557874543,-0.3001879826091986,0.0002448593986484532,0.0403709523488186,-0.03757916959887403,0.03444805413899145,-0.0815844523921992,0.1787184406119557,0.16898961757589195,0.17037008473677615,0.2585657408924836,-0.18576730645021353,0.08220142095572286,-0.2771519188686339,-0.24953100749038395,-0.23552196504487483,-0.2360386762168259,0.08859090164171479,-0.10165906702785035,-0.1685577395814254,-0.01372562251164046,0.2714603838701281,0.19448584346350728,0.024383754446511717,0.049313140466389675,0.1211629857422421,0.13262317680969413,0.31295923187413843,0.27075087002207593,0.14545612293098628,0.07173609169695275,-0.09391225550210637,-0.039622877965546165,-0.11923495898123065,-0.14017718565933696,-0.025494297860854307,0.11416424859977056,-0.12518484956571196,-0.06157153461290043,,-0.007077786239673006,0.058151215138866126,-0.08741866137101983,-0.3029951895732313,-0.13463603674819005,0.17129939363558366,-0.0013206983312928384,-0.02031176192725555,-0.20286890382038503,-0.22387282735484368,-0.2080707200215939,-0.15392401646534853,0.23716849989877858,-0.0010893351199714651,0.25615185138769725,0.3374336035784177,0.14005379194663223,0.07138133477292664,0.2831596502559455,0.13261932075617208,0.3349464490567129,0.1544600079049097,0.34641820828473097,0.20962470959096913,-0.17835597158088554,-0.22892040141517164,-0.17920044730220855,-0.2689847975089894
#52,0.6326492051709678,0.30755304483626233,0.36306093528578176,0.3192754475432119,0.19829176828974387,0.1273288153239567,0.44463960359769794,0.5515602556563485,0.3565789093152613,0.5843521348076312,1.0,0.18902181562280085,0.13411932557623898,-0.1265036198702438,-0.02075520808228818,0.2420733999787917,0.3536791570667001,0.16071067066410882,-0.012156208728177147,0.18650766872644192,0.12951134161742164,0.2761107844176877,0.08696364705542113,0.14959752441363885,0.06154068618472425,0.015491695024726942,-0.403537929106456,-0.2797354747283892,0.010386280161568643,-0.15852814437064386,0.025201237793180568,-0.11433005890121754,-0.14080186632990466,-0.3427780937599414,0.13029797653591432,-0.015503263185293012,-0.13602807206964032,-0.12769514040854887,0.1565615570744122,0.00819218570753762,0.32856468047776505,0.16676081864016273,0.15324920709899453,0.01352510772849527,-0.18432128637945494,0.2049396045617113,-0.48233252677547167,-0.482725844234718,-0.3885918656550953,-0.15261295826786075,-0.1356193303963059,0.1676862714854482,0.01042484069678887,0.48977856612649784,-0.004320707971426643,0.3240800902316524,-0.2995594458851089,-0.07553044836262328,-0.45072060000192804,0.004193458205199888,-0.06498028592636866,0.11608841930725998,-0.32938216382443386,0.08568343728610953,-0.07748161144476685,-0.03477196263484137,0.1787030163978676,0.18940742097500313,0.2367481900648781,0.08679398070045212,0.41273076070295855,0.32978319339072426,0.30379339265229,0.17348577598257064,-0.014489121109000993,0.1357889967512749,0.11266038772618164,0.06958441383166399,0.1261488629462177,0.05258307385306508,0.11922339082066459,0.03616399795629163,,0.295703392363086,0.22376100180270503,-0.07702274107564613,-0.39906876307443145,0.03006757733797345,0.3705455351720282,0.06095456604937677,0.2818370238978917,-0.3029334927168789,0.12330695150048683,-0.48997908090964304,-0.3184811005176752,0.22830728890517,-0.14122217616380514,-0.10004338060212276,-0.046266858183991594,-0.025039283545255607,0.03344162416974348,0.025933887962364916,-0.21334965729324323,-0.05220518060790684,-0.14948955491502222,-0.037405647190383,-0.16967599510281203,-0.18066189158705523,-0.0076561942679764395,-0.5015588096362777,-0.5405473667974512
#53,0.22516460528472135,0.08694822284133304,-0.017577819980141324,-0.1101269605622126,0.34172539114842915,0.4007461463565114,-0.18700124357726086,0.4973749915648829,0.3121494606345136,-0.034120289589619504,0.18902181562280085,1.0,0.4118323002323272,-0.21126738839135087,-0.21170312243933945,-0.3256803524432919,0.024082982271793934,0.06129389875931478,-0.007089354400239075,-0.13010517385981318,-0.3375338609699903,-0.2819527055035524,0.06825021931304406,0.2463034906924508,-0.08585695969460055,0.04772830246883827,-0.28850414043746925,-0.39758032641493063,0.027603559137400827,-0.11760384834141498,-0.06716666827335563,-0.03441720571081527,-0.33943103930282553,-0.2832174910587759,-0.2206723029315647,0.08363201681239335,-0.20042802194094453,-0.11385962037153076,0.026874765021738502,0.0020957650892194386,-0.2675156411170987,-0.314062063181437,0.30088592829668476,0.2745066661525262,0.1570165713900109,0.19375704934784496,-0.3651007875989319,-0.41229502665497,-0.4575111102542103,-0.238078528529976,-0.2726981770506975,-0.11633520673266945,-0.15143300589012176,0.09079270820278985,-0.14856410206973672,-0.07167439484060038,-0.14025045067625538,-0.004347700346080803,-0.041855532954797416,0.1998997426084274,-0.004621480146144429,0.06285560043573404,0.2068252147339805,0.043289984864989924,-0.07496360849488591,-0.09019501990687631,0.45933887962364917,0.056489256070874266,0.17520557585339286,-0.03503417427433893,0.22065302266395456,0.10447784215244908,0.41195569394503195,0.19787531450936538,-0.12868614616370874,0.047373545544812164,0.06911783135549922,0.014608658768183702,-0.10207937686175084,0.03739407902981694,0.08821300839655655,0.4292500939913046,,0.29089103756760143,0.4947644433304734,-0.013178062911513211,-0.12947278108220142,0.08350862309968862,-0.1746580162532656,0.325356443947442,0.43043390242256563,0.1863380023714729,0.44342109068473873,-0.15820809192831597,-0.09805751303828097,-0.03372311607685115,-0.09808836146645715,-0.1428147262684006,-0.21280209769311598,0.10696885272767585,0.02951616168432418,-7.519304367944627e-05,-0.07294689250286794,-0.23478545882216845,-0.2308484281761831,-0.18062718710535702,-0.1626618337462524,0.01089142317295364,0.2095205961458745,-0.21738308927727917,-0.2271620410091292
#54,0.0573722923274175,0.27813906857027176,-0.10292770863659588,-0.10882747052529089,0.2936134113541496,0.5599548841737924,0.1745384785940829,0.40428214743620644,0.1817377305196996,0.3027252658266897,0.13411932557623898,0.4118323002323272,1.0,0.3222561769157356,-0.2813280248329847,-0.3756046773929222,0.17782769224836842,0.29210569442703865,-0.011057233474400624,-0.13365274310007422,-0.3024013573308397,-0.1979447234727618,0.02673594709494568,0.01055594651653765,-0.14362835356154743,0.10481331880886506,0.09187625924247829,0.03144418844533562,0.3721188050090135,0.17911561412472404,0.3384284653870996,0.3191404856699411,0.09339940038367732,-0.03407787300087725,0.08673613989762177,0.10264236067596619,-0.08319628276440477,-0.13079540744025528,-0.2547983766014672,-0.04929771625230158,-0.08540580143252388,-0.0582129119952185,-0.05242883171218417,0.1253236674925048,-0.0281549747910501,-0.06533504285039476,0.0868055488610182,0.08203946670779791,0.04448536145681702,-0.006865703295961748,0.03618713427742377,0.055397992924141784,0.018584249949389297,0.021842615175498636,-0.25913258076022094,-0.1875835076590863,-0.08919244599115035,-0.17726085238063105,0.06850086279197555,-0.041882525329451574,-0.09769504400721082,-0.2619243635101655,0.20828280296530516,0.2158252436543819,0.223252002737798,0.006237166571872017,0.32351325036391504,0.37458282320958614,-0.007571361090491936,-0.10592000616968564,0.1731271630050225,0.10095726528684218,0.24488060694282437,0.09649966741538372,-0.28996944077583797,-0.07241090106330676,-0.2760220951866812,-0.26163901554953584,0.14922734327552467,0.18893698244531634,-0.029149836599732006,0.1692479731618675,,0.2613922281241264,0.47869241225068204,-0.37247356193303965,-0.31269702023464085,-0.0465367819305332,0.03463314470804855,0.2582186960755015,0.1411797595750629,-0.049987949832743676,-0.028737238872875555,-0.015341308937368051,-0.27370075096642343,-0.06803042426228877,0.008647200023136322,0.12307173223564342,0.23716849989877858,0.33045800275707826,0.20174293619195435,0.278011818804045,0.20569924710554982,0.18903338378336693,0.1038917220171016,0.25271610769957487,0.1525859658932066,-0.1965295518301794,-0.04986841217356097,-0.08159602055276527,-0.11507813328448999
#58,-0.09457549670789431,0.1486913518359635,-0.10286986783376553,-0.0357706804970453,-0.12334936808922908,0.17115286360174678,0.4308117956677239,-0.021237214772541042,0.030780947239547683,0.15810397848322136,-0.1265036198702438,-0.21126738839135087,0.3222561769157356,1.0,0.06558183027580423,-0.18232385065504708,0.07145074373632306,0.22780600194730702,0.22659134508786982,0.16079935989511535,0.015202491010575227,0.11524008753241495,0.11573366238323388,-0.18215032824655605,0.2336479230331717,0.0996616313034425,0.0608080360155399,0.036364512739436826,0.26716859630011663,0.30051189110504856,0.26035109367318016,0.3025324631505885,0.2836763614278966,0.3919967609150415,0.6266183374625239,0.4022268709089682,0.3601766072513086,0.31603250653119064,0.12484166080225194,0.35920488176375887,0.25204129833322086,0.13106533118679686,0.0495020870889688,0.1521155273635198,-0.0859649291932172,-0.1440101028602277,0.21256687842827257,0.18978531422016137,0.1935835269393539,-0.025818206356704232,-0.09899453404413253,-0.11054341434259107,-0.16413484619166513,0.04470515650757233,-0.13150106523478547,0.1522350650227025,0.012048239229560507,0.1838431357427241,-0.007741027445460943,-0.26487810050803506,-0.22007847068917316,-0.09757165029450608,0.41500197622743,0.38649417253911483,-0.024599693443744998,-0.1896040797046263,0.36526659790037885,0.5309997782769225,0.19197555262067037,0.1967300666133246,0.14517463102387862,0.12181851484098599,0.14947413070093413,0.050682039466707796,0.33579478083155795,0.09895211745539029,0.023870899328082673,-0.1051912120540233,0.2715606412617007,0.05181957525570455,0.1813135646322771,-0.012576518562077641,,-0.08112172596955645,0.08010372783974241,-0.29906587103428994,-0.12578253786162552,-0.06508054331794125,0.11646245649889621,0.2833331726644366,-0.10457809954402167,-0.030815651721245892,-0.20018894662257913,-0.0870754726075598,-0.32317777370749906,-0.051727029971176,0.23224431955115538,0.13377228075925693,0.06780677315801144,0.027896619205074566,-0.08150347526823672,0.22145122574301332,0.3196109241996279,0.21230852284229706,0.24194229415904292,0.2704462417938361,0.11545988258317025,-0.14613093229734028,0.04708434153066045,-0.1678520817868952,-0.09484927650795794
#101,-0.01674105636586236,-0.21515429034154995,-0.09875545872576712,-0.13928643729574966,-0.1905141083358237,-0.24567109791483907,0.012194769263397376,-0.2788871429535442,-0.04330926513260004,-0.1099418699931555,-0.02075520808228818,-0.21170312243933945,-0.2813280248329847,0.06558183027580423,1.0,0.5790230688401955,-0.09148679783675398,0.02586062294544648,0.6589629144052519,-0.1551001127895655,0.6103149431714112,0.3192600233291238,0.31217645300916774,-0.18833543809588077,0.26445779067413455,-0.02477321585223603,-0.07394561036507187,-0.16086491280498974,0.1672621055980257,0.1958046137680391,0.037752692007365064,-0.19415036680709127,-0.3458976410592579,-0.037879941773591816,0.05904581955597544,0.2801095119200254,0.5793893939247877,0.44875401270569637,0.41744671416039253,0.09989299451476387,0.0947760114910395,0.3216662007268661,0.3656097866638389,0.17609632421698013,-0.14503966915060781,-0.27675474535586553,-0.144904707277337,-0.18855523314663608,-0.2691159033287382,-0.38932065977075764,-0.3038242410804662,-0.3413474979032709,-0.1973393230698042,0.15855513674529803,0.6480541389914491,0.46447514291498365,-0.018784764732534487,-0.0210444120964399,-0.4214145932345541,-0.26140765233821445,-0.3121147561528154,-0.16261556110398812,0.15322221472434036,0.1253930764559012,0.06432861288114679,0.12505759979948522,0.008265450724456055,-0.18666576692084486,0.46285174438221205,-0.11076320939334638,-0.03164855928200284,-0.16877367857865866,0.16828781583488378,-0.06256639642158233,0.17255646708376313,-0.06396999990359867,0.014385007663906374,-0.1511206655548379,0.4518812721120569,0.3306161009514812,0.03863958431743032,0.061205209528308255,,-0.07008184473600494,-0.24749501123075587,-0.3074682116587778,-0.3765108499705976,0.055251462890304914,-0.02688633318230457,-0.13329027406900407,-0.19318635342658555,-0.3398359249226379,-0.2988537880905787,-0.25643334329480494,-0.1378944019742994,-0.13082625586843144,0.26814417784118844,-0.4858145431058583,-0.22260804179962018,-0.3319927120588434,-0.33997474284943074,-0.09527729844890247,0.12486479712338407,-0.3934466370393221,-0.19655268815131155,-0.32255309303693136,-0.29651701965623284,-0.18077371713919388,-0.06348028110630176,-0.07272324139859061,-0.23390627861914723
#102,0.1952493420608678,0.06595201141391842,0.16084563253737963,0.08915774150945215,-0.02187731965719684,-0.24576749925288963,0.0988711403314278,-0.15410139492736158,-0.21565172124589088,0.0989713977230004,0.2420733999787917,-0.3256803524432919,-0.3756046773929222,-0.18232385065504708,0.5790230688401955,1.0,-0.038867091475229675,0.1150974135521001,0.30977798771846954,0.20248329846818275,0.34946834662065107,0.5856323445769427,0.2337674606923544,-0.11141488243856824,0.03769870725805674,0.0882207205036006,-0.07492504795966567,0.12890594121446405,0.1701425775789768,0.18824674886487425,0.11580307134663029,-0.25466727078171847,-0.13128512623755217,-0.09885186006381769,0.06776435656926919,0.14654738607771875,0.16521068512430953,0.11868354332758138,0.055918560149614875,-0.16784051362632912,0.22787926696422547,0.28671878765677267,0.03440178149672717,-0.02019222426807284,-0.40075000241003345,-0.1647556708087108,-0.08300733614182565,-0.07279650641550904,-0.0546422064338253,-0.11316167468404462,-0.15045742434904996,0.012564950401511572,-0.18434056664706505,0.2893177677306161,0.27118274801654246,0.28942573722923276,-0.261662151870668,-0.17355904099948907,-0.38915870552283266,-0.22514146896358922,-0.08469628758447167,-0.1612967907994563,-0.2261864594680574,0.18879045241147946,0.2753974145161135,0.3188011529600031,-0.15569394503195705,-0.10669507292761224,0.1911195087387813,0.11638919148197777,0.05529387947904717,0.12500747110369892,-0.14200881108229782,-0.21120569153499852,-0.09279014392719771,-0.05021545699054303,-0.09496495811361862,-0.1152825041211572,0.36934244647315706,0.4134518427115768,-0.11034289955944589,0.0478015674857567,,-0.1606027011654922,-0.30466100469474516,-0.1506810754533273,-0.26601949235055383,0.1602903608302083,0.2641608745529388,-0.33351970925356444,-0.16410014170996692,-0.4563967107863457,-0.3548822457655712,-0.16268497006738453,-0.12619127953495995,0.06811911349329529,0.2952136735657891,-0.14612707624381827,0.09405492948242121,-0.22697309438655008,-0.2088959154753068,0.05943913701522177,-0.030414622154955512,-0.09254335650178824,-0.12240463497633347,-0.1841477639709639,-0.2299114071703315,-0.2240116452816365,-0.2801172240270695,-0.060665362035225046,-0.18603337414323312
#201,0.4965613642717361,0.21370827027079137,0.5624574629095852,0.6181774363028159,-0.07462813183846992,0.45355094328709283,0.30647720590361793,0.37781419606104133,0.23030086857605583,0.7721920700259319,0.3536791570667001,0.024082982271793934,0.17782769224836842,0.07145074373632306,-0.09148679783675398,-0.038867091475229675,1.0,0.27938842991140717,-0.002951808971108519,-0.06858569596946006,0.07719240743061513,-0.028505875661554183,0.15287902596088035,0.12865144168201054,0.3054206472385837,0.2318779944665632,0.14277230967965834,0.009036661428860632,0.10267320910414236,0.0052538729237561815,0.3207908765773669,0.20400643960938178,0.322830728890517,0.15329547974125882,0.218701859581811,0.21000260283612737,-0.12382751872595991,-0.11342388632354217,0.10327860950709995,0.20793190209480109,0.28944501749684287,0.018645946805741664,0.06080032390849585,-0.16209884993203705,-0.20736891828058573,-0.001802705021545699,0.018206356704231055,-0.04175913161674684,-0.061020118959251156,-0.11891490653890276,0.30229724388574514,0.15732891172529476,0.3025286070970665,0.06722065302266396,-0.11323493970096304,-0.06301755468365901,-0.18631486605034078,-0.26549506907155873,-0.2491646824057918,-0.17625056635786104,-0.04141979890680882,-0.05395968496042725,0.0016600310412308522,-0.02611126642437797,0.25893206597707574,0.1521965044874823,0.02005726239480204,-0.10118862849816355,0.18043052837573387,-0.029338783222311125,0.3540223458301601,0.1848727020331042,0.15045742434904996,0.11711027349059605,-0.06272449461598527,-0.04184010874070932,-0.04892753511418738,-0.07381836059884511,-0.04533369323166206,0.12121697049155042,0.02082076099216257,-0.1278339583353417,,0.02991719125061456,-0.17997937011365717,-0.05105993271186604,-0.23050138335920103,-0.16991892647469947,0.07954845613257112,0.04664860748267186,-0.14294197603462735,-0.1271090202732014,-0.21124810812374076,-0.2504178998004492,-0.11367838585599568,0.3286302333876394,0.03345704838383157,0.28427019367028816,0.3185505094810716,0.3624439667222581,0.3115941889273423,0.41040556042917875,0.2636480194345098,0.36838614519969537,0.21052317006160046,0.4220084254769456,0.4172153509490712,-0.10053695545294168,-0.08450734096189255,-0.19522234968621363,-0.2293985520519025
