,#10,#11,#12,#13,#17,#18,#26,#49,#50,#51,#52,#53,#54,#58,#101,#102,#201,#202,#301,#302,#401,#402,#501,#502,#601,#602,#701,#702,#801,#802,#901,#902,#1001,#1002,#1101,#1102,#1201,#1202,#1301,#1302,#1401,#1402,#1501,#1502,#1601,#1602,#1701,#1702,#1801,#1802,#1901,#1902,#2001,#2002,#2101,#2102,#2201,#2202,#2301,#2302,#2401,#2402,#2501,#2502,#2601,#2602,#2701,#2702,#2801,#2802,#2901,#2902,#3001,#3002,#3101,#3102,#3201,#3202,#3301,#3302,#3401,#3402,#3455,#3501,#3502,#3601,#3602,#3701,#3702,#3801,#3802,#3901,#3902,#4001,#4002,#4101,#4102,#4201,#4202,#4301,#4302,#4401,#4402,#4501,#4502,#4601,#4602,#4701,#4702,#4801,#4802
#10,1.0,0.2611107362170187,0.5599703083878804,0.5815680641647306,0.5162773659298391,0.29539105202780214,0.13595095099919988,0.2989386212680632,-0.06571293609555301,0.18835471836349088,0.33558269788784667,0.18749096237455776,0.18830458966770458,0.08364358497295943,-0.22128927149508834,-0.016590670278503465,0.3139849421109965,0.30076253458398,0.03261642871603058,0.12021825262934649,-0.11305370518542797,0.1536849411469831,-0.10740073072214243,0.238082384583498,-0.04249563783945321,0.23187028235951915,0.10251511090973943,0.1891182169608514,-0.1945899569086019,0.08298419982069351,0.15242401164528163,-0.012950555753713861,0.36846712232365786,0.2906288259281039,-0.15260139010729468,-0.0880549102021536,-0.037771972274975175,-0.024345193911291488,-0.18679687274059364,-0.06352269769504401,0.1589368860439783,-0.2513356405386907,0.2494847348481197,0.24507340961892551,-0.06798800767354651,0.20932393741625133,0.1426951886092179,0.21185736458022036,-0.15937262009196687,0.09799967223545063,0.09257806098348645,0.18735600050128695,0.132430374133593,0.3647151822467296,-0.24472250874842144,0.12593292394898442,-0.33877551020408164,-0.1196976854038734,-0.46322578157384825,-0.06447128686146164,-0.1256745683630089,-0.5236231478892927,0.07947904716917471,0.23338185534015213,0.21075838932644386,0.12263985424117686,0.23441527768405426,0.22145508179653534,0.15189187625924247,0.02311896889128821,0.2632045732794771,0.3009090646178169,-0.20281877512459873,-0.05035041886381383,-0.27237041250132554,-0.31239239200640107,-0.35473185967821236,-0.4887335756220296,0.18039967994755768,-0.011543096218175508,0.06904456633858078,0.11938534506858955,,-0.08060115874408337,0.24432533523565306,-0.24928807611849652,-0.48073612061735416,0.27428301504824887,0.0254595933791561,0.1611271244444873,0.24496158406678684,-0.04104961776869463,0.17724157211302094,-0.09185697897486818,-0.2034897284374307,-0.02679378789777602,0.0986513452806725,0.34973055826014865,0.5231218609314298,0.2550297398127886,0.2129910443156951,0.23941657910211794,0.16671068994437643,0.31104277327369306,0.5660011760963242,0.2795272478382,0.3494876268882612,-0.201179952377739,-0.35381797499349293,-0.13990340585927333,-0.18482642939083996
#11,0.2611107362170187,1.0,0.1988046234081729,0.2601929954787772,0.14688286273413476,0.013926137294785652,0.2912689308127597,0.06747900860863949,0.16174794906153298,0.42907271552929155,0.35191694060713563,-0.07090318413619581,0.028629269374258914,0.0681229695468173,0.048449384477456545,0.13412318162976103,0.16070295855706476,0.273292009293089,-0.07347131578186306,0.05955867467440448,0.015588096362777516,0.25741278088939873,-0.023207658122294736,0.14136870619764202,0.09489169309670019,0.35399149740198393,0.07485563899626926,0.08882226485303615,0.07549188782740304,0.360743447119046,0.17306546614867013,0.3332922020957651,0.41837987911272206,0.10833775172799398,0.004887547839164007,0.11047014932567265,-0.13998823903675783,-0.05525531894382694,-0.09985057792602162,0.20349358449095273,-0.08270656396710786,0.1178274994456923,0.03976555194586101,0.028054717399477506,-0.43104701493256725,0.016991699844793845,0.3269220016773833,0.16614385007663907,-0.09795339959318636,-0.13028640837534824,0.21144862290688596,0.0757193949852024,0.295194393298179,0.2741056365862358,0.02068194306536975,0.24305283757338553,-0.1548610374712001,-0.17301919350640588,-0.12510772849527152,0.10966037808604784,-0.11139174611743612,-0.17564902200842547,-0.13365659915359626,0.27866349184926686,0.045738578851474455,0.014681923785102137,0.2867380679243828,0.050527797325826886,0.16868498934765214,0.09836214126652078,0.1705975918945755,0.1579805847705166,-0.19886246421100326,-0.17072098560728022,-0.30411730114813995,-0.3045491791426065,-0.1701618578465869,-0.2418227564998602,0.04313188667058699,0.2563369419567544,-0.1693520866069621,0.04788640066324121,,-0.17574927939999807,-0.13262317680969413,-0.11343159843058621,-0.09228500091581271,-0.12333008782161896,0.05954325046031639,0.005269297137844273,0.035354226716666826,-0.09536984373343102,-0.009453115209239105,0.08577598257063808,0.1650333066622965,0.24781120761956177,0.150125803746156,0.19921336508150733,0.26498992606017374,0.05882988055874216,-0.1557363616206993,0.08265257921779955,0.46391215910076833,0.16642534198374673,0.3424618973711355,0.4804392044961584,0.2725053743745963,-0.19708867959087273,-0.28442057975764706,-0.06871680178920883,0.09091610191549458
#12,0.5599703083878804,0.1988046234081729,1.0,0.7703797248705812,0.32790915137902116,0.4729468925028679,0.270261151224779,0.0173040401800777,-0.06257410852862638,0.4030713466302912,0.41908553690725225,-0.05375145807023801,0.09639941002381112,0.07123094868556776,-0.38520239460923716,0.08935825629259735,0.5625885687293339,0.7249129977924094,0.07053300299808161,-0.1805886265701368,-0.26169685635236617,0.1483751554471576,0.06977336045424311,0.41610480753472856,-0.046806705677074796,0.38152371954922737,0.3543076937907898,0.4050842065687872,-0.2571312889822911,0.012796313612832946,0.5744382212025103,0.13699594150366806,0.630663337607126,0.5333558269788785,-0.49842383812287316,-0.14825176173445287,-0.32861480917355135,-0.3439233416559822,-0.4296742598787271,-0.14468876828010374,-0.04065630030944829,-0.2712174524982407,0.11642389596367597,-0.06465637743051873,-0.14429930687437942,0.1512054987323224,0.2925838450637695,0.31110832618356743,-0.18179942737605198,0.1250884482276614,0.14146125148217056,0.25343333365467113,0.2971879729690648,0.4643286128811468,-0.13994196639449355,0.0953312831982108,-0.3988528240771982,-0.32485901304310105,-0.34150559609767384,0.040336247867120395,-0.36129100671917325,-0.6118188040450001,-0.3239489844119036,-0.0034068232867072194,0.5124637289965585,0.26638967348866804,0.15914896898768954,0.11593417716637906,0.04005861201353475,0.00311376321903348,0.5574176009563012,0.4141652126131511,-0.09943412414564314,-0.13573501200196658,-0.5022297629491097,-0.38370238978917026,-0.2463034906924508,-0.355179161886767,0.030703826169107228,0.1679677633925559,0.07283121089720725,0.06777978078335728,,-0.08550605882409648,0.17313101905854453,-0.358719019019984,-0.43000973653514313,0.297214965343719,-0.07008184473600494,0.20856815092593486,0.20128792187635564,-0.12560130334609043,0.263690436023252,0.17874157693308784,0.09128628305360878,0.2718421331688084,0.17183538507514484,0.5611965334078837,0.6260784899694408,0.3330724070450098,0.3497421264207147,0.6293021507138519,0.530413658141575,0.6680439204496158,0.744239538044788,0.6051285511842904,0.6287083184714604,-0.4143464471286861,-0.4912631467324767,-0.1493854414699276,-0.24048470592771828
#13,0.5815680641647306,0.2601929954787772,0.7703797248705812,1.0,0.4689828694822284,0.44210232038020686,0.3016532829475673,0.07915899472684682,-0.1133120607714035,0.389224258432707,0.26108374384236455,0.25309785699825516,0.2878833158204236,0.20003084842817617,-0.33885648732804413,-0.025617691573559042,0.4801384323214406,0.46742502385933116,-0.0530920729179721,-0.12242391524394358,-0.26005803360550644,0.01057137073062574,-0.04173213924209268,0.30926127654651847,-0.15562068001503862,0.37022162667617825,0.04599693443744999,0.15194200495502877,-0.12295605062998274,0.15540474101780533,0.35884241273268874,0.2594603453095929,0.5040613883720706,0.5248802213374721,-0.2996442790625934,0.05544040951288404,-0.1739677826728235,-0.0889957872615272,-0.3572267263069611,0.09729787049444247,0.050790008965324436,-0.17777370749906007,0.20063239277761175,0.11766940125128937,-0.03449818283477775,0.1821194798183799,0.31665718720175834,0.21260158290997078,-0.2588202404249371,-0.04003933174592463,-0.015996838036111943,0.05301880790105366,0.06322192552032622,0.29977152882882013,-0.2874668620400451,0.01277317729170081,-0.3082047178814842,-0.20468896108277984,-0.310699584510233,-0.015090665458436563,-0.24091272786866283,-0.44927843598469147,-0.10200996789835443,0.11113339053146058,0.23038955780706236,0.015942853286803622,0.22334069196880452,0.18853595287902597,0.014940279371077671,0.06634918492668679,0.22641011057233473,0.213646573414439,-0.07419625384400336,-0.08006902335804421,-0.26012744256890286,-0.23883045896677046,-0.13711162310932876,-0.28524963126488195,0.08266414737836561,0.17240993704992624,0.05939672042647952,0.20741133486932797,,0.08900735542209326,0.22627900475258597,-0.17232124781891972,-0.3224566916988808,0.25987294303644937,-0.002878543954190084,0.327546682347951,0.32989501894286294,0.08790838016831673,0.2902817811111218,0.15611425486585753,-0.009333577550056395,0.12159100768318665,0.326035109367318,0.35092593485197576,0.5695526013901073,0.19135472800362469,0.004143329509413591,0.31178313554992143,0.46768723549882874,0.46214994264120385,0.6334474082500265,0.441786123991401,0.3250055430769379,-0.2766467758572489,-0.4889302343516528,0.0351652800940877,-0.11101770892579989
#17,0.5162773659298391,0.14688286273413476,0.32790915137902116,0.4689828694822284,1.0,0.34006343208043727,0.2246864546479905,0.3391225550210637,0.04398021844543202,0.10818350958711306,0.24914540213818168,0.44820259705204707,0.40093894903261257,0.28484474564506956,-0.20685606316215668,-0.08535952879025961,0.21584066786847,0.15703585165762102,-0.03420512276710401,0.13628257160209384,-0.13808720465040056,0.0851551579535924,-0.24071221308551763,0.04439667222581049,-0.1854935266501499,0.18490740651480242,-0.21113242651808006,0.11408327147580809,-0.03212285386521165,0.21773784620130526,0.03616399795629163,0.044076619783482596,0.23092940530014558,0.2713909749067317,-0.05190055237966703,0.07623610615715345,-0.12557045491791427,0.05970134865471933,-0.2750272333779993,-0.01790558452951327,0.2779462658941706,0.002130469570917644,0.15764510811410062,0.4431820153663733,-0.05709080042030983,0.05343526168143214,0.1271283005408115,0.17158088554269132,-0.23428417186430547,-0.08363587286591538,-0.05490827412684488,0.07446232153702294,-0.1309033769388719,0.18593697280518254,-0.3861432716686108,-0.07248802213374722,-0.4543028737238873,-0.24948087879459768,-0.4783762158618762,-0.15075434047024572,-0.3125196417726278,-0.44468973229348424,0.20737277433410775,0.1893650043862609,0.13243808624063702,0.14317719529947076,0.30609160055141565,0.38045944877714905,0.020874745741470892,0.00920632778382964,-0.006954392526968274,0.13506020263561258,-0.3579208159409253,-0.19786760240232135,-0.30793479413494257,-0.2969951702929637,-0.45033499464972576,-0.45281443706438645,0.19524162995382377,0.020145951625808567,0.2719848071491232,0.2725285106957285,,0.20467739292221376,0.3918656550952927,-0.15845873540724745,-0.3287459149933001,0.12548562174042976,0.15930706718209248,0.3451379985154194,0.3885263127452209,0.07412684488060695,0.15445229579786568,-0.16854617142085931,-0.1776233214117012,-0.01097240029691612,0.1959704240694861,0.17420685799118893,0.4371665718720176,0.04626300213046957,0.17830584288509924,0.04817946073091495,0.28954527488841547,0.2410322655278455,0.4931256205836137,0.27456836300887855,0.2812354795484561,-0.3023435165280094,-0.4601370827027079,-0.10469378114968236,-0.2780580914463093
#18,0.29539105202780214,0.013926137294785652,0.4729468925028679,0.44210232038020686,0.34006343208043727,1.0,0.38650188464615887,0.20949360377122034,0.039221848399255785,0.30896050437180067,0.27678944983756376,0.34857374220354176,0.5575564188830942,0.47884665439156293,-0.48872971956850764,-0.3094695034367077,0.382144544166273,0.3658835664639025,-0.25157857191057814,-0.4054890921885996,-0.5732119961825071,-0.3574696576788486,-0.0960909257420493,0.061529118024158176,-0.05895713032496891,0.030599712724012608,0.042156305129515195,-0.0197642023271283,0.07785564863640307,0.3613989762177899,0.4385817435146,0.29532935517144976,0.34202616332314695,0.5278339583353417,-0.08851763662479635,0.2314576846326627,-0.07603559137400827,0.022174235778392604,-0.25247703238120944,0.015896580644539346,0.23779703662286833,0.21464914733016494,0.03340691968804527,0.22920960542932337,-0.15743302517038937,-0.01384516017082317,0.34529995276334435,0.1192580953023628,-0.06132089113396894,-0.09236212198625317,0.042137024861905084,-0.0016908794694070353,0.02402514146896359,0.10607424831056655,-0.3177098898132706,-0.18524673922474044,-0.2943691978444661,-0.12334936808922908,-0.4205277009244888,-0.07852660194923505,-0.12569770468414102,-0.3202664532983718,0.042314403323918136,-0.03801490364686262,0.18162976102108297,-0.13779028852920477,0.45016918434827874,0.33744902779250574,0.050635766824443526,0.115247799639459,0.4216266761782654,0.08091349907936722,0.16444333047342696,-0.14963222889533706,-0.06170649648617123,-0.05654324082018258,0.025621547627081066,-0.16034820163303867,0.1964948473484812,0.38736949668861403,0.3253680121080081,0.44361389336083984,,0.12672727097452113,0.36095553006275727,-0.017755198442154375,-0.14926204775722288,0.34973055826014865,0.1694677682126228,0.4563311578764713,0.5012850298362141,0.10692258008541158,0.1410486537553141,0.12351903444419808,0.12433651779086694,0.17574156729295404,0.18537784504448923,0.41750455496322286,0.4079415422286061,0.3425158821204438,0.06827721168769822,0.4316447032284808,0.4291344123856439,0.5380370759546143,0.48781197883026617,0.32405309785699826,0.3936317276083792,-0.20933936163033942,-0.4631525165569298,0.20908871815140795,0.06639545756895106
#26,0.13595095099919988,0.2912689308127597,0.270261151224779,0.3016532829475673,0.2246864546479905,0.38650188464615887,1.0,0.043471219380525,-0.03771027541862281,0.5782248657611367,0.08716416183856632,0.15681991266038772,0.4453799658739263,0.5240627379908033,-0.08722971474844071,-0.2502790818736564,0.3300299808161337,0.32541814080379433,-0.26467758572488986,-0.3717139193892011,-0.2425592627225666,-0.35703392363086,-0.1905488128175219,-0.17510146240829821,0.12435194200495503,-0.0716589706265123,0.04590824520644347,-0.06717438038039968,0.041431367067374894,0.302613440274551,0.4346254326010045,0.1443147310884675,0.2571852737315994,0.3769350158580201,0.12720542161125195,0.21249361341135414,0.05222446087551695,0.037995623379252504,-0.11908457289387177,0.025768077660917932,0.12616428716030578,0.17711817840031618,-0.07013968553883528,0.14642784841853604,-0.29612370219698647,-0.3055941696470747,0.2145218975639382,0.14015790539172684,-0.03177966510175161,-0.05032342648915967,0.15009881137150183,-0.050281009900417416,0.11883392941494028,-0.09462176935015858,-0.08753819903020255,-0.23507466283632017,-0.10565008242314404,-0.3099553661804826,-0.08099833225685173,-0.11348172712637251,-0.04150463208429333,-0.08603819421013564,-0.05362420830401126,-0.09445981510223361,0.11913470158965807,0.06469493796573897,0.3563398339968959,0.49300222687090894,0.19336373188859862,0.2771789112432881,0.26396807187683763,0.19711567196552687,0.07468982869482228,-0.027518725959916324,-0.0520972111092902,-0.01280016966635497,0.04746609082934071,-0.07809472395476849,0.17621971792968485,0.2561595634947413,0.07502144929771626,0.24140244666595972,,-0.018005841921085865,-0.055478970048104266,-0.004744873858849161,0.06710497141700326,0.10030173618809829,0.1146076947548032,0.22009775095678327,0.23123403352838537,-0.023242362603992945,-0.1669921818514841,0.19540358420174872,0.0799996143946478,0.22311318481100517,-0.0017410081651933328,0.3845854260457135,0.1827981452382559,0.267392247404394,-0.10115392401646535,0.32730760702958556,0.4874765021738502,0.2840426865124888,0.40934900176414446,0.3547472838923004,0.2548639295113416,-0.11730307616669719,-0.3265980931815334,0.2917625056635786,0.27085112741364853
#49,0.2989386212680632,0.06747900860863949,0.0173040401800777,0.07915899472684682,0.3391225550210637,0.20949360377122034,0.043471219380525,1.0,0.35903521540878985,-0.05567177272420541,0.11497401983939537,0.5428995594458851,0.3928296684757984,0.2379628469243153,0.05749182998660021,-0.0664532983717814,0.040521338436177494,0.02901101867293918,-0.02922695767017246,0.09500351864883885,0.0863852390271177,0.01909710506781834,-0.004525078808093857,-0.022367038454493747,-0.055849151186218464,-0.10241870957168886,-0.4844340759449741,-0.3715442530342321,0.19146269750224132,0.04123470833775173,-0.032134422025777716,0.0018991063595962712,-0.09648038714777361,-0.09298294660329885,0.11729150800613113,0.021264207147195204,-0.0698736178458157,0.13641753347536464,-0.15558983158686243,-0.1352799976863679,0.13205633694195676,-0.026373478063875525,-0.06304069100479115,0.09844697444400528,-0.029647267504072955,-0.13021699941195183,-0.25522254248888976,-0.2701107651374201,-0.3520596145874505,-0.16375695294650688,-0.1709986214608659,-0.1398648453240531,-0.18097423192233908,-0.04888126247192311,-0.0897207253236675,-0.15107439291257363,-0.14001137535788996,-0.012611223043775847,-0.4843800911956658,-0.561747949061533,0.047951953573115595,-0.12526582668967445,0.43365370711345474,0.2504680284962355,-0.32839501412279604,-0.27202336768434343,0.27788071298429623,0.26269557421457007,0.4933762640625452,0.09841998206935113,-0.016926146934919457,-0.09186854713543424,0.10825291855050947,-0.1270781718450252,0.08061272690464943,-0.10404982021150454,-0.0016484628806647836,-0.18488041414014827,0.23672119769022393,-0.13644838190354083,0.024915889832550876,0.05894941821792486,,0.43891336411749393,0.2103612158136755,0.1990205624054062,-0.12226581704954065,-0.137659182709456,-0.05038512334551203,0.07691091552350747,0.0056240540618703785,0.08963203609266096,-0.2735272285579324,-0.19991902287603752,-0.43402774430509095,0.1486450791936992,-0.016432572084100528,-0.014196061041327254,-0.03579767287169946,-0.13558076986108566,-0.08223226938389905,-0.17220942226678107,-0.11730307616669719,-0.0995459496977818,0.08802791782749944,-0.05109849324708627,-0.08742251742454185,0.04084139087850539,-0.22657977692730374,0.04702264467430808,-0.2166658633221829
#50,-0.06571293609555301,0.16174794906153298,-0.06257410852862638,-0.1133120607714035,0.04398021844543202,0.039221848399255785,-0.03771027541862281,0.35903521540878985,1.0,0.23581116905902655,0.23837158859764973,0.20450772656724475,0.010540522302449559,0.09363847570204274,0.06108952792264757,-0.08206645908245207,0.18208091928315964,0.017088101182844418,-0.27105935430383776,0.03784138123837159,0.32560708742637345,-0.03542749173358526,-0.022305341598141383,-0.18029556650246306,-0.020331042194865666,-0.13965661843386387,-0.21320312725940635,-0.34918685471354344,0.19168249255299663,0.21621084900658422,0.05131443224431955,0.15845873540724745,0.08747264612032815,-0.06467565769812884,0.14741499812017392,0.11213982050070855,0.10141999170948493,0.12619127953495995,-0.0596627881194991,0.016613806599635603,-0.2082056818948647,0.323162349493411,-0.13554220932586544,-0.05271417967281386,-0.04895452748884155,-0.22126999122747823,-0.31430885060684643,-0.3506521550519121,-0.31726258760471593,-0.3016995555898316,-0.19885089605043718,-0.19996915157182382,-0.1666027204457598,-0.05938129621239143,0.13298178978724226,0.13524143715114767,0.02953158589841227,0.17955520422623467,-0.22751294187963328,-0.333280633935199,0.321824298921269,0.10376447225087485,0.28438587527594883,0.05326173927294111,-0.3117368629076572,-0.10052924334589763,0.20583806503234264,-0.08760375194007693,0.45513963733816626,0.2331234997541766,0.12294448246941668,-0.06712425168461338,0.23787801374683082,0.027194817464066403,0.16422353542267168,0.08163843714150752,0.2627804073920546,0.268074768877792,-0.0048682675715538935,-0.10907811400422238,-0.05436842663376168,0.06877464259203918,,0.33535133467652534,0.31962634841371595,0.40748652791300743,0.2311376321903348,-0.1724832020668447,0.15896773447215448,-0.08852920478536241,-0.11324650786152912,0.3246970587951761,-0.08332738858415355,0.011450550933646959,-0.2737470236086877,0.15274020803408753,-0.16945620005205672,0.006965960687534343,-0.24897959183673468,-0.1155177233860006,0.054734751718353854,-0.08761532010064299,-0.022432591364368138,0.047628045077265674,0.10869250865202008,0.009777023705089026,0.01953669516932895,0.3204553999209509,-0.026053425621547627,-0.09009861856882574,-0.14671319637916574
#51,0.18835471836349088,0.42907271552929155,0.4030713466302912,0.389224258432707,0.10818350958711306,0.30896050437180067,0.5782248657611367,-0.05567177272420541,0.23581116905902655,1.0,0.3504285039476348,0.0533118679687274,0.23203994871448816,0.29158127114804355,-0.1884781120761956,-0.12996635593302036,0.43029894054929485,0.26585368204910687,-0.351643160807072,-0.31084611454406985,-0.17205903617942217,-0.12865144168201054,-0.19601284065822833,0.02226292500939913,-0.12248561210029595,0.09712820413947346,0.29128049897332575,0.068238651152478,-0.18914520933550558,0.3614953775558405,0.35311231719896274,0.3204052712251646,0.5599317478526602,0.3318847425602267,-0.09875160267224509,0.1663366527527402,-0.07062169222908814,-0.14761165684979707,-0.1650217385017304,0.004070064492495156,-0.1315396257700057,0.17451919832647278,-0.035793816818177435,0.06452141555724794,-0.25057214194133015,-0.20014653003383687,0.29963656695554935,0.1783829639555397,0.02239403082914791,0.024044421736573705,0.3336276787521811,0.17046263002130468,0.2747920141131559,0.03728610953120029,-0.16767470332488216,-0.1000009640133805,-0.06974636807958895,-0.21491135896966249,0.010093220093894904,0.1359586631062439,-0.056115218879238045,-0.19309766419557903,-0.12324525464413447,-0.07701117291508006,0.15801914530573685,0.02702129505557537,0.1372890015713418,0.18897939903405858,0.03014855446193593,0.2115604484590246,0.21002959521078152,0.2614115083917365,-0.05392112442520702,-0.09870533002998082,-0.24891789498038233,-0.18115546643787417,-0.07261527189997397,0.00978087975861105,-0.05799311694446319,0.18293696316504873,-0.0199492928961854,0.21145633501393,,0.039279689202086125,0.009892705310749714,0.04005861201353475,0.051144765889350546,0.09748681711702159,0.14743427838778403,0.2656415991053956,0.29468153817974996,0.2414294390406139,0.09043795127876375,0.2868460374229994,0.15658469339554432,0.13301263821541842,0.09535441951934293,0.3255492466235431,0.15399728148226696,0.38529493989376573,0.11429149836599732,0.25932152738280007,0.42892232944193265,0.4990562309004849,0.4751949717062073,0.516585850211601,0.37277819016127944,-0.08550605882409648,-0.3801933810841294,0.008531518417475634,0.19301283101809452
#52,0.33558269788784667,0.35191694060713563,0.41908553690725225,0.26108374384236455,0.24914540213818168,0.27678944983756376,0.08716416183856632,0.11497401983939537,0.23837158859764973,0.3504285039476348,1.0,-0.015117657833090723,0.10172076388420272,0.12808460181427317,-0.2803023145961266,-0.1240627379908033,0.18083541399554626,0.2569693347343661,-0.04866146742116781,-0.10081844736004936,-0.20461955211938343,0.12521569799388815,-0.06752913730442578,0.08680940491454021,-0.11900359576990929,0.1411450550933647,0.3798309120530593,0.3023010999392672,-0.28268921172625877,-0.14365920198972362,0.17881098589648425,0.001995507697646843,0.5135357118756808,0.05741085286263773,-0.28226890189235826,-0.2488099254817657,-0.31166745394426076,-0.355853971253121,-0.24522765175980643,-0.2595760269152536,-0.2634359364907985,-0.1643122246536782,-0.008469821561123268,-0.0937310209865713,-0.24412482045250788,-0.06543530024196736,0.15483404509654594,0.2664552263985424,0.2684757984440824,0.259144148920787,0.44172828318857066,0.3956985722961835,0.38440419153017846,0.32004665824761647,-0.051102349300608294,0.009079078017602884,-0.10204467238005263,-0.05345839800256427,-0.10315521579439522,0.04736968949129014,-0.2543009456971263,-0.42528607097066506,-0.15376206221742358,0.05090954662450715,0.40887470718093566,0.1440795118236241,0.09137882833813733,-0.0563427260370374,0.1306141729247202,0.10349069245081122,0.3369091802994226,0.456612649783579,-0.2139512016426788,-0.183318712463729,-0.3962037153075685,-0.1987390704982985,-0.28110051767518535,-0.20872239306681578,0.034228259088236145,-0.030449326636653718,0.03901747756258857,-0.18517347420782201,,0.04490952734423954,-0.09254721255531027,-0.15934562771731273,-0.19991131076899346,-0.10184030154338543,-0.038199994215919714,0.18041510416164577,0.09081198847039997,0.14486229068859477,0.06533889890391678,0.02213181918965035,0.052432687765706185,0.30581782075135205,-0.12012956339833997,0.202695381411894,0.27108249062496986,0.35989125929067894,0.3686059402504507,0.2920632778382964,0.20656685914800496,0.48826699314586486,0.48245592048817637,0.46139415615088736,0.500425129900803,-0.1916092275360782,-0.31907878881358875,-0.21879440486633955,0.03415885012483973
#53,0.18749096237455776,-0.07090318413619581,-0.05375145807023801,0.25309785699825516,0.44820259705204707,0.34857374220354176,0.15681991266038772,0.5428995594458851,0.20450772656724475,0.0533118679687274,-0.015117657833090723,1.0,0.7298178978724225,0.5386424763575719,-0.05049309284412867,-0.3913682241909518,0.06149441354245997,-0.08072069640326608,-0.34477938553787124,-0.14669391611155563,-0.11279534959945244,-0.40959578918955397,-0.314914251009804,-0.270596627881195,-0.3614876654487964,-0.23955925308243278,-0.6561248590130431,-0.5138827566926629,0.2619166514031215,0.17782769224836842,-0.15520422623466013,0.13455120357070557,-0.09274772733845546,0.05955481862088246,0.15422478864006633,0.2079550384159332,0.1537157895751593,0.32287700153278126,-0.20972496698254173,0.050720600001928025,0.1997956291633328,0.11686348606518658,0.10034415277684054,0.36076658344017815,0.1093171893225878,-0.17792409358641897,-0.22816075887133314,-0.401008357996009,-0.3161944607791156,-0.36742213181918965,-0.3566097577434375,-0.35203647826631834,-0.4963608494885909,-0.30973557112972727,-0.36481543963830215,-0.42279120434191625,-0.07112297918695111,-0.06651499522813377,-0.34378066767566734,-0.6085797190865009,0.13198692797856035,0.010366999893958529,0.6681133294130123,0.22449750802541138,-0.3727897583218455,-0.33534362256948125,0.525026751371309,0.46331447080485477,0.298063297118564,0.1974897091571631,-0.16233792525040247,-0.16752431723752326,0.1894691178313555,0.02987863071539433,0.26415316244589476,0.02728736274859495,0.095365987679909,-0.07170138721525454,0.32964437546393144,-0.030395341887345398,0.21706689288847328,0.31075742531306333,,0.735810205045646,0.3765262741846857,0.34194904225270645,0.006634340084640374,0.035978907387234534,0.1471604985877204,0.3801933810841294,0.24621480146144428,0.42993647151822467,-0.13086096035012967,-0.009495531797981356,-0.39535923958624547,0.057287459149933,0.017489130749134798,-0.04531055691052992,-0.02875651914048567,-0.02137988875285589,-0.2404037288037558,-0.35485525339091706,-0.10310508709860892,-0.07889678308734925,0.10147783251231528,-0.04872316427752017,-0.22075328005552716,0.034532887316475955,-0.1550615522543453,0.17225569490904533,-0.11183904832599076
#54,0.18830458966770458,0.028629269374258914,0.09639941002381112,0.2878833158204236,0.40093894903261257,0.5575564188830942,0.4453799658739263,0.3928296684757984,0.010540522302449559,0.23203994871448816,0.10172076388420272,0.7298178978724225,1.0,0.7498038232770671,-0.13387639420435155,-0.4209133062766911,0.09899067799061051,0.06128233059874871,-0.3756740863563186,-0.28986918338426537,-0.36544783241591394,-0.5165048730876385,-0.2346273606277655,-0.29744247250151834,-0.1966799379175383,-0.18883286900022173,-0.38586949186854713,-0.3851599780204949,0.2904437353590468,0.2566454262385162,0.023724369294245803,0.3054052230244956,-0.035176848254653774,0.18843183943393135,0.20202442809906201,0.3493642331755565,0.20610413272536224,0.29962114274146123,-0.10913595480705272,0.14040854887065832,0.1973894517655905,0.13237253333076263,-0.02655085652588858,0.3714632759102696,0.05202780214589379,-0.2781352125167497,0.024831056655066373,-0.16627881194990987,-0.04518716319782519,-0.2517636624796352,-0.15031475036873512,-0.3074142269094695,-0.34954546769109157,-0.3099399419663945,-0.3986870137757512,-0.4739031937763296,-0.10288529204785363,-0.09849710313979158,-0.222072050360059,-0.4173850173040402,0.07985694041433294,-0.048969951702929636,0.5026809212111865,0.1884742560226736,-0.051611348365515314,-0.18600252571505693,0.6035321450261729,0.592766043592685,0.17240993704992624,0.2717225955096257,0.025532858396074536,-0.002708877599221077,0.09581714594198568,-0.156025565634851,0.20457327947711915,-0.0038078528529975997,0.07464355605255801,-0.14502424493651972,0.49070401897178334,0.3883219419085537,0.21480724552456787,0.33433333654671127,,0.43755988933126394,0.28678048451312504,0.21911445730866744,-0.02251742454185264,-0.009125350659867158,0.1562260804179962,0.41544927843598467,0.38261498269595984,0.262506627591991,-0.17296520875709756,0.11013081661573462,-0.243978290418671,0.032007172259550964,0.2195771837313102,0.04167429843926234,0.13981857268178882,0.27749896368561594,-0.20793190209480109,-0.17220556621325905,0.12297533089759285,0.05305736843627389,0.24545130286408376,0.12324911069765648,0.04877329297330647,0.025077844080475836,-0.32058264968717765,0.33566367501180916,0.12369641290621114
#58,0.08364358497295943,0.0681229695468173,0.07123094868556776,0.20003084842817617,0.28484474564506956,0.47884665439156293,0.5240627379908033,0.2379628469243153,0.09363847570204274,0.29158127114804355,0.12808460181427317,0.5386424763575719,0.7498038232770671,1.0,-0.20907714999084187,-0.32470862695574215,0.045025208949900225,0.07824896609564941,-0.38069852409551447,-0.33953129669439813,-0.3985481958489584,-0.4816962779443379,-0.28427019367028816,-0.2285617884376235,-0.27542440689076764,-0.1680178920883422,-0.2693742589147137,-0.20925838450637696,0.056134499146848156,0.2054601717871844,0.19635602942168837,0.17566830227603558,0.034687129457356865,0.23123403352838537,0.1414998120173908,0.2345078229685828,0.06982348915002941,0.1182131047978946,-0.2984180540425901,-0.1190730047333057,0.17791638147937494,0.1853739889909672,0.10911667453944261,0.3525878939199676,-0.15129804401685096,-0.13950237629298295,0.06880163496669334,0.053296443754639315,-0.010066227719240744,-0.05660879373005697,-0.10422719867351758,-0.14847155678520818,-0.21589465261777832,-0.19052182044286775,-0.2619205074566435,-0.4113387253815083,-0.10352925298603144,-0.12904475914125688,-0.20797817473706534,-0.2744565374567399,0.03009456971262761,-0.007706322963762737,0.3069823489150029,0.1483944357147677,0.041978926667502144,-0.1274984816789257,0.5957737653398629,0.6222262925009399,0.09467189804594488,0.29959800642032913,0.11411411990398426,0.019972429217317535,0.09466418593890083,-0.11411797595750629,0.13489824838768763,0.083065176944656,0.10219891452093355,-0.00905979774999277,0.3304464345965122,0.28928691930243994,0.28032930697078073,0.43454831153056406,,0.2926339737595558,0.1159727377015993,0.1268930812759681,-0.023311771567389356,0.11362054505316534,0.195954999855398,0.3849556071838277,0.4175006989097009,0.0729083319676477,-0.035454484108239426,0.027657543886709147,-0.07080292674462321,-0.004945388641994351,0.03410100932200939,0.1531913662961642,0.14170803890758005,0.2598613748758833,-0.14627360627765512,-0.08532868036208342,0.21973913797923514,0.13812190913209876,0.2562598208863139,0.040228278368503755,0.022093258654430122,-0.030129274194325817,-0.3690995151012696,0.3514580702380149,0.11458455843367106
#101,-0.22128927149508834,0.048449384477456545,-0.38520239460923716,-0.33885648732804413,-0.20685606316215668,-0.48872971956850764,-0.08722971474844071,0.05749182998660021,0.06108952792264757,-0.1884781120761956,-0.2803023145961266,-0.05049309284412867,-0.13387639420435155,-0.20907714999084187,1.0,0.31880886506704714,-0.14394069389683128,-0.20172365592434424,0.31317902692489374,0.0712039563109136,0.7285415441566329,0.07083763122632142,0.2659462273336354,-0.1301938630908197,0.3207754523632788,-0.16544976044267495,-0.21983553931728572,-0.3858000829051507,0.23051295151976708,-0.09499966259531682,-0.22605535364830864,-0.27411334869327986,-0.29347459342735677,-0.3261662151870668,0.12602546923351296,0.022351614240405656,0.16093432176838615,0.23128416222417167,0.2801789208834219,0.12199974935652107,0.10620535413031533,0.21829311790847658,-0.06252397983284008,-0.07210241678154493,0.1743225395968496,-0.10103438635728264,-0.33351970925356444,-0.4696846712232366,-0.2196812971764048,-0.3264477070941745,-0.18375444651171757,-0.3037625442241138,-0.038223130537051855,-0.314231729536406,0.36116761300646855,-0.08324641146019107,0.23446155032631852,-0.1099919986889418,0.20586505740699682,-0.32590400354756927,0.08840195501913567,0.1606566859148005,0.14060135154675946,0.2524384718459892,-0.3331263917943181,-0.20943576296839,-0.12280180848910183,-0.126202847695526,0.29807100922560803,0.060634513607048864,-0.3321276739321142,-0.13250363915051142,0.047755294843492425,0.10489815198634957,0.0937310209865713,-0.09968862367809665,-0.08895722672630696,-0.18082770188850222,0.3067008570078953,-0.11173107882737413,-0.014674211678058092,-0.097051083069033,,0.004505798540483742,-0.26957862975138097,0.08171941426547001,0.058667926310817194,-0.1478854366498607,0.30951577607897196,-0.3964273664118458,-0.2420541197111816,0.052131915590988405,-0.22446280354371317,-0.210276382636191,-0.16475952686223286,0.050651191038531614,-0.1048865838257835,-0.2885234207050794,-0.40428600348972843,-0.277842152449076,-0.2636248831133776,-0.3000530207359278,-0.2710053695545294,-0.45282600522495253,-0.31317131481784966,-0.18670818350958712,-0.28861982204312997,0.006630484031118352,0.2454088862753415,-0.11822467295846066,-0.008500669989299452
#102,-0.016590670278503465,0.13412318162976103,0.08935825629259735,-0.025617691573559042,-0.08535952879025961,-0.3094695034367077,-0.2502790818736564,-0.0664532983717814,-0.08206645908245207,-0.12996635593302036,-0.1240627379908033,-0.3913682241909518,-0.4209133062766911,-0.32470862695574215,0.31880886506704714,1.0,-0.0643980218445432,0.22616332314692528,0.51441103602518,0.3368320592289821,0.3707306257410853,0.6791300743254316,0.4000674809366354,0.6217558539712531,0.24091272786866283,0.5638880587662557,0.06209981394541756,0.29886535625114474,-0.09115132118033799,-0.03177966510175161,0.029153692653254026,-0.09771432427482094,-0.05326173927294111,0.0758543568584732,-0.4400123393712705,-0.016937715095485525,-0.356359114264506,-0.14370933068550992,-0.2716300502250971,0.059736053136417534,0.18963492813280247,-0.06395457568951057,0.10996886236780966,-0.09177600185090569,-0.1928046041279053,0.4705484272121697,0.006996809115710526,0.037143435550885444,-0.39923842942940047,-0.11003441527768405,-0.09913720802444738,0.03986966539095563,0.06120906558183028,0.381635545101366,0.0034106793402292426,0.31359162465175017,-0.38510213721766456,-0.23925462485419297,-0.20973653514310778,0.07390704982985163,-0.06900986185688257,-0.09642254634494327,-0.23455023955732507,0.441111314625047,0.09399323262606885,0.11354728003624691,-0.050890266356897036,-0.08068213586804585,0.11276064511775423,0.11511669381971022,0.047805423539278726,0.07184791724909141,-0.44539539008801443,-0.17266443658237976,-0.50228760375194,-0.5307992634937773,-0.4228991738405329,-0.36668562559648327,0.008504526042821474,0.15549343024881185,-0.05492369834093297,-0.004667752788408703,,-0.3329027406900408,-0.13231083647441028,0.020955722865433374,-0.045923669420531554,0.03696605708887239,0.20288818408799514,-0.14695227169753117,-0.15838547039032902,-0.19599741644414023,0.34646833698051727,-0.019332324332661736,0.15084688575477428,-0.08368600156170168,0.39630782875266307,-0.16083020832329153,0.05338127693212382,-0.28863139020369605,-0.09540454821512923,0.0028824000077121072,-0.05038512334551203,-0.12056529744632856,-0.14560265296482316,0.0028746879006680613,-0.050828569500544665,-0.17198962721602576,-0.0030752026838132512,0.0016099023454445548,-0.26962875844716727
#201,0.3139849421109965,0.16070295855706476,0.5625885687293339,0.4801384323214406,0.21584066786847,0.382144544166273,0.3300299808161337,0.040521338436177494,0.18208091928315964,0.43029894054929485,0.18083541399554626,0.06149441354245997,0.09899067799061051,0.045025208949900225,-0.14394069389683128,-0.0643980218445432,1.0,0.5003595769909286,-0.06826949958065417,-0.2517135337838489,-0.008847714806281512,-0.002978801345762679,0.0576576402880472,0.2061658295817146,0.012711480435348442,0.23835616438356164,0.18747553816046966,0.09608706968852727,0.008901699555589832,0.03553160517867988,0.42899173840532906,0.17670943672698178,0.49138268439165933,0.605240376736429,-0.36053522022885676,-0.14230958325701562,-0.1475846644751429,-0.2017892088342186,-0.2601235865153808,0.046286138451601705,-0.07457029103563957,-0.1090472655760462,-0.08060501479760539,-0.18139454175623956,-0.22533427163969036,-0.01643642813762255,0.23881503475268237,0.036742405984595064,-0.19983804575207503,-0.14981731946439417,-0.015522543452903126,-0.08057031031590718,0.1495204033431984,0.12290592193419644,-0.0013052741172047467,-0.0427462813183847,-0.16260784899694408,-0.3205672254730896,-0.25190248040642804,-0.17118371202992297,-0.04824115758726731,-0.21609902345444554,-0.1070266935305062,-0.10853826651113918,0.17991767325730482,0.09162175971002477,0.14545226687746426,-0.0686435367722904,0.33143358429815006,0.3495647479587017,0.49748296106349954,0.45234399853469964,-0.026049569568025604,0.09704337096198895,-0.22077256032313727,-0.21035350370663145,-0.03420897882062603,-0.12250874842142809,0.14267205228808577,0.09372716493304926,0.15629548938139262,-0.04031311154598826,,0.002400393317459246,0.20792804604127904,0.049833707691862766,-0.009904273471315781,0.2375425370904148,-0.06620265489284992,0.09966548735696451,0.013922281241263629,0.09547395717852564,0.06018335534497219,0.32704925144361,0.06873608205681894,0.41698013168422776,0.006449249515583276,0.605903617942217,0.25887808122776745,0.27245524567881,0.21801933810841295,0.4719713109617962,0.30432167198480714,0.5191925423924884,0.5783752518484957,0.6049704529898875,0.5156218368310952,-0.13621316263869743,-0.23326231768096942,0.06623735937454812,0.001833553449721882
