,#10,#11,#12,#13,#17,#18,#26,#49,#50,#51,#52,#53,#54,#58,#101,#102,#201,#202,#301,#302,#401,#402,#501,#502,#601,#602,#701,#702,#801,#802,#901,#902,#1001,#1002,#1101,#1102,#1201,#1202,#1301,#1302,#1401,#1402,#1501,#1502,#1601,#1602,#1701,#1702,#1801,#1802,#1901,#1902,#2001,#2002,#2101,#2102,#2201,#2202,#2301,#2302,#2401,#2402,#2501,#2502,#2601,#2602,#2701,#2702,#2801,#2802,#2901,#2902,#3001,#3002,#3101,#3102,#3201,#3202,#3301,#3302,#3401,#3402,#3455,#3501,#3502,#3601,#3602,#3701,#3702,#3801,#3802,#3901,#3902,#4001,#4002,#4101,#4102,#4201,#4202,#4301,#4302,#4401,#4402,#4501,#4502,#4601,#4602,#4701,#4702,#4801,#4802
#10,1.0,0.4167641926869945,0.5094135906606384,0.5242131240781622,0.20489333191944703,0.24828164614924855,0.31796438934572413,0.5583006372128445,-0.11925423924884078,0.6122121215042465,0.08042378028207031,-0.15476463613314953,0.2503137863553546,0.1662826680034319,-0.08963203609266096,0.1709022201228153,0.541191327735629,0.25670326704134655,-0.15038801538565355,-0.15051912120540234,-0.18863621027059854,-0.12054987323224046,0.027148544821802126,0.18897554298053656,0.21500776030771307,0.19414265470004724,0.10327089740005592,0.1657466765638707,-0.07027464741210608,0.14721448333702872,0.19946786461396085,0.16536878331871246,0.15518880202057206,0.13024013573308396,0.06394686358246653,0.011832300232327224,0.010019955076976469,0.04187481322240753,-0.04807920333934235,0.04993396508343536,0.01619349676573511,0.1344740825002651,-0.02887605679966838,0.23262221279631362,0.0006883055536810851,0.04768202982657399,-0.1111719510666808,0.09985829003306566,0.16170553247279074,0.21678925703488763,0.23148853306083889,0.27522003605410045,0.38859572170861734,0.24379319984961392,-0.11345859080524037,0.22713890468799708,-0.2592675426334918,0.003387543019097105,-0.1827634407565577,-0.130752990851513,-0.1497054939122555,-0.08081324168779462,-0.07374509558192668,0.08581454310585832,0.3388102146857798,-0.09277471971310962,0.08974386164479962,0.17104103804960813,-0.10211022528992703,-0.0627283506695073,0.048958383542363565,-0.03311000356684951,-0.06118592926069814,0.019417157510146242,-0.11106012551454214,-0.03194933145672062,-0.09780686955934949,-0.1520808228818216,0.2682907078750253,0.18444082403863765,-0.09627987236462843,0.15023762929829465,,-0.12061157008859283,-0.004093200813627293,-0.28012493613411354,-0.15843945513963734,-0.008022519352568614,0.08332738858415355,-0.09417832319512595,0.14566820587469753,-0.41259194277616573,0.006321999749356521,-0.1980141324361582,-0.1529561470313208,0.3580789141353282,0.1324650786152912,0.4471614626011009,0.4304300463690436,0.2077699478468761,0.4422758427886979,0.13904350592386222,0.09353436225694813,0.37170235122863504,0.413822023849691,0.3872461029759093,0.33980122044093974,-0.1418391447273288,-0.0027898547231835578,-0.21606046291922532,-0.22028284152584038
#11,0.4167641926869945,1.0,0.031104855735397608,0.18253978965228038,0.05796998062333105,0.02890304917432254,0.17726856448767508,0.41702254827297003,0.1914395611811092,0.26135366758890616,0.5631708328111594,-0.16600888820336826,-0.06105482344094936,0.05652396055257247,0.18184955607183828,0.39457646072127484,-0.1360396402302064,-0.08133766496678974,0.05157664388381711,0.31547337877049736,0.13481341521020312,0.27323802454378066,0.2800863755988933,0.006618915870552283,0.15230447398609892,0.11067066410881783,0.00733614182564854,0.03924498472038792,0.17787010883711066,0.2194769263397376,0.1027117696393626,-0.033063730924585234,0.12789565519169407,0.09696239383802648,0.25189091224586196,0.08481196919013236,0.10411922917490095,0.06164865568334089,0.12033007818148515,0.00042609391418352885,0.16932895028582998,0.13361032651133198,0.19655654420483357,0.4133477292664822,0.2992008329075608,0.25762486383311,-0.04351363596926725,-0.04804449885764414,-0.04159717736882188,0.11744189409349001,0.0774893235518109,0.0613478835086231,0.04192494191819383,-0.013085517626984662,-0.022054698119209893,0.04162031368995402,-0.1616708279910925,0.023616399795629163,-0.15398956937522293,-0.08307674510522206,-0.17769658642861963,0.006692180887470718,0.07300473330569829,0.2681056173059682,0.15763353995353455,0.12203445383821927,0.11888405811072658,0.23540628343921413,0.08190064878100509,0.16863871670538788,0.016324602585483888,-0.026558568632932624,0.05903810744893139,-0.0728736274859495,-0.020088110822978223,-0.12693164181118835,-0.17948193920931624,-0.3083242555406669,0.15333404027647904,0.11571823816914578,-0.2857162137410467,0.197809761599491,,-0.22833428127982416,-0.007270588915774151,-0.35212516749732486,-0.30774199145884146,0.11495859562530727,0.1650333066622965,-0.06486846037423,0.2232211543096218,-0.38408413908785055,-0.05569876509885957,-0.2897380775645166,-0.2711518995883663,0.07689934736294139,0.22426614481409002,-0.0025237870301639785,0.09521945764607213,0.04158175315473379,0.02979765359143185,-0.12281337664966789,-0.04149306392372726,0.13041365814157502,0.07918213104797894,0.10111536348124511,0.06588645850404404,-0.11280691776001851,-0.15955771066102398,-0.2109704722701551,-0.12386222320765812
#12,0.5094135906606384,0.031104855735397608,1.0,0.6511274136485015,0.19120819796978783,0.44918974675368495,0.03866657669208449,-0.04409204399757068,-0.1348095591566811,0.43835423635680065,-0.011115074277230968,-0.17235595230061793,0.221736573703643,-0.27875603713379543,-0.44570773042329825,0.09420917162330213,0.6976044267494432,0.6457559310923235,-0.44206375984498664,-0.28265450724456054,-0.01854954546769109,0.03676939835924923,-0.012129216353522987,0.16275437903078094,0.03981953669516933,-0.0992914501653283,0.504296607636914,0.4057590159351412,-0.18661563822505856,0.20405271225164606,0.41241070826063064,0.1441296405194104,0.34335650178824484,0.2853576007634986,-0.20248329846818275,-0.1495512517713746,-0.2666595972352096,-0.1428108702148786,-0.12043419162657977,-0.03679639073390339,0.17421842615175498,0.11038146009466611,-0.19426990446627398,-0.03820770632296376,-0.2405733951587248,-0.13571187568083445,0.27515833919774807,0.3739195820037982,0.31094637193564245,0.3608745529387948,0.43892493227806,0.4610124068522071,0.6305823604831635,0.5357041635737904,0.16338291575487068,0.15809241032265528,-0.07961015298892349,-0.036634436485978424,0.030838788042378027,0.010633067586978108,-0.25962615561103985,-0.3188667058698775,-0.505148795465281,-0.23208622135675244,0.42814726268400605,0.10368735118043439,-0.2596994206279583,-0.002354120675194972,-0.23480088303625654,-0.23548726056317662,0.15825822062410227,0.11764626493015723,-0.2991391360512084,-0.1299239393442781,-0.28623678096651983,-0.06613710198297552,-0.0025045067625538643,-0.09485313256147995,-0.0034492398754494714,-0.18076986108567186,0.16052943614857373,0.2156864257275891,,-0.23898084505412936,-0.11830950613594517,-0.3223063056115219,-0.17362459390936347,0.271109482999624,0.20999874678260536,-0.23724562096921906,0.01588501248397328,-0.1166475470679533,-0.021268063200717224,-0.09360377122034454,-0.13146250469956522,0.5305062034261036,0.2776917663617171,0.6450579854048374,0.6562482527257478,0.47258056741827575,0.6470708453433334,0.620217288615966,0.3526148862946218,0.7254181408037944,0.6691081912216942,0.5345434914636615,0.529742704828743,-0.27843984074498956,-0.20515168750542256,-0.20039331745924632,-0.21923785102137217
#13,0.5242131240781622,0.18253978965228038,0.6511274136485015,1.0,0.10917451534227295,0.17116057570879084,0.10615908148805106,0.02581435030318221,-0.10880433420415875,0.5568970337308282,-0.059844022635034175,-0.13264245707730424,0.03412414564314153,-0.19670693029219247,-0.15692788215900436,0.03487993213345801,0.6324602585483886,0.25524567881002186,-0.1842287410949264,-0.21422498144274243,-0.050897978463941076,-0.23537543501103794,-0.013891432813087445,-0.10801384323214407,0.006391408712752933,-0.22120058226408182,0.25582794289184735,0.25215312388535954,-0.1419548263329895,0.1924498472038792,0.21353474786230034,0.0743890565201045,0.33414438992413215,0.3107612813665854,-0.009545660493767653,0.22501036314384043,-0.11483134585908053,0.07732736930388594,-0.01704954064762419,0.13643681374297476,0.056878717476598575,0.1059315743302517,-0.07253043872248947,0.10927477273384555,-0.015927429072715528,0.04376813550172076,0.4240097172548755,0.4782296858280393,0.21291392324525465,0.3192253188474256,0.3238564391273751,0.42109839684574824,0.4197256417919081,0.22361832782239016,-0.12169126507475923,0.017354168875863996,-0.11366296164190759,-0.11206655548379012,-0.07862300328728562,-0.12109357677884569,-0.2536184242237282,-0.28826120906558184,-0.23397568758254364,-0.057750185572575746,0.30334223439021335,-0.05343911773495416,-0.15779935025498154,0.041755275563224815,-0.15410525098088362,-0.1100922560805144,0.03998149094309429,0.16344075655770102,0.016050822785420263,0.027726952850105558,-0.10927862878736756,-0.09239682646795137,-0.10516036362584713,-0.29150415007760305,0.12665786201112472,-0.15571322529956716,-0.042595895231025804,0.06052654410843222,,-0.23281887152593678,-0.10796757058987978,-0.25426624121542807,-0.17256417919080716,0.1335833341366778,0.1309496495811362,-0.13163602710805625,0.03702775394522476,-0.11583391977480648,-0.028687110177089258,-0.18516961815429997,-0.11559098840291904,0.22789854723183559,-0.09006777014064955,0.4976873319001668,0.5270627476309371,0.33408269306777977,0.6720812084871738,0.20160797431868355,0.17926214415856093,0.46803042426228875,0.6214589378500573,0.44376427944819874,0.6040681364657341,-0.2759565422768068,-0.21086250277153848,-0.19444728292828706,-0.08855234110649456
#17,0.20489333191944703,0.05796998062333105,0.19120819796978783,0.10917451534227295,1.0,0.645647961593707,0.04994938929752345,0.08306903299817801,0.13485197574542335,-0.008211465975147735,0.14954739571785255,0.2577096970105945,0.4611782171536541,0.07254971899009958,0.07391476193689568,-0.12512700876288163,0.2424281569028178,0.11518995883662865,-0.0912053059296463,-0.26184724243972507,-0.2661158936886044,-0.26435753328256195,-0.11475808084216209,-0.004795002554635459,-0.07860757907319754,0.04490952734423954,-0.2032352289049772,-0.18012204409397203,0.19821079116578139,0.284914154608466,0.08058959058351729,0.08426055353648308,0.15717852563793586,0.061478989328371876,0.2528125090376254,0.29445403102195056,0.13485583179894536,0.28430104209846435,-0.03589021815622801,0.006676756673382626,0.15591759613623438,0.11701001609902345,0.24268265643527132,0.04799822621537987,0.09392767971619446,0.06070006651692326,0.018564969681779182,0.030476319011307876,-0.23711837120299228,-0.2371530756846905,-0.03909845468655105,-0.019540551222850974,-0.035404355412453126,-0.10283901940558934,-0.3348924643074046,-0.05889157741509452,-0.13436996905517049,-0.14643941657910212,-0.1513404606055932,-0.10202924816596454,-0.05131443224431955,-0.1951837891509934,0.11974395804613767,0.11904986841217356,-0.05880288818408799,0.017392729411084225,-0.024322057590159353,0.025363192041105532,-0.09036083020832329,0.004247442954508208,-0.04765503745191983,-0.04136195810397848,0.003526360945889929,-0.09857808026375406,0.03612158136754938,-0.19674163477389067,0.16594333529349387,-0.059766901564593716,0.014184492880761184,0.1388892637829813,0.15184945967050023,0.39748006902335803,,0.2645734722797952,0.5382414467912815,-0.13186739031937764,-0.09265518205392691,0.19581232587508315,0.2037403719163622,0.3306970780754437,0.48599192156787135,-0.00782971667646747,-0.022845189091224585,-0.08281453346572451,-0.12091619831683263,-0.16428908833254605,-0.10689173165723541,0.06474121060800324,-0.06434403709523488,0.18319917480454628,0.22922888569693348,0.22061831818225636,0.05965507601245505,-0.06921423269354979,0.13768231903058814,0.14065919234958982,0.16479423134393106,-0.06744430412694129,0.03165627138904688,-0.173882949495339,-0.14240598459506618
#18,0.24828164614924855,0.02890304917432254,0.44918974675368495,0.17116057570879084,0.645647961593707,1.0,0.21240492418034762,0.07288519564651558,0.18400123393712706,0.27579844408240384,0.09759864266916025,0.005751303828097134,0.6746801885610172,0.13983399689587692,-0.10472077352433652,-0.031313082625586845,0.40400451158262074,0.45203937030645985,-0.1302247115189959,-0.2625297639131231,-0.40075000241003345,-0.24115180318702822,-0.07868084409011597,0.1222581049424966,-0.0733941947114226,0.09211147850732168,0.15179547492119191,0.0948107159727377,0.2890671242516846,0.4570368156710015,0.42402899752248563,0.3226417822679379,0.3536984373343102,0.15008338715741373,0.2504063316398832,0.2919938688749,0.04905092882689212,0.21109000992933782,-0.14171189496110206,-0.04981442742425265,0.331422016137584,0.19723520962470958,0.023924884077390993,0.13038666576692085,-0.1662710998428658,-0.16946391215910075,0.05739542864854964,0.10097268950093027,-0.0368657996972998,-0.0640779694022153,0.15423635680063238,0.15263995064251493,0.16728909797267985,0.23878033027098416,-0.13566560303857017,0.10454339506232346,-0.18778016638870948,-0.28255810590651,-0.07256128715066565,-0.11904601235865153,-0.2645002072628768,-0.3474169261469349,-0.042588183123981764,0.2269769504400721,0.26970202346408567,0.06201883682145508,0.02136832059228982,0.30493478449480876,-0.025586843145382857,-0.19044469937242728,0.23940886699507388,-0.057083088313265785,-0.28144370643864536,-0.3085594748055103,-0.2285772126517116,-0.24522379570628441,0.016598382385547512,-0.148606518658479,0.0892155823122825,0.2958460663434008,0.31859678212333586,0.5256784244165309,,0.003595769909286341,0.2900234255251463,-0.4083232915272864,-0.20756172095668687,0.3769620082326743,0.3944607791156141,0.07924768395785334,0.3402369544889283,-0.21811959549998555,-0.15710526062101743,-0.11185061648655684,-0.20456942342359713,0.1315396257700057,0.06691602479442414,0.3440274551010768,0.2790838016831674,0.3086944366787811,0.4015674857567023,0.5547260755979293,0.2853730249775867,0.28997329682936,0.4291305563321219,0.4135521001031494,0.3570763402196023,-0.29200543703546605,-0.14738414969199773,-0.2322173271765012,-0.26848736660464845
#26,0.31796438934572413,0.17726856448767508,0.03866657669208449,0.10615908148805106,0.04994938929752345,0.21240492418034762,1.0,0.37081545891856976,0.07561528154010777,0.42764211967262106,0.2613652357494722,-0.07342504313959877,0.24350785188898422,0.2789025671676323,0.06781448526505549,0.039437787396489066,0.15789189553951008,0.09653822795060396,0.15185717177754426,0.18027628623485295,-0.14537128975350178,-0.09289811342581435,-0.12215399149740198,0.032720542161125195,-0.10985318076214898,0.22905150723492043,0.002785998669661535,0.013262896088997715,0.11301900070372976,0.025494297860854307,0.03757531354535201,0.2471132619320756,0.12769128435502686,0.13411546952271697,0.11786220392739051,0.1893495801721728,0.16531094251588213,0.3547434278387784,-0.11138017795687004,0.1636721197690224,-0.07207542440689077,0.01382973595673508,0.2149807679330589,0.29173551328892444,0.3060684642302835,0.16164769166996037,-0.03254316369911214,-0.05456508536338484,0.0010392064241851677,-0.10210251318288298,-0.00831172336672033,-0.14681730982426036,-0.1266038772618164,-0.12168740902123722,-0.15864382597630455,0.14861423076552302,0.07239162079569665,0.17438423645320197,-0.1122824944810234,-0.10689944376427944,-0.032076581222947376,0.09673874273374915,0.2884462996346389,0.33948116799861183,0.22039466707797906,0.005820712791493546,0.39298776667020136,0.6079974550046755,0.12211543096218176,-0.06371550037114515,0.210951192002545,-0.0029093923823662673,-0.10805240376736429,-0.1979292992586737,0.07652145411778316,-0.13977615609304658,-0.06994688286273414,0.004559783289792062,0.21299875642273916,0.32179730654661487,0.13210260958422104,0.05509336469590198,,-0.06324891789498038,0.06741731175228712,-0.25169039746271676,-0.057113936741441974,0.02982464596608601,-0.10396498703402003,0.2107661014334879,0.19041385094425112,-0.12603703739407904,-0.08905748411787956,-0.17407960822496216,-0.185003807852853,-0.05930031908842895,-0.06966153490210444,-0.10209094502231691,-0.06396228779655462,0.20761956175951723,0.08757290351190075,-0.004359268506646872,0.17146520393703066,0.0951654728967638,-0.009464683369805172,0.1740024871545217,-0.017311752287121746,-0.058602373400942806,-0.019933868682097306,-0.18945754967078943,-0.17800892676390348
#49,0.5583006372128445,0.41702254827297003,-0.04409204399757068,0.02581435030318221,0.08306903299817801,0.07288519564651558,0.37081545891856976,1.0,0.1411103506116665,0.3116558857836947,0.10089556843048982,-0.008080360155398958,0.19041770699777313,0.2715722094222668,0.17678655779742222,0.274811294380766,0.10713851908264486,-0.06954199724292173,0.15840089460441711,0.08546364223535423,-0.19244213509683514,0.06141729247201951,0.04949437498192475,0.11434162706178362,0.15489959800642034,0.1325344875786876,-0.07002014787965256,-0.12666557411816876,0.14379416386299443,0.07018210212757753,-0.03620255849151186,0.28282031754600756,-0.24384332854540022,-0.17667087619176153,0.0616178072551647,-0.013918425187741605,-0.06668080552958075,0.0916256157635468,-0.21794221703797248,-0.05499310730432939,-0.11894575496707895,0.015009688334474082,0.08543664986070007,0.3698321652704539,0.20107583893264439,0.2318779944665632,-0.4016677431482749,-0.3100941841072754,-0.04998409377922165,-0.023843906953428515,-0.1082220701223333,-0.15630320148843665,-0.03839279689202086,-0.12963087927660435,-0.046139608417764835,0.07936336556351402,-0.22180983872056145,0.03822698659057388,-0.2674847926889225,-0.213311096758023,0.0063759844986648415,0.12356916313998438,0.26969431135704164,0.25644105540184897,0.23943971542325007,-0.08536338484378163,0.31260833100363433,0.19953341752383524,0.0647527787685693,0.12492649397973644,0.04208304011259676,-0.2836763614278966,-0.03657659568314808,-0.14080186632990466,-0.2014151716425824,-0.167142567938843,-0.0687784986455612,-0.1032516171324458,0.2885966857219978,0.3658141575005061,-0.27615705705995197,0.12440592675426335,,0.003857981548783897,0.0040160797431868355,-0.12173368166350149,-0.16929424580413177,-0.06802271215524472,-0.10824520644346544,0.04090694378837978,0.25992692778575766,-0.48963589214618297,-0.01325518398195367,-0.2190064878100508,-0.2003894614057243,0.28221491714304997,0.2005244232789951,0.10336729873810649,0.07215254547733123,-0.12220412019318828,-0.05876818370238979,-0.15397800121465685,-0.08573742203541786,0.03040305399438944,-0.041354245996934436,0.06795715924537032,-0.05668977085401945,-0.011577800699873714,0.06993917075569009,-0.1296038869019502,-0.20153085324824307
#50,-0.11925423924884078,0.1914395611811092,-0.1348095591566811,-0.10880433420415875,0.13485197574542335,0.18400123393712706,0.07561528154010777,0.1411103506116665,1.0,0.013609940905979775,0.2549449066353041,0.041003345126430356,0.000996789835442916,0.1485910944443909,0.06260495695680256,0.13182882978415741,-0.12392392006401048,0.09159862338889264,0.06032988537880906,-0.04212545670133901,-0.349965777524992,0.0008695400692161607,-0.1960745375145807,-0.1375897737460596,-0.27306450213528966,0.0503619870243799,-0.1606566859148005,-0.29224065630030943,0.20206684468780425,0.08347777467151245,0.131589754465792,0.15184174756345617,0.002172886159659896,0.06090829340711249,0.1256244396672226,0.1627466669237369,0.08971686927014547,0.3045067625538643,-0.113732370605304,0.06071163467748932,-0.057946844302198916,0.05239412723048596,0.21784581569992192,0.16861943643777777,0.23035099727184213,0.19589715905256766,0.0010199261565750533,-0.11298044016850954,-0.22501421919736245,-0.29281520827509083,-0.10333259425640828,-0.22339853277163488,-0.37013293744517173,-0.34088091542710613,-0.13352549333384747,-0.27967377787203684,-0.2085604388188908,-0.22020572045539993,-0.04507919369920854,-0.2783819999421592,-0.22430084929578822,-0.23208622135675244,0.24671994447282927,0.12397019270627477,-0.02615368301312022,0.15617980777573193,0.23397183152902162,0.09267446232153702,0.3690840908871815,0.3601457588231325,0.3599953727357736,0.19425833630570793,0.09632228895337067,-0.19080716840349743,-0.1668919244599115,-0.3509336469590198,-0.0005996163226745587,-0.1487954652810581,-0.21996278908351247,0.18150636730837824,0.17855648636403074,0.36644655027811784,,-0.08394821320119923,0.1773418295045935,-0.20725709272844708,-0.20199743572440784,0.09044951943932981,0.07182092487443725,0.1612659423712801,0.13000106041471857,-0.2217211494895549,-0.17325441277124926,-0.00788370142577579,-0.17598064261131943,-0.0977413166494751,0.05499310730432939,-0.051044508497777946,-0.10003566849507871,0.12083136513934814,-0.1468751506270907,0.11101385287227787,0.03857017535403391,0.0270598555907956,-0.06021420377314837,-0.03371154791628508,-0.09569375222928095,-0.29765455544522956,-0.36291054919842286,-0.04393780185668977,-0.1436900504178998
#51,0.6122121215042465,0.26135366758890616,0.43835423635680065,0.5568970337308282,-0.008211465975147735,0.27579844408240384,0.42764211967262106,0.3116558857836947,0.013609940905979775,1.0,0.11017323320447688,-0.31610962760163114,0.2981134258143503,0.25254644134460585,-0.308008059151861,-0.08968602084196929,0.5367568661853026,0.16880452700683485,-0.1798328400798203,-0.15686232924913,-0.38342860998910666,-0.3090646178168953,-0.2567109791483906,0.008331003634330444,-0.15934177166379068,-0.02414853518166832,0.3250865202009004,0.43677711046629325,-0.207916477880713,-0.033210260958422104,0.3397472356916314,0.12263214213413282,0.35731155948444565,0.1870783646477013,-0.06450984739668186,0.05097895558790356,-0.04244550914366691,0.01526033181340557,-0.13777872036863872,0.05923476617855456,-0.12874013091301706,-0.028814359943316013,-0.19520306941860352,0.10170533967011462,-0.14123760037789324,-0.18896397481997051,0.3129746560882265,0.3566791667068339,0.4925125080736121,0.36104807534728584,0.48049318924546675,0.435554741499812,0.44359461309322973,0.32283458494403905,-0.21680468124897573,0.10956012069447524,-0.061606239094598635,-0.08674385200466582,0.1596116954103323,0.08089036275823508,-0.21709774131664947,-0.15527363519805654,-0.20294602489082547,0.1565654131279342,0.4688594757695237,0.07653687833187124,0.05190055237966703,0.4213259040035476,-0.17646650535509434,-0.1783135549921433,0.10255367144495965,0.04982985163834074,-0.12653446829842,-0.06811911349329529,-0.13168615580384255,-0.017219207002593197,-0.12185707537620623,-0.09185697897486818,0.11537504940568576,0.08519371848881263,0.05714864122314018,-0.07688777920237533,,-0.3229001378539134,-0.08612302738762014,-0.35017400441518126,-0.08390194055893496,-0.24015694137834634,-0.11876066439802184,-0.2148612302738762,0.1193082239981491,-0.25397703720127635,0.10908968216478845,-0.026874765021738502,-0.029523873791368224,0.18965035234689057,-0.06801114399467864,0.4436177494143619,0.46724378934379607,0.3838874803582274,0.5404779578340547,0.2716416183856632,0.11100999681875584,0.46791088660310604,0.37752884810041165,0.409268024640182,0.45262549044180733,-0.19705397510917452,-0.10147397645879325,-0.103286321614144,-0.07979909961150261
#52,0.08042378028207031,0.5631708328111594,-0.011115074277230968,-0.059844022635034175,0.14954739571785255,0.09759864266916025,0.2613652357494722,0.10089556843048982,0.2549449066353041,0.11017323320447688,1.0,-0.041793836098445045,0.004093200813627293,0.0671936606480098,0.05732601968515323,0.20375965218397232,-0.23497826149826959,0.05919234958981231,0.043556052558009505,0.37995430576576406,-0.001567485756702303,0.20622752643806697,0.1892840272622984,-0.02310354467720012,-0.13069129399516066,0.207916477880713,-0.11604985877203976,0.1115575564188831,0.256953910520278,0.17620043766207474,-0.06600214010970472,0.013899144920131492,0.08937753656020746,0.1584818717283796,0.2842663376167661,0.17484310682232268,0.1055266887104393,0.11479664137738232,0.08797393307819112,-0.006287295267658315,0.20095244521993966,0.06443658237976344,0.20612726904649437,0.2612418420367675,0.03795320679051025,0.07801760288432803,-0.03939151475422479,-0.0011548880298458543,-0.07381064849180106,0.04863833110003567,0.08793922859649292,0.05471932750426576,-0.10382616910722721,-0.07642119672621056,-0.06669622974366884,0.001675455255318944,-0.06209595789189554,0.15046128040257198,-0.014226909469503437,0.047805423539278726,0.030665265633887,0.12374654160199744,0.07910500997753848,0.10858068309988142,0.13886612746184918,0.21489979080909644,0.21366970973557112,0.28272391620795695,0.15426720522880857,0.2514937387330936,0.1368956841120955,0.16799475576721004,0.09837370942708684,-0.07999575834112578,0.1916439320177764,0.019154945870648685,0.026573992847020715,0.047119046012358654,0.0014826525792177995,0.025432601004501943,-0.09172587315511939,0.23182015366373285,,-0.04946352655374857,0.10459737981163178,-0.1061667935950951,-0.10020533485004772,0.06625663964215824,0.08743794163862995,-0.019957005003229444,0.26696422546344944,-0.11575679870436602,-0.026211523815950565,-0.10779404818138875,-0.16827624767431773,-0.02392102802386897,0.07795204997445365,-0.16056414063027194,-0.15044585618848388,0.0811949909864749,-0.11611155562839212,-0.08841737923322376,0.058297745172702996,0.053392845092689885,-0.10203696027300858,-0.13130440650516229,-0.20283419933868682,0.0574224210232038,0.0003142683620448652,-0.1793932499783097,-0.09295981028216671
#53,-0.15476463613314953,-0.16600888820336826,-0.17235595230061793,-0.13264245707730424,0.2577096970105945,0.005751303828097134,-0.07342504313959877,-0.008080360155398958,0.041003345126430356,-0.31610962760163114,-0.041793836098445045,1.0,0.07480165424696095,-0.022475007953110387,0.014091947596232635,-0.18024158175315474,-0.07809472395476849,-0.06052654410843222,0.07623996221067549,-0.12812701840301544,-0.12884038830458966,-0.13206019299547878,-0.12584809077149992,-0.041774555830834934,-0.08909218859957777,-0.14132628960889976,-0.24130990138143119,-0.1566810947335949,0.03762929829466033,-0.058602373400942806,-0.3836059884511197,-0.09980430528375733,-0.31537312137892476,-0.2287430229531586,-0.02278734828839424,0.13101520249101056,-0.08923100652637059,0.01909710506781834,-0.048333702871795864,-0.02878736756866185,-0.017230775163159264,-0.13739311501643642,0.42767682415431924,0.018661371019829755,0.1841477639709639,0.13064116529937436,-0.046023926812104154,-0.10976063547762042,-0.22310932875748316,-0.28866995073891627,-0.036726981770506976,-0.1744382212025103,-0.3090337693887191,-0.33217394657437843,-0.24739860989270532,-0.20642418516769012,-0.06297128204139474,-0.1371193352163728,-0.24598343825012292,-0.27026886333182304,0.29513655249534865,0.1671965526881513,0.20397173512768357,-0.010278310662952001,-0.1381450454532309,-0.20304242622887606,0.13490981654825368,-0.20939720243316978,0.0467064482855022,0.15563224817560467,-0.12343034521319156,0.008573935006217887,0.18368503754832116,0.2805915186102783,0.09680043959010151,-0.0699430268092121,-0.03214599018634379,-0.06895587710757425,-0.07200215938997233,-0.07244560554500497,0.09523488186016021,0.23168519179046204,,0.7292510580046851,0.324855156989579,0.4835009109926446,0.13765147060241195,0.025702524751043544,-0.07293532434230188,0.6239036757830199,0.2958884829321431,0.4057667280421852,-0.22078027243018133,-0.11907686078682772,-0.27980102763826364,-0.3555956156671455,-0.1539471527864807,-0.20800902316524153,-0.22011317517087137,-0.22619417157510147,-0.2127558250508517,-0.19721592935709947,-0.05650082423144033,-0.19595885590892,-0.16090732939373198,-0.12334551203570705,-0.30818543761387407,0.18226600985221675,0.1432041876741249,-0.1150125803746156,-0.10108837110659095
#54,0.2503137863553546,-0.06105482344094936,0.221736573703643,0.03412414564314153,0.4611782171536541,0.6746801885610172,0.24350785188898422,0.19041770699777313,0.000996789835442916,0.2981134258143503,0.004093200813627293,0.07480165424696095,1.0,0.591582235161424,-0.09008319435473765,-0.2791223622183876,0.4101472048432032,0.3116250373555185,-0.10266549699709832,-0.4617874736101337,-0.5810899135279998,-0.32457752113599336,-0.05280286890382038,0.20462726422642746,0.08311916169396431,0.20150386087358893,0.18319531875102427,0.05555994717206675,0.2710902027320139,0.37610210829726315,0.4541524876365284,0.3636740477957834,0.3980623331051835,0.21530467642890883,0.1753790982618839,0.299069727087812,0.2679359509509992,0.23717621200582265,0.09407806580355335,0.08508189293667397,0.3252754668234795,0.23750012050167257,-0.04883884588318086,0.14522861577318694,-0.22934071124907213,-0.13541881561316071,0.06902914212449268,0.08808575863032979,0.05270261151224779,-0.17999093827422324,0.10688016349666933,0.03680024678742541,0.24746801885610173,0.22712348047390898,-0.19278532386029518,0.3637820172944001,-0.288114679031745,-0.3430865780417032,-0.14942400200514783,-0.14725689992577096,-0.11775037837525185,-0.23515178390676061,0.17904620516132763,0.43094675754099465,0.3016147224123471,-0.0481717486238709,0.292664822187732,0.2653176906095457,-0.11370923428417186,-0.2932625104836455,0.17264515631476965,-0.1583006372128445,-0.292672534294776,-0.2955645744362932,-0.11308069756008213,-0.2605361842422373,-0.03808816866378106,-0.17173127163005023,0.34299017670365267,0.43217298256099795,0.2227622839405011,0.10250354274917337,,0.12927226629905622,0.06649957101404567,-0.24882149364233175,-0.1416193496765735,0.15441373526264546,0.22740882843453866,-0.012942843646669816,0.1195627235306026,-0.28201825841342676,-0.18639584317430327,-0.12036863871670539,-0.23259907647518147,-0.015426142114852555,0.015244907599317478,0.24966596936365476,0.19436630580432457,0.4281549747910501,0.4127346167564806,0.5163352067326694,0.4227333635390859,0.13461290042705792,0.3129746560882265,0.5276411556592405,0.46258182063567044,-0.2283921220826545,-0.0498067153172086,-0.19981876548446492,-0.3335659818958287
#58,0.1662826680034319,0.05652396055257247,-0.27875603713379543,-0.19670693029219247,0.07254971899009958,0.13983399689587692,0.2789025671676323,0.2715722094222668,0.1485910944443909,0.25254644134460585,0.0671936606480098,-0.022475007953110387,0.591582235161424,1.0,0.12413985906124377,-0.14177744787097646,0.022058554172731917,-0.08112558202307849,0.11004983949177215,-0.13924402070700742,-0.4932760066709726,-0.19787531450936538,-0.0030173618809829082,0.09924517752306403,0.11714112191877223,0.26365187548803176,-0.14140341067934023,-0.15499985539799294,0.32396440862599174,0.19870050996307828,0.250205816856738,0.2479693058139647,0.20035090087050408,0.12748305746483762,0.35359046783569353,0.3477408346427848,0.45573346958055777,0.3264746994688286,0.2204023791850231,0.17404490374326395,0.24573279477119142,0.25902846731512635,-0.004112481081237408,0.10505625018075251,-0.13529156584693394,-0.04144679128146299,-0.14280315810783453,-0.18346524249756588,-0.029627987236462844,-0.2213818167796169,-0.12164499243249496,-0.17655519458610086,-0.09599452440399872,-0.10079916709243925,-0.2450541293513154,0.2228972458137719,-0.2526197063615243,-0.14017718565933696,-0.2188059730269056,-0.13600107969498618,-0.017766766602720446,0.03573983206886912,0.4098232963473533,0.5152400875324149,0.03120125707344818,-0.14016176144524886,0.5146578234505895,0.3192407430615137,0.1374702360868769,-0.05343526168143214,0.09569760828280297,-0.11542517810147204,-0.12949591740333355,-0.19364522379570628,0.05114090983582852,-0.15867853045800276,-0.09875931477928913,-0.0940857779105974,0.3380852766236395,0.5106938004299499,0.035226976950440074,-0.12054216112519642,,0.11901516393047536,-0.035963483173146446,-0.13614375367530102,-0.033962191395216564,-0.09899067799061051,0.10706525406572644,0.005007085498346717,-0.14371318673903194,-0.3727396296260592,-0.18366190122718903,-0.09204978165096932,-0.14834816307250345,-0.2478034955125177,-0.09196494847348481,-0.04628999450512373,-0.06650342706756769,0.12922984971031398,-0.004019935796708858,0.1096719462466139,0.16527238198066188,-0.15335717659761117,-0.0997117599992288,0.16454358786499956,0.09496495811361862,-0.0527720204756442,-0.04957920815940925,-0.09783000588048162,-0.1890642322115431
#101,-0.08963203609266096,0.18184955607183828,-0.44570773042329825,-0.15692788215900436,0.07391476193689568,-0.10472077352433652,0.06781448526505549,0.17678655779742222,0.06260495695680256,-0.308008059151861,0.05732601968515323,0.014091947596232635,-0.09008319435473765,0.12413985906124377,1.0,0.30482681499619213,-0.33036931352607174,-0.2763460036825311,0.7569028178111112,0.20230592000616968,0.25394618877310016,-0.0041741779375897735,0.4423452517520943,-0.047793855378712655,0.3668707161655404,0.14093682820317546,-0.36430258451987313,-0.6177956870041356,0.5404548215129226,0.2831827865770777,-0.15065793913219516,0.15784562289724582,-0.16632508459217413,0.13078769533321122,0.5810744893139117,0.43407401694735526,0.40953023627967955,0.4296009948618087,0.29640519410409416,0.21097432832367713,0.19381103409715328,0.2706313323628932,0.35371000549487625,0.16376080900002893,0.24565567370075098,0.22762091137824994,-0.22041780339911118,-0.3702293387832223,-0.5827750089171237,-0.48383638764906056,-0.6526582668967446,-0.5567157992152931,-0.5742377064193651,-0.5690166099505461,0.059562530727926506,-0.09809221751997918,-0.05104836455129997,-0.12369641290621114,-0.3360531364175335,-0.34440534834623504,0.014161356559629048,0.07991092516364127,0.6348240193573886,0.3749452922406563,-0.2173715211167131,-0.2096709822332334,0.2780966519815295,0.06697000954373247,0.5365756316697676,0.33744902779250574,0.09694311357041635,-0.0645137034502039,0.24421736573703642,-0.18455264959077633,0.0669430171690783,-0.2461492485515699,-0.055945552524269034,-0.2061658295817146,0.3435030318220817,0.45242497565866213,-0.05521675840860671,0.08998679301668708,,0.010085507986850857,-0.02579121398205007,-0.16314769649002728,-0.0756037133795417,0.10559995372735774,0.23748084023406246,0.23815179354689442,-0.03767942699044663,-0.19443185871419896,-0.3045761715172607,-0.2993242266202655,-0.1217876664128098,-0.21856304165501816,-0.22570445277780454,-0.4900870504082597,-0.49287883315820424,-0.2470592771827673,-0.4303953418873454,-0.298738106484918,-0.15429805365698476,-0.4558877117214387,-0.23893071635834306,-0.2627611271244445,-0.12039563109135955,0.03411257748257546,-0.03534651460962278,-0.042753993425428745,0.0026047641541264593
#102,0.1709022201228153,0.39457646072127484,0.09420917162330213,0.03487993213345801,-0.12512700876288163,-0.031313082625586845,0.039437787396489066,0.274811294380766,0.13182882978415741,-0.08968602084196929,0.20375965218397232,-0.18024158175315474,-0.2791223622183876,-0.14177744787097646,0.30482681499619213,1.0,-0.13694195675435974,0.12671184676043304,0.22818389519246526,0.4832888280489333,0.3431675551656657,0.556866185302652,0.28180617546971554,-0.02644288702727194,0.2914193169001186,0.2455438481486123,-0.017473706535046707,-0.1841130594892657,0.22514532501711124,0.2527623803418391,-0.06498414197989068,0.12682752836609373,-0.19162079569664428,0.09703951490846693,0.1659471913470159,-0.07314355123249111,-0.12604089344760105,0.09153692653254027,-0.009356713871188532,-0.02360868768858512,0.18080456556737007,0.1520808228818216,-0.009811728186787232,0.07988007673546509,0.013424850336922676,0.15096256736043495,-0.3621586187616284,-0.4128580104691853,-0.1361900263175653,0.038662720638562464,-0.3704954064762419,-0.26652849141546087,-0.16146260110090327,-0.052201324554384816,0.2462996346389288,0.059481553603964024,-0.23403738443889602,0.22583555859755333,-0.1155524278676988,-0.059404432533523566,0.17108345463835037,0.28268921172625877,-0.01213307240704501,-0.10358709378886179,-0.05844041915301784,-0.02847888328690002,0.01341713822987863,0.1258789391996761,0.2721467613970482,0.32124589089296557,0.008936404037288037,-0.21636894720098715,-0.11309997782769225,-0.17624671030433903,-0.2382173464567688,-0.06945716406543723,-0.07950603954382887,-0.04483240627379908,0.10339814716628266,0.15508854462899946,-0.15777235788032737,0.22902065880674424,,-0.3794067461656368,-0.10049068281067741,-0.12081594092526005,-0.036314384043650526,0.1537504940568575,0.22713890468799708,-0.18898325508758063,-0.08971686927014547,-0.17712589050736025,-0.16293561354631603,-0.10740073072214243,-0.08186208824578485,0.34779867544561516,0.4112461800969797,-0.043544484397443434,-0.022220508420656877,-0.2339332709938014,-0.32088342186189545,-0.15698572296183472,-0.05661650583710102,0.14344326299249033,0.11874524018393376,-0.13865018846461588,-0.15334175238352307,0.041188435695487455,0.0438414005186392,0.07815256475759884,0.07016282185996742
#201,0.541191327735629,-0.1360396402302064,0.6976044267494432,0.6324602585483886,0.2424281569028178,0.40400451158262074,0.15789189553951008,0.10713851908264486,-0.12392392006401048,0.5367568661853026,-0.23497826149826959,-0.07809472395476849,0.4101472048432032,0.022058554172731917,-0.33036931352607174,-0.13694195675435974,1.0,0.505989415133082,-0.29665969363654765,-0.4255405705031186,-0.2398291768289744,-0.2516634050880626,-0.14301138499802377,0.0833698051728958,0.07212555310267707,-0.05558308349319888,0.405388834797027,0.24009138846847194,-0.24468009215967917,0.07678366575728071,0.37601727511977867,0.23023917171970346,0.2098252243741143,0.13381084129447718,-0.1509162947181707,-0.00952638022615754,-0.20014267398031485,-0.05200080977123962,-0.1223930668157674,0.0744391852158908,-0.021210222397886884,0.13939826284788834,-0.23058621653668554,-0.09379657389644568,-0.2665747640577251,-0.1509509991998689,0.24963126488195655,0.37740159833418485,0.29338590419635024,0.2266877464259204,0.37265865250209673,0.3202433169772396,0.558547424638254,0.33663925655288096,0.08228239807968535,0.10364879064521415,-0.12322211832300232,-0.1597967859793894,0.031301514465020774,-0.15076205257728978,-0.23359008223034136,-0.3001339978598903,-0.35722287025343913,-0.12098560728022904,0.4268516287006064,0.023909459863302902,-0.24696673189823876,0.08177339901477833,-0.23291912891750938,-0.3203512864758563,0.09882872374268555,-0.024140823074624274,-0.3712858974482566,-0.11515525435493044,-0.21854376138740805,-0.059570242834970547,-0.03402774430509096,-0.1285897448256582,0.16743562800651673,0.06167950411151707,0.15825822062410227,-0.0011201835481476482,,-0.17246392179923456,-0.09742512026066921,-0.30699777312909104,-0.11731850038078528,-0.0405560429178757,0.03439021333616111,-0.18786114351267197,0.003950526833312446,-0.17041635737904043,0.020982715240087532,-0.08186208824578485,-0.06364223535422672,0.37005967242825333,0.036009755815410716,0.736816635014894,0.6100835799600899,0.4414120867997648,0.5865809337433604,0.5616014190276961,0.3532395669651895,0.5534574339891838,0.49631843289984867,0.556866185302652,0.4588607289869183,-0.2809347073737383,-0.1435049598488427,-0.1707479779819344,-0.21142163053223179
