,#10,#11,#12,#13,#17,#18,#26,#49,#50,#51,#52,#53,#54,#58,#101,#102,#201,#202,#301,#302,#401,#402,#501,#502,#601,#602,#701,#702,#801,#802,#901,#902,#1001,#1002,#1101,#1102,#1201,#1202,#1301,#1302,#1401,#1402,#1501,#1502,#1601,#1602,#1701,#1702,#1801,#1802,#1901,#1902,#2001,#2002,#2101,#2102,#2201,#2202,#2301,#2302,#2401,#2402,#2501,#2502,#2601,#2602,#2701,#2702,#2801,#2802,#2901,#2902,#3001,#3002,#3101,#3102,#3201,#3202,#3301,#3302,#3401,#3402,#3455,#3501,#3502,#3601,#3602,#3701,#3702,#3801,#3802,#3901,#3902,#4001,#4002,#4101,#4102,#4201,#4202,#4301,#4302,#4401,#4402,#4501,#4502,#4601,#4602,#4701,#4702,#4801,#4802
#10,1.0,0.21859003402967234,0.3396276980324487,0.44789025671676325,0.10561537794144582,0.2231170408645272,-0.027985308436081092,0.33163795513481725,0.22610548234409494,0.42889148101375646,0.18838556679166707,0.0013669709735571129,0.13885070324776108,-0.12378124608369565,0.11828251376129101,-0.10467450088207224,0.43166783954961296,0.3337973451071501,-0.15526977914453452,-0.2546865510493286,-0.052933974723569165,-0.291828058573453,0.00011375357889967512,-0.24966982541717678,0.06683504767046167,-0.30703633366431127,0.35154290341549943,0.26820201864401877,0.04084139087850539,-0.0013168422777708154,0.12312186093142972,-0.05807795012194769,0.24388960118766448,-0.11142645059913432,0.012163920835221192,-0.12022210868286852,0.11712569770468415,-0.2053599143956118,-0.005882409647845912,-0.3109887885243847,-0.05152651518803081,-0.08373613025748797,-0.048302854443619675,-0.30058515612196696,-0.11884164152198433,-0.12554731859678211,0.16410014170996692,0.36715220807264803,0.25185235171064174,0.15787261527189997,0.25264669873617845,0.1932403381758939,0.08239807968534603,-0.30402089981008934,-0.14002679957197806,-0.14315405897833863,-0.05270261151224779,-0.35279226475663483,-0.05407922261960996,0.06841602961449104,0.23190498684121735,0.0980806493594131,-0.13764375849536792,-0.16993049463526555,0.37375762775587323,-0.08934283207850925,-0.1461000838691641,-0.014647219303403932,0.15821966008888202,0.014438992413214696,0.38679494471383263,0.25855802878543954,-0.013420994283400654,-0.06777592472983525,-0.053589503822313055,-0.04984141979890681,-0.14117590352154089,-0.18042667232221182,0.08214743620641454,-0.016459564458754686,0.26585753810262885,0.06837746907927082,,-0.04985298795947288,-0.14646255290023424,-0.16452816365091147,-0.09722846153104606,0.08820915234303452,0.0166639352954219,0.011103506116664899,-0.11958585985173474,-0.2856390926706063,-0.09844697444400528,-0.19116963743456758,-0.07320139203532144,0.06692373690146819,0.05544040951288404,0.3602768646428812,0.3382857914067847,0.2622559841130595,0.2592097018306614,0.2940684256697483,-0.0784996095745809,0.33526264544551876,0.25386521164913767,0.32395284046542566,0.19001667743148276,0.02902644288702727,-0.2578408028303433,-0.0004415181282716204,-0.058471267581194024
#11,0.21859003402967234,1.0,-0.07015125369940135,0.2338330136022288,0.05635043814408144,0.12127095524085875,0.30402861191713343,0.3929106455997609,0.4633838797682512,0.500074229030299,0.290644250142192,0.10533388603433816,0.20807843212863794,0.08531325614799533,-0.12225424888897458,-0.012171632942265238,-0.025872191106012552,-0.10893544002390754,0.0894353773630378,0.2398831615782827,0.02048528433574658,0.10077217471778509,0.05409464683369805,-0.029057291315203456,0.08522071086346679,-0.039973778836050244,0.06951886092178959,0.005635622222436448,-0.08066671165395775,-0.15523507466283631,-0.003985231315010653,-0.2791107940578215,-0.18820047622260996,-0.12161028795079676,0.07252272661544543,0.023188377854684625,-0.018715355769138076,0.08063586322578158,-0.025178101472048433,0.05761907975282697,0.005400402957593051,-0.11729922011317517,0.06752528125090376,0.22747052529089104,-0.09742512026066921,0.004764154126459275,0.15401270569635506,0.002624044421736574,-0.07409214039890874,-0.11561412472405116,-0.12610644635747545,-0.065543269740584,-0.09325287034984045,0.06279004752585966,-0.053550943287092825,0.06482218773196571,-0.11104855735397608,0.11023878611435127,-0.15475692402610547,-0.06279004752585966,0.12118997811689626,0.15104740053791946,0.05135299277953978,0.07313198307192503,0.44312803061706496,0.28098869212304667,0.03912930311472723,0.21837409503243904,0.10350997271842133,0.046718016446068274,0.057414708916159754,0.008265450724456055,-0.16871969382935034,-0.005215312388535953,-0.0404210810446049,-0.060021401097047226,-0.013860584384911263,-0.10118862849816355,0.07749703565885495,0.05220518060790684,0.01982975523700269,0.1439445499503533,,0.2580953023627968,0.061702640432649204,-0.07138904687997069,-0.1706014479480975,-0.2443793199849614,0.0755690088978435,-0.04583112413600301,0.013625365120067866,-0.15600242931371888,-0.24168008251954537,-0.040660156362970316,-0.258299673199464,-0.012121504246478941,0.09484156440091389,-0.08911918097423192,-0.013899144920131492,-0.1781824491723945,-0.11434162706178362,-0.09827730808903627,-0.08606133053126777,-0.18713620545053164,-0.142710612823306,-0.16509114746512682,-0.1167979331553122,0.08003817492986803,0.11180819989781458,0.1590409994890729,-0.046972515978521784
#12,0.3396276980324487,-0.07015125369940135,1.0,0.38492090270212953,0.27999383031436476,0.3024283497054939,-0.2899925770969701,-0.15254354930446434,-0.13774015983341847,0.27178814841950005,0.10627861914723376,-0.17279939845565057,0.17579169598874034,-0.37065736072416683,0.2582611126642438,0.09648424320129563,0.7575197863746349,0.7532241427511014,-0.09440197429940328,-0.21527768405425468,-0.04535297349927217,-0.18851281655789381,0.24452970607232027,-0.016687071616554038,0.3304271543289021,-0.12101259965488322,0.39227054071510514,0.22415046320842932,0.30372783974241563,-0.003761580210733325,0.30288722007461466,0.16228779655461617,0.5506810754533273,0.2719925192561673,0.002535355190730047,-0.07758958094338349,0.2958884829321431,-0.3328217635660783,0.1613970481910289,-0.26477784311646246,0.05387485178294275,0.023859331167516606,-0.013139502376292984,-0.3540686184724244,-0.05579516643691015,-0.22235354226716667,0.24716724668138393,0.2953216430644057,0.1178776281414786,0.07777852756596261,0.41026674250238593,0.4618221780918319,0.34042590111150745,0.1320640490490008,0.05102137217664581,-0.030931333326906577,0.07795590602797567,-0.33321893707884664,0.15824279641001418,0.2985761522369931,0.09549709349965778,0.13205248088843474,-0.33200042416588743,-0.30767258249544505,0.2602161317999094,0.10388786596357957,-0.3185312292134615,-0.19092285000915812,0.24422507784408048,0.13368744758177242,0.5785372060964206,0.3957487009919698,0.03361900263175653,0.012738472810002602,-0.25821484002197953,-0.15639960282648724,-0.2218715355769138,-0.10430046369043602,0.1056115218879238,-0.01690301061378732,0.11965912486865318,0.0005764800015424214,,-0.1751785834787387,-0.02283747698418054,0.004741017805327138,0.18609121494606345,0.15018364454898633,-0.08035051526515188,0.054333722152063474,-0.4343439406938968,0.19640230206395265,0.030329788977471007,0.19372234486614673,0.10854983467170524,0.48736082056818947,0.17672486094106987,0.5765976111748431,0.5075087002207591,0.28888588973614954,0.2947933637318886,0.6713794067461656,0.3051545795455641,0.5269624902393645,0.41475518880202056,0.4996269268217443,0.5253545159206809,-0.06892502867939806,-0.4552283265691728,-0.18467604330348106,0.24345001108615388
#13,0.44789025671676325,0.2338330136022288,0.38492090270212953,1.0,0.009564940761377767,0.07879652569577665,0.07814099659703276,0.021518706679648714,0.2902894932181659,0.5947866156382251,0.3701599298198259,-0.16859630011664561,0.04918589070016292,-0.040131877030453185,0.25390762823787993,0.07987236462842104,0.40410476897419334,0.15202298207899126,0.08323098724610298,0.006908119884704,0.04026298285020196,-0.18962721602575844,0.02303799176732573,-0.07022837476984181,0.04976044267494433,-0.22246922387282736,0.14271832493035003,0.13413474979032708,0.015534111613469195,0.16002429313718874,-0.08052403767364291,-0.06084659655076013,0.18897168692701455,0.07394175431154984,0.16853074720677122,0.24915311424522574,0.3249554143811516,0.04819874099852506,0.0636229550866166,-0.18160276864642882,-0.12821570763402196,0.2820413947345589,-0.008519950256909567,0.0429815005832281,-0.05827075279804884,-0.26797836753974147,0.1562762091137825,0.33749915648829204,0.11389046879970693,0.004887547839164007,0.12345733758784572,0.03295190537244657,0.04520258741191328,-0.15450242449365198,0.09557807062362025,0.06280932779346977,-0.1381296212391428,-0.3330068541351354,0.06737875121706689,-0.019474998312976582,0.3036892792071954,0.3075453327292183,0.030449326636653718,-0.35078711692518294,0.3093885263127452,0.0803890758003721,-0.05255608147841092,0.05393654863929511,0.21601419027696103,0.41514079415422284,0.3078692412250682,0.46324506184145836,-0.1185331572402225,-0.24902586447899897,0.06357282639083031,0.06967695911619254,0.1450049646689096,0.05457665352395091,0.07704587739677826,-0.015241051545795456,-0.054568941416906866,0.03971156719655269,,-0.16374924083946285,-0.30063142876423127,-0.254763672119769,0.037340094280508614,-0.008604783434394069,0.05456122930986282,-0.053493102484262485,-0.33746445200659386,-0.06678106292115335,-0.2946082731628315,0.044554770420213434,0.0044441016841313755,0.12839694214955705,0.1849343988894566,0.1572209422266781,0.2794925433565018,0.09916034434557952,0.30697078075443684,0.18014132436158214,0.035550885446289995,0.1350293542074364,0.1195781477446907,0.10222976294910974,0.23426874765021738,0.23161963888058767,-0.09176443369033963,0.1580808421620892,0.1153326328169435
#17,0.10561537794144582,0.05635043814408144,0.27999383031436476,0.009564940761377767,1.0,0.473297793373372,-0.17517087137169463,0.1820539269085055,-0.03232336864835684,0.1509008705040826,0.0914251009804016,0.3958605265441084,0.5150897014450561,-0.006121484966211331,0.02417167150280046,0.1613160710670664,0.1546605226880549,0.2855234110649456,-0.07053685905160363,0.145409850288722,-0.30784610490393605,0.18802309776059692,0.21192677354361678,0.29829080427636334,0.0264197507061398,0.026273220672302932,-0.09611406206318143,0.08596878524673922,0.328896301080659,0.20255656348510118,0.21631110639815682,-0.1513905893013795,0.06390444699372427,0.17487395525049887,0.1291180241581753,-0.04578099544021671,0.09461791329663656,0.11208197969787821,-0.07295074855638996,0.34427038647296426,0.04040951288403883,0.19083801683167362,0.07666798415162003,0.10904340952252417,-0.10025931959935604,0.27312234293812,-0.12932625104836454,0.03911002284711712,-0.3901921278667348,-0.23271090202732014,0.02313053705185428,0.017890160315425178,-0.1240280335091051,0.1411604793074528,-0.29018152371954925,0.033611290524712484,-0.2769166996037905,0.15787647132542199,0.11534805703103158,0.17355904099948907,0.16273509876317083,0.22873916689963655,0.26420329114168106,0.25562742810870215,-0.08122583941465107,0.06759854626782219,0.24719038300251608,0.23478160276864643,0.135299277953978,0.015387581579632326,0.0056664706506126305,-0.18582129119952184,-0.195284046542566,0.22250392835452557,-0.39188493536290286,-0.3144245322125071,-0.012634359364907985,-0.035226976950440074,0.3215620872817715,0.3090954662450715,0.0007885629452536802,0.47623610615715345,,0.03496862136446454,0.4747283892300425,0.13811805307857672,0.32405695391052025,0.15129804401685096,0.10596242275842789,0.29414169068666673,0.30646563774305186,0.24449500159062207,0.3025517434181986,0.0765638707065254,0.12820028341993386,0.11370537823064984,0.2504988769244117,0.13888155167593727,0.2676506029903695,-0.05125273538796719,0.008982676679552312,0.11731078827374124,0.22600522495252234,0.09298680265682088,0.10799070691101192,0.011720474680188562,0.18344210617643372,0.030083001552061544,-0.21871342774237706,0.012938987593147792,0.1502414853518167
#18,0.2231170408645272,0.12127095524085875,0.3024283497054939,0.07879652569577665,0.473297793373372,1.0,-0.059404432533523566,0.379950449712242,0.09560506299827441,0.16301273461675647,0.11711412954411807,0.38298901988759604,0.6723434201266714,0.18776474217462139,-0.03814215341308937,0.06036073380698524,0.26023926812104153,0.35743109714362836,-0.25468269499580654,-0.16629423616399797,-0.4210019955076976,-0.14074788158059634,0.13866175662518196,0.12608716608986534,-0.03587093788861789,0.0018296973961998593,0.11104084524693203,0.17102561383552004,0.3777255068300348,0.09760635477620429,0.5176771133583334,-0.03531181012792457,0.3289464297764453,0.3416367019174226,0.20566839867737363,0.051241167227401116,0.14405251944896996,0.014477552948434924,0.030002024428099062,0.036314384043650526,-0.22821474362064145,-0.1306681576740285,-0.06386974251202607,-0.12593292394898442,-0.13015530255559948,-0.02870253439117735,0.10039813752614886,0.09847396681865944,0.039692286928942576,0.03826940317931613,0.13389567447196168,0.1440448073419259,-0.12549718990099581,-0.03199174804546287,-0.3862473851137054,-0.23044739860989272,-0.0811294380766005,-0.07507157799350254,0.1638764906056896,0.30333066622964727,0.06696615349021044,0.12777611753251136,0.20079049097201468,0.010613787319367993,0.023180665747640578,-0.039437787396489066,0.16197545621933232,0.18189968476762458,-0.05058949418217925,-0.05142240174293619,0.1625422960870697,0.054557373256340795,-0.1957699092863409,0.10952156015925502,-0.2915465666663453,-0.24179190807168405,-0.01897371135511361,-0.04292365978039775,0.17389066160238303,0.2772213278320303,0.0967965835365795,0.00788370142577579,,0.062045829196109244,0.2869270145469619,0.1398802695381412,0.21718257449413397,-0.009244888319049868,-0.06379262144158561,0.0003913894324853229,0.014820741711894962,0.10549969633578514,0.27196938293503514,0.2955877107574253,0.19054110071047786,0.22580085411585513,0.1611309804980093,0.15061166648993088,0.14173117522871218,0.22523401424811776,0.19337915610268672,0.3235363866850472,0.21424040565683053,0.1839433931342967,0.13417331032554733,0.230836860015617,0.5429728244628036,-0.011924845516855773,-0.2404191530178439,-0.022274493169965198,0.17285338320495888
#26,-0.027985308436081092,0.30402861191713343,-0.2899925770969701,0.07814099659703276,-0.17517087137169463,-0.059404432533523566,1.0,0.2757560274936616,0.2211967262105598,0.25143204187674123,0.27532414949919504,0.06942245958373902,0.0496871776580259,0.3703295961747949,-0.30141035157567986,-0.30571756335977945,-0.23433430056009177,-0.24513125042175585,0.03159071847917249,0.13448179460730916,-0.008238458349801895,-0.036283535615474344,-0.19412337443243713,-0.09811535384111131,-0.11287632672341492,-0.1096372417649157,0.002751294187963329,0.025532858396074536,-0.3083242555406669,-0.03345319233030954,-0.321820442867747,-0.1996490991294959,-0.3782499301090299,-0.238919148197777,-0.13778643247568276,-0.021040556042917876,-0.30102089016995554,0.07787878495753521,-0.2549564747958702,-0.08719886632026452,0.0022500072301003538,0.017115093557498576,0.04758562848852342,0.0862001484580606,0.11724137931034483,-0.07280421852255309,0.16411942197757706,-0.00773717139193892,0.11864112673883913,-0.04590053309939942,0.042568902856371646,-0.10291228442250779,-0.12607945398282128,-0.2995285974569327,-0.12457559310923236,-0.20176607251308648,-0.044701300454050304,0.08000347044816981,-0.016216633086867247,-0.00031812441556688806,0.003248725092304281,-0.0950806397192793,0.016270617836175567,0.16775953650236666,0.13858849160826353,-0.052286157731869315,0.026034145353937513,0.420894026009081,0.018021266135173956,0.057561238949996624,-0.09722460547752403,-0.09041095890410959,-0.16907445075337646,-0.23813636933280635,0.17916574282051034,0.11436090732939373,0.10797142664340181,0.07515255511746503,0.1002361832782239,0.021696085141661766,-0.13924787676052944,0.14873762447822775,,-0.013274464249563784,-0.104801750648299,-0.04294679610152989,-0.24051169830237243,-0.17929299258673712,0.08671685963001166,-0.0913055633212189,-0.056007249380621404,-0.20664783627196745,-0.02342359711952802,-0.12829668475798445,-0.17235980835413994,-0.10572720349358448,-0.06352655374856603,-0.3009399130459931,-0.2228432610644636,0.11520538305071674,-0.016768048740516517,-0.19226090058130008,-0.20207841284837033,-0.3232857432061157,-0.27968148997908093,-0.1148776185013448,-0.1730269056134499,0.10453953900880145,0.19080716840349743,0.255438481486123,-0.07758572488986147
#49,0.33163795513481725,0.3929106455997609,-0.15254354930446434,0.021518706679648714,0.1820539269085055,0.379950449712242,0.2757560274936616,1.0,0.5407825860622946,0.2824925529966356,0.4261691072272083,0.35534111613469194,0.37620236568883575,0.21038049608128562,0.009996818755844331,-0.19230717322356433,-0.054480252185900344,0.04612804025719877,0.04408047583700462,-0.032770670856911495,-0.09656136427173609,-0.11301514465020775,0.07569240261054823,-0.08429525801818129,0.03885552331466361,-0.08414872798434442,0.09547395717852564,-0.0546422064338253,0.26345136070488656,0.06419750706139801,0.21023010999392672,-0.15564767238969276,-0.0006111844832406274,-0.1211282812605439,0.22359519150125803,0.025193525686136524,-0.03964987034020032,0.12982753800622754,-0.03943007528944502,0.1626425534786423,0.05941985674761166,-0.06926436138933609,0.08934668813203127,0.18550509481071598,-0.04367173416367019,0.06008309795339959,-0.11069380042994997,-0.13548822457655713,-0.07785179258288105,-0.07259213557884184,-0.010852862637733413,-0.05437999479432774,-0.23810166485110815,-0.16794848312494579,-0.23514021574619456,-0.05060491839626734,-0.12799205652974463,-0.04444294486807477,-0.08487366604648472,0.020161375839896658,-0.014624082982271793,0.09467189804594488,0.17679426990446628,0.16959501797884954,0.12757174669584415,-0.10640972496698255,0.19356039061822178,0.4996693434104865,0.05000337404683177,-0.04045192947278108,-0.07276951404085488,-0.11562569288461724,-0.1172028187751246,0.1633057946844302,-0.1718276729681008,-0.14853710969508258,-0.06529262626165251,-0.17036622868325413,0.3741008165193333,0.34688479076089573,0.10049068281067741,0.304637868373613,,0.17509375030125418,-0.0023926812104152007,0.10584288509924518,-0.1177580904822959,0.10674134556987651,0.19307067182092488,-0.1613816239769408,0.19572363664407663,-0.18479558096266377,0.2011491039495628,-0.2010295662903801,-0.08516287006063644,0.03432080437276469,0.10792515400113753,0.06013322664918589,0.03795320679051025,0.05757666316408472,0.07446617759054495,-0.045260428214743624,0.028235951915012582,0.0042435869009861855,0.05949697781805211,0.06458696846712232,0.06621422305341598,-0.010741037085594748,0.054950690715587135,-0.019571399651027156,-0.2617701213692846
#50,0.22610548234409494,0.4633838797682512,-0.13774015983341847,0.2902894932181659,-0.03232336864835684,0.09560506299827441,0.2211967262105598,0.5407825860622946,1.0,0.35579227439676864,0.32198239711567195,0.14924662354313478,0.14473889697589,0.10912053059296463,0.06806127269046494,-0.05071288789488398,0.10256523960552573,-0.06552398947297389,0.11368995401656175,-0.03409715326848737,0.020342610355431733,-0.17358603337414324,0.12685452074074788,0.0682039466707798,0.09834286099891067,0.09506521550519122,0.12282108875671194,0.02082076099216257,0.1810436408857355,0.11429921047304137,0.07809086790124647,-0.05347382221665237,0.09148679783675398,-0.056624217944145065,0.10423491078056163,0.010278310662952001,0.14630831075935333,0.12670799070691102,0.10357552562829572,0.0035726335881542037,0.006742309583257016,0.0157539066642245,-0.1400846403748084,0.05315376977432447,-0.14851397337395042,-0.1339303789536599,0.19686888454011742,-0.0944906635304098,0.2493035003325846,-0.10675291373044257,0.12697020234640857,-0.09342253670480946,-0.0008155553199078403,0.011142066651885128,0.03436707701502897,0.04106889803630474,-0.10611666489930881,-0.14824019357388682,-0.003094482951423366,-0.14566820587469753,-0.15596001272497662,0.007293725236906288,0.14517077497035658,-0.07025536714449597,0.3724697058795176,0.22305920006169686,0.1368455554163092,0.23860295180897112,0.14873376842470573,0.19642158233156276,0.13068743794163862,0.09394695998380458,-0.00460991198557836,-0.073799080331235,-0.028710246498221396,-0.13425814350303183,-0.03456759179817416,-0.07511785063576683,0.31739754947798676,0.30138721525454776,-0.15156411170987052,0.003595769909286341,,0.2251877416058535,-0.25382665111391745,-0.047709022201228156,-0.2018393375300049,-0.04268844051555436,0.28142442617103525,-0.27299894922541523,-0.08898807515448315,-0.050535509432870926,-0.1279882004762226,-0.12279409638205778,-0.30022268709089683,0.0018142731821117677,0.24640760413754542,0.06064222571409291,3.6632508459217415e-05,0.20035861297754812,0.16757830198683157,-0.026342629635699343,0.0025700596724282532,0.09836985337356483,0.0981963309650738,0.16873126198991642,0.1230833003962095,-0.15550885446289994,0.17659375512132108,-0.030888916738164327,-0.10750098811371502
#51,0.42889148101375646,0.500074229030299,0.27178814841950005,0.5947866156382251,0.1509008705040826,0.16301273461675647,0.25143204187674123,0.2824925529966356,0.35579227439676864,1.0,0.5230254595933792,-0.003865693655827943,0.3201237793180569,0.07920141131558905,0.10614365727396297,-0.11092901969479337,0.4149441354245997,0.23399496785015375,-0.09300993897795301,-0.12068869115903329,-0.047990514108335824,-0.2721274811294381,0.05540184897766381,-0.2613613796959502,0.1500409705686715,-0.4327745269104335,0.2980324486903878,0.004031503957274927,0.017566251819575256,-0.16967213904929002,0.108846750792901,-0.08417572035899858,-0.011007104778614328,-0.17522485612100297,0.04932085257343372,-0.07552273625557923,0.10777091186025663,-0.23569163139984384,0.11342388632354217,-0.29537948386723606,-0.021356752431723754,-0.04428870272719385,0.022509712434808597,-0.07207156835336874,0.14317333924594874,-0.16654102358940742,0.22211832300232326,0.05744941339785796,0.10703440563755025,0.08192764115565924,0.14744199049482806,0.18973132947085306,0.09751380949167575,-0.23680217481418642,-0.0008733961227381836,-0.1862878736756866,0.09531971503764472,-0.2024948666287488,-0.08757290351190075,0.21562472887123674,0.10477090222012282,0.15708983640692933,-0.10850356202944098,-0.20229435184560363,0.32593870802926744,-0.02967811593224914,-0.02238631872210386,0.16829167188840582,0.0851551579535924,0.0714738800574552,0.2979244791917712,0.20955915668109473,-0.142544802521859,-0.10925934851975745,-0.004393972988345078,0.0014942207397838682,-0.07605487164161838,-0.11655114572990273,0.1661014334878968,-0.15281347305100595,-0.13089180877830583,0.08351633520673267,,0.08384795580962663,-0.08979013428706391,-0.13012059807390128,-0.08840195501913567,0.012838730201575197,0.027121552447147968,-0.08393664504063317,-0.1170023039919794,-0.004902972053252099,-0.10688016349666933,-0.12709745211263532,-0.19094598633029025,0.1758919533803129,-0.006923544098792091,0.11277606933184232,0.015094521511958586,0.17247548995980064,0.08139164971609807,0.2562443966722258,-0.004902972053252099,0.036765542305727206,-0.07746618723067876,0.07799832261671792,0.02129891162889341,0.005489092188599578,0.01301610866358825,-0.018672939180395823,-0.13293551714497798
#52,0.18838556679166707,0.290644250142192,0.10627861914723376,0.3701599298198259,0.0914251009804016,0.11711412954411807,0.27532414949919504,0.4261691072272083,0.32198239711567195,0.5230254595933792,1.0,-0.043243712222725654,0.2637058602373401,0.12679667993791754,0.2927226629905623,0.11465782345058949,0.09980430528375733,0.07112683524047314,0.20864912804989733,0.06578620111247144,0.065543269740584,-0.1140524230476319,0.26975215215987197,-0.014041818900446338,0.22015944781313565,-0.0533774208786018,0.310869250865202,-0.015665217433217974,0.24446800921596792,0.16727367375859176,0.10803312349975418,-0.019185794298824867,-0.07056770747977982,0.133614182564854,0.251054148631583,0.17928142442617104,0.25863514985588,0.1373391302671281,0.17011944125784467,-0.07888521492678319,0.12305245196803331,0.16696518947682995,0.05550210636923641,0.19582775008917125,0.27377015992981985,-0.07933637318885986,0.11829408192185707,0.03958817348384796,-0.028976314191240974,-0.05000337404683177,-0.03281308744565375,-0.10486344750465136,-0.018491704664860747,-0.14333143744035168,0.0336652752740208,-0.0023888251568931775,-0.09746753684941147,-0.16428908833254605,0.01817165222253285,-0.004721737537717024,-0.047454522668774646,-0.13924016465348538,0.004312995864382598,-0.051399265421804056,0.2657225762293581,0.18432514243297696,0.03872441749491483,0.18241253988605363,0.05634658209055942,0.2377237716059499,0.06324120578793634,0.15685461714208593,-0.23982146472193033,-0.11152285193718489,-0.03520384062930793,-0.1424753935584626,-0.0064338253014951845,-0.18440226350341743,0.24943075009881138,0.13072985453038088,-0.16229550866166023,0.33084360810928054,,-0.08993666432090078,-0.13027098416126015,-0.2189910635959627,-0.15494972670220664,0.009838720561441392,0.24924565952975428,-0.25535750436216054,-0.09206134981153538,-0.08921943836580452,-0.0607579073197536,-0.1663212285386521,-0.04175913161674684,0.10105752267841478,0.17045877396778267,-0.04434654353002419,0.04049820211504536,0.14935844909527343,0.03327195781477447,0.12043419162657977,-0.03945321161057715,-0.2503099303018326,-0.24316466312552418,-0.14137256225116404,0.06501113435454484,-0.040432649205170965,-0.04789025671676323,-0.07435049598488427,-0.1712724012609295
#53,0.0013669709735571129,0.10533388603433816,-0.17279939845565057,-0.16859630011664561,0.3958605265441084,0.38298901988759604,0.06942245958373902,0.35534111613469194,0.14924662354313478,-0.003865693655827943,-0.043243712222725654,1.0,0.512884038830459,0.36233599722364146,-0.1301900070372977,-0.10093027291218802,-0.007259020755208082,-0.06553941368706198,-0.2663742492745799,-0.05366276883923149,-0.16410785381701098,-0.09703180280142289,0.011863148660503408,0.02244801557845623,-0.26807862493131407,-0.04152776840542547,-0.3045491791426065,-0.2013303384650979,0.18235084302970125,0.1269740583999306,0.051985385557151535,-0.08707161655403776,-0.06277462331177157,-0.003391399072619128,0.2547251115845488,0.15246257218050185,0.011277028525155929,0.16445104258047102,-0.05375145807023801,0.30961217741702257,0.09452151195858599,-0.009950546113580056,0.13867718083927005,0.02274107564612997,-0.12748691351835964,0.04077969402215303,-0.20769282677643566,-0.18354236356800632,-0.16216440284191144,-0.2397289194374018,-0.24474178901603155,-0.30034222475007955,-0.3691882043322761,-0.2289975224856121,-0.27075087002207593,-0.11114881474554866,0.005747447774575111,0.0693684748344307,0.16937136687457222,0.11724137931034483,0.12948820529628952,0.14983659973200428,0.2621055980257006,0.16819912660387726,-0.33973181147754333,-0.1294149402793711,0.4159891259290679,0.3670635188416415,-0.051025228230167835,-0.06420907522196408,-0.22102320380206877,-0.33766496678973906,-0.13335968303240048,0.31165202973017264,-0.10042512990080302,-0.18616447996298188,0.2132108393664504,0.11504728485631381,0.37314837129939366,0.18983544291594767,0.2290476511813984,0.1380447880616583,,0.5667222581049425,0.2629346495329355,0.47392633009746177,0.295873058718055,0.2548986339930398,0.0374557758861693,0.0700587084148728,0.1743726682926359,0.24298342860998912,0.2927033827229522,0.1588404847059277,0.06301755468365901,-0.260324101298526,-0.012032815015472416,0.07193660648009795,-0.02210097076147417,-0.21269798424802136,-0.16051786798800768,-0.13530699006102204,-0.025833630570792323,0.15715924537032575,0.07323609651701965,-0.0889957872615272,0.04639410795021835,0.06456383214599018,-0.08891095408404269,0.03241976998640741,0.03697376919591644
#54,0.13885070324776108,0.20807843212863794,0.17579169598874034,0.04918589070016292,0.5150897014450561,0.6723434201266714,0.0496871776580259,0.37620236568883575,0.14473889697589,0.3201237793180569,0.2637058602373401,0.512884038830459,1.0,0.2771403507080678,0.04169357870687245,0.0034376717148834027,0.28130488851185254,0.22156690734867399,-0.11562183683109521,-0.025154965150916295,-0.07416154936230515,-0.12040719925192561,0.35651721245890894,0.07688777920237533,0.17272613343873214,-0.19467864613960842,0.16329808257738618,-0.017836175566116858,0.3369708771557749,-0.009788591865655095,0.27615320100643,0.008917123769677923,0.17910790201768,0.09457549670789431,0.1678366575728071,-0.0006458889649388333,0.11363596926725343,-0.06870523362864277,0.2031696759951028,0.09971561605275081,0.045221867679523395,-0.0535972159293571,0.09626444815054033,-0.07531450936539,0.20167738328207996,0.059392864372957495,-0.06451755950372591,-0.1410602219158802,-0.03237349734414314,-0.007008377276276595,0.1376051979601477,0.07659086308117957,-0.007247452594642013,-0.08432610644635748,-0.09998168374577039,-0.2300116645619041,0.11185447254007885,0.13958720947046746,0.12210771885513771,0.45820519988817443,0.020481428282224556,-0.012079087657736689,0.13557305775404163,0.12058843376746069,-0.12300232327224701,-0.11749973489632036,0.2770323812094512,0.31806464673729673,-0.006665188512816558,-0.04901622434519391,0.02744546094299789,-0.06725150145084013,-0.13348693279862725,0.062678221973721,-0.13191751901516394,-0.1938650188464616,-0.04167815449278436,-0.06083117233667203,0.47187490962374556,0.1320139203532145,0.011500679629433257,0.19060279756683024,,0.264022056626146,0.27634985973605314,0.07440448073419259,0.02100585156121967,0.29325094232307947,0.03749433642138953,0.057730905304965635,0.0681730982426036,0.22848852342070508,0.4079531103891722,-0.07458185919620565,-0.18087397453076648,0.10763594998698582,0.044381248011722406,0.004112481081237408,-0.11650101703411643,0.1357388680554886,-0.04657534246575343,0.29623552774912515,0.03145190055237967,0.12938023579767288,0.03213056597225569,0.0944058303529253,0.2937637974415085,-0.03612929347459343,-0.16598575188223613,-0.17828656261748912,-0.06132474718749096
#58,-0.12378124608369565,0.08531325614799533,-0.37065736072416683,-0.040131877030453185,-0.006121484966211331,0.18776474217462139,0.3703295961747949,0.21038049608128562,0.10912053059296463,0.07920141131558905,0.12679667993791754,0.36233599722364146,0.2771403507080678,1.0,-0.09325672640336248,-0.04742367424059846,-0.20534834623504575,-0.3611444766853364,-0.2799706939932326,-0.005570069312562058,-0.05942371280113368,-0.15038415933213153,-0.1997107959858483,-0.0769841805404259,-0.2667367183056501,-0.015796323252966753,-0.1353995353455506,0.02982464596608601,-0.13108461145440697,0.03229637627370268,0.04977972294255444,0.03181822563697184,-0.1729420724359654,0.08964360425322704,0.06127847454522669,0.12125167497324862,-0.07420010989752537,0.09998168374577039,-0.2183008300155206,-0.03509201507716927,-0.21780339911117966,-0.06167179200447302,-0.08719886632026452,0.02653928836532251,0.09254335650178824,-0.04203291141681047,0.04145835944202905,-0.04961391264110746,0.05948926571100807,-0.06904071028505876,-0.1396990350226061,-0.23279959125832667,-0.39460730914945097,-0.3585262163438829,-0.2799668379397106,-0.35834112577482574,0.10127346167564806,0.06250084351170794,0.26608890131395024,0.1442646023926812,0.1811940269730944,0.09967319946400856,0.23333172664436583,0.17728398870176318,-0.29970983197246776,-0.15562839212208265,0.43947249187818727,0.4478247038068888,-0.298394917721458,-0.07942120636634437,-0.35778199801413246,-0.06263580538497875,-0.3269914106407797,-0.15423250074711037,0.23466592116298574,-0.04252263021410737,0.2271967454908274,0.143219611888213,0.08790452411479471,-0.05478873646766217,-0.23246025854838864,0.005573925366084081,,0.14282629442896666,0.043390242256562524,0.10420406235238545,0.03678482257333732,0.014936423317555647,-0.07325152073110774,-0.03252002737798001,0.08937753656020746,0.20315425178101473,0.26646293850558644,-0.017870880047815063,-0.04103419355460654,-0.36564834719905914,-0.10758582129119952,-0.15235845873540724,-0.15812711480435349,0.006950536473446251,-0.16388034665921164,-0.2521993965276238,-0.14275688546557025,-0.2048509153307048,-0.09984672187249959,-0.10615522543452903,0.053284875594073244,0.2529860314461165,0.10141999170948493,0.09413976265990572,-0.14604609911985578
#101,0.11828251376129101,-0.12225424888897458,0.2582611126642438,0.25390762823787993,0.02417167150280046,-0.03814215341308937,-0.30141035157567986,0.009996818755844331,0.06806127269046494,0.10614365727396297,0.2927226629905623,-0.1301900070372977,0.04169357870687245,-0.09325672640336248,1.0,0.6221684516981095,0.21975841824684528,0.3223949948425284,0.3755352684295258,0.10244570194634302,0.28339486952078896,0.011782171536540927,0.4656666634532887,0.11436861943643778,0.4458658286177012,0.10499069727087812,0.04796737778720369,-0.23503610230109995,0.3343718970819315,0.06415509047265576,0.25680352443291915,0.2772367520461184,0.3091301707267697,0.09535441951934293,0.3290351190074518,0.209940905979775,0.4575226784147764,0.06642244994360522,0.1073467459728341,0.046667887750281974,-0.027989164489603115,0.043008492957882255,0.3097934119325576,0.05835558597553334,-0.03832338792862445,-0.014076523382144544,-0.19048325990764753,-0.17637396007056577,-0.300083869164104,-0.3562087281771471,-0.03703932210579083,-0.0638234698697618,0.09611020600965942,0.127884087031128,0.25813771895153903,0.1665217433217973,-0.02073592781467807,-0.2072802290495792,-0.2255964832791879,-0.23654381922821088,0.026928749771046822,-0.06433632498819084,-0.045730866744430415,-0.005400402957593051,0.13314760008868923,0.04090694378837978,0.09372716493304926,0.07544947123866079,0.4458426922965691,0.42345444554770423,0.20358227372195925,0.28356839192927996,0.20729950931718932,0.0756692662894161,-0.13516817213422921,-0.21803476232250105,-0.12653061224489795,-0.30962760163111064,0.43179894536936175,0.1711374393876587,0.1057117792794964,0.06016407507736207,,-0.20859899935411103,-0.1680718768376505,-0.26333182304570385,-0.16912072339564074,0.2779038493054284,0.26253747602016714,-0.26433825301495184,-0.14721448333702872,0.026504583883624304,-0.13720802444737934,-0.1877338937464452,-0.12022982078991257,0.14810137564709397,0.20857971908650091,0.30332295412260324,0.3652087570975485,0.03538121909132099,-0.10509481071597274,0.16922483684073536,0.1891991940848139,0.14093682820317546,0.07061783617556612,0.10175932441942294,0.029782229377343757,-0.09495338995305255,-0.008454397347035177,-0.16839578533350044,0.044446800921596794
#102,-0.10467450088207224,-0.012171632942265238,0.09648424320129563,0.07987236462842104,0.1613160710670664,0.06036073380698524,-0.30571756335977945,-0.19230717322356433,-0.05071288789488398,-0.11092901969479337,0.11465782345058949,-0.10093027291218802,0.0034376717148834027,-0.04742367424059846,0.6221684516981095,1.0,-0.07626695458532964,0.14215919716965672,0.34902490046561846,0.42676679552312186,0.030271948174640663,0.4739841709002921,0.4484763768521107,0.5043621605467884,0.2623948020398523,0.4686281125582023,-0.12997021198654238,-0.03841207715963098,0.17304618588106002,0.16553073756663741,0.09553179798135598,-0.059577954942014594,0.06808055295807505,0.3406071356270425,0.1396990350226061,0.011323301167420204,0.2785285299759961,0.23030472462957785,0.016043110678376216,0.24218136947740834,-0.060993126584597,0.014435136359692673,0.072958460663434,0.07797518629558578,-0.10307423867043275,0.28226504583883627,-0.005361842422372823,-0.10575033981471663,-0.356528780619475,-0.4511216295682184,-0.3058332449654401,-0.266890960446531,-0.05731445152458716,0.4208708896879489,-0.01318963107207928,0.1072117840995633,-0.2560438818890806,0.11724523536386686,0.0029672331851966103,-0.2903781824491724,0.013729478565162484,-0.012665207793084167,0.1787184406119557,0.2567688199512209,0.236563099495821,0.24248985375917018,0.179778855330512,-0.003908110244570195,0.437918502308812,0.5059547106513839,0.09399323262606885,0.2570657360724167,-0.13023242362603993,-0.06463709716290862,-0.3294708530554404,-0.38043245640249485,-0.11025421032843936,-0.25683822891461733,0.15345357793566175,0.2486402591267967,-0.023496862136446455,0.08809347073737384,,-0.1938804430605497,0.08126054389634928,-0.3508333895674472,-0.06087744497893631,0.13265788129139233,0.30585252523305023,-0.12358844340759449,0.003599625962808364,-0.03166783954961295,-0.21257844658883865,0.08211658777823837,0.09096237455775887,0.028536724089730365,0.27436399217221136,-0.04065244425592627,0.22024813704414217,-0.2509191867583122,-0.2563099495821002,0.006483953997281482,0.04199820693511226,-0.23120318510020918,-0.2123663636451274,-0.25584722315945746,0.011647209663270127,-0.07258442347179779,-0.02883749626444815,0.07432735966375213,0.4060983486450792
#201,0.43166783954961296,-0.025872191106012552,0.7575197863746349,0.40410476897419334,0.1546605226880549,0.26023926812104153,-0.23433430056009177,-0.054480252185900344,0.10256523960552573,0.4149441354245997,0.09980430528375733,-0.007259020755208082,0.28130488851185254,-0.20534834623504575,0.21975841824684528,-0.07626695458532964,1.0,0.5771181784003162,-0.21554760780079626,-0.48871815140794156,-0.0009350929790905497,-0.45697511881464914,0.17636239190999972,-0.23338956744719616,0.3356675310653312,-0.45621933232433265,0.5230755882891654,0.16930967001821987,0.25763257594015404,-0.13568873935970233,0.38933994003836775,0.1624458947490191,0.5636142789661921,-0.001698591576451081,-0.09288268921172625,-0.2084948859090164,0.24164923409136918,-0.5295884626878621,0.27065061263050333,-0.4533427163969036,0.033935199020562405,-0.10581203667106899,0.0008926763903482981,-0.4947066025276431,0.08519371848881263,-0.3872422469223873,0.2592675426334918,0.21380852766236397,0.27036912072339564,0.15655770102089017,0.5952300617932577,0.49828887624960233,0.4504313959877763,-0.1286784340566647,0.15002169030106138,-0.2532135386039158,0.23519034444198086,-0.517438038039968,0.0956706159081488,0.303454059942352,-0.024746223477581868,-0.016467276565798734,-0.4094029865134528,-0.3655827942891847,0.1566463902518967,-0.16418883094097347,-0.3115247799639459,-0.10276961044219293,0.00951481206559147,-0.07660628729526765,0.45745712550490203,0.29239104238766833,0.14449982165752462,-0.0258297745172703,-0.17402562347565384,-0.17429169116867343,-0.2521646920459256,-0.16580837342022306,0.23515178390676061,-0.21548976699796593,0.12936095553006277,-0.1375049405685751,,0.033611290524712484,-0.15197285338320496,-0.035882506049183964,0.03882467488648742,0.2666364609140775,-0.04033239181359837,-0.028216671647402467,-0.4258451987313584,0.16655644780349552,0.011566232539307646,0.002273143551232491,-0.08619243635101655,0.4869713591624652,-0.10477475827364484,0.6425322703479124,0.2978319339072426,0.47806773158011434,0.4194248696171903,0.6658575381026288,0.13169772396440863,0.6154126459275254,0.39541322433555376,0.5682762476743177,0.4775895809433835,-0.1868084409011597,-0.2666364609140775,-0.3942101356366826,-0.06378876538806359
