,#10,#11,#12,#13,#17,#18,#26,#49,#50,#51,#52,#53,#54,#58,#101,#102,#201,#202,#301,#302,#401,#402,#501,#502,#601,#602,#701,#702,#801,#802,#901,#902,#1001,#1002,#1101,#1102,#1201,#1202,#1301,#1302,#1401,#1402,#1501,#1502,#1601,#1602,#1701,#1702,#1801,#1802,#1901,#1902,#2001,#2002,#2101,#2102,#2201,#2202,#2301,#2302,#2401,#2402,#2501,#2502,#2601,#2602,#2701,#2702,#2801,#2802,#2901,#2902,#3001,#3002,#3101,#3102,#3201,#3202,#3301,#3302,#3401,#3402,#3455,#3501,#3502,#3601,#3602,#3701,#3702,#3801,#3802,#3901,#3902,#4001,#4002,#4101,#4102,#4201,#4202,#4301,#4302,#4401,#4402,#4501,#4502,#4601,#4602,#4701,#4702,#4801,#4802
#10,1.0,0.5141950970279467,0.5172298111497787,0.28870465522061445,0.14214377295556863,0.39619600320052445,0.12959617479490615,0.6046156960658614,0.35372928576248636,0.5780474872991237,0.36971648366479326,0.027989164489603115,0.4030983390049454,0.2642457077304233,0.13527614163284588,0.013486547193275043,0.6041066970009543,0.14555638032255888,-0.1263378095687968,-0.1227131192580953,0.16600503214984624,-0.1485602460162147,0.27850539365486393,-0.09503436707701503,0.0872451389625288,-0.15166436910144312,0.27909922589725544,0.0878852438471846,0.33687061976420235,0.11259869086982928,0.1582659327311463,-0.11117966317372485,0.11884549757550635,0.03279766323156565,0.19163621991073235,0.055567659279110795,-0.020519988817444785,-0.11965526881513115,0.1323686772772406,-0.15665410235894076,-0.055263031050870985,0.026184531441296406,-0.052806724957342406,0.04912033779028853,-0.08840966712617972,-0.09607164547443918,-0.02353156661814466,0.12527739485024053,0.03383494162898981,-0.04850722528028689,0.10750870022075906,0.01999170948492765,0.23997956291633327,-0.011350293542074364,0.03711258712270926,-0.10908968216478845,-0.01069090838980845,-0.13795609883065177,-0.2123509394310393,-0.35913161674684047,0.4112577482575458,0.0052538729237561815,-0.039757839838816963,0.06769494760587277,0.20300386569365583,-0.1754986359210666,0.11704472058072166,0.12477225183885553,-0.012036671068994437,-0.030877348577598256,0.2818331678443697,-0.04165501817165222,0.3065504709205364,0.14693684748344307,0.16764385489670597,-0.0222243644741789,-0.044782277578012786,-0.20908486209788593,0.2648549641869029,0.10937117407189612,-0.19421591971696567,0.1291180241581753,0.3301533745288385,-0.07282349879016321,0.11574908659732197,-0.167142567938843,-0.22327899511245217,-0.017882448208381134,0.13881214271254086,-0.045730866744430415,0.02196986494172539,0.05266405097702756,-0.01583488378818698,-0.36876789449837566,-0.3858617797615031,0.2907329393731985,-0.058698774738993376,0.4343208043727647,0.20527122516460528,0.1530062757271071,0.29716098059441065,0.09162947181706882,0.15729420724359655,0.21741393770545536,0.34151330820471787,0.43668456518176474,0.3094887837043178,0.2369679851156334,-0.19005523796670298,-0.3849478950767837,-0.36693626907541477
#11,0.5141950970279467,1.0,0.36141054437835596,0.15839318249737305,0.25508372456209694,0.2433728900157134,0.40778730008772524,0.26996423510358325,0.23552582109839684,0.335640538690677,0.01259965488320978,-0.06280932779346977,0.01259965488320978,-0.03181436958344982,-0.07699189264746994,0.14073631342003026,0.3459516258085662,0.5698495175113031,0.06720522880857586,-0.10163207465319618,-0.26152718999739716,-0.16999990359866196,0.11802801422883749,-0.2222224364474179,0.06890189235826594,-0.0054659558674674405,0.35129225993656793,0.24596030192899077,0.05896098637849093,-0.023620255849151187,0.3216816249409542,-0.008616351594960138,0.04439281617228847,0.023681952705503554,-0.01900455978328979,0.05087098608928692,0.04492109550480561,0.09168731261989917,0.02915754870677605,-0.004891403892686031,-0.19943316013226264,0.10893544002390754,-0.40812663279766326,-0.13316688035629934,-0.371181784003162,-0.2974039119662981,-0.08974771769832166,0.03464471286861462,-0.03762158618761628,-0.1301090299133352,0.09185697897486818,0.04950979919601284,0.1519458610085508,0.0390560380978088,-0.045788707547260755,0.10787888135887326,-0.25865828617701214,-0.2608446685239991,-0.24577135530641164,-0.23013891432813088,0.12060385798154878,0.1859138364840504,-0.1924305669362691,0.1536155321835867,0.5262568324448343,0.0011587440833678772,0.2641223140177186,0.35571129727280615,0.08473099206616988,0.16092275360782007,0.42055469329914297,0.28624449307356387,-0.08798164518523517,0.06311395602170958,-0.1100074229030299,0.1775076398060405,0.10841872885195647,0.012260322173271766,0.31171758264004706,0.04203676747033249,0.2011953765918271,-0.3587999961439465,0.16568497970751833,0.13231083647441028,-0.02011124714411036,-0.3349772974848891,-0.27591412568806456,-0.3122651422401743,0.03633752036478266,-0.19723135357118757,-0.3200736506222706,-0.38090289493218166,-0.30944251106205356,-0.5004906828106774,-0.552485708501634,0.39839395370807745,0.08162301292741943,0.3733951587248031,0.2792727483057465,0.4559802570059672,0.346082731628315,0.4509288268921173,0.2195116308214358,0.18049993733913028,0.11857942988248676,0.3032574012127288,0.22826101626290574,0.31559291642968007,-0.0786692759295499,-0.20069794568748614,-0.33217394657437843
#12,0.5172298111497787,0.36141054437835596,1.0,0.40748652791300743,0.026708954720291517,0.11643160807072002,0.126368657996973,0.3289502858299673,0.38298901988759604,0.46149055748893797,0.45348924643074046,-0.0906654584365631,0.27779973586033374,-0.05439927506193786,-0.04972959424676814,-0.059061243770063526,0.7459670500226543,0.37162908621171664,-0.15665795841246277,-0.2121658488619822,-0.02250200032776455,0.002238439069534285,0.13485968785246738,0.04886583825783502,-0.014739764587932481,-0.16222224364474178,0.2931198365033307,0.4056973190787888,0.1417388873357562,-0.09226186459468057,0.1579960089846047,-0.01800969797460789,0.40835028390194056,-0.14480830593928642,-0.07952146375791697,-0.2564294872412829,-0.22599365679195627,-0.30094762515303713,0.11485448218021266,-0.13939055074084428,-0.035539317285723925,-0.1627929395660012,-0.21288307481707847,-0.31707749703565885,-0.1166822515496515,-0.18995112452160837,0.19111565268525926,0.18718633414631794,0.13647151822467296,0.19617865095967532,0.4386434403709524,0.41724619937724733,0.5181321276739321,0.3740738241446791,0.3425930031908843,-0.08116799861182074,-0.17517087137169463,-0.27698996462070896,0.08652405695391052,0.024669102407141413,0.08588395206925473,-0.28969951702929636,-0.5382414467912815,0.0264698794019261,0.11630435830449326,0.028043149238911436,-0.2570040392160643,0.019332324332661736,-0.057757897679619793,-0.2869038782258298,0.43161771085382666,0.11984807149123229,0.06032217327176501,0.1300589012175489,-0.2450849777794916,-0.11254470612052095,-0.3013525107728495,-0.2705542112924527,0.07548803177388103,-0.14324274820934516,-0.23646669815777044,0.16417340672688538,0.1567505036969913,-0.15983920256813164,-0.12292905825532859,0.13953708077468116,0.012422276421196726,0.056045809915841634,0.02767682415431926,-0.24812740400836764,0.11982493517010016,-0.15080061311251,-0.05618077178911243,-0.10845728938717669,-0.1591412568806455,0.41446212873434685,-0.18189197266058052,0.6268651248879334,0.5408057223834267,0.20296916121195763,0.44072956532636676,0.42287989357292277,0.15882891654536166,0.538507514484301,0.43153287767634213,0.49550480560670185,0.195954999855398,-0.19701541457395427,-0.39241321469541995,-0.262680150000482,-0.12669642254634494
#13,0.28870465522061445,0.15839318249737305,0.40748652791300743,1.0,0.06814996192147146,-0.00021401097047227016,0.17815160074421832,0.36854809944762035,0.36202365688835764,0.43465242497565865,0.466214223053416,0.2675233532241427,0.37795301398783415,0.07728880876866571,0.010251318288297841,-0.23434972477417987,0.5627158184955607,-0.1573366238323388,-0.0637232124781892,-0.03967300666133246,-0.0974559686888454,-0.2595760269152536,-0.024892753511418737,-0.1768983833495609,-0.22229955751785835,-0.29228692894257374,-0.01729247201951163,0.2286736139897622,0.2115912968872008,0.24220450579854047,0.047550924006825215,0.19016706351884163,0.3686946294814572,-0.024877329297330646,0.1788032737894402,0.11690204660040682,-0.07937878977760211,-0.10011278956551917,0.011581656753395737,-0.17937011365717756,-0.011701194412578447,0.13385325788321942,0.1355344972188214,0.05768848871622338,-0.17298448902470767,-0.088459795821966,0.17351662441074683,0.1104123085228423,0.07656772676004743,-0.15843945513963734,0.050234737258153146,-0.023342619995565538,0.1744420772560323,0.16378394532116106,0.08069756008213394,-0.11591875295229098,-0.25304772830246886,-0.2819604176105964,0.08506261266906384,-0.21113242651808006,0.016737200312340335,-0.22861962924045387,-0.0053387061012406855,-0.13592781467806772,0.052374846962875844,0.14378259570242835,0.05648154396383022,-0.08813203127259406,-0.08963974819970501,-0.141199039842673,-0.023419741066005997,-0.04740053791946632,0.10538015867660243,0.043957082124299884,-0.21248975735783213,-0.27417504554963223,-0.3180607906837747,-0.3290968158638042,-0.22654121639208352,-0.24469937242728929,-0.28349898296588355,0.332941301225261,-0.05309592897149412,-0.2315232375425371,-0.08654333722152063,0.2547752402803351,0.2642804122121215,0.010178053271379406,0.15578263426296357,-0.08352790336729873,0.24667367183056502,-0.14619648520721468,0.003383686965575082,0.014535393751265268,0.06241601033422344,-0.02237089450801577,-0.1730577540416261,0.29308513202163244,0.11642389596367597,0.13331341039013622,0.029068859475769523,0.17862203927390513,-0.13852293869838914,0.1598160662469995,0.14145353937512653,0.36336170746049956,0.12971571245408886,-0.04836069524645002,-0.11942776165733181,0.2140167545525532,0.1478160276864643
#17,0.14214377295556863,0.25508372456209694,0.026708954720291517,0.06814996192147146,1.0,0.376406736525503,0.31610191549458705,0.4324120578793634,0.38976410592579025,0.0689790134287064,0.04565760172751198,0.6538767798097037,0.3924363510165521,0.3800622752643807,-0.2965710044055411,-0.369165068011144,0.022559841130594893,0.02451871631978252,-0.4433748180424744,-0.45582601486508634,-0.5809163911195088,-0.46383118197680584,-0.06885561971600165,-0.11916555001783424,-0.15688546557026212,-0.15294843492427676,-0.14843685230350998,0.022413311096758023,-0.05134142461897371,0.24560168895144266,0.1921143705474632,0.22406948608446686,0.24145643141526804,-0.06364994746127076,0.13159746657283602,0.13902808170977413,-0.19934061484773408,-0.20769282677643566,-0.08521685480994476,-0.28100411633713474,-0.014122796024408819,-0.0592926069813849,0.15510782489660957,0.0004106697000954373,0.29475094714314637,-0.06443658237976344,0.1101076802946025,-0.10226446743080794,0.11490075482247694,-0.24156054486036266,0.0254595933791561,-0.01350968351440718,0.09599452440399872,0.0731088467507929,-0.33247471874909623,-0.358213876008599,-0.28814552745992117,-0.39834382501229115,0.1255627428108702,-0.11176963936259435,0.007097066507283121,-0.10100353792910646,0.15787647132542199,0.23385614992336093,-0.1345049309284413,-0.005770584095707248,0.524024177455583,0.5090511216295682,-0.24520837149219632,-0.11252156979938882,-0.19239586245457088,-0.0052538729237561815,0.17212458908929656,0.290821628604205,-0.06371935642466718,-0.29378693376264065,-0.30056587585435685,-0.4202037924286389,0.18858222552129023,-0.09650352346890576,0.11272979668957805,0.011870860767547453,0.011269316418111883,0.37420878601794993,0.5526129582678607,0.1857441701290814,0.10334416241697435,0.10757810918415547,0.13419259059315744,-0.015692209807872132,0.18009505171931786,0.07625153037124155,0.032612572662508554,-0.19870050996307828,-0.03916400759642544,-0.12001388179267929,-0.33630763594998697,0.17320042802194094,-0.049529079463622956,0.3347112297918695,0.2113406534082693,0.08150733132175875,0.24607212748112944,0.2568497970751834,0.31320216324602584,0.2898267667955231,0.38416511621181304,-0.10868479654497605,-0.3667010498105714,0.1455602363760809,-0.11419124097442472
#18,0.39619600320052445,0.2433728900157134,0.11643160807072002,-0.00021401097047227016,0.376406736525503,1.0,0.3413089373680507,0.43685808759025574,0.22871603057850443,0.1892686030482103,0.10606653620352251,0.23454638350380302,0.6129216353522987,0.5629510377604041,-0.14655895423828483,-0.02385161906047256,0.13254991179277567,-0.019702505470775934,-0.28497585146481835,-0.14070160893833206,-0.14184685683437287,-0.06499185408693472,0.046629327215061744,0.15017207638842028,-0.051044508497777946,0.20690619185794298,-0.03187221038628016,0.005392690850549006,-0.21805018653658914,0.054619070112693166,0.4153644452585002,0.14978647103621798,0.10150482488696944,0.1767132927805038,-0.027403044354255637,0.22282012474333143,-0.16470554211292454,-0.03747120010025739,-0.05447639613237832,0.066723222118323,-0.2241273268872972,-0.19454754031985963,0.10964880992548176,0.15295229097779878,0.2674925047959666,0.3231045086905806,-0.09251636412713408,0.005230736602624044,-0.0937155967724832,-0.04144679128146299,-0.11897660339525512,0.014415856092082558,0.0028014228837496265,0.21328410438336884,-0.18293310711152672,-0.022027705744555735,-0.08451119701541457,0.09932229859350447,-0.28845015568816096,-0.06024119614780253,0.16767855937840417,0.011315589060376158,0.19211051449394118,0.31534227295074857,-0.14671705243268776,-0.4075675050369699,0.34488735503648793,0.30976641955790346,-0.2039794472347276,-0.07116153972217135,-0.08197776985144554,-0.3589580943383494,0.14024659462273337,-0.03288249640905016,0.20454243104894296,0.019424869617190286,-0.05018846461588887,-0.18088554269133256,0.27537042214145935,0.3218937078846654,-0.1253737961882911,0.22216459564458754,0.34627939035793814,0.1561258230264236,0.32095283082529186,-0.2492495155832763,-0.3857499542093644,-0.1671271437247549,0.005720455399920951,-0.06320264525271611,0.1237234052808653,0.04740825002651037,0.3444593330955434,-0.3646303490692451,-0.15093943103930282,-0.12715529291546568,-0.0708183509587113,0.13930571756335977,0.17828656261748912,0.12381209451187182,0.06389673488668023,-0.1365486392951134,0.28142057011751326,0.13316302430277732,0.3926407218532193,0.3480531749780687,0.4579352761416328,0.05857923707981067,-0.0550123875719395,-0.19350254981539144,-0.20842162089209798
#26,0.12959617479490615,0.40778730008772524,0.126368657996973,0.17815160074421832,0.31610191549458705,0.3413089373680507,1.0,0.3432832367713264,0.3638552823113185,0.2150116163612351,0.14461550326318529,0.26198220431299585,0.4236511042773274,0.1701580017930649,-0.0715587132349397,0.11560641261700712,0.05832088149383514,0.16447803495512517,-0.044200013496187324,-0.04348278754109107,-0.447512363471605,-0.07706515766438839,0.025798926089094117,-0.0712540850066999,-0.07228750735060202,0.13586226176819335,-0.0022153027484021477,0.17475441759131616,0.13433526457347228,0.34701975263416657,0.2100758678530458,0.16728138586563582,0.12331466360753088,0.2344769745404066,0.12413600300772175,0.27060819604176106,0.06467951375165087,0.15439831104855736,1.34961873270801e-05,0.16042917875700113,0.033946767181128476,0.16824925529966356,-0.0476319011307877,0.10257295171256978,-0.11874524018393376,0.05236327880230977,-0.1730076253458398,-0.10908582611126642,-0.14392141362922117,-0.2594063605602846,-0.21289849903116656,-0.08165771740911763,-0.0919109637241765,0.1092015077169271,-0.16283921220826544,0.12939180395823893,-0.34793749337240804,-0.20767740256234757,-0.2866956513356405,-0.2100951481206559,-0.18474930832039949,-0.07705744555734434,0.08169627794433787,0.153835327234342,0.14896513163602712,0.03284393587382993,0.44654449403757723,0.449201314914251,0.07488648742444545,0.17439580461376805,0.07656772676004743,0.06644944231825937,0.18734828839424292,0.18537784504448923,-0.036823383108557546,0.041843964794231345,0.05226302141073718,-0.08803948598806552,0.14229801509644954,0.1037066314480445,-0.02023078480329307,0.03506887875603713,-0.04058689134605188,0.12609102214338735,0.18242025199309767,-0.04917432253959685,-0.06339544792881725,-0.09442511062053541,0.22221858039389586,-0.3418410727540898,0.007405550789044952,-0.2399140100064589,0.010895279226475664,-0.30872142905343525,-0.2607791156141247,0.04870774006343208,0.02156883537543501,-0.004301427703816529,0.24863640307327467,0.21963888058766257,0.1456103650718672,0.05348539037721844,0.22774044903743265,0.06372706853171121,-0.0030057937204168396,0.19967223545062807,0.20843318905266406,-0.0674134556987651,-0.17914646255290023,-0.05688642958364262,-0.18701666779134896
#49,0.6046156960658614,0.26996423510358325,0.3289502858299673,0.36854809944762035,0.4324120578793634,0.43685808759025574,0.3432832367713264,1.0,0.695198249351701,0.6076658344017815,0.3762949109733643,0.5892570348876442,0.6585580287854396,0.29825995584818715,-0.23266848543857788,-0.3601650390907426,0.48120655914704097,-0.12294062641589465,-0.41158165675339575,-0.22977644529706073,-0.13641753347536464,-0.36231671695603135,0.009453115209239105,-0.29758129042831116,-0.20212468549063461,-0.26100276671840206,-0.15401270569635506,-0.03010228181967166,0.3311173879093442,0.3371289753501779,0.2682907078750253,0.25533436804102844,0.35245678810021885,0.18200765426624121,0.3448025218590034,0.2456942342359712,-0.020477572228702536,-0.07203686387167053,-0.08422584905478488,-0.17107188647778432,0.11572595027618983,0.054372282687283696,0.2574050687823547,0.11552929154656667,0.14093682820317546,-0.12971956850761088,-0.03871284933434876,-0.08319242671088274,-0.015734626396614385,-0.3540570503118583,-0.06423992365014027,-0.011095794009620854,0.15850886410303375,0.045592048817637586,-0.2728100026028361,-0.22071471952030694,-0.2625953168229975,-0.31830372205566215,-0.24110553054476397,-0.3639825320775452,0.16813357369400286,-0.09393924787676053,0.12440592675426335,0.021426161395120165,-0.06335688739359702,-0.26562617489130746,0.36097095427684533,0.28073804864411517,-0.10834546383503803,-0.0703132079473263,0.1078017602884328,-0.09033383783366913,0.38633993039823394,0.31144765889350545,0.11573366238323388,-0.2080051671117195,-0.3987332864180155,-0.5457838874803582,0.11165010170341165,-0.006777014064955221,-0.10177474863351103,0.17781226803428032,0.12128252340142481,0.1937339130267128,0.35993753193294326,0.24282147436206414,0.07286977143242748,0.15989318731743996,0.1589561663115884,0.046023926812104154,0.194443426874765,0.2587199830333645,0.24296800439590102,-0.23052066362681115,-0.16833408847714806,0.02367809665198153,-0.30712887894883983,0.32446955163737673,0.04121928412366364,0.34040662084389733,0.22078027243018133,0.056612649783578994,0.014894006728813396,0.20370952348818602,0.3304811390782104,0.5101076802946025,0.4413696702110225,0.059658932065977076,-0.21503475268236724,-0.19622877965546162,-0.32139627698032447
#50,0.35372928576248636,0.23552582109839684,0.38298901988759604,0.36202365688835764,0.38976410592579025,0.22871603057850443,0.3638552823113185,0.695198249351701,1.0,0.487788842509134,0.4189544310875035,0.5322221472434038,0.5279804883691785,0.227967956195232,-0.246334339120627,-0.29513655249534865,0.49002149749838525,0.02033875430190971,-0.3517087137169464,-0.2735272285579324,-0.24494615985269874,-0.2561595634947413,-0.13191366296164192,-0.14989829658835666,-0.22485997705648153,-0.2789218474352424,-0.1015009688334474,0.048607482671859485,0.19293185389413206,0.2702264467430808,0.21408230746242757,0.1389046879970694,0.32221376032699334,-0.04742367424059846,0.017998129814041818,0.01582331562762091,-0.17945494683466207,-0.17947037104875016,-0.2519796014768685,-0.22504892367906065,0.09998553979929241,0.011088081902576808,0.18435984691467516,0.042703864729642445,0.132943229252022,-0.02712540850066999,0.05769620082326743,-0.013193487125601304,0.05968978049415326,-0.17301919350640588,0.03698533735648251,0.1662710998428658,0.21896407122130856,0.1263532337828849,-0.1406244878678916,-0.257956484436004,-0.3236983409329722,-0.41025131828829786,-0.1214329094887837,-0.10286215572672149,-0.06277462331177157,-0.14733787704973345,-0.09403950526833313,0.06016021902384005,-0.10362951037760404,0.03385807795012195,0.2269075414766757,0.2449230235315666,-0.12088149383513443,-0.1601361186893274,0.05830160122622502,-0.01787859215485911,0.3053820867033634,0.307163583430538,-0.18933029990456268,-0.22536126401434453,-0.5399805269297138,-0.5517183538507514,-0.03803032786095071,-0.050527797325826886,-0.2212969836021324,0.23716078779173455,0.0049839491772145795,0.14652424975658662,0.36954681730982425,0.3462832464114602,0.20540233098435406,0.06320650130623813,0.10352539693250942,-0.15717852563793586,0.1788726827528366,0.10897400055912776,0.19523777390030173,-0.15269393539182324,-0.04329769697203397,0.017728206067500217,-0.2480849874196254,0.4217847743726683,0.07316668755362324,0.31535384111131465,0.22706949572460067,0.11842904379512788,-0.13182882978415741,0.39314972091812633,0.27763778161240876,0.42617681933425233,0.2783781438886372,-0.07301244541274234,-0.1480705272189178,-0.10201382395187646,-0.2169126507475924
#51,0.5780474872991237,0.335640538690677,0.46149055748893797,0.43465242497565865,0.0689790134287064,0.1892686030482103,0.2150116163612351,0.6076658344017815,0.487788842509134,1.0,0.5212593870802926,0.1084919938688749,0.437401791136861,0.03527710564622637,0.059639651798366965,-0.10211793739697107,0.661145440698717,-0.06689288847329201,-0.13767846297706612,-0.13967589870147398,0.16706930292192457,-0.11725294747091089,0.12254730895664832,-0.21402446665959723,0.05953553835327234,-0.2851416617662653,0.15975436939064713,0.1457761753733142,0.3313911677094078,0.13729285762486385,0.17669401251289368,-0.017138229878630715,0.25147060241196145,-0.044917239451283585,0.1782287218146588,-0.048040642804122125,0.011674202037924287,-0.15505384014730125,-0.0024929386019877956,-0.12472212314306923,0.13532627032863215,0.060009832936481156,0.0933955443301553,-0.11965141276160914,-0.03219611888213009,-0.1278185341212536,0.17023512286350534,0.20711827480165423,0.25761329567254393,-0.004671608841930726,0.24314538285791407,0.15524278676988038,0.36487328044113254,0.12022596473639054,0.2143406630484031,-0.10382231305370518,0.036919784446608116,-0.14056279101153923,-0.08556389962692681,-0.09360762727386657,0.15054225752653447,-0.11941619349676573,-0.30096690542064725,0.056173059682068385,0.12488793344451621,-0.11790076446261075,-0.02056626145970906,0.20912342263310615,-0.13635583661901227,-0.06420907522196408,0.22744353291623687,-0.060634513607048864,0.2053753386096999,0.07167439484060038,0.15988933126391794,-0.04725015183210743,-0.23097567794240983,-0.2826275148699064,0.1204226234660137,-0.1916747804459526,-0.24853614568170207,0.1170177282060675,0.12737508796622096,-0.05472318355778778,-0.02540560862984778,0.09967319946400856,-0.029392767971619445,0.1306681576740285,0.11161925327523546,-0.13633270029788014,0.09547395717852564,0.08955105896869849,0.12675426334917528,-0.04847637685211071,-0.06442887027271939,0.16041761059643508,-0.2047390897785661,0.4378375251848496,0.17710275418622812,0.3200659385152266,0.3806946680419924,0.13854221896599925,-0.12681210415200564,0.2325026751371309,0.16821455081796535,0.5593996124666211,0.19554625818206356,0.12745992114370547,-0.20384062930793478,-0.27739485024052135,-0.17416829745596868
#52,0.36971648366479326,0.01259965488320978,0.45348924643074046,0.466214223053416,0.04565760172751198,0.10606653620352251,0.14461550326318529,0.3762949109733643,0.4189544310875035,0.5212593870802926,1.0,0.09907551116809502,0.4675407054649919,0.12459101732332045,0.11521309515776079,-0.11945861008550798,0.5811516103843521,-0.18296781159322492,-0.11571052606210175,0.0535972159293571,0.14213606084852456,0.10052924334589763,-0.029153692653254026,0.2662508555618752,-0.02942747245331765,-0.07630165906702785,-0.03813829735956735,0.0882052962895125,0.24543587864999566,0.13040208998100894,-0.07181706882091524,-0.0633183268583768,0.31148236337520363,-0.17138422681306817,-0.02489660956494076,-0.1547106513838412,-0.31552736351980565,-0.3108885311328121,0.05787357928528048,-0.05603038570175354,-0.10953312831982108,-0.1388738395688932,0.33023435165280096,0.014774469069630687,0.1475499599934447,0.27228172327031896,0.20620824617045685,0.09443282272757945,0.12379667029778374,0.1373584105347382,0.2957535210588723,0.3418217924864797,0.38773967782672825,0.45899954691371114,0.39393249978309697,-0.06908698292732303,0.013289888463651875,-0.05841728283188571,-0.1149277471971311,0.09798039196784052,0.12378510213721766,-0.25121995893303,-0.20602701165492177,-0.013151070536859051,-0.115247799639459,0.04080283034328516,-0.1587864999566194,0.03188377854684623,-0.12432494963030087,-0.3221057908283767,-0.029269374258914713,-0.25053358140610993,0.07614741692614693,-0.09887885243847185,0.02818582321922628,-0.10930562116202173,-0.3288500284383947,-0.30413658141575006,-0.13906278619147233,-0.1409098358285213,-0.4268053560583421,0.578780137468308,-0.06438645368397714,-0.2956339833996896,0.027306643016205064,0.18856680130720213,-0.0039158223516142406,0.166637424927458,0.1499946979264072,-0.18698967541669478,0.5837891509934158,-0.016174216498124994,0.3011635641502704,-0.1859138364840504,-0.08407546296742599,0.06770265971291682,-0.10435059238622232,0.41281173782692104,0.2292481659645436,0.13212574590535317,0.1744729256842085,-0.07626309853180763,-0.0602527643083686,0.28405425467305484,0.24093200813627294,0.39464972573819324,0.05805866985433758,-0.10367578301986831,-0.224767431771953,-0.06298670625548283,-0.12482623658816384
#53,0.027989164489603115,-0.06280932779346977,-0.0906654584365631,0.2675233532241427,0.6538767798097037,0.23454638350380302,0.26198220431299585,0.5892570348876442,0.5322221472434038,0.1084919938688749,0.09907551116809502,1.0,0.5405512228509731,0.4054543877069014,-0.4267012426132475,-0.5675166051304792,0.10131202221086828,-0.28696171902866013,-0.5720706043399882,-0.39343892493227806,-0.5281694349917577,-0.5507620525772897,-0.24466081189206906,-0.2961699748392508,-0.41468192378510216,-0.3450377411238468,-0.41291199521849364,-0.05908823614471769,0.02243644741789016,0.3376341183615629,0.1409599645243076,0.4066381961381624,0.38563812865722574,0.037968631004598345,0.17635467980295566,0.22390753183654188,-0.14310393028255233,-0.17261430788659346,-0.3182111767711336,-0.3340055719973393,0.043556052558009505,-0.008107352530053118,0.28976892599269277,0.14628903049174322,0.3311983650333067,-0.021780918319146268,0.09345724118650767,-0.126538324351942,0.12801519285087676,-0.2953332112249718,-0.12280952059614587,-0.08677470043284201,0.0639430075289445,0.030703826169107228,-0.505977846972516,-0.4107487491926388,-0.3245428166542952,-0.4211446694880125,0.15395872094704674,-0.1394792399718508,-0.1818881166070585,-0.17871072850491165,0.3186816153008204,0.11533648887046552,-0.33538218310470147,-0.07687235498828723,0.5510859610731397,0.29589233898566514,-0.2969180492225232,-0.20391775037837526,-0.33452613922281244,-0.20767354650882555,0.23715693173821253,0.3926484339602634,-0.13851908264486712,-0.43338378336691313,-0.5194547540319859,-0.6150424647894113,-0.06769109155235074,-0.17079039457067663,0.0912708588395207,0.15892531788341221,-0.1195974280123008,0.5111218223708945,0.5332671377478719,0.457117792794964,0.2984836069524645,0.15557055131925232,0.12462572180501866,0.1382144544166273,0.24147185562935614,0.327542826294429,0.20691390396498704,0.04315887904524115,0.22767104007403624,-0.22821088756711944,-0.46129389875931476,0.08766930484995132,-0.22509519632132494,0.3168924064666018,0.1300434770034608,0.005616341954826333,-0.03053415981413822,0.21267099187336722,0.2631158840484706,0.2848524577521136,0.40240039331745925,-0.22154762708106387,-0.14135713803707595,0.3041828540580143,0.052043226359981876
#54,0.4030983390049454,0.01259965488320978,0.27779973586033374,0.37795301398783415,0.3924363510165521,0.6129216353522987,0.4236511042773274,0.6585580287854396,0.5279804883691785,0.437401791136861,0.4675407054649919,0.5405512228509731,1.0,0.5139058930137951,-0.22305148795465282,-0.26406832926841023,0.34286292693742587,-0.2653408269306778,-0.4324390502540175,-0.17677498963685617,-0.1626618337462524,-0.186519236887008,-0.059658932065977076,0.08131067259213558,-0.24374692720734964,-0.09699324226620265,-0.13547665641599105,0.14370547463198788,0.07207928046041279,0.26192821956368756,0.21685095389124,0.35080639719279305,0.39220884385875276,0.10983390049453887,0.18016446068271427,0.22710420020629887,-0.22823787994177358,-0.2065167304522187,-0.13505634658209056,-0.1027464741210608,0.025876047159534576,-0.1514561422112539,0.3509452151195859,0.16752817329104527,0.2879874292655182,0.3220556621325904,0.12861288114679031,0.17744979900321017,0.07305486200148457,-0.1042117744594295,-0.05456508536338484,0.04323214406215958,0.10414236549603309,0.22785613064309332,-0.19120434191626579,-0.23901554953582757,-0.12233908206645908,-0.03997763488957227,-0.1080716840349744,-0.051121629568218405,0.046043207079714266,-0.17227497517665546,0.16169782036574668,0.17952435579805848,-0.2846133824337482,-0.22277385210106715,0.28920594217847745,0.255943624497508,-0.284416723704125,-0.19734703517684826,-0.2057609439619022,-0.36078200765426627,0.318454108143021,0.17281482266973866,0.16974926011973046,-0.21525454773312253,-0.33299528597456934,-0.3994543684266338,0.02167680487405165,0.019625384400335476,-0.2220373458783608,0.4915407825860623,0.22887027271938534,0.12805760943961902,0.31014045674953966,0.17136494654545806,-0.019582967811593226,0.13896638485342178,0.12429024514860267,0.08778113040208999,0.46512681596020555,0.26541409194759624,0.5576026915253584,-0.0669777216507765,0.1794935073698823,-0.19555397028910762,-0.3003036642148593,0.2312725940636056,0.13541881561316071,0.1651374201073911,0.1405049502087089,-0.15782248657611367,0.1475152555117465,0.2322520316581994,0.38355200370181136,0.54744584654835,0.4290341549940713,-0.14965150916294717,-0.18520432263599818,-0.1136475374278195,-0.05039283545255608
#58,0.2642457077304233,-0.03181436958344982,-0.05439927506193786,0.07728880876866571,0.3800622752643807,0.5629510377604041,0.1701580017930649,0.29825995584818715,0.227967956195232,0.03527710564622637,0.12459101732332045,0.4054543877069014,0.5139058930137951,1.0,0.05342369352086607,-0.16529937435531605,0.053099785025016145,-0.2013611868932741,-0.29375994138798645,-0.13934042204505798,-0.08101761252446184,-0.1840629307934794,-0.1708019627312427,-0.011084225849054784,-0.24768781390685704,-0.23042811834228258,-0.16420811120858358,-0.07284663511129534,-0.01890815844523922,0.10647142182333491,0.29138075636489835,0.08313844196157442,-0.015387581579632326,-0.09531200293060067,-0.12552418227565,0.1243635101655211,-0.20725709272844708,-0.19025575274984816,-0.1725680352443292,-0.2584500592868229,-0.2773717139193892,-0.2203368262751487,0.137998515419394,0.19816066246999509,0.29568025604195386,0.3278744468973229,0.05267561913759363,0.13959106552398948,0.11508584539153403,0.1372542970896436,-0.07301244541274234,0.06344943267812557,-0.004070064492495156,0.12324911069765648,-0.1865385171546181,-0.23616592598305264,0.09570532038984701,-0.0025237870301639785,-0.01062535547993406,-0.05684401299490037,-0.03610615715346129,-0.18010661987988394,0.3091186025662036,0.5125909787627853,-0.20979823199946016,-0.10280817097741317,0.53394965922127,0.37437845237291895,-0.2752470284287546,-0.03365756316697676,-0.18993184425399826,-0.26642052191684423,0.19096141054437835,0.09743283236771326,0.10541871921182266,-0.13614375367530102,-0.1598276344075656,-0.3125620583613701,0.1566502463054187,0.16219525127008763,-0.03627967956195232,0.28214936423317555,0.3774748633511033,0.21974299403275718,0.4255559947172067,-0.12255502106369237,-0.14491627543790309,-0.12127481129438077,-0.03883624304705349,0.1119277375569973,0.12575554548697135,0.22858106870523362,0.33266366537167535,-0.21411315589060376,0.04433883142298015,-0.2153123885359529,-0.17985983245447446,0.0681036892792072,-0.10376447225087485,-0.019528983062284906,0.03651489882679572,-0.36462263696220104,0.036295103776040415,0.03147118081998978,0.1702621152381595,0.1917094849276508,0.23402581627832994,-0.11770024967946555,-0.023095832570156075,0.07080678279814524,-0.004606055932056337
#101,0.13527614163284588,-0.07699189264746994,-0.04972959424676814,0.010251318288297841,-0.2965710044055411,-0.14655895423828483,-0.0715587132349397,-0.23266848543857788,-0.246334339120627,0.059639651798366965,0.11521309515776079,-0.4267012426132475,-0.22305148795465282,0.05342369352086607,1.0,0.3835211552736352,-0.0032795735204804643,-0.025968592444063125,0.40208805298217537,0.21746021034771962,0.44022827836850376,0.25544619359316706,0.19880076735465088,0.0683234843299625,0.15381219091320988,0.07161655403777005,0.10841872885195647,-0.1891644896031157,0.33320736891828057,0.11608070720021593,-0.17713360261440428,-0.4654160199743572,-0.16604359268506647,0.029045723154637385,0.01995314894970742,-0.030981462022692877,0.2272622984007018,0.13307819112529282,0.45006507090318415,0.19882775972930505,0.024275784947895077,0.22573144515245872,0.07303172568035245,0.11938148901506752,-0.06609854144775529,0.054765600146530036,-0.07202143965758245,-0.04056761107844177,-0.21138692605053358,-0.020477572228702536,-0.016926146934919457,-0.08186208824578485,-0.05786972323175846,0.02450329210569443,0.34961873270800997,0.19862724494615985,0.1493661612023175,0.0932605824568845,-0.0976911879536888,-0.18726731127028043,0.0017911368609796305,-0.09862049685249631,0.0023309843540628345,0.0867399959511438,0.13552292905825533,-0.08488909026057281,-0.0032949977345685558,0.014639507196359886,0.2500631428764231,0.27009148486981,0.07976825118332642,0.00521145633501393,0.09025286070970664,-0.2160720310797914,0.03852004665824762,-0.10182487732929733,0.21992037249477023,0.19290100546595587,0.06749057676920556,0.1522659134508787,-0.11606913903964987,0.0944906635304098,0.11245216083599241,-0.5384766660561249,-0.27474959752441364,-0.23923148853306084,-0.16344461261122303,-0.04303934138605844,0.15059238622232077,-0.32555310267706516,-0.033815661361379694,-0.34608658768183703,-0.29220980787213324,-0.12972728061465494,-0.19697299798521203,0.09477986754456152,0.24503099303018325,-0.06101626290572913,0.04759719664908949,-0.323335871901902,-0.17362073785584145,-0.15476849218667155,-0.033102291459805464,-0.27073930186150985,-0.1914279930205431,-0.15764510811410062,-0.17528655297735532,-0.04149691997724928,-0.0629982744160489,-0.056234756538420756,-0.06454069582485805
#102,0.013486547193275043,0.14073631342003026,-0.059061243770063526,-0.23434972477417987,-0.369165068011144,-0.02385161906047256,0.11560641261700712,-0.3601650390907426,-0.29513655249534865,-0.10211793739697107,-0.11945861008550798,-0.5675166051304792,-0.26406832926841023,-0.16529937435531605,0.3835211552736352,1.0,-0.3489284991275679,0.22595124020321403,0.6300193766689481,0.557028139550577,0.19042927515833918,0.6944501749684285,0.26860304821030917,0.2851956465155736,0.3552138663684652,0.58787656772676,0.15820423587479393,0.14439570821243,0.06114736872547791,0.21731368031388276,-0.24720580721660418,-0.06180675387774382,-0.3666046484725208,0.34735137323706056,-0.0134287063904447,0.25284721351932365,0.344733112895607,0.5344509461791329,0.25202201806561075,0.5554394454995035,0.18474159621335545,0.3157433025170389,-0.14861808681904504,0.2567611078441769,-0.4668466158310277,0.322325585879132,-0.44934013284104385,-0.07820269345338514,-0.5086076754745356,0.055810590650998235,-0.2536299923842943,-0.1019212786673479,-0.4356395746772965,-0.12208072648048354,0.25698861500197623,0.6770478054235393,0.13301649426894047,0.5319136629616419,-0.46425534786422834,-0.19131616746840446,0.0496216247481515,0.12281723270318992,0.09061918579429883,0.20099871786220394,0.21399361823142105,0.07967184984527585,0.050701319734317914,0.06499956619397877,0.6056876789449838,0.5239393442780986,0.24862097885918658,0.18300637212844514,-0.05547511399458224,-0.059608803370190776,0.14234428773871383,0.5231488533060838,0.6390348298034376,0.6057570879083801,0.29509027985308434,0.5394329673295866,0.07757415672929541,-0.11448815709562049,0.09348423356116183,-0.21861317035080446,-0.10347526823672312,-0.5501335158532,-0.47409985250595277,-0.16516826853556726,0.11036603588057803,-0.22649879980334128,-0.2983139405974955,-0.42050456460335667,-0.1596463998920305,-0.300427057927564,-0.3598334184878486,0.11251000163882274,0.6506646872258587,-0.39596463998920306,0.24174177937589775,-0.3853913412318163,-0.2636557315415538,-0.2872663472568999,0.3149952281337665,-0.26301948271042,-0.3377228075925694,-0.36112134036420424,-0.3928026761011443,0.13996895876914772,0.145745326945138,-0.3997127240126093,-0.3139887981645185
#201,0.6041066970009543,0.3459516258085662,0.7459670500226543,0.5627158184955607,0.022559841130594893,0.13254991179277567,0.05832088149383514,0.48120655914704097,0.49002149749838525,0.661145440698717,0.5811516103843521,0.10131202221086828,0.34286292693742587,0.053099785025016145,-0.0032795735204804643,-0.3489284991275679,1.0,0.1162272372340528,-0.2762303220768704,-0.33757627755873254,0.054086934726654004,-0.26333182304570385,0.09526187423481437,-0.11562569288461724,-0.03914858338233735,-0.3970867515641117,0.24237031609998747,0.18292539500448265,0.22465560621981434,-0.13549208063007914,0.24575593109232355,-0.15306797258345947,0.4269210376640028,-0.26528298612784745,-0.08059730269056134,-0.3024784784012802,-0.2895221385672833,-0.4437797036622868,0.004270579275640346,-0.36786172192070027,-0.16297031802801423,-0.1961709388526313,-0.08497777949157935,-0.3022586833505249,-0.012206337423963445,-0.2896725246546422,0.35822158811564303,0.18981616264833756,0.2735619330396306,0.0903454059942352,0.44639410795021833,0.3296482315174535,0.6001928026761011,0.2957535210588723,0.25070324776107894,-0.28802598980073846,-0.14823248146684276,-0.413478835086231,0.15957313487511207,0.02260996982638119,0.14012705696355066,-0.20561826998158733,-0.4801191520538305,-0.04898151986349571,0.12715529291546568,-0.05239027117696394,-0.20954758852052865,0.033699979755719006,-0.30609160055141565,-0.3728900157134181,0.24380476801017997,-0.06474892271504729,-0.011500679629433257,-0.006777014064955221,-0.2551299972043612,-0.29273037509760635,-0.46622193516046,-0.4132937445171739,0.054422411383069996,-0.2882573530120598,-0.3770159929819826,0.24163766593080313,0.14952811545024244,-0.1928046041279053,-0.11286090250932683,0.17055903135935527,0.11060125514542142,0.053766882284326106,0.009217895944395708,-0.17173127163005023,0.18713234939700962,-0.03769099515101269,-0.018059826670394186,-0.022027705744555735,-0.03665371675358854,0.37907126950922077,-0.33546316022866396,0.7553218358670818,0.3492215591952416,0.2907830680689848,0.3860314461164721,0.4431511669381971,-0.1875488031773881,0.48414101587730035,0.39075896773447216,0.6214088091542711,0.26188965902846734,0.0344403420319474,-0.24601043062477707,0.002986513452806725,0.02950459352375811
