,#10,#11,#12,#13,#17,#18,#26,#49,#50,#51,#52,#53,#54,#58,#101,#102,#201,#202,#301,#302,#401,#402,#501,#502,#601,#602,#701,#702,#801,#802,#901,#902,#1001,#1002,#1101,#1102,#1201,#1202,#1301,#1302,#1401,#1402,#1501,#1502,#1601,#1602,#1701,#1702,#1801,#1802,#1901,#1902,#2001,#2002,#2101,#2102,#2201,#2202,#2301,#2302,#2401,#2402,#2501,#2502,#2601,#2602,#2701,#2702,#2801,#2802,#2901,#2902,#3001,#3002,#3101,#3102,#3201,#3202,#3301,#3302,#3401,#3402,#3455,#3501,#3502,#3601,#3602,#3701,#3702,#3801,#3802,#3901,#3902,#4001,#4002,#4101,#4102,#4201,#4202,#4301,#4302,#4401,#4402,#4501,#4502,#4601,#4602,#4701,#4702,#4801,#4802
#10,1.0,0.4425689028563716,0.3575005061070248,0.43096603780860476,0.060727058891577416,-0.05373988990967195,0.10505239412723048,0.30293734877040096,0.4201343834652425,0.5038493054283594,0.19087657736689384,0.04156632894064569,0.06301755468365901,-0.020304049820211504,0.03355730577540416,-0.10359480589590583,0.5340190681846664,0.33350042898595433,-0.17319657196841892,0.005381122689982937,-0.0013206983312928384,-0.01750455496322289,0.36036169782036576,0.16858858800960158,0.27195781477446906,0.22496023444805413,0.19443185871419896,0.35062516267725796,-0.11165395775693367,0.07329393731985,0.023323339727955424,0.014998120173908013,0.12057686560689462,-0.21871342774237706,-0.07770140649552215,0.08095205961458746,-0.2346929135376399,-0.2563639343314085,0.027557286495136554,0.008612495541438114,-0.19298198258991836,-0.12377739003017361,-0.3062651229599067,-0.023886323542170764,0.16245360685606317,0.16721968900928344,0.2587045588192764,0.3531701580017931,-0.11623109328757483,-0.01052895414188349,0.13316302430277732,0.1597775057117793,0.04969488976506994,-0.046432668485438575,-0.28558896397482,-0.029180685027908188,-0.2338330136022288,-0.13946767181128475,-0.34049531007490386,-0.33011867004714024,0.010764173406726885,-0.10712309486855677,-0.0030752026838132512,0.18671589561663116,0.14167333442588184,0.20040874167333442,0.0777939517800507,0.0007654266241215428,0.09953823759073777,0.16856545168846943,0.19483288828048934,0.0681229695468173,0.08481196919013236,0.1738019723713765,-0.22276999604754513,-0.2511004212738473,-0.4705638514262578,-0.38915870552283266,-0.062466139030009735,0.034833659491193734,0.09727087811978831,-0.3960533292202096,,0.26554519776734503,0.3052702611512248,0.12663472568999257,0.07155485718141767,-0.26633183268583766,0.005712743292876905,-0.06197642023271283,0.010667772068676314,0.1414998120173908,0.1272941108422585,-0.08236337520364782,-0.160406042435869,0.09533513925173281,0.14844842046407605,0.5469908322327514,0.26620843897313295,0.11525165569298101,0.2828357417600956,0.4240598459506618,-0.005570069312562058,0.3815352877097934,0.6295952107815257,0.3585185042368388,0.3298988749963849,-0.11441489207870205,-0.12086221356752432,-0.15109367318018374,-0.20805915186102783
#11,0.4425689028563716,1.0,0.22099235537389258,0.32861480917355135,0.08859861374875884,0.18156420811120857,0.22224557276855003,0.3570763402196023,0.4704635940346852,0.3770121369284606,0.5043891529214426,-0.15719009379850193,0.28012493613411354,0.07025922319801799,0.15298699545949698,0.16436620940298652,0.07233763604638832,0.20775837968631006,0.19432003316206028,-0.06219621528346814,0.03592877869144824,0.14888029845854261,0.10263079251540011,0.04916275437903078,-0.026038001407459536,0.1532260707778624,-0.10821821406881127,-0.022891461733488862,0.08155360396402302,0.06280547173994774,0.16444333047342696,0.0035764896416762264,0.030796371453635778,0.13374528838460278,-0.03977326405290505,0.06285174438221203,-0.0011548880298458543,-0.00015617016764192686,-0.02339660474487386,0.05096353137381547,0.01106494558144467,-0.06427077207831644,-0.018661371019829755,0.12391235190344442,0.05982474236742406,-0.08576055835654998,0.016039254624854192,0.034679417350312824,0.03950334030636345,-0.16907830680689848,0.010216613806599635,-0.03718199608610567,0.015052104923216333,0.1826978878466833,-0.10465136456094011,0.07497517665545197,-0.23739986311009997,-0.26691409676766314,-0.1213480763112992,-0.21542421408809154,-0.22691525358371975,-0.2750850741808296,0.08983640692932818,0.1475499599934447,0.16681865944299307,0.1357195877878785,-0.029739812788601504,0.05235556669526573,0.06987747389933772,0.08278368503754832,-0.005149759478661564,-0.20446145392498047,-0.19849228307288905,-0.2382173464567688,-0.2271928894373054,-0.23259136436813743,-0.28484860169859155,-0.21810802733941947,0.13880057455197478,0.1750320534449018,-0.0006844495001590622,-0.16578138104556892,,0.1055266887104393,0.19656811236539964,0.018861885802974945,-0.12245476367211977,-0.06728234987901632,0.023539278725188705,-0.09481457202625973,0.04479770179210087,-0.11385190826448671,0.04966018528337173,-0.06107410370855947,-0.10297783733238218,-0.11080948203561065,0.23758495367915708,0.09976188869501508,0.1725179065485429,-0.2117609632421698,0.08354718363490886,-0.06649571496052366,0.1312889822910742,-0.01111893033075299,0.15786875921837795,-0.05491984228741095,0.23296154550625162,-0.2779231295730385,-0.21033036738549932,-0.0860651865847898,-0.1498250315714382
#12,0.3575005061070248,0.22099235537389258,1.0,0.5720204756442019,0.015171642582399043,0.09023358044209653,0.08294563928547329,-0.2329229849710314,-0.0605728167506965,0.15596772483202068,0.004312995864382598,-0.06232346504969489,0.08184666403169676,-0.43205344490181524,-0.048364551299972046,0.06787232606788582,0.5631168480618511,0.7363770449133834,-0.1632865144168201,-0.4339004945388642,-0.3291315203455024,-0.14073245736650825,0.37608282802965304,0.07773996703074239,0.09872075424406891,-0.02573722923274175,0.4112268998293696,0.4423375396450503,-0.024175527556322483,-0.08532868036208342,0.25121995893303,-0.19118120559513366,0.1588019241707075,0.020998139454175623,-0.11421437729555686,-0.17306161009514812,-0.07906259338879623,-0.26924315309496494,0.18223901747756258,-0.01551483134585908,-0.14972863023338764,-0.13923245254644134,-0.22526871872981596,-0.22031368995401657,-0.06290958518504237,-0.13693810070083773,0.3680043959010151,0.3259811246180097,0.19561952319898201,0.19995372735773573,0.2257275890989367,0.22518388555233146,0.4113772859167285,0.19673777872036863,0.19924421350968352,0.24179190807168405,-0.36275630705754197,-0.47554972863023337,-0.010764173406726885,0.07779780783357274,-0.14292269576701724,-0.11735706091600552,-0.06409724966982541,0.18479943701618579,0.4523555666952657,0.496036940992741,-0.11581849556071838,-0.07916670683389085,-0.11483905796612456,0.10468992509616033,0.4099158416318818,0.14060135154675946,-0.023859331167516606,0.3417215350949071,-0.24673536868691737,0.02208554654738608,-0.3585686329326251,-0.10828762303220768,0.1266038772618164,0.1422401742936192,-0.024699950835317595,-0.2886391023107401,,-0.0543221539914974,0.06501113435454484,-0.09448680747688779,-0.09298294660329885,-0.1045472511158455,-0.00156362970318028,-0.06949186854713543,0.0010739109058833737,0.07120010025739157,-0.08368214550817965,-0.12204216594526332,-0.12302931564690119,0.4011356077622357,0.46904456633858077,0.5910038271331206,0.5363327002978802,0.41307394946641857,0.44690310701512537,0.5261835674279159,0.2677045877396778,0.29598102821667166,0.28787945976690155,0.3825417176790414,0.4468606904263831,-0.2328381517935469,-0.001532781275004097,-0.26040122236896646,-0.19266964225463448
#13,0.43096603780860476,0.32861480917355135,0.5720204756442019,1.0,0.06282860806107989,0.3215736554423375,0.006044363895770873,0.03847377401598334,0.02704443137670751,0.5168056452623563,0.1887788842509134,0.0838248194884945,0.18865549053820868,-0.3780108547906645,-0.25587807158763365,-0.18247038068888397,0.4817541187471682,0.3625403680603087,-0.12305245196803331,-0.21773399014778325,-0.2560940105848669,0.045191019251347206,0.32490142963184326,-0.03755217722421987,0.3336469590197912,0.3175864961005659,0.2851416617662653,0.4403439599741644,0.1692479731618675,0.07099958547424638,0.24986262809327794,0.08888781776291055,0.23648983447890257,0.1276835722479828,0.18657322163631632,0.0518118631486605,0.0552321826226948,-0.10210251318288298,0.33579863688507994,0.32999527633443554,0.036295103776040415,0.038300251607492314,0.02333105183499947,-0.10897014450560574,0.02715240087532415,-0.04070642900523459,0.3646264930157231,0.4844340759449741,0.03911002284711712,-0.033426199955655385,0.06477591508970144,0.043918521589079655,0.1359586631062439,-0.135465088255425,-0.03749433642138953,0.07298545303808816,-0.571357234438414,-0.3142818582321923,-0.26078297166764675,-0.14290341549940713,-0.07724253612640143,-0.05299567157992153,-0.1522466331832686,-0.12050745664349821,0.35746580162532654,0.3023820770632296,-0.2090655818302758,-0.22821088756711944,-0.10275033017458282,-0.03206115700885928,0.2358227372195926,0.00021015491695024728,0.052139627698032445,0.21636894720098715,-0.1543905989415133,-0.16086491280498974,-0.2982021150453568,-0.20996404230090715,-0.1594767335370615,0.04961776869462948,0.16157828270656396,-0.050211600937021005,,0.002678029171044894,0.20202057204554,0.09719375704934785,0.009244888319049868,0.19631746888646814,0.12588665130672014,0.1811477543308301,0.17111044701300454,0.23476232250103632,0.17873386482604378,-0.09871304213702486,-0.10177474863351103,0.0804199242285483,0.2087069688527277,0.4074402552707432,0.41240685220710865,0.2517058216768049,0.27836271967454906,0.29366739610345793,0.1842634455766246,0.454086934726654,0.3789671560641262,0.45901497112779927,0.37510339043505925,-0.11999460152506916,-0.01713051777158667,-0.1803572633588154,-0.19779048133188087
#17,0.060727058891577416,0.08859861374875884,0.015171642582399043,0.06282860806107989,1.0,0.5202876615927429,0.012622791204341916,0.3393731984999952,0.13899337722807592,0.12331080755400885,0.2785015376013419,0.6450695535654035,0.46052654410843225,0.1813636933280634,-0.1750783260871661,-0.07608572006979457,0.06769494760587277,-0.15424406890767645,0.012688344114216306,0.2285270839559253,-0.10031716040218638,-0.1884588318085855,-0.006059788109858965,0.10602411961478025,-0.20396402302063954,-0.1562415046320843,-0.18647682029826573,-0.23199367607222388,0.35666759854626784,0.4094878196909373,-0.02032333008782162,0.3431289946304455,-0.18836243047053494,-0.04168972265335043,0.4705638514262578,0.426450599134316,0.1375704934784495,0.17913103833881214,0.07617826535432312,0.03834266819623457,0.24830863852390272,0.29718026086202076,0.44072185321932267,0.31425872191106013,0.27832030308580685,0.5069302921924557,-0.2020552765272382,-0.01613951201642679,-0.10856140283227131,-0.00363433044450657,-0.11513597408732033,0.01086443079829948,-0.1856439127375088,-0.10311279920565297,-0.3516971455563803,-0.3898566512103188,0.029111276064511776,0.2055103004829707,-0.3913373757627756,-0.2649706457925636,-0.11784677971330242,-0.12619127953495995,0.11666682733556341,0.07653687833187124,-0.3528346813453771,-0.08833640210926128,0.2715529291546567,0.1767132927805038,-0.0003605410043091398,0.12672727097452113,-0.3155312195733277,-0.18687784986455613,0.26812875362710037,0.23375974858531037,0.2668601120183548,0.2198316832637637,-0.06804970452989888,-0.1995951143801876,0.16543048017506484,0.12210771885513771,0.2881879440486634,0.3060491839626734,,0.3861972564179191,0.6251954537128975,-0.0823749433642139,-0.10659095948251762,0.30192320669410894,0.2076851146693916,0.6053444901815237,0.5652106851243095,0.16079935989511535,0.39986311009996817,-0.25988836725053743,-0.13996124666210366,-0.38339004945388644,-0.3460094666113966,-0.06804970452989888,-0.4052847213519324,0.04514860266260496,-0.1389740969604658,-0.07986850857489902,0.10709610249390261,-0.23247182670895472,-0.02464211003248725,-0.1522157847550924,-0.28799899742608426,-0.12285964929193217,0.025517434181986445,-0.30344634783530794,-0.3357369400287276
#18,-0.05373988990967195,0.18156420811120857,0.09023358044209653,0.3215736554423375,0.5202876615927429,1.0,0.19132002352192648,0.39749934929096814,0.07665641599105395,0.27251308648164035,0.41530660445566986,0.42611126642437797,0.6812971764048085,0.17975571900937984,-0.30272140977316764,-0.03794163862994419,-0.07259984768588588,-0.03172953640596531,0.1536309563976748,0.015518687399381103,-0.3059335023570127,-0.08301119219534767,-0.11365910558838557,-0.0722489468153818,-0.0450213528963782,-0.03188763460036825,-0.14562193323243328,-0.15726335881542036,0.4260148650863274,0.2658960986378491,0.04959848842701937,0.21438307963714537,-0.13088795272478382,0.111542132204795,0.3992075810012243,0.25304772830246886,0.23492427674896127,0.1538661756625182,0.2291980372687573,0.19588559089200158,0.334287063904447,0.2663472568999258,0.4386318722103863,0.21618000057840803,0.2926031253313796,0.23592685066468722,0.04235681991266039,0.1142028091349908,0.04676814514185457,-0.21560544860362663,-0.10801769928566608,-0.15665410235894076,-0.18590612437700635,-0.026755227362555794,-0.24531248493729094,-0.19413108653948116,-0.2622675522736256,-0.1205730095533726,-0.16605901689915456,-0.04740825002651037,-0.08306132089113397,-0.1364638061176289,0.0812296954681731,-0.09142124492687959,-0.03201488436659501,0.04521415557247935,0.05394811679986118,0.048314422604185746,-0.1185832859360088,-0.08468471942390561,-0.2719153981857268,-0.26762746666923737,0.00443638957708733,0.1943894421254567,0.1236578523709909,-0.07047130614172925,-0.014215341308937368,-0.01276160913113474,0.11207041153731213,0.2688652598498067,0.29908515130190005,0.14975176655451977,,0.2749308320399487,0.35159303211128573,-0.10575033981471663,-0.1403854125495262,0.33750686859533613,0.3314065919234959,0.5301205980739012,0.5415152362314789,0.1539317285723926,0.3971021757781998,-0.14448825349695854,0.007251308648164037,-0.3964967753752422,0.05126430354853325,-0.08312687380100836,0.020026413966625856,-0.022135675243172375,-0.00616004550143156,-0.27579458802888185,0.23029701252253382,-0.08342378992220412,-0.02069736727945784,0.014415856092082558,0.07686464288124319,-0.06801885610172269,-0.16093817782190817,-0.15824279641001418,-0.18012590014749405
#26,0.10505239412723048,0.22224557276855003,0.08294563928547329,0.006044363895770873,0.012622791204341916,0.19132002352192648,1.0,0.3356521068512431,0.2249023936452238,0.24672765657987333,-0.016270617836175567,-0.15489959800642034,0.20313111545988258,0.29696046581126545,0.18833158204235875,0.3620275129418796,-0.0297552370026896,0.19949871304213704,0.038701281173782694,0.0249197458860729,-0.09065774632951905,-0.17080967483828677,-0.020400451158262077,0.18148708704076813,-0.2338831422980151,-0.09177600185090569,0.1351990205624054,0.05772704925144361,0.036499474612707625,0.319460538112269,-0.25145132214435134,0.008616351594960138,0.032234679417350316,-0.1122323657852371,-0.03006757733797345,0.23205537292857625,-0.0645831124136003,-0.0026934533851329856,0.07744690696306865,-0.08587623996221068,-0.13365274310007422,0.2441132522919418,-0.06887489998361178,0.35254933338474737,0.3547202915176463,0.11631207041153731,0.42034646640895373,0.2425592627225666,0.3619581039784832,-0.015140794154222861,0.26742695188609217,0.1794973634234043,0.14415277684054253,0.2638870947528752,0.08187365640635091,0.18095109560120695,-0.07165511457299027,-0.11398301408423549,0.12203445383821927,0.030032872856275244,-0.4313207947326309,-0.547603944742753,0.30178053271379407,0.2624256504680285,0.03529252986031446,0.22538054428195464,0.07071423751361669,0.47569240261054824,-0.14974405444747574,0.07055228326569173,-0.0891500294024081,-0.11709099322298594,-0.15241244348471555,-0.13262317680969413,-0.0678684700143638,-0.10036728909797268,-0.3249168538459314,-0.32980247365833437,0.32245283564535876,0.37187201758360405,-0.30926127654651847,-0.20228663973855956,,-0.05431058583093133,0.010621499426412039,-0.49712820413947345,-0.5130691293995161,-0.3326790895857635,-0.09135183596348317,-0.18714006150405368,0.22057590159351412,-0.22437025825918464,0.07383764086645522,-0.3658989906779906,-0.28260052249525225,-0.25890121754889955,0.26297321006815577,0.19077246392179922,0.1990359866194943,0.17570686281125583,0.11562569288461724,-0.12435965411199908,0.12815015472414756,0.006896551724137931,-0.04136967021102253,0.1457607511592261,-0.050759160537148254,-0.38765870070276576,-0.35784755092400683,-0.3686445007856709,-0.4022114466948801
#49,0.30293734877040096,0.3570763402196023,-0.2329229849710314,0.03847377401598334,0.3393731984999952,0.39749934929096814,0.3356521068512431,1.0,0.6231363211321373,0.43603289213654284,0.4749134797990996,0.23940886699507388,0.46939932326260686,0.5310923235614511,-0.03843135742724109,0.017489130749134798,-0.08608446685239991,-0.058914713736226657,0.22331369959415037,0.1528751699073583,-0.18611049521367357,-0.021869607550152798,-0.1552157943952262,0.07401116327494625,-0.0038849739234380573,0.19614394647797712,-0.30732168162494095,-0.2443484715567852,0.22873145479259252,0.3744555734433594,-0.03313699594150367,0.42004183818071394,-0.03287092824848409,0.09890198875960399,0.2486402591267967,0.3467228365129708,0.13241109386598285,0.2401183808431261,0.11723366720330078,0.23832531595538545,0.1272439821464722,0.20004241658874225,0.22538054428195464,0.49336855195550117,0.458972554539057,0.37029874774661875,-0.06248156324409783,0.04176298767026886,-0.053099785025016145,-0.28180617546971554,0.019968573163795512,-0.09668861403796285,-0.26318914906538904,-0.0737836561171469,-0.2109704722701551,-0.08469628758447167,-0.19054110071047786,-0.0438761050003374,-0.21902962413118293,-0.149959993444709,-0.08406389480685991,-0.3423230794443427,0.15191115652685258,-0.002107333249785507,-0.04513703450203889,-0.12222725651432041,0.20540233098435406,0.2058303529252986,-0.009896561364271736,-0.058317025440313114,-0.3359567350794829,-0.23844485361456816,0.20525580095051718,0.042314403323918136,0.09069630686473928,-0.3038628016156864,-0.17781998014132436,-0.36364705542112924,-0.036665284914154606,0.1754986359210666,0.06220392739051218,0.0396961429824646,,0.37489130749134797,0.34199531489497076,-0.06011394638157578,-0.1909652665979004,0.0034376717148834027,0.07021295055575372,0.16804102840947432,0.42167294882052964,-0.19498327436784824,0.17563359779433738,-0.11109482999624035,-0.09485313256147995,-0.3601881754118747,-0.0747438134441306,0.06993531470216807,-0.08981712666171807,-0.18112847406322,-0.07253815082953351,-0.12417456354294197,0.2598806551434934,-0.03643777775635526,0.09246623543134778,-0.013540531942583364,-0.08332353253063153,-0.2002853479606297,-0.35020485284335745,-0.13852679475191115,-0.21574812258394147
#50,0.4201343834652425,0.4704635940346852,-0.0605728167506965,0.02704443137670751,0.13899337722807592,0.07665641599105395,0.2249023936452238,0.6231363211321373,1.0,0.21483038184570002,0.2924450271369767,-0.03260871660898653,0.2187211398494211,0.31882814533465725,-0.01051738598131742,0.0259647363905411,-0.14019646592694707,0.11956657958412463,0.26096420618318183,0.331248493729093,-0.1506656512392392,0.24529320466968083,0.0921153345608437,0.2271581849556072,0.10642900523459266,0.3385171546181061,-0.12602546923351296,-0.03766014672283651,0.04969488976506994,0.23065562550008195,0.005820712791493546,0.23408751313468232,-0.20059768829591354,0.012256466119749742,0.09364233175556477,0.26329711856400567,0.07372967136783859,0.172876519526091,0.10335573057754041,0.25911330049261083,0.03829639555397029,0.0631332362893197,0.06685432793807178,0.37454811872788796,0.34620612534101974,0.2959578918955395,-0.1605062998274416,-0.0572373304541467,-0.17899222041201931,-0.2515361553218359,-0.1427260370373941,-0.025849054784880414,-0.060148650863273985,0.07294303644934591,-0.09588655490538209,0.0736641184579642,-0.22285482922502964,0.008296299152632238,-0.25892820992355375,-0.070093412896571,-0.028829784157404104,-0.27688970722913636,0.0861500197622743,0.08391736477302304,0.07754716435464125,0.1166128425862551,0.44115758726731125,0.22054505316533793,0.0877001532781275,0.15692402610548234,-0.15124405926754264,-0.25720841005273154,0.17579940809578437,-0.15837004617624093,0.0688479076089576,-0.21397433796381093,-0.2125861586958827,-0.3247009148486981,-0.017778334763286514,0.11988277597293051,0.10747785179258289,-0.0963608494885909,,0.20668254075366566,0.35681027252658265,-0.055097220749424004,-0.1434047024572701,-0.11588019241707075,0.1291527286398735,-0.050504661004694744,0.1750127731772917,-0.32275746387359855,0.08425669748296107,-0.052216748768472904,-0.049116481736766505,-0.2095707248416608,0.07388005745519748,-0.01836059884511197,-0.03752518484956571,-0.19078788813588732,-0.015248763652839501,0.06258953274271446,0.11156526852592714,-0.16652559937531933,-0.11037374798762206,-0.1791233262317681,-0.1476656415991054,-0.1558211947981838,-0.38289647460306747,-0.1081873656406351,-0.18151407941542227
#51,0.5038493054283594,0.3770121369284606,0.15596772483202068,0.5168056452623563,0.12331080755400885,0.27251308648164035,0.24672765657987333,0.43603289213654284,0.21483038184570002,1.0,0.474134556987651,0.13042522630214107,0.35520615426142116,-0.13532241427511013,-0.1613816239769408,-0.280873010517386,0.36540155977364963,-0.00173715211167131,-0.12471441103602518,-0.06356125823026423,0.02858685278551666,0.135299277953978,0.164281376225502,-0.013046957091764434,0.1269432099717544,0.21366970973557112,0.09002149749838528,0.14313092265720648,0.10083387157413745,0.2600811699266386,0.24227777081545893,0.15768366864932085,0.30774584751236345,0.013131790269248936,0.08418728851956465,0.12322597437652434,-0.10927862878736756,-0.16054486036266183,0.07586978107256129,0.17577627177465224,0.12245861972564179,0.18140996597032766,0.16466312552418227,0.20789719761310288,0.3070324776107892,0.20101799812981405,0.26375213287960436,0.3547897004810427,0.012649783578996076,-0.0952156015925501,0.1412607366990254,-0.025540570503118584,-0.1200832907560757,-0.004694745163062864,-0.03167169560313497,0.07391476193689568,-0.2382289146173349,-0.16310913595480706,-0.1364291016359307,-0.2346427848418536,-0.07315511939305717,-0.1781284644230862,-0.10249583064212932,-0.23299624998794982,0.21035350370663145,0.04696094781795571,-0.38038232770670855,-0.19764395129804402,-0.3088563909267061,-0.4171189496110206,-0.2062545188127211,-0.18710150096883343,-0.0988557161173397,0.15243943585936973,-0.22779443378674097,-0.3236405001301418,-0.3715442530342321,-0.4102436061812538,-0.2578870754726076,0.03790307809472396,0.09017188358574417,0.11239046397964003,,0.08904591595731348,0.14180829629915262,0.18469146751756915,-0.004752585965893207,0.10334416241697435,0.222072050360059,0.21007201179952378,0.2711673238024544,0.2794424146607155,0.2582649687177658,0.021584259589523102,-0.11000356684950788,-0.1405859273326714,-0.09409734607116346,0.27635757184309717,0.12020668446878043,-0.0853055440409513,0.13444709012561093,0.05456122930986282,0.17347035176848255,0.2750426575920874,0.4283940501094155,0.14820548909218859,0.14582244801557845,-0.2139010729468925,-0.20394088669950738,-0.11083647441026481,-0.19042156305129515
#52,0.19087657736689384,0.5043891529214426,0.004312995864382598,0.1887788842509134,0.2785015376013419,0.41530660445566986,-0.016270617836175567,0.4749134797990996,0.2924450271369767,0.474134556987651,1.0,0.2176375888097327,0.3739889909671946,0.13674144197121457,-0.0530920729179721,-0.08691737441315686,-0.013478835086230996,-0.05346611010960832,-0.024765503745191982,-0.16417340672688538,0.001802705021545699,-0.00423587479394214,-0.02663183364985106,-0.14260264332468936,-0.05279515679677634,-0.06603298853788091,-0.3678308734925241,-0.2791763469676959,9.44733112895607e-05,0.08769244117108345,0.2141362922117359,0.23867236077236753,0.01161250518157192,0.267573481919929,0.03464856892213664,0.06985433757820558,0.07222581049424966,-0.06518080070951385,-0.0009736535143107786,-0.026624121542807015,0.1023762929829466,-0.003850269441739851,0.21604889475865924,0.22415431926195137,0.24837804748729914,0.12476068367828945,-0.2683755410525098,-0.16581994158078914,-0.06054582437604234,-0.27802338696461104,-0.1409291160961314,-0.2897457896715606,-0.2956031349715134,-0.1328044113252292,-0.26797836753974147,-0.19568893216237843,-0.017381161250518157,-0.2883576104036324,0.1108171941426547,-0.20644732148882228,0.1396142018451216,0.10077217471778509,0.0028746879006680613,-0.07882737412395284,0.006699892994514764,-0.10469378114968236,-0.0880549102021536,-0.19939845565056444,-0.11232105501624362,-0.13270029788013457,-0.2849527151436862,-0.1426103554317334,-0.1139174611743611,0.0028554076330579467,-0.19623263570898364,-0.24312224653678194,-0.06659211629857423,-0.05076301659067028,-0.1314894970742194,0.06594044325335235,0.20517867988007674,0.16966442694224595,,0.3208410052731532,0.3603077130710574,0.32338214454416625,0.20272237378654814,0.14319261951355886,0.22886641666586333,0.30857104296607635,0.3178101472048432,0.17955520422623467,0.27686271485448216,0.28036401145247897,0.23099495821001995,-0.1372195926079454,-0.06609082934071125,-0.030565008242314402,-0.09192638793826459,-0.3980931815333597,-0.17827499445692307,-0.18675060009832936,0.2861789401636895,-0.05508950864237996,0.054021381816779616,-0.18432514243297696,0.14081343449047073,0.04047892184743524,0.00573202356048702,0.1693019579111758,0.17700249679465552
#53,0.04156632894064569,-0.15719009379850193,-0.06232346504969489,0.0838248194884945,0.6450695535654035,0.42611126642437797,-0.15489959800642034,0.23940886699507388,-0.03260871660898653,0.13042522630214107,0.2176375888097327,1.0,0.5352144447764935,0.11257555454869714,-0.48801249361341137,-0.5350332102609584,0.12049974453645416,-0.24686647450666616,-0.29303114727232416,0.14716821069476443,-0.07203300781814852,-0.26570715201526995,-0.019016127943855862,-0.048619050832425556,-0.17994080957843694,-0.11097143628353562,-0.04222185803938959,-0.15440216710207938,0.12046118400123394,0.08723357080196273,0.08599192156787136,0.20894604417109308,-0.03353802550779405,-0.024237224412674847,0.3733565981895829,0.06866281703990051,0.040717997165800664,-0.06774507630165906,0.20700644924951558,0.15180704308175796,0.3132754282629443,-0.012202481370441422,0.48269113975301975,0.19141642485997706,0.11473880057455198,0.536995941503668,-0.16183278223901748,0.09892898113425815,-0.166132281916073,-0.013463410872142905,-0.07489034347796747,-0.036059884511197016,-0.12255116501017034,-0.27074315791503184,-0.35737325634079803,-0.43582852129987565,0.05567177272420541,0.2034858723839087,-0.3511765783309072,-0.32378317411045665,0.04032853576007635,0.0796294332565336,-0.008404268651248879,-0.044223149817319465,-0.31812248754012706,-0.2165463256630002,0.14193169001185738,0.01411122786384275,-0.2204525078808094,-0.08811660705850598,-0.5153094964958114,-0.1488455939768444,0.10949071173107883,0.3837293821638244,0.10167834729546046,0.022779636181350198,-0.034494326781255726,-0.22682656435271323,-0.12978512141748527,-0.25577781419606105,0.6082442424300849,0.4464480926995267,,0.5252773948502405,0.5072117840995634,0.09656136427173609,0.023581695313930957,0.5327889871111411,0.3796496775375242,0.7408847714806281,0.5532684873666046,0.3704645580480657,0.20539461887731,-0.056732187442761706,-0.08909990070662181,-0.1835385075144843,-0.5296193111160383,0.015761618771268544,-0.4239441643450011,-0.02417167150280046,-0.028440322751679792,-0.07160498587720397,0.046266858183991594,0.02597630455110717,0.059716772868807416,0.035562453606856066,-0.11079405782152256,-0.014199917094849277,0.07716541505596097,-0.18434056664706505,-0.17342793517974028
#54,0.06301755468365901,0.28012493613411354,0.08184666403169676,0.18865549053820868,0.46052654410843225,0.6812971764048085,0.20313111545988258,0.46939932326260686,0.2187211398494211,0.35520615426142116,0.3739889909671946,0.5352144447764935,1.0,0.225611907493276,-0.45638514262577967,-0.2878139068570272,-0.10295470101125004,0.026080417996201786,-0.0929559542286447,0.04780927959280075,-0.08951635448700028,-9.640133805057214e-06,-0.055390280817097744,-0.012356723511322337,-0.18344981828347778,-0.08077853720609642,-0.01905854453259811,-0.033545737614838096,0.312554346254326,0.22980343767171488,0.265880674423761,0.2514127616091311,0.07094945677846008,0.2561441392806532,0.3331533841689723,0.20767354650882555,0.1655076012455053,0.006584211388854077,0.17830198683157722,0.301607010305303,0.36487713649465453,0.11719896272160257,0.5695217529619311,0.34583594420290553,0.1620525772897728,0.2556389962692682,-0.017442858106870525,0.10424647894112771,0.14435329162368774,-0.027572710709224645,0.01588501248397328,0.01960610413272536,0.030966037808604782,-0.015773186931834614,-0.19819151089817127,-0.24980478729044758,-0.073799080331235,0.04002776358535857,-0.2294988094434751,-0.055397992924141784,-0.15611039881233552,-0.1434008464037481,0.12759488301697627,-0.031957043563764664,-0.04655991825166533,-0.17171970346948415,-0.03610615715346129,0.0024929386019877956,-0.4269403179316129,-0.31609034733402097,-0.5476502173850173,-0.46809983322568516,-0.14829417832319514,0.15638803466592116,0.06332218291189881,0.02975909305621162,-0.16457443629317575,-0.18115546643787417,0.018194788543664984,0.04437739195820038,0.3745134142461897,0.24211196051401193,,0.44380283998341896,0.2928229203821349,-0.08057031031590718,-0.22037538681036892,0.42244801557845624,0.29999132387957544,0.5486450791936992,0.6199820693511225,0.05887615320100643,0.28991159997300764,-0.24550143155987006,-0.23471604985877204,-0.2750272333779993,-0.168492186671551,-0.01066391601515429,-0.057356868113329414,-0.06523478545882216,0.25389220402379187,-0.1059469985443398,0.3209296945041597,-0.09207677402562348,0.032789951124521606,-0.0075559368764038445,0.17966702977837332,-0.22029440968640646,-0.2161568642572759,-0.32009678694340277,-0.31402350264621676
#58,-0.020304049820211504,0.07025922319801799,-0.43205344490181524,-0.3780108547906645,0.1813636933280634,0.17975571900937984,0.29696046581126545,0.5310923235614511,0.31882814533465725,-0.13532241427511013,0.13674144197121457,0.11257555454869714,0.225611907493276,1.0,0.021403025073988027,0.22420059190421562,-0.38622039273905123,-0.14858338233734683,0.2372880375579613,0.2651904408433189,-0.08396363741528733,-0.13578514069775288,-0.3343603289213654,-0.01827962172114949,-0.1347093017651085,-0.034922348722200264,-0.3014450560573781,-0.3129553758206164,0.13500621788630426,0.23734587836079166,-0.29635506540830786,0.28432417841959645,-0.07327080099871786,0.12390463979640037,0.2071452671763084,0.3400325836522611,0.22743967686271485,0.24794616949283257,-0.021271919254239248,0.07088004781506367,0.0618028978242218,0.08989424773215852,0.17509375030125418,0.4705831316938679,0.32283844099756104,0.2799861182073207,-0.08609989106648801,-0.06884405155543559,0.04391466553555763,-0.2742791589947268,-0.1135125755545487,-0.11235190344441981,-0.2712213085517627,-0.07517183538507514,-0.32284615310460507,-0.19743186835433277,0.13879671849845276,0.2263368455554163,-0.021001995507697647,0.10041356174023695,-0.17918502308812045,-0.2801673527228558,0.2727020331042195,0.10860381942101356,-0.18760278792669643,-0.1693173821252639,0.5373545544812162,0.42881050388979397,0.1287748353947153,0.26607733315338417,-0.3021275775307761,-0.23566849507871168,0.1320833293166109,-0.1742878351151514,0.132434230187115,-0.054888993859234764,-0.054441691650680114,-0.12314114119903984,0.23940501094155187,0.23581888116607058,-0.0755034559879691,-0.009109926445779067,,0.3589773746059595,0.2086954006921616,-0.284409011597081,-0.279022104826815,-0.17198962721602576,-0.24023020639526477,0.08271427607415191,0.3264168586659983,-0.28152468356260785,0.21859774613671637,-0.25386521164913767,-0.1457607511592261,-0.22334454802232656,-0.03603289213654286,-0.13182111767711335,-0.13078769533321122,-0.21373911869896753,-0.21263243133814697,-0.18753337896330002,0.11008454397347035,-0.24174563542941976,-0.1604368908640452,-0.10305495840282262,-0.1760037789324516,-0.16865028486595393,-0.2474294583208815,-0.1345936201594478,-0.15664253419837468
#101,0.03355730577540416,0.15298699545949698,-0.048364551299972046,-0.25587807158763365,-0.1750783260871661,-0.30272140977316764,0.18833158204235875,-0.03843135742724109,-0.01051738598131742,-0.1613816239769408,-0.0530920729179721,-0.48801249361341137,-0.45638514262577967,0.021403025073988027,1.0,0.7053203898470111,0.14102166138065997,0.12005629838142154,0.30425997512845476,-0.07076051015588096,0.3216237841381238,0.033545737614838096,0.14683273403834846,0.28524963126488195,0.08225540570503119,-0.06012165848861982,-0.09298680265682088,-0.1959048711596117,-0.07684536261363308,0.11471566425341984,-0.16937907898161628,-0.09825417176790414,-0.21260929501701484,-0.11862184647122902,-0.25159785217818825,0.07878881358873262,0.1251038724417495,0.17856805452459681,-0.1725680352443292,-0.33991304599307837,-0.4907387234534815,0.044319551155370035,-0.3817936432957689,0.0012628575284624952,0.015129225993656792,-0.21756046773929222,-0.028313072985453037,-0.20309255492466236,-0.031675551656656996,-0.034579159958740224,0.10403053994389443,0.0010507745847512363,-0.036256543240820185,0.26463902518966964,0.2205064926301177,0.26215187066796486,0.17320428407546296,-0.06834276459757262,0.08135694523439985,0.04474757309631458,-0.2381479374933724,-0.285592820028342,0.27933830121562087,0.41774748633511033,-0.2344731184868846,0.05850211600937021,0.04667559985732602,0.24017622164595645,0.45336970877155774,0.3245312484937291,0.29382549429786087,0.10967580230013593,-0.009171623302131433,-0.25235749472202673,0.1747775539124483,0.012819449933965084,-0.19704626300213046,-0.08797778913171315,0.5315434818235277,0.40270116549217705,-0.5520846789353436,-0.5113570416357379,,-0.27691284355026846,-0.10301254181408039,-0.23084071606913903,-0.22019029624131184,-0.5592453703257402,-0.35168557739581424,-0.5421052124203484,-0.35212516749732486,-0.31612890786924125,-0.26380226157539066,-0.1638919148197777,-0.12506531190652925,-0.04902393645223796,0.37487202722373786,-0.08098676409628566,0.05088255424985299,0.013810455689124965,-0.18406678684700142,-0.08534410457617152,-0.10339429111276065,-0.15877878784957536,-0.04475528520335862,-0.08773100170630369,-0.13248821493642332,-0.18689713013216624,-0.18106677720686762,-0.09518475316437393,-0.09702023464085681
#102,-0.10359480589590583,0.16436620940298652,0.06787232606788582,-0.18247038068888397,-0.07608572006979457,-0.03794163862994419,0.3620275129418796,0.017489130749134798,0.0259647363905411,-0.280873010517386,-0.08691737441315686,-0.5350332102609584,-0.2878139068570272,0.22420059190421562,0.7053203898470111,1.0,-0.1254933338474738,0.2750156652174332,0.4162436254615214,-0.10302025392112442,-0.09752923370576383,0.00575901593514118,-0.03310614751332749,0.27207349638012973,0.05641599105395583,-0.0731589754465792,-0.07154328902085161,-0.10489429593282755,0.15196514127616093,0.21537022933878322,-0.2905131443224432,-0.13474015019328467,-0.26546807669690453,-0.06561267870398041,-0.05920391775037837,0.1720667482864662,0.16501017034116433,0.20003856053522023,-0.11252928190643287,-0.27613777679234186,-0.22242295123056308,0.19203339342350073,-0.2462340817290544,0.038319531875102425,0.027588134923312736,-0.28534988865645455,0.055879999614394646,-0.12013727550538401,0.14392141362922117,-0.02569866869752152,-0.033368359152825045,-0.1390743543520384,-0.0009852216748768472,0.2942766525599375,0.2273779800063625,0.3512151388661275,0.014462128734346833,-0.16922869289425738,0.1715731734356473,0.18066189158705523,-0.29343603289213654,-0.4239403082914791,0.15545486971359163,0.31244252070218737,-0.0546422064338253,0.2025796998062333,0.15661939787724255,0.3560082133940019,0.29972911224007787,0.3533976651595924,0.2946429776445297,-0.0074286871101770895,-0.05240183933753,-0.2718537013293745,0.18767219689009285,0.19021333616110592,-0.010482681499619215,0.10455881927641156,0.5920333934235007,0.6900157134181022,-0.5098840291903252,-0.4019608032159486,,-0.1925346803813637,-0.13305119875063867,-0.44820259705204707,-0.3576894527296039,-0.4512411672274011,-0.33576393240338176,-0.38419596463998923,-0.09141738887335757,-0.40305592241620314,-0.05074759237658219,-0.233192908717573,-0.07133120607714034,0.021364464538767797,0.5808084216208921,-0.06118207320717611,0.17191250614558531,-0.0188040450001446,-0.2890517000375965,-0.04249563783945321,0.03233879286244493,-0.2293522794096382,-0.2306324891789498,-0.17992924141787087,-0.09409734607116346,-0.257798386241601,-0.29084862097885916,-0.10785960109126315,-0.13518745240183933
#201,0.5340190681846664,0.07233763604638832,0.5631168480618511,0.4817541187471682,0.06769494760587277,-0.07259984768588588,-0.0297552370026896,-0.08608446685239991,-0.14019646592694707,0.36540155977364963,-0.013478835086230996,0.12049974453645416,-0.10295470101125004,-0.38622039273905123,0.14102166138065997,-0.1254933338474738,1.0,0.4278889070980305,-0.17995237773900302,-0.21350004338060213,0.06729006198606037,-0.15197285338320496,0.33533205440891517,0.011311733006854134,0.176747997262202,-0.060059961632267456,0.3742936191954344,0.3277510531846182,-0.11544831442260418,0.0003335486296549796,0.1923688700799167,-0.0416511621181302,0.26405290505432216,-0.1792582881050389,-0.12215399149740198,-0.05116790221048268,-0.12647662749558963,-0.18894855060588242,0.02254056086298478,-0.13069515004868268,-0.2495194393298179,-0.09029142124492688,-0.2376235142143773,-0.1247529715712454,-0.04409204399757068,0.036225694812643996,0.28710439300897495,0.36198124029961537,0.08059344663703932,0.15498443118390484,0.36346196485207216,0.39645821484002197,0.3007008377276277,0.13916304358304493,0.12216941571149008,0.12433266173734492,-0.17519400769282678,-0.16265797769273038,-0.19909768347584664,-0.23360550644442946,-0.18907194431858715,-0.0811949909864749,0.0159389972332816,0.12333394387514099,0.23282658363298084,0.2329229849710314,-0.21384323214406217,-0.1485409657486046,0.12068869115903329,0.09820018701859581,0.42794674790086085,0.3385865635815025,0.05596097673835713,0.4275765667627467,-0.1811631785449182,-0.10219891452093355,-0.547607800796275,-0.3902114081343449,0.02668581839915938,0.002820703151359741,0.021696085141661766,-0.27083184714603836,,0.07444689732293484,0.09049964813511611,0.058170495406476244,-0.0235045742434905,-0.14240598459506618,-0.06557411816876019,-0.02421408809154271,-0.02390560380978088,0.21828540580143252,-0.09286340894411614,-0.19146269750224132,-0.2753781342485034,0.21749491482941782,0.1424291209161983,0.6460721274811294,0.29402986513452806,0.3522832656917278,0.3358294853132561,0.4995613739118699,0.06668080552958075,0.5691438597167728,0.5251732814051459,0.5538893119836503,0.2711788919630205,-0.2473600493574851,0.04894295932827548,-0.31966490894893623,-0.28233059874871064
