,#10,#11,#12,#13,#17,#18,#26,#49,#50,#51,#52,#53,#54,#58,#101,#102,#201,#202,#301,#302,#401,#402,#501,#502,#601,#602,#701,#702,#801,#802,#901,#902,#1001,#1002,#1101,#1102,#1201,#1202,#1301,#1302,#1401,#1402,#1501,#1502,#1601,#1602,#1701,#1702,#1801,#1802,#1901,#1902,#2001,#2002,#2101,#2102,#2201,#2202,#2301,#2302,#2401,#2402,#2501,#2502,#2601,#2602,#2701,#2702,#2801,#2802,#2901,#2902,#3001,#3002,#3101,#3102,#3201,#3202,#3301,#3302,#3401,#3402,#3455,#3501,#3502,#3601,#3602,#3701,#3702,#3801,#3802,#3901,#3902,#4001,#4002,#4101,#4102,#4201,#4202,#4301,#4302,#4401,#4402,#4501,#4502,#4601,#4602,#4701,#4702,#4801,#4802
#10,1.0,0.36006478169917,0.4470997657447485,0.5281154502424493,-0.14300367289097973,0.09987371424715374,0.053188474256022675,0.271776580258934,-0.11781593128512624,0.29145016532829476,0.33882949495338993,-0.08141864209075222,0.003769292317777371,-0.2738974096960466,-0.24311453442973788,-0.04349435570165714,0.2552996635593302,0.0764443330473427,-0.22599365679195627,-0.17825957024283498,0.07899704047892185,0.004027647903752904,-0.035843945513963735,0.12736737585917693,0.21082394223631823,0.26406447321488824,0.2502289531778701,0.29702987477466186,-0.339685538835279,-0.2610259030395342,-0.008327147580808422,-0.41809067509857034,0.28722393066815766,-0.11469638398580972,-0.36137198384313574,-0.35400306556255,-0.16755516566569945,-0.3037509760635478,0.11940076928267765,0.11093287574831538,-0.23700268959733162,-0.36627302786962684,-0.10053309939941966,-0.2825966664417302,0.019054688479076088,0.07347517183538507,0.1543211899781169,0.22449365197188936,-0.002812991044315695,0.13478256678202694,0.12420155591759614,0.1690320341646342,0.3147253043872249,0.3697627563070575,-0.009804016079743186,-0.09682743196475567,-0.14703324882149366,-0.13558076986108566,-0.04441209643989859,0.15864382597630455,-0.20581878476473253,-0.04019357388680555,-0.3897371135511361,-0.3576586043014277,0.10020919090356974,0.19151282619802762,-0.31255820230784803,-0.2646737296713678,-0.27380872046504007,-0.304298535663675,-0.03354188156131607,0.07816798897168693,-0.21173782692103765,0.062331177156738936,-0.3783617556611686,-0.31375743495319713,-0.29008126632797665,-0.18067731580114332,-0.1381951741490172,-0.26628941609709544,-0.10161279438558607,-0.09994312321055017,,0.10407295653263668,-0.16588163843714152,-0.01448526505547897,0.0036458986050726385,-0.21709388526312745,-0.15686232924913,-0.15707826824636326,-0.25883180858550314,-0.15027233377999286,0.04206375984498665,-0.01339014585522447,0.03141334001715944,0.075148699063943,-0.06738260727058891,0.2846210945407922,0.19583160614269327,-0.13618617026404325,0.19628276440476994,0.10804854771384227,-0.11918483028544437,0.40960735735012,0.3327600667097259,0.22041780339911118,0.22011703122439338,-0.08073226456383215,-0.3128396942149557,-0.030476319011307876,-0.13511033133139888
#11,0.36006478169917,1.0,0.2315270935960591,0.40209576508921946,-0.01630146626435175,-0.18776474217462139,0.013544387996105385,0.2138470881975842,0.10820278985472319,0.29813656213548245,0.3523950912438665,-0.1196475567080871,-0.08285309400094473,0.054715471450743736,-0.16086105675146772,0.07289290775355962,-0.017928720850645407,0.0013052741172047467,-0.035392787251887055,0.20678665419876027,-0.061116520297301725,0.058907001629182616,-0.15044585618848388,-0.0312051131269702,-0.03412800169666355,0.19319792158715163,0.08177725506830034,0.21085479066449442,-0.27439484060038755,-0.016513549208063007,0.007193467845333693,-0.03375396450502733,0.3097625635043814,-0.042804122121215045,-0.18447552852033586,-0.02271793932499783,-0.21808874707180936,-0.1791580307134663,-0.1647556708087108,-0.12198432514243297,-0.16347546103939922,-0.04077198191510898,-0.17634696769591163,-0.013023820770632296,-0.06779906105096739,0.1869279785603424,-0.012052095283082528,0.1616515477234824,0.11534805703103158,0.2069910250354275,0.14501267677595364,0.2525348731840398,0.1869241225068204,0.13650622270637117,-0.1454406987168982,-0.10998043052837574,-0.3757049347844948,-0.19383802647180742,-0.0020957650892194386,0.0642283554895742,-0.16047545139926542,-0.05304965632922985,-0.15730963145768465,-0.15163737672678898,0.1982300714333915,0.16091889755429806,-0.18214647219303404,0.09611791811670346,-0.0313554992143291,-0.036939064714218234,-0.04239538044788062,0.10199068763074431,-0.28032930697078073,-0.06499571014045676,-0.3704144293522794,-0.26278811949909864,-0.27073930186150985,-0.3057445557344336,-0.11890333837833669,-0.11069380042994997,0.19956812200553345,-0.17938168181774364,,0.08141092998370818,-0.12107044045771355,0.027672968100797238,-0.03711258712270926,-0.10650998235855513,-0.16201401675455254,-0.24457597871458456,-0.08092506723993328,-0.2780927959280075,0.0651383841207716,-0.04239538044788062,0.13900880144216402,0.0103284393587383,0.03799176732573048,0.034455766246035496,0.17045106186073863,-0.011473687254779097,0.048958383542363565,-0.043409522524172635,-0.00903280537533861,0.2382636190990331,0.1005215312388536,0.13011288596685722,0.12355373892589629,-0.09673874273374915,-0.2130218927438713,0.08938139261372947,0.08546749828887625
#12,0.4470997657447485,0.2315270935960591,1.0,0.4989444053483462,-0.1772030115778007,-0.020196080321594864,0.04217172934360329,-0.11781593128512624,-0.05055093364695902,0.262336961237022,0.17673642910163592,-0.21860545824376043,-0.2161915687389741,-0.18221202510290843,0.01940558934958017,0.24840118380843126,0.5165434336228587,0.6009755815410718,-0.11712569770468415,-0.034178130392449844,-0.08222841333037703,-0.22882014402359904,0.09321045376109821,-0.07050601062342746,0.30435252041298333,0.15220807264804836,0.26258760471595344,0.45888000925452843,-0.13116944463189148,-0.36796583536579486,0.16223766785882987,-0.31247722518388554,0.13779028852920477,-0.09354593041751419,-0.39510859610731397,-0.2608061079887789,-0.27979331553121956,-0.2107159727377016,-0.11056655066372321,-0.16785979389393924,-0.2418728851956465,-0.3886921230466679,-0.1461000838691641,-0.4043129958643826,-0.1044971224200592,-0.018537977307125024,0.01576933087831259,0.3008936404037288,0.12824270000867613,0.3213615724986263,0.3741393770545535,0.39520885349888657,0.39889524066594045,0.3769812885002844,0.043833688411595156,-0.1679716194460779,-0.11648944887355037,-0.198820047622261,-0.10914366691409677,0.11849074065148024,-0.29438462205855415,-0.015568816095167401,-0.33813926137294786,-0.20533292202095765,0.4052538729237562,0.38597746136716377,-0.29478565162484455,-0.2920208612495541,-2.5064347893148757e-05,0.07167825089412241,0.42056240540618706,0.2565952975427299,-0.18569789748681712,0.18827759729305044,-0.3393539182323851,-0.04257275890989367,-0.17935854549661148,-0.207075858212912,0.05532472790722335,-0.2077198191510898,-0.230162050649263,-0.33671252156979936,,0.10077217471778509,-0.09630686473928259,-0.27272516942535163,-0.10061407652338214,-0.20742675908341607,-0.2778652887702081,-0.11397530197719144,-0.15047670461666007,0.15537389258962914,0.12819257131288983,0.012476261170505046,0.13182882978415741,0.42677836368368793,0.12327995912583267,0.3992615657505326,0.4334377681162215,0.22455920488176376,0.3125312099331939,0.5415422286061331,0.096715606412617,0.3725738193246122,0.4504969488976507,0.19105781188242893,0.32490914173888735,-0.1610461473205248,-0.18231228249448103,-0.09282870446241794,-0.1257632575940154
#13,0.5281154502424493,0.40209576508921946,0.4989444053483462,1.0,-0.12803061706496485,-0.03475268236723126,-0.22688054910202154,0.02771538468953949,0.005766728042185225,0.4082384583498019,0.27346553170158,0.0027744305090954663,-0.15159881619156873,-0.2450387051372273,-0.023523854511100614,0.17471585705609594,0.21706303683495126,-0.00708164229319503,0.012256466119749742,0.13491367260177572,0.0921500390425419,0.04661390300097366,0.03309072329923939,0.12856660850452603,0.1441103602518003,0.22066459082452064,0.17493565210685125,0.39641965430480175,-0.27241282909006775,0.07155485718141767,-0.008920979823199946,-0.20426865124887933,0.31736284499628853,-0.029458320881493836,-0.2964476106928364,-0.12360386762168259,-0.0630329788977471,-0.1010459545178487,0.17468500862791975,0.08507032477610789,0.008859282966847579,-0.2250874842142809,-0.003588057802242295,-0.09889427665255994,-0.3112741364850144,-0.05116790221048268,0.23611579728726634,0.2979591836734694,-0.00035282889726509406,0.11417581676033664,0.09672331851966105,0.11089045915957313,0.25679581232587506,0.3005581637473128,0.13761676612071375,-0.02773852101067163,-0.28969951702929636,-0.12238921076224538,-0.0912207301437344,0.22004762226099697,-0.1265036198702438,-0.0002294351845603617,-0.13744709976574476,-0.09906008695400692,0.25625210877926985,0.3544272314499725,-0.230667193660648,-0.15356154743427838,-0.045113898180906754,-0.00908679012464693,0.023847763006950535,0.20534834623504575,-0.37228461531046053,-0.2493844774565471,-0.3781111121822371,-0.3111044701300454,-0.21928026761011443,-0.17375955578263427,-0.13490596049473166,-0.0782643903097375,0.23675975822544418,-0.21375839896657767,,0.21158358478015674,-0.07885822255212903,0.13469773360454243,0.03940693896831288,0.019652376774989638,-0.06892502867939806,-0.05758051921760674,-0.09133641174939508,-0.06355354612322019,0.051414689635892144,-0.09840841390878505,0.04418844533562126,-0.08183895192465271,0.09981587344432341,0.15829292510580048,0.30096690542064725,-0.16718884058110728,-0.008847714806281512,0.1713765147060241,0.04939411759035216,0.31447851696181545,0.4209133062766911,0.1174727425216662,0.1286244493073564,-0.15248956455515603,-0.28127404008367635,-0.11908071684034974,-0.11272594063605602
#17,-0.14300367289097973,-0.01630146626435175,-0.1772030115778007,-0.12803061706496485,1.0,0.5935681027252658,0.07871554857181418,0.2490490008001311,0.29048615194778904,-0.23878033027098416,0.06632990465907666,0.41146597514773503,0.3817165222253285,0.19203339342350073,0.02255598507707287,-0.1710024775143879,-0.13514117975957507,0.11371309033769389,-0.1441257844658884,-0.006611203763508237,-0.263181436958345,0.08011915205383051,0.005489092188599578,0.0710689944376428,-0.1568314808209538,-0.13172857239258481,-0.36966249891548497,-0.30129081391649715,0.27938842991140717,0.18533928450926898,0.359389972332816,0.25075337645686524,-0.010513529927795398,0.2091311347401502,0.06541601997435724,0.034405637550249196,0.06834662065109463,0.21763373275621065,-0.0053387061012406855,0.06893274078644211,0.031000742290302988,0.027923611579728728,0.28444371607877916,0.2865221289271495,-0.08904591595731348,0.22088438587527595,-0.17122998467218725,-0.13767846297706612,-0.322329441932654,-0.19691901323590372,-0.3356790992258973,-0.2472752161800006,-0.26103747120010024,-0.36142211253892204,-0.32959424676814514,-0.13264631313082625,0.014801461444284847,0.12941108422584904,-0.16693819710217578,-0.16868498934765214,0.2194807823932596,0.13525300531171372,0.3224065630030945,0.18966192050745664,-0.3258962914405252,-0.16986879777891317,0.47667569625866407,0.2703267041346534,0.10315521579439522,0.11953187510242642,0.015163930475354997,0.03737479876220682,-0.010459545178487078,-0.1659471913470159,-0.03364985105993271,-0.0666885176366248,0.10760510155880963,0.08817830391485834,0.16239576605323283,0.39084380091195664,0.286765060299037,0.27966992181851485,,0.054009813656213546,0.5961825070131973,0.01731560834064377,0.12637251405049502,0.04259203917750378,-0.15135202876615927,0.3822370894508016,0.11535962519159766,-0.04978743504959849,-0.02611126642437797,-0.07781323204766082,-0.10030944829514234,-0.08016928074961681,-0.10704597379811631,0.03636836879295885,-0.19541129630879275,0.04450078567090511,-0.17323127645011713,0.0431511669381971,0.29695660975774346,-0.1293031147272324,-0.08554076330579469,-0.015364445258500187,0.00828473099206617,0.3232510387244175,0.031074007307221423,-0.0017101597370171497,-0.07029392767971619
#18,0.09987371424715374,-0.18776474217462139,-0.020196080321594864,-0.03475268236723126,0.5935681027252658,1.0,0.019625384400335476,0.29676766313516434,0.06865510493285647,-0.05478102436061812,0.01849556071838277,0.3392266684661583,0.5495165472896764,0.015160074421832976,-0.1456951982493517,-0.15661939787724255,0.06227719240743061,0.06789931844253998,-0.2963280730336537,0.03401617614452489,-0.23360165039090744,0.09346880934707373,0.06944173985134913,0.18953852679475192,-0.009723038955780706,0.09457549670789431,-0.23642042551550616,-0.058482835741760095,0.25145132214435134,0.3078075443687158,0.351477350505625,0.1706168721621856,-0.04041336893756085,0.15385460750195212,0.0014556602045636394,0.003857981548783897,-0.0394609237176212,0.09897910983004445,0.04558048065707152,0.2536184242237282,0.004879835732119962,0.02620381170890652,0.39355075048441673,0.2596300116645619,0.19952184936326917,0.43087734857759824,-0.14003836773254413,-0.06472578639391514,-0.20074807438327244,-0.03970771114303066,-0.12657688488716223,-0.09156391890719444,-0.019124097442472503,-0.0945060877444979,-0.26926243336257505,-0.08180810349647653,0.11238660792611802,0.2409782807785372,0.006553362960677894,0.1513905893013795,0.16884308754205507,-0.00952638022615754,0.0959906683504767,0.060048393471701385,-0.18555136745298026,-0.026346485689221367,0.3234052808652984,0.04322828800863756,-0.28652598498067156,-0.12840465425660108,-0.16841892165463257,-0.06221935160460027,-0.16511042773273693,-0.17910018991063595,-0.14695612775105318,-0.26666345328873164,-0.18545111006140766,-0.13376071259869088,0.10686859533610327,0.3311482363375204,0.10137757512074268,0.3154849469310634,,0.008080360155398958,0.40024485939864846,0.05179643893457241,-0.0019183866272063856,-0.03707402658748903,-0.0715085845391534,0.18132127673932114,0.27033827229521945,0.020921018383735165,0.19375319329432292,-0.10890073554220933,-0.11994061677576084,-0.062678221973721,0.011465975147735051,0.022598401665815122,0.00021401097047227016,0.03938380264718074,-0.06771422787348289,0.07874254094646833,0.2285232279024033,-0.09850867130035765,-0.02949302536319204,0.02859456489256071,0.035431347787107284,0.17495493237446136,-0.14547154714507438,0.010953120029306007,-0.13161674684044614
#26,0.053188474256022675,0.013544387996105385,0.04217172934360329,-0.22688054910202154,0.07871554857181418,0.019625384400335476,1.0,0.19616322674558723,0.35995681220055337,0.047978945947769754,0.20676737393115016,0.40196465926947067,0.3287960436890864,0.1885937936818563,-0.32929347459342734,-0.4001176096324217,-0.06056510464365245,-0.018260341453539376,-0.165627138904688,-0.08047776503137864,0.16538806358632258,0.019000703729767768,-0.3126893081275968,-0.3494876268882612,-0.1723173917653977,-0.1725179065485429,-0.06755612967907995,-0.23716464384525657,-0.02070122333297986,-0.18772232558587912,0.04549179142606499,-0.09452922406563002,-0.08156902817811111,-0.24201170312243933,-0.1360550644442945,-0.10275804228162687,-0.09738270367192696,-0.09629529657871651,-0.26991410640779695,-0.3177600185090569,-0.04929386019877956,0.046347835307954076,0.3014142076292019,0.090985510878891,0.15998573260196852,0.050986667694947606,0.15408211465975147,-0.11280306170649648,-0.024688382674751527,-0.08545207407478816,-0.05078615291180241,-0.07950218349030684,-0.13219515486874958,-0.22374557758861693,-0.11475422478864007,-0.14504352520412983,-0.11689433449336277,-0.21199232645349117,-0.10027474381344413,-0.34457501470120405,0.20847174958788428,0.09315261295826786,-0.0680535605834209,-0.047963521733681666,-0.08965131636027109,-0.16825311135318557,0.2953833399207581,0.44159717736882187,-0.030322076870426963,-0.209269952666943,-0.016054678838942283,-0.037945494683466204,0.13758591769253758,-0.025879903213056596,0.0191742261382588,-0.1309997782769225,0.0925202201806561,-0.06938004299499677,-0.12115527363519805,-0.15390473619773842,0.1553661804825851,0.18302565239605526,,0.14395611811091938,0.16494847348481198,0.2618935150819893,0.19039457067664098,0.11414496833216045,-0.12366170842451293,0.12438664648665324,0.13099206616987843,-0.062427578494789505,-0.05105222060482199,0.1433352934938737,-0.11663983496090925,0.027904331312118613,-0.2846210945407922,0.2813164566724186,0.009453115209239105,0.08201247433314375,-0.10640586891346052,0.011982686319686117,-0.14400624680670568,0.2093817782190817,-3.6632508459217415e-05,0.04115373121378925,-0.07713071057426277,0.1285781766650921,0.1661515621836831,0.2916776724860941,0.1398609892705311
#49,0.271776580258934,0.2138470881975842,-0.11781593128512624,0.02771538468953949,0.2490490008001311,0.29676766313516434,0.19616322674558723,1.0,0.5452671763084072,0.23357465801625327,0.3604542431048943,0.29662498915484947,0.43249303500332587,-0.010964688189872075,-0.2508613459554819,-0.3033345222831693,-0.07493661612023175,-0.07355229290582553,0.08017313680313883,-0.021923592299461118,-0.2113599336758794,0.18514262577964583,0.12375425370904149,0.29377922165559656,0.26816345810879855,0.2622097114707952,-0.0399660667290062,-0.21842807978174736,0.07328236915928393,0.19102310740073072,0.039337530004916466,-0.0770690137179104,0.14479673777872037,0.0531923303095447,-0.14870291999652954,-0.15704356376466505,0.0457617151726066,-0.02572180501865366,0.09108191221694158,0.22745895713032496,0.010320727251694254,-0.10266549699709832,0.09163332787059085,0.0523671348558318,0.172872663472569,0.1753135453520095,0.0036420425515506154,-0.31610191549458705,-0.24956571197208216,-0.2375078326087166,-0.2117262587604716,-0.15342658556100758,-0.021399169020466003,0.13996124666210366,-0.0922001677383282,0.07748161144476685,-0.2246517501662923,-0.07810629211533456,-0.12785709465647382,0.014747476694976527,0.08142635419779627,0.1141025517434182,0.031208969180492225,0.07583122053734105,-0.07262298400701801,-0.09794954353966433,0.26736911108326183,0.19709253564439475,-0.012838730201575197,-0.035539317285723925,0.012730760702958557,-0.03439792544320515,0.09999325190633646,-0.1084418651730886,-0.179778855330512,-0.22596666441730212,-0.20295373699786953,0.01118448324062738,0.16942535162388053,0.3335351334676525,0.18575188223612543,0.220221144669488,,-0.19421591971696567,0.20850259801606047,0.27742955472221953,0.15106282475200755,0.1598276344075656,-0.022613825879903213,0.13072985453038088,0.21485351816683215,-0.32506338387976824,0.061143512671955884,-0.1952647662749559,-0.3227111912313343,-0.15212709552408588,0.15051912120540234,0.07568854655702621,-0.09484927650795794,0.014238477630069505,-0.014947991478121717,-0.2211658777823836,0.06250855561875199,-0.015021256495040151,-0.15769909286340894,0.16965285878167988,0.07854588221684516,0.21134836551531336,0.10870022075906413,-0.05571033325942564,-0.09506521550519122
#50,-0.11781593128512624,0.10820278985472319,-0.05055093364695902,0.005766728042185225,0.29048615194778904,0.06865510493285647,0.35995681220055337,0.5452671763084072,1.0,0.24122121215042464,0.4078142924623794,0.370013399785989,0.4268207802724302,0.08223226938389905,-0.12549718990099581,-0.30861731560834066,0.019972429217317535,-0.10934032564371994,0.05840185861779761,-0.07522196408086144,-0.06047641541264593,-0.018634378645175594,-0.05884144871930822,-0.04866917952821185,0.009144630927477273,-0.004255155061552255,-0.16977625249438463,-0.2592559744729257,0.09680043959010151,0.023300203406823285,0.05406765445904389,-0.059736053136417534,0.12567071230948684,-0.08210116356415027,-0.10250739880269538,-0.11744960620053406,0.00787213326520972,-0.030726962490239363,-0.1479664137738232,-0.18942670124261324,0.07868084409011597,-0.08813588732611609,0.2873897409696047,0.04334396961429825,0.0032410129852602355,-0.14362449750802542,-0.10452025874119132,-0.25385749954209363,-0.1783135549921433,-0.15100884000269924,-0.07643276488677662,-0.06583632980825774,-0.0986513452806725,-0.09856265604966596,-0.05855995681220055,-0.11332362893196958,-0.3015645937165608,-0.17871458455843367,-0.20375965218397232,-0.21426354197796266,0.10468221298911629,0.17118371202992297,0.15185717177754426,0.05846741152767201,-0.09729787049444247,-0.1254740535798637,0.3114399467864614,0.44874630059865234,0.14573375878457193,0.003962094993878515,0.04350206780870119,0.020481428282224556,0.07617826535432312,-0.14430316292790143,-0.04376427944819874,-0.03688507996490991,0.016521261315107054,0.010787309727859023,0.18367732544127713,0.05032728254268169,0.3001956947162427,-0.014088091542710613,,-0.1293146828877985,0.42777322549236985,0.36600310412308523,0.2664475142914984,0.3421919736245939,-0.1626926821744286,0.20692161607203108,0.33538989521174556,-0.07989550094955318,0.08499320370566743,-0.0856603009649774,-0.20450001446020072,-0.12110514493941175,-0.14599211437054746,0.11502800458870369,0.0016600310412308522,0.012241041905661651,-0.07726181639401154,-0.12617199926734984,0.06567051950681076,0.014739764587932481,-0.07897776021131173,0.05657794530188079,-0.057877435338802505,0.16665670519506812,0.29608128560824426,-0.18403593841882526,-0.1330550548041607
#51,0.29145016532829476,0.29813656213548245,0.262336961237022,0.4082384583498019,-0.23878033027098416,-0.05478102436061812,0.047978945947769754,0.23357465801625327,0.24122121215042464,1.0,0.44535297349927216,0.0765638707065254,0.32475875565152845,-0.0028284152584037866,-0.33319965681123653,-0.17690223940308292,0.4780253149913721,-0.06407411334869328,-0.05276430836860015,-0.13840340103920643,0.01143898277308089,-0.2263021410737181,-0.21530853248243087,-0.19260408934476012,0.007795012194769264,0.11516296646197449,0.4438259763045511,0.3392073881985482,-0.18437141507524124,-0.019008415836811815,-0.010039235344586582,-0.20900388497392344,0.25141661766265316,-0.22791397144592368,-0.10406524442559263,-0.16908987496746455,-0.11340846210945407,-0.3539722171343738,-0.042842682656435274,-0.10522591653572151,0.0882400007712107,-0.14045867756644462,0.023061128088457866,-0.13057561238949997,0.14808209537948386,-0.028714102551743417,0.3992075810012243,0.34300560091774074,0.23664022056626147,0.14116819141449682,0.3867872326067886,0.2565143204187674,0.3443783559715809,0.26408375348249835,0.038065032342648915,-0.2798974289763142,-0.23407980102763826,-0.3837101018962143,0.11117966317372485,0.15662710998428658,0.0834546383503803,0.21188821300839655,-0.2993088024061774,-0.3551637376726789,0.4493979736438742,0.24958884829321432,-0.0697887846683312,0.07754330830111922,-0.3011789883643585,-0.3228654333722152,0.028259088236144717,0.0833852293869839,-0.31896310720792803,-0.15997416444140244,-0.30659288750927866,-0.21584066786847,-0.18305264477070943,-0.10708839038685856,-0.07033248821493643,-0.2607598353465146,0.1345936201594478,-0.17608475605641408,,0.22115430962181756,-0.031008454397347035,0.31475229676187905,0.23518648838845882,0.0006960176607251309,-0.030514879546528106,-0.2860401222368966,0.20554886101819092,-0.040405656830516806,0.30489622395958854,0.12247404393972988,0.15233917846779713,0.03897891702736834,-0.20940491454021382,0.4297590930562116,0.3604542431048943,0.15065793913219516,0.1968843087542055,0.195789189553951,-0.12649590776319974,0.46135173956214515,0.20442289338976025,0.3320621210222398,0.21827769369438849,-0.1420010989752538,0.02371665718720176,-0.06963454252745029,-0.05436842663376168
#52,0.33882949495338993,0.3523950912438665,0.17673642910163592,0.27346553170158,0.06632990465907666,0.01849556071838277,0.20676737393115016,0.3604542431048943,0.4078142924623794,0.44535297349927216,1.0,0.17742666268207802,0.30942323079444345,0.19579304560747304,-0.36617662653157623,-0.22983814215341308,0.1083069032998178,0.09229656907637877,0.027908187365640637,-0.018939006873415404,-0.039063750204852844,-0.010309159091128185,-0.18686628170399006,0.019432581724234333,0.007305293397472357,0.20823653032304087,0.08055488610181909,0.17647421746213837,-0.1443301553025556,-0.1283776618819469,-0.07726567244753357,-0.16843048981519865,0.1906644944231826,-0.10432360001156817,-0.38285791406784725,-0.31164046156960656,-0.048206453105569105,-0.02990176703652647,-0.045075337645686525,-0.0432861288114679,-0.05810494249660185,-0.27469946882862734,0.2197969787820655,-0.07514484301042099,0.10460894797219786,0.12488407739099419,0.048372263407016086,0.21740236954488928,-0.12389307163583431,0.06577077689838334,0.05744941339785796,0.06462552900234256,0.15220421659452632,0.16697290158387398,0.02088631390203696,-0.03744420772560323,-0.3141121918772233,-0.225947384149692,-0.09666933377035274,0.04686454647990514,-0.18868248291286283,-0.08179267928238844,-0.10174004415181283,-0.12850491164817368,0.2764269808064936,0.25344104576171517,0.10565779453018807,0.2280180848910183,-0.0012628575284624952,-0.19576605323281887,-0.00750966423413957,0.00563947827595847,-0.24568652212892714,-0.16668369756972226,-0.40147108441865176,-0.31215331668803564,-0.2829707036333664,-0.20446145392498047,-0.07930552476068368,0.014774469069630687,0.25551560255656347,-0.05053936548639295,,0.06327976632315657,0.12703575525628297,0.12088534988865646,0.018364454898633992,0.15362324429063076,-0.25567755680448845,0.011057233474400624,-0.025347767827017437,-0.20084061966780098,0.031193544966404134,0.016336170746049955,0.0048412751968997325,-0.03648405039861953,0.0267398031484677,0.12863216141440043,0.007070074132628961,0.07319753598179943,-0.041685866599828404,0.020870889687948868,-0.08664359461309323,0.24724051169830238,0.1427453173050042,0.16787907416154937,0.09565904774758274,-0.123673276585079,-0.05510107680294603,-0.03737479876220682,-0.07198287912236222
#53,-0.08141864209075222,-0.1196475567080871,-0.21860545824376043,0.0027744305090954663,0.41146597514773503,0.3392266684661583,0.40196465926947067,0.29662498915484947,0.370013399785989,0.0765638707065254,0.17742666268207802,1.0,0.5203763508237494,0.2706467565769813,-0.0640625451881272,-0.4301061378731937,-0.16181350197140737,-0.27619947364869424,0.12647277144206762,-0.024900465618462785,0.03470640972496698,0.3102291459805462,-0.15699729112240077,0.024985298795947287,-0.16155514638543184,-0.22749751766554518,-0.3102060096594141,-0.35107632093933466,-0.07701502896860209,0.29466225791213985,0.12917200890748365,0.32825234014248117,-0.08408317507447004,0.18630715394329672,0.1997609246816346,0.20768125861586959,0.39783096989386213,0.3928605169039746,0.09546238901795957,0.12922984971031398,0.1306141729247202,0.33256340798010275,0.4509481071597274,0.3969517896908409,-0.12934167526245263,0.10439300897496458,0.2054100430913981,-0.2273779800063625,-0.451557363616207,-0.5302864083753482,-0.405053358140611,-0.48702919996529553,-0.5057927564034589,-0.5341501740044152,-0.15111680950131587,-0.007918405907473995,-0.3684131375743495,0.0009428050861345956,-0.12705503552389308,-0.14669006005803362,0.30052345926561463,0.12740979244791917,0.41370634224403036,0.3223795706284403,-0.24237417215350948,-0.09663462928865453,0.5905912294062642,0.5788264101105723,0.0508170013399786,0.07493276006670972,-0.2572199782132976,0.0710034415277684,0.10023232722470188,-0.24833177484503485,0.05923091012503254,-0.22447051565075724,0.20295759305139155,-0.03769870725805674,-0.10800227507157799,0.11572595027618983,0.42171150935574986,0.3049309284412868,,0.3980584770516615,0.29031648559282003,0.5263493777293629,0.10476319011307877,0.07966028168470979,0.13117715673893554,0.39060086954006923,0.2222571409291161,-0.006537938746589803,-0.12872085064540695,0.007393982628478883,-0.21053473822216653,-0.4036343304445066,-0.11441103602518003,0.18156420811120857,-0.09860507263840822,0.002381113049849132,-0.42786577077689836,-0.07430036728909797,0.19889331263917942,-0.031606142693260585,-0.03811130498491319,-0.10656396710786346,-0.2083907724639218,0.1981953669516933,0.18059248262365882,0.08516287006063644,0.09567832801519285
#54,0.003769292317777371,-0.08285309400094473,-0.2161915687389741,-0.15159881619156873,0.3817165222253285,0.5495165472896764,0.3287960436890864,0.43249303500332587,0.4268207802724302,0.32475875565152845,0.30942323079444345,0.5203763508237494,1.0,0.21805789864363317,-0.4252243741143127,-0.572695285010556,0.011250036150501769,-0.19549612948627726,-0.2629809221751998,-0.15931477928913654,-0.06928749771046822,-0.023377324477263744,-0.2656415991053956,-0.10810253246315059,-0.20758100122429698,-0.0693838990485188,-0.07248416608022519,-0.19068763074431472,0.06265508565258886,0.1376206221742358,0.23710680304242623,0.11360897689259927,0.1471797788553305,0.013756470939816644,-0.0123335871901902,-0.1674124916853846,-0.014947991478121717,-0.10423491078056163,0.0804045000144602,0.0015597736496582573,0.0002911320409127279,-0.03875140986956899,0.3687948868730298,0.08567572517906548,0.24215823315627621,0.18714006150405368,0.12698177050697465,-0.024885041404374694,0.0007191539818572682,-0.13352549333384747,0.03823855475113994,-0.06765638707065254,-0.024109974646448092,-0.2426093914183529,-0.1759228018084891,-0.29799774420868963,-0.08290322269673103,-0.18334184878486112,0.14962451678829303,0.0609275736747226,0.29193602807206964,0.070428889552987,0.04696865992499976,-0.16122352578253787,-0.20524037673642911,-0.17337780648395398,0.41357523642428157,0.3922782528221492,-0.363770449133834,-0.2927033827229522,-0.16995363095639768,-0.010941551868739938,-0.10675291373044257,-0.2806262230919765,-0.035747544175913165,-0.22255405705031187,-0.017940289011211474,-0.007933830121562088,-0.045661457781034004,0.10533388603433816,0.3695506733633463,0.2168663781053281,,0.11788534024852265,0.3977577048769437,0.513223371540397,0.2535065986715896,0.03356887393597023,-0.19178660599809125,0.20578408028303433,0.4459429496881417,-0.021295055575371386,0.26193207561720955,0.12421698013168422,-0.06445971870089556,-0.12597919659124868,-0.27958123258750833,0.21064270772078317,0.0712386607926118,0.22743196475567082,-0.03776811622145315,-0.06436717341636702,0.1269586341858425,0.14648183316784438,0.06190701126931642,0.3177176019203147,0.144735040922368,0.11932750426575921,0.05027715384689539,0.02277192407430615,-0.0072435965411199905
#58,-0.2738974096960466,0.054715471450743736,-0.18221202510290843,-0.2450387051372273,0.19203339342350073,0.015160074421832976,0.1885937936818563,-0.010964688189872075,0.08223226938389905,-0.0028284152584037866,0.19579304560747304,0.2706467565769813,0.21805789864363317,1.0,0.097390415778971,-0.02093644259782326,-0.022459583739022296,0.17546393143936836,0.0447514291498366,0.01842615175498636,-0.10936346196485207,-0.05224759719664909,0.07220267417311753,-0.12190720407199251,0.041149875160267226,-0.20448844629963464,-0.0013438346524249757,-0.08052403767364291,0.1655268815131154,-0.06072320283805539,0.14364377777563553,0.15655770102089017,-0.022351614240405656,0.2711403314278002,0.1412607366990254,0.22750908582611126,0.2885079964909913,0.2228818215996838,0.022671666682733557,-0.07089932808267378,0.024777071905758053,0.2570001831625423,0.05465377459439137,0.1811130498491319,0.061733488860825386,0.09285184078355008,0.08158830844572122,0.03496090925742049,-0.07316668755362324,-0.0885600532135386,-0.08544821802126613,-0.07230678761821215,-0.16004742945832087,-0.1440139589137497,-0.05083628160758871,-0.05067047130614173,-0.09396238419789267,-0.08459217413937706,-0.053562511447658896,-0.036217982705599956,-0.00616004550143156,-0.03753289695660976,0.15709369246045135,0.1073814504545323,0.015965989607935757,0.01419220498780523,0.4518234313092266,0.3646342051227671,0.16597032766814804,0.18436755902171922,0.0686435367722904,0.049968669565133565,0.21545891856978974,-0.00042994996770555176,0.05274117204746802,0.015349021044412096,0.14158850124839734,-0.13395737132831403,0.18911050485380737,0.17285338320495888,0.1090819700577444,0.2247867120395631,,0.3035813097085788,0.15076205257728978,-0.16898576152236994,-0.2457096584500593,0.12702033104219487,0.06968081516971456,0.06918724031889563,-0.05658951346244686,-0.08318857065736072,-0.22718903338378338,-0.01708038907580037,-0.08430682617874737,-0.10804854771384227,0.02307655230254596,-0.03296732958653466,-0.12418227564998602,0.2490991294959174,-0.07717698321652705,0.08195848958383542,0.011219187722325585,-0.09285955289059412,-0.08013843232144062,0.08404847059277183,0.09517704105732988,0.04743909845468655,0.10971436283535616,-0.02506627591990977,0.019367028814359942
#101,-0.24311453442973788,-0.16086105675146772,0.01940558934958017,-0.023523854511100614,0.02255598507707287,-0.1456951982493517,-0.32929347459342734,-0.2508613459554819,-0.12549718990099581,-0.33319965681123653,-0.36617662653157623,-0.0640625451881272,-0.4252243741143127,0.097390415778971,1.0,0.6371916362199107,0.08159216449924325,0.1044816982059711,0.29972911224007787,-0.15203455023955734,-0.009615069457164066,-0.04249178178593119,0.4873145479259252,0.15789960764655414,0.2611801451804151,-0.3081815815603521,-0.18073515660397366,-0.15789575159303212,0.2299422555985077,0.27066989289811344,-0.10029788013457627,0.2557045491791426,-0.42127963136128327,0.1618366382925395,0.32658266896744526,0.46294428966674056,0.3063692364050013,0.29211726258760473,0.09403179316128908,-0.033669131327542824,-0.12954219004559783,0.19990359866194943,-0.34793749337240804,0.0576576402880472,-0.2829514233657563,-0.2735657890931526,-0.2592289820982715,-0.2789526958634186,-0.21983553931728572,-0.3084206568787175,-0.20050899906490702,-0.2523112220797625,-0.3163371347594305,-0.19779819343892494,0.14690214300174487,0.08299576798125959,0.19144727328815325,0.17459631939691322,-0.3475827364483819,-0.27305679002824557,-0.11358198451794511,-0.04723472761801934,0.40455592723627004,0.4756037133795417,-0.1640268766930485,0.06568208766737682,0.004760298072937252,-0.13944067943663058,0.452903126295393,0.645671097914839,0.18920690619185795,0.28009408770593736,0.47252658266896747,0.21376996712714372,0.4385161906047256,0.32145797383667685,0.42577193371443994,0.047608764809655556,0.1381141970250547,0.20603857981548784,-0.2188908062043901,-0.18237397935083338,,0.06472193034039313,0.05513963733816626,-0.2701107651374201,-0.10924006825214734,-0.12739051218030906,0.12282880086375599,0.1372697213037317,-0.3012522533812769,0.20959386116279294,-0.2665747640577251,-0.2225926175855321,-0.2578600830979534,-0.14438799610538594,0.10767451052220604,-0.08573742203541786,-0.291828058573453,-0.013112510001638824,-0.13372215206347063,-0.016328458639005908,0.1574908659732197,-0.24504256119074933,-0.2228818215996838,-0.3956060270116549,-0.28589359220305977,0.10366035880578023,0.16494461743128994,-0.3922782528221492,-0.2933319194470419
#102,-0.04349435570165714,0.07289290775355962,0.24840118380843126,0.17471585705609594,-0.1710024775143879,-0.15661939787724255,-0.4001176096324217,-0.3033345222831693,-0.30861731560834066,-0.17690223940308292,-0.22983814215341308,-0.4301061378731937,-0.572695285010556,-0.02093644259782326,0.6371916362199107,1.0,0.15936105193140082,0.28117378269210375,-0.032026452527161076,-0.01296212391427993,-0.17315029932615464,-0.1016166504391081,0.3162870060636442,0.12051516875054226,0.17208988460759836,-0.02840947432350361,0.007505808180617547,0.18360791647788072,0.07821811766747322,0.13978772425361263,0.02533619966645137,-0.03018711499715616,-0.1695333211224972,-0.04886583825783502,-0.06075019521270955,0.1751323108364744,-0.15105511264496352,-0.051075356925954135,-0.0823402388825157,-0.10415007760307714,-0.26266472578639394,-0.085255415345165,-0.5222812412636287,-0.12943036449345918,-0.21776098252243742,-0.07281578668311917,-0.2749115517723386,-0.035716695747736976,0.11108326183567428,0.1654921770314172,-0.01924363510165521,0.10136600696017661,0.027834922348722202,0.09391996760915042,-0.07888135887326116,-0.0037422999431232108,0.2526389866291344,0.1617710853826651,-0.10945600724938062,-0.025289927024187097,-0.22988055874215535,-0.0658633221829119,-0.0418362526871873,0.23109135954807053,0.08723357080196273,0.1770179210087436,-0.24517752306402013,-0.3652010449905045,0.2344576942727965,0.3480570310315907,0.20206298863428224,0.09540840426865124,-0.011743611001320698,0.19704626300213046,-0.00415489766997966,0.15918752952290977,0.07471296501595442,-0.04155476078007963,0.1290139107130807,0.1338339776156093,-0.4347256899925771,-0.37468308060115874,,-0.046883826747515255,-0.12474140341067934,-0.3832666557411817,-0.056466119749742125,-0.20092159679176347,-0.022421023203802067,-0.2124820452507881,-0.5198634957053204,0.2290823556630966,-0.1167130999778277,-0.021052124203483943,0.07486720715683534,0.2160758871333134,0.2377584760876481,-0.10039428147262684,-0.14434943557016572,-0.07393789825802782,-0.0014595162580856623,0.13586611782171537,-0.02723337799928663,-0.07702659712916815,-0.06468722585869492,-0.27516990735831415,-0.11567582158040354,-0.10549198422874109,-0.22866975793624014,-0.11280691776001851,-0.09694311357041635
#201,0.2552996635593302,-0.017928720850645407,0.5165434336228587,0.21706303683495126,-0.13514117975957507,0.06227719240743061,-0.06056510464365245,-0.07493661612023175,0.019972429217317535,0.4780253149913721,0.1083069032998178,-0.16181350197140737,0.011250036150501769,-0.022459583739022296,0.08159216449924325,0.15936105193140082,1.0,0.33533976651595926,-0.1559715808855427,-0.37882833813733335,0.09329914299210473,-0.5486797836753974,-0.0744391852158908,-0.35079868508574896,0.2577598257063808,-0.17372099524741402,0.3600956301273462,0.3190170919572364,0.25533436804102844,-0.15061166648993088,0.2369641290621114,-0.27118274801654246,0.11616554037770044,-0.23084071606913903,0.059766901564593716,-0.09747524895645551,-0.17104875015665216,-0.41758553208718535,-0.17417600956301274,-0.29827923611579726,0.10313207947326308,-0.1421206366344365,-0.16874668620400451,-0.2054447475730963,0.03601361186893274,-0.30575997994852167,0.15050755304483626,0.40916005514156534,0.18373902229762948,0.24482662219351606,0.3534786422835549,0.27110177089258,0.38555329547974126,0.2571312889822911,0.15682762476743178,-0.4160585348924643,-0.005577781419606104,-0.47958701666779135,-0.057719337144399564,-0.07220267417311753,-0.1287748353947153,0.08207417118949611,-0.4404673536868692,-0.29773553256919205,0.362764019164586,0.23613122150135443,-0.24652714179672813,-0.09101635930706718,-0.12563215177426662,-0.14653967397067472,0.47305100594796257,0.2137853913412318,-0.004420965362999238,0.18675445615185138,-0.22961834710265777,-0.08551762698466255,-0.0015173570609160055,0.0714584558433671,0.1841092034357437,-0.26442694224595836,-0.22885870455881926,-0.05200852187828367,,0.21840879951413725,0.1271283005408115,-0.15916824925529965,0.10721564015308532,-0.01555339188107931,-0.11465782345058949,-0.001066198798839328,-0.1498944405348346,0.2107159727377016,0.0840947432350361,0.04147763970963917,0.11721438693569067,0.45653938476666056,-0.2694475239316322,0.6137044142172693,0.37937204168393857,0.31536540927188067,0.3546200341260737,0.5470718093567138,-0.034679417350312824,0.31859678212333586,0.268240579179239,0.22146279390357937,0.31720860285540764,-0.12038020687727145,-0.13418102243259136,-0.20368253111353185,-0.14373632306016407
