,#10,#11,#12,#13,#17,#18,#26,#49,#50,#51,#52,#53,#54,#58,#101,#102,#201,#202,#301,#302,#401,#402,#501,#502,#601,#602,#701,#702,#801,#802,#901,#902,#1001,#1002,#1101,#1102,#1201,#1202,#1301,#1302,#1401,#1402,#1501,#1502,#1601,#1602,#1701,#1702,#1801,#1802,#1901,#1902,#2001,#2002,#2101,#2102,#2201,#2202,#2301,#2302,#2401,#2402,#2501,#2502,#2601,#2602,#2701,#2702,#2801,#2802,#2901,#2902,#3001,#3002,#3101,#3102,#3201,#3202,#3301,#3302,#3401,#3402,#3455,#3501,#3502,#3601,#3602,#3701,#3702,#3801,#3802,#3901,#3902,#4001,#4002,#4101,#4102,#4201,#4202,#4301,#4302,#4401,#4402,#4501,#4502,#4601,#4602,#4701,#4702,#4801,#4802
#10,1.0,0.24411710834546382,0.3421534130893737,0.4350573105954711,0.36167275601785354,0.39156488292057495,0.021896599924806956,0.7540339139907262,0.06381575776271775,0.28484474564506956,0.45895713032496893,0.3444670452025874,0.2036208342571795,-0.0524519680333163,-0.07905102522823017,-0.18055006603491655,0.2728292828704462,0.1708019627312427,-0.23679060665362034,-0.13873116558857837,0.03864729642447437,-0.04273856921134065,0.298564584076427,-0.008053367780744797,0.23591528250412117,0.1543713186739032,-0.030915909112818486,-0.13899337722807592,0.08711788919630205,0.08321941908553691,0.2915234303452132,0.0697887846683312,0.13618231421052124,0.2570695921259387,-0.16604359268506647,-0.20417224991082877,-0.3173936934244647,-0.08192378510213721,-0.1834729546046099,-0.147600088689231,-0.1793932499783097,-0.24471479664137738,-0.1446849122265817,-0.06786075790731975,0.22078027243018133,0.05783501875006025,-0.1604870195598315,-0.041628025796998064,0.3362960677894209,0.06210752605246161,0.31030241099746464,0.0830497527305679,0.27699382067423095,-0.016239769407999382,-0.18408221106108952,-0.27088197584182466,-0.2079511823624112,-0.15850500804951173,0.13965661843386387,-0.014535393751265268,0.2661467421167806,0.17993695352491493,-0.04731956079550384,-0.04880028534796063,0.025278358863621026,-0.03353031340075,-0.11578764713254219,-0.18584057146713195,-0.20910799841901806,-0.06223091976516634,-0.10385316148188137,-0.21513886612746186,-0.17572614307886594,-0.05316533793489053,-0.21896792727483058,-0.22661448140900195,-0.0834700625644684,-0.06319107709215004,-0.0620882457848515,0.046278426344557665,-0.038369660570888725,0.24135617402369544,,0.1633674915407826,0.3952474140341068,0.32448883190498684,0.22452835645358757,0.272447533571766,0.06214223053415981,0.22046407604137547,0.08053174978068696,0.20900774102744546,0.1824279641001417,0.1685268911532492,0.11435319522234969,0.18897554298053656,0.19209123422633106,0.408593215273828,0.009221751997917731,0.05458050957747294,-0.018422295701464336,0.39670114621190944,0.23005022509712436,0.502939276797162,0.27796940221530275,0.3092150039042542,0.07155100112789566,0.008851570859803534,0.2564988962046793,0.12375425370904149,0.012291170601447948
#11,0.24411710834546382,1.0,0.3839414651075357,0.18038039967994757,0.16828010372783975,0.3392073881985482,0.4171343738251087,0.15353841111314626,0.1672274011163275,0.406071356270425,0.22489853759170178,0.1441759131616747,0.2949514619262915,0.4990562309004849,-0.09762949109733643,-0.17411431270666036,0.10266935305062035,0.12468741866137102,-0.20142673980314846,-0.15659240550258838,-0.02488118535085267,-0.13465146096227815,0.15148313458590806,0.14729931651451322,-0.0034029672331851966,0.10079531103891722,0.12926069813849017,0.1650680111439947,0.27749896368561594,0.16058342089788205,0.2883768906712425,0.2987535306990061,0.3127702852515593,0.11095215601592551,0.09378500573587961,-0.1185832859360088,-0.03914858338233735,-0.041716715028004586,0.01141199039842673,-0.06652270733517782,0.08770786538517154,-0.02026163323146925,-0.005215312388535953,-0.06459082452064435,-0.10750870022075906,-0.3573385518590998,0.17421071404471095,0.16762457462909586,0.18365033306662296,0.04902779250575998,-0.10340971532684874,-0.13234554095610848,0.09609863784909335,0.16447032284808114,-0.019328468279139713,0.06130932297340287,-0.10170148361659259,-0.11181976805838065,0.11464239923650141,0.09773746059595308,-0.06192629153692653,0.19965295518301793,-0.006453105569105299,0.12162185611136282,0.12457944916275437,0.05795841246276498,0.03169868797778913,0.1891529214425496,-0.0852901198268632,-0.1573366238323388,0.010644635747544175,0.04259975128454783,-0.37530776127172644,0.025475017593244196,-0.17814003258365227,-0.05315376977432447,0.06715124405926755,0.16090732939373198,0.08449191674780446,0.07079521463757917,0.15522350650227026,0.040606171613662,,0.11031976323831374,-0.08361273654478324,0.06781448526505549,0.17182381691457876,0.26876500245823415,0.22376485785622705,0.05330029980816134,-0.15980835413995545,0.08272584423471797,-0.13867718083927005,-0.18237783540435543,-0.1894151330820472,0.02524365438192282,0.16318240097172548,0.21792293677036237,0.35080639719279305,0.21683938573067393,0.19667222581049426,0.0553671444959656,0.41015106089672526,0.1795436360656686,0.3435377363037799,0.25745905353166304,0.2865221289271495,0.05918463748276826,0.07966028168470979,-0.29180492225232085,-0.18118631486605033
#12,0.3421534130893737,0.3839414651075357,1.0,0.521313371829601,0.14472347276180195,0.4247153750494057,0.33139887981645183,0.03041076610143349,-0.1032516171324458,0.23255665988643923,0.21351546759469023,-0.0684430219891452,0.25936394397154233,0.08032352289049773,-0.2464847252079859,-0.2974000559127761,0.36714835201912605,0.5344393780185669,-0.2906943788379783,-0.14271832493035003,-0.0068040064396093815,-0.10595471065138384,0.3232510387244175,0.19032516171324457,0.3334734366113002,0.1805577781419606,0.4282243837544465,0.4591576451081141,0.03946863582466525,0.08547521039592029,0.3740044151812827,0.5066179518571717,0.1403892686030482,0.11362825716020938,-0.027838778402244222,-0.02525907859601091,-0.25723925848090773,-0.07517954749211919,0.19444728292828706,0.008234602296279873,0.05310364107853817,-0.25546547386077717,-0.12923756181735802,-0.15153326328169436,0.14555252426903686,-0.12401260929501702,0.2942072435965411,0.3653321508102532,0.48562174042975714,0.33382433748180423,0.1131076899347363,0.383324496544012,0.4062525907859601,0.400167738328208,0.15065793913219516,0.19842287410949264,-0.13645223795706285,-0.10285444361967744,-0.01006237166571872,-0.026986590573877166,-0.03532723434201267,-0.006676756673382626,-0.22011703122439338,-0.01262664725786394,0.5078788813588733,0.4874803582273722,-0.14114119903984268,0.01580789141353282,-0.10516036362584713,-0.11832493035003326,0.17077882641011058,0.1372388728755555,-0.1394445354901526,0.15111680950131587,-0.074473889697589,-0.06479905141083359,0.030190971050678184,0.017234631216681288,-0.26618915870552284,-0.016814321382780793,0.113227227593919,0.06140572431145344,,0.045406958248580494,-0.08166542951616168,-0.06309853180762148,0.09223872827354844,0.15145228615773187,0.0006188965902846731,0.0879006680612727,-0.17571071886477785,0.06516923254894778,0.17296906481061958,-0.17901150067962943,-0.1694176395168365,0.27129457356868114,0.2883074817078461,0.44307790192127866,0.512209229464105,0.19333288346042243,0.49033383783366913,0.38369467768212623,0.5417311752287122,0.3121301803669035,0.4708839038685857,0.3612331659163429,0.264704578099544,0.07392633009746176,-0.16487906452141557,-0.31026770651576646,-0.3279554240212854
#13,0.4350573105954711,0.18038039967994757,0.521313371829601,1.0,0.11879151282619803,0.3289155813482691,0.1160729950931719,0.3000645888964939,-0.14662450714815922,0.3106610239750128,0.39205074566434983,0.12170283323532531,0.25802203734587836,0.025162677257960342,-0.3017882448208381,-0.1558057705840957,0.32189756393818747,0.17233667203300782,-0.42514339699035025,-0.14137256225116404,-0.1561373911869897,-0.09783386193400365,0.1204226234660137,0.07299702119865424,0.15195357311559485,0.21923399496785015,0.08417186430547656,0.1262992490335766,0.196120810156845,0.12703189920276092,0.3167921490750292,0.1715114765792949,0.20939334637964774,0.14398311048557355,-0.07853045800275708,-0.18111690590265392,-0.2241813116366055,-0.1879536887972005,-0.07680294602489082,-0.1785333500428986,0.12092005437035466,-0.326709918733672,-0.16905131443224433,-0.24393972988345078,0.12343034521319156,-0.10566936269075415,0.13130055045164027,0.09821561123268391,0.5073544580798781,0.13423500718189968,0.35470486730355816,0.18088168663781054,0.3734954161163757,0.12284422507784408,-0.10278889070980306,-0.169841805404259,-0.2527238198066189,-0.28502598016060465,0.17938939392478767,-0.1352452932046697,0.2578060983486451,0.19482903222696732,-0.06218850317642409,-0.03136321132137314,0.1488263137092343,0.14424146607154908,-0.1261874234814379,-0.09007162619417157,-0.22846924315309497,-0.04222185803938959,-0.07018981423462158,0.03904061388372071,-0.26184724243972507,-0.1902441845892821,-0.14870291999652954,-0.22015944781313565,0.12052673691110832,0.07314355123249111,-0.21777255068300347,-0.04421929376379744,-0.08086722643710295,0.01746213837448064,,-0.08057416636942921,0.07158184955607184,0.35244907599317477,0.4073631342003027,0.2387186334146318,0.11645474439185216,-0.06956898961757589,-0.06482989983900976,0.24386646486653235,-0.030430046369043603,0.2977740931044123,0.1787878495753521,0.21554375174727425,0.13425043139598777,0.4906770265971292,0.24019164586004454,0.10127731772917008,0.3720185476174409,0.13015144650207744,0.28625606123412994,0.3891664176298767,0.31169830237243695,0.23246025854838864,0.09302921924556312,0.17789324515824279,-0.06762939469599838,0.05606894623697377,-0.05417176790413851
#17,0.36167275601785354,0.16828010372783975,0.14472347276180195,0.11879151282619803,1.0,0.5002824559204881,-0.04431569510184801,0.2187365640635092,-0.03370769186276305,5.9768829591354726e-05,0.004239730847464163,0.5402388825156893,0.32175874601139465,-0.014662643517492023,-0.07497132060192996,-0.12754475432118997,0.05891856978974868,0.14530188079010536,-0.3566830227603559,-0.170686281125582,-0.2604050784224885,-0.17408732033200622,0.07229136340412405,0.20599616322674558,-0.01989530814687708,0.1573250556717727,-0.08504718845497576,-0.1324997830969894,0.2710786345714479,0.4816538613555956,0.23700654565085363,0.017485274695612774,0.17952435579805848,0.13375685654516883,0.22450136407893342,0.2578408028303433,0.2846635111295345,0.27694369197844465,0.06280547173994774,0.1075125562742811,0.05338513298564584,0.13151648944887356,0.4154647026500728,0.30916101915494587,0.17891509934157887,0.2069948810889495,-0.030942901487472647,0.03944164345001109,0.11294959174033335,-0.16883151938148902,0.14054351074392912,-0.18498067153172085,0.02551357812846442,-0.2851031012310451,-0.2895221385672833,-0.31916362199107323,-0.14105636586235817,-0.20930851320216323,0.24701686059402506,0.0784687611464047,0.21366970973557112,0.2025604195386232,0.19263108171941426,0.24854771384226812,-0.06255097220749424,-0.13498693761869415,0.3186931834613864,0.1471450743736323,-0.16484050398619532,-0.11085961073139695,-0.21071211668417958,-0.307499060086954,-0.13220672302931566,0.053161481881368516,-0.328730490779212,-0.18422488504140438,-0.13404220450579854,-0.03599433160132263,0.13646766217115094,0.35123056308021555,-0.010266742502385934,0.49277857576663164,,0.2747534535779357,0.7046571486412231,0.17596136234370932,0.21284837033538026,0.47907416154936233,0.10286601178024352,0.5778778209441547,0.5149663077323513,0.4258336305707923,0.0658131934871256,0.0822746859726413,0.15031475036873512,-0.11989048807997454,0.0984662547116154,0.10949456778460084,-0.039190999971079596,0.2357379040421081,-0.03570512758717091,0.18237783540435543,0.32127288326761977,0.24299499677055517,0.23116848061851097,0.2943383494162899,0.08352019126025469,0.2611107362170187,0.11644703228480811,0.09216546325663,0.061301610866358824
#18,0.39156488292057495,0.3392073881985482,0.4247153750494057,0.3289155813482691,0.5002824559204881,1.0,0.515926465059335,0.2687302979765359,0.05542884135231797,0.4490046561846278,0.34257372292327415,0.23907724639217992,0.7420994283400654,0.36179229367703625,-0.10863466784918975,-0.10143541592357302,0.3141199039842673,0.3141391842518774,-0.17980199165164412,-0.12886738067924383,-0.04637097162908621,-0.023068840195501913,0.25368397713360263,0.23718778016638872,0.11484677007316861,0.2252224460875517,0.08117571071886477,0.18948839809896562,0.44681441778411884,0.4156844977008281,0.561254374210714,0.4441923013891433,0.16017467922454764,0.2159756297417408,0.2886159659896079,0.33211996182507014,0.10543799947943278,0.32471248300926414,0.07875025305351238,0.1656425631187761,0.13293551714497798,-0.07211012888858898,0.31600937021005854,0.43287864035552814,0.016351594960138046,0.06506126305033114,0.14974791050099776,0.3184309718218889,0.32769321238178784,0.10844957728013264,0.03232722470187886,0.15220421659452632,0.1346090443735359,0.11204341916265798,-0.14007692826776436,0.041628025796998064,-0.2943075009881137,-0.10313979158030713,0.006618915870552283,0.058660214203773146,0.06255482826101626,0.16568883576104038,0.08958576345039669,0.18751024264216787,0.19889716869270146,0.24805799504497122,0.005300145566020456,0.2992818100315232,-0.0380958807708251,-0.12233908206645908,0.02862541332073689,0.0958904109589041,-0.31328314036998833,0.08853691689240646,-0.23972506338387978,-0.17232895992596378,-0.054862001484580605,-0.007895269586341859,0.06274377488359538,0.3714401395891375,0.0024042493709812694,0.335802492938602,,0.04068329268410246,0.33582562925973414,0.05767306450213529,0.1721477254104287,0.17408732033200622,0.1973740275515024,0.23043197439580462,0.330415586168336,0.15146771037181997,0.3223371540396981,-0.21882525329451571,-0.026674250238593312,-0.13419644664667946,0.10549198422874109,0.3930301832589436,0.33793103448275863,0.1356694590920922,0.12201131751708713,0.3038242410804662,0.47226051497594784,0.2780850838209634,0.4703594805895906,0.269929530621885,0.15380447880616582,0.32725747833379926,-0.11837120299229753,-0.26720330078181487,-0.23392170283323532
#26,0.021896599924806956,0.4171343738251087,0.33139887981645183,0.1160729950931719,-0.04431569510184801,0.515926465059335,1.0,0.0050957747293532436,0.29934736294139763,0.5338224094550432,0.4978107256128715,-0.023284779192735194,0.5340036439705783,0.664523343584009,-0.023909459863302902,-0.1141025517434182,0.2124511968226119,0.4423452517520943,-0.027588134923312736,-0.13948695207889486,0.2276864642881243,-0.03985038512334551,-0.028937753656020745,0.1574368812239114,-0.1266887104393009,-0.0383156758215804,0.13339053146057667,0.23569163139984384,0.4204081632653061,0.41141584645194873,0.3728514551781979,0.4654892849912757,0.11072464885812615,0.06814224981442743,0.32103766400277634,0.19002053348500478,-0.03763315434818235,0.07138904687997069,0.07047130614172925,0.06243529060183355,0.18899867930166872,0.18830458966770458,0.21194990986474893,0.18752566685625596,-0.13191751901516394,-0.16831095215601594,0.17456547096873704,0.310699584510233,0.2959887403237157,0.25409271880693707,-0.11446887682801038,0.26048219949292895,0.25690763787801374,0.2927033827229522,0.12849719954112962,0.2850221241070826,-0.13083011192195348,0.018676795233917846,-0.12276710400740362,0.03657273962962606,-0.2585156121966973,-0.01882718132127674,-0.19086115315280577,0.2728601312986224,0.27933058910857683,0.17121841651162117,0.08818215996838036,0.7012445412742329,0.0379609188975543,-0.20936249795147158,0.3272497662267552,0.20972111092901968,-0.31805307857673065,-0.08884154512064628,-0.009711470795214637,0.00967291025999441,0.020492996442790627,-0.050535509432870926,0.3195685076108856,0.2836416569461984,0.2992124010681268,0.12135193236482122,,-0.05195068107545333,-0.125863514985588,-0.276326723414921,-0.07393018615098378,-0.03425139540936828,0.31850809289232934,0.05366662489275351,0.06098541447755295,-0.21271340846210945,0.07676824154319262,-0.44926301177060335,-0.2966134209942834,0.09166417629876702,0.25587807158763365,0.23439985346996617,0.32384487096680903,0.06779906105096739,0.2168972265335043,0.26993724272892905,0.45567562877772744,0.011500679629433257,0.25853874851782943,0.1677711046629327,0.28636788678626857,0.057329875738675255,-0.19332131529985636,-0.4209518668119113,-0.37401598334184877
#49,0.7540339139907262,0.15353841111314626,0.03041076610143349,0.3000645888964939,0.2187365640635092,0.2687302979765359,0.0050957747293532436,1.0,0.3445133178448517,0.40408163265306124,0.5461463565114284,0.27899511245216085,0.1553816046966732,0.10926320457327948,-0.05810879855012387,-0.09315646901178988,0.21405531508777342,0.09490711731078827,-0.11427221809838721,-0.1768675349213847,-0.02995575178583479,-0.015275756027493662,0.13456662778479364,-0.11401000645888965,0.042804122121215045,0.13537254297089643,-0.0745394426074634,-0.2628613845160171,0.18761050003374047,0.09298680265682088,0.24652714179672813,-0.006183181822563697,0.08587623996221068,0.2991738405329066,-0.2450541293513154,-0.16482507977210722,-0.2238921076224538,-0.0071163467748932355,-0.23441913373757628,-0.13051005947962557,-0.23794356665670519,-0.147935565345647,-0.1482903222696731,0.042156305129515195,0.27133313410390136,0.05809723038955781,-0.2662045829196109,-0.22769803244869039,0.2157558346909855,-0.14239056038097808,0.36695169328950283,-0.06577848900542739,0.1472414757116829,-0.2314615406861847,-0.25094232307944436,-0.34807631129920086,-0.23131501065234786,-0.19554240212854154,0.2996134306344172,0.09957679812595799,0.24611454406987168,0.19401540493382047,0.04982599558481872,0.04309332613536676,-0.05938515226591345,-0.17626213451842712,0.07035176848254654,-0.07860757907319754,-0.013289888463651875,0.0025854838865163447,0.03411257748257546,-0.046856834372861096,0.006557219014199917,-0.15336488870465523,-0.35480512469513076,-0.41752383523083303,-0.22180983872056145,-0.21914530573684363,0.04355990861153153,0.14452295797865675,-0.16629423616399797,0.20366325084592174,,0.019197362459390938,0.2917393693424465,0.3360801287921876,0.23497440544474757,-0.005651046436524539,0.06540445181379118,0.10821050196176724,0.1093827422324622,0.12467199444728293,0.08464615888868537,0.2632662701358295,0.3016879874292655,0.15157182381691459,0.13957178525637937,0.30831654343362286,-0.04360232520027378,-0.013251327928431646,-0.09204592559744729,0.1945398282128156,0.1507157799350255,0.3596444718652695,0.04254191048171749,0.1834690985510879,0.0712540850066999,-0.011994254480252186,0.14290341549940713,0.25550789044951944,0.17353976073187896
#50,0.06381575776271775,0.1672274011163275,-0.1032516171324458,-0.14662450714815922,-0.03370769186276305,0.05542884135231797,0.29934736294139763,0.3445133178448517,1.0,0.4135521001031494,0.4510483645513,0.2745529387947905,0.18253207754523632,0.38631293802357974,0.21711316553073756,0.021418449288076118,-0.041119026732091044,0.14557180453664698,0.20784706891731658,-0.15382375907377593,0.005828424898537592,0.010953120029306007,-0.22692296569076378,-0.0390059094020225,-0.24723279959125832,-0.13778643247568276,-0.13389567447196168,-0.23598469146751758,0.16957959376476145,0.13084553613604158,0.05078615291180241,-0.015437710275418622,0.09891741297369208,0.08219756490220084,0.134963801297562,0.04788640066324121,0.18751795474921193,0.20836378008926765,-0.0028708318471460386,0.12631467324766468,-0.043332401453732176,0.2609487819690937,0.10347526823672312,0.26564545515891763,0.08173483847955809,-0.057815738482450134,-0.22152834681345376,-0.25968399641387024,-0.2389538526794752,-0.3061340171401579,0.02090173811612505,-0.2184319358352694,-0.10868094049145402,-0.36014190276961044,-0.19421206366344365,-0.08308445721226611,-0.04823730153374529,-0.07264612032815015,-0.013868296491955309,-0.03134778710728505,-0.05302266395457569,0.13563475461039398,0.046679455910848044,0.2886391023107401,-0.0627283506695073,-0.2961931111603829,0.38948261401868256,0.4723144997252562,0.3482074171189496,0.03163313506791474,0.462346601370827,0.20922753607820077,0.10559224162031369,0.06624507148159216,-0.34728196427366415,-0.28966866860112017,-0.2759218377951086,-0.23675204611840012,0.32378317411045665,0.20255656348510118,0.3387870783646477,0.24832020668446877,,0.13927872518870563,0.17515930321112858,-0.021892743871284932,0.020705079386501884,-0.08992895221385673,0.2196774411228828,0.15688546557026212,0.13078769533321122,-0.12892522148207416,-0.14792399718508092,-0.15207696682829958,-0.05328873164759527,-0.05011134354544841,0.07284277905777332,0.07855745037741124,-0.12643035485332538,-0.0014093875622993646,-0.15456412135000433,0.0005571997339323069,0.10737759440101029,0.14556794848312496,-0.02783106629520018,0.13931728572392585,0.01804054640278407,-0.11340075000241004,-0.08508189293667397,-0.06253940404692818,-0.06164094357629684
#51,0.28484474564506956,0.406071356270425,0.23255665988643923,0.3106610239750128,5.9768829591354726e-05,0.4490046561846278,0.5338224094550432,0.40408163265306124,0.4135521001031494,1.0,0.6455129997204361,0.17621200582264082,0.44194807823932597,0.5650063142876424,-0.3072137121263243,-0.2924026105482344,0.4625856766891924,0.22108875671194317,-0.29677923129573036,-0.3500390425419105,-0.11146886718787657,-0.12953833399207582,0.20805915186102783,-0.19136629616419076,0.13676072223882468,0.0876500245823412,0.22947952917586495,0.15406669044566337,0.22956436235334945,-0.04039023261642872,0.5069649966741538,0.2231517453462254,0.38268439165935625,0.3406726885369169,-0.07133891818418439,-0.14681345377073834,-0.08441093962384198,0.06378490933454156,0.07987236462842104,-0.05308821686445008,-0.0025623475653842077,-0.19138557643180087,0.19372620091966877,0.08746879006680612,0.18849739234380572,-0.2492687958508864,0.11124136003007722,0.05235171064174371,0.18103978483221347,-0.10846114544069872,0.1522813376649668,-0.02365110427732737,0.4082268901892358,0.04016272545862937,0.05057021391456913,-0.008697328718922618,-0.13808720465040056,-0.22374943364213895,0.26866474506666155,0.20332777418950576,0.1575062901873078,0.23092169319310152,-0.03199174804546287,-0.039719279303596734,0.25603231372851454,0.022552129023550846,0.0017294400046272641,0.2992201131751709,-0.15716695747736978,-0.2562251164046157,0.08012300810735253,0.07976053907628237,-0.21688951442646023,0.0024929386019877956,-0.25300145566020454,-0.2282224557276855,0.06939932326260688,0.020473716175180512,0.012831018094531152,-0.04312031851002092,0.09912949591740333,0.16225309207291796,,0.06494558144467046,-0.036225694812643996,0.15113994582244802,0.2392237764260168,-0.10407295653263668,0.14287256707123094,0.07466669237369014,0.11996375309689299,0.052667907030549584,0.0623928740130913,0.01520634706409725,0.16289319695757376,0.08690966230611281,0.0323850655047092,0.5482864662161511,0.23200138817926794,0.14548311530564045,0.33815082953351394,0.27402465946227333,0.40422045057985406,0.2955684304898152,0.3766188194692142,0.4552476068367829,0.36321132137314066,0.13239566965189478,-0.09988913846124184,-0.007525088448227662,0.05968206838710921
#52,0.45895713032496893,0.22489853759170178,0.21351546759469023,0.39205074566434983,0.004239730847464163,0.34257372292327415,0.4978107256128715,0.5461463565114284,0.4510483645513,0.6455129997204361,1.0,0.25667627466669235,0.4211292452739244,0.47766670201382394,-0.06771422787348289,-0.06957670172461994,0.371686927014547,0.17766959405396546,-0.1361051931400808,-0.17719144341723464,0.020134383465242496,0.004019935796708858,0.07813714054351074,-0.016505837101018963,0.06462552900234256,0.056427559214521895,-0.04260360733806985,-0.05680159640615812,0.31377285916728526,0.2013110581974878,0.2852650554789701,0.07837621586187617,0.20497816509693154,0.23665178872682752,0.03105858309313333,-0.028841352317970175,-0.12168740902123722,-0.017165222253284877,0.020041838180713947,0.06563581502511255,-0.004795002554635459,-0.016043110678376216,-0.04373728707354458,0.02744546094299789,0.10002024428099061,-0.046914675175691437,-0.07190575805192176,0.03767942699044663,0.24064666017564323,0.03798405521868643,0.12134036420425516,0.05653167265961651,0.3370904148149576,0.019957005003229444,0.018595818109955368,0.020670374904803678,-0.25466727078171847,-0.09897910983004445,0.06845073409618925,-0.08778884250913403,0.010694764443330474,0.0948955491502222,-0.014735908534410458,0.10727348095591567,0.06259724484975851,-0.04286581897756741,0.055359432388921555,0.31764819295691826,-0.0566974829610635,-0.14778903531181012,0.1203724947702274,0.04740825002651037,-0.17274155765282023,-0.10845343333365468,-0.24450271369766613,-0.2776956224152391,-0.14469262433362576,-0.24774179865616536,0.16443947441990495,0.14261806753877743,0.18360020437083666,0.15708212429988527,,-0.1397607318789585,0.025532858396074536,0.13041751419509703,0.09482228413330376,-0.022806628556004356,0.2177224219872172,-0.027765513385325787,0.019725641791908072,-0.13119258095302364,-0.06108952792264757,0.005485236135077555,0.05292626261652512,0.20827123480473908,0.2055758533928451,0.43411643353609747,0.031262953929800545,-0.03877454619070113,0.17326983698533735,0.1753174014055315,0.2857162137410467,0.29273037509760635,0.2254615214059171,0.19971850809289232,0.19392671570281395,-0.06206896551724138,-0.08320785092497084,-0.018086819045048344,-0.09033769388719115
#53,0.3444670452025874,0.1441759131616747,-0.0684430219891452,0.12170283323532531,0.5402388825156893,0.23907724639217992,-0.023284779192735194,0.27899511245216085,0.2745529387947905,0.17621200582264082,0.25667627466669235,1.0,0.40139396334821126,0.1654266241215428,-0.061351739562145124,-0.24213124078162204,0.17417215350949072,-0.018915870552283266,-0.28470592771827674,-0.3994659365871998,-0.17163872634552169,-0.35776657380004434,-0.042206433825301495,0.06117436110013207,0.03285164798087398,0.05599953727357736,-0.29455428841352316,-0.3288654526524828,0.23156565413127933,0.1559754369390647,0.14986359210665845,-0.16371068030424263,0.33906857027175535,0.23832145990186343,0.05837101018962143,-0.055193622087474574,0.11062053541303153,0.07295460460991199,-0.040845246932027415,-0.0033721188050090133,-0.22644481505403294,-0.023562415046320843,0.23687543983110484,-0.003723019675513096,0.2300733614182565,-0.2635477620429372,-0.23780474872991236,-0.22685355672736737,-0.2590361794221704,-0.48490451447466093,0.045268140321787664,-0.37720879565808374,0.14826718594854096,-0.4047294496447611,-0.15461810609931265,-0.40796082249621624,0.008292443099110215,-0.4939006873415403,0.28843087542055085,-0.06514224017429363,0.3531470216806609,0.4515727878302951,0.09218474352424012,0.0013554028129910444,-0.1997994852168548,-0.4496177686946295,0.2350283901940559,0.08136851339496592,-0.264025912679668,-0.25324824308561406,-0.09281328024832984,-0.429654979611117,-0.19046783569355943,0.04857277819016128,-0.35443108750349456,-0.23857981548783896,-0.06421293127548611,-0.08740709321045376,0.29396045617113165,0.025039283545255607,0.3177098898132706,0.265711008068792,,0.33517010016099025,0.520970183066141,0.3843155022991719,0.371355306411653,0.26821358680458485,-0.044635747544175916,0.3952165656059306,0.16290862117166185,0.46788003817492985,-0.08984411903637222,0.3357716445104258,0.31811477543308303,0.009264168586659982,-0.28545014604802715,0.24661583102773466,-0.26712617971137437,0.12433651779086694,0.00460991198557836,0.1892686030482103,0.15550499840937793,0.5056038097808797,0.19234187770526254,0.33578321267099187,0.17023126680998332,0.2002544995324535,0.17919659124868653,0.3495917403333558,0.22459776541698398
#54,0.2036208342571795,0.2949514619262915,0.25936394397154233,0.25802203734587836,0.32175874601139465,0.7420994283400654,0.5340036439705783,0.1553816046966732,0.18253207754523632,0.44194807823932597,0.4211292452739244,0.40139396334821126,1.0,0.47613199271205886,-0.03098917412973692,-0.018711499715616052,0.3544040951288404,0.3076455901207909,-0.10528375733855186,-0.24802329056327302,-0.0977760211311733,-0.09317960533292202,0.29632421698013167,0.2375579613045029,0.19285087677016957,0.1768829591354728,0.04938640548330811,0.09344952907946362,0.44267687235498826,0.2650709031841362,0.46963068647392825,0.40599423519998457,0.19040228278368504,0.2159370692065206,0.20532135386039158,0.21280209769311598,0.09403179316128908,0.2995440216710208,0.061058679494471385,0.1765667627466669,0.09406649764298729,-0.1409599645243076,0.20581492871121052,0.41416135655962905,0.0032333008782161896,-0.08678626859340807,0.016467276565798734,0.12503060742483105,0.09655365216469204,-0.026026433246893466,-0.05969363654767528,0.015746194557180453,0.20586505740699682,-0.017577819980141324,-0.04706891731657235,0.006036651788726827,-0.27195781477446906,-0.21849363269162175,-0.017099669343410485,0.10506396228779656,-0.0519121205402331,0.13419259059315744,0.10148940067288134,0.07672196890092835,0.170011471759228,0.16081092805568142,0.06073862705214348,0.3723000395245486,-0.025054707759343698,-0.08433381855340152,0.12402032140206105,0.13398050764944616,-0.3341868065128744,0.09986985819363173,-0.3407420975003133,-0.19453597215929358,-0.11195087387812942,-0.1344239538044788,0.2860015617016764,0.3242304763190113,0.12719770950420792,0.24880221337472164,,0.06219621528346814,0.21805404259011116,-0.04754706795330319,0.031077863360743446,0.08963203609266096,0.18988171555821196,0.1339149547395718,0.1924305669362691,0.09067317054360714,0.14265662807399768,-0.23746541601997437,-0.03858945562164403,-0.11286475856284885,0.035512324911069766,0.378095687968149,0.19261565750532617,0.18575573828964745,0.15197285338320496,0.33970096304936714,0.46346871294573566,0.2867226437102947,0.31438211562376484,0.26098734250431393,0.16833023242362605,0.23601168384217172,-0.127718276729681,-0.2295373699786953,-0.1789228114486229
#58,-0.0524519680333163,0.4990562309004849,0.08032352289049773,0.025162677257960342,-0.014662643517492023,0.36179229367703625,0.664523343584009,0.10926320457327948,0.38631293802357974,0.5650063142876424,0.47766670201382394,0.1654266241215428,0.47613199271205886,1.0,-0.030954469648038715,-0.1281385865635815,0.11920411055305448,0.18481486123027388,-0.04449307356386106,-0.1789035311810128,0.12632238535470872,-0.09668475798444083,-0.04051362632913345,0.13596251915976593,-0.03736708665516277,-0.01679504111517068,-4.820066902528607e-05,0.008153625172317392,0.3358603337414323,0.20255656348510118,0.31847724446415315,0.12972728061465494,0.2967830873492524,0.24306826178747362,0.21496148766544879,0.09452536801210801,0.1480203985231315,0.21567100151350102,-0.003950526833312446,-0.01135800564911841,0.13374528838460278,0.2137969595017979,0.18730587180550065,0.21542035803456952,-0.02155341116134692,-0.2558048065707152,-0.03086578041703219,-0.049860700066516925,0.0326202847695526,-0.08432610644635748,-0.19179817415865733,-0.03714729160440747,0.1397491637183924,0.03678096651981529,-0.007297581290428311,0.04932085257343372,0.0822746859726413,-0.14354737643758494,0.06671165395775694,0.1279496399410024,-0.05026944173985135,0.23541013949273615,-0.06888646814417784,0.06818466640316967,0.06641088178303915,-0.08006516730452219,0.17301919350640588,0.5689664812547598,-0.005327137940674616,-0.1790731975359818,0.20035861297754812,0.12279409638205778,-0.27991285319040227,-0.00026799571978059053,-0.11003441527768405,-0.006896551724137931,0.0797451148621943,0.13774401588694052,0.2800516711171951,0.17082124299885282,0.2562983814215341,0.06821551483134586,,-0.052667907030549584,-0.09221173589889428,-0.02380920247173031,0.100421273847281,-0.025941600069408963,0.19220305977846971,0.0570676640991777,0.06737103911002285,0.02270251511090974,0.0633029026442887,-0.2455785526303105,-0.05727203493584491,-0.013127934215726915,-0.03854703903290178,0.1854433979543636,0.10548812817521908,0.04056761107844177,0.08885311328121234,0.05694812643999499,0.28643729574966503,0.07305486200148457,0.17163487029199964,0.1653417909440583,0.39827441604889474,0.2056298381421534,-0.14304608947972197,-0.25303230408838073,-0.12631081719414267
#101,-0.07905102522823017,-0.09762949109733643,-0.2464847252079859,-0.3017882448208381,-0.07497132060192996,-0.10863466784918975,-0.023909459863302902,-0.05810879855012387,0.21711316553073756,-0.3072137121263243,-0.06771422787348289,-0.061351739562145124,-0.03098917412973692,-0.030954469648038715,1.0,0.6067943663058043,-0.21685095389124,-0.08192378510213721,0.6372186285945649,0.3829003306565895,0.42289146173348885,0.33129862242487923,0.019528983062284906,0.35809819440293833,-0.11940462533619967,-0.11329278050379339,-0.22127384728100025,-0.5136128329461213,0.05350467064482855,0.13423115112837766,-0.42293002226870907,-0.2750349454850433,-0.362933685519555,-0.23892686030482102,0.42784649050928825,0.16855002747438133,0.3484773408654912,0.28209923553738925,-0.14082500265103678,-0.0006690252860709707,0.09456392854732824,0.38253786162551934,0.17842152449075993,0.335628970530111,0.06413581020504565,0.3838759121976613,-0.12806146549314104,-0.2736660464847252,-0.17128782547501759,-0.016633086867245718,-0.2043110678376216,-0.046316986879777894,-0.3325017111237504,-0.172872663472569,-0.09241610673556148,0.0450714815921645,0.2285926368657997,0.32039755911812057,-0.45847126758119405,-0.2293869838913364,-0.32893871766940125,-0.23074431473108847,0.22086896166118786,0.3503937994659366,-0.448526505547897,-0.30612630503311383,0.19739330781911252,0.2257275890989367,0.5687698225251366,0.3305351238275187,0.08385952397019271,0.19810282166716475,0.31762120058226406,0.013440274551010769,0.08803562993454349,0.025143396990350227,-0.138164325720841,-0.04507919369920854,0.49621817550827607,0.38812913923245257,0.15407440255270743,0.3388834797026983,,-0.12876712328767123,0.11495859562530727,-0.41066005996163224,-0.33174978068695593,0.13623244290630754,0.2982136832059229,0.08755362324429063,0.15926079453982822,-0.29765455544522956,0.04203676747033249,-0.381465878746397,-0.3958181099553662,-0.0688132031272594,0.203705667434664,-0.4361562858492476,-0.48691737441315686,-0.16541891201449876,-0.48426055353648306,-0.04367173416367019,-0.24365052586929906,-0.1985501238757194,-0.5574060327957352,-0.2812663279766323,-0.5351604600271852,-0.1196976854038734,0.13657563166976758,-0.3179913817203783,-0.3699247105549825
#102,-0.18055006603491655,-0.17411431270666036,-0.2974000559127761,-0.1558057705840957,-0.12754475432118997,-0.10143541592357302,-0.1141025517434182,-0.09315646901178988,0.021418449288076118,-0.2924026105482344,-0.06957670172461994,-0.24213124078162204,-0.018711499715616052,-0.1281385865635815,0.6067943663058043,1.0,-0.4331562762091138,-0.15233917846779713,0.6253689761213885,0.7630840716069139,0.08600348972843742,0.7616341954826333,-0.024645966086009274,0.38226408182545574,-0.2143560872624912,0.20644346543530023,-0.1528597456932702,-0.17981741586573222,0.11310383388121427,0.15161424040565682,-0.4880009254528453,-0.24483047824703807,-0.43532337828849066,-0.32942843646669817,0.33503899434124146,0.14452681403217876,0.3284065822833621,0.24953100749038395,-0.04782855986041086,0.3885725853874852,0.2653408269306778,0.18966192050745664,0.01728090385894556,0.2698601216584886,-0.12406659404432534,0.5935603906182217,-0.11261797113743939,-0.07109598681229695,-0.25584722315945746,0.08849450030366421,-0.18339197748064742,-0.007259020755208082,-0.5171256977046842,-0.0752142519738174,-0.09706265122959906,0.2786596357957448,-0.1899588366286524,0.6065128743986966,-0.4469223872827355,0.09493410968544243,-0.46543144418844534,-0.4294583208814938,0.451221886959791,0.4807901053666625,-0.22606306575535268,0.03454445547704202,0.2950709995854742,0.12744064087609536,0.46195713996510274,0.70278310662952,-0.12063856246324699,0.30681653861355596,0.2934591692132687,0.07026693530506203,-0.04859977056481544,-0.10330560188175412,-0.3997281482266974,-0.2264023984652907,0.25126623157529426,0.46329519053724466,0.07931323686772772,0.23330473426971166,,-0.21020311761927254,0.04792110514493941,-0.3386328362237668,-0.42369737691959164,0.12208072648048354,0.4412308522842297,-0.18088168663781054,0.014554674018875382,-0.4036034820163304,-0.08449191674780446,-0.38704558819276413,-0.3316263869742512,-0.31665333114823635,0.2820105463063827,-0.5131963791657428,-0.3052818293117908,-0.24962355277491252,-0.40909450223169097,-0.42714854482180215,-0.3014180636827239,-0.33471894189891355,-0.49251636412713407,-0.49755237002689595,-0.7092728447070845,-0.2686955934948377,0.0435714767720976,-0.38033219901092225,-0.4091407748739552
#201,0.2728292828704462,0.10266935305062035,0.36714835201912605,0.32189756393818747,0.05891856978974868,0.3141199039842673,0.2124511968226119,0.21405531508777342,-0.041119026732091044,0.4625856766891924,0.371686927014547,0.17417215350949072,0.3544040951288404,0.11920411055305448,-0.21685095389124,-0.4331562762091138,1.0,0.24151041616457636,-0.4733209296945042,-0.5568430489815198,-0.11040074036227623,-0.4361562858492476,0.4993570030752027,-0.07527594883016976,0.49461020118959254,0.09034926204775723,0.29795532761994736,0.11666682733556341,0.14670162821859967,-0.1382954315405898,0.4632604860555464,0.23186257025247511,0.28277404490374325,0.4524789604079705,-0.22892040141517164,-0.09789941484387803,-0.23682145508179653,-0.1249187818726924,0.13385325788321942,-0.20548716416183857,-0.09426701242613247,-0.2123663636451274,0.011778315483018904,-0.06477205903617943,0.33735648250797723,-0.19772107236848446,0.2048547713842268,0.10879662209711471,0.4007345781959454,-0.07492119190614366,0.3842730857104297,0.08844822766139994,0.7349271687891028,0.05184656763035871,0.22073399978791705,-0.15862454570869444,-0.10186343786451756,-0.513562704250335,0.3652241813116366,-0.03592106658440419,0.15906413581020504,0.05258307385306508,-0.2861982204312996,-0.33592588665130674,0.1802685741278089,-0.0011895925115440603,-0.2536377044913383,-0.01089142317295364,-0.2937329490133323,-0.3913527999768637,0.122998467218725,0.02255598507707287,-0.28646043207079713,-0.21611444766853363,-0.24936134113541497,-0.3225955096256736,0.1369342446473157,-0.11677865288770208,-0.0042628671685963,-0.2011452478960408,-0.08639295113416175,0.0005186391987120781,,0.07901246469300995,-0.13787897776021132,0.1008570078952696,0.15865539413687063,-0.02985163834074017,-0.11204727521618,0.036734693877551024,-0.032535451592068096,0.19321720185476174,0.15915282504121156,0.21817743630281589,0.23679446270714238,0.42268709089682166,0.005570069312562058,0.7170312243933946,0.2744912419384381,0.3933270993801394,0.48421813694774085,0.5626155611039881,0.3124001041134451,0.5206154261421149,0.44772830246883827,0.5306758697810725,0.3933656599153596,0.07517183538507514,-0.3887615320100643,0.10592771827672968,0.16000115681605662
