,#10,#11,#12,#13,#17,#18,#26,#49,#50,#51,#52,#53,#54,#58,#101,#102,#201,#202,#301,#302,#401,#402,#501,#502,#601,#602,#701,#702,#801,#802,#901,#902,#1001,#1002,#1101,#1102,#1201,#1202,#1301,#1302,#1401,#1402,#1501,#1502,#1601,#1602,#1701,#1702,#1801,#1802,#1901,#1902,#2001,#2002,#2101,#2102,#2201,#2202,#2301,#2302,#2401,#2402,#2501,#2502,#2601,#2602,#2701,#2702,#2801,#2802,#2901,#2902,#3001,#3002,#3101,#3102,#3201,#3202,#3301,#3302,#3401,#3402,#3455,#3501,#3502,#3601,#3602,#3701,#3702,#3801,#3802,#3901,#3902,#4001,#4002,#4101,#4102,#4201,#4202,#4301,#4302,#4401,#4402,#4501,#4502,#4601,#4602,#4701,#4702,#4801,#4802
#10,1.0,0.5203262221279631,0.6021825262934649,0.4403053994389442,0.08197391379792351,0.019478854366498606,0.2114756152815401,0.3426084274049724,-0.1287439869665391,0.4931371887441798,0.5446309274772734,-0.13837640866455225,-0.10176318047294497,-0.06992760259512402,-0.20649745018460855,0.11125292819064328,0.5308879527247838,0.35972930504275397,-0.23884202712733651,0.09615647865192369,-0.038223130537051855,0.30999778276922485,0.11045086905806252,0.3667627466669237,-0.057514966307732354,0.07451245023280924,0.25302073592781466,0.4653851715461811,-0.10317064000848332,-0.18570175354033913,-0.04826814996192147,0.09598681229695469,0.4896204679320949,0.22649494374981924,-0.02995960783935681,-0.20918897554298055,-0.20387147773611097,-0.270423105472704,-0.029365775596965286,0.3174245418526409,-0.04386839289329336,-0.1156681094733595,-0.35498635921066585,-0.0050957747293532436,-0.06924508112172596,0.14949726702206625,0.15343429766805164,0.17108345463835037,0.173208140128985,0.23323918135983726,0.10131587826439031,0.29290004145257537,0.10080687919948329,0.3877126854520741,-0.12122468259859447,0.27826246228297646,-0.12048046426884405,-0.008007095138480523,-0.13448179460730916,0.01599298198258992,-0.2663164084717496,-0.14019646592694707,-0.3273307433507177,-0.27896426402398466,0.03934524211196051,0.12888666094685394,-0.3736805066854328,-0.1275331861606239,-0.0375907377594401,0.12423626039929435,0.15107439291257363,0.22565046802849623,-0.08009601573269837,0.05834401781496727,-0.24560168895144266,-0.18815805963386772,-0.28398098965613644,-0.14653967397067472,-0.289641676226466,-0.24935748508189293,-0.3564208111208584,0.044211581656753395,-0.07459342735677171,-0.1619561759517222,-0.09997011558520433,-0.03734395033403064,-0.32320862213567525,-0.2266029132484359,0.24065051622916525,-0.12589821946728622,-0.2054910202153606,-0.007274444969296173,-0.2409628565644491,0.06221935160460027,0.0024235296385913836,0.39953920160411827,0.23884588318085856,0.43469869761792296,0.32153895096063934,0.1700731686155804,0.36123702196986496,0.20520181620120886,0.13413860584384912,0.49534285135877687,0.28696171902866013,0.4780445952589822,0.3264669873617846,-0.04845324053097857,-0.1149277471971311,-0.32670220662662797,-0.10204467238005263
#11,0.5203262221279631,1.0,0.5372967136783858,0.3764761454888994,0.17276469397395236,0.33223949948425285,0.27112490721371213,0.13666046484725208,0.08418343246604262,0.41162792939566,0.4009119566579584,-0.09048807997455005,0.05912679667993792,0.00035282889726509406,-0.13955250498876925,0.002408105424503292,0.18237397935083338,0.4192282108875671,0.05376302623080408,0.08569886150019762,-0.12970414429352278,-0.04788640066324121,0.0700741326289609,0.07620140167545525,-0.21480724552456787,-0.07861529118024158,0.1171526900793383,0.18416704423857402,0.18108991352799977,-0.018553401521213115,-0.17414130508131453,0.28934476010527027,0.47289290775355963,0.2981134258143503,-0.010606075212323948,0.1312735580769861,-0.0020996211427414613,-0.0750638658864585,-0.0005109270916680323,0.07545718334570484,-0.03743263956503716,-0.05751882236125437,-0.19109637241764915,-0.0751988277597293,-0.16560014653003383,-0.05306508054331794,0.10530303760616197,0.13704607019945436,0.2651094637193564,0.18972747341733104,0.09828502019608032,0.18448324062737992,-0.018256485400017352,0.0475663482209133,-0.1295537582061639,0.03912544706120521,-0.23942043515563996,-0.31227285434721835,0.016309178371395797,0.09228114486229069,-0.21805018653658914,-0.3027329779337337,-0.011994254480252186,-0.19960282648723165,-0.07133120607714034,0.007841284837033538,-0.1032516171324458,-0.1656965478680844,0.19273133911098686,0.4009158127114804,0.3564632277096006,0.4410187693405184,0.03960745375145807,-0.21705918078142925,-0.3172355952300618,-0.3086057474477746,-0.18679301668707163,-0.1379291064559976,-0.03050716743948406,-0.02367809665198153,-0.18703209200543702,-0.029215389509606393,-0.1508314615406862,-0.03857017535403391,0.011893997088679591,-0.16866185302652,-0.2838575959434317,-0.0453915340344924,0.13466302912284422,-0.00583999305910366,-0.021329760057069592,-0.052856853653128706,-0.11001899106359596,0.3606200534063413,0.07470139685538835,0.19860410862502773,0.4138721525454773,0.2808267378751217,0.31350293542074364,0.33038859379368185,0.3290235508468858,0.05345839800256427,0.30312243933945804,0.5162966461974492,0.45933116751660513,0.43757145749182996,0.377255068300348,-0.19146269750224132,-0.40005591277606933,-0.031023878611435126,-0.04195964639989203
#12,0.6021825262934649,0.5372967136783858,1.0,0.6425669748296107,0.17835211552736352,0.4384660619089393,0.26735754292269576,0.013370865587614356,-0.02615368301312022,0.5082027898547232,0.3280711056269461,0.034895356347546105,0.14537900186054584,-0.2582418323966337,-0.46702013823951877,-0.0011510319763238313,0.6097442472501519,0.6404962740882844,-0.4594429930687438,0.01906625663964216,-0.21483038184570002,0.2895876914771577,-0.006244878678916064,0.3557228654333722,-0.2438587527594883,-0.17635467980295566,0.25422768068020785,0.4724147571168288,-0.16185977461367163,-0.18118631486605033,0.055783598276344076,0.190899713688026,0.6260437854877425,0.13718488812624718,-0.2903936066632605,-0.1648867766284596,-0.48876828010372786,-0.3980584770516615,0.038840099100575516,0.25984595066179517,-0.040710285058756616,-0.09457549670789431,-0.26577656097866637,0.2424782855986041,-0.03516913614760973,0.3701599298198259,0.22722373786548158,0.3245813771895154,0.196795619523199,0.4072166041664658,0.40007519304367944,0.6366672129409157,0.09926445779067414,0.45898026664610103,-0.2880375579613045,0.09816933859041964,-0.16894720098714971,-0.034953197150376446,-0.22910934803775077,0.24301813309168732,-0.342708684796545,-0.10833389567447196,-0.5501335158532,-0.4724031889562627,0.018672939180395823,0.008199897814581667,-0.4336151465782345,-0.1943585936972805,-0.23352838537398898,0.16124666210367,0.20206684468780425,0.2441980854694263,-0.09550480560670183,0.004771866233503321,-0.2571312889822911,0.028054717399477506,-0.26179711374393877,0.011296308792766043,-0.2614616370875228,-0.2617045684594102,-0.21929954787772454,0.2073457819594536,-0.06715124405926755,-0.20187789806522516,-0.02263696220103535,0.016721776098252244,-0.2937522292809424,0.09587498674481602,0.27520075578649034,-0.08080552958075059,0.09182613054669199,-0.016656223188377856,-0.0380958807708251,0.07468211658777824,0.0628825928103882,0.3505326173927294,0.10357938168181774,0.5841014913286996,0.542197757704877,0.31449779722942556,0.5330589108576828,0.5793932499783097,0.1398609892705311,0.7044604899115999,0.4959636759758225,0.5736901468192378,0.5316668755362325,-0.14900754822476936,-0.21603347054457117,-0.49242767489612754,-0.2409937049926253
#13,0.4403053994389442,0.3764761454888994,0.6425669748296107,1.0,0.10209094502231691,0.13535326270328632,0.0019106745201623399,-0.07024379898392989,-0.18714006150405368,0.5464548407931902,0.02597630455110717,0.1107169367510821,0.16967985115633405,-0.5249072137121263,-0.12440978280778538,0.14193169001185738,0.3936355836619012,0.26148862946217694,-0.13301649426894047,-0.03688122391138789,-0.12119383417041829,0.052043226359981876,-0.12679282388439553,0.2925877011172915,-0.1486412231401772,0.026608697328718924,-0.09169888078046523,0.0936500438626088,-0.07081449490518929,0.20128792187635564,-0.04353291623687737,0.3220903666142886,0.30273683398725576,0.296370489622396,-0.04050977027561142,-0.029654979611117002,-0.1977750571177928,-0.16422353542267168,-0.05677460403150396,0.3123191269894826,-0.01588501248397328,0.001297562010160701,-0.10357552562829572,0.25734722797952436,-0.15257825378616255,0.09826573992847021,0.1662363953611676,0.2926146934919457,-0.07055999537273577,0.24172635516180965,0.10717322356434307,0.31229599066835045,0.0873646766217115,0.33543231180048777,-0.11562183683109521,0.19780204949244695,-0.2603703739407903,-0.13122342938119982,-0.11082876230322077,0.10929790905497769,-0.1958393182497373,-0.14991757685596677,-0.3230505239412723,-0.293844774565471,-0.23196668369756973,-0.1375897737460596,-0.4606075212323947,-0.3006082924430991,-0.08699063943007529,0.12278638427501373,0.015133082047178815,0.07996490991294959,-0.29011211475615284,-0.05700982329634735,-0.37382318066574766,-0.22238439069534285,-0.2905439927506194,-0.20910414236549604,-0.3306353812190913,-0.1167130999778277,-0.12733267137747872,0.14553324400142675,0.004070064492495156,-0.18462977066121677,0.0034800883036256542,0.11562183683109521,-0.3532704153933657,-0.03694677682126228,0.20921211186411268,-0.11712955375820616,-0.039171719703469485,-0.011350293542074364,-0.14666306768337944,0.165627138904688,0.3303461772049396,-0.0619378596974926,0.16366440766197834,0.20089074836358728,0.18831615782827066,0.11524008753241495,0.18315675821580404,0.29406071356270425,0.21753347536463807,0.33631920411055305,0.25887808122776745,0.21975070613980122,0.2916275437903078,-0.24928036401145248,-0.23389471045858118,-0.09587884279833804,0.08902663568970337
#17,0.08197391379792351,0.17276469397395236,0.17835211552736352,0.10209094502231691,1.0,0.44854578581550714,0.06989675416694784,0.22698466254711616,0.32603896542084004,0.11241360030077217,0.10501768964553228,0.4333490788852149,0.4061407652338214,0.2194113734298632,-0.24703999691515718,-0.19349869376186943,0.03606759661824106,0.19107323609651702,-0.11412954411807236,0.014577810340007519,-0.21507331321758746,-0.2021555339188108,0.04595451784870774,-0.11165781381045568,-0.31532299268313846,-0.12617971137439388,-0.26265701367934985,-0.11443031629279014,0.28198740998525057,0.24233175556476724,-0.27753752422083616,-0.019139521656560594,0.01792100874360136,-0.1944935555705513,-0.07690705946998544,0.09833514889186662,-0.12675040729565326,0.18615676785593785,-0.20959386116279294,-0.10664880028534796,0.06638774546190701,0.11910385316148188,0.27398224287353107,0.07443532916236878,0.16143560872624912,0.16352944578870754,-0.3020890169955559,-0.10834931988856006,0.11510126960562213,0.11776965864286196,0.1376051979601477,0.04444294486807477,-0.1389740969604658,-0.0956860401222369,-0.21711316553073756,-0.21168769822525135,0.08174255058660214,0.014172924720195117,0.07910115392401647,0.17801663887094754,0.08876056799668379,0.10396884308754205,0.13987641348461916,0.04511004212738473,-0.37332189370788466,-0.44415759690744505,0.10913595480705272,-0.1499252889630108,0.013521251674973249,0.09046494365341791,0.059442993068743795,0.03285164798087398,0.05155736361620699,-0.2774835394715279,0.06013322664918589,0.016910722720831366,0.009773167651567004,0.04708819758418247,0.07970655432697406,0.1618057898643633,0.21660416646583056,0.4272757945880289,0.10912824270000868,0.5743071153827615,0.6376003778932452,0.2420039910153953,0.34659944280026606,0.4142693260582457,0.0911050485380737,0.4791744189409349,0.5734125109656522,0.29645532279988046,0.5667569625866407,0.3157702948916931,0.3475518880202057,-0.06548157288423163,-0.11124907213712126,-0.06305611521887924,-0.03174110456653138,-0.09900224615117657,-0.05903425139540937,0.024109974646448092,0.0004762226099698264,0.3363269162175971,-0.044674308079396145,0.04136967021102253,-0.042989212690272144,0.12836609372138086,-0.034972477417986564,-0.24353098821011634,-0.04282725844234718
#18,0.019478854366498606,0.33223949948425285,0.4384660619089393,0.13535326270328632,0.44854578581550714,1.0,0.23003865693655828,-0.12008714680959771,0.17115286360174678,0.23943200331620604,0.05338127693212382,0.357203589985829,0.3980122044093972,0.2063007914549854,-0.4286331254277809,-0.17701020890169955,0.1629124772251839,0.452737315993946,-0.2797971715847416,-0.005053358140610992,-0.3354284557469658,-0.05162677257960341,0.05220518060790684,0.011697338359056423,-0.3127741413050813,-0.22057975764703613,0.07210241678154493,0.0781140042223786,0.1502453414053387,0.02094029865134528,0.08300733614182565,0.04546094299788881,0.35591566810947334,-0.085930224711519,-0.23275331861606238,-0.004999373391302671,-0.14843299624998796,0.005030221819478854,0.08516672611415846,-0.06014479480975196,0.17451534227295074,0.045063769485120454,-0.11744575014701204,0.09666933377035274,0.06378105328101955,0.3161057715481091,0.08300733614182565,0.12715529291546568,0.23370576383600206,0.17200890748363587,0.3238063104315888,0.26350920150771695,-0.09353821831047016,-0.006468529783193391,-0.29847975089894246,-0.22324429063075396,-0.05939672042647952,-0.1208429332999142,-0.0042281626868980945,0.25023280923139213,-0.014465984787868856,0.032612572662508554,-0.08344307018981423,-0.11712955375820616,-0.039699999035986616,-0.21503860873588926,0.10233002034068232,0.10381845700018316,-0.10247655037451919,0.21262857528462495,0.18927631515525437,0.3030183258943634,-0.0025237870301639785,-0.10303953418873454,0.015672929540262018,0.114407179971658,-0.034070160893833204,0.11968997329682936,0.07944434268747651,0.12886352462572181,0.117777370749906,0.16453587575795553,-0.12698177050697465,0.16057956484436003,0.26856448767508895,-0.0012705696355065409,0.060430142770381653,0.49002149749838525,0.11133004926108374,0.09619503918714392,0.3061957139965103,0.07315126333953516,0.31983843135742723,0.16751660513047922,-0.10522591653572151,-0.01875777235788033,0.005701175132310836,0.29532935517144976,0.3216122159775578,0.2902702129505558,0.3143936837843309,0.3920276093432177,0.1322992683138442,0.49611791811670347,0.37739774228066286,0.36648511081333807,0.328560824424243,0.0027050215456990542,-0.08973614953775558,-0.26996423510358325,-0.16227237234052808
#26,0.2114756152815401,0.27112490721371213,0.26735754292269576,0.0019106745201623399,0.06989675416694784,0.23003865693655828,1.0,-0.05052394127230486,0.009052085642948723,0.17904234910780562,0.27069302921924554,0.18152179152246634,0.10511023493006083,0.13555377748643152,-0.38592733267137747,-0.10280045887036912,-0.011165202973017265,0.10853441045761715,-0.27822390174775624,-0.1036410785381701,-0.11677479683418006,0.21266327976632315,0.009248744372571891,0.1047516219525127,-0.13174785266019493,-0.010239750127731774,0.10346370007615706,0.08451890912245862,-0.1121321083936645,-0.160406042435869,0.1654266241215428,-0.0658980266646101,0.14893813926137295,-0.1263031050870986,-0.28753627100344153,-0.26994495483597314,-0.2541235672351132,-0.32047082413503897,-0.08711788919630205,0.01824106118592926,-0.3260158290997079,-0.17778141960610414,-0.09372330887952725,0.05429901767036526,0.16973769195916438,0.11911542132204796,0.039522620573973564,0.1119971465203937,0.25431636991121437,0.3170119441257845,0.1589715905256765,0.19094598633029025,0.07903560101414207,0.08619243635101655,-0.1661168577019849,-0.17669015645937167,0.13404606055932056,0.1435705127587171,-0.06498028592636866,0.10555368108509346,0.05412549526187423,0.06981577704298536,-0.2866725150145084,-0.16167468404461455,0.001671599201796921,-0.029180685027908188,-0.20468896108277984,0.09624516788293022,-0.2116067211012889,0.02533619966645137,0.021036699989395852,0.14501267677595364,-0.024738511370537824,0.0575573828964746,0.005697319078788813,0.13945610365071867,0.033495608919051796,0.22897824221800198,-0.2939951606528299,-0.20792804604127904,0.003723019675513096,0.11308455361360416,0.08052018162012088,-0.104126941281945,0.04967946555098185,0.10692258008541158,0.10866166022384391,0.06867052914694456,0.13744709976574476,0.17632383137477947,0.06758312205373411,0.01690301061378732,0.11401386251241168,0.09938013939633482,0.05555994717206675,0.07776310335187453,-0.08571814176780773,-0.06887489998361178,0.06431704472058072,0.11684806185109849,0.09433642138952889,0.09434798955009495,0.15605255800950518,0.18528144370643865,0.2494037577241572,0.10222976294910974,0.18607193467845334,0.07828752663086963,-0.04972573819324612,-0.036472482238053466,0.03793392652290014
#49,0.3426084274049724,0.13666046484725208,0.013370865587614356,-0.07024379898392989,0.22698466254711616,-0.12008714680959771,-0.05052394127230486,1.0,0.28502983621412664,0.09071173107882738,0.5896503523468906,-0.017944145064733498,0.07007027657543886,0.20375965218397232,0.25342176549410506,-0.22326357089836407,0.2992818100315232,0.004833563089855687,0.14207822004569423,-0.08181581560352058,0.43303288249640903,-0.04506762553864248,0.13917846779713303,-0.27916863486065185,0.10429660763691401,-0.2839887017631805,0.037968631004598345,0.10691486797836754,0.2173753771702351,-0.12381209451187182,-0.3348847522003605,-0.02260996982638119,-0.04885427009726895,-0.21491135896966249,-0.0715587132349397,-0.07731194508979784,-0.02966269171816105,-0.13094193747409213,-0.10471691747081449,-0.193768617508411,0.10077217471778509,-0.046667887750281974,0.07337491444381249,-0.10470920536377044,0.11391360512083908,-0.15811940269730945,-0.298232963473533,-0.1798135598122102,-0.1074817078461049,-0.16884694359557711,0.02593774401588694,-0.14103708559474806,0.21206173541688758,-0.057113936741441974,0.27985501238757193,-0.24204640760413754,0.11417967281385866,-0.1393597023126681,-0.2078007962750523,-0.3079502183490307,-0.1402851551579536,-0.1258442347179779,0.06228876056799668,-0.018483992557816704,-0.01687987429265518,0.02060482199492929,0.08291093480377508,-0.06784147763970964,0.15599857326019684,-0.09035697415480126,0.10901641714787001,0.11425679388429912,0.311212439628662,-0.17042792553960648,0.05769620082326743,-0.11360512083907724,0.2303779896464963,0.12473754735715732,0.20197815545679773,-0.23625075916053714,-0.15304483626232732,0.17183152902162283,0.13851908264486712,0.37468308060115874,0.23111449586920266,-0.13345994042397308,-0.10879276604359268,0.009456971262761127,-0.02833235325306315,0.16142404056568305,-0.0019723713765147062,0.051183326424570776,0.04746994688286273,0.03587093788861789,-0.07729652087570975,0.41605082278542027,-0.15262452642842683,0.06551242131240782,-0.04378741576933088,-0.2719925192561673,-0.09576316119267736,-0.19817223063056116,-0.17790866937233088,0.005674182757656676,-0.1334637964774951,-0.013849016224345194,-0.13751265267561913,-0.0034338156613613795,-0.07386077718758736,-0.21921085864671802,-0.3697049155042272
#50,-0.1287439869665391,0.08418343246604262,-0.02615368301312022,-0.18714006150405368,0.32603896542084004,0.17115286360174678,0.009052085642948723,0.28502983621412664,1.0,-0.25498346717052434,0.05289155813482691,-0.008963396411942198,0.10232230823363828,0.11030048297070363,0.011049521367356579,-0.20911956657958414,-0.16295489381392614,0.08757290351190075,0.0008733961227381836,0.006530226639545757,-0.03209971754407951,-0.16457443629317575,-0.05223602903608302,-0.19751284547829523,-0.1443108750349455,-0.3018692219448006,-0.2071606913903965,0.12174524982406756,0.13633270029788014,0.07906644944231826,-0.392590593157433,-0.10045212227545719,-0.1536849411469831,-0.26959405396546904,-0.18269017573963928,0.05638514262577964,-0.04289281135222157,0.0028284152584037866,-0.12476068367828945,-0.3580750580818062,-0.07544175913161674,0.008142057011751323,0.17824028997522487,-0.08894951461926291,0.023735937454811874,-0.04177069977731291,-0.3448218021266135,-0.04659462273336354,0.005361842422372823,-0.045376109820404305,0.03622955086616602,-0.051985385557151535,-0.06076947548031967,-0.26779327697068434,0.05823219226282861,-0.3957371328314037,0.16130835896002235,0.04313959877763103,0.03049559927891799,0.07735050562501808,0.1452903126295393,0.06056124859013043,0.20449615840667867,0.02000713369901574,-0.24081247047709023,0.029234669777216508,0.1954344326299249,-0.21856304165501816,0.04106504198278272,0.08680940491454021,0.13710776705580674,0.28126247192311027,0.33742589147137364,-0.10464365245389606,0.2320669410891423,0.14520547945205478,0.07870398041124811,0.10812952483780475,0.19555782634262964,0.0065880674423761006,0.1687119817223063,0.2174872027223738,0.1257632575940154,0.30648106195714,0.28020591325807603,0.10253824723087157,0.016189640712213085,0.21465300338368695,-0.14036613228191608,0.3222407527016475,0.3056327301822949,0.15983534651460962,0.3065736072416685,0.07753174014055315,0.024167815449278436,-0.050975099534381535,-0.16353330184222958,-0.11367838585599568,-0.07562299364715182,-0.11824009717254876,-0.08532096825503938,-0.30823556630966037,0.029481457202625974,0.13524143715114767,-0.007259020755208082,-0.13056018817541187,-0.12444063123596155,0.07504458561884839,-0.04565760172751198,-0.17876085720069795,-0.1542055083724562
#51,0.4931371887441798,0.41162792939566,0.5082027898547232,0.5464548407931902,0.11241360030077217,0.23943200331620604,0.17904234910780562,0.09071173107882738,-0.25498346717052434,1.0,0.23345897641059257,0.03318712463728996,0.06368465194296896,0.0644635747544176,-0.18889070980305206,0.022166523671348557,0.43566656705195067,0.24445644105540185,-0.19874678260534256,-0.0736988229396624,-0.13394580316774796,0.08700606364416338,-0.061332459294535006,0.2032352289049772,-0.20934707373738348,-0.17070941744671417,0.18169916998447938,0.1884241273268873,-0.008234602296279873,0.022980150964495388,0.13433140851995026,0.33045029065003423,0.4304686069042638,0.1167979331553122,0.01610095148120656,0.03515371193352164,-0.1552003701811381,-0.12834681345377075,0.08306132089113397,0.3920353214502617,0.18794597669015645,0.18715162966461973,-0.2520258741191328,0.3059142220894026,-0.16036748190064878,0.14655895423828483,0.15082760548716417,0.33995546258182063,0.08946236973769196,0.35771644510425804,0.27180742868711016,0.3706689288847329,0.21739851349136727,0.44133882178284634,0.03963444612611223,0.2897380775645166,-0.25438192282108874,-0.27569433063730925,-0.10814880510541486,0.002211446694880125,-0.49419760346273606,-0.4720831365139348,-0.23537157895751593,-0.17136494654545806,-0.012183201102831307,-0.08234409493603771,-0.1273133911098686,0.10115006796294333,-0.1451206462745703,0.04113059489265711,0.06953042908235567,-0.049860700066516925,-0.35333596830324004,-0.07789035311810127,-0.4265315762582785,-0.330754918878274,-0.32391813598372743,-0.19675705898797877,-0.2130565972255695,-0.16158213876008598,-0.07482479056809309,-0.03768328304396865,-0.18019530911089046,-0.012329731136668177,-0.10231074007307221,-0.20450001446020072,-0.40556621325904,0.0663530409802088,0.033885070324776105,-0.3070633260389654,-0.19038685856959695,-0.24430219891452093,-0.04992239692286929,0.2518793440852959,0.18522360290360831,0.13662190431203186,0.17556033277741895,0.2652367134855832,0.39503918714391756,0.2324679706554327,0.3975417658797104,0.25769812885002846,0.20811699266385816,0.409268024640182,0.38218310470149325,0.37813810455689123,0.40487983573211994,-0.4150983775654806,-0.18742926551820538,-0.02851744382212025,0.23251424329769696
#52,0.5446309274772734,0.4009119566579584,0.3280711056269461,0.02597630455110717,0.10501768964553228,0.05338127693212382,0.27069302921924554,0.5896503523468906,0.05289155813482691,0.23345897641059257,1.0,-0.06958055777814195,-0.096376273702679,0.09157163101423847,-0.08333895674471961,0.14700625644683948,0.41690686666730936,0.32864565760172754,-0.11577993502549816,0.13044065051622916,0.1032516171324458,0.33180762148978626,0.17299991323879577,0.1320794732630889,0.0006536010719828791,-0.032585580287854396,0.25801432523883433,0.3546585946612939,0.0800497430904341,-0.23478545882216845,-0.13721573655442337,-0.002354120675194972,0.279696914193169,-0.010787309727859023,-0.20902316524153355,-0.12056144139280653,-0.2693048499513173,-0.22252320862213568,-0.10244955799986503,0.06077333153384169,0.1279997686367887,-0.055459689780494155,-0.25969556457443627,0.19520692547212556,0.06579391321951548,0.16696904553035197,-0.06849700673845353,0.04897380775645166,0.024167815449278436,0.08008830362565432,0.1257941060221916,0.13958720947046746,0.13774401588694052,0.2818177436302816,-0.0754340470245727,0.02951616168432418,-0.11759613623437093,-0.06552398947297389,-0.33963926619301477,-0.21614529609670982,-0.3877859504689925,-0.2791763469676959,-0.24218522553093036,-0.12298689905815893,0.16319782518581358,0.09325287034984045,-0.09087368532675233,0.04970645792563601,0.011153634812451197,0.0597977499927699,0.22703864729642448,0.22677257960340488,-0.01735802492938602,-0.039306681576740284,-0.2396826467951375,-0.23079058737335273,-0.03865500853151842,0.0045559272362700395,-0.011196051401193449,-0.1654921770314172,-0.31604793074527876,-0.06088515708598035,0.01121147561528154,0.06390444699372427,-0.043930089749645726,-0.09860507263840822,-0.22764019164586005,0.036742405984595064,0.1274136485014412,-0.09313718874417977,-0.030314364763382916,-0.21129823681952706,-0.1817840031619639,0.00573202356048702,-0.18455264959077633,0.6051555435589446,0.1147272324139859,0.3485968785246739,0.31642196793691496,0.0024350977991574522,0.15363866850471886,0.10294698890420599,0.08889167381643258,0.18805009013525106,0.11907686078682772,0.2949630300868576,0.11775037837525185,-0.2642418516769013,-0.4403670962952966,-0.19939845565056444,-0.37988489680236764
#53,-0.13837640866455225,-0.09048807997455005,0.034895356347546105,0.1107169367510821,0.4333490788852149,0.357203589985829,0.18152179152246634,-0.017944145064733498,-0.008963396411942198,0.03318712463728996,-0.06958055777814195,1.0,0.6015501335158532,0.048364551299972046,-0.10008194113734299,-0.20873396122738183,0.15643430730818544,0.006117628912689308,-0.03223853547087233,-0.10448555425949312,-0.06457540030655626,-0.16514513221443514,0.001802705021545699,-0.0880896146838518,-0.10427347131578187,-0.01901227189033384,-0.34986937618694147,-0.4490509288268921,0.1774729353243423,0.22275842788697908,-0.015896580644539346,-0.1878881358873261,-0.2660117802435098,-0.31787184406119556,-0.0725034463478353,-0.05785815507119239,-0.15201912602546924,-0.005720455399920951,-0.2033007818148516,-0.2054100430913981,0.052432687765706185,0.10091099264457791,0.3884491916747804,0.05609593861162793,0.1051565075723251,-0.06318336498510599,-0.18760278792669643,-0.11289946304454705,-0.13400750002410033,-0.07789806522514532,-0.08472327995912583,-0.18614519969537177,-0.12587508314615406,-0.20871468095977172,-0.16339833996895878,-0.29387947904716916,0.08371684998987786,0.04696094781795571,-0.04340566647065061,0.004621480146144429,0.24472636480194346,0.2968679205267369,-0.012892714950883519,0.03650333066622965,-0.3026327205421611,-0.4320495888482932,0.13410390136215092,0.024962162474815152,-0.02848659539394407,-0.07974897091571631,-0.06299441836252687,0.03619870243798984,0.044053483462350454,0.10841101674491242,0.21260929501701484,0.18058477051661478,0.05094810715972738,0.14573375878457193,-0.01083743842364532,0.14017332960581494,0.25279708482353735,0.42801230081073527,0.12593292394898442,0.3209913913605121,0.6952599462080533,0.47285049116481737,0.3732293484233561,0.49174900947625155,0.14721448333702872,0.5488841545120646,0.4891693096700182,0.4839752055758534,0.376406736525503,-0.13778257642216074,0.1824588125283179,-0.24078547810243606,-0.2153509490711731,-0.14279930205431252,-0.2698254171767904,-0.130243991786606,-0.3410660059961632,0.26601949235055383,-0.2641415942853287,0.05427973740275515,-0.2959193313603193,-0.14080957843694872,-0.3014874726461203,0.22273914761936894,0.15449856844012994,-0.10647913393037896,0.045838836243047056
#54,-0.10176318047294497,0.05912679667993792,0.14537900186054584,0.16967985115633405,0.4061407652338214,0.3980122044093972,0.10511023493006083,0.07007027657543886,0.10232230823363828,0.06368465194296896,-0.096376273702679,0.6015501335158532,1.0,-0.059462273336353906,-0.06439030973749915,-0.4009736535143108,0.09511920025449953,0.21339978598902953,-0.042430084929578823,-0.30929212497469466,-0.005157471585705609,-0.3447639613237832,0.0048412751968997325,-0.2761763373275621,-0.03565114283786259,-0.24816982059710987,-0.2694243876105,-0.44880414140148267,0.35219072040719923,0.2719308223998149,-0.3272613343873213,-0.01485930224711519,-0.13249592704346735,-0.24812740400836764,-0.1980835413995546,-0.07022451871631978,-0.1306141729247202,-0.06132089113396894,-0.0688980363047439,-0.3661573462639661,-0.04966018528337173,-0.1417890160315425,0.478518889842191,-0.08261787473610134,0.10861538758157963,-0.045661457781034004,-0.3414284750272334,-0.32558395110524135,-0.15980064203291142,-0.17697164836647933,0.04456248252725748,-0.08854462899945051,0.033962191395216564,-0.19844215437710275,-0.0418362526871873,-0.457958412462765,0.0692335129611599,-0.15057696200823267,-0.13005504516402688,-0.04491338339776156,0.24184974887451438,0.13461675648057994,0.025124116722740113,-0.18151022336190026,-0.30321112857046456,-0.40838113233011675,0.05673604349628373,-0.13062959713880828,0.038986629134412386,0.05617691573559041,0.017381161250518157,0.2063007914549854,0.2057416636942921,0.10532617392729411,0.17738039003981376,0.16089190517964388,0.2872586351498559,0.2232867072194962,0.008720465040054757,-0.05918463748276826,0.2026298285020196,0.6485477138422682,0.39097490673170543,0.16248831133776137,0.6118689327407865,0.22215302748402146,0.14163091783713957,0.38295431540589786,-0.10034029672331853,0.4489468153817975,0.28949514619262917,0.284590246112616,0.26470843415306605,0.13772859167285242,0.3105607665834402,-0.190228760375194,-0.20297687331900166,-0.06327591026963454,-0.19807582929251058,-0.0725034463478353,-0.1222581049424966,0.11211668417957642,-0.09944569230620921,0.28165578938235664,0.018310470149325672,-0.05639671078634571,0.01008936404037288,0.11569510184801365,0.06549699709831973,-0.14349724774179864,-0.03254316369911214
#58,-0.06992760259512402,0.00035282889726509406,-0.2582418323966337,-0.5249072137121263,0.2194113734298632,0.2063007914549854,0.13555377748643152,0.20375965218397232,0.11030048297070363,0.0644635747544176,0.09157163101423847,0.048364551299972046,-0.059462273336353906,1.0,0.004548215129225994,-0.022891461733488862,-0.09205363770449133,0.0653234746898287,0.06179518571717776,0.011361861702640433,-0.07913971445923669,-0.15813868296491956,0.24923023531566618,-0.17552562829572074,-0.019031552157943953,-0.06635689703373082,0.25153229926831383,-0.03145575660590169,0.2353677229039939,-0.15558211947981837,0.24511582620766775,-0.10024775143878997,0.09919504882727773,-0.12144062159582775,0.18339197748064742,0.05312292134614829,0.2690040777765995,0.14939700963049368,0.04268072840851031,-0.09348423356116183,0.29455428841352316,0.22952965787165125,-0.22142808942188116,-0.14782373979350832,-0.018514840985992886,-0.019432581724234333,-0.0995459496977818,-0.07212555310267707,0.14372861095312003,-0.015021256495040151,0.01239914010006459,-0.11630821435801529,-0.08134537707383378,-0.1361206173541689,-0.06880163496669334,-0.18098194402938314,-0.06471036217982705,-0.13008589359220307,0.02742232462186575,-0.14661293898759314,-0.08172712637251404,-0.06259724484975851,0.30286022769996046,0.335305062034261,0.32426903685423153,0.05908823614471769,0.558894469455236,0.430665265633887,0.09486855677556805,0.09160247944241466,0.157537138615484,-0.05588771172143869,0.16710015135010073,-0.051838855523314666,0.02784649050928827,-0.02153027484021478,0.10540715105125659,0.09965391919639845,0.3359528790259609,0.22738954816692855,0.31595152940722815,-0.256953910520278,-0.18784186324506183,0.5080678279814523,0.0598478786885562,-0.2376427944819874,0.18616062390945987,0.17269914106407797,0.0033952551261411507,-0.029003306565895136,-0.067058698774739,-0.18834700625644685,0.18277500891712378,0.1584471672466814,-0.39190807168403496,0.1976709436726982,0.07760114910394957,-0.039183287864035556,0.21729440004627265,0.06737489516354488,0.2033354862965498,-0.13317844851686542,-0.04016658151215139,0.027723096796583538,0.11050099775384882,0.08050090135251077,0.07039418507128879,0.06876693048499513,0.07760114910394957,-0.08721814658787463,-0.1018364454898634
#101,-0.20649745018460855,-0.13955250498876925,-0.46702013823951877,-0.12440978280778538,-0.24703999691515718,-0.4286331254277809,-0.38592733267137747,0.25342176549410506,0.011049521367356579,-0.18889070980305206,-0.08333895674471961,-0.10008194113734299,-0.06439030973749915,0.004548215129225994,1.0,-0.09541997242921732,-0.06045327909151379,-0.31864691081912216,0.7922743967686271,0.00478343439406939,0.5542672052288086,-0.41836059884511195,0.024838768762110417,-0.473459747621297,0.49338397616958923,-0.0014479480975195936,-0.18188040450001447,-0.43176809694118556,0.43080408356067984,0.2124511968226119,-0.292001580981944,0.23407980102763826,-0.3565133564053869,0.12227738521010671,0.3643334329480493,0.3618000057840803,0.532260707778624,0.2893331919447042,-0.10737759440101029,-0.24341530660445568,0.2844899887210435,0.19112722084582534,0.11188146491473301,-0.19056423703161,-0.32978319339072426,-0.5308532482430857,-0.3069592125938708,-0.3304657148641223,-0.4696075501527961,-0.5381411893997089,-0.48127211205691534,-0.6682714276074152,0.10958325701560738,-0.29219052760452313,0.537331418160084,0.008616351594960138,-0.23010420984643268,-0.4895009302729122,-0.20223651104277326,-0.5344663703932211,-0.023273211032169127,-0.3255762389981973,0.4736217018692219,0.33217394657437843,0.014462128734346833,0.10782489660956494,0.3301418063682724,0.09817319464394166,0.6468664745066661,0.18572103380794924,0.24851300936056991,0.15737904042108106,0.19242285482922503,-0.1795320679051025,-0.1462851744382212,-0.43405859273326713,0.135129611599009,-0.18537013293744517,0.46267436592019895,0.04368715837775829,-0.11773109810764174,-0.22145122574301332,0.06639931362247307,0.05070903184136196,-0.09126314673247665,-0.2732226003296926,-0.212975620101607,-0.08598806551434934,-0.1832338792862445,-0.013841304117301148,-0.29239104238766833,-0.19211051449394118,-0.3972718421331688,-0.04490181523719549,-0.0959559638687785,0.06078104364088573,0.05201623398532772,-0.34463671155755643,-0.3373024977586689,-0.26723800526351305,-0.3521945764607213,-0.47291218802116974,0.016621518706679647,-0.532758138682965,-0.25013255183981953,-0.3291006719173262,-0.24152969643218647,-0.2599693443744999,-0.12489564555156026,0.3717756162455535,0.06182989019887596
#102,0.11125292819064328,0.002408105424503292,-0.0011510319763238313,0.14193169001185738,-0.19349869376186943,-0.17701020890169955,-0.10280045887036912,-0.22326357089836407,-0.20911956657958414,0.022166523671348557,0.14700625644683948,-0.20873396122738183,-0.4009736535143108,-0.022891461733488862,-0.09541997242921732,1.0,0.12333008782161896,0.12367713263860103,0.02604185746098156,0.5308686724571737,-0.3650198104749694,0.4308889167381643,-0.049968669565133565,0.6852149267831837,-0.14986744816018047,0.6585618848389616,0.031000742290302988,0.23069032998178016,-0.053500814591306525,0.07613199271205884,0.368158638041896,0.0990562309004849,0.24669295209817513,0.5184945967050023,0.15505384014730125,0.13406534082693067,0.10088400026992375,0.36300695053647347,-0.23838701281173783,0.46171420859321527,0.069923746541602,0.21716715028004588,-0.3629529657871651,0.4872335708019627,-0.2698794019260987,0.21523526746551241,0.30762630985318073,0.3663887094752875,-0.12445991150357166,-0.018198644597187008,-0.14060135154675946,0.056300309448295144,-0.2560361697820366,0.36916121195762197,-0.45678231613854803,0.5992056529744633,-0.5807621489786278,0.10131202221086828,-0.27670461666007923,-0.2518292153895096,-0.3170003759652184,-0.1629124772251839,0.02173850173040402,0.410953120029306,0.23874176973576394,0.22927515833919776,0.025648540001735224,0.29508642379956235,0.004097056867149316,0.17910018991063595,0.07616284114023503,-0.14581473590853442,-0.30070469378114967,0.0753492138470882,-0.4865009206327784,-0.3453423693520866,-0.3282600522495252,-0.41729247201951164,-0.17884569037818246,0.4594545612293099,0.10042898595432505,-0.3446829841998207,-0.24910684160296145,-0.08744565374567399,-0.3612138856487328,-0.006052076002814919,-0.06104325528038329,-0.2350785188898422,0.2718459892223304,-0.42162282012474334,-0.10240328535760077,-0.41255723829446755,-0.38112268998293697,0.11505499696335784,-0.23040112596762843,-0.044477649349772976,0.4654738607771876,0.27530101317806294,0.3868412173560969,0.10395727492697598,0.10934032564371994,0.17909633385711393,0.3256225116404616,-0.09936857123576875,0.0763942043515564,0.21199232645349117,0.04591210125996549,-0.329740776801982,-0.32192841236636366,0.07830295084495772,-0.13005118911050487
#201,0.5308879527247838,0.18237397935083338,0.6097442472501519,0.3936355836619012,0.03606759661824106,0.1629124772251839,-0.011165202973017265,0.2992818100315232,-0.16295489381392614,0.43566656705195067,0.41690686666730936,0.15643430730818544,0.09511920025449953,-0.09205363770449133,-0.06045327909151379,0.12333008782161896,1.0,0.45314605766728044,-0.14805895905835173,0.014431280306170649,0.11466939161115557,0.24224306633376072,0.12129794761551291,0.2888164807727531,0.09415133082047179,-0.08145720262597245,0.34519583931824976,0.2757791638147937,0.05859466129389876,-0.14899212401068126,0.1619523198982002,0.2228625413320737,0.38058284248985375,0.16598575188223613,-0.09710506781834131,-0.17582640047043854,-0.20644732148882228,-0.2556235720551801,0.03857788746107796,0.2808652984103419,0.20243316977239645,0.0036458986050726385,-0.2967522389210762,0.21361958103978484,-0.14586486460432072,0.19232259743765243,0.1351797402947953,0.16806416473060645,-0.1715423250074711,-0.05551367452980247,0.1835038030327861,0.18554751139945821,0.151305756123895,0.38808286659018826,-0.09193410004530862,0.1740179113686098,-0.30779212015462776,-0.24306054968042956,-0.4077641637665931,-0.2918820433227613,-0.4392874013091302,-0.15421322047950026,-0.3598488427019367,-0.09839298969469697,0.2785285299759961,0.08134152102031177,-0.07955231218609314,0.13605120839077248,-0.022910742001098976,0.012032815015472416,0.20992162571216488,0.09019501990687631,-0.027561142548658574,0.1311038917220171,-0.24751429149836598,-0.13316688035629934,-0.09991998688941803,-0.05361264014344519,0.06277462331177157,-0.10029788013457627,-0.14697155196514128,0.05772704925144361,-0.22593195993560392,-0.014535393751265268,0.0036420425515506154,-0.10922850009158128,-0.2750927862878737,0.17385595712068483,0.24157211302092874,-0.18459506617951857,-0.040698716898190546,-0.09341482459776541,-0.2224923601939595,-0.18687013775751207,-0.213982050070855,0.5094213027676824,0.08329268410245534,0.5828482739340421,0.41165106571679216,0.13315145614221124,0.27850539365486393,0.6361505017689646,0.0600676737393115,0.362251164046157,0.1456412135000434,0.46177976150308964,0.22865433372215208,-0.19050639622877966,-0.09239682646795137,-0.4910819122169416,-0.38895819073968746
