,#10,#11,#12,#13,#17,#18,#26,#49,#50,#51,#52,#53,#54,#58,#101,#102,#201,#202,#301,#302,#401,#402,#501,#502,#601,#602,#701,#702,#801,#802,#901,#902,#1001,#1002,#1101,#1102,#1201,#1202,#1301,#1302,#1401,#1402,#1501,#1502,#1601,#1602,#1701,#1702,#1801,#1802,#1901,#1902,#2001,#2002,#2101,#2102,#2201,#2202,#2301,#2302,#2401,#2402,#2501,#2502,#2601,#2602,#2701,#2702,#2801,#2802,#2901,#2902,#3001,#3002,#3101,#3102,#3201,#3202,#3301,#3302,#3401,#3402,#3455,#3501,#3502,#3601,#3602,#3701,#3702,#3801,#3802,#3901,#3902,#4001,#4002,#4101,#4102,#4201,#4202,#4301,#4302,#4401,#4402,#4501,#4502,#4601,#4602,#4701,#4702,#4801,#4802
#10,1.0,0.31749330223906497,0.39396854481600246,0.4991754466330737,-0.004562806257721512,0.011260104480443463,0.04370040302243692,0.3837310345784922,0.44526807238671645,0.39413095684282123,0.36852538208470415,0.26420873878500994,0.008619867941901841,-0.10484737433889976,-0.2558715880749779,-0.23207984563916767,0.2923310058903279,0.33815340764493307,-0.0064909285248268295,-0.0737679127509636,0.046441973560617626,-0.07032857202348727,0.21980362488837066,0.16403429623768606,0.2991402804962127,0.2461749885478699,0.353560340001018,0.40684675430438144,0.005721437924827755,-0.08781308272833696,0.06366181281435519,0.02746521560080882,0.2313464466006839,0.11422609049727694,-0.04028188434968096,-0.09890013279843789,0.1035018068916374,-0.1594432645280103,-0.13005455378336733,-0.08620885909021503,-0.2778800372020711,-0.1275276817649699,-0.39542146152315644,-0.3828032963626184,-0.44008014177505705,-0.47693008879449555,0.2081414233956607,0.17646969002901206,0.09192428175479023,-0.14003988580259766,0.2923439618354873,0.24379757261113194,0.3285012285012285,0.2949050745660915,0.340142145226891,0.19475561848443204,-0.160211366991028,-0.20680603561959493,0.007557480438836371,-0.08016676152269372,0.3188749612478426,0.26236483016144035,0.02239481392023765,-0.15365149432946043,0.1820962719267804,0.23688418773164535,-0.12823609433778926,-0.17950832188120325,0.3711133321302813,0.24172693494727393,0.43609803948787,0.4293868598953345,-0.021716940361008158,0.34637025314991415,-0.10839498975092196,0.2650416209738244,0.26454004081122723,0.36645890883179016,0.0070771850432867385,0.017470629335036115,-0.4186255593035254,-0.2839272246051907,-0.16541410439715523,0.1349162722044078,0.22855120143255736,0.039362937668022416,0.19403887708972456,-0.2584067889152635,-0.15223096748520476,-0.1874799298528112,-0.2485598078818418,-0.07744508761457913,-0.09975661331593536,0.125340903307005,-0.29396438040505835,0.3433052466950772,0.21144333856198264,0.12319252997219099,0.292059393754309,0.1729905560414035,0.42246560890628687,0.1832609188541392,0.2762573050708644,0.26271464068074235,0.2674070063900572,0.26967198323130526,0.31566512583461737,0.34313913296964144,0.005417898638237622,0.10120027577654696,-0.08285604556790997
#11,0.31749330223906497,1.0,0.5731770291092325,0.4802731853579311,-0.1957398076042144,0.18185288524271576,0.4436615351869589,0.22014973370905574,0.5526663797850239,0.4723492367560164,0.39111083348371484,0.20529019003595275,0.05849979409301443,0.3100408574984846,-0.24681306884696716,-0.2230426111782044,0.48623615911751505,0.29398057533650757,0.05501001772188213,-0.032388012049029,-0.1802394073580514,-0.20007172041070345,0.4470370216132928,-0.15636900382663094,0.27609257948241,0.1264259637140993,0.0734796429711684,-0.009937209937209937,0.15214120129374367,0.12233882572865623,0.01812582999023677,-0.07047802810514675,0.09083551964907897,0.0784445462411564,-0.018433070975443857,-0.15534872314533332,-0.23223115257013563,7.403397233905708e-06,-0.011911140724700047,-0.11385036808765622,-0.012730141543700866,0.02004747428476242,-0.3815299120383866,-0.0970867631884581,-0.007198415672991944,-0.12193395244242702,0.02851279630940648,-0.09327216276368819,0.023947213777722253,-0.2093379974735907,0.221502704553552,0.01943715672529232,0.1450390297847925,0.2226474548508447,0.0010549841058315635,0.11412012937436666,-0.23564134242100343,-0.27340607171115644,-0.12901067477338662,-0.1864749186783085,-0.010031140539615116,0.0016620626790118315,-0.15077666264106943,-0.03160417736688923,0.1059694517321636,0.09181091723464604,0.24826552284179404,0.3014158997209845,0.17493811222624783,0.13061027128823738,0.33716227784024394,0.3711836644040034,-0.2744508761457914,-0.07964019489443218,-0.3359643156253326,0.011648782835223514,0.07761166405234202,-0.005835265157299056,0.19405044489790252,0.12246329534465128,0.20580935326698038,0.24429637649976632,-0.12148743504675708,0.28019822596093785,-0.015744249642554727,-0.17166997505980558,-0.018056423141168905,-0.20459473340829273,-0.023864850983495053,-0.05218747252645558,-0.10297940467431993,0.0932966865170255,-0.09329067125677296,-0.07269118116575744,-0.2767829462744717,0.5497332463434158,0.21357736781465594,0.39681191206614935,0.2964824608892406,0.40068435153180915,0.22620848892035333,0.21651003854393686,-0.06714973833617902,0.2664422511880139,0.25846647880546186,0.21159927261622177,0.31534539161657804,-0.0010517451195417298,0.09977558452134723,-0.034449395466344616,-0.10488161505110657
#12,0.39396854481600246,0.5731770291092325,1.0,0.7338941406738017,-0.07672094282263774,0.369938968244053,0.3297875687706196,0.08771545042731484,0.2547425699968073,0.5564712632509242,0.2712378017462763,0.18620469467927095,-0.006430775922301346,0.26273361188615424,-0.32115011776028723,-0.2995446910701148,0.8224309054817529,0.7551108890091941,-0.07943752689515401,-0.23910243062785436,-0.28051888560363136,-0.3196703637381603,0.48615379632328787,0.07674546657597504,0.4714219612524697,0.2991282499757076,0.19235321608202965,0.003505508590254353,0.21803560108644854,0.2438743828574337,0.24350791469435537,0.1363881601169737,0.3146906536737045,0.2436805063923708,-0.01421498540142608,-0.15985692934845477,-0.17561413493616884,-0.1706871740770046,-0.0024306278543566678,0.014188610798780291,-0.06716593326762818,-0.08197642943405656,-0.58185381066737,-0.31356718814345935,-0.30384884113697674,-0.2785921514735074,0.01771679229306348,-0.14468412942989214,-0.03494634850567054,-0.40206878681454955,0.3171004594733408,0.22775857521620232,0.40149872522753877,0.5538722081094962,0.2240281884349681,0.3394892581333259,-0.2941698246782993,-0.3224910580842784,-0.2364612686646585,-0.26061947926354706,-0.03325235867608749,-0.009487916267577284,0.010562797003474969,-0.05478560224322936,0.1185769745091779,0.16313246991213093,0.11669558618711161,0.124369670132382,0.4114345470277674,0.3975781636798586,0.6380275498919566,0.6406080965402999,-0.13190956750278784,0.22011179129823197,-0.2935414613380715,0.1805878297403721,0.24550359296122007,0.1008282550655432,0.2561034069508646,0.4287409134866762,-0.02702101176677448,0.10565665819903108,-0.18184779540711743,0.20391871069837172,0.20492973713312695,-0.27840197670706146,-0.06085685068735916,-0.25739529976818115,-0.023531235395642176,-0.028800603376874564,-0.19036031408912765,-0.028317531707362217,-0.05268396285345438,-0.11096628215272283,-0.38456206591799813,0.7100010642383524,0.5002308934512324,0.6473905338312118,0.6005492395322903,0.510461925716163,0.5227219515355108,0.5848979950674866,0.3546523410930191,0.5946209691972404,0.5297917331815637,0.4737901229426653,0.5408186306491392,0.140818167936812,0.11170847272542188,-0.23035254052203205,-0.3199299453536742
#13,0.4991754466330737,0.4802731853579311,0.7338941406738017,1.0,-0.14725172013307605,0.22070221222763595,0.3728235168913135,0.2200710726134455,0.36393435037502836,0.7046937538462962,0.40213865637594454,0.16703822466534332,0.002504199114368606,0.24103055289495967,-0.4033056168649389,-0.3547744971473785,0.6835033801135496,0.5850062697520325,-0.006074024718092515,-0.10980579963630811,-0.15446309175122735,-0.23853375717782496,0.5010434162976536,-0.04911459996205759,0.4139322681695563,0.33053114748030005,0.30150844218640827,0.148867511579376,0.20929635336414998,0.2352795013811963,0.2183377522360573,0.1970067139558665,0.3413276142089701,0.25331001263204656,0.05361216378165531,-0.07025453805114822,0.020935419240503985,-0.02118111948620423,0.05162250077504315,-0.08576002813290949,-0.0492043661535187,0.016042236381219432,-0.5673968267188606,-0.24911136097576775,-0.3714363053346104,-0.4554088757478588,0.2660253473812796,0.0787059787059787,-0.007223402138656376,-0.3893858419282148,0.34573494912477964,0.04754646788545094,0.30844172369596096,0.3294553413197481,0.23824548739802978,0.1780086712290102,-0.31813878593539613,-0.385975652077347,-0.17417556231115552,-0.3037655529180953,0.11297584178940111,0.06340593289745833,0.032144625364964347,0.03843196046585877,0.1352406335457183,0.2204875137078527,0.1304969067680932,0.15664987020919224,0.3749593969932953,0.3234706200807896,0.5230148484385773,0.582654302993286,-0.14866253001846222,0.14671173484732808,-0.2278423261474109,0.18492436967013237,0.2600628363340228,0.09277474701203514,0.27873096517164314,0.3226770684397803,-0.15837532447701938,-0.0355895186403661,-0.21189864749186782,0.11494236917965732,0.05663043629145324,-0.25713710628964864,-0.07063812657032996,-0.17429031496828107,-0.06504624809709555,-0.09965990643956746,-0.19997269997269998,-0.07375588223045851,-0.1491127491127491,-0.09860445962140878,-0.3709726675828371,0.6002845680811782,0.4491488406742644,0.3789521416640061,0.5024565397446753,0.3111930111930112,0.3113480198225961,0.43910428147716285,0.3337779998796948,0.5023593701559803,0.5347645025611127,0.4372076236483016,0.46136722238417155,0.1881453101792085,0.0587848248865198,-0.0662437475996798,-0.19972931328863533
#17,-0.004562806257721512,-0.1957398076042144,-0.07672094282263774,-0.14725172013307605,1.0,0.3905449363076482,0.012341463188920815,0.07357588713520917,-0.08937334869538259,-0.10423381779313982,0.0789965620474095,0.19789697247324367,0.41794814845662304,0.11026249670317467,0.22901854088294765,0.10999134727948287,-0.12513083191049293,-0.11493542849475052,-0.1380502227959855,-0.0023926854435329012,-0.1678465831008204,-0.21337932693864897,-0.26460713409865955,0.12229440534525281,-0.12235039353683422,-0.15965842576012068,-0.3680696104424918,-0.23221403221403222,0.19897879389404813,0.15294539531827667,0.13056677632948818,0.25992911247148537,0.1486231994706571,-0.019273356561492153,0.08521032588829199,0.20700731548189175,0.1894945793250878,-0.11209021039529514,0.04285549031311743,-0.02605810741403962,0.1492043661535187,0.14578445934378137,0.28681038511546986,0.04577798137120171,-0.041922662261645316,0.05535149941929603,-0.2928483182720471,-0.06888028243960448,-0.2854310396683278,-0.1121133460116511,-0.20365820365820367,-0.11975365195704178,-0.25703114516673836,-0.14585340348052211,-0.2644544390307102,-0.1111323958781586,-0.09043851247241078,-0.18881346677956848,0.11142945719216905,0.0016935271172559309,-0.08463378632870158,-0.07109065922625245,-0.0295886024699584,-0.08766871648227581,-0.2740270316541503,-0.1406150372252067,0.1068148271538102,-0.0315356959424756,-0.07948102185390321,-0.15947657981556287,-0.12713668984855425,-0.1860094300772267,0.08350384282587672,0.06179523128675671,-0.03444338020609207,0.10636923518279451,-0.07407376559918932,-0.01920348700009717,0.005597893733486954,-0.1234201844371336,-0.02979219589389081,0.2290634239786782,0.47214147892113995,0.04904889481160667,0.4237075287922746,0.18262607754133178,0.02080308351494792,0.17662192238463426,0.33961326503699385,0.11828916744170981,0.32963348556568894,-0.021335665403462014,0.14071729664950003,-0.013027202857711332,0.15332713298814993,-0.3063331436212792,-0.017085652678873017,-0.14224332190433886,-0.17569001975781637,-0.1428133834913496,0.03047515928871861,-0.02134769592396711,0.32563750190868834,-0.14347552483145704,-0.18545139901072105,-0.034883419629182344,-0.054011947232286216,-0.08207961428300412,0.017756585553195724,-0.08909618401143825,0.037166904963515136
#18,0.011260104480443463,0.18185288524271576,0.369938968244053,0.22070221222763595,0.3905449363076482,1.0,0.3112994350282486,0.1671761129388248,0.13938052073645293,0.24986234308268207,0.19788309110343008,0.3179564772785112,0.38254556559641306,0.3061873892382367,-0.1268641522878811,-0.09497679497679498,0.4147744046049131,0.42953446512768545,-0.09179102060457993,-0.22424751407802254,-0.25886579954376565,-0.321906652415127,0.10717944446758006,-0.029457192169056574,0.18034120407001764,-0.016365672297875687,-0.16449053059222551,-0.3425181730266476,0.2825904486921436,0.4379701735633939,0.3366671756502265,0.20103555018809255,0.12268123285072438,0.15671788892127875,0.029458580306037933,-0.10129651994058773,-0.1379100209608684,0.10621052485459265,0.2109611923171245,0.14501820773007212,0.20823118958712178,0.09823012534876942,-0.07354812439558202,0.07169357338848864,0.02055969683088327,-0.004926035434510011,-0.05664616851057529,-0.31899480374056643,-0.1869399445670632,-0.3021335665403462,-0.07655020197393078,-0.06259202191405581,-0.029000032389862897,0.2828153268831235,-0.1909160315939977,0.1770318855064618,-0.3503037706427537,-0.35440756627197306,-0.07876104147290588,-0.0406340084306186,-0.2442570459519612,-0.05862657727064507,0.038718842108672616,-0.07091575396660142,-0.04370595557036235,-0.10852547462716955,0.2531212260025819,0.2383722705756604,0.16376731122493834,0.14080937640259675,0.31888560363136637,0.2681996326064123,-0.012312775024639431,-0.02911339691000708,-0.23417870875497995,-0.1657953793547014,-0.1045771503398622,-0.17412235039353682,0.28403272301577387,0.45925077619992877,0.12726532387549336,0.37293317971284073,0.13260965125371904,0.20928386013131775,0.17857040399413282,-0.05860020266799928,-0.06730983680136222,-0.033891364399838975,0.15459450205212918,0.06479175631718005,-0.02042597296834585,-0.1075773770689025,-0.1329594617730211,-0.14805683958226332,-0.09151524405761693,0.2253066625947982,0.16239444375037596,0.23580375444782226,0.23656908063687726,0.16861653641314658,0.07696155323273968,0.4797456933050153,0.3211690889656991,0.25800422919066984,0.21381520195079518,0.14571597791936775,0.24123599716820054,-0.14854129938875701,0.05190614343156716,-0.24270048168353253,-0.1416242128106535
#26,0.04370040302243692,0.4436615351869589,0.3297875687706196,0.3728235168913135,0.012341463188920815,0.3112994350282486,1.0,0.3004603987654835,0.3201488082844015,0.5375310595649578,0.5228764974527687,0.10010225942429332,0.20735620057653956,0.5835885191817395,-0.10859488147623741,0.06608966439474914,0.40803083514947924,0.18428999106965208,-0.022007523702438955,0.0070258239749765175,-0.12411749191410208,-0.22762114965504796,0.21268572116029744,-0.11338302863726593,0.12478426037748072,-0.16719647228121803,-0.031504231504231504,-0.28115789132738284,0.27805124076310517,0.2696682815326883,0.13037428800140666,0.23043675416556772,0.28688303095082757,0.2687400806044874,-0.06641217488675116,-0.018873573110861245,-0.137147008333449,0.1773761434778384,0.19927770605736708,-0.12607522777014302,0.17931444541614033,0.1978835538157572,-0.20150335235081,0.08327156123766294,0.1588958758450284,-0.11479615208428767,-0.026037748071646376,-0.06571024028651147,-0.06152361915073779,-0.08089877242419616,0.13126177024482108,-0.0667425514883142,-0.008345016819593092,0.046980570709384266,-0.22405641388692235,-0.07104577613052189,-0.2574739608637914,-0.27864443796647187,-0.02211441025000347,-0.07045674333809927,-0.18057394837055854,-0.08686822415635975,-0.2248781909798859,0.31035457645627135,-0.05287182405826474,-0.10150983032338964,0.4482743143760093,0.6256018730595002,-0.1485019688409519,-0.01856586941332704,0.020360730530222054,0.0018249374181577571,-0.3003914546287428,-0.23202663372154897,-0.2834362868261173,-0.07664320715168173,-0.05708204352272149,-0.15927437452861182,0.36894552487772825,0.24612779189050377,0.23205115747488628,0.35197555028063504,0.08208100241998548,0.07111934739053383,-0.17247324365968433,-0.28014084963237507,-0.18109635058787601,0.04649518547823633,0.20804610465627416,-0.08108200650573531,-0.018555227029803303,-0.05621399519704604,-0.188232762809034,-0.23494496036868917,-0.1245269923236025,0.2429998565591786,-0.0034199068097373183,0.24726884048917946,0.03104475816340223,0.1528440613186376,-0.01103383815248222,0.18446859802792007,0.14054054054054055,0.28238500441890274,0.26721081636335875,0.28448988279496756,0.1816798308323732,-0.16183271098525337,0.007309003919173411,-0.08980691014589319,-0.035522888065260945
#49,0.3837310345784922,0.22014973370905574,0.08771545042731484,0.2200710726134455,0.07357588713520917,0.1671761129388248,0.3004603987654835,1.0,0.3776454420522217,0.17448881855661516,0.32724542724542727,0.22039913565337294,0.22017472017472017,0.07241077749552326,-0.3292628529916666,-0.24156776190674495,0.14712077254450137,0.06994498350430554,0.16750926581435055,0.10031695794407659,-0.067868330580195,-0.0278909109417584,-0.027408301984573172,-0.28581925531078073,-0.08405354507049423,-0.2437943336248421,0.075366121128833,-0.04440511389663932,0.06302465793991217,0.1228343906310008,0.1833506850456003,0.13663015866405698,0.07436110995433029,0.09183266471402064,-0.1073983073983074,0.10324407612543206,0.04927978826283911,0.2194029160130855,-0.18122868631343209,-0.28747854171582987,0.018464072701360836,0.13300203130711605,-0.13660794847235525,0.0536774062197791,-0.13511107409412493,-0.3274305121762749,0.23430965634355466,-0.0705978705978706,-0.01362410175969498,-0.21113609757677554,-0.11580995479300564,-0.20571172096595824,-0.22271963797387526,-0.08044623976827367,-0.21463790446841294,-0.13095082756099705,-0.3547698700241073,-0.34709208438022,-0.0668734990768889,-0.08365931416778874,0.10344211700143903,0.0005816293951887172,-0.14037951665070308,-0.0892211163397604,0.20565573277437685,0.04543464882447933,0.005276308666139175,0.08996793403573064,-0.09061017874577197,-0.0903131174317615,-0.028266170639051996,0.05672760588014825,0.07942919807326587,-0.17371747710730762,0.07254542678271492,-0.30028688164281386,-0.22147540452625197,-0.15274920529157818,0.09417260095226197,0.05826519894316504,-0.01863805253635762,-0.06747178611585392,-0.0009513365445568835,0.16832410222240732,-0.12970335512708395,0.25321793287894984,-0.033929769522989865,-0.08168954779124271,0.03678655543062323,-0.0820213125297871,-0.11603066857304145,-0.19249711961576368,-0.18908369077860604,-0.15331325161833637,0.09171097137198832,0.16246523873642518,-0.1537792029317453,-0.026236251659980475,-0.06993896824405299,-0.22055506970761207,-0.05647912936048529,0.13703133025166925,0.1619280297246399,0.06259248462638294,0.08066880439761796,0.0034638644808136334,-0.04211468787739974,-0.07954950327831684,-0.2116677540406354,0.05551715043240467,-0.03298074654006857
#50,0.44526807238671645,0.5526663797850239,0.2547425699968073,0.36393435037502836,-0.08937334869538259,0.13938052073645293,0.3201488082844015,0.3776454420522217,1.0,0.37532123803310247,0.3902525021169089,0.3652271686169991,0.08160394601072567,0.2596274240342037,-0.2616763142186871,-0.24234234234234234,0.26703174669276364,0.24304566507956338,0.11547171208188158,-0.17473590693929678,-0.09636215568418958,-0.3255347797720679,0.39465613533410143,0.00315477264629807,0.39765775020012306,0.21794120777171624,0.19969553528875564,0.01803745193575702,0.10338659152218474,0.0011766774478638884,0.005191632310276378,0.006595038798428629,0.17941716755276077,0.1793190725394115,-0.13182766742088775,-0.032312127227381464,-0.0573656861792455,0.0698982495592665,-0.05896805896805897,-0.1735768125598634,-0.12324759273911816,-0.023559460847596442,-0.28690662927951066,-0.04204065390506068,-0.1402513453360911,-0.305858400773655,0.28261312159617247,-0.05125464447498346,-0.14436300707487149,-0.3632139072817039,0.15191169597949258,-0.11378234937556972,0.18414423668660956,0.17388312812041626,0.15749987275411004,0.07191937700412276,-0.2192164429452565,-0.2957231499604381,-0.04565443717986091,-0.22945256504578537,0.15646339714136323,0.12708717962955252,-0.010698834427647987,0.03298398552635841,0.10574642439049219,-0.043608785981667335,0.29085171458052816,0.2549965990643957,0.3240207850377342,0.1780831679136764,0.3797109898804814,0.3839045517011619,-0.17359300749131257,-0.05003956190396868,-0.24598851548004091,-0.09415779415779416,-0.010668295414058126,0.02144486551266212,0.10848290509307458,-0.04099677489507998,0.04323445170902798,0.12287187032949745,-0.09201497337090557,0.31579283443690226,0.05170208729530763,0.06392972325175715,0.0028877876335503456,-0.18829060184992388,-0.09510033916813578,-0.08098853861565726,-0.13312372464914837,-0.01247888875007519,-0.13406303067320016,0.014702221481882499,-0.20759125843871606,0.46471957319414947,0.14956481905634447,0.22721257467020178,0.30693698320816964,0.3095864739932537,0.1596662918696817,0.16692023302192793,0.07048820777634338,0.3844278793431336,0.3315717875039909,0.3063988487717301,0.30388909710943607,0.09454693522490133,-0.07593294372955389,0.16500552941230906,-0.0711984711984712
#51,0.39413095684282123,0.4723492367560164,0.5564712632509242,0.7046937538462962,-0.10423381779313982,0.24986234308268207,0.5375310595649578,0.17448881855661516,0.37532123803310247,1.0,0.5733325004511445,0.20427592461490768,0.1218705608536117,0.3909447197582791,-0.13531744379202007,-0.08338631389478847,0.6898157016801084,0.41449862805795007,-0.05728054711105558,-0.08149474590152556,-0.06828615981158354,-0.21665162851603528,0.4006690820250142,0.13631782784325158,0.37298268993184247,0.1837504684962312,0.21010424908729994,0.0386457335609878,0.25273948833270865,0.2578316374926544,0.22193256430544567,0.16711457219931797,0.4097669318008301,0.19592211626109932,0.14686628076458585,-0.16640662233882572,-0.08873295483464975,-0.1670766297884942,0.2316393435037503,-0.03694989288209627,0.06005265666282615,0.054401551011720506,-0.3577835154106341,-0.18726106692208386,-0.11548836972565786,-0.34735536769435077,0.14670340602543994,0.0018462221852052361,-0.04913958642772202,-0.21681080155656426,0.3387854726837778,0.11812397914092829,0.3540549794787083,0.34437411217072234,0.18150122387410522,0.11153541831507933,-0.3145592433728027,-0.371469620622163,-0.15519741621436536,-0.1889467279297788,-0.04891008111347094,-0.0023848193339718765,-0.18850946478065123,0.07434722858451671,-0.025769837634244414,0.11059750042800891,0.20814049797100645,0.22960433468908045,0.18005894955047497,0.22295515854837888,0.37301415437008656,0.33920098835353074,-0.2625841558044948,0.06153009712331746,-0.37586631315444874,0.15160861940522957,0.07420008606449284,0.04004081122725191,0.3133996862810422,0.20446193497040954,0.009217692268539726,0.13208632361174735,-0.1695414983550577,0.08882642272472781,0.12424658865336831,-0.3521712775950064,-0.1346714973833618,-0.07757233350453689,0.05873438924286382,-0.05973384786944109,-0.13468954316411944,-0.13297102958119908,-0.25115840031094266,-0.2327799293900989,-0.45187467899332306,0.527252367930334,0.31868062207045256,0.4802486616045938,0.30314274212579295,0.45501557026980755,0.2496046123164767,0.30303493015357424,0.21710832558290186,0.4683569547976328,0.41488314200178605,0.4968776172166003,0.4536760180827977,0.021433760416811266,0.03387239319442709,-0.1818417801468649,-0.22300698232901622
#52,0.36852538208470415,0.39111083348371484,0.2712378017462763,0.40213865637594454,0.0789965620474095,0.19788309110343008,0.5228764974527687,0.32724542724542727,0.3902525021169089,0.5733325004511445,1.0,0.16763928797827102,0.24918632037276106,0.3619446873684162,-0.13429716311072243,0.0762017795916101,0.3963672455197879,0.23096008180753944,0.055302451912621405,0.030932319067912287,-0.12716815428679837,-0.11754882771831925,0.11992393009342162,0.025634725634725634,0.13589768505022742,-0.0770980533692398,0.043202061846129645,-0.011319794370641829,0.301297445365242,0.11166173878038285,0.35732357935747766,0.17522175488277184,0.4672131299249943,0.12754110042245637,-0.008772563009851145,0.06674208877598709,0.12328831142390465,0.07813545440664085,0.09008407482983755,-0.10616795532049769,0.0759620946061624,0.12278210413803634,-0.12668369448030464,0.025899397085837765,-0.08756553163332824,-0.31460829087947734,-0.08485264925942892,0.012077717162462925,-0.13311585853958735,-0.1479647598291666,0.16917780646594205,-0.10383079535621909,0.0019614375546578937,0.03380761346863042,-0.10583850414358889,-0.022842719452888946,-0.23064543742509844,-0.3995904995904996,0.0514711938440752,-0.24400209145971857,-0.13242873073381548,-0.020879431048922575,-0.3799432714686952,0.23802477361799396,0.1635526127051551,0.07553269756659588,0.205908836417311,0.34948615796073423,-0.007613468630417783,-0.0438355150219557,0.08374121424968882,0.057217618234567384,-0.3251419370063438,-0.16262765076324398,-0.374659096692995,0.06713770781567392,0.012521458284170148,-0.06198262977923995,0.45366445027461977,0.14760430692634083,-0.01094037026240416,0.1962945996844302,0.18757200960590792,0.1845787235617744,-0.04510843663386036,-0.28776264708468097,-0.16677309050190406,0.14243766108172887,0.16905102328831142,-0.0738308416274518,-0.11646006561260798,-0.15400269298574384,-0.24116612760680559,-0.1467223772308518,-0.3038650360684259,0.31201987812157306,0.05540933846018592,0.2508687423941661,0.07712257712257713,0.14959119365899026,0.11645266221537408,0.14840896366320094,0.3093551178296941,0.34585849331612045,0.26271371525608816,0.39490738812772713,0.18839424941119856,-0.03714654562112189,0.05815831239560053,-0.1036882799594664,-0.059482595075815416
#53,0.26420873878500994,0.20529019003595275,0.18620469467927095,0.16703822466534332,0.19789697247324367,0.3179564772785112,0.10010225942429332,0.22039913565337294,0.3652271686169991,0.20427592461490768,0.16763928797827102,1.0,0.32044077976281365,0.3262390279339432,-0.1860048029539555,-0.21648505207827243,0.21974023329955533,0.12092662770628872,-0.11900174442547323,-0.2850261663820986,-0.25678498220871104,-0.34751592887186106,0.10943331621297724,0.13897888643651354,0.16795763405932898,0.0500400246162958,-0.09341097646182392,-0.0712951780748391,0.29561626341287356,0.16976128671043925,0.21057205125001735,0.21679599476209646,0.05982407677322932,0.2417190688377129,0.075983842085537,0.0844843302470421,0.0782432663788596,-0.13372108626345913,-0.004195412669988941,-0.19524516812652407,-0.11264685332481943,-0.09006325277511718,-0.1490178930856897,-0.04493214323722798,-0.1228899161102551,-0.14311507192863124,0.23060194246634924,-0.031156271834237935,-0.11549484769823753,-0.2853121226002582,-0.040409592951965834,-0.06251474895542693,-0.008222860765233646,0.06650425463984785,0.0462985327392107,0.0816020951614172,-0.4062697520324639,-0.26284928996793405,-0.010941295687058398,-0.08801158631667107,0.10552987502140045,0.22295099413743483,0.12211811194862042,-0.12906157312936975,-0.1440340186102898,-0.0764997663302748,0.3417459061526858,0.15468195468195467,0.2304871898092237,0.2700893497503667,0.20248106349801265,0.317439164896792,-0.021847887949582864,0.12950022441547865,-0.13927733588750538,-0.03509441645034865,-0.08821425431594923,-0.03314963653946705,0.020662418967503714,-0.03643767033597542,0.25011452130096196,0.23601151228269873,0.0036387697404646558,0.692836750463869,0.3646237917424358,0.32415774788656143,0.2996996996996997,-0.02029733894140674,-0.01888837990532906,0.17389053151765016,0.09499437804522551,0.15876862995507063,0.15344882633018225,0.05493135662627188,-0.1478800834733038,0.1464776024098058,0.19254570441011118,0.14769870024107312,0.16231855892872843,0.21256634137990071,0.05124816650240379,0.4128333263926484,0.11358014408861866,0.17622769148192877,0.07431391329696414,0.0868330580194987,0.2508946542844848,0.10068805323042611,-0.0987020919224309,0.02215605435944419,-0.23952257342087852
#54,0.008619867941901841,0.05849979409301443,-0.006430775922301346,0.002504199114368606,0.41794814845662304,0.38254556559641306,0.20735620057653956,0.22017472017472017,0.08160394601072567,0.1218705608536117,0.24918632037276106,0.32044077976281365,1.0,0.26188777375218053,0.0016056117751033006,0.09327355090066955,-0.08712410407325662,-0.13989690769351787,0.010141266073469463,0.07901507054049427,-0.05618854601905449,-0.12964736693550252,-0.24393083376134223,0.1480466599110667,-0.2085708204352272,-0.14284947505286488,-0.1400088840766807,-0.0730243340412832,0.17464290176154582,0.22395970701055448,0.32301068402763317,0.2891891891891892,0.08967041000939306,0.041832433357857086,0.043531050310711326,0.1630228070906037,0.17671215128842246,-0.04693383676434524,-0.0392583646820935,-0.2305524322473475,-0.005895417759824539,0.020442167899795017,0.2535908790146078,0.10808034536848096,0.04004590106285021,-0.007850840054229884,0.012496471818505717,-0.00828810320335744,-0.006213763840882485,0.033095036484866995,-0.09367379706362758,-0.1492436967013238,-0.27976235094879165,-0.18267096063706234,-0.3568631805919942,-0.29748284494047206,-0.2726851659055049,-0.24317337368184827,0.030230384467672605,0.048559807881841784,-0.2647399325365427,-0.07250008097465725,-0.24383967943289978,0.1648172054951716,-0.05891207077647755,-0.028122729817645072,0.19636354382117094,0.1345919108630973,-0.1866928561843816,-0.09751662294035175,-0.1111615467547671,-0.16097808131706437,-0.06865170255000763,-0.11075112092061244,-0.16409028442926749,-0.11216100538134437,-0.3227566549600448,-0.20719425126204788,0.23732977970266106,-0.048825404757608146,0.2296783686614195,0.30121970969428596,0.37824696807747654,0.14991277872633804,0.22822637737891976,0.028212496009106178,-0.02111356348644484,0.15187236543168747,0.3522480878413082,0.09220653627433288,0.1785727175557684,0.07364251771031433,0.15252525252525254,-0.12403003928427657,0.06986678512102242,-0.24486875164841265,-0.01055678174322242,-0.055227955227955226,-0.014742014742014743,0.011554852232818335,-0.011425755493552103,-0.015816895477912426,0.27114155758223557,-0.10646177764821832,-0.18752990278414008,-0.05519278909109417,0.031042444601766635,-0.2062646621968656,-0.12878024403448132,-0.18646844070572885,-0.04807210908905824
#58,-0.10484737433889976,0.3100408574984846,0.26273361188615424,0.24103055289495967,0.11026249670317467,0.3061873892382367,0.5835885191817395,0.07241077749552326,0.2596274240342037,0.3909447197582791,0.3619446873684162,0.3262390279339432,0.26188777375218053,1.0,-0.03297334314283467,-0.011068541577016153,0.4108783668105702,0.07655112739858502,-0.09350536977655621,-0.07383269247676028,-0.23117246676568712,-0.42433219043388537,0.17812851372173405,-0.009649865582068972,0.10534849178916976,0.0325212731992393,-0.1374519357570205,-0.27355599050514307,0.2540526659170727,0.10647843529199462,0.1748478833224596,0.35112878672200704,0.3028914893321673,0.276819037835987,-0.05967924781484103,0.25700569598874684,0.057124613056816445,0.03604112587163435,0.28283383537620826,-0.10967392662307916,0.026390797577238254,-0.06797105271681543,-0.051374024255380187,0.10928709911760759,0.11250202436643114,-0.04574651693295761,0.02056663751579006,-0.002564814429221209,-0.16022432293618735,-0.14237149321895085,0.020455123844954355,-0.1788822721026111,-0.09597902987733496,6.477972579667495e-06,-0.1490322371678304,-0.06401902673089113,-0.26113956791922893,-0.19675222217595098,-0.13237042898059848,-0.1800136037424173,-0.14850798410120444,0.046449839670178655,0.0641485861824845,0.24275970886140377,-0.18870287853338702,-0.15255208984022545,0.7559733847869441,0.6274897393541461,0.031194676957388822,0.13744360693513236,0.06453263741399334,0.09249573147878233,-0.2317096757774724,-0.05526404678947052,-0.23747229509941375,-0.04925665264648316,0.004598897819236802,-0.18204352272148883,0.278194218872185,0.12467367213129925,0.3047807437637946,0.4118852288343814,0.05202043337636558,0.26146716824682925,0.08631528292545242,-0.21796064168945525,-0.06527297713738392,0.022178727263473027,0.09783173003511987,0.03464049565744481,0.19397779906254484,-0.0012400690366792062,0.05505397539295844,-0.3005770022719175,-0.1654034620136315,0.15196259433547568,0.06593696932679984,0.34316920927090416,0.09245686364330433,0.31819199785301483,0.009840965773169163,0.1756493010730299,0.15424515424515425,0.34922102379729497,0.22982736203075185,0.34630871241040734,0.23495421461523155,-0.015766459834256445,0.044751222717324415,-0.15213842501978095,-0.1987603936756479
#101,-0.2558715880749779,-0.24681306884696716,-0.32115011776028723,-0.4033056168649389,0.22901854088294765,-0.1268641522878811,-0.10859488147623741,-0.3292628529916666,-0.2616763142186871,-0.13531744379202007,-0.13429716311072243,-0.1860048029539555,0.0016056117751033006,-0.03297334314283467,1.0,0.5722701129480791,-0.30398487856114975,-0.2774779401898046,-0.12073275124122582,-0.05273995104503579,0.12419430216040385,-4.210682176783872e-05,-0.3576470152741339,0.3148544538375047,-0.13203126084482017,0.015664200409963122,-0.2818417801468649,-0.14434218502015111,-0.16768139480003888,-0.07115867793833895,-0.11694822711771864,-0.04041190651360143,-0.10354854083667643,-0.05526821120041459,0.07786708125691176,0.14807303451371248,-0.024054100325286765,0.07581356394915717,0.21705511366528316,0.28680344443056305,0.061259873124279905,0.017674222758968523,0.2917466002211765,0.23803495328919058,0.09168089507072558,0.17829092574855288,-0.2070716324953613,-0.015667439396252956,-0.24846263829314677,0.16091977956384737,-0.11321784033648441,0.05017143491719763,-0.03436471911048182,0.010131549114599962,0.045439738660077646,0.20815345391616577,0.16548998921880279,0.317353563116275,-0.05998648880004812,0.09350398163957487,-0.1797012729216119,-0.2460176663566494,0.042811532642041114,0.05748645409662359,-0.2537010045484622,-0.2215267655945622,0.027923300804656735,-0.08182465979076149,0.03537667096989131,0.04582425260391362,-0.11984619442246561,-0.2455045183858743,0.2278668499007482,0.0655630977664876,0.14178986382376213,0.08353854625041066,-0.1582230921213972,-0.10052610391593443,-0.2186926525909577,-0.09962612843968777,-0.08774275045461487,-0.04808784130818029,0.15066283540859812,-0.28364311923633956,0.09080683148479758,-0.10731039205615477,-0.21970923157363836,0.005582624226692023,-0.02735647820393583,-0.07040075514651786,0.09120106238750307,-0.22239897833118172,-0.1267554148910081,-0.0787494736647279,-0.07340422086184797,-0.42571246130568163,-0.004024671821281991,-0.042755544450459704,-0.11838726245505907,0.054352966217373,-0.025591230675976438,-0.3453513606055979,-0.14009679941883332,-0.279387091251498,-0.3097891419925318,-0.08329053244307481,-0.19372145643332084,-0.24214198790469976,0.03285859048570913,-0.12839665551529958,-0.020106701462633665
#102,-0.23207984563916767,-0.2230426111782044,-0.2995446910701148,-0.3547744971473785,0.10999134727948287,-0.09497679497679498,0.06608966439474914,-0.24156776190674495,-0.24234234234234234,-0.08338631389478847,0.0762017795916101,-0.21648505207827243,0.09327355090066955,-0.011068541577016153,0.5722701129480791,1.0,-0.2363886228293008,-0.20896875303654966,-0.05105799173595784,0.12363534566924397,0.15827121420341758,0.15298333772910044,-0.32301438572625013,0.36092672024875416,-0.15580727106150835,-0.1535367416723349,-0.17053031459811122,-0.07484880874711383,-0.05105243918803241,-0.07570991638788249,0.049940541465965195,0.06306954103564273,0.06443546782529834,0.014636516331431586,0.03383028637265925,0.05540933846018592,-0.09227085328780243,0.0809288487254589,0.06513601428855666,0.19144583720854907,0.10196606467792908,0.06652044957129703,0.2783348834196292,0.21575998186167678,0.09150275082478472,0.15432103906680178,-0.16880115863166711,-0.039515632735971716,-0.1979612894867132,0.17909697062239435,0.03178602331144704,0.11868571190605089,-0.09557508201575998,0.033645201441811615,-0.25495495495495496,0.15142353447438192,0.05309022427666495,0.263629885663784,-0.011876900012493233,-0.01688807451519316,-0.22246329534465129,-0.17875317536334487,-0.1656551775195843,0.2673325097053911,-0.06801223411392902,-0.12327859446503514,0.05342985512477038,0.1057709481438295,-0.15206068934882494,0.02858035230916587,-0.13355173355173355,-0.3406053202663372,-0.021635040279108075,-0.08217308217308217,-0.08970927784487107,0.019267341301239607,-0.1665972598175988,-0.1488027318535793,0.06540161116432303,-0.0853583938329701,-0.05671557535964316,0.054711105558563185,0.2717879667032209,-0.20414081261538888,-0.012008773025722178,-0.235107372395508,-0.11945196351976013,0.15917442866595408,0.13324680612816206,-0.012981857049653659,-0.00028919520444944176,-0.18650499497957124,-0.14034435051384203,-0.07968831697645257,-0.10726921065904117,-0.34743264065297963,-0.1322889916110255,0.006280394415987637,-0.06760134556744726,0.11597791936774987,-0.08301244233447623,-0.2989653752365617,-0.010632203852542835,-0.1922602109042787,-0.18630880495287275,0.05219626406067084,-0.08757478587987062,-0.24198929283675047,0.09921940430415006,-0.15654067009999215,0.0053424765289172066
#201,0.2923310058903279,0.48623615911751505,0.8224309054817529,0.6835033801135496,-0.12513083191049293,0.4147744046049131,0.40803083514947924,0.14712077254450137,0.26703174669276364,0.6898157016801084,0.3963672455197879,0.21974023329955533,-0.08712410407325662,0.4108783668105702,-0.30398487856114975,-0.2363886228293008,1.0,0.7150238065492303,-0.06818112411332751,-0.2305982407677323,-0.29147128638654063,-0.29269793676573336,0.5177607499641398,-0.021776630251206523,0.49338275100986967,0.22828190285817404,0.12251789539925133,-0.09598689598689598,0.36308203426847496,0.36206314172415865,0.4086962154758765,0.20706839350907147,0.42522383708824385,0.3088465969821902,0.11984711984711985,-0.11043184941490027,-0.10996636081381844,-0.06238518950383357,0.2242317818589005,0.08246829263778416,0.05502991435194825,-0.020924776856980246,-0.5430438142302549,-0.19702475973662414,-0.24638505994438198,-0.3080479555055826,0.06964560862865947,-0.16115344928904252,-0.1263769162074247,-0.44723228621533706,0.2713710628964866,0.08770480804379109,0.3265823604806656,0.44662613306681104,0.1934248578316375,0.32196264060670843,-0.35789965620474096,-0.406231346909313,-0.17491312576058338,-0.3067745711813508,-0.024121193612719038,0.08668684092412907,-0.02516137092408279,-0.014434773756807654,0.13117987016292101,0.14596445443903072,0.21335434047298454,0.2654811976845875,0.37689769893159725,0.3706099011183757,0.5479453259114276,0.5963413336294692,-0.21114350097400944,0.10132104369392506,-0.35991014126607346,0.0591068726661947,0.20062049723066672,0.038445841835672345,0.38114030825895234,0.5310743717523378,0.03408385272792053,0.15155679562459223,-0.22331005890327923,0.23595413595413595,0.16016139405969915,-0.36104101019355256,-0.07019993799654817,-0.15776963404082048,-0.042441825492672954,0.010835797276475243,-0.17395762480508242,-0.12280616517904654,-0.151486000638543,-0.2372145643332084,-0.46397923347075887,0.800318808793385,0.4257790918807868,0.6992480924684314,0.47068578594002325,0.4962423131914657,0.3142140599767718,0.6859788910636369,0.31088484478314987,0.6531068819204412,0.5561718883752782,0.5531406599203209,0.4862666981311049,0.17545311104633138,0.1568812263727518,-0.18213652789923976,-0.2788637636095263
