,#10,#11,#12,#13,#17,#18,#26,#49,#50,#51,#52,#53,#54,#58,#101,#102,#201,#202,#301,#302,#401,#402,#501,#502,#601,#602,#701,#702,#801,#802,#901,#902,#1001,#1002,#1101,#1102,#1201,#1202,#1301,#1302,#1401,#1402,#1501,#1502,#1601,#1602,#1701,#1702,#1801,#1802,#1901,#1902,#2001,#2002,#2101,#2102,#2201,#2202,#2301,#2302,#2401,#2402,#2501,#2502,#2601,#2602,#2701,#2702,#2801,#2802,#2901,#2902,#3001,#3002,#3101,#3102,#3201,#3202,#3301,#3302,#3401,#3402,#3455,#3501,#3502,#3601,#3602,#3701,#3702,#3801,#3802,#3901,#3902,#4001,#4002,#4101,#4102,#4201,#4202,#4301,#4302,#4401,#4402,#4501,#4502,#4601,#4602,#4701,#4702,#4801,#4802
#10,1.0,0.03618436368782153,0.04326347647066879,0.3708180602281494,-0.1927510761547837,0.20278544920047292,0.07282703465149931,0.44789676217778124,0.028307321504379937,0.22731036623498746,0.29758749606284834,-0.00502038189229779,-0.03997407185929419,0.22235845654525785,-0.018539533567356107,0.07225552000073036,0.084890010818608,0.10395906275249124,0.10971072776821703,0.2835187408418429,0.12925452030657286,0.3041151793743467,0.06944542080733292,0.3408263225405926,0.06412193529833339,0.38879703469714744,-0.15443220567223725,0.21211318911565868,0.0507808113499523,0.017947933737167167,-0.11883852885190375,0.08730479716251192,-0.27489306924365603,0.07036477424714813,0.12211058717196109,0.020020359068230267,-0.08181971725545154,0.13748853090606983,0.16316925871993498,-0.07473969150990337,0.028375793706948104,-0.012792433365134867,0.2826705984926986,-0.14029680417406548,0.06310580781222183,0.03694303569227679,-0.26767518613027064,-0.06606563288856834,0.06605376437345652,0.21783381339955357,-0.07099471851077524,-0.09840459768016177,0.1956789475365984,-0.14041457636248272,0.2127139185728567,-0.13043771996695075,0.1889358050276856,0.1161306814810081,-0.10626703246038884,-0.10927798344798623,-0.15892580808611065,-0.1668211095235704,0.09347186020715123,-0.04946340617254082,-0.017200217285122818,0.08378076113700375,0.0570811669489243,0.009996941574951955,0.1268853820977144,0.30946514080167253,0.10931267603062077,0.048060182501243914,-0.04308727466939338,-0.10214683179118716,0.11947303792903541,0.056792670735437104,-0.3253799066039157,-0.1240707180908124,-0.028286323362259034,0.16086220197473833,0.019685301756996718,0.025394057525779785,-0.19090232668544327,0.10441919595374931,-0.05837757398421488,-0.07686324275221736,-0.20834721797440967,0.25544605075159654,-0.1656552561545098,0.32548763620262294,0.12537260290230842,0.16990601048994144,0.06939338193338111,-0.19643579361565183,-0.07701935937407277,-0.07601418744037212,0.09492712275239995,-0.4566593781811044,0.2234257099426203,-0.27724577412389817,-0.1255351102630702,-0.12085252457010869,0.23154377427910183,-0.30822077264033376,0.25894908863498384,-0.31830901048537663,0.15913213765651604,-0.06305376893827003,-0.16183815910200988,-0.3088954520763054,-0.1580247139003136
#11,0.03618436368782153,1.0,0.276626785412682,0.2270154792825939,-0.13603965909972748,-0.09521653192858806,0.2613282694335523,-0.02008335349459298,0.0888385745000388,0.23358789776643676,0.10901139833932084,-0.023511528436505728,-0.04455440572975391,-0.025210552022897105,0.16683480396408404,0.2804858787494237,0.11300013237959163,-0.18333569182031068,-0.10671164529573145,0.19791935800462873,0.27723116672068365,0.1851625301848293,0.08953060022732771,0.028153030807926343,0.15475265558025628,-0.11256921398476265,0.08298100581100759,-0.19559221608001204,-0.37204599506087177,-0.3673679741814148,-0.25098987980846044,-0.27901874768906315,-0.19415612575148242,-0.227425399535302,-0.14453751591978709,-0.338238073283516,-0.1604687150506466,-0.2587947979385302,-0.22897195835064157,-0.14846873330990062,-0.11431114681809675,-0.38936581045981367,-0.007004249841372731,0.07783007025247983,0.049541920964818985,-0.052021527660487434,-0.1954205790922412,-0.24842628054430838,0.047421108610607714,0.03910675729343078,-0.06186965631519124,0.2250033094897908,0.06804767491224147,0.12358045712042434,0.0862713233850831,0.0112595689903089,0.21713174508255464,0.14588048405282403,0.01910922229272323,-0.12940333322682102,0.11611150926428901,-0.027139642209917512,-0.2256232111637079,0.023130822990226733,-0.0680312415836251,0.01714817841117101,0.030678285638640234,-0.05128020194734944,0.27489945998256243,0.1550566721596589,0.3243418680129823,0.13454148730753604,0.16041211136319025,-0.14676697083540652,0.22906051573262975,0.32508775853962485,0.006283009307654736,0.21591841765304678,0.02264147498253959,-0.1095016593097089,-0.044704131612702966,-0.1375880438404689,0.01538798632381874,-0.08326402424828934,-0.1643022454317629,-0.011338083782587062,-0.055816713608165536,-0.10687141376839049,-0.0370982393514313,0.0530385681092999,-0.17132201563905106,-0.11348400261107333,-0.08859755234699887,-0.08220772640333779,-0.18176539597474745,0.11698430160635787,-0.01596223986269041,-0.12802110769764502,-0.25628506347373176,0.030548644935111176,0.11314529344903614,-0.1641598232504211,-0.28036810656100647,-0.3061182195401407,-0.3702949326005286,-0.18960226779934905,-0.1588710303240561,0.028653334368024395,0.16231929044538884,-0.0906115480652038,-0.039009983247134436
#12,0.04326347647066879,0.276626785412682,1.0,0.23012229135378673,-0.07522082285328233,0.02911346756928246,0.15583360341813235,0.03265302396070609,0.055461571117511994,0.12963157390204824,0.17627301236607978,-0.17387648527619404,-0.07119374437957338,0.04272482847713257,0.08263864479816677,0.07581516157157399,0.31322654712941705,0.23947833311270067,0.018941237155756,-0.012286652028831361,0.14414950677190083,0.03574614159138528,0.10410696271003848,-0.2158170787932459,0.11993864890649893,-0.21459736062483167,0.18674834639630797,-0.01805748926127623,-0.09066084805105287,-0.13627520347656197,-0.08831909872322166,0.051223598259893095,0.03616701739650426,-0.2523410646058055,-0.26539095345259667,-0.236159713694897,-0.15958314123076503,-0.32754362820506966,-0.07312100864119196,-0.041456723285570166,-0.09281817891330049,-0.19111504699475504,-0.07393080655689811,-0.0952840911684553,-0.19628698069540368,-0.2716611812824387,-0.0036847174608681363,0.02071329775822009,0.2259537036614369,0.2063414389205129,0.2758388986017976,0.24059762538401494,0.1974729192438843,0.11155765131215564,-0.022341110253940574,5.660368745634897e-05,-0.07772690546727713,-0.16252379409039244,-0.09125609973204545,-0.31984826559910895,0.010558413636010901,-0.11454577823223032,-0.29904914934700344,-0.19755143403616246,0.08663924735354937,0.15815800645464628,0.05225615907462101,0.06963349112372014,0.19695709531787078,0.11564863717492822,0.2794551438600976,0.2905138610562065,0.05574824140559737,-0.05173029255889751,0.046939064304527836,0.1431671589057229,0.04604527382033807,0.08908781331738692,0.05491653238506941,-0.11433579681102128,0.05061191325028416,0.07334559746561554,-0.17394313155336039,-0.0689387265083285,0.0551420341721939,0.0454500221393455,0.06468158143399051,-0.16867168491831266,0.023034961906631304,-0.15232508775853962,-0.1099654443617706,-0.1072849858719022,-0.04535142216764734,0.04208575458649637,-0.10512491612155185,0.3336385671963372,-0.034443343817188346,0.2402032254972223,0.09917331227432703,0.39677724166579176,0.14475936585610794,-0.007497249699863512,-0.03925648317637983,0.3063263750359479,-0.041561713996174685,0.2206649107350719,-0.10978832959779428,0.06808875823378235,0.11371680809980508,0.008665841957026845,-0.241789041708701
#13,0.3708180602281494,0.2270154792825939,0.23012229135378673,1.0,-0.13319851917449912,0.2009074849247034,0.3445566881365062,0.1300497108190645,-0.015988715781016766,0.1267283525131581,0.2623763506141957,0.09303820292421953,-0.07142563690560422,0.2363039618016406,0.1664687059210196,0.2737856454874536,0.08058356575842093,0.14442978632107986,0.0727229569035957,0.1899802343575253,0.20149451994138778,0.2912186682613082,0.09134100526322997,0.23132009841737916,0.023945185719437434,0.15231504516882963,-0.13156249001447046,0.03061711713767934,-0.09485225981092542,-0.0988199957090753,-0.11138601432438477,0.0907977924561892,-0.2677728731392679,-0.06251146909393017,0.07021778725230181,0.033905608786353035,-0.0906946276709865,-0.09188786992107438,0.18425869711092954,-0.19197505785901117,-0.02971693591458321,-0.09257624379755965,0.1341361318683325,0.13085129207046245,0.16982384384685964,-0.1081614300647747,-0.3004496341301976,-0.18420209342347318,-0.08949042986848772,-0.05678627999653074,-0.21444033104027535,0.03134931322380824,0.19804534685735414,-0.10663221754075237,0.2739591084006263,-0.05790283337974227,0.2062994426362711,0.05689766144604162,0.07334742339101737,-0.2415334121524465,0.10584615665526985,-0.14688930783732831,-0.013090972168332063,0.03270962764816243,0.010352997028306409,-0.07323512897880557,0.01617496017200217,0.18952740485787453,0.27480907667517246,0.2210008810090064,0.28045209912949004,0.10790945235932387,0.18778729794994226,-0.16666773178981772,0.21724130060666372,-0.0025791196300675137,-0.056571733761817164,-0.05484258240629579,0.038371822319199146,0.025792109263376044,-0.04802914176941301,0.20932773991518577,0.02918102680914971,-0.07029538908187906,0.017583661619504535,-0.04789493625237941,-0.2053417447630177,0.06589308293809656,-0.07049258902527537,0.09563010403209977,-0.05023851150561244,-0.11555277609133278,0.07077743338795893,-0.18118657762237123,-0.19689318792880717,0.023170080386365813,0.44422573915742675,-0.3127289824574217,0.14459503256994435,-0.0011375515253324326,-0.13929802297927119,-0.17667928076798423,0.09349285834927214,-0.19720450820981708,0.13084307540615428,-0.23034414129010758,0.1284009001812231,0.10077190996361844,-0.05159608704186391,-0.19793213948244145,0.005003035600980522
#17,-0.1927510761547837,-0.13603965909972748,-0.07522082285328233,-0.13319851917449912,1.0,0.3805758055754632,-0.10086685808451296,-0.22559308339457793,0.10465839218138744,-0.12126792259902222,-0.17874166350933732,0.2892238447598223,0.3778396563608394,0.07209849041617404,-0.13678281073826729,-0.20991203604376743,-0.16577394130562795,0.31619002405656715,-0.0329123053677642,-0.274963367371626,-0.29690825181337216,-0.2813376729493717,-0.28762707299593276,0.04083864753705487,-0.27285077168172295,0.0867761917586857,0.13403844485933528,0.20186974761146134,0.31447548010426035,0.3168354886861097,0.26568401447958845,0.03563384717917349,0.1088726280087827,0.24593663125892992,0.03101608183797651,0.0416767472964892,0.17954872253694076,0.09886838273222348,0.07168400534996143,0.10876033359657092,0.3472234521858609,0.22109400320449907,0.10298949636412605,0.21222091871436594,0.05093236315830317,-0.048649043443330126,0.29168793108957536,0.30197975961692086,0.015942154683270416,-0.3156769390186564,-0.04739737158038408,-0.025031611333518968,-0.06441956113882967,-0.21472882725376255,-0.20994490270100016,-0.18037495378126325,-0.3736235946080423,-0.4124546371657986,0.13769486047647522,0.1124715269757654,0.05057813363035053,0.16215130530842162,0.20808154582844518,-0.07869555889294143,0.1372995476269817,0.041723308394235555,0.14611055065345305,0.10347154067020592,-0.1588993321677843,-0.12395477182779698,-0.1443622270812126,0.08590157349121502,-0.11293805091592983,0.12414192918148328,-0.2890932910935924,-0.2598008828349318,-0.15179009161580703,-0.13897392122044855,0.3348418520361351,0.17971396878580526,0.07495241181921512,0.24605531641004807,0.33101471239392516,-0.13021860891873263,0.4094729009846303,-0.05158147963864936,0.007866999593731598,0.15500919809921165,0.1431352052111911,0.07543810797609864,0.2364290376916651,-0.00129092925908512,-0.07370530476977363,0.015363336330894201,-0.11747091072594229,-0.17787708783157663,0.12401137551525332,0.16024503918892394,0.2926867122843696,0.044446676131046664,-0.3346200020998142,0.32101411896816956,0.18115553689054034,0.15143312319975166,0.3183610493593284,0.07592289117028124,0.22911255460658156,-0.08639822520050944,0.012801562992143956,0.026698681225378537,0.03203768710029352
#18,0.20278544920047292,-0.09521653192858806,0.02911346756928246,0.2009074849247034,0.3805758055754632,1.0,-0.11409933947148589,-0.019971059082381188,0.07209027375186587,0.032516992518270664,-0.044380942816581226,0.423718770969612,0.3483555259349879,0.11400439135059137,-0.21236425385840862,-0.02158791602569077,-0.17302103922544246,0.36362756599579127,-0.07873116443827688,-0.006450081481921056,-0.40555263914692763,-0.1525907599045041,-0.08966663166976313,0.25336632171892615,-0.250212948549987,0.2028968306499838,0.047915934394500315,0.19703561011014895,0.2809816174960172,0.29849132913674814,0.1707687602423003,0.11951412125057631,-0.021138738376843613,0.18228304582616278,0.17516650157257826,0.10275395198729156,-0.08187632094290788,0.14506794724901514,0.17133844896766742,-0.13102475498363514,0.26285200418136917,0.253859321577417,0.2764715817535275,0.18827390706952668,0.09859084207114718,-0.20264302701913114,0.048581484203462866,0.09328926766696946,0.03673396723376866,-0.27057110381755356,-0.07377286400964089,-0.06312954484244546,0.08827984132708258,-0.2884377838743398,-0.18946349746881092,-0.3314428919006514,-0.23182496679098175,-0.14600464698014762,0.18126874426545303,-0.00894886039430859,0.10215230956739263,0.08659633810660665,0.36858860531252996,0.052337412755001894,0.053292371740152555,-0.08124363779117805,0.2893133151045114,0.014380988464716273,-0.09775000342361014,0.2026612862731493,0.002125377167715813,0.03659519690323052,-0.1153984853948792,0.18419661564726772,-0.16489932303815727,-0.226363623914145,-0.22526441682225073,-0.07987236781441294,0.187790036838045,0.31716415525843694,0.12838629277800856,0.4732287382398992,0.15801010649709907,0.07399836579676537,0.3280804502732041,-0.08234467080847412,0.029583643360250517,0.024733072530321774,0.16791575180196014,0.26511980353042675,0.46422053527003154,0.14940725896643492,-0.24223548046944543,-0.041091538205206626,0.008985378902344944,-0.3311425271720524,0.11439148753577673,-0.17212177096504722,0.32181752614496933,-0.0824880059525168,-0.11492465775310749,0.267751874997147,0.25096157796473223,-0.008945208543504956,0.39627054736678735,-0.10837688926218919,0.35618326813258044,0.04558148876827637,0.15103781035025815,-0.010432424783285479,0.13915103598442485
#26,0.07282703465149931,0.2613282694335523,0.15583360341813235,0.3445566881365062,-0.10086685808451296,-0.11409933947148589,1.0,0.06437939077998968,0.1783673488019647,0.30224908361368896,0.07143750542071603,-0.023043178570939484,0.04559335728338819,0.29874421980489985,0.2977171367663774,0.17402438523374128,0.02951699708308417,0.12563644912287109,0.08608873084490133,0.11224237333783728,0.2629770800713937,0.06058785668311521,0.07064231490822442,0.05779510378103503,-0.07605527076191303,-0.061515426787238606,-0.0793720642543149,-0.040773827185290344,-0.03866762223429362,-0.040851429014867595,-0.0848589700867771,-0.1260071119794401,-0.11109477922279486,-0.1271318820269598,0.014807342046040709,-0.014442156965677168,0.06643081796893188,-0.20273888810272656,0.035480469445420805,-0.06536539049697125,-0.15990359113878402,-0.2055170336015922,0.03280548873175786,0.0832183761132439,0.09272688264320961,-0.032278709253333454,-0.21081221726686356,-0.1340402707847371,-0.1069645359638832,-0.003481126778565462,-0.021366066089369917,0.040887034560203046,0.08192835981685968,-0.0952000985999717,0.16898665705012622,0.0985716698544281,0.09368823236726663,-0.10181360040535543,-0.1419100092665714,-0.10326977591330506,-0.07769951658624986,-0.15417383722788006,-0.12190517056425659,-0.15052107346154373,0.03816549274879375,0.05465268616450675,0.058480738769417576,0.20949389912675118,0.2816261691628589,0.0637412298520544,0.2672880899450853,0.28979262052248855,0.2829426613775694,-0.1816357552712184,0.2132096573194502,0.036356913638293305,0.010453422925406382,-0.14374871614620185,0.22058183112928922,-0.10369430356922768,-0.055246111920097506,-0.06373575207584894,0.167105953886254,-0.10264804831398613,-0.04365787635746141,-0.15564644606444603,-0.20700424984137272,-0.12186043539191206,-0.05286327927072539,-0.14567324151971772,-0.14585309517179676,-0.26700598447050444,-0.0002519777054508438,-0.1877279553743832,-0.1488786535626087,0.12500650485924397,0.27343050299680005,-0.18047629264106416,0.12805762620568137,0.07590189302816033,-0.07637937252073566,-0.1502389679869629,-0.000971392313767021,-0.07606440038892211,-0.05784531672958501,-0.22430945783710007,-0.012975025905316639,-0.02072699219873372,0.04259610073630442,-0.23116398179552375,-0.10930811121711623
#49,0.44789676217778124,-0.02008335349459298,0.03265302396070609,0.1300497108190645,-0.22559308339457793,-0.019971059082381188,0.06437939077998968,1.0,0.261551945295275,0.11698977938256333,0.4124016853291459,0.039997808889517816,0.04152793437624106,0.36460808793656735,-0.1025211464985598,-0.2512363797377058,0.11719610895296872,-0.13348701538798632,-0.014653051349587113,0.18316953260874527,0.1425673424112258,0.11601564818069358,0.07945423089739669,-0.06826496003505776,-0.01779546896611539,0.009342347318400307,-0.16328703090835223,-0.10218700215002716,-0.06400142422181342,0.04317765797678336,-0.19521242359643398,0.1572322622759247,-0.17521123674492278,-0.06786782126016241,-0.07889093291093592,0.12521009554154666,-0.11999981740745982,-0.017581835694102717,0.15855697115494347,-0.07483737851890061,-0.15524291655064432,-0.06725704921325439,0.1805420259555296,-0.11803238278700123,0.15014401986606837,0.2114029041343516,-0.11468911337627301,0.07845636266530331,0.00022915363792812244,0.22372059689501386,-0.04571752021071179,-0.30328712220462234,-0.05452487138637951,-0.14895260354138232,0.04060310316022039,0.02104652914405182,-0.06165237119237493,-0.09550502814207526,-0.2867999287889093,-0.2784180182318651,-0.2989971104730516,-0.19015095838259527,0.012690181542633076,-0.017122615455545564,-0.1349504945975432,0.10832302446283557,0.13340484874490452,-0.003146982430032821,0.024829846576618114,0.18255236982293088,0.011608320742056083,0.07712617601007911,0.05045853551653147,-0.05137971488174851,0.020351764528660183,0.11013708134954146,-0.3549042073886071,-0.31645660916523255,0.0003423610128408204,-0.11310147123939251,0.19211200226414749,0.13697635883085996,-0.15425326498285913,0.27146124245093967,0.18828303669653576,0.16265160886851968,-0.06052394929405159,0.10705218038317045,-0.016857856272281996,0.1938228943656507,-0.004395915404876134,0.07948435866652667,0.14117416132963886,-0.22739435880347109,-0.05830636289354398,-0.020993577307399106,-0.10376368873449675,-0.18415553232572685,0.1093154149187235,-0.0633806095851954,-0.1918737189992103,-0.23090561335116655,0.01893302049144782,0.07808569980873431,0.14022102826989002,-0.08316177242578754,-0.009268397339626689,-0.06366636691057986,-0.209765962011622,-0.4103146525948682,-0.39931527797431837
#50,0.028307321504379937,0.0888385745000388,0.055461571117511994,-0.015988715781016766,0.10465839218138744,0.07209027375186587,0.1783673488019647,0.261551945295275,1.0,0.08850990792771161,0.11186075492885739,0.24084686420136306,0.3387018583355777,0.15697571975696933,0.011773566990920586,-0.2862594548699713,-0.15320427083951485,0.20490078377847873,-0.08333158348815659,-0.2517522036637193,-0.04973273016930893,-0.2660848051052874,-0.02060191630870921,0.017766254159686305,-0.29870039759525624,-0.11054974049035227,-0.11361273035190148,-0.06722509551872258,0.11903846768340279,0.03174006125979723,0.15035491424997832,0.057093035464036115,-0.02805716972433091,0.04909548220407455,0.05083650207470774,0.007125673880593608,0.021177082810281786,-0.1740663815179831,0.0798878881803284,-0.10327799257761325,-0.011978983598625079,-0.04719560682348323,0.2611621102219869,-0.022359369507958752,0.21843910767025612,0.20186153094715314,-0.19791844504192782,-0.07730694262485906,0.040424162470842254,-0.1363098960591965,-0.1395573043863293,-0.05372785494848608,0.028038910470312737,-0.35662696800522214,-0.0625041653923229,-0.267561978755358,-0.20146074032145417,-0.2651645387027713,-0.04311466355042065,-0.23391382545066122,-0.07477621001793971,0.03401425134776119,-0.08849895237530071,0.03338430708413408,0.1929263649933582,-0.058240629579078544,0.22171207895301437,0.059240323736573744,0.13907069526674487,0.15233786923635234,0.2872901897592974,0.16883327931637354,0.036080285939917925,-0.01761378938863453,-0.18104506840373036,-0.048814289692194625,-0.15425326498285913,-0.2582616277211994,0.12125240223310677,-0.13332359506452363,0.20905932888111856,0.1177712754545413,0.25439431772014953,0.05354343648290249,0.1831311881753071,-0.007448862676715343,0.09554245961281252,0.07163835721491599,-0.05365481793241337,0.1475375113549736,0.03807510944140377,-0.0007385868250352631,-0.02427293932906371,-0.1325265786266302,-0.09369736199427572,0.07020957058799362,0.08876188563316245,-0.08204248015447328,0.1495788959542058,0.056160900546408175,-0.14737956880771635,0.17418871851990486,0.09710088694326394,0.1483527870468852,0.28479141084690984,-0.04993266900080797,0.25329328470285345,0.03564662865698622,-0.07676920759402375,-0.21387155527760912,-0.15285460612506677
#51,0.22731036623498746,0.23358789776643676,0.12963157390204824,0.1267283525131581,-0.12126792259902222,0.032516992518270664,0.30224908361368896,0.11698977938256333,0.08850990792771161,1.0,0.3117877179127847,0.10713617295165406,0.10652722683014786,0.08081180643364816,0.14428645117703717,0.10464926255437834,0.3174060903741778,-0.08162434323745703,-0.028794843586665266,0.27103488886961524,0.2054549521379304,0.06702424372452263,0.3051669124057937,0.19593183820475016,0.20194461055293586,0.10076643218741298,-0.11969762675345899,-0.15478369631208716,-0.074392765683558,-0.05872815166136387,0.07503457846229693,-0.09811153665317003,0.036773224629907744,-0.0663915605727928,0.02330976367960487,-0.10350258140203682,0.12382513112426792,-0.18522735053659384,0.18388346944085598,0.01769139121821178,-0.07053367234681628,-0.2246728169920618,-0.02912716200979609,-0.09354307129782213,0.0809405341744763,-0.05859942392053573,-0.22007239794218209,-0.18070635924169318,0.021735815983238004,-0.019424194424536786,-0.09165049961883807,-0.014079710773416352,0.14722253922316003,-0.04862439345040558,0.21916126116667503,-0.0385005500600273,0.14251439057457307,0.13069608841130795,-0.15515618509405799,0.18486033953082848,0.018514883574431568,0.008304308727466939,-0.11314529344903614,-0.0542665029420223,-0.028479871454851712,0.06310489484952092,0.19224529481848018,-0.11797304021144216,0.2135903627657292,0.30617208433949433,0.2408833827093994,0.3101389072749433,0.09780204229756194,0.004186846946368006,0.1274632874873897,0.11747912739025047,-0.08032519731406373,0.011768089214715134,0.11510816325599017,-0.08836931167177164,-0.04449688907959665,0.0605148196670425,0.01136364673821251,0.006695668448465538,-0.03806232796359105,0.0021728512281630735,-0.10829198373100467,-0.17367380755659229,-0.10523173275755819,0.10613008805525251,-0.1519726841559888,0.011863037335609653,-0.09567118735364066,-0.0679792027096733,-0.019363025923575892,0.12451167907535138,-0.13166748072507498,-0.07430968607777529,-0.014706003186239826,-0.007205101635572679,-0.08207078199820146,-0.012756827819799423,-0.20185240132014406,-0.10998552954119059,-0.07155345168373146,-0.14314798668900383,0.015439112235069637,0.08280023919622764,0.14416320121241447,-0.1387529842468286,0.014807342046040709
#52,0.29758749606284834,0.10901139833932084,0.17627301236607978,0.2623763506141957,-0.17874166350933732,-0.044380942816581226,0.07143750542071603,0.4124016853291459,0.11186075492885739,0.3117877179127847,1.0,-0.049136565525615454,0.05503613049888847,0.07980754746264841,-0.09942620294247878,-0.055506306289856526,0.1701287733889632,-0.10390519795313763,-0.09800289409176188,0.20747351266963987,0.09353028982000941,0.15339781893210752,0.2128280389104703,0.006377044465848348,-0.015377943734108742,0.06851419885240588,-0.16683571692678495,-0.040353864342872275,0.04534503142874098,-0.02218681955748698,-0.050817329857988654,-0.06219375807401389,-0.10090428955525022,-0.0323143147986689,-0.058824925707660215,0.04334107830024604,0.01537155299520238,-0.13273656004783924,0.06940068563498838,-0.07537693947513774,-0.10287263713840972,-0.06912588386201482,0.12776912999219417,-0.031042557756302866,0.0013183181401123856,0.010150319308704643,-0.055593950709143775,0.06515723500116402,-0.057143248412586105,0.15137012877338896,-0.09641433899218048,-0.06773452870582973,0.09052116475781381,-0.08737783417858463,0.12303085357447721,-0.051261942693331265,0.06190526186052669,0.026941529303820294,-0.04242446374853356,0.01715091729927374,-0.07274943282192206,-0.03361437368476311,-0.11295813609534983,-0.08035806397129645,-0.06066454554999155,0.04063870870555583,0.0004555683877535183,-0.12100681526656229,0.05680180036244619,0.29887477347112984,0.01825742809277527,-0.03807876129220741,0.05136054266502942,0.07141011653968878,0.027298497719875654,-0.03128449287204371,-0.07250110696727485,-0.008378258706240557,-0.004049902541231678,-0.09039061109158385,0.13819242514847055,0.18106606654585128,-0.04149506771900834,0.15094651408016727,0.07603883743329666,0.18968626036783268,0.05394879192210602,0.1858116466651755,-0.10324877777118416,0.24723029940611777,-0.008508812372470522,0.0871998064519074,0.07772781842997804,-0.09699589623265942,-0.08383006112285282,0.07541163205777228,-0.08074607311918272,-0.0783732830595206,0.03223580000639074,0.011708746639156057,-0.07932459019386763,-0.17974592248033708,-0.01158001889832791,0.012095842824341412,0.13873563795551133,-0.02040197747721017,0.11814011238570848,0.07615113184550845,-0.11246878808766268,-0.2117151373780624,-0.22390318943519563
#53,-0.00502038189229779,-0.023511528436505728,-0.17387648527619404,0.09303820292421953,0.2892238447598223,0.423718770969612,-0.023043178570939484,0.039997808889517816,0.24084686420136306,0.10713617295165406,-0.049136565525615454,1.0,0.4600108642561408,0.17267776524990072,-0.16630711152295874,-0.2025279937188166,-0.289677587222174,0.1587377377697234,-0.1952991550530203,-0.09240825866059242,-0.23677505055530956,-0.234066290221713,-0.08772202111682727,-0.013149401781190229,-0.15973378007641498,0.07619312812975026,-0.22455413184094364,-0.15935946536904236,0.2559271820949755,0.27731424632646634,0.24700479761899327,-0.002664025161252037,-0.06570409965900843,0.20525410034373046,0.1293914647117092,0.16455422313721374,-0.020806419953712792,0.09469979503987365,0.28481058306362894,-0.24492050377281835,0.39378089808140887,0.0989122049418671,0.10368426097951768,0.14985187180177753,0.4523538460836182,-0.05012713005610156,-0.24697832170066691,-0.20623370932180565,-0.06697129188786992,-0.29953849735469057,-0.20163694212272956,-0.1454349582547805,-0.029639334085005957,-0.42398718200367924,-0.07486020258642333,-0.25404647893110327,-0.06182857299365035,0.08665750660756755,0.25770563343634595,0.16286798102863506,0.3330926155011937,0.40934326028110124,0.23656598209680144,0.19347231668850168,-0.0769088908872628,-0.1722322394518572,0.36429859358095923,-0.02114056430224543,0.06027927529020802,0.2154646751906951,0.22436058374835097,0.12564283986177743,-0.03691655977395043,0.04624703857723893,-0.08802512473352901,-0.22064847740645555,0.010866995028918093,0.05224063870870556,0.19311534827244634,0.05077442061104594,0.25927227743110554,0.42084202549904826,0.4516170851839848,0.057763150086503214,0.2665348957168355,0.1970520434387653,0.2625260764971447,0.20027388881027267,0.05624306718948997,0.2482354713398184,0.18009467423208425,0.210136624868191,-0.12445324946249321,0.1297730831206891,0.1371023476835854,-0.3519927693354088,-0.03911862580854259,-0.17595347542076167,0.12477004751970858,-0.0608343566123606,-0.26855984698745133,0.2519804443389465,0.2058575686890312,0.07225552000073036,0.20952037504507753,-0.22374981170144292,0.3320810528285867,0.1907617304295033,0.074072315775539,0.14421432712366536,0.2655151163799203
#54,-0.03997407185929419,-0.04455440572975391,-0.07119374437957338,-0.07142563690560422,0.3778396563608394,0.3483555259349879,0.04559335728338819,0.04152793437624106,0.3387018583355777,0.10652722683014786,0.05503613049888847,0.4600108642561408,1.0,0.33653357192091915,-0.0004400480218380678,-0.12953753874385462,-0.13732784947070986,0.08554916988866419,-0.12197090387872203,-0.06552698489503211,-0.14959441632012124,-0.1728603577900825,-0.03264754618450063,0.15127518065249443,-0.12133913368969311,-0.05281124039677359,-0.15009837173102292,-0.18490233581507026,0.4022194123259094,0.15414918723495552,0.29844568100170266,-0.12145599291540944,0.06880360802859399,-0.02205900477935974,0.27310731420067835,0.16864886085078995,0.19354900555537805,0.0072215349641890384,0.07342776410869734,-0.013469851689209238,0.30905522054896445,0.08421715730803818,0.3850392802202066,0.3674072315775539,0.21758457458220545,-0.07122478511140427,-0.10261700758215524,-0.02719076812116841,-0.1368878014488718,-0.28712037869692836,-0.09601993910538785,-0.19198418748602025,-0.20338800458307277,-0.3118653197423619,-0.02753495505941105,-0.10430964042964025,-0.11250804548380176,-0.10584615665526985,-0.05478871760694217,0.0324585629054125,0.17211629318884178,0.334211907772508,0.3444544363140044,0.14582479332806858,-0.1566516179981467,-0.052653297849516355,0.4023380974770276,0.006283009307654736,0.23868862037641453,0.2804338398754719,0.3314940178119023,0.20833808834740056,0.13785189006103155,0.2065788092227492,0.00041357210351171105,-0.047377286400964086,-0.08533005884044607,-0.037100978239534024,0.286923178753532,-0.005983557541756631,0.24545549991555096,0.38609557806515815,0.5042831645113139,-0.06431457042822515,0.3813134794377976,-0.05709668731483975,0.10742740805324398,0.2641748871349861,-0.08792195994832631,0.19625867885167553,0.15662605504252125,0.08129932851593348,-0.031658807579416345,-0.05091410390428499,-0.05399352709445056,-0.30688510820890413,-0.15573317752103238,-0.016890722929514716,0.1321230491128285,-0.012951288875093009,-0.23527140098691268,0.41289559815033755,0.04906261554684183,0.14201134812637228,0.34707737815371553,0.028948221320417956,0.34422345675067445,0.2490069248220864,0.05464812135100221,-0.0703930760908763,-0.008612890120374132
#58,0.22235845654525785,-0.025210552022897105,0.04272482847713257,0.2363039618016406,0.07209849041617404,0.11400439135059137,0.29874421980489985,0.36460808793656735,0.15697571975696933,0.08081180643364816,0.07980754746264841,0.17267776524990072,0.33653357192091915,1.0,0.10809387082490744,-0.1096349518640416,-0.08870619490840702,-0.12161210953726485,0.09546211889513254,0.04582524980941904,0.0890659022125651,-0.048026402881310284,-0.14606946733191215,0.0021929364075830684,-0.21759735606001818,-0.07812769609297612,-0.11167542350057288,0.008619280859280494,0.08397430922959642,0.05502152309567392,-0.07293567721290746,0.11227615295777091,-0.1779674711389666,-0.07627346884743023,0.28814472284734804,0.28843048017273254,-0.07884619773859139,-0.10060666371475394,0.07784832950649802,-0.19493031812185313,-0.07593567264809396,-0.05065299657182506,0.23289587203914783,0.0807643323732009,0.13726211615624442,-0.07469860818836246,-0.04329086535169606,0.07693627976829007,0.03023458576599853,0.02739070695266745,-0.005644848379719447,-0.191225515481565,-0.17599912355580713,-0.27071443896159625,-0.01569748067942684,-0.027813408683188247,-0.016457978609283917,-0.13845079359282778,-0.13862699539410317,-0.19271090579594372,-0.045563229514258195,0.030868181880429276,0.2334372589207868,0.12191338722856478,-0.04128143444699567,0.018506666910123388,0.3022700817558099,0.3165332980321089,0.22630975911479137,0.24385598926355864,0.13990149132457194,0.23581826564475708,0.11019642392510054,-0.1516330620312507,0.17188348770011,0.042256478611566325,-0.2362418803379788,-0.26488243322819044,0.25114508346761494,-0.018104050359022583,0.019593092524204922,0.13973989692651106,0.20395586738303806,-0.07600962262686758,0.2002684110340672,-0.12928921288920742,-0.049425061739102646,0.10681481008093414,-0.12215440938160471,0.13632815531321468,0.0973546905741166,-0.13083211985374338,0.05602578206667366,-0.21996010352997028,-0.14672680047656653,-0.17370576125112408,0.12221557788256561,-0.1868962463538552,0.0788580662537032,0.0026868492287747585,-0.16132872591490274,-0.0770220982621755,0.10297580192361241,-0.1025823149995207,0.10980293700100882,-0.05415694741791324,0.025566607476251557,0.052753723746616334,-0.235458558340599,-0.23456750674451196,-0.12889846485321843
#101,-0.018539533567356107,0.16683480396408404,0.08263864479816677,0.1664687059210196,-0.13678281073826729,-0.21236425385840862,0.2977171367663774,-0.1025211464985598,0.011773566990920586,0.14428645117703717,-0.09942620294247878,-0.16630711152295874,-0.0004400480218380678,0.10809387082490744,1.0,0.4613793953448032,0.10160818379765095,-0.07442928419159435,0.6373182633623503,0.11134401804014298,0.5507666604280882,0.19463177931865594,0.3991345113595384,-0.025266242747652545,0.3484532129439852,-0.1588509451446361,-0.08293444471326124,-0.2606061159371334,0.09142043301820904,-0.11587596488745452,-0.1159462630154245,-0.10739636732141308,-0.2438194707555223,-0.2699073799339928,0.11637352955944985,-0.09949376218234604,0.3032122592631478,-0.028259847443932676,0.1811208443079058,-0.16738349454733026,0.03233805182889253,-0.21206936690601505,0.04344150419734602,-0.0071384553584063325,-0.10874481323065546,-0.17807428777497294,-0.17911506525400905,-0.2419771120250882,-0.14188170742284323,-0.11236562330245997,-0.16842244610096455,0.06909484313018392,0.033639023677687646,0.2467290828833188,0.5170244719651979,0.3791415411723354,0.08793839327694267,-0.006618979581589194,-0.36082568346670196,-0.33851104913108776,-0.10903148351874084,-0.21786120228058084,-0.061176717625201424,0.11423810980202403,-0.11345935261814878,0.04381947075552228,-0.015011845691044292,0.127390250471317,0.6397923922818133,0.11824053828280845,0.3434857828883401,0.22454956702743908,0.38009467423208426,-0.33069243656050434,0.30321682407665235,0.0010873385767824456,0.07690158718565553,-0.03512441399206635,0.2023216641484112,-0.11952325087758539,-0.2756617838378213,-0.24678386064537333,-0.05333345506169346,-0.3735213427855405,-0.1950809569675031,-0.40037066285656897,-0.37141057302103925,-0.1271729653485007,-0.16052440577540206,-0.2580899907334286,-0.18354841212962245,-0.44051180689012953,-0.104161740472093,-0.25493387867638667,-0.19559221608001204,0.21152432817357247,0.13313826363623915,-0.06633678281073827,-0.15666805132676304,0.07986689003820749,0.10374542948047857,-0.14386283648381545,-0.1709860453651166,-0.1745520776748666,-0.16469847124395734,-0.1759352161667435,-0.2007194146083162,0.03887029995389538,-0.027000871879379367,-0.1891211364559701,-0.06206685625858756
#102,0.07225552000073036,0.2804858787494237,0.07581516157157399,0.2737856454874536,-0.20991203604376743,-0.02158791602569077,0.17402438523374128,-0.2512363797377058,-0.2862594548699713,0.10464926255437834,-0.055506306289856526,-0.2025279937188166,-0.12953753874385462,-0.1096349518640416,0.4613793953448032,1.0,-0.07127317213455245,-0.07606622631432393,0.306425887970347,0.47565356717351315,0.23774096509287113,0.643632313401836,0.30641949723144063,0.3146973300405812,0.22048323115759105,0.2120538465400996,-0.005516120638891298,-0.0353973898396381,-0.21057484696462725,-0.1129042712959962,-0.11510542436788745,-0.14276636828002393,-0.3563101699480068,-0.15421674647482278,-0.03301820904106963,-0.13963308029050472,-0.06166606563288857,-0.02609156102927415,-0.051044657570514955,-0.0495848302117617,-0.056988044753431596,-0.06471444809122323,-0.08169464136542702,0.1591394413581233,-0.15052016049884281,-0.029933308074698607,-0.168107473969151,-0.2644104315118206,-0.13099827906530878,-0.07904248471928679,-0.1733487928350687,0.19874832813705395,0.09898798084604253,0.41284447223908666,0.2620997229158203,0.30173325968767545,0.12982786088274365,0.2569168336627607,-0.035636586067276224,-0.10084220809158842,-0.06336235033117722,-0.2598940050304245,0.023829239456422006,0.1546221019140263,-0.11792374022559308,0.017370028347491864,-0.13524355562453497,0.08458142942570081,0.37239200792451627,0.22601669808779962,0.19421638128974242,0.07724029634769272,0.28432853875754904,-0.1013762912716201,0.2912487960304382,0.08941282803891047,0.03541199724285264,0.07099563147347615,-0.024765026224853583,0.26224853583606844,-0.3365892626456746,-0.19312630382485724,-0.09280448447278686,-0.288696152318697,-0.242510282242419,-0.2974496386950111,-0.3555761479364761,-0.18879703469714745,0.0002748017729735652,-0.16008070590276036,-0.12498550671712307,-0.33460356877119785,-0.010627798801279974,-0.16056183724613932,-0.19213756521977296,0.026476831289057687,0.15982142449570222,-0.2356055453354453,-0.1410956465373607,-0.16806365175950735,0.17888591161608092,-0.24157723436209014,-0.13653448488362008,-0.35849580265398256,-0.21758548754490636,-0.38411992678039136,-0.20801946436478339,-0.05286875704693085,-0.058331012886468525,-0.057820666736660475,0.11820949755097755
#201,0.084890010818608,0.11300013237959163,0.31322654712941705,0.08058356575842093,-0.16577394130562795,-0.17302103922544246,0.02951699708308417,0.11719610895296872,-0.15320427083951485,0.3174060903741778,0.1701287733889632,-0.289677587222174,-0.13732784947070986,-0.08870619490840702,0.10160818379765095,-0.07127317213455245,1.0,0.010181360040535544,0.028036171582210008,0.05849260728452939,0.24236786006107722,-0.06396581867647798,0.23085540040261654,-0.17336157431288143,0.41654471006587024,-0.27511309325457506,0.18676843157572798,-0.15616044406505772,-0.0611027676464278,-0.15629830143289497,0.042261043425070866,-0.10753970246545577,0.3266799654900099,-0.18314853446662438,-0.1269584191137871,-0.3255040695312393,0.1748396609256529,-0.13407039855386707,0.00525136145562773,0.20304655653293285,-0.018889198281804197,-0.2987423938794981,-0.22111043653311543,-0.16116074077793552,-0.1909059785362469,-0.05548804703583835,0.12182117799577298,0.12496542153770308,0.1738828760151004,0.21405049596698728,0.33765286419223345,0.12172714283757938,0.19993609261093637,0.2868117973040211,0.09380965640648752,0.13386406898346168,0.005827440919901217,-0.08030785102274647,-0.2143006477470363,-0.05958359771211547,-0.032190151871345295,-0.005704190955278522,-0.3740262111591431,-0.09695024809761398,0.0458115553689054,0.06001360314424354,-0.015711175119940475,-0.10042407117457217,0.05645761342420355,0.10196332628830448,0.13703935325722266,0.20667740919444735,-0.032995384973546905,0.021279334632783576,0.020287857139596563,0.17048665476771946,0.0689907653822803,0.13915925264873302,0.06790068791739513,-0.251144170504914,-0.040262568072781384,-0.13832115288929872,-0.3236662756143098,0.04972268757959893,-0.13088050687689154,0.08197583387730695,0.0014150921864087243,-0.15536981836607067,0.060138679034268054,-0.13251288418611656,-0.2677235731534188,-0.16145380180492727,0.06299899117621549,0.020971666202577295,-0.05950964773334185,0.49104155349733186,-0.19981740745981824,0.4384804648806073,-0.08736596566347282,0.37409742224981396,0.23013142098079584,0.18744402397440052,-0.26562649782943115,0.23878265553460815,-0.2001232499646227,0.34505242688309967,-0.11113768846973757,-0.04414174658894311,0.19416890722929514,0.059646592138478186,-0.19740901185482068
