,#10,#11,#12,#13,#17,#18,#26,#49,#50,#51,#52,#53,#54,#58,#101,#102,#201,#202,#301,#302,#401,#402,#501,#502,#601,#602,#701,#702,#801,#802,#901,#902,#1001,#1002,#1101,#1102,#1201,#1202,#1301,#1302,#1401,#1402,#1501,#1502,#1601,#1602,#1701,#1702,#1801,#1802,#1901,#1902,#2001,#2002,#2101,#2102,#2201,#2202,#2301,#2302,#2401,#2402,#2501,#2502,#2601,#2602,#2701,#2702,#2801,#2802,#2901,#2902,#3001,#3002,#3101,#3102,#3201,#3202,#3301,#3302,#3401,#3402,#3455,#3501,#3502,#3601,#3602,#3701,#3702,#3801,#3802,#3901,#3902,#4001,#4002,#4101,#4102,#4201,#4202,#4301,#4302,#4401,#4402,#4501,#4502,#4601,#4602,#4701,#4702,#4801,#4802
#10,1.0,0.6297697305193557,0.6635989697458963,0.6560950294083727,0.337177565063622,0.6440241417752662,0.43843462883942647,0.7973167262522585,0.4576711644177911,0.7464114096797755,0.668534963287587,0.5246915004036443,0.13672394571944796,-0.14545035174720333,0.21096374889478337,0.4640833429439127,0.602637142966978,0.10596240341367778,0.3947641563833468,0.2954753392534502,0.18762926229193097,-0.03935724445469573,0.2486218429246915,-0.1573674701110983,0.2964902164302464,-0.33642409564448544,-0.105139737823396,-0.1932572175450736,0.12719793949179256,0.05368854034521201,-0.19903894206742784,-0.40941067927574676,-0.29076231115211626,-0.5472263868065967,0.06606696651674163,-0.3577672702110483,-0.14136008918617615,-0.3833621650713105,-0.4449851997078384,-0.6283012339983854,0.3414062199669396,-0.03413677776496367,0.10761542305770191,-0.3729212316918464,-0.26629762042055893,-0.1823011571137508,-0.4531811017568139,-0.260638911313574,-0.6589705147426287,-0.3794718025602583,-0.46251489639795484,-0.4423941875216238,-0.5762810902241187,-0.4310613923807327,-0.0850267174105255,-0.4092569100065352,-0.5595048629531388,-0.7197016876177296,-0.5012186214585015,-0.642863183792719,0.004466997270595472,-0.4046284550032676,-0.0918002537192942,-0.03471341252450698,0.48463460577403605,0.08321992849728982,-0.21970553184945987,0.07204090262561028,0.44551570368661825,0.19375696767001116,0.6593933802329605,0.41853688540345213,0.4428478068657979,-0.10050359435666782,-0.17601968246645908,-0.2977511244377811,-0.6106331449659785,-0.683688924768385,0.2518740629685157,0.18150155691385075,0.2586475992772844,-0.12162380348287395,0.010287164110252565,0.49631338177065315,0.10307922961596125,-0.02789374543497482,-0.4275477645792488,0.38468458078652984,-0.008695652173913044,0.20484373198016376,0.0012916618613770037,0.08790220274478146,-0.47143351401222466,-0.25608734094491215,-0.423888055972014,0.22688655672163918,0.24899857763425978,-0.22798600699650176,-0.17537385153577056,-0.3680006150770768,-0.4483835005574136,0.21882904701495406,-0.49072386883481334,-0.1814938684503902,-0.04608464998270096,-0.29127743820397495,-0.5486410640833429,-0.2934686502902395,-0.4515511475031715,-0.22628685657171416,-0.20206050820743474
#11,0.6297697305193557,1.0,0.6452004766847346,0.5921885211240534,0.24227117210625457,0.6736554799523315,0.6328758697574289,0.4800984123322954,0.5301503094606543,0.7894591165955483,0.4400184523123054,0.28014454311305886,0.45189712835889745,0.04676123476723177,0.28810210279475645,0.449413754661131,0.5428824049513705,0.28337369776650134,0.37469726675123977,0.3337638872871257,0.2493753123438281,0.07473955330027295,0.2467458578403106,-0.062276554030676966,0.30661592280782685,-0.15003267596970746,-0.04343213008880175,-0.033367931418905934,0.1467573905355015,0.0653980701956714,-0.1275669857379003,-0.260692730557798,-0.16993810786914235,-0.24210971437358245,0.022288855572213894,-0.1487256371814093,-0.07537769576750086,-0.08386575942797832,-0.268588782531811,-0.3009418367739207,0.11012186214585015,-0.057048398877484335,-0.010387114135240072,-0.2349748202821666,-0.1870680044593088,-0.19202706339138123,-0.5570983738899781,-0.4038365432668281,-0.5843309114673433,-0.30417099142736326,-0.44034136777764965,-0.26324530042670974,-0.3239303425210472,-0.23544381655326183,0.025518010225656404,-0.2205820166839657,-0.4939607119517164,-0.5343251451197478,-0.5100911082920079,-0.5123745819397993,0.01836005074385884,-0.23236843116903086,-0.1291277438203975,0.09716680121477722,0.4348364279398762,0.20661207857609656,-0.1270518586860416,0.07892207742282704,0.4468919386460616,0.24534655749048553,0.5916887709991159,0.5482105101295506,0.3203552070118787,-0.02227347864529274,-0.12216199592511437,-0.19709376081190175,-0.4549186944989044,-0.37921808326605927,0.3277053780801907,0.25730980663514397,0.08311229000884174,-0.17834159843155345,0.010648521892899703,0.16626302233498635,0.06662822434936377,-0.029931188252027834,-0.19303425210471686,0.07821473878445392,0.10726944220197593,-0.08950140314458156,-0.033506323761196326,-0.03283742744012609,-0.3686233806173836,-0.10413254911006035,-0.2971129819705532,0.14508899396455618,0.3634874870257179,-0.16085803252220043,-0.19963095375389228,-0.38122477222927,-0.3105216622458002,0.06838119401837543,-0.15270057279052782,-0.3210317917964095,0.05179717833390997,-0.2862261177103756,-0.30119555606811976,-0.11403529004728405,-0.23954945604121017,-0.2845577211394303,-0.19243455195479184
#12,0.6635989697458963,0.6452004766847346,1.0,0.7577442048206666,0.21359320339830085,0.6052819743974167,0.334340522046669,0.4971129819705532,0.15881290124168684,0.7201937492792065,0.4410948371967862,0.36959212701341637,0.18402337292892015,-0.13107292507592358,0.06068504209433745,0.281251681851382,0.7070772306154615,0.4440625840925691,0.22861646100026908,0.26085418829047013,0.11239764733018107,0.09324568484988276,0.27011109829700536,0.07240226040825741,0.33325644869872756,-0.14650367124130242,0.13401760658132472,0.2580402106638988,0.10969130819205782,-0.14602698650674661,-0.14778764463921884,-0.35737515857455887,-0.15085534155998923,-0.33510167992926615,-0.13172644447007265,-0.48324299388767156,-0.3587129512166993,-0.3354553492484527,-0.4681966708953216,-0.4552877407450121,0.18018682966209204,-0.18372352285395763,-0.021120209126206126,-0.47804559258832124,-0.10265636412562949,-0.11951716449467574,-0.33347941413908433,-0.17678084034905625,-0.5373851535770576,-0.18180140698881328,-0.1125898589166955,0.0570945296582478,-0.14365893976088878,-0.07401683773497866,-0.01658401568446546,-0.2568946296082728,-0.4926536731634183,-0.5986468304309384,-0.4488294314381271,-0.6107561603813478,0.030454003767347096,-0.22288855572213892,-0.31209010879175797,-0.12551416599392612,0.5551993234152155,0.38643755045554146,-0.2552877407450121,-0.17160650444008765,0.1944489293814631,-0.011571137508168992,0.46409103140737323,0.41774497366701263,0.16337984853726983,-0.02466459078153231,-0.45120516664744553,-0.22822434936377964,-0.5899127359397225,-0.4378041748356591,0.2139853150347903,0.14391265905508785,0.18799830853803867,-0.07424749163879599,0.029446815054011456,0.227363241456195,0.0792449928881713,-0.1120439780109945,-0.406058509206935,0.25411140583554376,0.09807403990312535,0.0888401952869719,-0.08487294814131396,0.10441702225810172,-0.3796793910736939,-0.0778841348556491,-0.43754276707799944,0.3530849959635567,0.3286587475493023,0.13772344596932304,0.18416176527121056,-0.2534732633683158,-0.1052396878483835,0.3041863683542844,-0.1245992388421174,-0.12030907623111521,0.0857417445123592,-0.17324414715719064,-0.28940914158305464,-0.17569676700111483,-0.28938607619267287,-0.34268250490139546,-0.34645754046053895
#13,0.6560950294083727,0.5921885211240534,0.7577442048206666,1.0,0.3963864221735286,0.5948410410179525,0.20801906738938222,0.444846807365548,0.21515396148079807,0.694168300465152,0.4095952023988006,0.47586206896551725,0.1977472802060508,-0.22403413677776496,0.08636451005266597,0.3198708338138623,0.5072386883481336,0.13911505785568754,0.13696997655018645,0.2216814669588283,0.048814054511205934,0.06603621266289932,0.14100641986698959,0.04969822780917234,-0.008019067389382233,-0.22791681082535656,-0.05827855303117672,0.12474531964786838,0.059662476454080654,-0.08592626763541306,-0.0005766347595433052,-0.25850151847153346,-0.08109791258217046,-0.37593510936839275,0.05321185561065621,-0.4512128551109061,-0.19603275285434205,-0.2765924729942721,-0.6143697382078191,-0.4295006342982355,0.320532041671472,-0.1368162072809749,0.2096951524237881,-0.4085111290508592,0.018114019913120363,-0.06435243916503287,-0.34540422096643986,-0.06662822434936377,-0.4776534809518318,-0.1866220735785953,-0.13084227117210626,-0.06632068581094068,-0.25163572060123784,-0.19956944604620766,-0.20699650174912543,-0.2530427094145235,-0.4946142313458655,-0.5775958174758774,-0.3858609156959982,-0.49791258217045326,-0.10821512320762695,-0.3243608964748395,-0.21465421135586052,-0.007573136508668743,0.40150693883827315,0.10028831737977165,-0.18015607580824972,-0.017621958251643408,0.1456656287240995,0.01566908853265675,0.41313958405412676,0.2953984546188444,0.262876254180602,-0.02680198362357283,-0.27565448045208163,-0.1088840195286972,-0.567962172759774,-0.4105408834044516,0.058686041594587325,0.19182716334140623,0.10828431937877216,-0.14554261330873025,0.16238034828739475,0.2113327951408911,0.26169223080767307,-0.13000422865490333,-0.3726828893245685,0.24792219274977895,-0.09544458539960789,0.27397839541767577,0.11277438203974936,0.12128551109060855,-0.2567101064852189,-0.1866220735785953,-0.35456118094798755,0.15157805712528352,-0.004874485834006074,0.10930688501902895,0.11614961749894284,-0.20880329066236114,-0.10284857571214392,0.3405528005228155,-0.28378887479337256,-0.099627109522162,-0.0650905316572483,-0.0666205358859032,-0.3399684772998116,-0.29891977088378885,-0.3861069465267366,-0.3110598546880406,-0.22258870564717642
#17,0.337177565063622,0.24227117210625457,0.21359320339830085,0.3963864221735286,1.0,0.4578787529312267,0.06568254334371276,0.431038326990351,0.20951062930073425,0.3006189213085765,0.11055241609964249,0.6320224503133048,0.25197401299350325,0.08820974128320455,-0.02087417829546765,0.1944489293814631,0.1744127936031984,-0.016976127320954906,-0.07000345980855725,0.06766616691654173,-0.15412293853073464,-0.029031638027140275,-0.13445584899857763,-0.07440126090800754,-0.2224887556221889,-0.21546918848268173,-0.2399723215315419,-0.10671587283281436,0.18450005766347596,0.2218736785453427,0.16278014838734478,0.042009764348594936,0.0323914965594126,-0.15473801560758083,0.24456233421750664,-0.009472186983431361,-0.04154845654096029,-0.12444546957290585,-0.34727251758736016,-0.2656671664167916,0.37933341021796796,-0.08983200707338639,0.2245031330488602,0.036089647483950334,-0.3810018067889132,-0.14843347556990735,-0.17722677122976974,-0.13261061776803906,-0.3882981586130012,-0.41658401568446546,-0.24796832353054243,-0.2916695498404644,-0.41630723099988465,-0.30314842578710643,-0.45730211817168337,-0.2987044939068927,-0.4308922461846,-0.40240648906316073,-0.25429592895859765,-0.2732941221696844,-3.0753853842309616e-05,-0.11496559412601391,0.12453773113443278,0.1936723945719448,0.19540229885057472,0.018821358551493483,0.21328566485987777,0.26279168108253564,0.05950870718486911,0.09371468112097797,0.12031676469457579,0.15283127666935764,0.2834582708645677,0.2040902625610272,-0.09370699265751739,-0.06897320570483989,-0.30358666820435937,-0.2901702994656518,-0.07144120247568524,0.041540768077499714,0.4686579787029562,0.2814208280475147,0.21007957559681698,0.2606004689962711,0.4613770038057894,0.24999807788413486,-0.09045477261369315,0.3784261715296198,-0.03138430784607696,0.44758390035751355,0.46954215200092264,0.07550839964633069,-0.10351747203321417,-0.12876638603775037,-0.1824472379195018,0.041917502787068,-0.006050820743474417,-0.19973859224234036,-0.04054895629108523,-0.1499173490177988,-0.2032368431169031,0.08923230692346135,0.09422980817283666,-0.0913543228385807,-0.02155845154345904,-0.05887056471764118,-0.24131780263714298,-0.14612693653173414,-0.1313035789797409,-0.08350440164533118,-0.15752892784377043
#18,0.6440241417752662,0.6736554799523315,0.6052819743974167,0.5948410410179525,0.4578787529312267,1.0,0.4883173797716526,0.5615269288432707,0.377695767500865,0.7441740668127474,0.5113366393726214,0.4912851266674355,0.3171491177488179,-0.023549763579748587,0.21249375312343827,0.2981047937569677,0.5166263022334986,0.11134432783608196,0.24293237996386421,0.14638834428939376,0.15931265136662437,-0.11201322415715219,0.26200745780955675,-0.04496982278091723,0.17109137738822897,-0.2766616691654173,-0.010248721792949679,-0.05795563756583247,0.2376657824933687,0.2245953946103871,-0.2064967516241879,-0.21885980086879636,-0.15197785722523355,-0.3002729404528505,-0.1306961903663553,-0.17799561757582746,-0.16619382616384115,-0.18983585130511668,-0.336777764963672,-0.41386229961942106,0.1629877369007804,-0.19688617229846614,-0.009587513935340023,-0.24057202168146696,-0.2530811517318264,-0.2381040249106216,-0.36224964440856494,-0.24144081805251222,-0.5648483450582401,-0.43619728597239843,-0.34348979356475606,-0.2744781455426133,-0.36193441740668125,-0.3012724407027256,-0.12098566101564602,-0.40535885903202246,-0.4949525237381309,-0.6421250913005035,-0.44785299657863376,-0.488109791258217,-0.03761196324914466,-0.3186714335140122,-0.06875792872794372,0.15162418790604698,0.41586130011917116,0.0646830430938377,-0.0802291162111252,0.23826548264329372,0.26162303463652786,0.13216468688732558,0.5566063122285011,0.44091800253719293,0.38341598431553453,0.13707761503863453,-0.25098220120708875,-0.2977588129012417,-0.5445584899857764,-0.5958789835851305,0.3361626878868258,0.17798024064890633,0.19068927074924077,0.10803828854803367,-0.12923538230884557,0.2769076999961558,0.3221081766808903,-0.10102640987198708,-0.2251105216622458,0.4023065390381732,0.07317879521777573,0.13477107600046132,-0.05458040210663899,0.12081651481951332,-0.2943220697343636,-0.16167300964902165,-0.36603236843116904,0.23502863952639066,0.34734171375850537,-0.16343366778149387,-0.10099565601814478,-0.3346788144389344,-0.20825740975666013,0.10710798446930381,-0.2120093799254219,-0.3170491677238304,0.04574635759043555,-0.19943874216737784,-0.3274362818590705,-0.2382731711067543,-0.28871717987160267,-0.22723253757736517,-0.1821320109176181
#26,0.43843462883942647,0.6328758697574289,0.334340522046669,0.20801906738938222,0.06568254334371276,0.4883173797716526,1.0,0.3133587052627532,0.5492715180871103,0.5699073540153,0.4452850497828009,0.07417060700419022,0.32754392034751856,0.33311805635643715,0.40922615615269287,0.4752854342059739,0.37176796217275976,-0.051574212893553226,0.34191365855533773,0.23313727751508861,0.3607965248145158,0.06812747472417638,0.281997462807058,-0.1400761157882597,0.32533733133433285,-0.24455464575404606,-0.15041709914273632,-0.3468496520970284,0.21403144581555375,0.3081766808903241,-0.2749317648867874,-0.34711105985468804,-0.18122477222926997,-0.15957405912428402,-0.0346365278899012,0.1443047706915773,-0.053696228808672586,0.07377849536770076,-0.0017991004497751124,-0.08272786683581286,-0.13219544074116787,-0.1487256371814093,-0.40879560219890054,-0.0006458309306885019,0.04320916464844501,0.09436051205166647,-0.5762042055895129,-0.41739130434782606,-0.4439626340675816,-0.27512397647330183,-0.5409141583054626,-0.3311651866374505,-0.42863183792719023,-0.16677046092338446,0.14239034328989353,-0.14142928535732133,-0.25374235958943603,-0.3369315342328836,-0.28501902894706493,-0.2980279091223619,0.16793141890593166,-0.09792027063391381,0.24890631607273286,0.3622188905547226,0.06347595433052704,-0.010502441087148734,0.18160150693883828,0.4486295313881521,0.5485257371314343,0.42452619843924194,0.5954945604121017,0.5543305270441702,0.31114442778610696,0.004643831930188752,0.1450582401107139,0.026486756621689155,-0.2463383692769,-0.3497174489678238,0.5286510590858416,0.3466881943643563,0.08987813785414984,-0.024872179294967902,-0.1724061046399877,0.026486756621689155,-0.031161342405720216,0.005297351324337831,-0.11174412793603199,-0.07340176065813248,0.22501826010071888,-0.3798177834159843,-0.0410333294891016,-0.10521662245800177,-0.23476723176873102,-0.109014723407527,-0.11871756429477569,0.043608964748395034,0.4051820243724292,-0.3821935186253027,-0.3836389497558913,-0.49185407296351824,-0.2165763272210049,-0.25072079344942916,-0.15775189328412717,-0.4217429746665129,0.027370929919655555,-0.5080767308653366,-0.2316149617498943,-0.031345865528774074,-0.0470226425248914,-0.08936301080229116,0.005066697420520509
#49,0.7973167262522585,0.4800984123322954,0.4971129819705532,0.444846807365548,0.431038326990351,0.5615269288432707,0.3133587052627532,1.0,0.5095682927766886,0.6183446738169377,0.5937569676700112,0.6456617844923692,0.19274209049321492,-0.0963595125514166,0.24071041402375734,0.33622419559451044,0.597962557182947,0.1718294698804444,0.35316188059816245,0.11456579402606389,0.08598008687963711,-0.12067043401376235,0.12692884327067236,-0.18304693806942682,0.25285049782800906,-0.30266405258909007,-0.041679160419790105,-0.26958828278168606,0.12785145888594165,0.028885557221389305,-0.18647599277284435,-0.2345288894014531,-0.2557413600891862,-0.5499019720908777,0.14587321723753507,-0.25789412985814786,-0.10293314881021028,-0.3788874793372545,-0.3849921193249529,-0.6704955214700342,0.39592511436589395,0.06720485910890708,0.10203359858532272,-0.3067235612962749,-0.3998769845846308,-0.3335793641640718,-0.35265444200976437,-0.4241110214123707,-0.6250720793449429,-0.5331180563564372,-0.4249644408564948,-0.5092915080921078,-0.49545227386306845,-0.5005574136008919,-0.07850690039595587,-0.4072348441164033,-0.5093376388728712,-0.6723638180909545,-0.4743781955176258,-0.7041556145004421,-0.01933648560335217,-0.347057240610464,-0.061353938415407684,-0.12390727713066543,0.47892207742282705,-0.04728405028255103,-0.17913351016799292,0.01974397416676277,0.3546765078998962,0.06777380540498981,0.43592818975127823,0.2679352631376619,0.3663168415792104,-0.1494022219659401,-0.21829085457271363,-0.3515319263445201,-0.5610886864260177,-0.6291700303694306,0.21192480682735557,0.005366547495483028,0.4520893399454119,0.09497558912851267,-0.04889093914581171,0.5685003652020144,0.11660323684311691,0.17164494675739053,-0.3378003306039288,0.46206896551724136,0.07734594241340868,0.33424057202168145,0.15040172221581516,0.1439895436896936,-0.5057163725829393,-0.1229000884173298,-0.32137777265213546,0.2980355975858225,0.24159458732172376,-0.18770614692653673,-0.09983469803559758,-0.3563679698612232,-0.5299042786299158,0.1916964594625764,-0.2473609349171568,-0.17367470111098296,-0.062461077153730823,-0.20372121631491946,-0.5682543343712759,-0.3518548418098643,-0.3833852304616922,-0.21188636451005266,-0.27237919501787566
#50,0.4576711644177911,0.5301503094606543,0.15881290124168684,0.21515396148079807,0.20951062930073425,0.377695767500865,0.5492715180871103,0.5095682927766886,1.0,0.5121362395725214,0.6261715296198055,0.28983969553684696,0.463076154230577,0.21931342021297043,0.5482797063006958,0.4391650328681813,0.19970014992503748,-0.043662783992619074,0.5092991965555683,0.22384192519125054,0.3347787644639219,0.15200861107907584,0.21154038365432667,-0.1266674355130127,0.19147349402221966,-0.13166493676238802,-0.1285818629146965,-0.4470995271594972,0.21816015069388384,0.22465690231807173,-0.3146580555875908,-0.2770999115826702,-0.2562411102141237,-0.20167608503440587,0.15353092684427017,0.13811555760581248,0.051189789720524355,0.12091646484450083,-0.12266943451351248,-0.11035251604966748,-0.036335678314688806,-0.02626379118133241,-0.039849306116172684,0.030069580594318225,-0.28701802944681504,-0.18024064890631608,-0.4095029408372737,-0.5842309614423558,-0.3727905278130166,-0.513927651558836,-0.5930573174950986,-0.5554684196363356,-0.5307807634644216,-0.2694883327566986,-0.04024141775266213,-0.14891784876792374,-0.3126283012339984,-0.2853726982662515,-0.3607119517164495,-0.28715642178910544,-0.03461346249951947,-0.11780263714296697,0.23128435782108944,0.1964633068081344,0.095952023988006,-0.19161957482797062,0.09180794218275477,0.27147195632952753,0.520985661015646,0.37475877445892436,0.4121862145850152,0.34299004343981854,0.3943489793564756,-0.08666436012762849,0.2061584592319225,-0.08640295236996887,-0.182370353284896,-0.3387229462191981,0.35851305116672433,0.16765463422135085,0.0255872063968016,-0.09958866720485911,-0.21834467381693767,0.06875024026448315,0.036858493830008075,0.08981663014646522,-0.056341060239111215,-0.1579133510167993,0.019467189482181985,-0.08756391035251605,0.1730134932533733,-0.26525198938992045,-0.24526198439241917,-0.15702148925537232,-0.09808172836658594,-0.11960942605620267,0.31851766424480066,-0.45214315918963593,-0.32138546111559607,-0.36034290547034176,-0.380878791373544,-0.18374658824433937,-0.22946219198093262,-0.35251604966747396,-0.11568062122784761,-0.340798831353554,-0.32492215430746163,-0.20675815938184755,-0.018659900818821358,-0.12878945142813208,-0.005043632030138777
#51,0.7464114096797755,0.7894591165955483,0.7201937492792065,0.694168300465152,0.3006189213085765,0.7441740668127474,0.5699073540153,0.6183446738169377,0.5121362395725214,1.0,0.635113212624457,0.5173567062622535,0.4098027909122362,-0.07350171068311998,0.23449044708415023,0.38592242340368277,0.6789912735939723,0.18239341867527775,0.33910736939222696,0.22399569446046208,0.26056971514242877,0.01922115865144351,0.27892207742282704,-0.044347057240610464,0.35966632068581095,-0.20509745127436282,0.006358359281897513,-0.09882750932226195,0.1371621881367009,0.11740283704301695,-0.25577980240648907,-0.33559374159074307,-0.2911159804713028,-0.4414715719063545,-0.026602083573597817,-0.22070503209933495,-0.1936031984007996,-0.29320724253257985,-0.42474916387959866,-0.44859877753430977,0.30042670972206204,-0.056694729558297775,-0.047860685042094335,-0.3987314035290047,-0.12888940145311958,-0.11835620651212855,-0.6129935032483758,-0.4814054511205936,-0.5986698958213201,-0.34666512897397456,-0.47316341829085456,-0.3347095682927767,-0.4217891054472764,-0.3561219390304848,-0.0214354361280898,-0.4169530619305732,-0.39035097835697535,-0.6342982354976358,-0.39851612655210855,-0.6047360934917156,0.02113558605312728,-0.29030869180794217,-0.09247683850382502,0.11471187483181486,0.4624610771537308,0.14880252181601508,-0.18168608003690462,0.17471264367816092,0.36020451312805135,0.15497635797485873,0.5423903432898936,0.4256871564217891,0.24234805674086035,-0.16065813247222543,-0.12940452850497827,-0.26540575865913196,-0.5134586552877407,-0.5545765578749087,0.3361319340329835,0.23016953061930573,0.21023334486602852,-0.03563602813977627,-0.09829700534348211,0.2640910314073732,0.15187021873678547,-0.04109483719678622,-0.2999269595971245,0.27923730442471073,0.14012993503248375,0.07802252719793949,-0.018367739207319416,0.08292776688578787,-0.33251835620651216,-0.0713873832314612,-0.31532695190866106,0.2909083919578672,0.33264906008534195,-0.16717794948679507,-0.17616576327221004,-0.5410986814285165,-0.43236843116903084,0.16238803675085534,-0.3059777803405989,-0.42986199208088266,-0.003290662361127129,-0.4023757352093184,-0.46034674970207207,-0.26016991504247877,-0.2905162803213778,-0.16752393034252105,-0.15530696190366355
#52,0.668534963287587,0.4400184523123054,0.4410948371967862,0.4095952023988006,0.11055241609964249,0.5113366393726214,0.4452850497828009,0.5937569676700112,0.6261715296198055,0.635113212624457,1.0,0.345219697843386,0.19393380232960442,-0.055026332987352475,0.30942990043439816,0.2700034598085573,0.5086610540883404,0.07871448890939146,0.4343213008880175,0.03096913081920578,0.31581901357013803,-0.06986506746626686,0.33789259216545575,-0.16184215584515435,0.32607542382654825,-0.14368200515127053,0.04216353361780648,-0.23373697766501364,0.19457194479683235,0.13214162149694383,-0.2883635105524161,-0.3211163648944758,-0.2015300042286549,-0.32981201706838886,-0.0031907123361396227,-0.23619728597239842,-0.05859378003306039,-0.21629185407296353,-0.22996194210587015,-0.2899550224887556,0.16465613347172567,-0.09528312766693577,-0.04063352938915158,-0.3550148002921616,-0.12226963441356245,-0.07855303117671933,-0.30371737208318916,-0.3529004728405028,-0.40684273247991387,-0.4321454657286741,-0.3708991658017145,-0.36524814515819015,-0.3814092953523238,-0.27215622957751895,0.02472609848921693,-0.31305116672433014,-0.3008265098220121,-0.5787183331411218,-0.39808557259831623,-0.4626071579594818,0.12571406604390112,-0.05958559181947488,0.03046938069426825,0.04965209702840887,0.29358397724214813,-0.1505247376311844,-0.10448621842924692,0.18613001191711837,0.38909007034944065,0.19657863376004306,0.45041325491100603,0.30322531042171225,0.2848037519701688,-0.1840771921731442,-0.07834544266328375,-0.18041748356590936,-0.3358705262753239,-0.47856071964017993,0.42971591127513165,0.13138815207780724,0.10896090416330297,-0.09296890016530196,-0.1273517087610041,0.29787413985315037,0.03459808557259832,0.027916810825356554,-0.2447391688770999,0.11383538999730904,0.07818398493061161,0.10546265328874024,-0.07534694191365855,0.009518317764194826,-0.2202437242917003,-0.15932802829354553,-0.2564794525814016,0.17851074462768615,0.3957482797063007,-0.17932572175450737,-0.06484450082650982,-0.28987813785414984,-0.2973359474109099,0.18225502633298735,-0.39408757159881597,-0.17282128166685887,0.07336331834082958,-0.26101564602314226,-0.3866912697497405,-0.12584476992273094,-0.08208203590512436,-0.1899588667204859,-0.1315419213470188
#53,0.5246915004036443,0.28014454311305886,0.36959212701341637,0.47586206896551725,0.6320224503133048,0.4912851266674355,0.07417060700419022,0.6456617844923692,0.28983969553684696,0.5173567062622535,0.345219697843386,1.0,0.24705339637873372,-0.19400299850074962,0.13250297927959098,0.31213623957252146,0.35946642063583595,0.06446776611694154,0.08968592626763541,0.004805289662860877,-0.07849152346903471,-0.13257986391419674,-0.164540806519817,-0.15330796140391342,-0.0876177295967401,-0.2232037827240226,-0.27518548418098643,-0.21008726406027756,0.08576480990274093,0.0702956214200592,0.03394456617844924,-0.00423634336677815,-0.17763425979318034,-0.4986045438819052,0.24513896897704993,-0.1974858724483912,0.06654365125129742,-0.26246107715373085,-0.4483373697766501,-0.5494022219659401,0.4999654019144274,0.17016876177295967,0.260292930457848,-0.17558912851266675,-0.37849536770076503,-0.310852266174605,-0.2527736131934033,-0.2500057663475954,-0.43930342521047167,-0.49100065351939415,-0.3304886018529197,-0.4823511321262446,-0.4785530311767193,-0.49918886710490906,-0.29174643447507015,-0.40940299081228615,-0.5235459193480183,-0.6253104217122208,-0.36429477568907853,-0.4763156883096913,-0.14142159689386077,-0.30477069157728826,0.04556183446738169,-0.01963633567831469,0.21873678545342715,-0.061023334486602854,-0.09008572636758544,0.11318955906662054,0.15995848229731288,0.008180525122054357,0.23730442471072155,0.09911967093376389,0.3345327336331834,-0.06380655825933187,-0.05975473801560758,-0.12353054242109715,-0.4318148617998693,-0.5268519586360666,0.004390112635989697,0.04806058509206935,0.5241379310344828,0.14305923961096376,0.06368354284396263,0.5153346403721216,0.4578787529312267,0.20072271556529428,-0.28000615077076846,0.5017414369738208,-0.05390381732210818,0.6205743282205052,0.33244147157190634,0.24383193018875177,-0.23778110944527736,-0.18646830430938377,-0.3305424210971437,0.1294660362126629,0.05152039364932918,-0.11850228731787953,-0.08685657171414293,-0.2937761888286626,-0.4473609349171568,0.24636912313074233,-0.15895129358397725,-0.10403259908507285,-0.1252835120901088,-0.07726905777880291,-0.49375312343828087,-0.402329604428555,-0.3651635720601238,-0.11897897205243532,-0.20499750124937532
#54,0.13672394571944796,0.45189712835889745,0.18402337292892015,0.1977472802060508,0.25197401299350325,0.3171491177488179,0.32754392034751856,0.19274209049321492,0.463076154230577,0.4098027909122362,0.19393380232960442,0.24705339637873372,1.0,0.2612462999269596,0.2114711874831815,0.21290124168684887,0.21698381578441547,0.18294698804443932,0.4070118786760466,0.24591550378656826,0.219121208626456,0.23898819820858802,0.24305539537923346,0.09871987083381387,0.10219505631799485,-0.18193979933110369,-0.12305385768654134,-0.20423634336677815,0.3557375158574559,0.2825587206396802,-0.254980202206589,-0.08563410602391112,-0.17382847038019453,-0.11101372390727714,0.245046707415523,0.1487563910352516,-0.1385153577057625,0.2947526236881559,-0.15385384230961444,-0.01651481951332026,0.14818744473916887,-0.10145696382577941,0.010348671817937185,0.23083842694037596,-0.2151693384077192,-0.033367931418905934,-0.2914696497904894,-0.4411025256602468,-0.2096643985699458,-0.3671625725598739,-0.30630838426940377,-0.2242263483642794,-0.14591165955483795,-0.06971129819705532,0.03512858955137816,0.05306577480490524,-0.15876677046092338,-0.07312497597355169,-0.37550455541460037,-0.3123207626955753,-0.05014415868988582,-0.03114596547879906,0.12680582785530312,0.17552762080498213,0.029039326490600852,0.15914350517049167,0.19395686771998616,0.14724176373351786,0.3385768654134471,0.3177257525083612,0.06890400953369469,0.2596394110636989,0.09560604313228001,0.1672317687310191,0.08059816245723292,-0.039641717602737096,-0.17896436397186022,-0.14513512474531964,0.27896820820359053,0.20252950447852996,0.1838004074885634,0.26406027755353095,-0.026010071887133356,-0.2727943720447469,0.25112059354937916,-0.0905393457117595,0.07853765424979818,-0.1146657440510514,0.22171990927613117,-0.020189905047476264,0.28498058662976206,-0.18527659247299427,-0.08754853342559489,-0.26644370122630995,-0.17449736670126476,-0.11301272440702725,0.18147849152346904,-0.19251912505285818,-0.13539384154076808,-0.24671510398646831,-0.2909775881290124,-0.17758812901241686,0.0818975127820705,-0.3666320685810941,-0.028808672586783532,-0.28324299388767155,-0.22004382424172528,-0.000361357782647138,-0.035159343405220464,-0.2943912659055088,-0.23804251720293698
#58,-0.14545035174720333,0.04676123476723177,-0.13107292507592358,-0.22403413677776496,0.08820974128320455,-0.023549763579748587,0.33311805635643715,-0.0963595125514166,0.21931342021297043,-0.07350171068311998,-0.055026332987352475,-0.19400299850074962,0.2612462999269596,1.0,0.40039211163648947,0.13332564486987275,-0.2394648829431438,-0.1841694537346711,0.23362165071310498,0.17440510513973784,0.1114980971052935,0.11884057971014493,0.05075923576673202,-0.20179141198631453,-0.04904470841502326,-0.11727982162764772,-0.2835505324260946,-0.3166647445508015,0.31127513166493676,0.4092799753969169,-0.1452504516972283,-0.17004574635759043,-0.04876792373044247,0.14343597432053204,-0.008295852073963019,0.5117133740821896,-0.059439511013723904,0.504355514550417,0.21280129166186137,0.2307230999884673,-0.30841502325760195,-0.3394072194671895,-0.2813670088032907,0.3373851535770576,-0.12536039672471458,0.011079075846692038,-0.21403144581555375,-0.2549494483527467,-0.23921116364894476,-0.34487371698766,-0.34265175104755313,-0.21724522354207512,-0.3316495598354669,-0.12077038403874986,-0.09324568484988276,0.12625994694960213,-0.0554261330873025,0.14528889401453118,-0.14432014761849846,0.03091531157498174,0.19198093261061777,0.24442394187521624,0.6144235574520432,0.44524660746549805,-0.24137162188136702,-0.175912043978011,0.6286702802444931,0.4349978856725483,0.36931534232883556,0.44085649482950834,0.18206281474647293,0.40553569369161574,0.0949294583477492,0.23843462883942643,0.3466881943643563,0.2574020681966709,0.18270095721370083,0.013262599469496022,0.4251412755160881,0.18406181524622303,-0.026040825740975666,0.1673009649021643,-0.3771114442778611,-0.2001076384884481,0.3051628032137777,0.06831199784723023,0.18507669242301927,-0.3347787644639219,0.1378387729212317,-0.4139161188636451,0.16374120631991695,-0.04915234690347134,0.11317418213969938,-0.10141083304501596,0.029062391880982585,-0.3747049552147003,0.03194556567869911,-0.4284934455848999,-0.2862261177103756,-0.2022450313304886,-0.01380079191173644,-0.4708722561796025,0.15804405489562912,-0.20420558951293585,0.11403529004728405,-0.3106984969053935,0.09737438972821282,0.315273132664437,0.38175527620804983,-0.050997578134009916,-0.03165340406719717
#101,0.21096374889478337,0.28810210279475645,0.06068504209433745,0.08636451005266597,-0.02087417829546765,0.21249375312343827,0.40922615615269287,0.24071041402375734,0.5482797063006958,0.23449044708415023,0.30942990043439816,0.13250297927959098,0.2114711874831815,0.40039211163648947,1.0,0.5342328835582209,-0.12748241263983393,-0.37615807480874947,0.5827086456771614,0.34979433360242956,0.5574366662822435,0.2026602083573598,0.02321915965094376,-0.22632529888901703,0.04220966439856995,-0.33008111328950906,-0.45496482527966786,-0.5189097758812902,0.11681851382001307,0.19633260292930457,-0.4298389266905009,-0.28095183177641947,-0.32450697728059047,-0.2302464152539115,0.14084496213431746,0.34382808595702147,0.11824087956021989,0.3379387229462192,-0.0035136278014838733,-0.1613116518663745,-0.03283742744012609,0.013247222542574866,-0.122623303732749,0.2666820435935878,-0.2771152885095914,-0.23566678199361857,-0.38668358128627994,-0.44214046822742475,-0.4881328566485988,-0.5485949333025795,-0.5024949063929574,-0.42614077576596315,-0.48015992003998004,-0.2569561373159574,0.17231384307846076,0.08618767539307269,-0.2763541306269942,-0.08932456848498828,-0.40679660169915044,-0.21836005074385884,-0.19318033291046785,-0.29354553492484525,0.4583938799830854,0.28310460154538114,-0.1074539653250298,-0.1987390919924653,0.2872794372044747,0.40652750547803024,0.6325529542920847,0.5676238803675085,0.4402567946795833,0.48341982854726484,0.5098604543881905,-0.1299042786299158,0.35666781993618574,0.15190097259062776,-0.11724906777380541,-0.38715257755737514,0.6051820243724292,0.33323338330834584,-0.08658747549302272,-0.06469842002075885,-0.20689655172413793,0.007650021143274516,0.13926113866143852,-0.19471802560258333,-0.2805981624572329,-0.11104447776111943,0.11202091262061277,-0.17092223119209626,0.18708338138622996,-0.25398070195671396,-0.11666474455080152,-0.32812824357052245,-0.10607773036558643,-0.3287817629646715,-0.0011378925921654557,-0.5073847691538846,-0.3648483450582401,-0.4310844577711144,-0.2607311728751009,-0.4123246069273056,-0.38062507207934493,-0.32618306231499633,-0.2964825279667858,-0.3861838311613424,-0.2300849575212394,-0.14448160535117058,0.00595087071848691,-0.34195978933610116,-0.14598085572598316
#102,0.4640833429439127,0.449413754661131,0.281251681851382,0.3198708338138623,0.1944489293814631,0.2981047937569677,0.4752854342059739,0.33622419559451044,0.4391650328681813,0.38592242340368277,0.2700034598085573,0.31213623957252146,0.21290124168684887,0.13332564486987275,0.5342328835582209,1.0,0.1777803405989313,-0.15288509591358168,0.4480221427747665,0.5481182485680237,0.350586245338869,0.46072348441164035,0.2220120708876331,0.017360550493983776,0.12425325798639142,-0.33573213393303347,-0.5006881174797216,-0.3679467958328528,0.16922308076730866,0.15976627071079844,-0.12309230000384423,-0.3894591165955484,-0.18872871256679352,-0.3975166263022335,0.1831545765578749,-0.09280744243262984,0.027294045285049782,0.2042901626110022,-0.3109214623457502,-0.2705647176411794,0.20691961711451967,-0.04833736977665014,-0.12801291661861378,0.14817206781224773,-0.2943835774420482,-0.20987967554684198,-0.48582631761042555,-0.3367316341829085,-0.5698304693806943,-0.40936454849498327,-0.4640372121631492,-0.4287625418060201,-0.5154038365432668,-0.2627147964479299,0.0936377964863722,0.11593434052204667,-0.5565678699111982,-0.37113750816899244,-0.5774804905239688,-0.513435589897359,-0.34155230077269055,-0.4798293161111752,0.047345557990235654,0.32496059662476456,0.021412370737708068,0.09511398147080306,-0.09362241955945104,0.34408180525122056,0.5202168146695882,0.5259524084111791,0.539399531003729,0.5256833121900588,0.5614731095990466,0.08022142774766462,0.22525660246799678,0.24846038519201938,-0.3790720024603083,-0.5704686118479222,0.31002191212086266,0.4667896820820359,0.169307653865375,-0.2278014838734479,-0.022650213354861032,0.1824779917733441,0.09938107869142351,-0.3038788298158613,-0.538015607580825,0.01480798062507208,0.09320724253257986,-0.08543420597393611,0.23510552416099642,-0.24792219274977895,-0.4894552723638181,-0.4773151885595664,-0.5412832045515704,-0.08685657171414293,0.10583169953484796,-0.3981009495252374,-0.26981124822204283,-0.45670241802175837,-0.3131741821396994,-0.018483066159228078,-0.44070272556029677,-0.31508092107792257,-0.31982470303309884,-0.3438819052012455,-0.46436781609195404,-0.33601660708107484,-0.2696036597086072,-0.36439472571406606,-0.25953177257525084
#201,0.602637142966978,0.5428824049513705,0.7070772306154615,0.5072386883481336,0.1744127936031984,0.5166263022334986,0.37176796217275976,0.597962557182947,0.19970014992503748,0.6789912735939723,0.5086610540883404,0.35946642063583595,0.21698381578441547,-0.2394648829431438,-0.12748241263983393,0.1777803405989313,1.0,0.5069465267366317,0.15434590397109138,-0.01054088340445162,-0.07642332679813939,-0.06507515473032714,0.27069542152000925,-0.0012301541536923846,0.4628916311075232,-0.07812247722292699,0.18112482220428247,0.12562949294583478,0.11770268711797947,-0.026348364279398764,-0.0038749855841310114,-0.19557144504670743,0.11760273709299196,-0.22471841002575635,-0.06811209779725522,-0.43431361242455696,-0.2171145196632453,-0.36906931149809713,-0.24728405028255104,-0.3670626225348864,0.21557682697112981,-0.09033175719832391,-0.20848037519701687,-0.5100219121208627,-0.11970937608119017,-0.04670741552300773,-0.2436166532118556,-0.21764502364202515,-0.41381616883865757,-0.15723676623226848,-0.05010571637258294,-0.0035751355091684926,-0.0517510475531465,-0.04643831930188752,0.02359589436051205,-0.3151116749317649,-0.4369584438549956,-0.669027024949064,-0.3914196747779956,-0.6192596009687464,0.21901357013800793,-0.05976242647906816,-0.29868142851651097,-0.13138815207780724,0.5761965171260524,0.31009110829200787,-0.24440856494829508,-0.1728520355207012,0.1345327336331834,-0.10525506477530465,0.3138277015338485,0.22069734363587437,0.07743051551147503,0.04894475839003575,-0.4961826778918233,-0.25058240110713875,-0.4638296236497136,-0.32250797678084037,0.1796255718294699,-0.0022373428670280243,0.365032868181294,0.09203090762311152,-0.06283781186329912,0.3708376580940299,-0.08648752546803522,0.15678314688809442,-0.20722715565294275,0.2844962134317457,0.2564410102640987,0.08654903317571984,-0.19363395225464192,0.16627071079844694,-0.3713143428285857,0.015261599969246146,-0.33833852304616924,0.5227693845385,0.4555799023565141,0.26578249336870025,0.22690962211202093,-0.13896897704993658,-0.17551993234152155,0.46616691654172915,-0.027171029869680546,-0.007919117364394726,0.2785069003959559,-0.03133048860185292,-0.21230923000038443,-0.0871410448621843,-0.23632030138776766,-0.18317764194825664,-0.24833736977665014
