,#10,#11,#12,#13,#17,#18,#26,#49,#50,#51,#52,#53,#54,#58,#101,#102,#201,#202,#301,#302,#401,#402,#501,#502,#601,#602,#701,#702,#801,#802,#901,#902,#1001,#1002,#1101,#1102,#1201,#1202,#1301,#1302,#1401,#1402,#1501,#1502,#1601,#1602,#1701,#1702,#1801,#1802,#1901,#1902,#2001,#2002,#2101,#2102,#2201,#2202,#2301,#2302,#2401,#2402,#2501,#2502,#2601,#2602,#2701,#2702,#2801,#2802,#2901,#2902,#3001,#3002,#3101,#3102,#3201,#3202,#3301,#3302,#3401,#3402,#3455,#3501,#3502,#3601,#3602,#3701,#3702,#3801,#3802,#3901,#3902,#4001,#4002,#4101,#4102,#4201,#4202,#4301,#4302,#4401,#4402,#4501,#4502,#4601,#4602,#4701,#4702,#4801,#4802
#10,1.0,0.34028095892502674,0.5338409287561829,0.6234275878343675,0.439178778161829,0.26697066866558394,0.12512898106118445,0.5819986396257583,0.09182063419351555,0.7013080877487657,0.3678822119500086,0.45746193034328625,0.2627076999958356,-0.04376795902219631,-0.10427176020396359,0.13263880213032755,0.5883937866988714,0.24983272949374644,-0.30393166664353105,-0.07757696062780808,-0.2332889129499299,-0.0304386050148762,-0.023481262464313313,0.13480892294451616,0.11390681899156475,-0.08401282638570774,-0.1065385878945201,0.052664991648042496,-0.0046215707232656385,-0.033958920399598365,0.006155462087665478,0.1288112457603983,0.0005339700254954492,-0.06093227279667958,-0.11755391755391756,-0.1153440034795967,-0.13403156623495607,-0.11010424908729993,-0.12485690621283842,-0.12185390320983541,-0.08346636312738008,-0.04912339149627285,0.007120217289708815,0.1448988279496754,0.13349852163411485,0.13043721687789483,-0.21133321302812827,-0.01211612228561381,-0.2511172189138291,-0.01315815044628604,0.10646501663450816,0.051473970118037914,-0.0572615759056437,-0.07919136393712665,-0.14267456979321386,-0.11558044947875457,-0.24963006149446829,-0.0051203746119000354,-0.02951780748390918,0.032350069638205234,-0.27655482909720197,-0.23097535131433436,-0.06912274369901489,-0.03793824641282268,-0.1188360934123646,-0.12715288478000342,-0.22023487277724565,0.01573823438230218,-0.17112489993845925,-0.09623305894492336,-0.18888056006700074,-0.17913537574554525,0.004007551465178584,0.290990990990991,-0.22011641842150317,0.005929195759704234,-0.23738206619562552,-0.2736883262306991,0.0847772271501085,0.032825737910483675,0.16730798595205376,0.25875937570852825,0.007768014547675565,0.2396826718860617,0.13966832780392102,-0.1090330700500192,-0.15028665028665028,0.07842650046039877,0.23235793574776625,0.3375208798937612,0.1360790682824581,0.10353974930246117,0.14756127467991875,-0.010810810810810811,-0.2291115460606986,0.2719735143463957,0.16715575359643156,0.2351198656283402,0.23174530462666057,0.06447155938681362,0.006512213291874309,0.24391232526825748,0.1784829513643073,0.11454813827695183,0.10143903533734042,-0.019454277081395726,-0.1291814156220936,-0.1571843029470148,-0.10800955038243173,-0.19006926803536972,-0.24736184566693042
#11,0.34028095892502674,1.0,0.2604311553464096,0.30182077300721366,0.028829754253483067,-0.10860737470906963,0.31807909604519774,0.3434459112425214,0.6000578390408899,0.4732931699033394,0.3865498780753018,-0.010435551113517216,-0.0513235886117242,0.03473442625984999,0.14860191470360962,-0.05120698510529019,0.24268752573837318,0.2241202681880648,0.1191604547536751,0.019451038095105892,0.10315847434491503,0.0046521097368555,0.201130406215152,0.26680224137851255,0.10777958235585354,0.062403697996918334,0.05211621482807924,-0.007082737591212167,-0.024890221500390993,-0.15607610692356455,0.07055345021446717,0.12556531878565777,-0.023569177806465943,0.10308860478352004,0.026179338043744824,-0.09565975837162277,-0.039563754817992104,0.03483252127319924,0.24081261538888657,0.1825178028567859,0.02480693328150955,-0.12678780475390644,-0.06162911756132095,-0.08205879222828376,-0.09511283240096799,-0.013176658939370804,-0.2625212269280066,-0.17086531832294544,-0.09602067398677568,-0.08338446304548,-0.12388012049028999,-0.06490234456336151,0.04339362474955695,0.10433376365579755,0.12834992157026057,-0.010654876756571672,-0.32118620932180253,-0.17434861672149807,-0.1189087392477223,-0.08554903131174317,-0.055979862759523775,-0.012449275161139568,-0.24822711771864314,-0.15331463975531773,0.14224748631528292,0.251680339815933,-0.0828810320335744,0.13210344396785076,0.1234303641083302,0.052960202112744485,0.04426583748617647,0.048959591332472685,-0.11128832993239773,-0.16958175432751704,-0.18338677660711558,-0.09665273902562038,-0.14062984401967452,-0.1856003923800534,0.07282675587760333,0.041907392754850385,-0.0433681755715654,-0.030664408630510325,-0.06914819287700644,-0.12357287950508289,-0.1891096026689247,-0.1552177755567586,-0.14989843464419736,-0.13866146578010985,0.03337220116881134,-0.010700222564629344,-0.008244608244608244,-0.22519190993767266,-0.15235127269025575,-0.14094310026513415,-0.27994280875636807,0.37909188078679606,0.1704553552011179,-0.009480975582670498,0.17947176760736083,-0.19202469032977507,-0.10921491599457701,-0.03976364654330756,-0.0359624647760241,-0.2595788392398562,-0.12413507498253261,-0.03972755498179227,0.029030108691125642,0.06532989075361957,-0.08845116302743421,-0.24702591651744193,-0.2958684416311535
#12,0.5338409287561829,0.2604311553464096,1.0,0.414486597537445,0.3381663635900924,0.17770698279172856,0.20710818676920373,0.2580074681769597,-0.05350759079572639,0.43874891840993535,0.11193936617665431,0.21861676776931013,0.036839767348241924,-0.1777638964079642,-0.26308064613149357,0.14693244862736388,0.6291212630195681,0.8193015820134464,-0.5081525284915115,-0.11881388322066289,-0.3278205786680363,-0.021019170171712544,0.31557073251988504,0.327885358393833,0.30843108131243724,-0.1873536093875077,-0.009800247088382681,0.05183396030853658,-0.10762642457557711,-0.03162314857230111,0.4896019285849794,0.33722011688113385,0.384717074547583,0.13446050056219547,-0.15836930921676684,-0.37072326563851987,-0.24484839230601943,-0.2248101722677994,-0.06661067847508526,0.05735550650804888,-0.24262691042352058,-0.24765104087137985,-0.21736235465049025,-0.19132645742815235,0.17079544876155045,-0.1111906976313756,-0.2696340408204815,-0.03755280704433247,0.02179837773058112,0.27962770166159995,0.39256698917715865,0.37985443070188835,0.26068518441399796,0.20735018531628702,-0.16555661979390793,-0.28988372039219495,-0.16559872661567576,-0.11087975494755156,0.012437244640634471,0.22254704627585983,-0.22464405854236363,-0.04210080650758617,-0.25132636488568694,0.010655339468898791,-0.05130045299536825,-0.015713247916637748,-0.11765016171795833,-0.0010503569825603724,-0.2561913222930172,-0.0984115085810001,-0.04768528158358667,0.0009906670923620076,-0.21717032903473582,0.14751546615953395,-0.36955028988927296,0.23416112568654943,-0.252527103374561,-0.07825622232401894,0.1336452014418116,0.07116561862324575,0.1207952174053869,0.08746188407205356,-0.10415700754683806,0.026934484561603207,-0.0754558873202941,-0.2756011789910095,-0.05752162023348464,0.07539804827940422,0.021221375458663594,0.15977132756793774,0.17198878385319064,-0.11968470782030104,0.10009300517775094,-0.015377318767149276,-0.011579838698482767,0.5645765950850696,0.5379118718101769,0.5147290587968554,0.5736041125871635,0.30760513980852966,0.40719378854972077,0.6018906425686087,0.5152732084935475,0.399125936414072,0.4459431696719832,0.3567549059074483,0.27211186533220433,-0.15451584095651894,0.05155494477528376,-0.22588921741464113,-0.1590707811046794
#13,0.6234275878343675,0.30182077300721366,0.414486597537445,1.0,0.2628201390913255,0.20403253793084303,0.18651656278774922,0.2548133649828565,0.05943586113077638,0.614300124469616,0.36297514772091044,0.3030187352221251,0.40932735509006696,0.0022469310604903824,-0.1807354349727231,0.035938403735013905,0.4092246329534465,0.1473572185436592,-0.2116969049172439,0.04088850021053411,-0.2725324708375556,-0.035459496476445626,-0.04531480633175548,0.17489276641819015,0.02416515128379535,0.07637437128962553,-0.055542136898069104,0.22370475251831184,0.05152070406307695,-0.051141742667166395,-0.13378910497554566,0.09349148840674264,0.03827463827463828,-0.0456201964676541,-0.01285229759806031,-0.08045318045318045,-0.06367800774580436,-0.017869024648685665,0.02896347811602049,-0.022691412521920997,0.021738687840382756,-0.15589518640366098,0.18467080331487112,0.16288306796781374,0.13805207364529398,0.12194274397664229,-0.06753795397863195,0.16667314463924635,-0.1692805286025625,0.0007768939972329803,0.06642559354423762,0.09648107275225919,-0.13455859557554473,-0.0996756386586895,-0.14372353863879286,-0.036490419541267,-0.2359990190498665,0.1204370780641967,-0.08448618109635059,-0.011838957601669467,-0.08800603376874563,-0.13630302104878375,0.05816386494352596,-0.019594941628839933,0.079418092977415,-0.08608115048793015,-0.15086226442158646,0.06039367564791294,-0.24147614486597538,-0.17555074334735352,-0.16194931449168737,-0.23454980404132947,-0.04031242336327082,0.09616735379447244,-0.2435861130776385,0.015676693642795336,-0.05135042592669711,-0.14715131155809122,0.16309822919992412,0.17729563153291966,0.03488156877987386,0.24829930084167373,-0.012341463188920815,0.11500344720683704,0.12241841224892072,-0.06066019794833354,-0.0748215087198138,0.008087286053387748,0.13066903575378153,0.2128444314884993,0.2446855175668735,0.07304191710971372,0.22984864679779934,-0.08044762790525502,-0.3057399464179125,0.06488753776889371,0.17733172309443496,0.09797239458256407,0.16883077222060272,0.09069994493723307,0.0180587367028045,0.14297718365514975,0.09259521462911294,0.048780521661877595,0.04065159149904913,-0.056544834510936205,-0.020994183706048112,-0.09060879060879061,0.01639482317448419,-0.14346627058491465,-0.2624592234761726
#17,0.439178778161829,0.028829754253483067,0.3381663635900924,0.2628201390913255,1.0,0.38328405447049513,0.20690274249596283,0.3634947736642652,-0.006427999648338631,0.17224790275637733,0.013634744143218719,0.5665074936261377,0.14355603677637577,-0.011307301137809613,-0.258124997108048,-0.1242947107353887,0.2150464794532591,0.09343642563981547,-0.31394059699144444,-0.10526289000865272,-0.14924277127666957,-0.14436994775977827,-0.03648023987007038,-0.043459792612334985,0.030994785232073368,-0.2802246005635836,-0.021447641786624838,-0.13426153426153425,-0.09257485528671969,0.09090816548443667,0.184522735370193,0.348424695882323,0.28089923513652326,0.31712683407598663,-0.04636053619104467,-0.04915022881124576,0.08332708671691723,0.04885548105887089,0.160809654029993,0.16855499567363974,-0.1659989727786338,-0.004658587709435167,0.08243636548721295,0.13006704701619956,0.28256962663742324,0.3113595876307741,-0.04954862412489531,-0.046987511394291054,-0.06285761878982218,0.0016893627063118589,0.07948657440182864,-0.11037308494935613,0.008551386517488213,-0.15087892206536274,-0.16564222157442496,-0.13821309753513145,0.02013492691458793,0.016051953340088933,0.1318822674754878,0.18905361447734328,-0.2700810209284786,-0.26136074441159185,-0.04551238449543534,-0.055073409310697444,-0.2870639514707311,-0.3182253131405674,-0.20035258679326476,-0.030448321973745703,-0.3215216757589639,-0.10944395859650097,-0.4561598578547731,-0.33052466950772036,-0.03817052800103648,0.25574480489734724,-0.1380641041657991,0.05336923980991778,-0.3455475506322964,-0.2354197032163134,-0.05805929195759704,-0.012358120832697104,0.3968577205865341,0.31455322811255015,0.1604293044971011,0.3537643961372775,0.3447405803338007,0.05242762022423039,0.11837245566059125,0.00780132983522814,0.2314917382713993,0.4517432686924212,0.271224845801117,0.20682500682500682,0.2848086915883526,0.07756678095661146,0.0374445323597866,0.02960942452467876,0.08643558813050338,0.04316735842159571,-0.061588861588861586,0.010081576183271098,-0.0903954802259887,0.32044077976281365,0.5485098349505129,0.22104184307574137,0.21379808159469177,0.14042023533548958,0.09527478171545968,-0.3492700713039696,-0.0061781349916943135,-0.19402684656921945,0.017514587006112428
#18,0.26697066866558394,-0.10860737470906963,0.17770698279172856,0.20403253793084303,0.38328405447049513,1.0,0.24072747632069666,0.2706223943512079,-0.23488619590314505,0.09030895302081743,0.19230694484931773,0.5186403660979932,0.5058574753490007,0.11106761615236191,-0.3512009698450376,-0.14674828912117047,0.3418370604811283,0.03912695438119167,-0.3491127491127491,-0.24682695021678072,-0.31611349407959577,-0.2241859733385157,-0.32104600748668544,0.10927414317244825,-0.3173151579931241,0.12099973625397355,-0.2226816955630515,0.013693508608762846,0.206006006006006,0.2839082533997788,0.07055067394050445,0.20503847452999996,0.05846925507942457,0.18183530217428523,0.043650892803435176,0.047755151144981654,0.13769717329039363,0.134792728013067,0.012813892474909425,-0.024206795393236072,0.2164993961604131,0.06377332648519089,0.09225650920566175,0.10719425126204787,0.16490558354965135,0.15348538060402467,-0.060290490798965375,0.1553339163508655,-0.19679201543608324,-0.08689783774529537,-0.05269969507257643,-0.05923411855615245,-0.2013659267896556,-0.24068583221125595,-0.15819301582013445,-0.17562153833340274,-0.19790391315815045,-0.16462286631778159,0.03157363835329937,0.040506762540660844,-0.07558822304585017,-0.2217451658129624,0.1699218478879496,0.04832104832104832,-0.12158321649847073,-0.2355844288047678,-0.19698635461347325,0.25179879417167556,-0.24303964981931084,-0.22487911640454014,-0.19109093685364872,-0.14046604385587436,0.20779438915032136,0.22420401911927335,-0.10819694887491497,-0.1648634767278835,-0.07737059092991297,-0.2217780183881879,0.32416931569473945,0.3876469690029012,0.37401315028433674,0.4059990653210992,0.1323273967341764,0.5803740566452431,0.43206688969400836,0.2716940361008158,0.0412322954695836,0.07210122294868057,0.3180971418259554,0.46481026481026483,0.21188754239601698,0.27718828227302805,0.2938325073918294,0.1238805832026171,-0.12167899795018439,-0.005261039159344244,0.14915763220847966,-0.013636594992527196,0.2309374089035106,-0.0010776570098603997,-0.03225706446045429,0.2698404105183766,0.26580370817658955,0.0021932564305445663,0.12156008088211478,-0.08538199216165318,0.004896421845574388,-0.2198411045868673,-0.11785329242956362,-0.15821198702554634,-0.07763665051800644
#26,0.12512898106118445,0.31807909604519774,0.20710818676920373,0.18651656278774922,0.20690274249596283,0.24072747632069666,1.0,0.374433755789688,0.18519551909382417,0.18957786754396924,0.2315958485450011,0.2544857646552562,0.20759496013733303,0.2224929089335869,-0.04773525451491553,-0.16563435546486394,0.1936501987349445,0.0683625073455582,-0.1066861931268711,-0.22647362308379257,-0.11691722539180166,-0.2914296422770999,-0.1187805679331103,0.14388224896699472,-0.22477963325420952,-0.021423580745614644,0.006083278964634897,-0.0031709675777472387,-0.13176011142112837,0.003578617137939172,0.12941554805961586,0.12482821804855704,-0.05609507812897643,0.07513754123923616,-0.1072696733713683,-0.14691532827126047,-0.11029858826468995,0.01444726698963987,0.14984984984984984,-0.12293294835667717,-0.01559803254718509,-0.1339182017148119,-0.12179282518265569,-0.13021187597458783,0.14091302396387143,-0.018341453934674273,-0.15458663594256813,-0.03858835723242503,-0.07012127690093792,-0.09904542446915328,-0.06810894099029692,-0.08897217710777033,-0.12610021423580745,-0.031150256573985388,-0.09295150312099465,-0.4027628553052282,0.020618461296427398,-0.3282930079540249,0.02584896144218178,-0.09428272648611631,-0.0722789044822943,-0.20352262894635775,-0.12215050181151876,0.1043763331898925,-0.03071438156183919,-0.09707797165424284,-0.012864328118565407,0.5538319521370368,-0.18835029174012224,-0.07922051481373515,-0.1628340204611391,-0.2071974902483377,0.03121642443676342,0.053959198026994636,-0.05698533664635359,-0.15054669461449122,-0.10883086476306815,-0.09204551238449543,0.33256569358264276,0.2649014191387073,0.2487268470319318,0.06068518441399797,-0.09065367370452117,0.28195930907795314,0.011244372261321413,-0.1160630584359398,0.07585104364765381,-0.1552034314746179,0.24282680214883604,0.1358680714612918,0.1290731409375477,-0.03836116547980955,-0.023447947176760735,0.10723820893312419,-0.0779577728730271,0.17037808224248902,0.054513064682556206,-0.20922324481646515,-0.006921713701374718,-0.13664589088317902,-0.19724547351665997,-0.0068796068796068794,0.16918798613713867,-0.31003900664917616,-0.0869806632518497,-0.10794153167034523,-0.006118907813823068,0.027292623902793394,-0.07949536593604391,-0.12132178403364845,0.025209030293776056
#49,0.5819986396257583,0.3434459112425214,0.2580074681769597,0.2548133649828565,0.3634947736642652,0.2706223943512079,0.374433755789688,1.0,0.36554088757478587,0.4266392740969012,0.24134982440067185,0.45702512990648586,0.07456886778920677,-0.049184006811125454,0.0491414372770305,-0.008680020544427324,0.33194658448895736,0.01587751079276503,-0.2194996228894534,-0.2370447489091557,-0.03872300651961669,-0.13529754716195394,-0.27517317008842435,0.051152385050690134,-0.1659022659022659,-0.127147332232078,-0.19794509455526405,-0.21305404017268423,-0.18380877024944822,-0.10560483441839374,0.01076916670137009,0.047688520569876505,-0.24433246806128162,-0.08976063891318128,-0.17831683763887154,-0.1217303590184946,-0.21769365667670754,-0.11982444694309101,-0.1298306010170417,-0.2102851696072035,-0.13954802259887006,-0.016704840433653993,-0.13669031126658246,0.029181415622093587,0.11923495143834127,0.09623768606819454,-0.33618410398071413,-0.3010549841058316,-0.3557424913357117,-0.14644243627294476,0.0014751268988557125,-0.08293331852653886,-0.17024574651693294,-0.07980306963357811,-0.1657495708343166,-0.28307305764932883,-0.05930954066547287,-0.22013955403785912,0.08210691431030415,0.12492538763725204,-0.292471207725445,-0.24811097692453624,-0.27388914338066883,-0.07165748182697335,-0.18380182956454144,-0.20578390408898883,-0.23019799460477428,0.09846148151232897,-0.14639709046488708,-0.07697867358884308,-0.27104901511681173,-0.2931884118324796,0.12213893400334078,0.2506133251895964,-0.02634637719383482,-0.1701619955857244,-0.10301780979747081,-0.24147753300295674,0.06789239162120518,-0.09513087818172564,0.303915934424409,0.12109968211663127,-0.18708940064872268,0.4387817709851608,0.08974120499544229,-0.03279704974620229,-0.1434260146124553,-0.17550400940231448,0.23139827038132124,0.18499100024523754,-0.020085416695586188,0.12206166104471189,0.03842085537000791,0.23042426093273552,0.038483321534168995,0.22323093509534186,-0.10625818422428591,-0.10022534090330701,0.030809700301225724,-0.2153005085208475,-0.2636706043485704,0.03195907772178959,0.17524905491007187,-0.16802333920977988,-0.17390163661350103,-0.28753452990741124,-0.2875081553047655,-0.11689131350148299,-0.0922213430688007,-0.15353303997371795,-0.12622190757783977
#50,0.09182063419351555,0.6000578390408899,-0.05350759079572639,0.05943586113077638,-0.006427999648338631,-0.23488619590314505,0.18519551909382417,0.36554088757478587,1.0,0.22431321922847347,0.23596061392671563,-0.061592563287478544,-0.15183951285646202,0.24202584711059288,0.4225507479744768,0.008825312215142723,-0.0835348445517937,-0.06875858909757215,0.2790317281842706,-0.01570214282078689,0.22932022932022933,-0.09131026249670317,0.05307032764659883,-0.17173197851163952,0.19090076208720277,-0.28836417310993584,-0.016321251914472253,-0.364472947523795,0.01759787522499387,-0.0734532683685226,0.06148104961664284,0.0916984781391561,-0.012970289241475683,-0.02123340597916869,0.11865748645409663,-0.051275929242030935,-0.013860085046525724,-0.048390917882443304,0.23765229019466308,0.06312414109024278,-0.060372853593192576,-0.007587094027771994,-0.07102217780183882,-0.06884095189179935,-0.09569584993313807,-0.13493755697145526,-0.33662229255449594,-0.3819995650504125,-0.13557101014728135,-0.15405729304034388,-0.2708528250901132,-0.18703711415575822,-0.0861163166247912,0.054075338821101535,0.046199049588880096,-0.08884955834108377,-0.0534714992342111,-0.2622385096961368,-0.10323389645423543,-0.06794051370322557,-0.12006320650388447,-0.043029932860441336,-0.23327780785407903,-0.020888222583137838,0.13502824858757062,0.15400963367065063,0.17446383209095073,-0.0570144875229621,0.30227561922477175,0.32960618553838894,0.19907457534576178,0.1714987714987715,-0.03553584401042028,-0.15391524035591833,0.07331538009504111,-0.15795471897166813,-0.08653322043152552,-0.21703521703521703,-0.03843890115076556,-0.2634683990616194,-0.03203773881739983,-0.026006746345729397,-0.12144625364964348,-0.10738164975453111,-0.12962654488078218,-0.06011234655302452,-0.15158317022723802,0.05285285285285285,-0.08619544043272857,-0.05326142783769902,-0.06344618886991768,-0.09129684383921673,-0.2608924795365473,-0.07598708107182683,-0.17163110722432756,0.1429272107238209,-0.053187393865359964,-0.07932647593664542,-0.19181785791955283,-0.1827621149655048,-0.1567192770582601,-0.08715325494986512,0.0043138670257314325,-0.23978817029664487,-0.1318137860510742,-0.07842511232341741,-0.06979691555962743,0.03439248185010897,0.10902474122813106,-0.1755257568816891,-0.2214518061975689
#51,0.7013080877487657,0.4732931699033394,0.43874891840993535,0.614300124469616,0.17224790275637733,0.09030895302081743,0.18957786754396924,0.4266392740969012,0.22431321922847347,1.0,0.5564050953881462,0.237442218798151,0.2557966286779846,0.013144269076472466,0.06483710212523772,0.07569418416876043,0.5844820166854066,0.18223508562491614,-0.1123169394355835,-0.1160195634771906,-0.1857336535302637,-0.0963746489170218,0.04730493205069476,0.20153713035068968,0.1642041116617388,0.020313071160528787,0.06818204953798174,0.1187731645358764,-0.007021659564032445,-0.16531924837009582,-0.08173905801024445,-0.036750463869107935,-0.06524475168542965,-0.14302114132622606,-0.07876428045919572,-0.032491659610303675,-0.1355922949143288,-0.1445522564166632,-0.02064252233743759,-0.06037562986715529,-0.0744508761457914,-0.09145509145509145,0.02400551553093926,-0.0514179819264565,-0.009735467362586007,-0.08108061836875396,-0.09116682167529626,0.0017527542951271764,-0.0834742292369411,-0.1063909826621691,0.010124145717366057,0.0313830008745263,-0.0666722192145921,0.011630737054465868,-0.09548762938593447,-0.16112568654941536,-0.30023922227312055,-0.0805318415487907,-0.11176307278002193,-0.06460852223564088,-0.09695396475057493,-0.0825321469389266,-0.0889809686419856,0.0016139405969914445,0.10908350569367518,0.011589555657352268,-0.17623416945450843,0.07399232822961636,-0.10299374875646063,-0.12374223221680848,-0.025472776320233946,-0.08686359703308856,0.05915360661123373,0.16773877112860164,-0.1694818084648593,-0.007675009369924624,-0.020205721900637155,-0.12486801130868927,0.22333689621825215,-0.005687197212620941,-0.08013853607073947,0.144862273675833,-0.04524725033199609,0.0014297810907980399,0.0828953761157151,-0.1049718439548948,-0.1643160880449016,0.046931523202709644,0.13146999079202468,0.1483131822114873,0.038850252409574446,-0.01517326263088975,0.0015852524327100597,-0.08010336993387841,-0.23996723996723995,0.376698732630936,0.0990047057843668,0.194297070568257,0.21088854648176683,0.012689422858914385,-0.06409907596348274,0.1322741848165577,-0.03358782511324884,-0.08772146568756738,-0.02890054923953229,-0.05682755174280598,-0.07646598833039511,0.016002905833414308,-0.06529657546606699,-0.10030076301262741,-0.2556143200210997
#52,0.3678822119500086,0.3865498780753018,0.11193936617665431,0.36297514772091044,0.013634744143218719,0.19230694484931773,0.2315958485450011,0.24134982440067185,0.23596061392671563,0.5564050953881462,1.0,0.18887732108071092,0.3201529726953456,0.3025361262649398,0.13686521652623349,-0.015741010656264893,0.38806896264523383,-0.013259021733598005,0.05620011382723247,-0.1638270011151367,-0.13878963709472183,-0.19940587737197907,-0.01290921121429596,0.23421341217951389,-0.010363830702813754,0.22101315491146,-0.015313001753679719,-0.033674815030747235,0.3239763646543308,0.02435208706395147,-0.03394966615305598,0.027224142478379766,-0.06351281944502284,0.0832248272926239,0.26286178320076625,0.16244904380497602,0.012549221023797295,0.13627896000777356,0.1835732496749446,-0.040616425362188076,0.25107279853042563,-0.0010943146536366876,0.15293614107173428,-0.03638908554162792,-0.1446471124437226,-0.11359957800635767,-0.06876414164549757,-0.08793616420735065,-0.15227122345766414,-0.32153046729317913,-0.35178491280186197,-0.15149386674810403,-0.25531124344683664,-0.186523503472656,-0.03463124141090243,-0.08631852191174225,-0.2826857674315301,-0.16999356829865306,-0.07356015491608713,-0.2534640958369772,0.00762549915092288,-0.19293715903885394,0.021608665676462288,0.1514540734879718,0.041745443440358694,-0.07932416237500983,-0.21745859881453103,0.21139706732927072,0.001117912982319762,-0.1269752032463897,-0.005059296584720313,-0.17571870792209776,0.10733260224785648,0.0038502292739580877,-0.08722219908660586,-0.21420850742884642,-0.04459852764937511,-0.18469162536959147,0.3167339913102625,0.20619201636150788,-0.03252404947320202,0.090734648361767,-0.0785264463230565,0.11798979256606375,0.27436990148854556,0.1411453055520852,-0.10160376092579483,0.09069809408792459,0.27839549873448177,0.22740460028595622,0.24314329738058552,0.1030802759616319,0.1253631134987067,-0.05788577483492738,-0.21056834955140039,0.1410143579635105,0.12847948102185391,-0.025747627442542696,0.11753725991014127,-0.1315842807368231,-0.2375273578663409,-0.10621746553949944,-0.04880365727823355,-0.32530157275919985,-0.05883294696854019,-0.11165294724616759,-0.02996848929052319,0.07168431914194626,-0.13460209053429392,-0.04015047404877913,-0.2080937640259674
#53,0.45746193034328625,-0.010435551113517216,0.21861676776931013,0.3030187352221251,0.5665074936261377,0.5186403660979932,0.2544857646552562,0.45702512990648586,-0.061592563287478544,0.237442218798151,0.18887732108071092,1.0,0.3333481401278011,0.13783644970085648,-0.19719920228394805,-0.05539129267942827,0.3512625105845445,-0.031679599476209644,-0.3211704771026805,-0.2941633467057196,-0.24169084338575864,-0.32436828199540063,-0.2411300360452903,0.026416709467556924,-0.03567465770855601,-0.12824072146106044,-0.12804453143436195,-0.2087517409551308,0.13841437739742823,0.22766834631241412,0.10865225780480017,0.22186778457964898,0.18231837384379757,0.17256856239907087,0.07258799631680987,0.07882998560964663,0.16486162587857503,0.03564874581823734,0.0712128152806119,0.04099816303206134,0.13592267151589185,0.15582161514364903,0.23428235631625463,0.10655524553829639,0.3088271630644512,0.19215147350740572,0.002578233086707663,-0.058467866942443214,-0.18847337321913593,-0.24048316421197777,-0.13003789613959105,-0.2800566359888394,-0.13298352281403128,-0.3595584798974629,-0.103671159603363,-0.16608549998380506,-0.027916822832077068,-0.12490317744555032,0.06085268627641509,-0.06509159390515323,0.006251243539379133,-0.08935113850368087,0.08531767514818363,0.0028243960447350276,-0.2870658023200396,-0.4365820365820366,-0.26738710975999114,0.04307342781919053,-0.31836782853732004,-0.27786661854458466,-0.3968123747784765,-0.41957365686179243,0.1262515211667754,0.15209493006103175,-0.13658666370530778,-0.1848008254787916,-0.0937640259674158,-0.12495407580153343,0.1006635294770888,0.15446864429915277,0.38090663853375717,0.41625600947634844,-0.07696340408204815,0.4180328248124858,0.42779235321608206,0.27314741552029687,0.0840651128786722,0.03899646950494408,0.3368212588551572,0.5813883220662882,0.15534548415904348,0.36861884997478217,0.2905551159788448,0.26301447826871555,-0.09896444981190744,0.0072557920015547134,0.03805161093296686,0.0012446961599503973,-0.09625989625989625,0.10370678845255117,-0.21650541142066565,0.30236677355321423,0.3229778314524077,0.10240425325171088,0.10056080734046836,0.08403040945413827,0.029707519538028013,-0.026355168728050084,0.1503158011632588,0.04330432127042297,-0.011449353822235178
#54,0.2627076999958356,-0.0513235886117242,0.036839767348241924,0.40932735509006696,0.14355603677637577,0.5058574753490007,0.20759496013733303,0.07456886778920677,-0.15183951285646202,0.2557966286779846,0.3201529726953456,0.3333481401278011,1.0,0.2462837259447429,-0.1347367398214856,-0.2013173419953081,0.28382820416718724,-0.21199257809427302,-0.09391116848743968,-0.1257596579630478,-0.14381284211792686,-0.19118625559303526,-0.22897412049954421,0.14722534553043026,-0.17841169366593096,0.10362951549392227,0.012419198859876825,0.21495671326179802,0.25467223772308517,-0.03480614667055345,-0.10512777800913393,0.050531425107696294,-0.06018406696372798,0.0007801329835228141,-0.010405937524581592,-0.008378332107145666,0.02181503537435741,-0.12625476015306525,0.07630959156382885,-0.22726023403989506,0.1665583919821208,-0.08082936557512829,0.15541905541905543,0.06867668901567206,0.11520565249378809,-0.007332602247856485,0.08273111323958782,0.19485325078545418,-0.11456525863305524,-0.06926479638344045,-0.0921028887130582,0.016510038543936848,-0.1331413077175789,-0.12585220042847162,-0.03635947195269229,-0.1747659832405595,-0.14605792232910877,-0.1155258494241545,-0.09802653192483701,-0.13521518436772675,-0.04094957823771383,-0.20328294396091007,0.1541396558345711,-0.02978109079803995,0.17347825483418705,-0.0820310294886566,-0.12084796661067848,0.27844778522744623,-0.20395480225988702,-0.26783362715566106,-0.0372580592919576,-0.1189013358504884,0.11113378401513994,0.08074515193159261,-0.12426694799576156,-0.041816238426407915,-0.08040413294650582,-0.1463105632597158,0.37852829717236497,0.22322029271181815,0.07280685924753721,0.3258489614421818,0.301414048871676,0.3155304765474257,0.3293900988816243,0.1277215582300328,0.031613894325758736,0.014807257180138537,0.2528917206883309,0.3265508960424215,0.11243724464063447,0.22362331514873887,0.24086906629279511,-0.10538273250137657,-0.2921662803018735,-0.06368124673209419,-0.09272801306699612,-0.040222657171809714,0.0826751250480064,0.1066403846064863,-0.05782886121869173,0.12591189031866998,-0.01680617443329308,-0.10968318086962155,-0.01482622838555042,-0.13337035031950287,-0.00711235118014779,-0.07511671918451579,-0.03855180295858262,-0.10820296413516753,-0.011122678919289088
#58,-0.04376795902219631,0.03473442625984999,-0.1777638964079642,0.0022469310604903824,-0.011307301137809613,0.11106761615236191,0.2224929089335869,-0.049184006811125454,0.24202584711059288,0.013144269076472466,0.3025361262649398,0.13783644970085648,0.2462837259447429,1.0,0.26192016361507886,-0.01517233720623551,-0.10126551821467075,-0.21785699412818058,0.25837902617563635,-0.022210191701717126,-0.09221764137018375,-0.27398677568169094,0.03467149738336179,-0.08070489595913324,0.07809288487254588,-0.0356501339552187,-0.02401662062679012,-0.11031015607286794,0.41178620839637786,0.3186690542622746,0.03743342726393574,0.011960650943701792,0.17777962862708627,-0.0834113003604529,0.42249244622125975,0.2614486597537445,0.34765659341930527,0.17643961372774933,0.14187777916591476,-0.005659434472993795,0.3316560011475266,0.1529726953455767,0.29983111000060153,0.15438257980630862,0.03338469440164355,-0.08642355760999829,0.08843496809598504,-0.022100991592517015,-0.06981542405271218,-0.29669392042273396,-0.41442413137328393,-0.2915878898929746,-0.24363238431035042,-0.26504856165873114,0.054827246352670084,0.017037530596852632,0.019821670669128297,-0.14106155462087666,-0.19560006848142442,-0.27553639926521284,0.12663001985035882,0.022028345757159316,0.34140026004432783,0.3280089025851738,-0.06540299930130439,-0.20870778328405448,0.4081173623546505,0.19650652193025075,0.2648486699334157,0.2784709208438022,0.18730502459316017,0.10661724899013035,0.1457728915356034,-0.03609248693994457,0.17635817635817636,-0.17355136338187185,0.005827399047738031,-0.10388261913685642,0.233487416538264,0.07081904709023353,-0.10648306241526581,0.1448284956759533,-0.12594983272949375,-0.1641731099358218,0.12138054849919257,-0.11067292253732931,-0.18195977179028028,0.3070087036188731,0.012340075051939459,0.11482669109787753,0.13324402985419934,-0.08870611751967684,-0.30959434010281467,-0.22179421331963706,-0.3665088817631191,-0.1181919978530148,0.06110023737142381,-0.06456872897550864,-0.3068981153726916,0.041434500756534653,-0.1863416575280982,-0.03499817228630788,-0.07713321950610086,-0.0889569076009754,-0.054187777916591476,0.09799321663728443,0.0473687863518372,0.1658175895464031,0.02450709569353637,-0.04409417121281528,-0.14073117801931362
#101,-0.10427176020396359,0.14860191470360962,-0.26308064613149357,-0.1807354349727231,-0.258124997108048,-0.3512009698450376,-0.04773525451491553,0.0491414372770305,0.4225507479744768,0.06483710212523772,0.13686521652623349,-0.19719920228394805,-0.1347367398214856,0.26192016361507886,1.0,0.3920057191243632,-0.11643415372228931,-0.2150751676175405,0.5302664760291879,-0.003059916619238653,0.471368749334851,0.011749654122535478,0.12266457520694808,-0.12175118107321498,0.13867395901294208,-0.011363752041718144,-0.1180175553056909,-0.36949430169769154,0.0359212833789105,-0.062004377258614546,-0.21992300466876738,-0.17652984263153754,-0.19163416112568654,-0.13107020734139377,0.04318355335304488,0.1474900169815424,0.038760023505786216,0.06406992508687424,0.0702855397770652,-0.061786902464868565,0.03950684120175645,0.20828671506637608,0.06963080183419167,0.06278265939282889,-0.0736466821212584,-0.11469805707093843,-0.2866373307051273,-0.3827505471573268,-0.08304436948504745,-0.23529800987428107,-0.31762656338927525,-0.29269238421780797,-0.11949499576618221,-0.004888555736013363,0.31570908350569366,0.02937344123784802,0.14797493950036322,-0.10834455410726597,-0.19166978997487472,-0.2959725519047553,-0.03870681158816752,-0.04064927793741353,0.04390307102171509,0.2172934105137495,-0.15332296857720587,-0.06164299893113452,0.3674569793213861,0.12589662081187505,0.46169621084875323,0.38676226303344946,0.2623393809834488,0.20515785431039668,0.14124478870241583,-0.15962649860954944,0.2465937432039127,-0.15135273948833272,0.047500659365066145,-0.1637275179648061,0.2664066223388257,-0.013296501432094652,-0.0306565425209493,-0.28277599633531836,0.04890684212718111,-0.0721141788938399,-0.11754142432108534,-0.15396382515026583,-0.20989695396475058,0.0029442385374588765,-0.01957134330015686,-0.1789313196092857,-0.07778980829828287,-0.20510834409139495,-0.30698371715320866,-0.13979742454318725,-0.15262982551118146,0.10824784723089807,-0.11731423256846986,-0.2182789877705132,-0.29597856716500787,-0.21999102338085388,-0.3347469194926822,-0.3349509756289417,-0.2527751171818968,-0.28673357486916806,-0.3665264648315496,-0.17772225229852348,-0.260615314852603,0.1163078332569858,0.008745725694878238,-0.10568765992494807,-0.13042241008342703
#102,0.13263880213032755,-0.05120698510529019,0.14693244862736388,0.035938403735013905,-0.1242947107353887,-0.14674828912117047,-0.16563435546486394,-0.008680020544427324,0.008825312215142723,0.07569418416876043,-0.015741010656264893,-0.05539129267942827,-0.2013173419953081,-0.01517233720623551,0.3920057191243632,1.0,0.044604080197300534,0.18900688053230427,0.046460019341375274,0.286515637363095,0.09581013987793649,0.4552099094471976,0.010418893469740927,-0.043784616665972595,0.07833395799497495,0.011211056973768839,-0.3368976063891318,-0.25655779045609556,-0.12019831850340325,-0.08084694864355882,-0.02687572009605908,-0.15341689917961104,0.019321941355839662,-0.16196227043684672,-0.04203232508317254,-0.053795397863194476,-0.08731196527806698,0.1495194732482868,-0.3231707824928164,0.023077314602738333,-0.049722603959892094,0.14893784385309808,0.04410064918539495,0.24515470786657229,-0.05426088646427629,0.20214791062248688,-0.14671034671034672,-0.23748987816784428,-0.22722321705372553,-0.08177052244848855,-0.04387993540535914,-0.20838481007972534,-0.13666578751324515,-0.07315852061614773,0.06292748835121717,0.24868705377179953,-0.1689177621381011,0.3011572435301249,-0.13117292947801423,-0.2218099455387591,-0.057797859492774745,0.05881119948916559,0.01251081590064641,0.10346247634383228,-0.24723830147558962,0.021231555129860216,0.2067495847156864,-0.13770041227668348,0.2757103791002096,0.33980667878972964,0.10491215406469644,0.0923037058630279,0.02421882591374117,-0.0995396012345165,0.015693351286571625,-0.046957897805355434,0.03970580750241767,-0.06346145837671262,-0.06394175377226224,0.12992360619479262,0.028552126857211604,-0.22826524521439776,-0.0715617003752597,-0.031358014408861865,-0.1132636488568692,-0.14814290407510747,-0.26404355048422845,0.030311359124918447,0.0721114026198772,-0.1922338363016329,0.007733773835468751,-0.18828273574036286,-0.19259475191678582,0.004793236996626827,-0.18791950656357437,0.06922731668494381,0.22426463443412595,0.06490974796059541,0.059590407048034165,-0.05693536371502473,-0.12361961345012193,0.0008166872573652235,-0.07145388840304094,0.08102416746484543,-0.14676540947727387,-0.006829633948278016,-0.29078091959447894,-0.02938315819671752,-0.029608499100024523,-0.04410527630866614,-0.2118005524785186
#201,0.5883937866988714,0.24268752573837318,0.6291212630195681,0.4092246329534465,0.2150464794532591,0.3418370604811283,0.1936501987349445,0.33194658448895736,-0.0835348445517937,0.5844820166854066,0.38806896264523383,0.3512625105845445,0.28382820416718724,-0.10126551821467075,-0.11643415372228931,0.044604080197300534,1.0,0.49064858386892285,-0.28030372437152096,-0.3143824872638432,-0.38320678151186627,-0.17281102365848128,0.07391644340796884,0.3908891942790248,0.14153629746850085,0.046464646464646465,0.001421914981237015,0.047340098187555815,0.1194001397391228,0.06903621649384362,0.20372529694563593,0.1243793870912515,0.20166530166530167,0.09275207410800632,-0.021894159182294776,-0.10993720993720994,-0.05296621737299703,-0.07174123275818191,-0.06539744675337895,-0.007276151343947954,0.06699843140521107,0.030404827014996506,-0.12084010050111745,-0.20909090909090908,0.006543215017791289,-0.21965879592998236,-0.19751662294035174,-0.08605246232364877,-0.13894973555990506,-0.09148007792075588,0.14704211144889112,0.15978659707473267,-0.004747428476242036,0.05194778754100788,-0.10772683315056196,-0.26226858599739955,-0.34970733445309715,-0.22705340162967283,-0.07252969456359287,-0.10719656482368346,-0.14078115095064248,-0.044088618664889855,-0.13130850418986012,0.053120763290254815,0.03372895237302017,0.006991120550442585,-0.25302914624948525,0.14307574138082613,-0.2019591239930223,-0.24388502524095745,-0.005782978664334596,-0.049711961576368355,0.001473738761874355,0.2692657218080947,-0.2738618433533688,0.15247296603228808,-0.1054539901997529,-0.023997649421378234,0.39911807030451096,0.2630538088165207,0.14901002697612867,0.034809385656843286,0.09952016731677749,0.19641120319086422,0.17371840253196186,-0.004845060777264167,0.02894126792431877,0.09967239967239967,0.2797632763734459,0.28559252627049236,0.15189781460967902,-0.01429272107238209,0.09457469796452847,0.06665509885848869,-0.1551011720503246,0.657161630042986,0.2943715672529232,0.41779545338867374,0.4648028614130309,0.2755271450186704,0.12563935275799681,0.4830601017041695,0.2814827153810205,0.16274564240665937,0.13848794865744019,0.191441672797605,0.01994984198374029,-0.10613695359458071,-0.006769944058079651,-0.09432760958184687,-0.18398089923513652
