,#10,#11,#12,#13,#17,#18,#26,#49,#50,#51,#52,#53,#54,#58,#101,#102,#201,#202,#301,#302,#401,#402,#501,#502,#601,#602,#701,#702,#801,#802,#901,#902,#1001,#1002,#1101,#1102,#1201,#1202,#1301,#1302,#1401,#1402,#1501,#1502,#1601,#1602,#1701,#1702,#1801,#1802,#1901,#1902,#2001,#2002,#2101,#2102,#2201,#2202,#2301,#2302,#2401,#2402,#2501,#2502,#2601,#2602,#2701,#2702,#2801,#2802,#2901,#2902,#3001,#3002,#3101,#3102,#3201,#3202,#3301,#3302,#3401,#3402,#3455,#3501,#3502,#3601,#3602,#3701,#3702,#3801,#3802,#3901,#3902,#4001,#4002,#4101,#4102,#4201,#4202,#4301,#4302,#4401,#4402,#4501,#4502,#4601,#4602,#4701,#4702,#4801,#4802
#10,1.0,0.46510590858416945,0.49351478107100294,0.4556490985276592,0.32598316226502133,-0.08815592203898051,0.30916849267673857,0.530519355706762,0.26698189366855035,0.5708145927036482,0.4372198516126552,0.26406027755353095,0.16329527543920347,0.17416676277245993,0.08033675469957328,-0.11009879675546842,0.47354784146388346,0.10391727213316419,0.04496213431745666,-0.10838426940375966,0.09941183254526582,-0.20006150770768463,0.03378310844577711,0.10963748894783377,0.2524660746549802,-0.21646868873255679,0.26082343443662787,0.20271402760158383,0.0967362472609849,-0.04733786952677507,-0.07572367662322685,0.06786606696651674,-0.029861992080882634,-0.02537192941990543,-0.07473955330027295,-0.20481297812632146,0.013854611155960482,-0.24693806942682506,0.018967439357244455,-0.3245761734517357,0.08810210279475647,-0.2478760619690155,0.0067350939914658054,-0.2914850267174105,0.020858801368546495,-0.001868296620920309,0.11763349094683427,0.03431361242455695,-0.027178718333141123,-0.14915619113520162,0.15862837811863298,-0.1595125514165994,0.07739976165763272,-0.17565063622035137,-0.006581324722254258,-0.20750394033752353,-0.1226924999038942,-0.31836389497558915,-0.09662092030907624,-0.12853573213393304,0.1502556414100642,0.026471379694768,-0.04367816091954023,0.14547341713758505,0.20330603928804827,0.08122861646100027,-0.06455233921500789,0.05276592472994272,0.14236727789951178,0.25739437973321033,0.2025141275516088,0.4627147964479299,0.07089532156998424,0.11481182485680237,-0.15235459193480183,-0.13413293353323338,-0.08503440587398609,-0.06389881982085881,0.25597970245646406,-0.043401376234959446,-0.03399838542267328,0.03845769422980817,0.08651827932187753,0.018667589282281936,0.31985545688694117,0.2399415676776996,0.17512013224157152,0.15816707031099836,-0.022796294160612,-0.08347364779148887,0.03793487871448891,-0.018483066159228078,0.14375120132241573,-0.1117056856187291,0.07108753315649867,0.2624380117633491,0.09868911697997156,0.30684657671164417,0.11713374082189675,0.17679621727597739,0.13723907277130665,-0.013670088032906624,0.018613770038057895,0.14813362549494483,0.03291431207473187,0.08947833775419982,0.09349940414408181,0.04443931880213739,-0.01057163725829393,0.12692115480721178,0.13098835197785721
#11,0.46510590858416945,1.0,0.1718602237342867,0.126844270172606,0.17984853726982664,-0.05804021066389882,0.2719563295275439,0.4344596932303079,0.41077153730826893,0.18277784184830662,0.364540806519817,-0.004951370468611848,0.16135778264713796,0.284380886479837,0.11651866374505056,0.28181293968400417,0.06785837850305616,0.07174105255064775,-0.09026256102717872,0.15117056856187291,0.12179294967900665,0.1031638027140276,-0.007219467189482182,0.090639295736747,-0.10597009187713835,-0.08242032829738977,-0.07899896205743283,-0.07927574674201361,0.0781532310767693,-0.05089762810902241,0.0071733364087187175,0.011563449044708416,-0.0033598585322723255,-0.12290777688079037,-0.07131049859685541,-0.04209433744666129,-0.02573328720255257,-0.10456310306385269,0.020828047514704188,-0.1548533425594895,-0.057125283512090105,-0.06895014031445816,0.07843770422481067,-0.01098681428516511,0.10324837581209395,0.0858801368546496,-0.07347864529273825,-0.1295659862376504,-0.12291546534425095,-0.20076884634605774,-0.05058240110713874,-0.14915619113520162,-0.201291661861377,-0.09689770499365702,-0.06696651674162919,0.003544381655326183,-0.2076884634605774,-0.119294199054319,-0.16244185599507938,-0.18583016184215584,-0.10516280321377773,-0.11561142505670242,0.10543189943489793,0.1550148002921616,-0.05245838619151962,-0.08880175296966901,0.0761465421135586,0.30232576019682467,0.22190443239918503,0.3813477876446392,0.18977434359743206,0.4088340445162034,0.1602890862261177,0.07711528850959136,0.05918579171952485,-0.024234036827739978,-0.12098566101564602,-0.15563756583246838,0.06562103563602814,0.042386499058163225,-0.07525468035213162,0.0006458309306885019,0.13621650713104985,-0.04381655326183062,0.18849037019951562,0.03370622381117134,-0.07965248145158191,-0.015353861530773075,-0.10254872563718141,-0.22559489486026219,0.13498635297735748,-0.07848383500557414,0.027132587552377657,-0.1280974897166801,-0.024833736977665014,0.17662707107984468,0.04827586206896552,0.042086648983200706,-0.1013647022642525,-0.039826240725790954,-0.2782993118825203,-0.07757659631722601,-0.12796678583785032,0.12868950140314458,-0.05498789067004959,0.015561450044208665,0.025925498789067004,-0.08252796678583785,-0.11216699342636374,-0.12862799369545996,-0.04965978549186945
#12,0.49351478107100294,0.1718602237342867,1.0,0.6755775958174759,0.1984315534540422,-0.1852381501556914,0.07599277284434705,0.2763541306269942,0.0402183523622804,0.5167185637950256,0.49180794218275475,0.030369430669280745,0.21914427401683773,0.02161227078768308,-0.07961403913427902,-0.07192557567370161,0.44959058932072427,0.3856379502556414,0.14385115134740323,-0.1838388498058663,-0.15050936070426324,-0.029116211125206626,-0.10244108714873333,0.029416061200169145,0.3738284703801945,0.05178180140698881,0.3148887094914081,0.33647022642524893,0.10777688079037405,-0.06061584592319225,0.011778726021604582,-0.018483066159228078,0.3268519586360666,0.13049629031638027,-0.12376888478837504,-0.4449621343174567,-0.07347864529273825,-0.32526813516318764,-0.20123784261715297,-0.29120055356936914,-0.04919078922077423,-0.1894514281320878,-0.1395379233460193,-0.5845384999807789,-0.20559720139930035,-0.22226579018183215,0.06235343866528274,0.029208472686733555,-0.0015300042286549033,-0.039572521431591894,0.20329066236112714,0.26265328874024524,0.2931995540691193,0.1948641064083343,0.13465574904855265,-0.23715065544151,-0.19168108253565525,-0.4112174681889824,-0.08294314381270904,0.036089647483950334,0.03525929343020797,-0.007419367239457194,-0.21154807211778726,-0.08381962864721486,0.444154845654096,0.30029600584323224,-0.13876138853650097,-0.21729904278629916,-0.14970207204090263,-0.03710452466074655,0.05627186406796602,0.1276669357628878,-0.1291200553569369,0.23512090108791758,-0.3293968400415177,-0.14019913120362895,-0.11408910929150809,0.12038596086572098,0.09828931688002153,-0.10931457348248952,0.2205128205128205,0.025041325491100604,0.34139853150347904,0.08321992849728982,0.12835120901087918,-0.02843193787721524,0.19517933341021798,0.09552915849767424,-0.04036443316803137,-0.12470687733056549,-0.33227232537577367,0.06476761619190405,-0.046422942374966365,0.023211471187483183,0.08386575942797832,0.2281705301195556,0.04345519547918349,0.6181601506938839,0.431984007996002,0.43828854803367545,0.4185983931111367,-0.12522969284588475,0.25719447968323533,0.4265790181832161,0.17292892015530698,0.30050359435666785,0.22857033021950562,-0.017491254372813594,-0.01651481951332026,0.10766924230192595,0.10935301579979241
#13,0.4556490985276592,0.126844270172606,0.6755775958174759,1.0,0.12488371199015877,-0.3828701034098335,0.004528504978280091,0.17082228116710876,-0.15374620382116633,0.5804866797370546,0.4768615692153923,-0.011432745165878598,0.1207550071118287,0.0565486487525468,-0.03263752739015108,-0.06637450505516472,0.3349094683427517,0.11700303694306693,0.24092569100065353,-0.02321915965094376,0.03164571560373659,0.03938030984507746,0.06743551301272441,0.2904778380040749,0.49161573059624036,0.10031907123361396,0.2923845769422981,0.30875331564986735,0.08142851651097528,-0.14216737784953676,-0.14544266328374275,-0.13074232114711876,0.07072617537385154,0.14431245915503788,-0.05972398416176527,-0.4574020681966709,-0.08505747126436781,-0.27408603390612385,0.00361357782647138,-0.14793372544496983,0.1415061699919271,-0.16239572521431592,-0.16377196017375928,-0.5418444623841925,-0.09975781340099181,-0.09422211970937608,-0.10301003344481606,-0.09373005804789913,-0.25586437550455543,-0.019367239457194478,0.10756160381347787,0.2893168800215277,0.3208933994541191,0.18634528889401453,0.24420866489832008,-0.09730519355706763,-0.14891016030446316,-0.27034944066428324,0.003006189213085765,0.05561834467381694,0.17419751662630223,0.04164071810248722,-0.20344443163033868,-0.19155037865682542,0.5354399723215315,0.12066274555030178,-0.2626994195210087,-0.3250451697228309,-0.09990389420674278,-0.1383538999730904,-0.01714527351708761,0.10549340714258255,-0.27424749163879597,0.18963595125514165,-0.38490754622688655,-0.2365432668281244,0.008518817514319764,0.2151462730173375,0.06851189789720524,-0.19375696767001116,-0.03602045131280514,-0.04983662015146273,0.22569484488524968,-0.022127397839541766,0.09368392726713566,0.08745627186406797,0.2742782454926383,0.03242225041325491,0.02507976780840349,-0.12029369930419406,-0.41566140006919616,0.1341021796793911,-0.013723907277130666,0.14292853573213393,0.2104486218429247,0.2680198362357283,0.03847307115672933,0.3696228808672587,0.2369891977088379,0.27640026140775764,0.29392995809787414,-0.3537846461384692,0.17876446392188522,0.3240841117902587,-0.006842732479913889,0.18728328143620498,0.09233844616153462,0.18563795025564142,0.07704609233844616,0.2485910890708492,0.24170222581017184
#17,0.32598316226502133,0.17984853726982664,0.1984315534540422,0.12488371199015877,1.0,-0.0020528197439741666,-0.0722023603582824,0.08182062814746473,0.019890054972513744,0.014315918963595126,0.028893245684849883,0.35309268442701724,0.14835659093530157,0.013431745665628724,-0.2782224272479145,-0.3592742090493215,0.12652904317072233,-0.20702725560296775,-0.4257871064467766,-0.0315073232614462,-0.03632798985122823,-0.06168454234421251,0.18945911659554837,0.10252566024679968,0.0781916733940722,-0.2972744397032253,0.12125475723676624,0.034021450813055014,-0.14642678660669664,-0.2284780686579787,-0.04438549955791335,-0.06109253065774805,0.10726175373851536,0.09142351900972591,-0.0438934378964364,-0.10400184523123054,-0.23778879790873794,-0.12765155883596663,-0.10512436089647484,-0.20904163302963902,0.2743166878099412,-0.17681159420289855,-0.039903125360396724,-0.04413946872717488,0.2608464998270096,0.34812593703148426,0.2049359935416907,0.18592242340368278,0.2305923961096375,0.17110675431515013,0.2742551801022566,-0.07959097374389729,0.04488524968285088,-0.22905470341752202,-0.039634029139276515,-0.12945065928574173,0.22120478222427248,0.2463076154230577,0.16270326375273902,0.14801061007957558,0.08132856648598777,0.10380194518125553,0.030069580594318225,-0.022188905547226388,-0.2225271979394918,-0.04141775266213047,-0.017245223542075118,-0.06231499634797986,-0.32897397455118593,-0.11556529427593895,-0.24349363779648636,0.1042171222081267,-0.2697804943682005,-0.10889939645561834,-0.11672625225848614,0.04547726136931534,-0.09170030369430669,-0.012186214585015185,0.11894052973513243,-0.4060661976703956,-0.034567331718756006,0.029023949563679697,-0.01957482797063007,0.10276400261407757,0.3639564832968131,0.1840464383193019,0.21051781801406988,0.30760773459424134,0.0344673816937685,0.18834428939376466,0.19641717602737094,0.16734709568292777,0.28202821666090033,0.047976011994003,0.06649752047053396,0.09740514358205513,-0.29671318187060314,0.13370237957944106,0.010433244916003536,0.08905547226386806,-0.06818129396840042,0.017537385153577056,-0.10178756775458425,0.16289547533925344,0.1845154345903971,-0.04292469150040364,-0.056118094798754466,0.09061623034636528,0.26945757890285627,0.04879867758428478,0.083635105524161
#18,-0.08815592203898051,-0.05804021066389882,-0.1852381501556914,-0.3828701034098335,-0.0020528197439741666,1.0,0.1941798331603429,0.08634144466228424,0.25501095606043134,-0.03817322108176681,-0.2490293314881021,0.19027409372236959,-0.0515819013570138,0.08911697997155268,0.0279014338984354,-0.12771306654365125,0.14315918963595126,0.1933648560335217,-0.2053050397877984,-0.2788913235689847,-0.055549148502671744,-0.19435666781993619,0.1761503863452889,-0.19837004574635758,-0.08375812093953024,-0.09889670549340714,-0.0005151270518586861,-0.07753046553646253,-0.22499519471033713,0.06063891131357398,0.4702725560296775,0.2449775112443778,0.03653557836466382,-0.17212163149194634,0.010640833429439127,0.30778456925383463,0.19610963748894783,-0.05730211817168339,-0.11112905085918579,0.1403529004728405,-0.2298466151539615,-0.039549456041210164,-0.039257294429708225,0.49136201130204127,0.06708184369353784,-0.017076077345942412,-0.07936800830354054,-0.00825740975666013,0.1444047207165648,-0.15080152231576519,-0.15388459616345673,-0.10344827586206896,-0.08238957444354746,-0.18474608849421442,-0.06652827432437627,-0.12625225848614155,0.06652058586091569,-0.0955445354245954,-0.03165340406719717,0.1101372390727713,0.007204090262561027,-0.10043439818552262,-0.024041825241225542,0.29609041633029637,-0.16990735401530005,0.03580517433590897,0.3430746165378849,0.017068388882481834,-0.01930573174950986,-0.05980855725983162,0.052689040095336946,-0.1495098604543882,0.1776419482566409,-0.09130050359435667,0.06751239764733018,0.01660708107484719,-0.12815899742436473,-0.21401606888863262,0.083835005574136,0.2028293545534925,-0.021927497789566756,0.11843309114673432,-0.21797562757082997,0.12937377465113598,0.09844308614923307,0.15253142659439511,-0.034867181793718525,-0.0832276169607504,-0.031676469457578904,0.1287586975742898,0.42054357436666284,0.04487756121939031,0.03665090531657248,-0.014469688232806673,-0.12752854342059738,0.12998116326452158,-0.0009841233229539077,-0.20867258678353132,-0.11767962172759774,-0.24152539115057856,-0.10912236189597509,0.6160612001691462,-0.009633644716103488,-0.37669626725098987,-0.18719101987467804,-0.06010840733479414,0.01116364894475839,-0.1717602737092992,0.06240725790950678,-0.03128435782108945,0.08632606773536308
#26,0.30916849267673857,0.2719563295275439,0.07599277284434705,0.004528504978280091,-0.0722023603582824,0.1941798331603429,1.0,0.23397532003229154,0.38419251912505287,0.3307961403913428,0.27676930765386537,0.34621919809326107,0.531811017568139,0.4892092415330796,0.21705301195556068,0.04841425441125591,0.3497097605043632,-0.01427747664629224,-0.07617729596740092,-0.3091300503594357,0.03811940183754277,-0.3820320608926306,-0.09086226117710376,0.025241225541075617,0.019298043286049282,-0.26101564602314226,-0.03401376234959443,0.1587590819974628,0.3867604659208857,0.36357206012378424,0.24686118479221927,0.26898858263176106,0.08904009533694691,-0.03697382078191674,0.18559181947487793,0.11930188751777958,0.14169838157844156,-0.09004728405028255,-0.12954292084726868,-0.16433321800638143,-0.08147464729173874,0.07938338523046169,0.14776457924883712,0.08069811248222043,-0.017268288932456848,-0.1282435705224311,0.0721024103332949,0.16941529235382308,0.061815246223042325,-0.016099642486449083,0.12386883481336255,-0.154407411678776,-0.1576673201860608,-0.17804174835659092,-0.1778572252335371,-0.3006496751624188,-0.2707953715449967,-0.3745819397993311,-0.10590089570599316,-0.2182754776457925,-0.02066658978203206,-0.019997693460961828,0.21537692692115482,0.4708568792526813,0.001107138738323146,-0.18760619690154923,0.38589935801330105,0.5598739091992465,0.23635105524160996,0.29039326490600853,0.2057202168146696,0.1743051551147503,0.2874178295467651,0.15679852381501558,0.07724599238842117,-0.0360665820935686,0.13282589474493522,-0.26179986929612115,0.402237342867028,0.31825625648714106,0.2875331564986737,0.4962749394533503,0.25609502940837275,0.060723484411640334,0.045192788221273976,0.09340714258255488,-0.014292853573213393,0.10420943374466612,0.08428862491831007,0.12527582362664821,0.16117325952408412,0.06090031907123361,-0.17043016953061932,-0.1234459693230308,-0.015561450044208665,0.32128551109060854,-0.06242263483642794,0.0730865336562488,0.03239918502287318,0.03746588244339369,0.055902817821858304,-0.0002614077576596317,0.2706031599584823,-0.027017260600468995,0.015338484603851921,0.09204628455003268,0.21768346595932803,0.0778149386845039,-0.051897128358897475,-0.1735978164763772,-0.04726867335562988
#49,0.530519355706762,0.4344596932303079,0.2763541306269942,0.17082228116710876,0.08182062814746473,0.08634144466228424,0.23397532003229154,1.0,0.4743166878099412,0.5335947410909929,0.4444393188021374,0.33475569907354014,0.2385115134740322,0.2007150271018337,0.16715488409641333,-0.08712566793526313,0.32376119632491446,0.0425325798639142,0.11655710606235344,-0.2766462922384961,0.15566063122285012,-0.2676200361357783,0.05142813208780225,-0.1466189981932111,0.20933379464114096,-0.4010533194940991,0.07865298120170684,0.05477261369315342,0.200199900049975,0.016276477146042363,0.1908814823357552,0.0887709991158267,0.014431245915503786,-0.17858762926229194,-0.05101295506093107,-0.11233613962249644,0.11834851804866797,-0.343528235882059,-0.0558028677968708,-0.3770883788874793,-0.17310575481490023,-0.3736285703302195,-0.009256910006535194,-0.22659439511013724,0.013124207127205629,-0.2399108138238573,-0.07093376388728713,-0.2962518740629685,-0.012001691461961327,-0.29227693845385,0.00882635605274286,-0.2396724714565794,0.04022604082574097,-0.313381770653135,-0.0015223157651943259,-0.34601160957982546,-0.15858224733786952,-0.40349056241110215,-0.1038096336447161,-0.010402491062161227,-0.06050051897128359,0.027432437627340177,0.0162303463652789,0.11781801406988814,0.19126590550878406,0.003183023872679045,0.23319878522277324,0.06646676661669165,0.24317072233114212,0.15707530849959636,0.46261484642294237,0.24750701572290779,0.3155806712028601,0.17408987813785415,-0.05987006496751624,0.009402990812286165,-0.17341329335332334,-0.13650098027909122,0.3032560642755545,0.0022219659401068697,-0.05818629146964979,0.07299427209472187,0.058978203206089264,0.2500211432745166,0.2856341060239111,0.18314688809441435,0.03643562833967631,0.06538269326875024,-0.18255487640794987,0.007096451774112943,0.055718294698804446,0.1357936416407181,0.09459885441894438,-0.14495829008572636,-0.05793257217545074,0.20636604774535808,0.010064198669895821,0.22832429938876717,0.028024449313804635,0.01882904701495406,0.019259600968746397,0.005343482105101296,-0.005758659131972476,-0.03578210894552724,-0.05077461269365317,0.07843770422481067,0.10412486064659977,-0.04653826932687503,-0.08474224426248414,-0.043063083842694035,0.09774343597432053
#50,0.26698189366855035,0.41077153730826893,0.0402183523622804,-0.15374620382116633,0.019890054972513744,0.25501095606043134,0.38419251912505287,0.4743166878099412,1.0,0.38640679660169913,0.1687925268135163,0.1795563756583247,0.16457156037365933,0.15568369661323184,0.4073271056779303,-0.006135393841540768,0.3302502594856418,0.188974743397532,0.15377695767500865,-0.35012493753123436,0.232729788951678,-0.3370929919655557,0.22035136278014839,-0.25384230961442356,0.2786606696651674,-0.10204897551224387,-0.13757736516357205,-0.09106984969053934,0.23979548687194865,0.15762118940529735,0.14487371698766002,0.2673740053050398,-0.0011148272017837235,-0.2928151308960904,0.062191980932610615,0.07985238150155691,0.3956098873640103,-0.14350517049167724,0.1201783723522854,-0.29745896282627915,-0.16061200169146195,-0.10923000038442317,0.11375850536270327,0.01696843885749433,0.05167416291854073,-0.3347095682927767,-0.10809210779225771,-0.10909160804213278,-0.09191558067120285,-0.26504440087648484,-0.06539038173221082,-0.19226540575865914,-0.0071118287010340986,-0.2387191019874678,0.2124553108061354,-0.16666282243493638,-0.049559835466881946,-0.4472148541114058,0.013831545765578749,0.049144658440010765,-0.013055010956060431,0.024772229269980395,-0.03975704455464575,0.36830815361549996,-0.15744435474570406,-0.08294314381270904,0.15427670779994618,0.27630031138277017,0.38807519317264444,0.20018452312305385,0.4156537116057356,0.21223234536577865,0.17867220236035827,-0.020335985853227233,-0.11433514012224658,-0.06037750355591435,-0.06570560873409449,-0.2514127551608811,0.31291277438203974,0.3122054357436666,0.011601891362011302,0.12057048398877485,0.10929919655556837,0.05850151847153347,0.003928804828355053,0.15486871948641065,0.009718217814169839,0.16571714142928537,-0.14708799446430632,-0.08764079498712182,0.1419521008726406,0.07503171491177488,0.21638411563449045,-0.0470226425248914,0.11138277015338485,0.29827393995310036,0.2759081997462807,-0.03629723599738592,-0.2085418829047015,-0.2949602122015915,-0.27228693345634875,0.19488717179871604,-0.020482066658978202,-0.22825510321762196,-0.2867335562987737,-0.2111559604812978,-0.06848114404336293,-0.017844923692000154,0.009679775496866952,-0.05509552915849768,0.19600968746396033
#51,0.5708145927036482,0.18277784184830662,0.5167185637950256,0.5804866797370546,0.014315918963595126,-0.03817322108176681,0.3307961403913428,0.5335947410909929,0.38640679660169913,1.0,0.49412985814784915,0.22260408257409756,0.27507784569253835,0.19205012878176297,0.24749163879598662,-0.13297966401414676,0.6751162880098412,0.182716334140622,0.238588398108638,-0.3853996078883635,0.16364894475839004,-0.29362241955945106,0.19058932072425325,0.009725906277630416,0.6006996501749126,-0.13903817322108178,0.20402875485334257,0.22554107561603814,0.27493945335024794,0.03545150501672241,0.15006342982354975,0.09419136585553377,0.2184061815246223,-0.01987467804559259,-0.09522930842271173,-0.2597931803329105,0.2409948871717987,-0.3769346096182678,-0.07827624649213855,-0.3111290508591858,-0.022342674816437934,-0.17595817475877445,-0.053673163418290856,-0.4439626340675816,-0.11095990466305308,-0.35631415061699917,-0.0684965209702841,-0.13234152154691886,-0.1896205743282205,-0.22863952639065083,0.05136662438011763,0.08663360627378619,0.348694883327567,-0.09944258639910813,0.29130050359435666,-0.3331718756006612,-0.14514281320878022,-0.534394341290893,-0.08699496405643332,-0.04087187175642948,0.11934032983508246,0.06495982777841848,-0.1887671548840964,0.21257063775804405,0.4316457156037366,0.011009879675546843,-0.004751470418636835,-0.0741398531503479,0.16973051935570677,-0.05042863183792719,0.2523661246299927,0.15320801137892592,-0.00139161188636451,0.1016337984853727,-0.30945296582477994,-0.18789835851305117,-0.025187406296851574,-0.055272363818090954,0.3726521354707262,0.042032829738976665,0.11608042132779764,0.11614192903548226,0.1755353092684427,0.13434821051012955,0.13607811478875947,0.1404220966439857,0.1906738938223196,0.09399915426901934,-0.1442663283742744,0.04461615346173067,-0.26660515895898207,0.14993272594471996,-0.010840733479414139,0.008641832929689001,0.09911198247030331,0.4507899896205743,0.12557567370161074,0.36065044400876484,0.09053165724829892,0.1633567831468881,0.32675200861107906,-0.005812478376196517,0.23060777303655863,0.048514204436243415,-0.04361665321185561,0.22842424941375467,0.2343289893514781,0.11792565255833622,-0.026010071887133356,0.1460731172875101,0.20924153307961404
#52,0.4372198516126552,0.364540806519817,0.49180794218275475,0.4768615692153923,0.028893245684849883,-0.2490293314881021,0.27676930765386537,0.4444393188021374,0.1687925268135163,0.49412985814784915,1.0,0.190612386114635,0.42942374966362973,0.29977319032791294,0.19464882943143813,0.1327336331834083,0.31747972167762273,0.025579517933341022,0.18195517625802482,-0.12898166301464653,0.14312074731864838,-0.15942797831853303,0.08601852919693999,0.21146349901972092,0.32268481144043365,-0.10440164533118057,-0.020113020412870487,0.04969822780917234,0.3120286010840733,0.16252642909314574,-0.09141583054626533,-0.04121785261215546,0.042463383692769,0.04859108907084919,-0.09170799215776727,-0.07227924499288817,0.042655595279283434,-0.14098335447660784,-0.0763541306269942,-0.19258832122400338,-0.08185907046476762,0.04696113481720678,0.0232729788951678,-0.32097797255218546,-0.025433437127590053,-0.17994848729481414,-0.27453965325029794,-0.21197093760811903,-0.28531119055856685,-0.1903432898935148,0.08199746280705801,0.08980125321954407,0.008334294391265906,-0.017752662130473225,0.14878714488909392,-0.1700226809672087,-0.19659401068696422,-0.3216545573367163,-0.011378925921654558,-0.0010610079575596816,0.014046822742474917,0.06408334294391266,0.16050436320301387,0.09755891285126668,0.1455579902356514,-0.1224541575366163,-0.015238534578864414,0.06242263483642794,0.1337177565063622,0.07455503017721908,0.2004074885634106,0.18527659247299427,0.06814285165109753,0.26374505055164726,-0.13458655287740745,-0.11837927190251028,-0.0984353976857725,-0.025787106446776613,0.2765924729942721,0.0910160304463153,0.1532464536962288,0.09170030369430669,0.2396109637488948,0.23006958059431823,0.22504901395456117,-0.018959750893783878,0.07185637950255641,0.16654749548302772,0.033014262099719374,-0.09296890016530196,-0.3149963479798562,0.1609733594741091,0.019667089532156998,-0.028455003267596972,-0.07177180640449006,0.26833506323761197,0.1387229462191981,0.42924691500403644,0.12962749394533502,0.1854072963518241,0.15330027294045284,-0.3087225617960251,0.1251143658939761,0.19740129935032483,0.03378310844577711,0.18708338138622996,-0.014884865259677853,0.13440971821781417,-0.19248837119901588,0.04865259677853381,0.01619959251143659
#53,0.26406027755353095,-0.004951370468611848,0.030369430669280745,-0.011432745165878598,0.35309268442701724,0.19027409372236959,0.34621919809326107,0.33475569907354014,0.1795563756583247,0.22260408257409756,0.190612386114635,1.0,0.5732364586937301,0.48917848767923733,-0.16823126898089416,-0.3978318533041172,0.1673009649021643,-0.3552608311229001,-0.1849998077884135,-0.32115480721177875,-0.15785184330911467,-0.4807826855802868,0.03296044285549533,-0.12329220005381925,0.024949063929573675,-0.6015223157651943,0.07620036135778264,0.1636950755391535,0.18208588013685464,0.13020412870487832,0.19161957482797062,0.010225656402567947,-0.10049590589320724,-0.15267750740014607,0.17162188136700882,0.10569330719255757,-0.010671587283281436,-0.2529812017068389,-0.17842617152961981,-0.3199400299850075,0.11099834698035597,-0.12768231268980895,0.344327836081959,0.024995194710337138,0.2679121977472802,-0.051974012993503245,0.040233729289201554,0.016614769538307768,0.14881021027947564,0.07280974897166802,0.12220812670587783,-0.3130281013339484,-0.20199900049975011,-0.5780955676008149,-0.24244031830238727,-0.38378503056164226,0.08202821666090032,-0.01039480259870065,0.07450121093299504,0.09368392726713566,0.08065198170145696,0.2069119286510591,0.3348710260254488,0.3524314765694076,-0.12921231691846385,-0.2628993195709837,0.49255372313843077,0.3088763310652366,-0.04354745704071041,0.011294352823588205,0.15230846115403837,0.16660900319071234,0.1573751585745589,0.015646023142275017,0.07391688770999116,0.16693960711951716,0.136777764963672,0.012224656902318071,0.3861530773075001,0.04937531234382809,0.13270287932956598,0.46949602122015915,0.13396378733710068,0.5058009456810056,0.5063698919770884,0.3006419866989582,0.16149617498942836,0.3388613385614885,0.10146465228924,0.47602352669818937,0.36119632491446585,0.45291969399915427,0.22809364548494984,-0.013016568638757544,0.031161342405720216,0.17229077768807904,-0.11615730596240341,0.18808288163610504,-0.015622957751893284,-0.0720332141621497,-0.11697228308922462,0.06537500480528967,-0.09314573482489524,-0.14781071002960058,-0.07868373505554915,-0.19796255718294697,-0.0930919155806712,0.2930457847999077,0.09036251105216622,-0.1441971322031292,-0.025687156421789106
#54,0.16329527543920347,0.16135778264713796,0.21914427401683773,0.1207550071118287,0.14835659093530157,-0.0515819013570138,0.531811017568139,0.2385115134740322,0.16457156037365933,0.27507784569253835,0.42942374966362973,0.5732364586937301,1.0,0.6403413677776496,-0.11573444047207165,-0.014930996040441317,0.2613385614884865,-0.2605389612885865,-0.21692230807673085,-0.23862684042594087,-0.14589628262791682,-0.2684503901895206,-0.06291469649790489,0.0664206358359282,0.01160957982547188,-0.4116403336793142,0.01785261215546073,0.3690769999615577,0.37724983662015144,0.15579133510167992,0.34870257179102754,-0.08039057394379734,0.07650789989620574,0.021804482374197517,0.03234536577864914,-0.055087840695037096,-0.22389574443547458,-0.34558105562603314,-0.44111790258716793,-0.23304501595356167,-0.02812439933879214,-0.09112366893476338,0.23541306269941953,-0.14184446238419252,0.02401875985084381,-0.040318302387267906,0.08595702148925537,0.0836658593780033,-0.10274093722369584,0.12628301233998385,0.1184407796101949,-0.04144081805251221,-0.16375658324683812,-0.15147041863683544,-0.17833390996809287,-0.36106562103563605,-0.24027986006996502,-0.10128012916618613,-0.02194287471648791,-0.06199976934609618,0.16271864067966016,0.21953638565332717,0.26322223503632797,0.36308768692576787,0.05619497943336024,-0.3106139238073271,0.5094145235074771,0.48052127782262716,-0.17887979087379388,0.049559835466881946,-0.03958789835851305,-0.05961634567331719,0.08799446430630839,0.22784761465421136,-0.030077269057778803,-0.0822050513204936,0.30389420674278245,0.1580517433590897,0.43421366239956943,0.12246953446353746,0.30341752200822664,0.6024295544535424,0.49889670549340714,0.5192788221273978,0.3734440472071657,0.2537577365163572,0.280705800945681,0.2867335562987737,0.033229539076615536,0.3891515780571253,0.022850113404836045,0.45586437550455544,-0.139707069542152,0.05164340906469842,-0.08156690885326567,0.28913235689847383,-0.23925729442970822,0.3394302848575712,0.2559873909199247,0.13049629031638027,-0.010463998769845845,-0.22863952639065083,0.134540422096644,0.10472456079652481,0.21899050474762619,0.05763272210048822,0.16497136047360936,0.39028947064929076,0.029946565178948985,-0.1314035290047284,-0.15284665359627878
#58,0.17416676277245993,0.284380886479837,0.02161227078768308,0.0565486487525468,0.013431745665628724,0.08911697997155268,0.4892092415330796,0.2007150271018337,0.15568369661323184,0.19205012878176297,0.29977319032791294,0.48917848767923733,0.6403413677776496,1.0,-0.09949640564333218,0.08348902471841002,0.12832814362049744,-0.1905816322607927,-0.09236920001537692,0.006927305577980241,-0.1147656940760389,-0.21075616038134778,-0.10084957521239381,0.13367162572559874,-0.2557644254795679,-0.2889401453119594,-0.10498596855418445,0.110106485218929,0.3727520854957137,0.2940529735132434,0.16595548379656325,0.1695152423788106,-0.09901972090877638,0.024118709875831316,0.30704647676161917,0.2482527966785838,-0.0681197862607158,-0.04752239264982893,-0.2875715988159766,-0.11062161227078768,0.1500864952139315,0.11236689347633876,0.28869411448122095,0.05543382155076308,0.16283396763156882,-0.06720485910890708,-0.04730711567293276,-0.072063968015992,-0.11348172067812248,-0.09783569753584746,0.1747895283127667,-0.2037519701687618,-0.4595087071848691,-0.3706531349709761,-0.4568869411448122,-0.17633490946834277,-0.2627763041556145,-0.09640564333218006,-0.1584899857763426,-0.2800292161611502,-0.0631837927190251,-0.05337331334332834,0.49383769653634724,0.524353208011379,-0.06429861992080883,-0.26228424249413756,0.6525583362165072,0.5477953331026795,0.14903317571983238,0.42040518202437244,0.18138622996194212,0.22564102564102564,0.2935378464613847,0.26279168108253564,0.24669203859608657,0.16025064390881483,0.07058009456810056,-0.06385268904009533,0.48116710875331564,0.3340099181178641,0.22977741898281628,0.4385499557913351,0.28273555529927347,0.40936454849498327,0.43975704455464576,0.05544919847768424,-0.010833045015953561,0.2529350709260754,0.12214661899819321,0.28738707569292277,0.20779610194902548,0.29437588897858763,-0.10356360281397763,-0.1262291930957598,-0.2452850497828009,0.07660016145773267,-0.06605158958982048,0.17698074039903125,0.13250297927959098,-0.018613770038057895,-0.13615499942336523,-0.1508399646330681,0.05340406719717065,-0.02614846422942375,0.011509629800484374,-0.025064390881482337,-0.019828547264829122,0.1421212470687733,-0.2278322377272902,-0.3103678929765886,-0.309506785069004
#101,0.08033675469957328,0.11651866374505056,-0.07961403913427902,-0.03263752739015108,-0.2782224272479145,0.0279014338984354,0.21705301195556068,0.16715488409641333,0.4073271056779303,0.24749163879598662,0.19464882943143813,-0.16823126898089416,-0.11573444047207165,-0.09949640564333218,1.0,0.2982893168800215,0.29341483104601546,0.09817398992811287,0.36564794525814015,-0.09465267366316842,0.5941952100872641,-0.12968131318955906,0.28409641333179564,-0.04997501249375312,0.38953600123015414,0.12241571521931342,-0.389120824203283,-0.3539230384807596,0.33896897704993656,0.33121131741821397,-0.09176181140199131,0.17923346019298042,0.1307961403913428,-0.0840425940875716,0.050451697228308924,0.1519547918348518,0.7033483258370815,0.3258217045323492,0.5334794141390843,-0.0025218160150693885,-0.1539230384807596,0.1608042132779764,-0.054649598277784185,0.21229385307346327,-0.10372506054664975,-0.1898973590128013,-0.3147964479298812,-0.24502364202514126,-0.3691769499865452,-0.35241609964248644,-0.45095144735324644,-0.2556337216007381,-0.08311229000884174,0.1865990081882136,0.474593472494522,0.19427209472186985,-0.09785876292622919,-0.3492023219159651,-0.3028562641756045,-0.1733902279629416,-0.3053242609464499,-0.24374735709068543,-0.005297351324337831,0.1420520508976281,-0.1578134009918118,-0.07912197747280206,-0.3011648022142775,-0.02584861415446123,0.6587244839118902,0.25887825318110175,0.40337523545919346,0.1607273286433706,0.29103140737323646,0.08797908737938723,0.05856302617921808,-0.19681697612732096,-0.27588513435589895,-0.3220466689732057,0.3928112866643601,0.40608157459731675,0.16507131049859686,-0.036235728289701306,0.08484988275093222,-0.2657978702956214,-0.27456271864067966,-0.2612078576096567,-0.38978972052435323,-0.2068734863337562,-0.16982278091723368,-0.3972475300811133,-0.24819897743435973,-0.3396301849075462,-0.12301541536923846,-0.38188598008687963,-0.22844731480413638,0.12592165455733673,0.49436820051512703,-0.3077615038634529,-0.3321493099604044,-0.17067620036135778,-0.12711336639372622,0.025933187252527582,0.103502095106293,-0.17517395148579556,-0.18605312728251258,0.02949294583477492,-0.18326990350978356,-0.2980202206589013,-0.33151885595663705,-0.1451581901357014,-0.051704916772383036
#102,-0.11009879675546842,0.28181293968400417,-0.07192557567370161,-0.06637450505516472,-0.3592742090493215,-0.12771306654365125,0.04841425441125591,-0.08712566793526313,-0.006135393841540768,-0.13297966401414676,0.1327336331834083,-0.3978318533041172,-0.014930996040441317,0.08348902471841002,0.2982893168800215,1.0,-0.10210279475646793,0.1160266020835736,0.15591435051704916,0.39055087840695035,0.007096451774112943,0.49964248644908316,-0.25291969399915426,0.32808980125321957,-0.300718871333564,0.3582362664821435,-0.31301272440702727,-0.12074731864836813,0.2628531887902203,0.2162611002191212,0.09796640141467727,0.1298043286049283,0.2495752123938031,0.27950640064583093,0.15755199323415214,0.039664782993118826,-0.01632260792680583,0.3736055049398378,0.0964594625764041,0.43053088840195286,-0.06231499634797986,0.3460346749702072,0.02581786030061892,0.25858609156959983,-0.38104024910621614,0.15112443778110946,-0.030361742205820167,-0.03706608234344366,-0.23149194633452505,-0.13498635297735748,-0.2025525698689117,0.09406066197670396,-0.21716833890746934,0.5347172567562373,-0.10604697651174413,0.4875715988159766,-0.6438319301887517,-0.010402491062161227,-0.4890785376542498,-0.4535347710760005,-0.35458424633836927,-0.3155806712028601,0.2543958789835851,0.09603659708607235,0.11604197901049475,-0.09353784646138469,-0.05301964402414178,0.13061161726828893,0.2924076423326798,0.36999192711336637,0.16171145196632453,0.06555183946488294,0.2403874985584131,0.16429477568907855,0.15599892361511553,-0.19028947064929075,-0.19149655941260138,-0.08961673009649021,0.053527082612539884,0.4078268558028678,0.01397762657132972,0.04629223849613655,0.23694306692807443,-0.1785568754084496,-0.16147310959904662,-0.3838696036597086,-0.41257063775804403,-0.010879175796717025,-0.033883058470764615,-0.3769730519355707,-0.14053742359589436,-0.36550955291584974,-0.3857532772075501,-0.3601968246645908,-0.4950678506900396,-0.006942682504901395,0.2816130396340291,0.0017222158151693383,0.06610540883404452,0.1232383808095952,-0.02178910544727636,-0.11120593549379157,0.19430284857571214,0.17685003652020143,0.1892822819359551,0.29644408564948294,0.24516972283089225,-0.3918271633414062,-0.3328335832083958,-0.41313958405412676,-0.5339407219467189
#201,0.47354784146388346,0.06785837850305616,0.44959058932072427,0.3349094683427517,0.12652904317072233,0.14315918963595126,0.3497097605043632,0.32376119632491446,0.3302502594856418,0.6751162880098412,0.31747972167762273,0.1673009649021643,0.2613385614884865,0.12832814362049744,0.29341483104601546,-0.10210279475646793,1.0,0.24896782378041749,0.02463383692769,-0.5577595817475878,0.08743320647368623,-0.3645177411294353,0.09696690116480221,-0.03906508284319379,0.5418675277745743,-0.15280052281551532,0.14009918117864145,0.20752700572790528,0.285072848191289,0.08501902894706492,0.38926690500903394,0.23830392496059663,0.32802060508207437,0.016953061930573176,-0.07440126090800754,-0.21094837196786223,0.3207626955752893,-0.29067004959058934,-0.13883058470764617,-0.22039749356091184,-0.07222542574866413,-0.21240149156191135,-0.12760542805520317,-0.2289855072463768,-0.19749356091185177,-0.31747972167762273,0.11376619382616385,0.12825125898589168,-0.0750932226194595,-0.22388036750855342,0.036912313074232116,-0.016545573367162572,0.32634452004766845,0.014508130550109561,0.31021412370737705,-0.29222311920962596,-0.16683196863106908,-0.5578518433091146,-0.11295121669934263,-0.04942144312459155,0.1875446891938646,0.1306961903663553,-0.26007765348095185,0.22511821012570638,0.22741706070041903,-0.0221504632299235,-0.15038634528889402,0.02250413254911006,0.09605197401299351,-0.06476761619190405,0.20277553530926845,0.09392995809787413,0.10913773882289625,0.10104947526236882,-0.2380732710567793,-0.19576365663322184,0.05165878599161958,-0.07845308115173183,0.4868565717141429,0.1573290277937954,0.1897282128166686,0.10550878406950372,0.11415061699919271,0.031099834698035598,-0.045800176834659596,0.14618844423941876,0.20568177449736672,0.11455810556260332,-0.24980586629762042,0.00026909622112020914,-0.19012032445315805,0.0029062391880982585,-0.11337408218967439,-0.040425940875715986,-0.059393380232960445,0.5461269365317342,0.09616730096490217,0.3497405143582055,0.13622419559451043,0.24357052243109215,0.31369699765501863,0.28396570945296584,0.24765309652865874,-0.02588705647176412,0.07030330988351978,0.3131049859685542,0.3110367892976589,0.03492868950140315,3.844231730288702e-05,0.12160842655595279,0.1785645638719102
