,#10,#11,#12,#13,#17,#18,#26,#49,#50,#51,#52,#53,#54,#58,#101,#102,#201,#202,#301,#302,#401,#402,#501,#502,#601,#602,#701,#702,#801,#802,#901,#902,#1001,#1002,#1101,#1102,#1201,#1202,#1301,#1302,#1401,#1402,#1501,#1502,#1601,#1602,#1701,#1702,#1801,#1802,#1901,#1902,#2001,#2002,#2101,#2102,#2201,#2202,#2301,#2302,#2401,#2402,#2501,#2502,#2601,#2602,#2701,#2702,#2801,#2802,#2901,#2902,#3001,#3002,#3101,#3102,#3201,#3202,#3301,#3302,#3401,#3402,#3455,#3501,#3502,#3601,#3602,#3701,#3702,#3801,#3802,#3901,#3902,#4001,#4002,#4101,#4102,#4201,#4202,#4301,#4302,#4401,#4402,#4501,#4502,#4601,#4602,#4701,#4702,#4801,#4802
#10,1.0,0.3602724450182077,0.6109672075773771,0.5485098349505129,0.213150284336725,0.3635507618558466,0.08478416783501529,0.5022224073071531,0.09964047252182845,0.5103846527575341,0.288772748094782,0.019634734888972178,0.20343934072747633,0.08117408625883202,-0.2140581259225327,-0.028147716283309504,0.5136370577048543,0.5045988978192368,-0.22550377804615093,-0.12261737854958193,-0.12444925665264649,-0.10119102153000457,-0.008633749311715413,0.043905384583350686,0.021372219677304422,0.08790238620747096,0.2380886279191364,0.3425056797938154,0.08674051555407487,0.09945677572796217,0.1601169736762957,0.11626109931194677,0.2361489378438531,0.1562491613339071,-0.2617832007662516,-0.14319465844889573,0.05128333263926484,0.11458978238639256,0.04204759458996747,0.09277011988876396,-0.10640393860732844,-0.1051074186667407,0.011409097849775816,-0.028379997871523295,0.05413364057431854,-0.06731215036299783,0.39339431881804765,0.45535196213162316,0.20521014080336114,-0.052350809977928625,0.252282328553515,0.19619928094504366,0.20785037734190276,0.30964246218483504,-0.05090113225706446,0.10268234336030946,-0.2818954547768107,-0.30691986285206624,-0.07735763498475363,-0.26147827334268015,0.08096494028697418,0.21838263533178787,-0.17848942933688697,-0.09466168788202686,0.4594215170486357,0.21830027253756068,0.03158474344915023,0.013264111569196315,-0.025846647880546185,-0.0015459218849049358,0.3041556194098567,0.23819967887764498,-0.0373621695655594,0.10572097521250064,-0.1854990583804143,-0.21636243331158586,-0.24469662266272435,-0.09186505457691899,-0.145510996358454,0.12441131424182271,-0.09651392532748465,-0.03202339473525914,0.005251322200474743,-0.16963033912186454,-0.1814521763674306,0.08192506836574633,0.04707542673644369,-0.05680117714016019,0.019699977327095972,-0.15906013872115568,0.1577455729998103,-0.022117649236293304,-0.24213365908281162,0.023463216683555665,-0.037854958193941246,0.3034828356862255,0.01913037845241235,0.4539055233970488,0.352771878195607,0.31351119995187793,0.3352313792991759,0.41105697376883815,0.2704613704613705,0.3750639699792242,0.15808844283420553,0.350297292670174,0.07487610877441386,0.0012747724612131393,-0.020996497267683708,-0.05912538115927946,-0.05740131502843367
#11,0.3602724450182077,1.0,0.3572324250290352,0.5476806544603154,0.03098414284854963,0.030163753892567452,0.5116274980681761,0.21233267165470554,0.5532105294817159,0.6844815539730794,0.5342490410287021,-0.10016703915009,0.11996696233984369,0.21876483571398825,-0.19111407247000467,0.026744309795157253,0.31019725426505085,0.23885950665611683,-0.236843931759186,-0.09870348005941226,0.0312788906009245,-0.012423363270820898,0.17177177177177178,0.07320109015024269,0.2400792163504028,0.10660151677100829,0.24480027022399903,0.3643133117709389,-0.1397914092829347,-0.06341888884261766,-0.06678974814568035,0.14337372811949084,0.1809654029993013,0.2811060675467455,-0.24275415631347835,-0.17522268030742608,0.364539115386573,0.09167626794745438,0.30822795060083197,-0.11134987067190456,-0.19046257351342097,-0.26508742949420916,-0.14589782386392555,-0.04384199299453537,-0.07725352471115184,-0.15404711336914725,0.050375028341130036,0.10975490128032502,0.004184770286465201,-0.047025916517441944,-0.018669054262274602,0.030427962631352463,0.002428314292721072,-0.03573897472202557,-0.10182447470583064,-0.20061309383343282,-0.03126038210783973,-0.19871088345664617,-0.09610673847961984,-0.34963746489170217,0.13544283883266933,0.24483404822387872,-0.2602358907443653,-0.013513050801186394,0.44441992069110714,0.04441066644456475,0.15378059106872666,0.3124178107228955,0.05785338497202904,0.10458362831244188,0.19003132562454597,0.378637034569238,-0.089930454337234,0.01790419078554672,-0.27783839309263036,-0.09758510436476538,-0.150662372696271,0.18808885927529995,-0.06302003081664098,-0.015482354465405314,-0.2524428897310253,-0.10850835427106613,0.07507044795180388,-0.3151131100283643,-0.3489674574420337,0.20067509728526678,0.03170366051721984,-0.14963144963144964,-0.04499090770277211,-0.2667518057348566,0.049469963029285066,-0.23851895038335716,-0.24253436795809677,0.1148549165498318,-0.05851737716144496,0.1316078790655062,-0.007141039344429175,0.09149812370151353,0.09677720864161542,-0.0014307065154522782,-0.010848753221634578,0.029447475210187073,-0.005779739678044763,0.03826769758973149,-0.07985026629094426,0.0625022557225947,0.06151529032884965,0.1137092408278849,0.142760634286058,0.006219316388807915,-0.08179180721553603
#12,0.6109672075773771,0.3572324250290352,1.0,0.5855934516951466,0.1976313755974773,0.23021465224855056,0.10316865401611164,0.30947079591147386,0.05471850895579709,0.44701157243530126,0.2770980533692398,-0.13120578205323968,0.13964195320127523,0.1379535159196176,-0.20170602035008814,0.02821573499539601,0.6682671886061716,0.7762494389613034,-0.2217298963061675,-0.09432760958184687,-0.05088169833932546,-0.12374917290171528,-0.10954529259614006,0.05155216850132104,-0.0062197791011350334,-0.11011581689547792,0.265591785930769,0.3831031339505916,0.21376152732084935,0.04468875655316333,0.2586219501473739,0.0641268387031099,0.2456012252622422,0.07459107798090849,-0.28767519445485545,-0.29445531818413173,0.05074057107955413,-0.07320941897213083,0.06126773923384093,0.09680589680589681,-0.2597810445268072,-0.2462092292600767,-0.056761383880027945,-0.09156244071498308,-0.016490604626197846,-0.017453971691259826,0.45645645645645644,0.44361156225563003,0.3259877751403175,0.09580134834372123,0.34269955625887827,0.2833312511278613,0.3239509154763392,0.5400051823780637,0.06509251932980746,0.3606911996742505,-0.2610609068236187,-0.31161084042439974,-0.10277210955177057,-0.22852714039154717,0.04596954427462902,0.16604431858669147,-0.3408237204847374,0.03799145833044138,0.5040417921773854,0.3815192696548629,-0.11085199220792441,0.08356260729142086,0.02979080775690945,-0.033636872619923465,0.4858905130091571,0.392952891257976,-0.09193353600133261,0.12250586487874623,-0.22102842441825493,-0.09113258096308943,-0.3169366593095407,-0.11020465766228478,-0.17977993401722214,0.137904468412943,-0.1882693170828764,-0.06510501256263967,0.030872629177713922,-0.21921551752060225,-0.2721424043457942,0.017953238292221344,-0.04086073747090696,-0.10796929440997238,-0.09735004650258887,-0.3115034911645081,0.08846874609586473,-0.14798141747294288,-0.26572689793028775,0.11478782326239953,-0.04803324125358024,0.5343869293021836,0.13183692166743013,0.6317124520514351,0.5372474169084338,0.4519177112397451,0.53648671784265,0.4962506420133539,0.3016074626244118,0.4345201904523938,0.3502579621223689,0.4996321436999403,0.3057931583355312,-0.062060365450195956,0.02995275707140114,-0.024371520981690473,-0.07767089123021327
#13,0.5485098349505129,0.5476806544603154,0.5855934516951466,1.0,0.09994169824678299,0.2744073811870422,0.33302192793718216,0.2325865156373631,0.3435592757626656,0.7134774219519983,0.4630903630903631,0.020301966064677927,0.21745906152685815,0.3236233151487389,-0.1571380317143029,-0.003270913440404966,0.5769199091232989,0.3796068796068796,-0.3082584896144218,-0.18730178560687036,-0.07207022122276359,-0.15675721946908389,-0.12523124048547776,-0.10634609956643855,0.03274430054091071,-0.167239041815313,0.2544094171212815,0.31025972042921196,-0.04648500580703971,0.011619631958615009,0.06491622593317509,0.11161130313672686,0.3048048048048048,0.13540443370951846,-0.32403744268151047,-0.16411110648398783,0.1358750121461986,0.021770614990953972,0.16334670571958707,-0.10145939467973367,-0.2757682181410995,-0.25553843519945213,-0.044522180115400455,-0.10001480679446781,0.0873369517437314,-0.15854837888736195,0.4309489767116886,0.4008962737776297,0.18913736540855186,-0.07474099677489508,0.12848503356977933,0.06598740497045581,0.11900729697339867,0.19238468052027374,-0.03261659193862584,-0.07763248610706237,-0.13829823660332136,-0.2847938847938848,0.07812805100940694,-0.3299643248795791,0.11447919414021109,0.24599730701425618,-0.3030464979617522,-0.040506762540660844,0.46342027697959903,0.07793509996899828,0.08577622306435866,0.062258869038530056,-0.027537398723839403,-0.029325781868154748,0.2848369170403069,0.2992198670164772,-0.10275915360661124,-0.030534849178916974,-0.22929431742991066,-0.1927978826283911,-0.26106507123456274,0.03479550428702971,-0.2744411591869219,-0.07679682764428528,0.0030478860987335566,-0.058834797817848665,0.005671927705826011,-0.16548166039691464,-0.31423441931916507,0.16124414090515785,-0.12396109514753582,-0.1896833659545524,0.0019605121300036556,-0.24904565582531685,0.029209641074047853,-0.01593072271038373,-0.29611182831521815,0.24482294312802788,0.02421790048908693,0.18184779540711743,-0.1369457284711522,0.38213328891294995,0.3786698871444634,0.28873341754697684,0.3227478634258295,0.3707459385425487,0.17719938736887889,0.26085453712572354,0.20702674939963076,0.2651434176857906,0.228549813295576,0.022102379729498373,0.07798784917428986,0.020730900391917342,-0.06565240124562158
#17,0.213150284336725,0.03098414284854963,0.1976313755974773,0.09994169824678299,1.0,0.29441367407469105,0.01753494634850567,0.2889374736832364,0.19348732399579857,0.10493899137966935,0.11918266494537681,0.5143204838120092,0.28901474664186527,0.11252839896907693,-0.1628099594201289,-0.01960280773840096,0.01999657592877932,0.16314311229565467,0.045963066302049355,0.002302456539744675,-0.2356408797086763,0.020053489545014968,0.038786398108432006,0.04856258415580449,0.0336303946473438,0.1372312219769847,-0.05504379572176182,-0.060085046525724495,0.09561441256356511,0.24885177936025393,0.23331204856628585,0.3681496596750834,0.121071456664677,0.19906485838689228,0.20398904297209383,0.12177663025120652,0.16097345419379316,0.3850502274231088,0.046396627752559955,0.07103698459630663,-0.19149627285220505,0.16422262015482356,0.16588838453245233,0.30512638987215257,0.125861454675014,0.22728614593021373,0.08251132488420625,-0.05563329122651157,-0.028582665870801462,-0.18908369077860604,0.017947685744295915,0.04917567798923731,-0.09972699972699972,0.03308670766297885,-0.2542692152861644,0.008054433478162292,-0.35462319021641053,-0.1420337132201539,0.1591531438989066,-0.0040450311636752315,0.00940231448706025,0.1287140761717033,0.3156595732866919,-0.19417260095226196,-0.005209678091034023,-0.007560719425126205,0.28241924513110955,-0.021843260826311675,0.06183826353317879,0.06607717116191693,0.139357385120097,-0.000273000273000273,0.04469245825178029,0.18325166460759681,0.00027161213601891565,0.03957717347547856,-0.13077222060272908,-0.10239361086818714,0.08507428846411898,0.36606837962770167,0.12022423039372192,0.06655145129721401,0.11276391954358056,0.011826001656510132,0.3549558803796092,0.09529282749621733,0.2703655890096568,0.022649768412480276,-0.19289644035406747,0.1400889333092723,0.36910469791825723,0.16619932721627637,0.18136935086087627,0.012963811268896015,0.2313464466006839,-0.11162009467094212,0.16888167057658582,0.14366940129651995,0.09264333671113333,0.04594270695965611,-0.01261446346192109,0.2920487513707853,0.2931046609012711,0.15203662830781475,0.16185168219066523,0.09320275591462032,-0.04383042518635739,-0.042665778258998595,-0.03233988996700861,-0.032732732732732736,0.07643267304284253
#18,0.3635507618558466,0.030163753892567452,0.23021465224855056,0.2744073811870422,0.29441367407469105,1.0,-0.09115617929177251,0.22341833358782512,0.060683796277016616,0.11960234502607384,0.08011956486532758,0.33889883720392194,0.49772669433686384,-0.14137897527728036,-0.046905611312390974,-0.01446855175668735,0.12629038900225342,0.23014385726250133,-0.06568294025921144,-0.02841331315907587,-0.18677614440326304,-0.013529245732635564,-0.1318290555578691,-0.0852931513948463,-0.17326772072534785,-0.0603515688261451,-0.009904357361984481,0.05264740857961197,0.1167996964607134,0.10906268363895483,0.1871356718814346,0.12710291184867456,0.21077980908489383,0.11232850724376148,0.06933744221879815,0.0554500571449724,0.11520889148007792,0.2204370780641967,0.015786356464322564,-0.0002373714238121018,-0.10268743319590777,0.05293984277035124,0.1392458714492613,0.019730053628358713,0.22389955440802897,0.006740793181471147,0.3375953765784274,0.21815220459288256,0.1303030303030303,-0.1440367948842525,0.09547930056404633,-0.0076907415890466735,0.03712155915545746,0.13765321561931732,-0.1767903496717056,-0.035264231874401364,-0.11425061425061425,-0.0842053147137893,-0.006861098386522115,-0.18735823651077887,0.030626003507359438,-0.007420054877681996,0.05541257744647575,-0.1311113887385074,0.12200058301753217,0.030345137124798142,0.15146749214545824,-0.0073238107136412225,-0.05550697076120805,0.06776422030659318,0.17240013511199953,0.08094319280759958,0.08690385300554793,0.07630727800219325,0.07386369420267726,-0.0055113665283156804,-0.12249707334453097,-0.1320562473104846,-0.22963256014103473,0.02514517599263362,0.02793162962654488,0.25849979409301443,-0.09206124460361749,-0.06339390237695322,0.06881411457682644,0.23847961983555205,-0.0440849169662729,0.11707686114465775,0.03013460301595895,0.048211848211848214,0.12881772373297798,-0.04103379188124951,-0.07905578922528075,-0.00870824599638159,-0.0618942517247602,0.025497762785898378,-0.07365593636780078,0.27381233313436704,0.2556587404045031,0.21249045655825316,0.1793667319091048,0.29091279260770786,0.12195893890809145,0.3387938015056659,0.35129767672140555,0.1292832123340598,0.16129041213786977,-0.026577270645067257,-0.05856226025717551,-0.10848475594238306,-0.1519315926095587
#26,0.08478416783501529,0.5116274980681761,0.10316865401611164,0.33302192793718216,0.01753494634850567,-0.09115617929177251,1.0,-0.0056136259526090035,0.3870542345118616,0.5417556231115553,0.3163416112568655,0.06407686577178102,0.03319544505985184,0.33864388271167933,-0.03967434306417357,0.02776088877783793,0.1966485746146763,0.0947741269775168,-0.28185566151667846,-0.2267114572199318,0.0641319285387082,-0.04537449622195385,0.02617100922185668,0.036245644720220994,0.15630792579945121,-0.016231023010684027,0.005412808802639311,0.06605172198392538,-0.08246644178847569,0.07296279330177635,0.018257240291138597,0.1453559877288691,0.20253612626493983,0.3337877168385643,-0.20847365084653222,-0.0972149345030701,0.18518395128564621,0.06237547254496407,0.2831517187449391,-0.06639274096901215,-0.13423192067259865,-0.1906300753758381,-0.36301771725500537,0.005466483432585128,-0.1115904810820065,-0.06830744457863101,-0.013772632416700212,-0.05463707158622413,-0.19056899734865837,-0.22555004927886285,-0.04656783131359402,-0.06226812328507244,-0.15937339496661532,-0.15993882943035487,-0.1163101468186214,-0.3763401305774187,0.0639116774709995,-0.19353961048876303,-0.05323782950901595,-0.2204056136259526,0.16983439525812408,0.26489123946751064,-0.11547448835584428,0.1229917128222213,0.12970890767500937,-0.1510834409139494,0.14305168033981594,0.29958031991930295,0.019694424779170543,0.010388817168478186,0.11693619659721355,0.2221713238662391,-0.12493788087008426,-0.14073395429327631,-0.33251386980200537,-0.1304214846587728,-0.054373788272093354,0.2216183826353318,-0.08115511505342014,0.006075875567400991,-0.0973019244205685,-0.13467797535594145,0.02165771318313691,-0.12045743740658994,-0.13671252145828416,0.1468533248194265,0.10953881462356038,-0.0373089576479407,0.005769097294521023,-0.15378336734268938,0.06584211329974042,-0.2011410485986757,-0.1880009439331473,0.08687794111522926,0.02078272417255468,0.06395933684069277,-0.07994558503033079,-0.02091737345974634,0.06692809913148896,0.01324051324051324,-0.07641416454975777,0.03887477616291175,0.16893812148049436,-0.08365005992124636,-0.0038733648903140428,0.0660693050523559,0.18606634369346234,0.0629066662964968,0.0849391764646002,0.1268474946441048,0.07236450626281135
#49,0.5022224073071531,0.21233267165470554,0.30947079591147386,0.2325865156373631,0.2889374736832364,0.22341833358782512,-0.0056136259526090035,1.0,0.3851432326008597,0.20490243710582692,0.322318466386263,0.05757529486343046,0.14758070859765776,0.11688067111795926,-0.13073566632888667,-0.13296593974560075,0.2528056561954867,0.34498026531924836,-0.08710698371715321,-0.2445138512935123,-0.1292346275397123,-0.26864291101579235,0.010648398783992005,-0.056919631495902685,0.11818598259276225,-0.023024102685119636,0.14550266753656585,0.11537454249318656,0.19204134797355135,-0.08425991476838934,0.08862838184872084,0.1469981537778148,0.19500733399038483,0.03225104920020174,-0.31597699394309564,0.004059375245815924,0.18585534687229602,0.04802630056867345,0.0952437799895427,-0.10940046363775177,-0.14124108700379887,-0.1294525650457854,-0.15635697330612586,0.0037674037674037676,0.020687405433168146,-0.2004381885737818,0.25626766982699184,0.18479758649250175,0.07991458330441381,-0.15511042629686697,0.13248425621306978,0.02753832414849364,0.12668600804194025,0.3324509409255172,-0.1430026328331413,0.10084953983259068,-0.26154814290407513,-0.3793889421008065,-0.030835149479217276,-0.3481336498285651,-0.048443204375407764,0.10738720230245653,-0.1261858160163245,-0.2404382811162472,0.343801737022076,0.1178699500733399,0.17733449936839768,0.09641768116344387,0.059088826885437054,-0.05001503815063137,0.3777782404901049,0.057445735411837104,0.22872934567849823,0.02778263625721253,-0.002703628127356941,-0.15381483178093347,-0.11658314709162167,-0.14302576844949727,-0.15942799502121535,0.018289630154036934,0.05006917549290431,-0.19273171476561307,-0.02211394753767635,-0.1893950961747572,-0.23380900160561177,0.16698084833678054,-0.0027573027573027575,-0.050355594423391034,-0.021655862333828435,-0.22439928372131762,0.1064492844153861,-0.10727846490558356,-0.2706728299948639,0.015464308684647668,-0.054048964218455745,0.24710457761305218,-0.1743273319544506,0.338285280658162,0.13775963945455472,0.19500825941503908,0.1774080706284096,0.3181489656065927,0.02798391611950934,0.36539744675337893,0.17991041889346973,0.2905204125543109,0.07254357593340645,-0.020399598365700062,0.0018911052809357895,-0.08578640273555528,-0.1863120439391626
#50,0.09964047252182845,0.5532105294817159,0.05471850895579709,0.3435592757626656,0.19348732399579857,0.060683796277016616,0.3870542345118616,0.3851432326008597,1.0,0.39929436370114335,0.5561802171971664,0.09824308129392875,0.2837823956468024,0.28966532017379476,-0.10877348843450538,-0.22524049473202015,0.12619044313959568,0.08795235913879981,-0.10716787665940208,-0.3006653803263973,0.055306616323565476,-0.18228181956995515,0.3161287635863907,0.01597097868284309,0.4229186042745365,0.08923314686026551,0.23239356459695443,0.13273782256833105,0.04580898309711869,-0.08195421924235484,0.026509714645307866,0.3433635484482942,0.2364931958152297,0.3574813642610253,-0.14483682449784144,0.011991652669618772,0.4847133728489661,0.2368078401976707,0.4387285590675421,-0.17993401722215283,-0.30971973514346396,-0.2609901118375695,-0.10627761814202492,-0.05679284831827205,0.010601664838952975,-0.1570242044818316,0.05946408658273065,-0.024680612816206038,-0.13923569177806466,-0.28101028609503187,-0.11062757672927165,-0.20395156327359718,-0.058064381793195355,-0.11810223166155369,-0.16445258818140174,-0.3214106248004553,-0.04167742472827218,-0.3503232045604927,-0.06347857873281602,-0.43708685573092354,0.1909548994294757,0.2838032177015228,-0.1251081590064641,-0.23705909299129638,0.24473040066260404,-0.20210811736235465,0.42156146901909614,0.27480994091163585,0.14664417884756867,-0.012643614338529592,0.22419106317411402,0.17332555976623773,0.09564541428948209,-0.15826334809385656,-0.13290995155401936,-0.03981639574859914,-0.013876742690302013,0.30663113035994394,-0.08936363173651309,-0.03709194556652184,-0.21414974296330228,-0.2089215563791835,0.14274490206693596,-0.20548730548730548,-0.22251558183761574,0.32796725847573305,0.19929158742718064,-0.13733949666153056,-0.12347432177940652,-0.20863467473636965,0.159908290416765,-0.16905333684994703,-0.26622014927099674,0.0999370711235118,0.0014598573920607818,0.02903473581439683,-0.21866442713900341,0.04560261339922357,-0.08401745350897893,0.006493704798789544,-0.15745498965837948,0.07942595908697604,0.07052013492691458,0.0036248883706510825,0.031722169010304606,0.01745906152685814,0.08011910215300046,0.20195033245880703,0.19330455262658652,0.06600822702517618,-0.039138059477042526
#51,0.5103846527575341,0.6844815539730794,0.44701157243530126,0.7134774219519983,0.10493899137966935,0.11960234502607384,0.5417556231115553,0.20490243710582692,0.39929436370114335,1.0,0.5121623935183257,-0.03836024005515531,0.1548883243798498,0.287708509742408,-0.2144481924142941,-0.09289875391570307,0.5191164970825988,0.341800968919613,-0.32427666495463103,-0.24985262612381257,0.10226034971797683,-0.10325656935826427,0.08328220362118667,0.022008449127093196,0.20030724098520708,-0.0014450505975929706,0.26913847591813694,0.3124886057089447,-0.09534696483849026,0.022641439590592134,0.1283850877071216,0.11087651596126172,0.22556809505962047,0.26245968618849974,-0.2993387840845468,-0.18032084472762439,0.22373344068259324,0.013891549484769825,0.3107599124548277,-0.05241142529278123,-0.2810361979853505,-0.3019563477190596,-0.22236566304362915,-0.04798465645923273,0.035175391107594496,-0.09132229301720828,0.22924619534789026,0.2675518353484455,0.040128726569404534,-0.12782196680501764,0.12432710059828704,0.0456058523855134,0.09578839239856189,0.05781914425982223,-0.028368892775672436,-0.18324472392269003,-0.06488429878260386,-0.3514027124196616,-0.02743004946394777,-0.35436407131322384,0.08033842779605492,0.33739224586682215,-0.3134788100889796,0.037453786606328976,0.43555435250350505,0.031840623366047094,0.07202533812703305,0.18977128129670504,-0.028529453953182765,0.06747641323912511,0.19722927858521078,0.3227136227136227,-0.20633314362127922,-0.029795434880180643,-0.41541294761633746,-0.23228575262473566,-0.2671737993771892,0.09035013441793102,-0.16268502709180677,-0.018158682565462228,-0.08092560973916905,-0.12652405872744857,0.013972524142015667,-0.12683083700032852,-0.3022982921288006,0.11623981454489929,0.010936205851460089,-0.15286210709939524,-0.0362289870764447,-0.16253649643480153,0.005125927159825465,-0.169985702189092,-0.2908308925258078,0.07536473299185163,0.010924638043282111,0.19090538921047395,-0.12258174970039377,0.286888583498753,0.23688141145768266,0.15200053674629946,0.1975147720910433,0.28655728147253573,0.21164415571195233,0.12821712313237738,0.044818316004756685,0.2026444009494857,0.16112707468639673,0.025138235307726832,0.11219154439493423,0.0032736897143676807,0.028437374200086064
#52,0.288772748094782,0.5342490410287021,0.2770980533692398,0.4630903630903631,0.11918266494537681,0.08011956486532758,0.3163416112568655,0.322318466386263,0.5561802171971664,0.5121623935183257,1.0,-0.03731404748353901,0.15880472151658592,0.3955649023445634,-0.2061975689094333,-0.028919520444944172,0.20173517122669665,0.21612459917544663,-0.07155475969035291,-0.09710064455827168,-0.015577673204791849,0.022761282083315983,0.1679442154018425,0.1247597366241434,0.260681482715381,0.21661970136546407,0.29813665745869133,0.3574795134117168,-0.08260386734963006,-0.03198822859839809,-0.10732242257665986,0.02638755859094842,0.1544672561621714,0.11993364705229112,-0.20862819676379,-0.0237667559701458,0.256726680455494,0.1541396558345711,0.3659943456553626,-0.024628789035568695,-0.27129887977345607,-0.23979742454318725,-0.15095480688701027,-0.10196560196560196,0.03122614139563292,-0.10030492742357149,0.1007287719152126,0.15027693332778078,-0.09580875174095513,0.004653035161509738,-0.028509094610789525,-0.015678544492103815,0.03508655034078763,0.013053114748030002,-0.0411860242368717,-0.15200932828051472,-0.15750681343901682,-0.2028498452227266,-0.08677383084162746,-0.35467316314773945,0.09549873448178534,0.28436171148035555,-0.1944085842390927,-0.07898499423923153,0.372106775496606,0.044805822771924464,0.21802680955223327,0.23490239083459422,0.08225220598101954,0.016982930542252576,0.09104188934697409,0.26162865484899384,-0.21588815317628876,-0.2250281097738725,-0.3155591647117071,-0.07623278131752707,-0.2178000805119449,0.13479365343772123,-0.11628007051735866,0.061099774659096696,-0.1445596598138971,-0.10726412082344286,0.2683675971811565,-0.2091783617207346,-0.30396822091737347,0.12203991356533729,0.07547578395036023,-0.18811106946700168,-0.06573476403984879,-0.21271255847527035,0.06230560298356908,-0.13707066079947436,-0.24440603932129357,-0.011970367902571293,-0.006833798359222088,0.1620251993133349,0.06047465030515878,0.06330274804851076,0.029711221236644967,-0.010690968318086962,-0.011435472452421606,0.14267456979321386,-0.04738313043397789,0.12403235284591217,-0.03852589106826395,-0.042558428999106966,-0.05868210274989936,0.17675472082251742,0.14785463429531226,-0.09106409953867581,-0.04663908901197037
#53,0.019634734888972178,-0.10016703915009,-0.13120578205323968,0.020301966064677927,0.5143204838120092,0.33889883720392194,0.06407686577178102,0.05757529486343046,0.09824308129392875,-0.03836024005515531,-0.03731404748353901,1.0,0.30554283096655976,0.1627877492284272,0.03705539129267943,-0.0026203399084755016,-0.07850701240531749,-0.10682223055104412,-0.046513231258993974,-0.0926983994780605,-0.17906967059509432,-0.05714959952248088,-0.023505786217650624,-0.046328609040473444,-0.014236270168473559,-0.005585863212981857,-0.1717171717171717,-0.2760028132909489,0.10148576928237946,0.20390020220528696,0.15094000009254246,0.32694466423279983,0.2849317730673663,0.2405396151158863,0.19301998454540828,0.08336595455239523,0.21638695706492317,0.3085601780517035,0.011161084042439975,-0.04335336877709759,-0.1230185501371942,0.24621293095869368,0.3263338839610026,0.37382806535348906,0.25284035962002066,0.1396845227353702,0.03896500506669998,-0.13198730317374385,-0.0701235904625735,-0.2132419013774946,-0.010789063331436213,-0.006012946690912793,-0.10805906060143348,-0.018786120481035735,-0.15552362840498435,-0.15656750741496503,-0.11404563268970049,-0.05561432002109968,0.0502264976841248,-0.025510256018730595,0.056839582263311074,0.017185598541530744,0.27092824719943365,-0.20833622528537782,-0.1935099968998274,-0.22248920723496995,0.2691421776167539,0.0931731423256847,-0.10646964375777936,-0.06030714844274166,-0.14459667680006663,-0.20282023163379095,0.11415899720984467,0.04451246315653095,0.13439155642545472,-0.05936830513101699,0.0493061628654849,-0.14129429892141757,0.013346011651096397,0.13363085735967092,0.19720845653049043,0.07127759500640857,0.2467390348746281,0.36215059435398417,0.38803796091931686,0.24443519019790205,0.1089266462147818,0.06057274531850803,-0.20229551585483788,0.3424547814378323,0.3610882068509187,0.3415080720165466,0.17874253297982112,0.0010563722428129207,0.08215040926905334,-0.26168464304057526,-0.13574313913296965,-0.04136231763350407,0.0413290023459515,0.028463286090404733,-0.0902307546375343,0.28143135431271027,0.20432589754623653,-0.012709782201307624,0.08424510797392153,0.0814230254908221,0.029386397183007354,0.04163115349556028,0.05341875002891952,-0.0654589874928858,-0.08074052480832142
#54,0.20343934072747633,0.11996696233984369,0.13964195320127523,0.21745906152685815,0.28901474664186527,0.49772669433686384,0.03319544505985184,0.14758070859765776,0.2837823956468024,0.1548883243798498,0.15880472151658592,0.30554283096655976,1.0,-0.017504870047242927,-0.2048557031607879,-0.2538930301642166,0.13933563764072238,0.14358426222833,-0.19191965463151903,-0.15996474132067354,-0.032649444513851295,-0.03637936858275841,0.14758579843325606,0.08641707963741863,0.03689020299189791,0.020391732256139036,0.09436323843103504,0.21880833067273744,0.11556055284868844,0.06704701619955858,0.28487393402647637,0.19787707584317754,0.22502672163689114,0.1747928205555324,0.14921454582471533,0.03582411379021549,0.29973162685027094,0.20256157544293138,0.28533525821661415,0.04441251729387322,-0.11966157220394509,-0.12692846930135065,0.23103411577987848,0.03621649384361249,0.25868950614713326,0.11052624272963256,0.14325527376374833,0.10290259442801816,-0.08990685600855092,-0.09392782613121596,-0.0847915712322492,-0.052264282772757346,-0.002332995553334536,0.10080280588755165,-0.02739256976545112,-0.018837944261673074,-0.04505707556555014,-0.09557369387877862,-0.2325143325143325,-0.2450390297847925,-0.03564550683194751,0.05777611201340015,-0.006949939153328984,-0.20892757163943604,0.07085791492571153,0.01915073779480559,0.28459167950693376,-0.08048279404211607,-0.1633110768703989,-0.11195000856017805,0.027320386642420542,-0.0047830573254302065,-0.10324222527612358,-0.1189161426449562,-0.08989297463873736,-0.038670257314325114,-0.09257901969766376,-0.009286636405280473,0.039388849558341085,0.035444226969650695,0.051938996006792616,0.1981667337599541,0.10854907295585262,0.007028600248939232,0.13218117963880677,0.14297764636747687,-0.021060814281153264,0.06514804480906176,-0.06695401102180763,0.18008995127639196,0.28041014820675836,-0.0731455646709884,-0.12357241679275578,-0.3075352702471347,-0.21512791682283208,-0.050639699792242164,-0.1311817210122295,0.12014418116113032,0.19058519228010753,0.022941739890892432,-0.003691981658083353,0.15839846009337535,0.08816011697367629,0.051075112092061246,0.1602090534293924,-0.015031672658791302,0.13905199498419837,-0.0074903871514041005,0.10329543719374228,-0.2691060860552386,-0.17040815854375177
#58,0.08117408625883202,0.21876483571398825,0.1379535159196176,0.3236233151487389,0.11252839896907693,-0.14137897527728036,0.33864388271167933,0.11688067111795926,0.28966532017379476,0.287708509742408,0.3955649023445634,0.1627877492284272,-0.017504870047242927,1.0,-0.01861260335836607,0.16035989764803324,0.12391713747645951,0.05454221555916471,0.01724621385638335,0.09230324315070078,-0.029514105785292226,-0.044349588417385025,-0.21619724501080434,0.001503815063137097,-0.11854504735860669,-0.13783367342689376,-0.03912093912093912,0.0195505212454365,-0.22416977840706653,0.053001846222185206,-0.010099159251701625,-0.018036989223429903,0.23332778078540792,0.09920968734528056,-0.2131766589393708,-0.10339168135778305,-0.07757649791548096,0.010781197221875188,0.017038918733833987,-0.07557480438836371,-0.3319396438040506,0.10037109528634952,0.14675245353211455,0.18087239782155037,0.20004812208202039,0.030151260659735234,0.16152223101375643,0.17918442325221987,-0.07325754105415122,-0.047788929144861346,0.039029784792496656,0.08715695664848207,-0.0009059907364992111,0.043818394665852294,0.10087082459963816,-0.056013178047076354,-0.0223161528246274,0.03684994701943854,0.013640296691144149,-0.02219723575655779,0.015295881397576313,0.12258822767297343,0.10012863402693911,-0.08180661401000384,-0.041854180837231685,-0.014040080141775057,0.4986197291282037,0.1558762151982491,0.2425130831910493,-0.026064585386619286,0.24133733116783965,0.06914773016467932,0.0937857734467904,0.008875285146471587,-0.05108667990023922,0.06547703327364345,-0.006085592526270492,0.08088766732834529,-0.12919807326586988,-0.063303673473165,0.07585474534627076,-0.04744976100908304,0.32668832160357586,0.046655746655746656,-0.07978502385282046,-0.07310808497249176,-0.06010124145717366,-0.29119967425052173,-0.24799714969206493,-0.077770837092871,0.2670141636243331,0.2147114757284249,-0.1840123636733806,0.11298972315921468,0.11197221875187977,-0.01318406233660471,-0.026049315879824356,0.10034009356043254,0.22815928409148747,0.1477366426518969,0.1223161528246274,0.25890698094087927,0.16026596704562807,0.12677392338409288,0.06016417033366186,0.27751356903899277,0.0785921514735074,0.032450478213190075,-0.04040450311636752,-0.05114822063974606,0.04856952484071128
#101,-0.2140581259225327,-0.19111407247000467,-0.20170602035008814,-0.1571380317143029,-0.1628099594201289,-0.046905611312390974,-0.03967434306417357,-0.13073566632888667,-0.10877348843450538,-0.2144481924142941,-0.2061975689094333,0.03705539129267943,-0.2048557031607879,-0.01861260335836607,1.0,0.3118125829990237,-0.007821226465294262,-0.22033343050292203,0.39559868034444307,-0.037705502112281776,0.39893761249693455,0.010331903552242535,0.05229112008773026,-0.13002031307116052,0.1226696650425464,-0.10402189554731928,-0.24492242627835847,-0.4754919788818094,0.3017310068157526,-0.11655168265337756,-0.07946714048408964,-0.015896481998176913,0.0730460815206578,0.14035267933573017,0.10263746026457891,0.2598717361429226,0.03537990995618114,0.10500793551641009,0.09492034407288645,0.16993295298380043,0.009449511144426399,0.17652105109732227,-0.03800302613861936,0.08397349583790262,0.03200858794079133,-0.15643655982639035,-0.1643207151681728,-0.15410726597167276,-0.06132048843913251,-0.2984670340602544,-0.11494884715223698,-0.19345956125617142,-0.08293193038955751,-0.2047437267776251,0.23491766034138917,-0.08869825141011582,0.41132257064460453,0.16618637127111704,0.17243067412558938,0.2321265795842067,0.12833233850183004,0.07016569728434136,0.18629723714469476,0.04719156753055058,-0.33423747322052405,-0.4006366921621159,0.16163143112295655,-0.16359148054063308,0.4741366944756775,-0.0026841942096179384,0.05737262686415229,-0.20332366264569654,0.24228265245214398,0.09901118375694647,0.1954686581805226,-0.08859645469814961,0.22973065515438396,0.05427939495736106,0.26782622375842713,0.06112800011105096,-0.05544681815868256,-0.22005534039432345,-0.20331625924846264,-0.12294451616485515,-0.006668610058440567,0.0026184890591670253,0.07413021650309785,0.20968410629427578,-0.07267035911103707,-0.20159173040528972,-0.12919668512888852,0.011411411411411412,-0.05903376411850988,0.24566461685105753,0.1627373135847712,0.031133136217881982,0.08488457641000013,-0.1897467575433677,-0.2411767699903293,-0.10847966610678475,-0.13728813559322034,-0.07674824284993777,0.008554162791450926,-0.15053836579260307,0.03720854907295585,-0.02617471092047363,0.038785935396104886,0.08590717065293337,-0.011905125464447499,0.3690741589046674,0.36186324999884323
#102,-0.028147716283309504,0.026744309795157253,0.02821573499539601,-0.003270913440404966,-0.01960280773840096,-0.01446855175668735,0.02776088877783793,-0.13296593974560075,-0.22524049473202015,-0.09289875391570307,-0.028919520444944172,-0.0026203399084755016,-0.2538930301642166,0.16035989764803324,0.3118125829990237,1.0,-0.009558711253626508,-0.04917521527691019,0.2713146119925781,0.48889721771077704,-0.006052739951045036,0.5204703933517493,-0.18356769712701915,0.028766362664667748,-0.15355154846680272,0.13008601822161145,-0.2071660258100936,-0.11594552950485154,-0.03350546231902164,-0.033120948375185665,-0.12801584327008056,-0.1651832109459228,-0.07140530360869343,-0.05790474604033926,0.030084167372302965,-0.05011128231467214,-0.0580074681769597,0.11796573152505356,-0.08693022760819372,0.06451505434556282,-0.17426347765330816,0.10610178745771966,0.06317735300786148,0.17529671427976512,-0.04089544089544089,0.14317291096952114,-0.09818154055442191,-0.19452241147156402,-0.08123840327230157,-0.12664297579551817,-0.20183743065098997,-0.12003914546287428,-0.21850386596149307,-0.2352623810250929,-0.05097285266776792,-0.09957430465905043,0.09010906129550197,0.4443213629654308,0.01779406525169237,0.0864429915277373,0.19059120754036007,0.1196014196014196,0.2349380196837824,0.1636109144583721,-0.009126537940097263,0.012187842696317272,0.10890998857100552,-0.026850733630394648,0.3538000249864657,0.2725357098238454,0.12668230634332328,0.1671881434593299,0.019557924642670404,0.1262686415228788,0.036736119786967246,0.06542104508206203,-0.003940920890073432,-0.06658199031080388,0.10196467654094772,0.32317633504074184,0.008217308217308218,-0.015419888301244234,-0.03060009161704077,-0.14332838231143316,0.07287626609660508,0.042665778258998595,0.01930713456137185,0.05091547633920515,-0.10169630339121864,-0.22148743504675708,0.021712775950064087,-0.03705446586802519,0.010392981579422257,0.22553246621043233,0.029394263292568376,-0.12833233850183004,0.291433806688044,-0.1759213759213759,-0.024049473202015576,-0.09401250248707876,-0.16386586895061472,-0.0824303502269604,-0.09697062239435121,-0.0891072891072891,-0.17334730724561234,-0.03170042153093001,-0.15253589490877625,0.14117676999032933,0.03240189341884257,0.3155494477528376,0.1257207901275698
#201,0.5136370577048543,0.31019725426505085,0.6682671886061716,0.5769199091232989,0.01999657592877932,0.12629038900225342,0.1966485746146763,0.2528056561954867,0.12619044313959568,0.5191164970825988,0.20173517122669665,-0.07850701240531749,0.13933563764072238,0.12391713747645951,-0.007821226465294262,-0.009558711253626508,1.0,0.6462619784653683,-0.38172240036646815,-0.3533368499470194,0.11891151552168501,-0.2560626882660781,0.04988223971274819,-0.010779809084893831,0.15660128541484475,-0.16621274587376283,0.2487883877714386,0.22236751389293763,0.28590717065293336,-0.020843802199734404,0.32292970937038734,0.08171823595552409,0.3403901590342268,0.21366158145819164,-0.39874003433325467,-0.3271885136291916,0.02969178731890596,-0.12975286534608568,0.10191007648634767,0.1049209455989117,-0.2824562621172791,-0.3419208114123368,-0.13342495037410293,-0.19126723025028108,0.0031732811393828343,-0.10538782233697488,0.46494167511116663,0.3639482317448419,0.2341754697686901,-0.07324412239666477,0.32139766885529597,0.1358218002285799,0.32281727027489737,0.3905620566637516,0.11386748844375963,0.0839198212079568,-0.14743495421461522,-0.4704951484612502,-0.08737859585317212,-0.33019012849521323,0.07571685707278927,0.22469588232300097,-0.49407496865123984,0.06274286613269664,0.4113794842608402,0.12958675162064992,-0.15654853620955317,0.10724885131664792,-0.02592715982546491,-0.15053790308027595,0.38191627683153107,0.25103716968123746,-0.18502107654650027,0.007059601974856212,-0.3493616883447392,-0.27208086360628736,-0.35584567618465923,-0.09852811208743412,-0.13511801477903174,0.06414812347015737,-0.0902622190757784,-0.12604653960586165,-0.19960484367264028,-0.15470092588736656,-0.24948708338538847,0.04196476908341315,-0.09276595547781988,0.029298019128527603,-0.00869297648958666,-0.24406270677457118,0.04985170069915833,-0.12433126500923111,-0.32304214846587725,0.13622112096688369,-0.03226493057001532,0.5980399505823235,-0.12997172827681303,0.6035665866174341,0.40790960451977404,0.42276313293262446,0.42024181346215245,0.5072382089331242,0.3246625670354484,0.3228121804392991,0.35958069008916466,0.5322047779674899,0.4099066709236201,0.011594182780623458,0.15029544182086554,0.07078619451500807,0.021915443949342254
