,#10,#11,#12,#13,#17,#18,#26,#49,#50,#51,#52,#53,#54,#58,#101,#102,#201,#202,#301,#302,#401,#402,#501,#502,#601,#602,#701,#702,#801,#802,#901,#902,#1001,#1002,#1101,#1102,#1201,#1202,#1301,#1302,#1401,#1402,#1501,#1502,#1601,#1602,#1701,#1702,#1801,#1802,#1901,#1902,#2001,#2002,#2101,#2102,#2201,#2202,#2301,#2302,#2401,#2402,#2501,#2502,#2601,#2602,#2701,#2702,#2801,#2802,#2901,#2902,#3001,#3002,#3101,#3102,#3201,#3202,#3301,#3302,#3401,#3402,#3455,#3501,#3502,#3601,#3602,#3701,#3702,#3801,#3802,#3901,#3902,#4001,#4002,#4101,#4102,#4201,#4202,#4301,#4302,#4401,#4402,#4501,#4502,#4601,#4602,#4701,#4702,#4801,#4802
#10,1.0,0.4371604269909355,0.39468389807372856,0.43118033287524815,0.11914934965782423,0.07020086342120241,0.21490859117977762,0.46930135065728285,0.043153014339455016,0.5767292716445259,0.3236853186005728,0.1394790784621293,0.01860288639949657,-0.07133219506100862,-0.16369559081423488,-0.03146027383315519,0.32453624657014485,0.19156382885196443,-0.02161236737507924,-0.1092533211177279,0.010753434482248041,0.055366306213763844,-0.015855763313390434,-0.11896241387766812,0.09408746188407205,-0.08565961955792464,0.16179754484839232,0.14630454799946324,0.03490794338251965,-0.05469305977780554,0.22514378785565226,0.10820944210774719,0.1042356686424483,-0.16149122928783946,0.051883470527538326,0.03650846532202465,-0.12590957675703437,-0.2390353373404221,0.025001735171226697,0.038195051754373786,0.012825460283087401,-0.17290726782252205,-0.16367060434857045,-0.1090330700500192,-0.12810237047525183,0.07396086379137226,0.12339519797146915,0.05755354738405586,0.22784140072275666,0.13533317601114211,0.1300434486875165,0.09884784630547343,0.27022029733894143,0.0023362345396243703,0.12549544922426278,-0.07799201358523393,0.023654779586982977,-0.052881541017134236,0.21255569899637697,0.09828379997871524,-0.010238898374491595,0.02633527209798396,-0.07662423594626984,-0.1823267026656857,0.20482562685952516,0.2657421674370827,-0.17863240744596676,-0.19693776981912575,-0.11726009522619692,-0.04589458487763572,0.008405632134445694,0.12728614593021373,-0.20056589717606665,0.01093065330353466,-0.06750602682806073,-0.016894552487772826,-0.16700583480244496,-0.1227256532341278,-0.1260113734690006,-0.10505143047515929,-0.2138475918136935,0.029747775510487375,0.002274693800117529,-0.03260502413044786,-0.03873642517710314,-0.08312025430669498,-0.03740011197638316,-0.05895047589962844,-0.10825617605278622,-0.02981810778420948,-0.1470680233392098,0.12277470074080243,0.04563315241281343,-0.011285553658435015,-0.08120925239569307,0.12683176242498276,0.03928288843543081,0.27462902039173226,0.08031760574133455,0.11388183252590033,0.3110380025634263,0.25279316296265447,0.10448090617582143,0.26030252131947046,0.0334439215795148,0.18884308036850408,0.15173170088424326,-0.08144662381950518,0.03961002605070402,0.009342161884534766,0.09908984485255672
#11,0.4371604269909355,1.0,0.4063715487444301,0.33678886899225885,0.07618697279714229,0.2029081469759436,0.28752944007181297,0.22533349990977108,0.30958925026721634,0.549737873466687,0.2593710814049797,0.042789785162666516,0.006411342004562343,0.002702702702702703,-0.002643475524831457,0.07381233313436704,0.2714381561839189,0.306417819977142,0.12007662516137092,-0.0656163096841063,-0.12717463225937803,-0.007358051425848036,0.11000522864929645,0.012409481901007324,0.019113258096308944,-0.027033504999606696,0.013722659485371349,0.0321797915018254,0.10958647399325365,-0.02392222731205782,0.10098789081839929,0.056166798539679895,-0.01767977530689395,0.06223480799751986,-0.0021210733075139854,-0.04994609401389062,-0.05000347034245339,-0.09662451357366611,0.04518015704456382,-0.039026545806206826,-0.06945913556083047,-0.13724510334679826,-0.14225211343855412,-0.036874008060448736,-0.17093056076106924,-0.1251299064858387,-0.032147864351254184,-0.10770925008213143,0.0006672311757057519,-0.17430465905042175,-0.03388488642725931,0.0004442038340343425,-0.028526677679220052,-0.014113651401786996,0.005368851131562996,-0.21460042476991628,-0.12308841969858919,-0.12249568520754961,0.11600059227177871,0.010615546208766547,0.015902497258429463,0.01083255829018541,-0.08663825612978156,-0.17627581356394917,0.16102065085115932,0.1800131410300902,-0.055494477528375837,-0.08580907563958412,0.04159043481077379,-0.02653192483700958,0.15028618757432316,0.2007213685179787,-0.09203440728864458,0.002270066676846338,-0.11900452069943596,-0.022168547592276405,-0.07440367948842525,-0.025225687937552345,0.08157201886015446,0.11797035864832475,0.0627951526256611,0.061495393698783526,-0.1438475455424608,0.057649328835769516,-0.05002382968484664,0.047283184571320164,-0.00955269599337396,-0.10279154346950957,-0.05045739113535724,-0.14815724815724815,-0.08215364825534317,-0.020631879953913853,-0.11494514545362003,0.005348954501496875,0.000320659642693541,0.22178172008680483,0.13469463299971773,0.1730465442329849,0.10034379525904949,-0.00026374602645789087,0.12741755623111556,0.132819259937904,0.13291319054030917,0.07472896625438999,0.2054900817612682,0.004627123271191068,0.08495166969743241,0.04566091515244058,0.1380108922481804,0.03015542507067931,0.18058366532942804
#12,0.39468389807372856,0.4063715487444301,1.0,0.47023510413340924,-0.010674773386637793,0.15444134427185274,0.19453120300577928,0.13603094620043774,-0.13038307953562192,0.4012854148447369,0.18782742681047765,-0.08593123169394355,-0.1979825742537607,-0.34978599554870743,-0.06916114882216577,0.2277507091066413,0.4282897689677351,0.7597773428281903,0.14829837541701948,-0.14799252256879375,-0.16137138679511562,0.1536723163841808,0.4342504291656834,0.13035716764530325,0.17954996599064396,0.1907031839235229,0.33114239046442434,0.37825575961169183,-0.04996136352068555,-0.26449885941411366,0.2603247315111722,0.11948898050592965,0.18375879731811937,0.0348848077661637,-0.27069180120027575,-0.2121734986141766,-0.22489022150039098,-0.4559317406775034,0.19294178616212515,0.1357375865850442,-0.10952354511676546,-0.3051634068583221,-0.2070563629885664,-0.15817080562843275,-0.05487074131141928,-0.04186713678239102,0.027133450862264423,0.186682676513185,0.2327947361845667,0.12739025620381553,0.15042407584780465,0.37879111777416863,0.2939148701860566,0.32524743541692697,0.2901844834048224,-0.018850437494505292,-0.13333564689496893,-0.49520352401708334,-0.004969067680932087,-0.0023598328683074447,0.13245695618576975,0.17214980774302807,-0.4083232693402185,-0.28031899387831594,0.33737096109977466,0.38732816020951616,-0.37943151163490146,-0.25447512227173247,-0.171586224128597,-0.22009420822980144,0.24529398427703514,0.24901511681172697,-0.2039330547805124,0.05352286030252132,-0.16131910030215116,-0.023022251835811157,-0.020886371733829363,-0.0464049565744481,0.005214305214305214,0.21085569390654135,-0.05364686720618924,0.08926553672316384,0.016967198323130525,-0.151213925790197,-0.392785852107886,-0.060860089673649,-0.03270265643146999,-0.08793570149502353,-0.12484765196629603,-0.2415108482905093,-0.1364635822262941,-0.15508960424214663,0.06041727397659601,0.09703447669549364,-0.09483335415538806,0.5609720660568118,0.35163175502158556,0.4527658629353545,0.6092833974189906,0.1735111074094125,0.48564481276345683,0.5126264939824262,0.26065048098946403,0.44403540674727116,0.37028739062637367,0.2709999676101371,0.22987733496208074,-0.014412100852778819,0.03892521180656774,0.15124724107774956,-0.14218918456206592
#13,0.43118033287524815,0.33678886899225885,0.47023510413340924,1.0,0.07976235094879162,0.13804652109736856,0.10310063530402513,0.21415205652493788,0.008505577997103421,0.5358324426121036,0.0921824752333227,0.1563481817719106,-0.027904329599244854,-0.06368957555398233,-0.21783570936113308,0.05373431983601475,0.3965009693823253,0.3005214767926632,0.03594580713224781,0.005472498692837676,-0.11189679664255936,0.10338520338520339,0.15688215179740603,-0.011912528861681404,0.11765525155355663,0.107420054877682,0.22159848600526566,0.255425070679308,-0.021405997677184117,-0.020198781215730367,0.18001221560543595,0.2306278543566679,0.08110051499882008,0.04692597065478422,-0.03616513277530227,0.11343947954117446,-0.07576497915480966,-0.09617660804101483,0.11965139253274847,0.043232138147392386,-0.002241378512564953,-0.14002924341907394,-0.15236191507377947,-0.04258711716338835,-0.009948315033060796,0.0423849118764373,0.1323588611724205,0.14105692749760546,0.17326170546509528,0.0756058061142807,-0.04179310281005196,-0.026231161824382163,0.12113253469185672,0.045050134880643355,0.05504287029710758,-0.10189526969187986,-0.062134862134862134,-0.15297176992092246,0.14268983930000878,0.13942679196916485,-0.0570339214407011,0.012952706173045156,-0.096643484779078,-0.20345507294659837,0.28821980686387466,0.20024801380733584,-0.19115710471642675,-0.17008611076407687,-0.28828782557596117,-0.10904648870750566,-0.034700648259970296,0.11101995678266864,-0.2602122924156822,-0.15722640976878266,-0.19066801778666184,-0.15157160241906004,-0.22034129661248306,-0.1525294169361966,-0.023276280903399546,0.06941471517742705,-0.08187925984536154,0.08293239310188463,-0.14011669604889943,-0.08042449228889907,-0.11723464604820537,-0.15348538060402467,-0.1053253561728138,-0.09276271649153005,0.02522291166358963,-0.06340824645909392,-0.01613616698362461,-0.10595001781442459,0.004937140530360869,-0.06617757973690178,0.009846518321094592,0.2795818931412152,0.18358019035985138,0.25683356700305854,0.2319377929547421,0.14076079160824922,0.19176881041287822,0.2308990037803597,0.24137342272935494,0.19887051920950227,0.2067852135648746,0.06515637363094991,0.18502524095744435,-0.12307129934248578,-0.15758501182229995,-0.10122248596824868,0.011513208123377614
#17,0.11914934965782423,0.07618697279714229,-0.010674773386637793,0.07976235094879162,1.0,0.5558285558285558,-0.06464322566017482,-0.12786592447609396,-0.01299805198110283,0.10442815697052985,-0.00037202071100376187,0.46639459181832066,0.4446355446355446,0.236470985623528,-0.40827283369656253,-0.10830290999782526,0.08507058676550203,-0.12556948319660183,-0.27288552034314745,-0.05807409875206485,-0.3061346400329451,-0.19319303895575082,-0.08771082330404364,0.0034907017957865414,-0.07305487305487306,0.14432136296543077,-0.039882563611377174,0.04993174993174993,0.04451709027980214,0.20966791136282661,0.23591295455702235,0.15187467899332305,0.33797665153597356,0.2445573462522615,0.2505073640666861,0.3060717111564569,0.17977530689395096,0.1457992661382492,0.12565693582642734,-0.07455452370706608,-0.13691009962196402,0.1257041324837935,0.13098738183483946,0.35102190017444257,0.16559872661567576,0.14815678544492103,0.12548017971746786,-0.03434019535714451,-0.11037169681237478,-0.2248906842127181,-0.2499160177126279,-0.3727494829189744,-0.3026360721275976,-0.21080710911219386,-0.2518057348565823,-0.24387345743277947,-0.08636294229514568,-0.030135528440613187,0.2989177158668684,0.10907054974851585,0.07892993147230436,0.16200021284767047,0.36898855712415035,0.06877154504273149,-0.07176205481290227,-0.02295377041139753,0.31328863532253365,0.1955903515225549,-0.3699343411207818,-0.1379673972894312,-0.40031649523174945,-0.2162962654488078,-0.10896366320095134,-0.06897930287760796,-0.08192969548901752,0.03424672746706645,-0.136187342967004,-0.08822674754878145,0.18473974745161187,0.2859571435842622,0.19009194093939857,0.10941480771989247,0.11862879828981523,0.19941096720757737,0.3853292429563616,0.15251368471707455,0.0875039908938214,-0.19227177871245668,0.13923013923013924,0.3002984494509918,0.29184191896056305,0.08454309471258624,-0.0044582332717925935,-0.17199803809973302,-0.029990236769897788,-0.06841664468783112,0.001373330186889509,-0.09382602941924977,-0.040193043582874094,0.2565559396067871,-0.1186982051388831,0.10205212917077323,0.2824881892678503,-0.10884613426986309,0.027053864341999936,0.041264222620154827,0.022701129480790498,0.11838217261946075,0.037607407098932524,-0.03219552372094745,0.12478102139119088
#18,0.07020086342120241,0.2029081469759436,0.15444134427185274,0.13804652109736856,0.5558285558285558,1.0,0.181900544612409,-0.10374519357570205,0.01335480318531166,0.1956116362896024,-0.024247976790349672,0.3414451431400584,0.5312668600804195,0.256077957772873,-0.3977905486380063,0.1366838332940028,0.08109635058787601,-0.008393138901613478,-0.2752791312113346,-0.0991185330168381,-0.5776810709014099,-0.10009254246542382,0.006626040524345609,0.3123090733260225,-0.07139743749913241,0.35921283378910496,0.00401449215008537,0.18444176071294716,0.3399871365973061,0.3258323037984055,0.3631412614463462,0.2740658994896283,0.24437920200632066,0.359718115650319,0.1539147776435912,0.29809917776019473,0.05425672205333222,0.07010323112018027,0.09667356108034074,0.10197670706145283,-0.01850895579709139,0.23169857068162153,0.17371562625799913,0.2819907735161972,0.23211547448835584,0.16533868228783483,0.12445573462522615,0.040777449252025526,-0.17136134593761712,-0.2283119791594368,-0.232298708569895,-0.2987950971001819,-0.33924124432599007,-0.006686655839198212,-0.2851330529296631,-0.12521088114308454,-0.28451486926063196,-0.10931486185723474,0.3285257522545658,0.24809663284239555,-0.09092713668984856,-0.030893913944761403,0.24258989343735107,0.0116654404789998,-0.06506105489156337,-0.12208711022270344,0.217745943169672,0.19178454263200026,-0.2657838115465234,-0.20331255754984567,-0.2615356496712429,-0.13262908517145805,-0.25089048987354073,-0.30397608702693446,-0.39042833280121414,-0.36984318679233935,-0.4108954871666736,-0.34450829874558686,0.16784103055289495,0.4922588227672973,0.028946357759917083,0.24760939676193913,0.1927007130396961,0.02228515109871042,0.09279140465581144,0.04606717657565115,-0.08158867650393074,-0.1590656912690811,0.2714450968688257,0.32956083973033123,0.3173554139655835,0.17477199850081207,0.2092921889532059,0.06396072497767413,0.19823845417065755,0.0433487416538264,0.2754373788272093,0.02023255921561006,0.12916845967693424,0.2311891244094634,-0.12797281102365848,0.21655584706432163,0.31025740686757636,-0.02658050963135709,0.08743782303104337,-0.00824229468297265,-0.0900637154874443,-0.23290578714307528,-0.13532669803856245,-0.054303918710698375,0.20901918868020564
#26,0.21490859117977762,0.28752944007181297,0.19453120300577928,0.10310063530402513,-0.06464322566017482,0.181900544612409,1.0,0.23649458395221107,0.24049658286946424,0.32780577187356846,0.32214587468824757,0.11117218913829083,0.14214383875400824,0.2694665389580644,-0.07739835366954011,-0.03754494093477145,0.1206499257346715,0.028924610280542485,-0.1662224628326323,-0.18386059403008556,-0.12385235775066283,-0.15485362095531588,-0.04407103559645933,-0.035415538805369316,-0.03198869131072521,-0.15579061341773207,-0.05621630875868164,-0.1458385966860543,0.12520162689654216,0.20876747317425284,-0.06920649463022345,0.029430354854083667,0.009606833335646894,-0.018807405248083213,0.009224632953446513,0.14089451547078666,0.0392148697233443,0.05149525488508539,-0.05880703507822152,-0.019139632698954735,0.03682125885515716,0.0010031603251942234,-0.0542294220260322,0.07229695026305195,0.012492307407561645,-0.08640967624018471,-0.20191470360961886,-0.12347941161500484,-0.0505485454637997,-0.025830452949097017,-0.0019924392805748736,-0.0765358578917901,0.02000721831230306,-0.0309980242183632,-0.07038548563972293,-0.08894857877908725,-0.016596565749108123,0.18047909234349913,0.10303354201659286,0.1639352757996826,-0.09455757760842506,-0.03185866914680474,0.09710712253085134,0.1041773668892313,-0.08832206628816798,-0.1386091792871454,0.18932245033939948,0.11286247726925693,0.17176899549780905,0.08090062327350463,0.20737378364497008,0.17573999268914522,0.05319664811190235,0.04008476889832822,-0.056515220922000585,0.04599776972658329,-0.11520796605542369,-0.0794079133062184,-0.1196472281218044,-0.14036332171925392,-0.048594048594048596,0.1415423127287534,0.06315190382986993,0.13203079813249305,0.06823803772956315,-0.09266647232748927,-0.0741408588866216,0.12143422312913839,0.07485806299365622,0.026245968618849976,0.016641448844838674,0.14648824479332953,0.00629936562139952,0.05002475510950087,0.08831836458955103,0.016806637145620196,-0.1087619206263274,0.11441025000347034,-0.15145361077564468,0.023531698107969293,0.01701208141886108,0.09715015477727341,-0.11909891401416825,0.07451102874831689,0.002596278867465308,0.14697964528473004,-0.08140174072377462,-0.07671955468565637,0.009443033171846731,-0.13040852871361347,0.1356621644757238
#49,0.46930135065728285,0.22533349990977108,0.13603094620043774,0.21415205652493788,-0.12786592447609396,-0.10374519357570205,0.23649458395221107,1.0,0.41398871907346485,0.38728929237403814,0.31218969354562576,0.057730766205342475,-0.11112082806998061,0.13546551173669819,-0.011019956782668648,-0.15416556772488976,0.15698117223540953,0.018186908017416493,0.1363423515965889,-0.02897273236256287,0.0053059222550747975,-0.12667073853514532,-0.17340005645090392,-0.05640833437443607,-0.0018568645687289755,-0.17697589731488036,0.03854116057505888,-0.22776875488739895,-0.048462175580819646,-0.03750699852394768,-0.07925614366292333,-0.18914615694276712,-0.13854116057505889,-0.22206536274332883,0.050644326915513356,-0.04296098872370059,-0.12776644132576337,-0.08191581411920396,-0.0021553140197207994,-0.012434005654344637,0.2299101875373062,-0.17442959137874392,-0.27024389566762447,-0.381026481026481,-0.12789600077735672,-0.27584502838740127,0.08073821124668583,-0.09843186792339334,0.2824650536514943,-0.02981764507188236,0.15129813943373266,0.03549558803796092,0.18260756904824701,-0.13238662391204764,0.09577497374107544,-0.04141830582508549,0.017471092047363235,0.049655973384786944,0.021157521157521158,-0.0552298060772637,-0.09570602960433469,-0.14093615958022737,-0.02326517580754869,-0.040222657171809714,0.1163078332569858,0.18440937085004883,-0.024329414159922635,-0.08520153435407672,0.06947533049227965,0.00883179018772239,0.23974606347487704,0.19609054354817065,0.16045197740112993,0.07318535793112065,0.1419730979053013,0.14741366944756776,-0.09234951438341268,-0.06643901220172406,-0.3684184955371396,-0.3543437119708306,-0.03453731080849725,0.04298690061401926,-0.07198878385319063,-0.20642105896343185,0.002581934785324616,-0.11809529097664691,-0.2502093773280214,0.16231855892872843,-0.020489364557161167,0.03183877251673862,-0.3445411513208123,-0.0063419351554944775,-0.11322616915837255,-0.027499456313015636,-0.01972542650508752,-0.08569571111943994,-0.12444277868006681,0.24288556661438018,-0.09916249068791441,0.09580875174095513,0.17081025555601828,0.14333023316074164,-0.20847179999722373,0.07901136884187732,-0.04554893876927775,0.04176811634438753,0.09448308092375889,-0.02671469620622163,-0.05061887773752181,-0.1740779300101334,-0.14386003877529302
#50,0.043153014339455016,0.30958925026721634,-0.13038307953562192,0.008505577997103421,-0.01299805198110283,0.01335480318531166,0.24049658286946424,0.41398871907346485,1.0,0.24095189179934942,0.24042486245876077,0.11505758454910997,0.11210224091580023,0.3778050778050778,0.080066815660036,-0.13393948648185935,-0.03518927247740807,-0.15969312918465461,0.13162685027091806,0.1629552510908443,-0.019714321409236662,-0.1702152075033431,-0.19670224924462212,0.03634050074728041,-0.09025481567854449,-0.1806623264250383,-0.23302655506045336,-0.3574096438503218,-0.005304071405766321,0.07224142478379766,-0.18481516956093227,-0.20128495213240977,-0.011381335110148669,-0.0014709624879116405,0.10302984031797591,0.10651313871652855,0.05480225988700565,0.2818991564754277,0.03128259229954145,0.06280718314616619,0.11470546046817233,0.011486833520731826,-0.1324291934461426,-0.08631111851450834,0.032634175007056364,-0.21066598185242252,-0.09934665019410782,-0.1870602497721142,-0.07224882818103157,-0.10522818658411878,0.017838022922768686,-0.12176321159372007,-0.13927594775052402,-0.1859659351184775,-0.15374866391815545,-0.04421401370553913,0.006370160607448743,0.24137851256495324,-0.09381862602201585,-0.054166493149544,0.0006996210386040894,0.02503134876016232,0.24222064900031,0.18094273009527248,-0.14847004169038067,-0.024034203695220645,0.3791580486495741,0.16448220177033737,0.2533252821388415,0.24321871948990592,0.163804790923435,0.09908382959230416,0.13182026402365385,0.014688340112068926,0.11728693254116983,0.07231916045475367,-0.08506410879292235,-0.05119588000943933,-0.0983194288279034,-0.15611404933438833,0.2298912163318943,0.09246472975286535,-0.12298986197291283,-0.019088271630644513,0.2402467182128199,0.015690575012608912,-0.09395512615851599,0.1242752768176497,0.13065978150723914,0.0278376990241397,-0.13432168686405974,-0.02771554296978026,-0.18635322533627618,-0.14767417648773581,0.00921584141923125,-0.3165391894205454,-0.19206818528852426,-0.022403142742125792,-0.23879426421799302,0.06653525636576484,-0.09863962575826983,-0.10518793061165943,-0.1709009471721336,-0.11357644239000171,0.02284595843917878,0.0282226756803028,0.004175978752249939,0.08575262473567559,0.12682389631542174,-0.14419180351383742,-0.05445892734028327
#51,0.5767292716445259,0.549737873466687,0.4012854148447369,0.5358324426121036,0.10442815697052985,0.1956116362896024,0.32780577187356846,0.38728929237403814,0.24095189179934942,1.0,0.3593826492131577,0.2532197837282583,0.19747960595418224,0.1607587556740099,-0.07070892155637919,-0.24447544617036143,0.5403577691713285,0.18768352327674362,0.05029682995784691,-0.16068194542770814,-0.0849419527385629,-0.1813480660938288,0.02996293674259776,-0.1594876849114137,0.08328868159376634,-0.18380691940013974,0.11816330968873341,-0.054925341366019335,0.1331167839642416,0.09588278571329419,0.17633087633087632,0.27953515919617616,0.18405400778282135,0.08635276262394906,0.07455591184404743,0.12329756567044703,-0.07660248846689524,-0.03379326938648972,0.1421452268909896,-0.037068347237838764,0.0868330580194987,-0.19049264981468372,-0.23689806910145894,-0.09673648995682894,-0.06527436527436527,-0.1990556041403499,0.05967138170528001,-0.08718610752509058,0.16409167256624885,-0.03515780803916397,-0.010999597440275406,-0.04812485829434982,0.06557374015001134,-0.06113447808363063,-0.011553926808164095,-0.25316749723529386,-0.02248735638566147,-0.1520407927187588,0.20532443074815956,0.12230967485204773,0.108931273338053,0.14719804550313026,0.039627609119134544,-0.13817700597361615,0.23847961983555205,0.2666250225572259,-0.011975457738169602,-0.0850095087383223,-0.09490646270307287,-0.19996714742477453,0.04878607420980302,0.17128638654062384,-0.12221204255102561,-0.029562227867312614,-0.1631343207614394,-0.05544357917239273,-0.11809899267526386,-0.059564032445388375,0.04246681195833738,-0.11125917905578922,0.06108635600161024,0.1432039126954381,-0.01968563324495528,0.1640375352239759,-0.004212995738419467,0.08110976924536246,0.025669891771586687,0.004243072039682209,0.04931634253668152,-0.12613908207128546,-0.14858340621052485,-0.07708232115011776,-0.19586705349417213,-0.019626406067084032,0.020053489545014968,0.18597889106363683,-0.10139276410462851,0.26690079910418896,-0.06181605334147707,-0.01180610502644401,0.08727541100422456,0.20559280389788864,0.2785366259942531,0.1420388030557522,0.18846458168492067,0.12796540762642458,0.17830341898138508,0.05503500418754656,0.03757501723603419,0.003350037248342333,0.17157743259438174
#52,0.3236853186005728,0.2593710814049797,0.18782742681047765,0.0921824752333227,-0.00037202071100376187,-0.024247976790349672,0.32214587468824757,0.31218969354562576,0.24042486245876077,0.3593826492131577,1.0,0.10591068726661947,0.03925096128485959,0.0778314524077236,0.023480799751986192,0.08807358976850502,0.17005187005187006,0.09688224433987146,-0.011104170426204325,-0.06449562042782382,0.0921269497540684,0.07823771383093417,-0.05521176029650606,-0.05502482451634994,0.06676059726907184,-0.16125154430239175,-0.06274564240665935,-0.08286761337608796,-0.038381987534529906,-0.04134704812670914,-0.10221963103319036,0.008465322024644058,0.08682889360855463,0.04898920492140831,-0.06905703854856397,-0.0597074732667953,-0.02279876178181263,-0.07151219015625795,-0.04482757025129906,-0.029309124224378463,-0.035107835107835106,-0.13082080539707658,-0.10207433936247495,-0.0334776995793945,-0.010389279880805305,0.09184932235779693,-0.20285354692134352,0.01576877339589204,0.017248064705691825,0.09395234988455327,0.14572847115219997,0.008490771202635609,0.03662506882845866,0.1292323139780767,-0.01094037026240416,-0.09327910344859497,0.04185001642628761,0.08948347422923694,0.030929080081622453,0.047998075116719184,-0.01793056538819251,-0.054748585257059834,-0.07318211894483082,-0.09532429193446143,0.015701680108459768,0.12855166414488448,-0.0031866997968692883,-0.109009009009009,0.13992143144685518,0.0011401231740214791,0.18476519662960342,0.17715542969780257,-0.026493519713858698,0.09000263746026457,-0.016915374542493186,0.10221592933457341,-0.0015496235835218886,-0.02131206707477894,-0.08025745313880907,-0.1845009878908184,-0.07758436402504199,0.13683328937566225,-0.09438544862273676,0.03780498526261238,0.0279006279006279,-0.06438040505837116,0.03225706446045429,0.028178255296899365,0.07518797688289214,-0.05299583096193266,-0.13908762383338655,0.06444379664718648,-0.08558928728420254,-0.09155318646844071,-0.07155799867664274,-0.07237514864633508,-0.02532702193719143,0.07254172508409797,-0.11330159126769296,0.0026869704835806533,0.07030543640713133,-0.020934493815849747,-0.12465840262450432,0.17212204500340095,0.099755225178954,0.13228714076171702,0.09873309364834788,0.01030876793588658,0.058221241272088727,-0.15108991888652906,-0.07525368203334305
#53,0.1394790784621293,0.042789785162666516,-0.08593123169394355,0.1563481817719106,0.46639459181832066,0.3414451431400584,0.11117218913829083,0.057730766205342475,0.11505758454910997,0.2532197837282583,0.10591068726661947,1.0,0.5639463808955334,0.399871828685388,-0.2891679044221417,-0.23973171939273635,0.09318239657222709,-0.2584072516275906,-0.3573217285081692,-0.12758875979214962,-0.11370507641694082,-0.219463068615611,-0.21374301882776459,-0.07388590439437898,-0.06327776158284633,-0.12088174461055817,-0.11362132548573227,-0.12511648782835225,0.15950341713053579,0.36949198813605594,0.144124247514078,0.1194875923689483,0.281539166284929,0.08647445596598138,0.3721016856610077,0.3066866558391982,0.26881966712475186,0.20866799002392222,0.13995474673440775,-0.13240004256953408,0.004353660285863675,0.21031802218242895,0.1844163115349556,0.25781266628724253,0.25921931176168467,0.075572028114401,-0.008276072682852343,-0.1592424473780406,-0.0655436638487486,-0.1304099168505948,-0.012305834339732645,-0.2340829273032663,-0.12470745013117894,-0.22472271963797388,-0.31264037535223976,-0.20771480263005687,-0.08396470430368735,0.08847707491775289,0.20949393152782983,0.18989806447433566,-0.09591008574059422,-0.01274911274911275,0.33848656052045883,0.1058847753763008,-0.20893590046132418,-0.21117959253552473,0.40577464984244643,0.276574263014941,-0.26430961007232195,-0.14508206203121457,-0.2957874669739077,-0.15091964075014921,-0.12939102430627855,-0.1299157400852316,-0.10876006977701894,-0.15374079780859443,-0.19823521518436774,-0.1750274157053818,0.03186560983171153,-0.02062308841969859,0.12019137781849647,0.21570676994405807,0.03159353498336549,0.2503602215466622,0.35198850622579436,0.028391102967374154,0.060426065510811276,0.025970654784214106,0.10882531221514273,0.4035693628913968,0.2783237783237783,0.2370979608267744,-0.05925540332319993,-0.13335554352503506,0.06962848827255606,-0.22782150409269053,-0.16810061216840877,-0.07549429244344498,-0.26927405062998283,0.1592887186107525,-0.0808830402050741,0.13527533697025224,0.06910145893196741,0.044144606856471265,0.00011012553385434741,-0.009984869306903205,0.10047242928598861,-0.057404554014723504,-0.024045771503398622,-0.21154929968489292,0.18360147512689887
#54,0.01860288639949657,0.006411342004562343,-0.1979825742537607,-0.027904329599244854,0.4446355446355446,0.5312668600804195,0.14214383875400824,-0.11112082806998061,0.11210224091580023,0.19747960595418224,0.03925096128485959,0.5639463808955334,1.0,0.6274069138475918,-0.1830989695396475,-0.2829384083621372,-0.02882882882882883,-0.3431173854902668,-0.4840558586321298,-0.2994919418648232,-0.34688340112068927,-0.45230546416987094,-0.18049482456262117,-0.12368763216220843,0.0033569779332491196,-0.05796212236890203,-0.22745457321728507,-0.1005691361623565,0.30595927206096696,0.29337534761263573,0.06079345909854385,0.15226335734810312,0.2953053207290495,0.14305399390145151,0.29224447868515663,0.3527903866886918,0.22835454869353175,0.22999069948222492,0.1358102324204019,-0.177199850081206,-0.027138540697862732,0.19024926313061907,0.21573777166997507,0.2716773784570395,0.3089997547624666,0.050232050232050234,-0.04638876164299893,-0.10435551113517215,-0.23092954279394956,-0.1642309489767117,-0.21370044929366963,-0.3796383440451237,-0.31341449307551,-0.295485778536626,-0.2981190743902608,-0.25985415307449206,-0.05352193487786708,0.13805161093296686,0.3151320812337762,0.2552788535839383,-0.026960396451921876,-0.012362285243641176,0.46005543293678886,0.13320007218312302,-0.2741066181744148,-0.3891530976276739,0.5058028752944007,0.3759033301406183,-0.10665796767491682,-0.08583082311895872,-0.17883507544524493,-0.17492469356876136,0.061274217206420595,-0.09124363192159803,-0.08715834478546343,-0.07134977812943914,-0.18515202413507498,-0.17604630824969808,0.2541609406016186,0.11520426435680672,0.08102000305390136,0.08275471156827088,0.1386827505471573,0.2735888430803685,0.4488536302095624,0.09235229065737541,0.01499187939865906,0.010186149169200017,0.12143931296473669,0.3153467797535594,0.3063456368541114,0.17786384227062194,0.016522069064441945,-0.07509635984212255,0.1534733500835196,-0.21164508113660657,-0.24570672367282537,-0.180066815660036,-0.17978687470212895,0.08427518427518428,-0.18157386970946293,-0.0253117524303965,0.16998431405211067,-0.09773687400806044,-0.07179120568951078,-0.11136837916498933,-0.060657421674370826,-0.0483011516909822,-0.03859298435569622,-0.10012400690366792,0.32563102393610865
#58,-0.07133219506100862,0.002702702702702703,-0.34978599554870743,-0.06368957555398233,0.236470985623528,0.256077957772873,0.2694665389580644,0.13546551173669819,0.3778050778050778,0.1607587556740099,0.0778314524077236,0.399871828685388,0.6274069138475918,1.0,-0.16205758917623325,-0.2951924189212325,-0.2035989764803324,-0.41111481280972806,-0.31824659790761484,-0.008934512324342832,-0.25047404877913354,-0.49355210372159525,-0.5737396872990094,-0.17651364770008837,-0.17767598106581156,-0.2270358185612423,-0.4286622523910659,-0.3245103346798262,0.1619354331218738,0.35246001008712874,-0.19017615458293424,-0.06709930269252302,0.20046919029969879,0.07013330742144301,0.4713308069240273,0.48019868867326493,0.37738863671067063,0.38277044378739294,-0.042973481956532805,-0.1099293438276489,0.14115779878491744,0.19777527913121135,0.03494449765636206,0.11744471744471745,0.0009536501061924791,-0.12131715691037726,0.029043527348612094,-0.1183035115238505,-0.1668059430771295,-0.29381584974805314,-0.15568233873318618,-0.4733412919853598,-0.33814878052166186,-0.5144986280579501,-0.417054650952956,-0.16971038835445615,-0.016285160352956962,0.40362627650763244,0.03474830762966356,-0.01861214064603895,0.11319192844616574,0.13193686753008788,0.6943808214994656,0.3181591452777893,-0.283365029127741,-0.3122651156549462,0.7267655945622047,0.41873244585108993,0.16221722492908933,0.19883674120962255,0.05239708121064053,0.05826427351851081,0.2885844241776445,0.14421262556855777,0.23178833687308265,0.1704817298037637,0.04538930301642166,0.06716315699366547,-0.0907827704437874,-0.14934549341329004,0.1868668360193784,0.038879403286182945,-0.013705539129267943,0.2771845805744111,0.6223897240846393,0.21160158617785738,0.10827283369656251,0.18678678678678678,0.1586543400102722,0.1959628349458858,0.13432631398733094,0.07566133159353498,-0.1338580491122864,-0.0845107048496879,0.0022705293891734568,-0.5166090589819403,-0.38557031607879066,-0.19914629575646525,-0.3713747645951036,0.11272412628344831,-0.10255926188129579,-0.17548920260784667,-0.052889407126695265,-0.053165646385985366,-0.07853431243261752,0.054037396410277765,0.05030608420438929,0.20212477500613094,0.12324342832817409,-0.07747192492955204,0.16136537153486305
#101,-0.16369559081423488,-0.002643475524831457,-0.06916114882216577,-0.21783570936113308,-0.40827283369656253,-0.3977905486380063,-0.07739835366954011,-0.011019956782668648,0.080066815660036,-0.07070892155637919,0.023480799751986192,-0.2891679044221417,-0.1830989695396475,-0.16205758917623325,1.0,0.022907961891012737,0.10928154656968217,-0.04200132335725556,0.3614218224387716,-0.16724968419883673,0.6513545903376412,-0.09034782085629543,0.22345997769726583,-0.1258198105655733,0.42941601077194297,-0.27054789766654175,-0.24371798609086745,-0.37927187588204536,0.19079942808756367,-0.28797503204282865,-0.2557091760481591,-0.19984360323343375,-0.20029243419073928,-0.29355441728323084,-0.24219473710999134,-0.41349963214369995,0.008034999560423289,-0.15429651531346447,0.18034166678234476,-0.19944104350884012,0.08051657204199578,-0.0870630260460769,-0.028928774691486556,-0.18240814003525868,-0.05908466247449298,-0.17881980593845,-0.4348144754924416,-0.23471638047909235,-0.19587538231606028,-0.03666023496531971,-0.024924462212597805,0.13894742199826945,0.12679474543881322,0.1212893941707501,0.39862065455285794,0.11930667184904473,0.3224415478652767,-0.01959771790280265,-0.2390672644909933,-0.2469615995039724,0.05219441321136237,-0.08721248212773637,-0.2541373422729355,-0.04652618720415331,-0.22568099686743753,-0.19405877371979066,-0.09432668415719263,-0.010111189772206722,0.5396350125163685,0.1147457164406317,0.4008550923805161,0.26460019341375274,0.39758741792640095,0.19632791497198276,0.3198378656005775,0.2188606171657019,0.3469032977507554,0.19156660512592716,0.27766163698367086,-0.26118907813823067,-0.05385601317804708,-0.29569076009753975,-0.12163365214212672,-0.17022584988686684,-0.2807002688358621,-0.044656366690264994,-0.06332680908952096,-0.014927099672862385,-0.22753230888824108,-0.14645122780716002,-0.20975351314334365,-0.06529796360304835,-0.2961951165340996,-0.06036637562061291,-0.11759694980033963,0.13600966143339024,-0.2050296829957847,-0.046355909067773475,-0.037229833840003335,-0.18745725694878237,0.056499951415205654,-0.13928381386008504,-0.23021372682389632,-0.043003558257795546,-0.03403202894728318,-0.19358218002285799,-0.012884224748631528,0.09359976309128852,0.12867937274716937,-0.07133959845824253,-0.20323482187888967
#102,-0.03146027383315519,0.07381233313436704,0.2277507091066413,0.05373431983601475,-0.10830290999782526,0.1366838332940028,-0.03754494093477145,-0.15416556772488976,-0.13393948648185935,-0.24447544617036143,0.08807358976850502,-0.23973171939273635,-0.2829384083621372,-0.2951924189212325,0.022907961891012737,1.0,-0.008156230190128495,0.33770041227668346,0.009160315939976956,0.13230703739178315,-0.0778726338048372,0.6188869917683477,0.18132030335420166,0.4267049792473521,0.1741362317633504,0.4362363904736786,0.14728966254389983,0.2518265569113027,-0.16597121003900664,-0.18480267632810005,0.22081326318614455,0.09195204449441738,0.026437994234604405,0.1792871453888403,-0.2615139021918683,-0.1523285997862269,-0.25117320710541047,-0.2595163730756951,-0.1658222166696743,0.27871384481553974,-0.010447581634022311,-0.12528260155378798,-0.10031510709476811,-0.061252469727046,-0.12233188504374945,0.22402494944867826,0.012716260173887292,0.0706825469537334,-0.16055701309938597,-0.0022635887042666706,0.13975531772141941,0.023633957532262617,0.042270159219311765,0.3990990990990991,0.047766718953159634,0.18289722696502358,-0.13556592031168302,0.052029224910580846,-0.16098548471429827,-0.10073386175081091,-0.10951660443185866,-0.07678803611007001,-0.2112656570283689,-0.015850210765465004,0.15747812527473545,0.08903834497054836,-0.3150487930148947,-0.28276118954085055,0.10277905023667736,0.08167381557212065,0.1920714242748141,0.14658726523133303,-0.17795499659906439,-0.16968679002577308,-0.2210737702263126,-0.18327711378558836,-0.06963357810815438,0.016888999939847396,-0.04541984203001152,0.38047446522022793,-0.11190558817677462,0.05366167400065705,-0.04383505230962858,-0.3188541391931222,-0.24830762966356187,-0.15559210982939797,-0.12160959110111652,-0.09557415659110574,-0.014393129647366935,-0.15629913426523595,-0.164776024098058,-0.0591577710221778,0.18962922861227946,-0.03638168214439401,0.039593831119254845,0.20214374621154282,0.5726490743439896,0.10937825344605005,0.2912403929353082,0.110815437934082,0.18315773400519164,0.14931865609831713,-0.024904565582531683,0.1381080618368754,0.20700037479698497,0.1698880698880699,0.09100718592244016,-0.27343984971103613,0.036098964912524234,-0.09407867034985679,-0.07456331524128135
#201,0.32453624657014485,0.2714381561839189,0.4282897689677351,0.3965009693823253,0.08507058676550203,0.08109635058787601,0.1206499257346715,0.15698117223540953,-0.03518927247740807,0.5403577691713285,0.17005187005187006,0.09318239657222709,-0.02882882882882883,-0.2035989764803324,0.10928154656968217,-0.008156230190128495,1.0,0.2835885191817395,0.20017814424594085,-0.18030603793315658,0.03349990977109621,-0.03170921306514527,0.2354830948051287,-0.15748275239800663,0.17716468394434495,-0.24380081159742176,0.33376735749617104,-0.02099603455535659,0.22771091584650907,-0.028985688307722204,0.25031904014954864,0.26710485524044847,0.15034680288917576,-0.11812582999023677,-0.14740163892706265,-0.19236848558882458,-0.1291744749371868,-0.23708222860765232,0.18103666069767765,-0.07967165933267628,0.06290250188555273,-0.2827986692393472,-0.044253344253344255,0.00023043073890531516,-0.00824183197064553,-0.1308138647121698,0.010070008375093122,-0.20210858007468177,0.19501982722321706,0.04979987691852099,0.13302377878649066,0.13757964435930536,0.22685536075366583,0.18103804883465902,0.23392282883808307,-0.24083713914222388,0.1522004284716149,-0.36465895787929686,0.20154407103559646,0.19065876354011949,0.11470592318049945,0.10927691944641098,-0.20807571824520976,-0.18151325439461033,0.3837513939208854,0.3166437624064743,-0.21063775640046825,-0.1503625351082978,-0.1720100686202381,-0.331016532711448,0.12335540471133691,0.27497327836310886,-0.18947098099640472,-0.027987155105799175,-0.25770901872596785,-0.04180513333055706,-0.047833812240591904,-0.0574406455762388,0.24203417593248103,-0.07629154578307121,-0.03679442154018425,0.15072668970974057,-0.16172304816372612,0.03026323704289806,-0.2521759047182776,-0.009902506512676004,0.009750736869380936,-0.2554782825969267,-0.03402184927608656,-0.09402036859663979,-0.08033935322070915,-0.16674625318693115,-0.18166872573652235,-0.007687039890429721,-0.09778499609008083,0.49253182304029763,-0.060991037262223706,0.45809121910816825,-0.048551479059953634,0.0020178884585664246,0.14682093495652818,0.41471101301609775,0.11561931731423257,0.0706173045156096,0.002830411304987576,0.143448224804157,0.09523776472929016,-0.029072678225220597,-0.048773118264643686,0.08650268141793566,0.07833534613195631
