,#10,#11,#12,#13,#17,#18,#26,#49,#50,#51,#52,#53,#54,#58,#101,#102,#201,#202,#301,#302,#401,#402,#501,#502,#601,#602,#701,#702,#801,#802,#901,#902,#1001,#1002,#1101,#1102,#1201,#1202,#1301,#1302,#1401,#1402,#1501,#1502,#1601,#1602,#1701,#1702,#1801,#1802,#1901,#1902,#2001,#2002,#2101,#2102,#2201,#2202,#2301,#2302,#2401,#2402,#2501,#2502,#2601,#2602,#2701,#2702,#2801,#2802,#2901,#2902,#3001,#3002,#3101,#3102,#3201,#3202,#3301,#3302,#3401,#3402,#3455,#3501,#3502,#3601,#3602,#3701,#3702,#3801,#3802,#3901,#3902,#4001,#4002,#4101,#4102,#4201,#4202,#4301,#4302,#4401,#4402,#4501,#4502,#4601,#4602,#4701,#4702,#4801,#4802
#10,1.0,0.2587926909960808,0.3092389770355872,0.1961886385615199,0.30561964121286156,0.38812032371354405,0.35377318767149274,0.6544232984910952,0.0,0.5275355478745309,0.5226548582480786,0.04438984438984439,0.35291763257864955,0.15199776047233673,-0.14316504485996012,-0.23099247167043777,0.46260035073594397,0.3230074450413433,0.07555814674458743,-0.2478509325966953,-0.17890540771896704,-0.1908096077587603,-0.0321797915018254,-0.18659614930801371,0.10115122826987234,-0.23828851964445186,-0.05939190345970007,0.014736924906416432,-0.11628932476390104,0.056971917988867145,0.19525719864702915,0.41085060407094304,0.3103582781548883,0.042744902066935965,-0.26816261562024274,0.10453226724413166,0.16099982879643895,0.1507951711341542,0.13959938366718028,0.22908794773201552,-0.26147410893173606,-0.15139253274846495,0.14016990796651813,0.19746341102273304,0.07110268974675754,-0.07876613130850418,0.054670849586103826,0.19792889962381488,0.04748168815965426,-0.09716311072243275,-0.2160996127097822,-0.15897453694063862,0.01439035337340422,-0.01720827144555958,-0.1912283624148031,-0.13791788707042946,-0.2767366750417598,-0.4752138887732108,-0.1715033986220427,0.08144292212088822,-0.012689422858914385,-0.11820032667490295,0.003458311932888204,-0.057585474534627076,0.27083246574771996,0.18066186371271117,0.06232457418898097,0.24255889171143408,-0.24161866026272805,-0.4193631227529533,-0.15150682269326338,-0.12428453106419209,-0.21822947755151145,-0.06358824155434326,-0.3080798826561538,-0.2362211209668837,-0.18900641781997715,-0.2354321964491456,0.027971885599004244,0.13333379604566045,-0.2605944927978826,0.1151889948500118,-0.015669752957888552,-0.1701980871472397,-0.31457034846865356,0.2688867604121841,0.020904880226914124,-0.12569349010026976,-0.15935997630912885,-0.3987682597852089,-0.04031381150025218,-0.29068097373182117,-0.12872009143195584,-0.050920566174803464,-0.04711845898286576,0.3520352401708334,-0.0952534969484122,0.45699227733126035,0.06450302382505772,0.026432441686678975,0.11159834719156753,0.16036776375759426,0.3017513661581458,0.3333157502649028,0.06395979955301989,0.1258276766751343,0.20448923499770957,-0.06945265758825081,-0.16871046701555176,-0.17569881129203163,-0.05907355737864212
#11,0.2587926909960808,1.0,0.5386142691227437,0.5111661738780383,-0.1834108376481258,0.26816539189420546,0.2700527954765243,0.09249526876645521,0.2706316485977503,0.4811255014644845,0.3738215873809094,-0.0734384615740548,0.13162731298324518,0.2579764664510427,0.012719961872504246,0.0743782303104337,0.3796957203736865,0.48529639038113614,-0.01001355747118459,-0.18870611751967684,-0.04767787818635276,-0.018139711360050343,0.22408510205120374,0.0851136190119241,0.2127666958175433,0.21900452069943596,0.39272246051907067,0.3377166072081326,0.06273037289986443,0.2065529319766608,0.33952858868113106,0.2452888944414368,0.3903940920890073,0.40205351730775457,-0.05943401028146791,-0.09685864601118839,-0.03142279413465854,-0.014096068333356469,0.15778444083528828,0.02891581874632722,-0.02951040408667527,0.05706075875567401,-0.014947459015255625,0.013697673019706919,-0.18813513050801187,-0.3265846740423012,0.20084676355862796,0.1668614685563838,0.03372895237302017,0.07807946621505943,0.20207989191040038,0.20520042384449164,0.2410652563194936,0.19783959614468088,0.08242155869274513,0.18433950128865384,-0.17312751889023076,-0.2680150103878917,-0.2594048594048594,0.05514929413234498,-0.22324990630075375,-0.06897606389131813,-0.12792052453069402,0.03638214485672113,0.29280436060097076,0.20046919029969879,0.17491543932221898,0.0874530925378383,0.2869885293614107,0.19253506202658746,0.4031640268928405,0.34698751139429107,-0.1740779300101334,-0.04324787036651444,-0.3001341865748645,-0.19687299009332906,-0.04763669678923916,-0.018609827084403355,0.18609873355636067,0.1768745633152413,-0.033188967087272175,0.20336530675513725,-0.037327003428698345,-0.14753998991287126,-0.30608744337557897,-0.3543511153680645,-0.31687835755632365,0.07160010549841059,0.07168200558031067,-0.28876719554685654,-0.21097090927599402,-0.14268567488906472,-0.260790220112254,-0.3307893409588325,-0.3007125769837634,0.3490586117704762,0.1355071558461389,0.23857771484890128,0.3507812897643406,0.3501677332185807,0.31685059481669653,0.1158839887653447,0.5279408838730872,0.3447877769911668,0.5167612913375625,0.3019299731164138,0.3672589384453791,-0.10530499683042056,-0.015723890300161487,-0.13078471383556128,-0.24852741801894343
#12,0.3092389770355872,0.5386142691227437,1.0,0.7759440488254048,-0.08304298134806609,0.4059065228556754,0.31865517289246104,0.07841169366593095,0.015361586548027226,0.7161912297505518,0.2670201788845857,-0.19664255935442376,0.12553801875835774,0.1151889948500118,-0.2822244432413924,-0.06857304145439738,0.7179833145934841,0.8144491178389484,-0.1978104452680724,-0.3686364330432127,-0.10335697793324912,-0.16583285905319803,0.2005668226007209,0.11728184270557152,0.4466543585187653,0.0839975568789128,0.5256722053332222,0.5258859784283513,-0.15577164221232018,0.20845329150413897,0.510038543936849,0.30360175275429513,0.489627377762971,0.3421711387813083,-0.2686082075912584,-0.031072983615356497,-0.041379437989607484,-0.028032500913856846,0.16761245066329813,0.1283267859539046,-0.14086305103254257,0.0633351379114091,-0.13117061591637863,-0.03741353063386962,-0.19173040528972732,-0.3548499192566989,0.3547185089557971,0.47107631514411175,0.22031445929751015,0.34066917456747964,0.4356307000374797,0.42700805582161516,0.5545417528468376,0.4882267475487814,0.16398154703239448,0.290283966555153,-0.2741431724482572,-0.35793759861556473,-0.23193547939310652,0.09973903024750483,-0.3147369249064164,-0.11255292272241425,-0.2922939889041584,-0.14442686137601393,0.5892923740381367,0.3090451005705243,0.019195158178209024,0.09509015949693916,0.15249517622398978,0.05432797975170856,0.4394494648731937,0.4946561353341014,-0.27575479948361303,0.11868201020743394,-0.5766510732612428,-0.19672677299795943,-0.2396262209821532,-0.1550623042148466,0.1425426967799849,0.09403887708972455,-0.13877714386188963,0.1554745808983097,-0.09466076245737262,-0.2634790414451431,-0.4232411147665385,-0.3601428855666144,-0.44271297491636474,-0.006860635674194996,-0.04504273148340945,-0.4813744406964746,-0.2374519357570205,-0.21669651161176584,-0.35754660669914906,-0.3315768773395892,-0.32610113966046167,0.6297681348528806,0.24103471730590376,0.671450186704424,0.6101019355256644,0.6383056400005552,0.6887019531087327,0.3602173822512806,0.584880411999056,0.677421026573569,0.6528473003049274,0.5456613778647676,0.4688923129601096,-0.26276230005043566,-0.05365473331575026,-0.19867109019651394,-0.33288311423904643
#13,0.1961886385615199,0.5111661738780383,0.7759440488254048,1.0,-0.2334221741001402,0.2609595728239796,0.12370752879227455,0.05055178445008954,0.09404304150066863,0.6552913468167706,0.25073779480559144,-0.09576248050824322,0.14304797864119898,0.043929908336688,-0.2231957689584808,-0.07591489794879626,0.6347089770818585,0.5755433399501196,-0.12930079540249032,-0.3715806715806716,-0.1383458959730146,-0.08829569168552219,0.2057080192673413,0.1011211519686096,0.39752356362525854,0.3330376601563042,0.5716926479638345,0.5367847045813148,0.11470638589282657,0.2959679247814841,0.4364418347469195,0.3338076134686304,0.4608943303858558,0.38113799469731674,-0.07386739590129421,0.03670789433501298,0.04962404623421573,0.04460685647126325,0.2345262057126464,0.07425422340676578,0.008007236820796142,0.16137693934304104,-0.06616832549035939,0.05770392889036957,-0.2805494246172212,-0.424583443227511,0.41356348644484237,0.4425496374648917,0.1631801292818242,0.20319502861875743,0.3968475409153375,0.3225373293169903,0.4291235765812037,0.3474150575845491,0.09161195093398483,0.34602645789086467,-0.3558155998833965,-0.2406025439923745,-0.2189670410009393,-0.035040279108075716,-0.3644724848114679,-0.14290037340884798,-0.19523822744161728,-0.21982352151843676,0.504393453545996,0.11293836209090446,0.11311881989848091,0.10160607448743042,0.2992291212630196,0.1609595728239796,0.5180240332782705,0.5802370937964159,-0.19703216313385805,0.1649791548096633,-0.4377716699750598,-0.1753763008000296,-0.22027836773599485,-0.1717042157720124,0.09998426778087795,0.1295256735934702,-0.07225345530430276,0.1787346668702601,0.056922407769865395,-0.24608429693175457,-0.3860094300772267,-0.32923601567669364,-0.40677457118135085,0.09321478643512542,0.06331061415807178,-0.4167696201594507,-0.21052994442824952,-0.08530888361396836,-0.38201575998186166,-0.3767834089867988,-0.3256708171962409,0.4093347584873009,0.21012692199132876,0.46620858146281874,0.5867474562389816,0.5573957624805083,0.515042315042315,0.33866563019105395,0.44214985401426077,0.536272944747521,0.5213365908281162,0.48567211279075684,0.3013756437485251,-0.30817612682019463,-0.07294289667171024,-0.26529518732908564,-0.3079586520264486
#17,0.30561964121286156,-0.1834108376481258,-0.08304298134806609,-0.2334221741001402,1.0,0.22679752171277595,0.016715945529504853,0.3349338552728383,0.08418819435768589,0.08948116066760134,0.1639042740737656,0.47643313575516966,0.1903399547467344,0.06142644956204278,-0.16202658745031626,-0.1866923934720545,0.00825247435416927,-0.06807331214110875,0.018796300152232357,0.017811648320122896,-0.18844052064391048,-0.2662067306135103,-0.2133099200895811,-0.17859261418583453,-0.14676170777865694,-0.41356348644484237,-0.33094573772539876,-0.3222573883590833,0.03271376152732085,0.06254482525668967,0.02930403438878015,0.08106581157428615,0.059021733598004784,-0.33554972538023387,0.0008990500515924244,0.31015329659397456,0.11367037299240688,-0.026394961988182326,-0.16811449353822236,-0.09796314033602169,-0.22400227654464944,-0.08410490613880445,0.22859006926803538,0.1047733403665607,0.17179120568951078,0.25910826080317606,-0.11537916961645775,-0.12322399441043509,0.0038465275753411347,-0.16592123710767778,-0.393590046132419,-0.36455484760569506,-0.21476422493371647,-0.18356029372978525,-0.2774015926558299,-0.2749589342809682,-0.06767260326582361,-0.13397372719406617,0.037352915319017015,-0.08008347330381228,0.11912760217844963,-0.040817705224484885,0.1490155795240541,0.14200872675448947,-0.12830226220056729,0.014537033181100978,0.017611756594807442,0.02747123086106137,-0.25250165419656945,-0.2908609688270705,-0.2334462351411504,-0.27245427245427245,0.04427647986970021,0.11750255648560733,0.026816955630514953,0.1313219228473466,-0.14212162856230653,-0.10385855809584624,-0.036339112610299054,-0.021408311238819713,0.13821865008305687,0.18530101750440733,0.16323519204875137,0.27462439326846105,0.3725014691116386,0.4328137073899786,0.3658347099025065,-0.03313297889569076,-0.09605352656200114,0.2063132469912131,0.43284841081451253,0.16897375032968254,0.3689242401106808,0.17525321932101592,0.19865998510066307,-0.0920566174803463,-0.19187893594673255,0.03434667332972418,-0.29941050449525025,-0.26927451334230995,-0.292471207725445,0.2498438345895973,0.004324509409255172,-0.07716144495805513,-0.1956407871662109,-0.10922093125482955,-0.059291957597042345,-0.0013798081594691765,-0.15731663867257087,0.005906522855675398,0.06964653405331371
#18,0.38812032371354405,0.26816539189420546,0.4059065228556754,0.2609595728239796,0.22679752171277595,1.0,0.36317457673389875,0.353311863481355,0.05337062794689913,0.4176617295261363,0.3489355302914625,0.1599934294849549,0.3819482039821023,0.1570242044818316,-0.15022510954714344,-0.11492895052217086,0.3826964098150539,0.4725935488647353,0.20417829231388554,-0.2147646876460436,-0.33081016301355287,-0.07517363280075144,0.04912663048256269,0.13699986581342513,0.087319831387628,0.002618951771494144,0.04539624370132845,0.10475113017485899,-0.007067930796744356,0.3770619618077245,0.31108057209752127,0.34297810907980397,0.3019364510889935,0.12221250526335273,0.026723950452764014,0.08393786698871444,0.29820976600637616,0.25587066265032365,0.18006450209840041,0.22258082427573952,0.06046354520930792,-0.0412346090312192,0.19534881568779874,0.16619192381904246,-0.0635118940203686,-0.1337733727564236,0.04285826658708015,0.05622232401893419,-0.03324171629256375,-0.06612251696997459,-0.10706515452278165,0.011906050889101736,0.06137277493209697,0.07943660147049977,-0.1741700097632301,0.07014580065427523,-0.42714316782113393,-0.3586279654076264,-0.29861371386795116,-0.008573133996862811,-0.12163966740237926,-0.14797771577432595,0.16014288556661438,-0.04121748867511579,0.2641319285387082,0.20982893525266408,0.31967128916281456,0.3264532637413993,-0.1551113517215212,-0.26391306560798083,0.0021562394443750375,-0.023666810107488074,-0.16740561825307587,0.001737947500659365,-0.34360971140632157,-0.1484006348413128,-0.3343156716038072,-0.18230264162467552,0.30065242438123796,0.42390418153130016,-0.12047918488596454,0.33491349593044506,-0.1232290842460334,-0.13824687553501114,-0.24879208947005557,0.016660882762577676,-0.151812212829162,0.13738437975726112,0.060440409592951966,-0.1650642938778532,0.02792191266767538,-0.25309531411226327,-0.149240457715034,-0.1596565749108122,-0.14651230583433975,0.31354775422572034,-0.0008162245450381043,0.35206855545838595,0.22160218770388262,0.16489632930310896,0.24459945307402933,0.18094874535552502,0.33612580222749716,0.3983175779785949,0.19843973403295437,0.2757737706890249,0.2746850085833137,-0.23223115257013563,-0.10167964574744236,-0.1876127282906944,-0.15832673968267189
#26,0.35377318767149274,0.2700527954765243,0.31865517289246104,0.12370752879227455,0.016715945529504853,0.36317457673389875,1.0,0.16504532267244132,-0.020273277900396545,0.44508530101750443,0.3970312377092038,-0.05114359351647487,0.3251734014445879,0.5776074996413979,0.2890300161486602,0.07276614056275073,0.25327577191983974,0.2472133150099252,-0.06052786222277748,-0.25456211218923086,-0.07726370438234845,-0.18844561047950878,-0.07730072136851798,-0.044309795157252786,-0.044290361239513784,-0.1120212662585544,0.03648764326730428,0.08711670067602272,-0.17120494917105086,0.20586395332158045,0.25422340676577965,0.266357112119824,0.08861126149261743,0.07517825992402263,-0.16934762188999478,0.11662664205037086,0.04972445480920057,0.23211593720068296,0.029043064636284976,0.08319012386808997,-0.11319331658314709,0.015191771123974514,0.2170634424871713,0.09457516067685559,0.1077569094518247,-0.07681070901409884,0.08598166733759954,0.22041301702318652,0.2045183858743181,0.08166132233928844,0.05901849461171495,0.03879565235497439,0.06947255421831693,-0.04400533044600841,-0.010896412591327845,-0.10791839605398927,-0.07723038909479588,-0.2945228741838911,-0.1095027230620451,0.11122401291892817,-0.11447179074297718,-0.15282694096253419,0.1692703489313659,0.25355802643938236,0.20348329839855264,0.09664857461467631,0.293551178296941,0.5485005807039706,-0.11350981181489656,-0.10674356945543387,0.07092732177477941,0.09123669123669123,-0.01460829087947732,-0.09470148114215911,-0.19007759685725786,-0.15523165692657218,-0.03787901923495144,-0.11972912820370447,0.32082760726828524,0.3318156369003827,-0.005984721238958527,0.2037271477949444,0.03803449057686346,-0.10443278409380104,-0.2624758811199489,-0.14103286645659527,-0.2422609049727694,-0.17654742569996806,-0.09598643327456886,-0.23959614468089044,-0.02231060027670197,-0.2842626910423521,-0.3315505027369434,-0.2277604260655108,-0.24982856508280238,0.2045262519838791,-0.11449909077027721,0.21022501700467802,0.09065506184150252,0.08792228283753707,0.2615342615342615,-0.057327281056094616,0.16069675222217594,0.222368902029919,0.23098691912251235,0.04503347723686707,0.0946626133066811,-0.10391917341069884,-0.2399001466798077,-0.17980214420892388,-0.05192095022603497
#49,0.6544232984910952,0.09249526876645521,0.07841169366593095,0.05055178445008954,0.3349338552728383,0.353311863481355,0.16504532267244132,1.0,0.18659429845870523,0.343191882174933,0.4435111536806452,0.35730599628904713,0.4542682898615102,0.12898615102004932,-0.09986812698677106,-0.3631588445147767,0.25053790308027596,0.15446771887449853,0.22641300776893997,-0.2382561297815535,-0.1634369346233753,-0.2665121207494089,-0.0008736008736008736,-0.3287335100894423,0.07959253552473891,-0.3144264449349195,-0.19591656371317387,-0.19713118357186155,0.133056168649389,0.07932601322431831,0.041147156401393686,0.2750061309383343,0.14507419592165355,-0.07393078749010952,-0.07343290902612937,0.09121957088058782,0.23238708662437477,0.11383185959457146,0.17796332542095253,0.13352489623676064,-0.09480975582670498,-0.11597838208007699,0.2464632583276651,0.18413914685101127,0.011026434755248315,-0.06341379900701935,-0.17798877459894408,-0.0835977734282819,-0.19337997473590693,-0.30142793024148956,-0.38878801760157694,-0.24479101597745664,-0.14182502996062318,-0.12746336475150036,-0.24811606676013456,-0.19708121064053266,-0.4443394087461884,-0.6026226534701111,-0.20229366500552942,-0.11083163286553117,-0.1150316726587913,-0.2221588306334069,0.13845833506850455,-0.14229005584937787,0.16528778393185173,0.021693342032325084,0.11771447873142789,0.185179324162375,-0.15713525544034018,-0.37941207771716245,-0.16401347418296572,-0.1362701684735583,-0.030892525807780045,-0.07264120823442857,-0.14873517585381993,-0.29725056335225825,-0.33399269839947804,-0.40536561214527317,-0.0502797096017435,0.04338946033861288,-0.08960007773567095,0.1344878005894955,0.051696072035055086,0.18241184173387565,-0.10924638043282112,0.4874628094967078,0.10316448960516757,0.05697978409842817,-0.1122609512440021,-0.16399727925151655,0.005645090390853103,-0.10751028378147022,0.01914102083593609,0.015319017013932268,0.09096831808696215,0.26968262561482903,-0.1743153014339455,0.24511075019549597,-0.08330672737452398,-0.1673935877325708,-0.08337844778522745,0.18045503130248894,0.16428971344225582,0.08888102277932787,-0.13968082103675325,-0.004789535298009874,0.12503967758205045,-0.22146244858109265,-0.20336299319350168,-0.2859358588172147,-0.08760393675647912
#50,0.0,0.2706316485977503,0.015361586548027226,0.09404304150066863,0.08418819435768589,0.05337062794689913,-0.020273277900396545,0.18659429845870523,1.0,0.0555444504597047,0.16817973597634614,0.3696585645738188,0.286337030404827,0.23972755498179227,0.18094967078017926,-0.1207563495699089,-0.06892794180929775,-0.12182475233322691,-0.12406613084579186,-0.3251840438281116,-0.016606282707977624,-0.2410555393606241,0.036087859816673375,-0.09069392967698052,0.11469528079697572,0.026514804480906175,0.028976434061179824,-0.18617230481637262,0.45045692842303015,0.012701453379419482,0.03541785236700491,0.11650448599601142,-0.0008971992022839481,0.11572990556041403,0.295753688974028,0.05882184187268933,0.15524322473475016,-0.040713132238555966,0.03416390196051213,-0.2751648412665362,0.05711813508423678,0.22465747719985008,0.18360332597620732,-0.008971529310512361,-0.04483127194991602,-0.06485746146763095,0.059720891924281753,-0.05678128051009407,-0.13806826857674315,-0.08899114831318221,-0.022450339399491943,-0.1300901826325555,-0.1301674555911844,-0.08056376869936192,0.052058375787189345,-0.02235825964639524,-0.1330487652521551,-0.1199429012988335,-0.17982435440062558,-0.10675513726361184,-0.3016222694188796,-0.2154892951503121,0.0437096572689793,-0.1248953113359893,-0.179282055553242,-0.2225877649606463,0.20274203325050782,0.17920802158090293,0.18429970802852158,0.020138165900877764,0.1702735092565601,0.1405516456363914,0.17876798215781267,-0.10519903570751028,-0.01431354312710245,-0.12158506734777921,-0.21779128897772965,-0.1959771790280265,0.1794273472239574,-0.05145638704960739,0.411040778837389,0.23793454471420572,0.37179629552510907,0.43654687044517554,0.15293429022242583,0.006191553649180768,-0.06565147582096735,0.1474335660776339,0.02672441316509113,0.09708722590078522,0.10007172041070346,0.3195648653275772,0.09540896829032422,-0.04438475455424608,-0.021519824909655417,-0.031316370299421144,-0.07217340607171116,-0.16434153722289316,-0.11110278228922296,-0.019875808011401232,-0.11549854939685449,0.20948976711688577,-0.11441672797605001,-0.24679317221690103,-0.022255537509774798,-0.14167603659129083,-0.0783936478851733,-0.27075889448770807,-0.08516868177885127,-0.11783061952553478,-0.0036864291101579238
#51,0.5275355478745309,0.4811255014644845,0.7161912297505518,0.6552913468167706,0.08948116066760134,0.4176617295261363,0.44508530101750443,0.343191882174933,0.0555444504597047,1.0,0.5143982194829653,-0.06951697460172036,0.3022978294164735,0.2742986437901692,-0.06950355594423391,-0.18160672228468838,0.7857466094754231,0.6017592322677069,-0.11325948444592512,-0.3948935067579135,-0.06025532466210432,-0.22601600059227178,0.18633471684319142,-0.0712058745957051,0.3655362604515147,-0.010977849960900808,0.4249550012261877,0.3686285669336517,-0.06283540859812047,0.1880634100973084,0.41238495814767,0.3222782104138036,0.46421938116853373,0.20765603816451275,-0.3094425704595196,0.12437892437892438,0.09092343499123161,0.07113461689732876,0.23329261464854686,0.21042259516835787,-0.20226173785495818,-0.04368976063891318,0.04483451093620585,0.04329182803759075,-0.09687993077823587,-0.26745790474604036,0.20112577909188079,0.35364964348015193,0.13940458177746312,0.11199165266961877,0.14348524179032654,0.14187592831660628,0.3370317929639964,0.22385929843556962,0.042206304918169325,0.11435056011327198,-0.33628590069268033,-0.5223758427148257,-0.22598407344170057,0.05239939477227613,-0.24660947542303474,-0.16813901729155967,-0.10520921537870691,-0.010875590536607485,0.5500853704243535,0.2061850756766011,0.09287191660073016,0.24748631528292545,0.17443977104994055,-0.015342615342615343,0.36238889120245055,0.4188236001795324,-0.2406409491155254,0.024045771503398622,-0.5704636840230061,-0.29434889434889433,-0.22448951262510586,-0.20598749751292125,0.23997140437818404,0.18972501006399312,-0.1625360337224744,0.20173887292531362,0.024891609637372348,-0.21029211029211028,-0.33097257504037164,-0.13659406710254168,-0.29617984702730465,-0.05289866137323764,-0.07538971945751607,-0.4722594705645553,-0.09154254408491697,-0.25669567872957705,-0.2823586298162569,-0.27057519769384175,-0.33943188180476314,0.6145833044138129,0.04960183604251401,0.6225155818376157,0.39383852265208197,0.42790849401018893,0.467918766223851,0.34188657070013,0.5131128046382284,0.5929468759977234,0.4645113526469459,0.4511639528588681,0.3673024334041283,-0.2203616559548763,-0.1564962497165887,-0.25742028623384555,-0.33694156406020814
#52,0.5226548582480786,0.3738215873809094,0.2670201788845857,0.25073779480559144,0.1639042740737656,0.3489355302914625,0.3970312377092038,0.4435111536806452,0.16817973597634614,0.5143982194829653,1.0,0.14244413905430856,0.4485616587311503,0.4566369142640329,0.09795203524017083,-0.12566526464831548,0.2877594080983911,0.20325101681033883,-0.05901942003636919,-0.22157581310123683,-0.17333620214976148,-0.12920270038914106,0.10703877992013586,-0.058172193765414104,0.13134459575137541,-0.08074376379461125,0.13817237885034495,0.1708347793093556,0.0881115321793288,0.011513670835704735,0.12225044767417649,0.33503657740945875,0.2456613778647677,0.07763618780567932,-0.16285391709120522,0.07981602557873745,0.09125843871606583,0.11490674033046915,0.012032371354405253,0.13919682394258664,-0.2814665204495713,-0.1348894348894349,0.24986650749362613,0.2583392329155041,0.10538689691232064,-0.00401495486241249,0.152488235539083,0.32199734403124236,0.10033269016319864,0.10959804180143164,-0.005309161241364631,0.025569020484274722,0.08174831225678683,-0.038419929945353676,-0.09760453828250439,-0.15119634272176646,-0.2925142399718671,-0.2978391334323538,-0.1518876349384824,0.17985998324981375,-0.21818089275716393,-0.141416454975777,0.029541405812592254,0.11872411702920177,0.17633087633087632,0.032760958184687,0.35365427060342314,0.36790395942938314,-0.1521203792390233,-0.18218372455660592,-0.06929949980797438,-0.058266124367819284,-0.2362410175969498,-0.1602761467168247,-0.44395674565166093,-0.28994387299472046,-0.2642675032505541,-0.25203200118454355,0.20785685531448242,0.28333495282647825,-0.008617091667939126,0.20553496485699876,0.1298213467704993,0.00029706131401046655,-0.11551752060226636,0.048514924786111226,-0.1071368749334851,-0.05200932828051472,-0.17678433441145305,-0.24716426750325055,0.08636756941841688,-0.11402295978567165,-0.07732987224512648,-0.16056580463360123,-0.09351092232448165,0.19713488527047848,0.0021654936909174197,0.30146587265231334,0.07668438854879533,0.1203158474344915,0.2106169343457479,0.24906971686632703,0.2902136342814309,0.20481359633902008,0.16854574142709736,0.07984563916767307,0.08492575780711374,-0.2552441501594044,-0.2081978742995692,-0.2431405211066228,-0.1160126227922838
#53,0.04438984438984439,-0.0734384615740548,-0.19664255935442376,-0.09576248050824322,0.47643313575516966,0.1599934294849549,-0.05114359351647487,0.35730599628904713,0.3696585645738188,-0.06951697460172036,0.14244413905430856,1.0,0.45592526270492373,0.12812689422858914,-0.1130508011863944,-0.32207554241452546,-0.17706288723237876,-0.3048265522841794,0.0015908049806354892,-0.1839272246051907,-0.28238916882984677,-0.29743888726939577,-0.1700726921065904,-0.24363053346104194,-0.09651485075213889,-0.19112147586723857,-0.27018420577742613,-0.3201293743666625,0.4501848535746841,0.199292975564162,0.07464058819991023,0.1218122591003947,-0.1056983023084718,-0.20715353257726138,0.38210506346099565,0.2769060277534854,0.16593558118981847,0.014535645044119621,-0.13199516928330488,-0.3345488786166752,0.13177167922930635,0.11848489475608119,0.355677711609915,0.16855268211200414,0.15840632620293638,0.10186519339061711,-0.12709689658842202,-0.16767584225211343,-0.11213231721706297,-0.20258471105928733,-0.30793829268405537,-0.22889916110255093,-0.25390459797239456,-0.2244108515294956,-0.16980524438151556,-0.21062063604436485,-0.17580060800399783,-0.08045318045318045,-0.03431382075449872,-0.272895237302017,-0.09557369387877862,-0.15814072932717,0.16266605588639488,-0.0985253358134714,-0.23967249221486508,-0.2719850821545737,0.2354613473257541,0.18627317610368457,-0.16591337099811676,-0.18220084491270933,-0.09514244598990362,-0.12287696016509576,0.2587024620922926,0.06512583461736005,0.090470439622982,0.021241734801056834,-0.18777652845449455,-0.2422757117672372,-0.0712516831160899,-0.11718976295247481,0.5511741325300648,0.3420411166173878,0.49085726712845357,0.6411999056066853,0.3961456063150978,0.5057820532396804,0.3131280741450233,0.23226354243303396,-0.061745721067754965,0.3225900785222819,0.4234618285465743,0.5286335642267845,0.36040570616841805,0.11096535672806859,0.20748946172674987,-0.24222944053452528,-0.25277604260655107,-0.1518219297880315,-0.2686313432076144,-0.32733010360129006,-0.3522763132932624,0.3469495689834673,-0.1630829596931292,-0.2766376546037563,-0.2893131960928571,-0.2789114229792196,-0.2295205837578719,-0.2518464535413688,-0.06293627988543243,-0.18569062128384162,-0.029325781868154748
#54,0.35291763257864955,0.13162731298324518,0.12553801875835774,0.14304797864119898,0.1903399547467344,0.3819482039821023,0.3251734014445879,0.4542682898615102,0.286337030404827,0.3022978294164735,0.4485616587311503,0.45592526270492373,1.0,0.3387068115881675,0.09779471304895034,-0.20371187828814946,0.14352827403674862,0.07126834075986618,0.10225017004678022,-0.2438498591040964,-0.10359481206938834,-0.11168441168441169,0.08026670738535145,-0.059762998746049595,0.07903589259521462,-0.1270483117940745,0.026014612455290423,-0.04799252256879376,0.421355099321201,0.2127551280093653,0.21429549734634482,0.4836227598939463,0.049240457715033985,-0.08013344623514115,0.14666962802556022,0.23946334624300725,0.2741177232702656,0.11611765849053984,0.14686581805225873,0.030867539342115613,0.04517136551034856,-0.01167562015019642,0.42870112022654394,0.36998338862745644,0.05483788873619382,0.07863610914458372,-0.029572407538509232,0.01776769064904658,0.043081293928751555,-0.0561959494162884,-0.21330899466492687,-0.1067009999213389,-0.07425005899582171,0.014174729428966717,-0.07067884525511645,0.08328174090885955,-0.32886862208896106,-0.3012595029544182,-0.3705418824062892,-0.06823294789396485,-0.3044725773539333,-0.3147947639473063,0.11462911293419768,-0.13903256106645936,0.10917234646048206,-0.04659328049158558,0.33562746105118985,0.5729789882332256,-0.12841238773442162,-0.26573568946450304,-0.03409588324842562,-0.05453805114822064,0.07377809242216021,-0.0470347080516572,-0.19512810190776292,-0.09459783358088443,-0.21171078628705747,-0.2458501644942323,0.2604454994285503,0.1557572981301795,0.34425334425334425,0.4327965870338752,0.43284470911589557,0.1497110361517141,-0.132477315528163,0.16972056802565277,-0.09044499044499045,0.08879079387553963,-0.05105058833872393,-0.25780017305441033,0.24085055779971035,-0.04017777407607916,-0.08252335540471134,-0.20900577002271917,-0.12410684953057835,0.15498919566716177,-0.17589824030501996,0.08582203158474346,-0.08903695683356701,-0.12465423821356025,-0.0130748622274046,0.2629913426523596,0.1364422974592466,-0.021453657046877385,-0.14806424297949722,-0.1012909673926623,-0.05917442866595409,-0.3402772572264098,-0.12144995534826043,-0.2894959674620692,-0.13055937293225428
#58,0.15199776047233673,0.2579764664510427,0.1151889948500118,0.043929908336688,0.06142644956204278,0.1570242044818316,0.5776074996413979,0.12898615102004932,0.23972755498179227,0.2742986437901692,0.4566369142640329,0.12812689422858914,0.3387068115881675,1.0,0.40603654501959585,0.08787554889249805,0.05210187074593854,0.040533137143306634,-0.21215776639505454,-0.18392074663261104,-0.16080548961904895,-0.20067879898388372,0.06316763604899198,-0.14561880833067273,-0.033599855633753936,-0.015244057616938972,0.003406025439923745,-0.04288741746368865,-0.020900715815970052,0.25059759297047435,0.1800233207012868,0.19733523970812106,0.2384500062466164,0.2263944992758552,-0.03315889078600943,0.24962635979585132,0.06855777194760246,0.38596778596778597,0.11490951660443186,0.1315014552302688,-0.09397779906254483,-0.03445402258961581,0.2851580393953275,0.03973218210506346,0.1673255690204843,-0.034457724288232766,0.042042042042042045,0.08085111305450289,0.02591698015426829,0.0072997496726310285,0.08446628446628447,-0.00023598328683074445,0.046744124710226403,-0.22588690385300556,0.011704771026804926,-0.22635887042666702,-0.06312229024093431,-0.13981176862532796,-0.021273199239300933,0.014511121290782308,-0.09855633753938839,-0.045757159316481354,0.3228589143843381,0.30598287038965005,-0.05549540295303007,-0.1558230032806304,0.549730007357126,0.5043837365871264,-0.07230342823563163,0.0525368203334305,-0.06918520986317596,-0.05993327688242942,-0.06445212546907463,-0.0894580250512454,-0.13394318818047632,-0.17777731506545066,-0.05149109047414132,-0.1059407635678822,0.36068981153726914,0.3351897351897352,0.19947065709777576,0.20312377092038109,0.16740885723936572,0.08477306273916443,-0.081057482752398,-0.1422706219316389,-0.14638691079369046,0.0327827056640616,-0.06888167057658583,-0.13409819681006122,0.010753434482248041,-0.1529578885511089,-0.177918442325222,-0.22504985725324708,-0.2599869515123752,0.06104101019355257,0.061461615698903835,0.09477366426518968,-0.11769180582739905,0.036305797322746476,0.06183502454688895,-0.08789822179652688,0.08933077916128764,0.0182452097706335,0.1567553686197754,0.04018286391167747,-0.011418352096318198,-0.1006852769564634,-0.18425251137115545,-0.1568789128111162,-0.10850557799710342
#101,-0.14316504485996012,0.012719961872504246,-0.2822244432413924,-0.2231957689584808,-0.16202658745031626,-0.15022510954714344,0.2890300161486602,-0.09986812698677106,0.18094967078017926,-0.06950355594423391,0.09795203524017083,-0.1130508011863944,0.09779471304895034,0.40603654501959585,1.0,0.42966865170255003,-0.1926040061633282,-0.24154323815340764,0.011610377712072628,0.0033343050292202834,0.29303386591522185,0.08278062345858957,0.07868099224031427,-0.016071387257827936,-0.09115941827806234,0.0295159566346007,-0.0841086078374214,-0.24911089826344063,0.04791154791154791,0.02799918562630427,-0.13422497998769184,0.054266901724528846,-0.22099788540466506,0.04896421845574388,0.1191340801510293,0.1155184460269206,0.07034985679053475,0.16837314972908193,0.01317804707635216,-0.05859973995567216,0.022519283536232688,-0.05583827278742533,0.2162111263806179,0.05386434199993522,-0.07811694591355609,0.056069166238657764,-0.2092727550354669,-0.23733718309989496,-0.24011438248726386,-0.18270751491090473,-0.11733181563690039,-0.12194644567525924,-0.24593391542544085,-0.23756437485251045,0.11291800274851123,-0.0710531795277558,0.1475163915841882,0.0706099011183757,-0.09844204759458997,-0.022087110222703443,-0.16780910340232374,-0.1873929399353128,0.13511338765576053,0.4273490748067019,-0.2900956426380155,-0.16605125927159825,0.16857720586534145,0.22324435375282833,0.16972704599823243,0.13513837412142496,0.048851779360253936,-0.017879204319882287,0.2483983212796772,-0.1440030168843728,0.2541590897523101,-0.11031293234683065,0.04654515840956519,0.0426028493825104,0.3792584572245589,0.223868552682112,0.07820810024199855,0.02045281028331876,-0.007920246903297751,-0.0308744800270224,-0.04219334897300999,-0.25437887810769166,-0.17538139063562794,-0.051597977021705835,-0.09805984721238958,0.02349236756016417,0.034116242590818864,-0.09597301461708241,-0.2336502912774099,-0.16320095133654455,-0.22722876960165095,-0.12943451926502775,-0.10347728313830008,-0.257293965768542,-0.2326397275549818,-0.23061443569918147,-0.1336979506471032,-0.28298421688252196,-0.12928645132034963,-0.20829550660059135,-0.115605435944419,-0.17175927853893955,-0.1527496680039053,-0.08413683328937566,-0.15961493080137149,-0.12109181600707024,-0.022335124030039285
#102,-0.23099247167043777,0.0743782303104337,-0.06857304145439738,-0.07591489794879626,-0.1866923934720545,-0.11492895052217086,0.07276614056275073,-0.3631588445147767,-0.1207563495699089,-0.18160672228468838,-0.12566526464831548,-0.32207554241452546,-0.20371187828814946,0.08787554889249805,0.42966865170255003,1.0,-0.21409051578543103,-0.08530240564138869,0.023459052272611594,0.34369855217312845,0.08305084745762711,0.3514027124196616,-0.22185158964819982,0.3037900766714326,-0.2369364742246098,0.17363603973773464,-0.034928765437240016,-0.019667587464197632,-0.21038233919589852,0.009916850594816697,-0.08991472211811195,-0.08426824359027749,-0.15571102689746757,0.10046224961479198,-0.020036369188911562,-0.010133399963908439,-0.23996492640560438,0.04248346960211367,-0.3118653322043153,-0.15533576720017397,0.08064751963057047,0.11409375477172087,-0.07192909396299227,-0.008845671557535965,-0.22433635484482942,0.07456933050153389,0.02483423330880958,-0.13892659994354908,-0.007767551835348446,0.022678456576761662,0.08112920316310147,0.031778157201886016,-0.01551474432830365,-0.027107076259618633,0.11450279246889417,0.16719462143190958,0.1238634628465137,0.2524086490188185,-0.12861181674740996,-0.1594650120073849,-0.1723612672765215,-0.06088970326258462,-0.15813656491622594,0.31658823692722,-0.1653400704248162,0.08254510288408594,-0.1794902761004456,-0.09409393985665172,0.11651883007815211,0.2827917285544404,0.13001753679719782,0.15346640939861278,0.2395100801880463,0.11746970391038188,0.215811342929987,0.13245556804878839,0.04581546106969836,0.16390751306005544,0.07072974361109954,0.09574119574119574,0.05022187056085361,-0.012899956967753578,-0.1975249517622399,-0.13382288297542536,-0.03227973736448313,-0.41848813374237104,-0.2380548499192567,-0.09047923115719726,0.025404294895820318,0.029441922662261644,-0.14601118838406973,-0.15991939551261586,-0.28330348838823416,-0.13381547957819145,-0.26128300874063587,-0.18738368568877042,-0.05608027133450862,-0.192432339889967,-0.016354567202024828,-0.05498734481785329,0.039845083912880525,-0.2220741542775441,0.01163999130100825,-0.11967776713539426,0.09667957634059329,-0.02731390866984087,0.04535136060559789,-0.032675819116497085,-0.1894459945307403,0.050052517849128016,0.0204417051874679
#201,0.46260035073594397,0.3796957203736865,0.7179833145934841,0.6347089770818585,0.00825247435416927,0.3826964098150539,0.25327577191983974,0.25053790308027596,-0.06892794180929775,0.7857466094754231,0.2877594080983911,-0.17706288723237876,0.14352827403674862,0.05210187074593854,-0.1926040061633282,-0.21409051578543103,1.0,0.7307342781919053,-0.09411892632231615,-0.3213708315403231,-0.04021386563759445,-0.0835639954284022,0.22717278141006955,-0.042737498669702056,0.42618905500261434,0.10640116233336572,0.4069522527149646,0.4434176857905672,-0.07341254968373613,0.26779244575854744,0.5356020118731983,0.3080798826561538,0.5867983545949648,0.37890864670525687,-0.2772914671219756,0.0996029928233318,0.0652725144250568,0.10132890980348608,0.28328590531980363,0.326599480836769,-0.17687595145222265,0.0001092001092001092,-0.11812536727790965,-0.007727758575216202,-0.208332986299088,-0.29324625087336953,0.2474219982694559,0.35091732718851365,0.04450228348533433,0.0833409680867308,0.21871347464567803,0.1600008328821888,0.34962219538490724,0.30055618021719716,0.029945816386494354,0.2663358273527765,-0.3920857683569548,-0.4424362729447475,-0.22836657921403683,0.039957523008370466,-0.16562278765668595,-0.09386397183007353,-0.1248587570621469,-0.022307361290412137,0.5530245191262141,0.24262182058792228,0.026499997686438365,0.03900711188846782,0.20669868635970332,0.08324611205967138,0.3444921038141377,0.37575850118223,-0.2606981403591573,0.07839688687146314,-0.6055275614597648,-0.23034698797410663,-0.1832003035392866,-0.13506804184770285,0.24089451547078666,0.2301887403582319,-0.2977285451861723,0.2013612996663844,-0.09638853028683537,-0.3557406404864032,-0.33125112786129735,-0.22101500576076846,-0.3226969650698464,-0.05000578390408899,0.06789192890887806,-0.4618678771221144,-0.07638223739918655,-0.35157345326836853,-0.37584687923670973,-0.3039885802597667,-0.39255403323199933,0.7683379835922208,0.2921570260553311,0.734283744453236,0.46385430114243675,0.5445541072659716,0.49683597310715955,0.3563107020734139,0.5349375569714553,0.7025236330321076,0.461664283698182,0.5841266536181791,0.4336475150034472,-0.17101107270598795,-0.004989427023325328,-0.22659577913815201,-0.3615416649314954
