,#10,#11,#12,#13,#17,#18,#26,#49,#50,#51,#52,#53,#54,#58,#101,#102,#201,#202,#301,#302,#401,#402,#501,#502,#601,#602,#701,#702,#801,#802,#901,#902,#1001,#1002,#1101,#1102,#1201,#1202,#1301,#1302,#1401,#1402,#1501,#1502,#1601,#1602,#1701,#1702,#1801,#1802,#1901,#1902,#2001,#2002,#2101,#2102,#2201,#2202,#2301,#2302,#2401,#2402,#2501,#2502,#2601,#2602,#2701,#2702,#2801,#2802,#2901,#2902,#3001,#3002,#3101,#3102,#3201,#3202,#3301,#3302,#3401,#3402,#3455,#3501,#3502,#3601,#3602,#3701,#3702,#3801,#3802,#3901,#3902,#4001,#4002,#4101,#4102,#4201,#4202,#4301,#4302,#4401,#4402,#4501,#4502,#4601,#4602,#4701,#4702,#4801,#4802
#10,1.0,0.37032718388650593,0.2736027244501821,0.37484233077453416,0.3482248041570076,0.134703424533933,0.13630487189809223,0.40927645673408386,0.1290527815951545,0.4906347024991093,0.37938246412822685,0.29782108765159615,0.34175839938551805,0.0827403674861302,-0.2776167538879403,-0.18522096827181572,0.3962113114655488,0.0771558924101297,0.2402513453360911,0.1061244603617485,-0.16970113410791376,-0.043287663626646676,0.21262556855777195,0.09600447905532651,-0.013675000115678081,0.1009638297773891,0.1848910543825798,0.3348130873554602,0.07585844704488773,0.09078647214240435,-0.05167386184335337,0.031848026763281,-0.03278131752708024,-0.03964149048894811,-0.1898337474608661,-0.02621866859154995,0.1837893363317092,0.11619030432589754,0.157188930070286,0.13425228001499187,0.18241137902154853,-0.04189027239874697,0.10470115724353013,0.04071220681390173,0.08501089687530365,0.07349028535469214,-0.05356034000101797,0.14751500344720683,0.1420337132201539,0.08281995400639468,-0.09877288690848013,-0.0730099899591425,-0.058860246995840214,-0.016096373723492367,-0.23454656505503962,-0.18288889814313544,-0.2887773752180532,-0.2632472225692565,0.020734602090534293,0.10012678317763063,-0.018953159631125732,0.12382135602474585,0.010559095304858017,-0.05453805114822064,0.30226034971797683,0.29488517793602537,0.14848392306019426,0.07894982810237047,-0.18939555888708431,0.05293614107173429,-0.1897731321460135,-0.027583669956551312,-0.21914934965782423,0.0967934035730646,-0.2884715223698275,-0.01773206179985841,-0.21999472507947085,-0.17229232313978077,0.14638135824576504,0.2804684499599754,-0.0013538962691505064,0.17590980811319795,-0.14854037396410277,0.06679437526895154,0.10686433737281195,-0.22428314292721072,0.03341569612756053,0.15155540748761087,0.16619608822998652,0.1393596986817326,0.16074302345488786,-0.05726481489193354,-0.09986349986349986,0.033374977442774054,-0.013524618609364372,0.3138929376217512,0.26368217215674844,0.17336072590309878,0.03988765344697548,0.08133511014866947,0.08701444125172939,0.021362040006107804,-0.164981931083626,0.22566387651133413,0.015691963149590267,-0.1934322612288714,-0.03615263954247005,-0.058078263163008924,-0.015059435398418449,-0.17532401430706515,0.03155235358625189
#11,0.37032718388650593,1.0,0.19482086092255585,0.3676226303344947,-0.0020160376092579484,-0.02846097252876914,0.2058121295409431,0.3121818274360647,0.4035726018776866,0.47792954742107285,0.17858289722696502,0.009839577636187806,0.05473516659957338,0.24580019156290342,-0.07415890466737925,-0.025174789581569244,0.1946237454712031,0.15255347797720678,-0.07805077805077805,-0.11700190174766446,-0.17883553815757205,-0.14269816812189692,0.021153819458904204,0.0804082973574499,-0.1920931717541887,-0.12142358074561464,0.0858016722423502,0.07480855277465447,-0.11262788211940754,0.01943114146503977,-0.030694947644100187,0.047044425010526705,0.0850534664093986,0.16673005825548198,0.003887246260127616,0.08167659184608338,-0.04336956370854676,0.005399390145152857,-0.07558313321025185,0.05345252802879921,0.37283415927483726,0.021687789484399655,-0.15024176719091972,-0.16688830587135672,-0.21936589902691597,-0.16905611312390972,0.05155401935062952,0.02582258683953599,-0.025645830730576493,-0.08183437674963098,-0.1399899128712688,-0.08636895755539824,-0.09665921699820004,-0.1354659744490253,-0.25423821356024745,-0.24488217030589912,-0.1597949258966208,-0.22559724593622899,-0.09368721572111402,-0.09169061202959508,0.02887556277386786,0.07016477185968711,-0.2436296080363877,-0.058901428392953814,0.24445092241702412,0.18886529056020582,0.022273120578205324,-0.03453684809617013,0.05325772613908207,0.22098678030881422,0.05765719494533054,0.21392393934766815,-0.058845440201372404,-0.10369013080877487,0.028721942281264314,0.05797322746475289,0.08601081821420804,-0.022587764960646316,-0.07644470356334764,0.10325934563222698,-0.18497341717680701,-0.11524868474021016,0.03964565489989219,-0.013642147540452626,-0.1673894233216267,0.008259415039076056,-0.07348612094374807,0.2986720156211682,0.10249124316920927,-0.09511144426398664,-0.15522841794028236,-0.06889046211080109,-0.24725912353030996,0.03555944233910335,-0.06861098386522116,0.12838092329617753,0.04350513842039266,-0.011605287876474317,0.2151283795351592,0.09719226159904126,0.14061318637589823,-0.026503699385055316,0.020328803379650838,-0.05224669970432682,0.16095402027605418,0.050277396040107905,0.18735083311354497,0.065708389437203,0.07040862125607888,-0.12034592373575424,-0.051153773187671496
#12,0.2736027244501821,0.19482086092255585,1.0,0.3637353840743671,0.24676726032658236,0.05102375102375102,0.0020141867599494717,0.1354562574901558,0.157041324837935,0.34162560094763483,0.1520815114035453,0.1046086147781063,0.09720845653049043,0.21057991735957837,-0.3332653146212468,-0.004398543381594229,0.1877968877968878,0.683477468223231,-0.06838888194820399,-0.02664251308319105,-0.3942429332259841,-0.136952669156059,-0.04095698163494774,-0.14336493658527558,0.05264740857961197,0.06216725199776047,0.24407196102111356,0.16586247264213366,0.14733408292730327,0.1728864457678017,0.27726185353303995,0.15331093805670076,0.27851626665185986,0.0006667684633786329,-0.12434190739275484,0.018191072428360565,-0.1353785218191998,-0.06424945746979645,0.012110107025361262,-0.014443565291022918,0.2389363169024186,0.012888389159575601,-0.20905805651568363,-0.09204412424751408,-0.12237214101620882,-0.21788660771711618,0.015754892026078465,0.12324296561584697,0.12218474252372558,0.09860584775839012,0.04602183076759348,0.35421415251923727,0.23197989977650996,0.3353118912440946,-0.16666389039270396,-0.014957175974125127,-0.3384106756988113,-0.35260854074413395,-0.20105267054419595,-0.1636673653622806,0.07120633730803222,0.022229625619456128,-0.28747854171582987,0.11618752805193483,0.375964408167798,0.25959040704803416,0.17647246630297478,0.10243062785435667,-0.09226298717824141,0.25799219867016476,0.36483478856360213,0.42529602021127444,-0.21330853195259974,0.2717560395526497,-0.09866692578556985,0.09110250466182669,0.05647172596325139,-0.08319706455299676,0.1283411300360453,0.22457742796725846,0.06956972380701194,0.03275170393814462,-0.1454503810436014,-0.01719762906203584,-0.10097632301022132,0.05021446716361971,0.06598370327183886,0.1731918359037003,0.14168760439946881,0.046957897805355434,-0.08846226812328507,0.03482465516363822,-0.16399727925151655,-0.08258674699352665,-0.28273203866424207,0.4360975767755429,0.2387058861635133,0.4954570903723446,0.20107904514684175,0.20425972968345849,0.546769573888218,0.5183965167016015,0.24601211380872398,0.5373381085245492,0.4081414233956607,0.22264467857688197,0.2669031126658245,0.11365464077328484,-0.025316379553667688,-0.10394462258869039,-0.2745961678165068
#13,0.37484233077453416,0.3676226303344947,0.3637353840743671,1.0,0.13579218663964426,0.09355996983115628,-0.026328331413077177,0.1260817057427227,0.10148253029608961,0.4652914856304687,0.06256842358537273,0.11829286914032677,0.2623167080794199,0.17861389895288202,-0.21512236427490664,-0.01050033083931389,0.23338469440164356,0.11330853195259975,0.05362511972681464,0.008291342189647274,-0.24752101870745938,0.026825284452403095,0.11936867530087869,0.10219742084148864,-0.07428429970802852,0.09397502278858211,0.22953631597699395,0.4195842992453162,-0.08009781738595298,0.0542294220260322,-0.04723830147558961,0.3494102731390867,0.04714483358551155,0.08361998361998361,-0.09244298227349075,0.06770221685475923,0.028586367569418417,0.04430609345863583,0.03549003549003549,0.1569372145643332,0.20715306986493426,0.13298352281403128,-0.17136782391019678,-0.05010665519140096,-0.010884382070822748,-0.019335822725653234,0.09576757034384153,0.269041769041769,0.013371923541415066,0.11495995224808785,0.034323075001041106,0.12182521504555403,0.0006825006825006825,0.07068671136467747,-0.30468449959975386,-0.1192164429452565,-0.28094967078017924,-0.2523008370465998,-0.10316726587913029,-0.0665028665028665,-0.01742620895163268,0.0028785333870079634,-0.20612122137545866,-0.07080100130947589,0.3344179310281005,0.21364399838976111,0.12174100140201835,-0.016844116844116845,-0.1908313552381349,0.13566401532503228,-0.08722266179893298,0.12751703938144615,-0.1772743467658722,0.09785301480216735,-0.26209229260076716,0.0020456511981935713,-0.07165285470370217,-0.045996381589601926,0.13773696655052586,0.21840900993443366,-0.015024269261557397,0.11209298666925785,0.09478569478569479,-0.0051837662007153534,-0.07788281347603382,-0.07562940444296376,-0.010269437388081455,0.1742907776806082,0.22162856230652841,-0.09631727258845903,-0.04930338659152218,0.02376120342222037,-0.1947736642651897,-0.005005621954774497,-0.15476431747618188,0.17289431187736273,-0.07869718717176344,0.14953751902904444,0.1259849988663548,0.15192835362326887,0.2864476186510085,0.11580116325879038,-0.007202580083936016,0.11717403073335277,0.031316370299421144,0.04079040519718486,0.07058537736503838,-0.07479744767880361,0.02875433214416265,-0.14225766598647954,-0.15337756863180593
#17,0.3482248041570076,-0.0020160376092579484,0.24676726032658236,0.13579218663964426,1.0,0.3626915050643864,0.21340940323991173,0.10609160778652305,0.11901007324736139,0.2078119722187519,0.19498095938773904,0.5429892141756548,0.4369165775945437,0.3341217951387443,-0.1442154018425205,-0.2525812407168339,0.2777972116955168,-0.13270820897939542,0.07219283998945016,0.19668836787480856,-0.1,-0.11109260261802635,0.1084153490933152,-0.15409569816349478,-0.2374690561131239,-0.14742246098178302,-0.009260724514961804,0.07829231388553422,0.30413757362909905,0.257406404864032,0.10518839332398655,0.0418254926729503,-0.005023667735532142,0.04479286682676513,-0.03651401786995007,0.2747442357611849,0.4931999796406576,0.43979511098155166,0.31530328479481023,0.255763313390432,0.2204051509136255,0.2094883789799044,0.21045035790798503,0.2599656667453278,0.27530226682769054,0.2586784010512824,-0.11753679719781415,0.06525955847989746,0.031901238680899696,-0.0317050486542012,-0.07649791548096632,0.0026573568946450304,-0.12404901048968846,-0.08357417509959883,-0.36628400357213914,-0.18311007463549836,-0.415644303779897,-0.2551344873378772,0.06346145837671262,0.09772021636428416,-0.0037859122604885316,0.086220426898393,0.20295488092098263,0.33267766996580556,0.06834446156480055,0.06545389765728749,0.47708139572546354,0.3249272384865605,-0.17270783880953372,0.1097789623213352,-0.13023917600188786,0.07008611076407686,-0.13428235631625463,0.17064691810454521,-0.2836556124691718,-0.22677531152107425,-0.34477620918298885,-0.3019854985956681,0.5652808432469449,0.23232230689857808,0.21612783816173647,0.4323690408436171,-0.022023255921561007,0.2031677285914574,0.4804448516312923,-0.053521009453212844,0.14647667698515157,0.31182831521814575,0.2748353900896274,0.3060434857045026,0.340631694868983,0.10730946663150052,0.0694790321908966,-0.0005927344910395758,-0.0537500520551368,0.0880319456590643,-0.039411059750042804,0.06861468556383811,-0.16634415617466464,0.03393948648185936,0.04766677309050191,0.20455725370979608,0.17248064705691823,0.1223281833451325,-0.04848947560811968,-0.1939269007065617,-0.06819546819546819,-0.08821656787758482,0.13424626475473933,-0.1152496101648644,-0.06019979918285003
#18,0.134703424533933,-0.02846097252876914,0.05102375102375102,0.09355996983115628,0.3626915050643864,1.0,0.34574050167270504,0.04179310281005196,0.05522147725537556,0.0666578751324514,0.10922740922740923,0.5493089391394476,0.5436842080909877,0.3556240369799692,-0.1280963552149993,-0.061259410411952785,0.1723534011669605,-0.16391676730659782,0.012104091765108715,0.23582041209159854,-0.032005348954501495,0.006529796360304835,0.02597805818144801,-0.040903769717329036,-0.1930232235316981,-0.06104933901544071,-0.1520111791298232,0.01082700574225998,0.476857905671465,0.5385934470680234,0.24522550285262149,0.21932888204074644,0.06592447609396762,0.01642073506480286,0.13239587815859002,-0.06233614199715894,0.375210649786921,0.24039062174655396,0.1875137078526909,0.1297320432913653,0.09666291869681701,-0.0030178097974708144,0.4313246991213093,0.4755257568816891,0.4012035147628368,0.29921107548226195,-0.19079757723825522,0.012001832340815392,-0.05483372432524975,-0.014967355645321747,-0.012094837518566333,-0.05686965856457382,-0.0794976794976795,-0.13840928756182994,-0.22822730280357398,-0.12379636955908142,-0.3611872272889222,-0.18042217872726346,-0.24610373084949355,-0.06163467010924638,-0.16176885668411092,-0.182498831651374,0.0749279325550512,0.04091441210085278,-0.1380159820837787,0.04997478217817201,0.39058010244450925,0.05629589527894613,-0.022495222495222494,0.11541479846564592,-0.195260437633319,0.05623851895038336,-0.06486579028951911,0.2851150071489055,-0.09408977544570765,-0.18555273301036013,-0.29202654117908355,-0.4464951854782363,0.20127662331052162,0.43314732297783143,0.6943410282393333,0.5724556605912539,0.14638644808136334,0.7192904769175955,0.43716320326489816,0.10572375148646335,0.17619992874230161,0.046127329178176635,0.11475589611182832,0.34249041028702043,0.5038048834659005,0.25198804351346726,0.2711966203491627,-0.12753277160056822,-0.03922088498359685,-0.08325999342948495,-0.18262052499340634,-0.08226886362479582,-0.1782210561871579,-0.06965902728614592,-0.08919381631246039,0.3454041098108895,0.33969794139285664,-0.05739622519283536,-0.21884210867261714,-0.37237838763262493,-0.19184238167289014,-0.13952905139345817,0.15143787855652263,-0.22074524447405802,-0.25977086485561063
#26,0.13630487189809223,0.2058121295409431,0.0020141867599494717,-0.026328331413077177,0.21340940323991173,0.34574050167270504,1.0,0.06331662941832433,0.23385943724926775,0.23576025948907306,0.27336026319077167,0.3688441908780892,0.28769694193423007,0.31173901173901175,-0.008571283147554334,-0.1355219626406067,0.15760861015098304,-0.1883077222060273,0.03106511750579547,0.05500816687257365,-0.023243428328174092,-0.20084306186001102,-0.05592618812957796,-0.16941286432811856,-0.30326859987876936,-0.29718069379086326,-0.12202834575715932,-0.1268544353290116,0.17364807025823975,0.27174632259378023,0.10906545991291754,-0.005105105105105105,0.115850210765465,-0.0034115779878491743,0.0007111888467820671,0.07951248629214731,0.33577043916026966,0.27124474243118313,0.11436721775704826,0.021252377184580576,0.12835686225516735,0.019810102860950318,0.20419124825904486,0.23250831725407997,0.09985378290463036,0.14209294039802514,-0.052945395318276675,-0.03138346358685342,-0.040525733746072726,-0.2393967156679021,-0.21711295270617303,-0.20622440622440621,-0.13181702503736403,-0.18414331126195532,-0.22945487860742098,-0.2394540919964649,-0.25097794250336625,-0.20489040658532184,-0.03599670548823091,-0.05949138661003068,0.04716889462652175,0.08035138374121426,0.07417324874951993,0.15892872842025385,-0.004492011271672289,-0.015950619340449848,0.4292721072382089,0.31394938852565973,0.06987233766894783,0.18926137231221976,-0.0006080039978345063,0.1172767528699732,0.046265680163985246,0.10279246889416381,0.018322945441589508,-0.09841983740288825,-0.08817307291883562,-0.28873573110861245,0.2544834510936206,0.16719230787027398,0.09926660096151621,0.3507137337645812,0.09266647232748927,0.3200955963667828,0.3500270686711365,0.11727582744531898,0.1819241429410921,0.14169917220764677,0.022609975152348034,0.07453601521398132,0.10316865401611164,0.003979788725551437,0.009546218020794292,-0.07562477731969257,-0.04168529083783321,-0.0047853708870658025,-0.1383574637811926,-0.14899198119537102,-0.03673056723904181,-0.035724630639884875,-0.017304978321927473,0.06556263505416048,0.10912191081682607,-0.0862495777750015,-0.14190878089183173,-0.3799932444000241,-0.11975689094333163,0.016310609530948515,0.20466275212037924,-0.03148017046322131,-0.07707908216382793
#49,0.40927645673408386,0.3121818274360647,0.1354562574901558,0.1260817057427227,0.10609160778652305,0.04179310281005196,0.06331662941832433,1.0,0.35718569108399617,0.17296233058944924,0.3869330038821564,0.16776514573124743,0.05557406404864032,0.13737373737373737,-0.01640639098266217,-0.05112786129735282,0.036896218252150455,0.12608263116737692,0.0005441496966920696,-0.06626734592836288,-0.0012368300503893723,-0.12421373607814286,0.06538587894520098,0.020266799927816877,-0.10872860533877483,0.013808261265888385,0.04866761985406053,0.06396997922421652,0.1310998209303294,-0.09312270668202871,-0.05744388456252863,0.01179546264292027,0.1707815673917369,0.04284577335424793,0.0347589500131873,-0.021683162361128463,0.0559974458279543,0.07667282074061735,-0.026246431331177093,-0.035291531901701395,0.08591735032412999,-0.09314769314769315,0.020509723899554407,0.03589583420091895,-0.23593192576243424,-0.14930940185177474,0.0430049463947769,0.060934586358315175,-0.06189841613570427,-0.08435939791871995,-0.1128398043652281,-0.06534654839739586,-0.10390806831484797,0.010928339741899063,-0.12646529426190442,-0.13131498216243978,-0.26926202010947775,-0.1794421540184252,-0.25376069443866056,-0.28622968114493536,-0.07664783427495292,-0.12504476741764878,-0.08875747858798706,-0.058891248721757196,0.10239453629284138,0.03234729336424252,0.14656551775195842,0.007383963316166706,0.07527589222504477,-0.013245603076111551,0.06986863597033088,0.045195889263685875,0.19377929547421072,0.12076190211783432,-0.002904907989653752,0.009151061693434576,0.005791307486222741,-0.15905504888555735,0.03224734750158479,0.11803884007273838,-0.01738872925313603,-0.13918618155906293,0.14129244807210908,-0.03125806854620414,0.05092010346247634,-0.06042652822313839,-0.022334661317712164,0.08137767968276442,0.02781271255847527,-0.04505938912718574,-0.07059046720063669,-0.08475779323236951,-0.24078485264925942,-0.025570408621256077,-0.12510399459552002,0.12922583600549703,-0.0028280977433519806,0.14319558387354997,0.2775926928469301,0.2673889606092996,0.22377832377832377,-0.02951225493598375,-0.0948102185390321,0.07591165896250641,0.10981366574586914,0.1523040760328896,0.2462207970682547,-0.11426773460671766,-0.12449460246070415,-0.1810621098756692,-0.11589740742283115
#50,0.1290527815951545,0.4035726018776866,0.157041324837935,0.10148253029608961,0.11901007324736139,0.05522147725537556,0.23385943724926775,0.35718569108399617,1.0,0.27216877894843994,0.18510297662840036,0.10524253066625948,-0.1381543330695873,0.276003276003276,0.0772262246838518,-0.11067569881129204,-0.17996131724945283,0.02607846675643286,-0.27765377087410986,-0.1265518214670757,-0.10083056862717879,-0.22319669438313505,-0.0317050486542012,-0.0838083075371211,-0.3008338076134686,-0.12290287205541443,-0.05904533192668786,-0.03502315875197231,-0.010838110838110837,-0.037207623648301616,0.10664639986673885,0.022043615263954246,0.28477352545149154,-0.05075167617540499,0.04224054563037614,0.19174012224859682,-0.06782205934748307,0.048779596237223354,-0.0827112166095217,-0.08094087924596399,0.22934845477218357,0.014946070878274268,-0.09665967971052716,-0.18653368314385263,-0.10435366028586368,-0.23016051490627762,0.10410333291689224,0.010646085222356409,-0.17503065469167164,-0.11627498068176034,-0.1356741949962289,0.010845051523017625,-0.19167210353651032,-0.1774247282721859,-0.21872411702920178,-0.257903820615685,-0.19577589916572968,-0.15619872569025112,-0.18169093592822405,-0.20836815243594906,0.011216146809367148,-0.02248735638566147,-0.1703364381330483,0.18677429355395458,-0.03651077888366024,-0.01628145865434001,0.211219385795657,0.0927978826283911,0.17234784861903507,0.20647427088105055,0.2934882494204528,0.2660040626142321,0.049828102370475254,-0.053001846222185206,0.0639042740737656,-0.17970682546953734,-0.0012104554477435833,-0.15249101181304572,-0.0457437406589949,-0.06138064104165799,0.034426259849988664,-0.10138859969368444,0.016156063613690732,-0.006570977757418436,0.0124839785856735,0.19481808464859313,0.11952738562908054,0.2044295451075112,0.09873633263463771,-0.09467834552580315,-0.24402522707607455,0.21800737563449427,-0.15212084195135042,0.09857530874480026,0.04709902506512676,-0.0945196351976013,-0.2715815970053258,0.029334110690042894,0.1384065112878672,0.239345817311919,0.19359374783103597,-0.02494713511662664,0.16321020558308694,-0.004634526668424973,0.14696298764095375,0.065669521601725,0.1767200173979835,-0.02664714020646224,-0.11848073034513712,-0.01927567012312775,-0.027589685216803862
#51,0.4906347024991093,0.47792954742107285,0.34162560094763483,0.4652914856304687,0.2078119722187519,0.0666578751324514,0.23576025948907306,0.17296233058944924,0.27216877894843994,1.0,0.21065533946889878,0.17645256967290865,0.31501085060407097,0.21604732621681774,-0.16159487684911414,-0.23669123669123668,0.3481364261025278,0.1903274615139022,0.14059421517048637,-0.09508923407228492,-0.2828736286363405,-0.22562315782654765,0.07031098895505675,-0.1349283027249129,0.020170093051448984,-0.14907295585261687,0.3383264620552756,0.27673760046641405,0.019082719082719083,0.03431382075449872,0.004140812615388886,0.14236686609567967,0.15313140567377856,-0.024587144926127978,-0.11309151987118089,-0.05197046044503672,0.0470902335309115,0.021852977785181176,0.029161056279700347,0.010994507604677095,0.29092528584054006,0.08019868867326495,-0.14859266045706723,-0.019495458478509326,-0.03252034777458506,-0.0813550067787356,0.13622019554222944,0.18134667795684745,0.2014728133372201,0.04505476200391455,0.07477292392546629,0.06667823447484464,0.1635845398557263,-0.03309318563555852,-0.1817112952706173,-0.29565189226206173,-0.27324088341037495,-0.47002827172318695,0.020395433954755987,0.016238426407917932,0.09299268451810824,0.23262445804818685,-0.08094226738294535,-0.09280297246398941,0.40969521139012666,0.2916355492626679,0.1461967360272445,0.0554283096655978,-0.1438836371039761,0.07084403355589797,-0.008477815257476274,0.18331875789502908,-0.2542539457793695,-0.010329127278279822,-0.24413905430854582,-0.027659092065871728,-0.05536676892609096,0.033207475580356936,0.06860358046798724,0.08042495500122619,-0.029153190170139322,0.09542238694781068,-0.06708958573365353,0.05477310901039715,-0.05286997320895626,0.002778124812023117,0.045637316823757504,0.18061003993207383,0.15603538823877808,-0.05978659707473267,0.043826260775413316,-0.07301091538379674,-0.2616235650133955,0.04998773812333134,-0.08742023996261285,0.4039122327257921,0.07172133612811579,0.2353595506137879,0.1466418652859331,0.2019327493903765,0.2461407478356631,0.04624902252020896,0.083423330880958,0.2577784255750357,0.12867520833622528,0.02470930098048742,0.07654187315204264,0.12409111731145629,0.04754461703614246,-0.04065390506068472,-0.06883354849456544
#52,0.37938246412822685,0.17858289722696502,0.1520815114035453,0.06256842358537273,0.19498095938773904,0.10922740922740923,0.27336026319077167,0.3869330038821564,0.18510297662840036,0.21065533946889878,1.0,0.2118273897934915,0.16286641032403745,0.20327461513902192,-0.046008412110107026,-0.1124839785856735,0.07314834094495111,0.04553737096109978,0.07908170111559942,-0.05404387438285743,0.046936613038307956,-0.11161778110930654,0.10063854301142437,-0.06561723510876054,-0.04336910099621964,-0.02952150918252613,0.025910039469361504,-0.015799312409481903,0.1641703336618591,0.056974231550502734,-0.07543969238884493,-0.13745702559261883,0.08020516664584461,-0.0544667934498443,0.04345238921510108,-0.050864577983222053,0.12992684518108247,0.1400088840766807,0.04582656616554922,-0.07386924675060268,0.07715080257453139,-0.03742741200368319,0.11119439932999255,-0.03253284100741728,-0.0807206281782553,-0.10435875012146198,-0.1037512088359546,-0.05445985276493751,-0.02341602002618952,-0.08987076444703564,-0.1910275452648334,-0.1835177241956903,-0.11216007995669013,-0.10815206577918442,-0.07304006626040524,-0.22534275415631347,-0.15978382080076994,-0.17043036873545347,-0.026489355302914627,-0.08836556124691718,0.01948389067033135,-0.04976980061725825,-0.04020137240476224,0.04487615504564657,-0.008160394601072566,0.0005094462721581366,0.23489591286201456,0.18836278497295447,0.0441020373223763,0.03166340454476048,0.03430873091890041,-0.034112540892201906,0.017977762045558655,0.04669924161449585,0.03379604566045244,0.050849771188754236,-0.023505323505323507,-0.17977253061998824,0.09555009555009555,0.08544445832581425,0.0028137536612112884,-0.05226382006043023,0.049551400398858025,0.023190679122882512,0.21556055284868844,0.01981981981981982,0.11762980237556508,0.14704072331190976,-0.025903561496781836,-0.07385258910682639,0.026112244756312554,0.0607971607971608,-0.06648852242072581,0.07161444958055127,-0.04727902016037609,0.10696752222175951,0.09184700879616134,0.12396849854476973,0.023589537148859183,-0.008410721970044005,0.04005608073404684,0.0064127301415437005,-0.05407672695808289,0.12346691838217262,-0.0018837018837018838,-0.10198040876006978,0.01845666930412693,-0.040133353692675726,0.06453818996191878,-0.047201747201747205,0.0009166331200229505
#53,0.29782108765159615,0.009839577636187806,0.1046086147781063,0.11829286914032677,0.5429892141756548,0.5493089391394476,0.3688441908780892,0.16776514573124743,0.10524253066625948,0.17645256967290865,0.2118273897934915,1.0,0.6638311655260808,0.24720868788665398,-0.2502024366431146,-0.2618405770948144,0.3470328572023487,-0.16645798340713594,0.07266017943984046,0.16563713173882666,-0.13543959984637952,-0.08334143079905791,0.13006103175594702,-0.0885742445064479,-0.17778980829828286,-0.12126348228043143,0.1580801140123174,0.195917026425501,0.3578242340954205,0.29454277081395724,0.19011831554204436,0.2494343341800969,-0.06537986368494843,-0.0008268669285618438,0.11870884752240685,0.08537967860001758,0.4385605944927979,0.3284128504467487,0.19917544663307374,0.06482507160473262,0.2212380331024399,0.14269076472466302,0.368221842798114,0.3608841507146592,0.315259789836061,0.32117001439035336,0.10756071942512621,0.22756562417579368,0.05294215633198684,-0.06480610039932073,-0.04588949504203742,-0.09771836551497569,-0.025739761332981673,-0.1869399445670632,-0.32140646038951126,-0.24402291351443894,-0.46884048917947224,-0.29420545352748745,-0.10516988483090178,-0.038393555342707886,-0.031504231504231504,-0.04855425533391635,0.07330381228686314,0.08845301387674269,0.12912172573189523,0.13272440391084458,0.4294386836759718,0.16615074242192887,-0.1706126773923384,0.012850446748751833,-0.17341856494398866,0.042893895436268314,-0.06738109449973857,0.18972084565304903,-0.22977646367476875,-0.31262325499613636,-0.3284040589125335,-0.3913495930445083,0.5099857947315575,0.2940425787883415,0.34415987636326617,0.5440428101445051,0.15792834436902234,0.49141205920866937,0.5582540938473142,-0.02205240679816951,0.0569612756053434,0.322702980330099,0.25108020192765956,0.3550451838587432,0.41086818713937356,0.07381927381927382,0.06403522166234031,-0.14230116094522874,-0.11322709458302678,0.014277451565587159,-0.12291305172661104,0.02043615263954247,-0.06040015362049261,0.11050958508585627,-0.03492969086189425,0.20001804578075766,0.0976244349125705,0.058995821707686115,-0.1437309420360268,-0.33668568414331124,-0.08830031880879338,-0.12639635012516368,0.07101708796624051,-0.1582133751625277,-0.11537361706853232
#54,0.34175839938551805,0.05473516659957338,0.09720845653049043,0.2623167080794199,0.4369165775945437,0.5436842080909877,0.28769694193423007,0.05557406404864032,-0.1381543330695873,0.31501085060407097,0.16286641032403745,0.6638311655260808,1.0,0.29069392967698054,-0.34415941365093905,-0.3033611423441932,0.43833432816483664,-0.15193899600679261,0.12150362997820625,0.23972570413248379,-0.11539952895885099,-0.02448257194019906,0.13693277252599287,-0.03959198026994637,-0.023260548684277498,0.02813337220116881,0.15880796050287577,0.2580102444509224,0.2878718471938811,0.33515734532683683,0.11461893326300106,0.26828153268831234,-0.04472531082700574,0.026996950725764284,-0.018144801195648652,-0.14057385582809312,0.40072507021659565,0.18585673500927738,0.16203815525849424,0.03393717292022377,0.19652317957402704,0.007425607425607426,0.3267114572199318,0.416339760407557,0.28431035041204533,0.3659045794639015,0.08775385555046572,0.27440784389936934,0.14045355062304216,0.10702027142705109,0.08696909544367172,-0.037340884798511914,0.08638607791150164,-0.07827843251572066,-0.2880490660151677,-0.16423048626438458,-0.3300133723862537,-0.19571158215226012,-0.035576562695206766,0.10263098229199924,-0.16605588639486946,-0.08309989496430174,0.08874267179351925,-0.0672922537329317,0.06385291300545538,0.04189073511107409,0.37918627410152833,0.11301470962487911,-0.3355996983115627,-0.04024024024024024,-0.3482377601021669,-0.05439923745008491,-0.19983573712387273,0.1617896787388313,-0.24546194885177935,-0.1607735624684777,-0.3547916175034819,-0.3055053512680631,0.45110287483168837,0.33992976026874333,0.3027267637437129,0.6793412827311133,0.2708926183502455,0.5335480318531166,0.42275341597375493,-0.07239226900243849,-0.03228528991240855,0.2134862134862135,0.20002776273962714,0.26197106197106196,0.5479129360485293,-0.026489818015241744,0.09586150094624671,-0.1345456396303854,-0.11456572134538236,0.08511084273796138,-0.09077629247120772,0.08658041708889166,-0.12607430234548878,0.098733556360675,0.003354201659286405,0.20714289019373766,-0.017730210950549934,0.034920899327678986,-0.13419767996039184,-0.3154004543835052,-0.12042921195463568,-0.20829273032662862,0.11205874595705104,-0.26334392944562435,-0.13189846240693698
#58,0.0827403674861302,0.24580019156290342,0.21057991735957837,0.17861389895288202,0.3341217951387443,0.3556240369799692,0.31173901173901175,0.13737373737373737,0.276003276003276,0.21604732621681774,0.20327461513902192,0.24720868788665398,0.29069392967698054,1.0,-0.0570339214407011,-0.08291388460879986,-0.007330751398548009,-0.05204079271875882,-0.15524646372103998,0.10999921338904389,-0.09706409028442926,-0.02033250507826779,0.0749885478699038,-0.04289944798419375,-0.2521925623620539,-0.14330570940740434,-0.16571810639607248,-0.05690251113979927,0.2501284026707756,0.2819750412970752,0.010091293142140599,0.14879116404540133,0.34360138258443346,0.19099700625124355,0.037693934304103796,0.15191909937672649,0.3047710268049251,0.27642850863189844,0.20594353984184494,0.1703267211741788,0.1463304598897819,0.08480313904042718,0.06550942313654178,0.1487342504291657,0.006507586168603118,0.10555208521310216,0.019147961520842877,-0.016833474460593106,-0.1424936492733103,-0.12555930352540523,-0.0853292429563616,-0.1145472128522976,-0.1579880342592207,-0.10460167409319952,-0.25560923018550136,-0.1689464503023825,-0.36699010258332293,-0.07082413692583184,-0.2213689806910146,-0.11597745665542275,-0.13482650601294668,-0.15722918604274536,0.017818126292702564,0.14430007819838328,-0.09204597509682255,-0.0709370387336489,0.6271556610539661,0.22251650726226999,0.07582790803129787,0.3442709273217748,0.09796869288394712,0.19390098881624304,0.044242239157493396,0.14101805966212747,0.00874387484556976,-0.21222069527154272,-0.0994188333171384,-0.35365010619247905,0.2345632226988159,0.3219015625795287,0.18885418546435495,0.37039982972186364,0.32490040117158764,0.2620103925188671,0.29369508183067505,-0.03106049038252428,-0.07153810204657662,0.22572356640153252,0.31595570917604815,-0.08076782483562145,0.05875891299620113,-0.0014723506248929977,-0.08639579487037115,-0.17971052716815428,-0.3002373714238121,0.044402337622676605,-0.19144074737295078,-0.026268641522878812,-0.022232864605745962,0.10460398765483511,0.11956810431386702,0.016992647501122077,0.34347321126982144,0.0017444254732390326,0.09912038386614658,-0.09294733871005058,0.0996247403027064,-0.2008162245450381,-0.025136847170745477,-0.27981093574313914,-0.30422965338219576
#101,-0.2776167538879403,-0.07415890466737925,-0.3332653146212468,-0.21512236427490664,-0.1442154018425205,-0.1280963552149993,-0.008571283147554334,-0.01640639098266217,0.0772262246838518,-0.16159487684911414,-0.046008412110107026,-0.2502024366431146,-0.34415941365093905,-0.0570339214407011,1.0,0.3459760222472087,-0.1730655154383968,-0.2731020697122392,-0.0008587940791330622,-0.14016111643230286,0.546086147781063,0.09880666490835982,0.1865669984314052,-0.057540591438896525,-0.023154124849040104,-0.15169005677480255,-0.5546921343531513,-0.5249258503495792,0.043108131243724465,-0.13450769721956163,-0.11819847582559447,-0.1381834839461958,-0.04209294039802514,0.14062614232105758,0.07618049482456263,0.15503963131081774,0.11677794898133881,0.19540989371497847,0.27467714247375263,0.17458598814531018,-0.1920427361105327,0.014413026277433056,-0.051463327734514175,-0.04516812652405873,-0.022416561399612248,-0.005172661104864495,-0.32062540198133416,-0.3978442232679521,-0.3923212889314584,-0.43518880976508095,-0.31246593280491586,-0.3794518709772947,-0.3266295571380317,-0.132162671145722,0.3074945515623482,0.1047876844487014,0.23993022298107045,0.1514374158441955,-0.06472697659138336,-0.24553783367342688,-0.12368531860057284,-0.12857803874753027,0.3908531027175095,0.13598004784445464,-0.4863823762128847,-0.5195005483141076,0.04412054581546107,0.0314024347922653,0.5094629298019129,0.04904149141437277,0.09535159196176145,-0.16073238107136412,0.44800177681533615,-0.07974523059268822,0.1902816529935174,-0.17150478675902406,0.1413248379350074,-0.039332861366759675,0.002908609688270705,-0.09961409791918266,-0.13758751046886641,-0.2673505554861487,-0.10722432756331061,-0.12239944104350885,0.09858965282694096,-0.12640005182378064,-0.09321987627072373,-0.23493755697145527,-0.11243400565434464,0.01281111620094671,-0.2823734366107247,-0.02716954242377971,-0.14575947287811694,-0.12215836792107979,0.009654029993013043,-0.17151959355349186,-0.09641536760180829,-0.30096660605135184,-0.16428786259294734,-0.29961918775478097,-0.17549891956671618,-0.28965884220121507,0.04881244881244881,-0.2053253561728138,-0.05141566836482091,0.06607624573726269,0.05041389617660804,-0.22510677086948275,-0.0989635243872532,-0.08798845070031511,-0.09525025796212237
#102,-0.18522096827181572,-0.025174789581569244,-0.004398543381594229,-0.01050033083931389,-0.2525812407168339,-0.061259410411952785,-0.1355219626406067,-0.05112786129735282,-0.11067569881129204,-0.23669123669123668,-0.1124839785856735,-0.2618405770948144,-0.3033611423441932,-0.08291388460879986,0.3459760222472087,1.0,-0.2501820773007214,0.02616082955066006,0.0981329557600744,0.28108570820435225,0.13145194501126706,0.6141293836209091,0.1826556911302674,0.39063423978678213,0.03267443097951572,0.16004710411490072,-0.3515197786384227,-0.3108880837694397,0.12423779711915305,0.11800645020984005,0.04621339367102079,-0.11874586450857637,-0.10318484894756082,0.08533155651799719,0.041218414099770034,0.005176825515808566,-0.07885034495203987,0.1748603765552918,0.08035924985077528,0.2827727573490285,-0.08629446087073206,0.08839795110981552,-0.135666791598995,0.07351712266966504,-0.1390908628196764,0.07267174724801843,-0.21285322302271456,-0.2270025032736897,-0.4243303395845769,-0.3409199646487782,-0.08128930162828468,-0.26228570635350296,-0.2500899975476247,-0.03579588833826122,0.0470661724899013,0.2270529389173457,-0.13789475145407348,0.34328997718828225,-0.20819556073793363,-0.19000633915888154,-0.3404405946778828,-0.351175057954719,0.006497869209733617,0.0546194885177936,-0.19131951674324554,-0.19011322570644604,-0.12818427055715192,-0.10312608448201668,0.4678202084981746,0.3164508113660656,0.02878070674680844,0.0533262075634957,0.21604084824423808,-0.02223795444134427,-0.07483446466497314,-0.09891493959290569,-0.06655746655746655,-0.12485459265120281,-0.05384028095892503,0.38497896972473244,0.02335124030039284,-0.2537060943840605,0.1580218122591004,-0.02605070401680571,-0.0772674060809654,-0.19567780415238042,-0.1873633263463772,-0.20212755128009366,-0.12376814410712716,-0.0999976864383644,-0.2135468288010661,0.00751120920612446,-0.10558169880203779,-0.14991509228797364,-0.11770614990953975,-0.08032223286460574,0.09062637367722114,-0.16980339353220708,-0.11092278719397364,-0.190039191734107,-0.1801371479337581,-0.025995641249878538,-0.041377587140299,-0.2119268729438221,-0.06321113100774117,0.046441973560617626,0.02834251817302665,-0.34291194121702595,-0.26614148817538646,-0.17087457256948782,-0.08695475136153102
#201,0.3962113114655488,0.1946237454712031,0.1877968877968878,0.23338469440164356,0.2777972116955168,0.1723534011669605,0.15760861015098304,0.036896218252150455,-0.17996131724945283,0.3481364261025278,0.07314834094495111,0.3470328572023487,0.43833432816483664,-0.007330751398548009,-0.1730655154383968,-0.2501820773007214,1.0,0.07256948782372512,0.40432959924485345,0.05711674694725542,-0.10736499211075483,-0.11318313691195048,0.12598823785264462,-0.18669516974601721,0.14840387382760264,-0.018481193057464245,0.23932823424348848,0.2622838555041945,0.26677679220052103,0.11970645529967563,0.06063197249637928,0.01626618914754508,-0.08808562028901012,-0.03651586871925855,-0.12683962853454378,-0.07930704201890643,0.18609133015912677,0.005848683814785509,0.11083857355043795,-0.0348098483691704,0.10566776329488194,0.017159686651212074,0.2372381626618915,0.1596662918696817,0.10340510001526951,0.03176473854439956,0.1026661484288603,0.1526677679220052,0.2172110477195223,0.11282777384472299,-0.08892683129971266,-0.047762554542215556,0.14043134043134042,0.14244645261594413,0.005929195759704234,-0.03237135440525271,-0.22039173225613903,-0.42796633305107884,0.18233225521361116,0.1538176080548962,0.07460310850141359,0.22727689168367135,-0.016139405969914443,-0.13112712095762943,0.3787203227881194,0.2742884641189726,0.04416404077421027,-0.011218923083329863,-0.1991351906606144,-0.01766496851242614,-0.21915120050713272,-0.04951577154966985,-0.25770763058898655,0.09039224123969887,-0.2912329895380743,-0.0384180790960452,-0.14843996538911794,-0.0622162995044351,0.26348413128074144,0.19176140701564431,-0.04471744471744472,0.2625078082705201,-0.11553649180767825,0.16836204463323107,0.04394008800788462,-0.11012136944340334,0.029840780688238314,0.1229796823017162,0.1517566873499077,0.22069342069342068,0.23949203440728864,-0.1584428804767788,0.022541956440261524,0.04921963566031363,0.03475432288991611,0.3680474002507901,0.22744254269678,0.20441288746373493,0.046793634929228146,-0.035099968998274084,0.10442167899795018,0.1928173165461301,-0.0873175178259924,0.22416515128379536,-0.06487596996071572,-0.17561644849780442,-0.03071438156183919,0.050856249161333904,0.25543432492585033,0.03982009744721609,0.03904505429929159
