,#10,#11,#12,#13,#17,#18,#26,#49,#50,#51,#52,#53,#54,#58,#101,#102,#201,#202,#301,#302,#401,#402,#501,#502,#601,#602,#701,#702,#801,#802,#901,#902,#1001,#1002,#1101,#1102,#1201,#1202,#1301,#1302,#1401,#1402,#1501,#1502,#1601,#1602,#1701,#1702,#1801,#1802,#1901,#1902,#2001,#2002,#2101,#2102,#2201,#2202,#2301,#2302,#2401,#2402,#2501,#2502,#2601,#2602,#2701,#2702,#2801,#2802,#2901,#2902,#3001,#3002,#3101,#3102,#3201,#3202,#3301,#3302,#3401,#3402,#3455,#3501,#3502,#3601,#3602,#3701,#3702,#3801,#3802,#3901,#3902,#4001,#4002,#4101,#4102,#4201,#4202,#4301,#4302,#4401,#4402,#4501,#4502,#4601,#4602,#4701,#4702,#4801,#4802
#10,1.0,0.3763817746868594,0.4565591785930769,0.4494227663719189,0.08421503167265879,0.07538185334795504,0.10900114289944798,0.09756104332375519,-0.040410518376620075,0.36100862033065423,0.18859321571185977,0.06349523637659231,0.05766135935627461,0.09627933017763526,-0.3791950656357436,-0.19190484783705122,0.3805512754665297,0.307078110467941,-0.12476621459672307,-0.23738623060656958,-0.2925271959170264,-0.19110620636044365,-0.025845259743564827,0.18941869450344026,-0.03733995937385768,0.09885386156572597,0.21041750533275957,0.2927058028752944,0.009546680733121411,0.08214855841974486,0.11933212102703628,0.14055349648569987,0.14407381187042204,0.26138896986354615,-0.025303886320835474,0.06688136518644994,-0.025339977882350765,-0.012400227654464942,-0.05002891952044494,-0.04371243354294202,0.09377837004955648,-0.02297366704146365,-0.19338784084546795,-0.36183965167016013,-0.10808728605338774,-0.24157007546838055,0.05784413072548666,0.18467265416417958,0.017470166622708994,0.08950290814697594,0.2543460255324662,0.14865558933355544,0.3064858386892285,0.21160575058880143,0.19233563301359913,0.1484080382385467,-0.22798622968114493,-0.16272667120124748,0.05375838087702495,0.018982773220061356,-0.06448867974291703,-0.05793944946487319,-0.08167381557212065,-0.18541438202455152,0.42101731932240405,0.1546241156410648,-0.07305209678091033,-0.05726527760426065,0.04050861338996932,-0.07486130197994605,0.26559595034171307,0.0759111962501793,-0.18257610461000293,-0.10845005251784913,-0.270618692652591,-0.2842099418370605,-0.17800774580435597,-0.01802079429198073,-0.1792117232795199,-0.060089210936668566,0.21056511056511057,-0.034362868261173345,0.003844214013705539,0.07717208734157886,0.10988723700588107,0.043414909516604434,-0.11154467256162172,0.29265397909465707,0.04081122725190522,-0.023903256106645936,-0.13117616846430405,0.18811014404234744,0.06532757719198397,-0.001936451088993462,-0.14602877145250026,0.25195426551358757,0.019781414696668935,0.3618942517247602,0.3902071563088512,0.32655182146707573,0.4846809829860677,0.2929098590115539,0.10046039876548352,0.3645460560714798,0.388322066288168,0.4094615416649315,0.4038377360411259,-0.1318235030099437,-0.10154175747396087,-0.15174697039103818,-0.07066311303599439
#11,0.3763817746868594,1.0,0.344695234525743,0.41620557383269247,0.007285868302817455,0.27216322640051455,0.4236052693679812,0.11482113854995211,0.3657208826700352,0.31411318868945987,0.31525608813744405,0.0850358833409681,0.07588158266124367,0.2274957546143987,-0.11102504661826695,0.2325309901581088,-0.012918002748511223,0.15111860705081043,-0.17339450390297848,-0.20482979127046924,-0.12480970955547227,-0.20465858770943518,-0.19964926405604372,0.30799751986192664,-0.1663187069966731,0.01198702554634758,-0.22532239481392025,-0.2105220783186885,-0.2766746715899258,-0.12827727573490286,-0.18399801959123993,0.27845518862468016,0.14035823188365562,0.36877987386461963,-0.09798211154143358,-0.3200483997094167,-0.04714252002387596,0.2846939389312271,0.04035499289736578,-0.20472938269548438,-0.1555324199391996,-0.22311664515054347,-0.007430234548878617,0.03041223041223041,0.05777750015038151,-0.006246153703780823,-0.30245839059398383,-0.21727721558230031,-0.1927881656695216,-0.09349657824234095,0.14712725051708103,0.22859145740501674,0.18762337067421814,0.20591947880083472,0.22166881827898777,-0.10125395040649278,-0.23070188832900698,-0.21226742921658176,-0.02324435375282833,0.18265661655492163,-0.01754003618410398,0.09864193931990542,-0.02487726555523166,-0.046758931504694214,0.0964209201497337,-0.07822984772137315,0.2744046049130795,0.0449326059495551,0.18653831026712384,0.18262468940435042,0.3240892664621478,0.31380270871796295,-0.032503227418481655,-0.3358847291050681,-0.062494389613033684,-0.12869834395258123,0.06362387040353142,0.19629413697210307,-0.30616749260817056,0.1318142487634013,0.051261122447563125,0.06289047136504763,0.04668489753235516,0.008532878024403449,-0.2844755387128268,0.006956417125908651,-0.08893886182021775,0.053992513314547214,-0.13771290550951568,-0.04955232582351227,0.09604751130174859,-0.03245001550086296,-0.14693846388761642,-0.17355830406677863,-0.04008014177505703,0.20916448035092103,-0.12093310567886839,0.20000879153421527,0.20889333092722923,0.06030714844274166,0.22099510913070236,0.07825899859798165,0.08845023760277998,0.1474580898309712,0.16497776667268194,0.30468635044906234,0.21321784033648442,0.03700310479971497,0.062397220024338666,0.06895524183659776,0.15119402916013086
#12,0.4565591785930769,0.344695234525743,1.0,0.7104054748122545,0.15898332847485389,0.44581453564504414,0.25983286830744456,-0.13776843098876998,0.21890318669979686,0.2531041056464785,0.14980126505550234,0.044377351157012176,-0.04058264736230838,-0.02563287478541716,-0.27801283563995427,0.02919066986863597,0.3908942841146231,0.7611566882753323,-0.16620858146281875,-0.3251928353623269,-0.29511699681191206,-0.09422812643151626,0.2252076421567947,0.326214966892933,0.21192826108080345,0.3433246806128162,0.12934891748451072,0.15467455128472077,0.14004266207656038,0.09150691523572879,0.3016546592817779,0.34134797355136337,0.26856424992018213,0.4513573666116039,0.01390358000527492,-0.3345243548633379,0.011172189138290833,0.17558035693628915,-0.11525284915115423,0.0534520653164721,-0.07637483400195265,-0.17092639635012516,-0.15531031802218243,-0.3220570339214407,-0.05762387965777796,-0.27471369674759505,-0.08819944752148141,0.025250211690889656,-0.19449927585520807,-0.028420253843982658,0.3176885668411092,0.27845703947398864,0.2967739696553256,0.40793042657449435,0.2491099728387864,0.3925244196430637,-0.360347404415201,-0.1803842363164397,-0.1429124039293531,-0.12978386707200268,0.020748483460347866,-0.02785435666791599,-0.12700574225997954,-0.05688585349602299,0.22393286969558157,0.10296876229079618,0.08146513231258994,-0.11376893071808326,0.23135755169653474,0.12054905444735953,0.5352827403674861,0.2549382973111787,-0.19525673593470202,0.03360540818167937,-0.2048311794074506,-0.10692171370137472,0.00833576257305071,0.027604492011271672,-0.23254718508955796,0.4060393212935586,-0.05838411601123465,0.00844357454526946,-0.12454133640574319,0.0005640463267581912,-0.05349694841220265,0.0009902043800348885,-0.014086351374486968,-0.12792330080465675,-0.1318864318864319,0.12528352697844222,-0.06442945256504579,0.12571199859335452,-0.0436587589129962,-0.012685258447970313,-0.12025106770869483,0.45034171305357745,0.30522170861153913,0.5942827264861164,0.6662414340380443,0.3518219297880315,0.5804925110009855,0.6311937515327346,0.39450621654011486,0.5931907253941152,0.6761152523864389,0.5554727300490012,0.5428744615185294,-0.08939926058570126,-0.07641231370044929,-0.19360994276248514,-0.16978303418981386
#13,0.4494227663719189,0.41620557383269247,0.7104054748122545,1.0,0.12291814156220936,0.4702799872291398,0.364146735333176,-0.18020840563213444,0.3023949990051685,0.4334531758260572,0.35126945126945125,0.14173757733079767,0.1256846985660545,0.27110500330839316,-0.186760412184141,0.023262862245913094,0.2621913130387707,0.4221713238662391,-0.07254959119365899,-0.1608744337557897,-0.17059925873485196,-0.05573184895218793,0.12451866350171435,0.2171869866785121,0.22400829180490198,0.2528274036748613,0.06767723038909479,0.19034319373302425,0.026047927742842997,0.10860506114743403,0.17286654913773558,0.344116381404517,0.29892789553806504,0.4314042856415738,0.079095582485413,-0.14659883303951102,0.13031829980982523,0.27073298259738937,0.1115081182877793,0.09406571440469745,-0.06508326508326508,-0.0995155401935063,-0.10031325624545964,-0.28158127310669684,-0.06069999120846579,-0.1675074149650421,-0.09574304659050421,0.13562052036628308,-0.19359513596801733,-0.0563824224841174,0.23372154897578626,0.2738382450246857,0.17501723603418518,0.32128893145842297,0.1502190942868909,0.3093768653090687,-0.2907823077314603,-0.16780864068999662,-0.25116487828352235,0.04437920200632065,0.08226053480290768,0.0945025148414979,-0.006848605153689899,0.02194875923689483,0.24963422590541234,0.2188652442889731,0.2127986229681145,-0.038538847013423284,0.28684231226604107,0.23339626220982154,0.38794403031691166,0.2846985660544983,-0.21305311474803001,-0.13801181767283463,-0.18512935123104615,-0.1857748349273773,-0.10665519140095411,-0.0029197147841215636,-0.14717814887306413,0.32111865332204315,-0.08067435694554338,0.09711452592808525,-0.06887287904237056,-0.06832178866077171,-0.04659466862856693,0.09027748858257333,0.005802412582073599,-0.08124765751884395,-0.02320317235571473,0.041405349879926154,-0.013709703540212014,0.04216373538407437,-0.12019831850340325,-0.13442348357602596,-0.04877450640162505,0.343370489133201,0.13940088007884618,0.3480054785139531,0.5353618641754235,0.1410717342920733,0.4120717019022104,0.3521546199512301,0.25596690681436446,0.44110458686729875,0.46254436254436254,0.40981412845819626,0.4585474534627077,0.05276817649699005,-0.029914814660577372,-0.188800048122082,-0.046206915698441126
#17,0.08421503167265879,0.007285868302817455,0.15898332847485389,0.12291814156220936,1.0,0.04498766871648228,0.11232573096979877,-0.0626183965167016,0.030421484658772795,-0.17560904510057052,-0.06503097859030063,0.3153236441372035,-0.11576044457400389,0.05896759625573185,-0.04815308374630409,-0.124260932735509,-0.0012201724066130846,0.2829148100334541,-0.1749959512671377,-0.05313464466006839,-0.25680163985248733,-0.2388076828754795,-0.10418291943715673,0.009994123553445587,0.07852829717236497,-0.06788036110070009,-0.1267915064525234,-0.09698542918881901,0.23949157169496152,0.19097988589514014,0.1975106076800992,0.30230106840276333,0.18639440673338978,0.19412910599351277,0.3751754836500599,0.034270325795749526,0.22345535057399465,0.25495449224262784,-0.06970298495722224,0.09452102333458266,-0.14353567743398252,-0.06459880527677138,0.0331024398821009,0.019008685110380025,0.29805845907540823,-0.014743865591323218,-0.1337682829208253,-0.045221338441677424,-6.80187120865087e-05,-0.014405160167872032,-0.2031728184270557,-0.04809385656843284,-0.19849248323824595,-0.08549026684619905,-0.17569233331945197,-0.0116145421230167,-0.21769828379997871,-0.12910229181415622,0.3024176719091973,0.25542183169301813,0.1097692453624657,0.13863971830073524,0.4213574128828366,0.2565055039631311,-0.06115946454929506,-0.05577626933559137,0.15797461560173426,0.16590874387484558,-0.06840553959198027,-0.05133330557059371,-0.010219927169079712,0.04934271713932731,-0.16300013418657486,0.04936862902964598,-0.1413479735513634,0.10131040131040131,-0.0875960706469181,-0.03261520380164448,0.254558873202941,0.268361581920904,-0.08002424612594104,0.03636780077458043,-0.017879204319882287,0.24077744925202552,0.4030427962631353,0.01378003581393412,0.06075690482470143,0.0014441251729387322,-0.07967258475733052,0.14308545833969563,0.04284669877890217,-0.034524354863337915,0.3397719753651957,0.03356330135991153,0.21813045711350795,-0.08373519898943628,0.2165840725162759,0.022158830633406904,0.10746771424737527,-0.0539874234789489,-0.01703290347358144,0.3087341578867003,0.46497869209733617,0.10538874776162911,0.18082335031487573,-0.038071507563032986,0.13279057177362263,0.036207239597070104,0.20499914398219482,-0.03294326684157193,0.1635146702943313
#18,0.07538185334795504,0.27216322640051455,0.44581453564504414,0.4702799872291398,0.04498766871648228,1.0,0.2833238477306274,0.0406969373071068,0.29157585937246955,0.32461999750135345,0.346276322547509,0.23849951646561815,0.2358120832697104,0.24935335952285104,-0.12492029780165373,-0.04308823461365834,0.18201761083117016,0.30206971223920376,-0.05959179518501553,-0.13394688987909326,-0.09368860385809538,0.05787559516373076,0.07962492538763725,0.2784200224878191,0.09663052883391866,0.07065015709083505,-0.12451866350171435,-0.1909789604704859,0.11254598203750746,0.2596565749108122,-0.04051231508858628,0.13801783293308717,0.13908068314847977,0.12465053651494329,0.027991319516743246,-0.28743967388035185,0.1286201455692981,0.11283193825566706,0.15698857563264343,-0.11332056247310485,-0.04574327794666778,-0.06312414109024278,0.14250429165683404,0.06206360443648579,0.21648273851663682,-0.006898115372691644,-0.21924281754790229,-0.16431007278464907,-0.20057422599795482,-0.3261890550026143,0.1291795647727851,0.07346622431368194,0.09394402106266513,0.04357824696807747,-0.009327355090066955,-0.005313325652308703,-0.3461583309040936,-0.36630158664056967,-0.19635382686230143,0.008834103749357987,0.11988459954561649,0.09929158742718065,-0.013621325485732265,-0.041764877358097696,-0.0013464928719166007,0.0034263847823169857,0.25784922056108495,0.06985614273749867,0.15768171869866784,0.1621075621075621,0.35450890027161214,0.26190258054664833,0.027200544149696693,0.01759185996474132,-0.10784019767070614,-0.15352517386415693,0.05554861487064877,0.011673769300887945,-0.07735717227242651,0.37959855078499144,0.16813901729155967,0.34405993050060846,-0.015226474548508447,0.12381857975078314,-0.233475848730086,0.11171726425963714,0.15903607768014547,-0.03979002114595335,-0.13446466497313955,0.12813892474909425,0.210776570098604,0.19175492904306463,-0.1530208174275971,-0.11081081081081082,0.06515544820629567,0.3321367592554033,0.017112952706173044,0.32371400676485423,0.18210969058426685,0.15650735481243955,0.09107983175779787,0.2413627803458312,0.007067930796744356,0.3739108908600434,0.1298185704965366,0.3348380738211247,0.09673047469657639,0.12087480392565138,0.05975883433510552,-0.04956805804263431,-0.047406728762660964
#26,0.10900114289944798,0.4236052693679812,0.25983286830744456,0.364146735333176,0.11232573096979877,0.2833238477306274,1.0,-0.013583845787235618,0.36195347890263146,0.40204518848586646,0.5130508011863945,0.2460926257536427,0.4376064816742783,0.6153208678632407,-0.0943016976915282,0.06112938824803232,-0.07084680982986068,0.007263195398788619,-0.07798275933869155,0.06289278492668324,-0.10771017550678567,-0.18451209298666926,-0.026567090973870635,0.0888625142862431,0.009837726786879329,0.0735476616832549,-0.07711609914999745,-0.056533729415085346,-0.11111157382343823,-0.0831378373751255,0.16785259836107294,0.2774201011489147,0.30932041440516017,0.30913070235104134,-0.1314968281069976,-0.18567396364006533,0.13100681575257847,0.39407265508960426,0.19275207410800632,-0.20976739451315723,-0.20477380307888782,-0.15939421702133566,0.35963112573282063,0.18822212042551026,0.22128754332144163,0.055306616323565476,-0.1255491238542086,-0.08484385772521366,-0.2035670493297612,-0.10995479300564047,-0.09083274337511625,-0.02372048473743389,-0.0755285331556518,0.060918391426866,0.05533067736457567,-0.022014001675018623,-0.29810334217113876,-0.2433195907772179,0.05502343637936858,0.21876992554958657,0.11558970372529695,0.26474039524886983,0.02443074815956172,0.10081946353132794,-0.05727777083709287,-0.12871824058264736,0.47097636928145403,0.48829939338413914,0.12967744323676528,0.07635863907050348,0.1674232013215064,0.12715334749233054,-0.14395304395304395,-0.2792362470328572,-0.09622241656139961,-0.14315301433945501,-0.08530379377837005,-0.06882568238500442,-0.049686512398376806,0.2610178745771966,-0.023533548957277772,0.33153893492876546,0.18811569659027286,-0.10431109075176871,-0.27705224484885504,0.171438618896246,0.032098816844579554,-0.22816807562570274,-0.2142376583054549,0.17939634549804043,0.3432039126954381,0.046650656820148344,-0.1794222573883591,-0.013981778388558049,-0.07930334032028948,0.1346136583424719,-0.06396674023792667,0.08403457386508234,0.22926239027933942,-0.10800168427287071,0.06127791890503755,0.0695974865466391,-0.04186389779610119,0.17509682255444967,0.14307574138082613,0.18462730835612193,0.20711420202945627,0.051707177130905946,0.09038021071919378,0.06282985605019503,0.10869020021562395
#49,0.09756104332375519,0.11482113854995211,-0.13776843098876998,-0.18020840563213444,-0.0626183965167016,0.0406969373071068,-0.013583845787235618,1.0,-0.14909192705802876,0.15505397539295845,0.1255074797447679,0.0006223480799751987,0.030788878246505363,-0.14345146379044685,-0.0366745790474604,-0.11051189864749186,0.002690209469870487,-0.08176404447590888,-0.17412975379077075,-0.22916290712900883,0.09329252210608142,-0.2733908022043615,-0.11175104225951683,-0.06536783316444333,-0.15641573777166998,-0.35251831184034577,-0.1706774571181351,-0.2667055345021447,-0.025552362840498433,0.035085624916133394,-0.08676180032112235,-0.13703919636123027,-0.18371622778402438,-0.11588352605301758,-0.07543367712859238,0.05593081525284915,-0.21114535182331792,-0.29454739793722845,-0.03191882174933022,-0.32248735638566145,0.15879778083167914,0.053749589342809684,0.037525044304705324,-0.029484954908683723,0.17696618035601086,-0.2572384402892878,-0.2282448858720045,-0.27273467612450664,-0.02164892164892165,-0.024542724542724544,-0.08856591568455975,-0.0728910728910729,-0.017999509524933253,-0.14499599753837042,0.25008305686271787,-0.3430854583396956,0.11739705807502418,-0.23272579204782595,-0.018859229028720555,-0.08575586372196542,-0.18297172364968975,-0.0937931768440243,-0.2573194149465336,-0.16104054748122545,-0.07325198850622579,-0.32468570265180435,-0.24161588398876535,-0.1527741917572426,-0.2155300138350986,-0.3226067361660582,-0.010414266346469737,-0.14571366435773214,0.3127389330779161,0.029027332417162925,0.17915804864957408,0.024154971612598733,0.20537486639181554,0.12025014228404059,-0.10318484894756082,-0.11745026999264288,0.24504735860668064,0.12219075778397813,-0.06214781808002147,0.3120379239023307,-0.14835343818394667,0.021909891401416824,0.04014908591179778,0.06402411656648944,0.004966291406969373,0.11760990574549897,-0.1446832040052379,0.19868543427865462,-0.08263671992485552,0.17586908942841145,0.005615014089590361,0.05456997829879186,-0.35046757080655383,0.08042541771355331,-0.15264463230564926,-0.09322727966795763,-0.06976869010767316,-0.09005955107650022,-0.2413701837430651,0.04294525650457854,-0.0896759625573185,0.06621228316143571,-0.05417482197143214,-0.09772252992591976,0.18126107617633042,0.018668128837620365,-0.10071303969609054
#50,-0.040410518376620075,0.3657208826700352,0.21890318669979686,0.3023949990051685,0.030421484658772795,0.29157585937246955,0.36195347890263146,-0.14909192705802876,1.0,0.3204777967489832,0.41341912019878124,0.22896903066394592,0.13606333606333607,0.3607420980302336,0.044107589870301736,0.1325263630348376,0.009274605884775376,0.23500233669725196,-0.15591323218441863,-0.12454318725505166,-0.3169181508164559,-0.23511292494343342,-0.14854777736133667,0.17282027790502366,-0.1731580579038206,0.17031978048927202,-0.4329381770059736,-0.1837504684962312,-0.05271126288075441,-0.005891716061207587,0.02747215628571561,0.35704965365982316,0.4613315935349834,0.3849798951493867,0.030712530712530713,-0.25758177283601014,0.17060851298139434,0.3458797780831679,0.06978534775144944,-0.15329659397456008,-0.2959632976582129,-0.10721414789211399,0.2545320358879681,0.21076315144111754,0.21207031376522903,-0.014312154990121092,-0.3377230851807123,-0.16532156193173142,-0.32993147230435366,-0.25820458362831245,-0.06273129832451867,0.031978974351855705,0.024633878871167008,0.006112892553570519,-0.05911751504971844,-0.05750773886367107,-0.24998311100006015,-0.16413146582638108,-0.03230750010411027,0.06747224882818104,0.18195838365329892,0.2970696428323547,0.11433852959276689,0.2985642036489494,-0.24543187255051663,-0.20272352475742306,0.44357223170782495,0.3067079406062457,0.05207271986933004,0.26499072261784123,0.2162694281338349,0.2100043032246422,-0.38224295173447714,-0.26725755030839776,-0.3687720077550586,-0.1748233595691223,-0.057902895191030784,0.0401352045419842,0.1867456053896732,0.13616975989857347,0.007589870301734709,0.20419494995766183,-0.031022547971700513,0.10169630339121864,-0.20037525969729358,0.03193131498216244,-0.03918756969604427,-0.10947310947310947,-0.06531554667147887,0.10718962413877668,0.332772525992865,0.040371650541142064,-0.12874970502089148,-0.12875155587019993,-0.19248832808154842,0.12733982056015955,0.13741121707223403,0.19157400852316106,0.3329141159649634,-0.026735980973269107,0.044096947486778,0.03238708662437476,0.09559590407048034,0.16772211348482535,0.2184950744272778,0.10388724626012762,0.23741167978456115,0.05924429822734908,-0.08539911251775659,0.20710494778291388,0.13587732570783417
#51,0.36100862033065423,0.31411318868945987,0.2531041056464785,0.4334531758260572,-0.17560904510057052,0.32461999750135345,0.40204518848586646,0.15505397539295845,0.3204777967489832,1.0,0.6838337567151126,0.12688034721933028,0.3235899998611863,0.399685355617559,-0.22585034957916314,-0.16905379956227415,0.5377443699477598,0.020036831901238682,-0.048377036512629736,-0.29261279769754345,-0.2671761129388248,-0.3122752953261428,-0.05431224753258652,0.06107478819343226,-0.08912533488804675,0.017883368730826358,-0.000814373695729628,0.07107585243178463,-0.08903834497054836,-0.01796573152505356,-0.011638603164026894,0.14205407256254715,0.5280357399001466,0.14735860668064057,-0.10229181415622093,0.15896574540642336,0.25298380044142754,-0.0713946612251697,0.3622260164633046,-0.200745892271316,0.13123123123123123,-0.015109871042074431,0.15997538370419725,-0.12367560164170334,0.24666129920367208,-0.1566535719078092,-0.008874359721817349,0.07295862889083228,-0.16055655038705885,-0.05541951813138254,0.2742037877631098,0.13200025911890317,0.2797373644831272,0.10084491270931949,0.2885113156299597,0.055254329830601016,-0.39751893650198733,-0.5266013316860775,-0.0186593373034051,-0.07752328599786226,-0.04518617230481637,0.1292420309369462,-0.20441103661442644,0.0006306769018633425,0.08649990514397295,-0.03802199734403124,0.09831526441695933,0.1443269155133562,-0.12072904954260887,-0.17764914375083868,0.09688779688779689,0.013648162800705174,-0.29767394513157225,-0.16325231240485477,-0.3548304853389599,-0.24548138276951836,-0.2496578242340954,-0.13773742926285298,0.1420725810556319,-0.05796258508122915,0.3245052448442279,0.17705872282143467,0.05250119148424233,0.07941439127879805,0.02254843441284119,0.05456720202482914,0.06691606861098387,0.2186038118241508,-0.01643692999625203,-0.07148535284128504,0.08901659749117376,0.10046224961479198,-0.2542460796698085,0.05894122165308606,-0.15626720711466474,0.4099066709236201,-0.2353475200932828,0.382424797679035,0.24289065644997848,0.24913264574281524,0.2123553445587344,0.045977410384190044,-0.17868839563754818,0.4073219598643327,0.1905315176501617,0.5141423395660684,0.21319331658314708,-0.13456090913718033,-0.06457335609877983,0.11474756728994018,-0.08095846231439452
#52,0.18859321571185977,0.31525608813744405,0.14980126505550234,0.35126945126945125,-0.06503097859030063,0.346276322547509,0.5130508011863945,0.1255074797447679,0.41341912019878124,0.6838337567151126,1.0,0.24516488753776888,0.4564694124016158,0.6095665773631875,-0.21623333657231963,-0.16068796068796068,0.2633883498290278,-0.024862458760763845,-0.016247680654460316,-0.18442278950753527,-0.18522605810741405,-0.1575299490553728,-0.0008481516956093228,0.13145287043592127,-0.09982046761707779,0.0356621644757238,-0.1598213004992666,-0.06093134737202534,-0.06595732866919307,-0.03741029164757978,-0.0027573027573027575,0.0464049565744481,0.42510445730784713,0.13379188124950836,-0.1391038187648357,0.040754776347996687,0.2506919862852066,0.02545010341620511,0.37458043559738474,-0.21872874415247295,0.03730201696303391,0.03473997880777542,0.2622204639153792,0.031908642078133605,0.16804231041519177,0.007902663834867225,-0.09740557198184317,-0.04301743962760912,-0.11381659008777653,-0.16977377994327147,0.15468195468195467,0.16112152213847128,0.19692666472327489,0.02080400893960216,0.13286645659527016,-0.09679988154564426,-0.3602326517580755,-0.39478615749802193,0.02084565304904288,-0.022337900304001998,0.12848133187116237,0.2417357264814892,-0.13374329645516086,-0.08331505619641214,-0.06146670553450215,-0.15026860450589263,0.1840461416732603,0.24683712988797735,-0.06688830587135672,-0.08899068560085509,0.07942595908697604,0.06696141441904153,-0.1151792778911423,-0.005250859488147624,-0.1836704192636396,-0.2301258114817437,-0.050834501681959306,-0.1147410893173605,0.17295677804152382,0.04608105794546472,0.24977072604191247,0.26172397358838034,-0.034472531082700576,-0.056817834783936476,-0.052559493237459336,0.2945025148414979,0.2288186491576322,0.0003285257522545658,0.07626424575577118,0.14300031927150572,0.25309901581088023,0.12586330552432248,-0.13685272329340126,0.18089830971186904,-0.0857410569274976,0.21385777148489013,-0.19416473484270094,0.17708000758848216,0.1436680131595386,0.1751921412938362,0.13205347103652187,-0.02704599823243891,-0.25325032274184817,0.3024556143200211,0.083570936113309,0.41329372515813195,0.08026161754975314,0.07341069883442765,-0.05125880888592753,0.18228089414530094,-0.06310609530948515
#53,0.06349523637659231,0.0850358833409681,0.044377351157012176,0.14173757733079767,0.3153236441372035,0.23849951646561815,0.2460926257536427,0.0006223480799751987,0.22896903066394592,0.12688034721933028,0.24516488753776888,1.0,0.5021034902390834,0.32233188504374943,-0.4692300929589065,-0.2885450936298394,0.1088197596672173,-0.007615319479726259,-0.2637302942387688,-0.05872929940726551,-0.42952243460718037,-0.2543215017791289,-0.055694831966018404,0.04559012016639135,0.11700236445999158,0.05544496730937409,-0.0684208090987752,-0.202591189031867,0.23264759366454282,0.3742426555985878,0.13198961673537946,0.02286122794597371,0.23685457414270975,0.01633744684592142,0.1797790085925679,0.06733204699306394,0.3894945793250878,0.09952849613866563,0.28972871176261006,-0.27326772072534783,0.021443940088007884,0.09973162685027091,0.4264810264810265,0.19362660040626142,0.5174377767598106,0.07078897078897078,-0.11478597241309106,-0.14640865827306504,-0.12794551099635845,-0.16482368346775125,-0.008872046160181753,0.09036956833567003,0.06610493390154407,-0.04712401153079119,0.07869441089780073,-0.057319414946533594,-0.25866729595543153,-0.28847476135611727,0.4527940883873087,0.23224225766598647,0.18649805429466446,0.2584373279288534,0.03611145814535645,-0.030562611918544123,-0.2321293558581694,-0.22230227145481382,0.13684763345780296,0.28626623541877777,-0.24424640356843746,-0.206771332195061,-0.021833081155115053,0.03128074145023298,-0.1530185038659615,-0.04862273675832998,-0.2926669350398164,-0.20604811282777385,-0.1395637548179921,-0.08434551654890637,0.24144329229074993,0.27633550345414754,0.08240767732293156,0.5816978766131309,0.11421498540142608,0.2838564296191415,0.17869302276081936,0.3753975855670771,0.2129416010771943,-0.06625855439414761,0.08285373200627438,0.4991754466330737,0.3780910340232374,0.48430849956273686,0.282992082992083,0.12663973680922833,0.16172304816372612,-0.026141395632921057,-0.01346400329451177,0.05239337951202358,0.08486838147855097,-0.1503958503958504,-0.02188721849738799,0.1423076389178084,-0.03162962654488078,0.16977563079257996,-0.0014913218303048812,-0.017116191692462878,-0.0451820078938723,0.026291314426907648,0.05118477491358847,0.11539027471230862,0.09393800580241259
#54,0.05766135935627461,0.07588158266124367,-0.04058264736230838,0.1256846985660545,-0.11576044457400389,0.2358120832697104,0.4376064816742783,0.030788878246505363,0.13606333606333607,0.3235899998611863,0.4564694124016158,0.5021034902390834,1.0,0.629901858715418,-0.24580111698755766,-0.2032889592211626,0.01607508895644489,-0.2676406761152524,0.03973727194066177,0.11069281916739544,-0.052365616772396435,-0.08355936830513101,0.0879787337414456,0.06977331723094435,0.014533331482484025,0.07545403647098563,0.0826436606097623,0.0034120407001762935,0.03766524613982241,0.2880717389191966,0.1794125404294896,-0.15675259234581268,0.15855531957226873,-0.0337224744004405,-0.252577539018217,0.029459043018365053,0.26576113864249457,-0.010742329386397183,0.2763493848239611,-0.3248860570894469,0.10278876719554686,0.3234238861357505,0.6565369684013752,0.2060902196495417,0.3345965379863685,0.0617998584100279,0.04947875456350033,-0.0513041546939852,-0.059885617512736154,-0.14070295256735935,-0.0749644868288936,-0.06135056474039525,0.041143917415103856,-0.22942804129244806,0.0006917549290430646,-0.0746641865285933,-0.3235858354502422,-0.2780905713109103,0.14533424024949448,-0.010532720702212228,0.06689339570695503,0.16933790493112527,-0.047871291939088546,-0.12934752934752936,-0.07130165604741875,-0.15742722691875236,0.3257749274698427,0.45419379317684405,-0.18576187898221797,-0.18686729873170552,-0.07786014057200498,-0.11945288894441437,-0.058049112286400424,-0.15982268863624796,-0.13103596662918696,-0.28464674227386094,-0.132446313802246,-0.15033893677961474,0.20288732492122322,0.11648366394129106,0.281950980256065,0.6944844690607402,0.3032163133858049,-0.12494389613033681,-0.1735356311627498,0.38543798035323457,0.09765404850150614,-0.265009231110926,0.1408399154161866,0.5195917026425501,0.5698149613403851,0.4581902395461718,-0.15355154846680272,0.08671414095142908,-0.13851571139706734,0.04443704104721054,-0.1551909382417857,-0.04210358278154888,0.07947500659365066,-0.022199549318193387,-0.023664033833525357,-0.15606916623865777,-0.4038465275753411,0.03147924503856707,-0.0773835468750723,-0.03637844315810417,-0.08077384009587399,0.029866692578556984,-0.06706367384333486,0.05174511954172971,-0.02099001929510404
#58,0.09627933017763526,0.2274957546143987,-0.02563287478541716,0.27110500330839316,0.05896759625573185,0.24935335952285104,0.6153208678632407,-0.14345146379044685,0.3607420980302336,0.399685355617559,0.6095665773631875,0.32233188504374943,0.629901858715418,1.0,-0.1594122628020933,-0.14907943382519653,-0.018547823632569394,-0.235872698584563,0.10528741376199004,0.2365459450205213,-0.1390043356145051,-0.04423391033560525,-0.130639884877173,0.122671978604182,0.04349588417385027,0.20254445508682797,-0.0036901308087748767,0.027943197434722858,-0.07544940934771444,0.18377776852353123,-0.09204366153518696,0.033603557332370894,0.2562824766214597,0.10789340958832484,-0.08331366805943077,0.15488971251683117,0.413072548665769,0.2835302174285225,0.3392606782437291,-0.1852903751208836,0.030602867891003485,0.18838268160302057,0.5102652729771374,0.26453726453726456,0.2702684194209618,0.13577043916026968,0.030394647343799885,0.04601720364432229,-0.02476667730905019,-0.1797780831679137,-0.0969900563120902,0.012761143269617846,-0.053110583619058196,-0.1445184784167835,-0.12485505536352993,-0.07041648736563991,-0.37154319188217494,-0.30526103915934427,0.08927664181901471,0.11007139651207448,0.21133460116510963,0.3366940129651994,0.27900304001998916,0.04941397483770365,-0.06228015380557753,0.010894561742019368,0.5781169459135561,0.5557619252534507,0.019001744425473237,0.13778092422160218,0.02256509205661748,0.13261242752768176,-0.18451949638390316,-0.1982972186362017,-0.18239055696682815,-0.1788929144861348,-0.22703813212287788,-0.19776509946001472,0.3147961520842877,0.15550650804888094,0.24079179333416623,0.5318174877496912,0.24952641393319358,-0.08755766552376722,-0.09179796128948671,0.3341773206179986,0.10893543774899707,-0.17904144514314005,0.20705312400227655,0.27988543242780534,0.569702059532568,0.1481873244585109,-0.12541308643003557,-0.09081330945737726,-0.15046433182026403,-0.029369739539231065,-0.010415191771123974,-0.13496254343711972,0.03639278724024487,-0.030888361396835973,-0.044765566799465105,-0.2005404479980751,-0.28457178287686763,-0.014532406057829787,-0.08839610026050704,0.003162176043531976,-0.01821883516798771,0.19554176672820742,-0.06320048862421744,0.015277835616818667,0.02364783890207619
#101,-0.3791950656357436,-0.11102504661826695,-0.27801283563995427,-0.186760412184141,-0.04815308374630409,-0.12492029780165373,-0.0943016976915282,-0.0366745790474604,0.044107589870301736,-0.22585034957916314,-0.21623333657231963,-0.4692300929589065,-0.24580111698755766,-0.1594122628020933,1.0,0.566885529597394,-0.30304973694804205,-0.14105322579898852,0.08723978215503639,0.030247967536103128,0.4866808256638765,0.18180152417440554,0.06281042213245604,-0.05751144056228802,-0.13416251382353078,-0.15047266064215217,-0.1878912811116201,-0.105683495514004,-0.11055909530485801,-0.21368101537593062,-0.1564990259905514,-0.009467094212856925,-0.17633180175553057,-0.09363215295418685,-0.14671543654594502,-0.16047326216817742,-0.3090918345155633,-0.024944821554991045,-0.3019730053628359,0.1793574776625624,-0.21325624545963529,-0.13618225313140567,-0.1608309387970405,0.051987580801140125,-0.17173521749792936,0.04699028766825377,-0.08513073936802751,-0.10039746988899531,-0.09687391551798331,-0.04858849604612316,-0.21182553894418302,-0.30188277645904765,-0.3964519218756507,-0.18676226303344948,-0.3005700615870107,-0.11984203001152154,0.23874244043735568,0.23673843334860284,-0.28821286617896785,-0.047516854296515317,-0.10065890235381761,-0.1579468528621071,0.25974772923925465,0.39725472776320236,-0.1445471665810649,-0.08491233914962729,0.16548767565716718,-0.06789979501843908,0.17878463980158896,0.2656982097660064,-0.09940356381034347,-0.06732510630815716,0.06637423247592739,-0.11489933693323524,0.14984892442519562,-0.05598125089650514,0.05234201844371336,0.09868312071701903,-0.003479596699935683,-0.15582346599295752,-0.131071132766048,-0.39223568715094137,0.10613325189596376,-0.2288376203630441,-0.07233998250947403,-0.26137971561700374,-0.11099126861838726,-0.02341972172480647,-0.13902330681991698,-0.35601364075940345,-0.1721238958527094,-0.459546912089285,-0.21408126153888865,-0.13706834723783876,0.10806229958772332,-0.1007000837509312,0.100765326189055,-0.22692014047946252,-0.16976174942276637,-0.16829819033208865,-0.2799238375509562,-0.27060157229648757,0.0546000546000546,-0.35622833927918673,-0.17340190730021238,-0.31700791700791703,-0.09828102370475252,0.06906860635674195,-0.0873850738257518,0.04746503051587797,0.176162449043805
#102,-0.19190484783705122,0.2325309901581088,0.02919066986863597,0.023262862245913094,-0.124260932735509,-0.04308823461365834,0.06112938824803232,-0.11051189864749186,0.1325263630348376,-0.16905379956227415,-0.16068796068796068,-0.2885450936298394,-0.2032889592211626,-0.14907943382519653,0.566885529597394,1.0,-0.25532281125501466,0.06505087522036675,-0.04232244571227622,0.12626910423520593,0.25323320238574476,0.21643230287298085,0.06595408968290324,0.30658439641490487,-0.035257753901821696,0.10288547407191476,-0.20342268308370004,-0.08511454443657833,-0.02838323685781313,-0.1831905865804171,-0.15720419957708093,0.08608762846050981,-0.1951035781544256,0.07274670664501173,-0.14107589870301734,-0.3953677868932106,-0.3260257175511413,0.15539499437804521,-0.35641990218261405,0.08203658203658204,-0.14168343998852473,-0.12207693055150683,-0.209933508238593,0.03878408454679641,-0.25432566619007296,0.09676240184714761,-0.126518043467196,-0.09400833807613469,-0.20638172841562671,0.06511056511056511,-0.09169153745424932,-0.0928487809843742,-0.23284008199262438,-0.009306070323019475,-0.11731793426708681,-0.0018573272810560946,0.15176316532248735,0.3194325296020211,-0.2864434542400644,-0.0017013932268169557,-0.10017166627336119,-0.1774779401898046,0.0405951405951406,0.15459727832609188,-0.07329409532799364,-0.023551132025708296,0.12872009143195584,-0.08075255532882651,0.3292480461971987,0.3627336118861543,0.11349407959577451,0.1420313996585183,0.13641360929496524,-0.0778314524077236,0.23189013358504884,0.014171953155004002,0.1565448345109362,0.19721817348935994,-0.31960928571098063,0.11288931458422984,-0.11206476121730359,-0.2957430465905042,0.025894769962566573,-0.21528014917845426,-0.16076662178357093,-0.34023144870602495,-0.27363187532679056,0.0449955348260433,-0.04072655089604242,-0.2546000546000546,-0.18160857313399686,-0.4996899827408302,-0.25784736971177646,-0.35027554519079945,0.03373219135931,-0.07503296825330724,0.1700217937506073,-0.10313718957786755,0.04804249550012262,-0.2207831868848818,-0.11610701610701611,-0.08893099571065673,0.11649245547550632,-0.2010771942975333,-0.04856073330649602,-0.1587121790511621,-0.024271575119032746,0.07881841780146864,-0.04499137041509923,-0.08256546222647917,0.07373922458668221
#201,0.3805512754665297,-0.012918002748511223,0.3908942841146231,0.2621913130387707,-0.0012201724066130846,0.18201761083117016,-0.07084680982986068,0.002690209469870487,0.009274605884775376,0.5377443699477598,0.2633883498290278,0.1088197596672173,0.01607508895644489,-0.018547823632569394,-0.30304973694804205,-0.25532281125501466,1.0,0.28755211297584177,-0.0059435398418449265,-0.3672436689385842,-0.34999467880823815,-0.09222411934276341,0.2098196810061217,-0.008566656024283142,0.21883239171374766,0.20513795768033055,0.19396252955574989,0.10806044873841485,0.16198725690251115,0.03276049547235988,0.062120518052721445,0.01753587177315991,0.4236964236964237,0.004370317929639963,-0.04307527866849901,0.20002961358893562,0.2891091399565976,-0.21579746156017343,0.2756182993471129,0.0172184511167562,0.1647908308925258,0.1244548092005719,-0.034377675055641155,-0.248354826320928,0.16116871879583744,-0.19800062003451835,0.18788757941300313,0.07138957138957139,-0.14684175701124855,-0.162814123831073,0.42872009143195583,0.031020697122392037,0.32279228380923297,0.10648352512759292,0.15107464937973414,0.2753883313205347,-0.3580676207794852,-0.3852714039154717,0.014286243099802422,-0.3172499155550003,-0.13508423677915204,-0.04842377045766876,-0.20803129786180632,-0.013922088498359684,0.1595718985549494,0.06146022756192248,-0.13636224822665502,-0.04173248749519936,-0.07742195199822319,-0.20278691634623838,0.1234419319165082,0.035789410365681555,-0.2744050676254066,0.19103032153879612,-0.4458964357269442,-0.15366630112392823,-0.14226183039742363,-0.13871699125936415,0.26664168020100226,-0.02901576460898495,0.3480230615823836,-0.05871958244839601,0.022976906027753485,0.06814965967508341,0.19270672829994864,-0.013880444388918965,0.10373038678123424,0.18657995437656455,0.11107640768657717,-0.0941272551442043,-0.09012525622695114,0.13398945941318824,0.06634323075001042,0.19964093523415558,-0.07431067431067431,0.584297394466886,0.06817233257911225,0.663536880486033,0.29864055118292404,0.6157063072317309,0.29570001434408216,0.34467487518334977,0.036017064830624154,0.5101167423201322,0.2835056936751852,0.5265768079327401,0.16922916753425227,-0.2419879046997691,-0.2811005149988201,-0.0001508442186408288,-0.18658319336285437
