,#10,#11,#12,#13,#17,#18,#26,#49,#50,#51,#52,#53,#54,#58,#101,#102,#201,#202,#301,#302,#401,#402,#501,#502,#601,#602,#701,#702,#801,#802,#901,#902,#1001,#1002,#1101,#1102,#1201,#1202,#1301,#1302,#1401,#1402,#1501,#1502,#1601,#1602,#1701,#1702,#1801,#1802,#1901,#1902,#2001,#2002,#2101,#2102,#2201,#2202,#2301,#2302,#2401,#2402,#2501,#2502,#2601,#2602,#2701,#2702,#2801,#2802,#2901,#2902,#3001,#3002,#3101,#3102,#3201,#3202,#3301,#3302,#3401,#3402,#3455,#3501,#3502,#3601,#3602,#3701,#3702,#3801,#3802,#3901,#3902,#4001,#4002,#4101,#4102,#4201,#4202,#4301,#4302,#4401,#4402,#4501,#4502,#4601,#4602,#4701,#4702,#4801,#4802
#10,1.0,0.4348364279398762,0.4371199015876677,0.34844116403336794,0.09890439395686772,0.08606465997770346,0.03861146349901972,0.6535347710760004,0.007811478875946642,0.34814900242186597,0.48497289816630146,0.25451889439895437,0.020651212855110908,-0.20814977126821205,-0.5019797793410987,-0.5798869795871295,0.3076923076923077,0.24297851074462767,-0.1125206627455503,-0.08123630492446085,-0.22346519048168223,-0.3199477184484681,-0.05169722830892246,-0.23185330411717217,-0.014561949794333602,0.16790835351554992,0.1840771921731442,0.208295852073963,-0.17338253949948104,-0.04772229269980394,-0.0029062391880982585,-0.188974743397532,0.09213854611155961,-0.1726444470072656,-0.34016068888632606,-0.09601353169569062,-0.18998193211086764,-0.29437588897858763,-0.19900049975012493,-0.27580056125783264,-0.19697843385999309,-0.07224849113904586,-0.46392188521124056,-0.3893053473263368,-0.3240226040825741,-0.22292699803944183,0.2509437588897859,0.18354668819436434,0.1198016376427171,0.07691538845961635,0.13461730673124975,0.14245185099757812,0.04425479567908353,-0.05747895283127667,-0.20681966708953214,-0.09856610156460231,0.03970322531042171,-0.3310191058316995,-0.0235113212624457,-0.04594625764041056,0.20226040825740976,0.19590973743897283,-0.16271864067966016,-0.33111905585668705,0.20465152039364934,0.12785914734940224,-0.19314189059316494,-0.11433514012224658,-0.241171721831392,-0.16323376773151885,-0.0793449429131588,0.00719640179910045,-0.32635220851112906,-0.1837081459270365,-0.1810094952523738,0.035413062699419524,-0.06833506323761196,0.07446276861569215,-0.27428593395609885,-0.2917156806212278,0.0730865336562488,0.0980971052935071,-0.39538692192365354,0.28038288548033674,-0.05174335908968593,0.3922961596125014,0.2849575212393803,-0.16534040671971706,0.047430131088302005,-0.06686656671664168,-0.2291623419059701,0.17688079037404375,-0.05740975666013147,0.22773997616576327,0.27442432629838925,0.32324606927305577,-0.16374889478337754,0.2624226348364279,0.3167493176488679,0.20807288663360626,0.1534155998923615,0.15217775727520855,-0.15742897781878293,0.21546918848268173,0.13799254219044324,0.3093760811901741,0.14191365855533772,0.10494752623688156,0.038919002037442814,0.2518740629685157,0.27825318110175684
#11,0.4348364279398762,1.0,0.2167762272709799,0.18219351862530273,0.03144581555376158,0.19968477299811632,0.07650021143274517,0.489147733825395,0.17927190251028333,0.41679160419790107,0.3467573905355015,0.2919847768423481,0.11609579825471879,-0.14776457924883712,-0.3258370814592704,-0.30886864260177604,0.20048437319801637,0.14224426248414254,-0.13022719409526007,0.06159228078268558,-0.26596701649175414,-0.18537654249798177,-0.07804559258832122,-0.1609733594741091,-0.3095298504593857,0.2288471149040864,0.0006919617114519663,0.10118786760465921,-0.23051551147503171,-0.10480913389459116,0.027993695459962328,-0.15546841963633568,0.07211009879675546,-0.120585860915696,-0.27269442201975935,-0.1428747164879099,-0.2149771268212048,-0.3309960404413178,-0.25384230961442356,-0.12179294967900665,-0.2737400530503979,-0.26279168108253564,-0.22532579863914196,-0.32906623611271285,-0.0315765194325914,-0.19271133663937262,0.12243878060969515,0.06905777880290624,0.05827855303117672,0.0830200284473148,0.11324337831084458,0.1677699611732595,-0.09646715103986468,-0.13196478683735055,-0.2976511744127936,-0.24806058509206935,0.07944489293814631,-0.23389843539768576,0.19008188213585514,0.041271671856379505,0.07460116095798255,0.14345903971091378,-0.09747433975320033,-0.41044093337946413,0.22236574020681968,0.11386614385115135,-0.1669626725098989,-0.11035251604966748,-0.22482604851420443,0.07877599661707607,0.10516280321377773,0.21013339484104102,-0.14758774458924384,0.007050320993349479,-0.11490408641832929,0.034267481643793486,-0.06115403836543267,0.017668089032406874,-0.3981009495252374,-0.25983162265021337,0.1246684350132626,0.15308499596355668,-0.5023411371237458,0.19155037865682542,-0.03248375812093953,0.14666512897397455,0.14299004343981855,-0.0032445315803636644,-0.12041671471956329,0.050943758889785876,-0.30610079575596816,0.05594126013916119,-0.003413677776496367,0.1510014223657402,0.18872871256679352,0.09559835466881944,-0.13400991811786414,-0.03953407911428901,0.04874485834006074,0.011763349094683427,-0.0157536616307231,0.0385499557913351,-0.023357551993234152,0.0027524699188867107,0.09391458117095298,0.20252950447852996,0.07698458463076155,0.03760427478568408,-0.042986199208088265,0.13237996386422174,0.1626417560450544
#12,0.4371199015876677,0.2167762272709799,1.0,0.450559335716757,0.2905162803213778,0.41428516510975283,-0.04856802368046746,0.3226924999038942,-0.0633221850613155,0.4720947218698343,0.42987736900780377,0.14582708645677162,0.259001268596471,-0.01447737669626725,-0.3127205627955253,-0.44571560373659325,0.6360512051666475,0.7184715334640372,-0.3144965978549187,-0.33032714412024755,-0.2913773882289624,-0.5001499250374812,0.04953677007650021,-0.34432014761849844,0.09374543497482028,-0.0749240764233268,0.6318840579710145,0.5118825202783224,0.11907892207742282,-0.11382770153384845,0.3934648060585092,0.18687579287279438,0.2930150309460654,-0.10603159958482297,-0.20915695998154768,-0.24498519970783839,-0.3092530657748049,-0.45833237227540075,-0.09827393995310037,-0.4592934302079729,-0.11934801829854304,-0.050620843424441626,-0.21688386575942797,-0.2798600699650175,-0.15031714911774882,-0.2410717718064045,0.3404220966439857,0.54194441240918,0.5366470610848422,0.5167570061123284,0.6984738400030753,0.6650751547303272,0.4558259331872525,0.3048706416022758,-0.23206089263060778,-0.2753315649867374,-0.012931995540691193,-0.39831622650213355,-0.34189059316495596,-0.1376004305539538,-0.16826202283473649,-0.09702072040902626,-0.26742013608580323,-0.0892784377042248,0.5141890593164956,0.3803021566140007,-0.0869718986660516,-0.09184638450005767,-0.4080267558528428,-0.15270057279052782,0.25368085188175143,0.06980355975858225,-0.244101026409872,0.0911544227886057,-0.10035751355091685,0.0456617844923692,0.030069580594318225,0.01633798485372698,-0.15111674931764887,-0.23741206319916966,0.2098642986199208,0.32176219582516435,-0.1829546765078999,0.15050936070426324,0.07739207319417214,-0.08968592626763541,-0.22020528197439743,0.19820089955022488,0.16083496713181872,-0.06732787452427633,0.07856840810364049,0.061784492369200014,-0.0776457924883712,-0.27273286433706223,-0.2630530888401953,0.5143351401222466,-0.3198323914965594,0.756537116057356,0.6662591781032561,0.6151770268711798,0.6262176604005689,0.6537961788336601,0.3488332756698574,0.48901702994656515,0.41055626033137277,0.30270249490639295,0.30491677238303927,0.09914273632414562,0.16905393457117596,-0.06416022757851843,-0.1333717756506362
#13,0.34844116403336794,0.18219351862530273,0.450559335716757,1.0,-0.03846538269326875,0.18665282743243763,-0.26559028178218586,0.09218467689232307,-0.2367124130242571,0.3624418559950794,0.18612232345365778,0.21222465690231807,-0.002875485334255949,-0.3965555683696613,-0.19896205743282205,-0.1665167416291854,0.17234459693230308,0.06394495060162227,-0.05524160996424864,0.21685311190558568,-0.1342943912659055,-0.07389382231960942,-0.24819897743435973,-0.2342597931803329,-0.17691923269134663,0.10088032906623612,0.4024218659900819,0.6957982547187944,-0.12237727290201053,-0.11880213739284204,-0.05719447968323531,-0.06379118133241071,-0.16108099796255718,-0.06310690808441932,-0.1703917272133164,-0.23221466189981932,-0.30164917541229386,-0.3634106023911121,-0.3135124745319648,-0.2500442086648983,-0.02328066735862838,0.05482643293737746,-0.23067696920770384,-0.41277822627147964,-0.22171222081267059,-0.13896897704993658,0.24064121785261217,0.6509822012070887,0.44047976011994006,0.47007265597970244,0.4625994694960212,0.45329642870872255,0.24434705724061045,-0.027701533848460386,-0.20929535232383809,-0.21804482374197517,0.3815476876946142,0.052658286241494635,0.026963441356244955,0.12035520701187867,-0.028470380194518124,0.009887364010302541,-0.28245877061469266,-0.21243224541575367,0.44859877753430977,0.543382155076308,-0.35123207626955755,-0.2166070810748472,-0.27581593818475375,-0.07334025295044785,0.008218967439357244,0.0025987006496751624,0.037619651712605236,0.0002383423672778995,0.09620574328220505,0.16955368469611348,0.15396148079806252,0.2168454234421251,-0.4879790873793872,-0.3041171721831392,0.012878176296467151,0.2178910544727636,-0.34245185099757813,-0.05694844885249683,-0.09370699265751739,-0.12009379925421905,-0.1125514165993926,0.24759158882097412,0.318894398954369,-0.024241725291200552,-0.1887364010302541,0.11484257871064468,0.04463153038865183,-0.050174912543728134,0.009133894591165955,0.003736593241840618,-0.2739399531003729,0.1206166147695383,0.476231115211625,0.21285511090608542,0.48787913735439975,0.04077192173144197,-0.06652058586091569,0.12897397455118595,0.17112981970553184,-0.05208165148195133,0.16164225579517932,0.18168608003690462,0.17129127743820396,0.05978549186944989,-0.005581824472379195
#17,0.09890439395686772,0.03144581555376158,0.2905162803213778,-0.03846538269326875,1.0,0.40142236574020684,0.23302195056317995,0.2544650751547303,0.2958828278168608,0.23070003459808558,0.31301272440702727,0.6007842232729789,0.25923961096374887,0.25261984392419173,-0.17455887440894938,-0.2153077307500096,0.43239918502287317,0.3479721677622727,-0.41050244108714873,-0.45401914427401685,-0.20075346941913658,-0.35235459193480184,0.028293545534924844,-0.1507707684619229,-0.11911736439472571,-0.15123207626955754,-0.07610809979625571,-0.016922308076730865,-0.044539268827124896,0.07925268135163188,0.2873793872294622,0.15629108522661747,0.2954753392534502,-0.006558259331872525,-0.07648483450582401,0.17715757505862453,-0.13023488255872065,-0.031761042555645255,-0.07497020720409026,-0.026548264329373773,-0.08007534694191366,0.10373274901011033,0.10953753892284628,0.343528235882059,0.24174066812747472,0.2491369699765502,0.03744281705301195,0.0687656171914043,-0.07593895360012301,0.10064198669895821,-0.0844500826509822,0.022773228770230268,-0.14170607004190214,-0.17680390573943797,-0.22419559451043708,-0.42080498212432244,-0.2829123899588667,-0.2430400184523123,-0.35725983162265024,-0.2030907623111521,-0.09026256102717872,-0.08238957444354746,0.1280052281551532,0.07255602967746896,-0.10155691385076693,-0.26844270172606005,0.5284511590358667,0.3868065967016492,-0.07462422634836428,0.07827624649213855,0.3133356398723715,-0.07895283127666936,0.11610348671817937,0.21287817629646716,-0.20182216584015683,-0.17934878714488908,-0.10655441510014224,-0.15080921077922577,0.2776457924883712,0.031107523161496176,0.5968400415177026,0.45432668281243993,0.03675854380502057,0.45349632875869755,0.6988044439318802,0.07612347672317687,-0.04417791104447776,0.27707684619228845,0.22236574020681968,0.5818321608426555,0.5940414408180525,0.30587014185215083,0.2009841233229539,-0.20771921731441972,-0.16414100641986698,0.14067581593818476,-0.2177603505939338,0.3014723407527006,0.2736939222696344,0.04892169299965402,0.121131741821397,0.44220966439856996,0.4451466574405105,0.2642678660669665,0.3404836043516703,0.31719524852958136,0.29855841310114173,0.033014262099719374,-0.13560911851766425,-0.16644754545804022,-0.21250913005035943
#18,0.08606465997770346,0.19968477299811632,0.41428516510975283,0.18665282743243763,0.40142236574020684,1.0,0.0878176296467151,0.14700342136623995,-0.10889170799215776,0.3467650789989621,0.0289547533925345,0.32342290393264905,0.5095759812401491,0.1387152577557375,-0.30425556452542957,-0.29478337754199824,0.3135739822396494,0.23964940606619767,-0.37206012378426173,-0.36742398031753354,-0.4498827509322262,-0.37113750816899244,-0.15029408372736708,-0.08076730865336562,-0.21519240379810095,-0.10314073732364587,0.2954522738630685,0.3204628455003268,0.3004651520393649,0.0987429362241956,0.4192903548225887,0.3945873217237535,0.30184907546226886,0.0640372121631492,-0.19668627224849114,0.01717602737092992,-0.08746396032752854,-0.18952831276669357,-0.15007880675047092,-0.06878868258178603,-0.07926036981509245,0.12665205858609158,-0.057040710414023754,0.10031138277015339,0.2833045015953562,0.057778802906239185,0.36751624187906046,0.33039634029139275,0.2279014338984354,0.22127397839541768,0.31338945911659555,0.2805135893591666,0.10845346557490486,0.024679967708453467,-0.35765963172260024,-0.3176488678737554,-0.07860685042094337,-0.2468919386460616,-0.04044131780263714,0.047045707915273134,-0.13899973090377887,-0.04017222158151693,-0.0688348133625495,-0.06394495060162227,0.20114558105562602,-0.006281474647291739,-0.011125206627455503,0.10903778879790874,-0.34106023911121364,-0.006696651674162919,0.21451581901357014,-0.1892515280821128,-0.17639641717602736,0.07402452619843924,-0.17095298504593856,-0.0031445815553761583,0.050397877984084884,0.11288970899165801,-0.10717718064044901,0.015615269288432706,0.44245569522930844,0.7473878445392689,-0.12360742705570292,0.21647637719601737,0.3125283512090109,-0.07789182331910968,-0.08500365202014377,0.46785837850305617,0.4723407527005728,0.27868373505554916,0.47297889516780073,0.24836043516703188,0.2500749625187406,-0.296551724137931,-0.10445546457540461,-0.046230730788451926,-0.12030138776765463,0.40436704724560796,0.34524276323376774,0.2652827432437627,0.32052435320801137,0.5041171721831392,0.45507246376811594,0.28137469726675124,0.5525391150578557,0.3101833698535348,0.3751124437781109,0.064513896897705,0.10146465228924,-0.21698381578441547,-0.2826509822012071
#26,0.03861146349901972,0.07650021143274517,-0.04856802368046746,-0.26559028178218586,0.23302195056317995,0.0878176296467151,1.0,0.009379925421904432,0.22326529043170723,0.40627378618383114,0.05561065621035636,-0.15973551685695614,0.1824779917733441,0.7624572329220005,-0.018583016184215585,0.010610079575596816,0.1804021066389882,0.08658747549302272,-0.12519893899204243,-0.28069811248222043,-0.05510321762195825,-0.25255833621650714,-0.07892207742282704,0.03419828547264829,0.1124207127205628,-0.10205666397570445,-0.12189289970399415,-0.2476761619190405,0.1662476454080652,0.25983162265021337,0.34791834851804865,0.19805481874447392,0.20645830930688502,0.2632991196709338,0.3519163495175489,0.2288163610502441,0.4127859147349402,0.23639718602237342,0.3070387882981586,0.16633221850613156,0.26882712489908894,-0.033229539076615536,0.36439472571406606,0.46780455925883213,0.10319455656786991,0.04414715719063545,-0.11720293699304193,-0.25161265521085613,-0.1674009149271518,-0.15105524160996425,-0.23319878522277324,-0.208441932879714,-0.13568600315227003,0.10066505208933994,0.12210048821742975,0.10030369430669281,-0.22820128397339792,0.02043593587821474,-0.1800638142467228,-0.038165532618306235,0.07791488870949141,0.132902779379541,0.20891861761426977,0.06592857417445123,-0.19903125360396726,-0.30470918386960366,0.5501249375312344,0.6344596932303079,0.065259677853381,0.23472878945142814,0.05114365893976089,0.10996040441317803,-0.013185714834890247,0.07846845807865298,-0.042002075885134355,0.05534924845269673,0.17993311036789297,0.1413370237957944,0.3395148579556376,0.0839733979164264,-0.1260600468996271,-0.02138161688386576,0.026317610425556453,-0.16091954022988506,0.29113904586168454,-0.08658747549302272,0.19255756737016108,-0.2839503325260447,-0.10537808019067389,0.10410179525621804,0.3485641794487372,-0.031199784723023104,0.05923192250028832,-0.13070387882981585,-0.2216045823242225,-0.07362472609848922,0.06790450928381962,-0.018167839157344403,-0.08528812516818514,-0.13830008072886635,-0.28453465574904857,0.17762657132971976,0.10790758466920386,0.07999846230730788,0.07143351401222466,0.08435782108945528,-0.0011532695190866105,0.2102410333294891,0.2122784761465421,-0.03492868950140315,-0.08232806673586283
#49,0.6535347710760004,0.489147733825395,0.3226924999038942,0.09218467689232307,0.2544650751547303,0.14700342136623995,0.009379925421904432,1.0,0.19066620535885903,0.27667704609233845,0.5306423711221312,0.4162380348287395,-0.036827739976165765,-0.21159420289855072,-0.3261984392419175,-0.535340022296544,0.46112328451159035,0.30044977511244375,-0.09595971245146658,-0.24639218852112404,-0.05937800330603929,-0.2634836427939876,0.08518817514319763,-0.30011148272017835,0.022404182524122553,0.009687463960327528,-0.015968938607619266,-0.009356860031522701,-0.17363625879368008,-0.024925998539191942,-0.1299042786299158,-0.1934724945219698,-0.0037827240226040826,-0.2846269173105755,-0.32287702302694804,-0.05051320493599354,-0.16839272671356628,-0.2273247991388921,-0.19146580555875908,-0.2828970130319456,-0.2546880405950871,-0.17191404297851073,-0.3340714258255488,-0.2875331564986737,-0.20740399031253604,-0.12988890170299466,0.0897243685849383,0.01030254103717372,-0.110306385268904,-0.08560335217006881,-0.004597701149425287,0.0038365432668281243,-0.14444316303386767,-0.17813400991811787,-0.10866105408834044,-0.13830008072886635,-0.07666935762887787,-0.4447545458040211,-0.10783838849805866,-0.2304540037673471,0.09444508514973282,0.12711336639372622,-0.002629454503517472,-0.15871295121669934,0.10384807596201899,-0.07073386383731212,-0.008334294391265906,-0.044646907315572984,-0.025533387152577556,-0.1349479106600546,-0.007826855802867797,0.0004920616614769538,-0.2884096413331796,-0.1071464267866067,-0.23592818975127822,-0.12066274555030178,-0.2601237842617153,-0.2146618998193211,-0.06224580017683466,-0.16148848652596778,0.2007842232729789,0.05235074770307154,-0.2939376465613347,0.3026563641256295,-0.00337523545919348,0.4455695229308423,0.1657325183562065,0.043608964748395034,-0.0662822434936378,0.06331449659785492,-0.1494329758197824,0.04027217160650444,-0.18352362280398263,0.21426209971937107,0.28817898742936227,0.4553108061353938,-0.14017606581324724,0.23363702764002614,0.10906085418829047,-0.05131280513589359,-0.08086725867835313,0.037319801637642716,-0.09775881290124169,0.2844885249682851,0.10976819282666359,0.35167800715027103,-0.03281436204974436,-0.08960135316956906,-0.11990927613116519,0.2848960135316957,0.3019028947064929
#50,0.007811478875946642,0.17927190251028333,-0.0633221850613155,-0.2367124130242571,0.2958828278168608,-0.10889170799215776,0.22326529043170723,0.19066620535885903,1.0,0.11281282435705224,0.43169953484796064,0.15313112674432014,-0.10773843847307116,0.15040172221581516,-0.007780725022104333,-0.05776342597931804,0.1292892015530696,0.1795563756583247,-0.08957059931572675,-0.06139238073271057,0.18218583016184214,0.19953869219236536,0.3029946565178949,0.0319148118248568,0.0029600584323223006,-0.09116211125206627,-0.32599085072848194,-0.08989351478107101,-0.16803905739437974,-0.022942374966362974,0.16789297658862876,-0.03272978895167801,0.2071810248721793,-0.19481028716411025,0.059962326529043174,-0.12838965132818206,-0.07371698766001615,-0.14496597854918694,0.10177987929112367,0.016507131049859687,-0.2273939953100373,-0.3087148733325645,0.07768423480567409,0.10487833006573637,-0.026963441356244955,0.21880598162457232,-0.3552608311229001,0.006973436358743705,-0.3329335332333833,0.13961480798062506,-0.11861761426978819,0.003736593241840618,-0.10328681812939684,-0.06820435935878215,0.11063698919770884,-0.21273209549071617,-0.3232383808095952,-0.06848114404336293,-0.32168531119055854,-0.2553569369161573,-0.053234921001037945,-0.003736593241840618,-0.008933994541190943,0.1975166263022335,-0.09378387729212317,-0.24734555799023566,0.3688770999115827,0.24127936031984007,0.14054511205935494,0.041317802637142964,0.4108868642601776,0.08860954138315458,0.3170030369430669,0.2476761619190405,-0.15715219313420212,-0.16976896167300964,-0.2736939222696344,-0.40688117479721675,0.16484065659477953,0.10234113712374582,0.045592588321224,-0.21400069196171145,0.050974512743628186,0.19035866682043592,0.2438934378964364,-0.009902740937223696,-0.1453965325029793,-0.023711221312420712,-0.21814477376696267,0.15131664936762387,0.022850113404836045,-0.14512743628185906,-0.15037865682543344,-0.11155960481297812,-0.2195978933610118,0.294860262176604,-0.11512705185868605,0.02306539038173221,0.08571867912197748,-0.2738092492215431,-0.030746165378849038,0.11952485295813632,0.17132971975550687,0.0005843232230038827,-0.020420558951293584,0.06907315572982739,0.06293776188828662,-0.13457886441394687,-0.3018029446815054,0.11272825125898589,0.07037250605466497
#51,0.34814900242186597,0.41679160419790107,0.4720947218698343,0.3624418559950794,0.23070003459808558,0.3467650789989621,0.40627378618383114,0.27667704609233845,0.11281282435705224,1.0,0.4870564717641179,0.19634029139276515,0.40165301964402417,0.24672279244992887,-0.3269057778802906,-0.2883327566985738,0.5054780302156614,0.3774420482066659,-0.234167531618806,-0.25779417983316033,-0.2952293084227117,-0.48717948717948717,-0.16792373044247108,-0.27888363510552416,-0.05128973974551186,0.023234536577864912,0.30502441087148735,0.3079383385230462,0.02008226655902818,-0.005651020643524391,0.38089416830046513,0.05553377157575059,0.3178718333141122,0.17525083612040135,-0.08282781686080037,-0.08448852496828509,-0.07786875792872794,-0.27566216891554224,-0.0026909622112020913,-0.10134163687387075,-0.04337831084457771,-0.059693230307922965,-0.043662783992619074,-0.1283127666935763,-0.02075116288009841,-0.17977934109868143,0.22674816437934878,0.28109791258217043,0.3089224618460001,0.29172336908468843,0.2437857994079883,0.3007880675047092,0.1027255602967747,0.06929612117018413,-0.2250413254911006,-0.27518548418098643,0.05842463383692769,-0.20032291546534425,-0.08120555107061854,0.08039057394379734,-0.03139199630953754,0.08181293968400415,-0.12379195017875677,-0.25887825318110175,0.31308192057817247,0.2542113558605313,0.08143620497443586,0.1245684849882751,-0.2559643255295429,0.15947410909929652,0.2370583938799831,0.01394687271748741,-0.05531080613539384,0.14738015607580826,-0.03681236304924461,0.1586898858263176,0.14352823588205896,0.20586629762042055,-0.1844846807365548,-0.2115019413370238,0.0725790950678507,0.23585130511667243,-0.3224464690731557,0.06030830738476915,0.1714527351708761,-0.1243608964748395,-0.014016068888632606,-0.007680774997116826,0.10989889670549341,0.07689232306923462,0.06875024026448315,0.1633183408295852,0.16779302656364126,-0.22139699381078692,-0.12509130050359435,0.14971744896782377,-0.19793180332910468,0.3397455118594549,0.354661130972975,0.2684273247991389,0.25085149732825895,0.3837235228539576,0.25642563333717755,0.3965555683696613,0.3672394571944797,0.29392995809787414,0.3563525929343021,0.21707607734594242,0.17997924114865643,-0.07106446776611694,-0.08013685464959827
#52,0.48497289816630146,0.3467573905355015,0.42987736900780377,0.18612232345365778,0.31301272440702727,0.0289547533925345,0.05561065621035636,0.5306423711221312,0.43169953484796064,0.4870564717641179,1.0,0.4312843578210895,0.033829239226540575,-0.14589628262791682,-0.40739630184907544,-0.4289009341483105,0.4846192288471149,0.4940529735132434,-0.29096221120209126,-0.2798523815015569,-0.18593011186714334,-0.2495060162226579,0.1625418060200669,-0.2437857994079883,-0.040264483143043865,0.1815938184753777,0.08421942874716488,0.17777265213547072,-0.22147387844539268,-0.15064775304655365,0.18681428516510976,-0.24618460000768846,0.35408449621343174,-0.29209241533079616,-0.35163187636950755,-0.25559527928343523,-0.4150847653096529,-0.5080921077922577,-0.10231807173336409,-0.16843885749432977,-0.25940106869642104,-0.1450505516472533,-0.37959481797562755,-0.29161573059624035,-0.10225656402567947,0.019151962480298313,0.14073732364586938,0.20076884634605774,0.030507823011571136,0.2094568100565102,0.10763848844808364,0.22801676085034406,0.06775074001460808,-0.07898358513051167,-0.2478683735055549,-0.354953292584477,-0.12755160881097913,-0.37654249798177836,-0.3278207050320993,-0.24194825664091033,0.14808749471418137,0.2056125783262215,-0.10972206204590013,-0.0829508322761696,0.28164379348787144,0.04496213431745666,0.12835120901087918,-0.0006919617114519663,-0.16986891169799714,-0.08670280244493138,0.314327451658786,0.09642870872256179,0.02227347864529274,0.13843078460769614,-0.1726444470072656,-0.06440625840925691,-0.048875562218890556,-0.07710760004613078,-0.0462076653980702,-0.12901241686848883,0.22532579863914196,0.01898281628416561,-0.2604697651174413,0.46801214777226774,0.17932572175450737,0.2344366278399262,0.03883442893937646,0.07197170645446507,-0.1136124245569523,0.07553915350017298,-0.14027601583823474,-0.04153307961403913,-0.16480221427747666,-0.02709414523507477,-0.032798985122823206,0.5027101833698535,-0.2732864337062238,0.3652250797678084,0.36929996540191445,0.15839772421481568,0.23210702341137124,0.33264906008534195,0.22013608580325222,0.4341214008380425,0.2470610848421943,0.5020259101218622,0.3392688271248991,0.1838388498058663,-0.10621612270787684,0.2724407027255603,0.21699919271133664
#53,0.25451889439895437,0.2919847768423481,0.14582708645677162,0.21222465690231807,0.6007842232729789,0.32342290393264905,-0.15973551685695614,0.4162380348287395,0.15313112674432014,0.19634029139276515,0.4312843578210895,1.0,0.26033906123861145,-0.19657094529658248,-0.17046092338446162,-0.24882174297466653,0.2971052935070926,0.1894514281320878,-0.3396378733710068,-0.18826740475915887,-0.15203936493291817,-0.1296044285549533,-0.06049283050782301,-0.17328258947449351,-0.30668511897897205,0.0173528620305232,-0.17748049052396878,0.08780994118325453,-0.26391419674777994,-0.058440010763848846,0.04912928151308961,0.04520816514819513,0.10330988351977857,-0.04890631607273287,-0.23978779840848807,0.1388844039518702,-0.2794525814016069,-0.1826394495060162,-0.35710606235343867,-0.08250490139545612,-0.31021412370737705,0.028677968707953715,-0.13406373736208818,-0.02877791873294122,0.16911544227886058,0.10436320301387768,0.04014146772767462,0.10326375273901511,-0.15982777841848306,0.019820858801368548,-0.08419636335678314,0.0223196094260562,-0.20414408180525123,-0.38519970783838847,-0.30128781762964674,-0.4047591588820974,-0.07344020297543535,-0.24809133894591165,-0.10570868411947872,-0.11109060854188291,-0.07692307692307693,-0.004013377926421404,0.01732210817668089,-0.2189136201130204,-0.07021104832199285,-0.14648060585092068,0.18222427247914505,0.07314035290047284,-0.05078998962057433,0.030899934648060585,0.1503940337523546,-0.097989466805059,0.09308422711721062,0.08194364356283397,-0.22341905970091877,-0.1742820897243686,-0.25744051051397376,-0.15779033560143005,-0.07460116095798255,-0.19002037442817052,0.5807788413485565,0.44819128897089916,-0.21849844308614924,0.5507092607542383,0.5355860531272825,0.16187290969899665,-0.049167723830392494,0.35853611655710604,0.20814208280475147,0.5502863952639065,0.2619536385653327,0.36456387191019873,0.20286779687079537,-0.06180755775958175,0.07649252296928459,0.06879637104524661,-0.2052050897628109,0.09926575173951485,0.22165840156844654,-0.02380348287394764,0.15407680774997118,0.21033329489101604,0.3517318263944951,0.25897051474262867,0.27249452196978435,0.2723715065544151,0.2619613270287933,-0.07459347249452197,-0.31209010879175797,-0.05739437973321032,-0.0575712143928036
#54,0.020651212855110908,0.11609579825471879,0.259001268596471,-0.002875485334255949,0.25923961096374887,0.5095759812401491,0.1824779917733441,-0.036827739976165765,-0.10773843847307116,0.40165301964402417,0.033829239226540575,0.26033906123861145,1.0,0.3031638027140276,-0.3533771575750586,-0.17604274785684082,0.14966362972359973,0.2849882750932226,-0.27776111944027987,-0.2506362203513628,-0.5327336331834083,-0.3973859224234037,-0.16187290969899665,0.027517010725406528,-0.17764963672010148,-0.003944181755276208,0.20804982124322455,0.2124245569522931,0.2634836427939876,0.15599892361511553,0.2716872333064237,0.3693922269634414,0.182516434090647,0.1322569484488525,-0.0967977549686695,0.06254565025179717,-0.05889363010802291,-0.0987044939068927,-0.04841425441125591,0.018106331449659785,-0.13067312497597355,0.06203821166339907,0.10766155383846539,0.21086379886979587,0.12574481989774344,0.031222850113404838,0.31338945911659555,0.22062814746472917,0.17603505939338024,0.09067004959058932,0.21237073770806905,0.21917502787068005,0.09646715103986468,0.13812324606927306,-0.4609310729250759,-0.2696882328066736,-0.2054049898127859,-0.201491561911352,0.06801214777226772,-0.0028447314804136395,-0.044816053511705686,0.08378887479337255,-0.03675085534155999,-0.08013685464959827,0.21273978395417675,0.03852689040095337,0.1721677622727098,0.2013224157152193,-0.24034136777764964,0.19454119094299005,0.3025871679544843,-0.008580325222004382,-0.24016453311805636,-0.06535193941490793,-0.17395917425902432,-0.029885057471264367,-0.009287663860377503,0.11678007150271018,0.04827586206896552,0.04284780686579787,0.2830969130819206,0.46247645408065197,-0.09770499365701764,0.04683811940183754,0.3519240379810095,-0.1296736247260985,-0.021097143735824397,0.2369815092453773,0.19817014569638258,0.2749163879598662,0.40290623918809826,0.19301887517779573,0.19688617229846614,-0.19538692192365356,-0.0753315649867374,-0.04523123053857687,0.01063314496597855,0.3176488678737554,0.22680198362357282,0.3360627378618383,0.2408949371468112,0.3860223734286703,0.4774920232191597,0.08295852073963018,0.3151116749317649,0.18566870410948372,0.23258370814592705,0.16690116480221429,0.07369392226963441,-0.25741744512359205,-0.21900588167454735
#58,-0.20814977126821205,-0.14776457924883712,-0.01447737669626725,-0.3965555683696613,0.25261984392419173,0.1387152577557375,0.7624572329220005,-0.21159420289855072,0.15040172221581516,0.24672279244992887,-0.14589628262791682,-0.19657094529658248,0.3031638027140276,1.0,0.1120439780109945,0.15305424210971438,0.09732057048398877,0.10154922538730635,-0.2138853650098028,-0.3034405873986084,-0.11300503594356667,-0.3379694768000615,-0.11352016299542536,-0.03757352093184177,0.10457079152731327,-0.2826048514204436,0.04626148464229424,-0.18694498904393958,0.22837043016953062,0.1702302694806443,0.4447545458040211,0.2777841848306616,0.25638719101987467,0.21573828470380194,0.3724522354207512,0.3392534501979779,0.28207434744166376,0.24922154307461653,0.27539307269442204,0.13360242955445353,0.32268481144043365,0.12859723984161767,0.44762234267481643,0.5756275708299696,0.21492330757698075,0.15323876523276822,0.01566908853265675,-0.1529081613039634,0.05049782800907239,-0.06296082727866836,-0.04866028524199439,-0.11539614807980625,-0.008449621343174566,0.17334409718217814,0.0811517318263945,0.019890054972513744,-0.32522200438242416,0.10320993349479107,-0.25898589166954983,0.027401683773497866,-0.14462768615692154,-0.12057817245223543,0.23276823126898089,0.07074924076423326,-0.23461346249951948,-0.289147733825395,0.6019759351093684,0.612770537808019,-0.02617152961980548,0.2896244185599508,0.10492446084649983,0.055679852381501554,0.03682005151270518,0.13595509937339023,-0.016361050244108714,0.03775804405489563,0.07896051974012994,0.0011378925921654557,0.4219505631799485,0.06957290585476493,-0.03502095106293007,0.08601084073347941,0.24000307538538423,-0.14727251758736018,0.4212970437857994,-0.2120401337792642,-0.07163341406219967,-0.16916926152308462,0.007288663360627379,0.1294583477492023,0.4960289086226118,-0.07476261869065468,0.15463037711913274,-0.39561757582747087,-0.42168915542228885,-0.1187098758313151,0.05551839464882943,0.1273978395417676,-0.01004113327951409,0.07983700457463576,-0.1301118671433514,0.2923692000153769,0.27861453888440396,0.10593933802329604,0.19126590550878406,0.1218467689232307,0.09852765924729942,0.08461922884711491,0.07759197324414716,-0.3639257294429708,-0.36643216853111904
#101,-0.5019797793410987,-0.3258370814592704,-0.3127205627955253,-0.19896205743282205,-0.17455887440894938,-0.30425556452542957,-0.018583016184215585,-0.3261984392419175,-0.007780725022104333,-0.3269057778802906,-0.40739630184907544,-0.17046092338446162,-0.3533771575750586,0.1120439780109945,1.0,0.6422250413254911,-0.14264406258409257,-0.24051820243724292,0.24869872755929728,0.08884788375043248,0.6352900472840503,0.358974358974359,0.048867873755429975,0.04264790681582286,0.15406143082305002,-0.3287894514281321,-0.3402452619843924,-0.43656633221850616,0.004367047245607965,-0.1893130357897974,-0.07013416368738708,0.060538961288586476,-0.02712489908891708,0.2510360204513128,0.3956252642909315,0.235659093530158,0.3073924576173452,0.3898589166954984,0.06938069426825048,0.03602045131280514,0.06439088148233575,-0.12203129204628455,0.315073232614462,0.203874985584131,0.11536539422596394,0.04493138046361435,-0.5566985737900281,-0.4364125629492946,-0.3337792642140468,-0.25463422135086305,-0.2923076923076923,-0.3292968900165302,-0.12902779379541,-0.18283934955599124,0.5992080882635605,0.22518740629685158,-0.0035905124360896476,0.26456771614192903,-0.13821550763079998,-0.11992465305808635,-0.3140276015838235,-0.36510206435243914,0.1962864721485411,0.1710760004613078,-0.3711528850959136,-0.16933840771921732,0.18978203206089264,0.04001076384884481,0.48629531388152075,0.12008611079075847,-0.17182178141698382,0.02458001768346596,0.3603044631530389,-0.007127205627955253,0.13608580325222006,-0.05351170568561873,-0.17527390151078306,-0.2933071925575674,0.2711259754738016,0.005574136008918618,-0.27021873678545344,-0.29777418982816284,0.3731595740591243,-0.24240956444854495,-0.05105139737823396,-0.30733094990966053,-0.334594241340868,-0.30034213662399567,-0.24431630338676816,-0.2576788528812517,-0.015492253873063468,-0.2217814169838158,-0.13557836466382195,-0.20791142890093414,-0.22713258755237767,-0.19105831699534848,0.07523161496174989,-0.27018029446815056,-0.33183408295852074,-0.33431745665628726,-0.30673124975973554,-0.15959712451466573,-0.01921347018798293,0.012286164610002691,-0.12901241686848883,-0.19139660938761388,-0.16253411755660632,-0.36753930726944223,-0.11688002152769769,-0.19260369815092454,-0.18892092415330797
#102,-0.5798869795871295,-0.30886864260177604,-0.44571560373659325,-0.1665167416291854,-0.2153077307500096,-0.29478337754199824,0.010610079575596816,-0.535340022296544,-0.05776342597931804,-0.2883327566985738,-0.4289009341483105,-0.24882174297466653,-0.17604274785684082,0.15305424210971438,0.6422250413254911,1.0,-0.385299657863376,-0.278322377272902,0.1597124514665744,0.27741513858455386,0.19787798408488064,0.350878406950371,-0.13947641563833468,0.23277591973244147,-0.00595087071848691,-0.0677430515511475,-0.29611348172067814,-0.3426671279744743,0.010825356552492985,-0.000722715565294276,-0.1399761657632722,-0.12271556529427594,-0.12458386191519624,0.17142966978049437,0.30945296582477994,0.0789067004959059,0.14492753623188406,0.2806750470918387,0.08282781686080037,0.11560373659324184,0.17456656287240996,0.045169722830892246,0.3137200630454004,0.3168800215276977,0.12237727290201053,0.08391957867220236,-0.2682197362857033,-0.3119594049129282,-0.09336101180179142,-0.08884788375043248,-0.2758313151116749,-0.24121785261215545,-0.09959635566831969,-0.03302195056317995,0.1645177411294353,0.16268788682581786,-0.016030446315303887,0.4513435589897359,0.042055895129358395,0.04269403759658632,-0.30540114558105563,-0.3058932072425326,0.13058086341444664,0.14292853573213393,-0.3346173067312498,-0.05774804905239688,0.14425095144735325,0.05986237650405567,0.23347556990735402,0.335539922346519,0.03196863106908084,0.21369315342328835,0.2680275246991889,-0.01004113327951409,0.18729865836312612,0.0672663668165917,-0.04940606619767039,-0.08751009110829201,0.10466305308884019,0.1915273132664437,-0.25176642448006764,-0.24985968554184446,0.26450620843424444,-0.32472225425748663,0.007942182754776457,-0.4248029831238227,-0.3176334909468343,-0.09195402298850575,0.0010994502748625688,-0.030776919232691345,-0.006435243916503287,-0.3046938069426825,-0.008580325222004382,-0.30121862145850153,-0.35181639949256144,-0.42452619843924194,0.19624034136777765,-0.4380732710567793,-0.3875523776573252,-0.3907738438473071,-0.38708338138622994,-0.2993887671548841,-0.1346019298043286,-0.21149425287356322,-0.24776073501710683,-0.23893437896436398,-0.1452504516972283,-0.14733402529504477,0.01660708107484719,-0.3012109329950409,-0.325206627455503
#201,0.3076923076923077,0.20048437319801637,0.6360512051666475,0.17234459693230308,0.43239918502287317,0.3135739822396494,0.1804021066389882,0.46112328451159035,0.1292892015530696,0.5054780302156614,0.4846192288471149,0.2971052935070926,0.14966362972359973,0.09732057048398877,-0.14264406258409257,-0.385299657863376,1.0,0.5571521931342022,-0.1628800984123323,-0.40879560219890054,-0.01598431553454042,-0.3229385307346327,0.2412024756852343,-0.28243570522431094,0.2465844001076385,-0.0444700726559797,0.272809748971668,0.05727905278130166,0.007926805827855304,-0.057402068196670895,0.15762118940529735,0.053973013493253376,0.14308999346480605,-0.05255833621650713,-0.17551993234152155,-0.013316418713720062,-0.10970668511897898,-0.2119786260715796,-0.03704301695306193,-0.30056510206435244,-0.18808288163610504,-0.04476992273094222,0.039664782993118826,-0.10782301157113751,-0.08794833352554492,-0.24713796947680006,0.12020912620612771,0.08608772536808519,0.13008111328950908,0.11018336985353477,0.23986468304309383,0.12728251258985893,0.1370853035020951,0.07152577557375159,0.00580478991273594,-0.1549148502671741,-0.06975742897781878,-0.43063852689040094,-0.37568139007419366,-0.26004689962710953,0.0005997001499250374,-0.005035943566678199,-0.06889632107023412,0.05975473801560758,0.20896474839503326,0.10189520624303233,0.17654249798177835,0.10400953369469111,-0.04281705301195556,-0.09785876292622919,0.21761426978818282,0.10538576865413447,-0.1773036558643755,0.07413216468688733,-0.1690078037904125,-0.025594894860262177,-0.10831507323261447,-0.1383462115096298,0.1833237227540076,-0.09469111598047131,0.18576865413447122,0.2847191788721024,-0.07855303117671933,0.19405681774497366,0.2684580786529812,0.027678468458078653,-0.056963825779417984,0.16592472994272095,-0.020289855072463767,0.11528850959135817,0.17004574635759043,0.12835120901087918,-0.06252258486141545,-0.15425364240956446,-0.0592703648175912,0.5655172413793104,-0.14019913120362895,0.5155422288855572,0.21645331180563565,0.22915465344250951,0.1639334179064314,0.4108868642601776,0.17871833314112176,0.40740399031253605,0.20789605197401298,0.275739053550148,0.10368661822934687,0.03808095952023988,0.0022757851843309114,0.10069580594318225,0.06115403836543267
