,#10,#11,#12,#13,#17,#18,#26,#49,#50,#51,#52,#53,#54,#58,#101,#102,#201,#202,#301,#302,#401,#402,#501,#502,#601,#602,#701,#702,#801,#802,#901,#902,#1001,#1002,#1101,#1102,#1201,#1202,#1301,#1302,#1401,#1402,#1501,#1502,#1601,#1602,#1701,#1702,#1801,#1802,#1901,#1902,#2001,#2002,#2101,#2102,#2201,#2202,#2301,#2302,#2401,#2402,#2501,#2502,#2601,#2602,#2701,#2702,#2801,#2802,#2901,#2902,#3001,#3002,#3101,#3102,#3201,#3202,#3301,#3302,#3401,#3402,#3455,#3501,#3502,#3601,#3602,#3701,#3702,#3801,#3802,#3901,#3902,#4001,#4002,#4101,#4102,#4201,#4202,#4301,#4302,#4401,#4402,#4501,#4502,#4601,#4602,#4701,#4702,#4801,#4802
#10,1.0,0.44031149793861657,0.366034601627822,0.47519538028012603,0.19194649194649194,0.17971978141469666,0.41802125700430787,0.7989459413188227,0.27784487106521005,0.47449853551548465,0.5898869593784848,0.1614097919182665,0.2032186269474405,0.03973542109135329,-0.21224753258651563,-0.19299222180578113,0.5424820814651323,0.19267248758774183,0.05443717986090867,0.01885645275475784,-0.0039617429447937925,-0.15544357917239274,0.15125371905032922,0.06893210622024182,-0.2237547254496407,-0.09264241128647908,-0.05310410564647853,0.009565651938533294,0.08648787462346784,-0.07187865831933629,-0.0691352369318471,-0.08276165225317768,-0.08294719989635244,-0.15360337224744006,-0.16168927016384643,-0.2346617804244923,-0.21139614190461647,-0.1991814618933263,-0.0915772475094509,-0.06845597523563625,-0.10230569552603451,-0.06743476912968438,-0.007462624411776954,-0.13803587871384482,-0.042722229162907126,0.04516349940078754,-0.06372381626618914,0.025252062540198135,-0.06007903126547194,0.028589143843381133,-0.1553117061591638,-0.04717074547583022,-0.07120217289708815,-0.042116538726708216,-0.1807451519315926,-0.18074330108228415,-0.27947963371692186,-0.25192789091094175,-0.03273828528065816,0.1284457030219742,0.03215989487175928,0.1250984420475946,-0.1283513097072419,-0.11508025745313881,0.1202432015991338,0.20661539814082186,-0.08266494537680978,0.056249624046234216,-0.046359610766390426,-0.10896736489956829,0.15553889791177927,0.10989232684147938,-0.02198022367513893,-0.009177899008407483,-0.26157544293137514,-0.05435759334064419,-0.1719975753874059,-0.06563713173882665,0.2595061934044985,0.17759778268252843,-0.15916147272079476,0.09006417819977142,0.14555680487883876,0.06295062396757312,0.0745887644192729,-0.08409195019364511,0.005435481706668147,-0.13017532170074542,0.0316833011748266,0.04286752083362253,0.014651785838226516,-0.07770975906569128,-0.01727582744531897,-0.08853167497235294,-0.007266897097405572,0.12274462443953969,0.09588556198725691,-0.0005908836417310993,0.09111129619604195,-0.09199785301480216,-0.04392852019970664,0.17199572453809742,0.028866308527325475,-0.0987599309633208,0.006778735592294915,-0.05303238523577507,0.010814049797100645,0.002028993554417283,0.01932147864351254,0.14868566563481816,0.08163679858595113
#11,0.44031149793861657,1.0,0.4222448951262511,0.46113031367268653,0.07944863199100487,0.050778976202705016,0.5235478930394185,0.3094823637196519,0.586920047936997,0.5493561357968137,0.43875770994415064,-0.056959424756034924,0.2679724408537968,0.20924684314514824,-0.0561209900192951,-0.01611580764123137,0.3114863708084047,0.2990139600309092,0.02874600332227451,0.09344567988635785,0.07876289232221435,-0.10280311127768754,0.09330223906495093,0.087898684508854,-0.1526696187713137,-0.08711577525136847,0.04299152773729045,0.013008694364626568,-0.10733260224785648,-0.11628423492830273,-0.2377619530161903,-0.00698279172855444,-0.1490350134417931,-0.17485574943202062,-0.26553764858849604,-0.21539675268488828,-0.24661919238190425,-0.13324495527885358,-0.24720822517432686,-0.23410883919358497,-0.33835098580861295,-0.12294960600045346,-0.08861450047890726,0.0037030867539342115,-0.16463443412595954,0.019649541683439988,-0.1194922194922195,-0.09851330529296631,-0.10131410300901826,0.09592165354877219,-0.0995011961113656,0.14544714205731155,-0.011616855684652296,0.04945978335808844,-0.11145074195921653,-0.10759773641129573,-0.11171032357473036,-0.0839151940846856,-0.18465784736971178,0.0049417676536320605,-0.004394841682977276,-0.041636706043485704,-0.03014293183784709,-0.0868765529782479,0.14900216086656765,0.17260372853593192,0.13843797572611133,0.281850108968753,0.11041287820948838,-0.033326855360753666,0.2867752189786088,0.2576807932740136,0.01506406252168964,0.060222934799205985,-0.24649379734125496,-0.006680640578945664,-0.13934674273657324,0.0434505383657926,0.1821592008032686,-0.014517599263361975,0.06756386586895062,0.01798655357977392,0.01833173697580477,-0.15041852329987923,-0.0138110375398511,-0.05708065538574013,-0.010259257716884835,-0.13990662465238737,-0.1639630385393097,-0.05955524091117311,-0.06663057510515137,-0.15467131229843095,-0.173481956532804,-0.051690982199456774,-0.017708000758848215,0.19221995493181934,-0.050198272232170535,0.08228552126857211,0.047692222268493456,-0.11610747881934323,-0.07524951762239898,-0.03555527792815928,-0.0786018684323769,-0.0008814669831618984,0.011387350370401218,-0.04030039284276572,-0.018699130563537343,-0.04638691079369046,-0.08198522096827182,0.0784126190905852,0.13161944687368415
#12,0.366034601627822,0.4222448951262511,1.0,0.5150756303298676,0.19057593803356515,0.3619627331491738,0.3999287423016237,0.36093227279667955,0.18243636548721295,0.42804962126996027,0.4063183368268114,0.12571662571662573,0.3692254658356353,0.10558123608971066,-0.2723973588380368,-0.10413294650582786,0.7081381844093708,0.6461222393425783,-0.01478412156378258,-0.11350472197929826,0.012051805272144256,-0.11215591554574605,0.39025111397992757,0.42725421877964254,0.008430155887783007,0.283465900415053,0.2122808478740682,0.29759944844690606,0.07626332033111693,-0.20180874248670858,-0.04551192178310822,0.12451542451542452,-0.061756826163605824,-0.23553908299671011,-0.36274517969433223,-0.2938251039945955,-0.4135260067463457,-0.285719309448123,-0.0654080891369027,-0.05124030039284277,-0.18000527492052915,-0.2820375074612363,-0.00837601854551007,-0.14493630764817206,-0.06576715390274712,0.10375907494551562,-0.12516229634873702,0.020732751241225818,-0.08480961701300685,0.37613653715348633,-0.07905116210200956,0.3429535853264667,0.25864045864045865,0.43305894492335173,0.1100329913889236,-0.018397442126255686,-0.15237579644359306,-0.021676221676221675,-0.24924924924924924,0.15853079581893142,-0.3039580412461768,-0.14103194103194103,-0.223348001314103,-0.13938375972274278,0.39863823762128847,0.3152806118907814,-0.1272611594645493,0.009437017911594183,0.13348325212731993,-0.1403341708426454,0.35475552594196663,0.43922504939454093,-0.06155091917803782,0.1840632620293637,-0.504813133626693,-0.06748196578705053,-0.4473983999407728,-0.10033731728646983,0.1796485237163203,0.07464105091223736,-0.06705627044610095,0.06651952414664279,0.07462578140544242,0.015269969507257643,0.06472096133113082,-0.38192275480411075,-0.3250072877191521,0.030692171370137473,0.008136796272389493,-0.008777652845449456,-0.04085379678600017,-0.27629108307074407,0.0308332986299088,-0.31692879319997963,-0.005256412036073053,0.542092477685698,0.32680492511000986,0.24520560622255538,0.35532327396734176,-0.04498905685346363,0.3106220241813462,0.4339505915777102,0.20489410828393878,-0.0363451278705516,0.20422733982056016,0.04269585456026134,0.19415918229477552,-0.32514286243099805,-0.1731483409449511,-0.15428078309434243,0.012917077323856985
#13,0.47519538028012603,0.46113031367268653,0.5150756303298676,1.0,0.08168815965426135,0.26098733556360676,0.38387308726291774,0.30708181216655794,0.1595427476783409,0.6206920325564393,0.5395119310373547,0.0942290518561705,0.17359856003923801,0.07102032695253034,0.010974610974610974,0.03985202459778731,0.46403105725139626,0.23083191049292745,0.1856295432566619,0.1568113568113568,0.18437420471318777,0.0957934822341602,0.2616425362188074,0.21852792700250329,0.04764595103578154,0.18983189661155764,0.07503019197934452,0.2465840262450432,0.2393384139146851,0.11715228325397817,-0.023496069258781123,0.021101532965939744,-0.05263352720979839,-0.15944511537731876,-0.13409865952238834,-0.06872157211140262,-0.09245316194468736,-0.015503639232452791,-0.04953751902904445,0.05066376083325236,-0.03312002295053142,0.10209284785555972,0.0553265129536316,0.059403471267878045,0.024358565036531138,0.16089710665981852,-0.16289741204995442,-0.05780109847906458,-0.16680409222782105,0.25799404951947325,-0.17037669410550765,0.1898073728582203,0.06227089955903515,0.12090997006251243,0.003851154698612326,-0.07600466414025736,-0.22828791811842658,0.010077874484654145,-0.11796388067574508,0.08786583193362854,-0.271772697196426,-0.2796226118260017,-0.12200521014080336,-0.05389719457516068,0.31195185940948655,0.25908928959776417,-0.17410152833881648,0.028073682310970446,0.18396424159136024,0.008968290324222528,0.17382760264116195,0.3446346192108904,-0.1471943438045133,0.01375366121128833,-0.450984883188273,-0.306868501783756,-0.4402536588977267,-0.14581453564504412,0.21913315472637507,0.1821522601183618,-0.19465243363548448,0.10710124608429693,0.03848517238347747,-0.18576095355756372,0.04555217775556759,-0.37454712030983217,-0.2917387341116155,-0.1653474738220501,0.08565499243465345,-0.1037220579593461,0.03809279233008046,-0.08810551691907624,0.0605551622500775,-0.20943424163763147,0.1017726509251933,0.20750010411027361,0.14826089571852283,0.01621899249017893,0.2117547439581338,-0.2487758945386064,-0.071675527607731,0.20608512981394336,0.024588070350782216,-0.28761596727698424,-0.050250558725134994,-0.17675009369924624,-0.0836944803046498,-0.33565105937987294,-0.1677059185533762,-0.05797878001267832,0.11192964921778481
#17,0.19194649194649194,0.07944863199100487,0.19057593803356515,0.08168815965426135,1.0,0.16737785551344872,0.09941050449525025,0.25343679580967715,0.21500807433010824,0.13630348376111087,0.30441196203908066,0.3732427342596834,0.3482932855814212,0.10646779290847087,-0.13691472674523522,-0.29734218039302784,0.1353081895454777,0.1073302886862209,-0.23926484265467315,-0.17887162971908735,-0.16217372997034013,-0.3027364807025824,0.0845884405206439,0.01110185686456873,-0.017666356649407498,-0.0630931393643258,-0.07050440270779254,0.027798831188661697,0.08775293012581148,0.04135445152394305,0.015705844519403843,0.2725324708375556,0.18870380395804123,0.1376337817015783,0.12847624203556407,0.11021807631977124,0.14856582314209432,-0.10393583105447513,0.14461333444384292,0.08826098826098826,0.05769236108219159,-0.07233350453689437,0.07750477750477751,-0.24599406802796633,0.14147753300295673,0.004919094749603224,-0.2658023200396082,-0.021567021567021567,-0.26264893553029145,-0.02862523540489642,-0.2532105294817159,-0.09593275864462306,-0.0804059837958143,0.019532938177005972,-0.04753906448821703,0.0695151237524119,0.023121272273814646,-0.014455133099200896,0.1005691361623565,0.13648347885636022,-0.09007713414493075,0.06748751833497596,0.05402999301304386,-0.04820629566392278,-0.021678072525530154,-0.07147285960845283,0.09365204958425298,-0.11673306588560826,-0.21351906606143894,-0.24519311298972316,-0.07302803573990015,-0.07197629062035842,-0.0019105391986747918,0.09211677008287178,-0.027866849900748204,0.04310998209303294,-0.1308383884655071,-0.060810579454647254,0.06867206189240088,-0.021672057265277603,0.2548614870648769,0.30013696284882724,0.05191400954112819,0.2801376106460852,0.3693439201913778,-0.12140507225252987,-0.041303553167959944,0.3382343823021789,0.15499567363974143,0.2597278326091885,0.10880217659878677,-0.02304631287682135,0.22683916582221667,-0.17247601993364706,0.2431187736272482,0.061027591536066114,0.08798613713867952,0.07760102166881828,-0.056271834237935935,-0.20522587302248319,-0.08362831244187176,-0.02920177496448683,0.14501635688076367,0.11540554421910354,0.2001624120268188,-0.010485986757173198,0.2120166391352832,-0.03939810380488347,-0.013419582911108336,0.10296274703054364,0.18830124423344763
#18,0.17971978141469666,0.050778976202705016,0.3619627331491738,0.26098733556360676,0.16737785551344872,1.0,0.22485551807585705,0.1695396475057492,-0.06412868955241836,0.007002225646293443,0.3140951429087022,0.5602789229907874,0.27289431187736274,0.2472642133659083,-0.2896375574341676,-0.27715728054711103,0.36772442704646097,0.03925049857253247,-0.23292151936219732,-0.3129147637622214,-0.00758385504148216,-0.23592267151589186,0.27319229861602745,-0.006726449099330455,-0.06423002355205745,0.0758797318119352,0.027783561681866766,0.042217410014020185,0.3076819500548314,0.05588408130781012,0.42637413993346196,0.24703285720234872,0.015578598629446086,-0.1042476991629534,0.11196897976558993,0.13474136694475677,-0.033674352318420114,-0.1080252826015538,-0.006403938607328438,-0.04669137550493483,-0.10833159816210663,-0.0911899572916522,0.40696983578339513,0.13554185927067283,0.4233970488207776,0.1949439424015695,-0.17560673153893494,0.0619428365191077,-0.09924346534516026,0.2250577233628081,0.043392699324902716,0.21275327716005682,0.10896320048862422,0.12456724829606186,-0.03199285572166928,-0.10726828523438693,-0.11866118815271358,-0.11087790409824308,0.14184585201534355,0.2930199845454083,-0.2687951433714146,-0.1967138170528001,-0.04641652438262608,0.008356584627771068,0.07150941388229524,-0.06200854166955862,0.025443162731298326,0.17874530925378382,-0.10831216424436764,-0.0713266425130832,0.0504032537930843,0.11937654141043971,-0.14903640157877446,-0.04474752101870746,-0.274880735897685,-0.08980367115960336,-0.29346974092736805,-0.31476607578302496,0.22868862699371173,0.028198151926965485,-0.23173142325684698,0.5849493561357968,-0.09489674574420337,0.27077323856984875,0.4603478671275281,-0.13406858322112558,-0.11545736799974088,-0.019898480915430068,0.1768916836713447,0.17041278566702295,0.32952891257976,0.2454577844408353,0.3426509714645308,-0.05640370725116488,0.1172716630343749,0.03734412378480175,-0.1045091316277757,-0.06640986132511556,-0.04498396701786532,-0.09313658805184229,0.2477634799668698,0.6771989246565517,0.37165748182697333,-0.1582855582855583,0.09379410226867854,-0.14747150848845764,-0.04786944108978007,-0.3050107117903728,-0.20092866364052805,-0.07259956412498786,0.004830253982796356
#26,0.41802125700430787,0.5235478930394185,0.3999287423016237,0.38387308726291774,0.09941050449525025,0.22485551807585705,1.0,0.3359314630501071,0.3776940268465692,0.5446508141423395,0.43574360184529676,0.11802634683990616,0.3515517057889939,0.3028651147295215,-0.25226613362206585,-0.143673565707464,0.3812203574915439,0.23730756951095935,-0.05937478310359666,-0.05342291443986359,0.06869612293341107,-0.11776445166275674,0.017972672209960346,0.026146485468519366,-0.24378831836458956,-0.0637858197180231,0.11503074723413706,0.03085921052022747,-0.023717708463471175,-0.12819907735161973,-0.07874068213051263,-0.07766256240832511,-0.1368314385263538,-0.18230726874794673,-0.17038826191368564,-0.12959693129184655,-0.1572856369466539,-0.21114118741237387,-0.25990320058116667,-0.19751107039242632,-0.20569182433589214,-0.12613861935895834,-0.04154879070133308,-0.02054489003641546,-0.016999125473701745,-0.004700694531203006,-0.006690357537815165,-0.01461847055067394,-0.062254241915258864,0.07536380756719739,-0.049241383139688226,0.08667249684198837,-0.041868987631699495,-0.004321270422965338,-0.12880569321247287,-0.10772822128754332,-0.15517104161171957,-0.16366135010202806,-0.14289805984721238,-0.0456613778647677,0.008188620053026834,-0.06105998139896445,-0.07003613783274801,-0.0616689108214532,0.1033926067824373,0.1374371289625527,0.13529014376472004,0.3614680936714835,0.07530874480027022,-0.05436731029951369,0.2813425135459034,0.24259868497156634,0.015237116932032186,0.044028003350037245,-0.19623490979423183,0.13323014848438577,-0.14023052328137073,0.05419980843709657,0.11385545792325454,-0.0845009878908184,0.06207239597070106,0.0656454605607148,-0.041720456974694266,-0.05096082214726282,0.06833520731825816,-0.052717740853334076,0.0636354382117094,-0.06035203153847222,-0.17055807733773837,-0.035898147762554546,-0.06655561570815809,-0.0488943488943489,-0.060395063784894294,-0.012343314038229292,-0.00908119213203959,0.037850793782997175,-0.07656176978210877,0.09864656644317661,0.02507761999287423,0.07171208188157341,0.06818852751056141,0.17258938445379124,0.01532827126047465,0.0011068078864689035,0.08929700116140794,0.01901238680899698,0.005711720965958254,-0.11240809376402597,-0.0867363511431308,0.1184969252765863,0.018072155360290953
#49,0.7989459413188227,0.3094823637196519,0.36093227279667955,0.30708181216655794,0.25343679580967715,0.1695396475057492,0.3359314630501071,1.0,0.3524229931009592,0.39455248777282675,0.5833030256759071,0.2836144310720582,0.2931092880245423,0.09988015750727615,-0.29979501843908624,-0.29670271195694925,0.5243742972556532,0.24352272148882317,-0.024769916295340023,-0.10508752203667458,-0.174659096692995,-0.30524114252927814,0.12498045040417921,0.05571287774677605,-0.24140905157854312,-0.07723177723177724,-0.013053114748030002,-0.004353660285863675,0.09388849558341084,-0.10437540776523828,-0.05505675166692116,-0.09693129184654609,-0.0997408810968133,-0.1496258970835242,-0.14580343054919326,-0.20114984013289097,-0.1869348547314649,-0.23865406238287595,-0.07717625175252293,-0.1291138596223342,-0.15359365528857055,-0.12933966323796833,0.000810209284785556,-0.17443514392666934,-0.005918090663853376,0.011208743412133243,-0.0398566517210585,-0.01210640532674431,-0.13961233961233963,0.02700435412299819,-0.16395285886811312,-0.08452134723321164,-0.0816918613528783,-0.02649074343989598,-0.19973255227492515,-0.21884488494657986,-0.16476908341315122,-0.1902261275142631,-0.00829874558688118,0.11187597458783899,-0.04670988399801959,0.02312312312312312,-0.11448613482511788,-0.08464998126015075,0.13703873364890315,0.18727679914120593,-0.03820847041186024,0.061104864494695,-0.1490766575512338,-0.18806896264523384,0.23511431308041478,0.15000763475339746,0.09213481586362943,-0.023967110407788372,-0.20761208049343644,-0.04792913097997844,-0.21850710494778292,-0.11262464313311771,0.14254038321834933,0.037094259128157434,-0.023370211505804726,0.09683921209344938,0.10643031320997423,0.12243183090640718,0.1387961150673015,-0.13007676397506907,-0.10848244238074746,-0.014895635234618286,-0.006291036799511375,0.04719156753055058,0.04310257869579903,-0.0634975499382279,0.09231712452051435,-0.14698704868196394,0.0852931513948463,0.1562269511422054,0.13951146832502764,0.043393162037229836,0.11922338363016328,-0.07062655876215199,-0.016900105035698255,0.20802389446457242,0.0494417375773308,-0.07679590221963103,0.04275369360115123,-0.03475756187620595,0.07765053188782002,-0.09734310581768209,-0.011436397877075843,0.07903219089659767,0.09311576599712193
#50,0.27784487106521005,0.586920047936997,0.18243636548721295,0.1595427476783409,0.21500807433010824,-0.06412868955241836,0.3776940268465692,0.3524229931009592,1.0,0.36233567928483185,0.4449029923606195,0.12700111513670836,0.38819296954890176,0.23973125668040923,-0.08869963954709717,-0.07283647283647283,0.07672510723358181,0.1532679058102787,0.024340056543446374,0.026779938644345424,-0.007225715700291972,-0.12927951063544285,-0.04930246116686795,-0.009257948240999089,-0.21302350115909438,-0.11189864749186783,0.0066399218941591825,-0.03183784709208438,-0.10050528186121406,-0.18119907272449645,-0.22240221731747156,-0.09167117811185607,-0.15238875238875238,-0.187929686234771,-0.16756895570454894,-0.1817307291883563,-0.20812337761490304,-0.24850844681353157,-0.2363645617882906,-0.29005538666555614,-0.31185746609475423,-0.11822022330496906,-0.05861547217479421,-0.08899299916249069,-0.18634859821300498,-0.009414807719892466,-0.1134237473220524,-0.0945510996358454,-0.1555518538569386,0.061454212301669926,-0.18835769513735615,0.07580847411355886,-0.0944469893622436,0.0955898888102278,-0.06101787457719661,-0.04430748159561719,0.06287473914592559,-0.004505429929158743,-0.27081118098067253,-0.09930870778328406,-0.1032667490294609,-0.10073524988779226,-0.04616342073969193,-0.10675606268826608,0.06525122965800932,0.07334406825932249,0.20580194986974648,0.35298102416746485,0.06025856364839416,-0.08332338501830028,0.3389719457516068,0.23054132715149664,0.19680497138124256,0.10056080734046836,-0.10300855555092843,0.08500256805341551,-0.1579033579033579,0.01991328770989788,0.06511426680918206,-0.14597185783626462,0.14360832326934023,-0.006894413674074691,-0.07335980047844455,-0.16857998213930417,-0.011728832067815118,-0.10285909946926897,-0.05154985493968545,0.012291027545264833,-0.17609628118102694,-0.03803171430290074,0.01131886894598759,-0.041170292017749646,-0.05282694096253418,-0.11299296214550451,0.06413146582638109,0.042097104808969214,-0.1210640532674431,-0.023162916383255367,0.016194931449168736,-0.08169093592822406,-0.13227279667957634,-0.09446734870463684,-0.1672492214865096,-0.09967656408334374,0.042407584780466134,-0.03731774918215596,0.0626447711193474,-0.05598495259512209,-0.1021530004580852,-0.018717176344294987,0.06873961789216027
#51,0.47449853551548465,0.5493561357968137,0.42804962126996027,0.6206920325564393,0.13630348376111087,0.007002225646293443,0.5446508141423395,0.39455248777282675,0.36233567928483185,1.0,0.5594867594867595,-0.03784616665972598,0.4018402069249527,0.14872777245658603,-0.021939504990352448,-0.10089858733926531,0.553486768741006,0.32851418444638786,0.1368175571565402,0.1120407001762934,0.14308823461365835,-0.06308064613149358,0.10070054646325832,0.14150159404396692,-0.04407057288413221,-0.12060689348824942,-0.039796499118533016,0.06062410638681825,0.12861413030904556,-0.2034143542618119,-0.14469939893668707,-0.06562880291693851,0.04202769795990135,-0.13698552173128445,-0.3365024500617721,-0.30680325934563224,-0.14423391033560526,-0.15248499655279316,-0.07660248846689524,-0.09036910562334291,-0.17696155323273968,-0.1321094592281033,-0.08314616619701365,-0.006084667101616254,-0.13831350611011628,0.014370919455665218,-0.08980089488564065,0.034414692041810684,-0.15617975448483923,0.04197541146693689,-0.23656630436291454,0.11807909604519774,-0.00665657953793547,-0.003890947958744569,-0.09418925859603826,-0.12732964088896292,-0.15400037942410824,-0.10146911163860316,-0.11829657083894372,-0.03810112115196861,0.005845907540822795,-0.0032075218515896483,-0.07773382010670146,-0.12282513638445842,0.19394124478870242,0.22338548101259967,-0.03892151010795079,0.043515780803916396,0.1172476019933647,-0.09498651193566447,0.2570987011664978,0.21375366121128833,-0.023794518709772946,0.10037572240962071,-0.28353854625041064,-0.06438780845560507,-0.1902909072400598,-0.011112499248092468,0.2470050944627216,0.019375615985785476,0.04171074001582476,-0.09800848614407937,0.2403943234451709,-0.12196125246972704,-0.06227182498368939,-0.16862717879667033,-0.059699607157234276,-0.10258286020997885,-0.11347279482872703,-0.19055835496513462,-0.09470240656681335,-0.2992397636465433,-0.18543427865461765,-0.08445888106905056,-0.08557586862671608,0.24470310063530404,0.03289375662257018,0.28075024176719093,0.23603649874836316,-0.14037118782881494,-0.06791552723756114,0.027908494010188925,-0.00638219112795384,0.052451681265240586,0.1244834973648533,0.03052374408306612,0.0969655325587529,-0.09651207447817617,0.010964894015741473,0.12910321723881046,0.08688765807409875
#52,0.5898869593784848,0.43875770994415064,0.4063183368268114,0.5395119310373547,0.30441196203908066,0.3140951429087022,0.43574360184529676,0.5833030256759071,0.4449029923606195,0.5594867594867595,1.0,0.41597791936774986,0.33441885645275476,0.33135570084722626,-0.07917748256731308,-0.13114470402605996,0.49915925170162456,0.21476376222138935,0.03887061175196768,-0.04878885048376574,0.08605199961132165,-0.1098150538828505,0.11522462369919997,0.08543196509298204,-0.15626998338862746,0.0470564555310318,-0.07740575706677402,0.04254177135533068,0.1798928358250392,-0.10824090654599129,0.02465285007657889,-0.015989949888254973,-0.03401953571445097,-0.23924263246297145,-0.1345845074658634,-0.12458159237820254,-0.16484080382385466,-0.16907832331561146,-0.09657407793001013,-0.14074135769051024,-0.2539610488763031,-0.09620344535598772,0.059074482803296365,-0.13306866188222122,0.07496078513027665,0.061369073233480016,-0.1864628881578034,-0.11044989519565791,-0.2822970890767501,0.14294757006621414,-0.23633957532262617,0.08158451209298667,0.0007782821342143376,0.06560844357454527,-0.0220473169625712,-0.1501996603691519,-0.0889495042037415,-0.0864240203223254,-0.03921533243567142,0.06880532304261118,-0.20927460588477537,-0.16778041523804235,-0.137147008333449,-0.09986581342513545,0.23162361128462824,0.14749834580343055,0.020439854338159424,0.2600077735670956,0.08785935396104888,-0.010399459552001925,0.29565189226206173,0.31202543066949845,0.01636891128416552,0.0010295349278400126,-0.33954941073585143,-0.12754063771012925,-0.39850590189573243,-0.1883757409181138,0.30411258716343464,0.0019743934998172285,-0.1596977563079258,0.1704521162148281,-0.03530402513453361,-0.017087966240508613,0.22460842969317546,-0.2612686646584952,-0.20298634535922672,-0.1652752906990195,-0.11972681464206889,-0.006730613510274527,0.06133436980894608,-0.005193945871911973,0.14510889934618748,-0.14924832382459502,0.22046761707778656,0.16888490956287566,-0.004692365709314862,0.038422706219316385,0.16124923074075617,-0.20199660369151895,-0.03368684555125233,0.29815886765039307,0.020336206776884743,-0.28795328456345404,0.09101921644294525,-0.126921991328771,0.020120582832447238,-0.2612024967957171,-0.12424982763965815,0.06599156938139988,0.24065159149904913
#53,0.1614097919182665,-0.056959424756034924,0.12571662571662573,0.0942290518561705,0.3732427342596834,0.5602789229907874,0.11802634683990616,0.2836144310720582,0.12700111513670836,-0.03784616665972598,0.41597791936774986,1.0,0.41621205180527215,0.37445920496767954,-0.20812430303955728,-0.4121568409704003,0.15723288774136232,-0.011551613246528501,-0.15963390200678337,-0.3268104776579353,-0.07368832623069911,-0.305143510228256,0.10026282060180365,-0.17393402647639936,-0.0024306278543566678,0.026001193797803968,0.00027022399903755835,-0.040088470596945175,0.32328831142390463,0.20376879190438513,0.3903362530481175,0.17853523785727177,0.037773058112041166,0.015410171342374733,0.3077689399723298,0.2698686359703309,0.09776880115863167,-0.10271056881226373,-0.005117598337937321,-0.11217349861417658,0.06005589564911599,-0.005338774830300254,0.38449265906893026,-0.11470869945446216,0.3934489188726477,0.01319424200780133,-0.12030936946191184,-0.023360031834608105,-0.1745984813781424,-0.06405049116913523,-0.09634596075274042,0.04451709027980214,-0.07057751125547736,-0.06365440941712128,-0.041922662261645316,-0.06617202718897634,-0.05510579917359578,-0.18895644488864827,0.12310415191771124,0.10376740376740377,-0.24969669206957343,-0.1715714173341292,0.13822327720632804,-0.03499447058769092,0.07348427009443959,-0.05494755155772105,0.2247403027064044,0.12857988959683875,-0.09084847559423831,-0.039519334434588674,0.07181989385379216,0.17313307143815618,-0.029131905403091844,0.009337072048936456,-0.0008675856133483252,-0.0010073247361382955,-0.23319868404614166,-0.20551275466529703,0.11692694235067116,-0.06144449534280043,0.04464850058070397,0.6634031566234956,-0.2018887917193002,0.3790113688418773,0.6760037387156032,-0.17346483617670058,-0.15518816196782298,0.1670308212681094,0.1662752120379239,0.31965648236834676,0.39503463401768485,0.42618257703003465,0.4844889573703133,-0.261889624601489,0.21980131132673505,0.06814364441483085,-0.014759135098118149,-0.0014811421591082608,0.10527815951544765,-0.19293484547721837,0.010138952511833868,0.44195227585058094,0.19965898101491322,-0.3174660022117649,0.016502635146702943,-0.22295654668536025,0.008444499969923698,-0.19927215350944164,-0.06268872879042371,-0.17135394254038322,0.04443148849928511
#54,0.2032186269474405,0.2679724408537968,0.3692254658356353,0.17359856003923801,0.3482932855814212,0.27289431187736274,0.3515517057889939,0.2931092880245423,0.38819296954890176,0.4018402069249527,0.33441885645275476,0.41621205180527215,1.0,0.24688155027138078,-0.17134746456780356,-0.3185010896875304,0.313239587815859,0.3613519528773766,0.01780563305987035,-0.167110870500701,-0.03170319780489272,-0.15249517622398978,0.13905338312117974,0.04591309337072049,-0.0791608249235368,0.0036258137953053206,-0.007543136356695679,0.12702054905444735,0.23612117510422595,-0.0714455595811528,-0.08667666125293244,0.010627576729271644,-0.0753420600878228,-0.18559483983212796,-0.13588565452972232,-0.12514610141728785,-0.12240684444074275,-0.2820333430502922,-0.10985068273203867,-0.11516956093227279,-0.17464336447387294,-0.16820934956528177,0.189821716940361,-0.08120323713544053,0.03089437665708852,-0.0290389002253409,-0.09379872939194973,0.1580315292179699,-0.01197684587515096,0.10717204107034616,-0.18977683384463045,0.23824965180897384,0.0423242965615847,0.14087924596399173,-0.07526895154013798,-0.08727957541516863,-0.07576312830550119,-0.1792242165123521,-0.1279445855717042,0.08779735050921492,-0.15232952521088114,0.004618794449302924,0.0742981810778421,-0.10154314561094221,0.19374274120036833,0.12582582582582583,0.22472040607633828,0.14851955190938243,0.026668887685836837,-0.2201923032431507,0.2846050981644202,0.22689885571241503,0.051718282226756805,0.21924605653419213,-0.19302229810704388,0.16595501510755747,-0.19432159432159432,0.009393060240517868,0.2174558225405683,-0.003986729410458224,0.1885885885885886,0.25063414724431676,0.10162365755586095,0.03398298144060856,0.167425514883142,-0.1990556041403499,-0.09427532308888241,0.2371900405798711,0.06581481327244039,0.010719193770041227,0.1506961506961507,-0.025694415524924,0.05371349778129439,-0.24123877344216327,-0.03446651582244802,0.2202135880101982,-0.02768407853153616,0.19055326512953633,0.22903704937603242,-0.1445522564166632,0.13574360184529677,0.22842904537819791,0.09233887199988895,-0.005575220829458117,0.16613547291513392,-0.1434820028040367,0.08985503222791358,-0.10977294706108265,0.009958031991930297,-0.07637437128962553,-0.07905902821157058
#58,0.03973542109135329,0.20924684314514824,0.10558123608971066,0.07102032695253034,0.10646779290847087,0.2472642133659083,0.3028651147295215,0.09988015750727615,0.23973125668040923,0.14872777245658603,0.33135570084722626,0.37445920496767954,0.24688155027138078,1.0,0.05862472642133659,-0.13605130554283096,0.09255680950596205,0.08789683365954552,-0.02622283300249402,-0.1747340560899883,0.046468348163263416,-0.22882420170555764,-0.09112564027818265,-0.2517788975416094,-0.0046609012710707625,-0.13907559331288144,0.033697025222448954,-0.07698468884909562,0.035968480036276645,0.14785648514462074,0.19966638441214712,0.13723584910025588,0.20457206050426388,0.2071128138924749,0.16262765076324398,0.2298500349347807,0.09284091487481318,0.06149585641111065,-0.11864684407057288,-0.20799520630029106,-0.08514785972413091,0.015319942438586507,-0.010936205851460089,-0.06018406696372798,0.15723335045368944,-0.24053313714330662,-0.16940731178019314,-0.2094541382676976,-0.20495333546181005,-0.1491363474414322,-0.13354016574355557,-0.00033361558785287597,-0.006098085759102708,-0.08524502931282592,0.09429336886964006,-0.00905528024172092,0.005371627405525711,0.02538347284109996,-0.08504189860122063,-0.1859978622690487,-0.14178986382376213,-0.2001068865475645,0.33002077578348765,0.20698834427647986,0.13454656505503962,-0.05033153338238084,0.6235085624916133,0.3445013580606801,0.19067542118389577,0.08505901895732404,0.3890513009157077,0.30308999292050137,0.2883072594937002,0.008022969039918192,0.06423927779859984,0.015942290518561705,-0.0333615587852876,-0.06809182063419351,-0.0555032690625911,-0.19364418347469195,0.07779674898318967,0.2061050264440095,-0.25099922727041374,0.1548402022978294,0.2789165128148179,-0.09332444925665265,-0.10869297648958666,0.012840729789882332,-0.22224952224952224,0.04928765437240013,-0.020034518339603086,0.02779281592840915,0.030027716468394434,-0.17623000504356437,0.07654233586436976,0.06239629459968443,-0.22443583799516004,0.04615509191780378,0.04623329030108691,-0.09950397238532832,-0.03930509862713252,0.09547235987913955,0.11915258864411407,-0.08409611460458918,0.2596042884178477,0.014646233290301087,0.3219316388807914,-0.11814665204495713,-0.09648107275225919,-0.18748085527746544,-0.026520357028831605
#101,-0.21224753258651563,-0.0561209900192951,-0.2723973588380368,0.010974610974610974,-0.13691472674523522,-0.2896375574341676,-0.25226613362206585,-0.29979501843908624,-0.08869963954709717,-0.021939504990352448,-0.07917748256731308,-0.20812430303955728,-0.17134746456780356,0.05862472642133659,1.0,0.4309008546296682,-0.2670687636789332,-0.2508048880930237,0.2928728420253844,0.19363955635142077,0.4766159071243817,0.27564050953881464,0.06453818996191878,-0.07758158775107928,0.5252261506498794,0.07922097752606228,-0.41146739960299283,-0.22395230361332055,0.20931995169283305,0.2588357232425029,-0.14419226622616454,0.05297593433186654,0.1095392773358875,0.22406798169510034,0.3156322732593919,0.2594168899253645,0.4084560677781017,0.40713965120744783,0.3900155934054239,0.3341726934947274,0.23580329173549514,0.3272856832178866,0.054588486791876625,0.2386411064377166,0.08875470231402435,-0.04172415867331122,-0.46229172161375554,-0.3081391098340251,-0.3486356927034893,-0.10715954783751394,-0.1824789350213079,0.01601863805253636,0.001707408487069504,-0.09329992550331534,0.4527260696752222,0.1647399325365427,0.31199998149150693,0.32119083644507374,0.09385518029585826,0.017697358375324476,-0.1408760069777019,-0.15690343656445352,0.3840822332347756,0.22647963834404514,-0.2754160940601619,-0.2727443930833761,0.20490984050306085,-0.0038543936849021595,0.2011891706806961,0.18689413604667843,-0.21634068583221125,-0.197673019706918,-0.016678465831008203,-0.2250989047599217,0.17043360772174332,-0.22690625910964893,0.02969733986683139,-0.07767227936719462,0.2512005071327105,0.16109190854953567,-0.05293660378406141,-0.14816233799284648,-0.046969465613533413,-0.17720308906749585,-0.1787055159936516,-0.17338848864272594,-0.20189434426722563,0.07043175687243484,0.012204037627766442,-0.14057940837601854,-0.052601137346900056,-0.02552274925156281,0.019688409518917992,-0.13080831216424438,0.11372636118398831,-0.05014829930084167,-0.03054687969942207,-0.1966966966966967,-0.044223267952081514,-0.4058361905819533,-0.3464919464919465,-0.4110574364811653,-0.10803453684809616,-0.11764137018374307,-0.12427712766695817,-0.23174114021571648,-0.07195824483960077,-0.09832960849910002,-0.023786652600211924,-0.06399681653918943,0.21948342795800424
#102,-0.19299222180578113,-0.01611580764123137,-0.10413294650582786,0.03985202459778731,-0.29734218039302784,-0.27715728054711103,-0.143673565707464,-0.29670271195694925,-0.07283647283647283,-0.10089858733926531,-0.13114470402605996,-0.4121568409704003,-0.3185010896875304,-0.13605130554283096,0.4309008546296682,1.0,-0.19091325532003497,0.03446188869917684,0.2629478476936104,0.5519450112670452,0.3020169630339122,0.6545662766001749,0.0013279843788318365,0.2472239573934489,0.10340556272759663,0.3444051138966393,-0.17894658911608063,0.035309577682459035,-0.1403799793630302,0.024930477472850356,-0.27574045540147235,-0.18133279658703388,-0.13350546231902163,-0.08204768713243289,-0.11154513527394884,-0.10662742866132696,-0.10899651577617679,0.3760018878662946,0.08083815710934356,0.23410837648125785,0.05350851622038063,0.08968567951618799,-0.19581384157655343,0.06423742694929135,-0.23054873054873054,0.2869533632245497,-0.13842224350698926,-0.2687382297551789,-0.08279913195167432,0.11675620150196421,-0.19579996020673987,-0.1466640754776348,-0.09349750366699519,-0.027408301984573172,0.1544427324088341,0.09731765663969054,0.016039922819583836,0.44492381441533985,-0.23998112133705354,-0.12398793246250873,-0.026231624536709283,-0.18646427629478476,-0.0910155147443283,0.3362627650763244,0.006095772197467113,0.07669179194602924,-0.12262987178241415,0.16492733102902593,0.38325305274457816,0.510423057880685,0.04136278034583119,0.10923434991231601,0.048904528565545516,-0.2193034328627549,-0.02629409070087036,-0.032978895690760096,-0.05476663103781748,0.03555527792815928,0.10004765936969327,0.36141071734292074,-0.2250211690889657,-0.25232767436157266,-0.13018503865961492,-0.4929135607101709,-0.39109001142899447,-0.11012368300503894,-0.16903760463082498,-0.25116302743421387,0.042284040589125334,-0.347111518297959,-0.36316393435037503,-0.2568622551673399,-0.2661757288875933,0.032057172735138834,-0.037839225974819195,0.02501052670544196,0.08069101458931967,-0.20079355164100926,-0.012988797734560447,-0.17542534830670423,-0.28031020234410065,-0.3153708407945696,-0.28239055696682813,-0.21409375477172088,-0.12781317527080238,-0.11332796587033875,-0.16299920876192062,-0.03204097780368967,-0.159407172966495,0.018280375907494553,0.10636738433348603
#201,0.5424820814651323,0.3114863708084047,0.7081381844093708,0.46403105725139626,0.1353081895454777,0.36772442704646097,0.3812203574915439,0.5243742972556532,0.07672510723358181,0.553486768741006,0.49915925170162456,0.15723288774136232,0.313239587815859,0.09255680950596205,-0.2670687636789332,-0.19091325532003497,1.0,0.5007051735865296,0.14322843644877542,-0.05576701508904899,0.05183673658249929,-0.1431164600656126,0.29335036114697133,0.22569117653863416,-0.041853718124904564,0.053604297672094285,0.1253672779096508,0.1344609632745226,0.16926433367111332,-0.29065367370452116,0.01246870907887857,-0.022225923920839174,-0.03813166016555847,-0.25177519584299246,-0.4035045831656001,-0.35502991435194825,-0.31780794662150597,-0.279996946098641,0.009220005830175322,-0.07916591475913509,-0.224781484103518,-0.2690505605759843,-0.035146240230985996,-0.14929320692032558,-0.03758010707163249,0.05976762586932079,-0.03019105391986748,0.07688381756178367,-0.02929478014223777,0.25316749723529386,-0.006652877839318517,0.1956870583989228,0.2292281495671326,0.21261168718795836,-0.03283082774608198,-0.14541799118070303,-0.27489739354146137,-0.23182905555786912,-0.0195287737660619,0.16449932212644078,-0.10673200164725588,0.006471957319414946,-0.29082071285461114,-0.1845953812055507,0.34489929066200253,0.3138397257041325,-0.20624476556679947,-0.01959771790280265,0.09692064946302234,-0.08662344933531374,0.30156998292591514,0.30418245672482963,-0.12028993554417283,0.07567706381265703,-0.5145199128249975,-0.13957994974944127,-0.40793921810870964,-0.22489855032227912,0.33413336294692225,0.10221870560853612,-0.20829596931291847,0.00586395332158044,0.2873341754697687,0.06057737244177922,0.06092949652271686,-0.23672177570482655,-0.1480082547879158,-0.14992064483589906,-0.10914967355645322,-0.09381353618641754,-0.051448983652373485,-0.22643891965925864,0.02099510913070235,-0.1565184599082904,0.01552584942415451,0.5533761804948245,0.18094226738294536,0.3272301577386323,0.24677929084708747,-0.03944344961294114,0.17445133885811853,0.4883613968359731,0.13016097761860473,0.0031311743176149955,0.09515817820902567,0.04210312006922176,0.05307217849590731,-0.22833002494019444,-0.06953548309480513,0.0406992508687424,0.07876798215781267
