,#10,#11,#12,#13,#17,#18,#26,#49,#50,#51,#52,#53,#54,#58,#101,#102,#201,#202,#301,#302,#401,#402,#501,#502,#601,#602,#701,#702,#801,#802,#901,#902,#1001,#1002,#1101,#1102,#1201,#1202,#1301,#1302,#1401,#1402,#1501,#1502,#1601,#1602,#1701,#1702,#1801,#1802,#1901,#1902,#2001,#2002,#2101,#2102,#2201,#2202,#2301,#2302,#2401,#2402,#2501,#2502,#2601,#2602,#2701,#2702,#2801,#2802,#2901,#2902,#3001,#3002,#3101,#3102,#3201,#3202,#3301,#3302,#3401,#3402,#3455,#3501,#3502,#3601,#3602,#3701,#3702,#3801,#3802,#3901,#3902,#4001,#4002,#4101,#4102,#4201,#4202,#4301,#4302,#4401,#4402,#4501,#4502,#4601,#4602,#4701,#4702,#4801,#4802
#10,1.0,0.41700940808063286,0.4297141970264805,0.5821232773535038,0.2934563398412358,0.2754171098339777,0.5294288961824465,0.7284565909059786,0.21057484696462725,0.7093893648974972,0.5837529157746261,0.4002583684443572,0.33590088876918933,0.2874572619335637,0.08942743544212502,0.12819000579731316,0.38668717789534707,0.16919755143403617,-0.05022755595320153,0.10093715621248293,-0.16010079108218034,-0.006254707463926561,0.11437961902066492,0.05723454468267699,0.16869268306043356,-0.07370439180707272,-0.1103269775913305,-0.26482856842883684,0.3639854473745475,0.32863279270725393,0.11956159531102357,0.19311078345894178,0.09480113389967453,-0.04401393181081587,0.16318295316044862,0.1058306362893544,0.06373301318774621,-0.004200541386881639,-0.09537173558774256,0.006189887112162033,0.30811669489243015,0.09168610516417351,0.4236174321098112,0.10403118680586304,-0.04425677988925762,-0.015597054782326867,-0.3071160877722341,-0.4649782943117859,-0.25129115749976033,-0.3902596009440034,-0.215745867702575,-0.10457074776210018,-0.10657561385329602,-0.08609877343461132,-0.05469285652334674,-0.042606143326014416,-0.14333605700539104,-0.200250151780049,-0.20461685237849608,-0.22450026704159,-0.030796057827057476,0.04230121378391086,0.08892165410582151,0.23750085590253212,-0.00019263512989176827,0.03924552762396892,0.18489777100156574,0.10621681951183884,0.10576399001218806,0.11234645108574089,0.26235078765857023,0.1639626233070248,0.4547622416886158,0.32145325402730673,0.10733428585775129,0.21636576937649213,0.048608873084490134,0.046771992130261515,0.21882894274354422,0.11843773822620476,-0.0763821114088384,0.324094455121036,0.16191758685698895,-0.07357109925274002,0.19043397681987703,-0.04191411759872551,-0.08493292006555073,0.08821045616181351,0.23667097280740595,0.1725326041804562,0.19834571158595315,-0.012692007468034894,-0.05874367202727933,-0.19728211003939433,-0.1721400302190654,0.15510688510820891,0.049646911675423504,0.09968274546143417,0.056503261559249,0.11815289386352121,-0.03258637768353974,0.24248289336139173,0.10208201143942264,-0.03918435912300803,0.13981019505448106,0.09073844988063012,0.005795487225369407,-0.14160051491096332,0.05463168802238585,0.0004665239401644246,-0.04164388063925648
#11,0.41700940808063286,1.0,0.3710463009033766,0.4107857413485372,0.036058374835096114,0.03756476329159572,0.4278115827577864,0.4600209068458508,0.4546189065445731,0.5091784705135872,0.548265142627598,0.08666937512267936,0.19527085320929213,0.06011950681754897,0.3415256519694888,0.3928241131708564,0.4045255561084052,0.2863617066924731,0.11297000461046164,0.04838245833466474,0.10833854482875102,0.1554857646290861,0.29311123994029226,0.05532462671237567,0.2439445466455468,0.04961039316738715,0.08631149374392309,-0.10539332715561905,0.2842299387858509,-0.008823784504284077,0.14685552821739467,-0.04848471015716653,0.1131617267776525,-0.06923452642342297,-0.058584816517321184,-0.03343543299538498,0.05647313379011901,-0.08887691893347698,-0.10178712448702908,-0.08093323047286903,-0.03836908343109642,-0.16051345022299113,0.2565644300602099,-0.05877836460991386,-0.14539022308243596,-0.1426531609051112,-0.0920348569159207,-0.1344529299255479,-0.009493899126751177,-0.09645998712722592,-0.016690784098015676,-0.04171965654343192,0.23170262978905998,0.01704501362596831,0.13164374369485135,0.04492963339982745,-0.14615254693769486,-0.2701100576535946,-0.19119538771243502,-0.20287948435866654,-0.1732949280357151,-0.03518284360492452,-0.204587637572067,0.09193534398152163,0.13968420620175562,0.11151109021440929,0.0035021249206863654,0.06666910123386909,0.33826363623914146,0.05712316323316611,0.46056229372748975,0.34361268470376644,0.1615304906718036,0.11989939151035985,-0.09302907329721044,0.1541574038992637,-0.09847489580813176,-0.10732241734263946,0.10110148949864653,-0.05645122268529719,-0.20724983680791723,0.07921138281895493,0.13534854633513949,-0.1288884222635084,-0.039303957236827086,-0.290489211063282,-0.1280092391825332,-0.06759941022609521,0.020870327342776412,-0.05351696056457613,0.06672479195862453,-0.15346903002277842,-0.16826085170290367,-0.18967804370352448,-0.12942889618244646,0.398728242957634,0.1587879507182734,0.2218700215002716,0.23475101224739464,0.07317852529134922,0.16014278736642215,0.1978052376670151,-0.048719341571300104,0.12414831992038965,0.2377053595475357,0.13157344556688136,0.08093140454746721,-0.11899190658565645,0.009561458366618432,-0.11316446566575522,-0.0971273628615903
#12,0.4297141970264805,0.3710463009033766,1.0,0.589993015835338,0.15934029315232326,0.3268433858134726,0.5120643456111601,0.1884117644373639,0.3484121296224443,0.6552534156217048,0.5287816056275021,0.20742786453459444,0.21740198204202368,0.2749588025581215,-0.06770805278750337,-0.05536297114581384,0.780548416694436,0.6658958218261993,-0.18948175672282908,-0.00979426385535019,-0.018786946459302404,-0.09814622923580457,0.24835324352823565,0.21270844079665124,0.30010453422925404,0.08316907612739481,0.40194369759023496,0.16094893343132466,0.3865794482966398,0.054790543532343985,0.566304372634856,0.2241816430589728,0.6139518959952891,0.22232924173882876,-0.0512135556701831,-0.012542281585085841,0.2972095295046721,-0.12982877384544456,0.24871112490699193,0.19271090579594372,-0.028817667654187987,-0.2726216180437948,0.2005240405903217,-0.09167971442526715,-0.2456043128357991,-0.2118064336481533,0.24660583291869612,0.06520105721080766,0.2022276289902176,-0.014574536557308952,0.2300045191653695,0.10555492155367993,0.35321613935462665,-0.01998657944829664,0.028097340083170903,-0.06877713211026763,-0.1556318386612315,-0.2794734031141158,-0.338719204626895,-0.3035938776721277,-0.22394427275673653,0.021113175421218166,-0.05743448351417603,0.15463670931724086,0.251555003720323,0.23623548959907242,0.24574034427823452,0.006963166519831832,0.08670680659341663,0.059573555122405475,0.5467067152971465,0.5276878763118132,0.22813294562850633,0.3329027192594047,0.18474530623051394,0.3425609516723194,-0.026070562887153245,-0.07311735679038833,0.3495515070731785,0.017740691204060858,0.15644894027854492,0.2342817494191275,0.11835374565772115,-0.04025709029657593,-0.16082842235480468,-0.07615752258441481,-0.04957570058475261,-0.05501604531946847,0.06780939164730425,0.1407971077341635,-0.014267781089803576,-0.06098956027151511,-0.24624612561453801,-0.2263563202125377,-0.3996110778894128,0.6246271688570163,0.3626771718241451,0.6457567776068509,0.571282758242912,0.5647158175352746,0.34387653092432907,0.7051404364874673,0.4099430767755983,0.5097746351572806,0.5302332163219472,0.6056621946710368,0.3745392961970539,-0.12126335778551767,0.040373949522292264,-0.5406254707463927,-0.504752427339581
#13,0.5821232773535038,0.4107857413485372,0.589993015835338,1.0,0.2033094897907946,0.3711111212551411,0.5575353658926264,0.316993431233367,0.25879571090123116,0.7013735523835174,0.48123268223876714,0.27032734277641085,0.3707358935850676,0.2818516709499833,0.14676331898460288,0.068793565438884,0.4953516504083226,0.34737682991961366,0.05078263727535411,0.09884464570199984,0.052521831220585485,-0.04835506945363747,0.029968000657333144,0.05100174832357224,0.11221589741951092,-0.11340640078149607,0.03614601925438336,-0.13797514002565425,0.40056238502375985,0.17015524930728956,0.27670621316766103,0.19579032898610926,0.2454500221393455,0.15455180378605632,0.07691710755157098,-0.004921781920599634,0.16044497802042298,-0.016038015766865844,0.012265653886710458,0.05663655411358169,0.21460557728913984,-0.13893831567511308,0.2829225761981494,0.0875083878448146,-0.11636257400703895,0.01984324430425395,-0.10895296872646268,-0.20977052682512656,0.05063291139240506,-0.10628529171440701,-0.02339832106159303,0.009792437929948371,0.12309932577704538,-0.10382942204896219,0.07984680485878749,-0.09578622065395519,-0.1406300355598972,-0.20692025727288912,-0.21503740864666973,-0.16206092200103164,-0.2182720354959898,-0.14906763684169683,0.10497336431320098,0.30592467144754804,0.10250288724454162,0.17022828632336226,0.24980485422268073,0.07979750487293842,0.1879361108701904,0.0667320956602318,0.3719473950891736,0.2609293047332551,0.35200920266402513,0.1624270200440961,0.2547941953831476,0.27107779811655797,-0.006074853811847517,-0.19753317478214427,0.3050263161498537,0.11226063259185547,-0.010801261714452656,0.25939278850762554,0.17524045155135187,-0.13059474955150707,0.06554067933554575,-0.18715004998470788,-0.23257085731762428,0.11496208922384477,0.18001250758900245,0.22449205037728184,0.20726170532302904,-0.1492803571510086,-0.16545440436030986,-0.22885601208762615,-0.3284438094281658,0.33043771996695076,0.04404405957994586,0.1471248522141628,0.20345191197213638,0.16641027630816144,0.07539154687835228,0.46170349710362585,0.2952950467208662,0.20462415608010334,0.345179328698526,0.21844184655835885,0.1573637289048556,-0.22644579055722677,-0.02695796263243665,-0.25022938187860333,-0.24427777803137854
#17,0.2934563398412358,0.036058374835096114,0.15934029315232326,0.2033094897907946,1.0,0.5050975272405246,0.4839934814463155,0.1854610689880265,-0.02050514226241287,0.26850872107620044,0.25622115608466817,0.54723258181287,0.5227597036523073,0.4158983324736268,-0.23203129636138717,-0.21940776109592042,0.14597908402452217,0.1474142613903509,-0.21122396344497346,-0.07263896433511209,-0.32306737208251357,-0.2586615053841975,-0.18119114243587578,-0.23234170367969617,-0.24881428969219463,-0.2888906133739906,-0.20445890983123885,-0.11005765359456239,0.31438418383416944,0.3925894817567228,0.10738906361980581,0.27850474968845146,0.2514710111518394,0.2506292595416014,0.2831663372392921,0.26871231175850313,0.1693144106597525,0.14323654407099198,0.024364235599154595,0.05273546449259815,0.27685320016250736,0.15557340904837333,0.31920553985766914,0.29288665111586865,0.25139249635956123,0.16629706893324872,0.02756599579124195,-0.09167149776095898,0.010490854396143645,-0.14258834055334668,-0.16156427029173723,-0.15622343849142042,-0.2169701506844938,-0.2339110865625585,-0.16966681426230332,-0.1915030561426413,-0.21103680609128714,-0.17183692660236366,-0.023482313630076645,-0.023320719232015775,-0.10110240246134744,0.021968621471969763,0.37184240437856914,0.19237128367120562,-0.21230582424555045,0.11430840792999403,0.41526382339649515,0.4821721208580024,-0.13104484016305515,-0.016361204562987577,-0.1279380280918623,-0.07230025517307491,0.2542564603523123,0.24205927866817,0.13774963823852976,0.33706948102635265,0.06859636549548769,-0.03817918718930738,0.24805105287423482,0.27431242496587804,-0.09282091780140322,0.5345067947249015,0.3170911182423642,0.1533521707970621,0.38656118904262166,-0.08888878744858879,-0.1606230057471002,0.3565091958168049,0.33174964736815676,0.3513253936010444,0.32106433191671957,-0.023351759963846676,0.08963193908712859,-0.08502147744753888,-0.13254027306714383,-0.022683471266781396,-0.1866159668046762,0.05096157796473225,0.08154765437058069,0.24583620536182993,-0.05646765601391355,0.18095194620823765,0.2666453642036455,0.11949860088466085,0.1752011941552128,0.1333409413558409,0.0999018565096523,-0.14525327867729965,0.06970013740088649,0.0346861918956301,-0.025773850009357866
#18,0.2754171098339777,0.03756476329159572,0.3268433858134726,0.3711111212551411,0.5050975272405246,1.0,0.43308302939283416,0.043676135611479594,-0.004672543103251517,0.4316734149826309,0.3556290997731288,0.5067198619600396,0.6248471928679353,0.27279781984507023,0.0016332902719259404,0.014142705199779063,0.3189015232782665,0.3881944793145476,-0.21880611867602148,-0.08550717360442239,-0.2569862188280298,-0.22488736322677538,-0.19084754892338873,0.025226985351513465,-0.3875426239460987,-0.17382627232764405,-0.06424883711375971,0.017182870993805548,0.49023905928323297,0.4325708573176243,0.4759073708043658,0.28367759635180106,0.43841016675263733,0.43794912058867835,0.21599510651992312,0.13148671411029503,0.34537470271652054,0.3078537616345684,0.28492652932664436,0.21776077638348085,0.3320947472691003,0.11712581082499875,0.32720218015492974,0.2619764729511976,0.05225159426111646,0.2068764350632455,0.10151962641566278,-0.023084261892480383,0.16378459558034755,0.004841441202919654,0.0700415854510264,0.01706783769349103,-0.027896488288970955,-0.05416516408222142,-0.15529678134999794,-0.18721578329917332,-0.11049770161640046,-0.11724175708801417,0.023125345214021282,0.09514440787521626,-0.32052659688588425,-0.16052440577540206,0.3355776999730676,0.3078921060680066,-0.14997786065450297,0.13288811185619012,0.41586546581639405,0.3509419492666627,-0.03279362021664605,-0.04583255351102631,0.05428293627063866,0.016531015625356627,0.19491297183053585,0.2311795021614392,0.08053609169797368,0.17339900578361872,-0.05884866273788384,-0.013032542555473895,0.4765391409933947,0.44286633769577344,-0.10032090638936947,0.6059735149520467,0.3080354412120493,0.06509424057480132,0.11738326630665503,-0.3289559815033757,-0.29781299784997284,0.3969780934599917,0.3687310274938717,0.30361031100074404,0.27404583985721265,-0.09958505845243693,0.06492260358703045,-0.177272706523575,-0.2551858563818375,0.07675094834000556,0.005895000159768473,0.1592846024275678,0.32852049829504215,0.19983292782573367,0.2411600104077748,0.4344232586377684,0.6016816772950742,0.26879904321508946,0.3549507684863535,0.27206744968434315,0.30681754896903685,-0.2967904796249549,0.031324663230883704,-0.10086868400991478,-0.0909940794368846
#26,0.5294288961824465,0.4278115827577864,0.5120643456111601,0.5575353658926264,0.4839934814463155,0.43308302939283416,1.0,0.2731237475292947,0.15496263700146531,0.6770257501129792,0.5451866324001333,0.39072612488416786,0.5375013123838825,0.44218618048359637,0.07312831234279923,0.0691651412581539,0.4702753039024591,0.47148954429466783,-0.19344310188207262,-0.061187673177612326,-0.18742485175768145,-0.1929491890608809,-0.07666786873422286,-0.14376788836292093,-0.08655616774776667,-0.29046912588386203,0.06557172006737665,-0.09813070886988912,0.37538926447160004,0.24568100170267543,0.337416406852698,0.09478378760835726,0.37540934965102,0.29430904700388466,0.14957433114070123,0.05916454783239831,0.17922096892731448,-0.051827979567894755,0.13651348674149918,-0.025402274190087965,0.10037842303952672,-0.05618555053933272,0.231942738979399,0.041619230646331946,0.031730931632788145,-0.03281370539606605,0.10178803744972999,-0.039792392281813325,0.1018912022349327,-0.08042014543495825,0.0589993015835338,-0.05022846891590244,0.07858143855532783,-0.11193287898222919,-0.13971981174709108,-0.1486924091716233,-0.09919613634184975,-0.28890248188910245,-0.057542213112883274,-0.09843016063578723,-0.1704592658866922,0.01796254114038171,0.09458932655306368,0.24944788580662536,0.12366353672620706,0.2502102096618843,0.33466382430945785,0.34917901829120773,0.11653786284561345,0.10837049852328283,0.3685119164456536,0.269805128111491,0.1549516814490544,0.14569880447534317,0.011893165104739646,0.3120387826555346,0.010398645163351851,0.04343146160763602,0.24831398613209657,0.09743137944099294,-0.10579594370671987,0.32272318514427095,0.3157718871395509,-0.02941291933518056,0.12587290646240648,-0.26312954484244544,-0.15199368229810972,0.18391268424728507,0.2059890353179621,0.0954986374031689,0.009838086064993815,-0.0362117525688488,0.004658848662737884,-0.18634481688250626,-0.19977632413827734,0.36440906206776924,-0.021429973478433537,0.29207411431205976,0.3472143225588519,0.317233540423706,0.1709111824236421,0.45910520525683923,0.36300857728457503,0.3392779377998512,0.42295736007705403,0.2889910392710906,0.32977399608339003,-0.12332665348957168,0.13580959249909844,-0.11426732460845312,-0.04735354937074046
#49,0.7284565909059786,0.4600209068458508,0.1884117644373639,0.316993431233367,0.1854610689880265,0.043676135611479594,0.2731237475292947,1.0,0.31295813609534984,0.4675793250466752,0.41905809638147234,0.30828194114129465,0.23785782431858746,0.12989998493611543,0.130535406975948,0.2041548932518362,0.20947472691003208,0.013033455518174804,0.18030191676519056,0.2384905074703173,-0.015629008476858677,0.19622033441823733,0.2879228729110272,0.20084083864753705,0.25918189412371556,0.11758411810085499,-0.07794419059009344,-0.10042224524917034,0.2604080030310362,0.2310042133228647,-0.1192137565219773,0.06228414138140386,-0.04128143444699567,-0.09285469742133685,0.19809921165670777,0.0895296872646268,0.04226013046236996,0.07449501750605979,-0.25317733843983803,0.0250142650422017,0.20284296585063016,0.16548544509214075,0.31329045451848064,0.02816855117384179,0.01684690071987109,0.0757238653014831,-0.33932358593489664,-0.4129321166583739,-0.4799828363012229,-0.4413955547846093,-0.2043110098736916,-0.02908607868825519,-0.16818051098522369,0.03335144042690136,0.012035587286081426,0.07097645925675707,-0.3316501344337577,-0.1707596306152912,-0.3061319139806543,-0.2202504256688593,-0.1134922192753815,-0.06301268561672912,0.005099809647276861,0.014809167971442527,0.1689537903928935,0.04918403958606271,0.015080317893612456,-0.029801841445767734,0.21411988113225633,0.10441371817754386,0.2052906188517668,0.14895534242948505,0.5240981069718397,0.25207539245984106,-0.10919033902869899,0.0029379139715246935,-0.10930445936631258,-0.10744840619536489,0.0538949271227524,0.08510547001602249,-0.07945696978549942,0.17984087060123158,0.10519064943601729,-0.059277755207311,0.34543769714288325,-0.06534439235485034,-0.1467131060360529,0.03729635225752852,0.08127559148570986,0.16739353713704028,0.16691514468176402,-0.18785668311521134,-0.07467943597164338,-0.3081194337805329,-0.14495382691140155,0.10934371676245166,0.10933184824733985,0.005317094770093168,-0.09819187737085001,-0.021932102963933407,-0.05308878105784988,-0.010676185824428143,-0.07671442983196922,-0.19229276887892746,-0.006285748195757462,0.013203266580543853,-0.06142321755444681,-0.22484901879333719,-0.05615085795669818,0.0031561120570419094,-0.12045447283251243
#50,0.21057484696462725,0.4546189065445731,0.3484121296224443,0.25879571090123116,-0.02050514226241287,-0.004672543103251517,0.15496263700146531,0.31295813609534984,1.0,0.3267183099234481,0.2962837853259505,0.0685671506890586,0.13095171796756244,0.14422345675067444,0.08447826464049811,0.2455842276563791,0.28298009284830666,0.3280092391825332,0.11014986282735419,0.1475265558025627,0.03691655977395043,0.009034678888194023,0.2884478264640498,0.0987469586930026,0.18134634609503028,0.0434086375401133,0.01978846654219942,-0.08468550717360442,0.07085229632943346,-0.19598387707870196,0.19100275258254323,-0.07030817055969178,0.2391633609808871,0.03559641570843623,-0.07276038837433296,0.08848251904668435,0.15600797929400595,-0.137146169893229,-0.07848375154633057,-0.052205033163370114,-0.05519681193424843,-0.21842997804324704,0.24393267813043498,-0.10504640132927369,-0.27436902865333435,-0.13974720062811835,-0.05590892284095733,-0.06934955972373749,0.0025216029799102558,-0.14606490251840762,0.05780605933344593,0.024890102114878097,0.31707377195104697,-0.043703524492506855,0.21078756727393902,-0.003178936124564631,-0.15425600387096186,-0.1690250014835644,-0.2741517435305181,-0.23369836625324672,-0.19446835899519324,-0.033593375542642204,-0.1295567109605737,-0.008618367896579585,0.14266411645752214,0.15805758055754632,0.1350016205087941,-0.09819461625895275,0.35396020395586736,0.15455362971145814,0.4655717200673766,0.4059506908845239,0.15230591554182055,0.15030470130142834,-0.037235183756567626,0.09016419634175846,-0.23684260979517682,-0.22693879041571757,0.13015561449236993,0.04391624480181862,0.006482035176452866,-0.0205909607562983,0.006880086914049127,-0.06498651097609408,-0.11434766532613311,-0.14955515892398216,-0.09960879548266055,-0.007290007166757202,-0.007129325731397244,0.11011882209552329,0.0440887947522904,-0.10149132457193462,-0.17180132105702822,-0.11089118854049218,-0.06981790958930373,0.35321613935462665,0.18460836182537763,0.1189672565927319,0.1457745803795186,0.07129599620207516,0.10610087324882342,0.22405291531814467,0.011328041192877066,0.25305043662441173,0.28522232924173885,0.21314027215418113,0.06706167519525989,-0.14522223794546874,0.12455367535959318,-0.22392418757731652,-0.18034482601213328
#51,0.7093893648974972,0.5091784705135872,0.6552534156217048,0.7013735523835174,0.26850872107620044,0.4316734149826309,0.6770257501129792,0.4675793250466752,0.3267183099234481,1.0,0.7241264088155679,0.3732282817585488,0.43646099138619693,0.30082120994946754,0.21460649025184075,0.12166962618742211,0.6491009599802801,0.43080701337946836,0.00898994371584949,0.05056991696604235,-0.060155112362884414,-0.10181633929345817,0.06566392930016844,-0.011288783796737985,0.07891284401575774,-0.0906635869391556,0.07028260760406634,-0.09600350577677148,0.4921690624329543,0.25409304002884964,0.3289176370699375,0.17077423801850575,0.318896045502061,0.11973505822419625,0.09013132968452574,0.06534804420565397,0.16120273706217733,-0.011166446794816197,-0.04216426937877453,-0.05668585409943077,0.19861047076921673,-0.008039549544203372,0.3570852752810784,0.07691619458887007,-0.13975998210593107,-0.15683421053832847,-0.004049902541231678,-0.16083116124290742,-0.04084047346245669,-0.2985461068988027,-0.034875175174718234,-0.12163584656748848,0.016881593302505625,-0.16992609566936143,-0.07649988359725564,-0.1278567744114814,-0.30328712220462234,-0.4351837565676254,-0.2587025887057384,-0.2946651024572391,-0.2315711631601291,-0.05991591613524629,0.10463739403926653,0.3663354133666869,0.15132813248914714,0.07945696978549942,0.29854793282420444,0.18942424007267183,0.217218476539141,0.056593644866638974,0.4780774831444261,0.31949403607115634,0.3576220973492128,0.23785782431858746,0.0885382097714398,0.20175654023654863,-0.045091227797888316,-0.037190448584223094,0.3737660167893841,0.15960687826098865,0.014412942159248083,0.3491041553497332,0.22733136437710838,-0.05736053353540241,-0.03098138925534197,-0.23162137610867908,-0.21001428786626922,0.11692769791890152,0.2692829134465711,0.16580406907475795,0.15815800645464628,-0.08894447817334422,-0.20392026183770262,-0.2010928163529879,-0.3233595201468044,0.37134118785577014,0.17739139167469314,0.3633317660806968,0.3186230696544893,0.26278718382960464,0.07970438267744571,0.4007002423915971,0.27155345168373146,0.26896155057585125,0.3231148461429608,0.33526272784125405,0.18261445128659268,-0.32483304194607127,0.05233102201609553,-0.21262718711627038,-0.20545130028712677
#52,0.5837529157746261,0.548265142627598,0.5287816056275021,0.48123268223876714,0.25622115608466817,0.3556290997731288,0.5451866324001333,0.41905809638147234,0.2962837853259505,0.7241264088155679,1.0,0.3219179520420693,0.3725179967772417,0.23792994837195927,0.23890955735003447,0.1618591572441308,0.5020217559011626,0.41288099074712303,-0.009252876973711239,0.014875814248608872,-0.10112705245427198,-0.04556505543966001,0.2345848530358292,0.07106592960144613,0.18642607056288715,0.033821616217869416,0.12106433191671954,-0.044131703999233114,0.46454281110345236,0.2912195812240091,0.2985114143161681,0.21702036363304378,0.28604034382175314,0.13265895821826199,0.10663678235425691,0.13214130836684668,0.172705154130928,0.06417032232148155,0.059478607001510954,0.052681599693244534,0.17190813769303456,-0.008653060479214122,0.3072009933034186,0.0699904595397755,-0.10246545577380436,-0.10499253652992006,0.01441659401005172,-0.1112645902851639,-0.02317190631176763,-0.2443371206069376,-0.009668275002624767,-0.02772485130120009,0.01475073835858436,-0.002626593690514774,-0.08310699466373302,-0.060705628871532455,-0.27359574924566454,-0.33785280302373244,-0.200741325713138,-0.22360556359469932,-0.20519110591736775,-0.00455842276563791,0.034632327096276484,0.23616336554570064,0.1651494748182063,0.05631884309366541,0.23569318975473258,0.0906745424915665,0.20629852967357018,0.06559089228409573,0.3894087197067564,0.29469066541286454,0.17047661217800947,0.2009695663883652,-0.083858362966581,0.1831832270492589,-0.13660021819808552,0.026149077679431407,0.27851114042735786,0.12414558103228693,-0.12409445512103603,0.39747565813198704,0.15345442261956388,-0.08419889805402,0.00037522767007353914,-0.22978175626634773,-0.14287318491603027,0.04763200299451766,0.22488736322677538,0.1591805246796642,0.17779674711389667,-0.11045844422026138,-0.11020646651481054,-0.13373808013073626,-0.2645985018282078,0.4412869122232011,0.23093939297110017,0.32431904394545963,0.39779610804000604,0.2181360040535544,0.13794775114462698,0.38353015287560427,0.20734843677961537,0.2972423961619048,0.27468126189704517,0.2767847279599392,0.24879237858737283,-0.20252890668151752,0.010875211693226272,-0.16266712923443513,-0.13909625822237032
#53,0.4002583684443572,0.08666937512267936,0.20742786453459444,0.27032734277641085,0.54723258181287,0.5067198619600396,0.39072612488416786,0.30828194114129465,0.0685671506890586,0.3732282817585488,0.3219179520420693,1.0,0.5263275618874591,0.5090223538917318,-0.0070334646478018145,-0.13437532809597064,0.3003565119347049,0.11076154783696313,-0.12632208411125365,-0.095086891225059,-0.13416169482395796,-0.26673026973483,-0.07780268137145258,-0.07342685114599642,-0.12089360789164959,-0.12480747899044585,-0.18244829207502727,-0.17887952087717457,0.47011827431790276,0.38009467423208426,0.22966398407793048,0.19562051792374022,0.15217536187559058,0.15458923525679358,0.3307599958003716,0.3649203211802782,0.19993061483473093,0.21475165132128526,-0.041207484468222054,-0.04759183263567767,0.17039992331113313,0.22373063948472385,0.383563019532837,0.2767482094519028,0.09994293983119319,0.0779907516878398,0.039393427581516156,-0.13487928350687234,0.05925858299059192,-0.38006363350025335,-0.1839884601514605,-0.34188170742284324,-0.23125801695371737,-0.31901655657858097,-0.15909744507388152,-0.20192269944811406,-0.18701127965416972,-0.28496761264818526,0.02861955474809077,-0.05780058155724048,-0.15902897287131335,-0.1282037002378268,0.3713046693477338,0.1952881995006094,-0.12261089073205914,0.15256428398617775,0.4698699484632555,0.2977974774840574,-0.030968607777529248,-0.05413686223849325,-0.059157244130791035,0.02356265434775662,0.40062355352472073,0.37436400735847936,0.16908251813372166,0.11679349240186793,0.03150908169646729,0.06006472905549444,0.25659729671744264,0.3270789301903071,0.028719067682489833,0.5390725211921467,0.15099946591681998,0.331496756700005,0.32184582798869754,-0.007414170094080806,-0.1703871418333204,0.28279293549462037,0.22861772882268894,0.47339946226496915,0.31738235334395415,0.06259546166241378,0.06274062273185829,-0.051323111194292156,-0.10188024668252178,0.010353909991007318,-0.0729073753691793,0.16612360602007606,0.07546275796902317,0.11819397718506211,-0.15948271533366504,0.16373255670639575,0.1992376761447411,0.06112924356475416,0.047737906667823085,-0.030112248764076744,-0.0654649034313703,-0.19812842646313686,-0.07419008796395624,-0.035935124870473414,0.019258035212971373
#54,0.33590088876918933,0.19527085320929213,0.21740198204202368,0.3707358935850676,0.5227597036523073,0.6248471928679353,0.5375013123838825,0.23785782431858746,0.13095171796756244,0.43646099138619693,0.3725179967772417,0.5263275618874591,1.0,0.4129275518448694,0.25584866730269734,0.13534306855893402,0.2657552255702593,0.5161507666604281,-0.00543486695851041,-0.07000415398028914,-0.25200235544376837,-0.23681522091414955,-0.13081294763702428,-0.1437441513326973,-0.42909064350175974,-0.2021445493844349,-0.08652238812783304,-0.09644355379860955,0.5925940465702274,0.5038139016830467,0.3779026507872021,0.28045118616678916,0.44091624936663215,0.5386826861188586,0.37584483285935355,0.2742046953671708,0.42993422103739953,0.3570158901158093,0.2514509259724194,0.04641137186340252,0.3479729945633071,0.23635782660099422,0.4129795907188212,0.3792985707568917,0.18526752089543383,0.12100772822926319,0.1002003953128495,-0.04518891480688556,0.20431922653799978,-0.15864644149963253,-0.00506055225113778,-0.0834055334669302,-0.05673880593608348,-0.025553825998438834,-0.08991404456170943,-0.14228341101124314,-0.07913286802667677,-0.15691455125600842,0.029226674944195154,0.12292586286387269,-0.3450104305988579,-0.15306276162087398,0.3287103945368312,0.23720414302473672,0.08635531595356671,0.2649162128481241,0.45220777205147283,0.4304664782920294,0.24927259696805087,0.10060575075205302,0.18137099608795482,0.06274792643346556,0.25534106004099205,0.24194881018136005,0.08330602053253114,0.2535315679677907,-0.12984155532325728,-0.02315912483395491,0.39173677459407397,0.4010636015465588,-0.46887208023116217,0.5602760799207548,0.30309540003743146,-0.045646309120040904,0.21262992600437308,-0.5304632829225762,-0.3768764807113805,0.35739020482318196,0.3373296753961117,0.2067230573294928,0.30723385996065133,-0.12138204293663582,0.19903499842513933,-0.2671739696074717,-0.12657223589130265,0.22529910940488526,0.05960094400343274,0.11536287984954374,0.23411193835675845,0.1281233595201468,0.17855907096915555,0.26778656757978153,0.5148744448045575,0.2707135259988953,0.4012781477812724,0.3175202107117914,0.38517439869994113,-0.2245395244377291,-0.012044716913090515,0.015086708632518818,0.0658456088776493
#58,0.2874572619335637,0.06011950681754897,0.2749588025581215,0.2818516709499833,0.4158983324736268,0.27279781984507023,0.44218618048359637,0.12989998493611543,0.14422345675067444,0.30082120994946754,0.23792994837195927,0.5090223538917318,0.4129275518448694,1.0,-0.1057685548256926,-0.08640187705131307,0.1936083481309371,0.21855414097057066,-0.19423281461835876,0.009887386050842892,-0.016761082225985657,-0.09235348089853788,-0.13880228423267768,-0.10805552639146927,-0.10062948778227665,-0.12764679299027237,-0.04080943273062579,-0.16781806479296288,0.33706856806365176,0.26666636234576635,0.28640826779021944,0.22331798034391304,0.28241040412293955,0.17985821689254886,0.274032145416699,0.3685393053266809,0.19117986734651957,0.040902554926118495,-0.06889125244788125,-0.08081089347094725,0.10624055654206248,-0.07269282913446572,0.12509506224123212,0.1891211364559701,-0.07369800106816636,0.09386626009394386,0.13452687990432152,-0.005715146507689429,0.18002255017871244,-0.15679495314218939,-0.15728521411257743,-0.206721231404091,-0.09269584191137871,-0.22839313999826538,-0.04698014762606874,-0.16856578124500723,-0.08730936197601646,-0.1318025992048095,-0.08431667024243725,-0.15529495542459612,-0.024325891165716425,-0.09137752377126633,0.37255725417338076,0.30087233586071843,-0.00628757412115928,0.1604970168943748,0.523973944044516,0.3168510090520252,0.015205393783636969,-0.05532919152588021,0.08243414115316319,0.0799198418748602,0.37163881369626645,0.26865388214564495,0.3587057840751916,0.3233485645943935,0.12736194862758882,0.030978650367239246,0.32082787457718415,0.2321171148552726,0.003047469495633756,0.31135040877904935,0.14487713804452518,0.06714749368914533,0.28501143485782887,0.02848352330565535,-0.03258546472083883,0.13219060835269575,0.1477246687086599,0.25574458955479373,0.16674442065669406,0.08907320591417238,0.04066701054928401,-0.07554401164940407,-0.1970328712220462,0.14032236712969093,-0.038567196337193646,0.20335422496313912,0.01601610466204403,0.13183820475014493,-0.15429800015520365,0.2537159864333743,0.21311014438505116,0.13981384690528467,0.10798157641269567,0.14067750962034445,0.016150310179077632,0.03901363509793807,-0.18327269739394797,-0.10470221439103106,-0.09470253392797637
#101,0.08942743544212502,0.3415256519694888,-0.06770805278750337,0.14676331898460288,-0.23203129636138717,0.0016332902719259404,0.07312831234279923,0.130535406975948,0.08447826464049811,0.21460649025184075,0.23890955735003447,-0.0070334646478018145,0.25584866730269734,-0.1057685548256926,1.0,0.6074579923037244,0.10127586537452013,0.11648856285976436,0.4993321677842852,0.1836260139591997,0.3407414170094081,0.17693034551073417,0.2280872974934609,0.16615008193840242,-0.029002999082472485,0.19456056822798504,-0.13378555419118351,-0.1098823647559879,0.2275285643205047,-0.013960112659597292,0.018459192849676127,-0.03167889275883634,-0.07587541710983398,0.07335472709262462,0.09795450706861371,0.10484281064697101,0.13173686589034406,0.23262928693048246,-0.08202422090045511,-0.058530038755266654,0.01440837734574354,0.07179173494866867,0.14973957738956575,0.25998712722591716,-0.23749263923822392,0.03844759822337458,-0.025833192584916943,0.05203613506370197,0.03503859549818092,-0.13878950275486496,-0.08059269538543003,-0.04221448232732452,0.104181825651513,0.06333678737555178,0.20846681608822873,0.2466980421514879,-0.1793268726006199,-0.18145498865643844,-0.1026033131416416,-0.13163826591864589,-0.3577645195305546,-0.3940319628241588,0.01914117598725504,0.03210433337745986,0.01855140208246792,-0.00889316966955315,0.10100928026585473,0.05146462041293303,0.4843842294823045,0.17821123218010929,0.24396828367577042,0.08225520046378505,-0.09842103100877814,-0.1354955333299858,-0.18815704784381035,-0.16422281767678382,-0.44890832485038823,-0.2613164009184405,0.03296525720441691,0.23134018359679914,-0.30287811491461514,-0.08282945400265672,0.22530550014379164,-0.22454774110203726,-0.17032232148155588,-0.5738710074999885,-0.4489046729995846,-0.006686538821456449,0.007793049614957981,-0.19757517106638608,0.05113777976600766,-0.2787631181328087,-0.13337745986387725,-0.2642479241510588,-0.07795514614250434,0.10409509419492667,0.24433255579343305,-0.011606494816654265,0.12434734578918778,-0.24841441202919654,0.05499230828924484,-0.08637631409568762,-0.049403150634280836,0.04561161653740636,0.06071201961043882,-0.08419615916591727,0.045485627684680945,-0.38565005226711463,0.013698092364436452,0.01815243738217075,0.09343260281101215
#102,0.12819000579731316,0.3928241131708564,-0.05536297114581384,0.068793565438884,-0.21940776109592042,0.014142705199779063,0.0691651412581539,0.2041548932518362,0.2455842276563791,0.12166962618742211,0.1618591572441308,-0.13437532809597064,0.13534306855893402,-0.08640187705131307,0.6074579923037244,1.0,-0.006672844380942816,0.12433091246057143,0.2535708253639298,0.36380376779706664,0.24806748620285118,0.5052490790488755,0.27940949572505214,0.35062606417214826,-0.03726439856299671,0.27170409052938144,-0.14977335700949937,-0.14247878502923764,-0.020483231157591056,-0.10500257911963007,0.01189042621663692,-0.29486686721413996,-0.06500203134200952,0.032057772279713515,-0.23330944414265956,-0.07419921759096532,0.0317884482829454,0.11731114225328325,-0.0067394906581091625,0.1550950165930971,0.04571660724801088,-0.0601642419898935,-0.02500513541519261,-0.00019263512989176827,-0.28113773411787263,0.18314031780231618,-0.26863288400352403,-0.1884117644373639,-0.15406884651727554,0.026071475849854153,-0.12249950928254826,0.23639160622092784,0.25075707431972866,0.4049035226665815,0.23929756649792072,0.3428713589906284,-0.10601870660574163,0.02491931692130718,-0.21291842221786028,-0.09360971757498847,-0.30978193885888794,-0.31925666576892003,-0.25048501143485785,0.01670995631473476,0.04081764939493397,0.03868314260020907,-0.12084613383120232,-0.07697188531362552,0.30898218353289175,0.1281753983940986,0.2860093030899223,0.06959971150378651,-0.03416397723071024,-0.22819867894297177,-0.2331798034391305,-0.062036728489457564,-0.4836748574636983,-0.35002989952845476,0.051078437190448585,0.24140194552351563,-0.3183783956506457,-0.13424294850433885,0.1641178269661793,-0.26080788069403427,-0.2086201938219814,-0.4849511793195689,-0.34484244546189063,0.0865506899715612,-0.004091898825473486,-0.19923402429393747,-0.1133890544901788,-0.3294498943245674,-0.20945829358141574,-0.37169267849562004,-0.2372844837424167,0.16991879196775417,0.3198710896666317,-0.13745018647263166,0.06792168605951604,-0.25234471645660916,0.30345145549078595,-0.04609913861969169,-0.07008997247417456,-0.10813586710914926,0.006076679737249334,-0.06523848868154491,0.030260148721623976,-0.30814773562426107,0.08152665622845978,-0.050527920681800544,-0.022724554588322295
#201,0.38668717789534707,0.4045255561084052,0.780548416694436,0.4953516504083226,0.14597908402452217,0.3189015232782665,0.4702753039024591,0.20947472691003208,0.28298009284830666,0.6491009599802801,0.5020217559011626,0.3003565119347049,0.2657552255702593,0.1936083481309371,0.10127586537452013,-0.006672844380942816,1.0,0.6220124436816133,-0.06636964946797098,-0.0650202905960277,0.11297274349856437,-0.09220740686639248,0.2701027539519873,0.1321321787398376,0.2854441791780597,0.07864625890709236,0.436951252356585,0.21796984484198897,0.35869939333628525,-0.014875814248608872,0.48233554118146504,0.20646012407163106,0.512615775082509,0.22275285643205048,-0.035751619367590734,0.01452067175795533,0.2776063943907572,-0.1565804069074758,0.15524748136414887,0.05968037175841181,-0.05956168660729366,-0.248379719446562,0.27309909753637013,-0.06177288226889491,-0.14766897798390446,-0.2538218901066797,0.2659131681175166,0.1218841724221357,0.12735373196328065,-0.12784673182177142,0.23420323462684933,-0.08875184304345246,0.3460137766071567,-0.17156395075479192,-0.07675916500431375,-0.13396723376866437,-0.24152884733894198,-0.4236731228345666,-0.24038307914930135,-0.3403990559965673,-0.2216326511980353,0.033460995951010424,-0.08880570784280609,0.15016410504548836,0.29907379933992795,0.17683813627794237,0.2225684379664669,0.13497149273966413,0.13208561764209123,0.1484157814732479,0.5025056261326444,0.5582693879041571,0.19842513934093223,0.32693011727005894,0.07643232435738838,0.25194301286820925,-0.06556532932847028,-0.09516997083084171,0.3369580995768418,-0.08952877430192589,0.12161119657456394,0.20301825468920467,0.15372831142983653,0.02367860061077205,-0.2854834365741988,-0.11844960674131659,-0.11405095244833773,-0.02170934006491165,0.03883286848315812,0.1111714680896712,0.10215139660469172,-0.10238146320532075,-0.18594037440600364,-0.15481473704391807,-0.3534270337385366,0.6004802183806781,0.3033948518033296,0.6987077012968635,0.5913268543413659,0.482576563334505,0.27628168551173843,0.5535767596214857,0.4106204950996727,0.4880561654653599,0.4422007878868109,0.5200135118479734,0.30927524455988353,-0.1788521319961473,0.030524907904887547,-0.4518809314045475,-0.38979581589194173
