,#10,#11,#12,#13,#17,#18,#26,#49,#50,#51,#52,#53,#54,#58,#101,#102,#201,#202,#301,#302,#401,#402,#501,#502,#601,#602,#701,#702,#801,#802,#901,#902,#1001,#1002,#1101,#1102,#1201,#1202,#1301,#1302,#1401,#1402,#1501,#1502,#1601,#1602,#1701,#1702,#1801,#1802,#1901,#1902,#2001,#2002,#2101,#2102,#2201,#2202,#2301,#2302,#2401,#2402,#2501,#2502,#2601,#2602,#2701,#2702,#2801,#2802,#2901,#2902,#3001,#3002,#3101,#3102,#3201,#3202,#3301,#3302,#3401,#3402,#3455,#3501,#3502,#3601,#3602,#3701,#3702,#3801,#3802,#3901,#3902,#4001,#4002,#4101,#4102,#4201,#4202,#4301,#4302,#4401,#4402,#4501,#4502,#4601,#4602,#4701,#4702,#4801,#4802
#10,1.0,0.01181716833890747,0.11902510283319878,0.4112559105062853,0.19195786722023603,0.047430131088302005,0.29998846730480916,0.7179794718025603,0.089693614731096,0.35060162226579017,0.6333525544919848,0.24300973169177958,0.16571714142928537,0.07537000730404028,0.259747049552147,0.07990620074578096,0.2298389266905009,-0.21955945104370891,0.0517510475531465,-0.004213277976396417,0.023142275016337983,-0.10995271594971745,0.3761196324914466,0.015200092261561528,0.2451466574405105,0.1858147849152347,0.00796524814515819,0.18323914965594126,0.14020681966708953,-0.03521316264944451,-0.049798177834159844,-0.09384538499980778,-0.037019951562680196,0.07131049859685541,0.01821396993810787,0.3737362088186676,-0.04076423326798139,0.227017260600469,-0.17746511359704764,-0.027586206896551724,-0.08494214431245915,0.11782570253334872,-0.10937608119017414,-0.10120324453158036,-0.22385730211817167,-0.18858263176104256,0.16033521700688116,-0.05194325913966094,0.10656210356360281,-0.16805443432130088,-0.1535924345519548,-0.2383500557413601,-0.1996617076077346,-0.2390266405258909,-0.07226386806596702,-0.07055702917771883,-0.10356360281397763,0.018882866259178104,-0.2012224656902318,-0.26007765348095185,0.005428055203167647,0.10907623111521163,0.3770345596432553,0.3837927190251028,0.030853803867297122,-0.09057009956560182,0.15031714911774882,0.3938415407680775,0.10499365701764503,0.37168338907469345,-0.00817283665859378,0.08316610925306578,0.18342367277899513,0.23921116364894476,0.10271018336985353,0.013908430400184524,0.21882904701495406,-0.024087956021989005,0.4900626609772037,-0.06750470918386961,-0.2660900319071234,0.12896628608772537,0.04631530388651828,-0.09590589320724253,0.2991119824703033,0.09270749240764234,0.2512820512820513,0.10946834275170107,-0.13105754814900242,0.06875792872794372,-0.25298889017029946,-0.07550839964633069,-0.021573828470380193,-0.11365855533771575,-0.058378503056164224,0.23768884788375044,0.3174720332141622,-0.12549878906700496,-0.019882366509053166,-0.029008572636758545,0.16744704570791527,-0.002245031330488602,-0.05240456694729558,0.026394495060162226,0.023088455772113943,0.17763425979318034,-0.06144619997693461,0.01576135009418368,-0.0442317302887018,-0.12932764387037252,-0.06339138123246069
#11,0.01181716833890747,1.0,0.0919386460615846,0.07310191058316995,-0.05561834467381694,-0.01134048360435167,0.2549110060354438,-0.07804559258832122,0.2980894168300465,0.312835889747434,0.08670280244493138,-0.13363344026749835,-0.14809518317764195,0.16735478414638835,0.12293084227117211,0.126844270172606,0.23719678622227347,0.15459962326529042,-0.01952100872640603,-0.0954368969361473,0.13800023065390382,0.1753277207550071,-0.1204859108907085,-0.1523315265444201,-0.18478453081151733,-0.0308614923307577,-0.08248183600507439,0.014085265059777804,-0.1572982739399531,0.0036289547533925343,-0.027401683773497866,0.17433590896859263,-0.10856879252681352,0.0076423326798139395,0.14302079729366085,-0.29726675123976476,0.09755891285126668,-0.019313420212970438,-0.20967977549686695,-0.21627647714604237,0.12236189597508938,-0.016484065659477954,-0.22169684388574942,-0.22084342444162533,-0.43591281282435707,-0.2013993003498251,0.010487064160227579,0.06133087302502595,0.14153692384576944,0.04381655326183062,-0.07311728751009111,-0.10114173682389574,0.0038596086572098565,-0.061453888440395184,0.1812862799369546,-0.1393995310037289,-0.0020528197439741666,0.0427017260600469,-0.2478453081151732,-0.23755045554146004,-0.15323876523276822,-0.171691077538154,-0.16530965286587476,-0.2800830354053742,-0.1197708837888748,0.09229231538077115,0.04444700726559797,-0.02561796025064391,0.19084304001845231,-0.07437050705416523,0.3021027947564679,0.0473301810633145,-0.017967939107369393,-0.015030946065428824,0.10773843847307116,0.133448660285242,-0.12339983854226733,0.00420558951293584,-0.19923115365394226,0.02724791450428632,0.023611271287433205,-0.17306731249759735,-0.17133740821896745,-0.012309230000384423,0.004336293391765655,-0.03329104678430016,-0.04610771537308269,-0.1932341521546919,-0.12176219582516434,0.011032945065928574,0.0641371621881367,-0.1698842886249183,-0.2794525814016069,-0.11066005458809057,-0.13022719409526007,0.14863337561988238,0.017375927420904932,0.008680275246991888,0.10249490639295737,-0.10792296159612501,-0.08991658017145274,0.20648906316072732,0.15214700342136625,0.19378772152385346,0.046038519201937494,-0.052904317072233115,-0.16916926152308462,-0.14986352977357476,-0.1012570637758044,-0.16329527543920347,-0.2374658824433937
#12,0.11902510283319878,0.0919386460615846,1.0,0.3277668857878753,-0.06666666666666667,0.16997655018644525,0.09057009956560182,-0.10114173682389574,-0.1853381001806789,0.2567946795832853,-0.05809402990812286,-0.03211861784232636,-0.10604697651174413,-0.09562142005920117,-0.2867412447622343,0.05484180986429862,0.5001883673547841,0.5427517010725407,-0.15803636643216853,-0.12166993426363741,-0.05619497943336024,0.08355822088955522,-0.044808365048245105,0.11924037981009496,0.029800484373198016,0.1880598162457233,0.31440433629339176,0.46265328874024525,-0.17575827470879946,-0.12240033829239226,0.395779033560143,0.1592665205858609,0.3706685118978972,0.2075193172644447,-0.15812862799369545,-0.11759504862953139,-0.10879944643063084,-0.18411563449044707,-0.08160535117056857,0.3744358589935801,0.062115096298004845,-0.05746357590435552,-0.4487602352669819,-0.27127205627955253,-0.2963979548687195,-0.1582208895552224,0.2526736631684158,0.4361204013377926,0.3851689539845462,0.32339983854226734,0.13261830623149964,0.0326298389266905,0.10532426094644985,-0.02597162956983047,-0.024480067658478454,-0.14708799446430632,-0.12502210433244915,-0.1718986660515896,-0.1522930842271172,-0.07849152346903471,-0.03329104678430016,0.1048321992849729,-0.0040056894629608274,-0.03034636527889901,0.3577134509668243,0.1894514281320878,-0.2259331872525276,-0.04471610348671818,-0.2245723292200054,-0.0743781955176258,-0.00977203705839388,0.022065890131857148,-0.17994079883135355,0.0028293545534924846,-0.11142890093414831,0.025441125591050627,-0.08121323953407912,0.11054472763618191,-0.22315765194325915,-0.09270749240764234,-0.1581824472379195,-0.12010148771767962,-0.1807711528850959,0.13825394994810286,-0.034129089301503095,0.043447507015722905,0.0736324145619498,-0.17838004074885633,-0.31647253296428707,0.051220543574366666,-0.1626033137277515,-0.04772229269980394,-0.17452043209164647,0.055549148502671744,-0.10661592280782685,0.2510052665974705,0.09879675546841964,0.6075962018990505,0.5053011955560681,0.3447660784992119,0.6110560104563103,0.41707607734594243,0.36759312651366627,0.3692000153769269,0.40165301964402417,0.30706185368854033,0.34085265059777803,0.009495252373813094,0.13550148002921616,-0.05218928997039941,-0.12202360358282398
#13,0.4112559105062853,0.07310191058316995,0.3277668857878753,1.0,-0.0871026025448814,0.33074232114711877,0.09416830046515204,0.23216084265559528,-0.11080613539384154,0.6533194940991043,0.1373313343328336,-0.045627274107788336,0.017806481374697265,-0.16925383462115096,-0.08405797101449275,0.03861146349901972,0.44756083496713184,-0.005481874447391689,0.008111328950909161,-0.07442432629838927,-0.1278283934955599,-0.001752969669011648,0.031245915503786567,0.017429746665128976,0.05258909007034944,-0.03528235882058971,0.5189097758812902,0.49433744666128476,0.014200592011686464,-0.057402068196670895,-0.02489524468534963,0.006004689962710952,0.20772690577788028,0.14714181370853036,-0.07463191481182485,0.10746165378849037,-0.13963018490754622,-0.1400838042517203,-0.12173913043478261,0.19447968323530543,-0.15911275131664937,0.002214277476646292,-0.20419790104947527,-0.23714296697804943,-0.2598393111136739,-0.4550801522315765,0.31281282435705227,0.21047168723330642,0.4412332295390766,0.2502825510321762,0.19973859224234036,-0.2959212701341637,0.19990004997501248,-0.2175220082266559,-0.024556952293084227,-0.26288394264406256,-0.0904086418329297,-0.18215507630799985,-0.10596240341367778,-0.1111598047130281,-0.09708991658017145,0.08079806250720793,0.13363318340829586,0.014223657402068197,0.46090031907123363,0.3761888286625918,-0.10352516049667473,0.07909122361895975,-0.22208126705877831,0.021781416983815784,-0.12353054242109715,-0.003183023872679045,0.04068734863337562,0.2603928804828355,-0.003959558682197363,0.1603582823972629,0.07426286856571714,0.18219351862530273,0.11988621074078346,-0.053319494099104296,-0.12785914734940224,0.02214277476646292,-0.022988505747126436,-0.18573021181716834,-0.011294352823588205,0.04453158036366432,0.24363971860223735,-0.13423288355822088,-0.09774343597432053,-0.13070387882981585,-0.26645907815323105,-0.00834967131818706,0.0694114481220928,0.020266789682082037,0.11245915503786569,0.10550109560604314,-0.007573136508668743,0.19898512282320377,0.10954522738630684,0.30580094568100563,0.4659977703455964,-0.005366547495483028,0.1696459462576404,0.2470610848421943,0.13739284204051821,0.263422135086303,0.10274862568715643,-0.049813554761081,0.10409410679275746,-0.2345288894014531,-0.21170952985045938
#17,0.19195786722023603,-0.05561834467381694,-0.06666666666666667,-0.0871026025448814,1.0,0.35878983585130514,0.26622842424941373,0.15652942759389535,0.04019528697189867,-0.1762810902241187,0.01734517356706262,0.6605978945114547,0.5788259716295698,0.38637604274785686,0.22562564871410448,0.40222965440356745,-0.21692230807673085,0.11488102102794756,0.035812862799369544,0.1859147349402222,0.06324530042670973,-0.11934801829854304,0.005489562910852266,0.19233460192980434,0.016261100219121208,0.0783608195902049,-0.2970053434821051,-0.029054703417522008,0.3740360588936301,0.4375197016876177,0.03571291277438204,0.3941875216238035,0.11465805558759082,0.14194441240918002,0.5146119248068274,0.20179141198631453,0.44288624918310077,0.2511513474032215,-0.2798600699650175,0.10319455656786991,0.3450582401107139,0.27156421789105445,0.4957751893284127,0.1615499942336524,0.036089647483950334,0.32200053819244223,-0.12716718563795026,0.02478760619690155,-0.2457309806635144,-0.11114442778610695,-0.3978549186944989,0.17167570061123286,-0.5508937838772922,0.09008572636758544,-0.21373159574059125,0.07241763733517856,-0.48103640487448585,-0.27867604659208856,-0.286364510052666,-0.15592972744397032,-0.3172183139199631,-0.3791181332410718,0.1970014992503748,0.10422481067158729,-0.1541690693114981,-0.10851497328258948,0.21435436128089802,0.44373198016376425,0.08553415599892361,0.19780878791373543,-0.07443201476184984,0.19113520162995426,0.4115942028985507,0.5041402375735209,0.40576634759543306,0.07331718756006612,0.06011609579825472,-0.17212163149194634,0.2820589705147426,0.39331872525275824,0.2564794525814016,0.6655518394648829,0.16507899896205744,0.26715872832814364,0.561011801791412,-0.04616153461730673,-0.08291238995886673,0.3312343828085957,0.08308922461846,0.2260331372775151,0.5204167147195633,0.026663591281282435,0.04864490831507323,-0.25953177257525084,-0.26169223080767307,-0.09659016645523393,0.056556337216007384,-0.26954215200092263,0.11039864683043094,-0.057348248952446855,0.08853265674854881,-0.08692576788528812,0.12593703148425786,-0.058816745473417135,-0.03312958905162803,-0.03247606965747895,0.1041171721831392,-0.33904586168454237,-0.39123515165494177,-0.3622419559451044,-0.27136431784107945
#18,0.047430131088302005,-0.01134048360435167,0.16997655018644525,0.33074232114711877,0.35878983585130514,1.0,-0.025448814054511205,0.06166916541729135,-0.01716833890746934,0.02978510744627686,-0.2843424441625341,0.21868723078353314,0.5619882366509054,0.06961903663552839,-0.03621266289931957,0.16950755391535002,0.2525660246799677,0.3997924114865644,-0.05349632875869757,-0.058655287740745014,-0.16274939453350248,-0.1410679275746742,-0.10556260331372776,0.24186368354284396,-0.16037365932418407,-0.022427247914504286,0.07094914081420828,0.1795563756583247,0.293514781071003,0.27606196901549224,0.0949986545188944,0.2260331372775151,0.20306000845730982,0.22458001768346597,0.14520432091646485,0.14325913966093876,0.10795371544996732,-0.050474762618690654,-0.3144965978549187,0.12148541114058356,0.02060508207434744,0.018375427670779994,0.20446699727059547,0.0008303540537423596,-0.01113289509091608,0.0458309306885019,-0.07474724176373351,0.2370583938799831,0.08259716295698305,0.09990389420674278,0.0342290393264906,0.09329181563064622,-0.09131588052127783,-0.020651212855110908,-0.26173836158843655,-0.09926575173951485,-0.25005958559181946,-0.20541267827624649,0.005827855303117672,0.0859493330257948,-0.17009956560181447,-0.07223311421212471,0.07197170645446507,-0.08847883750432477,0.329573674701111,0.25352708261253987,-0.028224349363779648,-0.029385307346326838,-0.1465421135586053,0.02763233767731519,-0.007273286433706224,0.15403836543266827,0.07496251874062969,0.35242378810594704,0.14652673663168417,0.18680659670164917,0.013746972667512397,0.0373274901011033,-0.09150040364433168,0.32593703148425784,0.019298043286049282,0.47902971591127513,0.1213700841886749,-0.04490831507323261,0.22144312459155038,0.10906085418829047,0.051458885941644564,0.0020528197439741666,-0.11498865951639564,-0.008303540537423595,0.17677315188559567,0.19950793833852304,0.22897013031945565,0.056071964017991006,-0.050859185791719524,0.10802291162111252,-0.06470610848421943,0.14852573713143427,-0.022827048014454312,0.3365009802790912,0.3074155230077269,-0.06951139814708031,0.1917272133164187,0.0495752123938031,0.12341521546918849,0.18722177372852036,0.25802483373697765,-0.10531657248298927,-0.1534155998923615,-0.18466151539614808,-0.18603775035559145
#26,0.29998846730480916,0.2549110060354438,0.09057009956560182,0.09416830046515204,0.26622842424941373,-0.025448814054511205,1.0,0.27460116095798254,0.2924845269672856,0.28923230692346136,0.39274209049321496,0.37034630828175186,0.21773728520355207,0.5662399569446046,0.03482873947641564,0.006319916964594626,0.1282743243762734,0.017076077345942412,0.1003421366239957,-0.018129396840041518,-0.2894860262176604,-0.3013877676546342,-0.15390766155383848,-0.15898204743781955,-0.028047514704186368,-0.0033598585322723255,-0.11763349094683427,0.14410487064160227,0.15962787836850806,0.251651097528159,0.18930534732633683,0.26435243916503287,0.03405220466689732,0.2587091069849691,0.3267443201476185,0.17035328489601353,0.23821166339906968,0.22135855149348402,-0.3019490254872564,-0.12380732710567793,0.24999807788413486,0.17951793334102178,0.0032445315803636644,-0.23898819820858802,-0.19946949602122016,-0.2588474993272594,0.2617537385153577,0.18219351862530273,0.06114634990197209,-0.19278053281051782,-0.1921116364894476,-0.3521008726406028,-0.24042594087571598,-0.22321915965094377,-0.2137854149848153,-0.149840464383193,-0.19254219044323992,-0.15270057279052782,-0.04287856071964018,0.0217429746665129,-0.1797562757082997,-0.058140160688886326,0.3653019644024142,0.08466535962787837,-0.0698189366855034,-0.2325606427555453,0.3999231153653942,0.5762810902241187,0.09455272363818092,0.3314189059316496,0.2082343443662784,0.32825894744935225,0.2867181793718525,0.2376657824933687,0.15080921077922577,0.12439933879214239,0.175912043978011,0.07547764579248838,0.3693307192557567,0.3017721908276631,-0.035167031868681045,0.11560373659324184,0.010794602698650674,-0.2007842232729789,0.1300119171183639,0.03457502018221659,0.1627724599238842,0.018959750893783878,0.014930996040441317,0.08784069503709684,0.07391688770999116,-0.06155383846538269,-0.01543074616537885,-0.14942528735632185,-0.07706146926536732,0.054641909814323604,0.09423749663629724,0.12694422019759352,0.2640372121631492,-0.024087956021989005,-0.020289855072463767,0.0013608580325222004,0.27826855802867795,0.02096643985699458,0.02913158805212778,0.14380502056663977,-0.06924999038942067,-0.20017683465959327,-0.1563833467881444,-0.31828701034098333,-0.16474070656979203
#49,0.7179794718025603,-0.07804559258832122,-0.10114173682389574,0.23216084265559528,0.15652942759389535,0.06166916541729135,0.27460116095798254,1.0,0.10028062891631108,0.32304616922308077,0.49140814208280476,0.36843572143942555,0.29260754238265485,0.23796563256833123,0.3448122092799754,-0.04255564525429593,0.0979587129512167,-0.43183792719025105,0.1289893514781071,-0.00695805943182255,0.06376811594202898,-0.2747472417637335,0.24789143889593665,-0.04527736131934033,0.2705032099334948,-0.005243532080113789,-0.0005458809057009956,-0.03394456617844924,0.19970014992503748,-0.010663898819820859,-0.019444124091800255,-0.24403951870218737,-0.16572482989274592,0.008488063660477453,0.08347364779148887,0.3776727021104832,0.14829508322761695,0.2565102064352439,0.01842155845154346,-0.0925152808211279,0.0024679967708453464,0.10779994618075578,-0.05042863183792719,-0.1636950755391535,-0.08595702148925537,-0.22338830584707647,0.21284742244262483,-0.23502863952639066,-0.07031868681044093,-0.40859570214892554,-0.1969399915426902,-0.3364779148887095,-0.1685311190558567,-0.1934263637412063,0.008434244416253412,0.03461346249951947,-0.037319801637642716,0.04420097643485949,-0.10382501057163726,-0.19664014146772768,0.03645100526659747,0.26110790758466923,0.35799792411486564,0.30219505631799487,0.001791411986314535,-0.19614039134279015,0.228654903317572,0.33919194249029333,0.1341021796793911,0.29022411870987586,0.034513512474531965,0.03264521585361166,0.4225810171837158,0.2845115903586668,0.1484796063506708,0.0038903625110521664,0.2761926728943221,0.08814823357551993,0.4976511744127936,-0.03638180909545227,-0.37688079037404376,0.12489140045361935,-0.0955445354245954,-0.081797562757083,0.20967208703340637,0.0969053934571176,0.19405681774497366,0.13268750240264482,0.0009456810056510206,0.042117402837043016,-0.3381463114596548,-0.1102064352439165,0.015330796140391343,-0.21835236228039825,-0.06734325145119748,0.007749971168262023,0.10916080421327798,-0.277376696267251,-0.1914581170952985,-0.18350824587706147,-0.10234113712374582,-0.16574020681966709,-0.19116595548379656,-0.21958251643409066,-0.2622458001768347,-0.06864260177603505,-0.22801676085034406,0.0849959635566832,-0.023203782724022605,-0.1410294852573713,-0.12876638603775037
#50,0.089693614731096,0.2980894168300465,-0.1853381001806789,-0.11080613539384154,0.04019528697189867,-0.01716833890746934,0.2924845269672856,0.10028062891631108,1.0,0.042747856840810367,0.07196401799100449,0.04923701464087564,0.0005074385883981086,0.41138661438511515,0.19707069542152,-0.06668204359358783,-0.0018759850843808865,-0.23711990158766771,0.06313766193826163,-0.06623611271287433,0.00997962557182947,-0.12780532810517817,-0.09816630146465229,-0.15064006458309306,-0.16405643332180064,-0.19853919194249028,-0.21574597316726252,-0.17847999077384386,-0.08119017414369738,0.016015069388382732,-0.08312766693576289,0.13730826894245185,-0.17150655441510015,-0.11853304117172184,0.11127513166493676,-0.005335793641640718,0.03242993887671549,0.07588513435589897,-0.22996963056933073,-0.4806442932379964,0.021520009226156152,-0.003290662361127129,0.14103717372083188,-0.006266097720370584,-0.09177718832891246,-0.11591896359512552,-0.0598854418944374,-0.05241994387421674,-0.08451159035866682,-0.15129358397724216,-0.020128397339791642,-0.08751009110829201,-0.10550109560604314,-0.1752969669011648,-0.16737784953677007,-0.1526698189366855,0.17313650866874256,0.28576480990274095,0.05514165993926114,0.02709414523507477,-0.07804559258832122,-0.013331795640641218,-0.03562065121285511,0.08202821666090032,-0.3212086264560028,-0.08823280667358628,0.26231499634797983,0.18696036597086071,0.19620958751393533,0.1739668627224849,0.12220812670587783,0.14027601583823474,0.1758428478068658,0.2165763272210049,0.0704647676161919,0.11130588551877907,0.16402567946795832,0.1460039211163649,0.07167185637950256,0.06086956521739131,-0.04071810248721793,0.14332064736862338,0.09392995809787413,-0.35800561257832625,0.014723407527005728,0.06700495905893207,0.0691731057548149,0.0016299542536424095,0.03545150501672241,-0.012101641486948833,0.04485449582900857,-0.016860800369046247,-0.13985315034790297,-0.05215084765309653,-0.07863760427478568,0.2710798446930381,-0.18738323146119248,-0.022880867258678352,-0.0897243685849383,-0.12771306654365125,-0.31978626071579597,-0.0644754545804021,-0.1700226809672087,-0.16761619190404797,-0.12001691461961327,-0.17378233959943104,-0.17425133587052627,-0.05465728674124476,0.05916272632914312,-0.16054280552031677,-0.06130780763464422
#51,0.35060162226579017,0.312835889747434,0.2567946795832853,0.6533194940991043,-0.1762810902241187,0.02978510744627686,0.28923230692346136,0.32304616922308077,0.042747856840810367,1.0,0.34805674086033905,0.13562091189221204,-0.016437934878714488,-0.03976473301810633,0.14965594126013917,-0.08443470572406105,0.5906354515050167,-0.17463575904355513,0.16081959020489756,-0.06873486333756199,0.10134932533733133,-0.005243532080113789,0.07396301849075462,-0.17194479683235306,0.08977818782916235,-0.15609118517664244,0.3370929919655557,0.2167454734171376,0.021058701418521508,-0.2008841732979664,-0.12788221273978395,-0.09420674278245493,-0.05286587475493023,-0.0338907469342252,0.005112828201283974,0.11239764733018107,0.02114327451658786,-0.019713220312920464,0.057640410563948793,0.03710452466074655,-0.031199784723023104,-0.004836043516703187,-0.27256371814092956,-0.2634144466228424,-0.24748395033252604,-0.5563910352516049,0.3764886787375543,-0.11082151232076269,0.2376657824933687,-0.17099142736324147,0.09381463114596549,-0.5736439472571406,0.1726828893245685,-0.30945296582477994,0.16377964863721986,-0.22862414946372966,-0.009456810056510206,-0.21044093337946412,-0.2033367931418906,-0.29719755506861956,-0.01560758082497213,0.13598585322723253,0.08266635912812824,-0.029985007496251874,0.39878522277322875,0.23063083842694038,-0.021504632299234997,0.12825894744935223,-0.024864490831507324,0.0975127820705032,0.09369161573059624,0.06528274324376274,0.20209126206127706,0.14523507477030714,-0.01089455272363818,0.07938338523046169,0.13483258370814594,0.15706762003613578,0.22359589436051205,-0.1358935916657056,-0.08249721293199554,-0.14614231345865528,-0.21772959674009149,-0.042578710644677664,-0.12429938876715488,0.009710529350709261,0.20434398185522623,-0.11589589820474379,-0.0388574943297582,-0.021896743935724446,-0.4418098642986199,-0.23743512858955138,-0.11213623957252143,-0.12246184600007688,-0.002152769768961673,0.029923499788567256,-0.03961865221235536,0.1518163994925614,0.06782762464921385,0.18613001191711837,0.19421827547764578,0.07884519278822127,0.06399108138238573,0.14486602852419944,-0.15785184330911467,0.04923692000153769,-0.23567447045707915,-0.001068696421020259,0.08107484719178872,-0.16244954445853996,-0.22367277899511784
#52,0.6333525544919848,0.08670280244493138,-0.05809402990812286,0.1373313343328336,0.01734517356706262,-0.2843424441625341,0.39274209049321496,0.49140814208280476,0.07196401799100449,0.34805674086033905,1.0,0.23809679409722623,0.03220697343635874,0.20307538538423095,0.2545342713258755,0.08035213162649445,0.15300042286549034,-0.3720678122477223,0.28478068657978706,0.11101372390727714,-0.04068734863337562,-0.03978010994502749,0.33831545765578747,-0.09116211125206627,0.12731326644370122,0.0729173874601161,-0.057156037365932416,0.09097758812901241,0.20804982124322455,0.06543651251297428,-0.18816745473417137,-0.11550378656825433,-0.3109291508092108,-0.06994964056433321,0.1667935263137662,0.26582862414946373,0.05807096451774113,0.3331795640641218,-0.049552147003421365,-0.1038096336447161,-0.05032868181293968,0.20137623495944335,-0.06289931957098374,0.028685657171414292,-0.10655441510014224,-0.23651251297428208,0.3432053204167147,-0.07888363510552417,-0.041656095029408376,-0.3133356398723715,-0.12485295813631646,-0.29309960404413177,-0.14638065582593318,-0.16586322223503633,-0.005843232230038827,0.11392765155883597,-0.14214431245915504,-0.06589782032060892,-0.04357821089455272,-0.11145196632453004,-0.13717756506362203,-0.039526390650828434,0.3427132587552378,0.3636566332218506,-0.024764540806519818,-0.2725406527505478,0.12751316649367625,0.4211663399069696,0.2993195709837389,0.4427401683773498,0.14534271325875522,0.20575865913197247,0.10067274055280052,-0.013055010956060431,-0.12901241686848883,-0.26153846153846155,0.0292622919309576,-0.14490447084150232,0.5182716334140622,0.05448045208165148,-0.014346672817437435,-0.0040364433168031365,0.01951332026294545,-0.03686618229346865,0.008365048245108215,-0.0735247760735017,0.12368431169030869,0.1816630146465229,0.05836312612924307,-0.014677276746242264,-0.29481413139584056,-0.27580056125783264,-0.09351478107100296,-0.15705224310921462,-0.0007304040287548534,0.10225656402567947,0.2789835851305117,-0.164886787375543,0.04017222158151693,-0.23223772729020106,-0.07680006150770768,-0.13206473686233805,-0.20363664321685312,-0.16973820781916735,-0.19968477299811632,-0.04387037250605467,-0.3808711029100834,-0.15183177641948256,-0.1836389497558913,-0.07983700457463576,0.13127282512589858
#53,0.24300973169177958,-0.13363344026749835,-0.03211861784232636,-0.045627274107788336,0.6605978945114547,0.21868723078353314,0.37034630828175186,0.36843572143942555,0.04923701464087564,0.13562091189221204,0.23809679409722623,1.0,0.6808685673878864,0.549007321354417,0.2750476205125992,0.2178184327425558,-0.021646910481165734,-0.12277730899440085,0.1472958660977351,0.20573598919037964,0.03719301347989318,-0.19949678909964408,0.02205439982781883,0.11431613869267013,0.08293945900038195,0.15666812107075623,-0.06304167731852901,0.046899717256299406,0.3311850443727418,0.34836879323632036,0.15498818857559207,0.3436019367283031,0.12077446041320972,0.07324044370221446,0.3649336196016806,0.33232678339119437,0.4241387462790795,0.36148533711160674,-0.1436246177387379,0.06918477143128036,0.24522785766365537,0.20222619887439594,0.32145911940073874,0.08137100943967947,0.10328701665920102,0.058417057657928345,0.22866303129829518,0.02742095763845768,-0.1730138258063124,-0.3124712883396545,-0.3478767306290412,-0.2040791221299317,-0.41731906608131925,-0.09178505321404956,-0.2888484389511332,0.03877299575795376,-0.45471966847365836,-0.2884563265609576,-0.1847041569683129,-0.11059107098600175,-0.3444476693345642,-0.1758700954720034,0.4034336743821591,0.25723726067256353,-0.04860655942529916,-0.2719952946518204,0.3138705913791047,0.6040068504352265,0.1660865069132098,0.35160948681394827,0.09663648298269299,0.2644144551084251,0.41821092955701283,0.3702809562167226,0.24610434418287147,-0.15431160249058315,0.0654827691593282,-0.15834036508768168,0.4355638249418436,0.3737792138153482,0.1426712464371344,0.5294593654324267,-0.032030200342580875,0.303314310757318,0.46372287649122007,-0.09643273830936645,0.04599632106324774,0.32530335852010756,0.24571223179269583,0.2894058536234417,0.16931951201259898,-0.16714751691015559,0.02744786731229326,-0.380802638686435,-0.26127371174790076,-0.24785731722130364,0.18892513152137988,-0.18145961915156567,0.1175722092267755,-0.11617290618732526,-0.0746282140243066,-0.05330037539004847,0.05508410234143559,-0.30662035639997515,-0.12636398409277194,0.04173305987986774,-0.04583101878111488,-0.34189125032018397,-0.33690142794324324,-0.4263607164900747,-0.31830684332285636
#54,0.16571714142928537,-0.14809518317764195,-0.10604697651174413,0.017806481374697265,0.5788259716295698,0.5619882366509054,0.21773728520355207,0.29260754238265485,0.0005074385883981086,-0.016437934878714488,0.03220697343635874,0.6808685673878864,1.0,0.4403721216314919,0.2701572290777688,0.14462768615692154,0.06835812862799369,0.04804520816514819,0.22523353707761504,0.22195825164340907,-0.17977165263522085,-0.29736670126475223,-0.14058355437665782,0.2262022834736478,-0.1671395071694922,-0.08757159881597663,-0.0665897820320609,0.00873409449121593,0.5586206896551724,0.49215392303848077,0.14084496213431746,0.2966209203090762,0.20724253257986391,0.09648252796678584,0.259747049552147,0.36925383462115097,0.20991811786414485,0.21995925114365894,-0.30743089993464806,-0.008111328950909161,0.15363856533271825,0.1952023988005997,0.3430284857571214,0.1698150924537731,0.16547111059854688,0.07799177334409718,0.05267366316841579,0.05008265098220121,-0.12991965555683696,-0.19977703455964327,-0.031430438626840425,0.034044516203436744,-0.20926459846999576,-0.0379041248606466,-0.3357628877868758,0.06410640833429439,-0.40608157459731675,-0.23168415792103947,-0.06421404682274247,0.003090762311152116,-0.33793103448275863,-0.13955330027294044,0.37944104870641604,0.18410025756352594,0.09331488102102795,-0.06884250182601007,0.20310613923807327,0.3272363818090955,0.22463383692769,0.3194633452504517,0.21107138738323147,0.3494867950640065,0.29003959558682196,0.4028677968707954,0.1375004805289663,-0.0973128820205282,-0.020766539807019566,-0.11408142082804751,0.31475800561257833,0.5976319532541422,0.06390650828431937,0.5842694037596586,0.08031368930919155,0.02712489908891708,0.3287510091108292,-0.08554184446238419,0.04059508707184869,0.19767039557144506,0.17917964094875638,0.03288355822088956,0.22554876407949873,0.10940683504401645,0.08930150309460655,-0.2481836005074386,-0.23376004305539538,-0.039526390650828434,0.06130011917118364,-0.06383731211317419,-0.10298696805443432,0.2037519701687618,0.007296351824087956,-0.1985699457963326,0.02324222504132549,-0.2507976780840349,-0.05987006496751624,0.19617883366009303,0.03261446199976935,-0.2326605927805328,-0.31618037135278515,-0.3286126167685388,-0.26504440087648484
#58,0.07537000730404028,0.16735478414638835,-0.09562142005920117,-0.16925383462115096,0.38637604274785686,0.06961903663552839,0.5662399569446046,0.23796563256833123,0.41138661438511515,-0.03976473301810633,0.20307538538423095,0.549007321354417,0.4403721216314919,1.0,0.16416407181024872,0.2568254334371276,-0.19951562680198362,-0.11195940491292815,0.09010879175796717,0.3116441779110445,-0.11760273709299196,-0.15074770307154114,-0.17820320608926307,0.039280359820089955,-0.07749971168262022,0.0130319455656787,-0.21435436128089802,-0.08292776688578787,0.06383731211317419,0.35260062276554033,0.2013993003498251,0.38004843731980165,-0.004889862760927228,-0.09494483527467036,0.30852266174605003,0.11227463191481182,0.3409679775496867,0.27447045707915274,-0.34126013916118864,-0.2795448429631338,0.17941798331603429,0.09463729673624727,0.2129319955406912,0.14833352554491985,-0.14232114711874833,-0.042086648983200706,0.15403836543266827,0.07493945335024796,-0.16460231422750163,-0.23213777726521354,-0.3501403144581555,-0.18161688386575942,-0.39886210740783457,-0.02611771037558144,-0.34146003921116364,0.01829854303617422,-0.2772921231691846,-0.017460500518971283,-0.16810825356552492,-0.1756429477568908,-0.20270633913812325,-0.07668473455579902,0.2971821781416984,0.14355898973590128,-0.3830546265328874,-0.4117095298504594,0.5073078845192788,0.6052896628608773,0.33642409564448544,0.38385422673278746,0.24931380463614347,0.35834390497059165,0.19914658055587592,0.23387537000730405,0.18943605120516666,-0.09536770076500212,-0.0064121785261215545,-0.02463383692769,0.3331103678929766,0.47380924922154305,0.04779148887094914,0.303794256717795,-0.06712797447430131,-0.04792988121323953,0.301318571483489,0.06235343866528274,0.18596086572098566,0.17857994079883135,0.3697535847460885,0.014515819013570137,0.3073155729827394,-0.05135893591665706,-0.15074770307154114,-0.20307538538423095,-0.19015876677046092,-0.06446776611694154,0.105139737823396,-0.02313458655287741,0.11327413216468689,-0.16096567101064851,-0.2881636105024411,-0.06038519201937493,0.0833275669857379,-0.19402606389113136,-0.021904432399185023,0.02309614423557452,-0.14579633260292932,-0.1864913696997655,-0.2342982354976358,-0.2813439434129089,-0.268934763387537
#101,0.259747049552147,0.12293084227117211,-0.2867412447622343,-0.08405797101449275,0.22562564871410448,-0.03621266289931957,0.03482873947641564,0.3448122092799754,0.19707069542152,0.14965594126013917,0.2545342713258755,0.2750476205125992,0.2701572290777688,0.16416407181024872,1.0,0.15227001883673547,0.12284626917310576,-0.40269865067466265,0.47878368508053665,0.18886710490908393,0.4104101795256218,0.07520854957136816,0.3333563987237151,0.06784300157613501,0.0970053434821051,-0.13257986391419674,-0.48970130319455657,-0.3728597239841618,0.391358167070311,0.0651597278283935,-0.28870949140814206,0.01196324914465844,-0.11140583554376658,-0.10113404836043517,0.2647445508015223,0.24756083496713183,0.3163264521585361,0.3603044631530389,0.025418060200668897,-0.13843078460769614,0.18660669665167418,0.2732633683158421,0.2544650751547303,0.17781878291623418,-0.024802983123822703,-0.07713835389997309,-0.10760004613078077,-0.27323261446199976,-0.40491292815130897,-0.5690616230346365,-0.1946180755775958,-0.13973013493253372,-0.22671741052550648,0.013254911006035444,0.12230807673086534,0.3257986391419675,-0.33128051358935917,-0.2028985507246377,-0.14734171375850535,-0.2841502325760197,-0.30328681812939684,-0.2581478491523469,0.31501172490677737,0.3229231538077115,-0.24537731134432783,-0.23213008880175298,0.12996578633760042,0.28814054511205933,0.7171952485295814,0.48348902471841004,0.30951447353246453,0.3531080613539384,0.39464114096797753,0.17626571329719756,0.122623303732749,-0.18189366855034023,-0.11470418636835429,-0.31318955906662055,0.4869334563487487,0.1470495521470034,-0.024641525391150578,0.23402913927651559,-0.09768192826663591,0.04531580363664322,0.22526429093145736,-0.24875254680352132,-0.11169030869180795,0.23370622381117134,-0.011240533579364165,0.08085957021489255,-0.06655902817821858,-0.22709414523507476,-0.14630377119132743,-0.3751970168761773,-0.2674355130127244,-0.11372006304540037,0.07593895360012301,-0.44425479567908355,-0.3593049629031638,-0.21396993810786913,-0.18563795025564142,-0.10162611002191212,-0.14412024756852343,-0.1851997078383885,-0.24107946026986507,-0.23538999730903779,-0.2890093414831046,-0.24792988121323953,-0.25721754507361705,-0.172236958443855,-0.14802598700649675
#102,0.07990620074578096,0.126844270172606,0.05484180986429862,0.03861146349901972,0.40222965440356745,0.16950755391535002,0.006319916964594626,-0.04255564525429593,-0.06668204359358783,-0.08443470572406105,0.08035213162649445,0.2178184327425558,0.14462768615692154,0.2568254334371276,0.15227001883673547,1.0,-0.09630569330719256,0.19457194479683235,0.23252220043824243,0.6170453234921001,-0.013877676546342213,0.49120055356936915,0.11741052550647753,0.48222811671087534,0.17705762503363703,0.4058201668396571,-0.3015261599969246,-0.010118017914119863,0.14061430823050014,0.4829585207396302,-0.0999654019144274,0.4507669242301926,0.1792103948025987,0.1855380002306539,0.48449621343174565,0.08984738400030753,0.35626801983623574,0.5483027716910776,-0.14945604121016415,0.22462614846422943,0.3820166839657095,0.5959558682197363,0.3310344827586207,0.5614577326721255,-0.25091300503594355,0.16517126052358436,-0.0161611501941337,0.13743897282128167,-0.2600392111636489,-0.06471379694768001,-0.5099911582670204,0.13877676546342213,-0.48717948717948717,0.39401837542767076,-0.06279168108253566,0.466005458809057,-0.584607696151924,-0.004820666589782032,-0.3981317033790797,-0.3521393149579057,-0.38722946219198096,-0.38328528043670473,0.21302425710221812,0.10036520201437743,-0.18058662976204207,0.03558220889555223,0.03114596547879906,0.32875869757428977,0.2834967131818706,0.19576365663322184,-0.03659708607234844,0.2695729058547649,0.020351362780148388,0.1844154845654096,0.24190981432360742,0.07596201899050475,-0.22939299580978742,-0.24314765694076038,0.13543228385807096,0.542290393264906,0.12815130896090415,0.34033752354591934,0.05309652865874755,0.18938223196094262,0.24768385038250107,-0.2155076307999846,-0.21027178718333142,0.14958674508899397,0.29235382308845576,-0.19541767577749586,0.4454311305885519,-0.2399415676776996,-0.3785261215546073,-0.2568638757544305,-0.2330988351977857,0.033444816053511704,0.37381309345327335,-0.021819859301118672,-0.02825510321762196,-0.014661899819321108,0.13287971398915926,-0.02114327451658786,0.19168108253565525,0.17464344750701571,0.16928458847499328,0.13613193403298351,0.029277668857878754,-0.34348979356475606,-0.3702610233344866,-0.32887402452619846,-0.42654826432937376
#201,0.2298389266905009,0.23719678622227347,0.5001883673547841,0.44756083496713184,-0.21692230807673085,0.2525660246799677,0.1282743243762734,0.0979587129512167,-0.0018759850843808865,0.5906354515050167,0.15300042286549034,-0.021646910481165734,0.06835812862799369,-0.19951562680198362,0.12284626917310576,-0.09630569330719256,1.0,0.223888055972014,0.2043824241725291,-0.16766232268481143,-0.06206896551724138,-0.016099642486449083,-0.08451159035866682,-0.12053973013493254,-0.10301003344481606,-0.18845192788221274,0.18944373966862724,0.21583823472878946,0.2167762272709799,-0.17231384307846076,0.07503940337523546,-0.006619767039557144,0.2057432822050513,0.09174643447507015,-0.18072502210433244,-0.017752662130473225,-0.12515280821127897,-0.11050628531887902,0.0027370929919655557,0.06775842847806866,-0.15887440894937147,0.00219121208626456,-0.3612808980125322,-0.3193326413716219,-0.18748318148617998,-0.5166724330142621,0.1810171837158344,0.1440587398608388,0.21137892592165455,-0.016476377196017376,0.3955099373390228,-0.2660208357359782,0.36618613770038055,-0.18382347287894515,0.05654096028908623,-0.07026486756621689,-0.10736170376350286,-0.3443585899358013,0.03833467881443894,-0.06715103986468304,-0.11945565678699112,0.02313458655287741,-0.01074847191788721,-0.014731095990466306,0.48773305654864874,0.3005343482105101,-0.1719294199054319,-0.15709068542651752,0.13301810633144967,0.1055472263868066,0.36014300542036676,0.22482604851420443,-0.048460385192019374,0.018167839157344403,-0.2731326644370123,-0.13749279206550571,-0.15130127244070274,0.03248375812093953,0.030930688501902896,0.03822704032599085,-0.03457502018221659,-0.09010879175796717,-0.07236381809095452,-0.15187790720024602,-0.2717871833314112,-0.13483258370814594,0.003398300849575212,-0.2644062584092569,-0.4008687963710452,-0.11213623957252143,-0.4641371621881367,-0.08721792949679007,-0.13183408295852073,0.02250413254911006,0.03339868527274824,0.42650213354861033,-0.09409141583054627,0.4220197593510937,0.17874908699496406,0.3223849613654711,0.3285895513781571,0.1390612386114635,0.026571329719755506,0.2607696151924038,0.06821204782224273,0.22285011340483604,-0.021104832199284974,-0.06303002344981355,0.07878368508053665,-0.01836005074385884,-0.04975973551685696
