,#10,#11,#12,#13,#17,#18,#26,#49,#50,#51,#52,#53,#54,#58,#101,#102,#201,#202,#301,#302,#401,#402,#501,#502,#601,#602,#701,#702,#801,#802,#901,#902,#1001,#1002,#1101,#1102,#1201,#1202,#1301,#1302,#1401,#1402,#1501,#1502,#1601,#1602,#1701,#1702,#1801,#1802,#1901,#1902,#2001,#2002,#2101,#2102,#2201,#2202,#2301,#2302,#2401,#2402,#2501,#2502,#2601,#2602,#2701,#2702,#2801,#2802,#2901,#2902,#3001,#3002,#3101,#3102,#3201,#3202,#3301,#3302,#3401,#3402,#3455,#3501,#3502,#3601,#3602,#3701,#3702,#3801,#3802,#3901,#3902,#4001,#4002,#4101,#4102,#4201,#4202,#4301,#4302,#4401,#4402,#4501,#4502,#4601,#4602,#4701,#4702,#4801,#4802
#10,1.0,0.2205897051474263,0.06928843270672357,0.16148848652596778,-0.12181601506938838,-0.10797678084034906,0.07864529273824626,0.7801791411986314,0.4662822434936378,0.3663091531157498,0.40364433168031366,-0.06884250182601007,0.02244262484142544,0.1677084534655749,0.15496866951139815,-0.37509706685118976,0.2782378041748357,0.049521393149579054,0.10885326567485488,-0.00621996693960712,0.36024295544535423,0.05365009802790912,0.2980586629762042,-0.09180794218275477,0.4127474724176373,0.09736670126475223,0.2583477492023219,-0.05583362165071311,0.07709222311920963,0.26497520470533964,-0.28647983700457463,0.24390112635989697,0.04412409180025372,-0.3201476184984431,0.042632529888901705,0.16302617921808327,-0.26927305577980243,-0.15157036866182294,0.27809172336908466,-0.07417829546765078,-0.1652635220851113,0.025871679544842964,-0.3072771306654365,-0.3142351900972591,-0.3714219813170338,-0.20568946296082727,0.11974012993503248,-0.1500172990427863,-0.05199707838388498,0.1116057355937416,-0.007065697920270634,0.015769038557644256,0.03332180063814247,0.13152654442009765,0.40641986698958216,0.09917349017798793,0.13499404144081806,-0.22382654826432938,-0.09687463960327529,-0.4811517318263945,0.0686656671664168,0.23788874793372544,-0.05935493791565755,-0.13347172567562374,-0.1919348018298543,0.272809748971668,0.18939760888786375,-0.12833583208395802,-0.015107830700034599,0.029754353592434554,0.11385845538769077,0.28864798370045747,-0.048760235266981894,-0.3692615230846115,-0.00017683465959328028,-0.16333371775650637,0.10050359435666782,0.08770999115826703,0.13945335024795294,-0.09037788797908738,-0.17136816207280975,-0.32540652750547805,-0.014554261330873026,-0.19885441894437397,-0.23594356667819935,-0.17716526352208511,0.13472494521969786,0.055956637066082345,-0.1218083266059278,-0.4476684734555799,-0.3446507515473033,-0.1714834890247184,-0.14028370430169532,0.07725368085188175,-0.04027217160650444,0.2142928535732134,-0.27600046130780764,0.30070349440664285,0.2209971937108369,0.1428670280244493,0.11477338253949948,-0.22246569023180718,-0.1551224387806097,-0.10330219505631799,-0.01756045054395879,0.44027217160650445,-0.2887940645062084,0.1419213470187983,0.009941183254526583,0.035982008995502246,0.0006150770768461923
#11,0.2205897051474263,1.0,0.526790450928382,0.48348133625494943,0.509306885019029,0.3174105255064775,0.534740322146619,0.11298965901664552,0.10330219505631799,0.4906085418829047,0.5962710952216199,0.4314611924806827,0.30767693076538655,0.33189559066620533,0.049229231538077116,0.2545727136431784,0.38850574712643676,0.5301041786798908,-0.07038019451812555,-0.1316495598354669,0.03801176334909468,-0.14309768192826663,0.06671279744743012,0.2260946449851997,0.03779648637219852,0.11427363241456195,-0.25411909429900437,-0.434913312574482,-0.2647599277284435,0.004659208857109906,0.1576673201860608,0.42828585707146427,0.21610733094990967,0.1364087187175643,0.17723445969323032,0.32306154615000193,0.04861415446123092,0.22987736900780378,0.04534655749048553,0.07537000730404028,-0.05149732825894745,0.07272517587360167,-0.3066697420520509,0.2961673009649022,0.023080767308653365,0.3552223888055972,-0.3859301118671434,-0.30620843424441624,-0.3329335332333833,-0.37449736670126477,-0.17355168569561374,-0.16666282243493638,-0.22225810171837157,-0.2831276669357629,-0.05983931111367393,-0.0973820781916734,-0.35064775304655366,-0.42757851843309114,-0.1936723945719448,-0.008787913735439972,-0.3065851689539845,-0.1797485872448391,-0.040779610194902546,0.1674086033906124,-0.37694229808172836,-0.23306039288048283,0.29652097028408875,-0.048352746703571294,0.20121477722677122,0.3009418367739207,0.2348748702571791,0.26936531734132935,0.1543382155076308,-0.005989313035789798,-0.1324952908161304,-0.24852958136316458,-0.2571175950486295,-0.21961327028793295,0.12764387037250605,0.24398569945796333,-0.07826855802867796,0.04706108484219429,-0.2868027524699189,0.11680313689309192,0.436204974435859,0.17179102756314152,0.36973820781916733,0.16212662899319571,0.11704147926036981,-0.02830123399838542,0.35199323415215467,0.297497405143582,0.41499250374812596,0.17934878714488908,0.4184138699880829,0.20269096221120209,0.40092261561526926,0.102556414100642,0.22790912236189598,-0.42607926805827856,-0.2834659593280283,0.10058816745473417,0.47153346403721214,0.08436550955291584,0.1756045054395879,0.03395994310537039,-0.12162380348287395,-0.2625072079344943,-0.4863798869795871,-0.26775842847806863,-0.2692346134624995
#12,0.06928843270672357,0.526790450928382,1.0,0.6944220197593511,0.5616191904047976,0.5889670549340714,0.35561450044208665,-0.15960481297812631,-0.22419559451043708,0.5733594741090993,0.516018913620113,0.38224733786952675,0.4624380117633491,0.04177911044477761,-0.2329758197824165,0.15735209318417714,0.7256371814092953,0.8671817937185253,-0.27793026563641254,-0.4307846076961519,-0.19414139084304002,-0.20127628493445585,0.38070195671395074,0.5959558682197363,0.35238534578864417,0.5239610963748895,-0.026832737477415138,-0.35689847384000306,-0.20253719294199055,-0.050205666397570445,0.16790835351554992,0.47303271441202477,0.6193518625302733,0.24779917733440973,-0.13890746934225195,0.13636258793680084,0.02401875985084381,0.3208703340637374,0.1695152423788106,0.0932303079229616,-0.3046246107715373,-0.09495252373813093,-0.38270095721370084,0.09383000807288663,0.2191596509437589,0.5185022873178795,-0.2154845654096029,-0.2905470341752201,-0.10402491062161227,-0.06758159381847538,-0.06304540037673471,0.1318417714219813,-0.10611617268288932,-0.09439126590550878,-0.1455887440894937,-0.27293276438703723,-0.3635489947334025,-0.4159228078268558,0.06487525468035213,0.2148310460154538,0.17480490523968784,0.08254334371275901,-0.24270941452350747,0.1625725598739092,-0.3426056202667897,-0.3120055356936916,0.03299888517279822,-0.1285434205973936,0.06674355130127244,0.08584938300080729,0.24602314227501634,0.3172721331641871,-0.12679045092838195,-0.0710798446930381,-0.4264406258409257,-0.4426325298889017,-0.04496213431745666,-0.1808480375197017,0.06094644985199708,0.22946219198093262,-0.1343635874370507,-0.02505670241802176,-0.23410602391112137,0.11887902202744781,0.37576596317226,0.26592857417445126,0.5835389997309037,0.15962018990504748,0.06275323876523277,-0.001714527351708761,0.2792296159612501,0.44700726559797027,0.6062122784761466,0.45957021489255373,0.44326298389266905,0.5181101756813901,0.5170876100411332,0.4221889055472264,0.6294929458347749,-0.290093414831046,-0.04666897320570484,0.4453234921001038,0.6343289893514781,0.31224387806096954,0.38056356437166033,0.17678852881251683,-0.005143582055126283,-0.02122784761465421,-0.09102371890977588,-0.08637988697958712,-0.4362818590704648
#13,0.16148848652596778,0.48348133625494943,0.6944220197593511,1.0,0.5545688694114481,0.4440010763848845,0.2043593587821474,-0.02484142544112559,-0.14751854841809864,0.5127128743320647,0.5610579325721754,0.3923884211740284,0.36888478837504324,0.16926921154807212,-0.15938184753776957,0.0760158382347288,0.45809402990812287,0.5750124937531235,-0.3664706108484219,-0.30281782185830164,-0.18950524737631183,-0.1978241648406566,0.23204551570368662,0.5223926498289317,0.22336524045669473,0.4119094299004344,0.08481144043362934,-0.15054780302156615,-0.30630069580594316,-0.10668511897897205,0.02241187098758313,0.33804636143466726,0.3691308192057817,0.282889324568485,-0.01842155845154346,0.18702187367854534,0.06717410525506477,0.3618882866259178,0.1147656940760389,0.1483104601545381,-0.303848075962019,-0.0011378925921654557,-0.18321608426555952,0.2907008034444316,0.22560258332372277,0.4182754776457925,-0.03971091377388229,-0.09754353592434552,-0.2311305885518779,-0.19259600968746396,-0.15823626648214353,-0.12008611079075847,-0.24492369200015376,-0.2189828162841656,-0.245046707415523,-0.21024872179294968,-0.2927074924076423,-0.29458347749202324,-0.18766770460923385,0.06609772037058394,-0.04563103063852689,-0.13336408718717566,-0.04792219274977896,-0.029854303617422057,-0.3585745588744089,-0.21232460692730556,0.11145965478799062,-0.12488371199015877,-0.10855341559989236,-0.028224349363779648,0.05551839464882943,0.22358820589705147,-0.11508860954138316,-0.19659401068696422,-0.2656902318071733,-0.35199323415215467,-0.18802137392842042,-0.33490177987929115,0.30859185791719523,0.3621343174566563,-0.12393034252104716,0.12509130050359435,-0.44562334217506633,0.007957559681697613,0.551731826394495,0.23795025564141006,0.5208472686733556,0.06762772459923884,0.09675931265136663,0.17813400991811787,0.36513281820628146,0.5450659285741745,0.5530542421097143,0.43815784415484565,0.431638027140276,0.22716334140621997,0.36022757851843307,0.2398723715065544,0.5175489178487679,-0.2819359550993734,-0.02401107138738323,0.3093530157997924,0.4879483335255449,0.32499135047860683,0.41671471956329525,0.09879675546841964,0.11960942605620267,-0.1861838311613424,-0.2109945027486257,-0.23894975589128511,-0.4185522623303733
#17,-0.12181601506938838,0.509306885019029,0.5616191904047976,0.5545688694114481,1.0,0.5532848960135317,0.19437204474685735,-0.2505900895705993,-0.2493061161726829,0.26120016914619615,0.552969669011648,0.6068119786260716,0.4093953023488256,0.25071310498596855,-0.16670895321569984,0.2897243685849383,0.22614846422942375,0.4522584861415446,-0.3214085265059778,-0.4192903548225887,-0.3909276131165187,-0.1827086456771614,0.015569138507669241,0.4900011532695191,-0.025756352592934302,0.44362434167531617,-0.3815861300119171,-0.38351593434052206,-0.33907661553838464,-0.0991811786414485,0.02843193787721524,0.38477684234805676,0.3891438895936647,0.3960481297812632,-0.03149963479798562,0.36990735401530006,0.31487333256448696,0.6011763349094683,-0.005351170568561873,0.4543651251297428,-0.20653519394149078,0.11308192057817246,-0.09745896282627917,0.3521008726406028,0.3076923076923077,0.6386191519624803,-0.40139930034982507,-0.2649675162418791,-0.4169453734671126,-0.41062545650251797,-0.3364856033521701,-0.21923653557836467,-0.5688617229846615,-0.36598623765040555,-0.4453542459539461,-0.2064736862338062,-0.48992426863491334,-0.24739168877099912,-0.16419482566409102,0.254780302156614,-0.14496597854918694,-0.29719755506861956,0.022865490331757197,0.0446392188521124,-0.35696767001114826,-0.4982354976357975,0.0851651097528159,-0.05646407565448045,-0.07963710452466075,-0.11661092530657748,-0.045300426709722064,-0.04125629492945835,0.30733863837312114,0.00781916733940722,-0.037481259370314844,-0.22258870564717642,-0.11188252027832238,-0.2969592127013416,0.17725752508361203,0.4210048821742975,-0.1674316687809941,0.27667704609233845,-0.370545496482528,0.007565448045208165,0.7490024218659901,0.5113289509091608,0.4756237265982393,0.15751355091684927,0.18568408103640488,0.17572752085495713,0.5971629569830469,0.5324876023526698,0.6991658017145274,0.2991811786414485,0.45968554184446236,0.07527774574251336,0.5283665859378003,0.0023680467458578403,0.35326951908661053,-0.5241071771806405,-0.19291123668934762,0.1819628647214854,0.7789336101180179,0.35699073540153,0.48821742974666515,-0.09961173259524084,0.18974358974358974,-0.2258639910813824,-0.29703609733594744,-0.20894168300465152,-0.4052512205435744
#18,-0.10797678084034906,0.3174105255064775,0.5889670549340714,0.4440010763848845,0.5532848960135317,1.0,0.09818936685503402,-0.23938030984507747,-0.35244685349632876,0.41880598162457233,0.4189520624303233,0.5367085687925268,0.6052281551531926,0.022727097989466805,-0.3604966747395533,0.01276284934455849,0.43507477030715414,0.5971860223734287,-0.2525275823626648,-0.45511859454887943,-0.36533271825625646,-0.3962249644408565,0.04694575789028563,0.4548571867912198,0.0005689462960827279,0.2804367047245608,-0.11280513589359166,-0.19978472302310382,-0.0730865336562488,-0.024387806096951525,0.293914581170953,0.422196594010687,0.4796986122323454,0.4047822242724791,-0.2167454734171376,0.07984469303809634,0.06874255180102257,0.2625840925691001,-0.03973397916426402,0.09170030369430669,-0.3537538922846269,-0.12026294545035175,-0.029008572636758545,-0.030200284473148042,0.43788105947026484,0.4823357551993234,-0.08367354784146389,-0.10025756352592935,-0.013539384154076808,-0.08132856648598777,-0.03964940606619767,0.019021258601468496,-0.10706954215200093,-0.3771114442778611,-0.3471495021719909,-0.43750432476069656,-0.4230653903817322,-0.3371852535270826,0.03096913081920578,0.18549955791335102,0.08558797524314765,-0.16068119786260715,-0.17361319340329834,-0.002667896820820359,-0.09192326913466344,-0.2405258909007035,0.07550839964633069,-0.1276669357628878,-0.19868527274824127,-0.14548110560104563,-0.05038250105716373,0.05961634567331719,-0.13898435397685774,-0.02591012186214585,-0.394341290893015,-0.4301541536923846,-0.2036058893630108,-0.08375812093953024,0.0850651597278284,0.11280513589359166,0.03256833121900588,0.2723023103832699,-0.26212278476146544,0.17620420558951294,0.4992734402029754,0.31240533579364166,0.4832276169607504,0.15548379656325684,-0.025033637027640027,0.21117133740821897,0.4520970284088725,0.4784992119324953,0.5498481528466536,0.38859800868796374,0.4278399261907508,0.21458501518471534,0.4304463153038865,0.3932649060085342,0.5219774728020605,-0.2877561219390305,-0.15823626648214353,0.5331641871372006,0.6377580440548957,0.29091608042132777,0.26382962364971363,0.13840003075385385,0.0326298389266905,-0.23392918925152809,-0.22710952216199592,-0.09752047053396379,-0.2812901241686849
#26,0.07864529273824626,0.534740322146619,0.35561450044208665,0.2043593587821474,0.19437204474685735,0.09818936685503402,1.0,0.07746895782877791,0.04179448737169877,0.44836812363049244,0.3145657940260639,0.06754315150117249,0.07158728328143621,0.06484450082650982,0.06456002767846845,0.29500634298235495,0.3366778149386845,0.37462807058009456,-0.04453158036366432,-0.022611771037558143,0.12852035520701188,-0.06753546303771191,0.26745857840310616,0.09164648445008265,0.14864875254680351,0.0748241263983393,-0.22785530311767194,-0.2855495329258448,-0.15456118094798754,-0.23710452466074655,0.24506977280590475,0.23432130088801753,0.08588782531811018,-0.03962634067581594,-0.033852304616922305,-0.03328335832083958,-0.07768423480567409,-0.001314727251758736,0.1330719255756737,0.011632645215853612,0.16415638334678814,-0.21815246223042326,-0.31064467766116943,0.14759543305270442,-0.10022680967208704,0.2627455503017722,-0.30662361127128746,-0.1412678276246492,-0.028455003267596972,0.03455195479183485,0.07186406796601699,0.050643908814823356,0.13030407872986582,0.039903125360396724,0.2246030830738477,-0.07003421366239956,-0.1865990081882136,-0.364486987275593,-0.260239111213624,0.05616422557951793,-0.02297312882020528,-0.0058816745473417135,-0.238788298158613,0.19958482297312882,-0.38153999923115367,-0.20759620189905048,0.010786914235190096,0.3511013723907277,0.2226579018183216,0.09389920424403184,0.2788990120324453,0.27222542574866415,0.11589589820474379,-0.08607234844116403,-0.32466074654980204,-0.31817937185253525,-0.19793180332910468,-0.10131088302002844,-0.07362472609848922,-0.05687156421789105,-0.00950294083727367,-0.11320493599354169,-0.04907546226886557,0.06702033598585323,0.20813439434129088,0.0002767846845807865,0.07936800830354054,0.1679160419790105,0.21239380309845077,-0.1296736247260985,0.036420251412755164,-0.05212009379925422,0.11555760581247837,-0.04669972705954715,0.16773151885595664,0.27317110675431516,0.3421981317033791,0.021927497789566756,-0.03248375812093953,-0.13678545342713258,-0.22737092991965555,0.1289509091608042,0.2123861146349902,-0.05918579171952485,0.11082151232076269,0.07388613385614885,-0.14356667819936186,-0.10275631415061699,-0.056771614192903545,-0.003275285434205974,-0.080705800945681
#49,0.7801791411986314,0.11298965901664552,-0.15960481297812631,-0.02484142544112559,-0.2505900895705993,-0.23938030984507747,0.07746895782877791,1.0,0.5143505170491677,0.2748164379348787,0.19488717179871604,-0.09210010379425672,-0.03706608234344366,0.2187444739168877,0.19124284011840234,-0.37146811209779723,0.03934186752777458,-0.05335793641640718,0.1901664552339215,0.10859185791719525,0.3403529004728405,-0.0326298389266905,0.17753430976819282,-0.28549571368162074,0.24516203436743167,-0.12549878906700496,0.1781878291623419,-0.02449544458539961,0.2325606427555453,0.34357436666282243,-0.2488909391458117,0.16083496713181872,-0.07400146080805751,-0.21664552339215007,-0.058655287740745014,0.12495290816130396,-0.48430400184523126,-0.26007765348095185,0.0878868258178603,-0.1696920770384039,-0.11799484872948142,0.040918002537192945,-0.3414754161380848,-0.2962211202091262,-0.40746549802022064,-0.3882674047591589,0.15683696613231846,-0.08942451850997578,0.07688463460577404,0.1606273786183831,0.06239956944604621,0.02158151693384077,0.12989659016645524,0.08347364779148887,0.3375696767001115,0.11870218736785454,0.08223580517433592,-0.09796640141467727,-0.10277937954099874,-0.28609541383154574,0.03154576557874909,0.24393956867719988,0.014884865259677853,-0.03768115942028986,-0.0004920616614769538,0.20403644331680312,0.10201822165840156,-0.05027486256871564,0.03907277130665437,0.09432206973436359,0.09233844616153462,0.22917771883289126,0.05457271364317841,-0.26400645830930686,0.08035982008995503,-0.021004882174297468,0.11817168338907469,0.23530542421097145,-0.0609387613885365,-0.16851574212893553,-0.03570522431092146,-0.33285664859877756,0.2007150271018337,-0.07904509283819629,-0.3162649444508515,-0.11370468611847923,0.016399492561411603,0.030330988351977856,-0.09479875446891939,-0.42601007188713336,-0.4653442509514474,-0.2534040671971706,-0.23469034713412523,-0.08576480990274093,-0.17184484680736556,7.688463460577404e-06,-0.46000076884634605,0.10811517318263945,0.051159035866682044,0.1630876869257679,0.003844231730288702,-0.29638257794179834,-0.24493138046361435,-0.03683542843962634,-0.11678007150271018,0.501664552339215,-0.2913773882289624,0.13413293353323338,0.006020066889632107,0.007734594241340868,0.05891669549840464
#50,0.4662822434936378,0.10330219505631799,-0.22419559451043708,-0.14751854841809864,-0.2493061161726829,-0.35244685349632876,0.04179448737169877,0.5143505170491677,1.0,0.05342713258755238,0.10328681812939684,-0.23595125514165993,-0.14368200515127053,0.17859531772575252,0.26732018606081576,-0.18969745896282628,-0.21943643562833967,-0.26176142697881827,0.09430669280744243,0.1374620382116634,0.3836389497558913,0.16204205589512935,-0.06542882404951371,-0.13945335024795294,0.08933994541190943,-0.19544842963133818,0.20446699727059547,0.22940837273670858,-0.0287856071964018,0.08102871641102526,-0.29355322338830586,0.05235074770307154,-0.1291277438203975,-0.05624879867758428,-0.05631799484872948,0.05237381309345327,-0.10956829277668857,-0.07739976165763272,0.10221812170837657,0.07807634644216353,0.07938338523046169,0.03331411217468189,-0.11917118363894975,-0.07666935762887787,-0.20616614769538308,-0.1906431399684773,0.21865221235536078,0.1898281628416561,-0.08462691731057548,-0.05116672433014262,-0.12232345365778649,-0.2275554530427094,-0.037019951562680196,0.07365547995233153,0.2408026755852843,0.004390112635989697,0.0023757352093184175,-0.17177565063622036,-0.1149348402721716,-0.25939338023296044,-0.29208472686733555,-0.02025141275516088,-0.05986237650405567,0.004013377926421404,0.045138968977049936,0.2607081074847192,0.002775535309268443,0.06008534194441241,-0.05521085611040633,0.03359089685926268,-0.07660016145773267,0.07290201053319494,-0.08182062814746473,-0.18189366855034023,0.10030369430669281,0.0014915619113520164,-0.19303425210471686,-0.13292584476992272,-0.09436051205166647,-0.2659823934186753,-0.1685311190558567,-0.2557721139430285,0.029769730519355705,-0.3193557067620036,-0.242063583592819,-0.02686349133125745,-0.14927151808711028,-0.2116018913620113,0.027101833698535346,-0.2519586360665821,-0.26177680390573943,-0.22394187521623804,-0.1265674854880252,-0.16024295544535425,-0.29832007073386385,0.005727905278130166,-0.2173836158843655,-0.10652366124629993,-0.08099796255718295,0.12123938030984507,0.016361050244108714,-0.3154884096413332,-0.15705224310921462,-0.07307884519278822,0.048129781263214544,0.11741821396993811,0.14510437089147735,-0.11089839695536848,0.009925806327605428,-0.09815092453773114,0.059170414792603696
#51,0.3663091531157498,0.4906085418829047,0.5733594741090993,0.5127128743320647,0.26120016914619615,0.41880598162457233,0.44836812363049244,0.2748164379348787,0.05342713258755238,1.0,0.6100334448160535,0.36351055241609964,0.4768154384346288,0.21651481951332027,-0.03272210048821743,-0.10542421097143735,0.6619613270287933,0.652888940145312,-0.04597701149425287,-0.12833583208395802,-0.08427324799138892,-0.23628954753392534,0.2233037327490101,0.29312266943451354,0.12173913043478261,0.11817937185253527,0.07161803713527852,-0.26653596278783687,-0.09250759235766733,0.16031984007996003,0.1835697535847461,0.48963210702341137,0.3605043632030139,-0.013362549494483527,-0.1259600968746396,0.20618921308576482,-0.17829546765079,0.08730250259485642,-0.03961865221235536,-0.0613462499519471,-0.1761811401991312,0.01199400299850075,-0.28688732556798524,0.00814208280475147,0.04520047668473456,0.19692461461576904,-0.051889439895436894,-0.2563256833121901,-0.005997001499250375,0.06519817014569639,0.08049821243224542,0.015953561680698114,0.07487794564256334,-0.20889555222388806,-0.07008803290662362,-0.21050244108714875,-0.25727905278130164,-0.30825356552492983,0.033913812324606926,0.08074424326298389,0.02155845154345904,0.1102756314150617,-0.0401491561911352,0.044785299657863376,-0.2316072732864337,0.01824472379195018,0.23872679045092837,-0.07733056548648752,0.000361357782647138,0.1117056856187291,0.2114327451658786,0.3827778418483066,-0.29560604313228,-0.2694498904393957,-0.5170261023334487,-0.39178103256064273,-0.1888363510552416,-0.0809825856302618,0.10590089570599316,0.04536962288086726,-0.02655595279283435,-0.006120016914619613,-0.20444393188021373,0.14444316303386767,0.23338330834582707,-0.058270864567716144,0.4643985699457963,0.3225156652443009,0.1229000884173298,-0.03121516164994426,0.11980932610617769,0.3586437550455541,0.3947564679198862,0.26938838273171106,0.24992119324952908,0.24399338792142392,0.19953100372890478,0.4701341636873871,0.34142159689386076,-0.04123322953907661,0.00559720139930035,0.3935724445469573,0.3160573559374159,0.22804751470418635,0.199254219044324,0.3696151924037981,-0.23564371660323685,-0.02226579018183216,-0.0941836773920732,-0.1629185407296352,-0.29977319032791294
#52,0.40364433168031366,0.5962710952216199,0.516018913620113,0.5610579325721754,0.552969669011648,0.4189520624303233,0.3145657940260639,0.19488717179871604,0.10328681812939684,0.6100334448160535,1.0,0.4462153538615308,0.3259600968746396,0.4165071310498597,-0.0120785760965671,-0.01974397416676277,0.46785837850305617,0.45480336754699574,-0.018882866259178104,-0.1185791719524853,-0.17046092338446162,-0.1957867220236036,0.23500557413600892,0.4163226079268058,0.083835005574136,0.1870680044593088,-0.07966016991504248,-0.29338407719217313,-0.19455656786991118,0.08717948717948718,0.11666474455080152,0.44176373351785647,0.27174874101410834,-0.005812478376196517,0.20835735978164763,0.46439088148233576,0.24002614077576595,0.3031945565678699,0.019052012455310807,0.10553184945988545,0.0062353438665282744,0.22380348287394763,-0.1117364394725714,0.18935916657056087,0.018767539307269442,0.2851958636066582,-0.18257794179833162,-0.26983431361242455,-0.3374927920655057,-0.25775573751585745,-0.17977165263522085,-0.11232845115903586,-0.2731326644370123,-0.1111598047130281,-0.10479375696767002,-0.056687041094837194,-0.350678506900396,-0.37357475108599547,-0.16790835351554992,-0.0789067004959059,-0.14356667819936186,0.006619767039557144,0.13016568638757545,0.00719640179910045,-0.2771076000461308,0.04836812363049245,0.3678468458078653,-0.12609848921693,0.09379156575558374,0.14801829854303616,0.15290047284050282,0.2882712489908892,-0.03605120516664745,-0.13637027640026142,-0.20675047091838697,-0.32117018413869985,-0.06674355130127244,-0.02946988044439319,0.32895859762426477,0.32070118786760465,-0.12206973436358744,0.14299773190327913,-0.2663129973474801,0.0737323645869373,0.4789067004959059,0.008326605927805328,0.4133548610310229,0.25532618306231497,0.21549225387306348,0.07001883673547842,0.3918271633414062,0.3833390996809288,0.5075000961057933,0.22929304578479992,0.325552608311229,0.10811517318263945,0.24054895629108522,0.28459616345673316,0.24817591204397801,-0.30553953792334604,-0.0606004689962711,0.17073001960558182,0.4671049090839196,0.11740283704301695,0.1752969669011648,0.06700495905893207,-0.24727636181909046,0.036089647483950334,-0.30558566870410947,-0.2706723561296275,-0.2634144466228424
#53,-0.06884250182601007,0.4314611924806827,0.38224733786952675,0.3923884211740284,0.6068119786260716,0.5367085687925268,0.06754315150117249,-0.09210010379425672,-0.23595125514165993,0.36351055241609964,0.4462153538615308,1.0,0.5866297620420559,0.42560258332372275,-0.26470610848421944,0.09895821320109176,0.35486871948641063,0.45162803213777725,-0.22016683965709452,-0.19951562680198362,-0.5395917425902433,-0.344327836081959,-0.10426325298889016,0.40073040402875487,-0.19978472302310382,0.11377388228962441,-0.2591704147926037,-0.31266674355130125,-0.12045515703686618,0.1852381501556914,0.3392073194172145,0.3493330257947949,0.28432706723561296,0.2605082074347442,0.09449890439395686,0.2789989620574328,0.11911736439472571,0.21972859723984162,-0.37712682120478225,0.017491254372813594,-0.30232576019682467,0.1823472878945143,0.13020412870487832,0.35062468765617194,0.1715911275131665,0.3826778918233191,-0.16003536693191867,-0.17190635451505018,-0.23431361242455695,-0.2198362357282897,-0.11281282435705224,-0.10249490639295737,-0.20668127474724177,-0.40661976703955716,-0.540545112059355,-0.22407257909506786,-0.44898320070733866,-0.05168953984546189,-0.1485564909852766,0.005835543766578249,-0.08518817514319763,-0.03580517433590897,0.23947257140660438,-0.11164417791104447,-0.2728405028255103,-0.2761696075039403,0.47331718756006613,-0.10962211202091263,-0.09332256948448853,-0.01572290777688079,-0.010725406527505478,0.02283473647791489,-0.07596201899050475,0.05243532080113789,-0.15879752431476568,-0.16983046938069427,-0.1416061200169146,-0.05152039364932918,0.2637066082343444,0.4062968515742129,0.2747779956175758,0.39191942490293313,-0.3200322915465344,0.40422865490331755,0.6126013916118863,0.14671894821819859,0.5465805558759081,0.34805674086033905,0.0409333794641141,0.3883366009303041,0.5319186560565871,0.6351439664782993,0.4060661976703956,0.3217083765809403,0.29831238227040324,-0.08183600507438589,0.3012263099219621,0.17881828316610926,0.1703225310421712,-0.35115519163495174,-0.2153154192134702,0.26567485488025216,0.38585322723253757,0.05049013954561181,0.03703532848960135,-0.04400876484834506,-0.03387537000730404,-0.048460385192019374,-0.2924383961865221,-0.15067850690039594,-0.17690385576442547
#54,0.02244262484142544,0.30767693076538655,0.4624380117633491,0.36888478837504324,0.4093953023488256,0.6052281551531926,0.07158728328143621,-0.03706608234344366,-0.14368200515127053,0.4768154384346288,0.3259600968746396,0.5866297620420559,1.0,0.038542267327874524,-0.0995579133510168,-0.023057701918271632,0.356644754545804,0.5034713412524507,-0.1539922346519048,-0.3514012224656902,-0.16785453427132588,-0.061407757659631725,-0.05265059777803406,0.423888055972014,0.06063891131357398,0.2607081074847192,-0.16356437166032367,-0.24603083073847692,-0.10114942528735632,0.06193826163841156,0.21170952985045938,0.22188905547226387,0.32443778110944527,0.1474339753200323,-0.26446007765348095,-0.0010456310306385269,-0.08259716295698305,0.14461230923000037,-0.1429746665128974,0.07260216045823242,-0.3866682043593588,-0.12188521124053357,-0.03875754430477069,0.016753161880598163,0.1330796140391343,0.38130165686387574,-0.09403759658632223,-0.18991273593972244,-0.15478414638834428,-0.04989043939568677,-0.16307230999884673,-0.1274977895667551,-0.17789566755083996,-0.29179256525583364,-0.3368469611348172,-0.3568600315227002,-0.24567716141929036,-0.20582785530311767,-0.10405566447545458,0.04479298812132396,-0.041948256640910314,-0.13786183831161342,0.027978318533041172,-0.25213547072617537,-0.28947064929073923,-0.282197362857033,0.12923538230884557,-0.27487794564256335,-0.20546649752047053,-0.07092607542382655,-0.07505478030215662,-0.0651904816822358,-0.16064275554530427,-0.17831084457771115,-0.2681428516510975,-0.2537346711259755,-0.18308538038672972,-0.27174874101410834,0.205912428401184,0.10154153692384577,0.24159458732172376,0.11967862222734786,-0.2845884749932726,0.06888863260677354,0.3917349017798793,0.2144927536231884,0.4267174105255065,0.10499365701764503,-0.1709068542651751,0.1700303694306693,0.23656633221850612,0.39855456886941143,0.37242148156690885,0.2234036827739976,0.2392649828931688,0.25980086879637104,0.28045208165148194,0.31537308268942454,0.34497366701264753,-0.30510898396955366,-0.188228962441856,0.4183984930611617,0.3737823395994311,0.32828201283973396,0.19574059124284013,0.10239495636796986,0.07646176911544228,-0.22288086725867837,-0.07992926613616269,-0.12712874332064736,-0.20898781378541498
#58,0.1677084534655749,0.33189559066620533,0.04177911044477761,0.16926921154807212,0.25071310498596855,0.022727097989466805,0.06484450082650982,0.2187444739168877,0.17859531772575252,0.21651481951332027,0.4165071310498597,0.42560258332372275,0.038542267327874524,1.0,0.24297851074462767,0.02066658978203206,0.21739130434782608,0.08005228155153192,0.04757621189405297,-0.002114327451658786,-0.25737900280628917,-0.39664782993118824,0.09587513935340022,0.10088032906623612,-0.1439664782993119,-0.24056433321800638,-0.1405220466689732,-0.20405950870718487,0.04355514550417099,0.15127051858686041,0.2413408680275247,0.39199630953753895,0.14927920655057086,-0.043309114673432514,0.3354937915657556,0.4563179948487295,0.236950755391535,-0.02158920539730135,-0.3951024487756122,-0.17515088609541382,0.08018298543036174,0.2318148617998693,0.12296928458847499,0.2140468227424749,-0.037650405566447546,-0.07163341406219967,-0.11907892207742282,-0.15231614961749895,-0.15187790720024602,-0.20924153307961404,0.03911890208741783,0.12094721869834314,-0.08298158613001191,-0.18427709222311922,-0.10008072886633607,0.09066236112712875,-0.3106984969053935,-0.08358128627993695,-0.05215084765309653,-0.12063968015992003,-0.20077653480951832,-0.09576750086495214,0.23864221735286203,0.09649790489370699,-0.1469572905854765,0.007734594241340868,0.6509437588897858,0.09442970822281167,0.21907507784569255,0.26657440510513974,0.2605389612885865,0.3555222388805597,-0.007749971168262023,0.013585514934840273,0.1130972975050936,-0.01421596893860762,-0.14815669088532657,0.04022604082574097,0.171145196632453,0.23784261715296198,-0.04316303386768154,0.10991427363241456,0.03667397070695422,0.32769768961673007,0.19529466036212662,-0.18893630108022913,0.1726444470072656,0.3534694191365855,0.1797178333909968,0.12104716872333064,0.21413139584054128,0.3352477607350171,0.20764233267981394,-0.026179218083266058,-0.07585438050205666,-0.32623688155922037,-0.06943451351247454,0.0024064890631607275,-0.09164648445008265,-0.004536193441740668,0.07161803713527852,-0.009664398569945797,0.19581747587744588,-0.15749048552646752,-0.11433514012224658,0.11001422365740207,-0.16958443854995578,0.14250567024180216,-0.33800023065390383,-0.24722254257486642,-0.08705647176411795
#101,0.15496866951139815,0.049229231538077116,-0.2329758197824165,-0.15938184753776957,-0.16670895321569984,-0.3604966747395533,0.06456002767846845,0.19124284011840234,0.26732018606081576,-0.03272210048821743,-0.0120785760965671,-0.26470610848421944,-0.0995579133510168,0.24297851074462767,1.0,0.19146580555875908,-0.1689386076192673,-0.2505208933994541,0.5634951754891785,0.274993272594472,0.4564102564102564,0.2889939645561834,0.05398070195671395,-0.16402567946795832,0.09080075346941914,-0.13263368315842078,-0.19968477299811632,-0.2308614923307577,0.31277438203974933,0.2144927536231884,-0.13008111328950908,-0.1553300272940453,-0.35352323838080957,-0.35789028562641756,0.28438857494329756,0.25512628301233997,0.12154691884826817,-0.04449313804636144,-0.08004459308807135,-0.12077807250221044,0.4064967516241879,0.36688578787529313,-0.07433975320032292,-0.13204935993541692,-0.41539230384807596,-0.4084034905624111,-0.2804213277976396,-0.32877407450121093,-0.3885672548341214,-0.2928843270672356,-0.24137162188136702,-0.10747703071541152,-0.261584592319225,0.19278053281051782,0.356644754545804,0.37568139007419366,0.1173874601160958,-0.1535847460884942,-0.1376311844077961,-0.15979702456464076,-0.3353169569061623,-0.05176642448006766,0.2971052935070926,0.10178756775458425,0.00361357782647138,0.08336600930304079,0.33244916003536695,0.11577288278937455,0.4508591857917195,0.36447929881213237,0.399654019144274,0.19461038711413525,0.17967170261023335,-0.14274401260908007,0.3262061277053781,0.17330565486487526,-0.13517087610041134,-0.016191904047976012,0.15435359243455196,-0.0063968015992004,0.04347057240610464,-0.05850920693499404,0.24353208011378927,-0.05930111867143351,-0.23611271287433205,-0.2806212278476147,-0.3437050705416522,0.060892630607773036,0.18124014915619113,-0.23087686925767886,-0.201837542767078,-0.22130473224925998,-0.14990197209087763,-0.5289432206973437,-0.3355168569561373,-0.04945219697843386,-0.15725983162265023,-0.33621650713104984,-0.3762349594433552,0.005643332180063815,0.06335293891515781,-0.39175027870680046,-0.17670395571445047,-0.07378618383116134,-0.083835005574136,0.05671010648521893,-0.23097681928266636,0.10737708069042402,-0.1398839042017453,-0.3150886095413832,0.01397762657132972
#102,-0.37509706685118976,0.2545727136431784,0.15735209318417714,0.0760158382347288,0.2897243685849383,0.01276284934455849,0.29500634298235495,-0.37146811209779723,-0.18969745896282628,-0.10542421097143735,-0.01974397416676277,0.09895821320109176,-0.023057701918271632,0.02066658978203206,0.19146580555875908,1.0,-0.06282243493637797,0.05917810325606428,0.031837927190251025,0.1685926267635413,-0.3055549148502672,0.14980971052935071,0.08364279398762157,0.3159497174489678,-0.09014723407527006,0.3155883596663207,-0.47487025717910275,-0.4007842232729789,0.03545150501672241,-0.04818360050743859,0.09951178257025334,-0.06326836581709146,-0.0005381924422404183,0.14220582016683966,0.2696651674162919,0.09263060777303656,0.2790297159112751,0.253688540345212,-0.04979048937069926,0.14514281320878022,0.30936839272671357,0.1155499173490178,0.08051358935916657,0.3605274285933956,0.08035213162649445,0.21053319494099104,-0.47892207742282705,-0.30803828854803367,-0.3799023565140507,-0.43039249605966245,-0.29235382308845576,0.056018144773766966,-0.3603736593241841,-0.041433129589051626,-0.25379617883366007,0.08956291085226617,-0.4551109060854188,-0.15435359243455196,-0.11503479029715911,0.30297927959097376,-0.23122285011340485,-0.3233229539076616,0.12639065082843193,0.07723061546150002,-0.2703417522008227,-0.3926344520047668,0.15772882789374543,0.1740360588936301,0.2924537731134433,0.1773420981816784,0.20909545227386306,-0.053042709414523506,0.2806442932379964,0.08129781263214547,0.03482105101295506,-0.1385538000230654,-0.2738323146119248,-0.2809364548494983,0.07681543843462883,0.4252104716872333,-0.008957059931572675,0.24289393764656134,0.02979279590973744,0.10024218659900819,0.3143966478299312,0.12925075923576673,-0.23924191750278706,-0.06647445508015223,0.3028947064929074,0.20365970860723484,0.3381693768500365,-0.001637642717102987,0.04896013531695691,-0.0903701995156268,0.0082343443662784,-0.15666781993618575,0.5741975166263023,-0.3404144081805251,-0.2127628493445585,-0.49273824626148466,-0.40984892169299963,-0.16984584630761543,0.192449928881713,-0.06695113981470803,0.03754276707799946,-0.28572636758543807,-0.04010302541037174,-0.28702571791027565,-0.24993657017645024,-0.06202283473647791,-0.1245684849882751
#201,0.2782378041748357,0.38850574712643676,0.7256371814092953,0.45809402990812287,0.22614846422942375,0.43507477030715414,0.3366778149386845,0.03934186752777458,-0.21943643562833967,0.6619613270287933,0.46785837850305617,0.35486871948641063,0.356644754545804,0.21739130434782608,-0.1689386076192673,-0.06282243493637797,1.0,0.7417752662130473,-0.0716564794525814,-0.3301426209971937,-0.1525006727405528,-0.3911044477761119,0.48711029100834197,0.36683965709452965,0.30535501480029215,0.19660169915042477,0.13211086764310154,-0.3500711182870103,-0.020159151193633953,0.03138430784607696,0.3629108522661746,0.49113904586168455,0.5825394994810287,-0.10981432360742706,-0.0003844231730288702,0.050643908814823356,-0.05676392572944297,-0.022196594010686965,0.022042824741475415,-0.2771076000461308,-0.2692038596086572,-0.14056817744973668,-0.2217737285203552,-0.1469496021220159,0.0986737400530504,0.20429785107446277,-0.083835005574136,-0.2950217199092761,0.09768192826663591,0.14636527889901202,0.26936531734132935,0.3482105101295506,0.23101526159996924,-0.07473186483681236,0.05387306346826587,-0.28065198170145694,-0.17120670434013763,-0.3791181332410718,0.1481413139584054,-0.01628416560950294,0.2099027409372237,0.20185291969399916,-0.2695805943182255,0.12439933879214239,-0.2601084073347941,-0.06329143120747319,0.2666282243493638,-0.15320801137892592,0.19693230307922963,0.21186329911967094,0.46612078576096566,0.5724906777380541,-0.25803252220043826,-0.04879867758428478,-0.4408641832929689,-0.3772652135470726,-0.023765040556644756,0.07629262291930958,0.09293045784799908,0.07251758736016607,-0.008887863760427479,-0.13364856033521702,-0.1027870680044593,0.25982393418675276,0.134394341290893,-0.12219274977895668,0.39115826702033596,0.3306346826586707,-0.10234113712374582,-0.03711221312420713,0.1349786645138969,0.3026025448814055,0.29264598469995773,0.2889017029946565,0.22026678968208205,0.5139045861684542,0.2475300811132895,0.6004151770268712,0.4585476492522969,0.04939837773420982,0.10457847999077384,0.504194056817745,0.3485872448391189,0.0363741206319917,0.04555414600392112,0.40814977126821206,-0.3060008457309807,0.15266213047322494,-0.1159574059124284,-0.019013570138007918,-0.2531349709760504
