,#10,#11,#12,#13,#17,#18,#26,#49,#50,#51,#52,#53,#54,#58,#101,#102,#201,#202,#301,#302,#401,#402,#501,#502,#601,#602,#701,#702,#801,#802,#901,#902,#1001,#1002,#1101,#1102,#1201,#1202,#1301,#1302,#1401,#1402,#1501,#1502,#1601,#1602,#1701,#1702,#1801,#1802,#1901,#1902,#2001,#2002,#2101,#2102,#2201,#2202,#2301,#2302,#2401,#2402,#2501,#2502,#2601,#2602,#2701,#2702,#2801,#2802,#2901,#2902,#3001,#3002,#3101,#3102,#3201,#3202,#3301,#3302,#3401,#3402,#3455,#3501,#3502,#3601,#3602,#3701,#3702,#3801,#3802,#3901,#3902,#4001,#4002,#4101,#4102,#4201,#4202,#4301,#4302,#4401,#4402,#4501,#4502,#4601,#4602,#4701,#4702,#4801,#4802
#10,1.0,0.41309345327336333,0.6117633490946834,0.7165263522085111,0.0693114980971053,0.4320070733863837,-0.1382462614846423,0.2702033598585323,0.19827009572137008,0.3561065621035636,0.3525391150578557,-0.024395494560412102,0.024695344635374622,0.034921001037942566,-0.446538269326875,-0.21380079191173643,0.24965209702840888,0.4689193864606159,-0.20452081651481951,-0.09316880021527697,-0.3023103832699035,0.03324491600353669,0.08212047822242725,0.20019221158651443,-0.05152808211278976,0.11611886364510053,0.0035520701187867604,0.4651904816822358,0.07187944489293814,-0.04753008111328951,0.22589474493522468,-0.022419559451043708,0.16426402183523622,0.12546034674970208,-0.30477838004074886,-0.493368700265252,-0.223741975166263,-0.20135316956906163,-0.2203436743166878,0.1282051282051282,-0.14126013916118862,-0.08905547226386806,-0.3387306346826587,-0.34846422942374966,-0.04376273401760658,0.23101526159996924,0.06509822012070887,0.3054165225079768,-0.037727290201053316,0.23607427055702918,0.26994195210087263,0.28225887056471766,0.0688348133625495,0.0324606927305578,-0.24948295083227617,-0.08045977011494253,-0.18293929958097874,0.10658516895398455,-0.1102756314150617,0.08100565102064353,0.005274285933956099,-0.019805481874447393,0.009218467689232308,-0.04633068081343943,0.4619920808826356,0.2664821435436128,-0.004728405028255103,-0.20086110790758466,-0.2248106715872833,-0.18207050320993348,0.2740091492715181,0.22188905547226387,0.020089955022488757,0.03357551993234152,-0.2321224003382924,-0.02930842271172106,-0.012278476146542113,0.027886056971514243,-0.155499173490178,-0.05611040633529389,-0.09817398992811287,-0.13543997232153154,-0.1244300926459847,-0.007342482604851421,0.05600276784684581,-0.00778841348556491,-0.0018298543036174221,0.12077807250221044,-0.07473955330027295,-0.008918617614269788,-0.09775881290124169,0.05630261792180832,0.02191980932610618,0.0018144773766962672,0.06167685388075193,0.31026025448814054,0.12584476992273094,0.5320416714719564,0.6332833583208396,0.4720716564794526,0.45987006496751626,0.25404220966439856,0.460292930457848,0.21754507361703765,0.33840003075385383,0.3457040710414024,0.3024872179294968,-0.0014531195940491292,0.023234536577864912,-0.055333871525775576,0.008980125321954408
#11,0.41309345327336333,1.0,0.424487756121939,0.30889939645561837,-0.29263060777303657,-0.17483565909353016,0.34254411255910505,0.03804251720293699,0.14166762772459923,0.4921769884288625,0.3090839195786722,-0.20441317802637143,0.008711029100834199,0.16986891169799714,-0.1434129089301503,0.18137085303502096,0.1159574059124284,0.2933610118017914,-0.24741475416138084,-0.018106331449659785,-0.24030292546034676,0.022258101718371583,-0.10686195363856534,-0.02602544881405451,-0.24101026409871987,-0.13017337485103603,0.06079268058278553,0.28056740860339063,-0.07633106523661247,-0.23053088840195288,0.23588205897051473,-0.155353092684427,0.06484450082650982,0.2339522546419098,-0.33129589051628033,-0.22033598585322722,-0.24890631607273286,-0.28295083227616963,-0.2705032099334948,0.06839657094529658,-0.06579787029562142,-0.09479875446891939,-0.11677238303924961,-0.11315880521277823,-0.055925883212240034,0.35741360089186175,-0.15689847384000308,0.029408372736708568,-0.048222042824741476,0.15805943182255025,0.30911467343251453,0.4070349440664283,0.19817783415984316,0.20645062084342444,-0.11518855956637065,-0.09632107023411371,0.012424556952293084,0.016099642486449083,0.2100411332795141,0.22053588590320225,-0.04378579940798832,-0.04261715296198055,-0.3400607388613386,-0.02704032599085073,0.4236420251412755,0.23982624072579095,-0.0458309306885019,0.07337100680429016,-0.07430899934648061,-0.1149732825894745,0.1957482797063007,0.05112828201283973,-0.10798446930380963,-0.13689309191558066,-0.523607427055703,-0.32351516549417597,-0.2136854649598278,0.011455810556260331,-0.14697266751239765,-0.22148156690885326,0.06046976511744128,-0.3592972744397032,-0.00278322377272902,-0.2178910544727636,-0.2196363356783147,-0.0125552608311229,0.047237919501787566,-0.028923999538692194,-0.09532925844769922,-0.27188713335639875,-0.23957252143159188,0.16214200592011688,0.16316457156037367,0.06290700803444432,0.10304847576211894,0.42418790604697654,-0.1354630377119133,0.22678660669665168,0.3208011378925922,0.1188175143197632,0.29396071195171647,0.12731326644370122,0.32947372467612346,-0.021889055472263868,0.2697804943682005,0.11424287856071964,0.15167031868681044,-0.14901011032945066,-0.11349709760504363,0.05674086033906124,0.11990927613116519
#12,0.6117633490946834,0.424487756121939,1.0,0.7127590051128282,-0.35347710760004614,0.2353515549917349,-0.09964248644908315,-0.029715911275131665,-0.018706031599584824,0.5247145657940261,0.4895936647061085,-0.40722715565294276,-0.13231845615653712,-0.2059585591819475,-0.2192903548225887,0.11535770576250336,0.47106446776611693,0.7928881712989659,-0.008933994541190943,-0.17086841194787222,-0.2768000615077077,0.04234036827739976,0.308468842501826,0.43071541152500675,0.10839964633068082,0.13756198823665092,0.2516741629185407,0.6274555030177219,0.15834390497059161,-0.025948564179448737,0.2397109137738823,-0.3420443624341675,0.2694729558297774,0.2712413024257102,-0.5187867604659209,-0.5122746319148118,-0.3478183984930612,-0.20244493138046363,-0.1388228962441856,0.42952369968861726,-0.1872063968015992,-0.11304347826086956,-0.4009533694691116,-0.3598815976627071,-0.010164148694883328,0.220958751393534,-0.02484142544112559,0.3260216045823242,0.044016453311805634,0.44105639487948334,0.5045784799907739,0.5942105870141852,0.4939068927074924,0.2999654019144274,-0.2495675239303425,-0.12763618190904547,-0.06932687502402644,0.06650520893399454,0.00402875485334256,0.23077691923269134,-0.0903010033444816,-0.06722023603582825,-0.48888632606773536,-0.13294891016030447,0.5054472763618191,0.37179102756314153,-0.3828470380194518,-0.29366086187675394,-0.14744166378349288,-0.16990735401530005,0.5155037865682544,0.2825817860300619,-0.1210932995040941,-0.10206435243916503,-0.5033098835197786,-0.1574981739899281,-0.33719294199054317,0.006873486333756199,-0.37653480951831775,0.09503709683619728,-0.2924153307961404,-0.4510590858416945,-0.10710029600584323,-0.4625687156421789,-0.39842386499058163,-0.24693806942682506,-0.02075885134355899,0.053504017222158154,-0.014508130550109561,-0.3945642563333718,-0.33163418290854574,-0.059770114942528735,-0.06041594587321724,0.0925152808211279,0.07632337677315189,0.6465613347172567,0.3492100103794257,0.6049359935416907,0.6740014608080576,0.5475185484180987,0.657163725829393,0.4750547803021566,0.4293237996386422,0.21496174989428363,0.23441356244954445,0.3599046630530888,0.46978818283166107,-0.2331065236612463,-0.09098527659247299,0.004920616614769538,0.10243339868527275
#13,0.7165263522085111,0.30889939645561837,0.7127590051128282,1.0,-0.15510706185368853,0.3710144927536232,-0.12271556529427594,-0.055987390919924655,0.1074539653250298,0.47197170645446507,0.404966747395533,-0.17077615038634528,0.019551762580248336,-0.12927382462614848,-0.44717641179410295,-0.1171798716026602,0.4050666974205205,0.5148963979548687,0.017022258101718372,0.08187444739168877,-0.247230231038327,0.14306692807442434,0.3045554146003921,0.2636835428439626,0.03798869795871295,0.1959558682197363,0.1554299773190328,0.6006304540037674,0.21685311190558568,0.15173182639449506,0.14438165532618305,-0.126644370122631,0.1911198247030331,0.1332026294545035,-0.2784607696151924,-0.4615615269288433,-0.17139891592665205,-0.07179487179487179,-0.023549763579748587,0.3221927497789567,-0.06727405528005229,0.09797408987813785,-0.2760465920885711,-0.09910429400684273,0.15684465459577904,0.2644677661169415,0.03867297120670434,0.3769038557644255,0.059331872525275824,0.2536193441740668,0.39460269865067465,0.39531772575250834,0.2819743974166763,0.21377003805789413,-0.17372083189174645,0.08393495559912352,-0.1344404720716565,0.19085841694537348,-0.017368238957444354,0.1742436474070657,-0.1060931072925076,-0.05934724945219698,-0.18362357282897013,-0.016707031099834697,0.5087379387229463,0.3365086687425518,-0.18093261061776805,-0.20039980009995004,-0.22573328720255256,-0.11437358243954945,0.2743166878099412,0.2260331372775151,-0.2410640833429439,-0.19258832122400338,-0.3898973590128013,-0.16649367623880368,-0.30164148694883325,-0.05587206396801599,-0.17426671279744743,0.004397801099450275,-0.13357167570061124,-0.12023219159650944,-0.0008226655902817822,-0.16574020681966709,-0.12634452004766847,-0.2746165378849037,-0.014031445815553762,0.3469496021220159,0.17215238534578864,0.014823357551993235,-0.07863760427478568,0.15433052704417022,0.13279514089109293,0.009364548494983277,0.060531272825125895,0.4690577788029062,0.24036443316803136,0.5476261869065467,0.6129781263214547,0.3594817975627571,0.4605697151424288,0.2635297735747511,0.39143505170491677,0.11565755583746588,0.1982624072579095,0.2137162188136701,0.24076423326798138,-0.13525544919847768,-0.026286856571714142,-0.1320186060815746,0.011109829700534347
#17,0.0693114980971053,-0.29263060777303657,-0.35347710760004614,-0.15510706185368853,1.0,0.34194441240918,-0.1535847460884942,0.22915465344250951,0.2454926382962365,-0.21510014223657403,0.058493830008072886,0.7510167992926614,0.3144658440010764,0.17854918694498903,-0.07710760004613078,-0.3508092107792258,-0.14652673663168417,-0.2503440587398608,-0.13488640295236998,0.10008072886633607,-0.014085265059777804,-0.16057355937415907,-0.04390881482335755,-0.2094644985199708,-0.09970399415676777,-0.04297851074462768,-0.2720947218698343,-0.44092569100065354,0.0694114481220928,-0.0027909122361895974,-0.10462461077153731,0.5137508168992427,-0.025102833198785222,-0.09232306923461346,0.4872333064237112,0.03673547841463883,0.35255449198477684,0.0769307653865375,0.15244685349632875,-0.1942490293314881,0.13061161726828893,-0.08951678007150271,0.1773036558643755,0.1173874601160958,0.1542690193364856,-0.0682197362857033,-0.08045977011494253,-0.1785568754084496,0.024764540806519818,-0.18549955791335102,-0.3371621881367009,-0.3768346595932803,-0.41767577749586743,-0.27615423057701916,-0.011863299119670934,0.055987390919924655,-0.18075577595817477,0.057294429708222815,-0.21636873870756929,-0.33212624457002266,-0.07473186483681236,-0.10162611002191212,0.420558951293584,0.20960289086226117,-0.4823741975166263,-0.24053357936416409,0.4570945296582478,0.17817245223542075,0.19147349402221966,0.32897397455118593,-0.005666397570445547,0.14016837734978665,0.3465421135586053,0.530865336562488,0.5250836120401338,0.4074808749471418,0.19599431053703917,-0.08032906623611272,0.40308307384769154,-0.031169030869180794,0.33969169261523086,0.5598124014915619,-0.18801368546495983,0.7733056548648752,0.8109945027486257,0.16936916157305962,-0.06775842847806866,0.06393726213816169,0.030730788451927882,0.609479875446892,0.44643063083842693,0.10504747626186907,0.03545150501672241,-0.18555337715757506,-0.274593472494522,-0.3971322031292046,-0.019190404797601198,-0.2155153192634452,-0.2875485334255949,-0.1015646023142275,-0.28378118632991195,-0.06274555030177219,-0.021273978395417677,0.12418406181524622,-0.17920270633913812,-0.10354822588705648,-0.1727751508860954,0.1607734594241341,0.16918463845000575,-0.2252104716872333,-0.3610733094990966
#18,0.4320070733863837,-0.17483565909353016,0.2353515549917349,0.3710144927536232,0.34194441240918,1.0,-0.3688079037404375,0.322969284588475,0.049090839195786724,0.02250413254911006,0.1838772921231692,0.16117325952408412,0.20641986698958215,0.00841117902587168,-0.39892361511551916,-0.301610733094991,0.452942759389536,0.32018606081574597,-0.01356244954445854,0.06688194364356283,-0.2818590704647676,0.059470264867566215,0.3274824126398339,0.17515088609541382,0.2222888555722139,0.22074347441663783,-0.03556683196863107,0.1840695037096836,0.2607311728751009,0.3289970399415677,0.3163033867681544,0.2543728135932034,0.3557144504670742,0.0713873832314612,0.04057971014492753,-0.20665052089339944,-0.14878714488909392,0.09265367316341828,-0.023119209625956254,0.08548033675469957,-0.138815207780725,-0.13563987237150654,-0.2976819282666359,-0.1710452466074655,0.0005151270518586861,-0.17167570061123286,0.2249413754661131,0.09405297351324338,-0.03522853957636567,-0.09970399415676777,0.0932610617768039,-0.034152154691884824,-0.1889055472263868,-0.09787413985315035,-0.27960635067081846,0.09300734248260485,-0.19267289432206974,0.14604236343366778,-0.057917195248529584,-0.012301541536923847,-0.06623611271287433,-0.11716449467573906,0.30459385691769497,0.06372198516126552,0.06393726213816169,0.14204436243416754,0.1345327336331834,-0.3046246107715373,-0.008403490562411102,0.25275823626648214,0.17622727097989466,0.30464767616191907,0.1489947334025295,0.22724791450428633,0.17749586745088994,0.24836812363049243,0.03771960173759274,-0.013908430400184524,0.01350094183677392,0.22404951370468612,-0.12389958866720487,0.08696421020259101,-0.017268288932456848,0.13969169261523084,0.2552185445738669,-0.03163802714027602,-0.05327336331834083,0.2748241263983393,0.007626955752892784,0.14090646984200209,0.11792565255833622,0.059777803405989316,0.06780455925883212,-0.0028216660900319073,-0.01667627724599239,0.017391304347826087,0.3539845461884442,0.4357974858724484,0.21322415715219314,0.16950755391535002,0.05594894860262176,0.4321377772652136,0.4658132472225426,0.2236189597508938,0.004159458732172375,0.3151731826394495,0.02611771037558144,-0.013108830200284473,0.00790374043747357,-0.09828162841656095,-0.04322454157536616
#26,-0.1382462614846423,0.34254411255910505,-0.09964248644908315,-0.12271556529427594,-0.1535847460884942,-0.3688079037404375,1.0,0.16048129781263215,0.11012186214585015,0.18075577595817477,0.0556644754545804,0.09120824203282973,0.2664283242993888,0.576511744127936,0.3200784223272979,0.0718256256487141,0.07895283127666936,-0.21456963825779418,0.0011148272017837235,0.03504401645331181,0.06506746626686656,-0.035735978164763774,-0.049529081613039636,-0.3001653019644024,-0.042301925960096874,-0.27950640064583093,-0.02907776880790374,-0.2506285318879022,0.06687425518010226,-0.16987660016145772,0.16708568792526812,0.1373620881866759,-0.0014223657402068198,-0.07256371814092953,0.24326298389266904,0.3401222465690232,0.24982124322454158,0.0005458809057009956,0.00180678891323569,-0.1096298004843732,0.3244685349632876,0.14561180947987545,0.3081766808903241,0.3719832391496559,-0.05741744512359205,0.09662092030907624,-0.16996886172298467,-0.1781186329911967,-0.2103409833544766,-0.15930496290316382,-0.2829892745934725,-0.12849728981663014,-0.07687694614231345,0.12296159612501442,0.05400376734709568,0.031845615653711606,-0.28870949140814206,-0.11185945488794065,-0.1323261446199977,-0.21299350324837582,-0.2560412101641487,-0.22594856417944872,-0.03533617806481375,0.2383116134240572,-0.02821666090031907,-0.26895782877791874,0.32007073386383733,0.7530926844270173,0.2821512320762696,0.16877714988659517,0.05102064352439165,-0.18106331449659785,0.07969092376888479,-0.24975204705339638,-0.00013839234229039325,-0.032329988851727984,-0.21719909276131166,-0.25285049782800906,0.4545496482527967,-0.028331987852227732,0.20148387344789143,0.015061699919271134,0.2745473417137585,0.06869642102025911,-0.10463229923499788,-0.17465882443393688,-0.25038250105716375,-0.0018221658401568446,0.045707915273132664,-0.026456002767846844,0.1392303848075962,-0.08429631338177065,-0.16738553800023065,-0.36575558374658823,-0.3413062699419521,0.11862530273324876,-0.296098104793757,-0.22890862261177103,-0.19890054972513743,-0.24460077653480952,-0.2517510475531465,-0.052220043824241724,-0.00974128320455157,-0.24683811940183753,0.0438242417252912,-0.04529273824626148,-0.22314996347979857,-0.21087917579671703,0.13125744819897744,-0.25724061046399876,-0.28140545112059356
#49,0.2702033598585323,0.03804251720293699,-0.029715911275131665,-0.055987390919924655,0.22915465344250951,0.322969284588475,0.16048129781263215,1.0,0.023050013454811055,-0.017452812055510705,-0.07007265597970246,0.2687963710452466,0.4039826240725791,0.3561680698112482,-0.030038826740475914,-0.07625418060200669,0.22428016760850344,0.03969553684696114,-0.15354630377119133,-0.00944912159304963,-0.20721946718948217,-0.069480644293238,-0.02008226655902818,-0.214700342136624,-0.05946257640410564,-0.18892092415330797,-0.09968861722984662,-0.017814169838157843,0.0032060892630607772,-0.09778187829162342,0.4506977280590474,0.25584131011417366,0.2899550224887556,-0.008403490562411102,0.11139045861684542,0.01104832199284973,-0.044846807365548,-0.23920347518548418,-0.19370314842578712,-0.12798985122823203,0.12934302079729365,-0.18320839580209894,-0.021004882174297468,-0.29022411870987586,-0.4203282973897667,-0.16598623765040557,0.09422980817283666,-0.057040710414023754,-0.25269672855879755,-0.1915273132664437,-0.12859723984161767,-0.13364856033521702,-0.23308345827086457,-0.2381809095452274,-0.1525006727405528,-0.14181370853035022,-0.24953677007650021,0.04109483719678622,-0.45606427555453044,-0.45092069349940417,0.004659208857109906,-0.06216122707876831,0.28419636335678317,0.0057048398877484335,0.041325491100603545,-0.1589051628032138,0.32574481989774345,0.06402952369968862,0.21737592742090492,0.17642717102986968,0.28151308960904164,0.11319724753008112,0.43404451620343676,0.38503825010571635,0.22744012609080075,0.3058932072425326,0.25193557067620037,-0.11658017145273517,0.16108868642601776,0.025133587052627533,0.20841117902587167,0.0018990504747626188,0.2077884134855649,0.2887709991158267,0.26184600007688463,0.2916926152308461,-0.10064198669895821,-0.16395648329681314,-0.22866259178103257,-0.08323530542421097,-0.049413754661130974,-0.29153884596163454,-0.44704570791527315,-0.14741859839311114,-0.2304232499135048,0.003390612386114635,-0.17353630876869258,0.1558374658824434,-0.039634029139276515,0.14931764886787374,-0.01729135432283858,0.2323914965594126,0.2128320455157037,0.1184100257563526,-0.08073655479952331,0.28661054088340443,0.02165071310498597,0.031268980894168304,0.12335370776150387,0.0036827739976165765,-0.10806904240187598
#50,0.19827009572137008,0.14166762772459923,-0.018706031599584824,0.1074539653250298,0.2454926382962365,0.049090839195786724,0.11012186214585015,0.023050013454811055,1.0,0.3422673278745243,0.11372006304540037,0.244300926459847,0.0864260177603506,0.28059047399377235,0.019505631799484873,-0.2822819359550994,0.07983700457463576,-0.022196594010686965,0.13848460385192018,0.06737400530503979,0.12959674009149272,-0.1534924845269673,0.01160957982547188,-0.3636950755391535,0.021189405297351326,-0.2779917733440972,-0.006050820743474417,-0.1304809133894591,0.2303540537423596,-0.007280974897166801,-0.07125667935263137,0.41298581478491525,0.1302887018029447,-0.007480874947141814,0.4510360204513128,0.03951101372390728,0.33019644024141775,-0.16139622496444087,0.12263868065967017,-0.1264675354630377,0.3112905085918579,0.1915965094375889,0.19681697612732096,0.22035905124360897,0.10103409833544766,-0.129973474801061,-0.03563602813977627,-0.0531811017568139,-0.10351747203321417,-0.08585707146426787,-0.19447968323530543,-0.1685311190558567,-0.057340560488986274,-0.038596086572098565,0.09732825894744936,0.17006881174797217,-0.20618921308576482,-0.17392073194172145,-0.26050051897128357,-0.19268827124899088,-0.05765578749086995,-0.07229462191980933,0.12607542382654827,0.05866297620420559,-0.26025448814054514,-0.07602352669818936,0.32818975127820704,0.2869027024949064,0.2962826279168108,0.15360781147887595,0.1933033483258371,0.2935301579979241,0.18450005766347596,0.181278591473494,0.21628416560950295,0.08574943297581979,0.0354207511628801,-0.14608849421443124,0.2851651097528159,-0.24104870641602275,0.02763233767731519,0.07507784569253835,-0.0738015607580825,0.28345058240110715,0.23316034290547033,-0.057425133587052625,-0.07511628800984123,0.12080113789259217,0.14734940222196594,0.3479567908353516,0.23716603236843117,0.05626417560450544,-0.1618267789182332,-0.3323261446199977,-0.3128205128205128,-0.031491946334525046,-0.1914273632414562,-0.0957136816207281,0.011355860531272825,-0.056041210164148696,-0.11576519432591396,0.002452619843924192,0.23106908084419328,-0.14917156806212278,0.16384884480836504,-0.07284050282551033,0.031207473186483682,0.04776842348056741,-0.14979433360242955,-0.30291008341982856,-0.26610540883404454
#51,0.3561065621035636,0.4921769884288625,0.5247145657940261,0.47197170645446507,-0.21510014223657403,0.02250413254911006,0.18075577595817477,-0.017452812055510705,0.3422673278745243,1.0,0.4732249259985392,-0.15082458770614693,0.02907776880790374,0.1359704763003114,-0.04725329642870872,-0.09153115749817399,0.36731634182908546,0.3614577326721255,-0.0686272248491139,-0.2276554030676969,-0.14557336716257255,-0.38569945796332605,0.1646100026909622,-0.11839464882943143,0.2020758851343559,-0.40465920885710993,0.37343635874370507,0.3101372390727713,0.2203206089263061,-0.07806096951524238,0.125352708261254,-0.015384615384615385,0.01566908853265675,0.08806366047745358,-0.12353823088455772,-0.16797754968669512,-0.05600276784684581,-0.27616191904047976,-0.05166647445508015,-0.06823511321262446,-0.038865182793218774,0.004021066389881982,-0.28957059931572676,-0.10961442355745205,0.06544420097643486,0.08101333948410411,-0.10656979202706339,0.1816937685003652,0.15565294275938954,0.1741052550647753,0.19380309845077462,0.12431476569407604,0.24771460423634337,-0.1809095452273863,-0.12765155883596663,-0.32209279975396915,0.08601852919693999,-0.11393534002229655,0.013685464959827778,0.04237112213124207,0.039657094529658245,-0.03005420366739707,-0.20035366931918655,-0.0463768115942029,0.17528158997424365,0.12805135893591665,-0.04330142620997194,0.03986468304309384,-0.024287856071964018,-0.14999423365240458,0.3609349171568062,0.26552108561104065,-0.032091646484450086,-0.025271979394917925,-0.3654787990620075,-0.25480336754699573,-0.19255756737016108,-0.08119017414369738,0.009902740937223696,-0.3351862530273325,-0.23928804828355052,-0.4387267904509284,-0.025925498789067004,-0.10626994195210088,-0.10729250759235767,-0.09592895859762426,0.09183869603659708,0.06915772882789374,-0.09885057471264368,-0.2060815745973167,-0.17459731672625226,0.14472763618190904,-0.012232345365778649,0.0835351554991735,0.014016068888632606,0.3720063045400377,-0.18001768346595934,0.3123207626955753,0.21994387421673778,0.1710529350709261,0.2168454234421251,0.21698381578441547,0.32682120478222426,-0.13870756929227693,0.2014992503748126,0.0469534463537462,0.21931342021297043,-0.09121593049629032,-0.13138046361434666,0.01646100026909622,0.1575750586245339
#52,0.3525391150578557,0.3090839195786722,0.4895936647061085,0.404966747395533,0.058493830008072886,0.1838772921231692,0.0556644754545804,-0.07007265597970246,0.11372006304540037,0.4732249259985392,1.0,0.032145465728674126,-0.17575058624533887,0.21914427401683773,-0.009787413985315034,0.02881636105024411,0.24945219697843385,0.44134855649098526,-0.22203513627801483,-0.15560681197862608,-0.2703033098835198,-0.12167762272709799,0.1105831699534848,0.13848460385192018,0.16650905316572484,-0.02667896820820359,0.0075577595817475874,0.18027909122361896,0.007688463460577404,-0.1371160573559374,0.15574520432091646,-0.047860685042094335,0.2566562872409949,-0.007480874947141814,-0.10711567293276439,-0.191558067120286,-0.006304540037673471,-0.10390958366970361,-0.09045477261369315,0.07753815399992312,-0.014031445815553762,-0.007042632529888902,-0.25737900280628917,0.006565947795333102,0.19249605966247646,0.187137200630454,-0.02659439511013724,0.3888824818360051,0.025771729519855457,0.28225887056471766,0.07194864106408334,0.07894514281320877,-0.03529004728405028,-0.017106831199784723,-0.33297966401414675,-0.1391996309537539,-0.22903163802714027,-0.019436435628339677,-0.021012570637758046,-0.07184100257563526,-0.2098258563026179,-0.3073924576173452,-0.13989928112866643,0.17925652558336216,0.1065005958559182,-0.050151847153346404,0.046061584592319224,0.04954445853996079,0.03299119670933764,0.09990389420674278,0.3600507438588398,0.20793449429131589,0.009172336908468843,0.025963941106369893,-0.23287586975742897,-0.10179525621804482,-0.27653865375004805,-0.18461538461538463,0.02496444085649483,-0.13458655287740745,-0.2069811248222043,-0.05368085188175143,-0.21026409871987084,-0.0874793372544497,0.10089570599315727,-0.3053473263368316,-0.05710990658516896,0.22671741052550648,0.05860146849652097,0.029585207396301848,0.2972898166301465,0.1961865221235536,0.016422557951793332,-0.17177565063622036,-0.11990927613116519,0.24772998116326453,0.10375581440049206,0.3360627378618383,0.24861415446123092,0.20738092492215432,0.21012570637758043,0.36133471725675625,0.3411371237458194,0.2016299542536424,0.28102102794756467,0.1772729020105332,0.15524545419597893,-0.3103371391227463,-0.07541613808480375,-0.10004997501249376,-0.08870180294468151
#53,-0.024395494560412102,-0.20441317802637143,-0.40722715565294276,-0.17077615038634528,0.7510167992926614,0.16117325952408412,0.09120824203282973,0.2687963710452466,0.244300926459847,-0.15082458770614693,0.032145465728674126,1.0,0.4645062084342444,0.2518279321877523,0.10242571022181217,-0.2389958866720486,-0.1388844039518702,-0.3446046207665398,0.01904432399185023,0.24450851497328258,0.09474493522469535,-0.19771652635220852,-0.02641756045054396,-0.2783608195902049,-0.04077192173144197,-0.12356898473840003,-0.21726828893245684,-0.4869027024949064,0.03815015569138508,-0.08554184446238419,-0.17688079037404375,0.5334717256756237,-0.0761849844308615,-0.2552877407450121,0.529281513089609,0.046453696228808676,0.4298389266905009,-0.036166532118556104,0.09259985391919424,-0.29560604313228,0.18879790873793872,-0.0671971706454465,0.30141852150847653,0.2980971052935071,0.05524160996424864,-0.06368354284396263,-0.2706416022757852,-0.05179717833390997,-0.1524622304232499,-0.1857071464267866,-0.48985507246376814,-0.40672740552800524,-0.43625110521662247,-0.2637988697958713,0.0037442817053011954,0.01536923845769423,-0.3322338830584708,-0.11904816822358051,-0.14226732787452429,-0.4701879829316111,-0.06394495060162227,-0.07765348095183178,0.3382462614846423,0.17334409718217814,-0.4414331295890516,-0.3462730173374851,0.6104486218429247,0.4182601007188713,0.2895936647061085,0.3718986660515896,-0.043962634067581594,0.15452273863068466,0.29787413985315037,0.44175604505439586,0.4057048398877484,0.16680121477722676,0.1000653519394149,-0.2102102794756468,0.5689386076192673,-0.06482912389958867,0.6095260062276554,0.6984584630761542,-0.15426133087302502,0.7189251528082112,0.8067889132356898,0.1152116249567524,-0.08021373928420406,0.029477568907853767,-0.031730288701802944,0.591757967170261,0.5009956560181448,0.15075539153500173,-0.05631799484872948,-0.3473724676123477,-0.2797293660861877,-0.37169876600161456,-0.16482527966785837,-0.3313497097605044,-0.3497097605043632,-0.28664898320070736,-0.32290777688079036,-0.17987160266020835,-0.0865951639564833,-0.08725637181409296,-0.11136739322646369,-0.3041094837196786,-0.24138699880828815,0.15213931495790567,0.12345365778649137,-0.18620689655172415,-0.36650136470226424
#54,0.024695344635374622,0.008711029100834199,-0.13231845615653712,0.019551762580248336,0.3144658440010764,0.20641986698958215,0.2664283242993888,0.4039826240725791,0.0864260177603506,0.02907776880790374,-0.17575058624533887,0.4645062084342444,1.0,0.2411332795140891,-0.033068081343943415,-0.24297851074462767,0.3964633068081344,-0.11333563987237151,0.06010840733479414,0.1772421481566909,-0.06619767039557145,-0.16338753700073042,0.41815246223042324,-0.1108907084919079,0.11293583977242148,-0.09096221120209126,0.035628339676315686,-0.15471495021719908,0.2927074924076423,0.15085534155998923,0.2324222504132549,0.33771575750586247,0.07687694614231345,-0.027286356821589204,0.29209241533079616,0.056310306385268905,0.15354630377119133,-0.1076231115211625,0.11954791834851805,-0.13459424134086803,0.19956175758274708,0.004851420443624342,0.20616614769538308,0.16175758274708799,-0.12505285818629147,-0.08796371045246608,-0.030330988351977856,-0.08525737131434283,-0.13772344596932304,-0.2713566293776189,-0.017076077345942412,-0.11292046284550032,-0.08316610925306578,-0.1369930419405682,0.008787913735439972,0.024772229269980395,-0.26670510898396954,0.07547764579248838,-0.20176065813247224,-0.40311382770153387,-0.18507669242301927,-0.08260485142044363,0.18817514319763196,0.1385230461692231,-0.06703571291277438,-0.30146465228924,0.40712720562795524,0.34615000192211587,0.22247337869526776,0.21595356168069813,0.11900972590627763,0.13829239226540577,0.2730557798024065,0.25260446699727057,0.20552800522815515,0.14104486218429246,-0.08943989543689694,-0.09090070349440664,0.47347864529273825,0.15177026871179794,0.4870334063737362,0.3884519278822127,0.23847307115672933,0.44441625341175567,0.3491254372813593,-0.04823741975166263,-0.1616191904047976,-0.05725598739091992,-0.05487256371814093,0.20296774689578287,0.0921077922577173,-0.14210587014185216,-0.07378618383116134,-0.2768231268980894,-0.2962595625264291,0.07116441779110445,-0.09002421865990082,0.1363395225464191,-0.0983662015146273,0.014031445815553762,-0.15270057279052782,0.17694998654518895,0.08930150309460655,-0.05631799484872948,-0.25269672855879755,0.00778841348556491,-0.11928651059085842,0.10029600584323223,0.1777111444277861,-0.3234997885672548,-0.37286741244762234
#58,0.034921001037942566,0.16986891169799714,-0.2059585591819475,-0.12927382462614848,0.17854918694498903,0.00841117902587168,0.576511744127936,0.3561680698112482,0.28059047399377235,0.1359704763003114,0.21914427401683773,0.2518279321877523,0.2411332795140891,1.0,0.23258370814592705,-0.1774728020605082,0.022734786452927383,-0.22734017606581325,-0.35881290124168685,-0.019951562680198362,-0.149240764233268,-0.2251105216622458,-0.08966286087725368,-0.43152270018836736,-0.06524430092645984,-0.27510091108292006,-0.1927190251028332,-0.27860685042094335,-0.10274862568715643,-0.18036366432168532,0.35261599969246143,0.4781686080036905,0.07911428900934148,-0.004743781955176258,0.39266520585860915,0.3513474032214662,0.1606043132280014,-0.07853765424979818,-0.16956906162303464,-0.3267212547572368,0.36092722869334565,0.23323722754007611,0.15882058970514742,0.17292892015530698,-0.10749240764233269,-0.10308691807942183,0.032683658170914544,0.04463153038865183,-0.29507553915350015,-0.2041210164148695,-0.2647906815822858,-0.3455272363818091,-0.38349286895014034,-0.22030523199938493,-0.26160765770960676,-0.09914273632414562,-0.3492023219159651,0.022542574866412948,-0.17286741244762235,-0.16761619190404797,-0.07746895782877791,-0.10168761772959674,0.4178603006189213,0.2323914965594126,-0.18575327720755008,-0.42285780186829663,0.7152808211278976,0.6211355860531272,0.19005112828201284,0.19451043708914773,0.038250105716372586,-0.1683235305424211,0.2518894398954369,0.16594779533310267,0.22233498635297735,0.04303232998885173,0.06212278476146542,-0.12372275400761158,0.6104255564525429,-0.06754315150117249,-0.03331411217468189,-0.01818321608426556,0.260239111213624,0.3080306000845731,0.32628301233998386,0.07151039864683043,0.006004689962710952,0.10374043747357091,0.07501633798485373,0.10391727213316419,0.2166378349286895,0.07986775842847807,-0.16278014838734478,-0.3221850613154961,-0.290639295736747,-0.22428016760850344,-0.42202744781455426,-0.039933879214239035,-0.14444316303386767,-0.03734286702802445,-0.3285434205973936,0.11456579402606389,0.16727789951178257,-0.041171721831392,0.2739860838811364,0.12864337062238113,-0.07552377657325184,0.022035136278014837,0.21901357013800793,-0.15931265136662437,-0.23618190904547726
#101,-0.446538269326875,-0.1434129089301503,-0.2192903548225887,-0.44717641179410295,-0.07710760004613078,-0.39892361511551916,0.3200784223272979,-0.030038826740475914,0.019505631799484873,-0.04725329642870872,-0.009787413985315034,0.10242571022181217,-0.033068081343943415,0.23258370814592705,1.0,0.3966401414677277,-0.05856302617921808,-0.2846269173105755,0.3692077038403875,-0.134540422096644,0.5888824818360051,-0.0524660746549802,-0.14482758620689656,-0.18960519740129936,-0.0446392188521124,-0.14490447084150232,-0.2235113212624457,-0.5493176488678737,0.16381809095452274,-0.02333448660285242,-0.06138469226924999,-0.002452619843924192,-0.13781570753084996,-0.10896859262676355,0.29368392726713566,0.42240418252412254,0.45183562065121285,-0.013377926421404682,0.09878906700495906,-0.24083342943912658,0.32203129204628456,0.20834967131818707,0.25541844462384194,0.24796832353054243,-0.19025871679544842,-0.4233806173836159,-0.31692615230846116,0.05271979394917926,-0.41034867181793716,-0.11913274132164686,-0.2912928151308961,-0.18906700495905893,0.02874716487909891,0.06968823280667359,0.2832276169607504,0.06717410525506477,-0.23053088840195288,-0.48991658017145273,-0.23495175489178488,-0.22539499481028716,-0.2799907738438473,-0.19532541421596894,-0.006696651674162919,0.03711221312420713,-0.46854265175104753,-0.5638488448083651,0.29726675123976476,0.37698074039903123,0.6610002690962211,0.21230154153692385,0.148149002421866,-0.03638949755891285,0.3010725406527506,-0.024533886902702494,0.19245761734517355,-0.0034982508745627187,-0.09501403144581555,-0.29417598892861263,0.30919924653058084,0.062138161688386574,0.15005574136008917,-0.027886056971514243,-0.008741782954676508,-0.05586437550455541,0.026363741206319916,-0.1907507784569254,-0.28565717141429287,-0.07531618805981624,0.13053473263368315,-0.056856187290969896,0.12309230000384423,-0.3069695921270134,-0.5026256102717872,-0.3999692461461577,-0.4052358436166532,-0.27102602544881405,-0.3300119171183639,-0.3669396071195172,-0.29412985814784914,-0.15965094375888977,-0.07506246876561719,-0.06891169799715527,-0.12719025102833198,-0.1780186829662092,0.20167608503440587,-0.1688617229846615,-0.028762541806020066,-0.1449121593049629,-0.1358243954945604,-0.23801176334909468,-0.3094375888978588
#102,-0.21380079191173643,0.18137085303502096,0.11535770576250336,-0.1171798716026602,-0.3508092107792258,-0.301610733094991,0.0718256256487141,-0.07625418060200669,-0.2822819359550994,-0.09153115749817399,0.02881636105024411,-0.2389958866720486,-0.24297851074462767,-0.1774728020605082,0.3966401414677277,1.0,-0.04577711144427786,0.10688501902894706,0.18632991196709336,0.27613116518663744,0.14588090570099566,0.5266981893668551,-0.17324414715719064,0.09160035366931919,-0.31713374082189677,0.10506285318879022,-0.09766655133971476,0.013600891861761426,-0.059908507284819126,0.05044400876484834,0.026786606696651675,-0.3758351593434052,0.03281436204974436,0.07434744166378349,-0.25646407565448043,0.018544573866912696,-0.11574981739899282,-0.10391727213316419,-0.3200092261561527,0.05221235536078115,0.06812747472417638,-0.02821666090031907,0.0541344712259255,0.044816053511705686,-0.15601430054203666,-0.1107523161496175,-0.11265136662438012,0.027224849113904586,-0.09928112866643601,0.16687809941183254,0.0833967631568831,0.2875715988159766,0.18168608003690462,0.35119363395225467,-0.019882366509053166,0.18996655518394648,-0.03073847691538846,-0.042009764348594936,-0.009687463960327528,0.10352516049667473,-0.26074654980202205,-0.1395379233460193,-0.3027332487602353,0.03978010994502749,0.13723138430784607,0.10617768039057394,-0.20841886748933225,-0.01637642717102987,0.2502287317879522,0.17395148579556374,0.09045477261369315,0.03597432053204167,-0.11698766001614577,-0.20335217006881176,-0.1996924614615769,-0.06482912389958867,-0.19576365663322184,-0.06820435935878215,-0.21889055472263869,0.1659093530157998,0.12795909737438974,-0.20967208703340637,-0.05581055626033137,-0.3224541575366163,-0.33904586168454237,-0.19178872102410333,-0.17043016953061932,-0.02324222504132549,0.07868373505554915,-0.2756314150616999,-0.06803521316264945,-0.25364240956444856,-0.059770114942528735,-0.13390227962941606,-0.13393303348325838,0.12437627340176066,-0.030131088302002843,-0.09231538077115288,0.04972898166301465,-0.07135662937761889,0.16068888632606773,-0.040648906316072736,-0.10593933802329604,-0.007004190212586014,-0.017422058201668398,-0.012216968438857494,-0.023288355822088956,-0.2620689655172414,-0.32261561526928845,-0.08808672586783531,-0.10823818859800868
#201,0.24965209702840888,0.1159574059124284,0.47106446776611693,0.4050666974205205,-0.14652673663168417,0.452942759389536,0.07895283127666936,0.22428016760850344,0.07983700457463576,0.36731634182908546,0.24945219697843385,-0.1388844039518702,0.3964633068081344,0.022734786452927383,-0.05856302617921808,-0.04577711144427786,1.0,0.48841732979664015,0.20280628916311075,0.0519893899204244,-0.1361703763502864,-0.04666897320570484,0.6216968438857494,0.06654365125129742,0.2854418944373967,-0.0692730557798024,0.14333602429554454,0.3134663437512013,0.529681313189559,0.2512666743551301,0.4929612117018414,0.015538384653826932,0.4212662899319571,0.10011917118363894,-0.05275054780302157,-0.011947872217737285,-0.006273786183831161,-0.15139353400222966,0.03026179218083266,0.06030830738476915,0.04169453734671126,-0.050482451082151235,-0.1865605658709107,-0.05784031061392381,-0.0009456810056510206,-0.06356821589205397,0.16037365932418407,0.1661476953830777,-0.1618190904547726,-0.02484142544112559,0.2671049090839196,0.24174066812747472,0.21198631453504016,0.10396340291392765,-0.14864106408334293,-0.03788105947026487,-0.24612309230000384,-0.09236920001537692,-0.2037058393879983,-0.1747203321416215,-0.3193403298350825,-0.21899050474762619,-0.1591973244147157,0.015453811555760581,0.1762195825164341,0.01427747664629224,-0.05970860723484411,-0.05841694537346711,0.252542959289586,0.10891477338253949,0.54234421250913,0.38593780033060393,0.15010187214085266,-0.035551455041709916,-0.10138007919117364,-0.001330104178679891,-0.38563026179218085,-0.21112520662745551,0.08987044939068928,0.13229539076615537,-0.027409372236958444,-0.09933494791066005,0.03841156344904471,-0.03503632798985123,-0.093022719409526,-0.30495521470034215,-0.15072463768115943,0.14136008918617615,0.04160996424864491,-0.08702571791027564,-0.06060815745973167,-0.16671664167916042,-0.2727097989466805,-0.1350786145388844,-0.31335101679929267,0.5143043862684042,0.18724483911890208,0.5690693114980971,0.33262599469496024,0.29004728405028257,0.27048014454311303,0.7057548149002422,0.4718486910390958,0.1307961403913428,-0.02158151693384077,0.34989428362741704,0.18109406835044017,-0.20368277399761658,-0.12363049244608465,-0.31418137085303505,-0.24589243839618652
