,#10,#11,#12,#13,#17,#18,#26,#49,#50,#51,#52,#53,#54,#58,#101,#102,#201,#202,#301,#302,#401,#402,#501,#502,#601,#602,#701,#702,#801,#802,#901,#902,#1001,#1002,#1101,#1102,#1201,#1202,#1301,#1302,#1401,#1402,#1501,#1502,#1601,#1602,#1701,#1702,#1801,#1802,#1901,#1902,#2001,#2002,#2101,#2102,#2201,#2202,#2301,#2302,#2401,#2402,#2501,#2502,#2601,#2602,#2701,#2702,#2801,#2802,#2901,#2902,#3001,#3002,#3101,#3102,#3201,#3202,#3301,#3302,#3401,#3402,#3455,#3501,#3502,#3601,#3602,#3701,#3702,#3801,#3802,#3901,#3902,#4001,#4002,#4101,#4102,#4201,#4202,#4301,#4302,#4401,#4402,#4501,#4502,#4601,#4602,#4701,#4702,#4801,#4802
#10,1.0,0.3583780304655653,0.34566867670621315,0.22793848457321275,0.09978317135853415,0.43037061720843395,-0.053075999580037156,0.5615715739933445,0.10748766359150397,0.4161046620440322,0.3616153962029881,0.0967165296461813,0.01801823186513715,-0.1495998940963267,-0.13108957533539967,-0.04531216477150826,0.42715242368773026,0.3610475334030228,-0.13291002296101193,-0.07002606508511094,-0.1576540510437446,0.0830239150579503,-0.0030620768988482974,0.18024987789123875,0.32335130348249624,0.12070553757526237,0.08142075255515437,0.27244632920522033,-0.049157563667736354,-0.044796340845494755,0.042855382143362535,-0.12363340895707706,0.3170153423381888,0.07381759918198542,-0.25945121812048366,-0.17668293261878787,-0.05597648208082459,-0.09331756951069764,0.1352672926547586,0.0248389762036272,-0.11700621271117968,-0.07829933308074699,-0.020402890439911076,-0.14391122350696361,-0.04732068271350774,-0.028597643643268954,0.014524323608758964,0.23215454632600985,-0.02703099964850936,0.12080596347236233,0.03711010786654311,0.2507369891403087,0.20065276833114984,0.14568876188563315,0.02922393605609243,-0.17787800079427754,-0.20078879977358524,-0.3265768007048072,-0.02296648970406314,-0.029394660081162385,-0.08868337084088429,-0.048964015575143675,-0.1444535233513035,0.0693294745443175,0.16212300346469344,0.1599090689149895,-0.13407861521817527,-0.014179223707815417,0.021503010494506248,0.14604846918979125,0.4121962687214414,0.1741585907507749,0.1938667165752943,0.14942825710855584,-0.24349445603399872,-0.12188143353403297,-0.1657255542824798,-0.10441280521484295,0.10468851995051742,-0.04230395267201358,0.0794040179488467,0.08761063966731639,-0.10773872833425391,0.09529504672086622,0.11993499705569528,0.0138578608370955,-0.08826614688656895,-0.002884049172171071,-0.07097828518215889,0.06173545079815764,-0.035830134159868895,-0.061909384322922076,-0.14962454408925124,-0.10802539862233929,0.08449287204371266,0.29542468742439526,0.19500244217522494,0.061182195401406875,0.2921571939178425,0.05394057525779784,0.35808223055047084,0.3000369749893868,0.1802234019729124,0.06499472764040225,0.17359711868971592,0.09331848247339855,0.2933257861750058,-0.10200988738605084,-0.09154094409472902,-0.16298118840354778,-0.14316442001762017
#11,0.3583780304655653,1.0,0.23294060721149237,0.18299333080746985,-0.011899555843646008,0.14697695225661556,0.12559171395052654,0.24364418191694778,0.21382864603066642,0.29304824551392955,0.1998128426463137,-0.03316610899861686,-0.02064756444375465,-0.04108788635440299,-0.0992947363135479,0.07052728160790991,0.1986405985383467,0.26410824085781975,-0.10790488754581931,0.04417370028347492,-0.03003738582260222,0.07201449784769043,0.0773735889020254,0.09060607028899834,0.09466966727074365,0.08302665394605303,-0.07217883113385402,0.17562024403492996,-0.165262682193119,-0.02183441595493616,-0.026830147854309414,-0.18709801111075608,0.11971588600747717,-0.07918125504982494,-0.08974697238744311,-0.10082486180027116,-0.10838328000109555,-0.06953306522662017,-0.016635093373260235,-0.006744968434314616,-0.2529883551607499,-0.08093870824907448,-0.17538469965809547,-0.008529810514591426,-0.11818119570724939,-0.00910954182966855,-0.03600633596114431,0.11840669749437387,-0.1739230463739404,0.08834009686534257,-0.12993376455604908,0.18715735368631514,0.017454020915975477,0.12175270579320482,-0.10212309476096354,-0.14551164712165685,-0.20698690355005547,-0.2298913117904568,-0.004683498655662423,0.014545321750879869,-0.023089739668685837,0.04985963198473527,-0.07123482770111426,0.07017396504265819,0.22232741581342694,0.29920435300615794,0.06491256099732046,-0.022484445397983267,-0.055588472932938324,0.12351837565676255,0.31769093473686133,0.1971433397088562,0.09674483148990948,0.1880182775132722,-0.13905334897542762,0.041035847480451186,-0.02805351787352728,0.08184710613647879,0.019426020349938605,-0.012844472239086671,-0.12372744411527067,-0.08435044986237088,-0.12374387744388703,0.08631788448282945,0.0068134406368827805,-0.02906964535963883,0.08153030807926342,-0.0060173371616902595,-0.08430571469002635,-0.10969155555149794,0.006842655443311863,-0.041482295709143885,-0.041086060429001175,-0.05897647751601108,0.12147607809482944,0.2731118790141829,0.03009946728626402,0.1718624895579891,0.22588340553346692,0.030419004231582118,0.26077957885030606,0.07689884829755281,0.15605271446635047,0.05840587582794305,0.07008540766067002,0.02204987515235065,0.09962066399777238,-0.04663504772512519,-0.039721181191142436,-0.15653201988432763,-0.11564315939872276
#12,0.34566867670621315,0.23294060721149237,1.0,0.432013037107369,0.010767482094519028,0.3424459183720049,0.16286889399133597,0.18523374127550019,-0.12805032250407408,0.4511176945865877,0.05154130927980937,-0.019328333340941355,0.050152693011727006,-0.24381308001661592,-0.20614241305171477,-0.39303500755476634,0.6919033902869898,0.6991167085868707,-0.3803055686159942,-0.1381632103420415,0.11543500390291554,-0.14378797354234094,0.27003702063752183,0.10347336659560774,0.40057151465076896,-0.05721172061515427,0.47117092031205066,0.3722075894589327,-0.25535384151880475,-0.40112020523401515,0.3680134388109574,-0.2226944268191923,0.6671310603605289,-0.18589655219636,-0.4558833598853319,-0.4043164876498971,-0.38590842071147186,-0.49228044388246517,0.4077537922188189,0.3550594110477616,-0.2618669174270885,-0.4184464113718634,-0.15481838889472171,-0.23520018989624178,0.2079902495583543,0.053291458777451645,0.31323841564452887,0.2407793049614958,0.2428316451131389,0.20791538661687978,0.41323248138697294,0.4727457809711184,0.595071827340494,0.29566753550283703,-0.08976797052956402,-0.32644807296397904,-0.15001437916253932,-0.2908370498523283,0.012981416644223,0.34839752221922976,-0.11292800832621984,0.021990532576791576,-0.3225241592754728,-0.16411052326457204,0.33630350532029013,0.08585227350536594,-0.1436099458156637,-0.19358278517531166,-0.3213783910858322,-0.2548416694435949,0.42205078811505153,0.010858778364609915,-0.14178310745114509,-0.08893900039713877,-0.22200696590540794,0.07831028863315789,-0.11638722399996348,0.08649499924680577,-0.13717264581155536,-0.20240839560499757,-0.10503088096335825,-0.1628825884318496,0.07654370580689926,0.0666910123386909,-0.056376359743822664,-0.0008992682603952216,0.05750752053024873,-0.02194762332984886,-0.15273865986205135,-0.27821442754956244,-0.057853533393893194,-0.0514714793810764,0.08873358378943429,-0.10277129827860883,0.041394641821908364,0.5275189782121451,0.1535384151880475,0.6326000721240533,0.6025827714808711,0.47439824345976345,0.5944555775173805,0.6475909196729768,0.11232271405551726,0.5880109738116649,0.22521785572450437,0.5889869309389365,0.49521470600318623,-0.026339886883921356,0.10244719651978619,-0.23237822218773252,-0.22182254743982435
#13,0.22793848457321275,0.18299333080746985,0.432013037107369,1.0,0.11981174709107259,0.22727658661505384,0.15550402388310425,0.11823323458120119,-0.04901879333719821,0.4490470951809264,0.13085311799586427,-0.08659633810660665,0.012630838967074001,-0.13239419903499844,-0.09785682005961646,-0.03447347158631834,0.4809085804799445,0.2759082837670667,-0.056538867104584445,0.13667142928875642,-0.013616838684055563,0.020381892297790173,0.060212629013041676,0.017639352344259975,0.09041434812180749,-0.06812071192831416,0.3367526829691373,0.36110961486668464,-0.08393687775885916,-0.12783303738125779,0.1260819749209146,-0.03490804183195095,0.32014954329040884,0.06053764373456522,-0.013686223849324636,-0.1670548279750031,0.007720925561586181,-0.09721226839277482,0.10840701703131919,0.07022965576741362,0.01295767961399937,-0.14031506342808364,-0.10290185194483879,0.02937274897634057,-0.06163502490105767,0.05945395700858641,0.34391487535776727,0.18467865995334762,0.045984105319377175,0.08058265279572004,0.1990824724855866,0.24742476046141135,0.20745981822912624,0.04324978203015516,-0.09008933340028392,-0.005813746479387585,-0.21528847338941967,-0.10424482007787572,-0.13660569597429098,0.10687963043269867,-0.15046538273678828,-0.10094719880219294,-0.16783997589778468,-0.0077757033236407124,0.2776766925187272,0.22761438281439011,-0.14070489850137172,-0.0022668863863566854,-0.09790338115736281,-0.05340649207776616,0.11837565676254297,0.11716780710924055,-0.09498190051445449,-0.036274746995211514,-0.08383462593635738,-0.07767030177982079,-0.1343397225506352,-0.0299323951119977,-0.1405971689026645,-0.04615391638174622,-0.12318788315903353,0.04979481163297073,-0.07655009654580562,-0.08006135109350107,-0.0048222689862005685,-0.20276627698375382,-0.17347569465049506,0.03879178516161722,-0.07616026147251755,-0.04596493310265809,0.05006504859243976,-0.017396508236409463,-0.10741919138893581,-0.08978896867168491,-0.11623749811701443,0.15376848178867653,0.07964869195269027,0.4499454504786207,0.35291303573792493,0.18509588390766296,0.3341133078008098,0.18672643529148616,0.14182692966078872,0.2711161425499961,0.3085512651380628,0.406660975865831,0.3346044817338988,-0.12829317058251585,0.06308663559550275,-0.31066294786526494,-0.2811121711622472
#17,0.09978317135853415,-0.011899555843646008,0.010767482094519028,0.11981174709107259,1.0,0.17266680969748982,-0.08798951918819356,0.13431142070690702,0.05554099887249107,-0.01437551068851082,0.08320468167273026,0.2791821680125258,0.12378861261623156,-0.1100695221096742,-0.026328018368809544,-0.0710823629300625,0.05380636974076424,-0.09671835557158312,0.07766391104091443,-0.03778204841441203,-0.09024818891024207,-0.20361259340749635,-0.16789475365983922,-0.1050162735601437,-0.0989322901212871,-0.29742316277668474,-0.04933376546901176,-0.11746543294973684,-0.08084102124007723,0.17821579699361384,0.02701365335719209,0.378103502581402,-0.1134200952220097,0.2867990158262084,0.050551657712024176,0.07044328903942629,0.1536516225629602,0.15026453094258835,-0.2506246947280969,-0.03979056635641151,0.15349550594110478,0.07416908982183533,0.06305468190097094,0.019324681490137722,0.042972241369078866,-0.02473398549302268,0.06746246582095888,0.0337577088288058,-0.1616537406364263,-0.10136259683110646,0.06603367919403652,0.0017391939452313676,-0.10011731570706679,-0.23165241684051,-0.037960076141089254,0.1205448561399024,-0.1054490178803745,0.06608389214258652,-0.12770430964042964,-0.008618367896579585,-0.128692135282813,-0.1418981407514596,0.26665449383065454,0.3727462374524689,-0.19230372443133836,-0.0786919070421378,0.13258226935138565,0.16697813910812673,0.271317907306897,0.20755659227542259,0.09730173873746388,0.16552561545098074,0.2456061387612009,0.2562175042338645,0.14357616619573008,0.1391647304249385,-0.09286656593644867,-0.05259030342315365,0.0669274696782263,0.03574066381517983,0.3611324389342073,0.43684626164598045,-0.050289637416863334,0.12583821387977195,0.4489567118735364,-0.12680138952923078,-0.12218088529993107,0.1980535635216623,0.14781322609064806,0.25576102288341007,0.32753997635426607,-0.07855817593662782,-0.11940091387566361,-0.16399822885236023,-0.2438833781445859,-0.11516841879425016,-0.19680736943492175,0.01527660487430786,0.0686694025115604,0.12427430877311507,0.05633162457147813,-0.08192288204065423,0.24790132699128578,-0.018390720647107964,0.3472334947755709,0.022413234307312374,0.2641922334263034,-0.13645870897944465,0.02798504567095911,-0.17368019829549863,-0.17629401050820068
#18,0.43037061720843395,0.14697695225661556,0.3424459183720049,0.22727658661505384,0.17266680969748982,1.0,0.09014958893854391,0.35800097687008997,0.13946053034003295,0.3524985506717123,0.10471225698074105,0.27484194333240514,0.32658319144371356,0.09651659081468227,-0.22629971652508138,-0.14769636686493173,0.33187381029548035,0.3405296096627972,-0.1748916997996047,-0.048542226807323785,-0.13876667868734222,-0.1056873011453117,0.13246267123756658,0.322242053800892,0.2577622371238023,-0.04114449004185934,0.25397891969123604,0.10285437788439153,-0.014229436656365405,-0.11928314168724637,0.19337371671680353,-0.10019765642474676,0.30050441189225213,0.014613793953448032,-0.2011265959729215,-0.09666814262303314,-0.24336481533046966,-0.17211264133803814,0.15512605732492799,0.09659875745776406,-0.04559153135798637,-0.19961472974021646,-0.022701730520799573,-0.015094925296826997,0.3218303076227821,0.18855875143221024,0.15682416794861845,0.1842860859919568,0.07265265877562573,-0.04492324266092109,0.260409828956438,0.29314045474672135,0.13216048058356575,-0.04562165912711636,-0.019116525994330502,-0.29532791337809894,-0.18873951804699018,-0.1861220539834845,0.04222543787973542,0.10058110075912849,-0.27357109925274004,-0.2290869916509561,0.1092232056859317,0.08973966868583584,0.07450871194657342,0.06543386269953941,0.06333496145014995,0.2715068905859851,0.04175800097687009,0.12100316341575865,0.3010311913706766,0.060177936430407135,-0.06209607106501664,0.07553031720889043,-0.28410212400772367,-0.19064030639028243,-0.48390218517622463,-0.29031666111281024,0.24810491767358844,-0.066359606878261,0.023461315487955738,0.20216919937735944,0.0671757955328735,0.1286592686255803,0.19469751263312138,-0.12612031935435278,-0.27923694577458036,0.12928282215030104,0.07324608453121648,0.06297251525788913,-0.06225036176147024,-0.189562140706305,-0.08957898725047587,-0.18601706327287998,-0.23409002725193662,0.13515865009335043,-0.05304495884820626,0.13871372685068953,0.4166953489115202,0.1995243464328265,0.3086316058557428,0.4148721623978052,0.05232828312799281,0.09343990651261942,0.2899542149205494,0.18458097294435036,0.3886153551196666,-0.27918581986332947,-0.338969356406944,-0.3166958053928707,-0.15202837488074425
#26,-0.053075999580037156,0.12559171395052654,0.16286889399133597,0.15550402388310425,-0.08798951918819356,0.09014958893854391,1.0,-0.023830152419122917,0.16445105835201101,0.13150223447621048,-0.008762616003323185,0.05436236402561773,0.21104045794209078,0.13071982544153157,0.25996430315839447,-0.04442111317542122,0.003489343442873641,-0.038217531622745556,0.05591896543066733,-0.02755686616423286,0.22880488617637526,0.045036450035833786,0.08356347601418744,-0.16883784412987807,0.090158718565553,-0.17292700406724884,0.04760826596429403,-0.1007481729333948,0.005505165086480392,-0.17825779327785563,-0.05850995357584666,-0.06484682768285502,0.15381047807291834,-0.12998397750459906,0.1284447223908667,0.062004774794925756,0.08987387420286944,-0.006023727900596621,-0.060966736203992386,-0.054240027023695944,-0.0024914752107802634,-0.09359419720907303,-0.0055462484080212905,0.06699137706728991,-0.018902892722317828,0.10932271862033077,0.11023294243313689,0.041018501189133916,-0.1905134045748561,-0.05596917837921732,-0.09815170701201002,-0.14732296512026002,-0.0834457038257702,-0.12292129805036815,-0.034587591923931946,-0.1227304888458782,-0.1229578165584045,-0.15954205790922413,-0.20605750752053026,0.06881456358100489,-0.07623238552588935,-0.004109245116790753,-0.051000835360871334,-0.07439733049706254,-0.003978691450560787,-0.00250243076319117,0.24263261924434076,0.2472768605038641,0.05606869131361638,-0.007101936850369978,0.27043781126322086,0.2107044876681563,-0.012345081641689529,-0.14299643488065295,-0.0015566014050495966,-0.14324384777259924,-0.11214742521694276,-0.04578234056247632,0.14238109802024038,-0.06317701890289272,0.1579745009517636,-0.12796450401018866,0.043660615245564145,0.13464465209273876,0.01629638421122305,-0.03688734496752135,0.002276016013365774,0.1445694696143189,-0.11558746867396733,0.07331729562188737,-0.01651275637133845,-0.12077449382483615,-0.01259158157093492,-0.10764743206416302,0.03585204526469071,-0.01078208949773357,-0.17609041982589801,0.20019354809259268,-0.03249690733885067,0.2494077154477854,0.06641894945382007,-0.014387379203622637,-0.11295722313264892,0.14403447347158632,0.050856587254127734,0.3337755116014735,0.047556227090342226,-0.04279695253050437,-0.07368704551575546,-0.1885550995814066,0.06632400133292554
#49,0.5615715739933445,0.24364418191694778,0.18523374127550019,0.11823323458120119,0.13431142070690702,0.35800097687008997,-0.023830152419122917,1.0,0.3357803776926694,0.31712489786229786,0.3408016725476681,0.38532229865748835,0.17549699407030725,-0.19336276116439263,0.13713156249001446,-0.2344278234512729,0.2712156554843952,0.29732091095418295,-0.07285077168172294,-0.35495624626255895,0.1126970287628899,-0.0409545938000703,0.1067171230719369,-0.017033145110856497,0.41528664746401783,-0.18886915875051924,0.21732346724974552,0.1927300780126628,-0.0687214413855122,-0.14377610502722912,0.07517791360633962,-0.19640749177192365,0.23656141728329688,-0.05789370375273318,-0.18667439641753436,-0.20734752381691446,0.0785065756138533,-0.15245107661126506,0.18643246130179353,-0.055224200815275695,0.03088005039554109,0.05641470417726084,0.07426129905462713,-0.28191375241364514,0.2981051459142637,0.06219101918591116,0.046900719871089666,0.07615752258441481,0.011903207694449643,0.08268064108240858,0.08887509300807515,-0.006329570405401087,0.18885363838460378,-0.07672538538438012,0.22635084243633227,-0.14573714890878134,-0.21545919741448963,-0.41538798632381874,-0.13315378400215458,-0.1115631290883611,-0.21248202604682587,-0.24189768427010913,-0.13336193949796182,-0.06729995846019711,0.09561367070348341,0.08416877028489,-0.13848092136195775,0.047687693719273096,0.012574235279617652,-0.024269287478260074,0.3254958528669311,0.02534293161452889,0.2579366129996759,-0.029865748834831354,-0.14971127554583757,-0.13214496021765032,-0.18897597538652558,-0.194721249663345,0.16601952827217245,-0.19697626753458988,0.11138418839898295,0.14813093711056435,-0.18361323248138697,0.2780473553752961,0.11702629789059968,-0.038295133452322806,-0.25626315236890995,0.11253726029023084,-0.08547339398448876,0.08792652476183085,-0.10138450793592828,-0.08113912208117412,-0.013406857262846527,-0.17959345770928528,-0.0882095431991126,0.2853501440198661,-0.009314045474672131,0.08160517102073794,0.25361282164817156,0.14115225022481706,0.24175617505146826,0.3162347592289117,0.16943674766167427,-0.01321239620755294,0.12142951699708308,0.09776552378952558,0.10783641534325115,-0.17741147685411313,-0.21122305048227255,-0.2973766016789384,-0.15802014908680906
#50,0.10748766359150397,0.21382864603066642,-0.12805032250407408,-0.04901879333719821,0.05554099887249107,0.13946053034003295,0.16445105835201101,0.3357803776926694,1.0,0.08362555747784924,0.1960003104073183,0.24257784148228625,0.25826071475849854,0.07867456075082052,0.3140390839332259,0.20466615236434516,-0.0023463141413357556,-0.014371858837707186,0.14595625995699946,-0.07542715242368773,-0.029496911903664175,0.10763008577284575,0.11011334431931784,0.05197405360004017,0.03656598209680143,-0.01199359100183962,-0.1612712092647455,-0.13302596922402735,0.10994170733154697,0.1312548215842642,-0.3051523050025791,-0.1290180629670375,-0.04755074931413677,-0.09862736057918353,0.06518918869569584,0.09678226296064674,0.17536187559057276,0.011509720770357928,-0.025751025941835145,-0.09467514504694911,0.01721482468833736,0.12398307367152515,-0.11822593087959392,0.03550603240104626,0.07933006797007308,0.08542774584944332,-0.12121588372507042,-0.12171710024786937,-0.19082472485586602,-0.204898044890376,-0.14990391067572933,-0.21719291358351556,-0.21079213208744357,-0.03378783659793579,-0.03889586290952083,-0.0830430872746694,-0.2812454637165799,-0.26644086055864186,-0.21981950727403032,-0.28878653562608697,-0.2823729726522023,-0.22371238023070567,0.26622266247312465,0.11555734090483734,-0.12500467893384215,0.14522223794546874,0.1741805018555967,0.25655164858239715,0.21813965590435802,0.2524433164283073,0.1955876512665075,0.15315862270446942,0.23046739125473029,-0.055362058183112926,-0.0672789603180762,-0.1932869852602172,-0.0999639379733141,-0.21504471234827702,0.3085923484596037,0.06437665189188696,0.08665476771946481,0.12913583515545474,-6.573331446543751e-05,0.21843089100594795,0.08805890435346264,-0.23245399809190795,-0.26310945966302546,0.006087635289660241,0.07301784385598926,0.011188357899638011,-0.013928158965065482,-0.2796880131850176,-0.35692459384571845,-0.33612821648171565,-0.20299451765898105,0.010282698900336427,-0.039831649677952406,-0.07644327990979928,-0.11931966019528273,-0.09690459996256853,-0.06336143736847631,0.03895155363427627,0.09378226752546025,0.04760187522538767,-0.07600505781336303,-0.0741563083440226,-0.0833124112714375,-0.2127020500577449,-0.27823268680358065,-0.24505562225255287,-0.07758813513673898
#51,0.4161046620440322,0.29304824551392955,0.4511176945865877,0.4490470951809264,-0.01437551068851082,0.3524985506717123,0.13150223447621048,0.31712489786229786,0.08362555747784924,1.0,0.33108592348459603,0.0791986013411422,0.20260285666029115,-0.05502791383458029,-0.010938206119588983,-0.1618500276171217,0.5019806725796218,0.34358529582273917,-0.19800335057311233,-0.11369672292038509,0.08458782016460717,-0.013052627734893891,0.22865789918152893,0.10556679006879174,0.27837602194762334,-0.1451985009152451,0.23617705998621427,0.1836899213482633,-0.07782367951357347,-0.43522940470267085,0.23388552360693304,-0.2538848845330424,0.4473471586318341,-0.19660103986451632,-0.2201792145781884,-0.2664627716634637,-0.07113166291591157,-0.26377592243468895,0.1700475197085823,0.18914669941159554,-0.08853455792063615,-0.25359821424495704,0.13760082531828163,-0.0674232084248198,-0.05280484965786723,0.17384544454436315,0.10649709906101786,0.15420487795971097,0.10399740718592942,0.14253995353019852,0.23211163707906712,0.3116891179410865,0.30452875147785835,0.12850680385452853,0.1842851730292559,-0.22072242738522918,-0.10814864858696198,-0.2726289217454021,-0.12558075839811564,0.10794323197925748,-0.1195442490197063,-0.06370745023212077,-0.2287154158316862,-0.03238552588933979,0.18706605741622426,0.08011886774365834,-0.08954612059324317,-0.017235822830458263,-0.09841464026987178,-0.037578457732109355,0.3686625552913036,0.13521434081810588,0.11332971191461973,0.1710444749779748,-0.10618851766811067,-0.012769609297612146,-0.08871258564731338,-0.06560184783650663,0.030192589481756724,-0.21280338891754577,-0.11828253456705026,-0.036262878480099695,-0.22199692331569792,0.020316158983324735,-0.047156349427344146,-0.05853734245687393,-0.055207767486659336,-0.14571980261746406,-0.10627068431119246,-0.19681558609922992,-0.06641712352841825,-0.08933661604363649,-0.14232540729548493,-0.159673524538155,-0.02698900336426755,0.29091556464460644,-0.09158659222977446,0.304262166369193,0.3577380436122282,0.23673853204727321,0.29889577161325076,0.3491479775593768,0.02970963221297594,0.10508291983731005,0.14579101370813496,0.3485545518037861,0.26863288400352403,-0.08814015803384352,-0.05631427828016086,-0.21530399375533513,-0.11870341037216925
#52,0.3616153962029881,0.1998128426463137,0.05154130927980937,0.13085311799586427,0.08320468167273026,0.10471225698074105,-0.008762616003323185,0.3408016725476681,0.1960003104073183,0.33108592348459603,1.0,0.09297520849785681,0.2742941657118598,0.04676286250325243,0.10329077405542597,0.009258354749916693,0.24829937872888203,0.07445941196072435,-0.050107957839382475,-0.12023718770969612,0.012720309311763068,0.1348345483345278,0.012042890987688699,-0.0029863009946728626,0.1377752011941552,0.03712197638165493,0.07043415941241721,0.09326735656214766,0.11500773735889021,-0.08731666567762374,0.005172846663349569,-0.0349226492351655,0.23319532380504596,0.1067691619458887,-0.043005108026311585,-0.01868743352490334,0.10430507561613571,-0.06405346309576522,-0.04971629684069257,-0.11836926602363661,0.14381992723687273,0.04047711430749497,-0.06157203047469496,-0.2513961482103649,-0.0836209926643447,0.07373451957620271,0.04545915176635459,-0.07913743284018132,-0.020770814408377344,-0.03511163251425363,0.019072703784686878,-0.08176859134420063,0.06900811167359758,-0.029678591481145038,-0.027159727389337508,-0.06304190042315821,-0.17721062505991317,-0.22898017501494977,-0.1795551132758471,-0.11851168820497839,-0.08022020660345922,-0.10164744119379003,-0.035492337960532624,0.005773576120547595,0.07022965576741362,0.10591919367134256,-0.02275194346934956,0.05480058612205398,0.0015392551137323285,0.06571962002492387,0.06955315040604017,-0.04447406501207393,0.10848279293549462,0.02312443225132037,-0.20847320682713508,-0.13572925178141848,-0.09800928483066824,-0.11949403607115631,0.13650892192799463,0.039995982964116,0.16336189384982677,-0.02479241510588085,-0.21156084668160882,-0.005564507662039467,-0.007355740481222639,-0.035453080564393544,-0.11673232390090703,-0.16517047296032722,0.031002387397462878,-0.058740933139176596,0.02074342552735008,-0.04322012060696626,-0.14831352965074612,-0.16465738792241644,-0.010963769075214432,0.13502900938982138,0.14695778003989646,0.04140651033702018,0.053707769769066084,0.04723212533151958,0.10298949636412605,0.11247883067737267,0.0154765437058069,-0.008230358748693323,0.06675400676505361,0.07041407423299721,0.15411175576421826,-0.12841824647254035,0.05563138217988104,-0.1326078323070111,-0.04160279731771559
#53,0.0967165296461813,-0.03316610899861686,-0.019328333340941355,-0.08659633810660665,0.2791821680125258,0.27484194333240514,0.05436236402561773,0.38532229865748835,0.24257784148228625,0.0791986013411422,0.09297520849785681,1.0,0.564602610160362,-0.007523725618189868,0.0774137592608654,-0.15636951252356585,0.11287870834037075,0.008308873540971484,-0.0906024184381947,-0.18743672027279326,0.04113809930295298,-0.1717273710782546,0.04036481989528318,-0.09096760351855825,0.16264704405501512,-0.21639498418292122,-0.0010517330314470002,-0.19025229724239617,-0.10063131370767847,-0.07661856874837379,0.043970109601172244,-0.11791187171048127,0.17443247956104754,-0.16389323814175571,-0.1115749976034729,-0.16714795017049577,0.03370749588025581,-0.05614811906859545,-0.11747547553944683,-0.15799641205658543,0.028444265909516268,-0.0030319491297183055,-0.04486116119725929,-0.10010909904275861,0.44395002442175224,0.128051235466775,-0.03196647600962263,-0.11704181825651513,-0.020469536717077425,-0.07036568720984904,0.10603148808355435,-0.0763528966024093,-0.036095806305833374,-0.2790315291668759,-0.0006637238835607371,-0.20689743320536638,-0.280913145293449,-0.16787466848041924,-0.14304390894110022,-0.07611643926287391,-0.1475785946765145,-0.21086608206621718,0.15153081020874892,0.14064373000041083,-0.1740362537488531,-0.0741654379710317,0.10229747063683713,0.2725577106547312,0.14480044917764884,0.18272126792259902,0.19216769298890293,0.1539729854336801,0.09463040987460457,-0.09361610831389483,-0.11603755928551539,-0.2048870893379651,-0.29270131968758417,-0.27795514614250433,0.2183633317660807,-0.21877051313068605,0.3126148621198081,0.3990112613949157,0.03766975400220024,0.44159001583990287,0.308239031894352,0.132258167592563,-0.15160749907562526,0.3115512605732493,0.18253867538241725,0.16364308636170669,0.1779053896753048,-0.04427870110028123,-0.06843933591093136,-0.195402319838223,-0.1744799536214948,0.021915669635317048,-0.31256282324585627,-0.05079998356667138,0.031608594630866356,0.17486431091857743,-0.0028886139856756153,0.2606992381326261,0.014769910575303446,0.1440436030985954,0.06898893945687849,0.03437761050272291,0.03033775055120123,-0.11804607722751487,-0.2050103393025878,-0.07533311726549412,0.07228290888175763
#54,0.01801823186513715,-0.02064756444375465,0.050152693011727006,0.012630838967074001,0.12378861261623156,0.32658319144371356,0.21104045794209078,0.17549699407030725,0.25826071475849854,0.20260285666029115,0.2742941657118598,0.564602610160362,1.0,0.023455837711750287,0.10018396198423313,-0.14484244546189065,0.18000063907389063,0.03576622677080528,-0.16731593530746303,-0.14311694595717292,0.03190804639676446,-0.13646692564375282,0.2560604746493082,0.016636919298662053,0.20876718081682774,-0.19465186449807592,0.11491278923799568,-0.0138578608370955,0.028213286346186327,-0.11499221699297475,0.049602176503078965,-0.17413120186974762,0.21232590942497045,-0.2071037627757718,-0.13139541784020414,-0.15268479506269772,-0.05168099257304843,-0.20905841591841764,-0.009017332596876754,-0.0447488667850475,0.06677135305637089,-0.11375332660784143,-0.09715201285451483,-0.12296877211081542,0.212620796377364,0.1259998082778328,0.08037084544910918,-0.004802183806780574,0.12723687273756432,0.04484107601783929,0.2439655447876677,0.06989277253077826,0.0830951261486212,-0.21461288099074713,0.014246782947682673,-0.27740919444736084,-0.18193794592521922,-0.14421524008636627,-0.13061483473092708,0.01756448940278545,-0.20519293184276957,-0.18583720962080094,0.14651042831645114,0.06739673250649345,-0.18621608914167811,-0.06018615309471532,0.11101535146781578,0.306395760201217,-0.028041649358415462,-0.05067034286314233,0.1150378651280202,0.03105351330871377,-0.15261084508392408,-0.09086169984525282,-0.25658999301583535,-0.20410102845248257,-0.37307672995019786,-0.2946185413594928,0.2602783623275071,-0.1439002679545527,0.24854770458352923,0.22045219042576017,0.195813153053632,0.1826281457271063,0.10175699671789909,0.014810080934143436,-0.09160119963298899,0.1404036208100718,0.09844933285250632,-0.006902910981571848,0.17592152172622988,-0.10804642142505119,-0.15148151022289985,-0.2582771480871149,-0.15490512035130805,0.055421400758672,-0.22601943697590235,0.1180488161156176,0.09380600455568387,0.2449433278403411,0.024280243030670983,0.2246226040435118,-0.03252703510798066,0.23942264238794525,0.02960738039047415,0.2121953557587405,0.035369087995909924,-0.1769330843988369,-0.11942647683128906,-0.18662053161818073,0.08769189334769728
#58,-0.1495998940963267,-0.04108788635440299,-0.24381308001661592,-0.13239419903499844,-0.1100695221096742,0.09651659081468227,0.13071982544153157,-0.19336276116439263,0.07867456075082052,-0.05502791383458029,0.04676286250325243,-0.007523725618189868,0.023455837711750287,1.0,-0.12311941095646538,0.03406811614711481,-0.19416069056498697,-0.3482596648513925,-0.13497605755316866,0.06595699032716018,0.047182825345670504,0.05364294941730156,0.1587769951658625,0.05431032515166593,-0.187719738710075,0.0876526359515582,-0.0676806639064761,-0.04796979919385393,-0.14993221251945751,-0.07657474653873016,-0.07154888687022691,-0.0441609188056622,-0.14818297598451616,-0.046251603390743475,0.012053846540099604,0.11609872778647629,-0.11456951526245396,-0.03661710800805233,-0.11940273980106543,-0.10292102416155788,-0.05097162055444225,-0.08515020518836702,0.041212962244427505,0.010354822953708227,0.030555948636718448,0.19523798655205943,0.08202787275125875,-0.10114165985748652,0.08451934796203901,-0.0030109509875974015,-0.05465359912720766,-0.04692902171481784,-0.15836159713694897,-0.09809053851104912,0.09211611059630159,-0.14326301998931834,0.2511925575280622,0.27729233522164454,0.0709180296438989,0.08798951918819356,0.22066582369777282,0.19172399311626123,0.010857865401909006,-0.04599871272259172,-0.14231353878037312,-0.02018560531709477,0.23491899738436187,0.2291372045995061,-0.03891777401434265,0.14050222078176997,-0.09138939228637814,-0.005135415192612305,-0.10932363158303167,-0.10163557267867822,0.05936083481309371,-0.011618363331766081,0.03364724034199583,0.10255492611849343,0.024419926323910036,-0.13851104913108775,-0.021366066089369917,-0.07620956145836662,0.09879078090264622,-0.1533421282073521,0.13308622476228735,0.11477310594475662,0.1677276814855729,0.0785065756138533,-0.07656470394902017,0.1033555944071905,-0.19033537684817886,0.03270780918801393,-0.1135844285081733,0.17370028347491864,-0.004350267269830691,-0.24785202700543668,-0.24344606901085056,-0.15007189581269656,-0.05045853551653147,-0.13519516860138678,-0.23079970967786112,-0.05987026800020085,-0.28346305011708745,-0.08356621490229017,-0.146672022714512,-0.07361218257428093,0.0007769312584734351,0.1551269702876289,-0.11004213322864695,0.2285529084709244,0.09147977559376812
#101,-0.13108957533539967,-0.0992947363135479,-0.20614241305171477,-0.09785682005961646,-0.026328018368809544,-0.22629971652508138,0.25996430315839447,0.13713156249001446,0.3140390839332259,-0.010938206119588983,0.10329077405542597,0.0774137592608654,0.10018396198423313,-0.12311941095646538,1.0,0.30022504530577404,-0.329042712959962,-0.2002364573395354,0.5792036226359972,0.04406688364746858,0.5232362701821817,0.26975035034943645,0.044559883505959366,-0.001222457056516956,-0.055613122925862866,-0.11146179022856022,-0.10413252566566393,-0.34296265526071934,0.2067139277024837,0.18202193849370285,-0.3191124176621764,0.0028493565895365345,-0.14034610415991455,-0.06116302318468779,0.3828235197451008,0.13162548444083316,0.6333039663664541,0.3872313036650888,-0.024944879876932627,-0.09541008002118073,0.40266676404935475,0.3620244034929953,0.3646135657127728,0.30082394883757024,0.00037887952087717455,-0.02571633335920061,-0.2755093190667695,-0.3475557706089918,-0.30779624498441116,-0.17978609283917704,-0.06273514495565284,-0.30295023896798695,-0.11536196688684283,-0.06091926214354512,0.1249681604258058,0.3032442129576796,-0.3661464300875988,-0.32442768650686776,-0.5172043256172769,-0.4096673620399239,-0.28449287204371265,-0.275404328356165,0.2329935590481451,0.25764446493538506,-0.25583588582488465,-0.10905430758626357,0.1967434620458581,0.05340192726426162,0.4342744457175202,0.13476881502006235,0.15353567629994477,0.2835187408418429,0.1932559445283863,-0.1234206886477653,0.1256191028315538,-0.25766181122670234,-0.08642744000693851,-0.3106337330588359,0.1325274915893311,0.1130275212606189,0.25734136131868335,0.01442389771165899,-0.24910461183108365,0.08471928679353805,0.044798166770896576,-0.3982498505023577,-0.37497751829349013,0.012683790803726714,0.02644213870642315,0.07347889001994823,0.1230500257911963,-0.36114712876589583,-0.17322462990774512,-0.47224365148561853,-0.2947837876083573,-0.14252443316428307,-0.13218239168838758,-0.27211948855829493,-0.3002579119630068,0.021911104821812504,-0.1798207854218116,-0.3034377610502723,0.08265325220138131,-0.04220809158841816,-0.05203978691450561,0.0167035655758284,-0.21681220813723656,-0.2449022445188002,-0.030214500586578534,-0.32876791118698845,-0.06646277166346369
#102,-0.04531216477150826,0.07052728160790991,-0.39303500755476634,-0.03447347158631834,-0.0710823629300625,-0.14769636686493173,-0.04442111317542122,-0.2344278234512729,0.20466615236434516,-0.1618500276171217,0.009258354749916693,-0.15636951252356585,-0.14484244546189065,0.03406811614711481,0.30022504530577404,1.0,-0.3845216303687913,-0.20858002346314142,0.6160626657597904,0.66283283196465,-0.14876453322499508,0.5051376975993646,-0.3446826769892316,0.15915313579863694,-0.49741129426157293,0.4025471659355357,-0.521560070663313,-0.19605326224397102,0.3270131968758416,0.5166118128243871,-0.4066801480825501,0.19924406688364746,-0.200370662856569,0.23706902454500223,0.5147886263106721,0.4824880059525168,0.32146603550511943,0.6079948143718589,-0.33840788434588503,-0.23824948531727735,0.20824496615190785,0.4149616327424943,0.05677349851871802,0.4957560928848252,-0.3912775543555168,-0.13223716945044212,-0.1666622540136123,-0.1243692568940096,-0.3534672040973766,-0.20611228528258477,-0.3259203805228537,-0.22190836593370977,-0.5039225442444549,0.062209278439929336,-0.33027247371808627,0.39993152779743185,-0.36749487599684116,0.12843559276385763,-0.3145649504489494,-0.40065459425655164,-0.3921330004062684,-0.41296315739020484,0.5186833251927493,0.43345460521210405,-0.12046360245952152,0.15569483308759421,0.09727617578183843,0.236460078423496,0.5689017515189417,0.5604541076474321,-0.1320217102530276,0.30446027927529024,0.12906005925127928,0.0716703109094478,0.1802982649143869,-0.14141153163187517,-0.16115526300173005,-0.3871847425673424,0.13280868410121105,0.5855450615565101,0.05675706519010166,-0.016267169404793967,-0.09949467514504695,-0.0758973282146558,0.07552849128348861,-0.5073278951188449,-0.47617486887573207,0.0012927551844869377,0.19907608174668023,0.12884094820306116,0.12480930491584766,-0.3935559426011192,-0.2990765382280307,-0.3280996224899232,-0.28410942770933095,-0.5014347208844783,0.23775648545878658,-0.39844065970684767,-0.35371279106392106,-0.2802083380883474,-0.28563498838254964,-0.5067426860275623,0.0707947796792762,-0.16245167003702063,-0.1229569035957036,-0.2966088000474741,-0.20851885496218053,-0.38492059506908843,-0.3141011653968877,-0.19099088406743142,-0.045834379436428124
#201,0.42715242368773026,0.1986405985383467,0.6919033902869898,0.4809085804799445,0.05380636974076424,0.33187381029548035,0.003489343442873641,0.2712156554843952,-0.0023463141413357556,0.5019806725796218,0.24829937872888203,0.11287870834037075,0.18000063907389063,-0.19416069056498697,-0.329042712959962,-0.3845216303687913,1.0,0.5356489110637385,-0.39389958323252705,-0.14746995211510633,-0.11888691587505193,-0.23725892078679126,0.1600679244249476,0.017486887573208196,0.35122770659204716,-0.024183468984374644,0.3261960952585282,0.3343835447602788,-0.18148968123907297,-0.24676468842865426,0.25453673990149134,-0.11328954155577974,0.6302784079756422,-0.06718675108528441,-0.3932157741695463,-0.3298753349431909,-0.2647345332706432,-0.4574600464698015,0.2890275577791269,0.24179543244760734,-0.19904869286565297,-0.2298401858792059,-0.2721057941177813,-0.3176407217883113,0.03015515801101946,0.0614423897711659,0.251134127915204,0.24861982863690105,0.17111294718054293,0.16194497573801622,0.28146731365290073,0.4433045597922097,0.4165483619166739,0.16116256670333734,-0.07384498806301268,-0.29946454737591693,-0.1647276860503864,-0.20137400886486784,-0.01008184710613648,0.2940762415151529,-0.011715137378062419,0.06649655128339732,-0.27983037153017115,-0.11991399891357439,0.22100909767331456,0.1706555528673876,-0.11084827929354946,-0.003898350732880808,-0.29664988336901493,-0.13490667238789958,0.3384398380404169,-0.019918107245728477,0.052987442198048997,0.08129019888892439,-0.1049240643273519,0.12369366449533704,0.0021445493844348988,0.12214527975459563,-0.034193192037139324,-0.1833786010672534,-0.08220133566443143,0.013721829394660082,-0.017975322618194435,0.09281635298789868,-0.011349039334997969,0.12319062204713627,0.09412554150100198,-0.007837784787302515,0.018314944742932528,-0.16311448095788048,-0.05132676304509579,0.06703886642873506,-0.04399567255679769,-0.07220622001488129,0.14861298141664422,0.44467126495547027,0.09591494839478333,0.6233572377400521,0.43159033537684816,0.32550954730744475,0.49952480291417695,0.580547503731735,-0.038955205485079906,0.5349103242387032,0.19241601884355014,0.41411166446794817,0.42600209068458506,0.07684315757279736,0.07153610539241419,-0.17968566694207708,-0.19653439358734998
