,#10,#11,#12,#13,#17,#18,#26,#49,#50,#51,#52,#53,#54,#58,#101,#102,#201,#202,#301,#302,#401,#402,#501,#502,#601,#602,#701,#702,#801,#802,#901,#902,#1001,#1002,#1101,#1102,#1201,#1202,#1301,#1302,#1401,#1402,#1501,#1502,#1601,#1602,#1701,#1702,#1801,#1802,#1901,#1902,#2001,#2002,#2101,#2102,#2201,#2202,#2301,#2302,#2401,#2402,#2501,#2502,#2601,#2602,#2701,#2702,#2801,#2802,#2901,#2902,#3001,#3002,#3101,#3102,#3201,#3202,#3301,#3302,#3401,#3402,#3455,#3501,#3502,#3601,#3602,#3701,#3702,#3801,#3802,#3901,#3902,#4001,#4002,#4101,#4102,#4201,#4202,#4301,#4302,#4401,#4402,#4501,#4502,#4601,#4602,#4701,#4702,#4801,#4802
#10,1.0,0.6543168746558577,0.5655010943146537,0.6333069587306875,-0.035601549160871195,0.17922097752606228,0.4239328696955816,0.7844889573703133,0.220247828722405,0.7196486162587857,0.6915457830712068,0.010025587991689686,0.15678868390732797,0.06152685813702763,0.15335628386475844,0.11339043203449983,0.5766723580282902,0.2349671705603909,0.182844477759732,0.11789863823762128,0.06605866266883216,0.21428901937376513,0.2334536385383843,0.08110144042347432,0.25143417685790564,0.03302053980020082,-0.07971191530513565,0.03686197753994364,-0.09898712271593628,-0.41977678757339776,-0.23702994211468786,-0.44837518566332124,-0.07125445939005261,-0.5087818172563935,-0.4213671298417061,-0.07664505800099021,-0.2542687525738373,-0.35672251604454996,0.10598194496499581,-0.06774895079979826,-0.1122248596824868,0.19826482877330334,-0.17076167076167076,-0.19648246088924054,-0.29457099626591154,-0.07025546347580246,-0.31797035864832474,-0.35198110282856043,-0.1863587778842016,-0.0935220274203325,0.029012988335022232,0.23106234123183275,0.1015015015015015,0.4432251974624856,0.34554986419393197,0.30563398529500224,-0.32115243132192284,-0.25020567562940443,-0.389207697682274,-0.23259947158252242,-0.23895945251877454,-0.20824645909391673,-0.3018212357195408,-0.1414576363728906,0.21692416607670845,0.29288672339519795,-0.08362599888023617,0.0620807247925892,0.3029465520990945,0.1519917452120842,0.38612649629598783,0.4183979048385828,0.3810033454101251,0.1701208141886108,-0.07042342805054669,0.014745253728304576,-0.18097928436911487,-0.11219154439493423,0.0035018068916374003,-0.07066265032366727,-0.13692536912875897,-0.39152820000277627,0.03485195519093824,0.04453606148521403,-0.13384000333152876,-0.37786245413364056,-0.36012992962145507,-0.053637612959646856,0.09362798854324278,-0.260063761758677,-0.24254917475256457,-0.341319285387082,-0.3702133566540346,-0.2666967429679294,-0.2312719499160177,0.4255519001281713,0.13204282865299816,0.11326087258290649,0.14019119273356562,-0.21225077157280547,0.18775987081071827,0.33661535186958913,-0.37740992147771807,-0.002764706154536663,0.03540258286020998,-0.012869417954163716,-0.26038951123696885,-0.31110926026180263,-0.13256661900729697,-0.08122452190248801,-0.10729651068634119
#11,0.6543168746558577,1.0,0.5893728859830555,0.6483025398279636,-0.05478097511995817,0.25059944381978283,0.667258475733052,0.5532577261390821,0.48924564009309773,0.778722636349755,0.6821430058718194,0.04917521527691019,0.2737026703128398,0.2773099756150604,0.24201566743939626,0.2776459047645488,0.5802171971663497,0.3577511255477357,0.2666675920913209,0.07099950489780998,0.07811324421493913,0.17926354706015724,0.16524521439775677,0.06659309540665473,0.31371525608813744,0.06309128851501733,-0.13860825386249115,-0.05604880689626452,0.10482377601021668,-0.21385823419721725,-0.12139119088271631,-0.19497077971654242,-0.008392676189286359,-0.32035610340695087,-0.3020609207049885,-0.18305131016995424,-0.06726495370563167,-0.18942517247601992,0.025836930921676684,-0.16083787948194728,-0.08997811370692727,0.028831605102791542,-0.039025620381552585,-0.08231143315889079,-0.35386249115062673,-0.2378998412896718,-0.33738808145587806,-0.3359157308309851,-0.23257402240453087,-0.20544936307648173,0.0623592776135149,0.14529398427703513,0.17141455785523582,0.4410504495250258,0.4184659235506693,0.27852690903538363,-0.3909701689362706,-0.2002133103828019,-0.552216160690737,-0.32602664297579553,-0.4043818857378179,-0.27762415728517426,-0.26481350379655466,0.09713581069513273,0.21884488494657986,0.14313219228473464,0.26138850715121903,0.3702878533387008,0.4790058162939519,0.27664413257633597,0.5938829430354854,0.6057950091848396,0.3206184612964274,0.3150094624670896,-0.04666361276530768,-0.013389969322172712,-0.11489748608392676,-0.17471647302155777,0.2130503384740673,0.02202649490785084,0.006541826880809932,-0.23186422169473017,0.07752282328553516,0.008851686817788513,-0.22189184562065917,-0.4219769846888491,-0.44005608073404684,-0.05213842501978095,0.15156743800811598,-0.19641906930042524,-0.1671978604181994,-0.37966286779846103,-0.42214818824988315,-0.37553038400496025,-0.3956306074950143,0.5808002146985198,0.28238084000795866,0.31567946991675805,0.19490553727841864,-0.03690593521101996,0.22294405345252802,0.25062489299777435,-0.1565614921547125,0.04227478634258295,0.20051407339542932,0.07254588949504204,-0.037422784880412,-0.4312404854777736,-0.17491405118523762,-0.3164068536949893,-0.2723020400986503
#12,0.5655010943146537,0.5893728859830555,1.0,0.6484746688136519,0.13395429327632719,0.3244779448169279,0.3630949902136343,0.3546703868737767,0.2646575697423155,0.5534025550974704,0.3868598953344716,0.04578538476843562,0.17266989639870997,0.034145856179754484,0.011238357001068865,0.0747271154050815,0.7303567049329761,0.7541428948208609,0.12906296126635108,-0.09030802759616319,-0.07588528435986062,0.16770684397803043,0.35147998537829045,0.14359675546116224,0.5904875599790854,0.2261835024546889,0.12192284734657616,0.1045600299837588,0.1159348871213278,-0.21101486694707033,0.0811227251905218,-0.31366667129378994,0.23279334804758534,-0.310306454374251,-0.24896097946945406,-0.09280945043656907,-0.21533474923305432,-0.2408593493339256,0.16534932467135857,-0.022303659591795186,-0.06772627789576942,0.09801820310294887,-0.23775316148197503,-0.19743703642008728,-0.3093014431997483,-0.10869436462656802,-0.16190304325897545,-0.15861917387341115,-0.15008166872573653,-0.026757728452643705,0.3303511523850507,0.4591785930768982,0.3997043268229709,0.5977442774052943,0.4039932073830379,0.3544163578061883,-0.3448021210733075,-0.24263755280704433,-0.3619118347931907,-0.09915508729068051,-0.3957185228371669,-0.18783945733098276,-0.306340084306186,-0.018924934179171467,0.37071447410430464,0.17078017925475553,0.05367231638418079,0.10330006431701347,0.30491493033865913,0.026013224318309065,0.51953710258795,0.5619738382450247,0.10781891290365866,0.21514873887755243,-0.10547990209007158,-0.05645460560714798,-0.2823993485010434,-0.25073131683301175,0.19890013279843788,0.13080831216424438,-0.1340736730567239,-0.25985415307449206,0.024132298708569894,-0.004806192941786162,-0.16934947273930326,-0.4752671006908295,-0.38482997635540006,0.11538934928765437,0.08162569349010027,-0.235872698584563,-0.22798391611950933,-0.401581088021766,-0.24754184076217975,-0.4605287876474317,-0.3914587931537084,0.6423266101232203,0.34700972158599275,0.5581037123410004,0.4343184478777699,0.12625984998866355,0.5094819010073247,0.6089479309818293,-0.005800099020438003,0.32846837592600303,0.46996025301110045,0.4143635160584313,0.06342073969192613,-0.4411425292781225,-0.19401527876104147,-0.41223272579204784,-0.42884641189725936
#13,0.6333069587306875,0.6483025398279636,0.6484746688136519,1.0,0.06776375759426607,0.3222078781400815,0.47767459292883024,0.5729359559868035,0.2704303687354535,0.7579635105058834,0.5048284031334879,0.20911173114562945,0.22941277178565314,0.23372062355113202,0.16423974051092696,0.1884705969451732,0.5969433223670512,0.35551622500775043,0.2164045401333537,0.07851765478884123,-0.05377735208243683,0.1849854476973121,0.16596704562806258,-0.04733871005057446,0.3152704322195848,-0.01964815354645863,-0.06832780392102426,-0.012864790830892526,0.16364654330756026,-0.16050333846944018,-0.07264953705631672,-0.24773988163818672,-0.003396771193381363,-0.37563079257994514,-0.31819801311326734,-0.2220329728804305,-0.07625221523526608,-0.13671899943086382,-0.04214337604168113,-0.13463586853417361,-0.1794731557443422,0.0005968989019836477,-0.01648967920154361,-0.025775390182169844,-0.36763651170430833,-0.07387156031223828,-0.20143024380312516,-0.220383866146578,-0.12983430271565866,-0.15739113535723706,0.08400310942683824,0.23206642698168123,0.08162939518871722,0.3806757450825247,0.13091658684879023,0.208449589805522,-0.452565971210039,-0.28169047321589696,-0.4397890957212991,-0.21426495833275494,-0.36461777648218324,-0.15720419957708093,-0.25497670243432957,-0.04128134297625823,0.3610909831248814,0.2034097271385407,0.1196500043957671,0.245549864193932,0.4857530874480027,0.18181586825654622,0.5068823831535696,0.5347834737665246,0.23869154208137258,0.13776704285178862,-0.12443537528283291,-0.07170190221037678,-0.22071794444675802,-0.27913861473183504,0.1417361891938163,0.04071174410157461,-0.02870528463748803,-0.173147878232624,0.234124571412707,0.1288552034314746,-0.3185265388655219,-0.3528352697844223,-0.4139956597583716,-0.0977382621450418,0.026308434783011054,-0.1380067278372363,-0.0574818269733524,-0.23272394119851747,-0.4102310322649306,-0.2798604459621409,-0.32547786615583224,0.3713099848693069,0.19988802361683716,0.2392731714765613,0.12502533349990977,-0.07385860436707894,0.21178204398543382,0.2822485042824026,-0.19116635896296913,0.06256703544839139,0.1273971968887223,0.03469139401342791,-0.23053161019262713,-0.3861681404054285,-0.1813096609706779,-0.26000453458080575,-0.2568580907563958
#17,-0.035601549160871195,-0.05478097511995817,0.13395429327632719,0.06776375759426607,1.0,0.537030404827015,0.16297375958392907,-0.04473363964889389,-0.054131789725010065,0.018802315412484904,0.08716574818269733,0.42147216553996214,0.22792422622931097,0.10578760578760579,-0.1588843080368504,-0.08316698825173402,0.07680608189082766,0.047136967475950524,-0.1417648773580977,-0.09512625105845444,-0.08463378632870158,-0.05438350523096286,-0.02775672436689386,-0.2004941767653632,0.10955963667828075,0.032530064733454565,-0.12410777495523258,-0.25336414997431944,0.39014792913097995,0.3365556619793908,0.22391297306551544,0.1444897902525021,0.11543932221898323,0.17590333014061826,0.20387521573962253,0.04481924142941092,0.23124418717639056,0.012506651489702337,0.15335489572777708,-0.043687909789604705,0.21938949735559904,-0.043036410833021004,0.14012918928173165,-0.031234932929848185,-0.0505605759843048,-0.026685082617286006,-0.15759287793186097,-0.2586228755720281,-0.2559183220200169,-0.24715408783205392,-0.2376217511810732,-0.1766663427680377,-0.17172041070346156,0.023670049093777908,-0.1183321996881319,-0.008390825339977882,-0.1267572657403166,-0.19445115377318767,0.11178991009499484,0.0676096743893354,0.027617910668758128,-0.005058833872393195,-0.20091385684606022,0.22175719633346752,-0.13554000842136435,-0.18942609790067416,0.16761337608795235,0.22848595899443358,-0.005136106831022085,0.10618970279987229,0.05566197939079295,-0.008244608244608244,-0.007565809260724515,-0.12672071146647418,-0.02385513402462555,0.0050981644201983185,0.2013682403512912,0.14842099418370605,0.23616698362461075,0.30040117158761226,0.12338594372492677,0.37101384897995066,0.010714566646770037,0.09418509418509419,0.37515234803370395,0.20976831993781148,0.16442390001712034,0.2249971080479555,-0.07883368730826358,0.25724353012488604,0.12313885534224517,0.19961178435754706,0.17947176760736083,0.08537967860001758,0.04768944599453074,0.03577969340681205,0.11880647982342897,-0.12557503574452727,-0.11744286659540897,-0.16154629205476664,-0.11283934165290098,0.27580153342865205,0.3515294955972922,-0.12556207979936793,0.046887102819306206,-0.16000129559451592,-0.1305237440830661,0.07851302766557004,0.09442616730752323,-0.02448719906347025,-0.03095638010892248
#18,0.17922097752606228,0.25059944381978283,0.3244779448169279,0.3222078781400815,0.537030404827015,1.0,0.3757126926618452,0.17554657893640946,0.0625091964075015,0.3170319780489272,0.27654233586436977,0.38971066598185244,0.40391963612302595,0.15120883595459866,-0.03347399788077754,-0.038543474136694476,0.2514101158168955,0.21915027508247847,-0.05121531392717833,-0.3279811398455466,-0.2696155323273967,-0.0831739289366408,0.1029664487291606,-0.18033935322070915,0.31185607795777287,-0.029312363210668296,-0.07737891975180111,-0.13320886371733828,0.48470967115034913,0.20997422692337947,0.11597329224447868,0.01789216026504162,0.023057880684999327,0.02622792283809233,0.1492506373862306,0.15700800955038244,0.08033611423441932,-0.14043365399297603,0.051182461351952875,-0.1530069360577835,0.11266952622884827,0.048657440182863915,0.07557434167603659,-0.10201233591064099,-0.08399940772822129,-0.03976364654330756,-0.14167881286525355,-0.12084981745998695,-0.13545116765455747,-0.1752208294581176,-0.10298588264689959,0.027381001957273145,-0.0856512907360365,0.15268118657949167,-0.03642286354150761,-0.09623305894492336,-0.3528292545241698,-0.37922976906027756,-0.11016208812818983,-0.038606403013182675,-0.16116501709722048,-0.16415228788110145,-0.1395679192289362,0.2930708829013914,-0.009844204759458996,-0.13638214485672112,0.2188212866178968,0.3067259863870033,0.1872379313057279,0.10011290180781707,0.3415571195232212,0.29714460222934796,0.16124275276817648,0.06286733574869167,-0.04774126977516808,-0.18314847975864926,0.06902973852126394,-0.060600970770462295,0.25229574721100145,0.2506327591073354,0.11791622130605181,0.21854365922162533,0.12678826746623356,0.0965273439849711,0.2141303090455633,-0.042501978095198435,-0.11481003345410125,0.11060305297593433,0.12992406890711974,0.15742213708315403,0.06981125964176811,0.045966305288339185,0.03386730335882878,-0.08224341444680427,-0.13184525048931828,0.1613514901650495,0.17819375615985786,0.00929912963811269,0.07006343786004803,-0.09445809445809446,0.06935965241049986,0.42285012285012286,0.1263385110842738,-0.07966703220940509,0.06890156720665196,-0.1376795902219631,-0.13895019827223218,-0.16996210386040894,-0.24115641064793608,-0.1773233942725468,-0.2091543006797244
#26,0.4239328696955816,0.667258475733052,0.3630949902136343,0.47767459292883024,0.16297375958392907,0.3757126926618452,1.0,0.4566979922912126,0.4119786967244594,0.6404914930338659,0.6889624601489008,0.2863143575007982,0.45718615379632327,0.3987983360864717,0.2384421401370554,0.20714798002933596,0.4406613084579186,0.22041440516016786,0.17637252044031704,-0.03170227238023848,0.018992027466603736,-0.02516969974597093,0.047810676624235944,-0.06782900003238987,0.24052064391047442,-0.07958143042888806,-0.3531351073723955,-0.3369919997038641,0.36487550724838863,0.017563634512787054,0.023379928464674227,0.029593692305556713,-0.00471411318868946,-0.0376384088248495,-0.08259322496610633,-0.04148632453717199,0.17127111703382888,-0.003015496235835219,0.1137189577867544,-0.16908295043888263,-0.06622662724357639,-0.0447558498405956,0.17426625392727088,0.030726412082344286,-0.17071030969336054,-0.13150191794259591,-0.458319336285438,-0.39732783631088714,-0.3620053026832688,-0.3576622847809289,-0.302051203746119,-0.12409990884567156,-0.129070364663585,0.21012507114202028,0.18966855916008457,0.14049103032153878,-0.4033042287279575,-0.23300018045780757,-0.35287691389386305,-0.2275498919566716,-0.2945487860742098,-0.2175067208965514,-0.008434320298727078,0.2794018980459658,0.0031320997422692337,-0.029388710744642946,0.5224244275091733,0.5947838439363863,0.38188897680423106,0.23078610197254265,0.522827449946094,0.3926748011493774,0.28572856369466537,0.21984758255944697,0.05219626406067084,0.061072011919469545,0.019134542863356422,-0.03781192594751917,0.45067532864143034,0.13204976933790494,0.12159154532035887,0.009072863310151445,0.17632578649527803,0.08190470902335309,-0.04778939185718847,-0.1804272685628618,-0.2127167228862144,0.021278289074899245,0.07737706890249263,0.04833770596482461,0.05902728614593021,-0.08146420688793571,-0.22550886788174923,-0.1720531008666602,-0.27994697316731215,0.33832738747992985,0.18982403050199662,0.16736397414363516,0.008535191586039043,-0.09288348440890813,0.003085828509557323,0.23552844061318637,0.05362928413775871,0.037367722113484825,0.021976984688849097,-0.1066524151269914,-0.030400662604052435,-0.29849664764919004,-0.09025898008948856,-0.2830795356219085,-0.25600623736216954
#49,0.7844889573703133,0.5532577261390821,0.3546703868737767,0.5729359559868035,-0.04473363964889389,0.17554657893640946,0.4566979922912126,1.0,0.3191345428633564,0.6687794111522926,0.6855337618049483,0.14723413706464553,0.19110620636044365,0.14557623879657777,0.17264722349468112,0.060304834881106065,0.4108478277969803,0.04593160186380525,0.20844635081923218,0.15808335299860723,0.033667411633513326,0.08619266415876585,0.1031482946737184,-0.10514767463920006,0.15617235108760533,-0.23358782511324885,-0.11537315435620521,-0.08131197453231352,-0.027136227136227136,-0.2791099265675537,-0.3064238352373946,-0.24028373519898943,-0.2984045678960933,-0.5339811305913,-0.3420351013571353,-0.19836338649897972,-0.25812962423131913,-0.32053193409125613,0.016544279256143664,-0.26943646265680166,-0.11870468311146277,0.048664380867770696,0.03742833742833743,-0.004745577626933559,-0.22929709370387336,0.0133025166923472,-0.354205360985022,-0.4136509390746679,-0.15762202880846948,-0.07097127944585571,-0.05940856110347636,0.19946325370054183,0.024157285174234325,0.41227159362752586,0.18257194019905884,0.17618419652317957,-0.38051796017897715,-0.36821906652415126,-0.396488013437166,-0.2467344077513569,-0.2561931731423257,-0.18368198707181757,-0.21353572370521523,-0.10721414789211399,0.22966541271626018,0.2820379701735634,-0.07605278622227775,0.1310873276974972,0.34456151066320556,0.0907489924439077,0.4377378919751801,0.43824039756243144,0.5354136879560608,0.07629015764608985,-0.051205134255981714,-0.03843843843843844,-0.09293438276489124,-0.062243136819408004,-0.07028739062637368,-0.18208794310489226,-0.01866581527598477,-0.23966647695461255,0.12576335966166474,0.11693573388488643,-0.17631283055011868,-0.26664168020100226,-0.4022399903755836,-0.17498299532197836,-0.0051837662007153534,-0.15473146490095643,-0.11421405997677184,-0.25679516187990764,-0.4191761869727971,-0.16408241831970646,-0.2470925470925471,0.2534016296728161,0.005191632310276378,0.006968447646413748,-0.03125575498456854,-0.2214804943618503,0.09842261367685097,0.2060425602798484,-0.37700366005450753,-0.08678354780049695,-0.13876048621811335,-0.19117653863416575,-0.44443704104721055,-0.2704590568997349,-0.17392616036683833,-0.06790210858007469,-0.12342157257411494
#50,0.220247828722405,0.48924564009309773,0.2646575697423155,0.2704303687354535,-0.054131789725010065,0.0625091964075015,0.4119786967244594,0.3191345428633564,1.0,0.4234035267933573,0.3890170602035009,0.1257966749492173,0.3144241313732839,0.3313459838883568,0.1081613200257268,-0.0009365297500890721,0.3809200571912436,0.25001503815063136,0.14790923434991232,-0.040147697774816415,0.019847582559446967,-0.1256532341278104,-0.02885936784241869,0.03144963144963145,0.05965241049986813,0.0010452671469620622,-0.16017296186787713,-0.09965574202862339,0.20267216368911284,-0.023954617174956158,-0.05161972450108043,0.11246130568164467,-0.06879930778235863,-0.17166303437489877,-0.09695859187384612,-0.17168987168987168,0.05143186329627008,-0.08869223614986327,0.13352350809977928,-0.284837379752634,-0.06488105979631403,-0.031893835283665795,0.21594136509390746,0.1825978520893775,-0.013389043897518474,-0.15968480036276647,-0.27043962298199586,-0.2963070929172624,-0.1355145592433728,-0.19678414932652222,-0.07160658347099025,0.031172929478014224,0.05710147744046049,0.1865276678836001,0.2034051000152695,-0.00758894487708047,-0.17898869593784847,-0.17987617818126292,-0.39119643526423187,-0.23414678160440872,-0.2727365269738151,-0.19946232827588758,-0.015558701999379965,-0.04535783857817756,-0.02964135167524998,0.06094291518020332,0.22657588250808589,0.32929616827921915,0.2696095170671442,-0.04532128430433515,0.3372386253742186,0.2745554491317203,0.19258364682093496,0.10365172568562399,0.07072974361109954,0.18243590277488583,-0.06691051606305844,-0.1284068351864962,0.2135223050477288,0.02170444712817594,0.10916448035092102,-0.06442945256504579,0.11125408922019092,0.05741797267220996,-0.18881439220422272,-0.2126773923384093,-0.3348440890813772,-0.1319137319137319,0.0740756164484978,0.07777638964079642,0.10907332602247856,-0.1117260557938524,-0.34059699144444905,-0.2916304594270696,-0.4436453402555097,0.38357232425029036,0.23063386961692045,0.3171606120758663,0.18150446286039507,0.08218973981685847,0.19947019438544863,0.12211163397604076,-0.06401763859390978,0.14574327794666778,0.09531364955093768,0.019495921190836447,0.09512440020914598,-0.28179782247578855,-0.10486542011965741,-0.2858576604339316,-0.2594534441992069
#51,0.7196486162587857,0.778722636349755,0.5534025550974704,0.7579635105058834,0.018802315412484904,0.3170319780489272,0.6404914930338659,0.6687794111522926,0.4234035267933573,1.0,0.7521934877867081,0.09821948296524567,0.37728591457405014,0.34661687882026865,0.2764271204949171,0.2131303877066589,0.6261094684823498,0.23849997917794527,0.33607444115918694,0.055574989473294555,0.019843880860830013,0.14152704322195847,0.22788397025685161,0.00018832391713747646,0.28538893284656,-0.013003604529028257,-0.15048376573800304,-0.036264615925632876,0.1762304677558915,-0.24268428675208337,-0.18822212042551026,-0.2947528422104693,-0.10293637242789785,-0.3994354909609147,-0.2967781340662697,-0.05991708195098026,-0.05859788910636368,-0.18945756233891828,0.08856776653386823,-0.15096868825682386,-0.07348889721771078,0.17564606208674005,0.04346627058491465,-0.03543358458612696,-0.26936566767075243,-0.10815669290245561,-0.34776024098057995,-0.3682875479485649,-0.2603080738673959,-0.281865378475548,-0.05870940277719939,0.12045188485866452,0.017372997034013984,0.3860006385430114,0.32058375787189347,0.24258989343735107,-0.47797165424284066,-0.3265268350014113,-0.4682172156748428,-0.24671358569663654,-0.36099242539920506,-0.25778120184899844,-0.18541530744920576,0.11678396424159136,0.21713099848693068,0.18524132761420897,0.25201811981473,0.3463665514512972,0.5015028896384829,0.24941860196097485,0.5259308615240819,0.5235728795050829,0.3532540244404651,0.2040297616568803,-0.0736712058745957,-0.10622579436138758,-0.1996710115354183,-0.22528167612913375,0.24486319910048723,0.02679196916485052,0.003260271056881226,-0.19465197092315736,0.1659365066144727,0.10245006177209567,-0.1786546176376685,-0.3982074524447406,-0.43071391884951205,-0.01893974097363928,0.19532290379748007,-0.15993929214268196,-0.05389673186283356,-0.3366093366093366,-0.37843112758367,-0.3418379859057825,-0.3159297972857295,0.4642383523739456,0.2093986127884433,0.16150649879463438,0.11183803217701523,-0.1619210890397331,0.16791830351152384,0.18852751056140887,-0.32700435412299816,-0.02437383454332607,0.010730298865892086,-0.06915790983587594,-0.2067926169621085,-0.441249415825687,-0.17007546838055312,-0.2561418120740155,-0.22974499923652467
#52,0.6915457830712068,0.6821430058718194,0.3868598953344716,0.5048284031334879,0.08716574818269733,0.27654233586436977,0.6889624601489008,0.6855337618049483,0.3890170602035009,0.7521934877867081,1.0,0.11284767047478912,0.4050259812971677,0.2730206323426662,0.30772405687659926,0.19713072085953443,0.47239411985174695,0.0978738368568877,0.2627590610641458,0.09932536542706034,0.06187805679331103,0.11664885224207258,0.1627734051462865,0.00761994660299745,0.2204759458996747,-0.09575276354937372,-0.2502306620950689,-0.16841340570154129,0.15533021465224855,-0.21462633666023498,-0.21871069837171533,-0.19799645562357426,-0.14487708047030082,-0.2727994558503033,-0.2190179393569224,-0.057319414946533594,-0.05834987529902784,-0.1480901548698159,0.228324472392269,-0.13167728591457406,-0.010798317577978596,0.1970335512708394,0.09433177399279094,0.004600285956218159,-0.18961580995479302,-0.07036373816034833,-0.43387655760537114,-0.4446776514573125,-0.2728929237403814,-0.21722677993864434,-0.21075621075621076,-0.01155670308212681,-0.03857540128726569,0.3052041255431086,0.316300892572079,0.2022811717726972,-0.3749177528838546,-0.27261344549480143,-0.38811384574096436,-0.20749640241165665,-0.26552561806799096,-0.2699602530111005,-0.04886797429170311,0.09815886765039307,-0.011891244094633924,0.12452560418662113,0.2099385980741913,0.38163726129827824,0.4102587950045577,0.20600369244437042,0.44637997010878366,0.3921857142196125,0.37063766385800284,0.1618095753688974,-0.0074584600008328825,0.0004025597245936229,-0.010974148262283856,-0.045469814961340387,0.2097035402120148,0.015014089590360777,0.005844056691514318,-0.1570339214407011,0.04485440756627197,0.024405298981570168,-0.1004964903269988,-0.28416367060434855,-0.35426042375194916,-0.039406895339098726,0.20044836824497841,-0.09315741010656264,-0.04015047404877913,-0.28601544533747925,-0.33767311224938346,-0.22640560437170607,-0.218806479823429,0.36478620376925464,0.07242373344068259,-0.007545912630658394,-0.04270649694378508,-0.22531637955366768,-0.046531277039751615,0.18041199905606686,-0.21659517761212677,-0.06468301892030706,-0.08181818181818182,-0.17420563861241828,-0.2157988496971548,-0.3252483608415812,-0.13617623787115313,-0.15728193524803694,-0.14905167108556938
#53,0.010025587991689686,0.04917521527691019,0.04578538476843562,0.20911173114562945,0.42147216553996214,0.38971066598185244,0.2863143575007982,0.14723413706464553,0.1257966749492173,0.09821948296524567,0.11284767047478912,1.0,0.17110130160977619,0.2844116844116844,-0.03323940273092815,-0.09801450140433192,0.11968285697099257,-0.04390769814498628,-0.20274249596283495,-0.07384009587399418,-0.03934951901053596,-0.2562695206763003,-0.19318193385989996,-0.38404984337187725,-0.11889023075463753,-0.30730252594659374,-0.31072058190702256,-0.4414793838522652,0.35107418666740703,0.2744129337349676,0.00038127495754614396,0.2705067162694281,0.02933457340237001,0.13352350809977928,0.25350435180943653,-0.012268817353563116,0.1539291217257319,-0.012756053434019535,-0.034683990616194,-0.15431965092982042,0.023199007944770658,-0.10907702772109552,0.2448456160320567,0.08084741135588593,0.08748085527746545,0.06257027443468122,-0.23600734787175465,-0.20864994424316458,-0.20999875067671678,-0.2537134977812944,-0.27491405118523765,-0.2636747687595145,-0.29294409972376073,-0.18085203847915712,-0.23406719508414423,-0.15287922745549865,-0.10365403924725959,-0.2793653437721234,0.018692189878630555,-0.08131475080627623,-0.023866239120476408,-0.01909891401416825,0.029181415622093587,0.21944317198554486,-0.140142145226891,-0.1458233271792594,0.37082506235048607,0.2614102546305936,0.06206545528579427,0.02363164397062702,0.218872647686207,0.13850136731492663,0.16506799557647014,-0.06898069101458933,0.11187458645085764,0.08486514249226114,0.1246121313917924,0.06692300929589065,0.12975795518168398,0.07934498442973019,0.26323380391177004,0.384048917947223,0.37791566605125926,0.46590874387484554,0.30094300772266874,0.2080400893960216,0.0924901789308569,0.039044128874637346,-0.04643179388942101,0.29128851501732855,0.20716926479638345,0.38947607083200303,0.17393171291476375,0.1660258100936067,0.05424561695748136,-0.10928941267924319,-0.09574674828912116,-0.10461971987395716,-0.2768703989042972,-0.1143607397844686,-0.2652142126718398,0.21525793898675255,0.15936506614472717,0.0022473937728175017,-0.053767635123567324,-0.18612233188504376,-0.22003914546287429,0.07609119134542863,0.07612589476996257,0.05342383986451783,-0.0033777999879694796
#54,0.15678868390732797,0.2737026703128398,0.17266989639870997,0.22941277178565314,0.22792422622931097,0.40391963612302595,0.45718615379632327,0.19110620636044365,0.3144241313732839,0.37728591457405014,0.4050259812971677,0.17110130160977619,1.0,0.3618752805193483,0.120267262640144,0.11651003854393685,0.24604820537023928,0.1635697330612585,0.10729789882332255,0.021367592554033234,-0.04865512662122832,-0.07827565624175793,-0.08879033116321251,-0.030535311891244095,0.059418278062345856,-0.03195630144782687,-0.2349916943137282,-0.16616971362734076,0.4694600609854847,0.15476940731178018,0.2043610636830976,0.16365579755410264,0.06581805225873022,0.05051060305297594,0.07109389821254228,-0.07897573999268914,0.2956625346455855,0.058258720970585376,0.08871861075250906,-0.1765025426042375,0.06628354085981204,0.009237588898605847,0.43051217627488814,0.22219307134561372,0.1186764576595085,-0.10971371988321141,-0.252752444277868,-0.25097562894173064,-0.1634077837467668,-0.16203584169685864,-0.21960789757399926,-0.03580051546153241,-0.13219043388534915,0.05118431220126135,0.013666208581462818,-0.06806313246991214,-0.2532591142760634,-0.2154023052328137,-0.21410948699084292,-0.1586492501746739,-0.3247722298569756,-0.327932092338872,0.01803189938783159,0.21904153768560547,-0.14110828856591567,-0.054187777916591476,0.36435264231874404,0.4841858807960503,0.1308087748765715,0.08404521624860607,0.21843816081104217,0.07059278076227228,0.14252465099922726,0.05453342402494945,0.0017439627609119135,0.08076504856165873,-0.1557063997741964,-0.06806359518223926,0.31644294525650457,0.16747178611585392,0.28391750764632123,0.3092195431178482,0.034756173739224586,0.11310262496703175,-0.0010994044892349978,-0.12035564069462375,-0.23126084482016684,0.018079558757524858,0.07783422868168631,0.35888060633823343,0.41281481789956365,0.02391713747645951,-0.05104688664010698,-0.20274943664774173,-0.3098992675263862,0.16378859599198584,0.20671025416788127,0.10561455137726324,0.005524785185802135,-0.00699852394767649,-0.039818709310234734,0.12264838027549892,0.07898777051319424,0.05843964149048895,-0.031249739724315995,-0.08042402957657195,0.053498799261511125,-0.3089821716940361,-0.16975249517622398,-0.33973634651600754,-0.2575549355210372
#58,0.06152685813702763,0.2773099756150604,0.034145856179754484,0.23372062355113202,0.10578760578760579,0.15120883595459866,0.3987983360864717,0.14557623879657777,0.3313459838883568,0.34661687882026865,0.2730206323426662,0.2844116844116844,0.3618752805193483,1.0,0.16243377429818107,0.06951604917706612,0.19937209937209938,0.021136236390473677,-0.07565022649768413,0.015228788110144042,-0.10582878718471939,-0.2233933471221607,-0.060245144990907704,-0.13644507373320933,-0.11043740196282568,-0.1646210154684731,-0.41430521430521433,-0.26463674768759515,0.21506174896005403,0.15260622718249836,0.12770536329858365,0.2860288639949657,0.12401754605144436,0.011794537218266031,0.05274133918201715,-0.22044309332444925,0.1672556994590893,0.06397136736119786,-0.1167848896662456,-0.16227784024394193,-0.039481854736092024,-0.11696951188476612,0.23933795120235798,0.23581856124229006,-0.051163490146540994,-0.05056705395688447,-0.26743615726666575,-0.19716264801010563,-0.2255708713335832,-0.2161699449835043,-0.298166271047627,-0.16012715334749233,-0.2746299458163865,-0.08653877297945095,-0.05989903617022261,-0.1272033204236594,-0.17992939009888162,-0.13705168959406247,-0.13164535876400282,-0.07842187333712758,-0.18771406229033347,-0.14106062919622242,0.22122785343124327,0.16593234220352865,-0.24644752610854306,-0.17646413748108664,0.6161245991754466,0.5579866461222394,0.2521139012664436,0.12907175280056635,0.33705863027896926,0.12069388340574781,0.2433172772155823,0.18735546023681618,0.038285280658162016,0.04569839485093723,-0.025592618812957796,-0.009523082404438337,0.28888287362863635,0.18192321751643786,0.313231721706298,0.22466210432312128,0.2208414886380988,0.32303890947958747,0.15599698311562718,0.02840405891253349,-0.12859099469268961,0.05893844537912334,-0.06015028896384829,0.12278534312432618,0.23263787670567332,0.04482294312802788,0.027850654969299036,-0.05655732774376842,-0.16037424173017392,0.06882892137129425,0.052821851126935875,0.04195458941221653,-0.12569950536052232,0.09506332218196625,-0.07913630117019947,0.0194464109718347,0.07526524984152103,0.18569848739340264,0.059250313487601625,0.01771632958073636,-0.022292554495944326,-0.11025740686757636,0.0673093740890351,-0.16784565767616616,-0.0873559229491433
#101,0.15335628386475844,0.24201566743939626,0.011238357001068865,0.16423974051092696,-0.1588843080368504,-0.03347399788077754,0.2384421401370554,0.17264722349468112,0.1081613200257268,0.2764271204949171,0.30772405687659926,-0.03323940273092815,0.120267262640144,0.16243377429818107,1.0,0.5128708060911451,0.1722983384000333,-0.03974976517349399,0.3288889814313543,0.11112221620696197,0.28953483529754714,0.23116367523147185,0.24451940384143775,0.16785444921038142,0.06466682398885788,-0.08368707690741589,-0.3507377948055914,-0.3810940370262404,0.041771818043004484,-0.10560067000744967,-0.19114461148359455,-0.11823271653780128,-0.26728901474664185,-0.03861658268437929,-0.1704521162148281,-0.028281440145846926,0.24826922454041098,0.34765427985766967,-0.0010151908456993203,0.2218266031825354,-0.11581643276558531,0.1953529800987428,0.14572615759056437,0.209292651665533,-0.16872573652234668,0.10231587519723113,-0.3485283434435977,-0.3705585400500655,-0.3087212019415409,-0.41038048834659,-0.3270552524789813,-0.25302035471526996,-0.1749478291851173,-0.0015695202135880102,0.281795508914153,0.3601512143885025,-0.22677901321969118,0.2617683939717838,-0.29357200035166137,-0.18429323005594192,-0.18749473664727903,-0.06593928288843542,0.1582013446420226,0.22605162944145996,-0.24722256925646757,-0.3556712336373353,0.2067472711540508,0.3474488355844288,0.5891035874086722,0.3266272435763961,0.3117080100130948,0.1716607208132632,0.45633985295002244,0.2753864804712262,0.022888990685600855,-0.11060490382524281,-0.017874114484283977,-0.06761800321122355,0.28446813531559295,0.18464072701360837,-0.07683708361674463,-0.14843024843024843,0.23634142617193465,-0.11690334402198808,-0.19851608156692901,-0.23880675745082525,-0.24227293549327447,-0.17985211714025273,0.08153268831234933,-0.22695438119166933,0.02778541253117524,-0.234439215795148,-0.36063058435939793,-0.1431229380381923,-0.10300439113998436,0.07334776995793944,0.011203653576534932,-0.03493616883447392,-0.2164170333661859,-0.13268183437674963,-0.26635618669516975,-0.15360244682278582,-0.1755165026351467,-0.10754637534298551,-0.23176844024301652,-0.19090677734745531,-0.18224665343309412,-0.2268419420961794,-0.2050296829957847,-0.16251150996913707,-0.07726092810838574
#102,0.11339043203449983,0.2776459047645488,0.0747271154050815,0.1884705969451732,-0.08316698825173402,-0.038543474136694476,0.20714798002933596,0.060304834881106065,-0.0009365297500890721,0.2131303877066589,0.19713072085953443,-0.09801450140433192,0.11651003854393685,0.06951604917706612,0.5128708060911451,1.0,0.1731548189175308,0.0791950656357436,0.23191512005071327,0.4023158751972311,0.14004960276146716,0.5339163508655034,0.09362891396789702,0.2846000083288219,0.060191933073289,0.15700523327641971,-0.313484362636905,-0.2176756108959499,0.1435111536806452,-0.003918710698371715,-0.054291888190193274,-0.08742023996261285,-0.1470199012571894,-0.03706464553922181,-0.05580218122591004,-0.06828615981158354,0.12212227635956449,0.23057279158974076,-0.2089437665708852,0.1248420994183706,0.11040917651087143,0.015823836162819214,0.11128231467214518,0.053808816520680924,-0.28433024704211146,-0.04008338076134686,-0.29521833081155113,-0.24912616777023558,-0.2898767797072882,-0.17710360591716523,-0.18831882730187816,-0.08608115048793015,-0.1824766214596723,0.1700217937506073,0.17794666777717624,0.541952738562908,-0.33105216156063616,0.3495981343438971,-0.36085870153666766,-0.21648505207827243,-0.37974384245570686,-0.2368851131562996,-0.11297214009078416,0.2583651448058228,-0.12031954913310845,-0.21950332458807034,0.28941360466784194,0.40489734727022864,0.4746489170217984,0.48917299425774,0.23891688298467958,0.1842830503847453,0.23329724177181804,0.2470828301336776,-0.0712808339926984,0.04163161620788739,-0.09079202469032978,-0.06274471698200512,0.2399801959123993,0.23173882665408088,0.08361165479809547,0.009989033717847278,0.03396539837217803,-0.11675388794032862,-0.12714872036905936,-0.3176950448136889,-0.33954293276327174,-0.025856827551742807,0.16889462652174517,-0.0004830716695123475,-0.017469241198054757,-0.1941129110620636,-0.21472258082427573,-0.11751504971843955,-0.20938102972001277,0.19752356362525855,0.20594446526649918,0.0693869524377999,-0.041412753277160055,-0.0666699056529565,-0.10818029123113869,-0.1075098210691431,-0.03969285155725834,-0.12522753878686083,0.0005478513953090224,-0.09913981778388559,-0.07333897842372418,-0.3159691278335346,-0.10768195005483142,-0.3027489739354146,-0.23494357223170784
#201,0.5766723580282902,0.5802171971663497,0.7303567049329761,0.5969433223670512,0.07680608189082766,0.2514101158168955,0.4406613084579186,0.4108478277969803,0.3809200571912436,0.6261094684823498,0.47239411985174695,0.11968285697099257,0.24604820537023928,0.19937209937209938,0.1722983384000333,0.1731548189175308,1.0,0.6435884266392741,0.16928423030117945,-0.20010596112291026,-0.07857549382973111,-0.017559470101842983,0.2923397974245432,0.19118440474372678,0.4127546652970382,0.21110046872758736,-0.13895112369688642,-0.04839369415640602,0.17031237709203811,-0.19363169024185972,0.1360258563648394,-0.18830957305533577,0.3070258239749765,-0.16360304834881106,-0.24697270459982323,-0.024377536241943023,-0.01431308041477533,-0.18354502422299032,0.25283804605838506,-0.01952507206744495,-0.06585321839559127,0.13970071766681935,-0.07980862218150354,-0.18962367606435404,-0.29334434588671876,-0.20532396803583244,-0.3382963857540129,-0.3117339219034134,-0.276279052550239,-0.24353799099561813,0.18791950656357437,0.2687289755086365,0.29421748404799253,0.41920302428777007,0.42816761291337563,0.31716570191146465,-0.31189170680696104,-0.22747539527200544,-0.394837055854005,-0.18591642489947574,-0.34879579116867254,-0.14605977317841726,-0.22227404600285955,0.0010818214208044717,0.17166488522420725,0.07722113484825349,0.20888361396835972,0.207831868848818,0.3994160570431757,0.029332722553061536,0.5216271741695471,0.46763512356732695,0.17710869575276356,0.22887556277386786,-0.06799372562084427,0.03576905102328831,-0.1792117232795199,-0.149827176945821,0.30212292415682246,0.10554653266517673,-0.019600494176765362,-0.26324167002133103,0.10378961395910548,-0.02027142705108807,-0.13582318836556126,-0.42961358893562285,-0.35422895931370507,0.05909900655663367,0.07836125802227498,-0.133596153935137,-0.15932573559692204,-0.3262464313311771,-0.3306486764113883,-0.41991652669618773,-0.3704845060777264,0.6995039723853284,0.372949837356617,0.600909229722789,0.4189994308638376,0.18980783557054742,0.4218941591822948,0.579165452046808,-0.008101167423201322,0.4274147799571528,0.4107307615782192,0.3606250318114725,0.1716565564023191,-0.3846865355339932,-0.108018341916647,-0.34070156443037797,-0.267141872226618
