,#10,#11,#12,#13,#17,#18,#26,#49,#50,#51,#52,#53,#54,#58,#101,#102,#201,#202,#301,#302,#401,#402,#501,#502,#601,#602,#701,#702,#801,#802,#901,#902,#1001,#1002,#1101,#1102,#1201,#1202,#1301,#1302,#1401,#1402,#1501,#1502,#1601,#1602,#1701,#1702,#1801,#1802,#1901,#1902,#2001,#2002,#2101,#2102,#2201,#2202,#2301,#2302,#2401,#2402,#2501,#2502,#2601,#2602,#2701,#2702,#2801,#2802,#2901,#2902,#3001,#3002,#3101,#3102,#3201,#3202,#3301,#3302,#3401,#3402,#3455,#3501,#3502,#3601,#3602,#3701,#3702,#3801,#3802,#3901,#3902,#4001,#4002,#4101,#4102,#4201,#4202,#4301,#4302,#4401,#4402,#4501,#4502,#4601,#4602,#4701,#4702,#4801,#4802
#10,1.0,0.5064295398211506,0.4834785704830029,0.5086434743708546,-0.2584871295083239,0.0962938279156605,0.35718204932737474,0.6539022308243597,0.4432479561047533,0.5481711074694043,0.45498043977413305,-0.22086211067846823,0.015629921439559588,0.021448232732451715,0.17922827262892174,0.14238657579644584,0.54028128380815,0.4456362665303309,0.3217800946742321,0.0006792442494761876,0.048292987989975666,0.0012945811098887556,0.26225401361227385,0.11788996060565946,0.11087110336107218,0.06996763547225278,0.222436971337536,0.32445507538789503,-0.26525035719665674,-0.47303062533380197,0.25825341105689126,0.08324850388237388,0.15102411590974452,0.06251055613122926,-0.28429658506301725,-0.5339361930368335,-0.325567063957602,-0.30433885523606935,-0.15082509004094638,-0.04248198039869081,-0.15407980206968644,-0.266890038207489,-0.36821337764245643,-0.34507159909981877,-0.381078848023664,-0.19683201942784628,0.08680084175161024,0.11818119570724939,-0.0941282803891047,-0.020627479264334656,0.2424618952192708,0.17273528190005796,0.3123437121976382,0.07527742654073868,0.2416977454386101,-0.0746721322700361,-0.16181533503448717,-0.2766240465245792,-0.4074771645204435,-0.3282666946641895,0.09109907014748912,0.05775949823569958,-0.27629629291495295,-0.27242806995120217,0.45661281708335805,0.39398722765181426,-0.16762634262577203,-0.06068097887860791,0.24892932299250914,-0.015306732643437852,0.4511149556984849,0.25962102918285274,0.2926018067531851,0.32356037194100434,-0.14743708545787362,0.004546554250526095,0.019840505416151222,0.036230011822866975,0.03588673784732525,-0.05823789069097582,-0.3788411764437364,-0.3218239168838757,0.06633860873614009,-0.12458380312872318,-0.014876727211309781,0.07769495177274532,-0.10770038390081574,-0.28396426663988644,-0.3133050619216952,-0.3996156427029174,-0.2842472850771682,-0.338427969525305,-0.31932970278499273,-0.329183309215902,-0.30887993171038997,0.36647418369722506,0.3407751966293417,0.3269264654192553,0.4658647810943684,0.28507260335878976,0.27849196821063876,0.43079697078975837,0.22879027877316072,0.2822195949184496,0.16240876079007793,0.34850251292983425,0.24239342301670266,0.07334559746561554,0.04274034884304802,-0.040574801316492215,-0.06713014739782806
#11,0.5064295398211506,1.0,0.3958724956291911,0.5027639945770016,-0.3443028845056535,0.057618901979759614,0.2693020856632902,0.292933212213615,0.4674560750820525,0.5195269027283891,0.3377779400822579,-0.20399421181647623,-0.016793035920517466,-0.05553095628278107,0.18363331766080696,0.12660327662313356,0.4897551890517513,0.40681709248768644,0.3385594361542359,-0.13582328693961207,0.15970182638188316,0.061260710193685036,0.41859613725481243,-0.21963417584574582,0.2771216111965746,0.003509428622293636,0.13917386005194757,0.28369037782961376,0.021465579023768985,-0.2363678691907042,0.117203412654576,-0.048442713872924724,0.13435980773005518,0.09137387192046269,-0.14206338700032412,-0.394751377432475,-0.11872532147699105,-0.20885756412421771,-0.01514148639457335,-0.03735021705688214,-0.0024540437400430003,-0.10399101644702306,-0.18700032410175882,-0.20749085896095715,-0.2732488234193192,-0.3341763022271725,0.018514883574431568,0.19507821807940037,-0.12109902449935409,0.10458170331451108,0.07992075483756111,0.06382613538323892,0.2198185943113294,0.162818681042786,0.21409066632582727,0.06618979581589195,-0.2155605362742905,-0.28308417059621027,-0.18633203540469354,-0.23041261349267575,0.01424860887308449,0.05859485910703118,-0.3844330729868031,-0.22526989459845617,0.49103972757193004,0.34455303628570255,-0.22849539182076717,-0.0013119274012060238,0.38055115558253866,0.06474548882305413,0.5142079820328941,0.43979604413261697,0.27037299091145633,0.2143116032994472,-0.23099873554665923,-0.06553885341014393,-0.10145298013849645,-0.047611004852396756,0.012843559276385762,-0.06430726672661788,-0.19496227181638495,-0.32135374109290765,0.04692354393861239,-0.19147749318701585,-0.23242660921088068,-0.05530362857025476,-0.047705040010590366,-0.14247695910383582,-0.23139861320965732,-0.2690400653681294,-0.34265498683051304,-0.2494734487622508,-0.30802448565963836,-0.10317665371781236,-0.1028306408541679,0.4696088411307956,0.30078469144143116,0.18102863507511402,0.2548827527651358,0.24102397896533936,0.13108409755919423,0.30069522109674207,0.20404807661582985,0.14451560481496528,0.08404278143216459,0.19892087808752573,0.300635878521183,-0.053936010444293296,0.12553145841226657,-0.036823437578457734,-0.02644213870642315
#12,0.4834785704830029,0.3958724956291911,1.0,0.7207950079199514,-0.177272706523575,0.2650705035445777,0.2724344606901085,0.3713357100795647,0.13384307084134078,0.6041302432589116,0.3493232663979513,-0.1837894342826624,0.13692614588230997,-0.05335993098001981,0.03228236110413709,0.0815485673332816,0.748554551803786,0.7616300036062027,0.24315574687196154,-0.13647879415886463,-0.1879351979074895,-0.2899642575102594,0.43137670210483553,0.15372009476552836,-0.056327059757973585,-0.06341986698133448,0.4307787115357402,0.439284785020108,-0.08259847443932677,-0.18700488891526337,0.42095705879936274,0.1352380778483295,0.3965216121095373,0.130445023668558,-0.0892001077295987,-0.4223684991349678,-0.1829056863881826,-0.29819826810975636,-0.07123117585031064,-0.03879269812431813,-0.07238333477885761,-0.12122410038937859,-0.20887491041553496,-0.21119474863854437,-0.18421031008778135,-0.1323805045944848,0.3365801330186655,0.4104579877389109,0.0465738792241643,0.15813335646172175,0.5538953836041028,0.43528235653932357,0.6058685242414421,0.20591782422729119,0.12806219101918592,-0.13085768280936882,-0.3405469559541145,-0.4667001419657,-0.3180259920480949,-0.2763620262294184,-0.06560641265001119,-0.09021440929030844,-0.29140034783878904,-0.13531111486440223,0.5607042594274811,0.3303701607270835,-0.17659346227409878,-0.09846028840491722,0.11741430703848595,-0.07117731105095701,0.5860654502960282,0.4510355279435059,0.20693669060150546,0.2356247175521644,-0.307727772781843,-0.005728840948203061,-0.10868090584159185,0.020399238589107443,0.11073507191863677,0.018267470682485267,-0.18755266653580868,0.013384946158024713,0.027425399535301986,-0.26584104406414477,-0.25358634572984523,-0.19001310101475805,-0.11890608809177101,-0.10992709992833243,-0.11251717511081084,-0.15713274934152566,-0.11384553584063323,-0.28801873399462263,-0.36068052239725745,-0.23400603468345302,-0.33633454605212104,0.5777766619344766,0.43303007755618145,0.6387689610940945,0.6592238904079574,0.5886390921498902,0.6853729680873888,0.6757476023317067,0.4442741261805749,0.6286898528760607,0.5307837328305952,0.6520607850566265,0.6530686958784299,-0.08660455477091483,0.12695659318838529,-0.16519420999055084,-0.356768477223863
#13,0.5086434743708546,0.5027639945770016,0.7207950079199514,1.0,-0.21762565790374636,0.39666677317898175,0.3181090716538776,0.36389780295526025,0.27717821488403094,0.6388127833037381,0.4034610415991455,-0.17684909183035327,0.12970643684352276,-0.04242446374853356,0.01788128746000082,0.1387027712982786,0.6849429626552607,0.6755020153651623,0.22058639594279375,-0.17267411339909708,-0.11664924429512433,-0.18786672570492133,0.3548585592535617,0.082446009668275,0.07426221201732804,-0.018785120533900586,0.34806611675879984,0.4361122396344497,-0.10522990683215637,-0.2381390168304674,0.39130311731114226,0.06788973236498423,0.37472462762533837,0.23460037340174467,-0.049291769184769955,-0.4229509693381477,-0.16546353398731894,-0.26635595502745735,-0.10920859828271716,-0.02488645026407446,-0.037245226346277624,-0.12302172394746813,-0.22063021815243739,-0.2388191740426445,-0.21197533174782143,-0.1874933239602496,0.2877886673939936,0.32385982370690247,0.05865054983178662,0.1256601861530947,0.34918084421660955,0.30125030241889467,0.511414316168113,0.2581064240620449,0.18803288491648673,-0.020563571875271035,-0.3529650746118767,-0.396203901089621,-0.31266142321755447,-0.2653096997722158,-0.01592389542925224,-0.04503371114773106,-0.25873636832567204,-0.08270985588883766,0.5501823642995065,0.24688611246787512,-0.13906978230404396,0.02610890732059142,0.125677532444412,-0.09021258336490663,0.49846576618112265,0.33953904513231115,0.1785965024398928,0.1812450072352294,-0.18755997023741594,-0.039459160895981595,-0.00796833845353248,0.011852994745899657,0.04040316432872135,0.03263567766938882,-0.1998877055877882,-0.06175736190297945,-0.015355119666586021,-0.24366518005906868,-0.24516791666476467,-0.11812185313169031,-0.12051016355726787,-0.15431899829732457,-0.15807766573696633,-0.2432333487015388,-0.27984771782148843,-0.2561545098075018,-0.37997233723016244,-0.238863909214989,-0.33535219818594314,0.5711047305162348,0.44102032711453576,0.6250042224524917,0.5611671315168418,0.4578014945199414,0.4858887920134023,0.5521890563161042,0.3737203686543386,0.6458152072197091,0.5062478602436697,0.6068243961892937,0.5801065427471961,-0.005067855952745051,0.19137341543911224,-0.1534142522607239,-0.35789233430868184
#17,-0.2584871295083239,-0.3443028845056535,-0.177272706523575,-0.21762565790374636,1.0,0.26822205078811506,-0.03638338955661966,-0.09203668284132252,-0.3274477671214743,-0.08646943629118033,-0.11497852255246112,0.4734852807588546,0.29048099439897385,-0.03152734095048547,-0.45239127755435554,-0.36786462589070923,-0.2898802649417758,-0.22689405524337303,-0.4619189563010403,-0.15691272533060663,-0.3823971661637764,-0.31762063660889134,-0.2560613876120091,-0.021585177137588042,-0.2267068978896867,-0.1751601108336719,-0.1839994157038714,-0.21227843536452318,0.285410399558126,0.4917436218143308,-0.07269556802256844,-0.15735733816594924,-0.13844988063012686,-0.1905051879105479,0.3436400735847937,0.4234777488165721,0.20120967557870423,0.04108332154089844,0.00024376104114266412,-0.26156016195958315,0.3464967338759375,0.35392551137323286,0.4602719715886007,0.329483673944501,0.4368179598022523,0.43352399037737316,-0.10717543034779314,-0.0005915998301889376,0.0773105944756627,-0.05828992956492762,0.0014488718063423518,-0.04948440431466172,-0.10586624183468984,-0.229528865598196,-0.32415927547280055,-0.2899633445475585,-0.18965430667330085,-0.1349906649563832,0.4219247992623261,0.45998256241241264,-0.12426152729530235,-0.12866383343908486,0.13227460092117937,0.03364084960308947,-0.3001602249540095,-0.2336235033117722,0.06468340735939233,-0.07515691546421871,-0.48847430238237616,-0.1890910086868401,-0.3638722399996348,-0.44617582748656803,-0.3158823556263609,-0.12880716858312755,-0.17213272651745812,-0.17374319272186134,-0.11435040421423583,-0.09812523109368367,-0.22948504338855236,-0.11096239963116307,0.46473909808414776,0.603876439628059,-0.0751760876809378,0.33296388776036556,0.20255538259984388,0.10098828212373384,0.17008860303012321,0.45754038718748147,0.5236105848895544,0.5691719884784107,0.48867971899008067,0.41460740321454165,0.47474060447260424,0.3939963572788234,0.43898715917961173,-0.22235115284365056,-0.2462534293161453,0.008277832809140583,-0.22544335751162886,-0.05700082623124432,0.08485531823597348,-0.30018852679773766,-0.005978992728252087,-0.1029538908187906,-0.05273455152989725,-0.12563553616017017,-0.15933481537611782,-0.10828285410399559,-0.20416310991614436,0.0031396787284255503,0.12137839108583219
#18,0.0962938279156605,0.057618901979759614,0.2650705035445777,0.39666677317898175,0.26822205078811506,1.0,0.20828239762264514,-0.0008198405054161513,0.08330510756983023,0.41669900076232386,0.2111454486526953,0.25741713722285875,0.42837944555775176,0.2813157618445498,-0.0265197405360004,-0.017256820972579166,0.23642173399005784,0.383793086133466,-0.019362112960874985,-0.13210387689610942,-0.3114973957738957,-0.2514801407788485,0.17141331190914194,0.13018939411230354,-0.030136898757001283,-0.01806570592558441,0.1859449392195082,0.17329857988651873,0.027280238465857476,0.10990975363701516,0.5320354046935413,0.1482815759562143,0.40122154409381605,0.31808624758635484,0.19867529112098126,-0.08380358520452647,-0.06715114553994897,-0.05564233773229195,-0.06568584040499026,-0.058569296151405735,-0.026838364518617593,-0.14864584807387693,-0.1198236156061844,-0.1533412152446512,-0.027241894032419306,-0.16643583926378688,0.35900980065459426,0.27658387616573926,0.19445649048008143,-0.025348409390734343,0.1803986908114869,0.02528724088977345,0.1893283789890764,0.0038828303669653577,-0.14348395696293828,0.00045282949965079174,-0.2223018528578015,-0.21947258144768494,-0.1431452478009011,-0.11511364103219562,0.11571071863859002,0.04261892480382714,0.251605216668873,0.1542213112883273,0.18673465195579433,-0.08705281945706109,0.34419424194424536,0.3076182172577339,-0.006915692459384572,0.011493287441741568,0.2803964084047346,0.13350801353010722,0.20358429156376817,0.08863041900423158,0.0035532508319372613,-0.09298707701296864,0.07021048355069454,0.015756823254985917,0.1641799084298411,0.384955287651723,-0.05543600816188655,0.3039554109016876,0.08050139911533914,-0.23780030766843022,0.15550311092040334,0.03228966480574436,0.008118064336481533,-0.045324946249320985,-0.01652097303564663,0.008798221548658629,-0.03197651859933263,-0.040813997544130336,-0.13453053175512514,-0.14790269643533713,-0.22477963362806813,0.18382047501449328,0.1766144604162197,0.4514810537415494,0.21655018784207572,0.15152441946984255,0.38823373671068667,0.35524748136414885,0.512686073210479,0.37845134137044834,0.3750240793912365,0.3615323165972054,0.48418885546431,0.0733620307942319,0.07596671337992486,0.04575586464414996,-0.2673876028794844
#26,0.35718204932737474,0.2693020856632902,0.2724344606901085,0.3181090716538776,-0.03638338955661966,0.20828239762264514,1.0,0.2801234325571629,0.270456070517239,0.4402844791776032,0.5085905225342019,-0.025489918609375214,0.2643574796751679,0.1697571975696933,0.19372703328205526,0.033866351390213954,0.23883925922206448,0.29004003341443485,0.13395719117895438,-0.16927880511441706,0.05138062784444942,-0.11358351554547239,0.1937105999534389,-0.18900519019295467,0.18575139112691552,-0.09042439071151748,0.1943085905225342,0.24232677673953631,-0.029316145288884224,-0.20636700187613835,0.18451615259258583,0.14586952850041313,0.0322211926031762,0.1623959793122652,-0.07150323873518147,-0.16722920385087667,-0.16462817311598735,-0.07190129047277774,0.0065934166259637465,-0.015786038061415,-0.03846859636549549,-0.1710253027612557,-0.1256583602276929,-0.11628953699096624,-0.19704565269985894,-0.028614076971885314,0.020043183135752988,0.09548129111185162,-0.032917783143969655,-0.02850543441047716,0.09457380618714822,0.004619591266598803,0.15973012822561133,-0.09583278175170154,-0.023904102397896535,-0.08057443613141185,-0.2707473056188289,-0.24920777661628635,-0.20368471746086814,-0.17125810824998744,0.02858577512815714,-0.061576595288199504,0.04204284533955365,-0.06831699890900957,0.30728772476000493,0.16635367262070508,0.08750382303131006,0.17400247412891948,0.10162735601437003,-0.0014013977458950915,0.3026024001789407,0.07397371580384084,0.23164876498970635,0.07479446927195789,-0.1331629136291637,-0.26726526587756255,-0.02769107168126646,-0.19426476831289058,0.11013799431224237,0.050746118767317765,-0.037257094861389436,-0.09236534941364971,0.09275061967343325,-0.04947710061305445,-0.022371238023070568,0.07840797564215514,-0.075103963627566,-0.16407400475653566,-0.10310452966444056,-0.19609617149091374,-0.1703570140641904,-0.198637859650244,-0.24013840514545778,-0.12767326890859873,-0.1590034099156879,0.2883903098138926,0.08592622348413956,0.25043205959820514,0.19105113960569142,0.07661126504676652,0.14840939073434156,0.35414370945875007,0.11124724399384663,0.1301227478351372,0.2273961847288729,0.28478867195880714,0.29264928081363234,-0.059064121935298336,-0.06968918184847558,-0.11561759644309731,-0.16596931532362244
#49,0.6539022308243597,0.292933212213615,0.3713357100795647,0.36389780295526025,-0.09203668284132252,-0.0008198405054161513,0.2801234325571629,1.0,0.44536146475735733,0.35101681220813724,0.4326484591472015,-0.07999105296553109,0.04716456609165232,0.12896145927958114,0.1937224684685507,-0.09236991422715425,0.4138952923078328,0.41666065632888566,0.25437605846613137,-0.06862740622731858,0.05558025626863015,-0.24067157536278855,0.24389159480889408,0.11953785828079994,0.16692701319687583,0.011971679897017808,0.0872810601322883,0.09708445361464757,0.013142098079582958,-0.21263540378057855,0.181800088557382,0.07315752714922832,0.030968607777529248,-0.1130375638503289,-0.06234896173316839,-0.28399804625982006,-0.0983552976943127,-0.2683690377829614,-0.16008253182816215,-0.1319997991482058,0.0414594621736729,-0.17953502809642713,-0.14872071101535148,-0.21107149867392166,-0.20823492356219786,-0.06315236890996818,-0.09061611287870834,-0.037023376409956774,-0.1965654343191809,-0.1150588632701411,0.14364920321180277,0.07871473110966051,0.21790502449022445,0.021352371648856287,0.16489932303815727,-0.1424130517147722,-0.21311470919855569,-0.43839555934942276,-0.3052016049884282,-0.2801380399603774,0.01714178767226465,-0.010856952439208097,-0.15823926013502718,-0.19282776502166005,0.28211916902134965,0.19396349062159066,-0.027427225460703804,-0.13813034368480875,0.26585108665385476,0.02531006495729617,0.4302619746470258,0.21042055626817366,0.29526765783983894,0.23377322919472124,-0.18164032008472294,-0.05380636974076424,0.03338156819603135,0.0014534366198468963,0.017855724504375375,-0.04823638430251932,-0.13208744356749305,-0.12684886358967803,0.09890033642675529,0.19296562238949727,0.011710572564557875,0.11194931231084554,-0.04410066326740221,-0.05234106460580553,-0.09261458823099782,-0.14108834283575344,-0.09276157522584415,-0.15698667530938024,-0.23586482674250345,-0.17595895319696714,-0.21745036906517184,0.24218800640899815,0.22331432849310942,0.17131836378824744,0.38683507785289434,0.11886500477023011,0.22014360903285296,0.2720427996914186,0.1497660533078921,0.10422564786115664,0.06543842751304395,0.13990514317537556,0.03728722263051943,0.03514358620878544,0.01846558358858249,-0.1800389835073288,-0.12575604723669015
#50,0.4432479561047533,0.4674560750820525,0.13384307084134078,0.27717821488403094,-0.3274477671214743,0.08330510756983023,0.270456070517239,0.44536146475735733,1.0,0.3606038335303811,0.5234152108715598,-0.07666330392071832,0.17201495432904088,0.3453016657004478,0.5011443987455892,0.3248923845216304,0.37940447443019715,0.36694801133899674,0.37300825774762975,-0.028205069681878147,0.05967489398220636,0.07589367636385215,0.2677947842440897,0.05331245691957255,0.2567944966608389,0.22465729662614634,-0.051561394459229366,-0.04586542016825903,-0.00932408806438213,-0.24571478132260907,0.24534229254063825,0.08271533366504312,0.053069608841130794,0.06509971835100677,-0.31351321741750243,-0.2572582817129006,-0.2234558377117503,0.01671817297904294,-0.058486216545623027,0.12138021701123401,-0.13454057434483513,-0.3260828878836155,-0.34396143645551364,-0.12358867378473253,-0.34856824624429966,-0.27153245354161054,-0.14520032684064693,-0.19839957638530678,-0.3156166834803964,-0.18008919645587879,-0.07519525989765688,-0.08217394678340416,0.017942455960961716,0.13977824135994923,0.09418579703926196,0.01584994545047862,-0.26894511724723486,-0.3024161557879553,-0.35818356941027174,-0.4043502672698307,-0.04541624251941187,0.029370010088237846,-0.013853296023590957,-0.04478812418118658,0.21583077323375954,0.08947125765176864,0.10649253424751332,0.011009417210259874,0.6124482464268922,0.28618550489119765,0.5209885560125441,0.4349107807200537,0.3979741357666833,0.10721377478123131,-0.21689254885491654,-0.23171906311767632,-0.12979682015091273,-0.1262143545125464,0.2210237050765291,0.2782007331090488,-0.30905522054896445,-0.37737039353257223,0.27002606508511096,-0.026310672077492273,-0.06046917153199706,-0.04848379719446562,-0.13139450487750323,-0.23623640256177333,-0.2462041293302962,-0.38291207712708897,-0.3276979189015233,-0.4229993563612959,-0.35722587153701835,-0.33765286419223345,-0.2770841797258373,0.183823213902596,0.22802978084330364,-0.009776004601332013,0.19947961126048194,-0.039154231353878036,-0.06561919412782391,0.31071224785111407,0.06457841664878781,0.12138843367554218,-0.01635207493597849,-0.009272962153131234,0.03528874727822995,-0.024921142846709,0.14542491566507051,-0.0708249074484062,0.008411125363473276
#51,0.5481711074694043,0.5195269027283891,0.6041302432589116,0.6388127833037381,-0.08646943629118033,0.41669900076232386,0.4402844791776032,0.35101681220813724,0.3606038335303811,1.0,0.5304788032884916,0.11701625530088969,0.3847215692002903,0.18001342055170336,-0.0068855646902545795,-0.08993778159193307,0.6761100485239675,0.499824254680075,0.08538574956520151,-0.26618157915158375,-0.1590563617523406,-0.2521721665061374,0.37711293805091595,-0.06524853127125492,0.11397517654416228,-0.14659076903413112,0.3160695129800472,0.36961751427645423,-0.00473371160421241,-0.18045529449894324,0.3225232463127719,0.04273487106684257,0.2786846033405305,0.13418908370498522,-0.006175279708947491,-0.31830170678376934,-0.14996873102749386,-0.33180533809291224,-0.15864005076072618,-0.12368088301752432,-0.08803699324864082,-0.10286989825030698,-0.21759461717191544,-0.26107629172810143,-0.10089424696554022,-0.13284155075844375,0.1407332003450999,0.19379641844732434,-0.022757421245555014,0.04445671872075666,0.35766957140966005,0.18064427777803138,0.45546065815481107,-0.013749218275687347,0.113717721062506,-0.14802959825076348,-0.25075250950622413,-0.44981398384968985,-0.11664194059351705,-0.07471595447967973,0.04498715004998471,-0.031696239050153605,-0.21912109080783504,-0.2558112358319601,0.42759794948577373,0.2509716205544422,-0.13132055489872962,-0.06875795989354855,0.1159042667311827,-0.06997311324845823,0.5056425659729672,0.2959112965439797,0.08511368668033067,0.05842961285816668,-0.36783541108428014,-0.21057302103922546,-0.12437564763291596,-0.03445247344419744,0.1141413357557277,-0.02853647514230806,-0.0880132562184172,0.03320171454395231,0.11307682124646798,-0.06626374579466555,-0.13341306540921272,0.012235526117580466,-0.003446434195930925,-0.10775242277476754,-0.04616943674766168,-0.12993650344415178,-0.20603559641570843,-0.17138318414001197,-0.20205416607704493,-0.12374296448118612,-0.104572573687502,0.5482003222758334,0.25375615679221425,0.49369918791967754,0.3939908795026179,0.38789228866054676,0.4339886883921357,0.5328260303925283,0.2828677984360949,0.47720742969046,0.3540633687410701,0.49855797541391444,0.4673419547444389,0.004332920978513423,0.10276125568889884,-0.016380376779706666,-0.059890353179620846
#52,0.45498043977413305,0.3377779400822579,0.3493232663979513,0.4034610415991455,-0.11497852255246112,0.2111454486526953,0.5085905225342019,0.4326484591472015,0.5234152108715598,0.5304788032884916,1.0,-0.023753463552246574,0.2860951215838077,0.2400872792342069,0.24119926780391387,0.04088155678399759,0.5134995229769888,0.4368517394221859,0.13481811500591143,-0.14289418305815116,-0.009211793652170341,-0.10860421697471549,0.3100165702730215,0.09981786394116868,0.24051545874093314,-0.009382517677240297,0.02884779542331798,0.027264718099942027,0.0011932422500878727,-0.1939561869199834,0.35710170860969476,0.09826491438692272,0.0032428435136282506,0.1309599346318706,-0.05245062012991459,-0.3273281690076552,-0.16388867332825116,-0.2045054709289852,-0.09289486778017685,0.025965572176548726,-0.06812071192831416,-0.1922662929606011,-0.19533567356105666,-0.1457225415055668,-0.164150693623412,0.04698014762606874,-0.15195533786467155,-0.07601601336577395,-0.2008052331022016,-0.01307727772781843,0.1407843262563508,0.08346122419168565,0.14866867214139967,0.06871778953470856,0.14175571857011782,-0.1057484696462726,-0.25662651152387167,-0.31065016638745224,-0.35918417653046786,-0.24817704172696026,-0.1832863918344616,-0.2107419191388936,-0.08818763209429079,-0.09109998311019003,0.21264909822109218,0.057914701894854086,0.018390720647107964,-0.1089958779734054,0.2817658524560979,0.18386612314953873,0.4257272889116115,0.2675400676505361,0.3201531951412125,0.17046200477479492,-0.15355484851666384,-0.11798673465195579,-0.0988711216203262,-0.22705747556683573,0.29829230326795,0.14024202641201094,-0.15030926611493287,-0.03270506283465789,0.23598807670712613,0.06820379153409688,0.016517321184842993,-0.12318149242012717,-0.23687456348970862,-0.10222443362076443,-0.06786051755855514,-0.140611776305879,-0.09315688807533769,-0.2866109455098212,-0.20808702360465064,-0.36145380180492725,-0.35041973460174286,0.3316099640749177,0.19246440586669833,0.1640776566073393,0.2635139021395281,0.08633340484874491,0.18184025891622196,0.45727471504151695,0.12412366992746511,0.3046191347852483,0.12834247056836492,0.17040357516193677,0.1657775931564316,-0.18549484860796012,-0.12470796605604678,-0.2932847028534649,-0.2934380805872176
#53,-0.22086211067846823,-0.20399421181647623,-0.1837894342826624,-0.17684909183035327,0.4734852807588546,0.25741713722285875,-0.025489918609375214,-0.07999105296553109,-0.07666330392071832,0.11701625530088969,-0.023753463552246574,1.0,0.5210369430356923,0.26846763775465954,-0.19968867971899007,-0.4904764295854693,-0.15914218024622603,-0.20455568387753517,-0.41317131288601205,-0.3233695627365144,-0.23333774598638773,-0.3097691573810752,-0.1864187668612799,-0.2489557989108355,-0.19125290436259226,-0.3176918476995622,-0.19477511446269863,-0.2181880429275062,0.4257190722473033,0.4057754020459494,0.013799431224237334,0.09737112390273295,-0.011188357899638011,-0.11535192429713284,0.41860252799371883,0.3961445585140619,0.3393025877927757,0.06856532476365679,-0.07604796706030575,-0.2602162808638453,0.29869765870715353,0.26067550110240245,0.3203056599122643,0.16621398932746603,0.29731999799148207,0.20015976847265904,-0.14597817106182126,-0.10290824268374515,0.03892964252945446,-0.16935001620508794,-0.04462105200692026,-0.31350682667859603,-0.22607969251416232,-0.3903070750044507,-0.3969534434670672,-0.2918403958606271,-0.06426435747967517,-0.17928031150287355,0.30955643707176345,0.2707619130220435,-0.18104141655292674,-0.2416959195132083,0.28083189161306815,-0.046473453327064325,-0.19036459165460795,-0.15025266242747654,0.1273190393806461,-0.006329570405401087,-0.23751820219384936,-0.09977221580612324,-0.19150488206804311,-0.1848329506498012,-0.20871422898017503,-0.22189284556779432,-0.11579562416977454,-0.3610740093213492,-0.19316647418369723,-0.2121460557728914,-0.0005194757768171381,-0.12560540839104017,0.5377222493575025,0.47019587614748,0.17145074337987923,0.5070403118680586,0.2775607462557117,0.06397494830348706,0.04378934298639229,0.3700475197085823,0.41524465117977605,0.5692495903079879,0.30947883524218617,0.3864927168400535,0.3029447611917815,0.21106236904691258,0.26482582954073414,-0.2523602368225246,-0.31413585797952226,-0.02976349701232956,-0.21094459685849534,-0.08734861937215554,-0.006502120355872861,-0.1470755522283137,0.1037070850470404,-0.03208242227263805,0.1212569670466113,-0.017448543139770026,-0.038716009257441786,-0.14984000328666572,-0.04613565712772805,-0.14462698626447618,0.06304555227396184
#54,0.015629921439559588,-0.016793035920517466,0.13692614588230997,0.12970643684352276,0.29048099439897385,0.42837944555775176,0.2643574796751679,0.04716456609165232,0.17201495432904088,0.3847215692002903,0.2860951215838077,0.5210369430356923,1.0,0.39039928423724246,-0.08753486376314096,-0.260649938146777,0.17994403538643428,0.12045447283251243,-0.2527391163434018,-0.26695394559655267,-0.36822798504567095,-0.25064295398211506,-0.09447429325274916,-0.16284606992381326,-0.17338074652960053,-0.1557861293576851,-0.08756407856957003,-0.10955095929555798,0.33889266754006764,0.36555848210821346,0.24226834712667814,0.23209337782504896,0.11216385854555912,-0.019966494268876644,0.3440034327397554,0.28530540884752154,0.14787165570350624,-0.033655457006304006,-0.25925219225168555,-0.15056215678308463,0.17867045241866644,0.18138742941657118,0.11969032305185172,0.07831759233476517,0.19620663997772372,0.1789963801028909,-0.11259203805228538,-0.060599725198227025,-0.16170395358497627,-0.2388830814317081,0.04238064153888993,-0.2052477096048241,-0.10660939347322965,-0.4123140409098586,-0.4013730959021669,-0.31872806036509377,-0.3224629907745119,-0.32326092017510627,0.11561394459229368,0.09858901614574536,-0.16481441750697276,-0.11854090301140748,0.18840537369845756,-0.12748519859221152,-0.04276408587327165,-0.17494830348706103,0.21269292043073582,-0.014635705058269844,-0.026032218453715072,-0.049996576389871594,0.23938338499180617,0.08868519676628611,-0.01244824642689223,-0.19546805315268845,-0.18047355375296142,-0.3661875134091397,-0.13750222534658346,-0.14013977458950916,0.1264033377916345,0.10251292983425161,0.3123784047802727,0.4007358479369325,0.19288345574641547,0.338598693550375,0.12227948527162923,-0.007510031177676236,-0.016508191557833906,0.20378788224607083,0.3450049528226524,0.34322376259317927,0.2634207799440354,0.18611748916997997,0.22499326690008078,0.08812007285442353,0.14980987551753572,-0.008086110641949723,-0.18942424007267183,0.2074853811847517,0.08246883373579772,0.03403524948988209,0.07353366778200277,0.14548425824062958,0.13103753646144786,0.23290500166615694,0.2668361734081354,0.16884697375688718,0.08349043899811473,-0.10526733830289363,-0.0021089438390994534,-0.025971962915455088,0.08967028352056677
#58,0.021448232732451715,-0.05553095628278107,-0.05335993098001981,-0.04242446374853356,-0.03152734095048547,0.2813157618445498,0.1697571975696933,0.12896145927958114,0.3453016657004478,0.18001342055170336,0.2400872792342069,0.26846763775465954,0.39039928423724246,1.0,0.3014593708774028,-0.03844759822337458,0.020123523853432967,-0.03508972140943182,0.10853665773484825,0.060784143663810616,-0.07114170550562157,-0.06892959688131942,-0.06744146767883798,-0.09376309530874116,-0.07787206653672164,-0.031204152154363732,-0.15759470846818555,-0.2286222936361935,0.1176881958487586,0.11350408779049331,0.15570944049080876,0.41550393258683416,0.14308955707614565,0.13735980316524168,0.12101777081897319,0.23716762451670037,-0.016699000762323855,0.138268201052646,-0.10540610863343178,0.06206594329588665,-0.16252835890389697,-0.1714489174544774,-0.1784403858180374,-0.1464857783235266,-0.20840929943807146,-0.2376989688086293,-0.12272044625616821,-0.1311114864402215,-0.1904193694166625,-0.3339644948805617,-0.2783915423135388,-0.45228172203024647,-0.3578229491434127,-0.36349792529226216,-0.36727759087402484,-0.04834685278932929,-0.07804918130069796,-0.08142257848055617,-0.2429430265626498,-0.24374278188864593,0.055757371032606466,0.10526733830289363,0.5142408486901268,0.07893475512057956,-0.15199733414891334,-0.0717314794104087,0.6354704268557108,0.16478976751404822,0.3331620006664628,0.35020244947892654,0.30648249165780334,0.25366212163402063,0.3061501732346725,0.058207762921845825,0.17971214286040343,-0.15893767660122246,0.07926616058100946,0.04277778031378528,0.14793373716716804,0.3089146242930245,0.02608425732766688,0.0008545330880506877,0.18054841669443594,0.1897090844353554,0.45727380207881607,0.08203700237826783,0.07718369266023636,-0.0961797075780469,-0.07910730507105132,-0.023320719232015775,0.054697421336851286,0.01578056028520955,0.012395294590239516,-0.17552986072753998,-0.11384462287793232,-0.13936466925643753,-0.14828796669512068,-0.016962846982886515,-0.16718720756663485,-0.13209931208260486,-0.10540884752153451,0.0869113102384202,0.0839195314675419,0.06402607421473795,0.06774000648203518,0.0543486695851041,-0.06375583725526894,0.1449812157924288,0.1271117968475398,0.009131452934490362,0.03450177343004652
#101,0.17922827262892174,0.18363331766080696,0.03228236110413709,0.01788128746000082,-0.45239127755435554,-0.0265197405360004,0.19372703328205526,0.1937224684685507,0.5011443987455892,-0.0068855646902545795,0.24119926780391387,-0.19968867971899007,-0.08753486376314096,0.3014593708774028,1.0,0.5901993454057435,0.13608895908557656,0.17963727991892892,0.7476278946623636,0.22443544668982549,0.4504503188522233,0.34381810131147095,0.29319614547147677,-0.052375757188440064,0.2646578444037669,0.29377131197304934,-0.18060136853108866,-0.21625438792698123,0.07609544112075302,-0.14421341416096445,0.05764355197268416,0.34593252292677584,-0.027042868163621177,0.2621645432675848,-0.20187066057416225,-0.04133256035824656,0.03200573340576171,0.44328538757549063,0.2631879744553036,0.36526542108122173,-0.14926392382239223,-0.25573363400238286,-0.3063528509542743,0.028571167724942597,-0.5373789753819608,-0.5301565274550708,-0.11239483810888906,-0.22574372224022787,-0.35578978120848875,-0.3005491470645967,-0.2714128554277915,-0.25108665385475676,-0.12794076697996504,0.15750432516079554,0.16036646322814482,0.3559951978161932,-0.24747132155915771,-0.1214724262440258,-0.6292157193917842,-0.6997557824775069,-0.3035518813878859,-0.24373456522433776,0.23387913286802667,0.2786973848183432,0.0977472645355074,0.07163744425221508,0.25506260641721484,0.21467861430521257,0.813632359049971,0.5344301058580252,0.4572783668923206,0.5727964504010189,0.6277211994503965,0.16169117210716355,-0.012400772366444969,-0.2154135492794442,-0.23616153962029882,-0.39846530969977223,0.43172180200577903,0.5035372739846714,-0.28568885318190324,-0.4547129417027667,0.3871025759242606,-0.21540259372703327,-0.043037974683544304,-0.38863361437368477,-0.47817973496692795,-0.3339763633956735,-0.33494227793323506,-0.4301368987570013,-0.40530705218038315,-0.6394975053294197,-0.6117726540282197,-0.6029214806429083,-0.5084617947933737,-0.07572843011498766,0.17759133050619216,-0.27129417027667335,-0.0006199016739171121,-0.15870030629898615,-0.22643392204211496,0.148384740741417,0.04853218421761379,-0.036429037691665105,-0.0545239584236786,-0.15598789411458594,-0.02739709769157381,-0.2757393856673986,-0.09326644359944675,-0.2981991810724573,-0.19603774187805556
#102,0.14238657579644584,0.12660327662313356,0.0815485673332816,0.1387027712982786,-0.36786462589070923,-0.017256820972579166,0.033866351390213954,-0.09236991422715425,0.3248923845216304,-0.08993778159193307,0.04088155678399759,-0.4904764295854693,-0.260649938146777,-0.03844759822337458,0.5901993454057435,1.0,0.08695056763455929,0.17738956574929132,0.49368914532996755,0.51560025015178,0.2250644779907517,0.5787033190758991,0.11513737806241926,0.2683471266781396,0.06394938534786161,0.5182423642082102,-0.033665499596014004,-0.01530855856883967,-0.26777652499007154,-0.28336718903349206,0.07742745370137903,0.13035190147306533,0.06363441321604806,0.3547873481628908,-0.3948545422176777,-0.21528847338941967,-0.3210935467231486,0.4335312940789804,0.09064715361053924,0.4815595228856925,-0.29709175731625487,-0.31143622727293474,-0.3957392030748584,0.05206352394472924,-0.49141039042849904,-0.4352942250544354,0.04207936384759001,-0.1396915099033629,-0.16753961116918567,0.009693837958250216,-0.1137697599364578,0.10410604974733757,0.03716945044210219,0.4551657712024175,0.17079888801143028,0.4857545864963687,-0.20473918938041785,0.20531800773279407,-0.5479519964211862,-0.531897547325704,-0.17939351887778623,-0.07688424089433826,0.12915044255866925,0.4283575344529299,0.048631697152012855,0.013541975742581036,0.1700064363870414,0.2555099581406602,0.5454678249120132,0.47498527847644784,0.20172915135552136,0.31865502334902107,0.2928802603769623,0.20016798513696724,0.042677354416685305,0.07939945313534215,-0.10973172591033793,-0.10846909849498099,0.33585250174604114,0.6076506274336162,-0.4575732538447142,-0.4809204489950563,0.16343493086589947,-0.48573176242884597,-0.13649705341288282,-0.4033523990377373,-0.3820265033072074,-0.40942816581228575,-0.40369932486408266,-0.5485928962372242,-0.3274833726668097,-0.6131557925200966,-0.4626091561029274,-0.5758055754632144,-0.4637704446584835,-0.0699603317706455,0.38903349203668286,-0.17064003250147214,0.14929496455422314,-0.10811213007892563,-0.09387538972095295,0.1299994978705145,-0.031236105848895544,0.11460877265859304,-0.05661190412065715,-0.05044484107601784,0.027937571610511854,-0.12163584656748848,0.056089689455737286,-0.13625511829714196,-0.17977787617486887
#201,0.54028128380815,0.4897551890517513,0.748554551803786,0.6849429626552607,-0.2898802649417758,0.23642173399005784,0.23883925922206448,0.4138952923078328,0.37940447443019715,0.6761100485239675,0.5134995229769888,-0.15914218024622603,0.17994403538643428,0.020123523853432967,0.13608895908557656,0.08695056763455929,1.0,0.7475950280051309,0.2528797125993418,-0.1466327653183729,-0.04376104114266412,-0.22196496962116613,0.5264818525839127,0.11580931861028818,0.14990664956383207,-0.12042251913798062,0.29177101069535805,0.35393555396294285,-0.13923502855290848,-0.32465136236859043,0.39241875773165286,-0.03887851661820357,0.34957889595420577,0.07052454271980718,-0.1354854907402758,-0.5232353572194808,-0.1489005646674305,-0.4390099832471344,-0.06810519156239872,-0.16409226401055385,-0.2139089867483464,-0.22408213012457376,-0.2818891024207206,-0.34442978632107984,-0.23264206840829518,-0.24969255981046895,0.2290440824040134,0.2898400945829358,-0.05750295571674419,0.1271026672205307,0.44567826281457273,0.3173960477844678,0.5374693586893508,0.23537913058561993,0.3739093519334268,-0.12349189973843619,-0.2222105565877106,-0.5095865648408934,-0.28783157664093634,-0.282726289217454,0.03948837570241068,0.0035623804589463496,-0.40410194141518346,-0.24677838286916787,0.4966635778095286,0.25532462671237566,-0.26798559344857964,-0.06351755399033172,0.28875914674505976,0.10606526770348797,0.6412239177968384,0.5429663071115229,0.152591672867205,0.16415343251151474,-0.33950800440048023,-0.0975719756969329,-0.1232673109140126,-0.016836858130161093,0.21141933746296795,0.03959793122651974,-0.21639498418292122,-0.12548124546371658,0.1694878735729252,-0.270005979905691,-0.33968238027635383,-0.11294170276673346,-0.12223840195008832,-0.24265179146105986,-0.24570291280749726,-0.2734332418849028,-0.29423692295051285,-0.3614720610589454,-0.40950028986565756,-0.2478830677372676,-0.3422514573167113,0.7096020852068089,0.4313237502681828,0.5504023883104255,0.591826244938763,0.5061611287870834,0.43728722263051945,0.6031241583625101,0.37313515956305604,0.5787590098006546,0.40276627698375383,0.48232641155445594,0.5124012288477954,0.019549270314561298,0.17374958346076771,-0.03685356534758773,-0.19677541574038993
