,#10,#11,#12,#13,#17,#18,#26,#49,#50,#51,#52,#53,#54,#58,#101,#102,#201,#202,#301,#302,#401,#402,#501,#502,#601,#602,#701,#702,#801,#802,#901,#902,#1001,#1002,#1101,#1102,#1201,#1202,#1301,#1302,#1401,#1402,#1501,#1502,#1601,#1602,#1701,#1702,#1801,#1802,#1901,#1902,#2001,#2002,#2101,#2102,#2201,#2202,#2301,#2302,#2401,#2402,#2501,#2502,#2601,#2602,#2701,#2702,#2801,#2802,#2901,#2902,#3001,#3002,#3101,#3102,#3201,#3202,#3301,#3302,#3401,#3402,#3455,#3501,#3502,#3601,#3602,#3701,#3702,#3801,#3802,#3901,#3902,#4001,#4002,#4101,#4102,#4201,#4202,#4301,#4302,#4401,#4402,#4501,#4502,#4601,#4602,#4701,#4702,#4801,#4802
#10,1.0,0.5500711182870104,0.571744896782378,0.7628416560950294,0.17815707530849959,0.383462115096298,0.3030561642255795,0.5699073540153,0.0637988697958713,0.7421904432399185,0.41566908853265677,0.05225848614154461,0.215992003998001,-0.08101333948410411,0.0007380924922154307,0.009433744666128474,0.6508745627186406,0.12745165878599163,0.10216430246415253,0.35919732441471575,0.18279321877522778,0.32462230423249916,0.2678122477222927,0.19248837119901588,0.4528581862914696,0.3849613654711106,0.247976011994003,0.32057048398877486,-0.015346173067312497,-0.24466228424249414,0.15857455887440894,-0.15072463768115943,0.2074885634106024,0.19950024987506246,0.1081305501095606,-0.10780763464421636,0.1074539653250298,-0.09463729673624727,0.28900165301964403,0.1432822050513205,0.09790489370699265,0.050805366547495484,0.0933994541190943,-0.09831238227040326,0.43251451197478186,0.21127128743320647,-0.06402183523622804,0.1315726752008611,0.11496559412601391,0.2714258255487641,0.43896513281820626,0.4440933379464114,0.505739437973321,0.5067081843693538,0.47392457617345174,0.4362126628993196,0.26094644985199705,0.38335447660784994,0.12251566524430092,-0.04833736977665014,0.15666013147272517,0.05074385883981086,-0.1222850113404836,-0.4197285972398416,0.2636989197708838,0.3837235228539576,0.059908507284819126,-0.04996732403029255,0.2731864836812363,0.33087302502594856,0.2536500980279091,0.43645100526659747,-0.13703148425787107,0.13442509514473533,-0.010171837158343905,0.19431053703917273,0.0447084150232576,0.1081689924268635,0.07051858686041594,-0.026694345135124746,0.03961865221235536,0.19930803828854804,0.06097720370583939,0.016922308076730865,-0.0024987506246876563,-0.2157229077768808,-0.1631491946334525,0.06082343443662784,0.18746011609579827,0.13931495790566256,0.0504593856917695,0.3393380232960443,0.0837043016953062,-0.0021835236228039826,-0.27906046976511745,0.2144927536231884,0.21564602314227502,0.48783300657363626,0.4969284588474993,0.3131357398223965,0.481743743512859,0.4219890054972514,-0.1717295198554569,0.23775035559143506,0.396724714565794,0.3347480106100796,0.5324184061815246,0.18682966209203092,0.09045477261369315,0.0664206358359282,-0.22059739361088687
#11,0.5500711182870104,1.0,0.4490370199515627,0.5878676046592088,0.24126398339291893,0.2749086994964056,0.5296351824087956,0.37910275631415064,-0.018890554722638682,0.6347287894514281,0.452343059239611,-0.033206473686233806,0.2919386460615846,0.16952293084227119,0.10378656825433437,0.252396878483835,0.5028408872486834,0.15896667051089838,-0.07972936608618768,0.3971552685195864,0.17663475954330526,0.507576980740399,0.11565755583746588,0.40495137046861185,0.16693960711951716,0.33593203398300847,-0.0609387613885365,0.1351170568561873,0.07508553415599892,-0.07498558413101142,-0.12902779379541,-0.06259178103256065,0.07249452196978434,0.3521931342021297,0.0937761888286626,0.020897243685849384,0.16236497136047362,0.21390843040018453,0.25318879022027446,0.40292930457848,0.029931188252027834,0.07537000730404028,0.08573405604889862,0.025594894860262177,0.24363971860223735,0.3604351670318687,-0.18252412255410755,-0.07603890362511052,-0.03353707761503864,0.039580209895052475,0.22414946372967362,0.2001307038788298,0.288002152769769,0.400691961711452,0.2493983777342098,0.4743858839810864,0.10242571022181217,0.35577595817475877,0.08386575942797832,0.061023334486602854,0.06791988621074078,-0.01104832199284973,-0.03461346249951947,-0.2731480413639334,0.09587513935340022,0.3967016491754123,0.1933648560335217,0.07870680044593088,0.27460116095798254,0.4618998193211087,0.2560104563103064,0.40205281974397417,-0.1373543997232153,0.12771306654365125,0.03372928920155307,0.08232037827240227,-0.06169223080767309,0.05152808211278976,0.021643024641525392,0.25575673701610735,0.005066697420520509,0.08942451850997578,-0.030108022911621114,-0.012916618613770038,0.15959712451466573,-0.32073963018490753,-0.10297159112751317,0.12206204590012686,-0.05025179717833391,0.10882251182101257,0.15133971475800562,0.18413101141736823,0.15217775727520855,-0.1351478107100296,-0.1664552339215008,0.2066428324299389,0.44643063083842693,0.24005689462960828,0.370545496482528,0.032491446584400105,0.2767923730442471,0.3755353092684427,-0.02175835159343405,0.011263598969745896,0.12848960135316956,0.005574136008918618,0.20062276554030678,0.02274247491638796,-0.09426056202667897,-0.08365048245108216,-0.10546265328874024
#12,0.571744896782378,0.4490370199515627,1.0,0.7358397724214816,0.5466881943643562,0.6638988198208589,0.41358551493484025,0.35562218890554725,-0.23346019298043286,0.5601737592742091,0.2648521892899704,0.21504632299235,0.36048129781263216,0.003067696920770384,-0.06060815745973167,0.20512820512820512,0.7340252950447853,0.6150001922115865,-0.22816284165609502,0.4146772767462423,-0.08980125321954407,0.39361088686426016,0.17760350593933802,0.4999038942067428,0.19208857109906585,0.3407603890362511,0.01702994656517895,0.3099757813400992,-0.09709760504363203,0.06595932802829355,0.10361742205820167,0.1876138853650098,0.19971552685195865,0.43778110944527737,0.11355860531272825,0.14402029754353593,0.018644523891900203,0.09265367316341828,0.08807134894091416,0.18070195671395073,0.16643216853111906,0.06634375120132241,0.057701918271633415,0.11801791411986315,0.02773997616576327,0.1526390650828432,-0.2779456425633337,-0.02348056740860339,-0.1274209049321493,0.14501979779341098,0.1936723945719448,0.5783262215046323,0.338015607580825,0.568108253565525,0.23850382501057163,0.3867297120670434,-0.06932687502402644,0.22463383692769,-0.06815054011455811,0.16688578787529312,0.19168108253565525,0.13716987660016144,0.011409679775496867,-0.07624649213854612,0.004643831930188752,0.5496251874062968,-0.011455810556260331,0.24568484988275094,0.16875408449621343,0.43622035136278015,0.4947910660054588,0.5167031868681045,-0.10961442355745205,0.3154499673240303,-0.11733364087187176,0.3002421865990082,-0.06455233921500789,0.1261599969246146,0.20525122054357436,0.28123630492446083,0.05691769499865452,0.378841348556491,-0.21785261215546073,0.09416061200169146,0.353715449967324,-0.22611002191212087,0.15060162226579019,0.15947410909929652,0.21995925114365894,0.29186176142697884,0.3173874601160958,0.2868335063237612,0.5628416560950295,0.05550301772190828,-0.13128051358935916,0.36442547956790833,0.4659977703455964,0.41638411563449046,0.7598892861261677,0.079414139084304,0.4468765617191404,0.48900165301964404,0.4047591588820974,0.05629492945834775,0.3071464267866067,0.024864490831507324,0.35325414215968937,0.08907084919078923,0.10993733902279629,-0.00532810517818014,-0.024979817783415983
#13,0.7628416560950294,0.5878676046592088,0.7358397724214816,1.0,0.42954676507899897,0.6201668396570945,0.35921270134163685,0.4682197362857033,-0.19456425633337177,0.7805789412985815,0.26347595433052706,0.24900626609772036,0.41451581901357015,-0.15220851112905087,0.03758120939530235,0.12896628608772537,0.7661015646023143,0.1851920193749279,0.0036443316803136893,0.303102295006343,0.0656671664167916,0.39471802560258334,0.1461038711413524,0.348894783377542,0.3241533079614039,0.33766193826163843,0.1937646561334717,0.2845115903586668,-0.03874985584131011,-0.11907123361396225,0.15986622073578596,0.06886556721639181,0.2660900319071234,0.43147656940760387,0.21683004651520393,0.05312728251258986,0.198162457232922,0.18630684657671165,0.30634682658670664,0.2687194864106408,0.18820589705147425,0.12487602352669819,0.16313381770653135,0.030131088302002843,0.3259293430207973,0.14354361280898012,-0.05078230115711375,0.07096451774112944,0.03770422481067159,0.15051704916772382,0.4541190942990043,0.38110175681390074,0.5197401299350325,0.4335370776150386,0.41221696843885747,0.4189289970399416,0.10726175373851536,0.326698189366855,0.14701110982970053,0.04809902740937224,0.20534348210510128,0.14927920655057086,0.0009226156152692884,-0.2475685234305924,0.1598815976627071,0.4115326951908661,0.007288663360627379,0.09804328604928306,0.26942682504901394,0.4740706569792027,0.37177565063622037,0.5113135739822396,-0.06729712067043402,0.23245300426709722,0.0006996501749125438,0.20736554799523316,-0.061953638565332717,0.11188252027832238,0.06894245185099758,0.14055280052281552,0.08298158613001191,0.3448045208165148,-0.03622035136278015,0.13020412870487832,0.16249567523930342,-0.2505900895705993,0.04806058509206935,0.2546803521316265,0.20409795102448774,0.24939068927074923,0.1506631299734748,0.41910583169953486,0.26450620843424444,0.09963479798562257,-0.08607234844116403,0.19753200322915465,0.3163956483296813,0.46426017760350596,0.6130319455656787,0.2660746549802022,0.43815784415484565,0.5211624956752393,0.06610540883404452,0.13247991388920924,0.291731057548149,0.1587283281436205,0.44594625764041057,0.12940452850497827,0.22297312882020529,0.057617345173567064,-0.058163226079268056
#17,0.17815707530849959,0.24126398339291893,0.5466881943643562,0.42954676507899897,1.0,0.5744896782378042,0.21975166263022336,0.2981509245377311,-0.018075577595817478,0.2295698304693807,0.1961173259524084,0.6508591857917195,0.26198439241917504,0.12097797255218544,-0.16566332218506133,0.07683081536155,0.3165494175988929,0.24841425441125592,-0.38340060738861337,0.1907046476761619,-0.37069157728827895,0.07450121093299504,-0.10751547303271441,0.31870218736785455,-0.22852419943874216,0.1381386229961942,-0.256125783262215,-0.0073194172144696885,-0.09672087033406374,0.3997924114865644,-0.21024872179294968,0.3663091531157498,0.12757467420136087,0.427363241456195,0.2206589013185715,0.3973551685695614,0.02929304578479991,0.30542421097143735,-0.226125398839042,0.0625072079344943,0.3928112866643601,0.3353553992234652,0.1673394072194672,0.42519509476031214,-0.09338407719217315,-0.07567754584246339,-0.3776496367201015,-0.26585168953984545,-0.3254834121400838,-0.1993541690693115,-0.11904816822358051,0.17722677122976974,-0.09973474801061008,0.03695844385499558,-0.24049513704686118,0.030269480644293238,-0.3868604159458732,-0.10094952523738131,-0.14558105562603313,0.3155806712028601,0.030461692230807674,0.09352246953446354,0.3635028639526391,0.19103525160496676,-0.20839580209895053,0.36422557951793333,0.09473724676123477,0.3744819897743436,-0.16908468842501825,0.23155345404220967,-0.07092607542382655,0.0447084150232576,-0.1665551839464883,0.2618613770038058,-0.1956098873640103,0.0972129319955407,-0.31573444047207166,-0.09462960827278669,0.22835505324260946,0.3690385576442548,0.3239303425210472,0.6465690231807173,-0.3376081190174144,0.6348671817937185,0.7692769000115327,0.07094914081420828,0.40216814669588286,0.5986006996501749,0.49758966670510896,0.5630569330719256,0.6422711721062546,0.4646138469226925,0.6678276246492139,0.14792603698150925,0.15036327989851228,0.05514165993926114,0.16041210164148695,-0.06027755353092684,0.35730596240341367,-0.2949755891285127,0.04144850651597278,0.24916772383039248,0.5767731518855956,-0.3386229961942106,0.0062891631107523166,-0.3018029446815054,-0.04883711990158767,-0.041079460269865066,0.1663091531157498,-0.2532426094644985,0.08172067812247723
#18,0.383462115096298,0.2749086994964056,0.6638988198208589,0.6201668396570945,0.5744896782378042,1.0,0.4730404028754853,0.32346134624995193,-0.03479798562257333,0.5057932572175451,0.08657978702956214,0.4690731557298274,0.47912197747280205,0.04610002690962211,-0.016437934878714488,0.1642717102986968,0.4271172106254565,0.29293814631145965,-0.3474647291738746,0.2708799446430631,-0.26582862414946373,0.12043978010994502,-0.10034982508745627,0.38537654249798176,-0.10489370699265751,0.06408334294391266,-0.09592895859762426,0.09148502671741053,0.005320416714719564,0.296497904893707,0.2449775112443778,0.36711644177911046,0.13397916426402184,0.2734555799023565,0.17483565909353016,0.30459385691769497,0.10688501902894706,0.15685234305923962,-0.17867220236035827,-0.08135932033983008,0.25225079767808406,0.13506323761196326,0.2786452927382463,0.3676085034405874,0.025210471687233307,0.0981586130011917,-0.2520970284088725,-0.0973436358743705,-0.23877292123169186,-0.0637604274785684,0.11838696036597086,0.2972206204590013,0.15476108099796257,0.13019644024141774,-0.05291200553569369,0.04536962288086726,-0.16564794525814017,0.05265059777803406,-0.042309614423557455,0.04951370468611848,0.37628877868757926,0.3132433783108446,0.28558797524314766,0.10518586860415946,-0.23784261715296198,0.25210471687233305,0.34837196786222274,0.4138469226924999,0.023050013454811055,0.1733902279629416,0.19753200322915465,0.08620305231999385,0.16617844923692,0.3398147080306001,0.09150040364433168,0.22730942221197092,-0.024656902318071734,0.13526313766193826,0.18323146119248068,0.28061353938415406,0.285272748241264,0.6511897897205243,-0.03532080113789259,0.2615230846115404,0.47651558835966634,0.052965824779917736,0.347603121516165,0.3072540652750548,0.506231499634798,0.5488870949140814,0.5677853381001807,0.39058932072425323,0.519640179910045,0.2620843424441625,-0.08132856648598777,-0.010771537308268943,0.032107023411371234,0.23713527851458885,0.4420558951293584,-0.004190212586014685,0.23662783992619074,0.329973474801061,0.43658170914542727,0.027555453042709413,0.20857263675854382,0.009887364010302541,0.22688655672163918,0.2192903548225887,0.24792219274977895,0.008834044516203437,-0.05887825318110176
#26,0.3030561642255795,0.5296351824087956,0.41358551493484025,0.35921270134163685,0.21975166263022336,0.4730404028754853,1.0,0.2911774881789874,0.20941836773920733,0.573928420405182,0.33237996386422175,-0.0065275054780302155,0.4081574597316726,0.5673086533656249,0.2018067889132357,0.3840156844654596,0.3373543997232153,0.2849959635566832,-0.18459231922500288,0.2997962557182947,-0.02795525314265944,0.23194556567869912,-0.0012147772267712298,0.343236074270557,0.005020566639757045,0.21372390727713067,-0.2541267827624649,-0.0504593856917695,0.08744858340060739,0.21887517779571752,0.017929496790066505,0.0463768115942029,-0.08611079075846692,0.0949986545188944,0.14213662399569446,0.16967670011148273,0.04485449582900857,0.2789758966670511,-0.08018298543036174,0.0860492830507823,-0.14774151385845538,0.05602583323722754,-0.04961365471110599,0.42200438242417254,-0.012931995540691193,0.3481105601045631,-0.36507131049859687,-0.15336946911159804,-0.3942951601122516,-0.1781186329911967,0.0130319455656787,0.17537385153577056,0.08896321070234113,0.16999961557682697,-0.08284319378772152,0.12427632337677315,-0.14072194671894822,0.04935224695344635,0.048129781263214544,0.01821396993810787,0.16460231422750163,0.18541498481528468,0.2865182793218775,0.18596086572098566,-0.10913773882289625,0.01447737669626725,0.47692307692307695,0.5632107023411371,0.2495060162226579,0.31465036712413025,0.32968131318955907,0.19487948333525545,-0.03675854380502057,0.17408218967439357,-0.048460385192019374,-0.08991658017145274,-0.12825894744935223,0.0065275054780302155,0.4276400261407758,0.47513935340022295,-0.17541229385307347,0.2828124399338792,0.10799984623073079,-0.15187790720024602,0.16690885326567487,-0.12561411601891362,0.13471725675623727,-0.0895552223888056,0.05108983969553685,0.12284626917310576,0.34657286741244764,0.08381194018375428,0.37127590051128284,-0.011155960481297812,-0.14921001037942566,0.13939184254026832,0.12900472840502825,0.04297851074462768,0.30348671817937184,-0.2530427094145235,0.14779533310267942,0.15196248029831239,0.23322953907661553,0.006096951524237881,-0.0672663668165917,-0.21709914273632414,0.09422211970937608,0.014231345865528775,0.022519509476031215,-0.046422942374966365,0.023111521162495676
#49,0.5699073540153,0.37910275631415064,0.35562218890554725,0.4682197362857033,0.2981509245377311,0.32346134624995193,0.2911774881789874,1.0,0.30684657671164417,0.5638719101987468,0.32319225002883173,0.15344635374620383,0.3683927267135663,0.24211740283704303,-0.05291969399915427,-0.18007150271018338,0.4571714142928536,-0.018114019913120363,-0.1294660362126629,0.14179833160342906,-0.058378503056164224,0.09507553915350017,0.25255064775304653,0.10143389843539768,0.3085687925268135,0.07241763733517856,0.12133933033483259,0.04425479567908353,0.2620228347364779,-0.06142313458655288,0.07157959481797563,0.09502940837273671,0.28042901626110023,0.27300964902164304,0.21471571906354514,0.1297043785799408,0.2687425518010226,-0.022288855572213894,0.1357244454695729,-0.0808749471418137,0.31102910083419827,0.08046745857840311,0.2851881751431976,0.13983008495752125,0.41553069619036637,0.12938915157805714,-0.2356898473840003,-0.12815899742436473,-0.06546726636681659,-0.01723753507861454,-0.0002537192941990543,0.32436858493830006,0.28654903317571984,0.14903317571983238,0.26204590012685963,0.07979856225733287,0.23915734440472072,0.11042940068427325,0.22634836427939875,-0.011079075846692038,0.3670549340714258,0.08466535962787837,0.17499711682620228,-0.19576365663322184,-0.06180755775958175,0.07522392649828932,0.2256564025679468,0.03711221312420713,0.15179333410217968,0.02057432822050513,0.24367047245607965,0.05902433398685273,0.12083189174643448,0.24536962288086725,0.2592319225002883,0.24812978126321455,0.12611386614385114,0.09449890439395686,0.10427094145235075,-0.010033444816053512,0.06247645408065198,0.15636796986122323,0.08191288970899166,0.28511897897205246,0.14550417099142737,0.062468765617191405,-0.062199669396071196,0.2925921654557337,0.3047168723330642,0.3030946065428824,0.17775727520854956,0.28677199861607655,0.13958405412678276,0.30134932533733133,-0.22688655672163918,0.21836005074385884,-0.08580325222004383,0.2789989620574328,0.16967670011148273,-0.0555952792834352,0.11996309537538923,0.4682274247491639,0.0189520624303233,-0.0776457924883712,0.13374851036020452,0.16606312228501133,0.19548687194864106,0.25704071041402377,0.0436550955291585,0.07432437627340176,-0.2564563871910199
#50,0.0637988697958713,-0.018890554722638682,-0.23346019298043286,-0.19456425633337177,-0.018075577595817478,-0.03479798562257333,0.20941836773920733,0.30684657671164417,1.0,0.11210548571867912,0.18841348556490986,0.08255872063968016,-0.024210971437358245,0.3778110944527736,0.1516164994425864,-0.15400761157882598,-0.16371045246607466,-0.14068350440164534,-0.059008957059931574,-0.061169415292353826,-0.014269788182831662,-0.30911467343251453,0.08796371045246608,-0.1648790989120824,0.022511821012570637,-0.10424018759850844,-0.1277284434705724,-0.23189174643447508,0.2896628608772537,0.04456233421750663,0.03185330411717218,-0.25226617460500517,-0.11972475300811133,-0.23462115096298006,0.24436243416753162,0.009510629300734248,0.11338177065313497,-0.09562142005920117,-0.10716180371352785,-0.2219505631799485,0.05482643293737746,0.04047207165647945,-0.004051820243724292,0.293422519509476,0.008165148195133202,0.03976473301810633,-0.21050244108714875,-0.09890439395686772,-0.22523353707761504,-0.20422865490331757,-0.20442086648983201,0.036943066928074426,-0.23319878522277324,-0.19096605543382156,-0.08327374774151386,-0.1925498789067005,-0.020243724291700304,-0.17045323492100103,0.03227616960750394,0.11687233306423711,0.004228654903317572,0.04666128474224426,0.3103832699035098,0.16003536693191867,-0.007603890362511052,-0.2764617691154423,0.3401760658132472,0.16313381770653135,-0.03740437473570907,-0.3136508668742552,-0.2756467919886211,-0.3611809479875447,-0.04237881059470265,-0.04390881482335755,0.011563449044708416,-0.05875523776573252,0.009256910006535194,-0.056333371775650634,0.2449544458539961,-0.08546495982777842,-0.04082574097566601,0.053150347902971594,0.20643524391650328,-0.02754776457924884,0.016783915734440474,0.21910583169953485,0.10364817591204398,-0.05043632030138777,0.08211278975896667,0.01844462384192519,0.08572636758543806,0.045684849882750934,0.08562641756045054,-0.07242532579863914,0.13782339599431054,0.05687925268135163,-0.4088340445162034,-0.08770230269480644,-0.20332910467843002,-0.1309960404413178,-0.03026179218083266,-0.06936531734132934,0.0002460308307384769,-0.03224541575366163,0.00977203705839388,-0.05240456694729558,0.003828854803367547,0.10763079998462308,0.004374735709068543,-0.03739668627224849,0.0637296736247261
#51,0.7421904432399185,0.6347287894514281,0.5601737592742091,0.7805789412985815,0.2295698304693807,0.5057932572175451,0.573928420405182,0.5638719101987468,0.11210548571867912,1.0,0.4703878829815861,0.08771767962172759,0.487656171914043,0.1937723445969323,0.26752008611079076,0.09992695959712451,0.7598585322723254,0.11719524852958137,0.08694114481220928,0.33723907277130666,0.31264367816091954,0.2983508245877061,0.27878368508053664,0.24353208011378927,0.4582093568600315,0.19218083266059277,0.2337523545919348,0.18207819167339406,0.18122477222926997,-0.11960173759274209,0.13978395417675776,-0.13689309191558066,0.12798985122823203,0.18320839580209894,0.28004459308807134,-0.01584592319225003,0.27397839541767577,0.03632798985122823,0.313089609041633,0.07377849536770076,0.19171952485295812,0.05308884019528697,0.17963326029293045,0.09414523507477031,0.445046707415523,0.1619190404797601,-0.10832276169607503,-0.037888747933725445,0.028293545534924844,0.013016568638757544,0.3785338100180679,0.3519163495175489,0.5096374889478338,0.4105639487948334,0.5047322492599854,0.3484872948141314,0.30978356975358473,0.22128935532233884,0.2059201168646446,-0.04397801099450275,0.23873447891438895,0.19557144504670743,0.09937339022796295,-0.1995540691192865,0.1728827893745435,0.30099565601814476,0.22003613577826472,0.17675008649521393,0.4365048245108215,0.43005420366739705,0.46924999038942067,0.5222926998039442,0.013816168838657595,0.20429785107446277,0.05398070195671395,0.19596355668319687,0.03710452466074655,0.14849498327759197,0.29066236112712873,0.1144581555376158,-0.1063929573674701,0.1823395994310537,0.09093914581170953,-0.02961596125014416,0.049767423980317534,-0.32470687733056547,-0.05416522507976781,0.1000653519394149,0.07101833698535348,0.18106331449659785,0.08504978280090723,0.2824203282973898,0.1973782339599431,-0.005666397570445547,-0.14745704071041402,0.3158882097412832,0.15376926921154807,0.48173605504939837,0.4462076653980702,0.17964094875639103,0.31904047976011995,0.5122669434513513,-0.05258909007034944,0.13390227962941606,0.1794871794871795,0.10583169953484796,0.3304194056817745,0.21590743089993464,0.1646484450082651,0.10723099988467305,-0.05104370891477338
#52,0.41566908853265677,0.452343059239611,0.2648521892899704,0.26347595433052706,0.1961173259524084,0.08657978702956214,0.33237996386422175,0.32319225002883173,0.18841348556490986,0.4703878829815861,1.0,0.1660400568946296,0.3347480106100796,0.2785760965671011,0.19436435628339677,0.015276976896167301,0.41446968823280667,0.186937300580479,0.27028793295659864,0.32893553223388305,0.2375658324683812,0.23398300849575213,0.41805251220543577,0.15396148079806252,0.3699611732595241,0.321877522777073,0.04997501249375312,0.16933071925575674,0.32110867643101526,0.02466459078153231,-0.18919002037442817,-0.10470918386960366,0.13009649021643024,-0.009764348594933303,0.24999807788413486,-0.02478760619690155,0.23887287125667936,0.11458885941644563,0.2677430515511475,0.17994848729481414,0.2693806942682505,0.20236804674585784,0.1741360089186176,0.25650251797178336,0.23465190481682235,0.12137777265213547,-0.07376311844077961,0.00340598931303579,-0.011840233729289202,-0.06038519201937493,0.14356667819936186,0.08202821666090032,-0.021696843885749433,0.2589628262791681,0.15779033560143005,0.22724022604082575,0.06511359704763003,0.14881021027947564,-0.0816591704147926,-0.08328143620497444,-0.17571983239149655,-0.1907507784569254,0.09269211548072118,-0.12733633183408297,0.34663437512013223,0.3011263598969746,0.15710606235343866,0.07127205627955253,0.4191980932610618,0.3347787644639219,0.18011763349094684,0.3846692038596087,-0.2331757198323915,-0.24330142620997194,-0.3014569638257794,-0.17108368892476838,-0.1303117671933264,-0.2116018913620113,0.2952754392034752,0.15895129358397725,0.05128205128205128,0.03635105524160996,-0.022258101718371583,0.10864567716141929,0.07910660054588091,-0.42172759773959173,-0.3148195133202629,0.2132702879329566,0.13241840618152462,0.13345634874870257,0.10151847153346404,-0.0024679967708453464,-0.009995002498750625,-0.23510552416099642,-0.25804789912735937,0.41489255372313844,0.2835044016453312,0.3306577480490524,0.32850497828009073,0.0495752123938031,-0.04194056817744974,0.26857340560488985,-0.12322300388267404,-0.175912043978011,0.07457040710414024,0.05152808211278976,-0.052635220851112906,-0.20239880059970014,-0.2683581286279937,-0.18784453926882713,-0.1186791219774728
#53,0.05225848614154461,-0.033206473686233806,0.21504632299235,0.24900626609772036,0.6508591857917195,0.4690731557298274,-0.0065275054780302155,0.15344635374620383,0.08255872063968016,0.08771767962172759,0.1660400568946296,1.0,0.44083342943912657,0.04798370045746358,-0.03562065121285511,0.049206166147695386,0.2342982354976358,-0.07711528850959136,-0.18797524314765693,-0.04885249682850882,-0.23362165071310498,-0.18287779187329412,-0.010379425671779494,0.1551839464882943,-0.14652673663168417,-0.08271248990889171,-0.12016299542536424,-0.08371199015876676,0.08156690885326567,0.26843501326259944,0.059385691769499864,0.30140314458155537,0.24401645331180563,0.11134432783608196,0.32645215853611653,0.15480721177872603,0.20648137469726674,0.1463729673624726,-0.1511013723907277,-0.1793795409987314,0.5245454195978934,0.30855341559989236,0.3962864721485411,0.32274631914811824,0.09710529350709261,-0.2993426363741206,-0.2637066082343444,-0.18044823741975166,-0.22424172529120057,-0.21904432399185023,-0.06567485488025218,-0.08634913312574483,-0.07872986583631261,-0.2684273247991389,-0.198908238188598,-0.27138738323146117,-0.2343597432053204,-0.228308922461846,-0.015100142236574021,0.155499173490178,0.08906316072732864,0.10869949640564333,0.4152231576519433,0.30279475646791987,-0.2154461230923,0.14289009341483105,0.02890862261177104,0.3261292430707723,-0.17613500941836774,0.024679967708453467,-0.29217698842886247,-0.1563525929343021,0.047976011994003,0.11645715603736594,-0.08935532233883059,-0.06795832852804368,-0.19800868796371046,-0.13853073463268367,0.11702610233344866,0.05442663283742744,0.5603044631530388,0.5680851881751432,-0.25278130165686385,0.7357936416407181,0.563103063852689,0.2211663399069696,0.358628378118633,0.6300157613500942,0.3890054972513743,0.7296890016530196,0.48032137777265216,0.5964171760273709,0.3522700188367355,0.17861838311613423,0.04316303386768154,-0.028493445584899857,-0.1023488255872064,-0.05506477530465537,0.06832737477415139,-0.18080190673893823,-0.14877176796217276,0.23499019720908776,0.3059162726329143,-0.2750701572290778,-0.01933648560335217,-0.12230807673086534,-0.1663168415792104,0.07038788298158613,0.2157229077768808,-0.1628800984123323,-0.03567447045707915
#54,0.215992003998001,0.2919386460615846,0.36048129781263216,0.41451581901357015,0.26198439241917504,0.47912197747280205,0.4081574597316726,0.3683927267135663,-0.024210971437358245,0.487656171914043,0.3347480106100796,0.44083342943912657,1.0,0.3064929073924576,0.12083189174643448,0.20159151193633953,0.4530427094145235,0.017391304347826087,-0.11427363241456195,0.006458309306885019,-0.02807826855802868,0.07514704186368354,0.1773728520355207,0.19688617229846614,0.04726867335562988,0.001752969669011648,-0.04196363356783147,-0.06317610425556452,0.19574059124284013,0.20897243685849384,0.20179141198631453,0.1622650213354861,0.1487256371814093,0.20897243685849384,0.24210971437358245,0.05492638296236497,0.1393303348325837,0.017952562180448238,0.030846115403836544,-0.1102064352439165,0.29409141583054627,0.07424749163879599,0.29726675123976476,0.17442817053011955,0.24227117210625457,-0.025756352592934302,-0.21583054626532888,-0.16344904470841504,-0.18855956637066082,-0.1564832968131319,0.06758159381847538,0.059685541844462384,0.1357551993234152,0.017668089032406874,0.09677468957828778,-0.11814861799869296,0.05521085611040633,-0.16093491715680622,0.06867335562987736,-0.04411640333679314,0.34670357129127743,0.230692346134625,0.1564832968131319,0.06016991504247876,-0.11638027140276015,-0.004059508707184869,0.07568523430592396,0.2562795525314266,0.11048321992849729,0.05539537923346019,0.29134663437512015,0.23367546995732902,0.34625764041056395,0.26407565448045206,0.15626033137277515,0.05928574174451236,0.11302041287048784,0.06676661669165418,0.16829277668857878,0.17943336024295545,0.2653673163418291,0.23648175912043978,0.15960481297812631,0.2530503978779841,0.2273171106754315,0.08887863760427478,0.184007996001999,0.3166416791604198,0.22196594010686965,0.4464075654480452,0.210279475646792,0.2546880405950871,0.11148272017837235,0.17146042363433667,-0.19645561834467382,0.06563641256294929,0.07871448890939146,0.15194710337139122,0.13271825625648714,-0.0020451312805135893,-0.05474954830277169,0.27352477607350173,0.07294045285049783,-0.17763425979318034,-0.06722792449928881,0.02523353707761504,-0.024272479145042863,0.22444162534117557,0.023703532848960134,0.17865682543343714,0.0070272556029677465
#58,-0.08101333948410411,0.16952293084227119,0.003067696920770384,-0.15220851112905087,0.12097797255218544,0.04610002690962211,0.5673086533656249,0.24211740283704303,0.3778110944527736,0.1937723445969323,0.2785760965671011,0.04798370045746358,0.3064929073924576,1.0,0.09147733825394995,0.10530119555606812,0.08265098220120709,0.13423288355822088,-0.23669703609733594,0.05626417560450544,-0.014116018913620113,-0.13996078883635105,-0.08205128205128205,0.026010071887133356,-0.11395840541267828,-0.09758197824164841,-0.33109599046630533,-0.3419905431899435,0.04419328797139892,0.25847076461769114,-0.16780071502710184,0.08647214854111406,-0.12877407450121092,-0.17292892015530698,-0.037857994079883134,0.13831545765578748,-0.04017222158151693,0.06760465920885711,-0.14295928958597623,-0.17422827048014455,-0.16610925306577481,-0.05052089339945412,-0.15945104370891477,0.40984892169299963,0.010241033329489101,0.20467458578403105,-0.44142544112559107,-0.3243301426209972,-0.3794487371698766,-0.3765271210548572,-0.21615346173067312,-0.039218852112405334,-0.17164494675739053,-0.11919424902933148,-0.21499250374812592,-0.16085034405873985,0.015892053973013492,-0.19076615538384653,0.0647829931188252,0.04227117210625456,0.15156268019836236,0.18894398954368968,0.33141121746818897,0.23578210894552723,-0.21455426133087302,-0.10166455233921501,0.4752931226694345,0.4564102564102564,0.12781301656863875,0.023588205897051476,0.13336408718717566,-0.03571291277438204,0.06762003613577826,-0.03229923499788567,0.05905508784069504,-0.0718256256487141,0.065059777803406,0.13540153000422867,0.40009226156152694,0.2408641832929689,-0.10666205358859032,0.017391304347826087,0.06531349709760505,0.12263099219620958,0.18340060738861338,0.0725790950678507,0.1822088955522239,-0.012193903048475762,-0.03432130088801753,0.003121516164994426,0.20900319071233614,0.019951562680198362,0.1906046976511744,0.08792526813516319,0.01157882597162957,0.10138776765463423,-0.0776457924883712,-0.14956367969861223,-0.09166954984046438,-0.4392726713566294,-0.15673701610733096,0.047430131088302005,0.12053204167147195,-0.10956829277668857,-0.21283973397916425,-0.28232806673586286,-0.2541421596893861,0.13675469957329028,-0.13005035943566678,0.11128282012839734,0.16486372198516128
#101,0.0007380924922154307,0.10378656825433437,-0.06060815745973167,0.03758120939530235,-0.16566332218506133,-0.016437934878714488,0.2018067889132357,-0.05291969399915427,0.1516164994425864,0.26752008611079076,0.19436435628339677,-0.03562065121285511,0.12083189174643448,0.09147733825394995,1.0,0.38042517202936993,0.1838311613424057,-0.13996078883635105,0.5630108022911621,0.058655287740745014,0.593541690693115,-0.009379925421904432,0.4397416676277246,-0.06925767885288125,0.48119017414369736,-0.1534540422096644,-0.03114596547879906,-0.2824433936877715,0.5254603467497021,-0.057809556760081496,0.1442355745204321,-0.03908045977011494,-0.12496828508822512,-0.1059547149502172,0.4969976550186445,-0.11468112097797255,0.47077999461807557,0.1721677622727098,0.47876061969015493,0.035551455041709916,0.2963595125514166,0.18807519317264446,0.32428401184023375,0.18562257332872026,0.17605812478376195,0.043370622381117135,-0.10783070003459809,-0.26492907392457615,-0.1320801137892592,-0.391304347826087,-0.21903663552838964,-0.4416484065659478,-0.08207434744166378,-0.11125975473801561,0.3860915695998155,0.05561834467381694,0.18259331872525275,-0.2886787375542998,0.10776919232691347,-0.37647330181063315,0.02401875985084381,0.0011532695190866105,0.2169146196132703,0.17947180256025833,0.016330296390266404,-0.19183485180486679,0.05687156421789105,0.17276746242263483,0.575419982316534,0.19711682620228346,0.2657286741244762,0.15509937339022797,0.23575135509168493,-0.16571714142928537,0.07092607542382655,-0.2597239841617653,0.08069811248222043,-0.1339253450197978,0.4988428862491831,0.22020528197439743,-0.31489639795486873,-0.18041748356590936,-0.02078191673394072,-0.29815861300119173,-0.25115903586668203,-0.2406565947795333,-0.042471072156229576,-0.1980240648906316,-0.20914158305462655,-0.053996078883635105,-0.14507361703763502,-0.1175566063122285,-0.1906431399684773,-0.20246030830738476,-0.05480336754699573,0.26660515895898207,0.032007073386383735,0.05218928997039941,-0.09007803790412486,-0.011601891362011302,-0.23047706915772884,0.04915234690347134,-0.08701034098335447,-0.11982470303309883,-0.09412985814784915,-0.230346365278899,-0.10054972513743128,-0.001868296620920309,-0.08993195709837389,-0.12578326221504632,-0.09569061623034636
#102,0.009433744666128474,0.252396878483835,0.20512820512820512,0.12896628608772537,0.07683081536155,0.1642717102986968,0.3840156844654596,-0.18007150271018338,-0.15400761157882598,0.09992695959712451,0.015276976896167301,0.049206166147695386,0.20159151193633953,0.10530119555606812,0.38042517202936993,1.0,0.15163956483296814,0.1226617460500519,0.09723599738592242,0.2835505324260946,0.06997270595471496,0.3940337523545919,0.15678314688809442,0.40018452312305386,0.006842732479913889,0.2677122976973052,-0.4280628916311075,-0.2074501210932995,-0.03822704032599085,0.14842578710644677,-0.08292007842232729,-0.07547764579248838,-0.31464267866066964,0.033421750663129975,-0.033583208395802096,-0.06162303463652789,-0.0073194172144696885,0.2992965055933572,0.03540537423595894,0.36688578787529313,-0.06848883250682351,0.14183677392073193,0.11651866374505056,0.22870103409833545,-0.05101295506093107,0.34258255487640793,-0.39876215738284704,-0.312543728135932,-0.3973090377887979,-0.2546111559604813,-0.15963556683196864,-0.2180678891323569,-0.07854534271325876,0.07846845807865298,-0.043309114673432514,0.16231115211624958,-0.18182447237919502,-0.01646100026909622,-0.016630146465228923,0.03911121362395725,0.04296313381770653,-0.09622880867258678,0.10491677238303924,0.2464767616191904,-0.13224157152193133,-0.15915888209741283,0.0746549802022066,0.3528620305231999,0.1732902779379541,0.2666282243493638,0.15692922769384537,0.07643870372506055,0.14272094721869835,0.03435974320532042,0.0024295544535424597,-0.24026448314304386,-0.07639257294429708,-0.20821127897589667,0.20731172875100912,0.4939376465613347,0.0493368700265252,0.10351747203321417,-0.10279475646791988,-0.15051704916772382,0.0324606927305578,-0.025348864029523698,0.07643101526159997,-0.013285664859877753,-0.11413524007227156,0.10310229500634298,0.16064275554530427,0.002983123822704033,0.16839272671356628,-0.1786030061892131,-0.11987852227732287,-0.07422442624841426,0.43771191327413217,-0.14718794448929381,0.058785991619574825,-0.27037250605466495,-0.13404067197170647,-0.14961749894283627,-0.0561411601891362,-0.23717372083189175,-0.29519086610540884,-0.40756544804520817,-0.2728866336062738,-0.050505516472532964,-0.0307922961596125,-0.24175604505439588,-0.15636028139776265
#201,0.6508745627186406,0.5028408872486834,0.7340252950447853,0.7661015646023143,0.3165494175988929,0.4271172106254565,0.3373543997232153,0.4571714142928536,-0.16371045246607466,0.7598585322723254,0.41446968823280667,0.2342982354976358,0.4530427094145235,0.08265098220120709,0.1838311613424057,0.15163956483296814,1.0,0.35010956060431325,0.08395802098950525,0.20625840925691,0.23549763579748587,0.25485718679121977,0.4288932456848499,0.2623611271287433,0.5175796717026102,0.18535347710760006,0.2719563295275439,0.27226386806596703,0.15487640794987123,-0.1396378733710068,0.09602890862261178,-0.0021450813055010954,0.2528812516818514,0.33896897704993656,0.2789067004959059,-0.08671817937185254,0.20076884634605774,0.018252412255410758,0.3767500864952139,0.16654749548302772,0.24502364202514126,0.09035482258870564,0.12709798946680506,-0.04482374197516626,0.36045054395878984,0.07310959904663053,-0.10706954215200093,0.04869872755929727,0.09313804636143466,0.15698304693806941,0.41518471533464035,0.41136354899473343,0.567923730442471,0.540106869642102,0.5484719178872103,0.329573674701111,0.2329066236112713,0.1383538999730904,0.12221581516933841,0.04836812363049245,0.12979664014146772,0.041079460269865066,-0.04969053934571176,-0.19089685926267635,0.2763541306269942,0.48195902048975514,-0.10277169107753815,0.08879406450620843,0.37951024487756124,0.42700188367354786,0.5387152577557375,0.6811132895090916,-0.10188751777957175,0.12913543228385807,-0.1949640564333218,0.10626994195210088,-0.023257601968246645,0.02102025910121862,0.26178449236920004,0.04984430861492331,-0.06569023180717333,0.10547034175220082,-0.13237996386422174,0.10556260331372776,0.030607773036558643,-0.4005381924422404,-0.05175873601660708,0.18447699227309422,-0.012586014684965209,0.18212432245415755,-0.011540383654326683,0.3689386076192673,0.23509783569753584,0.04420866489832007,-0.07748433475569907,0.5417522008226656,0.37388997808787916,0.5728443470572406,0.6161765271210549,0.24179448737169876,0.38576096567101065,0.650413254911006,0.07430899934648061,0.14830277169107753,0.27769192326913467,0.13183408295852073,0.2975127820705032,0.1096298004843732,0.11339714758005613,0.137323645869373,0.04591550378656825
