,#10,#11,#12,#13,#17,#18,#26,#49,#50,#51,#52,#53,#54,#58,#101,#102,#201,#202,#301,#302,#401,#402,#501,#502,#601,#602,#701,#702,#801,#802,#901,#902,#1001,#1002,#1101,#1102,#1201,#1202,#1301,#1302,#1401,#1402,#1501,#1502,#1601,#1602,#1701,#1702,#1801,#1802,#1901,#1902,#2001,#2002,#2101,#2102,#2201,#2202,#2301,#2302,#2401,#2402,#2501,#2502,#2601,#2602,#2701,#2702,#2801,#2802,#2901,#2902,#3001,#3002,#3101,#3102,#3201,#3202,#3301,#3302,#3401,#3402,#3455,#3501,#3502,#3601,#3602,#3701,#3702,#3801,#3802,#3901,#3902,#4001,#4002,#4101,#4102,#4201,#4202,#4301,#4302,#4401,#4402,#4501,#4502,#4601,#4602,#4701,#4702,#4801,#4802
#10,1.0,-0.0053253561728138,0.4331575026490281,0.44040727939033025,0.16503421757659045,0.16496897513846667,0.19242401106807885,0.20644835899073188,-0.16091191345428635,0.44745485084468134,0.3164350791469436,0.16133899693221726,0.1331288144847467,0.037046137046137045,-0.40327507785134903,-0.3378804073719328,0.38649805429466444,0.46425732357935745,-0.32911709860862404,-0.3249267757742334,-0.46730613510274527,-0.1952414664279071,0.19569029738521265,0.09175724260470024,0.08638283892521181,0.21999518779179797,0.14350004858479434,0.18896940083380762,0.29911945844149235,0.2785708667064599,0.25800099020438005,0.09205615476801918,0.33731774918215596,0.16645752069480882,0.06457381881110695,0.11656787758482674,0.086632240869529,0.11942420078013298,0.05109500872212737,0.03096748520477334,-0.009269516049177065,0.1387646506290574,0.004507280778467219,0.03524387253200813,-0.1341287358236511,0.06774432367652707,0.19452056062225553,0.32596232596232594,0.14556652183770827,0.062300513147970776,0.08780706746808442,0.06311534955602752,-0.12458205509052966,0.027841863435083773,-0.31757150062234807,-0.05264139331935942,-0.1742111911603437,-0.1692296302465794,0.03398714585155263,0.2188721849738799,0.04127717856531416,0.16811912066149354,0.09166377471462217,-0.17376467376467378,0.34220908119213206,-0.09753142973481957,-0.08174738683213259,-0.09933230611196713,-0.2305649254801797,-0.5007315481891753,-0.016668748872138702,-0.2651818228089414,-0.05711952322121814,0.09784376055562496,-0.32952521088114306,0.09081469759435862,-0.2131937792954742,0.12971816192155175,0.15299259197564283,0.24304659050421762,-0.028723330418245673,-0.2307726833150562,,0.020946987048681965,0.017637205772798994,0.14323676527066356,0.002282559909678554,0.15561200645946408,0.0990893821402296,-0.07125029497910854,-0.07405525710610457,0.05662812272981765,0.15008444499969922,0.12256139035800052,-0.0240258748733325,0.2949217322098678,0.16826024792126487,0.3105391986747919,0.27669040380904786,0.1860390436661623,0.14560215068689644,0.46570052332764195,0.2915337525507017,0.30107117903728076,0.18750028919520445,0.24909100163337453,0.21319285387081996,-0.04206471494607088,0.04876802842904538,0.04629714460222935,-0.08865707001300221
#11,-0.0053253561728138,1.0,0.30538134436439524,0.21037863749728156,0.05155448206295664,-0.05312816668748872,0.16024699584021618,-0.012168871490905389,0.06567923856059449,0.09386535996705488,0.17837467667976142,0.07900396544464341,0.06490095642638015,-0.020008143736957296,0.017257318952234205,0.17639704419365437,0.02991759093454009,0.19345447142057312,-0.05950341713053577,-0.02445666004988039,-0.06816307833256986,0.07340977340977341,0.016751574378693023,0.1397816923240652,-0.03971182276267022,0.02740922740922741,0.028260155378799445,0.008066463998667388,-0.20061216840877857,-0.27127250517081025,0.10230523281370739,-0.0878718471938811,-0.02710938982125423,-0.08278802685582347,-0.18043050754915163,-0.02097104808969216,-0.18830355779508323,-0.18142395091547633,-0.24615139021918683,-0.03872346923194381,-0.14324833307884155,-0.05927067282999486,-0.176819037835987,-0.0883248425621307,-0.10509400000925424,0.012558937982666796,-0.0529944428249513,-0.00415469398520246,-0.05476061577756493,0.09599013497318581,0.06700398395313649,0.17301924420568487,0.05125464447498346,0.21883331713840187,-0.09597486546639089,0.04617082413692583,-0.17150432404669694,0.04267133080692403,-0.17127898314338993,0.05064941675111167,-0.07375125510718732,-0.060799474358796395,-0.08479943734181022,-0.06728808932198763,0.06022524836084158,0.0002655968757663673,-0.07695507526016,-0.06462980700268836,0.17421026573568946,0.11737762415728517,0.26670692263912604,0.2076888907397382,-0.09594941628839934,0.052769101921644294,-0.2490997931675898,0.06824775468843265,-0.15749709648014731,-0.0006103175594701018,0.00440872305279085,0.14350930283133673,0.13382565924938805,-0.04988316513740242,,0.021299573841946723,-0.004433709518455281,-0.13494866206730613,-0.18182142080447164,0.01720827144555958,0.026560150288963847,-0.21268757200960592,-0.11892863587778842,-0.2109843279334805,-0.05226983532068278,-0.1415085347288737,-0.12242674107080886,0.09064627030728725,0.10331811009777112,0.15150821083024474,0.12905370701980873,-0.006987418851825631,0.35881351305080117,0.03826677216507725,-0.017751033005270294,0.09111129619604195,0.2282342434884808,0.1154892951503121,0.1574216743708269,-0.06298440196745282,-0.07579042833280121,-0.11557443421850201,-0.17135903237598152
#12,0.4331575026490281,0.30538134436439524,1.0,0.5658994896283032,0.21821050634609956,0.050816455901201665,0.11082330404364303,-0.17263658111115737,-0.17405294354446896,0.3130091570769537,0.09285896065557082,0.015200562658189776,0.2454628742764336,-0.006747733866377934,-0.22469819588463658,-0.025416325416325415,0.5752268447183702,0.6838420855370008,-0.29967656408334375,-0.23466363127380077,-0.2901992901992902,-0.04001258577529764,0.251260659735236,0.33198267605047266,-0.021682699648801342,0.09397872448719906,0.2431428346682584,0.16303946473438,0.32467089585733655,0.10191100191100191,0.3331149331149331,0.1280699806123535,0.2686123720022025,-0.03531420480573023,-0.12136666712937899,-0.0025935025935025936,0.039930685693397555,-0.09511931037354766,-0.222112559400695,0.09915462457835339,-0.08804119990560669,0.07018328035277188,-0.008103943697164035,-0.02458436865216526,-0.07662516137092408,0.163618317855606,0.04938898837203922,0.08748640782539088,0.1566077633874244,0.1931129897231592,0.1398441584882263,0.25515808566656023,0.09826020165003216,0.3598791395401565,-0.21684643040575244,0.20641365556619795,-0.13116876506707015,-0.06495648190563445,0.034939870533090875,0.32157627581356396,-0.1791636011974995,0.10025773076620534,-0.05978798521171402,0.004091765108714261,0.19190993767264955,0.004359675546116224,-0.10637895214166401,-0.05368804860330284,-0.06358130086943646,-0.20923666347395162,0.2700379886820565,0.009814128458196255,-0.058449358449358446,0.14653868043698554,-0.36147179537010043,0.26736119786967244,-0.26975110703924265,0.13505369776556217,0.32060272907730536,0.33561959494162885,0.005917165239199137,0.0677498762244525,,0.05966444102037322,0.012772248365468704,-0.07348519551909383,-0.09963121827528607,0.11181767283462199,-0.02772109551770569,-0.13390617119430678,-0.08894719064210589,-0.05591600845838134,0.11482993008416738,-0.10014251539675269,-0.1419582911108335,0.5229000957814517,0.2164216604894571,0.451396697159409,0.34599915786356467,0.10008328821888143,0.332947431252516,0.51834052851002,0.44388780151492013,0.3070100917558545,0.25773307976697807,0.1964981931083626,0.26539513319174335,-0.23117015320405152,0.034392944562436085,-0.12451311095378892,-0.13508932661475034
#13,0.44040727939033025,0.21037863749728156,0.5658994896283032,1.0,0.33980714150205676,0.16478620376925462,0.07297621195926281,-0.10514674921454582,-0.06095402027605418,0.41499373024796754,-0.0007449668466617619,0.15149109047414133,0.23178972501006398,-0.06299828333726638,-0.2140197207993818,-0.28694595982731574,0.3272394119851747,0.35619456127930704,-0.22183308115511505,-0.1795828185658694,-0.32109736855499565,-0.057824234095420535,0.15247204060763384,0.2520736452939843,-0.076729734356853,0.06431192363395753,0.29453305385508777,0.20426805850534663,0.2098539217183285,0.13171337747608933,0.22980792811301287,0.09292790479231157,0.21545135273948834,0.03334027401824012,-0.03175039446225887,0.11986933003882157,0.03008786907091992,-0.07976790349671706,-0.22696224730123035,-0.10073756344942786,0.13221264407705086,0.079604566045244,0.005380418939740974,-0.08723978215503639,-0.05619456127930704,-0.039055233970488205,0.1972510260645854,0.24903871514041007,0.16360767547208224,0.17194158719582447,0.1689219265490452,0.2886269937117395,0.08249420452810283,0.38917438239472135,-0.21296473669355026,0.2169815424052712,-0.1256675782099511,-0.17347131414928024,0.12596880393490564,0.22605486842774977,-0.03322413322413322,0.061528246274008984,0.054873054873054876,0.11533474923305431,0.12330867076629788,0.0066935965241049986,-0.07853338700796328,-0.09541035642730558,-0.09505406793542387,-0.3179911807030451,0.125309901581088,-0.16343045665079564,-0.20240841766265494,0.10840007958652026,-0.37739233840928754,0.08667897481456803,-0.32352336928608116,0.02329525210881143,0.17008055821615142,0.25954367310299514,0.11578635646432256,-0.06382607569048247,,0.12257665986479546,-0.0010818214208044717,0.051571602419060045,-0.0007676397506905982,0.05753827787726093,0.18850483765738002,0.026619377466835095,-0.049390839221347696,0.1162809959420129,0.1592132965014321,0.03835468750722988,0.08704544297764637,0.07454850844681353,0.15291902071563088,0.14684962312080957,0.18325999342948496,0.0712447424311831,0.3213088280884891,0.4121998732168224,0.2965634355464864,0.2863541507609304,0.18461018800001852,0.18750075190753157,0.2406104101019355,-0.15392079290384375,0.003263972755498179,0.08337798507290033,0.010673847961983556
#17,0.16503421757659045,0.05155448206295664,0.21821050634609956,0.33980714150205676,1.0,0.19312085583272023,0.2896130336808303,-0.12120147882859747,0.09613172494528427,0.11768255158085666,-0.08798891341264223,0.42695206763003374,0.15447512227173243,0.14418948995220182,-0.15311012090673107,-0.1618919381631246,0.10693189337257133,0.029583975346687212,-0.07450455077573721,-0.13960030909183452,-0.014123368360656497,0.12673921995955895,0.09476487273097442,0.25141566836482093,-0.04062938130734741,0.03929769522989862,-0.012117973134922288,0.1068388881948204,0.24440789017060202,0.26390288593678424,0.15125371905032922,0.10096614333902469,0.09894131419555148,0.03319637048450608,-0.16590550488855574,0.19630709291726242,0.07942086925137773,0.10603561959494164,0.020977988774598944,0.07383130433977891,-0.019993336942489486,0.24123322089423785,0.3372585220042847,0.038280653534890824,0.3421526302882235,0.20246810755285333,-0.055212223008833175,0.043942864281847335,-0.08246829263778416,0.053243844769268495,0.032185344049750826,0.1330108228413313,-0.024343758242063328,0.12249707334453097,-0.02146707570436384,0.07218404845523489,-0.00443926206638071,0.017424358102324206,0.09015024269261557,0.2841062942757858,0.06601933212102704,0.041349361688344737,0.040465581143547244,0.16279931703660516,-0.1717819514429684,0.018294257277308126,0.2220158525243271,0.18642957287025083,-0.18713706001841596,-0.011845898286576253,-0.24857091297769263,-0.12516784889666246,-0.20068250068250068,-0.02939287515558702,-0.26997367166858693,0.11256032611964815,-0.21839929297556415,-0.014616619701365465,0.3170657560488069,0.29854985956680874,-0.004583165600114752,0.34919141020835937,,0.32629177713923474,0.36307972070683936,0.22039959836570006,0.09456359286867762,-0.0018489984591679508,-0.04333393485935859,0.3401328909803486,0.31201525099830185,0.2658532183955913,0.21790280264856535,0.00759958726060421,0.034539624370132846,-0.08613019799460478,0.019769384176163838,-0.18329145786772905,-0.04814984476001425,-0.2661567576821814,0.12724265097146453,0.17689399723298027,0.20910016333745146,-0.017081488267928945,-0.00456373168237575,-0.061540276794514084,0.024954538513860546,-0.07968507799016274,-0.10162412026818807,0.1512315088586275,-0.01732811393828343
#18,0.16496897513846667,-0.05312816668748872,0.050816455901201665,0.16478620376925462,0.19312085583272023,1.0,0.15907587094027772,0.32740830198457316,0.06653433094111061,0.23374838629075917,0.07442033713220154,0.3617748719443635,0.043957208363988025,0.17415335211945382,-0.14211792686368957,-0.08396794328997718,-0.003584169685864601,0.039548485311197173,-0.1823891688298468,-0.12918928173165461,-0.16236806914773017,-0.006687118551525331,0.1657079267248759,0.16910053350731316,0.08651286108913228,0.2629742222962562,0.16500414127532773,0.1327174632259378,0.052271686169991255,0.45375375375375376,0.2095027230620451,0.05682014834557207,0.12932069203255644,0.2756594807442265,0.18718379396345497,0.24391510154222018,-0.006769018633425413,-0.007664829698728004,0.11323588611724204,0.1876978673588843,0.024453421063590556,0.17446198124164225,0.12213893400334078,0.03712572356640153,-0.1032958999060694,0.04512648241461801,0.012144347737568076,0.1038673496300615,0.050078892451773806,0.15087660850372714,0.06935965241049986,0.113200719980381,0.058992120009069164,0.009445809445809446,-0.22281171772697198,0.019687946806590875,-0.006481674278284448,0.02055044258434089,-0.08588634859821301,0.18381987534529906,-0.10832697103883544,-0.12222453578385782,0.08962228792737267,-0.08811199489165591,-0.03691565216988946,0.009216766843885489,-0.012539504064927794,0.017429910650249632,-0.21741371571880047,-0.08426084019304358,-0.0367981232388012,0.13930880032574947,0.05877742148928589,0.06461962733149174,-0.007923948601914704,-0.04216049639778453,-0.13277021243122938,0.01245852940768195,-0.029763045017282306,0.18347561737392246,0.07101292355529644,0.14431581041750532,,0.28800233207012865,0.358797318119352,-0.04968373612441409,-0.10147466418652859,-0.10927969572037369,0.14570348468653554,0.210197716977378,0.0704622958860247,0.09105021816886223,0.1343540767269581,-0.12575132914115966,-0.22174979293623362,-0.10605088910173656,0.15017745017745018,-0.055844750760004995,0.15380418939740972,0.06682815326883124,0.004109810889471906,0.06962524928626623,0.1429253598745124,0.13735893057926957,0.07386739590129421,0.07069874188518256,0.04238398645178306,-0.1453592267151589,-0.08352142589430725,-0.1864823220755424,-0.2506956879838236
#26,0.19242401106807885,0.16024699584021618,0.11082330404364303,0.07297621195926281,0.2896130336808303,0.15907587094027772,1.0,0.09578422798761782,-0.06980570709384269,0.2894469199553945,0.1965106863411948,0.1675393421156133,0.0885261224244275,0.40663622019554224,0.01172235409523545,0.015926095587112537,0.13843797572611133,0.0883081849183544,0.002162717416954705,-0.09316157451750672,-0.1364487754318263,-0.11009499484075755,0.01898045965842576,0.05270848660679169,-0.100559419203487,0.017075935720003516,-0.03052235594608476,-0.0497809057131091,0.12450200585793807,0.1735407209983481,0.12861320488439132,-0.042326147410893175,0.3198318503403249,0.14374667425514884,-0.045240309647089305,0.014906740330469143,0.06946422539642878,0.19102430627854355,0.09329622380469837,0.042044355603677634,0.19649865582068973,0.1757853384972029,0.178143783228529,0.10030076301262741,0.17048589421470778,0.03582180022857989,-0.015802551395771736,0.0643692999625203,-0.10817288783390479,0.12835084699491478,0.09828009828009827,0.12997404183844863,0.013568576280440687,0.018455743879472693,-0.14149650420836862,-0.04182271639898759,-0.1691324606578844,-0.07370359573749405,-0.11951859409486529,0.05545468426824359,-0.07990810533183415,-0.037891512467783654,0.029788956907600975,0.22469125519972977,-0.05241096258045411,-0.08917068069610443,0.2782432663788596,0.2044748909155689,0.007487148165114267,0.0187005187005187,-0.06454698149613404,0.07417371146184705,0.06688414146041265,-0.09630015223235562,-0.19479356089525582,-0.23855272838323685,-0.19010859858317486,-0.024656551775195844,0.13658573828065354,0.1808566656024283,-0.28245903839124176,0.1924901789308569,,0.16129272569950537,0.2901039714599037,0.04295728702508363,-0.038198753452990744,0.12304353660285863,0.06957064923166618,0.13281602095161418,0.0032130743995150775,0.007258568275517428,0.11927659554778199,-0.11655584706432164,-0.15319849896121082,-0.08512009698450376,-0.029825973893770504,0.12065640370725117,0.07531614819750412,-0.05539360624106387,0.15138744291286665,0.19943919265953164,-0.001282638570774164,0.33472609743796183,0.10114428758496555,0.14348477907799942,0.17081673352859794,-0.12032695253034235,0.05161185839151941,-0.021685013210436938,-0.16229033347677416
#49,0.20644835899073188,-0.012168871490905389,-0.17263658111115737,-0.10514674921454582,-0.12120147882859747,0.32740830198457316,0.09578422798761782,1.0,0.04912292878394573,0.2204634526668425,0.2087452629825511,0.19355996983115628,-0.05369221301424691,0.11816608596269614,-0.11289209085819256,-0.12924619534789025,-0.11306375713155374,0.10432589754623653,-0.0849322357796934,-0.2086578103527256,-0.15410957953330834,-0.2616351328215735,0.18458149983573713,-0.09177621381011211,0.08562167714710088,0.1370447489091557,0.1541984203001152,-0.08478879495828648,-0.07097775741843539,0.13868969123206412,0.03713266425130832,-0.11021344919650004,0.11329742685674889,0.20591762795152627,0.039994539994539995,0.07202024829143473,-0.09767348241924513,-0.12013492691458794,0.14039848785611497,0.054184076217974525,-0.18280653534890823,0.07270459982324388,-0.09949749441274865,0.023260548684277498,-0.04757839503602215,-0.07216183826353317,0.08402717046784844,0.08419791131655538,0.01993364705229112,0.025786032565693583,0.12043800348885095,-0.0339015440710356,0.05528857054280783,-0.13250646640477148,-0.1508150677642203,-0.16337354303455998,-0.20298680807155384,-0.2796475982916661,-0.1779522203251017,-0.08386568386568387,-0.17548596362155683,-0.15164702452838047,-0.040641411827852504,-0.17324273425968342,0.26208997903913156,-0.17537444995072113,-0.1733320377388174,-0.11133460116510964,-0.1325624545963529,-0.16732788258211986,-0.0029312825922995413,-0.013528320307981324,0.09360901733783089,-0.01909058519228011,-0.07339080220436153,-0.2843677267406081,-0.10054414969669206,-0.1612260951244002,-0.15209307921172327,-0.05969220376000037,0.047204986188037035,-0.19160547296140518,,0.15870616379090954,0.1895940624754184,-0.19896953964750574,-0.2658902353817608,-0.12491798424001814,0.09945399945399945,-0.060908211755669385,-0.01789216026504162,-0.19117607592183863,-0.08715834478546343,-0.028431358939833517,-0.20772128060263653,0.0365413178972501,0.03601058685804449,0.1205532188583036,0.1725935488647353,0.20423890762873814,0.02066426981681219,-0.02106266513046174,-0.056721590619895706,0.026009059907364993,0.16740561825307587,0.20862773405146287,0.20463915379169617,-0.06804693753846296,-0.07309420360267818,-0.2398399940772822,-0.3695322441085153
#50,-0.16091191345428635,0.06567923856059449,-0.17405294354446896,-0.06095402027605418,0.09613172494528427,0.06653433094111061,-0.06980570709384269,0.04912292878394573,1.0,-0.06242174377767598,-0.1410994970317004,-0.05195148923962483,-0.18192599379040056,0.10023505786217651,-0.01622454503810436,-0.19285155725833691,-0.19367657333759028,-0.12875664570579826,-0.02379868312071702,-0.13914314931264085,0.004290731409375477,-0.08091357921866396,-0.09506794930523745,-0.08495999851932055,0.08780105220783187,-0.057192631768902956,-0.15542738424094357,-0.0488193894973556,-0.11982213338145542,-0.044076588144384754,-0.08800372020711003,0.024743078980367116,-0.1270557151913084,-0.052435949046118535,-0.0223670511806105,0.11706020350088146,0.057430928617369294,-0.009258410953326208,0.010188462730835611,-0.1382556670692264,0.07971654242840684,0.12540244404651185,-0.07914046558114354,-0.03764349866044781,-0.03579450020127986,-0.09192937159038854,-0.07577191983971646,0.012673227927465216,-0.17780692865438627,-0.1995932758644623,-0.18245579940495193,-0.11893280028873249,-0.11632125191447225,-0.14980080234317522,0.10084491270931949,-0.018614916920001667,0.13444569376772766,0.008580537394096716,0.07000976323010222,-0.03992420772081789,0.17100320659642693,0.16135102745272237,0.07577608425066053,-0.06635063414724432,-0.12362794227201007,-0.0999588186028864,0.09723899554408029,0.050629057408718425,0.05057815905273532,-0.028728882966171102,0.09196638857655806,-0.11411827852505818,0.07496217326725801,0.017035679747544153,0.08025791585113619,0.06362016870491446,0.18159145277789346,0.02790525502389909,-0.162274138545325,-0.14086814086814087,0.15173540258286022,-0.07089446919955394,,-0.043220107626887286,-0.026671201247472433,0.09345262057126463,0.16755044721146417,-0.2114863708084047,0.009307458460000834,-0.07144139517020873,-0.032341740816317084,0.13963778879033117,-0.17049838744753998,0.13129508553237368,0.1873512958258721,-0.15610479508784594,-0.058680714612918,-0.14986882105526173,-0.1108371854134566,-0.052387826964098154,-0.05527792815928409,-0.2516826533775686,-0.07510283781470223,-0.21310817751495717,-0.07995992911247149,-0.04702406566813346,-0.12028901011951859,0.13024796753610313,-0.01816701138735037,0.21698663224086953,0.2166104471189217
#51,0.44745485084468134,0.09386535996705488,0.3130091570769537,0.41499373024796754,0.11768255158085666,0.23374838629075917,0.2894469199553945,0.2204634526668425,-0.06242174377767598,1.0,0.4233678979441691,0.14415247296603229,0.1958707551927891,0.11863944067333898,-0.0008074330108228413,-0.13449566669905652,0.6058625651845991,0.3608064150437032,-0.03213490840609485,-0.1431867923393347,-0.16276692717370683,-0.10683796277016616,0.3157808039163971,0.1052892646112985,0.19116173183969795,0.0761171032357473,0.22494158256870123,0.026352855166414488,0.37350277858752434,0.1579760037387156,0.2894029622843182,0.14713326577733357,0.2594455780896459,0.048390455170116184,0.1412757904283328,0.08404012641300777,0.23414678160440872,0.0721673908114586,0.08344183937404276,-0.0708111809806725,0.021692879319997964,0.1194852788073127,0.10109662821527228,0.08557679405137032,-0.034214337604168116,0.03906402550470347,0.17528237019762444,0.14904380497600836,0.055022510954714346,0.09697386138064104,0.2400579315833553,0.22180670655246926,0.15441867136782392,0.17845472591235303,-0.14649657361521767,0.05413317786199142,-0.29400278552820924,-0.20748946172674987,0.01184728642355761,0.23587871384481554,-0.34442362238972407,-0.15003354664371613,0.06003738715603123,0.007618095753688974,0.2102490780456882,-0.05338173304274999,0.028452180994553877,0.040967624018471475,0.05018670442399256,-0.1827931166914218,0.1337081303182998,-0.02205795934609494,0.031470916216678926,-0.04524725033199609,-0.3519894316504486,-0.18293609480050158,-0.42760911913454286,-0.133693323523832,0.4168288473373219,0.2845713201645405,0.005187005187005187,-0.01376430359481207,,0.17240800122156055,0.1864309610072322,-0.2827362030751861,-0.25617744092320366,0.0969317545588732,0.1756927960317791,0.033442996154860564,0.11851265749570834,-0.18128837620363045,0.15341273476866696,-0.1941490026235789,-0.1711235118014779,0.2966721729433594,0.09556258878292777,0.4410069545662766,0.25084236779152036,0.20898679881730728,0.22150548082751473,0.4191997853014802,0.25309901581088023,0.3931398270381321,0.17346622431368194,0.25477819884599545,0.20130438605014878,-0.3336711133321303,0.05572953539055234,-0.30977711147202674,-0.24141645497577702
#52,0.3164350791469436,0.17837467667976142,0.09285896065557082,-0.0007449668466617619,-0.08798891341264223,0.07442033713220154,0.1965106863411948,0.2087452629825511,-0.1410994970317004,0.4233678979441691,1.0,0.06913338608253862,0.23382380840007957,0.09163277298870519,-0.10441288746373492,-0.056840044975638195,0.3010845976947672,0.1265522841794028,-0.07812481202311711,-0.1923985618900873,-0.06204648408038239,-0.0351925114636979,0.2769546125478329,0.048229893992605855,0.2793306403475895,0.08793107437175234,-0.006507586168603118,-0.1219987321682237,0.1353155929427116,0.06460944766029512,0.15445522564166633,0.03552057450362535,0.16741302165030977,0.0033981593303627202,0.024297024297024298,0.1423270728355474,0.05896481998176913,0.00902983106372937,0.17904422141710277,0.12311571972588922,-0.10990389464965736,0.03461134478083631,0.027523980066352947,-0.0049343642563981546,0.02022885751699311,0.053024056413886925,-0.15153597356987186,0.02138841460875359,-0.030691708657810353,-0.025780017305441036,0.030637108603210297,-0.07232841470129606,-0.07570251299064859,-0.07561413493616884,-0.06712614000749594,-0.1564573818811107,-0.06997829879185812,-0.037244177922144024,-0.07363048718980922,0.006790303400472892,-0.04137619900331765,-0.04144606856471263,0.013360818445564209,-0.022428591920117345,0.047408116899642326,-0.14617174956158008,-0.03837365871264176,-0.01433945501742112,-0.1742135047219793,-0.20673801690750843,-0.12170213356654035,-0.12729956458770017,-0.02756007162786824,-0.13578755951637309,-0.17567845194963838,-0.131327475395272,-0.06544880782168917,-0.09219681931546338,0.17266712012474725,0.16179615671141095,-0.1457756678095661,-0.02065316472096133,,0.023903718818973057,0.05428217123132378,-0.0587121790511621,-0.07822660873508332,0.0418037451935757,0.10380858516451737,-0.023287848711577526,0.1732593919034597,-0.042119777712998054,0.1408232577724103,-0.06757312011549299,-0.09339431881804763,0.18771868941360467,0.06821999194880551,0.3071086494815308,0.06519107705548384,0.11581365649162259,0.03396123396123396,0.2600531193751533,0.050048353438183944,0.24391741510385578,0.10159034226830838,0.1262269974134381,0.1424353475200933,-0.036317365130924456,-0.00010087128731196528,-0.12416700213310383,-0.1638751231971571
#53,0.16133899693221726,0.07900396544464341,0.015200562658189776,0.15149109047414133,0.42695206763003374,0.3617748719443635,0.1675393421156133,0.19355996983115628,-0.05195148923962483,0.14415247296603229,0.06913338608253862,1.0,0.23529754716195395,0.07120356103406951,-0.13375486426333885,-0.08315634586821027,0.035545560969289784,-0.011945381436906861,-0.027558220778559763,-0.0053961511588630235,0.019947065709777573,0.0499599753837042,0.1696072035055086,0.00790544010882994,0.06995979029877335,0.08693161574517506,-0.055707325198850625,-0.06626780864069,0.12102379729498373,0.3252372557457303,0.019730516340685834,-0.11824197078434366,-0.04750945089928141,0.08016259711174965,-0.09535945807132248,0.26456225100292896,-0.06794791710045947,0.029135144389381678,-0.05837347362771091,0.14806701925345994,-0.09272616221768765,0.13245741889809687,0.2234423946288353,0.010859395605158317,0.1246653433094111,-0.03430271565864786,-0.05942706959656112,-0.05510256018730595,-0.15955709176048158,-0.17325060036924445,-0.149388062947385,-0.13558072710615082,-0.18718194311414652,-0.10174257462393056,-0.14667471786115854,-0.11192132039589667,-0.04876664029206402,0.14174451801570445,-0.021827991319516744,0.04485394485394485,0.05384120638357927,0.023650152463711785,0.18278478786953364,0.004267133080692403,-0.06291823410467479,-0.07301137809612386,0.2592068185288524,0.08153592729863916,-0.10295256735934702,0.013269201404794624,-0.21167238116390658,-0.0978761504185233,0.006266975758501182,-0.15196629603409265,-0.017207346020905342,-0.20877672742079523,-0.09518455281167146,0.009020576817186987,0.10922509566577362,0.24076865771781025,0.29942716213902654,0.2334119944289436,,0.44500201279862295,0.30221222763595645,0.14842099418370605,0.09468621163536418,0.012544131188198984,0.04916133390709662,0.27369989403887707,0.1557549845685439,0.15278668499007483,0.1914102083593609,0.07824234095420536,0.05162666518598722,-0.09669021872411702,-0.010462388428490123,-0.1595575544728087,-0.07002179375060731,-0.20994877774538792,-0.03297195500585331,-0.0032181642351133874,0.030234086166289555,0.032110847365084655,0.14652341093019058,-0.07507229880111237,0.06737831822577585,0.06774108469023724,-0.16236621829842168,-0.045359689427486034,-0.054860561640222655
#54,0.1331288144847467,0.06490095642638015,0.2454628742764336,0.23178972501006398,0.15447512227173243,0.043957208363988025,0.0885261224244275,-0.05369221301424691,-0.18192599379040056,0.1958707551927891,0.23382380840007957,0.23529754716195395,1.0,-0.03253931897999695,-0.14236455253404406,-0.043419073927548506,0.2608688812078643,0.06008319567641601,-0.11036660697677647,-0.07753901821698432,-0.1322741848165577,-0.056878450098789085,0.23722520671673214,0.07086022848734713,0.05894168436541318,-0.10821314380636414,0.08440798271306746,-0.022090349208993276,0.2046956046956047,-0.08186028863994965,-0.08911330436754165,0.19188171222069528,0.02794782455799405,-0.1741242012428453,-0.2175913972524142,-0.017615921005751514,0.11596959054586173,0.07569742315505028,0.0049908151603066855,0.10212431229380382,-0.05379308430155888,-0.05832488883336341,0.024458973611515986,-0.1800140664547444,0.29050930745846,0.14085981204625272,-0.0703679025712924,0.00307703697534206,0.16028540096336708,0.18996053063849674,0.1139368952928275,0.1377860140572005,0.12162115890929451,0.07768014547675564,-0.061495393698783526,-0.0037257596579630477,0.013725898471661184,-0.013067458830170695,-0.14947459015255626,0.22209914074320855,-0.11287311965278067,-0.027825205791307487,0.145402258961581,0.10576817186986678,-0.03992281958383653,-0.12486430961007232,0.07762739627146407,0.11982583508007237,-0.2878399200433099,-0.09927446707107725,-0.1612839341652901,-0.0937857734467904,-0.1744633693786236,-0.12389168829846796,-0.13271329881499372,-0.13749496800344257,-0.1592813152135186,0.049091001633374515,0.3584683296547703,0.22378295090159497,0.12371724575114405,0.12667490294608938,,0.05194501126704516,-0.07457997288505763,-0.07956153379882193,-0.19959281315213517,0.155196028077384,0.08161088669563246,-0.004369392504985726,0.023832923832923833,-0.08139433732654072,0.08367689723621927,-0.17591906235974034,-0.18566424668119583,0.1335822725653234,0.018669054262274602,0.03945733098275471,0.0541132812319253,-0.08669378160903585,0.0736758329978669,0.340258748733325,0.23568391195509839,0.1991791483316907,0.3073668429600633,0.041744980728031574,0.12694605236978118,-0.1477491358847291,-0.00814882679289459,-0.17118690339029322,-0.16011095841604317
#58,0.037046137046137045,-0.020008143736957296,-0.006747733866377934,-0.06299828333726638,0.14418948995220182,0.17415335211945382,0.40663622019554224,0.11816608596269614,0.10023505786217651,0.11863944067333898,0.09163277298870519,0.07120356103406951,-0.03253931897999695,1.0,0.04715686410601665,0.06893950961747572,0.02088174461055817,-0.1150413896176608,0.049504666453819,0.13193131498216243,0.0006954566276600175,0.0748238222814494,-0.0685415770161533,0.02317170791747063,-0.031054012409944612,0.16446646955121533,-0.0697335239708121,-0.018362275989394633,0.18089877242419616,0.2867701291430105,0.08117223540952355,0.030658856082584895,0.33387378133140844,0.14886473530541328,0.18023894464572432,0.16493288357695138,0.22041301702318652,0.1552224026800298,0.2002762392592901,0.09237311271209576,0.04831503306079577,0.2780688238315357,0.3033250507826779,0.22568284771674602,0.07111333213028129,0.065708389437203,-0.07768662344933532,-0.014404234743217795,-0.1758630741681589,-0.0864383644044661,-0.0668901567206652,-0.0379919210427685,-0.0035818561242290056,-0.12749297834043596,-0.0707602826246894,-0.049151154235899996,-0.14902807275688632,0.044671636197059925,-0.061797544848392304,-0.005347103652188398,-0.09819866091052531,-0.11595941087466512,0.0999199507674084,0.07740251808048418,-0.08710096845690066,0.19833192206073563,0.5134589134589135,0.2643859576062966,0.16788637636095263,0.1271209576294322,0.06203445355987729,0.17056779429660784,0.16481442922120887,-0.19165313233109843,0.15897176066667593,-0.16840276331801757,0.025819347853246157,-0.14516951466104008,0.0424672746706645,0.050086295849007714,-0.1194681584512093,0.32269603964519217,,0.11736050380118176,0.3713405238828968,-0.05949046118537644,-0.038864133779388015,-0.12060596806359518,0.13525358949087762,0.25194223499308244,0.15696775357792306,0.09529467834552581,0.02862569811722354,-0.20924545500816688,-0.11198656283402046,-0.1072798530425649,0.00018832391713747646,0.021295872143329772,0.03360263190771665,0.14946487319368676,-0.056638765113341386,0.1331024398821009,0.0310706700537209,0.19454924878653693,-0.002048890184483405,0.1432640652979636,-0.013756900197578163,0.0325212731992393,-0.16390751306005544,-0.09608452828791812,-0.15544589273402834
#101,-0.40327507785134903,0.017257318952234205,-0.22469819588463658,-0.2140197207993818,-0.15311012090673107,-0.14211792686368957,0.01172235409523545,-0.11289209085819256,-0.01622454503810436,-0.0008074330108228413,-0.10441288746373492,-0.13375486426333885,-0.14236455253404406,0.04715686410601665,1.0,0.46658661743407503,-0.012075403600827329,-0.15030978590300625,0.4264578908646705,0.20434024162837722,0.5080465673686013,0.15414335753318803,-0.01555638843774437,0.20321770152278626,-0.01015283388164744,0.041168903880768284,-0.10738257517918535,-0.2260257175511413,-0.008763308763308763,-0.22110893636317366,-0.10411351258808886,0.1451306468255621,-0.10907517687178704,-0.04946255963205116,0.16516886686378213,0.07108094226738294,0.22633527209798396,0.19645793713590323,0.26159024972584294,0.019185903931666644,0.19293577090187258,0.10733445309716497,0.08236094337789253,0.23932915966814272,-0.02691181165757437,0.13797618882364646,-0.15228417940282346,-0.1696604154231273,-0.2935539545709037,-0.09015163082959693,-0.055855393143528734,0.01604454994285503,0.2980746540068574,0.1508585627229695,0.41609082117556695,0.24963144963144962,-0.155048422845033,0.008255713340459103,-0.10486588283198453,-0.04195366398756229,-0.4867872494991139,-0.41211797313492227,0.08115095064247607,0.28028706672774467,-0.22204870509955255,0.04766307139188495,0.20570663113035995,0.00682778309896954,0.5269701134107914,0.2809654029993013,0.17486639181554436,0.12082483099432252,0.24526760967438935,-0.029541405812592254,0.11324652850076579,-0.24620228857516993,-0.16218020794291982,-0.29175816802935445,0.22305880610965356,0.052321196388993,0.029035661239051068,0.06295756465247991,,-0.15572490826728114,-0.03950684120175645,-0.5522619692111218,-0.3788707042944331,-0.07414502329756567,0.09670132381996789,-0.09324069832544409,0.06775774233401352,-0.49231527367120587,-0.21780146864892627,-0.4715732681834377,-0.09665551529958309,-0.17310530869852903,0.19887051920950227,-0.15647265138790561,0.016448035092102888,-0.02454966522763133,-0.14035962002063698,-0.17871708380182957,-0.12864096762401847,-0.2338071507563033,-0.22500589958217077,-0.035885191817395204,-0.21359911529403056,-0.4207443190494038,0.12553570519672214,-0.27169588695012425,-0.0754267364436856
#102,-0.3378804073719328,0.17639704419365437,-0.025416325416325415,-0.28694595982731574,-0.1618919381631246,-0.08396794328997718,0.015926095587112537,-0.12924619534789025,-0.19285155725833691,-0.13449566669905652,-0.056840044975638195,-0.08315634586821027,-0.043419073927548506,0.06893950961747572,0.46658661743407503,1.0,-0.024841636706043484,-0.05932666102157628,0.17292114919233564,0.4837314972908193,0.21740075977364112,0.3321362965430762,0.07913121133460116,0.26632425954459854,-0.009374089035105984,0.16822785805836654,-0.18501321043693925,-0.15768819667124753,-0.11260104480443464,-0.1155304765474257,-0.10465534872314533,-0.0771656093689992,-0.12912681556749353,-0.12299310095920266,-0.034770980533692396,-0.03478532461583309,-0.08854416820518515,0.07766209969599801,0.13583059176279516,0.2279834534071822,0.04544158950938612,0.10708088674190369,-0.03744314422280524,0.14318725505166183,0.03585141381751551,0.290458871814804,-0.2367111333213028,-0.32330543178000803,-0.2322866780493899,0.03463725667115498,-0.017386878403827556,-0.041217951387442914,0.16479406987881565,0.10722479027563774,0.05392125561617087,0.18173859529791733,-0.1372682389631542,0.2902228885279733,-0.15277141548327988,-0.07826964098150539,-0.23409403239911714,-0.31137948426084017,-0.020701749515308836,0.18754656042791637,-0.02719175261548143,0.055924337280269486,0.1367134468829384,0.097909928418403,0.33020539800200815,0.45911797776204555,0.09805475737679127,0.22957934822341602,0.021765062443028546,-0.05777472387641879,0.07746035712137407,-0.018817122206952714,-0.06612575595626444,-0.065207271986933,0.03627294474752102,0.1396942396942397,0.06328100056913616,0.10646177764821832,,-0.07047756539281963,-0.09850497647107817,-0.2626651304617406,-0.21590943794333625,-0.09613126223295715,-0.07883507544524494,-0.09799506748659291,-0.039807141502056755,-0.32886306954103567,-0.09477690325147953,-0.3478402902131716,-0.1907392754850382,0.023754262737313583,0.25827908031297864,0.03674120962256555,0.03253654270603423,0.00606615860853149,-0.16106183224827292,-0.15733329631634715,-0.17669919534326314,-0.08620515739159806,-0.16382237399186553,-0.09854476973121042,-0.23633124650073803,-0.20743393624749557,0.007248851316647927,-0.27345188023154127,-0.1841502519468621
#201,0.38649805429466444,0.02991759093454009,0.5752268447183702,0.3272394119851747,0.10693189337257133,-0.003584169685864601,0.13843797572611133,-0.11306375713155374,-0.19367657333759028,0.6058625651845991,0.3010845976947672,0.035545560969289784,0.2608688812078643,0.02088174461055817,-0.012075403600827329,-0.024841636706043484,1.0,0.4852889869839022,-0.04970363275448021,-0.19227085328780244,-0.021242197513383954,-0.03806086517950925,0.2900063391588815,0.13310058903279243,0.18904991277872635,-0.03774390723543266,0.19098543844306556,-0.016454050352355438,0.4886422632185344,0.020807710638219113,0.3113656028910266,0.2298380044142756,0.19128805230500145,-0.10979978437605556,0.002990509770170787,-0.024533007583855043,0.29347668161227486,0.049105345715515204,-0.022076930551506824,0.04571412707005927,-0.04972584294618193,0.020403300064317013,0.13369239809917777,-0.006340084306186001,0.033716459140187956,0.05599235599235599,0.06679761425524137,-0.04312154990121092,0.0822003822003822,-0.006871740770045855,0.07968507799016274,0.15845491099728387,0.14178569941281804,0.214614768852057,0.030927691944641098,0.14180698417986554,-0.10173100681575258,-0.1699366546824174,0.16100584405669152,0.29093962992268074,-0.278703202432016,-0.04069554917012544,-0.09115756742875387,0.043956745651660904,0.087133358319799,0.015249147452537283,-0.03206688969400834,0.03899832035425256,-0.009699838513397835,-0.21588028706672774,0.15864138406511288,-0.02860024893923199,0.03543589814776255,0.047399788077754176,-0.2901743037336258,0.026874794671404842,-0.22548758311470177,0.08069055187699256,0.5927761351490165,0.3001813832322307,-0.08166085962696132,0.11565818514971057,,0.04042208618479805,0.07794944405113896,-0.1934877867081257,-0.1789387230065196,0.16796550016889,0.05811481743685133,0.014984476001425153,0.054886936242868445,-0.12449182618674144,0.1519843418148503,-0.13892521180656775,-0.08694272084102593,0.6361091445837208,0.10458640458640459,0.5201215082571015,0.1181531300175368,0.1984938713752273,0.2212116584997941,0.5554731927613283,0.39283489961456064,0.31353711184219657,0.11058917160612076,0.16295895278946126,0.1086309730377527,-0.2624314607365455,0.028262931652762162,-0.19695211390126643,-0.0691278335346132
