,#10,#11,#12,#13,#17,#18,#26,#49,#50,#51,#52,#53,#54,#58,#101,#102,#201,#202,#301,#302,#401,#402,#501,#502,#601,#602,#701,#702,#801,#802,#901,#902,#1001,#1002,#1101,#1102,#1201,#1202,#1301,#1302,#1401,#1402,#1501,#1502,#1601,#1602,#1701,#1702,#1801,#1802,#1901,#1902,#2001,#2002,#2101,#2102,#2201,#2202,#2301,#2302,#2401,#2402,#2501,#2502,#2601,#2602,#2701,#2702,#2801,#2802,#2901,#2902,#3001,#3002,#3101,#3102,#3201,#3202,#3301,#3302,#3401,#3402,#3455,#3501,#3502,#3601,#3602,#3701,#3702,#3801,#3802,#3901,#3902,#4001,#4002,#4101,#4102,#4201,#4202,#4301,#4302,#4401,#4402,#4501,#4502,#4601,#4602,#4701,#4702,#4801,#4802
#10,1.0,-0.00029762584049628654,0.04749779747748406,0.247358114184245,0.002256843796646688,0.062474950585893814,-0.19050792679865064,0.6356101101489499,-0.02713416443371206,0.15786494542765456,0.3204928172659506,0.31481692815440027,0.0160024102215304,-0.036883693116717714,-0.17281379669233612,-0.08053152688446913,0.09665901299602404,-0.2896319390871286,0.013627794236466468,0.11982635449428714,-0.01398567561522274,0.13216139354626666,-0.08231910785284867,-0.045029146334226514,-0.13820429366358236,0.056400096774046296,-0.06990464104589007,-0.03151729836077547,-0.1782349692103329,-0.15558345163808332,-0.45203065728749653,-0.08918823921448689,-0.363239556847905,-0.14277184605622936,-0.0711143166245943,-0.005265055896141363,-0.15721582894730834,-0.09121592937320545,-0.14054056521520814,-0.2528924940771545,0.04833315834881566,-0.007078199820146348,0.017590052358410897,0.0037714489174544776,0.027058388529536626,-0.0314789539273373,0.13792218818900154,0.14751377432474996,-0.021567830846270775,-0.11584766304372635,0.10241980763875892,0.05123272788690218,-0.06541651640822214,0.052997484787758994,-0.05885322755138839,0.1293613369425792,-0.1388068490461822,-0.0004555683877535183,-0.07601144855226939,-0.048754034153934644,-0.16633267447858419,-0.18538072827034652,0.14958802558121487,0.11852446968279111,0.1685712590212127,-0.04946431913524173,0.11300287126769436,-0.13949704884806932,-0.07089885742717981,-0.1749437386735565,-0.21752979682015092,0.01667708965750204,0.00784874033971342,0.28756407856957006,0.02154774566685078,-0.12306828504521448,-0.1468162708212556,-0.15959500974587684,-0.009656406487512953,-0.09491799312539086,0.3218449150259966,-0.007353001593119913,-0.041784476895196446,0.1990715169331757,0.06920439865429298,0.14559563969014047,-0.10111609690186107,0.05791926670835863,0.2409938511962094,-0.025963746251146908,0.030811578192972925,0.035076026968918185,0.05211830170678377,-0.038250398279978275,-0.0622467099106666,-0.10962034446082705,0.03448534010143016,-0.10739088954520763,0.08048405282402188,0.026865753399644858,-0.03173732237169451,-0.22560677783509156,-0.11502143179940384,-0.18663240013329255,-0.35598606818918416,-0.0415836251009965,-0.2478027270195876,-0.20752189969278806,-0.1357529888116421,-0.3338366801024344,-0.29828591252904363
#11,-0.00029762584049628654,1.0,0.19330159266343175,0.06398681681859887,0.021669169706071658,0.2529253607343872,0.39700091752751443,-0.07241163662258579,0.4037970118730799,0.31786804950083763,0.2633176151588327,0.052048916541514695,0.10132425239766829,0.07751144626986264,-0.17859924132799554,-0.04132069184313475,-0.044747040859645676,0.41837702620659434,-0.04431155765131216,0.010357561841810952,-0.19789105616090055,-0.0883848320376871,-0.08492287747584072,-0.07862617372767236,-0.0953562152218271,0.04148137327849471,0.02265790831115595,0.04848927497067107,0.08434405912346452,0.24027078473708957,0.15922708577741057,0.11550165018008189,0.26480665732401504,0.024556870729046366,-0.036461904348897824,0.0530906069832517,0.02792387716999822,0.038855692550680845,-0.1298132534795291,0.16695622800330492,0.013092798093733881,-0.09330752692098765,-0.03060707454796934,-0.06386447981667709,0.026955223744333925,-0.10157623010311914,0.12245933892370828,0.015216349336047876,0.070856861142938,-0.02055444224826195,0.07453427490219887,-0.022351152843650572,0.0037641452158472064,0.04793054179771485,-0.08991404456170943,0.1134611785435506,-0.0794761420022185,-0.15321248750382302,0.17920453559869812,0.20432470431420524,0.03109459663025467,0.024323152277613697,-0.20103712562823245,-0.09304276773772407,0.07530390245906503,0.2120209798828669,-0.1372493346784317,-0.06856075995015223,0.037266224488398524,0.0016314643465241228,0.2772138204293664,0.0953963855806671,-0.17922918559162265,-0.10142924310827281,-0.15404054467354736,-0.04659761625438793,-0.13376090419825898,-0.04254223593695079,-0.15701771604121115,0.09013406857262847,-0.25200052951836655,0.1103059794492096,-0.07912830321317223,0.12427248284771325,0.13360935238990812,-0.055555606275705605,0.02056813668877558,0.11788630875485583,-0.15806944907265813,0.11718058858705327,0.20309129170527737,0.04744758452893407,0.1225451574175937,0.10418639046501756,0.23972574600464697,0.05671689483126167,0.20584843906202213,0.16199610164926712,0.1201933655000525,0.030330446849593958,0.13262609156102928,0.1650764378021336,0.2807150323873518,0.05756686310580781,0.2782710312370188,-0.03722148931605399,0.2362820506968188,-0.06424335933755426,0.016422373063948472,0.0672470066235444,0.20176566986355773
#12,0.04749779747748406,0.19330159266343175,1.0,0.13455609471075058,0.0878178822004227,0.17601373095902167,0.11247609178926996,0.15162575832964345,0.1977541117557642,0.30221621695645623,0.13812486590860332,0.07033921129152268,0.1544258149333309,-0.16774320185148836,-0.17357794647299685,-0.025656077820940624,0.46667549197277547,0.4760634874262212,0.22281311197031045,-0.115099946591682,-0.22076990144567643,-0.3046036144193329,0.13543619075442673,-0.2298730525364386,0.23083257633509383,-0.15680225684379664,0.36594649125609974,0.432102507452058,-0.035719665673058926,-0.1992267205923302,0.21541081039134147,-0.27389063619805815,0.07958387160092574,-0.3564635476817595,-0.2772768148557291,-0.2917381440381253,-0.36676267991071226,-0.36724746310489487,-0.017171915441394642,-0.2421003619897109,0.07983128449287204,-0.2580626018524013,-0.24157540843668832,-0.27250384585537757,-0.012491155673834945,-0.17206516727759089,0.25812468331606314,0.2334609959510104,0.24235416562056358,0.28684192507315115,0.24412896511113039,0.2638233964951362,0.3931500408550809,0.413813125664751,0.20982713051258292,-0.14967749592590396,-0.18300246043447896,-0.48824423578174714,0.07438363605654891,0.10488115508040918,-0.0660729365901756,0.08166999137250247,-0.30135894498030286,-0.1200902007148498,0.46729448068399165,0.41525925858299056,-0.12236256487741193,-0.14126819648783248,-0.10446027927529021,-0.10019856938744767,0.4278599697809346,0.2991669215354207,-0.12339147384133621,0.2198989350290094,-0.34803781491507163,-0.07184925159882594,-0.2141591385283954,0.008681362322942296,-0.08142075255515437,-0.18554688748191192,0.02741261805748926,-0.05619011535283726,-0.0955296781349998,-0.04418282991048401,-0.1588409025549261,0.04398562996708769,-0.008071503238735182,0.11771193287898223,-0.24400388922110589,0.03211437596716986,-0.07066970378925169,-0.06652120127632186,0.16801891658716284,0.04753705487362314,0.031180415124140104,0.6148995512788326,-0.16979554200313146,0.4050915929829687,0.5331866506593873,0.2589454367841802,0.2493255488047036,0.39427572386530146,0.15613122925862863,0.24221904714082906,0.2469043717218933,0.21319961472974022,0.26438760744429785,-0.1289276796596475,-0.06816727302606052,0.027790584615665526,-0.05725736875019971
#13,0.247358114184245,0.06398681681859887,0.13455609471075058,1.0,-0.10656739718898785,0.1876457887313014,0.07380755659227542,0.0972213980197839,0.1570350623325284,0.5773840879730858,0.18753349431908958,-0.029957958067623146,0.28794295809044723,-0.11970127860426262,0.13414160964453797,0.17570332364071267,0.28585044757996414,0.07761461105506534,0.24371356708221686,-0.1306495273135616,-0.08701082317281927,0.02893543984260523,-0.03848229080600912,-0.2481003528600839,0.07823451272898246,0.02958912113645597,0.13893740271241217,0.10639393427581516,0.21421391629044995,0.1526208876736341,-0.07780450729685438,0.059244888550078284,0.04986784864904344,-0.0118575595594042,0.06783951941643424,0.18629277800855445,-0.11587687785015544,0.02150666234530988,0.13785371598643337,0.15581625712681507,0.194050222078177,0.12405793661299967,-0.07101571665289615,0.25305774032601897,-0.13890544901788038,-0.02907147128504065,0.13234124719834572,0.12547941953831476,-0.0076405848439062025,-0.058098207397736766,0.06581091629501477,0.022140258459740627,0.09915414005760795,-0.035657584209397124,0.06155833603418132,-0.07524273395810414,-0.2894228706286205,-0.10592010663404347,-0.03600451003574249,-0.10300410376734058,-0.2728964198167684,-0.18416009713923137,0.11418972277887587,0.23092843741868926,0.3607133890544902,0.0015721217709650471,-0.006113198245285689,-0.1782413599492393,0.01436729402420264,0.02266429905006231,0.09860910132516536,0.09525305043662441,0.066299351340001,0.18823830152419124,-0.0658866921991902,-0.08840035240360256,-0.20068563498838254,-0.20071850164561528,0.003899263695581717,0.042105839765916364,-0.06306746337878366,-0.08623297895164493,-0.10941310192772075,-0.07409605280576262,-0.2559664394911146,-0.32604454345017736,-0.2535361327812952,0.13253023047743384,0.15137925840039806,-0.10384585537757855,-0.04355197268415599,-0.2069184313474873,-0.06651207164931276,-0.21723125801695373,-0.031209629930569187,0.13412608927862252,0.05424367887449958,0.21759279124651362,0.10918577421519444,0.19668685835840177,0.1520539378363697,-0.0033250101567100475,0.02290440824040134,0.2077647477712298,0.10660756754782784,0.18912935312027826,0.10649618609831696,-0.3851077524227748,-0.3462593635737012,-0.25308604216974717,-0.22411590974450737
#17,0.002256843796646688,0.021669169706071658,0.0878178822004227,-0.10656739718898785,1.0,0.21915030561426413,0.04552762396892275,0.00562567616300036,0.1930897853168209,-0.021911104821812504,0.0005788183523762136,0.2650723294699795,0.22468742439527634,0.19268899469112188,-0.00167346063076593,0.028111034523684533,-0.044003889221105874,0.16894192187778168,-0.06117306577439779,0.14557555451072046,-0.12432269579626325,-0.023275984059671243,0.031213281781372823,0.01611926944724673,-0.005939735332113006,-0.08500778300702524,-0.03733469669096669,-0.0791556920941995,-0.027511218029187417,0.08317181501549754,0.00839925684836146,-0.0982630884615209,0.014150921864087243,0.09549589851506617,0.16816133876850461,0.14280288678806027,0.053365408756225266,0.21224374278188865,0.04540528696700096,0.010264439646318249,0.23791077615524017,0.1608704186390465,0.16416256213852384,0.1187600140596256,0.12356767564261162,-0.019782988765993964,0.19822063569592865,0.1979996987223087,-0.08768185075798728,-0.09226674944195155,-0.04959943761497624,-0.04429329839729398,-0.05185719437432384,-0.017104356201527386,-0.1746543294973684,-0.09850502357726175,-0.12545568250809114,-0.04839523981247746,0.1156668964289464,-0.08937813545627593,-0.055383969287934744,-0.03042630793318939,0.1544888093596936,0.21758366161950454,-0.0590814682266156,-0.025899838862083288,0.30413252566566396,0.23356233481081132,0.11715959044493238,0.24060949389912675,0.10721377478123131,-0.01956205179237402,-0.14454116777059073,-0.1316683936877759,-0.056199244979846345,0.017424806109546394,-0.15543281279243337,-0.021646345638548937,0.09580174101987063,0.0674953324781916,0.14155121492511424,0.16741910009266572,0.11780322914907311,0.30120921909735376,0.3311452660601551,0.0495848302117617,-0.10518608462251275,0.04068161795249855,0.21086151725271263,0.23547407870651443,0.10370525912163858,0.12396481441750697,0.0152291308138606,-0.0681143211894078,-0.01966978139108127,0.09689273144745672,-0.07641041325256656,-0.08168733766381975,0.03577261750971164,-0.13943861923521114,-0.06547859787188394,0.10796696900948112,-0.05833740362537489,-0.05656716894831262,0.06214171920006208,-0.047211127189398676,-0.002685023303372941,-0.0314889965170473,-0.028402269625274458,-0.20394399886792625,-0.1317542121816613
#18,0.062474950585893814,0.2529253607343872,0.17601373095902167,0.1876457887313014,0.21915030561426413,1.0,0.2645190740732287,0.03461680673036103,0.2602363660432653,0.3438044068709573,0.3487143202764451,0.3755818996014918,0.5466464597588866,0.10030629898615492,-0.2930245084837059,-0.36491758229217547,0.14144896310261243,0.4544025343844577,-0.09626735199733415,-0.23170993349066724,-0.29297064368435227,-0.3305920106634043,-0.10421286638334391,-0.2887737541482743,-0.1773265713229286,-0.23391382545066122,0.4083746068554369,0.2561380764788855,0.20478666344086513,0.39430402570902967,0.2666426253155427,-0.009781482377537466,0.3486211980809524,-0.206310398188682,0.08071594535005272,-0.031330141007089155,0.013160357333601136,-0.04723577718232322,0.1522620933321769,-0.018279339197597083,0.09148068855646903,-0.05347313835493251,0.18258888833096723,0.03764327808387388,0.23159398722765182,-0.058519083202855746,0.28065660277449367,0.17473740910315108,0.3120113937745073,0.15956396901404593,0.23929026279631346,0.2591608959815947,0.2034929952936773,0.21970538693641672,0.08237936339110866,-0.254149643716306,-0.08084649901628269,-0.41620417497843126,0.3358214610142103,0.38782929423418405,-0.002251366020441235,0.0034628675245472846,-0.09060333140089562,-0.07147584985415421,0.2612260176110505,0.3578092547028991,0.004182282132863462,0.09325274915893311,-0.3685831275363245,-0.22852186773909353,0.17418324074369942,0.0901176352440121,-0.2515823926013503,0.152972378313484,-0.21618043794820763,-0.18547932824204466,-0.18534329679960926,-0.015632660327662314,0.031929044538885364,-0.06866757658615857,-0.21736637649668822,0.5151236836219056,0.11179684753979376,0.3903974583118407,0.26259272277431106,-0.04435537986095578,-0.04591563311680901,0.21782468377254446,0.10948613894379346,0.35322253009353305,0.4345592900802038,0.1285040649664258,0.4885272542190289,0.11955337864671539,0.2937877453016657,0.19772580991203603,-0.14124628538301068,0.31946025645122267,0.33329620618349637,0.23466062894000467,0.28052239725746003,0.3904832768057261,0.3629044995366714,0.2303970931267603,0.3007618673739084,0.21077113394532265,0.23512167510396362,-0.10090794140605386,-0.08747552118758188,0.0580397777848786,0.14750373173503997
#26,-0.19050792679865064,0.39700091752751443,0.11247609178926996,0.07380755659227542,0.04552762396892275,0.2645190740732287,1.0,-0.14421341416096445,0.26662710494962727,0.3226483222027964,0.18636398909922536,-0.020335331200043823,0.2479241510588085,0.12554332692737838,-0.10786380422427842,0.11552538721030552,0.0696499244523365,0.26472905549443776,0.005612894685187637,-0.02569077040357516,-0.25422815850858416,-0.06558632747059119,-0.16214217568141254,-0.18478456362665302,-0.1317094770093168,-0.0927971807711796,0.20058338316588076,0.11716415525843692,0.18107610913556127,0.32018514883574434,0.12866109455098212,0.2833005427563257,0.4243158485760064,0.22119260317619724,0.1027274760689652,0.18467865995334762,0.050313374447086966,0.09460667284438094,0.12478830677372676,0.2876024230030082,0.19239410773872834,0.08306134652868757,0.19478607001510953,0.03147073726302912,0.047156349427344146,-0.036169756284606995,0.14777853350801354,0.07027165205165543,0.1830380659798144,-0.006784225830453697,0.1051705642565973,-0.043770170769673204,0.12097303564662866,0.02234476210474421,-0.012676487102119443,0.0023919622763811984,-0.14636618020970754,-0.14244135355850038,0.138578608370955,0.1415356945591988,-0.2044443024280243,-0.13922589892589937,-0.1320107547006167,0.08319372612031936,0.09006924822086394,0.29165232554423987,-0.2136013183181401,0.10244993540788891,-0.025299109404885264,0.09493625237940904,0.20298721395737376,0.11344109336413061,-0.002846617701433808,-0.12387899592362155,-0.10052723595977486,-0.01966065176407218,-0.2582771480871149,-0.12175909653211119,-0.13957282475224475,0.21173796144558515,-0.22469746698498633,0.1638074196478703,0.020614697786521932,-0.04602884049172171,0.020436670059844706,-0.3145439523068285,-0.22052157559102922,0.039765003400786064,0.040047108875366895,0.284930181177448,0.029356315647724212,-0.039215399854838934,0.03954041457636248,-0.18599697809346,0.0522251183427901,0.04765117521123675,0.12396298849210516,0.158170787932459,0.1084179725837301,0.2351189362158609,0.14567506744511952,0.21686059516038472,0.34919545161982407,0.2145380180492726,0.2697759133050619,0.2511916445653613,0.38852497181227663,-0.1712416749213711,0.0628346578900519,-0.10504914021737642,0.11653877580831436
#49,0.6356101101489499,-0.07241163662258579,0.15162575832964345,0.0972213980197839,0.00562567616300036,0.03461680673036103,-0.14421341416096445,1.0,0.21823551698795346,0.03171175941606905,0.2811587322599935,0.38211962550270007,0.11977431562033533,-0.1434045292079592,-0.21525925858299058,-0.2141052737290418,0.18175444042233654,-0.21523095673926243,-0.07850748857655421,-0.042450026704159004,-0.1840067194054787,-0.026236722098718655,0.009297612146055774,-0.06789794902929241,-0.02822698078669996,-0.07046337421884628,0.0027607992075483756,0.13303783773913916,-0.13853478616131137,-0.2555756914551256,-0.36684484655379407,-0.13892553419730036,-0.3187828381271483,-0.19043945459608247,-0.20599816494497117,-0.15283999872185222,-0.29354489722322397,-0.3130247823725162,-0.26132005276924414,-0.48441161836333174,0.08732944715543646,-0.15725234745534472,-0.06368645208999986,-0.042211743439221794,-0.040319171760237735,-0.10751596543523215,0.17054417141787673,0.21917404264448775,0.07956287345880483,0.019360287035473166,0.16650796331715867,0.12373748670498066,0.09144051819762904,0.0340571605947039,-0.04141472700132836,-0.008370042041932377,-0.13960112659597293,-0.11704364418191694,-0.06047556227090342,-0.2823264115544559,-0.07652179470207744,-0.024979572459567164,0.09190795510049438,0.13026973482998352,0.24178630282059826,-0.03229788147005254,0.08509086261280796,-0.02533471495022071,-0.10452601258975565,-0.1843582100453286,-0.04360766340891143,0.055634121067983766,0.22082467920773097,0.4307047615569666,0.00808063286574427,0.04013931810815869,-0.04008454034610416,0.04074461237886126,-0.05510642862685845,-0.2592458015127792,0.4203325923119411,-0.06602454956702744,0.03959884418922065,0.21610009723052764,0.056487741193333545,0.33067782915728977,-0.043393117174197846,0.05909881451793287,0.11082545522602674,-0.030013648792378587,-0.11677614611055065,-0.05904221083047652,0.009391647304249386,0.031209629930569187,-0.14532448976797052,-0.034964645519407304,-0.24948805616546535,-0.0362327507109697,0.2391889239365126,0.1679741814148183,0.008846608571806799,-0.12267571108382368,-0.14010051719337008,-0.04299689136200341,-0.19937462054987742,0.11170737719510469,-0.06722509551872258,-0.1151821132347638,-0.053601866095760654,-0.2748912433182542,-0.30930263344091075
#50,-0.02713416443371206,0.4037970118730799,0.1977541117557642,0.1570350623325284,0.1930897853168209,0.2602363660432653,0.26662710494962727,0.21823551698795346,1.0,0.35372739846713563,0.4515540907576221,0.150177799486002,0.35007828655160295,0.031425089127983676,0.09649194082175773,-0.0403675587833859,0.16326968461703498,0.48062464907996183,0.027272021801549296,-0.08659177329310211,-0.30175973560600183,-0.22360738952010115,-0.13351166538091086,-0.2839633536771855,-0.0130224999657639,-0.10198249850502358,-0.0071484979481163296,0.08515111815106793,0.32414831992038967,0.2802585510368974,0.3084061040686183,0.21575043251607956,0.30747579507639217,0.1387146398133904,0.18050824633559595,0.19341480003834444,0.024500267041590015,0.09771713676637742,-0.028286323362259034,0.06543934047574486,0.09359876202257757,0.18366161950453513,-0.06355772434917172,0.253799066039157,-0.17697873253388233,-0.175820182866429,0.07108875366896886,0.10955095929555798,0.011490548553638841,-0.12447516056731502,0.12229044082404013,-0.08283127992805854,0.12092099677267686,-0.13624964052093652,-0.08601112901532408,-0.11078437190448584,-0.32566657689200107,-0.29377587678655387,-0.0569570040216007,-0.0524926164141564,-0.16332720126719222,0.005297009590673173,0.13258957305299293,-0.054873623138126694,0.18809770526825126,0.07161279425929054,-0.029313406400781495,0.01909461488950869,0.23246677956972067,0.18045255561084053,0.5025923575892307,0.3305171477219298,0.02576472038234878,0.10388328684831581,-0.18572765409669187,-0.06601359401461654,-0.2243861467039764,-0.008802786362163174,-0.08579932166871322,0.12919700365641562,-0.188030146028384,0.1384736176603505,0.22984109884190682,0.2709591129654398,0.1141212505763077,-0.060472823382800696,-0.16259500518106332,-0.039515764583437946,0.10816873376638197,0.09210150319308705,0.0594420884934746,-0.1667681576869177,-0.14067294480683992,-0.059656634728188176,-0.05156869816083664,0.1824802457695591,0.08364381673186742,0.29123053677642,0.15376939475137744,0.25790009449163953,0.23569045086662985,0.2799928788909329,0.3043151182058457,0.3288747278229948,0.4230550470860513,0.2995129343990651,0.34315163853980746,-0.21064879694340088,-0.09777556637923558,-0.2199098905814203,-0.15070275303902458
#51,0.15786494542765456,0.31786804950083763,0.30221621695645623,0.5773840879730858,-0.021911104821812504,0.3438044068709573,0.3226483222027964,0.03171175941606905,0.35372739846713563,1.0,0.299684571386836,0.03409641799084298,0.436490206192626,0.03719318747232582,0.05874002017647569,0.06262924128234741,0.501016583967462,0.35666531243866034,0.13473320947472692,-0.20169354581018592,-0.09295786220653955,-0.13128129750259054,0.027339581041416552,-0.2871970675638047,0.054918358310471226,-0.13605609242834385,0.3173622681645341,0.339620298812692,0.13364313200984174,0.08443809428165812,0.21143120597807977,0.03351212186226132,0.25912802932436196,0.016005149109633125,-0.0034318267927163837,0.019816768385927594,-0.16354631231541036,-0.07265357173832664,0.05388214564493968,0.12296146840920814,0.08642744000693851,-0.07981119931345206,-0.08702816946413654,0.024756809560545403,0.008653060479214122,-0.12723413384946158,0.23223671296909165,0.19313269456376359,0.169199377359438,0.1467551023202947,0.2288395787590098,0.13299858034300008,0.3303208607412344,0.09794902929240826,0.09197094952685708,-0.14088110030264714,-0.24464844088794752,-0.32505489188239217,0.12139482441444854,0.11331875636220883,-0.3414024020048661,-0.20357972675026362,-0.06360702433502079,-0.03127810213313735,0.44292202842052886,0.3274422893452688,-0.17177393217600095,-0.05175859440262568,-0.04811404730059753,-0.0012425422359369509,0.2728452939055175,0.20414850251292985,-0.16536219512751807,0.05888883309672383,-0.3197396230377008,-0.2433063857176115,-0.4888394874627397,-0.2990016752865562,-0.10083307846457933,-0.06345090771316537,-0.1974637896168752,0.008401995736464187,0.11338448967667426,0.01699845252822196,-0.14164707600870965,-0.3475493798700854,-0.2720948385653704,0.060422610434250706,-0.02840957332688173,0.05899382380732835,0.027553214313429227,-0.17235457645377897,0.04543358881072914,-0.09013315560992756,0.11430201719108765,0.3095235704145307,-0.0010855126513806279,0.36231746451998703,0.2379135150433429,0.362538401493607,0.40488069859905873,0.22320294704359853,0.24595215162484538,0.2722975162849722,0.2927570104123396,0.2609283917705542,0.34080258551036896,-0.4741280065002944,-0.24690163283379057,-0.2634627762282772,-0.06696398818626265
#52,0.3204928172659506,0.2633176151588327,0.13812486590860332,0.18753349431908958,0.0005788183523762136,0.3487143202764451,0.18636398909922536,0.2811587322599935,0.4515540907576221,0.299684571386836,1.0,0.2259317925566151,0.23945733497057978,0.16266256442093058,-0.052782938553045416,-0.07595484486481305,0.11749921256967047,0.25272085708938363,0.08020651216294558,0.02513386315602076,-0.2243432374570337,-0.1162457147813226,-0.04147498253958835,-0.20984082495309653,-0.14395504571660725,-0.009861823095217446,0.01498263088461521,0.027209027375186587,0.31945477867501726,0.25488823054134124,0.006604372178374653,0.17103443238826477,0.10712156554843952,0.0461100941721026,0.1471978892302355,0.17977878913756978,-0.0315510779807091,0.10224725768828714,-0.06965905407934558,0.015286647464017858,0.3169112645902852,0.1323394212729439,0.018172522561590746,0.15869117667197707,-0.1242761346985169,-0.20207699014456765,0.24458635942428572,0.10278590568182337,0.013742827536780985,-0.08552908470924421,0.1616637832261363,-0.09243564754161969,0.03065089675761297,-0.10013740088648679,-0.14825418707518703,-0.10357835730621226,-0.19668777132110268,-0.25259669416206,0.011800042909246944,-0.12300163876804814,-0.13899857121337308,-0.08657807885258847,0.05498865643844121,-0.00250243076319117,0.18577604111984006,0.06957506151086197,0.12749706710732334,-0.012131448369676856,0.1925566150994901,0.024345976345136418,0.2716703109094478,0.2402835662149023,-0.09149347003428175,0.0751669580539287,-0.20281009919339746,-0.1879151127280695,-0.2033295749702146,-0.05669133187563622,-0.02443270780172276,0.09547946518644981,0.01518896045502061,0.1083257633509383,0.12636681928359816,0.15466683708637083,0.0862503252429622,-0.05858938133082573,-0.16527363774552992,0.16757704263992296,0.1782851821588829,0.016492671191918454,0.1196264156627881,-0.09563740773370703,-0.08238940598081865,-0.05069316693066505,-0.08374332966626648,0.08534557920636153,0.2666481030917482,0.04572756280042179,0.09969917879005054,0.23196556304692173,0.020750729228957352,0.11317176936736249,0.26293325786175004,0.17362815942154683,0.15654936617564488,0.18548937083175468,0.19691966384713352,-0.20046652394016443,-0.06140221941232591,-0.20999328972414832,-0.16163456841970722
#53,0.31481692815440027,0.052048916541514695,0.07033921129152268,-0.029957958067623146,0.2650723294699795,0.3755818996014918,-0.020335331200043823,0.38211962550270007,0.150177799486002,0.03409641799084298,0.2259317925566151,1.0,0.46707628259847445,0.3464565635170975,-0.12757010412339603,-0.24589828682549175,0.027805192018880067,-0.08830266539460531,-0.1590956191484797,0.14289418305815116,-0.23982617190174696,-0.07454340452920796,-0.09469066541286456,-0.06753824172513433,-0.187709696120365,-0.10641584538063698,-0.062803617158221,-0.06683069563192996,0.03554346387178352,0.12837533722559766,-0.12270766477835549,0.054473745475128614,-0.1886190069704702,-0.01646345638548937,0.10225821324069805,0.03848594265681276,0.13004605896826085,0.049935407888910696,-0.18077574440696226,-0.2692400041996284,0.23939434054421707,0.08988756864338307,0.20332592311941095,-0.061803923000725805,0.1791926670835863,0.003141504653827368,0.06347829659419264,0.08325398165857933,-0.13819425107387237,-0.10057105816941848,0.00010133885980088283,0.09913588080358977,-0.18670178529856163,-0.19996987223087,-0.21091173020126264,-0.24314844317035428,-0.09061337399060561,-0.12205398348450475,0.09481756722829089,-0.015181656753413339,0.010174056338928273,-0.04582981462292358,0.27750049071745175,0.1949467514504695,0.04761922151670493,-0.0002857573253844714,0.23451546787056016,-0.007589458932655307,0.06524122756964765,-0.08008143627292107,-0.01199359100183962,0.03985995152168058,-0.012210876124655927,0.2763309854975875,-0.12513705852547394,-0.21847653914099338,-0.15380956511021743,-0.12103968192379501,-0.10563434930865899,-0.15259532471800866,0.41648354156490935,0.2732579530463283,0.20285209547763927,0.6290961212779652,0.4847147219800335,0.28829627465569896,-0.01768956529280996,0.22852917144070078,0.3566598346624549,0.48578014945199416,0.2026202029516084,0.3185637270789302,0.13508926492808138,0.09712188508538484,0.0951279745465999,-0.07587450414713307,-0.076836766833891,-0.09758567013744654,0.06969922443818558,-0.07290646240647838,-0.061177630587902335,-0.04381125409121411,-0.045363290682759155,-0.05892352567935837,-0.12864374825966485,-0.08241770782454683,-0.11141431616811295,-0.09045908329415202,-0.1333592006098591,-0.14087197067563806,-0.06641986241652097
#54,0.0160024102215304,0.10132425239766829,0.1544258149333309,0.28794295809044723,0.22468742439527634,0.5466464597588866,0.2479241510588085,0.11977431562033533,0.35007828655160295,0.436490206192626,0.23945733497057978,0.46707628259847445,1.0,0.24471965197861842,0.03226592777552073,-0.1842477415585186,0.35451985009152454,0.30654548608416604,0.0020696864429603726,-0.21084234503599356,-0.23977322006509424,-0.3210908078350459,0.1533339115430439,-0.28721076200431833,0.06100416767472965,-0.3029931482149297,0.2270026978047812,0.1646866027288455,0.32762396892274964,0.2994864584807388,0.3108939274285949,0.06030940305933801,0.23807328351600196,-0.08759694522680275,0.13507465752486683,0.0034263490165109306,0.02751578284269196,-0.04794606216363031,0.0983041717830618,-0.07046063533074357,0.31479775593768117,0.01524373821707514,0.11439513938658036,0.025249809419036186,0.20140596255939963,-0.20483048565050874,0.22001122944122117,0.21410253484093908,0.0048761337855541915,-0.05889248494752747,0.09256163639434511,0.11390761730429504,0.138197902924676,-0.07361309553698184,0.011883122515029649,-0.32965348500687003,-0.23097043370293108,-0.4390127221352372,0.10145571902659917,-0.022678906453276852,-0.13989053577216104,0.017815554145535383,0.1282073520886304,0.08498039412599798,0.18417196565434318,0.11557651312155642,0.1074401895310567,0.1137396321673278,-0.05873362943756933,-0.09645085750021683,0.27465935079222337,0.19784084321235057,-0.08652969182944031,0.11966202120812354,-0.26770622686210155,-0.13305700995585826,-0.27524455988350593,-0.10521438646624093,0.15637590326247222,-0.07293659017560837,-0.016914459959738344,0.38840628666115845,0.33706400325014724,0.3756448940278545,0.2993312548215843,-0.11117329401507302,-0.12615318601158548,0.1559221608001205,0.16749670192224297,0.4008554460507516,0.26119223799111685,0.0461922608151844,0.16756334819940932,0.007224273852291765,0.16296931988843597,0.25612712092647455,-0.10435437560198478,0.3080272245477411,0.24261801184112622,0.27942319016556577,0.261491689757015,0.32546755102320296,0.3238105237210534,0.34567506744511955,0.32927460548599286,0.289788055708984,0.29280174558468414,-0.20274527884163293,-0.06987268735135826,-0.08528532366810154,0.03178388346944085
#58,-0.036883693116717714,0.07751144626986264,-0.16774320185148836,-0.11970127860426262,0.19268899469112188,0.10030629898615492,0.12554332692737838,-0.1434045292079592,0.031425089127983676,0.03719318747232582,0.16266256442093058,0.3464565635170975,0.24471965197861842,1.0,0.18581895036678275,-0.05847799988131485,-0.05644026713288629,-0.03276623133561878,-0.06488699804169501,0.11642648139610257,-0.019244340772457742,-0.023894059808186537,-0.02024129604185021,-0.14939812933942584,-0.05724915208589153,-0.05178598328365295,-0.07257231805794574,-0.16778245924762744,0.16749213710873842,0.1996813760173828,0.052243377596808284,0.16435337134301378,0.17005299748478775,0.19463177931865594,0.35795715466044636,0.2769801019779337,0.3928350687232673,0.38272400681070173,-0.028093688232367266,0.20447169130905157,0.03974400525866516,0.30218700215002714,0.2789393199340841,0.13352353389602267,-0.006568766633039207,-0.11102448109482486,0.06320805963472362,0.020268684922877474,-0.1602833836223621,-0.20912871404638764,-0.01286912223201121,-0.06631761059401918,-0.2367896579585241,-0.34498760653133514,-0.1285451482879667,-0.14932874417415676,-0.09217636613456157,-0.05913807191407195,-0.03507420104351637,-0.13457891877827333,0.06975217627483829,0.012906553702748473,0.22611164620869414,0.17797751372867662,-0.21548932518361963,-0.01619139350061853,0.27398832320705535,0.15526665358086794,0.31204243450633823,0.17443430548644936,0.0427074821858153,0.1667891558290386,-0.1413622316460261,-0.09141312931660177,-0.029268671228436963,-0.07960669566844847,-0.03755745958998845,-0.11413129316601771,0.10812765044484107,0.07540706724426774,0.0460589682608517,0.06700050669429901,0.2305915541820539,0.3595904449323723,0.40245130485194025,-0.025880666645364203,-0.011129015324078935,-0.0037385822602217585,0.09589303728996151,0.32734551529897243,0.17969479656908616,0.15036952165319287,-0.009319523250877586,-0.00041265914081080215,0.097571062734232,-0.11895812696572282,0.12608471380901734,-0.0589983886208329,-0.1099444462196497,0.02043210524634016,-0.08594539570085864,-0.02126837908037267,0.015092186408724272,0.08161430064774704,0.06824670078103959,0.11335892672104882,0.005016730041494155,0.03353585889248495,0.13834397695682144,-0.0919928606316789,-0.005271446635047725
#101,-0.17281379669233612,-0.17859924132799554,-0.17357794647299685,0.13414160964453797,-0.00167346063076593,-0.2930245084837059,-0.10786380422427842,-0.21525925858299058,0.09649194082175773,0.05874002017647569,-0.052782938553045416,-0.12757010412339603,0.03226592777552073,0.18581895036678275,1.0,0.5605837483509611,0.08948586505498318,0.012023718770969612,0.4381317131288601,0.08254095778916952,0.2659423829239456,0.07940036609804306,0.0731967845453674,0.04608087936567352,0.2125468463985904,-0.031226063259185546,-0.1262463082070782,-0.18602436697448727,0.26227044694089025,0.13330259692240273,0.016938196989961976,0.24344698197355147,0.05003400786060885,0.2633313095993463,0.40927387511583213,0.32848854460051036,0.2650303331857377,0.3217791817115312,0.3345287058297233,0.24874307860152373,-0.006998772065167277,0.3476507187298863,-0.1399398357580101,0.435909561914848,-0.20019080920448995,0.01661774708194297,-0.06627104949627283,-0.009834434214190179,-0.5372210328347036,-0.47811217572706066,-0.2811057804233408,-0.37359529276431414,-0.13936923406994206,-0.25563046921718013,0.13141915487042777,-0.01927629446698955,-0.44613930897853166,-0.00024102215303993755,-0.5788375245929328,-0.4193210296393341,-0.3885751847608266,-0.38424591563311683,0.48407382216399547,0.18944523821479273,-0.055944528386292776,-0.26423149082244246,0.1588372507041225,-0.044097011416598574,0.5895821826199291,0.5153455335582264,0.2067440554716137,0.28881118561901153,0.28680814545321753,-0.2628392227035564,0.09715201285451483,-0.1623859367225552,-0.15700584752609933,-0.2945400265672146,0.17210807652453358,0.32163219471668486,0.048322202796404756,-0.17678609740399057,0.10398188682001397,0.04153706400325015,-0.09278622521876868,-0.4074488626767153,-0.3785535931929501,-0.2746684804192325,-0.0137857367837237,-0.20717132201563906,-0.145279754595626,-0.5088936261509036,-0.49328744174156763,-0.45128111491005035,-0.4805917824227291,-0.04096646231518211,0.26730543623640257,0.019036185276650523,-0.19279581132712822,0.007729142225894361,-0.04370535041790868,-0.029968913620034055,-0.05877836460991386,0.020133566443142965,-0.027083038522461165,0.09818366070654183,0.045629875791424544,-0.3638357214915985,-0.3339498874773471,-0.3729060059251279,-0.42484262805443085
#102,-0.08053152688446913,-0.04132069184313475,-0.025656077820940624,0.17570332364071267,0.028111034523684533,-0.36491758229217547,0.11552538721030552,-0.2141052737290418,-0.0403675587833859,0.06262924128234741,-0.07595484486481305,-0.24589828682549175,-0.1842477415585186,-0.05847799988131485,0.5605837483509611,1.0,-0.07662495948728015,-0.02288797491178498,0.447017579096806,0.41607909908840673,0.11261668804520991,0.4270264348350048,-0.11668667576586159,0.2373876485276194,0.04909548220407455,0.42438705966667734,-0.18395924534503144,-0.20676779250183733,0.0804046250690428,0.11885131032971648,-0.1257012694746356,0.1780049026097039,-0.07381394733118178,0.48456134424628083,0.28088210456161816,0.36192671648399805,0.02540501307819069,0.3424870016935458,0.11822684384229483,0.43562197866406166,0.09440216919937736,0.3772334491274359,-0.08787265996247723,0.45967854583301,-0.2115298059497779,0.32208411125363473,0.021202645765907233,-0.11483336148301661,-0.41916491301747866,-0.38890111244505104,-0.24991623567219162,-0.4246518188499409,-0.11302386940981526,-0.05184532585921202,-0.18454536739901492,0.2648632610114714,-0.4057936612999676,0.29501202828358447,-0.4118639502983106,-0.20494825783892598,-0.5077031227889185,-0.5336759986670745,0.16262148109938968,0.37230801535603264,-0.06423514267324608,-0.10432789968365842,-0.0011987200262933257,-0.2532019884327626,0.48159330250562615,0.5841217527057933,-0.02593818329552146,0.012370644597314977,0.13522438340781587,-0.36839505721993726,0.02363660432653024,-0.24968525610886166,-0.34518571943743237,-0.482115517170546,-0.07637115585642748,0.5066395212423597,0.14370854578736186,-0.21804927259696805,-0.1282055261632286,-0.2517695499550366,-0.31930048797856364,-0.5071809081239986,-0.5050582698443855,-0.1586838729703698,0.05432219366677774,-0.21276869633491124,-0.11017086096947509,-0.47011827431790276,-0.35729890855309104,-0.5541035390999101,-0.4636006335961144,-0.10342863142326321,0.5487764017401069,-0.12183213354818388,-0.15571857011781784,-0.08527619404109245,-0.2756590449497186,-0.2581502462716886,-0.035424778720665365,-0.07370986958327817,-0.11600377966558176,-0.051961272122227446,0.010991157956241698,-0.4818324987332642,-0.4029972565470838,-0.43288491648673694,-0.4285894269789608
#201,0.09665901299602404,-0.044747040859645676,0.46667549197277547,0.28585044757996414,-0.044003889221105874,0.14144896310261243,0.0696499244523365,0.18175444042233654,0.16326968461703498,0.501016583967462,0.11749921256967047,0.027805192018880067,0.35451985009152454,-0.05644026713288629,0.08948586505498318,-0.07662495948728015,1.0,0.3356571277280467,0.1619312812975026,-0.42601122031159416,-0.0591946756015283,-0.3633071160877722,0.2602208456773499,-0.35783390469582366,0.3414854816106488,-0.4091579288528167,0.3307663865392779,0.328141618774165,0.04365787635746141,-0.18704871112490698,0.24675464583894424,-0.18643885204069988,0.1949567940401795,-0.2759301948718885,-0.22805169194812547,-0.22797043826774457,-0.32804301880246683,-0.35974930044233044,0.13855121948992774,-0.15062789009755007,0.02545248713863795,-0.19855934485796584,-0.35146325096888165,-0.15222283593603783,0.09666083892142587,-0.2223228509999224,0.1266178840263481,0.14910050349892956,0.14618176174412395,0.22632893133151044,0.20432470431420524,0.19432319792574873,0.5289760666827956,0.10130690610635103,0.37963271510542435,-0.2130635832873048,-0.16747387785472023,-0.5213035281443577,-0.0007121109067089064,-0.10741645250083308,-0.2637266224488399,-0.03367645514842491,-0.0943446525492201,-0.03963262380915428,0.4132699128577102,0.17451647212953114,-0.19455782933988233,-0.08286505954799217,-0.08832457649942711,-0.19380098326082887,0.48914076515403965,0.4191484796888623,-0.02548444083316976,0.060188891982818044,-0.3699644401027996,-0.09163132740211899,-0.3037901646528231,-0.10794414494195839,0.1374127550018944,-0.2616678915582904,-0.04990984493328525,-0.10143015607097372,0.11054152382604408,-0.07274760689652024,-0.17159864333742644,-0.0868382732223475,-0.12313127947157719,-0.023024919316921307,-0.16882780154016808,-0.10915473348336353,-0.21990623873061665,-0.16155970547823267,-0.08457321276139264,0.043582100453285984,-0.003811619276294467,0.6409664623151821,-0.28737874714128553,0.4841623795459836,0.3090652631386745,0.3847398284543085,0.3776762360373767,0.42757603838095193,0.07409696576846353,0.3753910903970018,0.2970068517850703,0.37061081769504306,0.38103137396321674,-0.29583917249060787,-0.13999735240816735,-0.10306162041749785,-0.05512286195547481
