,#10,#11,#12,#13,#17,#18,#26,#49,#50,#51,#52,#53,#54,#58,#101,#102,#201,#202,#301,#302,#401,#402,#501,#502,#601,#602,#701,#702,#801,#802,#901,#902,#1001,#1002,#1101,#1102,#1201,#1202,#1301,#1302,#1401,#1402,#1501,#1502,#1601,#1602,#1701,#1702,#1801,#1802,#1901,#1902,#2001,#2002,#2101,#2102,#2201,#2202,#2301,#2302,#2401,#2402,#2501,#2502,#2601,#2602,#2701,#2702,#2801,#2802,#2901,#2902,#3001,#3002,#3101,#3102,#3201,#3202,#3301,#3302,#3401,#3402,#3455,#3501,#3502,#3601,#3602,#3701,#3702,#3801,#3802,#3901,#3902,#4001,#4002,#4101,#4102,#4201,#4202,#4301,#4302,#4401,#4402,#4501,#4502,#4601,#4602,#4701,#4702,#4801,#4802
#10,1.0,0.36043310950531116,0.3314985826254068,0.5311936530833032,0.029656680376323224,0.03837821305810551,0.31664559244432067,0.5090433520338526,-0.05827623512441399,0.5478214427549563,0.4952850041311562,0.04845184349993381,-0.1017670393076091,-0.2194041092451168,0.28590613830471956,0.18331743256629252,0.22764907539702464,-0.024837150278225383,0.14374962910890277,0.14866684621599785,0.3728211003939434,0.16660108551265138,-0.006209972291582027,-0.07559787644875769,0.1348564594393496,0.032241277782596195,-0.26912953571281845,-0.1761817160959889,-0.15997023741595037,-0.33061209584282436,-0.1744909091739057,-0.46938881711987657,-0.2920868957898725,-0.3808140888404004,-0.31540670205918736,-0.20965275463670932,-0.19041845645396158,-0.44018405328050325,-0.2154162881675469,-0.4363432191977797,-0.07426586386813167,0.052870582972332665,-0.06206776922128846,-0.061360223128084104,0.010451597000004564,-0.09574422436971337,-0.3894415863639891,-0.2535954753568543,-0.31692678495620064,-0.3151209447338029,-0.39289167241072365,0.08564137912145599,-0.17863302094792918,0.03380244400115033,0.18027817973496693,-0.06453002962563964,-0.20060529427070256,-0.13546814444895855,-0.1906905193388324,-0.1995371279106392,0.06868948769098039,-0.0475644437546504,-0.1802133593832024,0.08431393135433451,-0.0935713731415503,-0.08609877343461132,-0.14752472987716087,-0.09673478890019949,0.3719948691496209,0.0958291299008979,0.40247230299406117,0.2769664075374201,0.13456248544965696,0.030429046821292115,-0.19171212460114942,0.015806123240834996,-0.10211305217125355,-0.12311028132945628,0.2525254830713891,-0.14476210474421067,-0.15397481135908192,-0.08526706441408337,,0.20630948522598108,0.0831161242907421,-0.08049409541373187,-0.3056955178096199,-0.06263380609585195,-0.11720980339348236,0.06037331044840163,-0.06308846152090457,-0.056788105921932557,-0.087384224917491,0.13615651832544381,-0.32611484157814735,0.17624744941045434,0.05099900943546951,-0.1516111509264289,-0.11722258487129508,-0.3002213934549704,-0.31675423500572886,0.07542715242368773,-0.27383220658519997,-0.08259390962582223,-0.22312169336321763,-0.31233001775712455,-0.33017935152259353,-0.1931756038107063,-0.13529650746118768,0.23209337782504896,0.03722605412955854
#11,0.36043310950531116,1.0,0.12115471522410952,0.17971396878580526,0.17481227204462563,0.03999507000141509,0.31899281954835734,0.38162297379340565,0.288456043128358,0.19014456764368892,0.36979371607772965,0.14077793551744444,0.016158526843385812,0.13853569912401228,0.1603116854660903,0.018198998479917104,0.05447739732593225,-0.038095194620823766,0.04327899683658424,0.023311589605006688,0.07342137336979097,-0.018427239155144316,-0.14178858522735055,-0.07720925561586181,0.03452368453486833,-0.048358721304441105,-0.15274413763825678,-0.1448570528651052,-0.0016387680481313935,-0.20990564530486108,-0.026422053527003154,-0.2759776689323358,-0.17027758630921133,-0.14621006358785213,-0.02103192174083728,-0.16333815681960315,-0.14038992636955816,-0.2508949316875659,0.027312192160389288,-0.06065815481108519,-0.18639685575645806,-0.10580142148292532,-0.06387726129448981,-0.16597661902522973,-0.0053152688446913504,-0.13144836967685686,-0.30082577476297206,-0.20740960528057625,-0.2830303057968567,-0.2988902938370453,-0.23794546873787473,-0.030963130001323797,-0.13955365253552565,-0.15028644204741015,-0.15531047579051158,-0.11828344752975117,-0.25834288140158035,-0.24360218563270597,0.00320358611748917,-0.08801964695732356,0.023106172997302197,-0.05758420939712508,0.04597680161776991,-0.12733638567196337,-0.012756827819799423,-0.14442613447027622,0.026915966348194844,-0.0013493588719432868,0.13489206498468506,0.2278079309069828,0.2902837944555775,0.1639927510761548,0.07964504010188664,-0.09835255880620997,-0.06743872879073526,-0.1096057370576125,-0.116512299889988,-0.1337727727133708,0.21390350897214094,-0.03000178027726677,-0.04508848890978559,-0.262642935722861,,0.12086165419711778,0.05920928300474284,0.045202609247399196,-0.1027484742110861,0.010160361898414641,-0.06700598447050446,0.11487079295375388,-0.09292043073580229,0.058886094208621106,0.06270775607462557,0.15126422510008353,-0.0452436925689401,0.03258637768353974,0.08187540798020697,-0.1272569579169843,-0.043820383718223194,-0.13757161051185254,-0.07243537365280941,0.005656716894831262,-0.1677578092547029,-0.06289308750291007,-0.043804863352307745,-0.10392528313255762,-0.07424212683790804,-0.16252744594119609,-0.15682142906051574,0.20271880292330657,0.08892348003122333
#12,0.3314985826254068,0.12115471522410952,1.0,0.3636330437719967,0.12422866063806963,0.2871970675638047,0.36715616683480395,-0.062096984027717544,0.08754490635285095,0.42838492333395717,0.3435022162169565,0.06810427859969781,0.2623498746958693,-0.237551981813783,0.16781623886756106,0.22160434935430712,0.36871459416525537,0.5533183911771284,-0.10017391939452314,-0.2287446306381153,-0.018007276312726243,0.18138469052846845,0.3778003989647003,0.17568232549859175,0.2825373059383659,0.17393035007554766,0.16816225173120553,0.12200377053595475,0.20319445649048007,-0.08353152231965563,-0.03336969968091954,0.03511254547695454,-0.1368238940598082,-0.04251576001862444,-0.02433684671812733,-0.06669375122679363,0.06956136707034834,-0.22225620472275606,0.01104593571829623,0.010198706331852813,0.16595105606960428,0.11713859230281147,-0.13338385060278363,-0.12419305509273419,-0.14339174773014648,0.005272359597748634,-0.09102785905681823,-0.12746602637549242,-0.13688323663536725,-0.06081244550753879,-0.05349961427325887,0.22280215641789955,0.2234868784435812,0.2190644871203787,0.20488982822606783,0.056493218969539,-0.1393829285104557,-0.14881931098704962,-0.3141623338978486,-0.025585779692970642,-0.1791725819041663,-0.11355064888823967,0.00506055225113778,0.4594457403442782,0.09159663481948445,-0.13775876786553887,-0.0889508689122506,0.0790433976819877,-0.07440189531056708,-0.023785417246778382,0.12271314255456094,0.1768929140399969,-0.2633413521890563,-0.27311735679038834,-0.2681271026672205,-0.0006865479510834584,-0.12195447055010568,-0.06081974920914606,0.16066043721783746,0.18791237383996676,0.13970063953037198,0.04191685648682823,,0.03471175485125555,-0.1365143997042001,-0.35869756741088343,-0.32184126317519296,0.09459936914277367,-0.018029187417548057,0.026992655215071187,0.15171522867433251,-0.15703871418333204,-0.03716488562859764,-0.2006381609279353,-0.2688045209912949,0.5178616587619312,0.40766523483683076,0.36894557372858533,0.3923521114544865,-0.03277627392532878,0.033656369969004916,0.32217814641182835,0.21327630359661656,0.2790625698987068,-0.08836292093286528,-0.0016880680339804717,-0.002402004866091196,-0.1924945336358283,-0.19482897926205225,-0.08397522219229733,-0.11546330574664372
#13,0.5311936530833032,0.17971396878580526,0.3636330437719967,1.0,0.08408660364180821,0.10493867173056645,0.18769600167985137,0.13690788662829181,-0.01910739636732141,0.5980809524026895,0.31367024700205876,0.1515362879849544,0.03388004583072759,-0.20617162785814386,0.046989277253077825,0.12799189289121593,0.3611716963303464,0.05986935503749994,0.09069919248449104,0.054229984433985946,0.08768185075798728,0.0826523392386804,0.14134762424281155,0.12703602094336436,0.2241670356557583,0.11766171993043224,-0.011936074351682362,0.048537661993819245,-0.11677432018514884,-0.17038988072142314,-0.08939274285949048,-0.23522757877726905,-0.20263298442942113,-0.14532448976797052,-0.23182770567908448,-0.0488937174471737,-0.11601930003149721,-0.15641972547211583,-0.1488704368983005,-0.19017013059931437,-0.1811938813239785,0.035826482309065266,-0.11656799061474343,-0.02017556272738477,-0.23040165794026485,-0.06682339193032269,-0.11364194515833055,-0.09096669055585734,-0.18414640269871774,-0.15594772375574595,-0.18423861193150953,0.04724764569743503,0.019766555437377605,0.18934937713119732,0.18825017003930306,0.05842961285816668,-0.10902965759333902,0.03531796208465903,-0.2606070288998343,-0.18985150661669717,0.0539980919079551,-0.03494090848918367,-0.06427622599478698,0.06710184555409988,0.16818051098522369,0.07038851127737177,0.02576289445694696,-0.1774616898026631,0.17005482341018957,-0.0474713215591577,0.2792177735578613,0.1995033482907056,0.06689825487179721,-0.09940155294955424,-0.15891850438450336,0.17696321216796687,0.030572381965334808,0.14093405213929985,0.10663860827965874,0.052726334865589065,-0.16131959628789366,-0.007837784787302515,,0.011795478095742398,0.11476215039234572,-0.13781902340379884,-0.1526528413681659,-0.0606590677737861,-0.08459603682891535,-0.08293535767596215,0.030341402402004867,-0.22742996434880652,-0.18543276714429832,-0.025338366801024345,-0.3136720729274605,0.2339412143316885,0.145329967544176,0.21768134862850178,0.1155436464643237,-0.12137017442152401,-0.09333765469011764,0.15261540989742864,-0.1700977326571323,0.1347642502065578,-0.1203065728749652,-0.07656379098631926,-0.07079295375387439,-0.04811678618870026,-0.1096760351855825,0.08894813002414786,-0.04978385608055983
#17,0.029656680376323224,0.17481227204462563,0.12422866063806963,0.08408660364180821,1.0,0.3442462808181972,0.19041389164045702,0.013604970168943747,0.331536927058845,-0.16963394760507058,0.14355425509090827,0.5437341087429873,0.21540898446593965,0.0011247700475197086,0.11822866976769664,-0.012207224273852292,-0.18652740942268803,0.3543947742015,-0.096489201933655,-0.20688373876485275,-0.23519653804543816,-0.3335034487166027,-0.01907087785928506,-0.15399489653850193,-0.3079441449419584,-0.1960614789082792,-0.3121419474407373,-0.23711193379194492,0.2426572692372653,0.15358406332309293,-0.28287327621230035,-0.11095692185495762,-0.16209287569556347,-0.15252320066463684,-0.15063975861266188,-0.1060269232700498,-0.19765277289596334,0.08286232065988944,-0.21998931833639937,0.07031090944779451,-0.024179817133571008,0.1597465615542277,-0.04849110089607289,-0.13624416274473106,-0.2525501330643137,0.21912017784513413,-0.3735140390839332,-0.3240186792168606,-0.34678157823862105,-0.11698247568095606,-0.20656146293143193,-0.059873006888303576,-0.3243829513345232,-0.21550210666143235,-0.17290783185052974,-0.24281429882182162,0.10259783536543615,0.07343871966110825,-0.08155404510948705,0.14198578517074684,0.048176128764259335,-0.01808305221690168,0.1795249855067171,-0.00039257396139080736,-0.3965316546992473,-0.3001793971707286,0.13401196894100892,0.016940022915363794,-0.0023755289477648393,-0.006805223972574601,0.25604221539529004,-0.17039901034843222,0.0993668603669197,-0.15817443978326265,0.22380641538889928,-0.07944144941958396,0.1247517882656904,-0.0802804621417192,-0.10160635787224913,0.2628200504868374,0.24050450318852223,0.22055809409906557,,0.2163411193835676,0.41187490585072145,0.09326918248754947,-0.06250051354151927,0.0741873490758535,0.15580164972360055,-0.06131274906763684,0.15488503517188806,-0.3133132785860034,0.2689460302099358,-0.08117242670050714,0.03156751130932546,0.01670447853852931,0.005363655867839519,-0.07446854158773343,-0.08760881374191458,-0.27396823802763537,-0.1491351960815641,0.016246171262673064,-0.009920252708075611,0.08298648358721304,-0.13776607156714613,-0.1951749921256967,0.00419141175987255,0.0730214957067929,-0.18012845385201787,0.19113878402497866,0.04608818306728078
#18,0.03837821305810551,0.03999507000141509,0.2871970675638047,0.10493867173056645,0.3442462808181972,1.0,0.19198053563521664,-0.09784769043260738,0.021275682781979943,0.04158818991450104,0.11237566589216998,0.14636709317240845,0.346962344853401,-0.0963750815960414,0.17651312155641882,0.14793282420446713,-0.09908019007883433,0.5491717145896005,-0.00660619810377647,-0.11392222470750958,-0.08794569697854994,-0.09205676802074252,0.14468632884003524,-0.23652033396175598,-0.09527587450414714,-0.1526930117270059,-0.018641785389857897,-0.010815869117667198,0.3728539670511761,0.32467601236151494,-0.2700525410034373,-0.146000995129344,-0.15846019710864712,-0.1882273459717803,-0.16041393728859207,-0.09469066541286456,-0.24284899140445618,-0.07612830777798572,-0.09518549119675716,0.031218759557578274,0.10870920768532001,0.2672132270036108,-0.13898761566096218,0.07123026288760972,-0.2327872294777397,0.2627342319929519,-0.23443056233937562,-0.31250895844650267,-0.18042425376711235,-0.07027073908895452,-0.1310621864543724,-0.1633262883044913,-0.21161562444366336,-0.11149830873659657,-0.1038303350116631,-0.15755545107204647,-0.01970629989911762,-0.054184336298940504,-0.22920293791397153,0.2278389716388137,0.18670178529856163,0.06669375122679363,0.14990117178762663,0.2692007468034893,-0.07728868337084088,-0.03978052376670151,0.167065783527414,0.15587468673967325,-0.034277184605622936,-0.1453929619705387,0.13864251576001863,-0.010188663742142815,0.06414110751505248,-0.10992162215212697,-0.12391460146895698,-0.2093633454605212,-0.0852296329433461,-0.057177028032519735,-0.017939717072858987,0.3374017994494835,0.22090684585081277,0.4079610347519252,,0.05703643177657977,0.13982936727120013,0.004692628282671511,-0.030826185596187466,0.24202276016013366,0.170491219581224,0.008109847672173353,0.3541683594516746,-0.44122483075953933,0.21315305363199386,-0.2774749277618263,0.1453646601268105,0.2632655762848809,-0.00959523798655206,-0.012529500107273118,-0.06269040978330831,-0.12849493533941672,-0.04679116434698061,0.12471344383225223,0.2105155043890682,0.23811436683754286,-0.02427385229176462,-0.12156828732762123,0.04806109546394482,-0.051905581397472006,-0.09767148863133197,0.18165310156253567,0.07010823172819275
#26,0.31664559244432067,0.31899281954835734,0.36715616683480395,0.18769600167985137,0.19041389164045702,0.19198053563521664,1.0,0.21865547983037154,0.18557153747483646,0.11236562330245997,0.30157988195392277,0.17181684142294368,0.03566762679910712,0.10852752810783915,0.2175617505146827,0.4044260431740061,-0.047254949399042304,0.20424618952192708,0.2564457449090917,0.09872869943898442,-0.08414046844116184,0.09063072028192289,0.0336545440436031,0.1509109085348318,0.17231258016953718,0.0037212359689044903,-0.24716547905435324,-0.19062113417356333,0.028021564178995467,0.006281183382252918,-0.3918737189992103,-0.30215413549279446,-0.43117767623603737,-0.19837675231778407,-0.22478145955346995,-0.17622736423103433,-0.20658246107355285,-0.016956456243980154,-0.2067732702780428,-0.059140810802174676,-0.016485367490311185,0.13875663609763222,-0.2185897465159061,0.06773361574312882,-0.1365983922726837,0.22481067435989902,-0.3504334290422565,-0.28062647500536364,-0.4061141112079866,-0.21150424299415246,-0.37394678340416404,-0.03940620905932888,-0.27024152428252546,-0.07179082198596776,-0.12481113084124948,-0.15685612164315027,-0.11211729744781276,-0.12290029990824725,-0.13576942214025847,0.1136885062560769,-0.06910945053339845,-0.21003985082189466,0.13410417817380071,0.3320271880292331,-0.01396924228660638,-0.3117986734651956,0.02687214413855122,0.25566242291171193,0.11005400174375876,0.2852889755189052,0.29242012717570426,0.1221735815983238,-0.12249129261824009,-0.2130635832873048,-0.07487846184044152,-0.12819183172271498,-0.25699352252963703,-0.2663924735354937,-0.035086982521329094,0.38838437555633665,-0.11434127458722673,-0.090489211063282,,0.10091980992116567,0.07476890631633244,-0.15698576234667933,-0.24671721436820698,-0.07616482628602209,-0.15951832087900047,-0.1351979074894895,0.08284771325667489,-0.13771585861859614,0.25352609019158523,0.05183710919490384,0.03389921804744667,0.2413343862836484,0.3928944112988264,0.019207822264421387,-0.1488266146886569,-0.21111075607006075,-0.20757211264133804,-0.14440878817895894,-0.12896785001848748,-0.106315419483537,-0.3256592731903938,-0.402464086329753,-0.27831485344666246,-0.16388502147744755,-0.09884190681389712,0.11444352640972853,0.11324389342073429
#49,0.5090433520338526,0.38162297379340565,-0.062096984027717544,0.13690788662829181,0.013604970168943747,-0.09784769043260738,0.21865547983037154,1.0,0.41551123628844144,0.30475151437688014,0.2370471134401804,0.12198185943113295,-0.2481304806292139,0.11043835904084139,0.3424130517147722,0.04679116434698061,0.051805155500372034,-0.27601236151497033,0.35115466957597447,0.2758827208114413,0.4683991655520914,0.1107597219115613,-0.10128316907612739,-0.13051075698302345,0.14613793953448032,-0.15611662185541408,-0.17917440782956812,-0.07593202079729032,-0.11453117082901577,-0.21244002976258405,-0.13116078642607057,-0.3912291673323686,-0.13328342470568366,-0.14370945875006277,-0.11339270634098243,-0.20987186568492744,-0.28564959578576415,-0.4160097139231377,-0.24400297625840497,-0.46421140564302243,-0.12029287843445156,0.030320404259883964,-0.0914779496683663,-0.14777670758261172,-0.12149525031154852,-0.17773649157563667,-0.24511313890271014,-0.15337043005108025,-0.28881301154441336,-0.36614277823679514,-0.2708997703898807,-0.1942373794318633,-0.21638311566780938,-0.3310019309161124,-0.1643150269095756,-0.2690482820324376,-0.3604705409760484,-0.35492794441883074,-0.2000209981421209,-0.4661870569277892,-0.11282575650371804,-0.1171203330487933,-0.07723207968338454,-0.22302765820502404,0.035380956511021744,-0.06580269963070659,0.022478967621777812,0.03259915916135246,0.4616697174836922,0.16799609251964012,0.48038819174042646,0.3111294718054294,0.45905407934558834,0.22196770850926886,-0.08532001625073607,-0.04867460639895557,-0.08813833210844171,-0.06288852268940552,0.2681134082267069,-0.19014548060638983,-0.03496008070590276,-0.21582986027105863,,0.1527240524588368,0.0734953233485646,0.04556049062615547,-0.11553177794921189,-0.045669133187563625,-0.021504836419908066,0.023977139413969242,-0.2190553574933696,-0.005475950280051309,-0.11946756015282996,0.10614286953306523,-0.19621942145553645,-0.06829782669229048,-0.1287514778583721,-0.16707947796792763,-0.1757489717757581,-0.2536968142166552,-0.3023495095107889,-0.08880388191740426,-0.2638717835182844,-0.3857705633436346,-0.058530951717967565,-0.20009768700899724,-0.2928501326078323,-0.2866009029201112,-0.13022134780683536,-0.03206964079482533,-0.08288605769011308
#50,-0.05827623512441399,0.288456043128358,0.08754490635285095,-0.01910739636732141,0.331536927058845,0.021275682781979943,0.18557153747483646,0.41551123628844144,1.0,0.10316204631459781,0.03605289705889066,0.0752189969278805,0.044586359424285724,0.25529358598054475,0.33050619216951893,0.019102831553816868,-0.048138697293522076,0.12463036422646953,0.24657753107496794,0.06346003734017447,0.1515408527984589,-0.04396280589956497,0.04405501513235677,0.08257930222260769,0.15525569802845704,-0.047659391875544924,-0.13656461265275008,-0.10773325055804846,0.15162484536694254,0.010621408062373612,-0.16597935791333246,-0.1875946628200505,-0.2202276016013366,0.0719907608174668,0.07788119616373074,-0.004825920837004204,-0.19029977130284342,-0.007041681312109993,-0.19988131484888186,-0.018861809400776933,-0.03184505197040175,-0.013090972168332063,-0.16132963887760365,-0.16105757599273282,-0.199609251964011,-0.1309581087064688,-0.20848324941684507,-0.1919148023207512,-0.27308905494666014,-0.29242012717570426,-0.1333610265352609,-0.07408235836524898,-0.19686397312237808,-0.3598095559805904,-0.21334934061268926,-0.17388652786590403,-0.16802987213957374,-0.2746210063587852,-0.12927369252329196,-0.1759333902413417,-0.1243802124464205,0.004858787494236923,0.23894333696996808,-0.11795021614391944,-0.08150930993714252,-0.15245929327557323,0.23608211186531974,0.17204508209817088,0.37388652786590404,0.2119588984192051,0.3710965138519266,0.15655666987725217,0.1440445160612963,-0.06517914610598584,-0.006169801932742038,-0.07721016857856272,0.05815481108519312,-0.015870943592599523,0.08935622435145413,0.23524948988209088,0.013622316460261016,-0.07209575152807132,,0.13352718574682632,0.1192877065007509,-0.06145151939817499,-0.06599259587249563,0.023881278330373814,0.05528171746543295,0.012262914998607733,-0.145329967544176,-0.14812180748355525,0.07110883884838885,-0.09871683092387261,-0.0013146662893087503,-0.007410518243277171,0.08541861622243423,0.010612278435364523,-0.03576074899459983,-0.10675729343077689,-0.09943441960678696,-0.0950138542089863,-0.12242738522917646,-0.05257478305723819,-0.1109961792510967,-0.10587080664819438,-0.05909790155523196,-0.12320066463684626,-0.28481971269063805,-0.04465574458955479,-0.1232463127718917
#51,0.5478214427549563,0.19014456764368892,0.42838492333395717,0.5980809524026895,-0.16963394760507058,0.04158818991450104,0.11236562330245997,0.30475151437688014,0.10316204631459781,1.0,0.4825802151853086,0.04892110632820096,0.14556277303290774,-0.016715434090940215,0.24177260838008463,0.07423573609900168,0.6716356183268133,0.037266224488398524,0.03402338097477028,-0.03672940242026412,0.26217915067079933,0.15984150967512223,0.21300515367444664,0.09490612461027904,0.3755006459211109,0.19016008800960438,0.07084955744133073,0.043466154190270556,0.12291399434876088,-0.28733948974514645,0.2504987058753715,-0.13343954132753907,0.017279645040101887,-0.07581790045967672,0.07656013913551561,0.06502850726033588,0.2166104433803357,-0.37399973524081676,-0.11778223100695222,-0.39330341858883355,0.0801873399462265,-0.07834315529039061,0.02609064806657324,-0.14257008129932852,0.057747629720587765,-0.3397873709869583,-0.11389300990108049,-0.09002268712311759,-0.10210300958154354,-0.24871386379509466,-0.1612821648171564,0.1479812112276153,0.04177260838008463,0.16163000360620267,0.251034614980805,0.1761999753500071,-0.2822926319345223,-0.17364002793665864,-0.28522232924173885,-0.4177023467706227,-0.1371571254456399,-0.03607298223831065,-0.07775155546020167,-0.047454888230541344,0.16414156399640292,0.06738577695408254,0.10509387538972095,-0.2640078149607198,0.26428352969639424,0.0075785033802444005,0.3430941218896502,0.32402506995576696,0.025824062957907856,-0.08205434866958511,-0.232263188887418,0.12615683786238913,-0.1464757357338166,-0.08947582246527318,0.5323248138697294,-0.1733570094993769,-0.007740097778305267,-0.052176731319641935,,0.07501814513368056,-0.1781920599633902,-0.28653516960564573,-0.3648491100896073,0.032755275783207874,-0.11231906220471363,0.1064487120378697,-0.21249206863653586,-0.050474055882446925,-0.3672346816270821,-0.04436268356256305,-0.3642967676555574,0.221455536434059,0.14860385178963514,0.17818566922448384,0.11577645195305546,-0.0964371630597032,-0.11105643478935669,0.3943834534640087,-0.16769025001483565,0.1004898044890376,-0.06606745881397015,-0.03747803183500938,-0.01858244281429882,-0.2339119995252594,-0.17309498920421607,-0.1064194972314406,-0.19938283721418562
#52,0.4952850041311562,0.36979371607772965,0.3435022162169565,0.31367024700205876,0.14355425509090827,0.11237566589216998,0.30157988195392277,0.2370471134401804,0.03605289705889066,0.4825802151853086,1.0,0.27540798020696866,0.26159394157951676,0.021503010494506248,0.2499874467628625,0.11180780309220467,0.35600797929400596,0.13859047688606682,-0.03788430023691382,-0.13681932924630363,0.0158892028466177,-0.06550142193940667,-0.03730822077264034,-0.17311781327173878,0.11727279781984506,-0.09113924050632911,-0.29199651248248254,-0.2956246262558943,0.24575860353225268,-0.1590435802745279,-0.004683498655662423,-0.07373817142700635,-0.24070718090812399,-0.27769495177274534,-0.04907357109925274,-0.08982092236621673,0.08501052189512798,-0.37516650157257825,-0.09177101069535804,-0.36946687543080425,0.04446858723586848,0.05474489539729854,-0.06177927300780127,-0.14717232627461005,0.11964284899140445,-0.11549891129197917,-0.4353946509515354,-0.3801604075465497,-0.31187627529477285,-0.26789247125308696,-0.37304477625566607,0.17331866506593874,-0.17851798764761465,0.0663714753933728,0.04309549133370156,-0.03703341899966677,-0.13374994864584808,-0.13703935325722266,-0.0488635896780437,-0.0034144805013991155,0.01998566648559573,0.034121980946468435,-0.03618345072512062,0.126628839578759,-0.17230710239333172,-0.1957602012169793,0.16782171664376652,-0.18748875914674507,0.21523734747816878,0.0821164301332469,0.4229144508301113,0.11629044995366715,0.023152734095048547,-0.2257163333592006,0.0932207954644013,0.00441508762159522,-0.10087598771152205,-0.23089648372415744,0.40506968187814685,-0.1184715178461384,0.015792428800321362,-0.007903518101767952,,0.1666339521698841,0.027759543883834625,-0.09947641589102878,-0.37153930076186736,0.09463680061351093,0.06757110838236703,0.11543226501481282,-0.08280297808433036,-0.10078286551602934,0.02706112741763935,-0.02836849000534083,-0.2859271364468405,0.13010996635732447,0.17665006596155514,-0.031082728115142857,-0.10735254511176946,-0.36214308864411343,-0.2290148675975843,0.30011092496816044,-0.14014433940301368,0.03638065066851694,-0.21509675122222882,-0.3256044954283393,-0.06409545938000703,-0.06277440235179192,-0.12813522803525862,0.10992070918942606,0.07956104753340303
#53,0.04845184349993381,0.14077793551744444,0.06810427859969781,0.1515362879849544,0.5437341087429873,0.14636709317240845,0.17181684142294368,0.12198185943113295,0.0752189969278805,0.04892110632820096,0.27540798020696866,1.0,0.1618189868852908,0.20079610347519253,0.09503211346300447,-0.003303099051888235,-0.0010827737632779014,0.19584967156166835,0.11596543523214359,-0.02118986428809451,-0.12028922658364792,-0.16922037550155888,0.09047642958546928,-0.07558235608284224,-0.04750418821639042,-0.05795030744018953,-0.24906626739764548,-0.221395280895799,0.2509561001885268,0.17112298977025295,-0.1057174289144417,-0.03845033711147731,-0.08277741512870491,-0.016627789671652966,-0.06159485454221768,-0.09919704930455066,0.008246792077309682,0.10817695043069016,-0.035946993385585234,0.002532558532321162,-0.01826473179438254,0.11520128545148288,0.04819621394367933,-0.11195661601245281,-0.06336782810738267,0.1049642346861919,-0.26937694860476474,-0.2621417192000621,-0.24952822652430534,-0.22381737094131018,-0.2590668608234011,-0.19818776903869592,-0.26536630345967216,-0.1642319473037929,-0.19228181332651653,-0.1167186294603934,0.011170098645619833,0.06754280653863887,-0.09905462712320888,-0.029905006230970435,-0.2000209981421209,-0.23129544842445462,0.05543692112458745,-0.055889750624238246,-0.1416187741649815,-0.19215947632459476,0.2230450044963413,-0.15836251009964988,0.09298525108756682,0.0011238570848187998,0.2827144207023422,-0.1260810619582137,0.08508812372470523,-0.20651398887098468,0.13101745128202788,-0.11664194059351705,-0.039831649677952406,-0.17537191818028275,-0.0018770513130686045,0.11761698475808771,0.35062606417214826,0.21499632532512883,,0.2953799522520507,0.4337677514185158,-0.047700475197085826,-0.20667740919444735,0.3024928446548316,0.23283652946358877,0.01710161731342466,0.030660939347322964,-0.22051153300131923,0.18331104182738614,-0.17867136538136735,-0.14332784034108287,0.048920193365500055,0.002970780628757412,-0.05379632715105424,-0.17035518813878858,-0.2421186212437291,-0.1551269702876289,0.03897346473909809,-0.08399622033441824,-0.00027114992216992976,0.014747999470481634,-0.16802348140066736,0.09478196168295544,-0.13415804297315434,0.03566945272450894,-0.07426312498002895,-0.0611639361473887
#54,-0.1017670393076091,0.016158526843385812,0.2623498746958693,0.03388004583072759,0.21540898446593965,0.346962344853401,0.03566762679910712,-0.2481304806292139,0.044586359424285724,0.14556277303290774,0.26159394157951676,0.1618189868852908,1.0,0.23929391464711708,0.0990975363701516,0.006632674022102827,0.20941903618527666,0.29580995768417884,-0.13425572998215157,-0.3226665814568146,-0.2688876005970776,-0.10707865630149681,0.17394678340416403,-0.08443079058005085,0.06369740764241077,-0.06598437920818745,0.11842130489758841,0.058714457220850245,0.43451638083326105,0.1127490676368417,0.23580639712964527,0.1827495697663272,0.076846809423601,-0.008070590276034273,0.1970812582451944,0.137597173467478,0.16336280681252768,-0.10814773562426107,-0.02272181570021957,-0.06161676564703949,0.15127700657789625,-0.03043361163479666,0.04653096997722158,-0.06683708637083632,0.03906932582269351,0.028428745543600815,-0.1041087886354403,-0.12544563991838115,-0.036863607937297725,0.036929341251763156,0.018110441097928944,0.10965138519265795,0.05970867360213999,0.0972734368937357,-0.0419962842418073,-0.007686232978951645,0.025625950051810634,0.024141472700132838,-0.16417808250443927,0.05963746251146909,0.029895876603961345,0.08179871911333063,0.30705948408477773,0.354735309288939,-0.04088064382129668,-0.1866168797673771,0.36810656100645006,0.050161822638736094,-0.15425509090826095,-0.05642292084156902,0.04323700055234243,-0.04534868327954462,-0.23603098595406885,-0.2904563444060493,-0.08730662308791375,-0.06561189042621664,0.0039047414717871703,-0.002599204809487508,0.13362487275582355,0.061010558413636014,0.2757439504809031,0.10811486896702835,,0.05982553282785632,0.062053161818073924,-0.04120657150552114,-0.08298557062451213,0.11346848224515788,0.11879744553036285,-0.007004249841372731,0.15444316122464816,-0.10932545750843349,0.05486540647381851,-0.288666024549567,-0.04625251635344438,0.16753413339298023,0.09281635298789868,0.10029625639644492,0.1195442490197063,0.007868825519133416,0.21551032332574052,0.34559472672743957,0.14741334842765,0.2648157869510241,-0.021874586313776152,0.03198290933823899,0.20069567757809254,0.015245564142476959,-0.007688971867054371,-0.04858787494236923,-0.129153181446772
#58,-0.2194041092451168,0.13853569912401228,-0.237551981813783,-0.20617162785814386,0.0011247700475197086,-0.0963750815960414,0.10852752810783915,0.11043835904084139,0.25529358598054475,-0.016715434090940215,0.021503010494506248,0.20079610347519253,0.23929391464711708,1.0,0.187719738710075,-0.1962559399635728,-0.07401479912538174,-0.23467888819402283,0.1426942442266521,-0.09600076688866876,-0.0024859974345748104,-0.2765154039631711,-0.12619244340772456,-0.15075022709947186,-0.0020304290468212923,-0.22628967393537136,-0.08586414202047775,-0.1279051614346296,0.22060465519681194,0.1377852437838652,0.13447757991847242,0.10339941661683412,-0.09851324024156993,0.006413562973884702,0.23043726348560029,0.1025521872303907,0.18469600624466487,0.0043310950531116055,0.04383864297224137,-0.10814956154966289,0.03811345387484194,-0.0416046232431174,0.10456435702319382,0.0023490530294384823,0.025410490854396145,-0.0940141600514911,-0.14289144417004843,-0.11366842107665691,-0.11312794715771887,-0.13215682873276213,-0.07275491059812751,-0.0988921197624471,-0.11113312365623303,-0.2045693783180488,-0.09080053134429193,-0.06061433260144157,0.03417401982042024,-0.05131306860458216,0.16460443608576372,0.012711179684753979,-0.0690208931514103,-0.1456485915267932,0.24584898683964265,-0.11560937977878914,0.013625968311064652,-0.10221804288185807,0.43840468897643187,0.148074333423108,0.07490311183336605,0.10482455139295284,0.1788110486746064,0.04538428882488006,0.0024120474558011933,-0.118645893722012,0.18951279745466,-0.06543203677413759,-0.026408359086489523,0.016900765519224713,0.08197583387730695,-0.10759265430210849,0.05240040718136461,-0.03336969968091954,,0.035385521324526284,-0.007489033035555332,0.03501029365445275,-0.008513377185975068,0.10643593056005697,0.08323572240456116,-0.16081016310078652,-0.1657374227975916,0.09588025581214879,0.12597607124760918,0.040685269803302185,0.21970812582451943,-0.17226328018368808,-0.04947983950115718,-0.13492401867921686,-0.1168838757092579,-0.14704816334728646,0.024299415247390068,-0.048670954548151936,-0.12099951156495502,-0.23518740841842906,-0.20879183080975228,-0.2087434437866041,-0.0023673122834566595,0.00639895557067016,-0.013666138669904642,0.005152761483929574,0.04537607216057188
#101,0.28590613830471956,0.1603116854660903,0.16781623886756106,0.046989277253077825,0.11822866976769664,0.17651312155641882,0.2175617505146827,0.3424130517147722,0.33050619216951893,0.24177260838008463,0.2499874467628625,0.09503211346300447,0.0990975363701516,0.187719738710075,1.0,0.3530043320080158,0.04838337129736565,0.07981302523885386,0.4193648518489777,0.18774712759110226,0.5310786197829888,0.17117228975610202,0.19316282233289359,0.07412983242569625,0.2980868866602455,0.1681092998945528,-0.40411198400489345,-0.3856190115352837,0.2778337221032835,0.05372055124687881,-0.32556067321869564,-0.22994061177630587,-0.3318062510556131,-0.09351750834219667,0.05957538104780729,0.1907014748912433,-0.07442563234079072,-0.133990970798888,-0.13637928122446558,-0.2654986830513039,0.049414106186691745,0.08366298894858651,0.0270967329629748,0.000877357155573409,-0.12542829362706387,-0.07243993846631396,-0.5061501732346725,-0.42453678554962637,-0.5489033035555332,-0.5652380322001944,-0.4320477296900035,-0.0674323380518289,-0.34782418164305895,-0.010504548836657279,0.208053243984717,0.010262613720916433,-0.14524323608758963,-0.1312694289874787,-0.4209433643588491,-0.29747794053873927,-0.2996033177064551,-0.3003793360022276,0.31592070005979905,0.31029867574760234,-0.3265950599588254,-0.1703679696166013,0.32091095418296683,0.30903970018304905,0.6155240177662542,0.3461059858399485,0.43210889819096443,0.12907831850529747,0.23361802553556674,-0.28774119333354636,0.0047820986273605795,-0.3630268365385932,-0.1444471326123971,-0.32145781884081126,0.32169518914304757,0.09570222808547157,0.021974099248175217,0.0019035272313949613,,0.04741471787170135,0.08341192420583657,-0.3985903855897967,-0.5500490717451738,-0.06604828659725107,-0.04866091195844194,0.01847380025289067,-0.08931879288071685,-0.4502622485358361,-0.09837446991103178,-0.3753171404182282,-0.17297356516499518,0.17348299835210232,0.040142056996261416,-0.21340229244934197,-0.1446324640406816,-0.2187239520329397,-0.31500134661998386,-0.013630533124569195,-0.17353868907685777,-0.10796331715867748,-0.2637604020687735,-0.4065167277590874,-0.3358260258277148,-0.3974674414676788,-0.2807944601423309,-0.1793889540642817,-0.2417296991331419
#102,0.18331743256629252,0.018198998479917104,0.22160434935430712,0.12799189289121593,-0.012207224273852292,0.14793282420446713,0.4044260431740061,0.04679116434698061,0.019102831553816868,0.07423573609900168,0.11180780309220467,-0.003303099051888235,0.006632674022102827,-0.1962559399635728,0.3530043320080158,1.0,0.07567547827833494,0.05165360369202116,0.23478479186732826,0.40711106647737905,0.0001561166218554141,0.6477214733392067,0.23148808355434639,0.2750309266114933,0.18685059821880978,0.4680376323225315,-0.4358556971154943,-0.36788562403283015,0.005281489224757722,0.26985168920923736,-0.38688072598793977,-0.19198053563521664,-0.40010407774790363,-0.22458699849817634,-0.18902071055887013,0.04336846718127331,-0.07329081970356101,0.12636590632089725,-0.02791474754298913,-0.09325366212163402,-0.033772316232020344,0.2924347345789188,-0.1163178388346944,0.21707148954429467,-0.15342155596233115,0.14738139473311818,-0.34984274217476846,-0.48503699781345433,-0.44670625881579606,-0.2655059867529112,-0.49500563754467813,-0.12286012954940725,-0.3118662327050628,0.22904134351591066,0.05024764113262153,0.15835977121154715,-0.08649317332140395,0.2677555268479506,-0.4071996238593672,-0.06772539907882064,-0.09823752550589546,-0.2380458946349747,0.2948997338713727,0.4561526838821,-0.21596954356429768,-0.1722121542724372,-0.05613077277727818,0.28829444873029714,0.19445922936818416,0.42609338695467597,-0.03227049258902528,-0.12499463634413216,0.034399521607544725,-0.1114307494967293,-0.003579726750263618,-0.20782591627219069,-0.06584926072845294,-0.36877393674081443,0.033849918061597595,0.4703693390606527,-0.16228551082545523,0.03364815330469673,,-0.2018551402082468,0.016517321184842993,-0.20502951151930687,-0.38961413631446085,-0.05791926670835863,0.1401762930975455,-0.01703770992436104,0.11030141463570506,-0.28963467797523135,0.04325799869446334,-0.2553547544815057,-0.2082568346670197,0.26269588755951373,0.35389173175329924,-0.13407678929277345,-0.17430192589481758,-0.28146457476479797,-0.4634436040115581,-0.09564745032341704,-0.13736528094144715,-0.14879009618062053,-0.37673223260463695,-0.44639128668398254,-0.529734738687251,-0.2549685712590212,-0.05180698142577385,-0.13561421848110394,-0.24032647546184502
#201,0.22764907539702464,0.05447739732593225,0.36871459416525537,0.3611716963303464,-0.18652740942268803,-0.09908019007883433,-0.047254949399042304,0.051805155500372034,-0.048138697293522076,0.6716356183268133,0.35600797929400596,-0.0010827737632779014,0.20941903618527666,-0.07401479912538174,0.04838337129736565,0.07567547827833494,1.0,0.034348395696293825,-0.18615400767801632,-0.18092455732721038,0.04145489736016835,0.18470330994627215,0.26224853583606844,0.15155546020167346,0.359953804087334,0.3529714653507831,0.19553104757905115,0.16004327443202307,0.31035436647235776,-0.12750163192082786,0.49905919193671344,0.29106802941565824,0.32429439395253506,0.08220681344063688,0.20688373876485275,0.1682215943067646,0.48846699868076887,-0.30151688752756006,0.1278850762552096,-0.2613793953448032,0.20264485294453294,-0.06781760831161243,0.07845362377720058,-0.10574025298196442,0.15269027283890316,-0.38154263307572567,0.11225059000214546,0.08666115845837118,-0.005989948280662994,-0.06520288313620946,0.08761246559271821,0.2324357388378898,0.34582296740266677,0.3487681850757987,0.1728621837154843,0.22347044511496483,-0.29460575988168003,-0.12818726690921042,-0.1864516335185126,-0.38355754175663154,-0.19685849534617264,-0.1159864333742645,0.004194150647975277,0.02314177854263764,0.1538068262221147,0.008585501239346866,0.14124537242030977,-0.2521183017067838,0.04107601783929118,-0.09302907329721044,0.047389154916075905,0.10763647651175211,-0.21223004834137502,-0.17371306495273137,-0.27278960318076206,0.014402899569538087,-0.14034336527181182,-0.1790803726713745,0.6273980106542747,-0.2640224223639343,0.1695316957825688,-0.041240351125454766,,-0.18382686575339965,-0.2886495912209507,-0.23568406012772347,-0.28696882688857744,0.03391747730146485,-0.07740006482035176,0.12558714913702201,-0.19908521137368934,0.13078647171869792,-0.4584542628510912,-0.06502850726033588,-0.36856852013311,0.2743261194063917,0.14237470728133403,0.4293535767596215,0.3833603418132352,0.04158818991450104,0.13434885217764428,0.6201271757042366,-0.05083193726120319,0.27051358716739626,0.054290239972245934,0.1392487229934221,0.12927825733679651,-0.14933787380116587,-0.18473800252890668,-0.23919714060082076,-0.231241583625101
