,#10,#11,#12,#13,#17,#18,#26,#49,#50,#51,#52,#53,#54,#58,#101,#102,#201,#202,#301,#302,#401,#402,#501,#502,#601,#602,#701,#702,#801,#802,#901,#902,#1001,#1002,#1101,#1102,#1201,#1202,#1301,#1302,#1401,#1402,#1501,#1502,#1601,#1602,#1701,#1702,#1801,#1802,#1901,#1902,#2001,#2002,#2101,#2102,#2201,#2202,#2301,#2302,#2401,#2402,#2501,#2502,#2601,#2602,#2701,#2702,#2801,#2802,#2901,#2902,#3001,#3002,#3101,#3102,#3201,#3202,#3301,#3302,#3401,#3402,#3455,#3501,#3502,#3601,#3602,#3701,#3702,#3801,#3802,#3901,#3902,#4001,#4002,#4101,#4102,#4201,#4202,#4301,#4302,#4401,#4402,#4501,#4502,#4601,#4602,#4701,#4702,#4801,#4802
#10,1.0,0.5144426398663687,0.2925632874785417,0.43794333624842097,0.06840970400292434,0.17467297806280857,0.09168228320770694,0.6193978261774872,0.20818676920371837,0.5486315282925452,0.42923694110134786,0.17035726018776867,0.08727541100422456,0.08217169403610082,-0.07154874443010036,0.07887209243141446,0.47042759246149074,0.2499261973838245,0.060657421674370826,0.05265851367546283,0.07817015783117479,0.13327595700477057,0.1858622875572028,0.039724315995502434,0.09127972348311332,0.031976198077892995,-0.1093162499942161,-0.03720207110037618,0.1250910386503607,-0.09434750621191298,-0.12457927881656695,-0.17736503838198753,-0.08321233405979168,-0.10869436462656802,-0.1617003752596973,-0.10024801380733585,-0.1891558739016366,-0.1483571398825636,-0.11819246056534193,-0.16538726708218235,-0.15578644900678798,-0.02959554315486519,-0.0750417597875225,-0.10616471633420786,-0.1602668924702823,0.06411712174424039,-0.0691981658083353,-0.1912380793736726,-0.14085796119694424,-0.2749927122808479,-0.1112924943433418,-0.1613662969595173,-0.059235043980806694,-0.11531068819204413,0.08581925531078073,0.04019211815821985,-0.22111680247273469,-0.11951119069763137,-0.3085560136407594,-0.35652447516854296,0.04930940185177473,0.02601137346900059,-0.16891915027508247,0.03158798243544006,0.05403230657467946,0.04093292059393754,-0.034472068370373456,0.11164785741056928,0.24578908646705258,0.0007084125728193525,0.27938801667615226,0.28760116048251644,0.02132733658157387,0.11221190373732746,-0.23804004312478888,-0.11188754239601698,-0.06943923893076435,-0.07210446193497042,0.11390820712854612,0.018846735795888338,-0.128895459403934,0.08699269377235479,0.030109153837967396,0.2604579926613825,0.1712322491983509,-0.01510015408320493,0.07181434130586672,-0.11104864494695003,-0.09882609882609883,-0.07299749672631028,-0.1580972343684208,0.0005834802444971937,-0.20873647144833585,-0.12979358403087216,-0.17046831114627725,0.24080336114234419,0.13774807164637673,0.08819250683657463,0.05905319803624889,-0.019683319683319683,0.016864013474182964,0.36905379956227413,-0.0047219792982504845,0.2292184326082631,-0.008341777833303258,0.1698839054771258,-0.10851807122993563,0.03190262681788106,-0.04585988145310179,-0.015994114299199044,-0.12766510732612427
#11,0.5144426398663687,1.0,0.1955537972487125,0.33999592813152135,0.006150372252067167,0.2692879319997964,0.1364538652674246,0.3611613153986035,0.36980015454591725,0.5118065677387711,0.4016953779665644,0.10563120902103953,0.09829305422525761,0.24367680469375386,0.01715182054165105,0.27152977322468846,0.2562588782927766,0.2779207558868576,0.03501344179310281,0.09179148331690705,0.10310156072867938,0.2744698473512033,0.29881129203163104,0.08799631680987613,0.2294215633198684,0.11522693726083556,-0.07744508761457913,-0.014014630963783506,0.022256462934429035,-0.16288075440617814,-0.1027947824557994,-0.15310734463276837,-0.13073150191794258,-0.1857072789276179,-0.24499414668906194,-0.014866947070336901,-0.2619812416422586,-0.04427509173271885,-0.17310530869852903,-0.17135764423900018,-0.23226863226863226,-0.08939555888708431,-0.13265962418504793,-0.05492071424274814,-0.09404350421299573,0.14979386165826844,-0.1286053387748303,-0.1867072002665223,-0.11429133293540074,-0.11904847837051227,-0.15812314625873947,-0.11459348408500951,-0.14324509409255173,-0.10007403397233906,0.05973060888315126,-0.039486019147036096,0.014779031728184271,0.13024796753610313,-0.34532915041389617,-0.36315144111754283,-0.14499275855208058,-0.26423233711369304,-0.009192243090548176,-0.055837810075098214,0.10632897921033514,0.014977535316518367,0.09762212135093491,0.11212583924448331,0.29079156197800266,0.23317878741607556,0.26506753286414303,0.3074927007130397,0.09206772257619715,0.07086254204898272,-0.1637178010059366,-0.062352799640935236,-0.11851080664639986,-0.10615916378628243,0.0946672404299523,0.01073909040010735,-0.2403531420480573,-0.03274522596556495,0.0029881962085351915,0.13431428346682583,0.16918937427412004,-0.19079757723825522,-0.20803129786180632,-0.01683116089895751,-0.18553237366796688,-0.1865327577191984,-0.2240429952294359,-0.04504319419573657,-0.1324069832544409,-0.2588472910506809,-0.12950207526478713,0.2802509751662294,0.25688030094809755,0.05013488064335522,0.10110032991388923,-0.09220329728804305,-0.06574448099871828,0.2924948060541281,-0.08922898244932143,0.10138952511833868,-0.05887875548892498,0.09811074556837268,-0.06825006825006825,-0.20213911908827162,-0.1742283115164471,-0.2186931153032848,-0.13370905574295405
#12,0.2925632874785417,0.1955537972487125,1.0,0.42932855814211746,-0.13590832743375117,0.2862185760490845,0.030300716741394708,-0.014393592359694054,-0.16503884469986166,0.3445073733209326,0.018983698644715594,-0.020724422419337675,0.1288209627192678,0.03497642480693328,-0.28950707255792,-0.139590592132965,0.5827639658148133,0.7334615046479454,-0.19531457497559193,-0.28907860094300775,-0.2155887783006427,-0.19939014515285702,0.07802023903718819,0.10694438660540355,-0.02846189795342338,-0.15830360406631594,0.1905745498965838,0.23396123396123397,0.09785625378845718,0.029045378197920572,0.20387706658893098,0.015714173341291986,0.1986604478129902,0.0850747511764461,-0.04821323634882957,-0.0784126190905852,-0.13048857794620505,-0.3337951202357982,0.014255241373885442,0.03421202404253252,-0.12430489040658532,-0.2114863708084047,-0.2002276544649426,-0.2785676277201701,-0.20381598856175126,-0.14044568451348113,0.15510950087221273,0.14686396720295025,0.14933947815303747,0.0003558257795545931,0.2390256203815526,0.17465030515877975,0.3211306838425482,0.28116298116298116,0.1933212102703628,0.20342731020697122,-0.32332949282101825,-0.35395642175303194,-0.13015958948162337,-0.07145111212907823,0.012991111296196041,0.07470305436407132,-0.20728633101514457,0.002188166594946256,0.2052189323375764,0.02924850890952586,-0.10501580162597111,-0.19939801126241805,-0.0577506628354086,-0.19674435606638996,0.3954501496874378,0.5008037313122059,-0.06691005335073132,0.20353419675453574,-0.18550970076393805,-0.1638945571148961,-0.03526238102509289,0.209020576817187,0.08816196782298477,-0.0894848623662183,-0.27289431187736274,0.0703632754480212,0.05310456835880565,-0.26261515753041176,-0.012253547846768185,0.06198679419018402,0.15147443283036505,-0.13753244770193923,-0.20682778309896954,-0.10146911163860316,-0.2210811736235465,0.06649129869468852,-0.032825275198156555,0.03163610451746045,-0.12760402929894454,0.4471291013663895,0.1876081011674232,0.5463175039446226,0.47260650480989463,0.37008796161338536,0.46226812328507244,0.6330117482659856,0.23891318128606265,0.4950161255246001,0.2798100103184849,0.37857225484344126,0.24684268243590277,-0.02409343087309189,0.10208683259530717,-0.07413206735240634,-0.25245260668989483
#13,0.43794333624842097,0.33999592813152135,0.42932855814211746,1.0,-0.09995187791797962,0.3406002304307389,-0.05997399556721591,0.1939259752819075,0.04376472003590648,0.4646918104545223,0.06659864795458016,-0.04534765890698094,0.1741505758454911,0.10489734727022863,-0.20350088146698317,-0.015075167617540498,0.41572296487550725,0.1511371155438952,-0.18361072937344125,-0.1841932841932842,-0.24807257180138537,-0.085622139859428,0.16473808168723422,-0.06501987349444976,-0.06367245519787892,-0.002190942868908971,0.15785153412272057,0.31575628016305984,0.060089210936668566,-0.07216507724982302,-0.09999120846578474,-0.15480966328423956,-0.0965828694642254,-0.19235043980806693,-0.19976309128851502,-0.021163073705446588,-0.36383255366306216,-0.26231346909313014,-0.3256370391963612,-0.34037211325346917,-0.22395415446262903,-0.11034671034671034,-0.0027813637983129507,-0.024142015667439395,-0.14281106992971399,0.06018823137467205,0.21361901192409666,0.14994701943854485,0.06401347418296571,-0.07433334721470315,-0.03652142126718398,-0.10402652267059047,-0.08541345659989728,-0.17879250591114998,-0.12377739835366953,-0.11032912727827981,-0.18377129055095157,-0.19235136523272117,-0.3241420156674394,-0.41317064367911827,0.07433889976262857,0.08763123678377915,0.012683407598661836,-0.006450209840040348,0.3303391218645456,0.1884895681505851,0.029516419346927822,-0.054348339094101805,0.024069369832081695,-0.06165919386258369,0.3437193742278488,0.48947884710596573,0.17164730215577673,0.06770082871777787,-0.019873031737438516,-0.16344942785620753,0.025123428513259022,0.074717398446212,0.016895015200099946,-0.044455549540295305,-0.08237019762443491,0.10762179745230592,0.11042953585326466,-0.051276854666685176,0.09871042074431904,0.13499493330001805,0.09578191442598222,-0.017713553306773645,-0.08589884183104522,0.11081590064640912,-0.10729234627539712,0.09880897846999542,-0.035430345599837126,0.008582388243405193,-0.05494986511935664,0.3085847018050408,-0.005985646663612765,0.29312594566831857,0.23367111333213028,0.17503666995192418,0.20662372696271,0.2821730821730822,-0.03547754225720327,0.2139368952928275,0.18206665833784477,0.1955847989746295,0.04824007366380248,0.03703827093657602,0.02062679011831554,-0.09891401416825146,-0.1672631028563232
#17,0.06840970400292434,0.006150372252067167,-0.13590832743375117,-0.09995187791797962,1.0,0.2352068555458386,0.32717879667032207,0.22656709097387062,0.07672742079521741,0.10002221019170171,0.19276456734083852,0.48138508307999833,0.15529782478935023,0.10146772350162181,-0.11577062424520052,0.06684527362493464,-0.0424284068351865,-0.017982851881156964,0.13158613158613158,0.13303118218372456,-0.03905430854583397,0.0010693281879722558,-0.06784426953918479,0.022281912112420588,-0.18553468722960248,-0.0005844056691514318,-0.3118843034097271,-0.16780725255301526,0.18326647140206462,0.05135644118694966,-0.06957805262890009,0.03416390196051213,0.006088831512560326,0.06386586895061472,0.05580542021219987,0.1340084306186001,0.19815285239014052,0.3102199271690797,0.039006649176140704,0.1175770531702735,-0.03808122452190249,0.040294377582513176,0.21755715654020738,0.0615115886302327,0.1987192122785343,0.32734028327248665,-0.18201252099557183,-0.12687942179467604,-0.08931597236681982,-0.005333684994701944,-0.08260201650032159,-0.047934683527903865,-0.06847170745475831,-0.07859770402143283,-0.15246232364876433,-0.11065163777028184,-0.08430988769971821,0.010743254811051421,0.11195185940948653,0.144116381404517,-0.1882762577677832,-0.22500219788355383,0.1552224026800298,0.19160547296140518,-0.12422067676304964,-0.005146749214545825,0.1997968692883947,0.23275957004770564,-0.05233600318346081,0.13312603821078398,-0.1623787115312539,-0.09888208701768024,-0.09910233808538893,-0.037409828935252666,-0.21950748899901443,0.010425834154647713,-0.2990866058662669,-0.37085606407640304,0.3706112892553571,0.2525756881689085,0.33190956750278783,0.3884557901507054,0.01732718851362919,0.5199873216822369,0.3153319729590916,-0.1415201025370517,-0.11462032139998242,0.32781178713382103,0.17821133922828838,0.08548934142154481,0.23039603548078125,0.060312700990667094,0.2222846883863833,-0.0505897268609133,0.051796480610039934,-0.166691190420004,-0.07176159210057516,-0.267328345294447,-0.08283383537620825,-0.25023205023205025,-0.1976998570218909,-0.002582397497651735,0.2934105137494968,-0.21206800020359343,-0.0641513624564472,-0.23400195264602044,-0.17756215383334029,-0.29783774529537244,-0.20710679863222237,-0.08810227793278641,0.06738988603395384
#18,0.17467297806280857,0.2692879319997964,0.2862185760490845,0.3406002304307389,0.2352068555458386,1.0,0.07259169801542682,0.14172554681029256,0.075719633346752,0.27784255750357445,0.17873651771956856,0.22306759764386883,0.28030372437152096,0.15568095059620482,-0.23058944923351704,-0.07242928598860802,0.1886737276567785,0.2955727684541244,-0.23073797989052228,-0.19407728221287543,-0.11279954839276873,0.005184228913042472,0.06262117279066431,-0.03903765090205768,-0.02212921704447128,0.0009629043527348612,-0.11247333620214976,0.06782900003238987,0.23231397807668994,0.20795911473877576,0.08701675481336499,0.09691602233975115,0.055250628131984066,-0.0601239143612025,0.02166881827898777,0.01354173896546778,-0.07259401157706243,-0.02562593410051037,-0.18727864999051438,-0.06739821485584198,-0.037083616744633695,0.01442737035957375,-0.022070452578927154,-0.035617281379993246,-0.09851515614227478,0.08037822105618715,-0.0762235270709847,-0.01708380182956454,-0.07997612404392065,-0.01894483080923759,-0.049850312562176965,-0.06337446845921423,-0.039238468052027374,-0.023459977697265832,-0.010762688728790423,0.01927613283545487,-0.09663237968322715,-0.04427694258202733,-0.13337312659346556,-0.10095920265411791,-0.08356260729142086,-0.1331848026763281,0.02074154277544108,0.011825076231855892,0.03880583202617101,-0.019095675027878418,0.10007912380793736,0.0371613524155897,-0.02505170810255556,0.040605320266337216,0.23390293220801694,0.33513467242280803,0.11033190355224254,0.04726606421521676,0.013482049075269413,-0.10614481970414173,0.03973819736531601,0.006631593072271038,0.19587260604209758,0.04630963783506156,0.005122688173535631,0.37961983555203893,0.03454193793176844,0.14291332935400733,0.20787166210895025,0.04356251474895543,0.009074251447132803,0.01704354585710518,0.04441899526645289,0.08570774163994503,-0.055500955500955504,0.13387933387933387,0.06356232966402459,0.005683958226331108,0.05078314061364909,0.09235136523272117,0.027443005409107105,0.045398094550636925,0.1339209779887746,0.039859427995021214,0.097369943132655,0.33295390922509566,0.10860274758579844,0.07514818362275989,0.12167807252553016,0.058741329927770605,0.024542724542724544,-0.08873526839628534,-0.022050093236533914,-0.2374061272366357,-0.24055257106104563
#26,0.09168228320770694,0.1364538652674246,0.030300716741394708,-0.05997399556721591,0.32717879667032207,0.07259169801542682,1.0,0.1877168385642962,0.06924721331500992,0.24272361729988848,0.3581698802037785,0.21960188231374672,0.1311113887385074,0.2761948389067033,0.06263320331116941,0.2657088521495301,0.034145856179754484,0.14543742509844204,0.13386684064650167,0.25181360096614336,0.04685887736735194,0.003701235904625735,-0.09389867525460746,-0.13767264953705632,-0.1800617258244377,-0.09775815877510793,-0.4215332435671419,-0.2464993498891804,0.004860792996386217,-0.22540475760814743,-0.35450890027161214,-0.25741843538453707,-0.22270205490544473,-0.1349717976836621,-0.23645293984277035,-0.1048265522841794,0.060491770661262184,0.2371030506623727,-0.0458867187680747,0.09189744443981732,-0.22336003183460812,-0.10142376583054549,0.005094925433908485,0.08357417509959883,0.0216429063886691,0.12324157747886562,-0.16018545510070933,-0.051950563814970596,-0.1477907799941698,-0.02898430017074085,-0.05685346363312465,-0.1641296149770726,-0.20054137342272935,-0.2272903103411578,-0.20164124062429148,-0.08676133760879523,-0.0029229537704113977,0.13331112314163163,0.041985128425806394,-0.047796332542095255,-0.04327378225683311,-0.028023246667314462,0.06417218451116756,0.30354715269969507,-0.2619062822452653,-0.16910516063058437,0.16740931995169284,0.5329603871976754,0.06399681653918943,0.13935877325707835,0.03781979205708019,-0.08199401250248708,0.07501631060953094,0.13370720489364557,-0.118010151908457,0.0942628298560502,-0.019028581740446148,-0.12870065751421683,0.23992976026874333,-0.020137703188550647,0.1412591327845565,-0.011238357001068865,-0.02088174461055817,0.3139415224160987,0.07230574179726722,-0.09163462383801367,-0.051339320830846254,0.014875738604552165,-0.10768102463017717,-0.2296783686614195,-0.011872272889222041,-0.02544455086827968,-0.052331376060189616,-0.013241438665167478,-0.02244154786527668,0.06117936117936118,-0.1066861931268711,-0.09677258151834423,-0.15658277692175998,-0.1913472794828727,-0.2727841863435084,0.08943997927048775,-0.06111504416589162,-0.046665926326943274,-0.12084657847369712,-0.2449080821962178,-0.07419129453027758,-0.14856906212838417,-0.02372048473743389,-0.03467566179430586,0.1384370503014571
#49,0.6193978261774872,0.3611613153986035,-0.014393592359694054,0.1939259752819075,0.22656709097387062,0.14172554681029256,0.1877168385642962,1.0,0.523165229944891,0.5820018786120481,0.5408908137721697,0.3888430803685041,0.23636872619923469,0.23998297218636203,0.1970141173531004,0.35956542058236973,0.3718842108672617,0.11896148845301388,0.19676749168274593,0.24190646733019613,0.2782941647348427,0.19556721590619897,0.10062604977859216,-0.056713261798007564,0.0885913648625513,-0.02534136601933212,-0.1457992661382492,-0.11878612048103573,0.19230925841095334,-0.07065015709083505,-0.24597324597324596,-0.10137842002248781,-0.25421924235483556,-0.1247185552270298,-0.1674569793213861,-0.08306195255347798,-0.0897342643105355,0.08660725440386458,-0.12174331496365395,-0.14371798609086744,-0.04339408746188407,0.0763253237829509,-0.046778828134760336,0.025784181716385107,-0.217567336211404,0.03273412086971409,-0.08360841581180564,-0.26651535973569873,-0.16592123710767778,-0.3213985942799502,-0.204475353627896,-0.22568793755234434,-0.23052975934331865,-0.2795990134973186,-0.0665583919821208,-0.13809927030266014,-0.27252182845403183,-0.10913625489896676,-0.41400121230629705,-0.38951910307842513,-0.07798137120171018,-0.145891808603673,-0.08077754179449095,0.08535191586039044,0.011854689820791516,0.09859936978581046,0.231308041477533,0.30256897884016526,0.4342744902066936,0.13848193339718765,0.313045248638469,0.115104318494149,0.19524794440048676,-0.01965416880671118,-0.24582193904227803,-0.13386452708486607,-0.11010748807358976,-0.2701356209830786,0.13220986780308813,0.011335526589763879,-0.04628557679405137,0.09820375074612363,-0.11074927007130397,0.434555819301582,0.13335970793597912,-0.10374843256199189,-0.18385966860543132,-0.16466127144093246,0.06340917188374816,-0.16629325781868154,-0.1228293007954025,-0.27848202593965304,-0.3202991897907152,-0.38238315356959424,-0.34004636377517733,0.19182757487842234,-0.028620608281625232,-0.02542974407381187,-0.060492233373589305,-0.21137855883618595,-0.21242290055849378,0.2595135968017324,-0.07646598833039511,0.019149349657824236,-0.08925628247662146,-0.016296728161134942,-0.1838666092903381,-0.14288973102532423,-0.2730969798766409,-0.25861871116108404,-0.27506443269155134
#50,0.20818676920371837,0.36980015454591725,-0.16503884469986166,0.04376472003590648,0.07672742079521741,0.075719633346752,0.06924721331500992,0.523165229944891,1.0,0.43210020498156093,0.4871037447308634,0.21508581000106425,0.13690408436171148,0.43466085499983803,0.2032889592211626,0.19337534761263575,0.12721118653322044,-0.05123243428328174,0.25236145236145235,0.20106099936608413,0.2567877584826737,0.2086356001610239,0.0438984438984439,-0.17551789077212807,0.1483446466497314,-0.05415862703998297,-0.12838647584410295,-0.1500960128078772,-0.006686193126871093,-0.10098974166770777,-0.2044485163129231,-0.1581721937654141,-0.22146707570436383,-0.30812569117653865,-0.17516715482817177,-0.13699523869015395,-0.11803282481248582,-0.055223328104684034,-0.07335100894422929,-0.18323315611451205,0.1313996585183026,0.11480771989246566,0.026043763331898926,0.20500145754383042,0.013381640500284567,0.11970506716269429,-0.14747706103638308,-0.19723251757150062,-0.21054567664737156,-0.15082339658610844,-0.20813818440937085,-0.09763600272074849,-0.21080433283823113,-0.17933850645715052,0.12938408362137177,-0.10063345317582606,-0.022747400713502407,0.0773132146013502,-0.2700116140794107,-0.20300577927696573,-0.2578954917937969,-0.18477583901312714,0.041880555439877475,0.0002100713965120745,-0.04029669114414877,0.11739011739011738,0.3587977808316791,0.34078855434787636,0.41203746119000356,0.22461814665204496,0.28377545496189566,0.10688886112614926,0.1435791723927317,-0.014681862139489257,-0.2162791450927044,-0.11804531804531805,-0.11227945973708686,-0.1690598148225267,-0.02575179185348677,-0.06697668392583647,-0.06859154994748215,0.024003201969303663,-0.12037877631097971,0.20055386665556157,0.12564027818265106,-0.3234160200261895,-0.33033310660429305,-0.08773210807109112,0.11185468982079151,-0.12832030798132493,0.021221838170990714,-0.1823776010216688,-0.06934206934206934,-0.3832965477033274,-0.16517210585007194,0.1552927349537519,-0.20891970552987502,0.06959147128638654,0.024688016213439943,-0.06161245991754467,-0.24664417884756867,0.048930440455864185,-0.2408177052244849,-0.033165831470916216,-0.12561436629233239,-0.10519579672122045,-0.049102106729225374,-0.14953844445369868,-0.16280903399547467,-0.3330714381561839,-0.08219991948805508
#51,0.5486315282925452,0.5118065677387711,0.3445073733209326,0.4646918104545223,0.10002221019170171,0.27784255750357445,0.24272361729988848,0.5820018786120481,0.43210020498156093,1.0,0.48071461291800277,0.27811416963959334,0.3622047316962571,0.35586557281472536,0.03188504374945053,0.19659166099844066,0.6071229935636715,0.3340176848651425,0.025780942730095274,-0.03013460301595895,-0.0021678072525530153,0.04669970432682297,0.26110116279607803,-0.061918312765770395,0.12658236048066557,-0.07668022413785126,-0.0076356788221195,-0.09914074320853981,0.2310100547388683,-0.024961479198767334,-0.1824252603913621,-0.1008328821888144,-0.07461421359726444,-0.1531684226599481,-0.22648102648102647,-0.1753540906083279,-0.15621399519704604,-0.13428605801487156,-0.012509427763665051,-0.07402795707880454,-0.1655728147253571,-0.08903418055960428,-0.10237140067648542,-0.09288533525821661,-0.11884025782330868,0.13051495254885084,-0.054775422572032745,-0.25768865938357466,-0.04597185783626462,-0.2395924429822735,-0.19925040603006705,-0.2096993758010707,-0.07724936030020776,-0.17370313302516693,0.15165627877492285,0.030182725097979337,-0.2215772012382182,-0.13423330880958,-0.31444449071567715,-0.3266082723709842,-0.12036767121512884,-0.17852043106280394,-0.07885821106160089,0.07689769893159723,0.0416704840433654,0.05351129249434334,0.12954464479888209,0.22720470856064076,0.3212653331297399,0.02039913565337294,0.44946024607041557,0.34285271403915474,0.13127518890230755,0.026070137934544713,-0.1534807534807535,-0.14254362220463915,-0.06732047918488597,-0.05094185094185094,0.2324416866789748,-0.0022066750880310204,-0.12077994789859196,0.06470384097502742,-0.0332889129499299,0.17563495699088919,0.07846074117260558,-0.13291180240332784,-0.20519533400889334,0.008690200215623944,-0.03021141326226072,-0.1540845930676439,-0.18860941064330894,-0.10096336706506198,-0.11635734347598754,-0.31028285604556793,-0.271628793662692,0.4821985313510737,0.05363159769939431,0.21538703572601878,0.06552006552006552,0.0712516831160899,-0.035078684231226606,0.3915841881943577,-0.01964398913551456,0.15820782261460228,0.02978571792131114,0.09506748659291032,-0.07633041361854921,-0.11951859409486529,-0.20980117251303693,-0.2913713405238829,-0.2889328465599652
#52,0.42923694110134786,0.4016953779665644,0.018983698644715594,0.06659864795458016,0.19276456734083852,0.17873651771956856,0.3581698802037785,0.5408908137721697,0.4871037447308634,0.48071461291800277,1.0,0.1561450510603053,0.18537134977812944,0.44320391269543813,0.015993651586871927,0.2612404392065409,0.19204504967216832,0.13633864989797193,0.1903473581439683,0.26261238125644903,0.15355987728869086,0.25879592998237066,0.054475584984059564,-0.09990838295923042,0.08201529726953456,-0.0374713696747595,-0.2843871606583471,-0.2636909636909637,0.04906925415399992,-0.05016680779392644,-0.30202529185580035,-0.22164105553936062,-0.188664010697909,-0.2545537833673427,-0.22974268567488906,-0.1532998329608499,-0.17401638927062657,0.05981389710203269,-0.10906823618688026,-0.05085578644900679,-0.019872106312784278,0.2175553056908989,0.11933350916401764,0.23057186616508651,0.02777060573670743,0.2692805286025625,-0.21113332130281282,-0.2245348584331635,-0.15350712808339928,-0.1717213361281158,-0.1143824872638432,-0.05990551414280228,-0.16405881999102337,-0.13108362599888024,0.06568155212223009,-0.026935409986257444,-0.04262783584817483,0.09470934725172013,-0.21672381163906587,-0.22565415955246465,-0.2430123497920108,-0.22338964542354373,0.01435379909956181,0.09319859150367625,-0.18857239365713943,-0.05199961132164522,0.22331468602655044,0.4281736281736282,0.27617447956431007,0.18691912251234286,0.21039760870269344,0.10281005196259434,0.10524114252927812,0.17470074080243572,-0.2757996825793436,-0.04845107048496879,-0.09040612260951245,-0.07693240235613116,0.21070855138651748,0.12783399732552275,0.06044318586691468,0.14683389090168752,0.0021691953895343727,0.2522217132386624,0.2845981574795134,-0.29797609628118105,-0.23334860284012826,-0.13008971992022839,0.05521361114581454,-0.026298255111814432,0.06362294497887719,-0.11968887223124511,-0.0772553755604603,-0.3200155471341912,-0.19685586973722566,0.1893395706955029,-0.017103235747303543,0.0323176797753069,-0.046936150325980835,-0.05743000319271506,-0.24886751157937598,0.1607490387151404,-0.184639338876627,-0.015056659124455734,-0.12551118144338483,-0.06786601701855939,-0.06879329252210609,-0.21084320067370915,-0.1357588713520917,-0.2843200673709148,-0.13188273018781493
#53,0.17035726018776867,0.10563120902103953,-0.020724422419337675,-0.04534765890698094,0.48138508307999833,0.22306759764386883,0.21960188231374672,0.3888430803685041,0.21508581000106425,0.27811416963959334,0.1561450510603053,1.0,0.40383033264389195,0.20326906259109648,0.14638829893067182,0.19465659804642854,0.08963894557114896,-0.0071775936182715844,-0.14040080141775058,0.00019619002669850127,0.05638843774436995,-0.058108339464271665,0.07365362280616518,0.011747340560899882,-0.07153902747123086,-0.1151575304117677,-0.17290171527459663,-0.2922676143015126,0.11664746410509122,-0.10918298884400579,0.11085476848188712,0.11591452777893456,0.0036508002609697524,-0.03509811814896561,-0.0707602826246894,-0.10614759597810446,0.18216475335119403,0.11784912801861955,0.01640639098266217,0.08688118010151909,-0.21745535982824118,-0.21796804508668916,-0.09807835570547435,-0.17269164387808456,-0.022878348302077117,0.10844635081923218,-0.1744268151047812,-0.19716727513337684,-0.018138323223068985,-0.12047687132432895,-0.35603723908808654,-0.26234354539439286,-0.15477310901039715,-0.1702438956676245,-0.06799048663455443,-0.02086138526816493,-0.012590402420910895,0.040713594950883086,0.011094916179661943,0.08524364117584457,-0.05235219811490998,-0.12740506299828333,0.03468769231481096,0.1369771929093963,-0.2812846745050135,-0.15532743837828583,0.1958027364807026,0.14979617521990404,0.06791598994988826,0.01592887186107525,0.013018411323496069,-0.07491914102083594,0.033625767524072606,0.030554745808983097,0.08475501695840679,0.09246149076657552,-0.13944391232526826,-0.296414442177154,0.21010933892289824,0.00782307731460274,0.11478504698843682,0.2729465983703272,-0.2777083709287099,0.6572662030289149,0.26427120494917106,-0.05070540494269308,-0.1538296385754013,0.3136143848008255,0.05157854310396683,-0.14472022099140744,-0.03690315893705724,0.1250503199655742,0.15197878926692485,-0.11916647001392765,0.13966046169436,-0.04167326031732811,-0.16038488411369767,-0.2571741232758182,-0.29356922407769864,-0.08119490831355237,-0.20407603288959222,0.051040408667527314,0.08411693665930954,-0.10252455845676185,0.14471975827908032,-0.0627081627081627,0.03658435014367218,-0.07654048501506129,-0.17828814947459015,-0.171314149280251,-0.046999079202469034
#54,0.08727541100422456,0.09829305422525761,0.1288209627192678,0.1741505758454911,0.15529782478935023,0.28030372437152096,0.1311113887385074,0.23636872619923469,0.13690408436171148,0.3622047316962571,0.18537134977812944,0.40383033264389195,1.0,0.1771484890128958,-0.06628816798308323,0.01043879009980705,0.31212167483353925,0.11501547772734214,-0.23712341000476594,-0.20161208974768297,-0.08193571074927007,-0.0795800422919067,0.1501927196842451,-0.1261858160163245,0.027111240670562704,-0.0846559965204033,-0.0991305635373432,-0.05700430785176548,0.3557026980755794,0.1248129485417621,0.020921075158363295,-0.020444481461430613,-0.04096669859381724,-0.24986928376758885,-0.055860020266799926,-0.15025426042375195,-0.040286511472952154,-0.14245154245154246,-0.08235492811763999,-0.03314038229292467,-0.02656894182317911,-0.019556999218016166,0.09224401597282954,0.010478583359939292,0.020865549679109002,0.10356288491881713,0.031844325064664045,0.0099460014714252,-0.007730534849178917,-0.15132729031034114,-0.1627322237491729,-0.16989917498392074,-0.12170676068981154,-0.12265717180971418,-0.031124807395993836,0.04865882831984527,-0.06862949235830591,-0.018879125658786675,-0.031238171916138018,-0.01890364941212399,-0.08826237639796962,-0.10144736415922856,-0.03380298634535923,-0.08883012442334476,-0.10939491108982634,-0.13230518654247467,0.2225368666046632,0.18163541044896978,-0.01805781127815026,-0.2431719855448669,0.21082191590666166,0.05988885649902599,0.16058014871574194,0.031497290819324716,0.014851214851214852,-0.1112924943433418,0.0015843270080558216,0.00925193298074654,0.20670932874322706,-0.054378415395364546,-0.21311141650124701,0.21341032866456594,-0.1356547610784899,0.14532359786597074,0.058766779105762154,-0.026000731085476847,-0.040792718758820457,0.13381085245492025,0.08560455679099747,-0.06172536172536173,0.07704299060231264,0.14720729974967264,0.19340958832484256,-0.02588644114067843,0.10624245200516387,0.1251225030886048,-0.2248610706237825,0.07208641615421277,-0.07567012312775025,0.1588357232425029,-0.04944729012525623,0.21016995423775084,-0.0917007917007917,0.07751495717597412,0.046804740025079006,0.04225535242484395,-0.08669609517067144,-0.11114257554935521,0.0009462467089585734,-0.18942794874998264,-0.13190817936580648
#58,0.08217169403610082,0.24367680469375386,0.03497642480693328,0.10489734727022863,0.10146772350162181,0.15568095059620482,0.2761948389067033,0.23998297218636203,0.43466085499983803,0.35586557281472536,0.44320391269543813,0.20326906259109648,0.1771484890128958,1.0,-0.003570288316051028,0.024454346488244794,0.11592702101176677,0.1416903806734315,0.052773266332588366,0.18635785245954736,0.11234516488753776,-0.0694693152320271,-0.140278182651064,-0.27281333722011686,-0.07133774760893405,-0.1980219048015658,-0.20515924244737804,-0.16387419777250287,0.01654104026985383,-0.002053517307754596,-0.20355733237089169,-0.11351906606143894,-0.17407607916082493,-0.21546245783533918,-0.2809617013006844,-0.17482706126773923,-0.19970108783668106,-0.08418495537139604,-0.0999685355617559,-0.181616901955885,0.018610752509057592,0.08002239527663256,0.0867724427046461,0.12734259683412225,0.006487226826209877,0.1475992170907425,-0.12075588685758178,-0.17655390367254775,-0.21161176584905397,-0.11303044184400117,-0.034314746179152956,-0.0623615911751505,-0.21994660299745045,-0.24537403350962672,-0.058255481984295546,-0.1588722775163453,-0.01483640805674704,0.027260696752222174,-0.18234289759713487,-0.19264657569742316,-0.030498294905074566,0.05361725361725362,0.2991231601401093,0.12287834830207711,-0.078221518899485,0.006315560552848688,0.5542923509025204,0.33490794338251967,0.20149270996728624,0.21162379636955908,0.251229658009319,0.10416857535501603,0.09590730946663151,0.23053438646658986,-0.14982995321978373,0.08724163300434487,0.026643901220172406,0.003272764289713442,0.16532202464405854,-0.03302840590976184,0.1251470268419421,0.20067926169621084,-0.03455581930158201,0.22553154078577808,0.19331473229778315,-0.16111087975494756,-0.09993845926049316,-0.030171157289801357,-0.04281939875160214,0.04277590379285295,0.12173591156642004,0.001681033884423715,0.06311257328206481,-0.15454221555916473,-0.07444162189924902,0.1426967799849156,-0.16673931250202437,0.14175562311155532,-0.02956361600429397,-0.024054563037613885,-0.1972778633795583,0.1710800168427287,-0.07928853352582166,0.058014871574193605,0.03499123160140109,-0.08340852408649019,0.10399737179398197,-0.001464484515331973,0.09855865110102398,-0.2461888699176835,-0.03334443842918419
#101,-0.07154874443010036,0.01715182054165105,-0.28950707255792,-0.20350088146698317,-0.11577062424520052,-0.23058944923351704,0.06263320331116941,0.1970141173531004,0.2032889592211626,0.03188504374945053,0.015993651586871927,0.14638829893067182,-0.06628816798308323,-0.003570288316051028,1.0,0.45234155573138624,-0.07734282819028582,-0.18084463508192322,0.21501501501501502,0.2543238153407645,0.4756451366620858,0.2085537000791238,-0.010938519413095685,-0.05247111518297959,0.17309605445198664,0.0012210978312673228,-0.06298301383047146,-0.3972662955713803,0.012361822531314057,-0.06778041523804236,-0.04230439993151858,-0.05997075658092607,-0.14186759949471814,-0.1083815710934355,0.12712697288968475,0.027142705108806803,0.3116825608351032,0.20711096304316642,0.09658703387516947,-0.03008185381066737,0.11235488184640727,0.092933457340237,-0.06300846300846301,0.10585516178736518,-0.2775413317786199,-0.345157484140535,-0.2290657375403138,-0.38436911487758946,-0.19022242581564616,-0.30485200146217095,-0.24148077198924656,-0.18321418490910016,-0.19567872957703467,-0.21103892798808052,0.13539980658624726,-0.01504324046696928,-0.010660429304497102,0.11954913310845514,-0.1544519866553765,-0.10656264893553029,0.007704622958860247,-0.1429933785865989,0.022391574933947816,0.15106030529759343,-0.2710564185140456,-0.04749094240619664,0.12691921505480827,0.13165276216123672,0.44176117565948075,0.4250211690889657,0.1177801838818788,-0.16496434801519547,0.40261941448382127,-0.05234618285465743,0.2264689959605214,0.08216752962515675,0.05465789364094449,-0.1739182942572773,-0.01815127916822832,-0.03861935895834201,-0.11958661280695179,-0.22171185052540984,-0.21495995224808784,0.05634910719656482,-0.172273814646696,-0.04195042500127246,-0.2844357454526946,-0.08652489160963737,0.03650939074667888,-0.1841164739469824,-0.17747701476515035,-0.4281208789683366,-0.4021886293072734,-0.37525738373196,-0.21819107242836056,-0.1008671229010212,-0.043889652364228635,-0.2729697339866831,-0.32372696271001355,-0.3098691912251234,-0.30246070415561943,-0.2411860242368717,-0.1324338205694138,-0.27176807007315484,-0.19726860913301592,-0.20755007704160247,-0.14837240938935853,-0.05355987728869085,-0.19375754799483613,-0.057756678095661144,-0.16283031876252216
#102,0.07887209243141446,0.27152977322468846,-0.139590592132965,-0.015075167617540498,0.06684527362493464,-0.07242928598860802,0.2657088521495301,0.35956542058236973,0.19337534761263575,0.19659166099844066,0.2612404392065409,0.19465659804642854,0.01043879009980705,0.024454346488244794,0.45234155573138624,1.0,0.0313635669567873,-0.03468213976688553,0.1575086642883253,0.3459862019184053,0.16267484742061014,0.47896185862287555,0.12737915110796466,0.07603566586617434,0.056233429114785044,0.1051148220639746,-0.16494769037141918,-0.1809820606430776,-0.06383116552608079,-0.2130508011863944,-0.15840725162759062,-0.19004335614505105,-0.17991597144139518,-0.08474021016393898,-0.159073094666315,-0.027003891410671072,-0.01986655376485885,0.3363044091857651,-0.1229264703840975,0.050292202834575715,-0.1446545158409565,0.048840211552075956,-0.06289972561159002,0.1946889879093269,-0.24240758478046615,0.07967351018198476,-0.2250257962122369,-0.2028424418254927,-0.09488610336067964,-0.19645099645099645,-0.23363224549665226,-0.14447220718407158,-0.20329960160468635,-0.2300369707149368,-0.14354539439285202,-0.08751000615407395,-0.08724163300434487,0.25587528977359486,-0.25501418213282623,-0.29450066399218944,-0.1254473271422424,-0.3253580236631084,0.010482747770883365,0.2456544371798609,-0.11789863823762128,-0.04895311335989302,0.13356654034620136,0.3180323621001587,0.3800159173040529,0.3948592660457067,0.07491590203454611,-0.12536820333430504,0.28172610206508514,0.014370919455665218,-0.05029729267017403,0.011295270617304516,-0.08171407154458002,-0.2070614528241647,0.15718939278261312,0.14995858724672284,-0.06385800284105368,-0.0027452722367976605,-0.17049792473521286,0.22104138036341425,0.15360568580907563,-0.19107289107289108,-0.36944941860196095,0.029448400634841315,0.049172901715274595,-0.16691699403563812,-0.07497466650009023,-0.30192164429452567,-0.22095624129522434,-0.379732737359856,-0.2598911700606616,-0.011770476177255839,0.04146735333176011,-0.2051296288584424,-0.1739233840928756,-0.1948199354979016,-0.23367805401703706,-0.059924022635887045,-0.18652442889731025,-0.12183539471675064,-0.09204458695984119,0.021641055539360625,-0.03148526029881962,-0.1941318822674755,-0.2882720933568391,-0.21548883243798497,-0.20992795569066755
#201,0.47042759246149074,0.2562588782927766,0.5827639658148133,0.41572296487550725,-0.0424284068351865,0.1886737276567785,0.034145856179754484,0.3718842108672617,0.12721118653322044,0.6071229935636715,0.19204504967216832,0.08963894557114896,0.31212167483353925,0.11592702101176677,-0.07734282819028582,0.0313635669567873,1.0,0.5968188527510562,0.00212893941707501,-0.19452056062225553,-0.07551372636118399,-0.06150788693161575,0.2662682713530171,0.0386748844375963,0.19807002688358621,0.012363210668295413,0.2234132437522268,0.14412887463734922,0.39638251502658284,-0.0018934188425713849,0.06588838453245233,-0.028027873790585654,0.09859890707348334,-0.055251090844311186,-0.11056002072951225,-0.17378873480568396,-0.0692101963288404,-0.21727027489739353,-9.57814517136551e-05,-0.11922893617808872,-0.22323139780766899,-0.17811787133821033,-0.24463045479994633,-0.2614269122743699,-0.2921436073978447,-0.10190313580144089,0.19775399436416385,-0.029689936469597486,0.09378484802213616,-0.2714603663756206,0.10256018730595001,0.019952155545375886,0.15766691190420004,-0.11454027216739081,0.1330927229232314,0.005944002554172045,-0.42926516655330216,-0.4177348380738211,-0.28727217201793476,-0.30330469144028466,0.011713099848693068,0.04766399681653919,-0.244135815322256,0.07098238454170658,0.1975855670770925,0.05320682778309897,0.00986271325254376,0.022024181346215244,0.256598509140882,-0.13841715367139096,0.531094731094731,0.4792991759093454,0.025752717278141008,0.06901863342541309,-0.32056663751579006,-0.24845107048496878,-0.13447577006899042,0.04029669114414877,0.32509150136268783,0.03829037049376032,-0.3057200497878464,-0.03948694457169034,-0.0730123035207781,-0.03485426875257384,-0.04944405113896639,-0.009549457007084126,0.009525395966073932,-0.0936427953377106,-0.15035050458779273,-0.2268252844524031,-0.28868714631426495,-0.12734028327248667,-0.22082066658337846,-0.20205536815706307,-0.2903825242808294,0.6413188226747549,0.16940083380761348,0.5682112004145903,0.3447965685253821,0.37683523276743613,0.2214004451292587,0.6825483418703757,0.1350689672723571,0.5281366111874587,0.17483168839101043,0.44143126177024483,0.05605250859488148,-0.037071586224128594,0.008776264708468099,-0.22551349500502044,-0.37216785352378573
