,#10,#11,#12,#13,#17,#18,#26,#49,#50,#51,#52,#53,#54,#58,#101,#102,#201,#202,#301,#302,#401,#402,#501,#502,#601,#602,#701,#702,#801,#802,#901,#902,#1001,#1002,#1101,#1102,#1201,#1202,#1301,#1302,#1401,#1402,#1501,#1502,#1601,#1602,#1701,#1702,#1801,#1802,#1901,#1902,#2001,#2002,#2101,#2102,#2201,#2202,#2301,#2302,#2401,#2402,#2501,#2502,#2601,#2602,#2701,#2702,#2801,#2802,#2901,#2902,#3001,#3002,#3101,#3102,#3201,#3202,#3301,#3302,#3401,#3402,#3455,#3501,#3502,#3601,#3602,#3701,#3702,#3801,#3802,#3901,#3902,#4001,#4002,#4101,#4102,#4201,#4202,#4301,#4302,#4401,#4402,#4501,#4502,#4601,#4602,#4701,#4702,#4801,#4802
#10,1.0,0.5555152995830962,0.6493524340981968,0.5986104748816613,0.21878334420707302,0.192148697233443,0.24768990870685786,0.3004108885464818,0.2354229422026032,0.6116867252460473,0.4077791196435264,0.009129776926387096,0.2093454008708246,0.25139253274846496,-0.3068772933179713,-0.1431090566683787,0.5942373806780586,0.5292434190739276,-0.4998297218636202,-0.058569663654409417,-0.4504009402314487,-0.0809654029993013,0.06044503671622316,-0.07928251826556912,0.14997015505490083,-0.11812768083954525,-0.0805827399047738,0.0631246038025699,-0.0005566429295242854,-0.06526464831549578,0.3015209354192405,0.004293970395665311,0.3568405076879653,0.1283897148303928,-0.1647154087832054,0.015885839614653174,-0.06301864267965963,0.12614648546851936,0.1368656792385606,-0.0025287228677059186,-0.2503764164781114,-0.19359791224198003,-0.24878885048376573,0.031395494107358514,-0.11274818732445852,-0.09437758251317574,0.16378443158104175,-0.09509201034624763,-0.14554246079669808,-0.13595737494042578,0.22270714474104306,0.08981708981708982,0.17355691592979727,-0.04797447678803611,-0.1333689621825215,0.025105382732501378,-0.19176695956356973,0.01998130642198439,0.1007361753124465,-0.14545500816687257,0.2585988145310179,0.25548198429554364,-0.06512028206943461,-0.0009041398871907346,0.17797350509214915,0.11386933929306811,0.143075278668499,-0.0010341620511112037,0.18721710925100757,0.3066792524419643,0.41560219695812917,0.4317096757774724,-0.0652216160690737,0.21336590828116253,-0.20856202890101194,0.1298597518936502,0.11997344031242337,0.05175067208965514,0.047646876460435784,0.0010452671469620622,-0.15151515151515152,0.043145148229893994,-0.013387655760537116,-0.09555518538569387,0.14346812143422313,0.25747581171309986,0.42004654886010817,-0.1997140437818404,-0.09782432663788596,-0.19396669396669397,-0.10458270288778763,0.11105604834418394,-0.22821573499539602,0.14784306648713427,-0.046179615671141094,0.36800575614134934,0.1855374635035652,0.5526663797850239,0.24764086120018322,0.35538481470684863,0.28846226812328507,0.435565920311683,0.153863416575281,0.3682625614829005,0.3249526876645521,0.37901275697885867,0.2751014496777209,0.24874581823734365,0.2751870514582379,0.2216234724709301,0.049255727221828915
#11,0.5555152995830962,1.0,0.4961483825890606,0.587152792237538,-0.09833423562237122,-0.06277433057094074,0.39310651175057953,0.2479254292813615,0.4877149877149877,0.6676170777865693,0.5214777180878876,-0.17072048936455717,0.2832053933748849,0.41383093416991723,-0.05144667009073789,-0.046250873369517435,0.42844431488499285,0.3647806512213292,-0.20327461513902192,0.06278636109144584,-0.27436064724200315,0.05529597394004174,0.11997991828500303,0.21435426181188894,0.18712780577187357,0.043931759185996476,0.0011817672834621986,0.051520241350749826,-0.030905019040612262,-0.045072345072345074,0.3428642818473327,0.149131720318161,0.5068629492358306,0.18220917373459747,-0.0857868654478824,0.11303506896727236,-0.0652702008634212,0.11637446383209095,0.06885066885066884,0.0999685355617559,-0.2531179870162921,-0.1543821170939815,-0.17663441561746646,0.0014654099399862112,-0.21640916725662487,-0.1671080942267383,0.0899401712961035,-0.0518103619798535,-0.07714756358824156,-0.12125931786948736,0.08221195000856017,0.09359606139267156,0.06661715644766492,0.052589569538722084,-0.15694369253691287,0.04860052656662826,-0.25904857091297767,-0.11974208414886381,-0.15360152139813157,-0.12113484825349233,0.1945219487592369,0.09483427958004229,-0.152938917345697,-0.12922676143015127,0.17675934794578863,0.16274610511898646,0.2052624272963256,-0.10547620039145462,0.2329714922935262,0.23153986035341967,0.4544765104087138,0.3809556860404318,0.0160269668744245,0.0462716954242378,-0.12430859210520227,-0.04956852075496143,0.17084357084357085,0.04992110754822619,0.00024199854708329283,-0.09876178181262928,-0.03887014903964057,-0.07466279839161195,0.34071683393717295,-0.18589467742010116,-0.08801575072761514,0.01209576294322057,0.059538120555069705,-0.11509598967226085,-0.10082409065459913,-0.20334355927576267,-0.06701277548735175,-0.07202857711332288,-0.29917868561936356,-0.11011998130642199,-0.3190734648361767,0.31856170500238296,0.21436906860635674,0.5155295511227714,0.24919927631792038,0.38027133450862266,0.3619886450394925,0.25020197393078747,-0.003146906536737045,0.501134570626096,0.24596723071299342,0.6094731094731095,0.4329131905403092,0.3218997117302202,0.09764155526867391,0.17901229426653156,-0.05452185621677147
#12,0.6493524340981968,0.4961483825890606,1.0,0.5949258966208119,0.08048001776815336,0.23975161602280246,0.04020322325407071,0.015757668300041182,-0.09161750348191026,0.44698334698334696,0.22405641388692235,-0.06521560080882115,0.1386434199993522,0.07663210205583088,-0.4740001943391774,-0.19906809737318212,0.6376046308249698,0.8501464484515332,-0.4164119435305876,-0.05255347797720679,-0.5074163531790651,-0.11071688020840563,0.19906856008550924,-0.002972463989413142,0.2168232947893965,-0.1119680543409357,0.09392458714492613,0.2194080058486838,-0.1583054549156244,0.13600272074848346,0.42860626419948455,0.2546199512301207,0.3996242775903793,0.20115863166710624,-0.14682093495652818,-0.05749617105549309,-0.18806202196032704,0.02980237556508743,0.077642665778259,0.01428207868885835,-0.1253478439919118,-0.13227742380284754,-0.3396104887630311,-0.060059134635405825,-0.2361540276794514,-0.24923768144107128,0.05639815470323945,0.025948907304839508,-0.11041889346974093,0.01939042278025329,0.35468565638057165,0.4041634855194177,0.23937913259947158,0.21117912982319761,-0.2220982153185543,-0.04525511644155712,-0.33139641953201276,-0.1817695970238343,-0.001867969664579834,-0.07452768639209317,0.22429332259840734,0.3283508469949148,-0.0792723385943725,-0.08043143297380585,0.38042217872726347,0.2775330029567318,0.017045859418740775,0.035276262394906464,0.030173470851436953,0.1551590110912145,0.48117316083417777,0.4947639473063202,-0.14442501052670545,0.2932689237773983,-0.3571819893853792,0.18190100732473613,0.11887357311086125,0.06225609276456734,-0.03577090187259679,0.1243914176117566,-0.008394989750921955,0.06889740279570788,0.10138628613204885,-0.11735310040394786,0.014934040357769171,0.11952646020442631,0.27154411730682915,0.07012266503791928,0.018853676480795126,-0.04366292332394027,0.06537755012331284,-0.030934169917220766,-0.17497975633568855,0.03836440446609938,-0.06793681200460862,0.4936340038034953,0.36308990037803596,0.7360179902552784,0.5243650430091108,0.5094434958841738,0.49775630792579945,0.5975726111319332,0.39240642799964837,0.62658004691903,0.5016602118297033,0.5237084542169288,0.475739067264491,0.22296950263051957,0.200283642656524,0.18633610498017278,-0.0788776449793399
#13,0.5986104748816613,0.587152792237538,0.5949258966208119,1.0,0.06997876150418524,0.006137416306907832,0.2317605741334555,-0.0715348630602868,0.20118408084509778,0.5387720540262914,0.2734241174919141,-0.0369651623888912,0.17449298296755925,0.19520306130475623,-0.1305408644391695,-0.021625786032565694,0.4418976757959809,0.38752712651017734,-0.37754410805258265,-0.01048552404484608,-0.3283753707482521,0.07705779739678045,0.17433566077633875,-0.01725500539059861,0.2587339265305367,-0.02381719161380178,0.06139637326078004,0.24084176626549508,0.0728767288089322,-0.07030913810574828,0.4738535145314806,-0.03335415538805369,0.3889805059296585,-0.07916730289611645,-0.03227233396724922,0.14778800372020712,-0.010812198947792168,0.16224082325777242,-0.0607948472355252,0.16066806405789458,-0.17554426537477386,-0.03985017374847883,-0.12157349953960124,0.07017263796924814,-0.013901266443639326,-0.023307745341643645,0.22147401638927064,0.06951743731404748,-0.16019008222398054,-0.08779411152292509,0.20263098229199925,0.09931102134491965,0.15168866863782118,-0.025106770869482733,-0.19292466580602174,0.07472572726810014,-0.2889661618475178,-0.028000573763285626,-0.12017425746239306,-0.13014154370086572,-0.028193987516021413,-0.024065205421137624,0.050288038423631644,0.13083885117783423,0.2833594765798156,0.19395512615851598,0.21204995442283578,-0.09361919700902752,0.19748700935141614,0.19411013478810088,0.42688636247958284,0.3941152246236992,0.02663742324759274,0.0630857359670919,-0.3059768551293975,-0.01730173933563764,0.04848022136157729,0.04433061721197314,-0.07440738118704221,-0.006686655839198212,-0.1666315005298056,0.03709333370350319,0.238335716301818,-0.13890438975184738,0.11502750824784723,0.19139493885256598,0.20073016005219396,-0.005140733954293276,-0.04803833108917855,-0.0621436536690774,0.010493852866734222,0.07837976651535973,-0.05184830439067727,-0.04495111444263987,-0.1418347469194927,0.17572055877140622,0.27891975180110773,0.554512139257902,0.22464961109028905,0.3326892377739835,0.1987479004428157,0.5051305542830966,0.05475089881869543,0.3792117232795199,0.1648995682893988,0.3905620566637516,0.19725010063993115,0.04698334698334698,0.005158779735050922,0.1371608897032626,-0.0930495981343439
#17,0.21878334420707302,-0.09833423562237122,0.08048001776815336,0.06997876150418524,1.0,0.3423677915203339,-0.02270575660406169,0.3701115599420684,0.03668846041727398,0.06988575632643429,0.07627396271464068,0.4198045503130249,0.08410536885113157,-0.09499437804522551,-0.06246986585969637,-0.018563093139364325,0.2037562986715529,0.164667286701185,-0.2711336914726745,-0.2001110509585086,-0.24511352646945866,-0.32008634212024045,0.09554917012544131,-0.05355247389145694,-0.045019595867053494,-0.015947843066487135,-0.23095823095823095,-0.3384157655344096,-0.014346395702327906,-0.0160487143537991,0.06615999666847125,0.0234858895875845,0.1476589069809409,0.15004742801352972,-0.08859043943789706,-0.148611168950152,0.2262903890022534,0.17935886579954377,0.14412239666476956,-0.06966319169709,0.009012710707625961,-0.02938824803231583,0.042430720396822094,-0.08380182956454144,0.29646025069753884,0.20410842275249055,-0.15646247171670902,-0.11372034592373576,-0.07791659147591351,-0.049836431192363397,0.03578987307800867,0.00012817131461199258,0.004554477435833368,-0.19286034879255218,-0.22622329571482114,-0.14244922888990685,-0.04485440756627197,-0.022629409070087037,0.28218742625522286,0.15127500381737669,-0.031736513092445295,-0.01250526335272098,0.16332495824021248,0.21973791973791973,-0.1674764132391251,-0.2699449835043055,0.024437226132141388,0.19377281750163106,-0.20450774349079434,0.014781808002146984,-0.20103601290041967,-0.13627294474752102,-0.07455683726870167,-0.07855837347362771,-0.21717634429498836,-0.0718888379905329,-0.04608892405502575,-0.21247379891447687,0.09021317156910377,0.20964477574647067,0.07233813166016556,0.22443907698144985,-0.17405155540748762,0.14460731918359038,0.4728503542062864,0.3084218270658949,0.22200058301753217,0.04404789998010337,0.07810167640676115,0.3015061286247727,0.20312006922176415,0.310706700537209,0.1638871537176622,0.13894695928594233,0.12836935548799955,-0.06649222411934276,0.15808844283420553,0.011103245001550086,0.01987812157303683,0.07610923712618628,-0.10584683296547703,0.27055854005006547,0.44089127648449683,-0.010359203579542562,0.15701495023528922,-0.05121716477648681,0.05408783205393375,-0.16084389474219982,-0.0043087771901331225,-0.24788378517192078,-0.08626901169274051
#18,0.192148697233443,-0.06277433057094074,0.23975161602280246,0.006137416306907832,0.3423677915203339,1.0,-0.04646233290301087,0.2141788938399108,-0.15404433709518456,0.12919761055354276,0.057053355358440104,0.4956195023991634,0.3437568539263455,-0.06371409930731965,-0.32890008652720515,-0.1001092001092001,0.37768430988769974,0.23498521634114855,-0.35527422646066714,-0.2259951785375514,-0.262888157803412,-0.32506142506142505,-0.006856933975578044,-0.13354664371613525,-0.054950327831683764,-0.023639510080188046,-0.11443986359240596,-0.13657370776014843,0.048350199197656825,0.038744291286664165,0.04089359004613242,0.14412332208942377,-0.08079466215059436,0.10519764757052892,-0.16431053549697616,0.04765566799465105,-0.04099122234715455,-0.03312973990940093,-0.028509094610789525,-0.2995641249878538,-0.008549535668179736,-0.002975240263375857,-0.11517141178158127,-0.08682658004691902,0.0897536982282745,-0.07594913866100307,-0.2120388493269849,-0.1653257263426755,-0.129217969895936,0.03884146087535918,0.18249281639112147,0.1667305209678091,-0.020369522064437318,-0.06733898767797072,-0.17968322714085425,-0.08963478116020489,-0.09339293068106627,-0.0954256259341005,0.18373149729081933,0.004373094203602678,0.133436980894608,0.13647561274679917,0.07149645793713591,-0.04170333661859085,-0.06719138244561973,-0.13267072928089876,-0.13210251854319652,0.2911372080863606,-0.15316055655038707,0.012062447655667994,0.09385240402189554,0.1616277294243396,0.09429383158196718,0.19934294849549086,-0.10630306732001647,0.04547536750926581,0.10954112818519599,-0.03239726629557138,0.08885464817668208,0.21548281717773243,0.15563884377443699,0.27252645557730304,-0.19269053336849948,0.35041389617660806,0.489095258586784,0.36036730104526715,0.34729752865346086,0.17583022159293346,0.08570727892761791,0.043702716584072515,0.052083824965180894,0.2806169806169806,0.13033680830291,0.24134427185274643,0.23911122216206962,0.18712317864860237,0.04541845389303016,0.11585622602571755,0.22521782182799133,0.07653632060411722,0.17735532142311802,0.35219441321136236,0.36399033856660973,-0.03159908753129092,0.28331135449779515,-0.07965361355191863,0.13816497545311104,0.0882475696035018,0.14312895329844483,0.03574313913296964,0.04443657833488342
#26,0.24768990870685786,0.39310651175057953,0.04020322325407071,0.2317605741334555,-0.02270575660406169,-0.04646233290301087,1.0,0.14393361003530494,0.5354946626133067,0.4510672459825002,0.24470356334763113,-0.1756182993471129,0.24888555736013362,0.3645997307014256,0.3050528186121406,0.030613510274527224,0.05745869135699644,0.004877913352489624,-0.052178218279913195,0.1039108445888107,-0.051746970391038184,0.10851066783270173,-0.07408116899642324,0.11706251706251707,0.08438068268576743,0.00101010101010101,-0.09277659786134362,-0.018683861056742412,0.06984087323070375,-0.0791006723210113,0.2529264241128648,-0.08225498225498226,0.23928196301077656,-0.036934160662974225,-0.06503375486426334,0.003592961220079864,0.0341097646182392,0.125134996321437,0.008228413313159075,-0.007896648574614676,-0.41115275522055184,-0.19861093759398843,-0.010876053248934606,0.0643595830036508,0.005767246445212547,-0.023419259012479352,0.027897388914338066,-0.17279853042564908,0.07166904963515133,-0.1167099302692523,0.0345141751921413,-0.11727073760972066,0.08435523350777588,-0.1619502399163416,-0.0922578973426431,-0.054015186218576046,-0.019368675300878692,-0.0542877237792492,0.012156378258073173,0.1348440890813772,0.05629635799127324,0.009614236732880801,-0.09734449395466345,0.06262996432487958,0.06337770744550406,0.08160255787374432,0.39374644289898525,-0.08220315847434491,0.403768329192058,0.3479046072266411,0.3822855212685721,0.2561621714164087,0.11584743449150228,-0.021062202418134623,0.0313515364362822,-0.019320090506531183,0.10451051976475706,0.06152778356168186,0.15882970798225035,-0.17594728781169458,-0.3770203176982838,-0.2384976656163097,0.1300318808793385,-0.150133955218701,-0.11857373552288807,-0.006595501510755748,0.07689954978090571,-0.259271135542322,-0.3129073603649875,-0.25198295367786894,-0.038607328437836916,0.11277872633804838,-0.09340172221528154,-0.04233864064372539,0.021734523429438685,0.07026934484561603,-0.011633976040755702,0.06143061397298685,-0.14845014506031456,0.025540332319993336,-0.05620103925188671,0.07260650480989464,-0.08831003576766289,0.02652220787814008,-0.1651540600693143,0.16561075713618087,-0.036938325073918296,0.179919210427685,0.14370780641967082,0.27504361063683097,0.16831253441422933
#49,0.3004108885464818,0.2479254292813615,0.015757668300041182,-0.0715348630602868,0.3701115599420684,0.2141788938399108,0.14393361003530494,1.0,0.395544080289843,0.3575739067264491,0.2343253885626767,0.2887796887796888,0.024148030927691945,0.1301017504407335,0.003922412396988668,-0.1117454897115914,0.20744365320636507,0.04508854000379424,-0.21766219223846342,-0.15774048316421196,-0.22390556966828154,-0.22847161491229287,-0.3150797947408117,-0.16088229986535071,-0.28797549475515577,0.007559331288144847,-0.24704349958587246,-0.25658046336012436,-0.1775357792306945,-0.20925794824099908,-0.23629284137758713,-0.06472697659138336,-0.02214541197592045,0.22980839082533996,-0.1804564194394703,-0.025276123581208326,0.013457062609604983,0.08971945751606769,0.000593659915693814,-0.264776024098058,-0.2542030474233864,-0.19608730456188084,-0.17516669211584465,-0.26999680728494285,-0.040956518922620616,-0.03892937621751181,0.02331746230051315,-0.15953812055506972,0.08059754669924162,-0.0972949837356617,0.060435782469680774,-0.15932110847365086,-0.08664797308865105,-0.22346599295751837,-0.2750537903080276,-0.21282222129679756,0.14329923143482465,-0.008465784736971177,0.36193589583420094,-0.03362437938709125,0.19051578543103967,0.14048455234895912,-0.1387739048755998,-0.16680733121411087,-0.095711119439933,-0.1836074903871514,-0.024054100325286765,0.03227973736448313,-0.033225521361114584,0.13886598462869648,-0.07552112975841789,0.01638140451699774,0.07525321932101593,-0.03476496527343985,0.14843996538911794,-0.0322112559400695,0.10372853593192576,-0.09812370151353202,0.021360189156799325,-0.10047150386133437,0.007559331288144847,-0.061124298412434004,-0.24430331718467313,0.1768417107400158,0.28614916920001665,0.14495389071660258,0.1284697640629844,-0.26753147600605226,-0.12343869293021835,-0.08390547712581611,-0.3135611728832068,0.1313399686281042,-0.20838342194274398,0.31486740978266403,0.054467256162171414,0.01519454739793723,-0.09322727966795763,-0.025567169634966243,0.07445920496767955,0.0058162939518871725,0.023261474108931736,-0.09969599800108275,0.12235825964639524,-0.025883202154388597,0.23226770684397802,0.03302424149881777,0.1661345474904797,0.11405349879926151,0.06271186440677966,0.027468454587098654,0.18655820689718994
#50,0.2354229422026032,0.4877149877149877,-0.09161750348191026,0.20118408084509778,0.03668846041727398,-0.15404433709518456,0.5354946626133067,0.395544080289843,1.0,0.49077397890957214,0.4100167964574744,-0.0995470046317504,0.2824673672131299,0.5218816659494626,0.3875090807294197,-0.07801746276322548,0.029783404359675546,-0.12642642642642643,-0.018422428591920118,0.03190679122882513,-0.09099885710055201,-0.032458807035078224,0.02733611886154259,0.0808029909724825,0.05515901109121448,-0.007212297042805517,-0.22053609850220018,-0.21554528334189352,0.16451875604417976,-0.1915462457835339,0.021238033102439883,-0.2107302988658921,0.22496888259600123,-0.14484376518274825,0.011700606615860852,-0.006932356084898458,0.15781775612284088,0.07188791256587866,0.06366273823900942,-0.01938903464327193,-0.20500701009175584,-0.2049426930782863,0.1580292156563343,-0.03553584401042028,0.07099348963755743,-0.029722789044822943,0.01709860862403235,-0.18979349148840674,0.006962895098488319,-0.21772373297797026,-0.08638931689779147,-0.2834261071549207,-0.06562926562926563,-0.24949402407029525,-0.08378100750982106,-0.13657417047247555,-0.02245126482414618,-0.1244325990088702,0.05394901835579802,-0.0035952747817154596,0.0535612654256722,-0.0833238477306274,0.0074145023297565674,-0.04266994266994267,-0.09132599471582523,-0.07075519278909109,0.49194093939856653,-0.2067417186061254,0.41203283406673236,0.3825922995414521,0.3006593650661447,0.20155101172050324,0.15897962677623695,-0.14445971395123938,0.1352165725047081,-0.1493616883447392,0.04520930792117233,-0.01646839443449613,0.21632310276378072,-0.3935872698584563,-0.24675939421702134,-0.1923786652600212,0.15713247916637746,-0.1785773446790396,-0.009499946788082381,0.05900553866655561,-0.0422636812467321,-0.2633790955824854,-0.2984466747178612,-0.039653983721780334,-0.12016916762679475,0.16614842886029327,-0.23331852653886553,-0.014667055345021447,-0.2070253612626494,0.005913000828255066,-0.14370179115941828,0.04543464882447933,-0.26857766857766857,0.05199590962302827,-0.08401560265967045,-0.049753605685809076,-0.3012442334476233,0.05405127778009134,-0.168260710633592,0.1652456771100839,-0.044679502306620954,0.1486398571144334,0.10892572079012756,0.15914666592632695,0.050370401217858844
#51,0.6116867252460473,0.6676170777865693,0.44698334698334696,0.5387720540262914,0.06988575632643429,0.12919761055354276,0.4510672459825002,0.3575739067264491,0.49077397890957214,1.0,0.6154837426023867,0.00470347080516572,0.3741700097632301,0.45344327378225685,-0.0816821443940088,-0.33667087734884343,0.640142145226891,0.28980783557054746,-0.280467061822994,0.020106701462633665,-0.23737558822304586,-0.04590106285021539,-0.0073238107136412225,0.002660133168607745,0.06903760463082496,-0.07363742787471601,0.013554694910627114,0.059011553926808166,-0.030222981070438696,-0.12138887732108071,0.2840119009610535,-0.00985299629367426,0.4360957259262344,0.1786624837472295,-0.11612321103846528,0.047657981556286644,0.011292031631014682,0.13951100561270052,0.07245427245427245,-0.03576118491372729,-0.2966018406696373,-0.13395799497494412,-0.11218414099770031,0.009518917993494264,-0.15175529921292633,-0.15021122817732988,0.052956963126454655,-0.060695364085194596,-0.05350573994641791,-0.0665801394614954,0.2588111994891656,0.12085398187093102,0.20299421146878774,-0.13269247676027338,-0.18216336521421267,-0.10057098701166498,-0.185719309448123,-0.08626762355575915,0.038961766080410146,-0.11483270635813009,0.07201932286678049,0.07375865850442122,-0.09274189443680969,-0.11720364432228839,0.1354127625314066,0.06383532993702486,0.24871944363469786,-0.08415765534409603,0.2909493468815503,0.2723769994956436,0.5446309175122734,0.5296200669082025,0.007172041070346155,0.1813503796554644,-0.163618317855606,0.09508506966134085,0.05723566401532503,-0.06246523873642518,0.14862736388160117,-0.20826635572398283,-0.1276021784496361,-0.01661923865313696,0.09885802597667004,-0.09919256698917715,0.1154818917530782,0.019257161630042985,0.17404924184585202,-0.15354044337095185,-0.15958763077407145,-0.20750010411027361,-0.12307777731506545,-0.03710351337469982,-0.21331130822656247,-0.10029891216331895,-0.20977340977340977,0.3944062706774571,0.052230504772877655,0.446128717315158,0.10039284276572412,0.32048705099552555,0.33455026675365657,0.3549947482150872,0.060005460005460004,0.4437267776250827,0.18150955269599336,0.5204759458996747,0.33527302340861664,0.16940916262950162,0.07678017000050899,0.19159529329020855,0.006199882471068912
#52,0.4077791196435264,0.5214777180878876,0.22405641388692235,0.2734241174919141,0.07627396271464068,0.057053355358440104,0.24470356334763113,0.2343253885626767,0.4100167964574744,0.6154837426023867,1.0,0.12900188323917136,0.3604630824969808,0.4771225771225771,-0.12167113184062336,-0.1423367897944169,0.46400884705969453,0.13258188851409192,-0.18304945932064576,-0.03955172429748701,-0.3165775945436962,-0.12993795027693333,0.013222004747428476,0.05035698256037239,-0.10591300082825507,0.07668531397344956,-0.1505795471897167,-0.12184002184002184,0.11976707061452824,-0.11720179347297992,0.14988316513740244,0.03389645423543729,0.31878473234405436,0.2240184714760986,-0.03202015574896931,0.03338561982629779,-0.01773807706011096,0.07549845685438905,0.010467478264088434,-0.04989149395929057,0.08362877515419888,0.021836320141404887,0.05043656908063688,0.19157447123548818,-0.036465433075602564,0.09699190716139869,-0.029321617457210677,-0.08306287797813222,-0.2288862051573916,-0.19360253936525124,-0.04507003151070948,-0.12366218298421688,-0.050251021437462115,-0.22193025074381006,-0.20957212991111296,-0.03381038974259313,-0.32258961580995477,0.0022085259373394966,-0.003950175136615814,-0.22631953987886191,-0.0504856165873115,-0.07913167404692828,0.02697381510940833,0.008084972491752152,-0.010258332292230598,-0.020618461296427398,0.1556948319660184,0.07973551363381871,0.08660031371895778,0.08916882984679594,0.16770684397803043,0.13662506882845865,-0.05442422391574934,-0.09529884275646988,-0.29019790206230883,-0.13294095327993632,-0.015191308411647394,-0.09786735888430803,0.19734773294095329,0.026086332865993885,0.23964056506429388,0.2270992101500576,0.1651610007542211,-0.0002822545195426551,0.09727416168094134,-0.032803065006454836,-0.07252090302937761,0.09169246287890356,0.13416158839887654,0.03561404239370341,-0.04215263028822351,-0.038782696409815055,-0.12983245186635017,-0.18775755724908266,-0.28236140609021965,0.35781220357491544,0.03991726703591111,0.261959494162884,0.09242678734204159,0.24810773793824642,0.14755849840595603,0.16770082871777786,-0.08703063618317855,0.2803356515220922,0.11900266985012747,0.3923448872601415,0.30219973440312425,0.012229024093430874,0.05273995104503579,0.03423145796027152,-0.06907091991837755
#53,0.009129776926387096,-0.17072048936455717,-0.06521560080882115,-0.0369651623888912,0.4198045503130249,0.4956195023991634,-0.1756182993471129,0.2887796887796888,-0.0995470046317504,0.00470347080516572,0.12900188323917136,1.0,0.25909946926896077,-0.04113373774390724,-0.20565110565110564,-0.11430428888056007,0.23109380567007687,-0.16018406696372797,-0.27016338372270576,-0.28227395346039413,-0.2098252335540471,-0.3778763355034542,-0.1317776944895589,-0.20216179199230047,-0.2222143561126612,0.10349116450811366,-0.16235141150395388,-0.1586585044212163,0.19464364210126922,-0.17626332033111694,-0.014241822716398988,0.038486560520458825,-0.24765381714534257,0.18323824595011035,0.014104397155244613,0.2722687248110977,0.17955875752485922,0.0846920880819186,-0.1689580181105605,-0.2900317883368731,0.16214180281976892,0.11924096669859381,0.09781275882970798,0.06961830860135945,0.1988737581957921,0.17729794509455526,-0.1400694993915333,0.011025046618266957,-0.12006922176413702,-0.062015019642138285,-0.007070244358379951,-0.070614990953974,-0.13899137966934577,-0.2509002068324102,-0.13619197009027517,-0.13881508627271338,0.021908965976762586,-0.0060069314306602445,0.17790039654446435,-0.14943063248147995,-0.049469963029285066,-0.0804420753573296,0.12942850400477518,0.026381080618368753,-0.23334490114151132,-0.34986650749362613,-0.2260428379072447,0.2833219968813189,-0.3668878431590296,-0.237904468412943,-0.28277599633531836,-0.21332565230870315,0.004535506230421485,-0.06076014381099127,-0.1877001809205199,-0.1822392500358602,-0.11319979455572676,-0.22087202765168867,-0.00973824363654872,0.15944187639102894,0.3736230837925753,0.24571782876867623,-0.05333314824840248,0.7074126514804481,0.6891697552714502,0.3951803884007274,0.18342009189466815,0.032339427254681495,0.19050606847217016,0.16577872171092511,0.06781465595024917,0.37299703401398315,0.2526992323602493,0.1788855110889009,0.22334383690315893,-0.0688738044670248,-0.11500483534381839,-0.13680413849905376,0.12076606652877839,-0.08076273500002314,-0.01356209830786102,0.14438891896519016,0.1659457608610151,-0.23790354298828875,0.08232947893964843,-0.2676240184714761,0.04546750139970479,-0.1402346876923148,-0.03576858831096119,-0.1878528759884692,-0.06847124474243119
#54,0.2093454008708246,0.2832053933748849,0.1386434199993522,0.17449298296755925,0.08410536885113157,0.3437568539263455,0.24888555736013362,0.024148030927691945,0.2824673672131299,0.3741700097632301,0.3604630824969808,0.25909946926896077,1.0,0.340142145226891,0.00017351712266966505,-0.1572227080701657,0.30743671252145827,0.03267304284253437,-0.01806336382607569,0.08587755706399774,-0.08751324514036378,-0.21199535436823572,0.20658115742861505,0.1972079938181633,0.06820657329131906,0.04749788309110343,-0.022893617808872047,0.03128583128583129,0.2292619275670123,-0.13968035832442613,0.3450709569353637,0.1713099848693069,0.1748191951581782,-0.06543816543816544,0.00967670289704188,0.146894043504213,-0.04891285738743366,-0.13954478361258021,-4.7196657366148895e-05,-0.19510450357907985,0.02688636247958282,-0.06842497350971927,0.13523970812106406,0.09730053628358713,0.13249304774728504,-0.026577733357394374,-0.20197531892447146,0.0097280639653521,-0.14226599480836769,0.07342226664260562,0.11483687076907416,0.16050333846944018,0.04901696766103546,-0.12862523540489643,-0.1220810949624509,-0.05933822882975425,-0.27215628571560774,-0.11880324083713914,0.015140410055664293,-0.09910326351004317,-0.0026698501274772463,-0.11795416371687559,0.07083339117237422,-0.07011572435301248,-0.1964352642318744,-0.10921306514526853,0.1604219010998672,0.1945585030330793,0.07510792765030053,-0.056582776921759975,0.14263986636867992,0.026491206152223102,0.013759676471540878,-0.020257545681274493,-0.19935220274203325,-0.15848036017527542,-0.09271274356020119,-0.15427014071081868,0.4398510991731331,0.0987358699223106,0.20601433482789416,0.01482530296089618,0.23562514748955427,0.043556499488702875,0.2473761897490711,0.06501154467256162,0.09511560867493071,0.10373408847985119,-0.04988547869903802,0.02213615772937807,0.1455452370706608,0.2194172600952262,0.040293914870186055,-0.12994026383856894,-0.01770476177255838,0.2123507174354632,0.1162449043804976,0.07228538245487398,-0.01958152297135348,0.09631310817751496,0.2369290708273759,0.25861223318850435,-0.07437175233785404,0.1339714136324306,0.0046215707232656385,0.2126755414891008,0.1324005052818612,0.08816011697367629,0.11014357963510506,0.018769462837259446,-0.049780443000781986
#58,0.25139253274846496,0.41383093416991723,0.07663210205583088,0.19520306130475623,-0.09499437804522551,-0.06371409930731965,0.3645997307014256,0.1301017504407335,0.5218816659494626,0.45344327378225685,0.4771225771225771,-0.04113373774390724,0.340142145226891,1.0,-0.02674477250748437,-0.2352336928608115,0.07099302692523031,-0.03336988760717574,0.052825090113225705,0.2671969349935452,-0.132741524266948,-0.08345155633291226,-0.1205967138170528,0.0023584447313260873,-0.15639121401833267,0.18792829809778963,-0.13443134968558698,0.020455586557281472,0.17270922694651508,0.040383218349320044,0.2044582332717926,-0.07579366731909105,0.31022085259373394,-0.05508821610516526,0.2433950128865383,0.2812957796008643,0.10522494759782895,0.18538430572328876,-0.04562112189230833,-0.10343425089187801,0.09368629029645979,0.018512194783381224,0.1669410550766483,0.10362118667203413,-0.06415969127833535,-0.0760879523591388,0.05295511227714617,-0.14696622662724357,-0.056956648482072214,-0.18296246940314737,-0.07605787605787606,-0.27932231152570136,-0.04690237232610114,-0.27734329090261295,-0.13667272819815193,-0.02620663807104485,-0.11144796568525382,-0.08966948458473882,0.016864013474182964,-0.24332051620187214,0.15534872314533332,0.011535881027406452,0.33642101269219915,-0.11897583253515456,0.0034430424260932734,0.06597259817598801,0.5627706288723238,-0.029124964718185056,0.347278557448049,0.29519935960613924,0.2762809033995475,0.23292984818408546,0.09262945534131975,-0.15530060106331292,0.048572301114674,-0.12001878612048103,0.039122789970247596,-0.13007722668739619,0.13663386036267391,-0.1443320053489545,0.1137675425811019,-0.026306121221375458,0.3657079267248759,-0.19158094920806784,0.01748913782812088,-0.05929427115867794,-0.12946783455258032,0.06308897495338173,-0.03562884918817122,0.07647709342624597,-0.11645451306468256,0.15324291934461426,-0.25661701763396677,-0.20323852357750663,-0.22589476996256658,0.04803416667823447,0.06985382917586308,0.020947449761009082,-0.11521860843894742,0.15336414997431946,-0.014677235016218067,-0.0921246361924328,-0.2667272819815193,0.1635942568145958,-0.061462078411230955,0.347519630570478,0.13326531462124683,0.25264231874401366,0.1425829527524443,0.1829657083894372,0.10059042092940398
#101,-0.3068772933179713,-0.05144667009073789,-0.4740001943391774,-0.1305408644391695,-0.06246986585969637,-0.32890008652720515,0.3050528186121406,0.003922412396988668,0.3875090807294197,-0.0816821443940088,-0.12167113184062336,-0.20565110565110564,0.00017351712266966505,-0.02674477250748437,1.0,0.42053980020081716,-0.2775774233401352,-0.4167103929815794,0.36150279709601746,-0.03127148720369059,0.39773409773409774,0.20766529241105514,0.11176261006769482,0.13977799062544824,0.2644525881814017,0.10858377638038655,-0.11998778439456406,-0.22976859756520773,0.08750584174312988,-0.24433709518455282,-0.19497077971654242,-0.08079188587663164,-0.0448696770730669,-0.05257291189494579,-0.073245047821319,-0.023032894219334896,0.23753614940055617,0.1563509580458733,0.1567530550581398,0.35711073168700286,-0.14856813670372992,-0.03558118981847795,0.20122248596824868,0.010558632592530898,0.11152385050690135,0.26773136773136774,-0.04858895875845028,-0.08681084782779698,-0.05815368527232934,-0.251361531022548,-0.22490872999347575,-0.30260275684004495,-0.11404424455271912,-0.06385476385476385,0.3159483057788143,0.15795749524563085,0.10230430738905315,-0.00034610882068509185,-0.106899503509673,0.1309568428212496,-0.1787878787878788,-0.2358893562283393,-0.048372409389358544,0.2420290860968827,-0.2038192275480411,-0.19713072085953443,0.24697270459982323,-0.023972662955713802,0.3219908660586627,0.14269169014931726,-0.08658411878750862,-0.23413752735786633,0.22742218335438674,-0.19205291578172934,0.2520653164720961,-0.22203343559275762,-0.059201265980926995,-0.0136657458691357,0.28016768694734795,-0.17945372182660319,-0.2945057538277877,-0.29475746933374053,0.09488378979904404,-0.16948458473882203,-0.25270756118213744,-0.18849882239712748,-0.293799654816604,-0.3085416695586187,-0.2437267776250827,-0.21333814554153538,-0.07062100621422655,-0.04656459232730419,0.030433515179277892,-0.08742579251053827,-0.143479226530074,-0.13233202385744758,-0.03913204421678998,-0.20873138161273755,-0.26598185242253036,-0.17095786078836928,-0.29979316758977775,-0.3204338390779069,-0.22213754586635942,-0.34157701615328734,-0.381500298449451,-0.23619335822725654,-0.2735643193270312,-0.11070346155091917,0.006944849317730674,-0.10070609901118376,-0.027519352943081755
#102,-0.1431090566683787,-0.046250873369517435,-0.19906809737318212,-0.021625786032565694,-0.018563093139364325,-0.1001092001092001,0.030613510274527224,-0.1117454897115914,-0.07801746276322548,-0.33667087734884343,-0.1423367897944169,-0.11430428888056007,-0.1572227080701657,-0.2352336928608115,0.42053980020081716,1.0,-0.3010313857771485,-0.09542192423548355,0.12275480411073632,0.17076629788494196,0.1262297736874008,0.5030737979890523,-0.02036859663978308,-0.00029752402633758567,-0.04883465900415053,0.18121249138198292,-0.08244793329539092,-0.03674444860885539,-0.10835889818940667,-0.0265638519875808,-0.06629418324333579,-0.018511732071054107,-0.1828643743897981,-0.07443514392666935,-0.16707848063780267,0.019652317957402705,-0.12800242461259412,0.16884372816576207,-0.10325888291989987,0.19538213097535131,-0.13397974245431873,-0.033828435523350776,-0.16329580736360397,0.07544755849840595,-0.05083588981894067,0.3834672885520343,0.174934873239958,0.10931810084352457,-0.04679594849086374,-0.12029363724278978,-0.15868719258549768,-0.21792223656630436,-0.11515891854874906,0.11384435282740367,0.053986035341967546,0.4623222606273454,-0.1174387021844649,0.24762975610433238,-0.22036998477676445,-0.15839660924406687,-0.2729947204523476,-0.3489045285655455,-0.1818806479823429,0.27433149636539467,0.13020539800200817,0.2003192715057122,-0.12229995789317823,0.18073821124668582,-0.03361928955149294,0.060207202580083934,-0.2972218751879769,-0.35787837143769347,0.14196939620668433,-0.30948375185663324,0.11130730113780961,-0.34840850095087383,-0.036189193816312464,0.023978678215966352,-0.03492506373862306,0.34000610780271795,-0.10314922009837264,-0.19380428193987517,0.11372265948537134,0.023018550137194206,-0.131416778874406,-0.06488661234423947,-0.26261700837972024,-0.3005233276419717,-0.0965754660669915,-0.23634929228149568,-0.12896671710231034,-0.029526599018124444,-0.0022608124303039557,0.021820587922282836,-0.035212408093764025,-0.23984554662520763,0.019256698917715868,-0.05982037507461236,0.09745647033782627,-0.048421919608360287,-0.15833830749084987,-0.23584956296820703,-0.15473516659957337,-0.32170120814188613,-0.12321659101320118,-0.19893714978460741,-0.09814822526686934,-0.2106622801538056,-0.17642434422095438,-0.23876511334138453,-0.17241540461879445
#201,0.5942373806780586,0.42844431488499285,0.6376046308249698,0.4418976757959809,0.2037562986715529,0.37768430988769974,0.05745869135699644,0.20744365320636507,0.029783404359675546,0.640142145226891,0.46400884705969453,0.23109380567007687,0.30743671252145827,0.07099302692523031,-0.2775774233401352,-0.3010313857771485,1.0,0.48730317374385174,-0.37889337719846194,-0.2552279552279552,-0.37781849646256427,-0.28507104947782913,0.0778823507637067,-0.0405201811981473,0.15458108339464272,-0.1517571500622348,0.007968368985318138,-0.05707001300221639,0.05916702526872018,-0.008261728600711652,0.3684582887972718,0.09577127204245849,0.32998468422197236,0.2921440701101718,-0.18556800251715505,0.08258350800723682,-0.01448937381140771,0.1363881601169737,0.024148030927691945,-0.06215938588819945,-0.09238838221889069,0.03724926775774234,-0.24418717639056622,0.009038622597944633,-0.11941124483497365,-0.0784005885700801,-0.11552399857484603,-0.1168112642688914,-0.22526270492372188,-0.14462305140271242,0.193718217447031,0.2578353391912714,0.07285729489119319,-0.01804254177135533,-0.19845361540276796,-0.024794440048677337,-0.3891993688603858,-0.2190688377129055,0.062270436846708035,-0.1244983041593211,0.10289102661984018,0.20177450177450176,-0.03097350046502589,-0.004847374338899762,0.050861338996932216,-0.061249230740756166,-0.07557156540207388,0.19481808464859313,0.06784519496383903,0.1165812962423132,0.4321501779128898,0.4228801991513856,-0.025283064266115114,0.32272426509714647,-0.33191188106442343,0.08555319572268724,0.07042157720123822,-0.08227765515901109,0.1683671344688294,0.15017652475279594,0.1384597232054859,0.18364728364728364,-0.020702212227635956,0.157818218835168,0.2626970576123118,0.19766006376175868,0.31058639533215804,0.04037072511648783,0.1148308555088216,-0.17395253496948412,-0.020765141104124155,-0.051718282226756805,-0.061820680464748264,0.05294308175664108,-0.1510616934345748,0.5782423409542053,0.20793181471147573,0.5793084301558877,0.311157382343823,0.4418833317138402,0.4366745790474604,0.6485144620737842,0.32002665223004206,0.4823604806655654,0.2963487370267031,0.43921394429869004,0.4016629881036661,0.10130207248851317,0.10499960669452195,0.10231633790955826,-0.15256412036073053
