,#10,#11,#12,#13,#17,#18,#26,#49,#50,#51,#52,#53,#54,#58,#101,#102,#201,#202,#301,#302,#401,#402,#501,#502,#601,#602,#701,#702,#801,#802,#901,#902,#1001,#1002,#1101,#1102,#1201,#1202,#1301,#1302,#1401,#1402,#1501,#1502,#1601,#1602,#1701,#1702,#1801,#1802,#1901,#1902,#2001,#2002,#2101,#2102,#2201,#2202,#2301,#2302,#2401,#2402,#2501,#2502,#2601,#2602,#2701,#2702,#2801,#2802,#2901,#2902,#3001,#3002,#3101,#3102,#3201,#3202,#3301,#3302,#3401,#3402,#3455,#3501,#3502,#3601,#3602,#3701,#3702,#3801,#3802,#3901,#3902,#4001,#4002,#4101,#4102,#4201,#4202,#4301,#4302,#4401,#4402,#4501,#4502,#4601,#4602,#4701,#4702,#4801,#4802
#10,1.0,0.29725906277630415,0.4833352554491985,0.5078076346442163,0.012240033829239227,0.09281513089609042,0.07855303117671933,0.46101564602314227,0.3292200053819244,0.13404067197170647,0.23913427901433898,0.017614269788182833,-0.08122861646100027,-0.03951101372390728,-0.3951024487756122,-0.11242840118402338,0.14741090992965056,0.21893668550340215,-0.05992388421174028,0.17354399723215316,-0.06789682082035906,0.1298043286049283,-0.027147964479298813,0.21165571060623534,-0.19710144927536233,0.20911082920078422,0.014930996040441317,0.3692769000115327,-0.2980202206589013,0.07167954484296313,0.25261984392419173,0.20741167877599662,0.3688617229846615,0.050290239495636796,-0.1400453619344174,-0.1361626878868258,-0.28090570099565604,-0.16203436743166877,-0.23574366662822435,0.08076730865336562,-0.2736939222696344,-0.3997001499250375,-0.22859339560988737,-0.26310690808441933,-0.05539537923346019,-0.027909122361895976,0.23658939760888786,0.08674893322569484,0.10114173682389574,-0.11567293276438703,-0.02614846422942375,-0.009441433129589052,0.016622458001768346,0.1218467689232307,-0.23379848537269826,-0.20892630607773036,-0.19897743435974322,-0.38294698804443933,0.14412024756852343,0.014246722792449928,-0.19020489755122438,-0.10919924653058086,-0.15515319263445201,-0.16364125629492945,0.22559489486026219,0.2973128820205282,0.13304886018529197,0.037781109445277364,0.04986737400530504,0.15577595817475878,0.30264098719870836,0.32887402452619846,-0.22806289163110752,-0.07603890362511052,-0.22042824741475417,-0.02872409948871718,-0.3662015146273017,-0.3307961403913428,-0.0697189866605159,-0.041656095029408376,-0.11704147926036981,-0.09232306923461346,,0.036666282243493636,0.09164648445008265,-0.051981701456963826,-0.06868873255679853,,-0.3093222619459501,0.15835928189751278,-0.15779033560143005,-0.13925345019797794,0.03328335832083958,-0.05412678276246492,0.009410679275746741,0.13495559912351515,0.4148617998692961,0.25674086033906124,0.315619113520163,0.2344366278399262,0.1776419482566409,0.1870680044593088,0.16783146888094413,0.32576788528812517,0.3155114750317149,0.3232537577365164,0.37660400568946295,-0.20621227847614654,-0.08704109483719678,-0.19815476876946142,0.12862030523199938
#11,0.29725906277630415,1.0,0.2843193787721524,0.2747241763733518,-0.06819667089532157,-0.0022757851843309114,0.3555145504170991,0.25512628301233997,0.4006381424672279,0.2563718140929535,0.417283665859378,0.07576980740399031,-0.0637988697958713,0.12246184600007688,0.20811132895090917,0.08027524699188868,0.08889401453119594,0.1045246607465498,0.2943066928074424,0.0823050013454811,0.37367470111098294,0.07613116518663746,0.04291700303694307,0.05581055626033137,0.20528966286087724,0.019982316534040673,-0.021220159151193633,-0.09960404413178027,-0.11352785145888594,-0.12898166301464653,0.09056241110214124,-0.05520316764694576,-0.01992849728981663,-0.18585322723253758,0.07194095260062276,-0.19293430207972936,0.018429246915004038,-0.09565217391304348,0.09000884173297967,0.04868335063237612,-0.19346480605850921,-0.047214854111405836,-0.16091185176642447,-0.05540306769692077,-0.1683312190058817,-0.07167954484296313,-0.15150117249067774,-0.18692192365355784,-0.05152039364932918,-0.2682043593587822,-0.3383692769000115,-0.17515088609541382,-0.05215084765309653,0.09888132856648599,0.11940183754276708,-0.09293045784799908,0.05993157267520086,-0.28960904163302964,-0.09981163264521585,-0.18403106139238073,-0.19896205743282205,-0.017222158151693385,0.01726060046899627,0.26013916118863645,0.06754315150117249,0.06266097720370584,0.25976242647906816,0.2575020182216584,0.3576519432591397,0.29662860877253683,0.33557067620036135,0.34335908968592627,-0.009856610156460232,-0.09687463960327529,-0.0026371429669780496,0.005143582055126283,-0.18515357705762503,-0.26657440510513974,0.16193441740668127,0.11540383654326683,-0.253488640295237,-0.2592703648175912,,0.05863222235036328,0.10839964633068082,-0.09087763810402491,-0.030131088302002843,,-0.08228962441855996,-0.03781955176258025,-0.06475992772844347,0.07502402644831431,-0.1757352093184177,-0.20090723868834814,-0.2707492407642333,0.08663360627378619,0.1263060777303656,-0.01791411986314535,-0.01767577749586745,-0.004997501249375313,-0.15054780302156615,0.04047976011994003,0.07658478453081152,-0.026094644985199707,-0.09145427286356822,-0.018629146964979047,0.09023949563679699,-0.1274901011032945,0.09183869603659708,-0.2077884134855649,-0.1781955176258025
#12,0.4833352554491985,0.2843193787721524,1.0,0.5946103871141353,-0.2317379771652635,0.04447776111944028,-0.28743320647368625,0.028685657171414292,-0.06612078576096567,0.18579940798831354,0.09995771345096682,-0.38823665090531656,-0.2898320070733864,-0.20671971706454464,-0.30076500211432744,0.03459808557259832,0.5799023565140506,0.6552262330373275,0.028770230269480643,-0.012862799369545996,-0.24161765271210547,0.013224157152193133,0.39905431899434896,0.3062468765617191,-0.034452004766847344,0.0321531541921347,0.32645215853611653,0.436550955291585,0.022527197939491792,-0.05282743243762734,0.2642063583592819,0.2512436089647484,0.565232768231269,-0.21862145850151848,-0.4059970014992504,-0.3263829623649714,-0.4189136201130204,-0.4247030330988352,-0.27420136085803254,-0.03332948910160304,-0.3432822050513205,-0.3518702187367855,-0.4711259754738016,-0.44596163456733173,0.06955752892784377,0.15815938184753778,0.2807442432629839,0.32689040095336946,0.413608580325222,0.09168492676738554,0.3054165225079768,0.23891131357398224,0.4214354361280898,0.03242225041325491,-0.20212201591511936,-0.360865720985661,-0.17312882020528197,-0.43877292123169187,0.3502940837273671,0.27707684619228845,-0.23058470764617692,-0.24740706569792026,-0.3987390919924653,-0.09336870026525199,0.5583515934340522,0.4727866835812863,-0.22537192941990544,-0.06879637104524661,-0.040179910044977514,0.11029869680544344,0.5388459616345673,0.5237611963249145,-0.3695459962326529,-0.29469880444393187,-0.42776304155614503,-0.18605312728251258,-0.4091492715180871,-0.1959174259024334,-0.05340406719717065,0.005943182255026333,-0.25016722408026754,-0.3174105255064775,,-0.11093683927267135,-0.25215084765309653,-0.3386614385115135,-0.3447199477184485,,-0.3782647137969477,-0.2480144543113059,-0.16344904470841504,-0.11986314535040173,0.2104486218429247,-0.1930650059585592,-0.08917079921577672,0.5597585822473379,0.4898012532195441,0.6044823741975166,0.49399915426901936,0.49525237381309345,0.39795486871948643,0.5167800715027102,0.3660477453580902,0.54740322146619,0.4030523199938492,0.5818167839157344,0.39604044131780264,-0.2303848075962019,-0.2587552377657325,-0.14588859416445624,0.08158228578018684
#13,0.5078076346442163,0.2747241763733518,0.5946103871141353,1.0,-0.2988044439318802,-0.17852612155460731,-0.17163725829392995,0.03920347518548418,-0.06863491331257449,0.35476108099796255,0.10181063314496598,-0.2221889055472264,-0.278468458078653,-0.31620343674316687,-0.4203898050974513,-0.20579710144927535,0.23312190058816745,0.08870180294468151,-0.17282128166685887,-0.06257640410563949,-0.14714950217199094,-0.034075270057279054,0.09439895436896936,0.13507092607542381,-0.15309268442701726,-0.07575443047706916,0.05956252642909315,0.3284972898166301,-0.3002421865990082,-0.19453350247952947,0.12631376619382617,0.07320954907161804,0.35402298850574715,-0.12816668588782532,-0.33946103871141353,-0.3653019644024142,-0.3722523353707762,-0.31817937185253525,-0.20536654749548303,-0.06913466343751201,-0.27861453888440396,-0.34715719063545153,-0.4733094990966055,-0.31281282435705227,-0.09886595163956484,-0.0003382923922654058,0.0175912043978011,0.3146580555875908,0.354661130972975,0.09573674701110983,0.23639718602237342,0.09595971245146658,0.2276323376773152,-0.13237227540076116,-0.30801522315765195,-0.35156268019836234,0.007488563410602391,-0.2136162687886826,0.30535501480029215,0.16253411755660632,0.11378925921654558,0.022519509476031215,-0.29358397724214813,-0.19353400222965442,0.2787068004459309,0.2735632183908046,-0.1597816476377196,-0.042394187521623806,-0.2814208280475147,-0.12797447430131087,0.1279975396916926,0.21023334486602852,-0.3136124245569523,-0.23196863106908083,-0.3498173989928113,-0.15740591242840118,-0.15679852381501558,0.018575327720755007,-0.24147157190635452,-0.23435205474185983,-0.23319109675931265,-0.41788336600930304,,-0.04951370468611848,-0.2948679506400646,-0.019321108676431015,0.06073117287510091,,-0.2568946296082728,-0.33067312497597356,-0.30450928381962866,-0.039172721331641874,0.04994425863991082,0.12035520701187867,0.1295659862376504,0.2055818244723792,0.2158920539730135,0.34958674508899396,0.31674162918540727,0.33102679429516013,0.32286164610002693,0.2669665167416292,0.1265751739514858,0.4504055664475455,0.3703225310421712,0.48254334371275903,0.3008726406027755,0.025295044785299658,-0.19970014992503748,0.21351631876369506,0.3126129243070772
#17,0.012240033829239227,-0.06819667089532157,-0.2317379771652635,-0.2988044439318802,1.0,0.5293583977242148,0.1344712259254988,0.27976011994002997,-0.020951062930073424,-0.09722062045900128,-0.020420558951293584,0.518602237342867,0.4465152039364933,0.3170414792603698,0.019982316534040673,-0.20292930457848,-0.17254449698227808,-0.011563449044708416,-0.21032560642755546,-0.2797216776227271,0.018229346865029025,-0.06610540883404452,-0.04320916464844501,-0.16449467573905355,-0.1049013954561181,-0.1752277707300196,0.04187137200630454,-0.029838926690500905,0.24892169299965403,0.31642640218352364,0.1088455772113943,0.24968285088225117,-0.10477069157728829,0.1450121093299504,0.1938415407680775,0.22235036327989852,0.17738822896244186,0.020535885903202246,0.10028831737977165,-0.009203090762311152,0.15710606235343866,-0.005712528351209011,0.23158420789605197,0.10601622265790182,-0.009971937108368892,0.07858378503056164,0.1283742744012609,-0.17595817475877445,-0.27089532156998425,-0.1329104678430016,-0.1619882366509053,-0.18800599700149925,-0.06868873255679853,0.10455541460039211,0.2777457425133587,0.08090570099565601,0.07060315995848229,-0.031345865528774074,-0.360266020835736,-0.25990081882135857,-0.10965286587475492,0.0937377465113597,0.06571329719755507,0.07208703340637374,-0.00908776381040249,-0.08235113212624456,0.21743743512858954,0.07615423057701919,0.031138277015338483,0.044077961019490255,0.013154960981047938,-0.04954445853996079,0.44220197593510935,0.47487025717910275,0.3245761734517357,0.26129243070772307,0.14857186791219776,0.013008880175296967,0.36051974012993504,-0.13823857302118173,0.37037635028639526,0.6589320724253258,,0.12876638603775037,0.6228424249413754,0.03295275439203475,0.016453311805635643,,0.3500711182870103,0.6410794602698651,0.4181909045477261,0.010525506477530465,-0.07545458040210663,-0.1732210817668089,-0.17794179833160342,-0.11267443201476185,-0.1534847960635067,-0.12002460308307385,-0.16673970706954216,-0.0795525314265944,-0.19926959597124513,0.0125552608311229,0.15468419636335679,-0.2680044593088071,-0.1017029946565179,-0.1870372506054665,-0.07505478030215662,-0.016530196440241417,0.21411601891362012,-0.2357206012378426,-0.16490985276592474
#18,0.09281513089609042,-0.0022757851843309114,0.04447776111944028,-0.17852612155460731,0.5293583977242148,1.0,0.24237112213124207,0.16341060239111213,-0.12227732287702303,0.0033521700688117478,-0.023964940606619765,0.32648291238995886,0.44166378349286894,0.23707377080690423,-0.09872755929727443,-0.07982162764771461,0.1971091377388229,0.372636758543805,0.1444047207165648,-0.02332679813939184,-0.17595048629531387,-0.20150693883827317,0.11508092107792257,0.04141775266213047,-0.11264367816091954,-0.012416868488832507,0.21573059624034135,0.050567024180217586,0.4254334371275901,0.48049052396878483,0.076284934455849,0.47435513012724406,-0.10736939222696344,0.00030753853842309614,0.11001422365740207,0.22671741052550648,0.07779956175758275,-0.012662899319570984,-0.010487064160227579,0.09283819628647215,0.058270864567716144,-0.1226924999038942,0.00399800099950025,-0.048468073655479955,-0.10097259062776304,-0.0652289239995387,0.3158805212778226,-0.1315034790297159,-0.12040133779264214,-0.2629685157421289,-0.15493022719409527,-0.19215007880675047,-0.025610271787183333,0.24786068504209433,0.22778610694652673,0.027970630069580595,-0.16457156037365933,-0.2978818283166109,-0.3879906200745781,-0.3253450197977934,-0.08772536808518817,0.06422942374966363,-0.08488063660477453,0.05346557490485526,0.286564410102641,-0.07494714181370853,0.039034328989351476,0.06002383423672779,0.0479068158228578,0.17608887863760428,0.2351439664782993,0.22338830584707647,0.23888824818360052,0.2879560219890055,0.1679160419790105,0.15812862799369545,0.06687425518010226,0.058047899127359394,0.289147733825395,0.09933494791066005,0.26483681236304923,0.6153999923115365,,-0.02368815592203898,0.3756275708299696,-0.007688463460577404,-0.09313804636143466,,0.267097220620459,0.4023526698189367,0.31597278283934954,-0.23867297120670433,-0.19845461884442395,0.002137392842040518,-0.2391957867220236,0.17650405566447547,0.07956790835351556,0.23818859800868797,0.06142313458655288,0.08706416022757851,-0.1744819897743436,0.19644024141775265,0.3887825318110176,-0.001922115865144351,0.0023142275016337986,0.04255564525429593,0.05890131857148349,0.024564640756544805,0.2096567101064852,-0.1671625725598739,-0.1860915695998155
#26,0.07855303117671933,0.3555145504170991,-0.28743320647368625,-0.17163725829392995,0.1344712259254988,0.24237112213124207,1.0,0.31179794718025605,0.39518702187367855,0.08749471418137085,0.33315649867374003,0.4002152769768962,0.31554991734901777,0.37665013647022644,0.25078230115711375,0.11634951754891786,-0.1496482527966786,-0.12267712297697306,0.3923884211740284,0.3281743743512859,0.2799523315265444,-0.029016261100219123,-0.13182639449506017,-0.04580786529812017,0.10862261177103756,0.1744127936031984,-0.16068119786260715,-0.3081305501095606,0.08744089493714681,0.23554376657824933,-0.19191173643947257,-0.058785991619574825,-0.31418137085303505,-0.054403567447045706,0.382516434090647,0.283435205474186,0.3552223888055972,0.31926344520047667,0.2410333294891016,0.05225848614154461,0.17834928689501403,0.19750124937531235,0.2096567101064852,0.2340598931303579,-0.2726559797024565,-0.2357897974089878,-0.07364010302541037,-0.2330680813439434,-0.4054049898127859,-0.32965824779917735,-0.4161688386575943,-0.28729481413139585,-0.27906046976511745,0.2774766462922385,0.28421174028370433,0.3008111328950909,-0.21655326183062315,-0.15350786145388845,-0.37219082766309153,-0.3413831545765579,-0.07161034867181794,0.006565947795333102,0.24822204282474147,0.4812439933879214,-0.2529043170722331,-0.13746972667512397,0.332156998423865,0.2612770537808019,0.3568600315227002,0.31747972167762273,0.07232537577365164,0.1809479875446892,0.17076077345942414,0.04894475839003575,0.28817898742936227,0.009733594741090992,0.11074462768615692,-0.06088494214431246,0.21396224964440858,0.2856033521700688,0.07912966593626264,0.20227578518433093,,0.1002344981355476,0.31165186637450504,-0.027294045285049782,-0.03987237150655441,,0.15283127666935764,0.2628301233998385,0.018167839157344403,-0.061761426978818285,-0.2804367047245608,-0.08529581363164572,-0.2197593510936839,-0.061599969246146156,-0.09912735939722446,-0.2161611501941337,-0.23652788990120324,-0.11519624802983124,-0.3415215469188483,-0.32171606504440087,-0.09382231960942605,-0.09949640564333218,-0.3029331488102103,-0.21850613154960982,-0.18874408949371468,-0.03356783146888095,0.15128589551378158,-0.16605543382155077,-0.21829854303617421
#49,0.46101564602314227,0.25512628301233997,0.028685657171414292,0.03920347518548418,0.27976011994002997,0.16341060239111213,0.31179794718025605,1.0,0.6605005189712836,0.211225156652443,0.4843731980163764,0.6282474147541613,0.38059431822550266,0.40488217429746665,0.07187944489293814,-0.3182639449506016,0.018544573866912696,-0.14292084726867335,0.05251220543574367,0.009479875446891939,0.24843731980163763,-0.2412332295390766,-0.1858762926229193,-0.3386229961942106,-0.14640372121631492,-0.30369430669280745,-0.11661092530657748,-0.12709030100334448,-0.11045246607465498,-0.10800753469419136,-0.13774651135970475,-0.3166186137700381,-0.10412486064659977,-0.11645715603736594,0.037212163149194635,-0.06654365125129742,-0.09093145734824895,-0.020597393610886864,-0.10761542305770191,-0.230692346134625,-0.14350517049167724,-0.2804905239687848,-0.03100757313650867,0.0026217660400568946,-0.16772383039249605,-0.21141736823895743,0.010802291162111252,-0.31651866374505055,-0.39181947487794566,-0.38726790450928383,-0.07962941606120016,-0.33091915580671205,-0.006827355552992734,-0.07759197324414716,0.11202860108407335,-0.14039903125360398,-0.1114673432514512,-0.4742013608580325,-0.1764963672010149,-0.33836158843655095,0.15972782839349556,0.3011417368238957,0.2626994195210087,0.07312497597355169,-0.13713143428285857,-0.1150040364433168,0.6478145542613308,0.32321531541921344,0.527190251028332,0.4314688809441433,0.48721792949679005,0.3376311844077961,0.2143928035982009,0.22208895552223887,0.028647214854111407,0.14578864413946874,0.08012147772267712,0.022012070887633108,0.1869680544343213,-0.07947564679198862,0.32193134202129703,0.23872679045092837,,0.6179986929612117,0.5925345019797793,0.26373736208818666,0.23629723599738592,,-0.010310229500634299,0.4680198362357283,-0.16517126052358436,0.25073617037635026,-0.4397801099450275,-0.20307538538423095,-0.16674739553300272,0.09366855034021451,-0.1716603236843117,-0.03550532426094645,-0.24600776534809518,-0.022027447814554263,-0.11620343674316688,-0.25788644139468725,-0.29869680544343213,-0.06877330565486488,-0.007665398070195672,-0.10382501057163726,0.10114942528735632,0.21851382001307038,0.28761004113327954,-0.14023757352093183,0.05140506669742052
#50,0.3292200053819244,0.4006381424672279,-0.06612078576096567,-0.06863491331257449,-0.020951062930073424,-0.12227732287702303,0.39518702187367855,0.6605005189712836,1.0,0.36331065236612464,0.6087571598815976,0.4289009341483105,0.23169184638450005,0.2404874485834006,0.39081228616461,-0.038004074885634107,0.05217391304347826,-0.10784607696151924,0.30570099565601816,0.14057586591319723,0.35206243032329987,-0.06373736208818667,-0.08782531811017569,-0.047814554261330876,0.13267212547572368,0.06744320147618499,-0.2413793103448276,-0.3368238957444355,-0.054349748202821666,-0.07400914927151808,-0.09642870872256179,-0.3906815822857802,-0.18696036597086071,-0.04384730711567293,0.14322069734363588,0.012832045515703687,0.1387844539268827,0.15676008149771267,0.11065236612462999,-0.10869949640564333,-0.016045823242225043,-0.061077153730826894,0.19205781724522356,0.11438127090301003,-0.12516818513820013,-0.21974397416676278,-0.19125052858186292,-0.42006688963210703,-0.4183446738169377,-0.35194710337139123,-0.25877061469265367,-0.28081343943412906,-0.2053742359589436,0.08535732133933034,0.10085726367585438,0.036504824510821515,-0.11077538153999923,-0.28889401453119595,-0.17631184407796102,-0.2688732556798524,-0.099081228616461,0.002798600699650175,0.23751201322415716,0.16704724560796524,-0.3043093837696536,-0.11191327413216469,0.49436820051512703,0.29499096605543385,0.6615230846115404,0.39613270287932956,0.3350709260754238,0.3171568062122785,0.18505362703263753,0.0057355937415907434,0.06818129396840042,0.03346788144389344,-0.06771998616076577,-0.19696305693307192,0.19810863798869796,0.19301887517779573,0.060723484411640334,-0.08647983700457464,,0.42994656517894897,0.30531657248298927,0.10959904663053088,0.03956483296813132,,-0.012278476146542113,0.19181947487794565,-0.28171298965901664,0.13650098027909122,-0.3122515665244301,-0.23546688194364357,-0.09303809633644716,0.053042709414523506,0.012539883904201745,-0.1652250797678084,-0.31845615653711606,-0.2225271979394918,-0.29694383577442046,-0.322423403682774,-0.3580440548956291,-0.13013493253373312,-0.02874716487909891,-0.18250105716372583,-0.061023334486602854,-0.07615423057701919,0.11488870949140814,-0.21310883020028448,-0.13885365009802791
#51,0.13404067197170647,0.2563718140929535,0.18579940798831354,0.35476108099796255,-0.09722062045900128,0.0033521700688117478,0.08749471418137085,0.211225156652443,0.36331065236612464,1.0,0.5949563679698612,0.001237842617152962,0.12857417445123592,-0.12396878483835005,0.08304309383769654,-0.14891016030446316,0.44564640756544804,0.011109829700534347,0.07895283127666936,-0.2108176680890324,-0.05652558336216507,-0.3124514665744051,0.2680736554799523,-0.02812439933879214,0.12670587783031562,-0.12147772267712298,0.299627109522162,-0.056610156460231424,-0.0858416945373467,-0.26828124399338793,0.030538576865413447,-0.08106715872832815,-0.06024679967708454,-0.02245031330488602,-0.2756467919886211,-0.13229539076615537,-0.15043247606965748,-0.15253142659439511,-0.10267174105255064,-0.3292353823088456,-0.2406565947795333,-0.3129665936262638,-0.010971437358243954,-0.16135009418367738,0.06640525890900703,-0.15845923192250028,0.04177142198131703,-0.15190097259062776,0.03496713181870603,-0.05179717833390997,0.1718986660515896,-0.11761811401991312,0.26364510052665974,0.018237035328489602,-0.03166878099411832,-0.23534386652827433,0.0074347441663783495,-0.3387767654634221,0.02161227078768308,-0.04592319225002883,0.07896051974012994,0.0010533194940991043,-0.2216737784953677,-0.11401222465690232,0.1730519355706762,0.11343558989735901,-0.03846538269326875,-0.02733248760235267,0.11061392380732711,0.1495406143082305,0.2620382116633991,0.3340560488986276,-0.01474647291738746,-0.06568254334371276,-0.2722946219198093,-0.1951716449467574,-0.08904009533694691,-0.023765040556644756,-0.03812709030100334,-0.13141890593164957,-0.1669934263637412,-0.18015607580824972,,0.11768731019105831,-0.1729519855456887,0.1715142428785607,0.09341483104601546,,0.04796063506708184,-0.25883981086379887,-0.3354015300042287,-0.010310229500634299,-0.14165993926113865,0.11787952177757276,0.14033752354591936,0.3028485757121439,0.10919155806712029,0.10307922961596125,0.010317917964094876,0.040625840925691,-0.08681044093337946,0.14242109714373583,-0.0674739553300273,0.02715565294275939,0.18750624687656173,0.1332795140891093,0.1637335178564564,-0.021012570637758046,-0.03667397070695422,0.17515088609541382,0.09319955406911928
#52,0.23913427901433898,0.417283665859378,0.09995771345096682,0.10181063314496598,-0.020420558951293584,-0.023964940606619765,0.33315649867374003,0.4843731980163764,0.6087571598815976,0.5949563679698612,1.0,0.20086879637104524,0.21782954676507899,0.14817206781224773,0.3255218544573867,-0.05338100180678891,0.22693268750240264,0.05448045208165148,0.3679083535155499,-0.017076077345942412,0.29286895014031444,-0.1186791219774728,0.2107869142351901,-0.018313919963095376,0.1440587398608388,-0.013793103448275862,0.10526275323876523,-0.21934417406681275,-0.11784876792373045,-0.24899088917079923,-0.10743089993464806,-0.37894898704493907,0.001922115865144351,-0.08946296082727867,-0.1492330757698074,-0.06682043593587822,0.0020835735978164765,-0.03141506169991927,0.07997539691692615,-0.06511359704763003,-0.12744397032253105,-0.12173913043478261,0.03373697766501365,-0.06112328451159036,0.0896551724137931,-0.17179871602660207,-0.08439626340675815,-0.13088840195286972,-0.04076423326798139,-0.13421750663129972,-0.02144312459155038,-0.07803021566140007,0.15468419636335679,0.14605005189712836,0.14271325875523777,-0.10290239495636797,-0.1256525583362165,-0.4153999923115365,-0.2007842232729789,-0.2037519701687618,-0.0946219198093261,-0.08347364779148887,-0.028716411025256603,0.03331411217468189,-0.018998193211086763,-2.306539038173221e-05,0.2780840349056241,-0.0039749356091185175,0.39134279014338985,0.20351362780148388,0.4840425940875716,0.3131741821396994,0.1265674854880252,0.08677199861607658,-0.11405835543766578,-0.13195709837388997,-0.1484104101795256,-0.24263252988890172,0.03841925191250529,0.04387806096951524,-0.11314342828585708,-0.12137777265213547,,0.19065082843193787,0.06895782877791873,0.00595087071848691,-0.03422135086303002,,-0.16105024410871488,0.020943374466612846,-0.3549302271940953,-0.03328335832083958,-0.20055356936916158,-0.23949563679698613,-0.15609887364010303,0.23716603236843117,0.07294814131395841,-0.06016991504247876,-0.11866374505055165,0.06274555030177219,-0.03682005151270518,-0.05855533771575751,-0.3154038365432668,0.0379041248606466,0.11724137931034483,0.11807173336408719,0.13050397877984085,-0.09172336908468842,0.019590204897551224,-0.1715526851958636,-0.19228847114904085
#53,0.017614269788182833,0.07576980740399031,-0.38823665090531656,-0.2221889055472264,0.518602237342867,0.32648291238995886,0.4002152769768962,0.6282474147541613,0.4289009341483105,0.001237842617152962,0.20086879637104524,1.0,0.6568484988275093,0.45885518779072004,0.3522315765194326,-0.2624303232998885,-0.23156114250567025,-0.33357167570061125,0.10998346980355976,-0.07790720024603083,0.2720947218698343,-0.3071848691039096,-0.29973474801061006,-0.36396417176027374,-0.09628262791681083,-0.21347787644639218,-0.3828701034098335,-0.46465997770345596,0.2687194864106408,0.232529888901703,-0.3057778802906239,-0.2317149117748818,-0.46191519624802985,-0.04001076384884481,0.4099565601814477,0.26232268481144044,0.33768500365202014,0.3777649636720101,0.2575020182216584,-0.1328412716718564,0.2187137200630454,0.05032868181293968,0.23240687348633376,0.4039211163648945,-0.32287702302694804,-0.37528158997424366,-0.24003382923922653,-0.5053088840195287,-0.6563103063852689,-0.5461038711413524,-0.35037096836197285,-0.5007880675047092,-0.4221889055472264,-0.01190174143697382,0.3898512282320378,0.2974512743628186,-0.11673394072194672,-0.15745973167262522,-0.5231307423211471,-0.5823780417483566,0.12682889324568486,0.2943066928074424,0.48834044516203434,0.30052665974704956,-0.3859070464767616,-0.41290893015030944,0.6372506054664975,0.3133048860185292,0.37235997385922426,0.2544112559105063,0.13195709837388997,-0.05641025641025641,0.5256294929458347,0.5426056202667897,0.4849344558489986,0.3150655441510014,0.41543074616537884,0.1701303194556568,0.4082035905124361,0.05594126013916119,0.521477722677123,0.5392303848075962,,0.5318263944950602,0.7344404720716565,0.23692769000115327,0.2476761619190405,,0.3734440472071657,0.5837004574635759,0.07532387652327682,0.14057586591319723,-0.5247991388920924,-0.16584015684465458,-0.19355706762003613,-0.21933648560335217,-0.4399108138238573,-0.20596624764540805,-0.5576750086495214,-0.2709414523507477,-0.3953023488255872,-0.37071464267866067,-0.34594241340868026,-0.3111213623957252,-0.28426555952792837,-0.37388997808787916,-0.27071848691039097,0.22050513204935993,0.36584784530811515,-0.12741321646868872,-0.11467343251451198
#54,-0.08122861646100027,-0.0637988697958713,-0.2898320070733864,-0.278468458078653,0.4465152039364933,0.44166378349286894,0.31554991734901777,0.38059431822550266,0.23169184638450005,0.12857417445123592,0.21782954676507899,0.6568484988275093,1.0,0.4311459654787991,0.3195632952754392,-0.16170376350286395,-0.06229193095759812,-0.1120439780109945,0.21880598162457232,-0.19270364817591204,-0.03881136354899473,-0.3435897435897436,0.0313381770653135,-0.15532233883058472,-0.08175143197631954,-0.1444354745704071,-0.046476761619190406,-0.3818321608426556,0.3529004728405028,0.2764617691154423,-0.40158382347287896,-0.05872448391189021,-0.3768654134471226,-0.055410756160381346,0.24029523699688618,0.34545035174720334,0.3107215622957752,0.3613193403298351,0.26742782454926384,0.0006612078576096567,0.2644908315073233,0.15286971898666052,0.3693537846461385,0.37619651712605234,0.03512858955137816,-0.2945988544189444,0.004643831930188752,-0.3822780917233691,-0.3635259293430208,-0.4378118632991197,-0.21190174143697382,-0.34601929804328607,-0.24064121785261217,0.0018759850843808865,0.32309230000384426,0.21716833890746934,-0.20534348210510128,-0.1736670126475224,-0.4079344942913159,-0.4447776111944028,-0.09891977088378888,0.037512013224157155,0.36735478414638834,0.14393572444546957,-0.17984084880636605,-0.12216968438857494,0.49708991658017143,0.10600853419444124,0.22436474070656978,0.10823050013454812,0.18213969938107868,-0.018790604697651175,0.5151039864683044,0.35064775304655366,0.3517856456387191,0.11964017991004498,0.2711029100834198,0.054026832737477416,0.46663591281282435,0.18624533886902703,0.41714527351708763,0.49861992080882633,,0.24295544535424596,0.42036673970706956,0.09054703417522009,0.05303502095106293,,0.3141429285357321,0.37300580478991274,0.15006342982354975,0.017045323492100105,-0.32733633183408295,-0.14495829008572636,-0.14326682812439934,-0.13518625302733248,-0.29786645138968976,-0.06735862837811864,-0.45466497520470533,-0.038211663399069694,-0.23281436204974437,-0.16892323069234613,-0.29253065774804904,-0.1342943912659055,-0.14914850267174104,-0.20908007534694192,-0.27088763310652364,-0.009510629300734248,0.21624572329220004,-0.10984507746126937,-0.14945604121016415
#58,-0.03951101372390728,0.12246184600007688,-0.20671971706454464,-0.31620343674316687,0.3170414792603698,0.23707377080690423,0.37665013647022644,0.40488217429746665,0.2404874485834006,-0.12396878483835005,0.14817206781224773,0.45885518779072004,0.4311459654787991,1.0,0.2278322377272902,-0.22341905970091877,-0.11682620228347365,-0.10804597701149425,0.11036789297658862,-0.1340252950447853,0.061953638565332717,-0.23478260869565218,-0.04515434590397109,-0.35660631222850114,0.0004536193441740668,-0.26038519201937493,0.09752047053396379,-0.21362395725214317,0.22878560719640179,0.04703801945181255,-0.23372928920155306,-0.08694114481220928,-0.21918271633414063,-0.17797255218544575,0.12037058393879983,-0.04201745281205551,0.12883558220889554,-0.015215469188482681,0.09332256948448853,-0.17246761234767233,0.14094491215930496,0.08204359358782147,0.06708184369353784,-0.0020605082074347443,-0.11907123361396225,-0.07726136931534233,0.09579056625533387,-0.26517510475531464,-0.3309037788797909,-0.34625764041056395,-0.288255872063968,-0.27121054857186794,-0.10365586437550456,-0.028201283973397915,0.2896167300964902,0.01699919271133664,-0.07491638795986622,-0.35383846538269326,-0.34888709491408143,-0.40951831776419484,0.14432014761849846,0.2137854149848153,0.1296736247260985,0.2533810018067889,-0.031837927190251025,-0.1489255372313843,0.4565102064352439,0.3394764156383347,0.2566255333871526,0.22643293737746512,0.15706762003613578,0.07375542997731903,0.31512705185868606,0.24437781109445278,0.2133702379579441,0.09629800484373198,0.2614538884403952,0.18864413946872718,0.3445584899857763,-0.027340176065813248,0.2580786529812017,0.35795948179756276,,0.22018221658401568,0.40467458578403104,0.266405258909007,0.1387844539268827,,0.38928997039941565,0.45547995233152655,0.23877292123169186,0.2412101641486949,-0.25694076038903624,-0.11731057548149003,-0.24438549955791336,-0.03877292123169185,-0.28150540114558104,-0.10560873409449122,-0.24261715296198055,-0.10011148272017838,-0.24194056817744974,-0.08752546803521316,-0.1572290777688079,-0.30394033752354593,-0.30277169107753815,-0.2524814515819014,-0.15322338830584709,0.22108945527236382,0.3027409372236958,0.004697651174412794,-0.07866835812862799
#101,-0.3951024487756122,0.20811132895090917,-0.30076500211432744,-0.4203898050974513,0.019982316534040673,-0.09872755929727443,0.25078230115711375,0.07187944489293814,0.39081228616461,0.08304309383769654,0.3255218544573867,0.3522315765194326,0.3195632952754392,0.2278322377272902,1.0,0.2897781878291623,-0.06080036904624611,-0.12220043824241725,0.5196786222273478,-0.010448621842924692,0.4993580133010418,-0.07718448468073655,0.06050051897128359,-0.04397801099450275,0.39590204897551223,0.14767231768731018,-0.22118940529735132,-0.6600468996271095,0.3868373505554915,0.03237611963249145,-0.37057625033637026,-0.3727213316418714,-0.4398031753354092,-0.10175681390074194,0.4294160612001691,0.30144158689885825,0.5507938338523046,0.4559412601391612,0.528282012839734,0.021389305347326335,0.449467573905355,0.42819359550993735,0.5190251028331988,0.5422673278745243,-0.18401568446545957,-0.29674393572444546,-0.37487410141083305,-0.43071541152500675,-0.4162303463652789,-0.34036827739976167,-0.4401722215815169,-0.2950447852996579,-0.36630146465228924,0.1483181486179987,0.48099796255718297,0.4422404182524123,-0.07592357667320186,0.0031138277015338484,-0.48178218583016186,-0.43083842694037594,-0.21174797216776228,-0.11486564410102641,0.4363433667781494,0.44481605351170567,-0.4723715065544151,-0.3484565409602891,0.43332948910160307,0.2774766462922385,0.5151808711029101,0.23549763579748587,0.0783608195902049,0.0036673970706954215,0.30765386537500483,0.09723599738592242,0.39497943336024294,0.01951332026294545,0.14435858993580133,-0.10475531465036712,0.5250605466497521,0.42758620689655175,0.1348018298543036,0.07187175642947757,,0.08634144466228424,0.16816976127320954,-0.17477415138584554,-0.1468804059508707,,0.1731903279129666,0.08657209856610157,-0.06842732479913889,-0.06477530465536463,-0.4112559105062853,-0.37772652135470725,-0.22028216660900318,-0.08131318955906662,-0.22590243339868527,-0.3601045631030639,-0.5327951408910929,-0.2911082920078422,-0.4356975358474609,-0.40348287394764154,-0.37946411409679776,-0.35057086841194784,-0.28794833352554494,-0.35077845692538345,-0.3861992080882636,-0.1102064352439165,0.07911428900934148,-0.2641371621881367,-0.49961942105870144
#102,-0.11242840118402338,0.08027524699188868,0.03459808557259832,-0.20579710144927535,-0.20292930457848,-0.07982162764771461,0.11634951754891786,-0.3182639449506016,-0.038004074885634107,-0.14891016030446316,-0.05338100180678891,-0.2624303232998885,-0.16170376350286395,-0.22341905970091877,0.2897781878291623,1.0,-0.036912313074232116,0.1861838311613424,0.3820013070387883,0.5074462768615692,-0.03785030561642256,0.5838388498058663,0.16720870334063737,0.35054780302156613,0.24020297543535923,0.5252220043824242,-0.14436627839926192,-0.11362780148387344,0.08894783377541998,0.23320647368623382,0.0004997501249375312,0.13580901856763924,0.016545573367162572,0.1697151424287856,-0.018790604697651175,0.08809441433129589,-0.053504017222158154,0.2357282897013032,0.014608080575097066,0.3506554415100142,0.06899627109522162,0.14921769884288624,0.19136585553377158,0.17515088609541382,-0.027132587552377657,0.29328412716718566,-0.19331872525275823,-0.11614961749894284,-0.06367585438050205,0.018114019913120363,-0.21493099604044133,0.12110098796755468,-0.3012109329950409,0.2071118287010341,-0.20841117902587167,0.26309153115749817,-0.3930880713489409,0.2354515050167224,0.0482835505324261,0.17173720831891748,-0.47079537154499673,-0.48429631338177065,0.03761196324914466,0.377203705839388,-0.011632645215853612,0.05644101026409872,-0.13417137585053626,0.018483066159228078,0.27077999461807556,0.1534847960635067,0.05776342597931804,-0.015092453773113444,-0.10923768884788375,-0.0963595125514166,-0.07001114827201783,-0.16301849075462269,-0.30630069580594316,-0.4124322454157537,0.12446084649982701,0.6506977280590474,-0.04643063083842694,-0.13772344596932304,,-0.17465882443393688,-0.2509360704263253,-0.4607081074847192,-0.3824011071387383,,-0.09617498942836274,-0.23709683619728597,-0.14944066428324299,-0.2770922231192096,0.15125514165993925,-0.1962249644408565,0.008165148195133202,0.10135701380079191,0.348694883327567,-0.17339791642640218,-0.05907046476761619,-0.15272363818090953,-0.21407757659631724,-0.17824933687002653,0.19526390650828432,-0.09312266943451351,-0.14941759889286127,-0.16850805366547494,-0.11964786837350555,-0.5021258601468497,-0.2676661669165417,-0.327936031984008,-0.3117595048629531
#201,0.14741090992965056,0.08889401453119594,0.5799023565140506,0.23312190058816745,-0.17254449698227808,0.1971091377388229,-0.1496482527966786,0.018544573866912696,0.05217391304347826,0.44564640756544804,0.22693268750240264,-0.23156114250567025,-0.06229193095759812,-0.11682620228347365,-0.06080036904624611,-0.036912313074232116,1.0,0.6792373044247108,0.06452158536116558,-0.3400376734709568,-0.3229000884173298,-0.3251451197478184,0.4834044516203437,0.19790873793872293,0.07527774574251336,-0.02410333294891016,0.42367277899511785,0.05348095183177642,0.31125206627455504,-0.022135086303002344,0.2184753776957675,0.31703379079690924,0.24653826932687503,-0.18537654249798177,-0.2963595125514166,-0.27629262291930956,-0.2560796524814516,-0.29560604313228,-0.25656402567946796,-0.29022411870987586,-0.2765924729942721,-0.3431207473186484,-0.29021643024641525,-0.29379925421904435,0.0822742474916388,-0.0044439318802137395,0.32506823511321264,-0.05042094337446661,0.2297697305193557,-0.08853265674854881,0.24174066812747472,-0.022665590281782187,0.3865836312612924,-0.017222158151693385,-0.053488640295237,-0.184899857763426,-0.09043170722331142,-0.45656402567946797,0.08872486833506324,-0.05179717833390997,0.03601276284934456,-0.038649905816322605,-0.3206934994041441,-0.08340445162034367,0.4404643831930189,0.06702033598585323,-0.1939107369392227,-0.012924307077230615,0.09248452696728558,0.2546419098143236,0.4962749394533503,0.6602852419943874,0.047537769576750086,-0.07877599661707607,-0.20784223272978894,-0.18784453926882713,-0.007219467189482182,0.12563718140929536,0.16789297658862876,0.007104140237573521,-0.16147310959904662,-0.12441471571906354,,-0.14867950640064584,-0.2384500057663476,-0.0212662899319571,-0.1037096836197286,,0.026971129819705533,-0.2585245838619152,-0.2617921808326606,-0.2832276169607504,-0.005873986083881137,0.03269134663437512,-0.06003152270018837,0.7459424134086803,0.3578057125283512,0.6506515972782839,0.29943489793564754,0.4981201706838888,0.04094875639103525,0.5644177911044478,0.3217391304347826,0.340998731403529,0.28988582631761045,0.39433360242955445,0.17245223542075117,-0.05125129742820897,-0.12298466151539615,0.14342059739361088,0.03870372506054665
