,#10,#11,#12,#13,#17,#18,#26,#49,#50,#51,#52,#53,#54,#58,#101,#102,#201,#202,#301,#302,#401,#402,#501,#502,#601,#602,#701,#702,#801,#802,#901,#902,#1001,#1002,#1101,#1102,#1201,#1202,#1301,#1302,#1401,#1402,#1501,#1502,#1601,#1602,#1701,#1702,#1801,#1802,#1901,#1902,#2001,#2002,#2101,#2102,#2201,#2202,#2301,#2302,#2401,#2402,#2501,#2502,#2601,#2602,#2701,#2702,#2801,#2802,#2901,#2902,#3001,#3002,#3101,#3102,#3201,#3202,#3301,#3302,#3401,#3402,#3455,#3501,#3502,#3601,#3602,#3701,#3702,#3801,#3802,#3901,#3902,#4001,#4002,#4101,#4102,#4201,#4202,#4301,#4302,#4401,#4402,#4501,#4502,#4601,#4602,#4701,#4702,#4801,#4802
#10,1.0,0.2642755545304271,0.39185791719524854,0.29685157421289354,0.1712143928035982,0.008580325222004382,-0.0031292046284550033,0.6854188290470149,0.5155037865682544,0.4181447737669627,0.3788721024103333,0.2042594087571599,-0.03559758582247338,-0.04861415446123092,-0.13537077615038634,-0.057994079883135354,0.26911928651059086,0.4467535463037712,-0.23438280859570215,-0.2512359205012878,-0.19657094529658248,-0.10822281167108753,-0.3618652212355361,-0.05114365893976089,-0.33975320032291545,0.020282166609003192,-0.08857878752931227,0.11052935070926076,0.039387998308538036,-0.06754315150117249,-0.029800484373198016,-0.01826778918233191,0.10122630992196209,0.06335293891515781,-0.048083650482451085,0.013777726521354706,-0.2678814438934379,-0.10769999615576827,-0.2052358436166532,-0.13673932264636912,0.13593972244646907,0.0673048091338946,-0.16854649598277785,-0.27712297697305194,-0.6046976511744128,-0.2978126321454657,-0.015515319263445201,0.15476876946142312,0.10755391535001729,0.10035751355091685,0.3112213124207127,0.17442817053011955,0.15812862799369545,0.04574635759043555,-0.20902625610271788,-0.08939376465613347,-0.26394495060162226,-0.3306500595855918,-0.03962634067581594,-0.002967746895782878,-0.010756160381347787,-0.026356052742859338,-0.035928189751278206,-0.07137200630454003,0.03346019298043286,0.22667127974474302,0.028931688002152768,-0.23706608234344367,-0.0006458309306885019,0.04013377926421405,0.24707646176911544,0.24394725714066043,-0.277030715411525,0.0665897820320609,-0.29800484373198016,-0.08826356052742859,-0.30028831737977163,-0.1687310191058317,-0.17525083612040135,-0.11263598969745896,0.16346442163533617,-0.011594202898550725,,0.07851458885941645,-0.07766885787875293,0.17561219390304847,-0.018367739207319416,0.1571983239149656,0.13476338753700073,0.14594241340868028,-0.06279936954599623,0.06898858263176104,-0.1982316534040672,0.05107446276861569,-0.1448429631338177,0.10519355706762004,0.1349786645138969,0.43149194633452503,0.4563487487025718,0.47428593395609886,0.36391804097951025,0.36324914465844,0.062361127128743324,0.35265444200976437,0.32573713143428284,0.384007996001999,0.28770230269480646,-0.04977511244377811,-0.12853573213393304,-0.1529773574751086,0.013785414984815284
#11,0.2642755545304271,1.0,0.32079344942913157,0.3327720755007112,0.07084919078922078,0.015246223042324992,0.08617229846615154,0.14394341290893015,0.13047322492599853,0.3887056471764118,0.28157459731672624,-0.11295121669934263,-0.14698804443931882,0.009649021643024641,-0.01909814323607427,0.11559604812978126,-0.07880675047091838,0.2710106485218929,-0.28957059931572676,-0.03585899358013301,-0.04154845654096029,0.07281743743512858,0.14498904393956868,0.14689578287779187,0.09038557644254795,0.14032983508245878,-0.08207434744166378,0.08889401453119594,-0.4175527620804982,-0.22979279590973745,-0.07862991581132511,0.037888747933725445,0.09314573482489524,0.360865720985661,-0.14381270903010032,-0.10499365701764503,-0.18103256064275555,0.0007380924922154307,-0.25098988967054936,-0.08250490139545612,-0.011378925921654558,-0.08738707569292277,-0.2032675969707454,-0.013431745665628724,-0.13856917694998655,0.08288163610502441,-0.1550224887556222,0.12110098796755468,0.12506823511321263,0.20890324068734864,0.06484450082650982,0.2402183523622804,0.12008611079075847,-0.08592626763541306,-0.10586245338869027,-0.13119594049129282,0.0020605082074347443,-0.03305270441702226,-0.07905278130165687,0.041317802637142964,-0.05889363010802291,-0.030923000038442318,-0.14240572021681466,-0.047753046553646254,-0.13723907277130665,0.12457617345173568,-0.11727213316418714,-0.15935109368392728,-0.032552954292084726,-0.05785568754084496,0.11338177065313497,0.025156652443009266,-0.2418175527620805,-0.008341982854726484,-0.1382078191673394,-0.2787683081536155,-0.15017106831199784,-0.2142236574020682,-0.09399915426901934,-0.10961442355745205,-0.1489639795486872,-0.05349632875869757,,-0.1260369815092454,0.0006612078576096567,-0.07756121939030484,-0.04054126782762465,-0.2439318802137393,0.017744973667012647,-0.1524622304232499,0.0016607081074847191,-0.17715757505862453,0.09865067466266866,0.060400568946296085,-0.09582900857263676,0.09487563910352516,0.16316457156037367,0.006004689962710952,0.15532233883058472,0.007119517164494675,0.14255180102256565,0.006712028601084073,0.024872179294967902,0.20525122054357436,0.09778187829162342,0.11644177911044477,0.22842424941375467,0.0255872063968016,-0.00198362357282897,-0.09517548917848768,-0.23999538692192365
#12,0.39185791719524854,0.32079344942913157,1.0,0.5830238726790451,0.11936339522546419,0.2724407027255603,-0.14788759466420637,0.23612040133779263,0.08085957021489255,0.5570522431092146,0.18178603006189212,0.015138584553876908,-0.062168915542228885,-0.011763349094683427,-0.060700419021258605,0.015515319263445201,0.6218352362280398,0.7346634375120132,-0.25528005228155154,-0.32699803944181755,-0.21311651866374506,-0.08071348940914158,0.13391765655633722,-0.11781032560642755,0.07486256871564217,-0.08405028255103218,0.21669165417291356,0.057648099027409375,0.08311229000884174,-0.042770922231192096,0.21171721831391996,0.2739707069542152,0.25026717410525506,0.21605351170568562,-0.15762887786875793,-0.03703532848960135,-0.2452850497828009,-0.09246146157690385,-0.2543958789835851,-0.32769768961673007,-0.07793026563641256,0.17604274785684082,-0.06441394687271748,-0.20824203282973897,-0.4410640833429439,-0.2603544381655326,0.015453811555760581,0.021520009226156152,0.29838926690500905,0.25932418406181523,0.46858109406835047,0.46355283896513283,0.31766424480067657,0.2859108907084919,-0.183808095952024,-0.17759581747587744,-0.12275400761157883,-0.23353707761503864,-0.21637642717102987,-0.10396340291392765,0.08472686733556299,0.20607388613385616,-0.11501941337023795,-0.14428939376465613,0.10783070003459809,0.3089762810902241,-0.062253488640295236,-0.2404566947295583,-0.026271479644792987,-0.14435858993580133,0.3995848229731288,0.3823472878945143,-0.26835044016453313,0.29399915426901935,-0.3663091531157498,-0.03635874370507054,-0.12533733133433284,0.16127320954907162,0.17987160266020835,-0.009695152423788106,-0.21838311613424058,-0.0009303040787298658,,-0.21641486948833275,-0.08551109060854188,0.05844769922730942,-0.02493368700265252,0.011417368238957445,0.20393649329181562,-0.12251566524430092,-0.07097220620459001,-0.03935724445469573,-0.21130972975050935,-0.04523891900203744,-0.27580056125783264,0.5978856725483412,0.2014992503748126,0.5112059354937916,0.4762541806020067,0.47790720024603084,0.5678160919540229,0.49318417714219814,0.4639065082843194,0.4862876254180602,0.35419982316534043,0.4406950370968362,0.4584169453734671,0.12107023411371237,0.08299696305693308,-0.08727943720447469,-0.1915350017299043
#13,0.29685157421289354,0.3327720755007112,0.5830238726790451,1.0,0.3145965478799062,0.2219736285703302,-0.16146542113558604,0.3206858109406835,-0.02221197093760812,0.6866336062737862,0.07314035290047284,-0.09348402721716065,0.00010763848844808364,-0.29296890016530197,-0.04986737400530504,0.14965594126013917,0.45725598739091994,0.45536462537961786,-0.1849229231538077,-0.04199438742167378,-0.0918002537192942,0.0773382539499481,0.17817245223542075,0.21328566485987777,0.04421635336178065,0.19049705916272633,0.13180332910467843,0.21374697266751239,-0.20108407334794143,0.03013877676546342,0.12907392457617345,0.4169146196132703,0.2650290239495637,0.4155768269711298,-0.17869526775074002,0.09613654711105986,-0.18396186522123553,0.03509783569753585,-0.14176757774958673,-0.1076538653750048,-0.08767923730442471,0.03662783992619075,-0.1226924999038942,0.006919617114519663,-0.1398070195671395,-0.016545573367162572,-0.026525198938992044,0.13758505362703263,0.19791642640218352,0.23500557413600892,0.3612732095490716,0.4480221427747665,0.33296428708722564,0.30281013339484103,-0.09067004959058932,0.0581478491523469,-0.12103948025987006,-0.08292007842232729,-0.18085572598316227,0.11254372813593204,-0.05408834044516204,-0.05763272210048822,-0.19719371083688925,-0.056717794948679505,0.1117056856187291,0.2414100641986699,-0.20395955868219737,-0.3330181063314497,-0.16268788682581786,-0.22796294160612002,0.06807365547995232,-0.08715642178910545,-0.15713681620728098,0.07984469303809634,-0.24543881905201245,-0.19797793410986814,-0.24284780686579788,-0.05602583323722754,-0.07929112366893476,-0.016268788682581786,-0.11707223311421212,0.07776880790374044,,-0.18896705493407143,-0.05478799062007458,-0.18326990350978356,-0.12694422019759352,-0.13161880598162456,0.23406758159381846,-0.15606811978626073,0.12023988005997001,-0.13724676123476723,0.12257717295198554,0.014700342136623995,-0.05673317187560066,0.14337446661284742,0.08273555529927344,0.16770076500211434,0.4379348787144889,0.19065851689539845,0.3811171337408219,0.0869718986660516,0.3466266866566717,0.3407296351824088,0.45278130165686387,0.29854303617422057,0.40967977549686696,-0.08105178180140699,-0.12424556952293084,-0.2924460846499827,-0.1764502364202514
#17,0.1712143928035982,0.07084919078922078,0.11936339522546419,0.3145965478799062,1.0,0.5173259524084112,-0.3098297005343482,0.20464383193018876,0.06920385960865721,0.12200053819244223,-0.12063968015992003,0.5257986391419674,0.1185407296351824,-0.1683235305424211,0.28122092799753967,0.17538922846269173,0.17806481374697267,0.153315649867374,0.08106715872832815,0.1890054972513743,-0.05092838196286472,0.0919386460615846,0.21503094606542883,0.28072117787260215,0.0918694498904394,0.3286126167685388,-0.28191288970899164,-0.20509745127436282,0.14159074308999348,0.4680505900895706,0.126644370122631,0.27631568830969133,-0.10616999192711336,0.3184177142198132,0.4047899127359397,0.43311421212470685,0.2560796524814516,0.3448814054511206,-0.09512166993426363,0.16711644177911045,0.06112328451159036,0.16674739553300272,0.2907930650059586,0.4008226655902818,-0.1297351324337831,0.2912851266674355,-0.307377080690424,-0.180332910467843,-0.30486295313881523,-0.2816822358051743,-0.20535885903202244,-0.14672663668165917,-0.14670357129127745,-0.024272479145042863,-0.30688501902894705,0.1513704686118479,-0.3771037558144005,-0.027624649213854612,-0.44064890631607273,-0.09921193249529081,-0.1870064967516242,-0.05493407142582555,0.3754430477069158,0.44308614923307577,-0.23854226732787454,0.019705531849459886,0.20495137046861184,0.05264290931457348,0.17016876177295967,0.174274401260908,0.024587706146926538,-0.02454926382962365,0.1712528351209011,0.014977126821204782,0.044024141775266215,-0.07169492176988429,-0.1283742744012609,-0.18095567600814977,0.3454964825279668,0.4184753776957675,0.42657132971975553,0.6619228847114904,,0.27735363087686926,0.5854841809864298,-0.021158651443509015,0.033506323761196326,-0.12143928035982009,0.30716180371352786,0.22938530734632684,0.636404874485834,-0.19281128666436012,0.3105216622458002,-0.19779341098681427,0.06339138123246069,-0.13608580325222006,0.23837312113174183,-0.26997270595471495,0.01818321608426556,-0.30936839272671357,-0.2564794525814016,-0.16479452581401607,-0.040349056241110216,-0.1452273863068466,0.07248683350632376,-0.1973397916426402,-0.1865528774074501,-0.24336293391765657,-0.1085072848191289,-0.2980817283665859,-0.23798869795871294
#18,0.008580325222004382,0.015246223042324992,0.2724407027255603,0.2219736285703302,0.5173259524084112,1.0,-0.2658363126129243,0.10655441510014224,-0.06027755353092684,0.12346134624995195,-0.20036135778264713,0.5092453773113443,0.44380886479837006,0.016176527121054857,0.30709260754238266,0.2890785376542498,0.17936416407181024,0.5037404374735709,0.0002306539038173221,0.11522700188367355,-0.00031522700188367357,-0.0013070387882981587,0.35339253450197977,0.1482873947641564,0.19964633068081344,0.0816284165609503,-0.08782531811017569,-0.27282512589858915,0.3479567908353516,0.6756775458424634,0.6844577711144427,0.1151731826394495,0.07749202321915966,0.29715142428785607,0.5620189905047476,0.5296505593357168,0.30787683081536155,0.26762772459923884,-0.18372352285395763,0.0746165378849037,-0.12043209164648445,0.24420866489832008,0.33764656133471727,0.4081805251220544,-0.1497482028216661,0.1573674701110983,-0.15523776573251835,-0.36105793257217544,-0.18749855841310115,-0.36779302656364127,-0.10962211202091263,-0.16044285549532925,-0.1863222235036328,-0.15071694921769885,-0.2884327067235613,0.019997693460961828,-0.4348671817937185,-0.058816745473417135,-0.6597316726252258,-0.3551916349517549,-0.09886595163956484,0.11999384922923154,0.5500096105793257,0.4265636412562949,-0.22037442817053013,-0.05311959404912928,0.42492599853919194,-0.116364894475839,0.23519009725906279,0.14401260908007535,0.04171760273709299,0.03087686925767885,0.3516703186868104,0.3414139084304002,0.21356244954445855,0.11691846384500057,0.012093953023488256,0.012539883904201745,0.6505593357167571,0.5672394571944797,0.263422135086303,0.5228155153192634,,0.14347441663783492,0.7134663437512013,0.049767423980317534,0.10899165801714528,-0.041317802637142964,0.31679544842963137,0.030892246184600007,0.548041363933418,-0.234913312574482,-0.002475685234305924,-0.3794564256333372,-0.17201399300349826,0.2115019413370238,0.25508015223157654,-0.04578479990773844,0.008488063660477453,-0.21910583169953485,-0.2699573290277938,0.22866259178103257,0.1196709337638873,-0.21943643562833967,-0.00805750970668512,-0.14006073886133857,-0.19737054549648253,-0.122423403682774,0.08201283973397916,-0.2743474416637835,-0.3127897589666705
#26,-0.0031292046284550033,0.08617229846615154,-0.14788759466420637,-0.16146542113558604,-0.3098297005343482,-0.2658363126129243,1.0,-0.06751239764733018,0.0125552608311229,0.15772113943028485,0.4209203090762311,-0.17119901587667705,0.2325913966093876,0.46636681659170415,-0.04689193864606159,0.0782608695652174,-0.2212662899319571,-0.22486449083150734,0.01836005074385884,0.2020758851343559,0.10847653096528659,0.10261023334486603,-0.003098450774612694,-0.05842463383692769,-0.07191788721024103,-0.191904047976012,0.15521470034213664,0.014069888132856648,-0.12429938876715488,-0.24979817783415983,-0.09386845039018953,-0.3000807288663361,0.12173913043478261,-0.053365624879867755,-0.06954984046438319,-0.1679467958328528,0.12258486141544613,-0.2626686656671664,0.27450121093299507,-0.04837581209395302,0.14901779879291124,-0.06615153961480798,-0.017037635028639527,-0.009995002498750625,0.22071272056279553,0.0864567716141929,-0.027855303117671933,0.004805289662860877,0.036850805366547494,-0.006481374697266751,0.030923000038442318,-0.028439626340675817,0.05492638296236497,0.04027986006996502,0.22951601122515666,-0.08542651751047553,0.10349440664283242,-0.0006842732479913889,0.22724022604082575,0.14189059316495597,-0.21037173720831892,-0.3014338984353977,-0.059831622650213356,-0.12032445315803636,-0.012216968438857494,-0.07390919924653058,0.06946526736631684,0.33743897282128166,-0.0925152808211279,0.06844270172606004,-0.12302310383269903,0.0379041248606466,0.11797178333909968,-0.027224849113904586,0.16384884480836504,-0.1144581555376158,-0.051182101257063774,-0.20198362357282898,-0.07315572982739399,-0.1266366816591704,-0.08006765847845308,-0.22547187944489294,,-0.15989697458962826,-0.3269672855879752,-0.29878906700495905,-0.21782954676507899,0.1610425556452543,-0.11095990466305308,-0.1018721408526506,-0.14768000615077076,-0.030269480644293238,0.011809479875446892,-0.047483950332526045,-0.11223618959750893,-0.0882251182101257,-0.20094568100565102,0.0005151270518586861,-0.16411794102948526,0.017445123592050128,-0.0003921116364894476,0.07234844116403337,-0.1272210048821743,-0.08371967862222734,-0.30686195363856533,0.029585207396301848,-0.06547495483027717,-0.18551493484027218,-0.10587783031561143,-0.07201014877176797,0.08240495137046862
#49,0.6854188290470149,0.14394341290893015,0.23612040133779263,0.3206858109406835,0.20464383193018876,0.10655441510014224,-0.06751239764733018,1.0,0.5098988967054934,0.45707146426786605,0.4517818014069888,0.28222811671087533,0.08684888325068235,-0.07937569676700111,-0.010971437358243954,-0.00017683465959328028,0.40035366931918653,0.33386383731211317,-0.11245915503786569,-0.1484796063506708,-0.15866682043593588,-0.10756929227693846,-0.1620881866758928,0.05051320493599354,-0.09851997078383885,0.07848383500557414,-0.07236381809095452,0.029808172836658594,0.16574789528312767,0.111944027986007,0.19827778418483066,0.17919501787567754,0.21166339906969592,0.08415023257601968,0.09215392303848076,0.049221543074616535,-0.17671164417791105,-0.08174374351285896,-0.3005574136008919,-0.16867719986160765,0.07345557990235652,-0.07863760427478568,0.010710029600584323,-0.18140929535232383,-0.4168761772959674,-0.2738784453926883,0.03291431207473187,0.14149079306500595,0.10781532310767693,-0.0028447314804136395,0.24955983546688196,0.12536039672471458,0.2158536116557106,-0.04906777380540499,-0.2233114212124707,-0.14462768615692154,-0.3265059777803406,-0.36796217275977394,-0.1508322761696075,-0.326244570022681,-0.24093337946411408,-0.14012993503248375,0.09994233652404567,0.16164225579517932,0.05754814900242187,0.2098719870833814,0.14945604121016415,-0.12332295390766156,0.11792565255833622,0.1003421366239957,0.22066658978203207,0.22497212931995542,-0.20069196171145195,-0.011947872217737285,-0.28358128627993695,-0.024618460000768845,-0.35174720332141624,-0.24809133894591165,0.019628647214854113,0.045769422980817286,0.23237611963249144,-0.010087264060277554,,0.23760427478568408,0.017898742936224194,0.09382231960942605,-0.15187021873678547,0.2524968285088225,-0.05051320493599354,0.24333986852727482,-0.017568139007419367,0.08888632606773536,-0.3354476607849921,-0.10959135816707032,-0.13543997232153154,0.09555991235151655,0.028862491831007572,0.3119132741321647,0.3011571137508169,0.3188867104909084,0.1953715449967324,0.25231230538576865,0.08242801676085035,0.35013262599469497,0.3389920424403183,0.37206012378426173,0.1886364510052666,-0.09330719255756736,-0.26898089416830046,-0.3182639449506016,-0.1494329758197824
#50,0.5155037865682544,0.13047322492599853,0.08085957021489255,-0.02221197093760812,0.06920385960865721,-0.06027755353092684,0.0125552608311229,0.5098988967054934,1.0,0.2586245338869027,0.41475416138084803,0.33203398300849574,0.17691923269134663,0.34639603275285435,-0.015461500019221159,0.03780417483565909,0.120585860915696,-0.012632145465728674,-0.07269442201975936,-0.0111944027986007,-0.08667973705454965,-0.05667166416791604,-0.08484988275093222,0.1333102679429516,-0.07498558413101142,0.1603890362511052,-0.28722561796025065,-0.2336139622496444,0.3331488102102795,0.06654365125129742,0.12277707300196056,0.012186214585015185,-0.2040902625610272,-0.009410679275746741,0.2507899896205743,0.14963287586975743,-0.04874485834006074,0.10430938376965364,-0.1764194825664091,0.05673317187560066,0.34459693230307925,0.1102064352439165,0.10395571445046707,-0.12071656479452582,-0.3625110521662246,-0.11812555260831123,-0.17507400146080807,-0.11379694768000614,-0.31267443201476186,-0.21629954253642408,-0.05749432975819782,-0.20314458155537615,-0.1370161073309499,-0.1251374312843578,-0.1577057625033637,-0.03664321685311191,-0.15173182639449506,-0.06475992772844347,-0.013508630300234498,-0.2815592203898051,0.11415061699919271,0.2522969284588475,0.31940952600622763,0.20382116633990696,-0.2040441317802637,-0.0057663475954330525,0.32396109637488946,0.19032791296659363,0.38760619690154924,0.4076423326798139,0.17607350171068312,0.2831507323261446,0.0033444816053511705,0.029362241955945105,-0.11846384500057663,0.12882789374543496,-0.003844231730288702,-0.017714219813170336,0.11451966324530043,0.09998846730480913,0.09019336485603352,0.009103140737323646,,-0.015253911505785568,0.031399684772998114,0.36560950294083727,0.19195786722023603,0.2977665013647023,-0.0009610579325721755,0.315019413370238,-0.14644985199707838,0.227363241456195,-0.15063237611963248,0.09921193249529081,0.06552108561104063,0.0010763848844808366,0.30140314458155537,0.06253796178833661,0.005551070618536886,0.18956675508399645,-0.10444008764848345,0.017452812055510705,-0.3717295198554569,-0.012001691461961327,-0.02872409948871718,-0.06438319301887518,-0.1964940606619767,0.15296966901164802,0.08610310229500634,0.09649021643024641,0.08871717987160266
#51,0.4181447737669627,0.3887056471764118,0.5570522431092146,0.6866336062737862,0.12200053819244223,0.12346134624995195,0.15772113943028485,0.45707146426786605,0.2586245338869027,1.0,0.42207357859531774,0.03128435782108945,0.1601891362011302,0.06683581286279937,-0.18352362280398263,-0.05754814900242187,0.5623957252143159,0.3728597239841618,-0.17361319340329834,-0.15235459193480183,-0.28351977857225236,-0.1813477876446392,0.15605274285933957,0.01903663552838965,0.02016683965709453,-0.0205512628301234,0.28358128627993695,0.22110483219928498,-0.02573328720255257,-0.07528543420597393,0.21277053780801908,0.24479298812132394,0.3666935762887787,0.20840349056241111,-0.1683235305424211,-0.05755583746588244,-0.12379195017875677,-0.18982047437819552,-0.13529389151578058,-0.31195171644946756,0.2000307538538423,0.013062699419521009,-0.02668665667166417,-0.18752931226694344,-0.22444162534117557,-0.17193710836889248,0.0403874985584131,0.22127397839541768,0.3219236535578365,0.29862760927228693,0.4151385845538769,0.4862876254180602,0.41190174143697383,0.2848114404336293,-0.1069388382731711,-0.18974358974358974,-0.11863299119670934,-0.28715642178910544,0.03521316264944451,0.007942182754776457,-0.12750547803021567,-0.1009879675546842,-0.14554261330873025,-0.050836120401337795,0.17847230231038327,0.28981663014646525,-0.11528850959135817,-0.10893783877292124,-0.16140391342790145,-0.14724176373351786,0.19635566831968632,0.22191980932610617,-0.2842809364548495,-0.02587936800830354,-0.4099642486449083,-0.1964633068081344,-0.4463537462038212,-0.15044016453311806,-0.03660477453580902,-0.10437857994079883,-0.08258178603006189,-0.08096720870334063,,-0.07289432206973437,-0.21822165840156846,-0.07399377234459693,-0.1550839964633068,0.13295659862376505,0.08592626763541306,0.04739168877099911,-0.04377042248106716,0.11777957175258524,-0.008372736708568793,0.03299119670933764,-0.10461692230807673,0.20093030407872986,-1.5376926921154808e-05,0.3472802060508207,0.3897820320608926,0.3709068542651751,0.45384230961442357,0.3031945565678699,0.25192788221273976,0.41975935109368395,0.37480490523968785,0.44043362933917657,0.4355283896513282,-0.08045977011494253,-0.18129396840041517,-0.26500595855918196,-0.12906623611271287
#52,0.3788721024103333,0.28157459731672624,0.18178603006189212,0.07314035290047284,-0.12063968015992003,-0.20036135778264713,0.4209203090762311,0.4517818014069888,0.41475416138084803,0.42207357859531774,1.0,0.016353361780648137,0.14591934801829853,0.2889708991658017,-0.059447199477184486,-0.04451620343674317,0.12792065505708683,0.16959981547687694,-0.10137239072771306,-0.02617152961980548,-0.16449467573905355,-0.17023795794410487,-0.19563295275439205,-0.0422942374966363,-0.12471456579402607,-0.06558259331872525,-0.019997693460961828,0.0014992503748125937,0.006842732479913889,-0.1479414139084304,-0.07426286856571714,0.07744589243839618,0.2432783608195902,0.15575289278437704,-0.027878368508053666,-0.04690731557298274,-0.01104832199284973,-0.010602391112136239,-0.12774382039749357,-0.11302810133394842,0.052927382462614844,-0.0037442817053011954,-0.05972398416176527,-0.1225233537077615,-0.09106216122707878,-0.12512205435743667,0.04693038096336447,0.14445085149732825,0.19008957059931572,0.1376926921154807,0.20227578518433093,0.06773536308768692,0.128481912889709,-0.11783339099680928,-0.11830238726790451,-0.21506169991927113,-0.19378003306039288,-0.3168800215276977,-0.036966132318456156,-0.20877253680851882,-0.30474762618690654,-0.17718832891246683,-0.07456271864067966,0.018060200668896322,0.09793564756083496,0.2381809095452274,0.0411025256602468,0.03680467458578403,0.13737746511359705,0.16200361357782647,0.1824703033098835,0.297443585899358,-0.038027140276015836,-0.03308345827086457,-0.14478145542613308,0.006619767039557144,-0.17238303924960596,-0.2799523315265444,-0.10602391112136239,-0.1240226040825741,-0.03096913081920578,-0.2828970130319456,,0.041671471956329524,-0.20185291969399916,-0.05547995233152654,-0.2240187598508438,0.16201899050474763,-0.17723445969323032,0.02182754776457925,-0.19803175335409218,-0.042686349133125745,-0.21794487371698765,-0.06775842847806866,-0.25584131011417366,0.20225271979394918,0.16414100641986698,0.2119401837542767,0.013370237957944104,0.35728289701303195,0.24161765271210547,0.1801637642717103,-0.034267481643793486,0.36214200592011686,0.01335486103102295,0.39647099527159496,0.05970091877138354,-0.1536539422596394,-0.3353169569061623,-0.16364894475839004,-0.10764617691154423
#53,0.2042594087571599,-0.11295121669934263,0.015138584553876908,-0.09348402721716065,0.5257986391419674,0.5092453773113443,-0.17119901587667705,0.28222811671087533,0.33203398300849574,0.03128435782108945,0.016353361780648137,1.0,0.4887633106523661,0.22894706492907393,0.14544266328374275,0.05078230115711375,0.21619959251143658,0.08178218583016184,0.12478376196517126,0.016361050244108714,-0.036912313074232116,-0.15564525429592896,-0.10113404836043517,-0.11489639795486872,-0.1098297005343482,-0.005143582055126283,-0.19780109945027485,-0.268188982431861,0.6763618190904548,0.6638911313573982,0.3918732941221697,0.09269980394418176,-0.2042594087571599,0.01798331603429055,0.6951062930073425,0.4725175873601661,0.3951947103371391,0.1953023488255872,-0.2794295160112252,-0.012347672317687311,0.3102371890977588,0.22950832276169608,0.6099411832545266,0.21519240379810095,-0.25381924422404184,-0.11229769730519355,-0.09617498942836274,-0.22498750624687655,-0.31593434052204666,-0.4299311882520278,-0.07453196478683735,-0.2802214277476646,-0.056371814092953526,-0.018752162380348287,-0.2875792872794372,0.05904739937723446,-0.4733248760235267,-0.2690424018759851,-0.3938107869142352,-0.4189981932110868,-0.08277399761657633,0.10675431515011725,0.6566332218506131,0.6096336447161035,-0.11302041287048784,-0.04391650328681813,0.5775727520854957,0.2507438588398109,0.3430054203667397,0.33233383308345826,0.004351670318686811,0.2336831584207896,0.2612539883904202,0.0850267174105255,0.08911697997155268,0.0663821935186253,-0.03548225887056472,-0.049552147003421365,0.4360358282397263,0.4628839426440626,0.6611155960481297,0.598762157382847,,0.4607696151924038,0.5726290700803445,0.2826509822012071,0.15582977741898282,0.2822358051743359,0.2543497482028217,0.5934648060585092,0.3621266289931957,0.10487833006573637,-0.17344404720716564,-0.20873409449121594,-0.03877292123169185,-0.009187713835389997,0.16378733710068044,-0.15956637066082344,-0.2329988851727982,-0.07698458463076155,-0.3325875523776573,-0.03977242148156691,-0.24293237996386421,-0.32768231268980896,-0.2575404605389613,-0.1204474685734056,-0.44390881482335753,-0.12522200438242417,-0.08747164879098912,-0.21148656441010263,-0.18954368969361474
#54,-0.03559758582247338,-0.14698804443931882,-0.062168915542228885,0.00010763848844808364,0.1185407296351824,0.44380886479837006,0.2325913966093876,0.08684888325068235,0.17691923269134663,0.1601891362011302,0.14591934801829853,0.4887633106523661,1.0,0.46641294737246763,0.14354361280898012,-0.040725790950678506,0.1848537269826625,0.004713028101333948,0.10406335293891515,0.0032675969707453966,0.2011532695190866,-0.20604313228001384,0.031399684772998114,-0.2383193018875178,0.05615653711605736,-0.27324030292546037,0.21683773497866451,-0.03526698189366855,0.4798600699650175,0.5130665436512513,0.4082266559028178,0.08024449313804637,-0.047699227309422214,-0.003751970168761773,0.4474608849421443,0.28953984546188444,0.3917733440971822,0.007265597970245646,-0.18165532618306232,-0.10177987929112367,0.14934071425825549,0.0922077422827048,0.47276361819090457,0.1945258140160689,0.20976434859493331,-0.1315726752008611,0.21788336600930305,-0.03213008880175297,-0.11436589397608887,-0.22164302464152538,0.10252566024679968,-0.132902779379541,0.0882943143812709,0.06164610002690962,-0.005635643716603237,-0.059739361088686424,-0.16540960289086226,-0.12914312074731865,-0.2340598931303579,-0.2798370045746358,-0.22283473647791488,-0.157736516357206,0.3200092261561527,0.1878214738784454,0.12369968861722985,-0.1945258140160689,0.30470918386960366,0.09742820897243686,0.05664859877753431,0.015784415484565408,-0.2984430861492331,-0.07561603813477877,0.3367162572559874,-0.06525198938992043,0.18372352285395763,-0.07219467189482182,-0.04261715296198055,-0.13384077192173144,0.3365086687425518,0.09375312343828086,0.3102295006342982,0.26762772459923884,,0.04636912313074232,0.24211740283704303,-0.09956560181447738,-0.05341175566063122,0.12293084227117211,0.15882058970514742,0.10577788029062392,0.18088647983700457,-0.035843616653211854,-0.09173874601160958,-0.2036058893630108,0.007488563410602391,0.07863760427478568,-0.12439933879214239,-0.020497443585899357,-0.19128128243570522,-0.06785069003959558,-0.20175296966901166,-0.06319916964594625,-0.07296351824087956,-0.34632683658170915,-0.34754161380848037,-0.10003459808557259,-0.3876446392188521,-0.28361972859723983,-0.16074270557029177,-0.24671510398646831,-0.04588474993272595
#58,-0.04861415446123092,0.009649021643024641,-0.011763349094683427,-0.29296890016530197,-0.1683235305424211,0.016176527121054857,0.46636681659170415,-0.07937569676700111,0.34639603275285435,0.06683581286279937,0.2889708991658017,0.22894706492907393,0.46641294737246763,1.0,0.10322531042171222,-0.025740975666013147,0.026963441356244955,-0.15080921077922577,-0.013746972667512397,-0.06768154384346288,0.08496520970284088,-0.11627263291431207,0.030961442355745203,-0.26809672087033404,0.030930688501902896,-0.22240418252412256,0.008457309806635144,-0.21025641025641026,0.41893668550340213,0.1066005458809057,0.13982239649406067,-0.01660708107484719,-0.12193903048475763,-0.033421750663129975,0.22533348710260254,0.10703878829815862,0.2679813939184254,-0.03624341675316188,-0.09431438127090301,-0.11265136662438012,0.35779802406489064,0.11790258716795449,0.37576596317226,0.02908545727136432,-0.022519509476031215,-0.061876753930726947,-0.027347864529273826,-0.17517395148579556,-0.25105908584169456,-0.2410717718064045,-0.05534155998923615,-0.18355437665782492,-0.06049283050782301,-0.039880059970014994,-0.026579018183216084,-0.10532426094644985,-0.05481105601045631,-0.14748010610079576,0.020243724291700304,-0.1110598546880406,-0.06686656671664168,0.061138661438511516,0.2596470995271595,0.07324799138892092,-0.13635489947334026,-0.3164648445008265,0.4100488217429747,0.4644447007265598,0.1383769653634721,0.10999884673048091,-0.08524199438742168,0.2002767846845808,0.022158151693384077,-0.1740053050397878,-0.025633337177565062,-0.04757621189405297,0.03927267135662938,-0.014408180525122055,0.44006458309306884,0.08897858762926229,0.13493253373313344,-0.015707530849959635,,-0.062361127128743324,-0.050620843424441626,0.05238150155691385,0.11641871372006304,0.18323146119248068,0.05265059777803406,0.06050051897128359,-0.03688924768385038,0.036143466728174374,-0.10304847576211894,-0.045877061469265366,0.056910006535193944,0.211025256602468,-0.08879406450620843,-0.03745050551647253,-0.14680352131626495,0.02689424518509976,-0.1599507938338523,0.02001307038788298,-0.056856187290969896,-0.3177180640449006,-0.38137854149848155,-0.18393879983085382,-0.26402952369968863,-0.06925767885288125,0.03916503286818129,0.07609272286933456,0.1265444200976435
#101,-0.13537077615038634,-0.01909814323607427,-0.060700419021258605,-0.04986737400530504,0.28122092799753967,0.30709260754238266,-0.04689193864606159,-0.010971437358243954,-0.015461500019221159,-0.18352362280398263,-0.059447199477184486,0.14544266328374275,0.14354361280898012,0.10322531042171222,1.0,0.5987775343097682,-0.17896436397186022,0.08176680890324069,0.20257563525929342,0.2671279744743013,0.6212662899319571,0.49219236535578365,0.21156344904470842,0.05412678276246492,0.40443624341675316,0.24112559105062853,-0.39665551839464885,-0.4535578364663822,-0.0024141775266213047,0.26203052319993847,0.1587360166070811,0.2438626840425941,-0.20138392342290393,0.39700918771383537,0.286564410102641,0.5671010648521893,0.3342328835582209,0.4909007034944066,-0.23592050128781764,0.3778572252335371,-0.09162341905970092,0.44832968131318957,0.1493022719409526,0.6384653826932688,-0.10600853419444124,0.21706838888248184,-0.38344673816937686,-0.30186445238919,-0.35283127666935765,-0.38333141121746817,-0.30437089147733826,-0.3789566755083996,-0.2960827278668358,-0.2224887556221889,0.09878137854149849,0.4657748049052397,-0.29624418559950794,0.16681659170414792,-0.5809249221543075,-0.05041325491100603,-0.20839580209895053,0.03196094260562027,0.3400607388613386,0.29477568907853763,-0.5266136162687887,-0.41224003382923924,0.46836581709145425,0.2315457655787491,0.45221235536078114,0.16775458424633838,-0.08377349786645139,-0.06788913235689847,0.2436166532118556,0.16497136047360936,0.370945296582478,0.21448506515972782,0.19092761311651865,-0.1749586745088994,0.3853919194249029,0.2992503748125937,0.2761157882597163,0.23152270018836735,,-0.03717372083189174,0.32432245415753663,-0.24752239264982892,-0.0696497904893707,-0.38745242763233767,0.20900319071233614,-0.11970937608119017,0.30234113712374583,-0.570745396532503,-0.0452542959289586,-0.49026256102717874,-0.1214315918963595,0.15867450889939647,0.014046822742474917,-0.3042632529888902,-0.18241648406565947,-0.3270134163687387,-0.32731326644370123,-0.22332679813939185,-0.11822550263329873,-0.24081805251220545,0.005889363010802291,-0.3482258870564718,-0.21954407411678775,-0.10711567293276439,-0.14120631991696458,-0.23522853957636566,-0.17176796217275977
#102,-0.057994079883135354,0.11559604812978126,0.015515319263445201,0.14965594126013917,0.17538922846269173,0.2890785376542498,0.0782608695652174,-0.00017683465959328028,0.03780417483565909,-0.05754814900242187,-0.04451620343674317,0.05078230115711375,-0.040725790950678506,-0.025740975666013147,0.5987775343097682,1.0,-0.3311036789297659,0.10670818436935378,0.18622227347864528,0.583954176757775,0.348694883327567,0.764740706569792,0.24722254257486642,0.5010264098719871,0.2863875754430477,0.5930034982508746,-0.49299965401914425,-0.46769692077038405,-0.09978087879137354,0.19121208626456002,0.19287279437204474,0.10630069580594319,-0.02436474070656979,0.5306193057317495,0.2968669511398147,0.6095798254718795,0.109560604313228,0.5538845961634568,0.040910314073732364,0.5859762426479068,-0.01975166263022335,0.5388305847076462,0.11426594395110137,0.6650367124130243,-0.16378733710068044,0.4662899319570984,-0.4735093991465806,-0.4336524045669473,-0.3555606811978626,-0.451597278283935,-0.2920078422327298,-0.33741590743089994,-0.28205128205128205,-0.14275170107254065,0.0650905316572483,0.5860685042094338,-0.4057202168146696,0.24005689462960828,-0.5545458040210663,0.054680352131626496,-0.12918156306462153,0.03852689040095337,0.4329066236112713,0.39037404374735707,-0.6488524968285089,-0.4148387344789144,0.5139891592665206,0.20174528120555107,0.4820128397339792,0.403075385384231,0.00459001268596471,-0.10248721792949679,0.30365586437550457,0.26878099411832546,0.41433129589051626,0.053557836466382194,0.07606965747895283,-0.18524583861915198,0.27977549686695113,0.5720139930034982,0.050613154960981045,0.28632606773536307,,-0.3122515665244301,0.21458501518471534,-0.2681428516510975,-0.07284050282551033,-0.1768961673009649,0.2527736131934033,-0.06791988621074078,0.3319186560565871,-0.46205358859032025,0.05220466689732057,-0.33330257947949105,-0.2618921308576481,-0.005481874447391689,0.26738169376850035,-0.43414446622842423,-0.22375735209318418,-0.21176334909468342,-0.32200822665590284,-0.10766155383846539,-0.2942144312459155,-0.1563449044708415,0.01353169569061623,-0.1937646561334717,-0.15657555837465884,-0.14578864413946874,-0.015138584553876908,-0.20797293660861876,-0.2139468727174874
#201,0.26911928651059086,-0.07880675047091838,0.6218352362280398,0.45725598739091994,0.17806481374697267,0.17936416407181024,-0.2212662899319571,0.40035366931918653,0.120585860915696,0.5623957252143159,0.12792065505708683,0.21619959251143658,0.1848537269826625,0.026963441356244955,-0.17896436397186022,-0.3311036789297659,1.0,0.412316918463845,-0.1327643870372506,-0.511198247030331,-0.2717564294775689,-0.4584323223003883,0.02371890977588129,-0.30823818859800867,0.07177180640449006,-0.2987813785414985,0.44666128474224426,0.19246530580863414,0.3662245800176835,0.15019413370237958,0.20641217852612156,0.31516549417598894,0.24307077230615462,-0.11102910083419829,-0.07333256448698727,-0.12074731864836813,-0.07739976165763272,-0.30677738054049897,-0.2968285088225118,-0.5842309614423558,-0.0005381924422404183,-0.037781109445277364,0.18194748779456427,-0.34654980202206587,-0.19227309422211972,-0.4880175296966901,0.32270018836735476,0.21230923000038443,0.3727443970322531,0.26652827432437626,0.5138584553876908,0.5078383884980586,0.5277668857878753,0.37370545496482527,-0.1924806827355553,-0.3541613808480375,-0.05387306346826587,-0.4614538884403952,0.0007919117364394726,-0.23359089685926268,-0.04877561219390305,0.005489562910852266,-0.1270826125398839,-0.11036789297658862,0.45418060200668897,0.2810056510206435,-0.13299504094106793,-0.1577057625033637,-0.20566639757044555,-0.2572482989274594,0.20951831776419483,0.2768692576788529,-0.38865951639564833,-0.12687502402644832,-0.5803252220043824,-0.14407411678775997,-0.3357244454695729,0.10669280744243263,0.14060661976703956,-0.14346672817437436,0.03425979318033291,0.04319378772152385,,0.1081305501095606,-0.13319494099104295,0.06777380540498981,-0.12898166301464653,0.18864413946872718,0.004828355053242609,0.1566524430092646,-0.07623880367508554,0.21389305347326337,-0.28042901626110023,-0.04280167608503441,-0.10736939222696344,0.3989466805059009,-0.1306193057317495,0.5589051628032138,0.41477722677122975,0.4789989620574328,0.5195632952754392,0.3418598393111137,0.45698689116979974,0.43954945604121015,0.3787721523853458,0.46166916541729136,0.3692845884749933,0.034921001037942566,-0.10753853842309614,-0.21641486948833275,-0.1045246607465498
