,#10,#11,#12,#13,#17,#18,#26,#49,#50,#51,#52,#53,#54,#58,#101,#102,#201,#202,#301,#302,#401,#402,#501,#502,#601,#602,#701,#702,#801,#802,#901,#902,#1001,#1002,#1101,#1102,#1201,#1202,#1301,#1302,#1401,#1402,#1501,#1502,#1601,#1602,#1701,#1702,#1801,#1802,#1901,#1902,#2001,#2002,#2101,#2102,#2201,#2202,#2301,#2302,#2401,#2402,#2501,#2502,#2601,#2602,#2701,#2702,#2801,#2802,#2901,#2902,#3001,#3002,#3101,#3102,#3201,#3202,#3301,#3302,#3401,#3402,#3455,#3501,#3502,#3601,#3602,#3701,#3702,#3801,#3802,#3901,#3902,#4001,#4002,#4101,#4102,#4201,#4202,#4301,#4302,#4401,#4402,#4501,#4502,#4601,#4602,#4701,#4702,#4801,#4802
#10,1.0,0.1579764664510427,0.17058167566642143,0.1815636900382663,0.25897453694063866,0.27352776505318876,0.015849285340810766,0.2302692523031506,-0.08013252081048691,0.03172355714728596,-0.003513837412142497,0.13103457849220562,0.2130429350768334,-0.17031330251669236,-0.1996298301383047,0.061932656847911084,0.18639579487037114,0.032046993063942215,-0.028397580939953822,-0.1238856730382154,0.04571042537144232,0.06378443158104175,0.03124094819010073,0.14055118292406427,0.059628349458857935,0.10016981542405272,0.2691324606578844,0.29605861639759945,0.1491775288385458,0.027085328780244035,0.14279209872430212,0.03879842862893711,0.09926151112591791,0.16559965204033,-0.06907369619234026,-0.17250424538560133,-0.033644738729484494,0.0018688950892340724,-0.040582184649981264,0.05713016560474188,0.011828777930472845,-0.09654538976572875,-0.05091732718851363,0.05173817885682293,0.2662150594353984,0.2603127009906671,0.20005968989019837,0.2661428763123678,0.20940000092542466,0.013035068967272356,0.01700097632301022,0.06014936353919405,0.1650161717958328,0.06200530268326879,-0.0762526779475932,-0.09758186537847555,-0.10093097720216364,0.04779401898045966,-0.07538139063562792,0.12447563125529228,-0.23094620043772587,0.06301956810431386,0.08174599869515124,-0.02200012030520505,0.21717865785662396,0.09722927858521078,-0.062154296052601136,0.0535418315079332,-0.09179564772785112,0.00018647306782900003,-0.09120522679844714,0.11553232739673418,-0.4149377420563861,0.17841169366593096,-0.2956514295497346,-0.16780262542974408,-0.43813860085046524,-0.19681839003872903,0.1524276202242304,0.08758820453735708,0.054303918710698375,0.17737012821758585,0.061326503699385054,-0.04077883738900688,-0.05215369452657588,-0.27837606481674276,-0.23772030890674958,-0.014599036632934938,0.1565489989218803,-0.018244284345979262,-0.024648685665634818,0.04132530064733454,0.04452032926609198,-0.34621246824636653,-0.21200645946408658,0.002114595334934318,0.0634249041028702,0.10227330566313617,0.12593548864735304,0.15292642411286478,0.004476741764877358,0.23416297653585788,0.1621603113128537,0.30774487893131963,0.09834210173193224,0.1513985480087175,0.18243914176117565,-0.15953904597972396,-0.09565698209766006,-0.14810125996566675,-0.002801492108613884
#11,0.1579764664510427,1.0,0.3541836135056474,0.2705044027077925,-0.2713048950337086,0.00817011155994207,0.12136018915679933,0.18106303530032344,0.17153254949865118,0.327158900040256,-0.046677031422794134,-0.1883248425621307,0.1498535515484668,0.23556823387331863,-0.03300712114271436,-0.09427486037655529,0.29308985410680327,0.1905139345817312,-0.03422729354932745,-0.33727379151107967,0.03443643952118528,-0.137372349236756,0.22094328535006502,-0.0650471735217498,0.13791048367319553,0.1035138374121425,0.17626841016671524,-0.09554731927613283,-0.1415052957425839,-0.17536565841650587,0.014453282249892419,-0.18990176617295262,0.2990218261404702,0.14858294349819773,-0.09701458006542753,-0.17247787078295554,-0.05984813781423951,-0.12842950809052503,0.07354303455998372,0.0425107696294137,-0.0056187157882073135,-0.1617128684925295,-0.11895130878181726,-0.06840739044128874,0.07038456021506868,-0.034606717657565116,-0.004919094749603224,-0.05433492043661535,0.1323667272819815,-0.17683754632907175,0.2581597005325819,0.10925794824099909,0.35322117186523966,0.16555754521856217,0.014854916549831804,-0.06302003081664098,0.004474428203241763,-0.12686091330159127,-0.26464091209853924,-0.22624643133117708,0.027531383463586852,0.12138841460875359,-0.16759301674555913,-0.1777833303257032,0.1387697404646557,-0.006831022085259373,0.221355099321201,0.11935016680779392,0.009874281060721739,-0.17705363298583637,0.22200567285313047,0.15409708630047614,-0.08239981121337053,0.06526094661687883,-0.04629298019128528,0.13719975753874059,0.0801417750570293,0.19053198036248883,-0.008838268160302058,-0.33819135005575685,0.013268275980140387,-0.20386364793144454,0.13870773701282177,-0.039807141502056755,-0.26855036855036857,-0.013337220116881134,0.04141969396206684,-0.055234433200534894,-0.050157553547384055,-0.14489743981269404,-0.11630228070906037,0.06213393671020789,-0.04675661794305862,-0.025955385277419175,-0.1561547680191748,0.3260807803180685,0.09934294849549087,0.40515739159806957,0.14635868534173618,0.3275559072169242,0.2816603969146342,0.037180323621001585,0.19077906874517045,0.007695368712317865,0.09502537977114248,0.09736392787240244,0.2593345271311373,0.15422618303974236,-0.013257633596616648,0.05644997848387679,-0.1304402395970987
#12,0.17058167566642143,0.3541836135056474,1.0,0.4272935493274476,-0.2102944238537459,0.13405053744036796,0.1852343869293022,-0.11587565994345655,0.1674421725269183,0.4740700639005724,0.14571320164540502,-0.2704872823516891,-0.004728919983157272,0.05312816668748872,-0.023802847531661092,-0.021475404526251983,0.5051101949407034,0.5587024620922926,-0.1324611205967138,-0.27466094754230347,0.29086374510103324,0.011046331385314436,0.47327651225956313,0.14322288390085,0.31891197823401213,0.2658916235187422,0.20898309711869034,-0.06611418814808645,0.2250503199655742,-0.18980552200891185,0.1839896907693518,-0.13759630200308168,0.2270723728350847,0.13056585090483397,-0.2319498234752472,-0.10310665056427769,-0.04274027494366477,0.01491414372770305,-0.005342939241244326,0.21857558637219654,-0.017354951253256336,0.034258295275244426,-0.05918460833715071,-0.20986178782788953,-0.02510815900646409,-0.030281745535982823,0.04476279052550239,0.05796119694424779,-0.028519274281986147,-0.08689876316994961,0.2824433061721197,0.14126144634619212,0.2937209937209937,0.1408644391695239,0.10169306440492881,0.1212287788558975,-0.0480614667055345,-0.10323944900216087,-0.1333860825386249,-0.053136495509376866,-0.12829115710471642,0.11176446091700329,-0.39788956907600975,-0.034886195903145054,0.31202172897088154,-0.012434931078998875,-0.183353461319563,-0.01999056066852677,-0.01898045965842576,-0.14881568779873863,0.21508904898735406,0.1543649967378781,-0.01932703119143797,-0.05922301346030159,-0.23883313205347104,0.1051749746665001,-0.14731835070818122,0.17975633568853908,0.30259442801815684,-0.13162314857230112,-0.17567336211404008,-0.24001351119995187,0.0037021613292799733,-0.2298380044142756,-0.14116797845611406,-0.2222819121124206,0.023441469204181067,0.03903256106645937,-0.041988830124423344,-0.17093657602132178,-0.2652415126991398,-0.0975707602826247,-0.06009522619692111,-0.10921075158363294,-0.013091519871180889,0.5366685637872078,0.1703387516946839,0.46996904454531574,0.41748127171855987,0.19575322626170083,0.37287580338427795,0.3698644715593868,0.13164813503796555,0.17285683217886608,0.33896269150506436,0.12376027799756613,0.3192085768356955,0.046744124710226403,-0.07585613348325213,0.17291143223346614,0.22778914058000455
#13,0.1815636900382663,0.2705044027077925,0.4272935493274476,1.0,-0.2253168422659948,0.11624536709282472,0.05453296131262233,-0.03333472147031469,0.1479791039113073,0.4684957684957685,0.31865748645409664,-0.08269085726712845,0.1825784181716385,0.09767857225484344,-0.005536815706307232,-0.10082918049019744,0.3438507845287506,0.13336202149761472,0.028298560501950332,-0.08986428647445596,0.220228394804666,0.06881596542613491,0.37392430951752986,0.03827232471300268,0.2764974527686392,0.1551057991735958,0.24363145888569618,0.0521759047182776,0.12570737147008335,-0.10316541502982181,0.10153065237811,-0.15837671261400074,0.2305764932883577,0.14428897310253241,-0.18482627465678314,-0.1943525960475113,0.07470629335036115,0.08717315157993125,0.009515216294877312,0.026717472480184346,-0.0914078947977253,-0.11154004543835053,0.018722728892220417,0.11105882461814665,0.04582332717925938,0.009841891197823402,0.19059999907457534,0.1678803611007001,-0.08788711670067602,-0.12204130170231865,0.2328914430609346,0.05900553866655561,0.1710360591716524,0.032817871800922646,-0.06833937172920224,0.1014482895838828,-0.1270626558762152,-0.1179254755525942,-0.1268539726166845,-0.15089326614750342,-0.13355358440104204,0.10174442547323903,-0.34425288154101713,-0.15850534664093985,0.18492251882082392,0.05963667828074608,-0.012202186778457965,0.033281972265023115,-0.014434773756807654,-0.17951109815516594,0.11235256828477168,0.0005052818612140646,-0.07010415654483451,-0.12507021659564033,-0.2886987141224429,-0.01186348135500678,-0.2372700898124627,0.061596264986095495,0.17629571019401527,0.049944243164582146,0.06930273879426421,-0.11961483825890605,0.10922648380275499,-0.22447933295390923,-0.052581240716833934,-0.21402758690894283,0.029727416168094135,-0.015076093042194738,-0.14542585729026408,-0.2702517617771855,-0.06049778592151474,0.1301068402763318,-0.1489790252502117,-0.03115904810820065,-0.03292660919779564,0.30005413734227293,0.16754258110190315,0.3001138272324713,0.2984272408001222,0.13242086462425445,0.3494921732209868,0.22347802347802348,0.13838337567151127,0.1494079595774511,0.18694595982731577,0.15343633309735005,0.17087688613112342,-0.07408070628409612,-0.07771438618896247,0.06954011021807632,0.0984589479840727
#17,0.25897453694063866,-0.2713048950337086,-0.2102944238537459,-0.2253168422659948,1.0,0.3411642767574971,-0.02102657356894645,0.03663386036267392,-0.2249947944863199,-0.32351041334092184,-0.08662853917091205,0.3979881268016861,0.10843617114803555,-0.16304039015903424,-0.19037234460963273,-0.04327563310614158,-0.17954024903177446,-0.12287233304182457,-0.05953950869205107,0.014078485264925942,-0.09318887454480675,-0.012481665024037905,-0.14320437540776523,0.08371946677031422,-0.04460917003289885,0.017927789114229792,0.06698640088470596,0.21582198531351074,0.2378026717009768,0.23098969539647507,0.29533771059194786,0.13038955750820158,-0.08923268414793839,-0.019909123298953807,0.18289213712942526,-0.0458672848503357,-0.10685600855092381,-0.17941161500483535,-0.1869445716903344,-0.018061512976767214,-0.043025305737170144,0.023183738437975727,-0.03702947940236076,-0.054161403313945686,0.034912570505790844,0.08690477843020215,0.05424145254653729,0.057915388423863,0.028032500913856846,0.07176066667592092,-0.17280038127495756,-0.03174993174993175,-0.1496527343984971,-0.07702864652017194,-0.21554389520491216,0.03605917165239199,-0.09509571204486458,0.057561876205944,0.1349088688071739,0.151338395406192,-0.20520967809103402,-0.11669928788572856,0.1986049223337359,0.046517395669938046,0.010315245908466247,-0.050680418477028644,-0.21765987867682782,-0.20034703424533934,-0.15568881670576587,0.05818283614893784,-0.2627076999958356,0.08225683310429073,-0.30173609665135087,0.03058991194584415,-0.2099265675536862,-0.2550340787628923,-0.2651943160417737,-0.2662557781201849,0.05213888773210807,0.2567387109759991,0.09598411971293327,0.18923869940819094,-0.04323769069531781,0.06967152051897815,0.3548327989005955,-0.11582707514910905,-0.12205564578445935,-0.09058981940337872,-0.04944775283758335,0.178190517173568,0.11091029396114142,0.14008800788461806,0.26036221120966885,0.018021719716634972,0.15130693096794792,-0.2425732357935748,0.020046548860108183,-0.19743888726939574,0.04500201279862297,-0.14924415941365093,-0.11433760416811264,0.12605718198938537,0.18801389987830666,0.10242831429272108,-0.035751467954857785,-0.018921232480554516,-0.03022159293345734,-0.19000495102190018,-0.06439474914051185,-0.021293558581694176,0.16092164902826459
#18,0.27352776505318876,0.00817011155994207,0.13405053744036796,0.11624536709282472,0.3411642767574971,1.0,0.035452555791538845,0.20893590046132418,-0.0828981523896778,-0.03330371974439771,0.10232929385471759,0.2507044795180388,0.21074140396174296,-0.11174317614995581,-0.14436393249952573,0.009299592350439808,0.13151996372335356,0.11407755984027171,0.033177861991421316,0.03979557369387878,-0.07805309161241365,-0.027840938010429535,0.041735726481489197,0.015525386711827389,0.1282643197897435,0.12109690584266855,0.18259091140447073,0.21123835700106885,0.3237237237237237,0.2929325319155828,0.25441959679247816,0.05459496476445629,0.27893687215721114,0.27610599813989645,-0.07075611821374533,-0.061734615971904105,0.2384643503287571,0.15267609674389335,0.09971126750787768,0.048324750019665276,0.06159441413678702,0.03167497235293845,0.22202094235992542,0.1526872018397442,0.21215499012109182,0.14791015977456656,0.1770517821365279,0.2504976471078166,0.1137698561427375,-0.006145745128795976,0.08023478023478023,0.005445661377864767,-0.0030784251123234176,-0.10928617369295335,-0.15264185603168653,-0.03417454434403587,-0.21467260789294687,-0.04274675291624444,0.047590425556527254,-0.0007204430933244493,-0.15972551904755294,0.05686780771526534,0.05997029386859895,-0.01010193552566434,0.1838814160848059,0.05031672658791303,-0.0749496800344258,-0.06424668119583374,-0.09840225433445772,-0.09945908928959776,-0.17050625355710103,0.05305181915351407,-0.26870769074158907,-0.13908253399778822,-0.20053582087480393,-0.15438859506656116,-0.28601822161144197,-0.20683796277016617,0.23866100306778273,0.28716898716898714,0.1841766265495079,0.15407811509506425,-0.15627599864888,-0.01919747173984462,-0.09690908165484437,-0.1876298486467978,-0.1091635549262668,0.08184131743453778,0.0997603150145523,0.08145726620302891,0.03268090895209539,0.024210497091853023,-0.04827061267739234,-0.20278552820925702,0.006960118824525604,0.023920839175076463,-0.02462184835066191,0.03944761402388521,0.03991911788521958,0.14674273657324505,0.052416977840706654,0.2550701703244076,0.14275369360115123,0.3138036341426172,0.0868936733343513,0.18490863745101033,0.20488809302368624,-0.09629645053373867,0.04503023825057723,0.03836162819213667,0.15026144984677958
#26,0.015849285340810766,0.12136018915679933,0.1852343869293022,0.05453296131262233,-0.02102657356894645,0.035452555791538845,1.0,0.17018235492811765,0.22384773062739163,0.08416274517969433,0.08396655515299584,0.19485741519639824,0.23769069531781395,0.3385948352050047,0.06479175631718005,-0.1313825381621992,-0.06223341986053851,-0.14640912098539216,0.14548415904348108,-0.01540091709583235,0.00690505605759843,-0.20050898355983102,0.19723621927011759,-0.11521120504171352,0.05049718439548948,0.009962196402874369,-0.08349782756562417,-0.27594636238704034,0.09713534798280561,0.24466562093680738,-0.0568765992494806,0.12912265115654947,0.03846527575341135,-0.035706584859127234,0.011947232286215336,0.04210450820620312,0.01612598731242799,0.08820361193242549,0.06732186732186732,-0.07824881892678504,-0.15232027096433876,-0.15899952340630308,-0.05835681598393463,0.039635475228695566,-0.11664098613251156,-0.2176228616906583,-0.12119916526696188,-0.10759958726060422,0.0766038766038766,-0.1223647376189749,0.030220204796475983,-0.11514966430220668,0.034808922944516166,-0.07353748201205829,0.012466395517242974,-0.13029238791950656,-0.15517104161171957,-0.35073224225766597,-0.06659864795458016,-0.010310156072867937,0.05451491553186468,0.014146503977012451,-0.007841585807687502,0.09900748205832952,0.050767408394527036,-0.11831600475668272,0.18770850974240805,0.22129309586936705,0.33671437230759266,0.14514637904468414,0.2313876279977975,0.24534858433163517,0.09754346025532466,0.018261404702082668,0.2115710471642675,0.10310526242729633,0.12327396734176395,0.009050190406122609,0.14904149141437276,0.13777213268738692,-0.007551002466256704,-0.018781956070091664,0.02341972172480647,-0.12541678812865253,0.04975869552140739,0.1326961784588903,0.06104471189216952,0.09481808464859312,0.1503449520398673,-0.14588995775436453,0.022155128934789953,0.20101796711966202,0.0093768653090687,0.07354210913532948,-0.15189365019873494,0.11542035101357136,0.14291332935400733,-0.05896435726944201,-0.07946945404572524,-0.0301794861116895,-0.07419129453027758,0.1269007065617235,0.11888652905602058,-0.11607416353179065,-0.06558577067051644,-0.1905333684994702,-0.09707982250355132,0.16521745165812962,0.12009744721609128,0.038984438984438985,-0.113582933501638
#49,0.2302692523031506,0.18106303530032344,-0.11587565994345655,-0.03333472147031469,0.03663386036267392,0.20893590046132418,0.17018235492811765,1.0,-0.00193228667804939,0.0379919210427685,0.06616462379174244,0.08147346113447808,0.21906976313755974,0.07534853806040247,-0.11054567664737157,0.020179347297991364,0.16202890101195186,-0.12451542451542452,0.0491682745920034,0.04082510862171879,-0.3365834247190179,-0.31582198531351074,-0.12001739798349968,-0.10077781942188722,0.09110389279880805,0.07354858710790914,-0.24170333661859086,-0.14729475237949813,-0.009181137994697317,0.09035985137680053,-0.19155735087938477,0.09484954908683722,0.11167238116390658,0.03964195320127523,0.12029918979071522,-0.03409218154980867,0.1465868025190059,0.3206813901729156,0.1405414659651948,-0.17083570473400983,-0.08570496536598232,-0.038176543261289025,-0.03232323232323232,0.17269719642600997,-0.06575789965620474,-0.06338048371946677,-0.33409403239911717,-0.26600082362794225,-0.2672122045003401,-0.3629140696937307,-0.061959956875211115,-0.21673537944724386,-0.041880092727550354,-0.190695780526289,-0.23030858285095573,-0.30735111074094124,-0.147756539281963,-0.21285322302271456,-0.12485274180189435,-0.09920968734528056,0.17889985517104162,0.16678697187171762,0.28059939754855007,-0.133192206073562,-0.008286715066376084,-0.01058824618146652,0.33897564745022374,0.31023843566216447,0.021655862333828435,-0.022691412521920997,0.15972320548591734,-0.0016870491446762633,0.040047289199831575,0.011607601438109913,0.27835570547434957,-0.09637649976633028,0.16403151996372337,0.06606467792908471,0.23078332569857993,0.2478699038021072,0.22070174951530883,-0.07956292193580329,0.04393777444624902,0.35990227515651246,-0.19684522735370194,0.2850257036697715,-0.015078406603830332,0.07700458547916175,0.11275096359842122,0.1018915679932629,-0.04021432834992157,0.016951466104008477,-0.10796605542368254,0.007929963862167252,-0.1534807534807535,0.09476626086795578,0.03166109098312488,0.10607032301947557,-0.07285174234326777,0.06688830587135672,-0.14155758223554835,-0.09564865327577192,0.06185954830022627,0.037125260854074416,-0.2285766506105489,0.09992827958929654,-0.0471096674486505,0.08077198924656552,0.12850169121355562,-0.09758186537847555,-0.2305850801400507
#50,-0.08013252081048691,0.17153254949865118,0.1674421725269183,0.1479791039113073,-0.2249947944863199,-0.0828981523896778,0.22384773062739163,-0.00193228667804939,1.0,0.3135204541984203,0.11156040478074376,0.07354210913532948,0.27424404373556915,0.18218650083056862,0.19218432608263117,0.00940694161033144,0.1523720947449761,-0.06117380863143575,0.19424061966434847,0.16342906851381428,0.19398566517210586,0.05006130938334328,0.22117186523966184,-0.11967036373816035,-0.13589583420091894,-0.011922708532878024,0.17936025393652513,-0.16980246810755284,-0.042745827491590206,-0.08082612658883845,-0.22109736855499568,-0.21423349389451085,0.016710392981579423,-0.06501617179583281,-0.16175682616360582,-0.19114183520963182,0.08897171439544321,0.03524340981968101,0.15289634781160205,-0.09525858678401052,-0.17519399214314468,-0.07793278640736268,-0.08990315430993397,0.058929191132580966,-0.11279908568044161,-0.33124326175173635,-0.01374764595103578,-0.2850030307657426,0.021046932911339692,-0.24245940856110348,0.2732908563417038,-0.23330418245672482,0.009777111472026727,-0.15696081289301628,0.18192645650272768,-0.15955616633582737,-0.13372756423603882,-0.2390552339704882,-0.18803749820698973,-0.2491145999620576,0.09696275628479019,0.03592498507752745,-0.19939014515285702,-0.17550030770369754,0.26830790729095816,0.04145300924961942,0.30981690473215895,0.31863157456377794,0.30652516923703366,0.06778550507364067,0.324027725722641,0.16947024065668134,0.2438762337067422,-0.1296418143875771,0.13334628927849268,0.15593220338983052,0.08875192604006163,0.05476570561316324,0.11385499521092741,-0.06722562315782654,0.053891642027235245,-0.07647431715228326,0.19808113197943705,-0.21591267692962607,-0.07402518080484183,0.08851455461624953,0.08385874318077707,0.0437943336248421,0.027224142478379766,-0.15062489299777435,0.010285632319530625,0.08562584155804495,-0.2493279103448595,-0.0878237251118607,-0.2323981917202256,0.2587843621741927,-0.07496633767820209,0.1072770767686022,-0.024328951447595514,0.06848697696155323,-0.00518052721442552,0.07694813457525322,-0.1729081932471763,0.000489549642092015,-0.18942239620205722,-0.05870338751694684,-0.07920154360832327,0.13454008708245996,0.02042042042042042,0.030619062822452654,-0.1057698035982604
#51,0.03172355714728596,0.327158900040256,0.4740700639005724,0.4684957684957685,-0.32351041334092184,-0.03330371974439771,0.08416274517969433,0.0379919210427685,0.3135204541984203,1.0,0.3655626350541605,-0.2972986854342787,0.12143422312913839,0.07953053207290496,0.021522138471291013,-0.0873027110315246,0.5746095864739933,0.3366593095406655,0.12495638936316902,0.01721983925373756,0.20066630575105152,0.044814151593812614,0.46075227770143024,0.10726597167275133,0.3505952794088387,0.2479189513087818,0.2584456567507415,-0.023732977970266106,0.13963131081775149,-0.20651036244256582,-0.01802125700430785,-0.2002739256976545,0.17432594381746924,0.04672561621714164,-0.1704914467626332,-0.08410074172786038,0.14386790488485404,0.19905005159242448,0.20603654501959587,0.23105678868390733,0.014384338113151672,-0.03854856397229279,-0.10883132747539527,0.03664033833525359,-0.1161551381890365,-0.11966388576558068,0.04110643771660721,-0.056882151797406036,-0.10535311891244095,-0.29393245325448714,0.22722645604001537,-0.04664279071058732,0.18446443361697598,0.05011776028725181,0.19642415913602354,0.12201816608596269,-0.023856984873934027,-0.08172286307879528,-0.19889226668887686,-0.12442612103629053,-0.0687886653988349,0.07645580865919849,-0.22576844949726305,-0.11376522901946631,0.2919488055081275,0.21731099358218003,0.07916498933448086,0.15898194033787255,0.038071970275360106,-0.16018036526511104,0.19938783159122142,-0.04591540693235609,0.0639403656352809,-0.03261011396604617,-0.1467589315046942,0.05318276674208878,-0.04926220519440858,0.15124955463938514,0.19565929565929566,-0.035264231874401364,-0.04489234997709574,-0.08525705983333103,0.13211131007741178,-0.16069906578381155,-0.1342092477685698,-0.19348917484510705,-0.06172489901303461,0.18623292013122522,0.03997556878912811,-0.32653053670002824,-0.15241003715579987,0.011259641768116344,-0.13063479504157471,-0.18357186153796323,-0.167072002665223,0.5401907300212385,0.13948509372238185,0.35556943692536913,0.3831628238407899,0.11938533294465498,0.2447965685253821,0.039163971367361196,0.018434459112425215,0.02629594155017884,0.028456808117825066,0.21837662007153533,0.14378322852899125,0.11068263949619882,-0.019117885219580136,-0.06276831531068819,0.0014566185742698004
#52,-0.003513837412142497,-0.046677031422794134,0.14571320164540502,0.31865748645409664,-0.08662853917091205,0.10232929385471759,0.08396655515299584,0.06616462379174244,0.11156040478074376,0.3655626350541605,1.0,0.1007676397506906,0.06684342277562616,0.05283203079813249,0.03373543034559984,-0.0985396798956121,0.1542798576696882,0.015071003206596427,0.26156294969854293,0.14917382713992883,0.0767371377540869,-0.06560011475265713,0.13065793065793066,-0.11059472415404618,0.05823373450492095,0.09156660512592715,0.07478125274735445,0.005597893733486954,0.2247888875007519,-0.023621464299430402,0.07921264870417413,-0.11919700902751751,0.07599864888000481,-0.07123410004765937,0.019011461384342742,-0.018957786754396924,0.03812842117926864,0.23674074691023844,0.05746840831586594,0.02629594155017884,0.09316481350379656,-0.08247338247338247,-0.06439752541447456,0.16719971126750788,0.0029081469759435863,-0.11587751079276502,0.06683601937839226,-0.034041745906152686,-0.2286053387748303,-0.18296709652641857,0.07271848119305746,-0.21576414627262086,0.023245741889809688,-0.14977211417889383,0.04210219464456753,-0.12780669729822272,-0.09520630029104606,-0.07276336428878802,-0.03874244043735569,-0.12015065913370998,-0.07771392347663535,-0.017796841525655086,-0.09356644780373594,-0.009084893830656542,0.2568201483455721,0.12019415409245918,0.00043448687516484125,0.006950864577983222,0.13303071947139744,0.02054859173503241,0.11303877066588931,0.013540350828486421,0.037072048936455715,-0.15940624754184077,-0.12598314801704633,-0.0370257777037438,-0.10757876520588384,-0.08738831281204162,0.20480064039386073,0.2484098890878552,0.23210853380344906,0.12306158238361628,0.19231943808214993,-0.19149164572893387,0.0800959665366445,-0.12448766177579737,-0.05373385712368763,0.14807210908905824,-0.003456461083579728,-0.3078522281912112,0.0500326212190619,0.18080206554782827,-0.1557818218835168,-0.07891743823947214,-0.05284313589398335,0.07518751417056502,0.09793537759639455,0.027294012039774752,0.06933466594483544,-0.06029234164827385,0.05908327433751163,0.14176071294715362,-0.10581629395188717,0.08250577233628081,0.060731455646709884,0.130158201344642,0.04092181549808668,-0.159535344281107,0.018950846069490136,-0.06086425408459307,0.04454879122752881
#53,0.13103457849220562,-0.1883248425621307,-0.2704872823516891,-0.08269085726712845,0.3979881268016861,0.2507044795180388,0.19485741519639824,0.08147346113447808,0.07354210913532948,-0.2972986854342787,0.1007676397506906,1.0,0.32694697779443543,0.11684087785782701,-0.13614338529592768,-0.16676892609096,-0.16883817561783662,-0.39173318156369,0.10897152931051236,0.13368453198961674,-0.08888518719027194,-0.13921163073705448,-0.1587094027771994,-0.1636238704035314,-0.28608994202214544,-0.28691171911510893,-0.03484825349232129,0.007609304219473711,0.16450209840040347,0.3628876950910849,0.009865489526506475,0.2470370216132928,-0.08349134959304451,-0.013557933896916948,0.1524253066625948,0.03154078577807391,0.09028766825376995,-0.09733523970812107,-0.19937626378304343,-0.175847804661364,-0.03224179495365936,-0.22103212611687187,0.06856008550923805,0.2209789141992532,0.10033361558785288,0.04356991814618933,0.16351513300665843,0.07049514846125016,0.0988376666342768,0.08269409625341828,-0.25224068444407427,-0.1057829786643346,-0.29897879389404813,-0.1804300448368245,-0.22462740089858735,-0.12632462971446023,-0.25611913916998663,-0.2434311044480536,0.12646899596052139,-0.02295932295932296,-0.015910826080317606,0.000849077120263561,0.31365417806095774,-0.07739233840928757,0.02222684934549341,0.00876053248934605,0.04803324125358024,-0.020044235298472587,0.18268067759593185,0.24774450876145793,-0.05536167909049265,0.2131475080627623,-0.14343295529736208,-0.024195690297385213,-0.07846536829587678,-0.20373362576752407,-0.16279792889962383,-0.2767875733977429,0.0655075722872333,0.33259669530855973,0.4972362192701176,0.19212787517872262,0.13374098289352526,-0.09345215785893753,0.38036063798775666,0.08573735522888065,-0.007218775015385185,0.08539818709310235,0.04666453818996192,-0.0022390649509293576,0.3967836866141951,0.4590050759542285,0.17736735194362313,0.043606009707704625,0.05628479018309527,-0.30351985267239506,-0.18483969331426958,-0.36221491136745376,-0.22590402420910896,-0.23245973245973245,-0.2872832771137856,0.21458885696173832,0.09747960595418223,0.1566197939079295,-0.09576433135755169,-0.16154582934243952,-0.1150413896176608,-0.12078781400815299,0.035362789600077736,-0.07939264379942346,0.05135876068966852
#54,0.2130429350768334,0.1498535515484668,-0.004728919983157272,0.1825784181716385,0.10843617114803555,0.21074140396174296,0.23769069531781395,0.21906976313755974,0.27424404373556915,0.12143422312913839,0.06684342277562616,0.32694697779443543,1.0,0.27992800196190026,0.04352225877649606,-0.07548318734759413,-0.015823836162819214,-0.1696002628206018,0.07808039163971367,0.043949342254427,0.05751514226090497,0.05429744073811871,0.13154032306574678,-0.05096082214726282,-0.06330182262385652,-0.15428818649157633,0.08286206082816253,-0.09502769333277808,0.211266119740696,0.1322422576659865,0.00028595621815960797,-0.03313066533405516,0.05298518857840892,-0.031120642985049764,-0.2138910867724427,-0.17494181392486477,0.09589157724750945,-0.0628048695845306,0.07308587478079004,-0.07675009369924624,0.046273083561219154,-0.13871930482099973,0.15475182424334966,0.15126574957083433,0.04952826478250207,0.0042111448891109906,0.007105873207568123,-0.06849947019438545,-0.0019295104040866753,-0.15328456345405497,0.055519926706367385,-0.07649282564536802,-0.03711554389520491,-0.023473396354752287,-0.13460301595894816,-0.09100857405942152,-0.3484603247315112,-0.2744383829129592,-0.09762073321395355,-0.22611455831794816,-0.04904658124997108,0.021385175622463757,-0.07648079512486292,0.08422659948083677,0.0481752939380058,-0.026080317605741334,0.22531869311530328,0.40101195185940947,0.04392343036410833,-0.042703257957495244,0.008069702984957221,0.03724325249748978,-0.021403221403221404,-0.08460047104114901,-0.009276919446410972,-0.052379498142210004,-0.14383736587126417,-0.21908410721970045,0.24240064409555934,0.13905939838143228,0.313997047895353,0.1980168149659675,0.15229574721100145,-0.04876386401810131,-0.04810820065057353,0.018667666125293244,-0.04301558877830064,0.2517585381992162,0.020096984503764164,-0.13655149756844673,0.15990782770443787,0.20898355983101746,-0.11799488240166206,-0.0421572574114947,-0.10838434736739821,-0.01994984198374029,-0.08450931671270655,0.07732108071091122,0.057709481438295,-8.606449284415386e-05,-0.016358731612968903,0.10177542719915601,-0.032528676596473204,0.08949920644835899,-0.023214277451565585,0.008658735777379845,0.029269793676573338,-0.14917706612621867,-0.03732515257938987,-0.07739789095721299,-0.12076376693686451
#58,-0.17031330251669236,0.23556823387331863,0.05312816668748872,0.09767857225484344,-0.16304039015903424,-0.11174317614995581,0.3385948352050047,0.07534853806040247,0.18218650083056862,0.07953053207290496,0.05283203079813249,0.11684087785782701,0.27992800196190026,1.0,-0.11153264204111661,-0.09359189698172748,-0.2785005344327378,-0.19249804504041793,-0.08071553834265699,0.04828865845814998,-0.2341389154948477,-0.19573101606999913,-0.045278252057913075,-0.009088132816946376,-0.09747497883091104,0.010736314126144635,-0.1986465664431766,-0.18452180994553877,-0.17999648338631388,0.19289967934035732,-0.20837092870991175,0.18545880240795495,0.010751120920612447,-0.021627174169547052,0.017947685744295915,0.030876793588657997,-0.18280237093796417,-0.06153148526029882,-0.03928705284637488,-0.2679553204976934,-0.05841049061388044,-0.3032269557693287,-0.03549096091468973,0.10529065274827987,-0.12401754605144436,-0.20443000781983833,-0.031649985887274024,-0.20032297320432912,-0.03983166525539407,-0.07819375615985785,0.06882660780965866,-0.2618961025740687,-0.027418018943442674,-0.15092473058574754,-0.1167677693101422,-0.08061281620603654,-0.09199970386411065,-0.14671682468292638,0.025820735990227515,-0.19667078480637804,0.1684842006875905,0.00882762577677832,0.09780859441876391,0.044578631019308985,-0.07731136375204171,-0.14698334698334697,0.5647959207281241,0.22277840243941938,0.25402721673908113,0.07378503310706701,0.3325791122401292,0.08229940263838569,0.08770665889309957,-0.17873281602095162,0.2419971589463115,-0.0219746711272135,0.3234521115877048,0.03706649638853029,-0.02383477468223231,0.010232883114239047,0.20489595913324726,0.005482678364034296,0.39599152311016717,-0.07924503856707246,0.0006223480799751987,0.2623204097780369,0.12738886806683417,0.03461643461643461,-0.05073964565489989,-0.17290402883623224,0.11147711656186232,0.3133784015139947,-0.22746891729942578,0.060084583813397374,-0.2003192715057122,-0.04618470550673941,0.1504782131900776,0.07211279075685856,-0.15620381552584942,0.0461773021095055,-0.09988802361683717,-0.11226881735356312,0.07655112739858502,-0.1350254723136079,0.014685563838106212,-0.12541910169028814,-0.02986900614019258,0.18828551201432558,-0.049376495139207006,0.02094467348704637,-0.13576282011165572
#101,-0.1996298301383047,-0.03300712114271436,-0.023802847531661092,-0.005536815706307232,-0.19037234460963273,-0.14436393249952573,0.06479175631718005,-0.11054567664737157,0.19218432608263117,0.021522138471291013,0.03373543034559984,-0.13614338529592768,0.04352225877649606,-0.11153264204111661,1.0,0.44110273601799027,-0.03694202677253525,0.08774506401625046,0.45449964602506976,0.1197369943132655,0.44908776264708467,0.37662331052161563,0.3152112050417135,0.09555934979663794,0.1253311863481355,0.03141585344975176,0.1634003803495329,-0.15446077818959175,0.11003530495055919,-0.036735194362313005,-0.011718652396618498,-0.2292300004164411,0.06812513592174609,-0.20672829994863892,-0.161438942794875,-0.2658009319026268,0.21333722011688114,-0.07463225937802209,0.16649268683166987,0.08895598217632116,0.11893233757640537,0.02420818353021743,-0.04443750375953766,-0.09198026994637164,-0.3243141446531277,-0.35456488846319356,-0.24805498873295484,-0.35185200608929423,-0.25872050787305023,-0.2777037438054387,-0.07355691592979728,-0.057390209932582814,-0.17821781720086805,0.0247935146240231,0.2994882401662063,-0.01530235937015598,-0.12847300304927423,-0.1857965824067519,-0.2559354423761203,-0.31738641569150045,-0.06672774469384639,-0.17583160972991482,-0.3339427254681492,0.06470939352295285,0.26724737063720116,-0.06604015417574739,-0.1389849016967661,0.11265148044809062,0.24476510408713797,0.0326036359934665,0.02915411559479356,0.08630602867891003,0.33967341763951936,-0.057229186042745364,0.16301679183035114,0.11402018351170894,0.018424279441228594,-0.026728577576035202,0.08931365880518423,-0.11154929968489291,-0.1324634341583494,-0.13221912204963052,-0.0876321622084334,-0.13747507137337645,-0.18396239074205176,0.10059458534034806,-0.057769171328493366,0.023555759148979487,-0.020593474830762966,-0.1597509682255445,-0.21355562033528136,-0.12966541271626017,-0.20822378618988788,0.034299939384685146,-0.030098511454443658,0.20619109093685364,0.028001961900266985,0.03714885918275749,0.09908012789368721,-0.06114512046715437,-0.01920718869871412,0.03853375717782497,-0.07445689140604395,-0.21445698394850937,-0.10465534872314533,-0.04944543927594775,-0.16103083052235595,-0.0734773294095328,0.028846411897259356,0.0039228751093157875,-0.22230368530746056
#102,0.061932656847911084,-0.09427486037655529,-0.021475404526251983,-0.10082918049019744,-0.04327563310614158,0.009299592350439808,-0.1313825381621992,0.020179347297991364,0.00940694161033144,-0.0873027110315246,-0.0985396798956121,-0.16676892609096,-0.07548318734759413,-0.09359189698172748,0.44110273601799027,1.0,-0.0519894316504486,0.14393823715857615,0.20212940212940214,0.3199470657097776,0.07376004664140258,0.5344628141238311,-0.13678054017037067,0.4309832174238954,0.057135718152667304,0.18196023450260737,0.06749214545824715,0.3346594668628567,-0.11596357528560919,0.11030275267563402,-0.016246292517478958,0.02749529190207156,0.04193978261774872,0.05303007167413947,-0.08142904075107466,-0.02416653942077671,0.0413169718254464,0.022857063535029636,0.013410328664565953,-0.044450922417024114,-0.03243844769268498,0.12228653923569177,-0.011245297685975653,0.1388201761083117,-0.10905898194033788,-0.12078735129582588,-0.1722784417699672,-0.18804351346724227,-0.1911561792917725,-0.18619590314505569,-0.2013534335568234,-0.09737086855730924,-0.15362604515146888,-0.17070614528241648,0.018395591276947208,-0.08559391440747373,-0.13662136712984171,0.16306074950142746,-0.24074691023843567,-0.18382912959184144,-0.24909424061966434,-0.30831447780600324,-0.07990995618114262,0.23595830036508003,0.23231444078901706,0.10518561705002383,-0.048881392949189556,0.034944034944034946,0.12004145902450987,0.2195768958480823,-0.16652507669456823,-0.1066140100038405,-0.03316860774487893,0.045023760277997565,0.008545833969562783,-0.1756567044702638,-0.181360559326661,-0.20482979127046924,-0.04490947033319915,0.07848896662455984,-0.16910516063058437,-0.00457391135357237,-0.15924059652873213,-0.026198771961483826,-0.13614523614523613,-0.11603529569631264,-0.3442454781437832,-0.10759773641129573,0.11437786014057201,-0.003677637575942661,-0.08061883146628909,-0.3951979714691579,-0.30612260951244,-0.17221042305788067,-0.1548369633115396,0.011903274615139021,0.16681149562505496,0.010099159251701625,0.1532998329608499,0.011354035082848641,-0.06471633420785963,-0.11755206670460908,-0.05525340440594678,-0.122112559400695,-0.11691768810412878,-0.0862060828162523,-0.10178051703475433,-0.15701587565994346,0.006196180772451959,-0.17833442070730207,-0.17135535049942396
#201,0.18639579487037114,0.29308985410680327,0.5051101949407034,0.3438507845287506,-0.17954024903177446,0.13151996372335356,-0.06223341986053851,0.16202890101195186,0.1523720947449761,0.5746095864739933,0.1542798576696882,-0.16883817561783662,-0.015823836162819214,-0.2785005344327378,-0.03694202677253525,-0.0519894316504486,1.0,0.5101667152514611,0.0010915383796739728,-0.19655927113554233,0.2684957684957685,-0.06404632675819116,0.4712539966777255,0.06881180101519084,0.34709393522952847,0.2356376407223865,0.2525608813744407,0.0008245533669262483,0.31148220639746066,-0.2708782742681048,0.12170722340213866,-0.15818931412151752,0.3125876261469482,0.06538356538356538,-0.21932934475307356,-0.16288167983083238,0.10319595404341167,0.16611696442204918,0.17895723149960438,0.2867576359101783,0.07939218108709634,0.049828102370475254,-0.04506910608605524,-0.12014464387345743,-0.0914342694003711,-0.03091057158853769,-0.021661877594080985,0.021297722992638247,-0.03892983892983893,-0.24794069878815642,0.02942433959383112,0.03732052545611868,0.2200858794079133,0.1117403998759931,0.10410981088947191,0.02930403438878015,-0.03579588833826122,-0.11642489947574694,-0.16590874387484558,-0.03338469440164355,-0.07991504601674093,0.30048029539554966,-0.283465900415053,-0.13797803967295494,0.3162222314764688,0.2108783668105702,-0.20052517849128018,0.06686008041940246,-0.11250248707875826,-0.19430354854083667,0.16526464831549578,0.09494949494949495,-0.019351554944775282,0.030396035480781243,-0.3116603506434015,0.23550669313381178,-0.1361540276794514,0.37851117681626156,0.4367981232388012,-0.056260729142085075,-0.08540836676429897,-0.1874045077434908,0.03341291985359782,-0.07387248573689252,-0.15362465701448752,-0.2794120777171625,0.009540202760541744,0.060098927895538064,0.1048797642017981,-0.16171148035554817,-0.2248805045415215,-0.08333957994974944,0.020309369461911836,-0.2324342832817409,0.006165641758862098,0.7339959373857678,0.16829865304441577,0.48408269594710274,0.4302933133441608,0.22166187759408099,0.3155577765747257,0.3766011003299139,0.10957259262344009,0.3314227941346585,0.11606861098386523,0.39907827704437876,0.2511880138998783,0.16545297223263325,0.08238500441890273,0.0966680085324153,0.25650507092282027
