,#10,#11,#12,#13,#17,#18,#26,#49,#50,#51,#52,#53,#54,#58,#101,#102,#201,#202,#301,#302,#401,#402,#501,#502,#601,#602,#701,#702,#801,#802,#901,#902,#1001,#1002,#1101,#1102,#1201,#1202,#1301,#1302,#1401,#1402,#1501,#1502,#1601,#1602,#1701,#1702,#1801,#1802,#1901,#1902,#2001,#2002,#2101,#2102,#2201,#2202,#2301,#2302,#2401,#2402,#2501,#2502,#2601,#2602,#2701,#2702,#2801,#2802,#2901,#2902,#3001,#3002,#3101,#3102,#3201,#3202,#3301,#3302,#3401,#3402,#3455,#3501,#3502,#3601,#3602,#3701,#3702,#3801,#3802,#3901,#3902,#4001,#4002,#4101,#4102,#4201,#4202,#4301,#4302,#4401,#4402,#4501,#4502,#4601,#4602,#4701,#4702,#4801,#4802
#10,1.0,0.4204897551224388,0.254034521200938,0.46034674970207207,0.3196632453004267,0.09498327759197324,0.2781455426133087,0.5364779148887094,0.18027140276015838,0.4885634106023911,0.4742090493214931,0.4194595010187214,-0.029000884173297967,-0.19422596394110636,-0.3497097605043632,-0.054949448352746705,0.1090531657248299,-0.11484257871064468,-0.17977165263522085,0.016599392611386616,-0.4208203590512436,0.21842924691500404,-0.10621612270787684,-0.015953561680698114,0.11226694345135124,0.32029369930419405,-0.30493214930996043,-0.07920655057086841,-0.1494714181370853,-0.1519547918348518,-0.10490908391957868,-0.116364894475839,0.0269480644293238,-0.008634144466228424,-0.15567600814977126,-0.004551570368661823,-0.03550532426094645,0.18197824164840656,0.18650674662668665,0.24158689885826318,-0.14393572444546957,-0.241717602737093,0.07990620074578096,-0.13640103025410372,0.07225617960250644,0.019328797139891593,-0.30815361549994236,-0.13955330027294044,-0.15776727021104833,-0.051704916772383036,-0.029692845884749932,-0.055249298427709224,0.06673586283781187,-0.0008534194441240918,0.06482143543612809,0.375965863222235,-0.17995617575827472,0.049851997078383885,0.16804674585784032,0.16321070234113713,0.13280282935455348,-0.04711490408641833,-0.08202821666090032,0.06232268481144043,-0.18170914542728636,-0.02230423249913505,-0.12830507823011572,0.014369738207819168,-0.08564948295083227,-0.08174374351285896,0.04667666166916542,0.0019913120362895476,0.048468073655479955,0.017668089032406874,-0.1035405374235959,-0.12934302079729365,0.10930688501902895,-0.08368123630492447,-0.0034982508745627187,0.13240302925460345,0.12321531541921348,0.26000845730980665,-0.3698919770883789,0.1403529004728405,0.41626878868258177,0.05790181832160843,0.1525621804482374,0.14791834851804866,0.035843616653211854,-0.002129704378579941,0.022065890131857148,0.21469265367316342,0.3291969399915427,0.14511974781839848,0.1474647291738746,0.0617229846615154,0.3772652135470726,-0.12244646907315573,-0.08990889170799216,0.06748933225694845,0.13688540345212008,-0.054288240495137044,-0.15685234305923962,0.12683658170914544,0.27631568830969133,0.2233114212124707,0.2608695652173913,0.06727405528005229,0.18553031176719334,-0.013539384154076808,-0.0184753776957675
#11,0.4204897551224388,1.0,0.3340791142890093,0.5534694191365855,0.05425748664129474,-0.044400876484834505,0.37535078614538886,0.18944373966862724,0.10921462345750202,0.6337677315188559,0.5556760081497713,0.018229346865029025,-0.015300042286549033,-0.2850113404836043,-0.00841117902587168,0.41426209971937106,0.06368354284396263,-0.1418521508476531,0.06579787029562142,0.2869411448122093,-0.13394072194671894,0.3099988467304809,0.04562334217506631,0.2844423941875216,0.0725790950678507,0.19893130357897973,-0.34704955214700345,-0.13444816053511705,-0.08469611348172068,-0.04387806096951524,0.031099834698035598,0.04985968554184446,-0.1607734594241341,-0.021835236228039828,-0.054641909814323604,0.03338330834582709,-0.08160535117056857,0.20854957136816207,0.31690308691807945,0.19915426901933647,-0.07566216891554223,-0.15026332987352478,0.008611079075846692,0.216337984853727,0.24829123899588668,0.143182255026333,-0.3519240379810095,-0.2821358551493484,-0.23489024718410026,-0.3587360166070811,-0.03758120939530235,-0.01557682697112982,0.05657940260638911,0.05343482105101296,-0.1500864952139315,-0.011701841386998809,-0.15336946911159804,0.07680006150770768,0.1877138353899973,0.14878714488909392,-0.13143428285857073,-0.02433398685272748,-0.055956637066082345,0.10671587283281436,0.04841425441125591,0.10493983777342099,-0.1491408142082805,-0.006319916964594626,0.09336870026525199,0.10737708069042402,-0.01824472379195018,0.09863529773574752,-0.20689655172413793,-0.2516741629185407,-0.25016722408026754,-0.27806865797870295,-0.1641794487371699,-0.34837196786222274,0.03522853957636567,0.23747357090685425,-0.11654941759889285,-0.09494483527467036,-0.16669357628877868,-0.04939837773420982,-0.050259485641794485,-0.34468919386460617,-0.024441625341175565,-0.06954215200092262,0.021389305347326335,-0.34958674508899396,-0.11945565678699112,-0.0952677507400146,0.204966747395533,0.018114019913120363,0.2567177949486795,0.07663091531157498,0.181278591473494,-0.14222888555722138,-0.18267020335985854,-0.11110598546880406,-0.14483527467035712,-0.1029946565178949,-0.10105716372582939,-0.17364394725714066,-0.10059585591819475,-0.11900203744281705,-0.04398569945796332,-0.1710529350709261,0.12770537808019067,0.11135201629954254,0.2087033406373736
#12,0.254034521200938,0.3340791142890093,1.0,0.44917541229385305,0.11000653519394149,0.6656825433437128,0.33499404144081807,-0.0765232768231269,-0.045408065198170144,0.4384500057663476,0.2543958789835851,0.021543074616537886,0.2000384423173029,-0.49090839195786723,-0.31638795986622076,-0.041786798908238186,0.7444892938146311,0.5190789220774228,-0.09555222388805597,0.01651481951332026,-0.5150809210779226,0.027870680044593088,0.2629838926690501,0.39239610963748894,0.1305577980240649,0.330719255756737,0.054918694498904394,0.23803482873947643,-0.0835659093530158,-0.10705416522507977,0.5567216391804098,0.272863568215892,0.17238303924960596,0.03845769422980817,-0.375312343828086,-0.26030061892130857,-0.06836581709145427,0.03026179218083266,0.2114327451658786,0.027186406796601698,-0.24013377926421406,-0.08920924153307962,0.0748241263983393,0.12183139199630953,0.2290239495636797,0.1806712028601084,0.011125206627455503,0.14306692807442434,0.05308115173182639,0.07489332256948449,0.3443816553261831,0.2816976127320955,0.45788644139468726,0.3789105447276362,-0.07060315995848229,-0.08734094491215931,-0.2633913812324607,-0.2595394610387114,0.15404605389612885,0.06756621689155422,-0.130865336562488,0.12071656479452582,-0.39022027447814556,-0.25062084342444163,0.3451428132087802,0.18958213201091761,-0.4127859147349402,-0.3513089609041633,-0.0009610579325721755,0.08162072809748971,0.3290201053319494,0.30693114980971054,-0.3142275016337985,0.06293007342482605,-0.5440818052512205,-0.40811901741436973,-0.2971437358243955,-0.15170107254065274,-0.34225195094760313,0.06326836581709146,0.013793103448275862,-0.043316803136893095,-0.16184215584515435,-0.3186714335140122,-0.06487525468035213,-0.24550801522315766,0.23213777726521354,0.23026948064429323,0.24263252988890172,-0.2554338215507631,0.033498635297735745,-0.053996078883635105,0.2385192019374928,0.24469303809633644,0.27069542152000925,0.5856917694998655,0.27167185637950253,0.48402721716065045,0.27379387229462193,0.43709683619728595,0.27467035712912774,0.6142697881828316,0.49180794218275475,0.4090185676392573,0.3847153346403721,0.36047360934917155,0.30951447353246453,-0.1714142928535732,-0.01669934263637412,0.14744935224695344,0.0961903663552839
#13,0.46034674970207207,0.5534694191365855,0.44917541229385305,1.0,0.21174797216776228,0.1783262215046323,0.11255910506285319,0.13418675277745742,-0.0671356629377619,0.7775573751585746,0.5624111021412371,0.22053588590320225,0.09959635566831969,-0.3606273786183831,-0.1356244954445854,0.24423941875216237,0.32050128781762965,-0.12216968438857494,-0.13604736093491715,0.10728481912889709,-0.33033483258370816,0.28481912889708993,0.09954253642409565,0.12898166301464653,0.23036174220582017,0.3237073770806904,-0.19980009995002498,-0.03565140506669742,-0.04994425863991082,-0.19984623073078844,0.10909160804213278,-0.014431245915503786,-0.1491408142082805,-0.1889824318609926,-0.17934878714488908,0.01406219966939607,-0.06470610848421943,0.21496174989428363,0.27143351401222465,0.15089378387729213,-0.2992965055933572,-0.27599277284434703,-0.08222042824741475,0.0347057240610464,0.12268481144043362,0.06253027332487603,-0.304993657017645,-0.2572252335370776,-0.18596086572098566,-0.19756275708299698,-0.05813247222542575,-0.03801176334909468,0.09763579748587245,0.01569215392303848,-0.04174066812747473,0.02075116288009841,-0.12683658170914544,0.08694883327566985,0.24220966439856995,0.15068619536385652,0.0019451812555260832,0.11172106254565026,-0.12210048821742975,-0.16584015684465458,0.17641179410294852,-0.014761849844308615,-0.41264752239264985,-0.3415676776996117,-0.1436512512974282,-0.11950947603121516,-0.12903548225887057,-0.08535732133933034,-0.16221120209126205,-0.1392303848075962,-0.348894783377542,-0.3112213124207127,-0.17784184830661592,-0.24011071387383232,0.008449621343174566,0.08135932033983008,0.09004728405028255,0.057640410563948793,-0.2313996847729981,-0.11341252450697728,0.050098027909122364,-0.2601929804328605,0.08481912889708991,0.06894245185099758,-0.003121516164994426,-0.36550955291584974,-0.09030869180794218,-0.021504632299234997,0.23662015146273016,0.1612808980125322,0.28545727136431787,0.18929765886287625,0.2524276323376773,-0.14194441240918002,-0.0839733979164264,-0.08327374774151386,-0.14388190520124552,-0.0014223657402068198,-0.12689808941683003,-0.06122323453657787,0.051274362818590706,-0.08985507246376812,-0.13275669857379002,-0.21150962980048438,0.23036174220582017,0.2015607580824972,0.2882481836005074
#17,0.3196632453004267,0.05425748664129474,0.11000653519394149,0.21174797216776228,1.0,0.16839272671356628,0.2067658478453081,0.2829585207396302,0.12692115480721178,0.18775996617076077,0.3222465690231807,0.5800253719294199,0.23159958482297313,0.14017606581324724,-0.05139737823395994,-0.061077153730826894,0.06027755353092684,-0.02306539038173221,-0.1406911928651059,-0.12857417445123592,-0.15326951908661055,0.052635220851112906,-0.14380502056663977,-0.00879560219890055,-0.12629070080344443,0.17988697958712951,-0.11254372813593204,0.026156152692884328,0.1340252950447853,-0.005082074347441664,0.04623841925191251,-0.012509130050359436,0.26332987352477605,0.10952216199592511,0.15673701610733096,0.1677776496367201,0.14427401683773497,0.2967054934071426,0.10182601007188713,0.08627224849113904,0.1415753661630723,0.02655595279283435,0.10834582708645678,-0.017375927420904932,-0.16883096913081921,-0.1698919770883789,0.07402452619843924,0.11974781839849306,0.2051358935916657,-0.030553953792334602,-0.18204743781955177,-0.23465190481682235,-0.15217006881174797,-0.11897897205243532,-0.16765463422135085,0.17977165263522085,-0.3461346249951947,-0.107523161496175,-0.18106331449659785,-0.1960250643908815,-0.12055510706185368,-0.27181024872179294,0.15227770730019605,-0.06421404682274247,-0.33546303771191327,-0.030277169107753816,0.028616461000269097,-0.008449621343174566,0.08018298543036174,0.17869526775074002,0.11654172913543229,0.11372006304540037,0.12073194172144697,0.08379656325683313,0.12499135047860685,0.06103102295006343,-0.053665474954830275,-0.2171145196632453,0.1237842617152962,0.22360358282397264,0.15668319686310692,0.3863837312113174,-0.1660477453580902,0.13823857302118173,0.5743435974320532,0.04897551224387806,-0.020282166609003192,0.18816745473417137,-0.05547226386806597,0.1767654634221351,0.2640910314073732,0.003698150924537731,0.04515434590397109,-0.15303117671933264,-0.12692884327067236,0.10590858416945373,0.25241994387421673,0.154953292584477,0.12655979702456463,0.08976281090224118,0.038573021181716835,0.04908315073232614,-0.051182101257063774,0.30807673086533655,0.3261984392419175,0.24905239687848382,0.09398377734209819,-0.2591396609387614,-0.21176334909468342,-0.398162457232922,-0.2673663168415792
#18,0.09498327759197324,-0.044400876484834505,0.6656825433437128,0.1783262215046323,0.16839272671356628,1.0,0.21145581055626034,-0.11788721024103332,-0.1245300426709722,0.11824856802368047,0.08606465997770346,0.21958251643409066,0.4919693999154269,-0.1045246607465498,-0.3461576903855764,-0.22152000922615614,0.6129935032483758,0.605312728251259,0.02013608580325222,0.0063968015992004,-0.38188598008687963,-0.05098220120708876,0.11372775150886096,0.14629608272786684,-0.03835005574136009,0.19875446891938647,0.1131357398223965,0.17478183984930612,0.17487410141083304,0.05720985661015646,0.5074078345442663,0.19634029139276515,0.24862953138815208,0.1271825625648714,-0.11205935493791566,-0.1263368315842079,-0.08593395609887364,0.07034175220082267,-0.14595779033560144,-0.21648406565947795,-0.1534924845269673,-0.07020335985853227,0.08582631761042556,0.07619267289432206,-0.15702148925537232,-1.5376926921154808e-05,0.1784338599930804,0.28015992003998,0.10200284473148041,0.17416676277245993,0.2622304232499135,0.15918963595125515,0.2852343059239611,0.23538999730903779,-0.007119517164494675,0.18148617998692962,-0.30560104563103063,-0.07433206473686234,-0.1089839695536847,-0.2610002690962211,0.0020528197439741666,0.07520086110790758,-0.10640833429439127,-0.07613885365009802,0.16527889901203244,-0.049206166147695386,-0.024095644485449583,-0.1822780917233691,0.10376350286395264,0.1186099258063276,0.26040825740975665,0.17325183562065122,-0.06677430515511475,0.3402913927651559,-0.2800599700149925,-0.15426133087302502,-0.09613654711105986,0.05243532080113789,-0.21163264521585362,0.16494060661976703,0.23941106369891976,0.2231038326990351,-0.044816053511705686,0.029392995809787412,0.14299773190327913,-0.06878099411832546,0.060185291969399916,0.3189328412716719,0.22856264175604504,0.09512166993426363,0.0838734478914389,0.02910852266174605,0.06507515473032714,0.002537192941990543,-0.0865951639564833,0.3997385922423404,0.2897166801214777,0.5374235958943605,0.23662015146273016,0.46589013185714834,0.3675777495867451,0.5858147849152346,0.5431438127090301,0.3099988467304809,0.3241609964248645,0.3342943912659055,0.285272748241264,0.07634644216353362,0.00595087071848691,-0.13060392880482835,-0.16313381770653135
#26,0.2781455426133087,0.37535078614538886,0.33499404144081807,0.11255910506285319,0.2067658478453081,0.21145581055626034,1.0,0.28558028677968705,0.35438434628839427,0.4208664898320071,0.5228923999538693,0.10054972513743128,0.364886787375543,-0.0037058393879983087,0.20720409026256104,0.19617114519663245,0.19607888363510553,0.29060085341944414,0.313235689847384,0.17398223964940607,0.13775419982316534,0.07099527159497175,0.17262907008034445,0.15230846115403837,-0.08840964133317956,0.19354169069311497,-0.30113404836043517,-0.24564640756544803,0.10162611002191212,0.1583900357513551,0.037888747933725445,0.16765463422135085,0.11516549417598893,0.1221158651443509,0.1276284934455849,0.16588628762541807,0.04278629915811325,0.21321646868873256,0.3250144158689886,0.07225617960250644,0.023872679045092837,-0.0916618613770038,0.013055010956060431,0.26382962364971363,-0.020958751393534,-0.06615922807826856,-0.29718986660515895,-0.2372275400761158,-0.14139853150347903,-0.25228155153192633,-0.0231038326990351,0.021450813055010957,0.07283281436204975,0.1592050128781763,0.07637719601737593,0.23758889785876292,-0.24915234690347135,-0.11631107523161496,-0.3297966401414677,-0.3066774305155115,-0.009995002498750625,-0.34911006035443815,0.03927267135662938,0.13528620305232,-0.2396340291392765,-0.09536770076500212,0.2094568100565102,0.3441356244954446,0.4502517971783339,0.44240956444854496,0.4863337561988237,0.2053742359589436,0.1525621804482374,0.0899627109522162,0.05058240110713874,0.04392419175027871,0.2203821166339907,-0.054680352131626496,0.12454541959789336,0.32822050513204937,-0.11942490293314881,-0.04844500826509822,-0.24061815246223042,-0.10929919655556837,0.13387152577557376,-0.18436935378464614,-0.3076615538384654,0.04736093491715681,0.07491638795986622,-0.28844808365048247,0.19664782993118826,-0.20549725137431285,-0.13163418290854573,-0.2157229077768808,-0.1493714681120978,0.23166109253065775,0.31277438203974933,-0.04693038096336447,-0.035543766578249335,0.11209779725521854,-0.030400184523123056,0.19014338984353976,0.06699727059547149,0.1605658709106985,0.02667896820820359,0.1180332910467843,0.12679813939184253,-0.06108484219428747,-0.06903471341252451,-0.06309921962095875,-0.3021719909276131
#49,0.5364779148887094,0.18944373966862724,-0.0765232768231269,0.13418675277745742,0.2829585207396302,-0.11788721024103332,0.28558028677968705,1.0,0.45408065198170144,0.20708876331065237,0.39338023296044283,0.5155499173490178,0.18513820013070387,0.17875677545842464,0.11904047976011994,-0.012901241686848884,0.020020758851343558,-0.05599507938338523,0.21148656441010263,-0.1369930419405682,0.0679813939184254,-0.043362933917656554,-0.12164686887325568,-0.11601122515665244,-0.0111944027986007,0.0434167531618806,-0.44033367931418904,-0.3183792719025103,0.18752162380348286,0.11176719332641372,-0.04937531234382809,-0.012093953023488256,0.15121669934263637,0.09043939568677199,0.3230000384423173,0.21389305347326337,0.28583400607388615,0.21892130857648098,-0.08744858340060739,0.012132395340791143,0.06924230192596009,-0.19151962480298312,0.01386229961942106,-0.03130742321147119,-0.24418559950793833,-0.24231730288701803,-0.30848421942874715,-0.23352938915157806,-0.24846038519201938,-0.33262599469496024,-0.400199900049975,-0.28182831661092533,-0.3625341175566063,-0.16789297658862876,0.07842232729788952,0.32319993849229234,-0.288202052819744,-0.12651366624380117,-0.15230846115403837,-0.11801791411986315,0.15559143505170492,-0.2633836927690001,0.1959481797562757,0.17477415138584554,-0.30974512743628185,-0.27636181909045476,0.22006688963210702,0.3679544842963134,0.3200322915465344,0.1519855456886941,0.3720755007111829,0.18010225656402568,0.400599700149925,0.17122976973051934,0.3209241533079614,0.11390458616845424,0.38667589282281933,0.06586706646676661,0.3025333487102603,0.29499096605543385,-0.16377964863721986,0.11192096259562527,-0.2404874485834006,0.37424364740706567,0.36666282243493636,0.1270134163687387,-0.12616768538807518,-0.16516357206012378,-0.27057240610464,-0.051704916772383036,-0.1125898589166955,0.06752777457425134,0.019974628070580095,-0.09542152000922616,-0.10948371967862222,0.09043939568677199,0.26831199784723025,-0.26545188943989545,-0.18496905393457116,-0.14012224656902317,-0.08963979548687195,-0.02537192941990543,-0.09758966670510899,0.06905777880290624,0.15930496290316382,0.08949371468112098,0.11279744743013109,-0.0308614923307577,-0.1354169069311498,-0.18341598431553455,-0.3750278706800446
#50,0.18027140276015838,0.10921462345750202,-0.045408065198170144,-0.0671356629377619,0.12692115480721178,-0.1245300426709722,0.35438434628839427,0.45408065198170144,1.0,0.1434129089301503,0.382716334140622,0.1519855456886941,0.09424518509975781,0.19550224887556222,0.3448122092799754,0.17416676277245993,0.10617768039057394,0.061161726828893245,0.4215200092261562,-0.20317533540921848,0.20024603083073847,-0.031107523161496176,0.12865874754930226,-0.07384000307538538,0.03669703609733595,-0.05823242225041325,-0.3682005151270519,-0.316418713720063,0.2898627609272287,0.15384615384615385,0.1394379733210318,0.10031138277015339,0.1881290124168685,0.34322069734363586,0.3622342674816438,-0.05740975666013147,0.4708107484719179,0.24433936877714987,0.21945950101872141,0.15288509591358168,0.5314804136393342,0.21909814323607427,0.08359666320685812,-0.029808172836658594,-0.1422596394110637,-0.34022988505747126,-0.25476492522969285,-0.1773651635720601,-0.21852919693999154,-0.3802329604428555,-0.40944912159304964,-0.29093914581170954,-0.24714565794026064,0.162303463652789,0.20766539807019568,0.2031907123361396,-0.2524122554107562,-0.39795486871948643,-0.1282743243762734,-0.06924230192596009,0.07403990312536039,-0.12435320801137893,0.1642409564448545,0.04784530811517318,-0.13094990966055434,-0.37572752085495714,0.2771998616076577,0.38915926652058586,0.5219005881674548,0.29375312343828086,0.3919655556836966,0.23591281282435705,0.2834659593280283,0.1579441048706416,0.1580056125783262,0.08724868335063238,0.24170222581017184,0.11775650636220351,0.26128474224426246,0.1287125667935263,-0.13233383308345828,-0.2201514627301734,-0.11889439895436897,0.01033329489101603,0.005581824472379195,-0.012931995540691193,-0.1605274285933956,-0.03169184638450006,-0.061215546073117286,-0.07756121939030484,-0.17160650444008765,-0.035113212624457005,-0.07427055702917772,-0.08684888325068235,-0.046176911544227886,0.23432130088801753,0.11846384500057663,-0.10277169107753815,-0.23675854380502057,-0.2617460500518971,-0.06949602122015915,0.14159843155345403,0.10779994618075578,0.11862530273324876,0.07316341829085457,0.04935993541690693,0.19025102833198784,-0.0931611117518164,-0.31598047130281015,-0.059170414792603696,-0.19065851689539845
#51,0.4885634106023911,0.6337677315188559,0.4384500057663476,0.7775573751585746,0.18775996617076077,0.11824856802368047,0.4208664898320071,0.20708876331065237,0.1434129089301503,1.0,0.7647099527159498,0.14172144696882327,0.2029985007496252,-0.362157382847038,-0.0028216660900319073,0.35989697458962827,0.25984699957713453,-0.04428554953292584,0.07034175220082267,0.10973743897282129,-0.19862376504055665,0.2870564717641179,0.17881828316610926,0.2612770537808019,0.24534655749048553,0.34931764886787375,-0.2926382962364971,-0.29604428554953294,-0.028754853342559488,-0.14829508322761695,-0.0359973859224234,-0.11798716026602084,-0.31678775996617076,-0.2512897397455119,-0.25899358013301044,-0.06130780763464422,-0.08450390189520625,0.11471956329527544,0.5168877099911583,0.27970630069580593,-0.06417560450543959,-0.2745704071041402,0.11167493176488678,0.10467843001576135,0.27892207742282704,0.09955022488755622,-0.5328182062814747,-0.49223849613654713,-0.3821320109176181,-0.31818706031599586,-0.03419828547264829,0.005128205128205128,0.15768269711298197,0.18539960788836352,0.0895552223888056,0.058301618421558454,-0.14020681966708953,0.027132587552377657,0.23083842694037596,0.17756506362203514,-0.11423519009725906,-0.07755353092684426,-0.17565832468381193,-0.07144120247568524,0.07234844116403337,-0.07337100680429016,-0.23931880213739284,-0.11713374082189675,0.02401107138738323,0.001545381155576058,0.08706416022757851,0.002337292892015531,-0.10174912543728136,-0.167816091954023,-0.3501403144581555,-0.3311959404912928,-0.0561411601891362,-0.17422827048014455,-0.036151155191634955,0.21686080036904626,0.1445738669126975,0.016391804097951025,-0.24289393764656134,-0.05656402567946796,0.007857609656710106,-0.3497789566755084,0.006927305577980241,0.13143428285857073,0.11726444470072656,-0.410425556452543,-0.08065967016491754,-0.14567331718756008,0.22199669396071195,0.16149617498942836,0.3691077538154,0.2931534232883558,0.3328182062814746,-0.23455195479183485,-0.2758543805020567,-0.11243608964748394,-0.21622265790181833,0.06525198938992043,-0.22667127974474302,-0.1511398147080306,-0.11235920501287817,-0.1664552339215008,-0.1278668358128628,-0.26592857417445126,0.2423326798139392,0.23981855226233037,0.23611271287433205
#52,0.4742090493214931,0.5556760081497713,0.2543958789835851,0.5624111021412371,0.3222465690231807,0.08606465997770346,0.5228923999538693,0.39338023296044283,0.382716334140622,0.7647099527159498,1.0,0.35795179333410215,0.3723215315419213,-0.16338753700073042,0.17644254795679085,0.3714834890247184,0.1361703763502864,-0.07869142351900972,0.13653173413293354,0.016683965709452967,-0.023526698189366854,0.2651520393649329,0.18066351439664782,0.2591627263291431,0.3170107254065275,0.36407949871218237,-0.4591319724753008,-0.40522046668973205,0.06592088571099065,-0.010963748894783378,-0.008488063660477453,-0.14388190520124552,-0.20305231999384923,-0.16705493407142583,0.07784569253834621,0.03725060546649752,0.15006342982354975,0.2633452504516972,0.4607619267289432,0.3493253373313343,0.08041363933417907,-0.212316918463845,-0.009825856302617921,0.06515203936493291,0.13693153423288357,-0.09565986237650406,-0.5210932995040941,-0.4972206204590013,-0.3950716949217699,-0.43332948910160307,-0.3397685772498366,-0.25356552492984274,-0.11645715603736594,0.1661476953830777,0.0991504247876062,0.1900280628916311,-0.19795486871948642,-0.03580517433590897,0.044131780263714296,0.07942951601122515,-0.06336062737861839,-0.19494099104294008,0.05684081036404875,0.013039634029139276,-0.19447968323530543,-0.2606619767039557,0.052281551531926346,0.055956637066082345,0.3141506169991927,0.1085072848191289,0.2260254488140545,0.07396301849075462,0.11168262022834737,-0.19438742167377848,-0.13178026371429669,-0.24482374197516626,0.09768961673009649,-0.12843578210894552,0.17322877023026947,0.4042594087571599,0.1714527351708761,-0.06812747472417638,-0.35234690347134123,0.04896782378041748,0.10790758466920386,-0.35749048552646756,-0.15150117249067774,-0.08722561796025065,-0.07773036558643755,-0.3571291277438204,-0.12261561526928844,-0.20528966286087724,0.08566485987775344,0.04364740706569792,0.24335524545419598,0.2957213700841887,0.5725983162265021,-0.38340060738861337,-0.36095798254718797,-0.2963595125514166,-0.33618575327720757,-0.022342674816437934,-0.26101564602314226,-0.11475031714911775,-0.11390458616845424,-0.13619344174066814,-0.10865336562487987,-0.2541729135432284,0.04033367931418906,0.07458578403106139,0.09385307346326836
#53,0.4194595010187214,0.018229346865029025,0.021543074616537886,0.22053588590320225,0.5800253719294199,0.21958251643409066,0.10054972513743128,0.5155499173490178,0.1519855456886941,0.14172144696882327,0.35795179333410215,1.0,0.37532003229154653,0.2811901741436974,-0.01927497789566755,-0.12327682312689808,0.0766232268481144,0.0421558451543459,0.05853227232537577,-0.06653596278783686,-0.1103755814400492,0.11529619805481875,-0.14638065582593318,-0.22737092991965555,-0.05617960250643909,0.07930650059585592,-0.1943489793564756,-0.1508322761696075,0.2779148887094914,0.12353823088455772,-0.04515434590397109,-0.11274362818590705,0.1810863798869796,0.06871948641064084,0.3620189905047476,0.29283050782301157,0.237496636297236,0.3959558682197363,-0.1914581170952985,-0.15346173067312496,-0.038895936647061084,-0.13336408718717566,0.1015953561680698,-0.04384730711567293,-0.3486564410102641,-0.3494714181370853,0.04876792373044247,0.06829662092030908,-0.011086764310152616,-0.17921808326605929,-0.4328604928305078,-0.5065082843193788,-0.4578710644677661,-0.31042171222081266,-0.14956367969861223,0.2997501249375312,-0.41860608157459733,-0.0658747549302272,-0.2457617345173567,-0.2745780955676008,0.004736093491715681,-0.27416291854072966,0.3850305616422558,0.033506323761196326,-0.32512974282089724,-0.16387959866220736,0.23971860223734287,0.12012455310806136,0.31120593549379155,0.17470495521470034,0.14748010610079576,0.18852881251681852,0.39869296121170184,0.1251374312843578,0.21579979241148656,0.07364779148887095,0.13944566178449236,-0.1249759735516857,0.2348056740860339,0.333248760235267,0.17635797485872448,0.4162303463652789,-0.2893091915580671,0.3116979971552685,0.5536385653327183,0.09728981663014646,-0.18174758774458924,-0.09367623880367508,-0.2742321147118748,0.2899319570983739,0.10508591857917195,0.10821512320762695,0.03325260446699727,-0.2725252758236266,-0.2253181101756814,-0.06672817437435129,0.45975473801560757,-0.023611271287433205,-0.07840695037096836,-0.10221043324491601,0.0014069888132856648,-0.1796563256833122,-0.09650559335716757,0.14572713643178412,0.20468996271095222,0.26144619997693463,0.08033675469957328,-0.15204705339637872,-0.23646638219351862,-0.46186906546726636,-0.30141852150847653
#54,-0.029000884173297967,-0.015300042286549033,0.2000384423173029,0.09959635566831969,0.23159958482297313,0.4919693999154269,0.364886787375543,0.18513820013070387,0.09424518509975781,0.2029985007496252,0.3723215315419213,0.37532003229154653,1.0,0.11319724753008112,0.3175412293853073,0.11658017145273517,0.2691115980471303,0.27923730442471073,0.3989851228232038,0.06237650405566447,0.19793949179256526,0.031345865528774074,0.05550301772190828,0.05785568754084496,-0.02576404105639488,0.05717141429285357,-0.2791066005458809,-0.39484872948141314,0.4824818360050744,0.2714873332564487,0.17544304770691577,-0.08368123630492447,-0.07543920347518548,-0.03016953061930573,0.2592703648175912,0.13415599892361513,0.21811401991312035,0.24305539537923346,0.0544420097643486,-0.11518087110291009,0.182516434090647,0.01729904278629916,0.0653980701956714,0.23237611963249144,-0.2676123476723177,-0.29294583477492026,-0.23176104255564525,-0.2514819513320263,-0.3244992888171299,-0.34653442509514476,-0.17325183562065122,-0.16671664167916042,-0.18672202360358284,0.08361204013377926,-0.03289124668435013,0.3195632952754392,-0.33669319186560565,-0.08443470572406105,-0.2844423941875216,-0.36996886172298465,-0.04553108061353939,-0.30241033329489103,0.21233229539076615,0.21982854726482912,-0.18518433091146735,-0.31097528158997423,0.3039095836697036,0.051543459039710915,0.4304540037673471,0.20533579364164073,0.44298619920808824,0.10123399838542267,0.3192480682735555,0.02659439511013724,0.07322492599853919,-0.052358436166532116,0.22555645254295928,0.019282666359128127,0.03972629070080345,0.4445315803636643,0.32033983008495753,0.15591435051704916,0.08512666743551302,0.3321185561065621,0.12340752700572791,-0.17497405143582054,-0.3185022873178795,0.07613116518663746,0.06212278476146542,-0.016737784953677007,0.01397762657132972,-0.20742705570291778,-0.19304194056817744,-0.23339868527274824,-0.25149732825894744,0.22366509053165726,0.3442355745204321,-0.03177641948256641,-0.2495675239303425,0.002152769768961673,-0.17481259370314842,0.2860492830507823,0.12317687310191058,-0.07705378080190674,-0.10646215353861531,-0.09412985814784915,-0.04409333794641141,-0.017937185253527083,-0.046807365547995236,-0.1453888440395187,-0.2797216776227271
#58,-0.19422596394110636,-0.2850113404836043,-0.49090839195786723,-0.3606273786183831,0.14017606581324724,-0.1045246607465498,-0.0037058393879983087,0.17875677545842464,0.19550224887556222,-0.362157382847038,-0.16338753700073042,0.2811901741436974,0.11319724753008112,1.0,0.16820051512705186,-0.22820128397339792,-0.21217083765809402,-0.044677661169415295,0.2057432822050513,-0.07753815399992312,0.39534847960635067,-0.2679121977472802,-0.1982624072579095,-0.5053780801906739,-0.3683542843962634,-0.4981586130011917,-0.09596740091492716,-0.17010725406527505,0.2645446507515473,0.39634029139276516,-0.21265521085611042,0.05059777803405989,0.1533848460385192,0.27408603390612385,0.5254449698227809,0.4986737400530504,0.03179948487294814,0.055110906085418826,-0.3475262368815592,-0.3454887940645062,0.1330719255756737,0.3344327836081959,0.010563948794833352,-0.10727713066543651,-0.4542574866412947,-0.39777034559643254,0.21470803060008456,0.17026871179794717,0.16916157305962404,-0.18875946642063585,-0.37347480106100794,-0.47194864106408335,-0.4815438434628839,-0.34299773190327915,-0.0817283665859378,0.18802137392842042,-0.0303848075962019,-0.08797908737938723,-0.2921154807211779,-0.36863875754430475,0.3633260292930458,-0.05567216391804098,0.4586399108138239,0.12873563218390804,-0.3072463768115942,-0.32366893476338754,0.6786068504209434,0.46479837004574637,0.31759504862953136,0.30662361127128746,0.12726713566293776,0.08643370622381118,0.3902971591127513,0.37051474262868567,0.5135432283858071,0.5010340983354477,0.3698458463076154,0.208441932879714,0.5311421212470687,0.05717141429285357,-0.10763079998462308,0.15538384653826934,0.17130665436512513,0.3973859224234037,0.3541690693114981,0.41001037942567176,-0.17915657555837466,-0.1021796793910737,-0.05929343020797294,0.3997924114865644,0.17473570906854266,0.14415100142236573,-0.2647599277284435,-0.29658247799177334,-0.43682773997616575,-0.4602544881405451,-0.1588590320224503,-0.022112020912620614,-0.13908430400184524,-0.0709106984969054,0.0001922115865144351,-0.27428593395609885,-0.008749471418137086,-0.08522661746050052,-0.0655672163918041,0.0033291046784300156,-0.05622573328720255,0.2738938223196094,-0.03632798985122823,-0.2966362972359974,-0.37817245223542073
#101,-0.3497097605043632,-0.00841117902587168,-0.31638795986622076,-0.1356244954445854,-0.05139737823395994,-0.3461576903855764,0.20720409026256104,0.11904047976011994,0.3448122092799754,-0.0028216660900319073,0.17644254795679085,-0.01927497789566755,0.3175412293853073,0.16820051512705186,1.0,0.4091262061277054,-0.1453580901856764,-0.14565025179717833,0.48407334794141393,-0.11735670626225349,0.6787068004459309,-0.0814592703648176,0.12833583208395802,-0.06419866989582132,0.0324606927305578,-0.2745550301772191,-0.33190327912966594,-0.5243916503286818,0.4262945450351747,0.17559681697612733,-0.08246645907815323,-0.11801791411986315,-0.10938376965363472,0.018713720063045402,0.4666205358859032,0.09706685118978972,0.34643447507015723,0.1198016376427171,0.18545342713258756,-0.05449582900857264,0.42394187521623805,0.15493022719409527,-0.10606235343866528,0.11161342405720216,-0.2822819359550994,-0.3932572175450736,-0.2812901241686849,-0.36745473417137586,-0.3126129243070772,-0.4171990927613117,-0.453980701956714,-0.2723868834813363,-0.4575789028562642,-0.12898166301464653,0.014223657402068197,-0.0169453734671126,-0.06711259754738015,-0.21284742244262483,-0.3176719332641372,-0.259747049552147,-0.09502940837273671,-0.18213969938107868,0.27497020720409027,0.20653519394149078,-0.260492830507823,-0.27443201476184986,0.2875562218890555,0.3637565832468381,0.43496713181870605,0.22713258755237767,0.3313343328335832,-0.0394341290893015,0.4016991504247876,-0.22004382424172528,0.41230923000038444,0.20781916733940722,0.3202091262061277,0.11866374505055165,0.27476261869065466,0.0706723561296275,-0.028716411025256603,-0.28599546380655827,0.11695690616230346,0.025295044785299658,-0.2706569792027063,-0.08936301080229116,-0.36592472994272096,-0.279160419790105,-0.12426863491331258,-0.21589974243647406,-0.2127936031984008,-0.2658747549302272,-0.4381194018375428,-0.3103140737323646,-0.22990043439818553,0.023826548264329374,-0.16389497558912852,-0.3568907853765425,-0.32652135470726174,-0.4671049090839196,-0.42275016337984855,-0.12284626917310576,-0.21787567754584247,-0.18360819590204897,-0.31376619382616383,-0.3388844039518702,-0.21322415715219314,-0.1634567331718756,-0.2356975358474609,0.029746665128973976,-0.18140160688886325
#102,-0.054949448352746705,0.41426209971937106,-0.041786798908238186,0.24423941875216237,-0.061077153730826894,-0.22152000922615614,0.19617114519663245,-0.012901241686848884,0.17416676277245993,0.35989697458962827,0.3714834890247184,-0.12327682312689808,0.11658017145273517,-0.22820128397339792,0.4091262061277054,1.0,-0.10283319878522278,-0.11402760158382347,0.20677353630876869,0.5086994964056434,0.24399338792142392,0.6333833083458271,0.22365740206819668,0.4497828009072387,0.1439664782993119,0.2742782454926383,-0.2885864759927728,-0.3596048129781263,0.0600545880905701,0.026725098988967053,-0.19654787990620073,-0.12338446161534618,-0.3621343174566563,-0.12160842655595279,-0.05631799484872948,-0.13145734824895244,-0.11852535270826126,0.2502825510321762,0.3440279860069965,0.2341982854726483,0.2773690078037904,-0.15760581247837618,-0.011525006727405527,0.4735785953177257,0.16480990274093724,0.2397801099450275,-0.48483450582401105,-0.43635874370507055,-0.3999615576826971,-0.2436166532118556,-0.05208165148195133,-0.05465728674124476,-0.05175873601660708,0.12318456156537116,0.048168223580517436,-0.022611771037558143,-0.08109791258217046,0.2742782454926383,-0.05749432975819782,-0.06282243493637797,-0.3518471533464037,-0.24204820666589782,0.08052127782262715,0.3605735593741591,-0.23748894783377542,-0.11117518163994926,-0.028001383923422905,0.18899780878791372,0.25512628301233997,0.2599085072848191,-0.006096951524237881,-0.040725790950678506,-0.25844001076384887,-0.37536616307231,-0.15623726598239343,-0.2012993503248376,-0.18167839157344404,-0.35352323838080957,-0.019359550993733904,0.3217006881174797,-0.005997001499250375,-0.03459808557259832,0.1320186060815746,-0.14322838580709646,-0.3659016645523392,-0.4338446161534617,-0.3283665859378003,0.04259408757159881,0.06947295582977742,-0.2177987929112367,-0.12670587783031562,-0.2935378464613847,-0.140798831353554,-0.20811132895090917,-0.05401145581055626,0.051897128358897475,0.16254949448352746,-0.30144158689885825,-0.3277591973244147,-0.4275016337984854,-0.5355476108099796,-0.08881712989659017,-0.22455695229308423,-0.4338446161534617,-0.4669280744243263,-0.5160419790104948,-0.43064621535386155,-0.43424441625341176,-0.17748049052396878,-0.013347172567562373,-0.09266136162687887
#201,0.1090531657248299,0.06368354284396263,0.7444892938146311,0.32050128781762965,0.06027755353092684,0.6129935032483758,0.19607888363510553,0.020020758851343558,0.10617768039057394,0.25984699957713453,0.1361703763502864,0.0766232268481144,0.2691115980471303,-0.21217083765809402,-0.1453580901856764,-0.10283319878522278,1.0,0.5423826548264329,0.10865336562487987,-0.09372236958443855,-0.26003152270018837,-0.025648714104486218,0.46404490062660975,0.21783723522853957,0.3010187214085265,0.18423864990581632,0.11826394495060162,0.15663706608234346,0.17325183562065122,-0.028762541806020066,0.5581132510667743,0.28634144466228423,0.3165340406719717,0.16156537116057357,-0.19440279860069964,-0.19314957905662553,0.15526851958636068,0.06352208511129051,0.07827624649213855,-0.15207780725022105,-0.12181601506938838,0.06803521316264945,0.04294775689078538,-0.028877868757928728,0.0003382923922654058,0.038626840425940875,0.10583938799830854,0.1887671548840964,0.05280436704724561,0.05747126436781609,0.11501172490677739,0.07168723330642371,0.24740706569792026,0.30272556029677467,0.06655902817821858,-0.02223503632798985,-0.23768884788375044,-0.35888209741283206,-0.057732672125475726,-0.17626571329719756,-0.06394495060162227,0.07549302271940952,-0.3437896436397186,-0.23109214623457502,0.2544650751547303,0.019651712605235842,-0.3517856456387191,-0.261930573174951,0.22190443239918503,0.2074885634106024,0.40009226156152694,0.3686541344712259,-0.11056010456310307,0.22525660246799678,-0.3831853304117172,-0.25847076461769114,-0.14223657402068196,-0.026125398839042017,-0.05403452120093799,0.021466189981932112,-0.07378618383116134,-0.12205435743666629,0.08624149463729673,-0.38273171106754317,-0.1072463768115942,-0.2000307538538423,0.06530580863414447,0.10995271594971745,0.05477261369315342,-0.29876600161457734,-0.058732172375350784,-0.13074232114711876,-0.026901933648560337,0.14239803175335408,-0.005820166839657095,0.6423941875216238,0.2504593856917695,0.4314458155537616,0.20597393610886863,0.3497789566755084,0.22643293737746512,0.6068888632606774,0.43890362511052167,0.4721100987967555,0.46551339714758005,0.3728597239841618,0.3270518586860416,-0.19115057855687542,-0.10264098719870834,0.12979664014146772,0.007680774997116826
