,#10,#11,#12,#13,#17,#18,#26,#49,#50,#51,#52,#53,#54,#58,#101,#102,#201,#202,#301,#302,#401,#402,#501,#502,#601,#602,#701,#702,#801,#802,#901,#902,#1001,#1002,#1101,#1102,#1201,#1202,#1301,#1302,#1401,#1402,#1501,#1502,#1601,#1602,#1701,#1702,#1801,#1802,#1901,#1902,#2001,#2002,#2101,#2102,#2201,#2202,#2301,#2302,#2401,#2402,#2501,#2502,#2601,#2602,#2701,#2702,#2801,#2802,#2901,#2902,#3001,#3002,#3101,#3102,#3201,#3202,#3301,#3302,#3401,#3402,#3455,#3501,#3502,#3601,#3602,#3701,#3702,#3801,#3802,#3901,#3902,#4001,#4002,#4101,#4102,#4201,#4202,#4301,#4302,#4401,#4402,#4501,#4502,#4601,#4602,#4701,#4702,#4801,#4802
#10,1.0,0.11665705608734095,0.4175527620804982,0.41408526505977783,-0.016422557951793332,0.04926767385538,0.09762810902241187,0.6601622265790181,0.13124207127205628,0.4260331372775151,0.4280013839234229,0.04030292546034675,-0.12341521546918849,0.07179487179487179,-0.059385691769499864,-0.0577403605889363,0.4511282820128397,0.4198977434359743,-0.028270480144543114,-0.0779840848806366,0.14162918540729635,0.011002191212086265,0.18937454349748203,-0.19506400645830932,0.13783108445777112,-0.1489639795486872,0.10946065428824049,0.20874947141813707,-0.11814861799869296,-0.3451428132087802,0.17987160266020835,0.18099411832545265,0.2987506246876562,0.22969284588474995,-0.29327643870372505,-0.30926844270172604,-0.04923692000153769,-0.1540691192865106,-0.10167224080267559,0.06198439241917503,-0.2853726982662515,-0.3095759812401492,-0.44829892745934724,-0.20337523545919348,-0.2539960788836351,-0.21036404874485834,0.280851881751432,0.2801983623572829,0.07988313535539922,-0.04032599085072848,0.0011994002998500749,0.08596470995271595,-0.07896820820359052,0.019997693460961828,-0.08381194018375428,-0.16880790374043747,-0.11681851382001307,-0.10995271594971745,-0.31192865105908585,-0.32983508245877063,-0.0874101410833045,0.048106715872832814,-0.05002883173797717,-9.226156152692884e-05,0.3416368738707569,0.2998962057432822,0.03542843962634067,-0.07517779571752585,0.1063622035136278,-0.03632798985122823,0.3664167916041979,0.3649559835466882,0.1110214123707377,0.11821781416983816,0.18274708799446432,0.24047976011994002,0.02507976780840349,-0.004705339637873371,-0.07554684196363357,-0.18415407680774998,0.14987121823703534,-0.25973167262522584,-0.14358974358974358,0.13926113866143852,0.08035982008995503,-0.039580209895052475,-0.06898089416830047,-0.17076846192288472,-0.12913543228385807,-0.18799830853803867,-0.3587975243147657,-0.15009418367739208,-0.254434321300888,-0.05896282627916811,-0.22461077153730827,0.282197362857033,-0.01789105447276362,0.4916849267673855,0.3655633721600738,0.21448506515972782,0.29968861722984663,0.2004766847345558,0.2970207204090263,0.40192211586514437,0.4328066735862838,0.3686925767885288,0.3433437127590051,0.031138277015338483,0.34079114289009343,-0.16683965709452966,-0.2000999500249875
#11,0.11665705608734095,1.0,0.08878637604274786,0.007603890362511052,0.14340522046668974,-0.0862876254180602,0.29960404413178027,0.3300042286549033,0.3235689847384,0.22958520739630184,0.2819359550993734,0.11210548571867912,0.17946411409679774,0.10184138699880829,0.28340445162034367,0.2839042017452812,0.08989351478107101,-0.015007880675047092,0.3178103256064276,0.14827201783723523,0.08698727559297274,0.06167685388075193,0.00678122477222927,-0.069480644293238,0.11316649367623881,0.005428055203167647,-0.18010994502748626,-0.2787068004459309,0.3715988159766271,0.24526198439241917,-0.25377311344327835,-0.20381347787644638,-0.1454887940645062,-0.09971168262022835,0.21212470687733057,0.17464344750701571,0.11025256602467996,-0.024695344635374622,-0.106977280590474,-0.041317802637142964,0.36465613347172565,0.2007150271018337,0.14119094299004345,0.04984430861492331,-0.29739745511859456,-0.11704147926036981,-0.04782224272479145,-0.17988697958712951,-0.2855110906085419,-0.1888747933725445,-0.24108714873332565,-0.19680928766386038,-0.07164879098912083,-0.012670587783031562,0.13549379156575558,0.12506054664975205,-0.21483873447891438,-0.10664667666166916,-0.19795486871948642,-0.3065851689539845,-0.1304501595356168,-0.1468496520970284,0.14470457079152732,0.07554684196363357,0.1528389651328182,-0.09409910429400685,0.26858109406835046,0.13151116749317648,0.4376042747856841,0.40753469419136584,0.37388997808787916,0.3012263099219621,0.2107177180640449,0.07270211048321992,0.0499827009572137,0.1002344981355476,-0.14540422096643985,-0.28797139891592666,0.33763887287125666,0.1437896436397186,0.19358013301041788,0.09293045784799908,0.17901049475262368,0.014192903548225886,0.2551570368661823,-0.14921769884288624,-0.11060623534386653,0.2004766847345558,-0.005074385883981086,-0.021596893860761926,-0.1015953561680698,-0.1483796563256833,-0.27143351401222465,-0.14555030177219083,-0.19025871679544842,0.25523392150078805,0.005220466689732057,0.005758659131972476,-0.1672394571944797,-0.17249836620151462,-0.09406066197670396,-0.12685964709952716,-0.13440971821781417,-0.09232306923461346,-0.05081305501095606,-0.1931265136662438,-0.2015300042286549,-0.15656786991119825,-0.046007765348095184,-0.1333717756506362,-0.17329796640141468
#12,0.4175527620804982,0.08878637604274786,1.0,0.6541575366163073,0.013785414984815284,0.3973397916426402,-0.03479798562257333,0.02471841002575635,-0.11611117518163995,0.6171606504440088,0.2656671664167916,0.11376619382616385,0.07885288125168186,-0.1701610733094991,-0.3562142005920117,-0.14111405835543767,0.7190481682235805,0.7003036943066928,-0.39970783838849805,-0.4451466574405105,-0.10753084995963556,-0.3116057355937416,-0.11778726021604582,-0.09134663437512013,0.20147618498443087,0.11501172490677739,0.45248914004536195,0.6032445315803636,0.16278783685080536,-0.039687848383500555,0.4849882750932226,0.1596125014415869,0.33889978087879136,0.2002690962211202,-0.4008841732979664,-0.3398070195671395,-0.4579787029562142,-0.382916234190597,-0.33190327912966594,-0.21611501941337025,-0.16211125206627455,-0.2639372621381617,-0.23259908507284818,-0.428854803367547,0.01655326183062315,-0.2908776381040249,0.4793141890593165,0.5437435128589552,0.38684503901895206,0.32574481989774345,0.4467227924499289,0.42488755622188906,0.41107907584669207,0.16361819090454774,-0.3269134663437512,-0.32821281666858876,-0.07678468458078654,-0.5517087610041134,0.08671817937185254,0.10704647676161919,-0.08290470149540614,-0.029354553492484527,-0.5154345903971091,-0.13857686541344713,0.6605235843616654,0.5418829047014954,-0.30398646830430937,-0.11461961327028793,-0.3147656940760389,-0.22365740206819668,-0.02498750624687656,0.06782762464921385,-0.32695959712451467,-0.10702341137123746,-0.3303502095106293,-0.15305424210971438,-0.19484872948141313,0.02979279590973744,-0.05611040633529389,-0.26225348864029524,0.1277284434705724,0.12353823088455772,0.015738284703801945,0.13553992234651904,-0.18966670510898398,-0.0490985276592473,-0.036796986122323454,-0.07235612962749395,0.030461692230807674,0.047130281013339485,0.054265175104755314,0.08449621343174567,0.12072425325798639,0.08002921616115019,-0.10798446930380963,0.513889209241533,0.03485949333025795,0.7370776150386346,0.6947987544689194,0.32618306231499633,0.5073155729827394,0.6633913812324607,0.5299965401914427,0.5036558643755046,0.46177680390573944,0.4176680890324069,0.46283012339983853,-0.05234305923961096,-0.13161111751816398,0.0035674470457079154,-0.057017645023642025
#13,0.41408526505977783,0.007603890362511052,0.6541575366163073,1.0,-0.031730288701802944,0.1781186329911967,-0.11775650636220351,-0.014492753623188406,-0.16945373467112598,0.5864759927728443,0.1864529273824626,-0.11512705185868605,-0.1551147503171491,-0.3216314919463345,-0.26711259754738015,-0.1265751739514858,0.5449736670126475,0.3885211240533579,-0.11945565678699112,-0.20257563525929342,-0.33371006804290165,-0.176111944027986,-0.1743820397493561,0.2206819667089532,0.07674624226348364,0.35615269288432705,0.38531503479029716,0.5324799138892092,0.009072386883481337,-0.07125667935263137,0.3188252027832238,0.29068542651751045,0.2190212586014685,0.1533848460385192,-0.23601276284934455,-0.030507823011571136,-0.20648906316072732,0.028201283973397915,-0.06659747049552148,0.000476684734555799,-0.2523199938492292,-0.16626302233498635,-0.36103486718179373,-0.1364779148887095,-0.005873986083881137,-0.19640948756391036,0.6876484834505824,0.6029446815054011,0.3109214623457502,0.1302195056317995,0.42499519471033714,0.1596816976127321,0.22358820589705147,-0.07334025295044785,-0.25601814477376694,0.00781916733940722,-0.2112559105062853,-0.2985045938569177,0.15838234728789452,0.13479414139084303,-0.07198708338138624,-0.08159766270710798,-0.24782224272479145,-0.2983046938069427,0.4528735632183908,0.6633990696959212,-0.29123899588667207,-0.36463306808134394,-0.18889017029946564,-0.2160919540229885,-0.07777649636720102,-0.0275938953600123,-0.23874985584131012,0.014423557452043208,-0.22165840156844654,-0.20868796371045248,-0.15687540844962133,-0.03491331257448199,-0.24164071810248722,-0.14328989351478108,-0.2060815745973167,-0.14673432514511975,-0.26752008611079076,-0.19041248606466,-0.3245761734517357,0.00805750970668512,-0.07364779148887095,-0.2893783877292123,-0.0444700726559797,-0.2659362626379118,-0.02523353707761504,-0.030338676815438434,0.032053204167147194,0.19587129512166992,-0.008103640487448584,0.031837927190251025,0.17290585476492523,0.5360781147887594,0.6431399684772998,0.3898896705493407,0.396724714565794,0.37813400991811785,0.4819743974166763,0.2840656594779533,0.2521662245800177,0.31098297005343484,0.36101949025487257,-0.09634413562449544,-0.23665090531657249,0.09260754238265483,0.0963595125514166
#17,-0.016422557951793332,0.14340522046668974,0.013785414984815284,-0.031730288701802944,1.0,0.431238227040326,-0.011448122092799754,0.11862530273324876,0.25748664129473725,-0.11419674777995617,0.07086456771614193,0.6403029254603467,0.19392611386614386,0.06518279321877522,-0.05656402567946796,0.0009303040787298658,-0.08517279821627648,-0.030507823011571136,-0.027616960750394035,-0.06518279321877522,-0.2858493830008073,-0.018044823741975167,-0.10613923807327105,-0.13815399992311536,-0.18289316880021528,-0.15446891938646062,-0.036420251412755164,-0.06841963633567831,-0.1282051282051282,0.23255295429208472,0.03401376234959443,-0.061215546073117286,-0.23177641948256641,-0.19234997885672547,0.029385307346326838,0.22268865567216392,0.1140199131203629,0.09010110329450659,0.06805827855303118,-0.014646522892399955,0.12798216276477145,0.19420289855072465,0.10537808019067389,0.2398723715065544,-0.005420366739707069,0.12593703148425786,0.06958828278168608,-0.07500864952139315,-0.23298350824587707,0.008503440587398608,-0.174820282166609,-0.15898204743781955,-0.2595702148925537,-0.11944796832353054,-0.11261292430707723,0.020505132049359935,-0.16473301810633145,0.04095644485449583,0.048929381463114596,-0.10546265328874024,-0.08991658017145274,-0.1549840464383193,0.17844154845654095,0.09628262791681083,-0.20824972129319955,-0.2299158113251067,0.14342059739361088,-0.07483181486179986,0.059308807134894094,0.035628339676315686,-0.14222888555722138,-0.07875293122669434,0.10640833429439127,0.05443432130088802,0.043716603236843114,-0.0020297543535924343,0.07942182754776458,-0.15659093530157997,0.18706031599584824,0.1081305501095606,0.24144081805251222,0.5310959904663053,-0.12331526544420097,0.2339983854226733,0.4869718986660516,-0.08583400607388614,-0.09589820474378195,0.22026678968208205,0.2423557452043209,0.4012301541536924,0.40126090800753467,-0.0028062891631107523,0.10735401530004228,-0.06426017760350594,-0.07969092376888479,-0.016660900319071234,-0.10508591857917195,0.07507784569253835,0.0643063083842694,-0.3593357167570061,-0.3206166147695383,0.05008265098220121,0.12087802252719794,-0.25411909429900437,-0.16761619190404797,-0.3368162072809749,-0.3607119517164495,-0.11794102948525736,-0.0921077922577173,-0.025302733248760235,-0.07370929919655557
#18,0.04926767385538,-0.0862876254180602,0.3973397916426402,0.1781186329911967,0.431238227040326,1.0,-0.14165993926113865,-0.06221504632299235,-0.005612578326221505,0.10715411525006728,0.021004882174297468,0.5314573482489524,0.5063314496597855,0.03822704032599085,-0.3634874870257179,-0.06397570445546458,0.13601660708107485,0.5408603390612386,-0.28304309383769655,-0.21264752239264983,-0.3293353323338331,-0.1931649559835467,-0.25779417983316033,-0.07617729596740092,-0.05484180986429862,-0.07886056971514242,0.18837504324760695,0.30274862568715644,0.2742398031753354,0.33540921846768923,0.32250797678084037,-0.005220466689732057,0.2079268058278553,-0.08161303963402913,-0.2997270595471495,-0.18085572598316227,-0.31481182485680237,-0.2864490831507323,-0.1734594241340868,-0.23415215469188483,0.10773843847307116,-0.05564141006419867,0.0063506708184369355,-0.19581747587744588,0.13288740245261985,0.005212778226271479,0.26697420520508974,0.26797370545496485,0.12349210010379426,0.11002191212086264,0.20157613500941837,0.28903240687348636,0.05963172260023834,0.13866143851151347,-0.38025602583323725,-0.23592818975127822,-0.1274901011032945,-0.30978356975358473,-0.0008534194441240918,-0.011417368238957445,-0.08624149463729673,-0.10875331564986737,-0.18623765040556645,-0.07849921193249529,0.14876407949871218,0.16525583362165072,-0.08937838772921232,-0.136777764963672,-0.3229231538077115,-0.26272248491139044,-0.1487256371814093,-0.16218813670088034,-0.1250451697228309,-0.03061546150001922,-0.1628109022411871,-0.08282781686080037,-0.030838426940375967,-0.04122554107561604,0.10186445238919002,-0.021158651443509015,0.01791411986314535,0.5647637719601738,-0.05864759927728443,0.3036635528389651,0.20389805097451275,-0.11678007150271018,-0.07776880790374044,0.16514050666974206,0.3375927420904932,0.4245108215123208,0.3136431784107946,0.07347095682927766,0.1898973590128013,0.050620843424441626,-0.11270518586860416,0.07422442624841426,-0.09775112443778111,0.3139122746319148,0.3660169915042479,0.049252296928458845,0.06136162687886826,0.55073232614462,0.431038326990351,0.19719371083688925,0.14771076000461308,0.11384307846076962,0.0844193287971399,-0.10632376119632492,-0.211425056702418,-0.01880598162457233,-0.1416138084803752
#26,0.09762810902241187,0.29960404413178027,-0.03479798562257333,-0.11775650636220351,-0.011448122092799754,-0.14165993926113865,1.0,0.2641986698958213,0.3477953331026794,0.11614961749894284,0.31955560681197864,-0.17901818321608426,0.24681505401145581,0.47739207319417215,0.17706531349709762,0.167270211048322,-0.21112520662745551,0.05504939837773421,-0.09622880867258678,-0.05504170991427363,0.27157190635451506,0.23898819820858802,0.3167800715027102,-0.022334986352977357,0.14802598700649675,-0.16021220159151195,-0.2845192788221274,-0.1921423903432899,0.11761811401991312,0.11747972167762273,-0.046069273055779805,-0.06490600853419444,0.026725098988967053,0.2010533194940991,0.1375312343828086,-0.10177219082766309,0.1536923845769423,-0.01433129589051628,0.19371852535270825,0.23595125514165993,0.24999038942067428,0.320931841771422,0.022065890131857148,0.03112290008841733,-0.42053588590320223,-0.014823357551993235,-0.06489063160727329,-0.03556683196863107,-0.3109522161995925,-0.0841425441125591,-0.25334255948948603,-0.04585399607888364,0.018483066159228078,0.2493983777342098,0.43142275016337983,0.08116710875331565,-0.14545804021066389,-0.0617537385153577,-0.35332333833083457,-0.25571060623534386,-0.16579402606389113,0.013462499519471033,0.2030984507746127,0.4908776381040249,0.06777380540498981,-0.17952562180448237,0.405712528351209,0.5187021873678546,0.29246915004036445,0.19105831699534848,0.40872640602775534,0.35048629531388154,0.46179986929612116,0.3846692038596087,0.3171568062122785,0.3821473878445393,0.020189905047476264,-0.2555337715757506,0.20355207011878676,0.08864029523699689,0.056725483412140086,-0.11821012570637758,0.26286856571714146,-0.10008072886633607,0.09138507669242302,-0.14254411255910507,-0.15407680774997118,0.09672087033406374,0.25107446276861567,-0.16439472571406605,-0.020989505247376312,-0.35165494175988926,-0.231984007996002,-0.26551339714758004,-0.26273017337485105,0.1393687771498866,0.02803982624072579,-0.12027063391381232,-0.17232922000538192,0.10478606850420943,0.17831084457771115,-0.16904624610771538,-0.081797562757083,-0.039580209895052475,0.21569984238649906,0.013762349594433553,0.08950909160804213,-0.05370391727213317,0.1949640564333218,-0.2622227347864529,-0.23143043862684043
#49,0.6601622265790181,0.3300042286549033,0.02471841002575635,-0.014492753623188406,0.11862530273324876,-0.06221504632299235,0.2641986698958213,1.0,0.547856840810364,0.17093760811901743,0.37592742090493214,0.1968015992003998,0.1013647022642525,0.23279129665936263,0.17395148579556374,0.004782224272479145,0.18864413946872718,0.11266674355130127,0.12291546534425095,0.06898089416830047,0.24310152615999692,0.04605389612885865,0.1974781839849306,-0.3241994387421674,0.13471725675623727,-0.4221197093760812,-0.14490447084150232,-0.21287817629646716,-0.012009379925421905,-0.18722177372852036,-0.05341175566063122,0.050966824280167605,0.09379156575558374,0.11234382808595703,-0.0995579133510168,-0.08493445584899857,0.07630799984623073,-0.06120016914619613,-0.11398915926652059,0.0709414523507477,0.014346672817437435,-0.14453542459539462,-0.18433091146734326,-0.18542267327874523,-0.2630992196209587,-0.15636796986122323,-0.052712105485718676,-0.09019336485603352,-0.18588398108637988,-0.19219620958751393,-0.2662207357859532,-0.12988121323953408,-0.22591781032560643,-0.018014069888132856,0.04029523699688617,-0.21203244531580365,-0.1453580901856764,-0.034536577864913695,-0.3780494368200515,-0.44735324645369623,0.003621266289931957,0.1062622534886403,0.21403144581555375,0.17601968246645908,0.07899896205743283,-0.03194556567869911,0.31235920501287817,0.16085803252220043,0.3329950409410679,0.14066812747472418,0.48415792103948024,0.41831391996309536,0.21826010071887134,0.13655479952331526,0.30171068311997845,0.34940991042940067,0.09557528927843771,-0.019528697189866606,0.12471456579402607,-0.026371429669780493,0.22549494483527466,-0.17409756660131473,0.05095144735324646,0.3275746742013609,0.4074808749471418,0.03354476607849921,-0.00577403605889363,0.08035213162649445,-0.13927651558835966,-0.07048783300657363,-0.3145734824895245,-0.17183715834390498,-0.2975127820705032,-0.11815630646215354,-0.26392188521124055,0.15833621650713106,-0.24566947295582978,0.13371006804290161,-0.07613885365009802,-0.1015338484603852,0.025894744935224694,-0.08252796678583785,-0.07879906200745782,0.10347902971591127,0.24590781532310768,0.1265751739514858,0.06769692077038404,0.07151039864683043,0.4023449813554761,-0.12966593626263792,-0.22413408680275246
#50,0.13124207127205628,0.3235689847384,-0.11611117518163995,-0.16945373467112598,0.25748664129473725,-0.005612578326221505,0.3477953331026794,0.547856840810364,1.0,-0.14876407949871218,0.030423249913504785,0.3238227040325991,0.32421481566908855,0.3248298927459347,0.13654711105985468,-0.013362549494483527,-0.22335755199323415,-0.13500941836773922,-0.004720716564794526,0.15064775304655365,0.11209779725521854,0.09680544343213009,0.11145965478799062,-0.2347441663783493,-0.16491754122938532,-0.41194787221773727,-0.18180140698881328,-0.3171875600661208,0.0008687963710452466,0.14714181370853036,-0.038980509745127435,0.11069080844193288,-0.026448314304386267,0.017791104447776113,0.05052089339945412,0.09252296928458847,0.19759351093683927,0.17921808326605929,-0.13505554914850268,0.15738284703801944,0.31080613539384155,0.24645369622880867,0.05217391304347826,0.16722408026755853,-0.26119248068273554,0.09031638027140276,-0.17213700841886748,-0.24182524122554108,-0.2528351209010879,-0.18606850420943374,-0.35339253450197977,-0.13601660708107485,-0.2762157382847038,0.10456310306385269,0.18563795025564142,-0.014139084304001846,-0.16101949025487255,0.08204359358782147,-0.30403259908507285,-0.2907469342251951,-0.002337292892015531,0.046361434667281744,0.3405758659131973,0.20430553953792335,-0.11311267443201477,-0.19779341098681427,0.37761888286625916,0.3711759504862953,0.2534501979779341,0.1631799484872948,0.2162687886825818,0.13771575750586246,0.27970630069580593,0.3899281128666436,0.36285703302195055,0.3718294698804444,0.13563987237150654,-0.16387959866220736,0.1727520854957137,0.03144581555376158,0.0832276169607504,0.12525275823626647,0.05418829047014954,0.30931457348248953,0.5873524776073502,0.02105101295506093,-0.049206166147695386,0.3182793218775228,0.08736401030254104,0.05065928574174451,0.13564756083496712,-0.24187137200630454,-0.12406873486333757,-0.11906354515050167,-0.28895552223888055,-0.0007150271018336985,-0.254980202206589,-0.18538423096144235,-0.3086764310152616,-0.10515511475031715,-0.012370737708069042,-0.0710798446930381,-0.21709914273632414,-0.1542690193364856,0.015315419213470188,-0.13102679429516012,-0.0949294583477492,0.04912159304962903,0.1820320608926306,-0.13846153846153847,-0.2722561796025064
#51,0.4260331372775151,0.22958520739630184,0.6171606504440088,0.5864759927728443,-0.11419674777995617,0.10715411525006728,0.11614961749894284,0.17093760811901743,-0.14876407949871218,1.0,0.4024449313804636,-0.11195940491292815,-0.006266097720370584,-0.21885980086879636,-0.23897282128166686,-0.1252835120901088,0.674647291738746,0.41263983392918924,-0.12765155883596663,-0.3736900780379041,-0.15140891092915082,-0.31924037981009495,-0.07911428900934148,0.013454811056010456,0.4056202667896821,0.18287010340983353,0.3313958405412678,0.4103871141352401,0.24942144312459155,0.09674393572444547,0.1196709337638873,-0.07515473032714412,0.22877791873294123,0.13438665282743245,-0.2153154192134702,-0.24612309230000384,-0.28218198593011184,-0.29526006227655405,-0.1113289509091608,-0.16744704570791527,0.00974128320455157,-0.14911774881789874,-0.06305308884019528,-0.3439895436896936,0.08929381463114597,-0.3147041863683543,0.3866912697497405,0.3473032714412025,0.2415792103948026,0.17225233537077614,0.3496790066505209,0.12660592780532812,0.34108330450159535,0.01712220812670588,-0.17657325183562064,-0.21594587321723754,0.025087456271864067,-0.4606619767039557,0.13267212547572368,0.06529043170722332,-0.02135086303002345,0.07310959904663053,-0.328335832083958,-0.008857109906585168,0.5303040787298658,0.3930650059585592,-0.1933264137162188,-0.10886864260177603,-0.12080882635605274,-0.07752277707300197,0.12306154615000192,0.1858762926229193,-0.2627455503017722,-0.2251489639795487,-0.29123130742321146,-0.23880367508553416,-0.09359166570560873,0.06877330565486488,-0.021543074616537886,-0.1770268711797947,-0.04496982278091723,-0.031484257871064465,0.05859378003306039,-0.018798293161111753,-0.2824433936877715,-0.034452004766847344,0.03988774843347557,-0.07162572559873909,-0.020205281974397415,-0.07447045707915273,-0.09535232383808095,0.15472263868065966,-0.04364740706569792,0.14131395840541267,0.05000576634759543,0.3463729673624726,0.09386845039018953,0.5486410640833429,0.49439895436896936,0.30284088724868335,0.31546534425095146,0.328481912889709,0.3125283512090109,0.31485026717410525,0.23233767731518856,0.3238150155691385,0.2770460923384462,0.002421865990081882,-0.08777918732941221,0.07184100257563526,0.105139737823396
#52,0.4280013839234229,0.2819359550993734,0.2656671664167916,0.1864529273824626,0.07086456771614193,0.021004882174297468,0.31955560681197864,0.37592742090493214,0.030423249913504785,0.4024449313804636,1.0,-0.07629262291930958,-0.08569561373159575,0.1685234305923961,-0.013108830200284473,-0.1050320993349479,0.3385768654134471,0.30822281167108756,-0.13954561180947989,-0.24074885634106025,0.14830277169107753,0.005651020643524391,0.2881559220389805,-0.01285511090608542,0.31225925498789064,0.01702994656517895,0.04463153038865183,0.010979125821704532,0.17314419713220314,-0.10893783877292124,0.10256410256410256,0.0030753853842309616,0.115073232614462,0.2122477222926998,-0.15061699919271135,-0.041786798908238186,-0.029723599738592243,-0.18857494329758198,-0.2081036404874486,-0.09389151578057126,-0.07515473032714412,-0.24115634490447085,-0.2501134048360435,-0.26790450928381965,-0.04522354207511629,-0.3985315034790297,0.07588513435589897,0.09925806327605428,-0.09417598892861262,-0.10744627686156921,0.007250221043324492,0.007665398070195672,0.09468342751701073,0.07773805404989813,0.0573328720255257,-0.12343828085957022,0.13604736093491715,-0.17167570061123286,0.001906738938223196,-0.08245108215123208,0.06369123130742321,0.14520432091646485,-0.007034944066428324,-0.0007150271018336985,0.16530196440241418,0.08173605504939838,0.13363318340829586,0.029339176565563372,0.1500864952139315,-0.045408065198170144,0.30563179948487296,0.36905393457117597,0.10520893399454119,0.09838157844154846,0.19988467304809135,0.19220389805097451,0.10117249067773805,0.16455618344673817,0.24289393764656134,-0.1509014723407527,0.05404220966439857,-0.03864221735286203,-0.14120631991696458,-0.03482105101295506,0.08390420174528121,-0.006143082305001346,0.08352746703571291,0.16936916157305962,-0.25195094760312153,-0.28814823357551994,-0.09559066620535886,0.03785030561642256,-0.30753853842309614,0.08989351478107101,-0.046392188521124055,0.3583746588244339,0.04054126782762465,0.2701572290777688,0.11920962595625265,0.21145581055626034,0.2337831084457771,0.2373582439549456,0.21426978818283166,0.21824472379195017,0.11739514857955638,0.14506592857417444,0.12934302079729365,0.13770806904240188,0.1891438895936647,0.007780725022104333,0.028754853342559488
#53,0.04030292546034675,0.11210548571867912,0.11376619382616385,-0.11512705185868605,0.6403029254603467,0.5314573482489524,-0.17901818321608426,0.1968015992003998,0.3238227040325991,-0.11195940491292815,-0.07629262291930958,1.0,0.43083842694037594,0.0862876254180602,-0.08155922038980509,-0.023741975166263023,0.013577826471379695,0.11855610656210357,0.034021450813055014,0.07058778303156114,-0.07232537577365164,-0.02250413254911006,-0.0638296236497136,-0.35408449621343174,-0.16817744973667012,-0.3336024295544535,-0.07480874947141813,-0.14595779033560144,0.044377811094452775,0.183662015146273,0.11059854688040595,-0.16523276823126898,-0.04444700726559797,-0.11766424480067658,-0.06210740783454426,0.017898742936224194,0.046422942374966365,-0.000953369469111598,-0.15390766155383848,-0.14016068888632607,0.19999231153653943,0.01356244954445854,0.10553953792334601,0.06851189789720524,-0.010410179525621805,0.21413908430400186,-0.1563064621535386,-0.2068427324799139,-0.18225502633298735,-0.15698304693806941,-0.16237265982393417,-0.043255295429208473,-0.29046246107715373,-0.00977203705839388,-0.33498635297735746,-0.20393649329181562,-0.17963326029293045,-0.09195402298850575,-0.11192096259562527,-0.22062814746472917,-0.021550763079998463,-0.1063929573674701,0.2039134279014339,0.06307615423057703,-0.09740514358205513,-0.283435205474186,0.17432053204167147,-0.040641217852612155,0.05991619574827971,0.1202783223772729,-0.02587936800830354,0.028385807096451773,0.10095721370084189,0.03381386229961942,0.04318609925806328,-0.008887863760427479,0.012870487833006573,-0.11026794295160113,0.33653942259639413,0.08265098220120709,0.36605543382155076,0.6809287663860377,-0.013477876446392189,0.61211701841387,0.5857071464267866,0.03354476607849921,-0.08255103217621958,0.4506592857417445,0.16024295544535425,0.6019374927920655,0.19511013723907278,-0.000876484834505824,-0.041979010494752625,-0.05368085188175143,-0.14254411255910507,0.14621150962980048,-0.18273171106754316,0.07081074847191789,-0.03781186329911967,-0.28589551378157074,-0.3233075769807404,0.20063045400376733,0.012393803098450775,-0.07344789143889593,-0.1341021796793911,-0.1403221466189982,-0.23142275016337985,-0.07696920770384039,-0.020266789682082037,-0.11261292430707723,-0.18842117402837044
#54,-0.12341521546918849,0.17946411409679774,0.07885288125168186,-0.1551147503171491,0.19392611386614386,0.5063314496597855,0.24681505401145581,0.1013647022642525,0.32421481566908855,-0.006266097720370584,-0.08569561373159575,0.43083842694037594,1.0,0.309560604313228,-0.12136239572521432,-0.047122592549878904,-0.20260638911313575,0.1331103678929766,-0.11625725598739092,-0.0980971052935071,0.04204820666589782,-0.11741052550647753,-0.13216468688732558,-0.2856879252681352,0.020958751393534,-0.2580863414446623,0.037865682543343715,0.0005305039787798408,0.30889170799215776,0.26680505900895707,-0.029246915004036443,-0.30767693076538655,0.0877868757928728,-0.07795333102679429,-0.08079806250720793,-0.30783070003459806,-0.19256525583362166,-0.20152231576519433,-0.1251835620651213,-0.19499481028716412,0.2586245338869027,0.08671049090839196,0.25514934840272174,-0.17618882866259178,0.017375927420904932,0.1006804290162611,-0.03265290431707223,0.010310229500634299,-0.12549110060354438,-0.04575404605389613,-0.01501556913850767,0.09653634721100988,0.05600276784684581,0.21968246645907816,-0.08288163610502441,-0.2954676507899896,-0.1144965978549187,-0.2491984776842348,-0.21117902587167955,-0.12768231268980895,-0.07861453888440395,-0.05401145581055626,0.08649521393149578,0.17685003652020143,0.20522046668973207,-0.010902241187098758,0.2315765194325914,0.16229577518932842,-0.05887825318110176,-0.02155845154345904,0.09970399415676777,-0.03337561988236651,0.12416099642486449,0.18708338138622996,-0.011978626071579596,0.05276592472994272,-0.0859493330257948,-0.20546649752047053,0.1620651212855111,0.006358359281897513,0.07663860377503556,0.3092530657748049,0.3361011801791412,0.26873486333756197,0.24432399185022874,0.005689462960827279,-0.14347441663783492,0.16846961134817207,0.3206627455503018,0.36846192288471147,0.044669972705954714,-0.12921231691846385,-0.04890631607273287,-0.17664244800676585,-0.24391650328681813,0.17259062776304154,-0.09000884173297967,-0.06093107292507592,0.025594894860262177,-0.17780340598931305,-0.18806750470918387,0.044462384192519126,-0.0985737900280629,-0.1326644370122631,0.06584400107638488,-0.07413216468688733,-0.07655403067696921,-0.12100103794256718,-0.13897666551339716,-0.10041133279514089,-0.22742474916387959
#58,0.07179487179487179,0.10184138699880829,-0.1701610733094991,-0.3216314919463345,0.06518279321877522,0.03822704032599085,0.47739207319417215,0.23279129665936263,0.3248298927459347,-0.21885980086879636,0.1685234305923961,0.0862876254180602,0.309560604313228,1.0,0.10041902125860147,-0.039741667627724596,-0.3439587898358513,0.015399992311536539,-0.05130511667243302,-0.01569215392303848,0.18263176104255566,0.06797370545496483,0.3908430400184523,-0.020320608926306077,0.09672087033406374,-0.25381155576058123,-0.14029139276515587,-0.20137623495944335,0.09183869603659708,-0.00538961288586476,-0.03369853534771076,0.048575712143928036,0.037596586322223506,0.24880636604774536,0.19511013723907278,-0.08790989120824204,0.28591857917195246,0.031730288701802944,0.1262291930957598,0.1344404720716565,0.13026563641256295,0.08704878330065736,0.027171029869680546,0.06771998616076577,-0.1645792488371199,-0.03918040979510245,-0.022258101718371583,-0.09335332333833084,-0.19137354399723217,-0.19922346519048167,-0.377695767500865,-0.05335024795294661,-0.20612001691461962,0.11232076269557528,0.22278091723369084,-0.11240533579364165,-0.1577057625033637,0.019121208626456002,-0.34282089724368586,-0.22471841002575635,-0.23124591550378656,-0.058301618421558454,0.4658132472225426,0.3828085957021489,-0.08535732133933034,-0.30709260754238266,0.557882597162957,0.47972936608618766,0.3044554645754046,0.1257217545073617,0.42654826432937376,0.44044900626609773,0.5204628455003267,0.43125360396724716,0.5500249875062468,0.4785530311767193,0.0673048091338946,-0.21879829316111174,0.34371275900511283,0.16397186022373428,0.22336524045669473,-0.0373274901011033,0.06367585438050205,0.17729596740091494,0.29264598469995773,-0.17851074462768615,-0.23519009725906279,0.07081074847191789,0.2699188867104909,0.04147926036981509,0.09295352323838081,-0.32168531119055854,-0.1397147580056126,-0.25444969822780916,-0.31285126667435514,-0.037596586322223506,0.10725406527505478,-0.2507899896205743,-0.322423403682774,-0.04558489985776343,0.05543382155076308,-0.1198708338138623,-0.09349940414408181,-0.016191904047976012,0.1610425556452543,-0.05793257217545074,0.032683658170914544,-0.05534924845269673,0.22839349555991234,-0.3736055049398378,-0.3430284857571214
#101,-0.059385691769499864,0.28340445162034367,-0.3562142005920117,-0.26711259754738015,-0.05656402567946796,-0.3634874870257179,0.17706531349709762,0.17395148579556374,0.13654711105985468,-0.23897282128166686,-0.013108830200284473,-0.08155922038980509,-0.12136239572521432,0.10041902125860147,1.0,0.6547956790835352,-0.0586937300580479,-0.4452235420751163,0.666751239764733,0.5499481028716411,0.30953753892284624,0.43109214623457504,0.5658401568446546,0.1910506285318879,0.0979279590973744,0.057348248952446855,-0.5362088186675893,-0.6558413101141737,0.07503171491177488,-0.053673163418290856,-0.4395110137239073,-0.20420558951293585,-0.3614269788182832,-0.14666512897397455,0.6425402683273748,0.4245338869027025,0.6296774689578287,0.4561719140429785,0.2899857763425979,0.29133894591165954,0.2358282397262907,0.36909237688847885,0.33524007227155656,0.3783262215046323,-0.4680505900895706,0.10634682658670665,-0.35075539153500174,-0.5229231538077115,-0.3230000384423173,-0.31579594817975626,-0.5898358513051166,-0.5179256525583362,-0.4771306654365125,-0.3210010379425672,0.43567447045707913,0.4124245569522931,-0.416737784953677,0.3533771575750586,-0.45611040633529387,-0.5802637142966978,-0.4454926382962365,-0.4718948218198593,0.3885672548341214,0.4117402837043017,-0.3577826471379695,-0.2964287087225618,0.3615499942336524,0.19443355245454197,0.8387421673778496,0.761211701841387,0.45664859877753433,0.42504132549110063,0.4482912389958867,0.08966286087725368,0.3545073617037635,0.21288586475992774,-0.42485680236804674,-0.5010879175796717,0.34040671971706454,0.5194325913966094,0.038303924960596626,-0.06625917810325606,0.061169415292353826,-0.17289047783800407,0.2271172106254565,-0.44281705301195556,-0.45796332602929307,0.056256487141044864,-0.10384807596201899,-0.1350478606850421,-0.13491715680621227,-0.47380924922154305,-0.320585860915696,-0.592795909737439,-0.4316226502133549,0.046415253911505784,0.18692192365355784,-0.39658632222350365,-0.44091800253719293,-0.36694729558297773,-0.39512551416599395,-0.633221850613155,-0.38566870410948373,-0.30933763887287125,-0.198708338138623,-0.2895321569984239,-0.3860608157459732,-0.48997039941567677,0.11638027140276015,-0.5026332987352478,-0.45802483373697767
#102,-0.0577403605889363,0.2839042017452812,-0.14111405835543767,-0.1265751739514858,0.0009303040787298658,-0.06397570445546458,0.167270211048322,0.004782224272479145,-0.013362549494483527,-0.1252835120901088,-0.1050320993349479,-0.023741975166263023,-0.047122592549878904,-0.039741667627724596,0.6547956790835352,1.0,0.015699842386499057,-0.1427978318533041,0.4812286164610003,0.49113135739822394,-0.03959558682197363,0.5070541652250797,0.3144812209279975,0.3889901203244532,-0.08343520547418598,0.34036058893630106,-0.6441087148733325,-0.4490754622688656,0.20261407757659633,0.16109637488947834,-0.10089570599315727,-0.16106562103563604,-0.356391035251605,-0.14022988505747128,0.4377657325183562,0.29041633029639025,0.32769768961673007,0.27233306423711223,0.26332987352477605,0.31525775573751585,0.2562411102141237,0.41174797216776227,0.28277399761657634,0.39640179910044976,-0.5398454618844424,0.21561526928843272,-0.13931495790566256,-0.26446007765348095,-0.34455080152231576,-0.29555222388805596,-0.48252796678583787,-0.26436781609195403,-0.400345980855726,-0.16501749125437282,0.0933994541190943,0.5356091185176642,-0.6929304578479991,0.26197670395571443,-0.41208626456002767,-0.5120439780109945,-0.5230769230769231,-0.5253911505785569,0.11128282012839734,0.36270326375273904,-0.33408680275246994,-0.17987160266020835,0.15868219736285702,0.10962211202091263,0.5038250105716373,0.7327490101103294,0.2918002537192942,0.24184061815246222,0.21859839311113674,-0.08172067812247723,0.03532080113789259,0.031115211624956753,-0.5270134163687387,-0.6117479721677622,0.2801752969669012,0.6961057932572176,0.14758005612578326,-0.025579517933341022,0.050997578134009916,-0.12336139622496443,0.07487794564256334,-0.4856110406335294,-0.4811209779725522,-0.0338907469342252,0.21536923845769423,-0.021889055472263868,0.03440587398608388,-0.5269672855879752,-0.23808864798370047,-0.4947680006150771,-0.34751854841809865,-0.0010302541037173721,0.3934340522046669,-0.256071964017991,-0.2510437089147734,-0.3505016722408027,-0.2601776035059393,-0.28918617614269787,-0.10721562295775189,-0.21736823895744437,-0.06816591704147926,-0.2548494983277592,-0.3460269865067466,-0.6261869065467266,-0.21601506938838272,-0.4305231999384923,-0.4205820166839657
#201,0.4511282820128397,0.08989351478107101,0.7190481682235805,0.5449736670126475,-0.08517279821627648,0.13601660708107485,-0.21112520662745551,0.18864413946872718,-0.22335755199323415,0.674647291738746,0.3385768654134471,0.013577826471379695,-0.20260638911313575,-0.3439587898358513,-0.0586937300580479,0.015699842386499057,1.0,0.4578326221504632,-0.03973397916426402,-0.14186752777457426,-0.049413754661130974,-0.06695113981470803,0.11266674355130127,0.005258909007034944,0.3047860685042094,0.20595087071848692,0.21443893437896436,0.315073232614462,0.1836312612924307,-0.10001153269519086,0.2733171875600661,0.04521585361165571,0.27021104832199283,0.2512051666474455,-0.19147349402221966,-0.08848652596778533,-0.16007380924922154,-0.12478376196517126,-0.19191173643947257,-0.07796101949025487,-0.2235497635797486,-0.40882635605274287,-0.17823395994310537,-0.2536962288086726,-0.04861415446123092,-0.20977203705839387,0.2910852266174605,0.3289662860877254,0.3114442778610695,0.19684004151770268,0.3154807211778726,0.20560488986276093,0.25982393418675276,0.03307576980740399,-0.2622304232499135,-0.1491331257448199,-0.16844654595779032,-0.28252796678583786,0.018590704647676162,-0.04324760696574789,-0.15248529581363165,-0.14536577864913697,-0.3060469765117441,-0.09086994964056433,0.3890746934225195,0.35291584976742396,-0.1546457540460539,-0.14052973513243378,-0.024918310075731365,-0.0058816745473417135,0.12050897628109022,0.2064967516241879,-0.29881213239534077,-0.2659747049552147,-0.25202014377426674,-0.2186445238919002,-0.29696690116480223,-0.026225348864029524,0.15506861953638565,-0.007465498020220659,0.13913812324606928,0.05136662438011763,0.03164571560373659,0.02546419098143236,-0.1837388997808788,-0.16165763272210049,-0.07749971168262022,-0.14723407527005727,-0.3452888940145312,-0.10140314458155537,-0.09897359012801292,0.011686464460077654,-0.04462384192519125,0.017129896590166456,-0.08510360204513127,0.4327989851228232,0.1443970322531042,0.6198362357282897,0.47779956175758276,0.26347595433052706,0.3130588551877907,0.38368508053665473,0.35800561257832625,0.5011801791411986,0.338415407680775,0.48328143620497444,0.3504324760696575,-0.14696497904893707,-0.055626033137277514,-0.06725098988967054,-0.05105139737823396
