,#10,#11,#12,#13,#17,#18,#26,#49,#50,#51,#52,#53,#54,#58,#101,#102,#201,#202,#301,#302,#401,#402,#501,#502,#601,#602,#701,#702,#801,#802,#901,#902,#1001,#1002,#1101,#1102,#1201,#1202,#1301,#1302,#1401,#1402,#1501,#1502,#1601,#1602,#1701,#1702,#1801,#1802,#1901,#1902,#2001,#2002,#2101,#2102,#2201,#2202,#2301,#2302,#2401,#2402,#2501,#2502,#2601,#2602,#2701,#2702,#2801,#2802,#2901,#2902,#3001,#3002,#3101,#3102,#3201,#3202,#3301,#3302,#3401,#3402,#3455,#3501,#3502,#3601,#3602,#3701,#3702,#3801,#3802,#3901,#3902,#4001,#4002,#4101,#4102,#4201,#4202,#4301,#4302,#4401,#4402,#4501,#4502,#4601,#4602,#4701,#4702,#4801,#4802
#10,1.0,0.48823280667358626,0.5067543151501173,0.39028178218583015,-0.04985968554184446,0.11988621074078346,0.19812401491561912,0.40332910467843003,-0.009303040787298659,0.2203821166339907,0.028939376465613346,-0.14231345865528774,-0.1183715834390497,-0.18911313573982239,-0.08780994118325453,0.3296428708722562,0.24271710298696805,0.35626801983623574,0.04172529120055357,0.30479375696767,-0.05662553338715258,0.3504939837773421,0.001714527351708761,0.41748356590935304,-0.05621804482374197,0.1328412716718564,-0.10546265328874024,0.29046246107715373,-0.0071118287010340986,0.04029523699688617,0.20136854649598276,0.2427401683773498,0.13292584476992272,0.10376350286395264,-0.22754776457924883,-0.12682889324568486,-0.2187444739168877,-0.013654711105985469,-0.4695882827816861,0.016184215584515434,-0.223741975166263,-0.3636566332218506,-0.34165993926113863,-0.10838426940375966,-0.10185676392572944,0.33706992657517393,-0.13043478260869565,-0.03189174643447507,-0.27143351401222465,0.004966747395533003,0.07953715449967325,0.3421289355322339,0.021481566908853264,0.43116134240572024,-0.11416599392611386,0.06925767885288125,-0.13510936839272672,0.014907930650059586,-0.2290623918809826,-0.1906815822857802,0.11185176642448007,0.017960250643908816,-0.11247453196478684,-0.18738323146119248,0.1426056202667897,0.27644639218852113,-0.08258947449352247,-0.042363433667781496,0.2780225271979395,0.19963864221735286,0.44414715719063547,0.545727136431784,-0.1885365009802791,0.07927574674201361,-0.242263483642794,-0.08010610079575597,-0.00788067504709184,-0.057040710414023754,-0.17851843309114673,0.2686733556298774,-0.20288317379771653,-0.19031253603967246,0.1554530427094145,-0.2949755891285127,-0.24064121785261217,0.020120708876331064,0.028501134048360435,-0.23955714450467075,-0.29766655133971476,-0.09306885019028947,0.027493945335024795,-0.022642524891400454,0.08168223580517434,-0.00834967131818706,-0.08528812516818514,0.05239687848383501,0.22037442817053013,0.11288202052819744,0.33621650713104984,0.17685003652020143,0.1863606658209357,0.24020297543535923,0.03533617806481375,0.10143389843539768,0.11471187483181486,0.2807826855802868,0.1874524276323377,0.11594202898550725,0.019597893361011802,0.010202591012186214,-0.17518163994925615
#11,0.48823280667358626,1.0,0.2742321147118748,0.19154269019336487,0.18184753776957674,0.08401184023372929,0.5704532349210011,0.35952023988006,0.05561834467381694,0.13100372890477838,0.11771037558144005,-0.17525083612040135,-0.046830430938376966,0.027801483873447892,0.06317610425556452,0.12921231691846385,0.09541383154576558,0.1437973321031792,0.2554568869411448,0.1728751009110829,-0.006835044016453312,0.13768500365202013,-0.120585860915696,0.18452312305385768,-0.05918579171952485,-0.09002421865990082,-0.02117402837043017,0.07004959058932073,0.0278322377272902,0.3451889439895437,0.08650290239495637,0.26088494214431246,0.022288855572213894,0.24513128051358937,0.19808557259831622,0.1881520778072502,0.10657748049052397,0.2620920309076231,-0.002683273747741514,0.08254334371275901,-0.3062699419521009,-0.336377964863722,-0.05804021066389882,0.10148002921616114,-0.050528581862914694,0.043993387921423904,-0.08857109906585169,0.09455272363818092,-0.3019028947064929,-0.02706339138123246,-0.13100372890477838,-0.004282474147541614,-0.10204897551224387,0.09798177834159844,-0.007034944066428324,0.20882635605274286,-0.08034444316303387,-0.016530196440241417,-0.1383538999730904,-0.11115211624956753,0.11747972167762273,-0.06718179371852535,0.09646715103986468,-0.047568523430592397,0.09812785914734941,0.09901972090877638,0.027878368508053666,-0.08553415599892361,0.3653865375004805,0.19767039557144506,0.386737400530504,0.2551185945488794,0.006127705378080191,-0.08933994541190943,0.0007688463460577404,-0.08753315649867374,-0.063422135086303,-0.09830469380694268,-0.08009072386883481,0.3192557567370161,-0.22118940529735132,-0.3608272786683581,0.025648714104486218,-0.20753469419136586,-0.32798985122823204,-0.22821666090031908,-0.18660669665167418,-0.3197478183984931,-0.23347556990735402,-0.23329104678430015,-0.0703648175912044,-0.08880175296966901,-0.030238726790450927,-0.21530004228654903,-0.04736862338061738,-0.023234536577864912,0.19580209895052475,-0.14783377541998233,0.04115634490447084,-0.13821550763079998,-0.022281167108753316,-0.000399800099950025,-0.16657824933687002,-0.09510629300734248,-0.07261753738515357,0.23247606965747894,0.050828431937877214,0.09526006227655404,-0.15789797408987813,-0.019790104947526237,-0.16146542113558604
#12,0.5067543151501173,0.2742321147118748,1.0,0.6291315880521278,0.07802252719793949,0.24688425018260102,0.2007150271018337,0.17232922000538192,0.028109022411870986,0.5014877176796217,0.20460538961288585,-0.17445892438396188,-0.34803367546995734,-0.37253680851881754,0.024118709875831316,0.1495790566255334,0.6426325298889017,0.577311344327836,0.14444316303386767,0.10573943797332103,0.15057086841194786,0.16084265559527927,0.42107407834544264,0.502410333294891,0.25899358013301044,0.19777803405989314,0.18240110713873833,0.42215815169338405,0.029662092030907625,0.07119517164494676,0.23928035982008997,0.10718486910390958,0.3027793795409987,0.10456310306385269,-0.3959404912928151,-0.4180371352785146,-0.17796486372198517,-0.26499827009572136,-0.2554568869411448,-0.2016299542536424,-0.39174259024333985,-0.4921846768923231,-0.4127705378080191,-0.43372928920155307,0.2680890324068735,0.15088609541383155,-0.19934648060585092,-0.014846422942374966,-0.28236650905316574,0.2477376696267251,0.4355360781147888,0.5515319263445201,0.2822434936377965,0.5503709683619729,0.13305654864875255,-0.029861992080882634,0.017568139007419367,-0.14846422942374968,0.020543574366662824,-0.02407257909506785,-0.024526198439241916,-0.0411025256602468,-0.3345481105601046,-0.062491831007573134,0.5783415984315534,0.5034405873986084,-0.31021412370737705,-0.2485910890708492,0.3038173221081767,0.09465267366316842,0.6606619767039558,0.6352669818936686,-0.0629454503517472,-0.009133894591165955,-0.49202321915965097,-0.24417791104447775,-0.2850267174105255,-0.07025717910275632,0.039903125360396724,0.2277245992388421,-0.30756160381347786,-0.19760119940029985,0.24917541229385307,-0.3024872179294968,-0.24850651597278284,-0.19047399377234459,-0.09155422288855572,-0.33163418290854574,-0.3486795064006458,-0.3080306000845731,-0.20922615615269288,-0.1054780302156614,0.28243570522431094,0.11070618536885403,-0.032791296659362625,0.5102141237073771,0.3304194056817745,0.3711144427786107,0.3794718025602583,0.22779379540998732,0.358482297312882,0.5269365317341329,0.37867989082381887,0.2742398031753354,0.12056279552531426,0.3146349901972091,0.3086994964056433,-0.056694729558297775,0.10732326144619998,-0.03131511167493176,-0.07449352246953446
#13,0.39028178218583015,0.19154269019336487,0.6291315880521278,1.0,0.08089801253219545,0.26691269749740515,0.060831122900088415,-0.02848575712143928,-0.11854841809864299,0.43952639065082844,-0.04482374197516626,-0.19968477299811632,-0.3012493753123438,-0.2354207511628801,0.3285818629146965,0.1854072963518241,0.6341982854726483,0.4631145965478799,0.18564563871910197,0.0033291046784300156,0.29842770922231193,0.11377388228962441,0.2730173374851036,0.24370891477338255,0.2970899165801715,0.14655749048552646,0.38702187367854535,0.4752393034252105,0.16382577941798332,0.20814977126821205,0.0662130473224926,0.3117056856187291,0.3900895705993157,0.2938453849998078,-0.1780186829662092,-0.2177219082766309,0.07636950755391535,-0.05890131857148349,-0.09096221120209126,-0.14568100565102066,-0.16338753700073042,-0.24219428747164878,-0.27098758313151117,-0.2996117325952408,0.05029792795909738,-0.15513781570753085,0.21923653557836467,0.2263714296697805,0.04473916887709991,0.1436512512974282,0.15874370507054164,0.14121400838042517,0.27152577557375157,0.2182370353284896,0.15963556683196864,-0.04610771537308269,-0.14463537462038212,-0.2857724983662015,-0.040018452312305386,-0.18450005766347596,-0.13206473686233805,0.022127397839541766,-0.08790989120824204,0.20161457732672125,0.42715565294275937,0.41443893437896434,-0.03692769000115327,0.04553108061353939,0.14567331718756008,0.09626725098988967,0.38531503479029716,0.2782993118825203,-0.21044093337946412,0.00031522700188367357,-0.4252104716872333,-0.3352016299542536,-0.37611194402798603,-0.24438549955791336,0.2152769768961673,0.15196248029831239,-0.2444700726559797,-0.16040441317802637,0.2202744781455426,-0.3100757313650867,-0.17043785799407987,-0.16656287240994888,-0.10417867989082381,-0.19508707184869103,-0.11392765155883597,-0.16953061930573174,-0.08183600507438589,-0.29066236112712873,-0.1263752739015108,-0.04771460423634337,-0.1336178064813747,0.30328681812939684,0.2760081497712682,0.4346980355975858,0.40788067504709186,0.059477953331026796,0.22245031330488602,0.2929765886287625,0.43139199630953756,0.2786299158113251,0.3686080036904625,0.42375735209318416,0.4577788029062392,-0.1722677122976973,-0.002452619843924192,-0.09921962095875139,-0.09590589320724253
#17,-0.04985968554184446,0.18184753776957674,0.07802252719793949,0.08089801253219545,1.0,0.3779264214046823,0.12309230000384423,0.09643639718602237,0.29535232383808097,0.06529043170722332,0.22879329565986237,0.4767616191904048,0.3844539268827125,0.18855187790720024,-0.08245108215123208,-0.32452235420751163,-0.06542113558605313,0.05072079344942913,-0.24132549110060356,-0.20052281551531925,-0.18725252758236266,-0.29742052050897627,-0.11002960058432322,-0.23765040556644754,-0.123715065544151,-0.11253603967247146,-0.06418329296890017,-0.06103871141352401,0.05890900703494407,0.26207665398070196,0.15978933610118018,0.15127051858686041,-0.030746165378849038,0.007142582554876408,0.08602621766040057,0.24874485834006074,-0.060046899627109525,0.04638450005766347,-0.001868296620920309,-0.07191019874678045,-0.02946219198093261,-0.018398493061161727,0.23860377503555916,0.12140083804251721,-0.014861799869296121,-0.18415407680774998,-0.019244224041825242,0.10972975050936071,0.0537269826625149,0.008126705877830315,0.03667397070695422,-0.15819013570138007,-0.21705301195556068,-0.2680044593088071,-0.2546419098143236,-0.2394418175527621,-0.03632798985122823,-0.012401491561911351,-0.0013224157152193134,0.02794756467919886,-0.03324491600353669,0.054541959789336104,0.18965132818206282,0.20599700149925038,0.003213777726521355,-0.13843847307115673,0.20490523968784838,0.042009764348594936,-0.19383385230461692,0.07041094837196786,-0.1736285703302195,-0.027693845384999808,-0.12208511129050859,0.057994079883135354,-0.0679506400645831,0.10980663514396648,0.08874793372544497,-0.0693422519509476,-0.012978126321454658,-0.09097758812901241,0.25044400876484835,0.2960827278668358,0.13492484526967286,0.30886095413831544,0.4792526813516319,0.10174143697382078,0.08330450159535617,0.018083266059278052,0.1521239380309845,0.3027793795409987,0.3066774305155115,0.3426440625840926,0.332902779379541,0.08961673009649021,0.1302118171683389,-0.04177142198131703,0.1964863721985161,0.022850113404836045,0.04337831084457771,-0.025348864029523698,-0.2564871410448622,0.005043632030138777,0.16476377196017375,-0.10789220774228271,-0.1505939338023296,0.02502594856417945,-0.003736593241840618,0.018521508476530966,0.13186483681236305,-0.06845039018952062,-0.06991119824703033
#18,0.11988621074078346,0.08401184023372929,0.24688425018260102,0.26691269749740515,0.3779264214046823,1.0,0.19138123246069272,-0.08890939145811709,-0.029392995809787412,0.3387306346826587,0.2583246838119402,0.290293314881021,0.23527467035712912,0.18480759620189904,0.06867335562987736,0.13618575327720756,0.16983815784415485,0.22929304578479992,-0.34501979779341096,-0.11542690193364856,-0.15078614538884405,-0.023788105947026485,-0.039387998308538036,-0.06296082727866836,0.13364856033521702,0.08482681736055049,-0.17112213124207126,-0.04177911044477761,0.22635605274285933,0.20246799677084534,0.22231192096259564,0.15282358820589706,0.0927536231884058,-0.0161611501941337,0.15536846961134818,0.06291469649790489,0.2017299042786299,-0.09958866720485911,0.09815092453773114,0.07753046553646253,0.19827009572137008,0.0625687156421789,0.05608734094491216,-0.042009764348594936,-0.024180217583515934,-0.021458501518471534,-0.02087417829546765,-0.24836043516703188,-0.07812247722292699,-0.2070118786760466,-0.1559374159074309,-0.18070195671395073,-0.2514050666974205,-0.1578057125283512,-0.27105677930265637,-0.20043055395379233,-0.2582631761042556,-0.04175604505439588,-0.10606235343866528,0.049605966247645406,0.012309230000384423,0.038542267327874524,0.24887556221889057,0.1463422135086303,0.03844231730288702,-0.18912082420328297,0.08344289393764656,0.12136239572521432,0.049875062468765614,-0.034590397109137735,0.08666436012762849,-0.022365740206819668,-0.0715565294275939,-0.024418559950793835,-0.04424710721562296,0.034751854841809864,0.04139468727174874,-0.1651558835966632,0.11450428631837928,0.18297774189828162,-0.029062391880982585,0.28691039095836696,0.06882712489908892,0.19383385230461692,0.1552915849767424,0.020943374466612846,0.052712105485718676,-0.083635105524161,0.1424595394610387,0.15632183908045977,0.08889401453119594,0.1469265367316342,0.26618998193211085,-0.007396301849075462,-0.07330181063314496,0.198362357282897,0.3949563679698612,-0.013631645715603737,0.17451274362818592,-0.09079306500595856,-0.10484757621189406,0.09584438549955791,0.20689655172413793,-0.11135201629954254,0.02304232499135048,0.035105524160996424,0.12703648175912044,-0.08119017414369738,0.2927228693345635,-0.13637027640026142,-0.2728866336062738
#26,0.19812401491561912,0.5704532349210011,0.2007150271018337,0.060831122900088415,0.12309230000384423,0.19138123246069272,1.0,0.18266251489639795,-0.032829738976665516,0.3151731826394495,0.19878522277322877,-0.21274747241763733,-0.18452312305385768,0.1840771921731442,0.2409948871717987,0.17048398877484336,0.09668242801676084,0.18070964517741128,0.08975512243878062,-0.0527044170222581,-0.08396570945296583,0.04969053934571176,-0.10570099565601815,0.09370699265751739,0.06632068581094068,-0.047399377234459694,-0.18167839157344404,-0.03457502018221659,0.34193672394571945,0.49714373582439547,0.14063737362088186,0.120585860915696,0.16612462999269595,0.2830123399838542,0.4300234498135548,0.31604197901049474,0.3037327490101103,0.20907238688348134,0.2591857917195248,0.14471994771844846,-0.20582785530311767,-0.28522661746050054,0.2050666974205205,0.20589705147426288,-0.026102333448660284,-0.04802214277476646,-0.13934571175950486,0.022519509476031215,-0.47849152346903473,-0.26833506323761197,-0.17779571752585246,-0.2379041248606466,-0.1643485949333026,-0.14948679506400644,-0.07785338100180679,-0.006081574597316727,-0.24583861915196248,-0.17154499673240303,0.010817668089032407,0.045408065198170144,0.030015761350094185,-0.14142928535732133,0.2222119709376081,0.16140391342790145,0.10869949640564333,-0.0874793372544497,0.24914465844001077,0.3420597393610887,0.378349286895014,0.23635105524160996,0.3340560488986276,0.1751355091684927,0.03876523276823127,-0.2632837427440126,0.1412755160881098,-0.14737246761234768,-0.008195902048975513,-0.030100334448160536,0.26976511744127935,0.4715488409641333,-0.33141121746818897,-0.24398569945796333,0.08398877484334756,-0.41277822627147964,-0.37661169415292356,-0.2833890746934225,-0.2878868258178603,-0.25082843193787724,-0.17575058624533887,-0.3733517856456387,-0.14011455810556261,-0.16268019836235728,-0.03888824818360051,-0.23123822704032598,-0.058463076154230575,0.0194287471648791,0.3410909929650559,-0.12059354937915658,0.07777649636720102,-0.13016568638757545,-0.0032522200438242417,0.10276400261407757,-0.07372467612347672,-0.1539922346519048,-0.0011532695190866105,0.18821358551493483,0.23573597816476377,-0.007096451774112943,-0.13158805212778227,-0.1136816207280975,-0.12447622342674816
#49,0.40332910467843003,0.35952023988006,0.17232922000538192,-0.02848575712143928,0.09643639718602237,-0.08890939145811709,0.18266251489639795,1.0,0.42087417829546764,0.11707223311421212,0.22521816015069387,0.2866951139814708,0.20536654749548303,0.11521931342021297,-0.21180179141198632,-0.2636835428439626,0.09340714258255488,-0.04024910621612271,-0.0431092146234575,-0.0838734478914389,-0.054918694498904394,-0.20296774689578287,0.07986006996501749,-0.0038980509745127436,-0.15809787413985316,-0.4732633683158421,-0.020382116633990695,-0.08225887056471765,0.0773382539499481,0.15540691192865105,0.14504286318379273,-0.010525506477530465,-0.2819052012455311,0.0005381924422404183,0.0025987006496751624,0.029546765078998963,-0.39657863376004304,-0.12406873486333757,-0.3873294122169684,-0.2271479644792988,-0.07104909083919579,-0.25617960250643906,-0.13979933110367893,0.0004920616614769538,-0.09933494791066005,-0.09830469380694268,-0.28531887902202746,-0.057071464267866065,-0.34888709491408143,-0.21446968823280668,0.01987467804559259,0.12733633183408297,-0.04468534963287587,0.025633337177565062,-0.10393264906008534,-0.22989274593472495,0.17891054472763618,-0.1308960904163303,0.12283858070964518,-0.41147887594664206,0.02632529888901703,-0.00994887171798716,-0.11724137931034483,-0.03452888940145312,0.12492984277092223,0.24257871064467765,0.12533733133433284,0.0925460346749702,0.009572137008418868,-0.044754545804021065,0.07224849113904586,0.3313497097605044,0.11532695190866106,0.13397916426402184,-0.06834275170107254,-0.07369392226963441,0.0285472648291239,-0.009318417714219812,-0.053750048052896626,0.008757159881597663,-0.08195133202629455,-0.15425364240956446,-0.05649482950832276,0.016560950294083727,-0.17416676277245993,0.2071810248721793,0.06860415945873218,0.04007996001999001,-0.14987121823703534,-0.04297082228116711,0.12421481566908853,0.27004190212586016,-0.19914658055587592,-0.06546726636681659,0.0032291546534425094,0.04112559105062853,-0.08837888747933725,-0.11658017145273517,-0.23468265867066468,-0.010271787183331412,-0.1649252296928459,0.09813554761080998,-0.41253219544074116,-0.12679813939184253,-0.30563179948487296,-0.1517164494675739,-0.2533194940991043,0.17392842040518203,-0.04575404605389613,0.161957482797063,0.18796755468419638
#50,-0.009303040787298659,0.05561834467381694,0.028109022411870986,-0.11854841809864299,0.29535232383808097,-0.029392995809787412,-0.032829738976665516,0.42087417829546764,1.0,0.13355629877369007,0.2279014338984354,0.3696151924037981,0.18444623841925192,0.29909660554338213,-0.3121131741821397,-0.33700841886748933,-0.06354515050167224,-0.11186714335140122,-0.04826817360550494,-0.13032714412024757,-0.12013993003498251,-0.24197132203129204,-0.05657171414292854,-0.11719524852958137,-0.32727482412639836,-0.261930573174951,0.10301772190827663,-0.14634990197209088,0.01658401568446546,0.1209241533079614,0.0593395609887364,0.15560681197862608,-0.20033829239226542,-0.13245684849882752,0.09886595163956484,0.16234190597009188,-0.2897243685849383,-0.05754814900242187,-0.07657709606735094,-0.12151616499442586,-0.029416061200169145,0.018729096989966554,0.20053819244224041,0.060185291969399916,-0.09544458539960789,-0.03142275016337985,-0.10334063737362088,0.036827739976165765,-0.004689962710952216,0.13396378733710068,0.1426978818283166,0.008695652173913044,-0.005697151424287856,0.0023988005997001498,-0.010440933379464114,0.010756160381347787,0.21117133740821897,0.014139084304001846,0.2015607580824972,-0.299081228616461,-0.1030638526890401,-0.0541344712259255,0.10761542305770191,0.061899819321108676,-0.022342674816437934,-0.003605889363010802,-0.02261945950101872,-0.03762734017606581,-0.20192211586514436,-0.004336293391765655,-0.059062776304155615,0.20349056241110214,0.17198323914965594,0.18824433936877716,0.057371314342828585,0.15683696613231846,0.01658401568446546,0.08691039095836697,-0.0577403605889363,-0.17239072771306654,0.19906969592127013,0.07240994887171799,0.17232922000538192,0.13084227117210626,0.0926152308461154,0.005658709106984969,-0.09980394418175528,-0.0060277553530926845,0.012847422442624842,0.19437204474685735,0.07849152346903471,0.21056394879483334,-0.055718294698804446,-0.04097951024487756,0.087310191058317,-0.11723369084688424,-0.05125129742820897,0.04876792373044247,-0.37243685849383,0.2442317302887018,-0.17724983662015145,0.09145427286356822,0.09376081190174143,0.0877868757928728,-0.06487525468035213,-0.15718294698804444,-0.31365855533771575,-0.04562334217506631,-0.002460308307384769,-0.049529081613039636,-0.05744051051397378
#51,0.2203821166339907,0.13100372890477838,0.5014877176796217,0.43952639065082844,0.06529043170722332,0.3387306346826587,0.3151731826394495,0.11707223311421212,0.13355629877369007,1.0,0.18724483911890208,-0.059385691769499864,-0.2202744781455426,0.062491831007573134,0.2894475839003575,-0.07064929073924577,0.6174451235920502,0.3912428401184023,0.11548840964133318,-0.30358666820435937,0.24146388344289393,-0.19039710913773883,0.3752431476569408,0.06494445085149733,0.3662707107984469,-0.19509476031215162,0.3373390227962942,0.21287817629646716,0.13951485795563756,0.052273863068465765,0.3268135163187637,0.2192211586514435,0.3750278706800446,0.2689655172413793,0.005474185983931111,-0.2715949717448968,0.19075846692038595,-0.29958097874139855,0.025625648714104485,-0.27428593395609885,-0.05379617883366009,-0.32828970130319457,-0.08054434321300888,-0.3913120362895475,0.20769615192403798,-0.26102333448660286,-0.028977818782916234,0.14966362972359973,-0.148748702571791,-0.014046822742474917,0.1701918271633414,0.12070887633106524,0.32988121323953407,0.13733902279629415,0.21909045477261369,-0.26030061892130857,-0.061269365317341326,-0.5481259370314843,0.2389574443547457,-0.26988044439318803,0.04491600353669319,0.12472225425748665,-0.22870872256179603,0.016630146465228923,0.5021950563179949,0.12284626917310576,-0.19199630953753893,0.17984853726982664,0.1401837542767078,-0.11499634797985622,0.3741667627724599,0.3196555568369661,-0.10454003767347096,-0.14104486218429246,-0.33323338330834584,-0.3907123361396225,-0.2738553800023065,-0.20662745550301773,0.31550378656825434,0.07849152346903471,-0.35190866105408836,-0.20906469842002076,0.11888671049090839,-0.1849998077884135,-0.2981663014646523,-0.06500595855918195,-0.05028255103217622,-0.46389113135739823,-0.3830930688501903,-0.260292930457848,-0.32951216699342634,-0.1346096182677892,-0.150932226194595,0.11787952177757276,-0.06332987352477608,0.3982316534040672,0.15509937339022797,0.3084457771114443,0.17046092338446162,0.09153884596163457,0.20807288663360626,0.44958290085726366,0.23213777726521354,0.14336677814938684,0.1691077538154,0.3209164648445008,0.28804059508707186,-0.046853496328758695,-0.14142159689386077,0.06324530042670973,0.04090262561027179
#52,0.028939376465613346,0.11771037558144005,0.20460538961288585,-0.04482374197516626,0.22879329565986237,0.2583246838119402,0.19878522277322877,0.22521816015069387,0.2279014338984354,0.18724483911890208,1.0,0.28731787952177756,0.06445238919002037,0.006712028601084073,-0.1910198746780456,-0.053042709414523506,-0.020497443585899357,0.048598777534309766,-0.08190520124553108,-0.06123092300003844,-0.03941106369891977,-0.07623111521162496,0.2507899896205743,0.13018875177795716,-0.03402913927651559,-0.07009572137008419,-0.01332410717718064,0.07732287702302695,0.03850382501057164,0.1749202321915965,0.21375466113097297,0.009203090762311152,-0.043962634067581594,-0.030100334448160536,0.03552838965132818,-0.07467035712912774,-0.10908391957867221,-0.1600199900049975,-0.03731211317418214,-0.06753546303771191,0.11760273709299196,-0.10858416945373467,-0.03657402068196671,-0.23376004305539538,0.27316341829085455,0.07575443047706916,-0.37629646715103987,-0.14880252181601508,-0.3067466266866567,0.1526390650828432,0.13995310037289047,0.23771960173759274,0.040648906316072736,0.1740668127474724,0.05314265943951101,-0.05960865720985661,0.04544650751547303,-0.014754161380848037,0.06432168531119056,-0.1294352823588206,-0.1994233652404567,-0.29233075769807404,0.009510629300734248,0.029861992080882634,0.3295352323838081,0.13161880598162456,-0.039141967477799564,-0.03704301695306193,-0.04727636181909046,-0.07803021566140007,0.15108599546380655,0.1696843885749433,0.11886364510052666,0.029892745934724945,-0.14728020605082073,0.01640718102487218,-0.12260023834236727,-0.11174412793603199,-0.11046784300157614,0.03687387075692923,-0.2652212355360781,0.09015492253873063,-0.11219005881674547,0.3506631299734748,0.031845615653711606,-0.1012570637758044,-0.08248183600507439,0.11317418213969938,0.07377849536770076,0.03236843116903087,-0.14184446238419252,0.1420520508976281,0.13185714834890247,0.036281859070464766,0.09213085764809903,0.172236958443855,-0.009879675546841963,0.030630838426940376,-0.023180717333640872,-0.12404566947295582,0.01516164994425864,0.333848460385192,-0.061492330757698076,-0.031353553992234655,-0.2465767116441779,-0.36164225579517933,-0.08048283550532426,-0.1284127167185638,0.022465690231807174,-0.007457809556760082,-0.024533886902702494
#53,-0.14231345865528774,-0.17525083612040135,-0.17445892438396188,-0.19968477299811632,0.4767616191904048,0.290293314881021,-0.21274747241763733,0.2866951139814708,0.3696151924037981,-0.059385691769499864,0.28731787952177756,1.0,0.5348633375619882,0.33900741936723944,-0.33329489101603044,-0.4472148541114058,-0.12160073809249222,-0.2547726136931534,-0.5598585322723254,-0.3718679121977473,-0.39885441894437396,-0.47763041556145003,-0.15717525852458386,-0.3607734594241341,-0.31028331987852226,-0.3396148079806251,-0.12619075077845693,-0.20371352785145888,0.022104332449160036,-0.020674278245492637,0.17293660861876753,-0.12186983431361242,-0.2417483565909353,-0.3791565755583747,0.08073655479952331,0.1744819897743436,-0.19903125360396726,-0.13573982239649407,-0.035789797408987814,-0.17595048629531387,0.23669703609733594,0.2865336562487987,0.2518740629685157,0.10262561027178718,-0.009418367739207319,-0.19474109099296505,-0.06721254757236766,-0.037650405566447546,0.12847422442624842,-0.17334409718217814,-0.042471072156229576,-0.22883942644062585,-0.30995271594971746,-0.42233498635297734,-0.294460462076654,-0.40013839234229037,0.1935724445469573,0.07503940337523546,0.07906815822857802,-0.18725252758236266,-0.0020681966708953215,0.1279283435205474,0.3311959404912928,0.18452312305385768,-0.1864298619920809,-0.208641832929689,0.15022488755622188,0.06923461346249953,-0.4308538038672971,-0.23665859378003307,-0.3767577749586745,-0.1587590819974628,0.15793641640718104,0.2205512628301234,0.14193672394571946,0.2655287740745012,0.24540037673470957,0.09769730519355707,-0.16854649598277785,-0.38405412678276246,0.17450505516472534,0.6099258063276054,-0.0036520201437742665,0.5302887018029446,0.479813939184254,0.46753546303771193,0.20014608080575097,0.23100757313650866,0.3012493753123438,0.5554607311728751,0.44418559950793834,0.5830315611425056,0.07433975320032292,0.07443201476184984,0.13104985968554184,-0.06090031907123361,-0.07542382654826434,-0.09847384000307538,-0.2521892899703994,0.10141083304501596,-0.1594433552454542,-0.023672778995117827,-0.04719947718448468,-0.129227693845385,-0.16231115211624958,-0.3375004805289663,-0.24429323799638641,0.07349402221965941,0.3073078845192788,0.014069888132856648,-0.022127397839541766
#54,-0.1183715834390497,-0.046830430938376966,-0.34803367546995734,-0.3012493753123438,0.3844539268827125,0.23527467035712912,-0.18452312305385768,0.20536654749548303,0.18444623841925192,-0.2202744781455426,0.06445238919002037,0.5348633375619882,1.0,0.10048052896628609,-0.18786760465920885,-0.3358628378118633,-0.2848345058240111,-0.26853496328758697,-0.4151539614807981,-0.23485180486679738,-0.2622919309575981,-0.289147733825395,-0.18153231076769308,-0.3188482681736055,-0.2199746280705801,-0.3284972898166301,-0.09214623457502018,-0.2309306885019029,-0.017698842886249185,-0.05148195133202629,-0.035136278014838734,-0.13416368738707568,-0.3360781147887595,-0.23559758582247337,0.11284357821089455,0.15856687041094839,-0.16656287240994888,-0.09208472686733556,-0.06861184792219276,-0.11154422788605697,0.1911890208741783,0.14867181793718526,0.10531657248298927,0.14465075154730328,-0.0769307653865375,-0.1069388382731711,0.0733940721946719,-0.07430899934648061,0.2004459308807135,-0.08608772536808519,-0.15380771152885095,-0.18444623841925192,-0.1908507284819129,-0.27732287702302694,-0.13826932687502402,-0.19042786299158113,0.17161419290354823,0.09773574751085995,0.04735324645369623,-0.029300734248260484,-0.05578749086994964,0.0767923730442471,0.1526390650828432,0.04880636604774536,-0.29235382308845576,-0.2153846153846154,0.28007534694191366,-0.08586475992772845,-0.26747395533002727,-0.16527121054857186,-0.36965363472110097,-0.17935647560834966,0.13454811056010457,0.31692615230846116,0.13915350017299044,0.18865182793218777,0.1533464037212163,-0.0053819244224041825,-0.09573674701110983,-0.22380348287394763,0.5614961749894284,0.4347749202321916,-0.10653903817322108,0.3940029985007496,0.32652135470726174,0.20104563103063852,0.08226655902817821,0.40664283242993887,0.37228308922461845,0.3505401145581056,0.34565025179717834,0.3380386729712067,0.0009764348594933302,-0.07878368508053665,-0.12032445315803636,-0.2571175950486295,-0.027824549263829625,-0.22913927651558835,-0.17888747933725446,-0.19909276131165188,-0.39752431476569405,-0.32261561526928845,-0.2017683465959328,-0.3452812055510706,-0.26851189789720525,-0.10822281167108753,-0.27480106100795754,-0.037642717102986965,0.10664667666166916,-0.029600584323223003,0.06608234344366279
#58,-0.18911313573982239,0.027801483873447892,-0.37253680851881754,-0.2354207511628801,0.18855187790720024,0.18480759620189904,0.1840771921731442,0.11521931342021297,0.29909660554338213,0.062491831007573134,0.006712028601084073,0.33900741936723944,0.10048052896628609,1.0,-0.09991158267020336,-0.18583785030561642,-0.19551762580248339,-0.18746780455925882,-0.29100834198285475,-0.2287471648790989,-0.1857071464267866,-0.29086994964056434,-0.36704724560796526,-0.5063545150501673,-0.1592050128781763,-0.3066928074424326,-0.1953715449967324,-0.504593856917695,0.20339830084957522,0.06334525045169723,0.1453273363318341,-0.024080267558528427,-0.10904547726136932,-0.0974820282166609,0.4193595509937339,0.3500249875062469,0.23519009725906279,0.09152346903471341,0.2080036904624611,0.06978818283166109,0.3724983662015146,0.3019259600968746,0.4335832083958021,0.33833852304616924,-0.2318071733364087,-0.2907238688348134,0.01202475685234306,-0.1669934263637412,0.08933994541190943,-0.28830200284473145,-0.3568600315227002,-0.5589205397301349,-0.3698458463076154,-0.5212701341636874,-0.2633221850613155,-0.14970207204090263,0.030330988351977856,0.05547226386806597,-0.026994195210087266,-0.15565294275938954,0.11158267020335985,0.1642409564448545,0.44526198439241915,0.21778341598431553,-0.35129358397724214,-0.5130972975050936,0.27746126936531734,0.45541075616038135,-0.25534155998923613,-0.0705339637873371,-0.4181370853035021,-0.3022181217083766,0.03989543689693615,-0.017314419713220314,0.42937761888286624,0.3472263868065967,0.3282435705224311,0.19097374389728214,0.16661669165417292,-0.08165148195133203,-0.1157190635451505,0.19965401914427403,-0.22980048437319803,0.3223849613654711,0.21148656441010263,0.2937761888286626,0.23533617806481374,-0.17990235651405068,0.13335639872371507,0.38497674239803176,0.1348095183177642,0.27350939914658057,-0.13863068465767117,0.017583515934340523,0.06676661669165418,-0.21732210817668088,-0.0500518971283589,-0.2618152462230423,-0.3594433552454542,0.025418060200668897,-0.26771998616076575,-0.2002767846845808,-0.18003306039288047,-0.11525775573751586,-0.041240918002537194,-0.24124860646599777,-0.31065236612463,0.13595509937339023,0.15101679929266137,-0.04360127628493446,-0.10171068311997847
#101,-0.08780994118325453,0.06317610425556452,0.024118709875831316,0.3285818629146965,-0.08245108215123208,0.06867335562987736,0.2409948871717987,-0.21180179141198632,-0.3121131741821397,0.2894475839003575,-0.1910198746780456,-0.33329489101603044,-0.18786760465920885,-0.09991158267020336,1.0,0.14803367546995733,0.29701303194556566,0.164540806519817,0.4164302464152539,-0.19090454772613694,0.4954445853996079,-0.12226963441356245,0.011617268288932456,-0.17425902433398685,0.4023526698189367,-0.10054203667397071,0.19705531849459884,0.10866874255180102,0.14997116826202284,0.08405797101449275,-0.05907815323107677,0.1894129858147849,0.3442432629838927,0.43186099258063276,0.3498481528466536,0.04092569100065352,0.7462115096298004,0.15862068965517243,0.5555760581247837,0.05276592472994272,-0.09630569330719256,0.0007380924922154307,-0.026186906546726636,-0.05019797793410987,-0.06639757044554646,-0.40296774689578285,0.1826855802867797,0.3145042863183793,0.07570061123284512,-0.05671010648521893,-0.26261484642294236,-0.33447122592549877,0.08641832929689001,-0.21504632299235,0.2976819282666359,-0.07749971168262022,-0.2759081997462807,-0.4630454003767347,-0.08694883327566985,-0.13727751508860955,-0.15592972744397032,0.02401875985084381,-0.023911121362395725,-0.09133894591165956,0.0932995040941068,-0.07973705454964826,-0.10975281589974244,0.08301233998385422,0.3309268442701726,0.09592895859762426,0.060400568946296085,-0.13204935993541692,-0.20793449429131589,-0.22248106715872834,0.010148771767962172,-0.370545496482528,-0.38074808749471417,-0.40608157459731675,0.3904970591627263,0.1307576980740399,-0.18998962057432822,-0.19008188213585514,0.19227309422211972,-0.26792757467420136,-0.28337369776650134,-0.22830123399838542,-0.16347979856225733,-0.2779072002460308,-0.13197247530081113,-0.32559873909199244,-0.21478491523469034,-0.4502210433244916,-0.3587360166070811,-0.309014723407527,-0.22615615269288433,0.16695498404643833,-0.05002883173797717,0.021358551493484028,0.14545804021066389,-0.19987698458463077,0.11875600661207858,-0.1742359589436051,0.02440318302387268,0.07058009456810056,0.2667896820820359,0.2922538730634683,0.3489947334025295,-0.2815669088532657,-0.18859032022450314,-0.22720178372352284,-0.034159843155345405
#102,0.3296428708722562,0.12921231691846385,0.1495790566255334,0.1854072963518241,-0.32452235420751163,0.13618575327720756,0.17048398877484336,-0.2636835428439626,-0.33700841886748933,-0.07064929073924577,-0.053042709414523506,-0.4472148541114058,-0.3358628378118633,-0.18583785030561642,0.14803367546995733,1.0,0.033483258370814596,0.17667320186060817,0.2409948871717987,0.6683350632376119,-0.026340675815938186,0.8641832929689002,-0.2453234921001038,0.5870218736785453,0.015653711605735594,0.7161265521085611,-0.3484180986429862,0.1824703033098835,0.22377272902010534,0.21795256218044823,-0.030254103717372083,0.08559566370660823,0.1831238227040326,0.06722023603582825,0.16640141467727676,0.19143505170491676,0.20818821358551493,0.45329642870872255,0.05395763656633222,0.6408334294391266,-0.1916964594625764,0.08075193172644447,-0.30826125398839044,0.18534578864413948,-0.3458347749202322,0.5176104255564525,-0.12097028408872487,-0.23445969323030794,-0.2962903163802714,-0.14853342559489485,-0.2382731711067543,-0.013362549494483527,-0.26003152270018837,0.26756621689155424,-0.28369661323184564,0.5282128166685888,-0.5490101103294507,0.34033752354591934,-0.4821358551493484,0.16084265559527927,-0.08704109483719678,-0.25411140583554376,0.1875139353400223,0.04292469150040364,-0.04390112635989697,0.12922000538192444,-0.01676853880751932,0.059439511013723904,0.5497174489678238,0.5927574674201361,0.40358282397262907,0.14096028908622613,0.06634375120132241,-0.0962903163802714,0.22675585284280936,0.19827009572137008,0.05471879444892938,-0.07198708338138624,-0.06683581286279937,0.6611155960481297,-0.2371583439049706,-0.23462115096298006,0.05795563756583247,-0.26735862837811863,-0.22333448660285243,-0.34643447507015723,-0.2282089724368585,-0.1764963672010149,-0.17791104447776113,-0.184899857763426,-0.14095260062276554,-0.41426978818283167,0.06712797447430131,-0.15125514165993925,-0.05907046476761619,-0.07408603390612387,0.40218352362280396,-0.1605351170568562,0.22135086303002344,0.023680467458578405,0.06193057317495099,0.03585899358013301,0.16804674585784032,0.13440971821781417,0.15543766578249338,0.0918694498904394,0.10470918386960366,-0.11691846384500057,0.048352746703571294,-0.3190866105408834,-0.42402644831430436
#201,0.24271710298696805,0.09541383154576558,0.6426325298889017,0.6341982854726483,-0.06542113558605313,0.16983815784415485,0.09668242801676084,0.09340714258255488,-0.06354515050167224,0.6174451235920502,-0.020497443585899357,-0.12160073809249222,-0.2848345058240111,-0.19551762580248339,0.29701303194556566,0.033483258370814596,1.0,0.5478337754199823,0.17091454272863568,-0.1933341021796794,0.30907623111521165,0.010210279475646792,0.4904317072233114,0.24186368354284396,0.5549456041210165,0.02993887671548841,0.4633144965978549,0.4038596086572099,0.24330142620997194,0.03408295852073963,0.2257871064467766,0.16244954445853996,0.5252988890170299,0.2315457655787491,-0.2812978126321455,-0.34501979779341096,0.09422211970937608,-0.3292353823088456,-0.06317610425556452,-0.2643601276284934,-0.3500864952139315,-0.37061469265367314,-0.38911313573982237,-0.4177680390573944,0.22314996347979857,-0.22784761465421136,0.07455503017721908,0.18403106139238073,-0.021865990081882135,0.03735055549148503,0.2905009033944566,0.187137200630454,0.3572444546957291,0.24349363779648636,0.2620228347364779,-0.14548110560104563,-0.09569061623034636,-0.4313381770653135,0.15461500019221158,-0.1874062968515742,0.040341367777649635,0.13128820205281974,-0.3248529581363165,0.14096028908622613,0.5832468381194018,0.3241917502787068,-0.16075808249721293,0.032060892630607775,0.25710990658516897,-0.11723369084688424,0.5519932341521547,0.2804905239687848,-0.14917156806212278,-0.09970399415676777,-0.4323607427055703,-0.358628378118633,-0.35074770307154113,-0.142090493214931,0.3538692192365356,0.12132395340791143,-0.2695498404643832,-0.30236420251412754,0.07007265597970246,-0.35514550417099144,-0.3207165647945258,-0.05691769499865452,-0.08347364779148887,-0.3707377080690424,-0.4701956713950717,-0.3225156652443009,-0.33438665282743246,-0.23193787721523854,-0.21243224541575367,0.07745358090185676,-0.09789720524353208,0.5346249951947103,0.17746511359704764,0.5733056548648753,0.3639487948333526,0.2771306654365125,0.38306231499634796,0.5550148002921617,0.3340252950447853,0.36218813670088035,0.34360512051666475,0.471917887210241,0.4069042401875985,-0.06253796178833661,-0.04251720293699304,0.028862491831007572,0.07133356398723716
