,#10,#11,#12,#13,#17,#18,#26,#49,#50,#51,#52,#53,#54,#58,#101,#102,#201,#202,#301,#302,#401,#402,#501,#502,#601,#602,#701,#702,#801,#802,#901,#902,#1001,#1002,#1101,#1102,#1201,#1202,#1301,#1302,#1401,#1402,#1501,#1502,#1601,#1602,#1701,#1702,#1801,#1802,#1901,#1902,#2001,#2002,#2101,#2102,#2201,#2202,#2301,#2302,#2401,#2402,#2501,#2502,#2601,#2602,#2701,#2702,#2801,#2802,#2901,#2902,#3001,#3002,#3101,#3102,#3201,#3202,#3301,#3302,#3401,#3402,#3455,#3501,#3502,#3601,#3602,#3701,#3702,#3801,#3802,#3901,#3902,#4001,#4002,#4101,#4102,#4201,#4202,#4301,#4302,#4401,#4402,#4501,#4502,#4601,#4602,#4701,#4702,#4801,#4802
#10,1.0,0.4929089335868997,0.40200678336271556,0.4945654437179861,0.23426431053549698,0.17018790747604307,0.2896259896259896,0.39002299680265784,0.09972514887769125,0.44426306121221376,0.2969294409972376,-0.05190197902062309,0.028135685762804407,0.10391408357510053,-0.13867072002665223,0.023795444134427184,0.3387206929579811,0.29985563375393887,0.07353331760111421,-0.0469014469014469,-0.19491294067565254,-0.13728998644252882,0.10202991897907152,-0.017366981773761433,0.05286025625008676,0.16191738734111616,-0.04500710263422128,0.08441538611030136,0.027783561681866766,0.043541692694235065,0.2949865119356645,0.1724626012761606,0.15630376138850716,-0.0431308041477533,-0.11929741760250234,-0.009779425033662323,-0.22984587052383662,-0.2181485028942656,-0.2287242558428999,0.14003896037794342,0.009136717611293883,0.16752268447183702,-0.008177052244848855,-5.6913616235650136e-05,-0.0772405687659925,-0.1746470661724899,-0.11094777365963807,-0.008488920353327134,-0.12983892983892983,-0.09143241855106261,0.16197337553269756,0.11031293234683065,-0.032326934021849274,0.11208604598435107,-0.27215906198957046,0.11520657791844233,-0.34877496911395217,-0.24267456979321386,-0.04129892604468876,0.07581402666148429,-0.23610266661114118,-0.20940509076102296,-0.003015496235835219,-0.10145014043319128,0.32819213666671293,0.14708190470902335,0.007924874026568942,-0.023400287807067467,0.1455669845500354,-0.010839498975092196,0.16982791728554442,0.11010795078591688,-0.1566804092227821,0.11478874868705377,-0.2239971867090511,0.06624744929829676,-0.36041588583961465,-0.12397543922967652,-0.12901345104734935,0.17749274698427242,-0.0033208863717338294,0.1715593868136241,0.10268280607263658,-0.08106766242359463,-0.03356052508594881,-0.15747766256240833,0.016856147364621942,0.038516636821721566,0.06264893553029147,-0.0706899503509673,-0.14797123780174629,0.034565536260451515,0.1309568428212496,0.00043171060120212663,0.12277840243941938,0.055705937061869264,0.006089756937214565,0.3114104859867572,0.3303761388507151,0.001983185034032492,0.20087036188731103,0.2587047756539282,0.16867483816636358,0.325488508539356,0.3132927997334777,0.16349060925332112,0.22609049727693795,-0.19184885964546983,-0.03648394156868733,-0.21475219441321136,-0.05028572486199605
#11,0.4929089335868997,1.0,0.4059120754036008,0.39167487981047305,-0.02127597551326365,0.015830776847726002,0.4365824992943637,0.29052318882827355,0.42737544940934774,0.5315273671205875,0.29977142011040314,-0.2184751777972117,-0.06561075713618086,0.00025356635526127053,-0.05488601081821421,0.121257929732506,0.3798590578251595,0.32958258720970585,0.06313848517238348,-0.0048904065853218395,-0.05097979335267471,-0.03815942290518562,-0.03727286608642541,0.06344341259595497,0.15683588056469414,0.18108940990296923,0.06252168964033371,0.13635438211709397,0.018454355742491334,-0.07977253061998825,0.22806072636581112,0.21404655811435472,0.22416422585914111,-0.023330418245672484,-0.18607559794000472,-0.08410259257716884,-0.21922569719179888,-0.19231897536982281,-0.06060929959235044,0.06785491192270854,-0.09900609392134815,-0.07076120804934365,0.04261164091672566,0.10054831410763614,0.0826728114863708,-0.010926488892590588,-0.0765506646862579,0.017791288977729657,-0.15319017013932268,-0.07506628354085981,0.14058403549928974,0.10913394133733116,0.20554977165146657,0.26923564550683193,0.028637265925401518,0.25941411365140177,-0.3219408931273338,-0.22516877432131668,-0.14215864554847607,0.0162860857776112,-0.2717134700185548,-0.16282522892692383,-0.0691643878084556,-0.23158751972311295,0.35920496767954396,0.2711545135273949,-0.07328160209516142,-0.10234456336151251,0.12219723575655779,-0.04777504777504778,0.27819329344753074,0.22876127282906944,-0.14506401625045692,0.003830795356219085,-0.30779438915032137,0.02721118653322043,-0.3434139840919502,-0.13614940055618022,-0.12748326138156646,0.04133964472947524,-0.11657759454369623,-0.06096975249517622,0.018966115576285067,-0.1514351022825599,-0.16918706071248443,-0.27313677313677315,-0.1878797133034421,-0.040398950568442095,-0.05893474368050639,-0.1132344979802607,0.02085629543256662,-0.16825469537333945,-0.07816923240652054,-0.11218275286071897,-0.15472221065441405,0.2871379854430702,0.0009994586265772707,0.34223869478106766,0.27849683273412085,0.0507327049699931,0.2795490405659897,0.17822938500904603,0.03779943271468695,0.24672607892946877,0.22850400477519123,0.11321922847346576,0.26074070989325226,-0.19162907129008824,-0.03074538328775617,-0.23113267350555486,-0.13530448784686072
#12,0.40200678336271556,0.4059120754036008,1.0,0.3744925202552321,0.3658782048612557,0.24004775191215869,0.17452629825511182,-0.17409505036623682,-0.1523549743888727,0.3994378045225503,0.18288195745822863,-0.12102934984290917,0.13426060883688,-0.18084879949286728,-0.23762869186598,0.01387257827935794,0.7068601729618679,0.8252696456086287,-0.2734218039302785,-0.44232059486296776,-0.19699607157234275,-0.2591138133511015,0.2592026541179084,0.07404739099654353,0.29269423506711645,0.11383741214249689,0.1432131669419805,0.28830216965810185,0.1930204472577354,0.08247800959665366,0.4797669780720628,0.411433158890786,0.41159649634225903,0.1898212542280339,-0.020385716995886486,0.033181100977711146,-0.19066894321131608,-0.444667934498443,-0.11330668110329127,-0.062989029090724,-0.18443667087734886,-0.2223795444134427,-0.24282124960091062,-0.25860020266799927,0.10156396766566259,-0.23702392685443532,0.012193395244242702,0.23887940328618296,-0.010788137906781974,0.10452949097016893,0.23701976244349127,0.4266471402064622,0.26049130794893505,0.57525738373196,0.2285562912681557,0.5288894441436814,-0.13616004293970396,-0.34084361711480354,-0.006611696442204917,0.06907369619234026,-0.09026453263741399,0.0897148303927965,-0.5220709152912543,-0.30315199637233536,0.3615772937806836,0.30546925970654787,-0.46822369364742245,-0.3932194135583966,-0.17086578103527256,-0.3789165128148179,0.278190517173568,0.39014700370632577,-0.13817654326128903,0.32876913893863047,-0.33336479777157746,0.19447567752652498,-0.18563324495527886,0.049888254973000735,0.12821064515979771,0.0709004844598065,0.09714830392796495,0.0930667184904473,0.1850775274504088,-0.17007361753124464,-0.045817774631333956,-0.0963723353553862,0.0973602261737855,0.04051416593789475,-0.15142862430998025,-0.019708306148984115,0.05002475510950087,-0.07703419906809737,-0.031530606106877294,0.09851608156692902,-0.10508428305038474,0.6620747095323366,-0.07276660327507785,0.7299652503042333,0.5262154296052601,0.4108547684818871,0.5930991083533457,0.6134982440067186,0.39166608827625776,0.4741167978456114,0.5959836570006062,0.4067454203047423,0.5819176649685124,0.039957985720697586,0.10782677901321969,0.004142663464697363,-0.06430590837370498
#13,0.4945654437179861,0.39167487981047305,0.3744925202552321,1.0,0.11113609757677555,0.18410259257716885,0.290695780526289,0.06998385133978355,0.17630959156382886,0.46098039487869996,0.21564569191687835,0.011821837245566059,0.11963334675199082,0.10536005959734773,-0.19740927368046013,-0.04448377499224957,0.3012881911186996,0.1614944682741293,0.0848207221088577,-0.05197323671899943,-0.16243747599679803,-0.05184321455507896,0.10083658388743134,-0.08321048321048322,-0.1105248545926512,0.10339954746734407,0.05425949832729494,-0.010429998565591786,-0.0006649176140701565,0.12306297052059764,0.2810385115469861,0.25827075149109047,0.24580157969988478,0.05357607222014002,-0.02861042861042861,0.06851890411212445,-0.14387392014510658,-0.1324675985692935,-0.1535316518367366,0.07631606953640852,0.07703928890369569,0.10878413081802912,-0.07815488832437985,-0.027655390367254774,-0.14494093477144324,-0.2499914398219483,0.10485431502380654,0.12897319507489,0.03144778060032297,0.04808275147258198,0.12839434195366398,0.009885848868899717,0.13809927030266014,0.1251858946774201,-0.0658805184228913,0.07157789530670887,-0.10101796711966203,-0.1571472859608453,-0.07757510977849962,-0.03981408218696354,-0.116223156901123,0.04183798590578251,-0.05770763058898652,-0.26792246792246793,0.34250660521846965,0.10668758126385244,-0.04152241609868729,0.00239314815586002,0.1012979080775691,-0.05674842793486861,0.29396669396669395,0.2841645960290028,-0.005299906994822249,0.06880671117959254,-0.09316990333939487,0.1108274684545871,-0.1270918067528237,-0.060739784468598026,-0.13812934660392287,0.06794884252511371,0.05891253348880467,0.18566285854421447,0.10079771605195334,-0.04382533535075908,-0.09670780179254755,-0.07077092500821314,0.027966333051078814,-0.02239990375583596,0.01718235955524091,-0.003363455905828787,-0.0762332440298542,0.0860098927895538,-0.0025856364839415688,-0.09321108473650846,-0.09561441256356511,0.06470199012571894,-0.05312539041352601,0.29296584720313534,0.16462009004381886,0.15261825770300347,0.1320201557489693,0.21193797803967296,0.133976966180356,0.1686169991254737,0.1647982342897597,0.29239023306819917,0.24164272130373826,-0.06495740733028868,0.000961978928080623,-0.06807007315481892,-0.15985600392380053
#17,0.23426431053549698,-0.02127597551326365,0.3658782048612557,0.11113609757677555,1.0,0.25259928649759156,0.047593664542817084,-0.08519274281986146,-0.17654788841229518,0.10867816969511884,-0.013372848966069306,0.14378554209062683,0.12100019896630067,-0.14649611090289055,-0.23114886843700402,-0.23582596463952396,0.15051152847763016,0.3266614842886029,-0.1643040575243965,-0.38099964371150813,-0.21726749862343084,-0.2920256157544293,-0.05006130938334328,0.12189508460694902,0.018993878315912215,0.05692564675615523,0.1972635192974176,0.21505712183678286,0.1796286270862542,0.14702175210649787,0.3407982713067459,0.22537606944386607,0.11741325300647334,-0.038766964190693004,0.09293206920325564,0.15018068916374,-0.02997219098914014,-0.39595265527468915,-0.2271209576294322,-0.06743893354062845,0.012440020914597186,-0.0035416001517696435,-0.13883359476579815,-0.340305482678364,0.01626989084616203,-0.2640953742648658,0.12212505263352721,0.19598365700060616,0.04375407765238274,0.05291439359235969,0.1745864508576373,0.2415126991398178,0.10343748987816784,0.222800149918794,-0.0054303918710698375,0.12337576405373016,0.04800779207558869,-0.26586015908049804,0.2535756095078129,0.25437008657347643,-0.016228246736721314,0.058322112559400695,-0.38923453499724686,-0.060762457372626866,0.25518260941989757,0.14139146851011258,-0.35303238523577507,-0.14996599064395674,-0.24026152500728773,-0.24710318947607082,-0.10463221310678938,0.07389700949022983,-0.13227048311794073,0.32391806290111375,-0.14570394739886267,0.1650106192479074,-0.08010707163249536,0.10253149914166863,0.037154874443010036,-0.0356209830786102,0.19659906439567457,0.28488966624559847,0.2661276068055729,-0.050610548915633664,0.30429720938195515,-0.029355395457090372,0.28613204884391324,0.16361554158164326,0.07964991185330168,0.2907309466631501,0.08745910779809085,-0.0018638052536357622,0.17022955158548378,0.12700389141067106,0.27805494246172213,0.24677188744985354,-0.03595598680344443,0.30919640750149224,0.217745943169672,0.07193325837393634,0.2632708208979395,0.2981107455683727,0.426047927742843,0.18566285854421447,0.3463832090950735,0.2457603983027712,0.1610752509057594,0.03874660484829976,0.05842576012067537,0.16689432113160926,0.14147059231804995
#18,0.17018790747604307,0.015830776847726002,0.24004775191215869,0.18410259257716885,0.25259928649759156,1.0,0.14997108047955507,0.07936765733375903,-0.11371618151279168,0.1708454216928793,0.1470680233392098,0.39199970386411065,0.41007509821069144,0.09220977526062271,-0.46358407714339916,-0.4375028341130036,0.14234789489026778,0.13873226076615908,-0.1913324726884049,-0.2332088637173383,-0.33831211797313493,-0.3086499442431646,0.008696215475876493,0.12561020188138833,-0.17142288667712396,-0.10406400236908711,-0.006133251895963761,-0.018773627248203518,0.205683495514004,0.40581398039025157,0.2273120578205324,0.31909752587718687,0.09031681913037845,0.017937968785426413,0.20297570297570297,-0.09245593821865009,0.09651670160144736,0.018783344207073022,-0.07678155813749034,-0.08148734250429165,0.10473909965435389,0.10802852158784362,-0.011660350643401492,0.028349921570260554,0.17999231897536982,-0.033862213523230475,-0.0037761953016190305,-0.036050380118176725,0.0018485357468408317,-0.060429304497101106,-0.010690042893432724,0.06325184969252766,0.017065756048806897,0.10246024144329229,-0.10154129476163375,-0.050037711054660206,-0.0021997344031242337,-0.2756400468264875,0.13815109408329748,0.034400810671997115,0.14338714677697728,0.08373936340038035,-0.018273897934914882,0.0379942346044041,0.07622028808469486,0.14669924161449585,0.027901553325282137,0.10372575965796305,-0.3329825973893771,-0.3161070161070161,-0.12759893946334624,0.05878066047557573,-0.016614148817538647,0.18955704548924887,0.09099931981287913,0.03930371049015117,0.09840317975911196,-0.03675231471841641,0.19208345479531921,0.04454948014270048,0.1903057140345276,0.2590707811046794,-0.07738539772438077,0.3048103573527302,0.07888689922588228,0.21971108242294682,0.11484242331699959,0.06114465775482725,-0.05892641485861825,0.19748932291305174,0.20197578163679858,0.15182424334966707,0.10947819930870778,0.17354581083394643,0.04722673366741163,0.05221338441677425,-0.015489757862639219,0.2057228260618091,0.31145629450714196,0.05522564166631963,0.06182993471129064,0.44192451311095376,0.3827375912121675,0.14822156517071772,0.13758658504421217,0.0813263186144542,0.03154078577807391,0.06996765640833437,0.04950189017985628,0.1326082631167377,0.0664519681468834
#26,0.2896259896259896,0.4365824992943637,0.17452629825511182,0.290695780526289,0.047593664542817084,0.14997108047955507,1.0,0.3321834932004423,0.43032801676869475,0.5854652803805346,0.38140729327170003,0.018610752509057592,0.1795869829768135,0.45026675365658414,-0.096996996996997,-0.06059958263348094,0.20114937742056385,0.04627956153379882,0.056892794180929775,-0.007711563643767034,-0.24916920001665765,-0.10467802162717417,-0.14034203695220646,-0.10723450723450724,-0.19044545315731756,-0.06725431132210793,-0.0957717347547856,-0.10351291198748826,0.10039608175201395,-0.09997732709597117,0.1794518709772947,0.202051203746119,0.1545560969289783,0.06987603936756479,-0.007728683999870441,-0.0723584910025588,0.08017138864596492,0.09053753291041426,-0.0951248629214731,0.08899947713507035,0.05721252839896908,0.10366560705543756,0.17083709287099116,0.12602340398950568,-0.01796619423738068,-0.0015084421864082881,-0.07828907489924439,-0.11084320067370915,-0.1512264190230292,-0.2427990394092089,-0.016722886214411637,-0.09407172966495,-0.02260118361813277,-0.01617781109306533,-0.20211366991028007,0.0017046322131067894,-0.2626540253658898,-0.11475959781044527,0.03231906791228825,-0.1041482160126228,-0.1064997200590421,-0.17306227645210695,0.159927724334504,0.023739918655172894,0.11081590064640912,-0.04012086045984351,0.3196851705326282,0.31090103971459904,0.11654890637941485,0.05794315116349014,0.14387530828208794,0.06721081636335874,0.06832919205800561,-0.07618003211223551,0.012539041352600675,-0.0937954904056599,-0.06635248499655279,-0.17817385952979173,-0.04699445207919784,0.08925767061360282,-0.028616443870681157,0.01543191882174933,0.08242387225438073,-0.005670539568844653,-0.2353109658194404,-0.005617327651225956,-0.18663547985581883,-0.005283249351045961,0.030334494741274403,-0.11899989357616476,0.06016602118297033,-0.11928770064363285,-0.01668540651591499,-0.019142871685244568,-0.062228330024940194,0.049716125987312426,-0.08806849993290672,0.14574281523434066,0.049626359795851324,-0.019095675027878418,-0.027106150834964395,0.08675671048552404,0.07274531850803037,0.14340102814679087,0.12975379077073992,0.0923569177806466,0.1378174784954446,-0.14966522763132933,0.09233008046567369,-0.08822350856249161,-0.17218543659221625
#49,0.39002299680265784,0.29052318882827355,-0.17409505036623682,0.06998385133978355,-0.08519274281986146,0.07936765733375903,0.3321834932004423,1.0,0.6154744883558443,0.4388692236149863,0.4221468001129018,0.17625545422155592,0.056608688812078645,0.4272903103411578,0.2435204079271876,-0.15660683796277017,0.10778143320516202,-0.1464336447387295,0.24590152556254252,0.09151107964667286,0.16116964422049168,-0.14475168542965153,-0.06075320312608448,-0.11385499521092741,0.008896107201191947,-0.042988288751000615,-0.16582823192992685,-0.2002304307389053,0.009544367171485815,-0.032181642351133875,-0.13190216410555394,-0.051216702064159694,-0.26118676457659507,-0.31963149590268236,-0.09639732182105064,-0.09421100607541286,0.02768222768222768,0.1530527445781683,0.10306824544112679,-0.07845426320002591,0.09306162865484899,0.1518973518973519,0.2956241295224346,0.08875238875238875,-0.03241855106261886,0.1404789998010337,-0.2910048723608046,-0.3624384014214523,-0.3051333305570594,-0.3492460102629594,-0.04144329229074992,-0.23652373482881958,-0.21544024764363748,-0.23148618572347385,-0.2505517844500895,-0.28439317591859964,-0.4118907813823068,-0.18439780304187084,0.015839105669614145,-0.16381543330695872,-0.1630565850904834,-0.29674296792940863,0.4257665986479546,0.13219089659767627,0.0355992355992356,-0.015555463013090132,0.48262700296598604,0.341074510566036,0.3694188795883711,0.2824738451857096,0.10986502681417935,-0.0547235987913954,-0.03390015593405424,-0.1677642203065932,-0.004602599517853755,-0.27202533812703306,-0.2226506938371345,-0.29575044998773814,0.051515151515151514,0.09923421109861788,-0.2087397104346257,0.044922888990685604,-0.1350930283133673,0.1324217900489087,-0.049293669632652685,0.03881508627271339,-0.2208896107201192,0.017912056895107744,0.06530120258933818,-0.13560108644854407,-0.11916924628789036,-0.14671867553223486,0.02737868839563755,-0.1674518894857878,0.06394915716949615,-0.08174322242118852,0.02518126755414891,-0.16962293572463064,-0.07135301711572899,-0.3260150751676175,-0.2788008347330381,-0.10851113054502885,-0.07970867631884582,0.10731964630269715,-0.1862472642133659,-0.161349639315741,-0.2707385351453148,-0.27867590240471596,-0.22230042060550534,-0.22310368920538412,-0.01417334129198536
#50,0.09972514887769125,0.42737544940934774,-0.1523549743888727,0.17630959156382886,-0.17654788841229518,-0.11371618151279168,0.43032801676869475,0.6154744883558443,1.0,0.4521342606088369,0.4538685064108793,-0.007758297588806064,0.021019170171712544,0.3819213666671294,0.319338598999616,0.03683375208798938,0.10205490544473596,-0.12029965250304234,0.24820583295159565,0.1455035929612201,0.21758075486889047,0.022146800112901807,-0.23503102486153335,-0.1350689672723571,-0.06645613255782748,-0.04418763910289334,-0.12370105081969489,-0.2313344160801788,-0.026696650425463986,-0.12085398187093102,-0.16746345729396578,-0.035814859543673104,-0.05332204315255163,-0.12170999967610137,-0.11284952132409759,-0.13115627183423795,0.0457826084944729,0.1665926326943276,0.09767949767949768,0.06371224845801117,0.041951350425926695,0.006620950688747299,0.34411730682917124,0.14356251474895543,0.03835977734282819,0.16702017888458567,-0.21043138670257314,-0.22740136129966637,-0.27184673116876507,-0.2803476820425973,-0.06132927997334777,-0.19761518066602812,-0.08205786680362952,-0.18067990949346882,-0.10183835607564422,-0.1702471346539143,-0.32239990375583594,-0.07765377087410985,-0.0583827278742533,-0.10709615624869862,-0.22543946103268137,-0.26925276586293534,0.3187157882073136,0.11540832049306625,-0.032727642897134424,-0.06977100366930876,0.4047775047775048,0.298034398034398,0.36317689029553435,0.30879060879060877,0.212462693818626,0.04798095476061578,0.06699102800797715,-0.19330501533891364,-0.006283170689950351,-0.23840419772623161,-0.16645381899619188,-0.24841127722483655,-0.07170005136106831,-0.004999606694521949,-0.21512143885025242,-0.10457067236728254,-0.14809617013006843,0.0473350083519575,-0.13135523813489916,-0.13491580949208068,-0.2709934896375574,-0.07682042597296834,0.11879630015223236,-0.15599420684166446,-0.09193584956296821,-0.15074889990144227,-0.06976082399811213,-0.24040033870542346,-0.053416436467283925,-0.027747470120351475,-0.0590656912690811,-0.14978368198707182,-0.1484223823206874,-0.20083473303812288,-0.2128717315157993,-0.18411184682371123,-0.15205652493788088,0.005312400227654465,-0.19109926567553687,-0.13568437466742553,-0.16735888430803686,-0.24250938149243234,-0.09775769606278081,-0.20259998056608225,-0.10359573749404258
#51,0.44426306121221376,0.5315273671205875,0.3994378045225503,0.46098039487869996,0.10867816969511884,0.1708454216928793,0.5854652803805346,0.4388692236149863,0.4521342606088369,1.0,0.5200322047779675,0.07133728489660693,0.2325212731992393,0.2448530194292906,0.0076879653150839595,-0.159073094666315,0.5548466802704091,0.23950221407848526,0.055137726324167004,-0.09758510436476538,-0.07231314519450113,-0.1695202135880102,0.05159288718610752,-0.17552436874470773,-0.0021821513346937074,-0.010715029359097156,-0.01845805744110829,-0.07571824520977063,0.12452329062498554,0.010618785195056381,0.20570431756872434,0.3266212283161436,0.18609364372076237,-0.06079438452319808,-0.0732108071091122,-0.12011410485986757,-0.09870949531966482,-0.17800219325643055,-0.016253695914712863,-0.017171254459390054,-0.07875410078799909,-0.049028072756886316,0.11818274360647242,0.00591068726661947,0.0007222939426329256,-0.11089132275572954,-0.15553843519945215,-0.13495097562894173,-0.17165563097766487,-0.17879620760976694,0.026467145111212908,0.021455507896185864,0.008406094846772813,0.19763646543307561,-0.011352646945867285,0.1473470388724626,-0.26647279020160375,-0.2973791973791974,0.057015875659943455,-0.10270547897666542,-0.10936113308994665,-0.07840336484404281,-0.018175802921565634,-0.1724334503995521,0.31049524100371556,0.15043980806692672,0.048380738211246686,0.016387882489577406,0.12291027545264833,-0.04599776972658329,0.2836468209349565,0.2519103078425112,-0.058920862310692816,0.05760120675374913,-0.1587653909687808,-0.08847152236982746,-0.19692805286025625,-0.1391524035591832,0.045476292933920054,0.03782210561871579,-0.047391459255866034,0.04617406312321567,0.036284512555699,-0.0021604038553191094,-0.21408311238819713,-0.051036706968910356,-0.046194885177936025,-0.06827921912667675,-0.1154481137531985,-0.18558974999652966,0.008036850409731766,-0.07200821777092964,0.01260335836607023,-0.04102685119634272,-0.08326971038835446,0.36444842377045766,-0.12523262862245912,0.3107215073316768,0.2988353530726412,0.023930093421618847,0.08831605102791544,0.2826043300619572,0.228040829735745,0.30928802454226184,0.19672353401166962,0.16401532503227417,0.17725213657417047,-0.18145356450441197,-0.0070771850432867385,-0.056732695715746566,-0.07914601812906898
#52,0.2969294409972376,0.29977142011040314,0.18288195745822863,0.21564569191687835,-0.013372848966069306,0.1470680233392098,0.38140729327170003,0.4221468001129018,0.4538685064108793,0.5200322047779675,1.0,0.14526251983879102,0.2066283540859812,0.35050643864203185,0.07245010804332838,-0.09501936451088994,0.30186750695225273,0.1334610419356182,0.1139368952928275,-0.013180823350314876,-0.020377388173998343,-0.0810014945608166,-0.14056275073224225,-0.15410448969771004,-0.11136652831568086,-0.04628557679405137,-0.20622209266277064,-0.21376800529342901,0.1699658055590259,0.07044425010526706,0.11919377004122766,0.16633536464044937,0.14355696220103,-0.017234183335878252,0.05410634054701852,0.0038506919862852066,0.06364654330756025,0.043797109898804816,-0.035617281379993246,0.06481628007051736,-0.03592452236520033,-0.03483622297181619,0.07131507470490521,0.05972736989686142,-0.022196310331903554,0.059908753129092114,-0.31820310294886567,-0.2031626387558591,-0.1951466104008477,-0.140142145226891,-0.05199776047233674,-0.08433533687770976,-0.1930574642439049,-0.027328715464308685,-0.19522156979784097,-0.04688247569603502,-0.2492113068384255,-0.09053614477343291,-0.031571787503990895,-0.0206887935701495,-0.10461648088766733,-0.06440354067472712,0.08630973037752698,0.1242655598587802,0.1310586395332158,-0.014776718166548675,0.24708606911996742,0.19705807502417672,0.2062628113475571,0.14017638593909781,0.1934007967906273,0.10717805633059871,0.04191710971371988,0.08087193510922325,-0.003085828509557323,-0.009632282513638447,-0.15506831947509914,-0.1500691754929043,0.04431210871888838,0.05391015052032001,-0.04521809945538759,-0.028189823105077342,-0.1046400792163504,0.23428004275461903,0.009905282786638719,-0.0032861829471998965,0.0154481137531985,0.0017777407607916082,-0.042056848836509855,-0.20267077555213148,-0.03568900179069671,0.03158474344915023,0.08185288524271575,-0.07300166113725436,0.01304941304941305,0.15171735680210258,-0.0726055793852404,0.07855837347362771,0.04390307102171509,-0.11344040496582869,-0.11424876340130577,0.18926877570945366,0.09654261349176603,0.2088054155850766,0.08119675916286086,-0.06403151996372336,-0.028852427157511903,-0.12991759093454008,-0.029446549785532836,-0.1168792829809779,-0.02923694110134788
#53,-0.05190197902062309,-0.2184751777972117,-0.12102934984290917,0.011821837245566059,0.14378554209062683,0.39199970386411065,0.018610752509057592,0.17625545422155592,-0.007758297588806064,0.07133728489660693,0.14526251983879102,1.0,0.5818750954344175,0.2768560548221565,-0.10892063095452927,-0.3844843302470421,-0.0685781312899957,-0.2749612478426038,-0.0972658328590532,-0.14419689334943572,-0.12951271764831088,-0.20091108057209753,-0.28009133941337333,-0.1650883549188634,-0.3321145490637016,-0.33163425366815197,-0.22215327808548146,-0.4143917415103856,0.3116381404516998,0.4296293211547449,0.06637562061290875,0.008180291231138689,-0.026039136208627734,-0.14113420045623434,0.18410259257716885,0.09538768352327674,0.22753369702522244,0.05306014797540221,-0.04291240392935308,-0.24113697673019707,0.21293095869367057,0.1418884215494385,0.22406289185950204,-0.06156063613690732,-0.03298768722497536,-0.1386286132048844,-0.14809200571912437,-0.3187666865632967,-0.12292693309642462,-0.2879250591114998,-0.1342818936039275,-0.25834941258670074,-0.17172966495000394,-0.19190253427541562,-0.15908373704983875,-0.3390556966828153,0.09733014987252275,-0.18294025921144566,0.18866586154721748,-0.3039686836297006,0.2319859150367625,0.14017823678840627,0.05264833400426621,0.020276979599013496,-0.11233220894237843,-0.12004562343545394,0.0917590934540087,0.2139877936488106,-0.017869950073339903,-0.09165359504342555,0.023826908572671286,0.04543649967378781,0.18579288070813493,0.02321242660225711,0.2950179763739086,-0.27551048737489414,0.2866831392255121,-0.11344595751375412,0.03888403040945414,-0.19166053572833233,0.516740006570515,0.15328595159103633,0.0823142094328535,0.616580833529986,0.2687016754813365,0.4388104591494422,0.12685813702762855,0.08052073645293985,0.08559345169514661,0.4600651498956584,0.0641828268946913,0.3441205458154611,0.11252423455813286,0.1186375898240305,0.016657643776287843,-0.15874549433871468,-0.18898328220362118,-0.09636770823211502,-0.119746711272135,0.00952585867840105,-0.2454383505230963,0.058004229190669866,0.023670049093777908,-0.1134552117602965,-0.09415316703452296,-0.026048390455170115,-0.1098951031154421,0.11485584197448605,-0.09309772021636428,0.18734528056561955,0.053012951318036065
#54,0.028135685762804407,-0.06561075713618086,0.13426060883688,0.11963334675199082,0.12100019896630067,0.41007509821069144,0.1795869829768135,0.056608688812078645,0.021019170171712544,0.2325212731992393,0.2066283540859812,0.5818750954344175,1.0,0.25169237033643815,-0.2388002794782456,-0.2872624550590652,0.10979238097882166,-0.046486393944021064,-0.1423747322052407,-0.0782941647348427,-0.16716454513064682,-0.09610488763031136,-0.20089905005159242,-0.07174771073076158,-0.2678424186898763,-0.2111522925082247,-0.21410300901826326,-0.23538083538083537,0.35805281398501737,0.44104026985382916,0.2767089123021326,0.15911103707713878,0.1196037331630552,-0.15725278437142845,0.2030825895232675,0.049146527112628804,0.12681834376749632,-0.07440599305006085,-0.21690473215896944,-0.2401180841858808,0.06794699167580523,0.14707218775015385,0.11107594497425007,-0.03797572611131933,0.048017509034458186,-0.07733588750537904,-0.126704516535025,-0.16504902437105826,-0.1870732057172735,-0.15555786911719116,0.009124224378461667,-0.05469305977780554,-0.0201293743666625,-0.0013349250637386231,0.013600966143339025,-0.16633952905139346,0.02416098687285128,-0.06835371581134293,-0.044971936497360226,-0.24442038340343425,0.013628266170639051,0.08132030335420166,-0.00410287020456512,-0.07064182826894691,-0.05780433746535441,-0.05134163439248185,0.035119865628340206,0.1463688650129328,-0.014081724251215776,-0.07528560918391426,0.11811379946973168,0.15801348343721225,0.15777102217780184,0.03974745161185839,0.19733570242044818,-0.11511773715163545,0.17838300550164957,-0.14503949249711962,0.13489637557434167,-0.15998695151237524,0.5232202927118181,0.12268863624795828,0.37021058038007193,0.5705108806803723,0.14448516312923093,0.11748913782812088,-0.0033153338238084,-0.005365612145273162,-0.008884539393013969,0.3476690866521375,0.010032065964269353,0.26496342259054123,0.003359291494884715,-0.03035161509737781,-0.1426033120948375,0.04991601771262788,-0.13025999805660823,0.16574633184802676,0.059950397238532835,0.259209132090488,0.03597819699514615,0.27894658911608067,0.07238532831753171,0.07119569492450849,0.11896611557628507,0.17591998778439458,0.07135764423900016,0.07787402194181856,0.05059574212116585,0.08400079586520265,-0.0965782423409542
#58,0.10391408357510053,0.00025356635526127053,-0.18084879949286728,0.10536005959734773,-0.14649611090289055,0.09220977526062271,0.45026675365658414,0.4272903103411578,0.3819213666671294,0.2448530194292906,0.35050643864203185,0.2768560548221565,0.25169237033643815,1.0,0.0310706700537209,-0.20533738669331889,-0.11379715617003752,-0.29303617947685745,0.12566387651133415,0.12900558493778833,-0.12794921269497542,-0.18746327220903491,-0.20769953312326195,-0.3914902575919525,-0.3796961830860136,-0.30639931148405725,-0.174503625351083,-0.29053892104739565,0.08099455387590981,0.02310785361632819,0.01884072053563579,0.06936196597213547,-0.1141187412373853,-0.005548846226812328,-0.08201344642022608,0.06292702563889005,0.18773580976970808,0.36250318114724894,-0.1503116367523147,-0.031916045475367506,0.10921769226853972,0.28855157160241907,0.2142371955931278,0.10474927932555052,-0.20993489637557433,-0.04299800570987012,-0.04667240429952294,-0.1762064067148813,-0.12761096998385135,-0.3121540646964376,-0.09967286238472679,-0.23793176844024302,-0.16311858854231737,-0.3681797359763461,-0.4015954321039067,-0.3300235520574504,-0.26861792455012795,-0.045652586330552435,-0.0665875428587293,-0.21413817515512432,-0.11032912727827981,-0.20137333018688952,0.5136694475677527,0.20255648560733305,-0.07830480711836645,-0.07502880384236317,0.669694193423007,0.5347820856295432,0.3379350074265329,0.2909257485528672,0.20312330820805397,0.08362692430489041,0.1855592109829398,-0.11386748844375963,0.2795138744291287,-0.2711059287330474,0.029068513814276525,-0.34728225914666594,-0.041985591138133514,0.04991971941124484,0.083609803948787,0.08179643433880722,-0.014787360550072414,0.25741982352151843,0.03711184219658796,0.06273546273546274,-0.13253700541836136,0.059725056335225825,0.15675444319512116,0.03634003803495329,-0.05297824789350213,0.07355830406677864,0.026945126945126945,-0.21081358708477352,-0.07341347510839036,-0.31095471434454486,-0.2315958485450011,-0.13980436522809403,-0.08716759903200581,-0.10002868816428138,-0.2160343702716584,-0.1526844255657815,-0.0841400722756655,-0.0625624083251202,-0.07710221778018388,-0.05397493024611669,-0.09504851538749844,-0.22021543885950665,-0.13330788415534178,-0.1933887662701222,-0.15430808312164243
#101,-0.13867072002665223,-0.05488601081821421,-0.23762869186598,-0.19740927368046013,-0.23114886843700402,-0.46358407714339916,-0.096996996996997,0.2435204079271876,0.319338598999616,0.0076879653150839595,0.07245010804332838,-0.10892063095452927,-0.2388002794782456,0.0310706700537209,1.0,0.40833715071003207,0.06394360462157073,-0.12425029035198527,0.2980043217331353,0.14532035887968092,0.6413433464280922,0.25021539258827397,0.03579588833826122,-0.1515850210765465,0.3328599786226905,-0.043998389761101625,-0.2300749131257606,-0.36141118005524786,0.02940490567609212,-0.15337525507017033,-0.250759542284966,-0.11180471688946265,-0.13210853380344906,-0.14439817321173254,-0.2663108408871121,0.08257286562371308,0.027109852533581346,0.13116598879310742,0.2566623634420245,0.022465146193959753,-0.011248999384592605,-0.09650929820421346,-0.02963579912732455,0.0026078466756432857,-0.17356154305306848,0.07980121878426963,-0.21417750570292943,-0.33509904357361986,-0.2350907147517317,-0.3533026092348126,-0.24087461884072053,-0.33031367268655404,-0.23906171194306788,-0.21362363904736786,0.13865174882124034,-0.09974967263102856,-0.19798858951401324,0.057217618234567384,-0.2629432205703392,-0.19873401907300212,-0.18107043869755735,-0.20397331075297176,0.1149664302206675,0.1209890938704498,-0.2235705659434473,-0.22717231869774243,0.1132951132951133,0.007970219834626615,0.5523471082793117,0.38753869431835536,0.28119398288889813,0.017729748238222813,0.24608892405502575,-0.2555874827061268,0.020631879953913853,-0.26677771762517527,-0.15893751995446911,-0.12417394281801061,0.09604566045244012,0.02383014755896112,-0.19565466853602448,-0.09712748187324459,-0.07538601775889911,-0.07154458001915628,-0.02530064733454564,-0.22260349717976838,-0.19083690778606033,0.11209530023089345,-0.0056478666648158175,-0.14991139058935668,-0.32062355113202573,-0.36447202209914076,-0.21971154513527394,-0.22402078503773418,-0.18178718009226483,0.09260493158798244,0.039452241147156404,-0.31938903464327195,-0.15668827533234314,-0.17836819870718176,-0.3274138545324986,-0.3379771142483007,-0.19937950276933328,-0.1034217576590458,-0.2727652151380965,-0.14967124289158187,-0.1870463684023006,-0.1723080553589028,-0.24980589217877353,-0.2559183220200169,0.0013802708717962956
#102,0.023795444134427184,0.121257929732506,0.01387257827935794,-0.04448377499224957,-0.23582596463952396,-0.4375028341130036,-0.06059958263348094,-0.15660683796277017,0.03683375208798938,-0.159073094666315,-0.09501936451088994,-0.3844843302470421,-0.2872624550590652,-0.20533738669331889,0.40833715071003207,1.0,0.02029039825649995,0.16045660452440114,0.17914601812906897,0.1933790493112527,0.12269603964519218,0.488656144588348,0.13131683301174826,0.3096757774723876,0.2288325305274458,0.415174188055544,-0.27564328581277736,-0.12738285280658163,-0.05895278946126404,-0.12585266314079874,-0.03440636321992254,-0.17944909470333198,-0.048997533743296455,0.04738266772165077,-0.22610021423580745,0.2909812740321215,-0.2675129675129675,0.08948069795527423,0.08172563935275799,0.26610493390154405,0.026021553140197207,0.16256055747581172,-0.2704377721326874,0.12187102356593882,-0.14580620682315598,0.19404396692532286,-0.22516044549942854,-0.19293577090187258,-0.28830263237042897,-0.08652257804800177,-0.14991370415099228,-0.14574327794666778,-0.13396401023519666,-0.005840817705224485,0.001516308295969313,0.1186158423446559,-0.21701069328187972,0.1910326351004317,-0.3619854060532027,0.02543020678613899,-0.16800297986738666,-0.19119504712725052,-0.0852228191211242,0.1851261122447563,-0.12883345595210002,-0.14598481378142394,-0.1311118514508345,-0.04928025097516623,0.4114044707265046,0.4279686466127144,0.2473909965435389,0.06742690302012336,0.18898189406663982,-0.22047363233803913,-0.059706547842141064,-0.004665528394341954,-0.10628964866253002,-0.08043929908336687,-0.04241267461606445,0.3459552001924883,-0.17629015764608985,-0.12414664279071058,0.12703998297218635,-0.2891554111893095,0.030332643891965924,-0.24031658777421488,-0.13382797281102365,0.014080798826561538,0.182766742088776,-0.1874530925378383,-0.27115543895204913,-0.381698339325458,-0.22369133386082538,-0.1299203672085028,-0.16861838726245507,0.030201233591064098,0.23018781493357765,-0.15549031311743175,-0.12311895871217905,-0.08356168186676662,-0.08976804231041519,-0.22309536038349598,-0.18251410115816896,-0.18594048594048593,-0.12737174771073076,-0.08633703040482701,-0.025460283087401732,0.09225928547962446,-0.13785033107067005,-0.22916753425228,-0.2591346354058218
#201,0.3387206929579811,0.3798590578251595,0.7068601729618679,0.3012881911186996,0.15051152847763016,0.14234789489026778,0.20114937742056385,0.10778143320516202,0.10205490544473596,0.5548466802704091,0.30186750695225273,-0.0685781312899957,0.10979238097882166,-0.11379715617003752,0.06394360462157073,0.02029039825649995,1.0,0.6585918738461112,-0.08997302387132895,-0.3385217266573199,0.06726865540424863,-0.24020646224036055,0.3404410573902099,-0.021148266910978774,0.4229042601923958,0.05314991416686332,0.14549618956398616,0.2242900836121175,0.23132331098432793,0.006193867210816363,0.31842613029053707,0.3066445490174304,0.37468963570658487,0.13379141853718124,-0.023984230763891782,-0.0994743587963927,-0.1255519001281713,-0.39333185265388654,0.04211144889110991,-0.0561353341014358,-0.2371442320594863,-0.360017027813638,-0.1311335989302091,-0.15153134644660068,0.14263801551937144,-0.08331644433339348,-0.12203251016810339,0.06344248717130073,-0.12155545375884359,-0.018936964699676564,0.07835848174831225,0.21592702101176678,0.0958226331107687,0.41560636136907325,0.28028614130309043,0.4563435546486394,-0.2840951891799349,-0.4323519204875137,-0.051433714145578555,0.02895746285576794,-0.1831956764160154,-0.023991634161125687,-0.4510677086948273,-0.24213180823350314,0.3576539559590407,0.21716801547310022,-0.3132738285280658,-0.30892479536547335,-0.06188916188916189,-0.21401139197749366,0.281636335873624,0.3732894682047224,-0.10815299120383866,0.22272010068620238,-0.37271061508349645,0.007141039344429175,-0.2995622741385453,-0.03395383056400005,0.3056279700347497,0.07079452333689622,-0.04640680742375658,0.024773155281629856,0.015073316768232023,-0.09825649995141521,-0.19458719119736068,-0.12393286969558157,0.023054641698709494,-0.043257587325383935,-0.22303011794537217,-0.1413993346196736,-0.001994752842210469,-0.10719147498808516,-0.008309850682732038,-0.03226261700837972,-0.12805378568090434,0.6772414941906467,-0.14312987872309907,0.5549063701606074,0.39361040547481224,0.2603247315111722,0.37156447664922243,0.5416311534955602,0.3173026647602919,0.45275614597648495,0.37944030316911675,0.2895829573795676,0.39880157507276154,-0.09977049468574892,-0.007322885288986984,-0.08698714122442935,-0.08076828754794857
