,#10,#11,#12,#13,#17,#18,#26,#49,#50,#51,#52,#53,#54,#58,#101,#102,#201,#202,#301,#302,#401,#402,#501,#502,#601,#602,#701,#702,#801,#802,#901,#902,#1001,#1002,#1101,#1102,#1201,#1202,#1301,#1302,#1401,#1402,#1501,#1502,#1601,#1602,#1701,#1702,#1801,#1802,#1901,#1902,#2001,#2002,#2101,#2102,#2201,#2202,#2301,#2302,#2401,#2402,#2501,#2502,#2601,#2602,#2701,#2702,#2801,#2802,#2901,#2902,#3001,#3002,#3101,#3102,#3201,#3202,#3301,#3302,#3401,#3402,#3455,#3501,#3502,#3601,#3602,#3701,#3702,#3801,#3802,#3901,#3902,#4001,#4002,#4101,#4102,#4201,#4202,#4301,#4302,#4401,#4402,#4501,#4502,#4601,#4602,#4701,#4702,#4801,#4802
#10,1.0,0.6053896128858648,0.5245992388421175,0.4958520739630185,0.21202475685234307,0.25770960673509397,0.16718563795025565,0.6867181793718525,0.1618882866259178,0.5871833314112175,0.7148963979548687,-0.13886902702494908,0.171691077538154,-0.022650213354861032,-0.18512282320378273,0.06011609579825472,0.45248145158190134,0.29563679698612233,0.021250913005035944,-0.07742282704801445,-0.06271479644792988,0.19079690923768886,0.23159958482297313,0.2493753123438281,0.2598393111136739,0.11614961749894284,0.033798485372698264,0.2067427824549264,0.13035789797408986,-0.10148002921616114,0.024818360050743858,0.10188751777957175,0.036904624610771534,-0.042002075885134355,-0.09618267789182332,-0.12536039672471458,-0.14877176796217276,0.1165340406719717,-0.10095721370084189,0.0019144274016837735,0.16550955291584976,-0.04395494560412102,-0.0787683081536155,0.02463383692769,-0.09850459385691769,-0.05321954407411679,-0.10577019182716334,-0.07583900357513551,0.0028524199438742168,-0.006934994041440818,0.11501941337023795,0.16011225156652442,0.20322146618998194,0.3024872179294968,-0.10312536039672471,-0.09248452696728558,-0.3045169722830892,-0.27300964902164304,-0.24418559950793833,-0.16796217275977396,0.19489486026217662,0.198362357282897,-0.4142544112559105,-0.16820820359051245,0.266151539614808,0.41732979664014147,-0.08574943297581979,-0.09828931688002153,0.036773920731941724,0.06833506323761196,0.30715411525006725,0.35402298850574715,0.3329719755506862,0.27303271441202476,0.051950947603121515,0.021719909276131166,-0.054941759889286124,-0.20335217006881176,0.10534732633683158,0.22693268750240264,-0.03673547841463883,-0.08619536385653327,0.1002729404528505,0.043147656940760386,0.0076115788259716296,0.04529273824626148,-0.23277591973244147,0.039964633068081346,0.12687502402644832,0.02274247491638796,0.028985507246376812,0.023211471187483183,-0.05411140583554377,-0.1348018298543036,-0.26323761196324913,0.3737823395994311,0.3501633798485373,0.17510475531465036,0.08844039518702188,0.07269442201975936,0.13587052627532387,0.2598777534309768,0.2141929035482259,-0.08455003267596971,-0.12417637335178565,-0.06496751624187906,-0.09859685541844462,0.008357359781647637,-0.06725867835313112,0.032145465728674126,-0.2345365778649137
#11,0.6053896128858648,1.0,0.31056010456310307,0.2344673816937685,0.16647829931188252,0.21849844308614924,0.33771575750586247,0.4199438742167378,0.3219697843385999,0.5423365240456695,0.5431361242455696,-0.10874562718640679,0.18411563449044707,0.0595779033560143,-0.1286126167685388,0.1883289124668435,0.2261945950101872,0.10334063737362088,-0.0930919155806712,0.04663053088840195,0.010387114135240072,0.2970207204090263,0.0831584207896052,0.25534155998923613,0.13390227962941606,0.14911774881789874,-0.12556798523815016,0.11201322415715219,-0.03394456617844924,-0.10213354861031022,0.0800599700149925,0.04449313804636144,-0.13100372890477838,0.052819743974166763,-0.15493022719409527,-0.16347211009879675,-0.15010956060431324,0.13524007227155652,-0.2330065736362588,0.12897397455118595,-0.13961480798062506,-0.18193979933110369,0.05953946103871141,0.07976011994002999,-0.09603659708607235,-0.06932687502402644,-0.145565678699112,-0.0697497405143582,-0.03452888940145312,-0.0006150770768461923,-0.027855303117671933,-0.005243532080113789,0.05872448391189021,0.2276246492138546,-0.1328643370622381,0.016622458001768346,-0.17808019067389383,-0.11132126244570023,-0.0932995040941068,-0.10823050013454812,0.08820205281974397,0.1420520508976281,-0.14645754046053897,0.010271787183331412,0.23135355399223465,0.2522354207511629,0.07779187329412217,0.0768615692153923,0.046692038596086574,0.2760465920885711,0.1689693614731096,0.2706108484219429,0.29015492253873065,0.1656018144773767,0.1254526582862415,0.06519817014569639,0.09009341483104602,-0.1095298504593857,-0.07035712912774382,0.17496636297235998,0.0527736131934033,0.037535078614538885,0.12744397032253105,-0.06482912389958867,0.03261446199976935,0.0636989197708838,-0.09570599315726752,-0.14328989351478108,-0.09477568907853766,-0.052519893899204244,0.0,-0.1019720908776381,-0.12971206704340138,-0.041763733517856456,-0.11795640641217853,0.2318148617998693,0.3382462614846423,-0.10913005035943567,-0.07035712912774382,0.020459001268596472,0.004774535809018567,0.024749163879598662,0.026017760350593933,-0.30263329873524775,-0.3299119670933764,-0.1916964594625764,-0.24705339637873372,-0.06515203936493291,-0.08275862068965517,-0.034621150962980046,-0.22992349978856724
#12,0.5245992388421175,0.31056010456310307,1.0,0.611117518163995,0.18201668396570944,0.6027370929919655,0.191558067120286,0.3427978318533041,-0.008026755852842809,0.5446276861569216,0.5694844885249682,-0.16963056933071927,0.22922384961365472,-0.0010763848844808366,-0.04753008111328951,0.20128397339791643,0.7291508092107792,0.4990658516895398,-0.0157536616307231,-0.22983123822704032,-0.23272210048821743,0.022765540306769694,0.17900280628916312,0.3507938338523046,0.15240841117902587,0.10703109983469804,-0.0036673970706954215,0.2630530888401953,-0.12165455733671626,-0.3914427401683773,-0.094660362126629,-0.025802483373697768,0.2257871064467766,-0.18992042440318302,-0.2880944143312959,-0.2990043439818552,-0.18640679660169915,-0.07438588398108638,-0.21127897589666705,-0.3335409218467689,0.23466728174374352,-0.3898204743781955,-0.01412370737708069,-0.057563525929343023,-0.3009572137008419,-0.18919002037442817,-0.09012416868488833,-0.04564640756544804,0.06157690385576443,-0.006719717064544651,0.10553184945988545,0.37469726675123977,0.2148310460154538,0.4560950294083727,-0.23615115519163496,-0.09804328604928306,-0.4404566947295583,-0.3882212739783954,-0.2513128051358936,-0.05859378003306039,0.0721331641871372,0.05901664552339215,-0.49786645138968977,-0.2376350286395264,0.42684042594087573,0.5193633952254642,-0.15882058970514742,-0.146511359704763,-0.04320916464844501,-0.05831699534847961,0.5724137931034483,0.3646715103986468,0.41599969246146157,0.5285741744512359,0.05414215968938608,0.21211701841386998,-0.030569330719255758,-0.2071118287010341,-0.013554761080997962,0.08221273978395417,-0.027701533848460386,-0.17046092338446162,0.026940375965863222,0.10914542728635682,-0.04585399607888364,-0.005604889862760927,-0.2591165955483797,0.21714527351708762,0.07557759581747588,0.04199438742167378,0.09144658440010764,-0.10790758466920386,-0.02306539038173221,-0.25368085188175143,-0.23866528274324375,0.33849998077884136,0.3701918271633414,0.3374543497482028,0.4267789182331911,0.2035366931918656,0.49485257371314345,0.30477069157728826,0.23230692346134624,0.07451658785991619,-0.040695037096836195,0.25084380886479835,0.18612232345365778,-0.02156614000691962,-0.09778956675508399,-0.06756621689155422,-0.3203475185484181
#13,0.4958520739630185,0.2344673816937685,0.611117518163995,1.0,0.10916849267673856,0.25105139737823395,0.15955099373390227,0.17098373889978088,-0.20516664744550803,0.6500288317379772,0.44693038096336446,-0.19947718448468074,0.18484603851920195,0.07449352246953446,-0.039910813823857305,0.17249067773805404,0.6000691961711452,0.10314073732364587,0.04256333371775651,-0.3600814977126821,-0.12466074654980203,-0.03866528274324376,0.1431361242455695,0.15332333833083459,0.2682889324568485,-0.19574059124284013,-0.12163149194633452,0.10222581017183716,-0.1304809133894591,-0.32083958020989506,-0.2794064506208434,0.11477338253949948,0.027101833698535346,-0.2398416176527121,-0.24360896474839502,-0.14427401683773497,-0.2634144466228424,-0.11082151232076269,-0.05617191404297851,-0.14519663245300427,0.20161457732672125,-0.19684004151770268,0.006481374697266751,0.05904739937723446,-0.2938069426825049,-0.17923346019298042,-0.06971129819705532,-0.050182601007188715,-0.07814554261330874,0.017076077345942412,0.06874255180102257,0.19021258601468496,0.34870257179102754,0.3940260638911314,0.09429900434398185,0.08388882481836005,-0.10833045015953562,-0.11338945911659555,0.06513666243801176,-0.10573943797332103,0.2473301810633145,0.20318302387267906,-0.4762157382847038,-0.343728135932034,0.25608734094491215,0.2500826509822012,-0.13796178833660094,-0.24319378772152386,-0.10916080421327798,-0.15785953177257525,0.20103794256717794,0.22278091723369084,0.2894629608272787,0.24721485411140584,-0.00402875485334256,0.0009149271518087111,0.08424249413754661,0.0614154461230923,0.05488794064506208,0.16337216007380925,-0.06209971937108369,-0.1034713412524507,-0.05218160150693884,-0.036589397608887866,-0.1287586975742898,-0.03611271287433206,-0.06289163110752316,-0.02493368700265252,-0.08075193172644447,0.02161227078768308,-0.08325068235113213,-0.13264137162188136,-0.07970630069580595,0.01589974243647407,-0.0180678891323569,0.15424595394610388,0.20638142467227924,0.17380540498981278,0.2095260062276554,-0.06458309306885018,0.3024410871487333,-0.08426555952792834,0.152023988005997,-0.04853726982662515,-0.11180563564371661,0.010602391112136239,0.04077192173144197,0.11661861377003806,-0.0006227655403067697,0.255872063968016,0.0004536193441740668
#17,0.21202475685234307,0.16647829931188252,0.18201668396570944,0.10916849267673856,1.0,0.5953561680698113,0.029031638027140275,0.42793987621573826,0.2999346480605851,0.04207127205627955,0.03911890208741783,0.5573751585745589,0.4383423672778995,-0.05858609156959982,-0.2539345711759505,-0.1852689040095337,0.16530196440241418,0.09429131588052128,0.01311651866374505,-0.17245992388421175,-0.3109675931265137,-0.3746511359704763,0.0323914965594126,0.07699227309422212,-0.017091454272863568,0.0010610079575596816,-0.07723061546150002,-0.04713796947680006,0.046115403836543264,0.1641333179564064,0.2649444508514973,0.4331987852227732,0.005820166839657095,0.0912236189597509,0.2738938223196094,0.4293314881021028,0.17889516780071502,0.1226617460500519,-0.11761042555645254,-0.11674931764886787,0.07074155230077268,-0.041410064198669896,0.17788797908737938,0.10343289893514782,-0.09182331910967594,-0.2703417522008227,0.01723753507861454,-0.08410410179525622,-0.15411525006727406,-0.36736247260984894,-0.0725406527505478,-0.036635528389651326,-0.25395763656633225,-0.18875177795717527,-0.31039864683043095,-0.33530157997924115,-0.2896474839503325,-0.2825587206396802,-0.12028601084073348,-0.27240226040825744,0.19742436474070657,0.1865298120170684,0.1736977665013647,-0.20897243685849384,-0.10986045438819052,0.09680544343213009,0.37357475108599547,0.22502594856417946,0.11318955906662054,0.050182601007188715,0.2044285549532926,0.29474493522469536,0.20364433168031368,0.38476915388459615,0.13693153423288357,0.10931457348248952,0.0342290393264906,-0.07595433052704417,-0.007242532579863914,0.045031330488601855,0.30380194518125553,0.5596970745396532,-0.22668665667166416,0.27095682927766884,0.6569868911697997,0.3351170568561873,0.06302233498635297,0.3810710029600584,0.12670587783031562,0.1771345096682428,0.4000999500249875,0.4126167685388075,0.15710606235343866,-0.030061892130857647,-0.11460423634336678,0.13954561180947989,-0.01900588167454734,0.1459347249452197,0.01646100026909622,0.009610579325721754,0.02073578595317726,0.27171029869680546,0.59041248606466,-0.08009072386883481,-0.04144081805251221,-0.062276554030676966,0.031484257871064465,0.22737861838311613,0.09579825471879445,-0.03177641948256641,-0.2088801752969669
#18,0.25770960673509397,0.21849844308614924,0.6027370929919655,0.25105139737823395,0.5953561680698113,1.0,0.22467996770845347,0.3428977818782916,0.3027793795409987,0.2918771383539,0.252396878483835,0.3012339983854227,0.6007227155652943,0.08486525967785338,-0.09216929996540192,-0.04925998539191943,0.4668896321070234,0.3617268288932457,0.015092453773113444,-0.2271172106254565,-0.29116211125206626,-0.25564141006419866,0.10782301157113751,0.12566793526313766,0.09929650559335716,0.033260292930457847,-0.07670779994618075,0.17551993234152155,0.01214008380425172,-0.0643755045554146,0.2642909314573482,0.3826778918233191,0.1283742744012609,0.041325491100603545,0.053934571175950484,0.1912582170453235,0.1047630031138277,0.12291546534425095,-0.20414408180525123,-0.21563833467881444,0.18759850843808865,-0.2673970706954215,0.05524160996424864,0.03458270864567716,-0.19471033713912275,-0.24474685734056048,-0.09463729673624727,0.023741975166263023,0.029977319032791296,-0.16839272671356628,-0.04945219697843386,0.1023488255872064,-0.13958405412678276,0.052573713143428284,-0.3522546419098143,-0.2713796947680006,-0.43905739437973323,-0.36125783262215044,-0.29548302771691076,-0.21889824318609927,0.11260523584361665,0.0550186445238919,0.014554261330873026,-0.1149348402721716,0.07180256025833237,0.17065313497097606,0.30682351132126245,0.174274401260908,0.11369699765501864,-0.0394341290893015,0.4454618844423942,0.2827509322261946,0.33962249644408565,0.5127590051128282,0.17726521354707261,0.28830200284473145,0.08742551801022566,-0.0718256256487141,0.1431438127090301,0.06233037327490101,0.2219736285703302,0.36387959866220737,0.07698458463076155,0.2934994041440818,0.465205858609157,0.2119786260715796,-0.12493753123438281,0.2803290662361127,0.14605774036058894,0.0747164879098912,0.33496328758697574,0.14579633260292932,0.019198093261061776,-0.2814131395840541,-0.3603736593241841,0.18709875831315112,0.15688309691308192,0.21166339906969592,0.18589935801330104,0.2099719371083689,0.2412024756852343,0.37622727097989467,0.4810902241187099,-0.044846807365548,0.05408834044516204,0.20677353630876869,0.3012263099219621,0.17916426402183525,-0.029846615153961482,-0.13484796063506707,-0.3452812055510706
#26,0.16718563795025565,0.33771575750586247,0.191558067120286,0.15955099373390227,0.029031638027140275,0.22467996770845347,1.0,0.14407411678775997,0.13530157997924114,0.338961288586476,0.2357974858724484,-0.007719217314419713,0.35987390919924656,0.30787683081536155,0.07276361819090454,0.06629762042055895,0.11801791411986315,-0.05584131011417368,-0.2211663399069696,-0.21896743935724444,0.04691500403644332,0.037642717102986965,0.017921808326605927,-0.1435513012724407,0.165632568331219,-0.12732864337062239,-0.06050051897128359,0.09820474378195518,0.021573828470380193,-0.06881943643562834,-0.011632645215853612,0.3849844308614923,-0.047045707915273134,-0.09126974974051436,-0.1343712759005113,0.036827739976165765,-0.1622650213354861,-0.10404028754853342,-0.3139199630953754,-0.12258486141544613,0.1399838542267328,-0.2205512628301234,-0.39249605966247647,-0.2581939799331104,-0.31165955483796565,-0.20371352785145888,-0.19998462307307885,-0.07841463883442894,-0.04033367931418906,0.18131703379079692,-0.06990350978356975,0.1293968400415177,-0.07982931611117518,0.13522469534463538,-0.032383808095952024,-0.010594702648675663,0.01356244954445854,0.1487256371814093,-0.266205358859032,-0.05147426286856572,0.1087148733325645,0.02507976780840349,-0.03414446622842425,0.0870334063737362,0.0363741206319917,-0.005681774497366701,0.17382078191673395,0.1988390420174528,-0.0504593856917695,-0.0725790950678507,0.2065659477953331,0.16605543382155077,0.18612232345365778,0.19383385230461692,0.3555606811978626,0.38497674239803176,0.43479029715911277,0.14480452081651482,0.07025717910275632,-0.04673048091338946,0.25932418406181523,-0.001560758082497213,0.09465267366316842,0.06097720370583939,0.025925498789067004,0.030807673086533656,-0.10969130819205782,0.023034636527889903,-0.08110560104563103,-0.10055741360089186,-0.013685464959827778,-0.28511897897205246,-0.016130396340291394,-0.16983046938069427,-0.2425940875715988,0.10328681812939684,0.05552608311229001,-0.07164110252566025,-0.11620343674316688,0.04128704878330066,0.10786914235190097,-0.031922500288317376,-0.04461615346173067,-0.1905816322607927,-0.17598892861261678,-0.11876369507553915,0.024387806096951525,0.18953600123015416,-0.012370737708069042,-0.04398569945796332,-0.2318148617998693
#49,0.6867181793718525,0.4199438742167378,0.3427978318533041,0.17098373889978088,0.42793987621573826,0.3428977818782916,0.14407411678775997,1.0,0.44879867758428477,0.3348633375619882,0.4334678814438934,0.31097528158997423,0.26830430938376965,-0.12906623611271287,-0.30457847999077386,-0.16337216007380925,0.3264290931457348,0.2055433821550763,-0.045846307615423056,-0.09592127013416368,-0.2152154691884827,-0.04040287548533426,0.0905085918579172,0.16095029408372738,0.13471725675623727,0.15602967746895782,0.09449890439395686,0.13866143851151347,0.1001037942567178,-0.04531580363664322,0.3279744743013109,0.18546880405950872,0.24980586629762042,-0.062468765617191405,-0.021812170837658094,0.18313151116749318,0.014754161380848037,0.1767654634221351,-0.1845846307615423,0.05834006073886134,0.10747703071541152,-0.0600545880905701,-0.004851420443624342,-0.05252758236266482,-0.1826394495060162,-0.09790489370699265,0.008503440587398608,-0.07640794987121824,0.09066236112712875,-0.19750124937531235,0.05051320493599354,0.0262330373274901,-0.042663283742744015,-0.04136393341790643,-0.39561757582747087,-0.3098450774612694,-0.3670626225348864,-0.411225156652443,-0.2536193441740668,-0.22112020912620614,0.10543189943489793,0.16193441740668127,-0.051135970476300315,-0.12005535693691616,0.19584054126782763,0.1829546765078999,0.18163994925614116,0.14288240495137047,0.10548571867912197,-0.012578326221504633,0.24589243839618652,0.29116211125206626,0.4031215161649944,0.37462807058009456,0.18889017029946564,0.11817168338907469,-0.07983700457463576,-0.26261484642294236,0.006481374697266751,0.11165186637450505,0.14335908968592626,0.1541383154576558,0.11665705608734095,0.3114980971052935,0.2892630607773037,0.2667666166916542,-0.1968323530542421,0.21034867181793718,0.05749432975819782,0.17745742513358706,0.05169722830892246,0.09733594741090992,-0.04036443316803137,-0.20798062507207934,-0.33618575327720757,0.3263368315842079,0.20116864644600777,0.37435897435897436,0.018306231499634798,0.23070003459808558,0.1617268288932457,0.46579018183216087,0.3015876677046092,-0.11382001307038789,-0.1600507438588398,0.05697151424287856,-0.11797178333909968,-0.04310152615999693,-0.10025756352592935,-0.05276592472994272,-0.3165494175988929
#50,0.1618882866259178,0.3219697843385999,-0.008026755852842809,-0.20516664744550803,0.2999346480605851,0.3027793795409987,0.13530157997924114,0.44879867758428477,1.0,0.0447084150232576,0.11111367393226464,0.33859993080382883,0.3651635720601238,0.2041210164148695,0.054295928958597625,-0.14339753200322916,-0.01157882597162957,0.01868296620920309,-0.08856341060239112,-0.1115672932764387,-0.10727713066543651,-0.2422942374966363,-0.11782570253334872,-0.06705877830315611,-0.08875562218890555,0.09417598892861262,-0.047076461769115445,0.0739707069542152,0.09430669280744243,0.27018029446815056,0.46190750778456924,0.2222119709376081,0.13685464959827778,0.2707031099834698,0.10054972513743128,0.4059970014992504,0.048352746703571294,0.05215084765309653,-0.34112943528235884,-0.14029908122861645,-0.15629877369007802,-0.09003959558682198,-0.0125552608311229,-0.18691423519009726,-0.1579748587244839,-0.1372236958443855,-0.14744935224695344,0.013616268788682582,0.1877215238534579,-0.0034444316303386766,0.18330834582708647,-0.03897282128166686,-0.18007919117364396,-0.4712566793526314,-0.2975589128512667,-0.4948833275669857,-0.12183139199630953,-0.1961173259524084,-0.199108138238573,-0.1479414139084304,-0.0326298389266905,0.05744819897743436,0.3451428132087802,0.1440279860069965,-0.06504440087648483,-0.0507669242301926,0.542782454926383,0.23612040133779263,0.12022450313304886,0.1409295352323838,0.034459693230307925,0.06367585438050205,0.14190597009187714,0.10446315303886518,0.22088186675892824,0.15866682043593588,0.07092607542382655,-0.014377426671279744,0.0701956713950717,0.05534924845269673,0.2505977780340599,0.4157382847038019,0.027078768308153617,0.16142697881828316,0.43662783992619075,0.36490985276592475,-0.005873986083881137,0.07530081113289509,-0.04795294660362127,0.10223349863529774,0.015023257601968246,0.1302118171683389,-0.1472263868065967,-0.1191250528581863,-0.26163072309998847,0.24482374197516626,0.07003421366239956,0.12268481144043362,-0.036281859070464766,0.36772383039249606,0.03319109675931265,0.3140891092915081,0.21005651020643523,-0.24706877330565485,-0.12836658593780034,0.027278668358128626,0.07969092376888479,0.018552262330373274,-0.03128435782108945,-0.09685157421289356,-0.07441663783492869
#51,0.5871833314112175,0.5423365240456695,0.5446276861569216,0.6500288317379772,0.04207127205627955,0.2918771383539,0.338961288586476,0.3348633375619882,0.0447084150232576,1.0,0.5983546688194364,-0.23352170068811748,0.22179679391073695,0.07952946603621266,-0.032576019682466456,0.18750624687656173,0.485072848191289,0.14112943528235883,-0.007073386383731211,-0.27547764579248835,-0.07642332679813939,0.07144120247568524,0.09758197824164841,0.12052435320801137,0.28987813785414984,-0.0937761888286626,0.0029216161150194134,0.29186176142697884,-0.10750009610579325,-0.22727866835812863,-0.04017222158151693,0.06687425518010226,0.08601852919693999,-0.13452504516972283,-0.34839503325260446,-0.26708953215699843,-0.3601891362011302,-0.10250259485641794,-0.2610540883404452,-0.1052396878483835,0.11558835966632068,-0.20452081651481951,-0.08015992003998001,-0.07691538845961635,-0.36915388459616344,-0.28175912043978013,-0.12655979702456463,-0.019951562680198362,-0.01166339906969592,0.06453696228808672,0.08961673009649021,0.2271172106254565,0.33539384154076807,0.3980932610617768,-0.006896551724137931,0.07830700034598086,-0.15854380502056664,-0.18752931226694344,-0.03442125091300503,-0.03937262138161688,0.15254680352131628,0.1506631299734748,-0.3737823395994311,-0.20485142044362434,0.3514012224656902,0.3140814208280475,-0.05785568754084496,-0.24686887325567985,-0.015215469188482681,-0.00402875485334256,0.3165494175988929,0.19037404374735709,0.35902048975512246,0.31691846384500055,-0.003544381655326183,0.0634913312574482,0.09014723407527006,-0.003121516164994426,-0.0519893899204244,0.09099296505593357,-0.0002537192941990543,-0.12672125475723678,0.0713489409141583,-0.1795563756583247,-0.21831391996309538,0.018944373966862722,-0.052496828508822514,-0.1605658709106985,-0.0018990504747626188,-0.09203090762311152,-0.1448122092799754,-0.20002306539038173,-0.14131395840541267,0.019644024141775265,-0.10539345711759505,0.31917887210241036,0.35905124360896473,0.12556029677468958,0.14724176373351786,0.0839733979164264,0.24333218006381424,0.048052896628608774,0.03722754007611579,-0.23182255026332987,-0.2040825740975666,0.0661438511513474,0.01746818898243186,-0.06223042324991351,-0.07177180640449006,0.12862030523199938,-0.10579325721754507
#52,0.7148963979548687,0.5431361242455696,0.5694844885249682,0.44693038096336446,0.03911890208741783,0.252396878483835,0.2357974858724484,0.4334678814438934,0.11111367393226464,0.5983546688194364,1.0,-0.32353823088455774,0.11454272863568216,0.06342982354976358,-0.026494445085149733,0.3239764733018106,0.39178103256064273,0.27512397647330183,-0.023403682773997618,-0.10376350286395264,-0.08239726290700804,0.28542651751047554,0.2227270979894668,0.40596624764540806,0.2957444354745704,0.2301849075462269,-0.03937262138161688,0.1813554761080998,0.0019374927920655057,-0.16545573367162572,-0.1888747933725445,-0.07111828701034098,-0.14895629108522662,-0.2164302464152539,-0.3090531657248299,-0.2512205435743667,-0.24075654480452083,0.01922115865144351,0.0009379925421904433,-0.043370622381117135,0.06850420943374466,-0.17353630876869258,0.02585630261792181,0.02730173374851036,0.02404951370468612,0.09334563487487026,-0.3683158420789605,-0.1266751239764733,-0.04059508707184869,0.056341060239111215,0.09772805904739938,0.2629223849613655,0.37824933687002654,0.4992657517395149,-0.05723292200053819,-0.0235113212624457,-0.2661822934686503,-0.22764771460423636,-0.22566409103140736,0.0027524699188867107,0.26213816168838655,0.30178756775458426,-0.4770614692653673,-0.0761849844308615,0.3338253949948103,0.3576750086495214,-0.11123668934763388,-0.05173567062622535,-0.05567216391804098,0.1332718256256487,0.23063083842694038,0.19842386499058162,0.23073847691538846,0.22036673970706955,-0.04551570368661823,0.04390881482335755,-0.018252412255410758,-0.13359474109099295,0.06858109406835045,0.20249875062468767,-0.1313343328335832,-0.16844654595779032,0.10814592703648176,-0.024234036827739978,-0.12635989697458963,0.06661284742244263,-0.09682082035905125,-0.0816284165609503,0.03100757313650867,0.06132318456156537,0.0904701495406143,-0.11763349094683427,0.016368738707569292,-0.13261061776803906,-0.16166532118556107,0.5464498519970784,0.3950255641410064,-0.02877791873294122,0.06212278476146542,0.026525198938992044,0.30893783877292125,0.12173913043478261,0.04403183023872679,-0.22709414523507476,-0.200345980855726,-0.1289585976242648,-0.04591550378656825,0.041917502787068,0.043778110944527736,0.02173528620305232,-0.23447507015722907
#53,-0.13886902702494908,-0.10874562718640679,-0.16963056933071927,-0.19947718448468074,0.5573751585745589,0.3012339983854227,-0.007719217314419713,0.31097528158997423,0.33859993080382883,-0.23352170068811748,-0.32353823088455774,1.0,0.436005074385884,-0.07753815399992312,-0.2181293968400415,-0.2953830776919233,-0.11576519432591396,-0.1624726098489217,-0.14827201783723523,-0.166724330142621,-0.17784184830661592,-0.3348172067812248,-0.094114481220928,-0.23740437473570908,-0.06347595433052704,-0.11698766001614577,-0.014623457502018222,-0.12618306231499635,0.07384769153884596,0.10532426094644985,0.32798985122823204,0.37169876600161456,0.02633298735247761,0.026901933648560337,0.1962864721485411,0.5530157997924114,0.1957867220236036,0.22281167108753316,-0.2120785760965671,-0.0920001537692692,0.058793680083035406,0.06934994041440819,-0.015223157651943259,-0.0003844231730288702,-0.07127974474301312,-0.27262522584861415,0.07275592972744398,-0.08002152769768962,-0.00781916733940722,-0.2121477722677123,-0.16266482143543612,-0.3044631530388652,-0.33927651558835964,-0.3848537269826625,-0.32805135893591664,-0.27698458463076153,0.07756890785376543,-0.017583515934340523,-0.005574136008918618,-0.33523238380809595,-0.02587936800830354,0.01726060046899627,0.3969399915426902,0.035812862799369544,-0.202583323722754,-0.26653596278783687,0.3561911352016299,0.28042901626110023,0.025802483373697768,-0.1666243801176335,-0.19032022450313305,-0.03319878522277323,0.04927536231884058,0.20738092492215432,0.2385499557913351,0.1546457540460539,0.12604466997270594,0.01741436973820782,0.13172644447007265,-0.026871179794718026,0.5106908084419329,0.6414331295890516,0.039926190750778454,0.383662015146273,0.5772652135470726,0.26918848268173606,0.0009456810056510206,0.14415100142236573,0.11335101679929266,0.19168108253565525,0.05819397993311037,0.2846038519201938,-0.05444969822780917,-0.09159266520585861,-0.0989120824203283,-0.05534924845269673,-0.24003382923922653,0.18549955791335102,-0.1499404144081805,-0.06223811171337408,-0.09156959981547688,0.11955560681197863,0.37892592165455735,-0.23982624072579095,-0.1812478376196517,-0.08025218160150693,-0.10596240341367778,0.11475031714911775,0.035113212624457005,-0.057994079883135354,-0.1122131242071272
#54,0.171691077538154,0.18411563449044707,0.22922384961365472,0.18484603851920195,0.4383423672778995,0.6007227155652943,0.35987390919924656,0.26830430938376965,0.3651635720601238,0.22179679391073695,0.11454272863568216,0.436005074385884,1.0,0.45632568331219003,-0.13134970976050436,-0.1291892515280821,0.26790450928381965,-0.10221812170837657,-0.009279975396916926,-0.31584207896051975,-0.2849652097028409,-0.2392957367470111,-0.07828393495559913,-0.15572982739399532,0.04589243839618652,-0.13214930996040442,0.01456963825779418,0.12321531541921348,0.04187137200630454,0.1786030061892131,0.1741052550647753,0.5325875523776573,0.10350978356975359,0.12083189174643448,0.1251143658939761,0.4429785107446277,-0.08152077807250221,0.14459693230307924,-0.3367316341829085,-0.20814208280475147,0.201291661861377,0.004805289662860877,-0.05915503786568254,-0.07098758313151117,-0.27539307269442204,-0.2073194172144697,0.028355053242609465,0.10072655979702456,0.11094452773613193,-0.06096182677891823,-0.002683273747741514,-0.12621381616883864,-0.1379694768000615,-0.11903279129665936,-0.30666205358859033,-0.19909276131165188,-0.1187098758313151,-0.18164763771960174,-0.1265751739514858,-0.29534463537462036,0.20295236996886173,0.2203206089263061,0.17347480106100796,0.06477530465536463,-0.0161611501941337,-0.052220043824241724,0.4962288086725868,0.21045631030638526,0.13986083881136355,0.08944758390035751,0.1679467958328528,0.21737592742090492,0.1740360588936301,0.2323607427055703,0.2128935532233883,0.17821089455272363,0.16786222273478646,0.1286510590858417,0.30715411525006725,0.18612232345365778,0.4689270749240764,0.6155768269711298,0.2988890170299466,0.3409295352323838,0.4921846768923231,0.3047322492599854,-0.02148925537231384,0.04311690308691808,0.09822780917233691,0.10992965055933572,0.1591665705608734,0.12417637335178565,-0.12660592780532812,-0.15337715757505863,-0.29726675123976476,0.13915350017299044,-0.02194287471648791,0.15852842809364548,0.11825625648714104,0.08069811248222043,0.10620074578095567,0.13179564064121785,0.4481067158728328,-0.31699534847960636,-0.14229808172836658,0.0383116134240572,0.2665897820320609,0.2410410179525622,-0.026371429669780493,0.09325337331334332,-0.1614577326721255
#58,-0.022650213354861032,0.0595779033560143,-0.0010763848844808366,0.07449352246953446,-0.05858609156959982,0.08486525967785338,0.30787683081536155,-0.12906623611271287,0.2041210164148695,0.07952946603621266,0.06342982354976358,-0.07753815399992312,0.45632568331219003,1.0,0.12753623188405797,-0.1361626878868258,-0.019828547264829122,-0.13094222119709376,-0.013524007227155653,-0.22398031753354092,0.05622573328720255,-0.10009610579325721,-0.06275323876523277,-0.25853996078883634,0.015338484603851921,-0.3509937339022796,0.1320801137892592,0.01898281628416561,0.04882943143812709,0.24197132203129204,-0.033506323761196326,0.3073540153000423,0.035735978164763774,0.17216007380924922,0.05137431284357821,0.25038250105716375,-0.11421981317033791,-0.13903817322108178,-0.27361703763502865,-0.32850497828009073,-0.07372467612347672,-0.1291892515280821,0.0342982354976358,-0.23390612386114634,-0.1244300926459847,0.01181716833890747,0.020812670587783032,0.26708953215699843,0.19688617229846614,0.20320608926306077,0.33371006804290165,0.005512628301233998,0.04689193864606159,-0.15716757006112328,-0.04823741975166263,-0.19634029139276515,0.031430438626840425,-0.03934186752777458,-0.19302656364125628,-0.12941990543189943,0.05796332602929304,0.0643063083842694,0.15713681620728098,0.08432706723561297,0.022634836427939876,0.04248644908315073,0.4315534540422097,0.06496751624187906,0.03509014723407527,0.18534578864413948,0.008541882904701495,0.043831930188751776,-0.012785914734940222,-0.04251720293699304,0.11975550686195365,0.05036712413024257,0.18287779187329412,0.21586898858263176,0.42591781032560644,-0.10716949217698843,0.19361857532772075,0.18479990773843846,0.09941183254526582,0.1077922577172952,0.11683389074693422,0.1178948987044939,0.03376004305539538,-0.05488794064506208,-0.128881712989659,0.1963633567831469,0.06565947795333103,-0.0007842232729788951,-0.18702956214200592,-0.040695037096836195,-0.20488217429746666,-0.016153461730673124,-0.19538692192365356,-0.025295044785299658,0.2341598431553454,0.09831238227040326,0.05937031484257871,-0.03981855226233037,0.18326221504632298,-0.13720063045400377,0.05997770345596432,0.04681505401145581,0.28365048245108215,0.12975819782416484,-0.019682466459078153,0.11823319109675931,-0.07300964902164303
#101,-0.18512282320378273,-0.1286126167685388,-0.04753008111328951,-0.039910813823857305,-0.2539345711759505,-0.09216929996540192,0.07276361819090454,-0.30457847999077386,0.054295928958597625,-0.032576019682466456,-0.026494445085149733,-0.2181293968400415,-0.13134970976050436,0.12753623188405797,1.0,0.41475416138084803,0.11522700188367355,0.07079537154499674,0.4870795371544997,0.04223272978895168,0.5628032137777266,0.1960558182447238,0.23920347518548418,-0.056663975704455465,0.16091185176642447,-0.0477376696267251,-0.40846499827009575,-0.3361242455695229,0.2922077422827048,0.05526467535463038,-0.04010302541037174,0.014254411255910506,-0.13672394571944796,-0.08553415599892361,0.18812132395340792,0.09059316495598355,0.3537923346019298,-0.09125437281359321,0.15225464190981433,-0.06290700803444432,0.22869334563487487,0.026409871987083382,-0.1577442048206666,0.07680774997116827,-0.06714335140122246,0.06579787029562142,-0.4174681889824319,-0.3246299926959597,-0.15037096836197286,0.06278399261907508,-0.11277438203974936,-0.07171798716026602,0.105885518779072,0.04364740706569792,0.22356514050666973,0.19086610540883406,-0.11862530273324876,0.20731172875100912,-0.2627763041556145,-0.01909814323607427,-0.14252104716872332,-0.2056202667896821,0.25980086879637104,0.21707607734594242,-0.42519509476031214,-0.18854418944373966,0.11931726444470073,0.04141775266213047,0.4743781955176258,0.23245300426709722,0.1667550839964633,-0.14302079729366085,-0.04141775266213047,-0.2227270979894668,-0.03313727751508861,-0.11742590243339869,-0.09851228232037827,-0.134394341290893,0.42971591127513165,0.2385115134740322,-0.027347864529273826,-0.15133971475800562,-0.02152769768961673,-0.21200169146196132,-0.13012724407027257,-0.2590704647676162,-0.22817821858301618,0.026440625840925693,-0.16287240994887173,-0.2367816091954023,-0.15482258870564716,-0.4096182677891823,-0.31591127513166495,-0.20501287817629646,-0.1933341021796794,0.23754276707799946,-0.0942144312459155,-0.42317302887018027,-0.3368008303540537,-0.15407680774997118,-0.08374274401260907,-0.06529043170722332,-0.044024141775266215,-0.15463806558259333,-0.06364510052665975,-0.029562142005920118,0.09372236958443855,-0.099627109522162,-0.07049552147003421,-0.1909199246530581,-0.04248644908315073
#102,0.06011609579825472,0.1883289124668435,0.20128397339791643,0.17249067773805404,-0.1852689040095337,-0.04925998539191943,0.06629762042055895,-0.16337216007380925,-0.14339753200322916,0.18750624687656173,0.3239764733018106,-0.2953830776919233,-0.1291892515280821,-0.1361626878868258,0.41475416138084803,1.0,0.15071694921769885,-0.00553569369161573,0.07171029869680544,0.22893168800215277,0.18050974512743628,0.590904547726137,0.08561872909698996,0.43237611963249145,0.06877330565486488,0.35021719909276133,-0.5138738323146119,-0.29865836312612926,-0.09749740514358206,-0.19106600545880906,-0.24131780263714298,-0.3384846038519202,-0.2579402606389113,-0.25963172260023837,-0.11080613539384154,-0.2787375542997732,-0.022350363279898512,0.10179525621804482,-0.035382308845577214,0.15434590397109138,0.1701303194556568,0.10426325298889016,0.020543574366662824,0.3788644139468727,-0.09895052473763119,0.23628185907046476,-0.3994079883135355,-0.3996309537538923,-0.14577326721254757,0.08379656325683313,-0.2396340291392765,0.02248106715872833,0.012509130050359436,0.45667166416791605,0.01898281628416561,0.49619805481874446,-0.06568254334371276,0.3197247530081113,-0.13330257947949103,0.03642793987621574,-0.0780532810517818,-0.089147733825395,-0.1423595894360512,0.21327797639641718,-0.1578364663821935,-0.020197593510936838,-0.183808095952024,0.018137085303502096,0.05741744512359205,0.17332872025525697,0.07401683773497866,-0.029854303617422057,0.05684081036404875,-0.06434475070157229,-0.048783300657363624,-0.06905009033944566,-0.08936301080229116,-0.15653711605735593,0.12261561526928844,0.5150578556875408,-0.13693153423288357,-0.24091800253719295,-0.016507131049859687,-0.3654403567447046,-0.20916464844500826,-0.31566524430092646,-0.2112559105062853,-0.10224118709875832,0.01633798485372698,-0.4157229077768808,-0.12924307077230615,-0.5083381386229961,-0.2614846422942375,-0.1250451697228309,-0.018144773766962673,0.3456886941144812,0.2555875908199746,-0.3262061277053781,-0.2870334063737362,-0.3004036443316803,0.027493945335024795,-0.2236420251412755,-0.2530811517318264,-0.31390458616845424,-0.36506362203513626,-0.1246684350132626,-0.22726329143120746,-0.19372621381616884,-0.05011340483604352,-0.16002767846845808,-0.18840579710144928
#201,0.45248145158190134,0.2261945950101872,0.7291508092107792,0.6000691961711452,0.16530196440241418,0.4668896321070234,0.11801791411986315,0.3264290931457348,-0.01157882597162957,0.485072848191289,0.39178103256064273,-0.11576519432591396,0.26790450928381965,-0.019828547264829122,0.11522700188367355,0.15071694921769885,1.0,0.48186675892822817,0.19923115365394226,-0.2496367201014877,-0.15948179756275707,0.009887364010302541,0.22862414946372966,0.27207934494291314,0.2782839349555991,-0.009664398569945797,-0.019682466459078153,0.10975281589974244,-0.056202667896820824,-0.40573559374159074,-5.381924422404182e-05,0.05993157267520086,0.33673932264636913,-0.1277668857878753,-0.10123399838542267,-0.12385345788644139,-0.07180256025833237,-0.04566947295582978,-0.16283396763156882,-0.13406373736208818,0.359720139930035,-0.2772921231691846,-0.05347326336831584,-0.07691538845961635,-0.30560873409449124,-0.1959481797562757,-0.045062084342444166,-0.08458078652981202,0.04300157613500942,-0.16839272671356628,0.08271248990889171,0.09126974974051436,0.2505670241802176,0.27964479298812134,-0.20512051666474454,-0.1253065774804905,-0.3615499942336524,-0.4521354707261754,-0.06456002767846845,-0.168761772959674,0.06572867412447622,0.04904470841502326,-0.3648560335217007,-0.2694883327566986,0.3002344981355476,0.37007650021143274,0.01832929689001653,-0.12478376196517126,0.23272210048821743,0.012724407027255602,0.5963326029293046,0.4114404336293392,0.4509975781340099,0.3018029446815054,-0.008749471418137086,0.05443432130088802,-0.12303848075962019,-0.31215161649944256,0.053173413293353324,0.1964633068081344,0.012701341636873871,-0.11084457771114443,0.031069080844193287,0.12920462845500327,-0.0004151770268711798,-0.020851112905085917,-0.23981855226233037,0.2883865759427978,-0.0015376926921154808,0.09123899588667204,0.010325606427555454,-0.10837658094029907,-0.13697766501364703,-0.21075616038134778,-0.15416138084803752,0.40205281974397417,0.2734555799023565,0.41473878445392687,0.2155076307999846,0.10313304886018529,0.31624956752393035,0.3677084534655749,0.2759158882097413,0.032852804367047246,0.03591281282435705,0.3205935493791566,0.2482758620689655,-0.0678122477222927,-0.16912313074232116,-0.02001307038788298,-0.16311844077961019
