,#10,#11,#12,#13,#17,#18,#26,#49,#50,#51,#52,#53,#54,#58,#101,#102,#201,#202,#301,#302,#401,#402,#501,#502,#601,#602,#701,#702,#801,#802,#901,#902,#1001,#1002,#1101,#1102,#1201,#1202,#1301,#1302,#1401,#1402,#1501,#1502,#1601,#1602,#1701,#1702,#1801,#1802,#1901,#1902,#2001,#2002,#2101,#2102,#2201,#2202,#2301,#2302,#2401,#2402,#2501,#2502,#2601,#2602,#2701,#2702,#2801,#2802,#2901,#2902,#3001,#3002,#3101,#3102,#3201,#3202,#3301,#3302,#3401,#3402,#3455,#3501,#3502,#3601,#3602,#3701,#3702,#3801,#3802,#3901,#3902,#4001,#4002,#4101,#4102,#4201,#4202,#4301,#4302,#4401,#4402,#4501,#4502,#4601,#4602,#4701,#4702,#4801,#4802
#10,1.0,0.30942359925410773,0.38931967406543677,0.5445342106359056,0.22772017009305145,0.22749945631301563,0.19623028267096063,0.29655603214925247,0.1429420175182887,0.42063141724158676,0.3020072460750427,0.016087119476949987,0.15103578154425612,0.21300776893997234,-0.17065987404970456,-0.08154934595612562,0.4424746780678984,0.28882919899869053,-0.011423441931916509,0.011484982671423349,-0.02312867567104855,0.0486426333883961,0.1656621182044911,0.18024773617993958,0.03506989269701134,0.15975975975975976,0.33775362419430216,0.3084171999426237,0.031474617915295884,0.07438008115974218,0.2633323616374464,0.20017814424594085,0.18077430280820111,0.19737595839290756,-0.15832535154569052,-0.006274841868062207,-0.051640083843473676,0.07664089359004614,0.07357496171055493,0.1545468426824359,0.015471712081881573,0.020180272722645606,-0.018936964699676564,0.1986609105253173,0.0004747428476242036,0.1099506285946964,0.2958031991930297,0.20357630357630357,0.020940509076102298,0.14493399408653646,0.18158451209298668,0.008749890105822309,0.2818857378179412,0.16243978955843363,-0.11982953677868932,0.05944789165128148,-0.22249707334453098,-0.1365996196504671,-0.07005187005187005,0.15713386730335882,-0.16120573578200698,0.011840808450977942,-0.1211029211029211,0.030519579672122044,0.4035679747544154,0.18535746840831588,0.2682486801130869,0.12963672455197878,-0.07320201557489693,-0.17938246412822684,0.05466205805188856,0.11373283915656797,-0.24023052328137073,0.23501112823146722,-0.4436976267484742,0.14789627840475297,-0.1805878297403721,-0.17986692393472054,0.15957745110287483,0.14713743018827766,-0.1706297977484418,0.045858493316120436,0.10880217659878677,-0.027920987243021143,0.14048455234895912,-0.12398608161320025,-0.21707963741862046,0.09470425741612182,0.028513721734060717,-0.12456308388511779,0.249053984647205,-0.25040001480679447,-0.07073159446040803,-0.2215272283068893,-0.330119333509164,0.17720077550586025,0.17563912140183327,0.3523332269094981,0.24966985475460052,0.21596403799793631,0.11160806415043703,0.34723968961257096,0.23812657032996015,0.3682227682227682,0.22129355858169417,0.20787628923222143,0.011925947519167859,-0.08738368568877043,0.011012090673107622,-0.2442690764724663,-0.17871430752786685
#11,0.30942359925410773,1.0,0.5538074283836996,0.4960748113290486,-0.02375657629894918,0.09596329765821292,0.3429318378470921,0.04400856943229824,0.3836856887704345,0.4070929172624088,0.113445494801427,-0.150977017078712,0.08458890323297102,0.09717791751690057,-0.09161704076958314,0.0228126431516262,0.37824696807747654,0.4106331292771971,-0.10377897157558175,-0.10328294396091006,-0.05506415506415507,0.02508363525312678,0.23338052999069947,0.14709162166789286,0.07395947565439091,0.0862810422132456,0.07347686669720568,0.18476288306796781,-0.11718513582920363,-0.028701120226543954,0.0032181642351133874,0.04711336914726745,0.03991032635100432,0.16332403281555824,-0.1578913273828528,-0.11406414118278525,-0.03451139891817858,-0.10837879481947278,-0.017466002211764923,0.010234733963547522,0.027148257656732233,-0.05047127250517081,-0.15170949069254153,0.10652054211376245,-0.03675370285539777,-0.0739858502570367,-0.044608244608244606,0.13108455142353448,-0.05310132937251581,0.03801274309748886,0.0611192085768357,-0.03823623315148739,0.18835121716477649,-0.05005066699981954,0.026291314426907648,-0.01774316689570927,-0.10278182651064006,-0.2193589583420092,-0.0036993850553172585,-0.0469111638603164,-0.04583859668605431,-0.04677697728545186,-0.087692777523286,-0.03895297454619488,0.17492654441806985,-0.07572935030562149,0.0172596325138698,0.1563680784019767,0.03499770957398076,0.030390945645182934,0.17629709833099663,0.31598532276498376,-0.24075153736170685,0.07500335466437161,-0.22583137837375125,-0.004555402860487607,-0.05580727106150835,-0.06882984679594849,-0.11245899212000907,0.05253265592248643,-0.07939680821036753,-0.11733736818482582,0.003229732043291365,0.0244497193649736,-0.08069425357560951,-0.02490687914416728,-0.28657856623958317,0.14127995483927688,-0.0013724047622352708,-0.17545311104633138,-0.029793121318545047,-0.260607448743042,-0.11545968156137648,-0.11672797605000995,-0.20791284350606384,0.32292970937038734,0.20916540577557527,0.3194783381224059,0.2855305228186584,0.11331500992517941,0.25160538041893976,0.33474368050639236,0.17740020451884858,0.24388641337793882,0.3807858706163791,0.19287746914865558,0.3197323671899943,-0.006707015181591453,0.09564032445388378,-0.1346599295751838,-0.07175048700472429
#12,0.38931967406543677,0.5538074283836996,1.0,0.5505610386966319,0.1357176899549781,0.22707792538301014,0.2653918942054535,-0.02875572028114401,0.2314001212306297,0.2940509076102296,0.003970997191336175,-0.16142367328808008,-0.09151339320830847,0.15108714261256634,-0.0907054974851585,-0.04204666916531323,0.6314686026550433,0.7964736693550253,-0.16377980445777057,-0.21740631232156657,-0.06647834274952918,0.03386452708486607,0.28317068995035094,0.10227561922477177,0.1700625124353938,0.06278913736540855,0.1495601919330733,0.25181360096614336,-0.1163851062156147,-0.05258494241545089,0.2121832155730461,0.22952104647019902,0.12482775533622992,0.3198762707237284,-0.06705395688446536,-0.03262445804818686,-0.09685864601118839,-0.11356071017087967,0.06841062942757858,0.17327466141025463,-0.06463998667388497,-0.06445027461976614,-0.2182211487296233,-0.042169287931999797,-0.1685415770161533,-0.2095027230620451,-0.08145125094277636,0.17997334776995794,0.05308929885201072,0.14427046460944767,0.2389774982995322,0.1344614259868497,0.3848424695882323,0.2879828981523897,0.21900128171314612,0.28207868885834986,-0.004305075491516169,-0.1132081233776149,-0.15428078309434243,0.08456114049334389,-0.11801848073034514,-0.012401153079119182,-0.13708916929255913,-0.07920987243021141,0.23968729900933292,0.005082894913403388,0.1480415700754684,0.23437582420633268,0.059571898554949404,0.022586839535992078,0.39619743009573516,0.4652831568085805,-0.1609086744679965,0.12385004418902724,-0.30017768153361374,0.03745841372960017,-0.009864101389525119,-0.03240466969280529,-0.13485704502653656,0.028270797762323188,-0.1797350509214916,-0.05250581860751352,0.1116025116025116,-0.17938338955288108,-0.008883613968359731,-0.15828278201159557,-0.2910886232920131,0.052275850580935326,-0.020934956528176868,-0.25268488827810864,-0.1111930111930112,-0.2824331265009231,-0.1677262778957694,-0.18526446323056492,-0.3019642138286206,0.6345618345618346,0.317155522240268,0.565215138096494,0.5082122183817099,0.2639704419365436,0.5384375130137842,0.3927294012039775,0.3885548105887089,0.3685175159751431,0.5935447003243614,0.24255750357445272,0.49337118320169165,0.03879056251937608,-0.029275808936825885,-0.18421641980964015,-0.10675143556499489
#13,0.5445342106359056,0.4960748113290486,0.5505610386966319,1.0,0.24089359004613242,0.2567627720170093,0.2647302155776732,0.12690209469870486,0.2696271001355747,0.4861352878302031,0.11599133802523633,0.10986456410185223,0.2592942711586779,0.09681376291545783,-0.1296806822230551,-0.17539157030682453,0.45496698547546005,0.3808441723695961,0.04260747650578159,-0.22682991157567428,-0.25838550414821604,-0.23363270820897938,0.07678896153472424,0.01946677031422794,0.14734056089988293,0.026163143112295655,0.1970913903117293,0.12683222513730988,0.08263810806183687,0.15056705395688447,0.11527367120587459,0.30314690653673704,0.2035184645354137,0.3151718744939084,-0.08938214022959785,-0.06501755993281418,0.06879329252210609,0.02615018716713632,0.050949717051411963,0.07598106581157428,0.22778494981884811,0.13530911497013193,0.07023649227039057,0.13265268350014112,-0.04882447933295391,-0.173668429600633,0.24818593632152955,0.27478171545968155,0.025563467936349293,-0.0264305908373705,0.04641744980728032,-0.07364066686100584,0.13999176372057728,0.013926252909303757,0.07454388132354234,0.06104841359078647,-0.1913519066061439,-0.2630885122410546,-0.09128296246940315,-0.09567502787841771,-0.01426125663413799,0.0024843024843024843,-0.04635822262940907,-0.061756826163605824,0.24022080632250123,-0.140561825307588,0.224948523253608,0.24563083885117784,-0.042531128971806935,-0.08512981394337327,0.0804059837958143,0.2504754369161149,-0.20229181415622094,0.12055599513226632,-0.2936603784061411,-0.10628594696391307,-0.02291767884988224,-0.18294025921144566,0.002101639389774983,0.08323963408709172,0.055568048788387774,0.06850733630394647,0.06396442667629108,0.03702161329279973,0.1899184238167289,-0.04868103851154699,-0.24484237704576686,0.039754855009092295,0.021312529787106058,-0.056125617142566295,0.23554509825696265,-0.1252705710332829,-0.0736517719568567,-0.07271431678211339,-0.28397025685161276,0.3322427203783136,0.17687595145222265,0.43598143598143596,0.3017435000485848,0.2376388715371766,0.366485283434436,0.36768972362192703,0.3657912149437573,0.31835811157845056,0.4421669743703642,0.3356057135718153,0.29279186736813856,0.03164859775029267,0.04556420827607268,-0.06680131595385833,-0.06864707542673644
#17,0.22772017009305145,-0.02375657629894918,0.1357176899549781,0.24089359004613242,1.0,0.4371636659772253,0.17087318443250646,0.1553408570357723,0.14447868515665127,0.15118708847522408,0.25151561422747865,0.2742579251053827,0.023494218409472648,0.052870435921283376,-0.04703100635304025,-0.1522170861153912,0.16590041505295744,0.11459163323570103,-0.04569145416603044,-0.22731575951914934,-0.13687678433441144,-0.21630228070906038,-0.11178805924568637,0.125842020757275,-0.08366949383898536,0.13034976424806932,0.01426125663413799,-0.08269640981505388,0.13319498234752472,0.09045702096549554,0.2656454605607148,0.23318572810098234,0.06970298495722224,0.10235057862176507,0.11063914453744962,0.1056450903908531,0.05096683740751538,0.020771619076703822,0.05079933554509826,0.13507498253260966,0.12549868821055263,0.13838892821943669,0.21994428943581487,-0.15364270279524517,-0.06910192164429453,0.018922157905208754,0.020238574475862612,0.0600077735670956,-0.079468528621071,-0.02612890240008884,0.21576368356029374,0.06717703836347905,0.0745961678165068,0.087859816673376,-0.06227460125765211,-0.009581846869982463,-0.02965060592179236,-0.1636136907323348,0.09833840003331529,0.14517090279802145,-0.11243169209270905,-0.01922801075343448,-0.07116052878764743,0.20981690473215897,-0.062483284517182824,0.058996747132340356,0.14805313788364635,0.11134431812397914,-0.1278252057913075,0.030385855809584625,-0.08537458876441928,0.0023292938547175837,-0.1206887935701495,0.09003780359712563,-0.19857715959410874,-0.007191937700412277,-0.12310692819167396,-0.051800182308656885,0.04607041556194098,0.2023801922107007,0.10547249869283767,0.17062748418680623,0.20227747007408026,0.15649948870287853,0.42558706626503234,0.007957726601794399,-0.07232610113966047,0.1326735055548615,0.2595524646372104,0.05485177010600739,0.2677216507724982,0.06845088540003794,0.2757839503602215,0.04014260793921811,-0.024447868515665126,0.003440266152130559,0.1210497091853024,0.061974300957351805,0.07551465178583823,0.015449039177852737,0.13156392139442988,0.1495847156864106,0.2373260780040441,-0.014687414687414687,0.07182313284008199,-0.01128786722007061,0.050330145245399485,0.0875766367291791,0.007151219015625795,-0.04980728031575489,-0.02583785634633092
#18,0.22749945631301563,0.09596329765821292,0.22707792538301014,0.2567627720170093,0.4371636659772253,1.0,0.17450316263875587,0.12249568520754961,0.05360105868580445,0.11915999204134797,-0.03659360439021456,0.2357301831878103,0.09629182341046748,-0.1041047210538736,-0.05855624499692296,-0.22844616573430132,0.15088308647630683,0.11257559562644308,0.04350976554366385,-0.2352073182581657,-0.1000726458353577,-0.19484816094985585,0.08965236422863541,0.14332745688677892,-0.026835464123599717,0.07449113211825076,0.09716496157174123,-0.02325777241031478,0.1450871518668129,0.05195981806151298,0.31682283207706935,0.3342481156040478,0.05724676911117589,-0.02637645349509756,0.13372016083880492,0.07724149419064673,0.056196874840942636,-0.00630445545699783,-0.012925868858072249,0.020159450667925245,0.1268206573291319,0.02116122285613811,-0.029254061457451287,-0.20970724191063175,-0.16486162587857503,0.030057792769657178,0.11080387012590402,0.079056714649935,0.007278464905583549,-0.028530379377837006,0.25380233854810125,0.050924730585747535,0.06206360443648579,0.1016227321312067,-0.06546315190382987,-0.04901696766103546,-0.12266087350833113,-0.1689293299462791,0.07416214365366908,0.08744059930500608,-0.02825321469389266,0.09109139956597584,0.039498049667541196,0.11702133566540346,0.03494125867007223,-0.08086545713664357,-0.018291018291018292,0.06744865049949796,-0.14338298236603322,-0.17546699241614497,0.04318725505166183,0.1324703748432562,-0.06078327942734722,0.09543441746831577,-0.1372552830179949,-0.014674458742255352,-0.16332125654159552,-0.03966832780392102,0.08172887833904784,0.21892956130244265,0.1422373066440863,0.12004192173683699,0.0415034448932754,0.18083723168468932,0.3814711475728425,0.10364200872675448,0.07581310123683005,0.08093486398571144,0.15668226007209057,-0.09515216294877311,0.2094203602678179,0.044536524197541144,0.1837791566605126,0.05021816886223666,0.00016750186241711666,0.013094758857470723,0.09056483293771429,0.002215003909919164,0.020307981324930478,0.03039325920681853,0.15669660415423128,0.17903635530754175,0.38112735231379297,-0.13726731353849997,0.08813744406964746,-0.015291716986632242,0.09156382885196444,-0.05271820356566119,0.029404442963764998,-0.003747969849664765,0.007338154795781915
#26,0.19623028267096063,0.3429318378470921,0.2653918942054535,0.2647302155776732,0.17087318443250646,0.17450316263875587,1.0,0.2390260830938797,0.16244302854472345,0.5120851205596968,0.15674657708556014,0.2218414099770032,0.18542548712040238,0.41653641314658263,-0.06693318896708728,-0.16674625318693115,0.3347321126982144,0.10880911728369355,-0.10770277210955177,-0.1266290944257046,0.05017050949254339,-0.06640986132511556,0.049281176399820464,0.012505726065048099,0.0963940828347608,0.012025893381825586,0.10325703207059139,0.047089308106257256,0.03814183983675509,0.053390061864638134,0.20352864420661032,0.10261571278520432,0.19959420128911654,0.18794726930320152,-0.031410300901826324,-0.22569256467561552,0.11516215753503889,0.13363455905828786,0.16861838726245507,-0.1338117778795745,0.05475830221592933,-0.12554310859395607,-0.009932582813938747,0.07864999051439729,0.022045466113262722,0.0036193358227256532,0.0873272347848619,0.03909178824433062,0.04358102324204019,0.05553288265152672,0.12250771572805472,-0.009876131910030216,0.004762235270709847,-0.10980903862259794,-0.0024926313061906283,-0.07881425339052457,-0.045771966110949164,-0.24187685374126053,0.19497216785352378,0.04080521199165267,-0.14057663210205584,-0.028634026939111684,0.0571162842349283,0.19584345516548907,0.1360161394059699,-0.1017097220487051,0.24513805022279597,0.4451010332366265,-0.08391334323537714,-0.06846430405752439,0.058872277516345314,0.18289861510200492,-0.1572439928372132,-0.16975943586113076,-0.15582670497924736,-0.05695526034509085,-0.1831156271834238,-0.11931407524627864,0.08757524859219774,0.031073909040010735,-0.11507285405590491,0.17237468593400798,0.001009175585446772,0.20335744064557623,0.06664214291332936,-0.053222097289893903,-0.21358014408861867,0.22220093745517475,-0.049476441001864734,-0.15845167201099405,0.11757520232096504,-0.025198850622579438,-0.0332259840734417,-0.05834247190179394,-0.15323505323505324,0.1569709925642129,-0.0608383421942744,0.10060939213481586,0.10301780979747081,0.02878672200706099,0.07533604482757025,0.29532290379748005,0.3550387058861635,0.03765506646862579,0.10366930875405451,-0.13100820388955983,0.04851955190938242,-0.05611728832067815,-0.01593442440900068,-0.08811569659027287,-0.024100371557998677
#49,0.29655603214925247,0.04400856943229824,-0.02875572028114401,0.12690209469870486,0.1553408570357723,0.12249568520754961,0.2390260830938797,1.0,0.2847577932323695,0.2895366861468556,0.3643716135241559,0.13284887352683963,0.14311460921630415,0.15948490863745102,-0.005992124636192433,-0.2681149562505495,0.08557031607879066,0.03690547249869284,-0.007609304219473711,-0.10853796786000176,0.06450302382505772,-0.07944122859377097,0.07059000448830957,-0.06480332412535802,-0.01568178347839365,-0.06127005279547652,0.12279968720646686,0.023261011396604615,-0.046318429369276826,-0.16427907105873207,0.08150723913435778,0.19910511435935166,0.053333610960729604,0.06174757191706344,-0.04417329502075265,-0.030575567863703457,-0.09715755817450733,0.04310998209303294,0.02952197189485325,-0.048296987280038124,0.1333421248675486,-0.14186945034402662,-9.254246542382136e-06,-0.06460944766029512,-0.048406650101565356,-0.04131095656519385,0.11554435791723927,-0.04257554935521037,0.11087003798868206,-7.634753397465261e-05,0.08148734250429165,-0.13125621769689566,0.08032547185089559,0.046128254602830876,-0.05955153921255616,-0.0486838147855097,-0.22599564124987853,-0.3067639287978271,0.05232674893691843,0.07904283328012142,-0.10697816460528325,-0.13825520435689928,-0.15054391834052852,0.03164165706538588,0.1691208928497064,-0.03596200206369698,0.05812638524502931,0.09403517539110759,-0.1232873859992504,-0.0925290467663349,0.06369281454027216,-0.014264958332754943,0.07959346094939315,-0.12745827491590203,-0.00634609956643855,-0.2957763618780568,-0.18227904329599245,-0.26818204953798175,-0.06355538897911779,-0.32564166631963243,-0.01859131859131859,-0.03573527302340861,-0.20919872106312784,-0.03288589051300916,-0.040694623745471205,0.042838832669341145,-0.15170208729530762,-0.06407316407316407,-0.09231943808214994,-0.07147147147147147,-0.03248703248703249,-0.11285229759806031,-0.06236483016144033,0.03582087480392565,-0.06685961770707534,0.10339445763174576,-0.17394374343526886,0.003223254070711698,0.00039284276572412166,0.01674278284447776,0.05684374667425515,0.0875886672496842,0.15292087156493936,0.09080266707385351,0.0396387142149854,0.0343568530009208,-0.057756678095661144,-0.1600031464438244,-0.056742875386943184,-0.06189795342337715,0.056477278511176815
#50,0.1429420175182887,0.3836856887704345,0.2314001212306297,0.2696271001355747,0.14447868515665127,0.05360105868580445,0.16244302854472345,0.2847577932323695,1.0,0.46311396141904615,0.26564592327304193,0.18489059167025268,0.23675000115678083,0.21942003636918891,0.19856420364894942,-0.2498678956306075,0.27433334721470315,0.09950212153601984,0.0003201969303664219,-0.179771605195334,-4.858479434750621e-05,-0.26599758464165246,0.14542770813957254,-0.019946602997450456,0.09021178343212241,-0.04660438558743644,0.031934553968452274,-0.17019669901025833,-0.005665449733246343,0.04744189489952202,-0.06476075459126307,0.06106969835783395,0.23189244714668444,0.17902386207470952,0.0006903667920617073,-0.09486620673061351,0.11199813064219843,-0.03932823424348848,0.1999486389316898,-0.07087688613112342,0.09207605139808529,-0.10196328840396637,0.08594557577608425,0.04667888227210261,0.01202265439553575,-0.09596792478148411,-0.014438475455424609,-0.0156952021358801,-0.07095971163767774,-0.05680441612645003,0.11072844801658362,-0.02874507789762027,0.051122771461754514,-0.0298380044142756,0.18348811060675468,0.012619553297519398,-0.17846259202191406,-0.22231939181091723,0.01587751079276503,-0.01077009212602433,-0.04993174993174993,0.06900058764465544,0.01690889656991352,-0.10208220547203598,-0.03780313441330391,-0.13332685536075367,0.22786037192816855,0.20631232156655885,0.16235650133955218,0.04299152773729045,0.20566267345928363,0.17844038183021235,-0.10357630357630358,-0.035216109792380976,-0.19724871250294979,-0.013673611978696725,-0.19501890179856282,-0.12765446494260055,0.16711919932258915,-0.07938061327891836,-0.027612358120832698,-0.01685707278927618,0.05851413817515513,0.12676790812384034,0.13631551428161598,-0.004291194121702597,-0.18160255787374432,0.21435379909956181,-0.021614680936714835,0.07922329108769786,0.13641916184289066,0.03264805637686993,0.022734444768343073,-0.06098502200197115,-0.01798701629210104,0.2658999523406303,-0.05378984531526904,0.23354247930519118,-0.013325189596376037,0.21726703591110372,0.12400829180490197,0.2423242965615847,0.1100163337451473,0.24323676527066357,0.07889569076009754,0.1395415446262904,0.07847508525474627,0.041533521194538146,0.03966416339297695,-0.006174433293077361,0.14988871768532785
#51,0.42063141724158676,0.4070929172624088,0.2940509076102296,0.4861352878302031,0.15118708847522408,0.11915999204134797,0.5120851205596968,0.2895366861468556,0.46311396141904615,1.0,0.33763008000296135,0.29136116085268626,0.38567859076333655,0.44009448585719774,0.004784908174738684,-0.2821439312964737,0.5494162883993392,0.2518584840618739,0.02748048510760375,-0.15366722654858248,-0.15443440358694596,-0.26310609530948514,0.07848665306292425,-0.014506494167511116,0.10802481988922667,0.04078716621089502,0.23989922125515345,0.11868756275535937,0.12750639699792243,0.05212917077323857,0.13630718545972784,0.12775487351758538,0.39530069360577835,0.2732718851362919,-0.022253686660466322,-0.06334624300725995,0.15723149960438096,0.13278687007500567,0.25661100237371426,0.09176695956356973,0.26183733810852455,-0.044952965291948345,0.010124145717366057,0.030818954547768108,-0.07303081201386286,-0.11780979747081442,0.26055840123636737,0.19765543663848748,0.04848207221088577,-0.022235178167381558,0.1730409916850595,-0.10080049232591605,0.11512560326119649,-0.14231504231504233,-0.00376601563042241,-0.04724385402351504,-0.2687331399195806,-0.33800857868654477,0.01920718869871412,0.006238287594219798,-0.16936566767075242,0.02944053452528029,0.08414377397428245,0.08510852917632579,0.26949939153328983,-0.12404901048968846,0.3361350564740395,0.22848364543279798,0.03147045350435181,-0.10237417695044813,0.08966346932448627,0.21936497360226173,-0.18396053989274327,0.030073062276452105,-0.3416168094134196,-0.043631921598023295,-0.24031010980163522,-0.20201326133529524,0.22330450635535382,0.05503037706427537,-0.1545181545181545,0.12319067912288251,-0.022670127754873516,0.06028401282638571,0.07660295117922236,-0.1277914277914278,-0.3260701379345447,0.21123326716547056,0.10217243437582421,-0.0868039071428902,0.1690672182197606,-0.15619918840257824,-0.1449784144699399,-0.16643022066750882,-0.2745304626660559,0.20353234590522726,-0.04341398409195019,0.38854601905449365,0.1485695248407113,0.3256897884016528,0.09025666652785297,0.43053947630218814,0.32887926447248483,0.42493926900706563,0.17747562662816901,0.2418884215494385,0.08577946205064849,0.019242354835575175,0.045344882633018224,-0.1150825710147744,-0.012409481901007324
#52,0.3020072460750427,0.113445494801427,0.003970997191336175,0.11599133802523633,0.25151561422747865,-0.03659360439021456,0.15674657708556014,0.3643716135241559,0.26564592327304193,0.33763008000296135,1.0,0.10673061351027453,0.14445925123891226,0.21933906171194306,0.1873267720725348,-0.10288825034587747,0.191717449344568,0.02833095036484867,-0.0489355302914625,-0.015752115752115752,0.16575836236853186,-0.028783020308444037,0.05217266573198777,0.04639107520463453,0.17978826283911029,0.20540309184376981,0.2002762392592901,0.06361878056793312,-0.004584091024768991,0.07263334212486755,0.03989181785791955,-0.10464748261358431,0.22322260627345372,0.130395110056127,-0.1364251771031432,-0.062969595172985,-0.00886279191363937,0.0077027721095517705,0.16176237871153126,-0.06100769490599999,0.07823817654326129,0.028801991513855922,0.13256291730868003,0.07832979358403087,0.00993073196463027,-0.012471022640514166,0.008299671011535418,-0.05213426060883688,-0.035011590943794337,0.03770920381089873,0.1863249998843219,0.03617947685744296,0.15724815724815724,-0.017845889032329712,-0.04424594085611035,-0.11179268636895756,-0.23657231962316708,-0.17180508705932435,-0.018418264180976047,0.02405687659924948,-0.25418315079332027,-0.025338589745369407,-0.2396775820504634,0.13323755188161968,0.1559442339103356,0.20880957999602068,0.07689122095901757,0.004719665736614889,-0.06257073714700834,-0.046647417833858514,-0.11189170680696105,0.047269303201506595,-0.14988455327438377,0.13713358967596256,-0.34129244807210907,0.10584451940384144,-0.21974578584748075,-0.06710624337742982,0.24357778425575036,0.009102939611414188,-0.07687410060291416,0.0676749168274592,-0.03851108427379614,-0.002119685170532628,0.006868039071428902,-0.08618063363826076,-0.19356459695442746,0.06306676476168002,0.08742440437355692,0.18084694864355882,0.06452014418116113,-0.16517395669938043,-0.15761231184959998,-0.21019864240203223,-0.20896643947491406,0.05482863448965144,0.16380201464947228,0.17794666777717624,0.0951035781544256,0.21332380145939467,-0.008886852954649565,0.18401837893363318,0.10234548878616676,0.14746919492682203,0.032151103337544014,0.0979219589389081,0.05134579880342592,-0.08462730835612192,0.06745605389673186,-0.2557193557193557,-0.08196347348889722
#53,0.016087119476949987,-0.150977017078712,-0.16142367328808008,0.10986456410185223,0.2742579251053827,0.2357301831878103,0.2218414099770032,0.13284887352683963,0.18489059167025268,0.29136116085268626,0.10673061351027453,1.0,0.4789257670613603,0.2819602345026074,-0.02052360526936798,-0.4440233762267661,0.10110819602345027,-0.17730349764248068,0.0555032690625911,-0.14727115405081506,-0.1274578122035749,-0.43191234377675053,-0.1287307338154796,-0.1715566105396614,-0.10635720466228941,0.060022117649236296,-0.02520856758144894,-0.335173540258286,0.29016181050079354,0.21257513291411598,0.05945760861015098,0.1635993466501941,0.21056279700347497,0.04166955861871116,0.22960618553838893,-0.05304487846860728,0.15595487629385935,0.038711438711438714,0.04203556406946238,-0.10283874012687572,0.21201016116270355,0.03437212250771573,0.1859344706802334,0.021495763868645226,0.08567442635239246,0.1001596357528561,0.07762415728517423,-0.046924119805475735,0.019151663219459828,-0.157923254533424,0.09476024560770323,-0.04317291096952114,-0.2416265263722891,-0.27053910613232646,-0.24713928103758612,-0.3823590925285841,-0.00977063349944706,-0.3287737660619017,0.34635775991708195,-0.02127505008860941,0.22069434611807492,0.27768338446304547,0.1859876825978521,0.17639889504296283,-0.09098451301841132,-0.06296866974833076,0.3392916799696461,0.11479245038567072,-0.05547041648736564,-0.09310975073686938,-0.25391570306824546,-0.1452764012086046,-0.1864291101579237,-0.1792487402656894,-0.17182775996335317,-0.18033472609743798,-0.2526705441959679,-0.1111254551932518,0.2644169593322136,0.024018008763771477,-0.018108246921806244,0.16865447882397036,-0.12031677285914574,0.24287261066922083,0.34407658814438474,0.3336900845375422,0.2862097845148693,0.06878079928927387,0.16244580481868617,0.22325221986238936,0.2816039460107257,0.37676582591836827,0.29238282967096524,0.3267378318225776,0.25616402226571716,-0.10859673232554588,-0.11004733547106428,-0.014912292878394573,-0.2864888000481221,0.11338164050028457,-0.23824271112406706,0.08958850992749298,0.09463161158076412,0.07611016255084052,-0.11034347136042051,0.03015542507067931,-0.08306472882744069,0.15625749015579524,-0.09170819509802561,0.3488730641273014,0.2950887713599578
#54,0.15103578154425612,0.08458890323297102,-0.09151339320830847,0.2592942711586779,0.023494218409472648,0.09629182341046748,0.18542548712040238,0.14311460921630415,0.23675000115678083,0.38567859076333655,0.14445925123891226,0.4789257670613603,1.0,0.3242340954205361,0.00612816206036545,-0.33129184654608385,0.022717787124566787,-0.1175553056908989,0.17751310632666564,-0.021797915018254,-0.23685272329340126,-0.3457317101384898,-0.179880342592207,-0.24046141673260318,-0.008929885201071642,-0.043683745378660634,-0.13814369068606358,-0.23341662155221476,0.39336054081816796,0.3696585645738188,-0.029167071539952894,0.12563796462101548,0.3191169597949259,0.0656551775195843,0.11322663187069967,-0.01658731150256574,0.4439521185283897,0.21325300647334547,0.330806924027263,-0.06880115863166711,0.31832340815391663,0.21030784251123233,0.369465150821083,0.35229343364936583,0.355141428022784,-0.003493015357422137,0.06488059708398691,-0.018754193330464516,-0.15551344873378772,-0.22168131151182,-0.1798511917155985,-0.34072470004673394,-0.2801903598513768,-0.39304080660012863,-0.14122165308605986,-0.3959026823433603,-0.23467103467103467,-0.2944571690334402,0.10731085476848189,-0.19388618202177524,0.1622644215864555,0.12881911186995934,0.24182734352225876,-0.13929862065455287,-0.1140872767991412,-0.148024449719365,0.3179671196620349,0.2551400398858026,-0.013291874308823462,-0.18896801269682625,-0.135558054202122,-0.08804119990560669,-0.12909581384157656,-0.19626452338316744,-0.16424945746979644,-0.17019669901025833,-0.11160621330112855,-0.16297005788531213,0.258257332833604,0.17424682000953187,-0.00371419184978507,0.07168663270358186,0.18068823831535696,0.21318452504893182,0.2067588389622288,0.2223911122216207,0.08984994239231528,0.09620483349296909,0.17147517317008842,0.2812249846148151,0.3355895186403661,0.11649754531110464,0.0348292822869094,0.0352771878195607,-0.0011586316671062433,-0.01939042278025329,-0.10862079336655608,0.07670613602816993,-0.04093939856651721,0.014067380169075085,-0.21491877085097424,0.19130563537343198,0.10447674176487735,0.12775672436689386,-0.061177973042379825,0.1210108413498244,-0.11390728170389187,0.04741274402291351,-0.08792922352244387,0.15435204079271875,0.07320109015024269
#58,0.21300776893997234,0.09717791751690057,0.15108714261256634,0.09681376291545783,0.052870435921283376,-0.1041047210538736,0.41653641314658263,0.15948490863745102,0.21942003636918891,0.44009448585719774,0.21933906171194306,0.2819602345026074,0.3242340954205361,1.0,0.15106123072224767,-0.14832613815664664,0.2988973565244752,0.1247379891447688,-0.005269830693559507,0.07179583281278197,-0.010779346372566712,-0.12437290911867183,0.07063951470731132,0.0011590943794333624,0.142997542997543,0.13474229236941102,-0.04646649731395494,-0.10224878190979886,0.18411508581000108,0.04748168815965426,0.15417852367004908,0.12999486389316897,0.3897513846666389,0.30550673940504447,0.04214846587727944,-0.11899387831591221,0.320535173077546,0.2626461592563287,0.2397673482419245,0.021805781127815026,0.020396822091737345,-0.056810431386702574,0.05376254528796902,0.20044698010799705,0.0859807419129453,0.07720355177982297,0.011454906370160608,-0.06439151015422202,-0.03874382857433705,-0.006433089483936941,0.0640449386212098,-0.08494102731390867,-0.12473660100778745,-0.08555273301036014,0.08651563736309499,-0.1117912982319762,-0.1209599429938413,-0.12222684934549341,-0.05958254093847314,-0.10594030085555509,-0.030643586575789965,0.07711794999930593,0.21386101047117997,0.1002419985470833,-0.0428328174090886,-0.06143986821952924,0.6034425797137661,0.4734768666972057,0.21542081372589847,-0.010657190318207267,0.13652049584252973,0.06777671353942541,-0.03294049056760921,-0.12754295127176482,-0.15191169597949258,-0.06459093916721036,-0.026842404808506505,-0.20968179273264018,0.3309230648213699,0.06130799520630029,-0.2642286354150761,0.0766931800830106,-0.007153532577261391,-0.023455350573994643,0.037891512467783654,-0.056882614509733156,-0.14934826968725273,0.07884525511644155,-0.02308194172600952,-0.05662025662025662,0.08622644215864556,-0.10950318577437221,-0.09131905403091843,-0.14602553246621044,-0.2360712021728971,0.2649240920427361,0.004241221190373733,0.28279959466400145,0.06876090265920774,0.27012682944886335,-0.10941295687058399,0.26726587913028593,0.16495092935770903,0.46387882489577403,0.1481512328969956,0.15951174595242393,0.06050148762013169,0.03703688279959466,-0.10754915161694822,-0.039387924133686844,-0.05862703998297219
#101,-0.17065987404970456,-0.09161704076958314,-0.0907054974851585,-0.1296806822230551,-0.04703100635304025,-0.05855624499692296,-0.06693318896708728,-0.005992124636192433,0.19856420364894942,0.004784908174738684,0.1873267720725348,-0.02052360526936798,0.00612816206036545,0.15106123072224767,1.0,0.12738794264217992,-0.03201414048871676,0.046621505943539844,0.38434968095985045,0.07355830406677864,0.2740770045854792,-0.2139123715394902,0.031815636900382666,-0.0688205925494061,0.29367379706362756,0.12756284790183095,-0.04650305158779735,-0.3191507377948056,0.15526728577576035,0.05746794560353882,-0.09903061767468548,0.1923763516983856,0.3084958610382339,0.2646182391945104,0.062296348737026705,-0.06111134246727467,0.36935595071188293,0.22394952733935786,0.2292906157312937,0.05076787110685416,0.03049042879551354,0.16663196324213272,0.05723057417972672,-0.026420411166173878,-0.1364538652674246,-0.3411082885659157,-0.05490081761268202,-0.149415362974685,-0.2760851760851761,-0.2693221727120032,0.06565101310864023,-0.09629089798581324,-0.10477241494190646,-0.07026703128398043,0.19216905657583624,0.1424353475200933,-0.38674467996501893,-0.06683370581675667,-0.2523688557586863,-0.2821592008032686,-0.12972787888042125,0.018846735795888338,0.22383801366852216,0.18748178070211968,-0.1237931305727916,-0.08874683620446332,0.27365501094314654,-0.0005719124363192159,0.6015102930357168,0.40687451704400857,0.3983360864716797,0.2320122896394083,0.31592655829943966,0.06367338062253317,-0.041696858646011185,-0.06761522693726084,0.053817145342569074,-0.04844829421100608,0.3418444638783622,0.09603594349357061,-0.07419684707820301,-0.15058417431298787,-0.06552746891729942,-0.15717597412512666,0.02644539763183831,-0.16790395942938316,-0.1362724820351939,-0.024012918928173164,-0.10778189591748914,-0.10157137106289649,-0.09785023852820462,-0.26362664667749414,-0.2795587575248592,-0.32745364779263086,-0.28080761809575366,0.06172628715001596,0.17558174507327048,0.03266980385624453,0.019614838258906055,0.016148660216456827,0.011938440752000075,-0.1288353068014085,0.16817788512703766,0.0687451704400857,0.050598518395128564,0.10397932601322432,0.23762128846874608,0.04372122507715728,-0.15317258707089215,-0.21444449071567714,-0.11375551206059681
#102,-0.08154934595612562,0.0228126431516262,-0.04204666916531323,-0.17539157030682453,-0.1522170861153912,-0.22844616573430132,-0.16674625318693115,-0.2681149562505495,-0.2498678956306075,-0.2821439312964737,-0.10288825034587747,-0.4440233762267661,-0.33129184654608385,-0.14832613815664664,0.12738794264217992,1.0,-0.15487536843469046,0.11453934674273657,-0.06349569908891943,0.5750898818695429,0.13916906120295952,0.5433529060647705,0.04767926632333412,0.3646941240161579,0.07040260599582633,0.36051351814063676,-0.1455355201117913,0.1023006056904362,-0.1423751949175678,-0.00833992698399478,-0.1155545375884359,-0.13637289061017874,-0.14082418319706455,0.09098497573073844,-0.18680113086892747,0.030121647070799614,-0.1551863111185145,0.11053133256523087,-0.05399205060222009,0.2061587010739553,-0.3188180476316069,0.11674833539240319,-0.19692620201094777,0.16385707741639946,-0.1330052702934059,0.10461139105206901,-0.3196814688340112,-0.3313695822170398,-0.3488938861820218,-0.10979608267743861,-0.17366704146365164,-0.02997265370146726,-0.07720031279353314,0.07967998815456442,-0.03884053545070494,0.220974287075982,0.05231055400546926,0.547247555722132,-0.073971506174896,-0.013714793375810325,-0.26018082797743813,-0.10531054937834598,-0.001680571172096596,0.13704428619682857,-0.009685957143584263,0.26953548309480513,-0.12425491747525645,-0.03927872402448673,0.18227210261108567,0.4235825964639524,0.09141529819495921,-0.08772979450945553,0.08940666398293518,0.09194695465881907,-0.014638829893067182,0.2649884090562057,0.15199452148604692,0.02886862208896107,-0.03608508354271066,0.3231434824655164,-0.026410694207304377,0.0611386424945747,-0.015705844519403843,-0.10330237787864907,-0.1277192446683972,-0.3532655922486431,-0.237923902330682,-0.04685980279200618,-0.08543196509298204,-0.24278006820379702,-0.22231939181091723,-0.23927455961354266,-0.22694697779443543,-0.29100996219640285,-0.12975517890772129,-0.13993299925503316,0.38963848285882186,-0.2498364311923634,0.0652433635484483,-0.23673102995136894,-0.18709495319664812,-0.20607402471809252,-0.25226150649879464,-0.1567285313048025,-0.1997774353706557,-0.20082918049019743,-0.07294289667171024,-0.03432029872707839,-0.018583915194084685,-0.29131488961997437,-0.155805882924527
#201,0.4424746780678984,0.37824696807747654,0.6314686026550433,0.45496698547546005,0.16590041505295744,0.15088308647630683,0.3347321126982144,0.08557031607879066,0.27433334721470315,0.5494162883993392,0.191717449344568,0.10110819602345027,0.022717787124566787,0.2988973565244752,-0.03201414048871676,-0.15487536843469046,1.0,0.5582050463406396,-0.18082890286280118,-0.25692703489313656,0.014942831891984434,0.055922949143288124,0.34599915786356467,0.05572305741797267,0.14739423552982875,0.09269932490271474,0.3187925984536154,0.2770031973421804,-0.008118750491631847,0.03209835413225244,0.26658846828338356,0.19599291124714854,0.41744656829402593,0.346738572162301,-0.07139743749913241,-0.13544607781895918,-0.051111203653576534,-0.049963214369994034,0.2027628553052282,0.2259049496337632,-0.01384203926576808,-0.08249790622671979,-0.14349218247523332,0.030298865892086232,-0.09806817603427773,-0.10511574748862884,0.08520616147734791,0.20135250813216915,0.06086194052295747,0.21716662733611886,0.38617323024102684,0.1614676309591564,0.4939504990352448,0.1817668207498716,0.18395406192016361,0.10740848706950402,-0.1613135477542257,-0.19766885529597394,-0.11918868020562935,0.16855823465992958,-0.2029474775237487,0.1418541808372317,-0.05522286539235692,0.1850095087383223,0.4473345456396304,0.024969808020655477,0.22899124085564765,0.2945200979099284,0.013616235650133954,-0.05873531466751806,0.2452426232087249,0.32400042569534093,-0.3646385985369036,0.1182475233322691,-0.516549369091742,0.17129147637622213,-0.3531226141395633,-0.13223763054271528,0.1797854865651476,0.08470273046544233,-0.3049658286946422,0.023749635614042395,0.08175802921565634,0.025061887773752182,0.028597009952942155,-0.1681491969627563,-0.26278312210515603,0.15659758371622778,-0.018123979140928292,-0.16355446355446354,0.09438313506110116,-0.18543196509298204,-0.16094939315278298,-0.22254565813887847,-0.27346853787531755,0.6363326346377194,0.199079202469033,0.5668489753235516,0.2196180772451959,0.3806021738225128,0.21615745175067208,0.5389164202723524,0.3739270857914926,0.41344873378771685,0.3388275795055456,0.24045447604769637,0.22857757603520315,-0.018226701277548735,0.10646871833312511,-0.15916378628243036,-0.041221653086059865
