,#10,#11,#12,#13,#17,#18,#26,#49,#50,#51,#52,#53,#54,#58,#101,#102,#201,#202,#301,#302,#401,#402,#501,#502,#601,#602,#701,#702,#801,#802,#901,#902,#1001,#1002,#1101,#1102,#1201,#1202,#1301,#1302,#1401,#1402,#1501,#1502,#1601,#1602,#1701,#1702,#1801,#1802,#1901,#1902,#2001,#2002,#2101,#2102,#2201,#2202,#2301,#2302,#2401,#2402,#2501,#2502,#2601,#2602,#2701,#2702,#2801,#2802,#2901,#2902,#3001,#3002,#3101,#3102,#3201,#3202,#3301,#3302,#3401,#3402,#3455,#3501,#3502,#3601,#3602,#3701,#3702,#3801,#3802,#3901,#3902,#4001,#4002,#4101,#4102,#4201,#4202,#4301,#4302,#4401,#4402,#4501,#4502,#4601,#4602,#4701,#4702,#4801,#4802
#10,1.0,0.06030761115506878,0.4786620210349024,0.2988020377850886,0.28496693920422733,0.020147420147420148,0.02949559729220746,0.5066991490720304,-0.0965537185876169,0.4470661724899013,0.36800806970298494,-0.006762540660845745,-0.22287927372673136,-0.07870135158270751,-0.1376069443866054,-0.14046049130794894,0.34649148377961936,0.4498734481785329,-0.1474849271459441,-0.005838041431261771,-0.1260622718249837,-0.027695646339714136,-0.07272727272727272,0.10582092107515836,0.13911214758672386,0.07933711832016917,0.16233197758621487,0.3110847365084653,-0.004728919983157272,0.030461740631232158,0.13721641518251687,0.2954649564819056,-0.10864670525687475,0.00482794042116076,0.20244034481322618,-0.03769069531781396,-0.2561330205398002,-0.2162111263806179,-0.24562667444023376,0.011531716616462379,0.05931833219968813,0.19310975073686937,-0.20433607721743316,-0.23397696618035602,-0.27425838781770984,-0.14870602497721142,0.17822799687206467,0.3508058135176779,0.18917623324402985,0.049241383139688226,0.09874049704558178,0.12952613630579732,0.024516349940078754,0.27363557702540753,-0.09595080442538069,0.028433209789141992,-0.20210996821166313,-0.18656884928071368,-0.02289639408283476,0.14035406747271154,-0.002938223277206328,0.01948203982102287,-0.14089173919682393,-0.2980792811301286,0.18738646196273315,0.264391510154222,-0.2906393296223805,-0.1307532493973172,0.17565392819630107,-0.06459371544117307,0.37815396289972564,0.36179106687581264,0.06718582989769431,0.278703202432016,0.0503208909988571,0.08638052536357621,-0.1489674574420337,-0.0849174289852256,-0.1478120647612173,0.11820911820911821,0.12100945321284304,0.06719091973329261,-0.08692791404655811,0.18919705529875022,0.2392269002438494,0.05620612908748502,0.05369221301424691,-0.04813041084227525,0.23405840354992896,0.16596149308013713,-0.04533192668785889,-0.1374593391542544,0.1693744592049677,-0.13174345377735208,-0.13450121924698197,0.39958494704257413,0.2543307560256713,0.28217493302239066,0.31495717597412515,0.27030913810574825,0.38328081548420534,0.16645890883179018,0.35560367763757594,0.22268400912468708,0.25550280635026396,0.23628636340500747,0.2954774497147378,0.05019642138286206,0.09136578797595747,-0.3112781502612011,-0.22656662826154353
#11,0.06030761115506878,1.0,0.3805309161241365,0.22959184145624822,0.12475788577483493,0.2709273217747794,0.46030437216877895,0.17530504310165326,0.5288774136231763,0.2941587195824484,0.15690343656445352,-0.023289699560886,-0.0021826140470208267,0.2421938116853371,0.19428781632171463,0.1611872272889222,0.27781895917489136,0.21573545810833947,0.0894316504485996,0.08560409407867035,0.04078438993693231,-0.048390917882443304,-0.05784829513643073,0.16214781808002146,-0.06883077222060273,0.17953515919617616,-0.03182304029761657,-0.07062146892655367,0.04997570760282625,0.30904324972121583,0.12367282536774062,0.1959410874665112,0.0745138050222796,0.20727661405627507,-0.06594020831308967,0.329412309073326,0.07260326582360481,0.10159496939157957,-0.2073358412341463,0.06928469301350658,-0.08290185408829477,0.05429929158742718,-0.041274402291351445,0.012398376805156467,-0.2466862856693365,-0.2204440187491035,0.1228852889869839,-0.04007412651480448,-0.1855467177501076,-0.22562362053887478,-0.27206374325018395,-0.20325564393361004,-0.24044198281486417,0.1863194473363965,-0.13626091422701592,0.2318577437221505,-0.41839466585229296,-0.2453467334823267,-0.23840975027415706,-0.3298264366060976,-0.19376957851534124,-0.1323736679668883,0.014614306139729869,0.2083380761346863,0.15732866919307598,0.11131701809667911,0.203259345632227,0.15705381807076724,0.30314968281069976,0.32176552515535567,0.3852640005182378,0.47470166622709,0.06594668628566934,-0.03254209525395966,-0.08601405720049787,0.012141108751278242,-0.10287992152398932,-0.09614051647949953,0.09135838457872356,0.03974837703651263,-0.1902599055141428,0.057768245903839124,0.2871842566757821,-0.2176353549234905,-0.02514008615703531,-0.20094485857197722,-0.12745087151866813,-0.004523012997589269,-0.10152139813156762,-0.14245107973921534,0.030782400273925696,-0.1787642804591957,-0.14604219010998673,-0.22692245404109812,-0.27697589731488037,0.1937612496934531,0.36679021085800745,0.005379493515086735,-0.07438285743370489,-0.09183729183729183,-0.10804564194394703,0.2032986761800321,0.05140039885802598,0.06546916716408242,-0.053794935150867355,0.015092287973643906,-0.02898939000633916,-0.11926872943822096,-0.008401467723501622,-0.15183488573319082,-0.12977877723640435
#12,0.4786620210349024,0.3805309161241365,1.0,0.49885108529176325,0.1679631866072544,0.182285058556245,0.3293544700324361,0.30873554602368164,0.2348214161773484,0.3978132215420351,0.34970918530240563,-0.07703049736948042,-0.04940749686512398,0.11256032611964815,-0.07634568312534414,-0.08970927784487107,0.4440992610484136,0.5552339704882078,-0.07610599813989645,-0.08966208118750492,-0.09582587209705853,-0.20762133473997882,0.13986312969363818,0.010518839332398654,0.1755748043883637,0.0501779128897773,0.06327359717190226,0.1556170962950624,0.07175927853893956,0.08424464526159442,0.10417644146457705,0.20468264875044537,0.10812985558748271,0.3517932416237501,0.0931634253668152,0.06538171453425691,-0.12622884826274658,-0.059283628775154196,-0.2698936224359953,-0.002178449636076755,0.03322644678576882,0.11769180582739905,-0.14005885700800955,-0.15880703507822153,-0.3275924614907666,-0.26159071243817006,0.11438480082547879,0.221160760143811,-0.013089669021872412,-0.07683014293183785,0.017303127472618998,-0.029765358578917902,0.012999440118084186,0.22993887570158755,-0.16622061198332386,0.060451977401129946,-0.35821013617623787,-0.34844921963566033,-0.15525479254292815,-0.08934466053110121,-0.005020428749242308,0.08260294192497582,-0.14178107228954687,-0.11919284461657342,0.2081585437517641,0.1724482571940199,0.013869339293068106,-0.03513976225840633,0.24009818755581466,0.05110703924263246,0.49422026032195526,0.48523346150464797,-0.055964130540401724,0.058782048612557085,-0.2020729512254936,-0.06895246556263505,-0.20250188555273302,-0.030172082714455595,-0.0026860450589264147,0.13337544015510117,-0.20764123137004492,-0.002618951771494144,0.06646492409204273,-0.04804619719873957,0.1281602095161417,-0.03438045132960387,-0.046579399121772,0.15533993161111806,0.043496346886177394,-0.020395896667083108,-0.10936899919950767,-0.26773414400533047,0.004095004095004095,-0.09773363502177061,-0.12169658101861491,0.4778684693938931,0.28683583429346143,0.3471346539143149,0.21446161107178055,0.2244543464882448,0.2690695317813962,0.3158548378887362,0.3007338617508109,0.37690787860279384,0.26641356302373254,0.3594215170486357,0.3723409079341283,0.0797859492774747,0.14227247278094735,-0.19992781687696942,-0.08306472882744069
#13,0.2988020377850886,0.22959184145624822,0.49885108529176325,1.0,0.024117029201774963,0.2123076851890411,0.31273523137929915,0.10461694359999445,0.0683652836195209,0.3990486634554431,0.29884368189452937,0.1686484635637178,0.16566905888939787,0.2820264023653854,0.0008615703530957768,-0.0030025402906758837,0.24693337405201812,0.11227159362752583,0.018360887852413275,-0.0456808117825067,-0.05742259979548115,-0.023037984054933208,-0.0345747905069939,0.08175432751703939,0.01419925318230403,0.1526797984425103,0.09226252446591429,0.20479832683222512,-0.007381649754531111,0.11206568664195783,0.16466589856420366,0.1294553413197481,-0.044484700416903805,0.3931268710929728,0.0618530703276466,-0.014534256907138263,-0.08144107127157975,-0.06279607805031534,-0.1088947190642106,0.10748020748020748,-0.09142732871546431,-0.07488721387026472,-0.050337085930306266,-0.041233683606564965,-0.2064733454563963,-0.14211792686368957,0.22380747465493228,0.1780373593932916,0.04918955935905089,-0.16994590892895978,-0.01916138017832933,-0.12070730206323427,-0.044694309101088764,0.2204440187491035,-0.11927150571218367,0.19670965264185603,-0.2552918095290977,-0.20276887056548074,-0.1739159806956417,-0.08271676915744712,-0.14764780188509002,-0.08923129601095703,-0.09632051157474886,-0.14439771049940542,0.17058028752944007,0.1599402175673362,0.21724436300707486,0.07175094971705141,0.21982722321705372,0.13108686498517008,0.3311701532040515,0.32634961618012465,0.040829735744989985,-0.014154832798900596,-0.1183081386471217,-0.06381265703299602,-0.2159857854773109,-0.08742255352424844,-0.13085689695859187,0.041666319632421324,0.021343994225350157,0.12118435847249406,0.2115053420138166,0.039957523008370466,-0.06311766311766312,-0.08350939537380216,-0.04445601225262242,0.011500714890545398,-0.07996177996177996,0.1020243664311461,-0.06966504254639848,-0.010920936344665158,-0.06473114100232745,-0.08514785972413091,-0.008600896736489956,-0.00901409884460732,0.11448011956486533,0.21140539615115886,0.07350277858752435,0.12027651688668638,0.13262445804818687,0.22558937982666796,0.19403054826783642,0.5135898610474882,0.261667985396799,0.4007940143533364,0.2359939292142682,-0.07973875262010856,0.17658999523406302,-0.1483400195264602,-0.04449164110181059
#17,0.28496693920422733,0.12475788577483493,0.1679631866072544,0.024117029201774963,1.0,0.10565897176066667,0.006042560279848415,0.45076740839452706,-0.032436596843376506,0.12429609887237006,0.01278011447502973,0.25154476510408713,-0.2582878718471939,-0.2608901659749117,-0.009343087309189004,-0.07748256731307579,0.39107936904547075,0.1759500640856573,-0.3947838439363863,-0.2193668244515702,-0.1513689344197819,-0.3082270251761777,0.10573115488369726,0.17949629136069814,0.08917854680566545,0.1967115034911645,-0.2643531050310711,-0.09310049649032699,0.037988682056478665,0.1313996585183026,0.47935562681325394,0.2187204153305848,0.058587709435167064,-0.09040427176020396,0.3744693846388762,0.21443708731844324,-0.0717750107580616,-0.1783159122142173,-0.21324467765145733,0.039796499118533016,-0.16405095388146235,0.17460403392606783,-0.06598277784718462,-0.25741010656264895,-0.2612307222476714,-0.2921912667675379,-0.23728767288089322,-0.054104489697710034,-0.11248027688705654,-0.17862870574734982,-0.1810375861223319,-0.030370586302789694,-0.16775589148470504,-0.0300341944409741,-0.08541947186014982,-0.09921153819458904,-0.14359490461185376,-0.14660716186139916,0.15399019975291162,0.1423844491641102,0.13696331153958272,0.12054072562547138,-0.04133362946922269,0.040930144319974826,-0.24754878144708653,-0.12864790830892525,-0.2571408079882656,-0.16781696951188477,-0.04629668188990223,-0.006051814526390797,0.06924351161639297,0.11820865549679109,0.16350310248615332,0.09726305658509048,0.0032139998241693156,0.05785986294460871,-0.026457428152343407,0.08498914939592905,0.016050102490780458,-0.02064807488536302,0.08856128856128856,0.12780577187356848,-0.02763132932624458,0.29891308874359723,0.5081469759435862,0.2787402194181855,0.3762739627146407,0.1881314288093949,0.3114035453018504,0.21691167284387625,0.3913731913731914,-0.10407464475261086,0.3950165882369272,-0.015165859233655843,0.06844625827676676,0.11040732566156294,0.32579297325060036,0.2652632601785144,0.06307694443287663,-0.16423788966161848,0.0819172022561853,0.29795064710318947,0.24163763146813994,0.10194801889717144,0.004085287136134594,-0.01270654321501779,0.16621783570936113,0.08521495301156318,0.023707528792274554,-0.17293965768542038,-0.18734250429165683
#18,0.020147420147420148,0.2709273217747794,0.182285058556245,0.2123076851890411,0.10565897176066667,1.0,0.23594719526922917,0.06848836509853459,0.14328072294173988,0.21968239425866545,0.2215198249096554,0.07845056150140896,0.3106322038525428,0.17383361790141452,0.10099390607865184,-0.015576747780137611,0.3916133390709662,-0.015612376629325781,-0.16173785495819396,-0.2167247370637201,-0.11906189702799873,-0.12120980765048561,-0.149073418564944,0.016449423229084246,-0.17348103110814975,0.03619567178889213,-0.15747581171309985,-0.03445355987728869,0.15970886140377666,0.3019688409518918,0.08846967152051897,-0.02931513948463101,0.25777750015038153,0.1549077582975888,-0.056410647936071666,0.03838106210987567,0.24317244825719403,0.15742445064478963,-0.0025736059634364717,-0.05718430294701481,-0.008237667559701458,0.05124030039284277,0.12736897143676804,0.2968142256277849,0.06294645955662904,0.10589264148586182,-0.0215290791561978,0.04521856216771471,-0.09270996728623847,-0.1972607430234549,-0.08667295955431549,-0.041521953386360166,-0.09970108783668105,-0.0951225493598375,-0.21080201927659556,-0.09394633462430073,-0.28185103439340725,-0.15327669734449395,0.05443209002531037,-0.12796401948944322,-0.18768120971510802,-0.18318966115576285,0.10560437170606662,0.14373325559766237,0.007097544385679979,0.004684499599753837,0.20566776329488193,0.2990227515651244,0.015288478000342408,0.17440738118704222,0.05064941675111167,0.15264740857961198,-0.031400583942956826,-0.1448113753198499,-0.08985503222791358,-0.0845833506850456,-0.149827176945821,-0.24753443736494585,0.22506327591073355,0.2985803985803986,-0.02226386633166294,0.37113461689732874,0.1449733246343416,-0.06604200502505587,-0.16484496823479874,-0.05055456072405225,0.02789137365408552,0.2600656126079855,0.037289061017874575,-0.01750995988284124,0.2195144296839212,0.08788526585136755,-0.12116214828079235,-0.2595048052675171,-0.2237112304908915,0.028940805211991653,0.20988955056751668,0.08486190350597131,-0.06258600665380326,0.05936460343240004,-0.09147452537283046,0.27909002993748755,-0.13996400098095013,0.1310507734236548,-0.06388807914231644,0.08567118736610262,-0.04173017393356376,-0.16333652604839047,-0.1303803032616592,-0.07446892192654904,-0.11686540161116432
#26,0.02949559729220746,0.46030437216877895,0.3293544700324361,0.31273523137929915,0.006042560279848415,0.23594719526922917,1.0,0.07277909650791006,0.26710901965139255,0.43151209761379256,0.29429845870523835,-0.05984767510191239,0.05376670969891309,0.4766543122475326,0.3465775482724635,0.1627322237491729,0.34717120818815733,0.04098381894992065,0.03775547504361064,0.05619872569025111,0.12379775769606279,-0.06310794615879362,-0.15167848896662456,-0.17224651461939597,-0.21208326971038835,-0.12286030252131946,-0.03484779077999417,-0.0859589944335707,0.09632791497198277,0.12786268548980415,0.09165498318040691,-0.08693392930681067,0.207027674824285,0.17922560464933346,0.007371932795661609,0.15968896477371053,0.14280783094342417,0.20311775566012855,-0.10305667763294882,-0.038528667342226666,0.03788966161847518,-0.08744753998991286,0.1047344725310827,0.15412855073872023,-0.25259928649759156,-0.09592442982273491,-0.07712489068421272,-0.04816187528051935,-0.010615546208766547,-0.12381534076449331,-0.17129008823924077,-0.17680608189082767,-0.1443324680612816,-0.010343934072747632,-0.13117570575197693,0.07182220741542776,-0.21732163596570375,-0.15209909447197584,-0.0952460935511783,-0.2413290023459515,-0.14202353354895728,-0.159780119102153,0.08505716810801557,0.20289426560613003,0.053368314385263536,0.0456201964676541,0.30344026615213054,0.4131373283915657,0.20930329404905676,0.2687701569057501,0.1921926549045193,0.2474779864610373,0.06844579556443964,0.0005311937515327346,-0.01557258336919354,0.08955195565365057,-0.007020734139378208,-0.2229796823017162,0.094817621936266,0.146932911339691,-0.18326184427879344,-0.017844038183021233,0.25324338205694136,-0.1246408195560738,-0.09639362012243369,-0.15390968780799288,-0.07725953997140438,-0.020091894668165855,-0.23378956768787276,-0.16170824136925832,-0.05001457543830425,-0.07803319498234752,-0.2978132215420351,-0.2249628673357487,-0.24735027785875244,0.15796952576613593,0.02402078503773419,0.010932504152843137,-0.17163342078596316,0.033798821934415156,-0.022672441316509112,0.17799108816057968,0.052841747757002,0.12630519579672123,-0.2015736846245321,0.044485163129230926,-0.09501427467529162,-0.10923527533697025,-0.017634429498836278,-0.10601017041695007,-0.061529634410990346
#49,0.5066991490720304,0.17530504310165326,0.30873554602368164,0.10461694359999445,0.45076740839452706,0.06848836509853459,0.07277909650791006,1.0,0.26372844338946033,0.41790557892252805,0.37806003229732044,0.02583924448331228,-0.17123317462300514,0.017734375361494005,0.06741857419823521,-0.04640125487583115,0.3694429406293813,0.3243590277488583,-0.1633522582675125,-0.1722927858521079,-0.003285257522545658,-0.14630732427342596,0.08234752472040607,0.09233933471221607,0.2525243271005983,0.136078605570131,0.030139692851557258,-0.05897499965296576,0.13171893002401477,0.08530518191535141,0.2957467482891212,0.24123645988052766,-0.0010808959961502334,-0.023982842626910424,0.23885765580680834,0.14718601498262515,-0.06298347654279858,-0.03833155189087392,-0.2061101162796078,0.023589537148859183,-0.0022126903482835684,0.14128226840091246,-0.17237329779702662,-0.2403850691986285,-0.30823350314875736,-0.28662067306135103,-0.05806900891646655,-0.004547536750926582,-0.14498859414113652,-0.1701545921884905,-0.16149169200016658,-0.0889522804777042,-0.15194778754100788,0.011678396424159136,-0.03947213777722252,0.035396104887630314,-0.24175562311155532,-0.29194973093278176,-0.10349486620673061,0.045315731756409725,0.028784408445425395,0.05374357408255713,-0.009918701444125173,0.017781109306533035,-0.08524364117584457,-0.031852653886552194,-0.04829559914305677,-0.03581994937927142,0.18359869885293614,0.020080789572314996,0.27755197416214367,0.14666268734065344,0.33094805128703436,0.2119439932999255,0.07311687650670702,0.13524387253200812,0.0686410601664839,-0.05079239486019147,0.06020118731983139,0.035804217160149365,-0.059818986937631005,0.01252053285951591,-0.05857243992837213,0.0684379294548786,0.25882091644803507,0.163932962238047,0.08491696627289848,0.21437693471591776,0.13413799007019345,0.10363738160348329,0.1287603474044152,-0.19019558850067325,0.14017499780211645,-0.11029627470305436,-0.12475696035018069,0.4050708643928983,0.30155934054239136,0.3189901766172953,0.08821240346664075,0.06790442214171027,0.0817159223938885,0.1788054618563093,0.22197420841488638,0.23839077906874517,0.17012266503791929,0.17438517099534048,0.23435546486393943,0.11783200766251614,0.12837953515919617,-0.3635697330612585,-0.3278066972982227
#50,-0.0965537185876169,0.5288774136231763,0.2348214161773484,0.0683652836195209,-0.032436596843376506,0.14328072294173988,0.26710901965139255,0.26372844338946033,1.0,0.14263246297144602,0.3541132812319253,0.008408408408408409,0.08630787952821851,0.2688224433987146,0.06671293789937857,0.12270621931638881,0.03173836394175377,0.12023949990051686,-0.0068893238384763805,-0.12309906208211292,-0.008864180050620729,-0.19957014024810635,0.05481382769518363,0.009217692268539726,0.0597680885816479,0.041030552894959674,-0.13399732552274926,-0.3020197393078749,0.013676850964986558,0.10849169662728984,0.014622634961618013,0.06546777902710106,0.07818774089960531,0.2131183571861538,-0.06007856855314483,0.23305246695077203,-0.0490058625651846,0.053607073946056995,-0.1954570903723446,-0.019795758778809625,-0.10820203871051329,0.08548795328456345,-0.31852561344086766,-0.19777481641888423,-0.16602904907989655,-0.2558100473354711,-0.02858035230916587,-0.27233998250947405,-0.3159381261076176,-0.2209816904732159,-0.24827755336229912,-0.1720392194968466,-0.13469231943808216,-0.1025476940731178,-0.059059213296501434,0.1350620265874503,-0.18647399325365427,-0.15317258707089215,-0.1578839239856189,-0.14425612052730696,-0.09646765409477275,-0.08582249429707056,0.05409847443745749,0.18174090885955294,-0.10267864166169251,-0.1269705761231185,0.20182077300721368,0.12230458501644942,0.19468528621070993,0.2652095855485686,0.18546574309286173,0.0952123155512986,0.1370738997857642,-0.04583859668605431,-0.020469467927095045,-0.07378503310706701,-0.007669919534326314,0.01928538708199725,0.14679224679224678,-0.08703942771739381,-0.3947408116899642,-0.06044503671622316,0.12731899850543918,-0.2376263783043444,0.06525122965800932,-0.18099733014987252,-0.24201381659008778,-0.006524243812379406,-0.015382871315074705,-0.15927344910395758,-0.11615698903834497,-0.038673496300614944,0.05245630838851178,0.02696363543821171,-0.03510876053248935,0.24109209363446651,0.19524192914023422,-0.01488314200178607,0.026391260289565375,0.19361364446110207,-0.1191340801510293,0.03618734296700398,0.025069291170986087,0.15019364510889935,0.13670049093777908,0.2094809755826705,0.034268937658768164,0.05048931828592845,0.08948625050319965,-0.012247069874188518,0.0056015954321039065
#51,0.4470661724899013,0.2941587195824484,0.3978132215420351,0.3990486634554431,0.12429609887237006,0.21968239425866545,0.43151209761379256,0.41790557892252805,0.14263246297144602,1.0,0.4993286044133502,-0.11600660753203126,-0.11460227561922477,0.2742602386670183,0.26267022029733894,0.0839295381668263,0.571190142376583,0.30425695340949577,-0.006104563731682376,-0.04168343998852474,0.061595802273768374,-0.09560978544029392,-0.055598587801977635,0.06733898767797072,0.06705349417213824,0.1750176987465123,0.08478463054734241,-0.03646404493862121,0.1986414766075783,0.09634457261575906,0.06757497096480147,0.026744309795157253,0.23944437503759539,0.10551136652831568,-0.08681038511546986,-0.046890804517923164,0.07122947292438818,0.11545366630112393,-0.053272995645877,-0.015308374630408529,0.15042824025874874,0.08999430863837643,-0.03547198970927785,0.036388160116973677,-0.1551039483242873,-0.18551664144884483,0.05987312427990394,0.07606759301674555,-0.028042680585053468,-0.25131942420078013,-0.08287964389659305,-0.15915592017286934,-0.029086096882707052,0.18593215711859779,-0.1014408861866489,0.1024361804022821,-0.3462929801912853,-0.4451163027434214,-0.02205795934609494,-0.13486120943748062,-0.03122706682028716,-0.10685878482488652,-0.03970719563939903,0.10826450487467437,0.16261376939343042,0.09300425232628623,0.15043749450529112,0.2536741672334893,0.23244029854199347,0.09534418856452755,0.2450538365792603,0.19752125006362295,-0.06339991763720577,-0.046154166493149545,-0.1699634919973903,-0.11090798039950582,-0.12206721359263732,-0.15874734518802316,0.21135125880888592,0.22943729553899045,-0.09902969225003123,0.11585206161477347,0.054322427203783136,-0.2208757293503056,-0.043833664172647224,-0.1209696599527108,-0.03341291985359782,0.039957060296043345,0.09175354090608327,-0.1041533058482211,0.06226534701110972,-0.1693244862736388,-0.09884830901780055,-0.27212019415409244,-0.22617517363280076,0.38478740682130513,0.41425570408621254,0.2502070637663858,0.016977840706654267,0.1956264430840702,0.056001610238898374,0.09557508201575998,0.1377425190984513,0.2670164771859687,0.04541012507114202,0.21103152459084662,0.028679835459496476,-0.09337118320169167,-0.05641573777166998,-0.16932032186269474,-0.06707894335012979
#52,0.36800806970298494,0.15690343656445352,0.34970918530240563,0.29884368189452937,0.01278011447502973,0.2215198249096554,0.29429845870523835,0.37806003229732044,0.3541132812319253,0.4993286044133502,1.0,-0.04778800372020711,0.06246246246246246,0.3054128088026393,0.05849933138068731,0.002296903991819246,0.33547661683254903,0.2074834464664973,-0.04750991361160853,0.0027147332232077995,0.005912538115927946,-0.08822906111041705,-0.14681538240860276,-0.058483136449238145,-0.14897069642832356,-0.026431978974351854,-0.003977012451588722,0.058385966860543134,0.15620890536144774,0.043781377679682765,0.10207480207480207,-0.03989922125515346,0.054037396410277765,0.10135667254311322,-0.07802255259882379,-0.0868015935812546,-0.09661618475177797,-0.05560691662386578,-0.19186227830295627,-0.10653349805892179,0.1163804790923435,0.14077282212875433,-0.07222430442769426,0.014665667208040089,-0.1437212250771573,-0.018522837166904962,-0.08006265124909193,0.1439923745008491,-0.02204315255162713,-0.0751676175404989,-0.03822003822003822,0.005476200391454629,-0.05547273004900124,0.027722483654687043,-0.15878852658513676,-0.07337368184825811,-0.21728970881513254,-0.2588519181739521,-0.06689709740557198,-0.04938574938574938,-0.06149678183576489,-0.07791936774987622,-0.016953316953316953,0.023936108681871394,-0.005248545926512028,0.12315782654765706,0.09827500844449998,0.22900142052684425,0.08424649611090289,0.06718582989769431,0.1600415515669753,0.1302641624675523,-0.01879953913852219,0.07371793981963473,-0.06415089974412008,-0.08831605102791544,-0.06340223119884136,-0.16724042995229435,0.10385716995886488,0.17748349273773004,-0.13927317147656132,0.14285456488846318,0.06394406733389785,-0.1348750908072942,0.01468602655043333,-0.1521014080336114,-0.07627766441325763,0.04865512662122832,0.025080396266836946,0.03296825330723636,-0.0018105933360170647,0.029156891868756276,-0.037068809950165885,-0.12458066695354832,-0.15386249115062675,0.2968012696826256,0.2506919862852066,0.1546218020794292,0.050914088202223796,0.29843880860830013,0.11321737762415729,0.11232989538074284,0.1234641421082099,0.3010184298319892,0.14545130646825563,0.242173915055271,0.03331945196351976,0.10007079498604922,0.0018466848975323552,-0.0909720197855791,-0.006349338552728383
#53,-0.006762540660845745,-0.023289699560886,-0.07703049736948042,0.1686484635637178,0.25154476510408713,0.07845056150140896,-0.05984767510191239,0.02583924448331228,0.008408408408408409,-0.11600660753203126,-0.04778800372020711,1.0,0.37290217798692377,0.008598120462527243,-0.2973241346122702,-0.13415696127560534,-0.13725204403170504,-0.2405275845953812,-0.22968716019563476,-0.05046571995724538,-0.23646913477421952,-0.12903843751301378,-0.1914296422770999,-0.012498322667814194,-0.14560909137180322,-0.015018254001304849,-0.17417371146184704,0.01153125390413526,-0.07057519769384177,0.09530069360577835,0.180556365302128,0.16305334610419356,-0.1680089951276392,0.014793375810324963,0.3763780729882425,0.11971432140923666,-0.1932846559965204,-0.20393907004076495,-0.09506656116825608,0.04990167363048719,-0.0788850483765738,0.1149562505494709,-0.021624397895584336,-0.31623888912024506,0.15475876492825646,-0.11607092454550082,-0.11734014445878853,-0.09817089817089818,-0.050401402943775826,-0.10210904278700889,-0.0938052073645294,0.028669193075972738,-0.11654474196847078,-0.02697890494500664,-0.16943137282120332,0.01380085786865448,0.018868945987590056,0.054755988654293736,0.04293322598407344,0.04812393286969558,0.11492478611122679,0.17595145222263867,-0.1135130508011864,-0.13621834469292096,-0.12811023658481285,0.08883660239592443,-0.15910085740594215,-0.3002276544649426,-0.02887972718481193,0.055909067773474555,0.0378054479749395,-0.038269085726712844,0.15951729850034935,0.019408468561010934,0.1796526881272644,-0.05208613852681649,0.004027448095244706,0.116056117751033,-0.361726287150016,-0.27787911177741687,0.30094532128430435,0.14172508409796544,0.14585617975448484,0.5598768259785208,0.4111129619604196,0.4504856165873115,0.29504851538749843,-0.04952872749482919,0.17085421322709457,0.44297487009351416,-0.19469130147096247,0.3605704317568724,0.21052069018170713,0.23994965689880945,0.2549262667906736,-0.20659087438748455,-0.007682875479485649,-0.11530328479481022,-0.04512509427763665,-0.08902770258702462,0.08282920825293706,0.12760171573730897,-0.1000097169588695,0.10016796457474424,0.016292563750190867,0.015328733972801769,0.026016000592271778,0.06608966439474914,0.11525886441140679,0.014511584003109427,-0.004959813434389705
#54,-0.22287927372673136,-0.0021826140470208267,-0.04940749686512398,0.16566905888939787,-0.2582878718471939,0.3106322038525428,0.05376670969891309,-0.17123317462300514,0.08630787952821851,-0.11460227561922477,0.06246246246246246,0.37290217798692377,1.0,0.2905666837870228,-0.19847119847119848,-0.08718934651138041,-0.08666555615708157,-0.2238472679150645,0.056275535936552885,0.05599281870468311,-0.23879148794403032,0.04344776209182989,-0.2653775501233128,-0.19566114650860414,-0.3674417098145912,-0.1307819375615986,-0.09034689543164119,0.042770813957254634,0.0947741269775168,0.13045942706959657,-0.1614560631509784,0.07849822087110223,-0.04489327540174998,0.13495699088919427,-0.22004932513407088,0.0723052790849401,0.23323708916929256,0.08911052809357894,0.0608892405502575,-0.041420156674393964,0.07020040070887529,-0.12751889023075463,0.18388280422178727,0.31589185487490573,0.31950517543737883,0.22010207433936246,0.05921514735074057,-0.05579524054100325,-0.049700856480517495,-0.13603048348811062,-0.10088424325712461,-0.12028577113322876,-0.17356339390237696,-0.25299860723589535,-0.3495916563713174,-0.09118162846976406,-0.10077180416163467,-0.06283355774881198,-0.12420216826996489,-0.14916411018105932,-0.11953525173864157,-0.1208970141173531,0.08614870648768953,0.003987192122785343,0.12696409815053883,0.16157775649301073,0.24365737077601485,0.19507997982574254,-0.038325073918294254,0.06832225137309883,-0.033768745633152415,-0.13128259229954145,0.024734287446151852,-0.2519228010753434,-0.034243951193103736,-0.15343679580967717,-0.12244571227622075,-0.08503264435467825,0.09439562829393337,0.11269358726985845,0.2505656658199031,0.13041500668619313,0.18852242072581055,0.09295659295659296,-0.27451473044693386,0.08850344952039867,-0.06178505161556009,-0.02707607453370165,-0.16202288575169932,0.010471179962705386,-0.12797096017435,0.20331857281009824,-0.2146827875641435,0.05599235599235599,0.0831859594571459,-0.10419402453300758,-0.17518751417056502,-0.16908989112378942,-0.1234979201080896,-0.04751454073487972,-0.23101930898541068,0.01773252451218553,-0.19507211371618152,-0.03215711859779656,-0.16412822684009123,-0.04005191632310277,-0.1762864559474729,-0.11600383125806854,-0.06844672098909386,0.08996700861107641,0.08822628483645432
#58,-0.07870135158270751,0.2421938116853371,0.11256032611964815,0.2820264023653854,-0.2608901659749117,0.17383361790141452,0.4766543122475326,0.017734375361494005,0.2688224433987146,0.2742602386670183,0.3054128088026393,0.008598120462527243,0.2905666837870228,1.0,0.1771484890128958,0.0981667337599541,0.11299249943317739,-0.15378938260294192,0.11820078938723007,0.10640532674430979,-0.04593067643915102,-0.012539041352600675,-0.21096443130341436,-0.19729914814660576,-0.1798002933596154,-0.05004095004095004,-0.05354877219283999,-0.14842145689603317,0.08451163027434214,0.1956070091663312,-0.10918391426866003,-0.08496786462888158,0.23555759148979488,0.23519806401162333,-0.13336109607296048,0.23644553644553645,0.263517446568294,0.3501677332185807,0.05889911483131822,-0.04084916966272899,-0.010356890017906966,0.049386212098076504,0.011635826890064179,0.2513805022279599,-0.018184594455780898,-0.11527644747983731,0.10072321936728716,-0.012748187324458512,-0.04607920709615625,-0.1679196916485052,-0.24233817793139828,-0.2747488628844561,-0.22823331806382655,-0.15761138642494574,-0.22495315037687919,0.10731316833011749,-0.12218427981139846,-0.06961044249179843,-0.17516669211584465,-0.3017564559937441,-0.09402175673362113,-0.1857382806535349,0.28673588843080366,0.27087040815854374,0.043112295654668537,0.02180346756617943,0.6109611923171245,0.37280547111055584,0.13570843570843572,0.25516039922819583,0.09450945552640468,0.0864721424043458,0.08039302785065497,-0.08700055988191581,0.10090737887348057,0.05607194251262048,0.0033065422895931372,-0.28379627701661597,0.175855670770925,0.13844399098636387,-0.09886219038761411,0.08733278733278733,0.2806114280690552,-0.21371340523882898,-0.17761397761397762,-0.17248619960484368,-0.14229607110963044,-0.0421475404526252,-0.20623643674491132,-0.23651124159598735,-0.04638783621834469,-0.0215702605533114,-0.35817774631333954,-0.18024495990597686,-0.26620950688747297,-0.0017754271991560126,0.01109075176871787,-0.10335790335790336,-0.19274605884775375,0.008799400324824054,-0.20896597676258694,-0.019093361466242822,-0.14906092533211177,0.09857068162152909,-0.05810047335471064,0.07287719152125932,-0.09164480350921028,-0.06772488975878807,0.019116497082598778,0.01227760888777838,-0.023156901123002817
#101,-0.1376069443866054,0.19428781632171463,-0.07634568312534414,0.0008615703530957768,-0.009343087309189004,0.10099390607865184,0.3465775482724635,0.06741857419823521,0.06671293789937857,0.26267022029733894,0.05849933138068731,-0.2973241346122702,-0.19847119847119848,0.1771484890128958,1.0,0.35569575739067266,0.12308286715066376,-0.08508076643669864,0.3480485107603752,-0.011750116834862597,0.5571560774950606,0.2641615421276438,0.01098710420744319,0.016921852515072854,0.09674111708010014,0.022876497452768638,-0.016823294789396485,-0.4675485963621557,0.3502482451634994,0.16702758228181958,-0.029987923208262192,-0.2207660665287784,0.09888995312724126,0.014428295784227987,0.08392074663261104,0.10178421873337128,0.3850456002998376,0.4754350652655737,0.21463882989306718,0.13410791376893072,0.23483252127319923,0.055198341639019606,0.047657981556286644,0.2615846971779175,-0.16748289121170476,-0.03378910497554565,-0.17254774034435053,-0.21877085097424082,-0.2651535973569872,-0.40693374422187983,-0.283539934387392,-0.37696756849299223,-0.11795092473058574,-0.04371243354294202,0.3135514559243373,0.4087073205717274,-0.20289935544172832,-0.19547791242706497,-0.050288501135958764,-0.33301591267692965,-0.3381307347409042,-0.4365963806641773,0.2921662803018735,0.3809436555199267,-0.18492622051944085,-0.3835899073187209,0.25820921075158365,0.3604917706612622,0.3891864129152265,0.21844325064664047,-0.043537528283290994,0.029463670141636242,0.2197319044776672,0.010845976947671863,0.16854203972848042,0.012548295599143057,-0.0305936136444611,-0.4128717315157993,0.3452615944141368,0.2940064872268262,-0.1707214147892114,0.0799048663455443,0.052054674088572395,-0.2607217386878404,-0.08719119736068888,-0.3315907587094028,-0.287910252317032,-0.0476158747345188,0.05599929667726278,-0.1441237848017509,0.2172184511167562,-0.17454110504957962,-0.2935289681052393,-0.3578404290268697,-0.2564717259632514,-0.027299564587700182,0.1554088757478588,-0.1378082242489022,-0.3399737179398196,-0.12105988885649903,-0.2228829754253483,-0.1541887033412457,-0.08286900151306931,-0.11268387031098895,-0.21943808214994656,-0.1865887459107798,-0.2542516322177339,-0.3339473525914204,-0.2680571172096596,-0.20755886857581773,-0.1394013427911733
#102,-0.14046049130794894,0.1611872272889222,-0.08970927784487107,-0.0030025402906758837,-0.07748256731307579,-0.015576747780137611,0.1627322237491729,-0.04640125487583115,0.12270621931638881,0.0839295381668263,0.002296903991819246,-0.13415696127560534,-0.08718934651138041,0.0981667337599541,0.35569575739067266,1.0,-0.15693582642735185,0.07540915337525507,0.32542187796425087,0.2231203468491604,0.1207614394055072,0.5525909576757034,-0.003967295492719221,0.46732927071910124,-0.1449131720318161,0.4253894881013525,-0.14884298782603866,-0.15800469190299699,0.19850775274504087,0.26977377994327145,0.0067569881129203166,0.1040732566156295,-0.019589389080914503,0.14730493205069475,0.014777180878875794,0.2215050181151876,0.06789239162120518,0.4506748659291032,-0.184786944108978,0.29172068833085785,0.19429521971894853,0.14552950485153876,-0.05252386438827117,0.02930495981343439,-0.17048959591332472,0.06411619631958615,0.0922361498632685,-0.1563629885663784,-0.2874697501816146,-0.25542877237792494,-0.40690042893432726,-0.174325018392815,-0.26068749797563356,0.22382228144940008,-0.08026624467302433,0.4808784130818029,-0.2668610058440567,-0.04422928321233406,-0.19428457733542479,-0.23291642952659902,-0.25578135917118966,-0.15605389673186285,0.2879505082894913,0.5055368157063073,-0.03601937839225975,-0.1351874216280996,0.27255838272787425,0.19075685855346872,0.41500899975476246,0.49049820236260916,0.130709754438568,0.10660105405868117,0.1838036804138499,0.04132437522268031,0.01787133821032126,0.03111832942341417,-0.1028044994146689,-0.1183298861264963,0.11241595987358699,0.33537296927127436,-0.13411624259081886,0.02491752152769102,0.06721035365103162,-0.20747650578159052,0.026137231221976986,-0.30631047071725037,-0.26214735536769435,5.9689890198364774e-05,0.04469986164901419,-0.056882151797406036,-0.04022867243206226,-0.0602766094291518,-0.16118861542590357,-0.14224563546597446,-0.07552760773099756,-0.1104545223189291,0.35138744291286667,-0.2518353484455179,-0.123348001314103,-0.1584674042301161,-0.21690935928224064,-0.21819153514068768,0.0655270062049723,-0.15929473387100507,-0.16799789003178833,-0.08481794583489499,-0.2887311039853413,-0.30866336290065105,-0.14792172758274452,-0.09675314760060523,-0.01543145610942221
#201,0.34649148377961936,0.27781895917489136,0.4440992610484136,0.24693337405201812,0.39107936904547075,0.3916133390709662,0.34717120818815733,0.3694429406293813,0.03173836394175377,0.571190142376583,0.33547661683254903,-0.13725204403170504,-0.08666555615708157,0.11299249943317739,0.12308286715066376,-0.15693582642735185,1.0,0.19922310600276702,-0.22791913639371267,-0.24430192904769177,-0.02556022895005946,-0.2825978520893775,0.10335790335790336,0.004493862120980765,0.05262103397696618,0.024301651420295486,0.004743264065297964,-0.02475742306250781,0.27763896407964206,0.18696724459436323,0.35873022483191974,0.06190026698501275,0.24833354155388054,0.12663973680922833,-0.004075107464937973,0.03814183983675509,0.17483909178824433,-0.055492626679067354,-0.13207151681727952,-0.1638876164299893,-0.0337465354414507,0.11352091691074742,0.12553986960766622,0.13178602331144704,-0.21813693508608764,-0.06935039816395748,-0.05854837888736194,0.14544667934498443,0.06134408676781558,-0.1587630774071452,0.03455952100019897,-0.05545514698057071,0.06236806914773017,0.010223166155369546,-0.049824400671858296,-0.18741006029141621,-0.2731612968901104,-0.41331500992517944,0.05848545001087374,-0.060881374440696474,-0.14205407256254715,-0.13376920834547953,-0.12883900850002544,-0.019067912288251273,0.07922930634795042,0.052888944414368144,-0.07390487559979085,0.2422683083700033,-0.10915291254274305,-0.13647885173308902,0.1568405076879653,0.24706756062688265,-0.022102842441825494,-0.04435560367763758,-0.30222934799205986,-0.0654201196574078,-0.19431465363668754,-0.1685952516460991,0.30418245672482963,0.2139836292378665,-0.09915092287973644,0.2098951031154421,0.08231328400819926,0.0314847975864925,-0.015055270987474377,-0.08062253316490604,0.09102060457992661,0.26877570945367557,0.14921130683842548,-0.09192243090548176,0.2740668249142825,-0.2139827038132123,-0.06593928288843542,-0.326164531249277,-0.3173151579931241,0.3077606111504417,0.24854777736133668,0.5957597042342805,0.027850654969299036,0.1214467163619706,0.0267600420142793,0.6038372733287988,0.1354756914078948,0.34611714950698,-0.09637279806771332,0.1383963316166706,0.11165063368453199,-0.1045868672987317,0.07131183571861538,-0.18730687544246866,-0.1409750274157054
