,#10,#11,#12,#13,#17,#18,#26,#49,#50,#51,#52,#53,#54,#58,#101,#102,#201,#202,#301,#302,#401,#402,#501,#502,#601,#602,#701,#702,#801,#802,#901,#902,#1001,#1002,#1101,#1102,#1201,#1202,#1301,#1302,#1401,#1402,#1501,#1502,#1601,#1602,#1701,#1702,#1801,#1802,#1901,#1902,#2001,#2002,#2101,#2102,#2201,#2202,#2301,#2302,#2401,#2402,#2501,#2502,#2601,#2602,#2701,#2702,#2801,#2802,#2901,#2902,#3001,#3002,#3101,#3102,#3201,#3202,#3301,#3302,#3401,#3402,#3455,#3501,#3502,#3601,#3602,#3701,#3702,#3801,#3802,#3901,#3902,#4001,#4002,#4101,#4102,#4201,#4202,#4301,#4302,#4401,#4402,#4501,#4502,#4601,#4602,#4701,#4702,#4801,#4802
#10,1.0,0.6061036383070282,0.28501830027253755,0.46789840688145773,0.03282249892419384,-0.13793732098816844,0.3152875525756882,0.4798669239347205,0.2693698320816965,0.5250313487601623,0.5361392208849836,0.03818302123386869,-0.0070406307694443285,0.19043804976008366,-0.31454675013997047,-0.3168880745151932,0.2710823304043643,0.2344998311100006,-0.15805744110828857,-0.09096415367601808,-0.1918322020016935,-0.1416903806734315,-0.023031968794680658,-0.0979029877334962,-0.07451565587158808,-0.0800089766191461,-0.04895357607222014,0.08104961664283698,-0.1561760527862223,-0.26153750052055136,-0.042998468422197234,-0.0538347284109996,0.37252460472799453,-0.09708074792820555,-0.16988760717574278,-0.15786032565693583,-0.10246116686794653,-0.07746267068300966,-0.08812217456285253,-0.0017023186514711938,-0.2517913907744416,-0.14660531101209068,-0.14779957152838508,-0.09877473775778861,-0.09683134598388836,-0.012497397243159954,-0.02561251544302392,0.15292225970192072,0.03434389705576146,0.00031094268382403974,-0.0503620723959707,-0.06253418287316592,-0.09785856735009277,0.00012770860228487348,-0.30816502172434374,0.05409662358814901,-0.04284345979261234,-0.17372302965523304,-0.04428064428064428,0.13896130336808302,0.035343355682338734,0.1796258508122915,-0.08275286071896241,-0.24061364908822536,0.34883604714113187,0.2248643096100723,0.1529463207429309,-0.05644859034689543,0.022392037646274933,-0.09941050449525025,0.29677304423067136,0.11846453541368795,-0.12642688913875355,-0.08179319535251739,-0.05211667754040635,0.07591998778439456,0.12567590703183923,0.12957055668920076,-0.09394587191197361,-0.12621080248198893,0.13141261446346192,-0.047175835311428535,,0.11113656028910267,0.12218936964699677,0.3881966712475187,0.10651545227816414,-0.22278673126130752,-0.20776477556138573,-0.12057450362535109,-0.10427638732723478,0.1544427324088341,-0.12711262880754406,0.04955834108376481,-0.2305084745762712,0.33534104212070315,0.024842562130697726,0.2586973722566943,0.021015005760768472,-0.09257948240999088,0.1281356857628044,-0.020923388719998888,0.05015662812272982,0.40896412591327846,0.38400588570080096,0.13079535621908503,0.28928219436694014,0.13474321779406526,-0.14794208692513777,0.051302303844676725,-0.21438480082547878
#11,0.6061036383070282,1.0,0.3771966110949162,0.35906013872115566,0.03959568196856333,-0.21639436046215707,0.2820351938996007,0.34874489281268944,0.2920598564666361,0.3595941087466511,0.3604996367708232,-0.2617008379720244,-0.21329557600744042,0.046647880546185634,-0.2847494644104814,-0.14536246570144876,0.04851353664912987,0.27222337900304,-0.08167566642142914,0.01751504971843955,-0.0767588852334615,-0.01688807451519316,0.0051643322829763505,0.10723913435777843,-0.0680964477574647,-0.00629936562139952,0.09573194149465336,0.10886926988621903,-0.2616180124654701,-0.24201242845310642,0.019755502806350266,-0.11947880083473304,0.3290754544991833,0.011814896560659273,-0.1878690709199184,-0.17711517372534322,-0.1887024158210599,-0.1366602349653197,-0.05245630838851178,-0.04348015195472823,-0.04721794213319637,-0.18492992221805782,-0.1998792320826219,-0.05374403679488425,-0.17509404628048697,-0.09270904186158424,0.005914851677563542,0.08092977415011313,0.16613177121651698,0.07365316009383806,0.04804851076037517,0.0298282874554061,0.11010933892289824,0.12284549572685166,-0.07684587515095989,0.1353276234632167,0.005942151704863569,-0.10125996566674533,-0.05537833673426894,0.08419420961793843,-0.03439248185010897,0.10732103443967851,-0.19931379761888238,-0.2196398247245705,0.21264222620154824,0.1958536348366857,-0.06117612219307134,-0.039104744189489955,0.007171578358019036,-0.11692138980274573,0.26494676494676495,0.13518186908017416,-0.11464854685193668,0.07303821541109677,-0.10919455665218378,0.07983592220880356,0.0821883516798771,0.16736351143130804,-0.2847133728489661,-0.23174530462666057,-0.0011558553931435287,-0.07388312812041625,,-0.2114424131373284,0.04069092204685425,0.1379461125223837,0.024925850349579164,-0.05954644937695785,-0.16371918914291797,-0.05857845518862468,-0.12936973953923106,-0.021090890582416005,-0.26648713428374443,0.05882878255759612,-0.113426060883688,0.31392162578603255,-0.10687451704400856,0.3140562750732242,0.2407168339371729,0.1663358273527765,0.2783237783237783,-0.15584382533535077,0.08017879204319882,0.29400926350078893,0.37625175252293896,0.3386748844375963,0.30405474812254474,0.0686896449608314,0.01645219950304696,0.018729669577127205,-0.15607564421123743
#12,0.28501830027253755,0.3771966110949162,1.0,0.4440196745281491,-0.006895801811056049,0.14611946306861562,0.2421748404799252,0.029856975619687483,-0.2095998926507401,0.27677785643887337,0.07875641434963469,-0.19126214041468279,-0.031533845093167125,-0.08952419291402343,-0.42958582619599567,-0.24273934951901052,0.39367888689922587,0.7937941022686785,-0.3608462083038354,-0.2515438396794329,-0.31239976494213784,-0.21915767847971238,-0.0738623060656959,0.12761374625781405,-0.27028415164008385,-0.05038798428628937,0.09893622435995317,0.27489045285655456,-0.19069948222490596,-0.20717435463198175,0.3964047252182845,-0.16659818524225303,0.14879579116867253,-0.05292040885261224,-0.2577534391093713,-0.3353586251891337,-0.4764720035906477,-0.42877561691121013,-0.30621283841622826,-0.25513309920089583,-0.15034402661521307,-0.19354516303668845,-0.11826927081164369,-0.27496541225354787,-0.2690241859733385,-0.12885612885612885,0.013448733787716839,0.2765719494533054,0.2441015746100492,0.2509487916267577,0.3801232665639445,0.39736207702309395,0.4017805170347543,0.5175326327868701,-0.011689964232337114,0.4040991685059482,-0.03221495763868645,-0.2649884090562057,-0.09346094939315279,0.23856522161606908,0.004932513407089678,0.10553727841863435,-0.3121346307786986,-0.17226733667411634,0.4056400005552548,0.3787175465141567,-0.21649060462619785,-0.10822563703919637,-0.16571301656047419,-0.2748451070484969,0.3882720933568391,0.37921588769046394,-0.08039025157669226,0.2754679178407992,-0.15731293697395393,0.2363571583910567,0.1243067412558938,0.29294918955935906,-0.09903200581166682,-0.16294136972103074,-0.13259299360994276,-0.1316055655038706,,-0.1565008768398599,-0.10235705659434473,-0.003172355714728596,0.011907901738410213,-0.10789896213625028,-0.15327716005682107,-0.22522568793755235,-0.16057135718152668,-0.19370988862514285,-0.07897296371872643,0.07881055169190762,-0.14252603913620862,0.5343318665352563,-0.07600466414025736,0.5062359740325842,0.5660285863675694,0.2649333462892785,0.5384546333698876,0.2162569349010027,0.1015329659397456,0.46930181336960997,0.4104290731409376,0.27216785352378575,0.2848831882730188,0.13205254561186763,-0.013513976225840633,0.003790076671432604,-0.16506753286414302
#13,0.46789840688145773,0.35906013872115566,0.4440196745281491,1.0,-0.11882545102884086,-0.22018675069522528,0.038725782793579404,0.14135398881161593,-0.009440256897884016,0.4253126778550507,0.2761536575095897,-0.24099353590879014,-0.1911094453467335,0.037499132414386654,-0.2390718916142645,-0.221296797567984,0.23094620043772587,0.23364427601715737,-0.06028771452500266,-0.20026929857438333,-0.06515591091862279,-0.16460435782469682,0.11868015935812545,0.007228491974254686,0.06433089483936942,0.05369360115122827,0.29335868996885944,0.32739303247777823,-0.14925572722182892,-0.1577576035203154,0.06178458890323297,-0.015746563204190323,0.4326961784588903,0.1588357232425029,-0.12930819879972422,-0.06280810857082043,-0.1496643022066751,-0.10122757580384699,-0.01075898703017347,0.10256666527852969,-0.003860408945154708,-0.0640398487856115,-0.1642772202094236,-0.052009790992841844,-0.26957481364261027,-0.27319785116395284,0.15357699764479427,0.23161158076412314,0.11728739525349695,-0.02163272671747248,0.1628728882966171,0.13834173156207055,0.1751657666911904,0.15689001790696705,-0.028443389460338614,0.163696053526562,-0.14827338895135506,-0.18599462328275887,-0.05900970307749969,0.13625027184349217,0.08894626521745166,0.1759380335651522,-0.1724501080433284,-0.2579639732182105,0.2740302706404401,0.24623282758875978,-0.04916457289338645,-0.14605560876747317,-0.061674463369378624,-0.1824881892678503,0.20101842983198914,0.14608753591804438,-0.2096484774450876,0.05149618030973963,-0.20914504643318202,0.10875081553047655,0.1266439012201724,0.1821254228033889,-0.2056663751579006,-0.25588176774617455,0.033734504920945596,0.03019521833081155,,-0.2504703470805166,-0.027603103874290314,0.08562676698269919,0.049454230810163015,-0.016424436763419814,-0.09470657097775742,-0.13360633360633362,-0.21749978021164462,-0.05505675166692116,-0.2449159483057788,0.011884766122054257,-0.16346654821231094,0.3347108279311669,0.09687252738100195,0.4067472711540508,0.34103934442917494,0.2015181591452778,0.33526191831276575,-0.1865406238287594,0.23924216975064433,0.3038368106164716,0.42923138855342247,0.42916614611529863,0.33552797790085925,0.1533669262482822,-0.009436555199267064,0.06758006080039979,-0.10687775603029841
#17,0.03282249892419384,0.03959568196856333,-0.006895801811056049,-0.11882545102884086,1.0,0.407241447919414,0.22219075778397812,0.24351300452995367,0.17515373617068533,-0.01198147299842215,0.1502917401222486,0.2848961442181781,0.09686651212074941,0.25747766256240834,0.10983772678687934,0.07559516373075695,-0.04660623643674491,-0.05609507812897643,-0.03359384037350139,-0.1144505059759297,-0.09176048159099007,-0.12088267003521241,-0.21886015445337478,0.006818991564754276,-0.018034212949467186,0.005627044610095458,-0.2122563241207309,-0.22665500631602326,0.013792066334439216,0.05665172105850072,0.055017883831443154,0.24814753119837865,-0.14032075218515896,0.15454961895639863,0.06879190438512472,0.10136731492663696,0.12986576715390274,0.11809112656570284,-0.14034157423987934,0.03760601896195116,0.02832586052925036,0.032035887968091356,0.1689052689052689,-0.020662418967503714,-0.015747025916517443,0.17271061508349644,-0.21439127879805847,-0.13455859557554473,-0.23915101542220185,-0.16766612529324393,-0.0008527788188805137,-0.068190841072197,-0.18084509779425034,-0.1384402892877469,-0.20609484677281287,-0.19115571657944538,-0.14580111698755766,0.06543353831489425,0.05777426116409167,-0.05589611182831522,0.051002466256703544,-0.06645844611946307,0.217792677114711,0.2096262672533859,-0.10519024417329502,-0.19430586210247228,0.2604524401134571,0.14502144671636197,0.09863037151172745,0.19430123497920107,-0.09919950767408395,-0.1609716033444847,0.060058209210751584,-0.13744592049676796,0.031005890327924227,-0.206192479073835,0.005430854583396956,-0.1687794111522925,0.2244159413650939,0.15712415034448932,-0.0884437596302003,0.12166141488175386,,0.1537065570963876,0.5218455743879473,0.12058283244723923,0.03451556332912265,0.2521819199785301,0.11760250234826505,0.18006311396141905,0.28421965879593,0.17082876404910302,0.31044896977100367,0.02529046766334902,0.06875627553593655,-0.19239671104077885,0.01802079429198073,-0.13693508608762847,-0.06250549470888454,0.08596686054313173,-0.0291453240605783,0.1119634272176645,0.03758704775653928,0.05798016814965967,0.020299189790715214,-0.0814665204495713,0.06231902164105554,0.053502963672455196,-0.006551543839679433,0.020307518612603357,-0.04357315713247917
#18,-0.13793732098816844,-0.21639436046215707,0.14611946306861562,-0.22018675069522528,0.407241447919414,1.0,0.0582351226419023,-0.012575595626443083,-0.18331042907314093,-0.20521754420059504,-0.13111740399875993,0.49603270450728076,0.4693365167941439,0.22166372844338947,0.031585668873804464,0.0683625073455582,0.12330496906768093,0.15357468408315866,-0.15553334536385383,-0.09606925878112318,-0.1890781382306806,-0.12526733204699306,-0.09247444671173485,0.02869417954163717,-0.17373089576479406,-0.12196865586696096,-0.25662349560654646,-0.1706635757483215,0.3294136972103074,0.42411425292781224,0.35717227242650973,0.2119634272176645,-0.22964782964782965,0.0077638501367314925,0.23050569830230846,0.21649754531110463,0.1410870037988682,0.07708833641037031,-0.31444263986636867,-0.15838087702494483,0.11998732168223694,0.1334073673056724,0.3969363816821444,0.172705062535571,0.193865822679382,0.2829009286636405,-0.20302798946866743,0.07987155105799174,-0.11342976258230496,-0.004266207656038165,0.06469319859150367,0.0690575012608911,-0.03379280667416261,0.048608855388516406,-0.17483030025402907,-0.11954404327285684,-0.18276118954085055,-0.16791413910057978,-0.21415575822355484,-0.20402467182128198,-0.19168459676934252,-0.19763045017282305,0.2537458876441927,0.22635192974176024,0.024524678761966897,-0.011618243821633652,0.20172499155550003,0.1852640005182378,-0.09242632462971447,0.13469879741066182,-0.09377975818653785,-0.03990893821402296,-0.034655302451912624,-0.09319997964065761,0.07572611131933166,-0.05660498711346169,-0.13531975735365565,-0.2224198003859021,0.40597315343078055,0.3135255440340186,0.05268303742880014,0.28926785028479945,,0.37131414928025097,0.32704229653382194,-0.062307453832877564,-0.14210312006922177,0.1629816256934901,0.19409717884294156,0.23267535640416998,0.5301669928788573,0.23450584637025315,0.38531073446327685,-0.24484839230601943,-0.11796989593599763,-0.165444180698418,0.034591910863097305,-0.027172781410069544,-0.015293567835940717,0.004247236450626281,0.07264537264537264,0.4806003229732043,0.08761966897560118,0.10030076301262741,0.029549734634480396,-0.13994179078924843,0.05316842265994808,-0.12091598532276499,-0.08473558304066779,-0.2795337710591948,-0.2990546787156957
#26,0.3152875525756882,0.2820351938996007,0.2421748404799252,0.038725782793579404,0.22219075778397812,0.0582351226419023,1.0,0.24354076726958082,0.09352850539291217,0.2772419569029739,0.28709356505966677,0.23212750500886095,0.2321409236663474,0.1641268387031099,-0.23067458830170695,-0.10582045836283124,0.2608337150710032,0.26769944058079653,-0.15393189799969462,-0.08263810806183687,-0.2862588320215439,-0.1697090002174748,-0.05003863647931445,-0.111394291055308,-0.16415275059342857,-0.19300193876465063,-0.18552404484607873,-0.04983087864443796,0.1399006093921348,0.0026883586205620103,-0.0661276068055729,-0.07068486051536899,-0.007322885288986984,-0.2265467316314774,-0.04818084648593123,-0.1835052309628581,-0.05459496476445629,-0.05461624953150377,-0.21379067819745787,-0.06921065904116752,-0.16687164822758044,-0.09073603649874837,-0.010345784922056109,0.01774362960803639,0.015367139095952656,0.06768000666305751,-0.0639190808682334,-0.026440770508567118,-0.08972547277632023,-0.032237630542715286,-0.10518793061165943,-0.08566008227025176,-0.1670308212681094,-0.021926086332865993,-0.2696664306833798,0.041292910784436206,-0.1008139109834025,-0.1323616374463832,0.009596190952123156,0.10539383759722742,-0.09134820490752694,-0.062019184053082356,-0.028566008227025177,0.2257647477986461,0.2635341042120703,0.06529842631537547,0.09287978271029118,0.38183946658522927,-0.10985484714298274,-0.09797193187023695,0.0871092972787888,-0.023654316874655856,0.12192562362053888,-0.08621163536417774,0.08857516993110214,0.000887944955741566,0.051287959762536035,0.06978442232679521,0.2433367111333213,0.13184478777699116,0.2662506882845866,0.11887773752180532,,0.27741084690237233,0.06633397650346803,0.20670007449668468,0.033083005964361895,-0.12265254468644299,-0.08657856623958318,0.028659013404776116,0.04644660068388882,-0.016272667120124748,0.007689816164392436,-0.06359842122553987,-0.10388354456151067,0.21387442912866642,0.08616073700819464,0.08991240855647635,0.06879468065908743,-0.022852436411758447,0.059283628775154196,0.25533484177551974,-0.116743708269132,0.29847536288214255,0.11488499285109455,-0.1057977854588024,0.010177357634984754,-0.05811759371081405,-0.11050773423654779,-0.011206429850497647,-0.07049561117357728
#49,0.4798669239347205,0.34874489281268944,0.029856975619687483,0.14135398881161593,0.24351300452995367,-0.012575595626443083,0.24354076726958082,1.0,0.6321686864059746,0.3100413202108117,0.5305672390418154,0.10152833881647441,0.00578112781502612,0.4714575901016579,-0.16645798340713594,-0.1516285160352957,0.0001092001092001092,0.006998061235349371,-0.02096503282943961,-0.21452870435921284,-0.17206698223647376,-0.1930667184904473,-0.029373903950175136,-0.16183363640990758,0.02639449927585521,-0.1309202885474072,-0.26082122183817097,-0.21443801274309748,-0.03434389705576146,0.03652882466441788,-0.07970451190790173,0.1072701360836954,0.12585821568872416,-0.007949397779906255,0.053656121452731624,0.10056589717606666,0.07524812948541762,0.01335387776065742,-0.07248342333088095,-0.04793884793884794,0.03380298634535923,0.039889504296283955,0.050565203107575986,-0.045282416468857146,-0.07648033241253581,-0.0994382672348774,-0.19077675518353485,-0.02538809996437115,-0.2178116483201229,-0.21209992735416464,-0.14158441955052126,-0.12179698959359976,-0.2660554236825423,-0.255157160241906,-0.34289297001161406,-0.33582087480392564,-0.07196426009985332,-0.22235363252312404,0.016242128106534887,-0.19927631792038572,0.11538657301369165,0.14742847624203556,0.1981329557600744,-0.17087827426810479,0.09821069143103041,-0.1438285743370489,0.34654654654654654,0.06403660979932166,0.1380691940013974,0.09217692268539726,0.24745716440631696,0.0579130748622274,0.09087994003248241,-0.15703207059139263,0.04526483340042662,-0.12471994336401115,0.20516849669392043,0.028318919844343572,-0.18320076625161372,-0.07586770129143011,0.06958638145078823,0.0715399528958851,,0.02816067222846884,0.3066329812092524,0.37134977812943915,0.14231550502736942,0.05456766473715626,-0.07285775760352031,-0.023067597643868832,0.08135824576502543,0.18190378359869885,-0.10762920084953984,0.022454503810436014,-0.04705691824335892,0.16785213564874582,-0.025873947907846213,0.19596422308286715,-0.09308245070956936,0.09707565809260725,0.08897125168311609,-0.17759593183321998,-0.07697080747928206,0.288543705492858,0.12036396951651189,0.1884173850275545,0.19172947986507308,0.21505527098747437,-0.08116113031367268,0.10383079535621909,-0.0743736031871625
#50,0.2693698320816965,0.2920598564666361,-0.2095998926507401,-0.009440256897884016,0.17515373617068533,-0.18331042907314093,0.09352850539291217,0.6321686864059746,1.0,0.32003683190123866,0.4172550053905986,0.010078799909308383,-0.06260173887292532,0.3553727841863435,0.15704734009818755,0.0031783709749811447,-0.11258068546204139,-0.3118866169713627,0.23737790178468143,-0.07212667212667212,0.10170463221310679,-0.1185020151121846,-0.06719924855518075,-0.11807909604519774,0.1887292531360328,-0.18636479314445417,-0.11393550715584613,-0.26796688830587134,-0.07140530360869343,-0.08008208516683094,-0.23288635322533627,-0.0822827449946094,0.015755354738405586,-0.022031122031122032,0.042044818316004755,0.06626503236672729,0.12241285970099529,0.0573994641791252,0.08863578524595474,0.07438424557068625,0.04088664936122563,-0.04819380243109057,0.04489882794967541,-0.023656167723964335,0.02331607416353179,0.01773807706011096,-0.2341097646182392,-0.07635540008421364,-0.13369193538685065,-0.21469111638603164,-0.20192812226710533,-0.15938588819944752,-0.24260655108112736,-0.30838666092903383,-0.08515433769671057,-0.3982490965541813,-0.0007625499150922879,-0.14283651910770556,-0.06286687303636457,-0.13576396118769,0.0058116668286159814,-0.010733075139854801,0.28689968859460385,-0.11418259553852775,0.04048594048594049,-0.1890610178745772,0.3443324680612816,0.09750412970751954,0.29496661530559837,0.19984082695947103,0.10638357926493519,-0.07951156086749307,0.059456220473169626,-0.2195694924508484,0.03263232415774789,-0.20874387484556975,0.06582267938200141,-0.058318873573110865,-0.1074274582749159,-0.17700412276683464,0.003969609054354817,-0.04890730483950823,,-0.01208558327202395,0.1476181882961544,0.23360540818167938,0.013879981676591846,0.08171962409250545,-0.01573823438230218,-0.004547074038599462,0.014185371812490457,0.10637617586770129,-0.12150594353984184,0.039617429447937925,-0.028002424612594105,-0.04133362946922269,-0.16389594525187745,-0.06163235654761078,-0.29141159649634224,0.059362752583091566,0.005938912718573735,-0.20927645673408385,-0.08719721262094143,0.06742273860917929,-0.0033768745633152414,0.07727619761518066,0.05004141275327716,0.06873591619354331,-0.26211357736781465,0.0632356547610785,0.03989274328257379
#51,0.5250313487601623,0.3595941087466511,0.27677785643887337,0.4253126778550507,-0.01198147299842215,-0.20521754420059504,0.2772419569029739,0.3100413202108117,0.32003683190123866,1.0,0.5876950910849216,0.008768398598907073,-0.022262940907008703,0.15959318332199687,-0.18644530508937288,-0.1702175210649787,0.5159432159432159,0.20800260969752496,-0.19184978507012404,-0.25951452222638666,-0.1495143834126885,-0.2169713627340746,0.16440631694868982,0.00518561705002383,0.12465423821356025,-0.13423932406983255,0.11308411647394698,0.0949629136069814,-0.20193367481503074,-0.3956097854402939,-0.10904880226914125,-0.16113308994664927,0.3260280311127769,-0.131486648435801,-0.30708227487888506,-0.24197263519297418,-0.3331052161560636,-0.3230888824109163,0.06447248481146786,0.03542109135329474,-0.28733047377115173,-0.29953867580986226,-0.17771577432594382,-0.17961058130549656,0.04832891443060935,0.10021608665676462,-0.044885409292188955,0.12830318762522153,0.10034981051930204,0.07106613547291514,0.01483640805674704,0.09988894904149141,0.14306741255893798,0.16433367111333214,-0.11385777148489012,0.14922056108496787,0.031792963996353826,-0.2527839087161121,-0.044709115895556574,0.38417940282347063,-0.025770763058898652,0.08400542298847384,-0.222170861153912,-0.025882276729734355,0.38318734759412726,0.19743426014612456,-0.036719924855518074,-0.14326776699658056,-0.09087299934757562,-0.17091436582962008,0.17515558701999379,0.0607004539207929,-0.22722414247837977,0.10826172860071165,-0.22156470800538597,0.08061698061698061,0.11785421785421786,0.17244363007074873,0.04898504051046424,-0.28011632587903773,0.09525257152375796,-0.10219510727985304,,0.0433876094893044,-0.06679622611826001,0.18785241327614208,0.0956842821249601,-0.2522777014302438,-0.2486407825390876,-0.19037743444523106,-0.06376407223864851,0.0629163832553663,0.020786888583498753,0.0658851455461625,-0.06041912482590449,0.49883072594937,-0.038187185644812764,0.4751093157872819,0.050815067764220304,0.0943984045678961,0.16096882707052199,0.0023496531971108243,0.058918086036730107,0.4292429563616004,0.4479619835552039,0.3108196023450261,0.31342652359601514,0.07622537792029317,-0.07884941952738563,0.03752550701703244,-0.1308041477533003
#52,0.5361392208849836,0.3604996367708232,0.07875641434963469,0.2761536575095897,0.1502917401222486,-0.13111740399875993,0.28709356505966677,0.5305672390418154,0.4172550053905986,0.5876950910849216,1.0,0.07323348001314103,0.012381719161380178,0.4447229972653701,-0.22349838282041673,-0.22361082191590667,0.16113077638501366,0.006031917896324676,-0.13863694202677254,-0.2530832835917582,-0.10748020748020748,-0.13676712151288423,-0.12378804073719328,-0.04502653655196028,-0.04596954427462902,0.0006709328743227048,-0.04311553464095837,0.03892521180656774,-0.16037054003155699,-0.11742805980094116,-0.21053642240082918,-0.05866081798285188,0.2648074885363021,0.04012224859682487,-0.07906226719786041,-0.026102065085115932,-0.1017726509251933,-0.024196153009712333,-0.003207059139262529,0.04962358352188861,-0.14757561876205944,-0.057146823248518164,-0.0932749390376509,-0.021701208141886107,-0.05883711137948426,-0.004811282777384472,-0.11647070799613173,0.09023538176080549,0.0017513661581458192,-0.059874975129212415,-0.13958596500969384,-0.013516289787476227,-0.17261159464549294,-0.09813850830799983,-0.23992235687150942,-0.17548873989551955,0.01824891146925045,-0.14776070369290709,-0.03711785745684051,0.041372497304700696,0.10720396822091738,0.1260164633045989,-0.027206096697622122,-0.20220297338941406,0.1433145009416196,-0.03672594011577062,0.28498405956033074,0.04910858470180504,0.008219621778943812,-0.07804106109190855,0.29395420073386175,0.10189017985628156,-0.13720345923735755,-0.09770078244654516,-0.03391218645455934,-0.08298329145786773,0.21585344975175483,0.10622440622440622,-0.07384611113424673,-0.13512865716255545,0.15221847425237256,0.115683171615375,,0.03647561274679919,0.1506771794907388,0.3437920200632065,0.14054979478708293,-0.07438979811861168,-0.08613528783020308,-0.055145592433728026,-0.011757520232096504,0.23451463790446841,-0.05083635253126779,0.08063178741144843,-0.11393643258050037,0.2265254468644299,-0.029913426523596014,0.20692911709860862,-0.11694545084375593,0.09111360975767756,0.1822096364469246,-0.18822212042551026,0.08424325712461306,0.24402800335003724,0.1839707195639399,0.27597551326364883,0.2266702758228182,0.24353428929700116,-0.051856633212565416,0.10066769388803287,-0.1102972001277086
#53,0.03818302123386869,-0.2617008379720244,-0.19126214041468279,-0.24099353590879014,0.2848961442181781,0.49603270450728076,0.23212750500886095,0.10152833881647441,0.010078799909308383,0.008768398598907073,0.07323348001314103,1.0,0.7571801385360707,0.24427462902039174,0.025287691389386305,-0.08629075917211511,0.31679136763882526,-0.14764039848785612,0.060155378799446595,-0.052327674361572665,0.0004761309846055609,-0.07559331288144848,-0.05376532156193173,-0.14988594141136513,0.04185140456326897,-0.17800682037970172,-0.371920302428777,-0.3715547596903529,0.4146527112628808,0.26233197758621485,-0.0525173864156915,0.014165475182424335,-0.14612594104119528,-0.18563463309226022,0.2327702124312294,0.17233350453689436,0.2943109519380706,0.11374255611543747,-0.1486282893062554,-0.07898638237621289,-0.11839697941392857,0.08265152671932333,0.34263801551937145,0.2986271325254376,0.49174798835815786,0.35726250133029797,-0.2775871402990047,-0.12498276396581481,-0.3511755206670461,-0.217470166622709,-0.2801857327281056,-0.2755822077855976,-0.3320608744337558,-0.2585062720655941,-0.2470638589282657,-0.281146786231532,-0.18401282638570773,-0.18410490613880445,-0.17965685253820848,-0.20960359434935705,-0.13179111314704536,-0.1530092496194191,0.3221144102500035,0.1934859358588172,0.08686637330705127,-0.16164855147905996,0.28310267123826444,0.2793236996626827,-0.008830864763068153,0.055680025171550594,-0.24391510154222018,-0.13975809399538214,0.043381131516724736,-0.32242211394753767,0.06967799849155781,-0.2914240897291745,-0.09484816094985586,-0.20799751986192663,0.5608485218654711,0.36095818468699825,0.4779776695030932,0.4204699306394222,,0.8143889652364229,0.2579778545880241,0.21322940814466237,0.014460222934799207,0.032985836375666884,0.09235645506831948,0.4120786425871172,0.5429017615458294,0.40750334309656344,0.38996145606315097,-0.20970122665037919,-0.09990468126061347,-0.09022011225401055,-0.01797035864832475,-0.18305316101926272,-0.3129383620909045,-0.2622056571209114,-0.2773298722451265,0.5259341005103717,-0.12003498105193021,0.05928686776144403,-0.06997182081927844,-0.41297491636474687,-0.0936113308994665,-0.12159987414224703,-0.1363691889115618,-0.13897009490229828,-0.20562334291147852
#54,-0.0070406307694443285,-0.21329557600744042,-0.031533845093167125,-0.1911094453467335,0.09686651212074941,0.4693365167941439,0.2321409236663474,0.00578112781502612,-0.06260173887292532,-0.022262940907008703,0.012381719161380178,0.7571801385360707,1.0,0.2577525136847171,0.04193052837120634,-0.12520579130748621,0.30365727823354943,-0.07210307379798905,0.10315616078327942,0.014928950522170862,-0.02295978567165008,-0.13409680867307985,-0.2025310364293415,-0.19489535760722201,-0.11159186921898787,-0.26091052531730496,-0.24699398936687073,-0.20564323954154462,0.46521282453485846,0.33081756641078675,-0.014525465372923,-0.04420984929459506,-0.21420850742884642,-0.19814591170523374,0.2563565105937987,0.08636988298005246,0.31720503245926973,0.11013432538856267,-0.22405919016088507,-0.17764914375083868,-0.1803041870838481,0.08257795545931139,0.20004951021900175,0.2524683389090169,0.36907554704164874,0.2298690061401926,-0.11131794352133335,0.08805693212472873,-0.2115955709176048,-0.06558854694447915,-0.12779512949004473,-0.11439868219529237,-0.15448715279223754,-0.1213981315676231,-0.15556203352813522,-0.23690917419730978,-0.17013284470911588,-0.31203977475163913,-0.2865503407876289,-0.23830240101426542,-0.30330469144028466,-0.29527200544149695,0.23295899906069398,0.13647283647283648,0.23580097817385953,-0.04424779170541882,0.2521416640060708,0.28035924985077526,-0.09344012733843242,-0.0008648093393856106,-0.09526599018124442,0.01837014209895566,0.01316277756955723,-0.3673917368832623,0.08763817746868595,-0.2245783533919127,-0.1592350439808067,-0.19518964264726976,0.48721664653868046,0.3011040316125062,0.5059176279515263,0.3977077231314519,,0.7528764511815359,-0.0083501066551914,0.023692259285479623,-0.16761059981398965,-0.01444819241429411,0.07327373598560039,0.26509760916540576,0.43535399806586245,0.2720452347570992,0.22328322158830632,-0.2686355076185585,-0.24888278108617093,-0.09533354618100381,-0.07570343841530282,-0.17173938190887345,-0.2812587626146948,-0.25095897129795436,-0.15272653238754932,0.5985290375120884,-0.15956542058236972,0.08542965153134645,-0.10467709620251993,-0.4261710092218567,-0.08530333106604293,-0.26449608314015094,-0.26996256657273604,-0.24025828602099789,-0.2646117612219307
#58,0.19043804976008366,0.046647880546185634,-0.08952419291402343,0.037499132414386654,0.25747766256240834,0.22166372844338947,0.1641268387031099,0.4714575901016579,0.3553727841863435,0.15959318332199687,0.4447229972653701,0.24427462902039174,0.2577525136847171,1.0,-0.035198526723950456,-0.14227154735629313,-0.14349680959850453,-0.1598213004992666,-0.00505605759843048,-0.07071956393990292,-0.0946843607860557,-0.007831868848818,-0.31592193117616846,-0.10538088165206809,-0.2401717588158266,-0.1881647440969475,-0.18992490178930857,-0.07050208914615694,-0.06233614199715894,0.11574656320419033,-0.19584067889152634,0.04756127467991875,0.07697774816418884,0.09162583230379841,0.016730289611645542,0.13107899887560903,0.1799937071123512,0.20836028632638803,-0.1503690130808775,-0.08620191840530823,0.02160311312853686,-0.018247060619941975,0.03514346395702328,0.21316092672024875,-0.030032343591665626,-0.0038627225067903036,-0.13641731099358217,0.09219080405521084,-0.23093000550627668,-0.10000832882188815,-0.032892368485588824,0.014759597810445267,-0.22380747465493228,-0.169026036822647,-0.2986039969090817,-0.3936117936117936,-0.11202496795717135,-0.03768282920825294,-0.14790830892525808,-0.26574401828639116,-0.022245820550905297,-0.036425639815470326,0.41153356746577086,-0.11214110875127824,0.05570084722627096,-0.16468718333125112,0.7242489022150039,0.2801015190845699,0.2245390228441076,0.17344725310827006,0.34273333425875796,0.10169075084329321,0.04876201316879283,-0.15687012127690095,0.18971806937908633,-0.10129605722826061,0.18546574309286173,-0.011286941795416372,0.05694600609854847,-0.0357010323112018,0.15852987039427718,0.31097368554995675,,0.10049972931328864,0.2860751352276776,0.15465650550396312,-0.026133066811032914,0.12221343068800695,0.0040279108075718245,0.011209206124460361,0.2039543395475599,0.16721312992499432,-0.054955417667282076,-0.12500127245889958,-0.21572389030016148,-0.08964079642045744,-0.03501482993008417,-0.002469032977507554,-0.2759500640856573,0.11988182327165378,0.07383870773701282,-0.2036637562061291,0.07089446919955394,0.12382274416172721,0.04933300018045781,0.0916887611802866,0.20349301535742215,0.15010850604070944,-0.1383042518635739,-0.06112244756312553,-0.14924462212597805
#101,-0.31454675013997047,-0.2847494644104814,-0.42958582619599567,-0.2390718916142645,0.10983772678687934,0.031585668873804464,-0.23067458830170695,-0.16645798340713594,0.15704734009818755,-0.18644530508937288,-0.22349838282041673,0.025287691389386305,0.04193052837120634,-0.035198526723950456,1.0,0.422011688113383,-0.06573939116311997,-0.4414456058523855,0.5681690935928224,0.1946579861834099,0.4581157428615056,0.09302183539471676,0.1919011461384343,-0.07389562135324847,0.4201534354076727,0.06488753776889371,-0.12240915800237834,-0.4211168024727347,0.3974911737623602,0.13924309517529856,-0.1693675185200609,0.2575956542058237,-0.23340875544265374,0.1356570746401255,0.30329451176908806,0.20395619039686835,0.45040556735471987,0.3835112462231106,0.34203186237084543,0.4217886607717116,0.3180184807303451,0.29960623180962165,0.1587121790511621,0.18528944969622935,0.010229644127949213,-0.05456442575086643,-0.194720452347571,-0.3137652290194663,-0.3396896125709685,-0.3989107751819616,-0.2626373677221135,-0.3033819643989136,-0.17121374070526613,-0.39100209608684183,0.3140386920047937,-0.28182419707843437,-0.2368198707181758,0.04958008856313941,-0.18439826575419796,-0.27885682292461955,-0.2197874299569215,-0.36639783080461047,0.29172670359111036,0.3302044725773539,-0.3174151038557818,-0.27035031950286187,0.15729257763156068,0.2258174970039377,0.4586196365857383,0.5985517104161172,-0.11630644512000445,-0.011750579547189716,0.18051657204199578,-0.2723848656052046,0.07803597125631023,-0.3835084699491479,-0.23612626493982425,-0.3635868534173619,0.3416394823174484,0.3357033458728374,-0.06744679965018949,-0.015498549396854482,,-0.01163999130100825,-0.15977456655422756,-0.3439012201724066,-0.29387600235057865,0.14477482104600747,0.2770661262186686,0.008316328655311706,-0.011900498341176307,-0.1678252983337729,-0.038632777615828465,-0.2232337113693046,-0.10765465002753138,-0.261792455012794,0.30052471577895307,-0.3361942836519108,-0.2191146462332903,-0.041158724209571666,-0.28038932615203804,-0.06462656801639853,-0.1324847189253969,-0.33683791649893347,-0.35571010147281334,-0.17975263398992214,-0.3506938371345151,-0.2737688381756178,-0.16614102546305937,-0.24767741547402564,-0.16497822938500906
#102,-0.3168880745151932,-0.14536246570144876,-0.24273934951901052,-0.221296797567984,0.07559516373075695,0.0683625073455582,-0.10582045836283124,-0.1516285160352957,0.0031783709749811447,-0.1702175210649787,-0.22361082191590667,-0.08629075917211511,-0.12520579130748621,-0.14227154735629313,0.422011688113383,1.0,-0.1368124673209419,-0.10663992189415918,0.08604089451547078,0.26996719369600725,0.07134746456780355,0.26208165021724344,0.28726800760699067,0.12742912403929352,0.17407978085944187,0.025135921746091236,-0.16775681690935929,-0.29683088327156126,0.07895352980098742,0.016597953886089478,0.0090451005705243,0.014436624606116132,-0.17955690667555074,0.12925637501908688,-0.01672057265277604,-0.13482326702665687,0.00805026906721822,0.2541641795879084,0.07937783700495565,0.23324356714187222,0.12604607689353453,0.18622366588468284,0.032178403364844045,0.19223938884955835,0.06398802500497416,0.05031348760162319,-0.03264851908919705,-0.3006510362442566,-0.1405447049514846,-0.19049357523933796,-0.13804004312478887,-0.20727059879602253,-0.045300462249614794,-0.2068509187153255,0.24033648440428101,-0.013504721979298251,-0.2222240730715307,0.04161773483807382,-0.029443310799243002,-0.09130656079808622,-0.11745397169125983,-0.16042606551081126,-0.057382806535348906,0.5946677031422795,-0.33110629890290905,-0.11760805489619049,-0.02206721359263732,0.3365829620066908,0.1051532271871255,0.46138202917863935,-0.16123627479559682,-0.11335248962367607,0.17565115192233835,-0.015718337752236057,-0.08236695863814508,-0.08475455424607967,-0.14135491423627017,-0.1588329469685402,0.03211316092672025,0.16902326054868427,-0.18541299388757015,-0.04193052837120634,,-0.15011313316398062,-0.2006616786277803,-0.25537602317263336,-0.14604496638394943,-0.019947528422104694,0.23243011887079684,-0.011933350916401764,0.006673237181711758,-0.15241882869001513,0.049525488508539356,-0.12335401657435556,0.06709004844598065,-0.07256023357718273,0.3072951225493598,-0.14079549503278316,-0.03396910007079498,-0.03174437920200632,-0.18435014367217756,-0.04101435796351051,-0.2340107441802357,-0.1369165775945437,-0.13628034814475493,-0.03316999588186029,-0.20502089146156943,-0.1471508488457641,-0.11585159890244635,-0.10731779545338867,-0.04362544362544363
#201,0.2710823304043643,0.04851353664912987,0.39367888689922587,0.23094620043772587,-0.04660623643674491,0.12330496906768093,0.2608337150710032,0.0001092001092001092,-0.11258068546204139,0.5159432159432159,0.16113077638501366,0.31679136763882526,0.30365727823354943,-0.14349680959850453,-0.06573939116311997,-0.1368124673209419,1.0,0.4436342351596589,-0.1535339653983722,-0.22872795754151687,-0.06617665431224753,-0.2154166493149544,0.3156905750126089,0.06323889374736832,0.24440141219802236,-0.14487522962099234,0.04994285502760079,0.03305570593706187,0.2302493556730845,-0.20658162014094217,0.19844436115622557,-0.13210020498156091,0.22459130933707205,-0.22342619969738614,-0.10390668017786663,-0.2353572370521523,-0.1604505892641486,-0.3132173776241573,0.02917540036184104,-0.0013353877760657422,-0.23846620117806558,-0.10913394133733116,0.049956273685087246,-0.07715774325943818,0.16311534955602752,0.18629168459676934,-0.09245177380770601,0.09682903242225276,0.04943387146776977,0.08790469976910655,0.061869265259095765,0.0612427527681765,0.18141469666893395,0.19356182068046474,0.11163906587635401,0.1870463684023006,-0.10712114271436306,-0.4142718990176617,-0.2553130942961451,0.22750500886094108,-0.24119203949712426,-0.11535001873984925,-0.2525072067444949,0.10867631884581037,0.3308485681367037,0.25351823317925015,-0.2155767477801376,-0.12659901812444185,-0.12828375370748252,-0.1649023445633615,0.01766450580009902,0.1827283369656251,-0.12042643568067297,-0.028287918118426594,-0.1908577298407807,-0.052106497869209734,-0.15393236071202174,-0.0360642614879903,0.4565448345109362,0.15739900146679808,0.23831767052106034,-0.01685105752902363,,0.3515554074876109,-0.22921982074524447,-0.011357274069138477,-0.0945052911154606,-0.1750954344174683,-0.07563125529227224,-0.03699107427920987,0.05892363858465553,0.014014168251456387,0.1447169820051176,-0.10642753693601151,-0.18949087762647085,0.5999060693975948,0.11810038081224522,0.4287066727744694,0.19102661984017916,-0.030783788410907054,0.10196467654094772,0.473707297436111,0.06642975795518169,0.40104526714696204,0.21803004853852312,0.026721636891128418,0.0860385809538352,-0.1824571875419333,-0.13910983402508825,-0.21391422238879865,-0.3196828569709926
