,#10,#11,#12,#13,#17,#18,#26,#49,#50,#51,#52,#53,#54,#58,#101,#102,#201,#202,#301,#302,#401,#402,#501,#502,#601,#602,#701,#702,#801,#802,#901,#902,#1001,#1002,#1101,#1102,#1201,#1202,#1301,#1302,#1401,#1402,#1501,#1502,#1601,#1602,#1701,#1702,#1801,#1802,#1901,#1902,#2001,#2002,#2101,#2102,#2201,#2202,#2301,#2302,#2401,#2402,#2501,#2502,#2601,#2602,#2701,#2702,#2801,#2802,#2901,#2902,#3001,#3002,#3101,#3102,#3201,#3202,#3301,#3302,#3401,#3402,#3455,#3501,#3502,#3601,#3602,#3701,#3702,#3801,#3802,#3901,#3902,#4001,#4002,#4101,#4102,#4201,#4202,#4301,#4302,#4401,#4402,#4501,#4502,#4601,#4602,#4701,#4702,#4801,#4802
#10,1.0,0.4014959489535761,0.47288043050754913,0.7398247245704873,0.31055678174322243,0.3501876298486468,0.22174285225132684,0.2530795818931412,0.2570751028378147,0.5008361211751042,0.35812036998477675,0.07494181392486478,0.44249827639658146,0.21410532257989884,-0.25500307703697533,-0.21542035101357135,0.4517566873499077,0.24532359786597074,-0.10109801635225364,-0.035074519820282535,-0.15192048751370785,0.052148604690977575,-0.05489433964010235,0.074305584475076,-0.03138022460056358,0.28344554107265973,0.21426727189439054,0.3058963431844788,0.17810584081770522,0.21768440243016515,0.291558276304039,0.10341574239879324,0.1631921598023293,0.013772169704373094,-0.009623953691750302,0.06798308323732052,0.05060545908003535,0.06821582753786144,0.21860011012553385,0.07454388132354234,-0.11642582490040117,0.15023066209506888,0.1169616457752051,0.22456632287140763,0.16900752832956223,0.1806549230278044,0.1517909280621145,0.33776380386549876,0.1434357315713248,0.23013460301595895,0.20755424145254653,0.16649268683166987,0.1286756710485524,0.13348602840128262,0.03442764798697002,0.21640407742102657,-0.22595399714043782,-0.08105285562912681,0.032287140761717036,-0.07039659073557379,-0.01812953168885372,0.010486912181827436,0.20810440640949115,-0.0005700615870107396,0.19194926822045466,0.04155110426296867,0.27242003174206564,0.2343207614394055,-0.0897296371872643,-0.07025916517441941,0.004951021900174443,0.21142297921958939,0.03519898943627757,0.4827190827190827,-0.03079165452046808,0.01655584706432164,-0.04927516113956792,-0.2674083945270386,0.2536269705761231,0.30812291490257593,-0.09796591660998441,0.33099154624578353,0.30253103642934154,0.013497781294391465,0.012978618063363825,-0.2052305001457544,-0.0031788336873082635,-0.029728341592748373,0.03173743851709954,0.1711845898286576,0.24106340547018512,0.19781183340505373,0.0477102680492511,-0.1296950263051958,-0.16610909831248813,0.11074741922199549,0.10974287075981991,0.19552048196115993,0.15948629677443238,0.22529185580033037,0.26761800321122353,0.367367213129925,0.03741769504481369,0.22696641171217444,0.10479647598291666,0.12202279320923388,0.16277155429697804,0.050277858752435026,-0.13830471457590102,-0.16413979464826922,-0.3950767408394527
#11,0.4014959489535761,1.0,0.543898906610771,0.43851848767103,0.07234831133136217,0.14085981204625272,0.44443704104721055,0.08083630626003507,0.3780859441876391,0.4674037674037674,0.3884321918220223,-0.0681760342777292,0.1603251942234993,0.2596149308013715,-0.11743777675981065,0.08914152981949593,0.2903825242808294,0.3218705608536117,-0.010494315579061341,-0.009679479171004595,-0.1527862222777477,0.08882549730007357,-0.002976628400357214,0.15823836162819213,0.14878468607282166,0.4376064816742783,0.15900924036517255,0.23494958749196038,0.1588287825575961,0.2351804809431928,0.17561876205944002,0.14429174937649514,0.2724468690570385,0.18916374001119765,0.1626521745165813,-0.08902307546375343,0.17646413748108664,0.05227353701929973,0.3948634304566508,0.3015945066792524,-0.008647167969201867,0.05825594469662266,0.10698371715320867,0.13335785708667064,0.17201377031885506,0.12057265277604261,0.06526372289084154,0.1557327743768422,0.04668767380631787,0.06816215290791562,0.1494560816594715,-0.056466173415325956,0.09214962265809723,0.07331214110875128,-0.09642600998533202,0.16547703327364344,-0.3340449848924425,-0.11365278992397636,0.032338501830027254,-0.07694489558896339,0.008704081585437517,0.002217780183881879,-0.06308203426847495,0.16748289121170476,0.23762313931805457,0.09666338140914413,0.37336211404008013,0.3114317707538046,-0.017367907198415675,0.10341250341250341,0.08587339265305367,0.27950323204560495,-0.1853926345451769,0.26586062179282516,-0.18317022723802384,-0.09553297519399215,0.12429193446142599,-0.20695780526289,0.2646043578246968,0.2691134894524725,-0.10464378091496736,0.2852644632305649,0.31915906661669374,-0.095633383768977,-0.16325138698020053,-0.25790891045128334,-0.14299060231263622,0.0004761309846055609,0.24583535769976447,0.15121253765321563,0.3204588255435713,0.1730604256027985,-0.0013377013377013378,-0.15414428295784227,-0.2366620858146282,0.30711605287876476,0.2462837259447429,0.3391611950933985,0.3133126963635438,0.36471864776949525,0.23344438429184192,0.15231564384106758,0.05715422664575207,0.3084542169287932,0.14776440539152402,0.2829633948278016,0.2884928071368749,0.1145546162495315,-0.21635595533900617,-0.049308013714793375,-0.21993410976461825
#12,0.47288043050754913,0.543898906610771,1.0,0.6097474978830911,0.1855568974213042,0.32126394499275857,0.3485181637724011,0.18098529962936744,0.023559460847596442,0.521677609813203,0.32020525918831005,-0.04069138475918137,0.134676124506633,0.06232735046294368,-0.29629459968443017,-0.21014774404604913,0.5832040052379035,0.6706334994470587,-0.2333879333879334,-0.23434621061739705,-0.33733486953825936,-0.17223587223587222,0.07398446212005534,0.1724431673584216,-0.02502024366431146,0.22939426329256837,0.3084833678054017,0.3585465280380535,0.16995238690153944,0.1505096776283217,0.2738553653807891,0.2827065894862505,0.38871629719087347,0.26570746401254874,0.06036452477130443,-0.027798368476334576,0.1722978756877062,-0.08440983356237594,0.30175969498003397,0.30850418986012207,0.15157391598069564,0.09283767588852335,0.17441478458427612,-0.010880217659878677,0.08571560774950605,0.06800297986738665,0.08997718828227302,0.3889444143681432,0.07242373344068259,0.3034883882341509,0.36267114572199316,0.2864457678017,0.3125034125034125,0.4180133908947468,-0.10096105350342638,0.3322348542687526,-0.3775913047099488,-0.3092593363779804,0.04859543673102995,-0.09518732908563417,-0.07782636257212529,-0.018608438947422,-0.208764234187963,0.1192770582601091,0.36762772017009304,0.2634711753355821,0.014792913097997844,0.11642027235247575,-0.23099894964301743,-0.10798826561538426,0.15673917368832624,0.22147679266323334,-0.09766422817270275,0.35841141603853466,-0.3208521310216225,-0.14832891443060933,0.03921995955894261,-0.2941226280209331,0.1994863893168978,0.1503523554371012,-0.1391565679701273,0.22173313529245733,0.19156891868756276,-0.16151575304117677,-0.10481035735273024,-0.22198485079841013,-0.04275091732718851,0.0797401407570899,0.20435088401190096,0.14518848586645197,0.16140331394568683,0.1412438632777616,-0.051687743213166944,0.0009411568733602632,-0.13931759185996473,0.5700569598874684,0.4683245649347344,0.6030270640440132,0.6396854481600245,0.514657801098479,0.6159695905458618,0.32890702721211196,0.3312543668475872,0.5315204264356806,0.596441279492127,0.4512120749408885,0.5408112272519052,0.019423738067805865,-0.08139294918955936,-0.053046266605588636,-0.3081441996696234
#13,0.7398247245704873,0.43851848767103,0.6097474978830911,1.0,0.23270404456845134,0.3975971348852705,0.3027216739081146,0.11321876576113864,0.28671090196513926,0.39478199308707784,0.24858803333379603,-0.02535247111518298,0.37253802338548103,0.2905824160061448,-0.1504657199572454,-0.10834131512097614,0.4128957925568095,0.21647394698242156,-0.17498345803430548,-0.08167659184608338,-0.17930750473123355,-0.0149298759468251,0.12183308115511506,0.048420994183706045,0.055939144074737296,0.21350657282860672,0.13792482775533624,0.2217206420596251,0.10204935289681052,0.13122151427236173,0.2832701731006816,0.0789095721299111,0.13160972991481465,0.0024773617993956976,-0.031213648162800704,-0.02298477213731451,0.03254996136352069,0.047086069119967426,0.17775001503815063,0.1517566873499077,-0.13984832289917035,0.13813582457650253,0.11551243076666806,0.2909983943882249,0.19516002905833416,0.2596033629931935,0.12974638737350602,0.35222819121124205,0.01310586395332158,0.1643813304830254,0.216969049172439,0.15664200409963122,0.10666490835982362,0.14579417630265087,0.033109843279334805,0.14017453508978933,-0.2401352045419842,-0.05702929431742991,0.022489207234969947,-0.11115090437124335,-0.07546976869010767,0.014366755044721147,0.2344512463156531,0.06854712956407871,0.12009143195583874,0.012742172064205963,0.30617813499169433,0.37671631569936653,-0.06683185496744819,-0.0021354173896546776,0.057435555740640486,0.19615254700000462,0.000654275230546417,0.33215202876219824,-0.08529916665509886,-0.01831646746900984,0.07903080275961633,-0.11908410721970045,0.2831716153750052,0.2673116876506707,-0.16285900692680352,0.274810403623963,0.4076477093426246,-0.09694609864101389,-0.12202186778457964,-0.3170134695558424,-0.10555439877473775,-0.1172522291166359,0.12301207216461454,0.26113771706992045,0.2723538638792876,0.2632264005145361,0.028394804665991105,-0.17534622449876688,-0.18981477625545423,0.22432756331061415,0.08743643489406201,0.31252932439373116,0.2365121670206416,0.3056742412674616,0.33944391232526827,0.3735444226969651,0.03287571084181254,0.3935197138586969,0.12486986215799775,0.1645793713590324,0.2098687285127963,0.10108043328382312,0.013848979950674866,-0.1958536348366857,-0.33144454161403314
#17,0.31055678174322243,0.07234831133136217,0.1855568974213042,0.23270404456845134,1.0,0.43814739238468053,0.18113059130008283,0.16838888194820398,0.2148743504675708,0.23950267679081239,0.055239060323806086,0.2992082992082992,0.23996168741931453,0.2782733426801223,-0.08602377415936738,-0.202315412484904,0.21152431321922846,0.13774668350939537,-0.04532452329062499,-0.09518732908563417,-0.09064627030728725,-0.11908133094573772,-0.23467427365732452,-0.19256698917715867,-0.28342194274397664,-0.11618012465470093,-0.07384888740820944,-0.17914046558114355,0.1189985054391834,0.33437767505564114,0.04193376735749617,0.0977067977067977,0.3107876751944549,0.2527899239763646,0.3085921052022747,0.10950364848669933,0.368404614167326,0.2966805017652475,0.28002748511223086,0.2295307634290685,0.17055854005006546,0.26761800321122353,0.17581587751079278,0.17312427990394091,-0.003371784727716931,0.03892474909424062,0.19569492450848383,0.0689316435079147,0.18371206337308033,-0.04146041264685332,0.19314491687373042,-0.03815525849424155,0.055942383061027126,-0.14775607656963588,-0.1536528824664418,-0.05305690898911238,-0.23299416519755503,-0.1037752698769648,0.05391986747918951,0.15060083195676416,-0.1231346909313011,0.02011549299684893,0.1904417514587006,0.05870847735254515,-0.07497420378776311,-0.08636433043212705,0.23964380405058372,0.1402175673362114,0.08194774126977517,0.02938824803231583,0.01718652396618498,0.008037313122058885,0.0676577964713558,0.30644003016884375,0.03301498725227539,0.02491752152769102,-0.13713590323759814,-0.03052605764470171,0.11229611738086315,0.27498206989732416,0.1645678035508544,0.38815225086411526,0.0010286095031857743,0.062482821804855704,0.5100056913616235,-0.10990852177292855,-0.024659328049158557,0.03533965398372178,0.1948782372511186,0.11347742195199823,0.33649504666453817,0.06427259308615241,0.10812060134094033,-0.12021543885950665,-0.0653451602604145,-0.1341532595769884,-0.05372923000041644,0.09779239948731475,-0.020261247379891448,0.18013252081048692,0.05452324435375283,0.10794245709499947,0.24187777916591477,0.11302766557003845,0.11183247962908979,0.10386272250679031,0.1172013307606528,-0.07651133413845278,0.16995007333990386,-0.2430771295178075,-0.20149224725495912
#18,0.3501876298486468,0.14085981204625272,0.32126394499275857,0.3975971348852705,0.43814739238468053,1.0,0.32774469384638877,0.2730460815206578,0.19258318410860784,0.30833437443606937,0.18306426611511356,0.42119361271903644,0.5592419846657135,0.25712044864587236,-0.2717435463198175,-0.2655663367527774,0.3322320779947899,0.15168311608989576,-0.13821911279538399,-0.09332398654432553,-0.22201492709967285,-0.11883239171374764,-0.07235201302997914,-0.026697575850118224,-0.23293632615666515,0.019346927821504094,-0.062318558928728424,-0.08103666069767765,0.28957092685906244,0.3837773058112041,0.191989524192914,0.06186371271117034,0.32516969974597093,0.25215970978682845,0.2887991226974278,0.19729174474937186,0.39025435296621735,0.29446040801973006,0.4086624374759968,0.2759426606884234,0.10213356654034621,0.18791395401564892,0.1883155883155883,0.26176931939643805,0.14020137240476224,0.18169324948985965,0.32198577622306435,0.18165623250369012,0.16067454203047424,-0.03232091876159673,0.05730183187810307,-0.12284503301452454,0.04394425241882869,-0.1489017522915828,-0.14849178916975528,-0.13678192830735203,-0.2982999949101644,-0.24227524905491007,0.2674930708829014,0.039041352600674636,-0.1036688460417274,0.015570732519885062,0.12218936964699677,0.11153032847948102,-0.043661072474631794,-0.06529935174002971,0.34662335679284834,0.328720554144283,-0.11005797785458803,-0.10715306986493427,-0.023314686026550433,-0.025319155827630405,0.04154092459177205,0.3073520361655955,-0.06346701092463804,-0.09559590407048034,-0.13482974499923653,-0.21330344211700145,0.31790002637460263,0.41988089784699956,0.1822684009124687,0.5665560784204852,0.3511264731603715,0.0844283420554607,0.2836102666611141,-0.0642600998533202,0.024351161639297233,0.07941439127879805,0.28790469976910654,0.37306505272606966,0.2586177857364298,0.322435069892697,0.07871153125390414,0.006834261071549207,-0.015435620520366284,-0.12128291619817043,0.03605315639213944,0.10406261423210576,0.1563851987580801,0.15892132502301995,0.05359041630228071,0.22922167159455295,0.23900526103915934,0.17476922222684935,0.1361924328026023,0.19540295303007169,0.17570852825090114,-0.1234447081904709,0.16156341241087005,-0.1469009841891198,-0.1456350032621219
#26,0.22174285225132684,0.44443704104721055,0.3485181637724011,0.3027216739081146,0.18113059130008283,0.32774469384638877,1.0,0.2049477829138846,0.25737355228880654,0.3976096281181027,0.3291605935673732,0.26135056474039525,0.34898272694882865,0.20386364793144454,0.002067398677568169,0.10820897939542007,0.2959572823979604,0.11818043004483682,-0.06398987585428263,0.014084037812851372,-0.08488457641000013,-0.041330853195259976,0.05989117006066159,0.09646996765640833,0.001772650925193298,0.03843196046585877,-0.0562056663751579,0.006279468991333398,0.11859363215295418,0.22148512148512148,0.048675948675948676,-0.01722354095235451,0.11093620585146009,0.05745452694605237,0.0760055895649116,-0.2524979524979525,0.22449969229630246,0.1322283762961729,0.3446753378956769,0.08782187426255222,0.0767658259183683,0.05877649606463166,0.2783085088169834,0.23672825367740621,0.2856341703799331,0.18295460329358634,-0.10517590009115432,0.08929977743537065,-0.1355529643665237,0.015251923726499998,-0.07378457039473989,-0.14871204023746395,-0.1594293831581967,-0.0035337340422086183,-0.14639246334161587,-0.0342624596861885,-0.3233142233142233,-0.1886959378484802,0.09765266036452477,-0.13347584873008603,0.09525442237306644,0.06857304145439738,-0.10986225054021664,0.33833988071276205,0.058341083764812576,-0.08523022251835811,0.5066496388530287,0.5086869612293341,-0.06437624064742709,-0.03868321325948445,0.008805415585076602,0.04103610544288511,0.09432622144486551,0.2552871824058265,-0.02336928608115049,-0.0754656042791636,0.12057172735138837,-0.10524438151556796,0.6052721442551952,0.245196351976013,0.09824030501996604,0.5284054470495149,0.37142011040316125,-0.017439164896792016,-0.02720655940994924,-0.15540100963829778,-0.0797836357158391,0.04017962492538764,0.47767042851788616,0.23283545486935317,0.27865831933628543,0.27487101893881555,7.310854768481888e-05,-0.11533243567141872,-0.1760634286058015,0.14357593340644187,0.021427745156558715,0.07917655714265884,0.10652702008634211,0.07974800686665093,0.0462985327392107,0.023871791668401837,0.10434486875164842,0.009762767389886034,-0.029913889235923134,0.009221393967156679,-0.005292040885261224,0.11930805998602609,-0.04849271459440951,-0.10484367264028281,-0.1990727244964533
#49,0.2530795818931412,0.08083630626003507,0.18098529962936744,0.11321876576113864,0.16838888194820398,0.2730460815206578,0.2049477829138846,1.0,0.2722400366468163,0.34271482576567325,0.3449830415932111,0.5058130549655974,0.13059176279515264,0.1909956181142622,-0.1508312626956695,-0.17772225229852348,0.32643244168667895,0.14623606657504962,-0.2232776690403809,-0.28241508072016547,-0.27259216072775394,-0.19536408519459367,-0.06330552432247348,-0.09153699153699153,-0.06838055312631584,-0.1065603353738947,-0.19644127949212695,-0.21185237625915593,0.12156609614236732,0.05664339223661258,0.022825599096785536,0.16880069591934,0.226685082617286,0.24211515058972685,0.0804374482340584,-0.04607643082219354,0.20164355418592705,-0.0567553686197754,0.294965227168617,0.09781831137763342,0.12576058338770202,-0.033795120235798205,0.036036498748363156,0.003214462536496435,-0.001312714872036906,0.0017175881582661243,0.027295862889083228,-0.052623810250928896,-0.05029821809482826,-0.226067361660582,0.011366065603353738,-0.20049093777907337,-0.06361970599258734,-0.08876164299893113,-0.22157905208752665,-0.06489586659078185,-0.3334138452782521,-0.418775478097512,0.18052675171319238,0.010529481715922395,0.040440594677882816,0.06224174868242665,-0.03694665389580644,-0.08720739229213806,-0.010698371715320868,-0.24797355136338187,0.07143491719762907,0.06377980445777055,-0.06442898985271867,-0.1318864318864319,0.13587963926946978,-0.01806752823701976,0.04724940657144047,0.1071151274541105,-0.1545709037234461,-0.308138647121698,-0.13717199479911343,-0.2571597791936775,0.0176857905671465,0.0947061082654303,0.01715691037724936,0.2397890957212991,0.11076222601646331,0.15021354173896548,0.12262987178241415,0.2827255606916624,0.058255019271968425,0.19031820726735982,0.11340986595223883,0.1748159561718884,0.11074047853708871,0.2450802111819061,-0.050105267054419596,0.21795277557989423,0.19583049922032972,0.029306347950415746,-0.0023334582656616555,0.1279880805304534,0.16568756738248264,0.12760958184687,0.01839003872902178,0.11997529116173183,0.24602830874017315,0.261672149807743,0.23291735495125326,0.19181832063187995,0.20220760051268527,-0.033097812758829705,0.09111638603164027,-0.05277604260655108,-0.05005853310938057
#50,0.2570751028378147,0.3780859441876391,0.023559460847596442,0.28671090196513926,0.2148743504675708,0.19258318410860784,0.25737355228880654,0.2722400366468163,1.0,0.2680719240041274,0.20092172295562127,0.026929857438332015,0.17075704363839958,0.5697714663816359,0.32592901067477337,0.10377018004136648,0.07249823012534877,-0.12172665731987765,0.18083584354770796,0.13987932462508734,0.13725713386730337,0.07445133885811851,0.0908919705529875,-0.11351675249980335,0.21634022311988413,0.017962492538763725,-0.1038724394656598,-0.22140229597856717,0.05916378628243035,0.23214508807729148,0.05176547888412295,-0.03718217447031006,0.15482123109241752,0.11839559127694721,0.21876668656329673,-0.029712146661299205,0.170389650050667,0.17949212694975406,0.31915027508247845,0.15766552376721868,-0.05583734736277109,0.2561182137453324,-0.04192914023422498,0.3127329178176636,0.14280181568317163,0.047396086379137226,0.026048853167497235,-0.115496698547546,0.03090964616388345,-0.27362169565559397,-0.05234849641629303,-0.2469500316957944,-0.08773025722178264,-0.1608161320025727,0.08408593493339256,0.034523892151010795,-0.23690315893705724,0.05008259415039076,-0.09084199762165864,-0.06582267938200141,-0.1034388780151492,-0.002798946866743477,0.3418393740427639,0.1320178421873337,-0.19674481877871708,-0.15989255819764295,0.5171832849798952,0.5242234530370123,0.39710295811990726,0.32950809052503965,0.23670743162268587,0.1933401814757747,0.10930884659698219,0.0700310479971497,0.09224262783584818,-0.01945196351976013,0.07073483344669786,0.008718888379905329,0.20735064802861414,0.28148456623032897,-0.17559053660748575,0.2668489753235516,0.2636576484034111,-0.11749654122535479,-0.01695424237797119,-0.28379257531799906,-0.2646820934956528,-0.21404748353900896,0.15827028877876337,0.13921070531240023,0.2345484159043481,0.0708329284600471,-0.09272014695743509,-0.36520495842529743,-0.28117732524512185,-0.045682199919488055,-0.06943692536912877,0.03426384782316986,-0.1504879301489471,0.299537750385208,-0.042396479684615275,0.0901414511584003,-0.07522268030742607,0.13300989741667707,-0.18818278987770512,0.02163365214212672,0.03701513532022006,0.12657773335739436,0.01873707297436111,-0.279763739085773,-0.18620885909021503
#51,0.5008361211751042,0.4674037674037674,0.521677609813203,0.39478199308707784,0.23950267679081239,0.30833437443606937,0.3976096281181027,0.34271482576567325,0.2680719240041274,1.0,0.4945881166220149,0.19946047742657913,0.3775704826552284,0.3247352128708061,-0.19518732908563416,-0.2248420994183706,0.7353253099015811,0.4443657833488342,-0.2081127352313793,-0.08731890596297376,-0.24575715931648134,-0.17335008351957504,0.05936460343240004,0.15013534335568235,-0.07665384953520547,0.07629802375565087,0.21538796115067302,0.2577321543423238,0.15971024954075802,0.2799728850576308,0.13308994664926868,0.238355150219557,0.4803162176043532,0.3012377554750436,0.07435972181734894,-0.15413873040991685,0.1829703355127084,0.09143658296200669,0.4588190655987266,0.24327979751708564,0.21226974277821736,0.11777555675860761,0.14297672094282263,0.1031237709203811,0.14374482340584036,-0.05115793759861557,0.18261589787013516,0.28583221125594005,0.17571084181253674,0.2109653567280686,0.24703609618863856,0.15664200409963122,0.27441385915962185,0.17734652988890276,-0.13763008000296137,0.1428286529981445,-0.4245468889536686,-0.261085430576956,0.1412396988668175,-0.1837935007426533,0.10331718467311687,0.057468871028193064,-0.005076879653150839,0.2341509460153528,0.19526922916753425,0.10813725898471661,0.25715052494713514,0.1573323708916929,-0.20495796258508123,-0.12264143959059214,-0.05696220102999764,0.011260104480443463,-0.22878394573309827,0.4129392875155587,-0.3914652711262881,-0.20334541012507115,-0.139198212079568,-0.38815872883669494,0.3521846962524929,0.3093421618845348,0.10266938741515012,0.3879005353581625,0.1721308365376162,-0.12086277340514628,-0.031922523447947174,-0.15783950360221546,0.04869491988136056,0.20276192988057395,0.27128731196527806,0.052929663099154624,0.21787503990893822,0.19579255680950597,-0.08982588135130508,-0.006322963950082594,-0.13338654525095203,0.3101241457173661,0.2702489855032228,0.45993235145777517,0.3276373445864971,0.4076833381918128,0.2975193992143145,0.18485820180735435,0.28165206809274607,0.4428670581212954,0.361407941068958,0.41860242368716943,0.3744878931319609,0.026697113137791103,-0.17286192201446438,-0.01267091436582962,-0.24482803296362618
#52,0.35812036998477675,0.3884321918220223,0.32020525918831005,0.24858803333379603,0.055239060323806086,0.18306426611511356,0.3291605935673732,0.3449830415932111,0.20092172295562127,0.4945881166220149,1.0,0.1416607670844959,0.18069286543862814,0.2531517650161718,-0.10585192280107535,0.022551673399131025,0.37297574924693566,0.2751042259516836,-0.05822355483372432,-0.05932388474761356,-0.22298616027429588,0.07450131178944738,-0.057020040070887526,0.1638288519644452,-0.04679085865526544,0.12846421151505896,0.04297533280584128,0.07609211677008287,0.15281676129133756,0.18557540591438895,0.21172698121850664,0.036813392745596134,0.1952701545921885,0.017832933087170374,-0.041300314181670114,-0.1079530994785232,0.04177737059092991,-0.046962987640953746,0.20960637062331977,0.04767926632333412,0.028520662418967505,0.07814887306412731,0.08308647630681529,0.08932059949009101,0.15126852584479702,0.14349727231083162,0.0044434264773247825,0.1223596477833766,-0.06227552668230634,0.06556263505416048,0.10891045128333264,-0.006006006006006006,0.09982925915129305,0.06585506924489976,-0.11115275522055183,0.16192525345067718,-0.40734602090534294,-0.2201414048871676,0.056952484071128136,-0.11565957328669194,-0.0372677762508271,-0.008398691449538908,-0.18724903640157878,0.11582476158747346,0.23340320289472832,0.019744397710499406,0.21121660952169427,0.24842099418370606,-0.03057047802810515,0.002360758292961683,0.08733510089442292,0.15769883905477125,-0.005490081761268202,0.1782946274471698,-0.29424524678761965,-0.17104022358259646,-0.022600258193478533,-0.2629945816386494,0.38271954543140985,0.18827116793218487,-0.019872106312784278,0.3482590448692144,0.20072460750426852,0.14690931301100793,-0.09959651485075213,-0.03839540619201636,-0.062206119833238475,0.06975110703924263,0.24891285738743366,0.15626766982699186,0.22737683754632906,0.13390617119430678,-0.08792182012520995,-0.006858322112559401,-0.08900502968299578,0.22883391866442715,0.1550336160505652,0.22125422803388906,0.23283221588306335,0.2531827667420888,0.16605403554556097,0.2382223517816738,0.06533960771248906,0.25276956463397143,0.16415969127833535,0.23266101232202926,0.1371035133746998,0.019237727712303983,-0.3313228482720008,-0.0727314371382168,-0.251591036336799
#53,0.07494181392486478,-0.0681760342777292,-0.04069138475918137,-0.02535247111518298,0.2992082992082992,0.42119361271903644,0.26135056474039525,0.5058130549655974,0.026929857438332015,0.19946047742657913,0.1416607670844959,1.0,0.27717162462925177,-0.013590323759815285,-0.30464100464100463,-0.38837944261673074,0.29335313742093405,-0.02265855994669554,-0.4397534668721109,-0.43106465479346834,-0.29568844653590415,-0.3232512944377351,-0.16468116807099858,-0.15217636743060473,-0.26831531068819203,-0.14545223189290987,-0.3565892548943396,-0.35873762822915367,0.23241114766538495,0.2333111231416316,0.11405396151158863,0.20672367282536774,0.17484742061013248,0.20871611210594262,0.27227751634531294,0.15672297875687707,0.26092348126246434,0.15375560460306223,0.265234572014233,0.09245963991726704,0.16731215036299782,-0.03331667568955705,0.185730877256301,0.01916600730160052,0.00851159325735597,0.05377133682218428,0.028216197707723132,-0.0744846541456711,-0.12943498197735487,-0.24545223189290985,-0.03078193756159858,-0.26171379391718375,-0.17805540517404925,-0.4371090659226252,-0.22591883100357676,-0.46770314227941345,-0.1331681450325518,-0.37067005372090117,0.41691907624111013,0.04504689589435352,0.16168927016384643,0.2773867858613621,0.015139484631010055,0.03630348376111088,-0.25271218830540865,-0.46123534937094257,0.1134695558424372,-0.08233225521361115,-0.273435222587765,-0.3412193395244243,-0.13848424695882322,-0.30860321029812554,0.03350176062040469,0.14207628275424886,-0.02679890984975731,-0.19302183539471676,-0.09162629501612553,-0.13690547249869284,0.12651387905625194,0.1661178898467034,0.34025504703470805,0.34934826968725274,0.06352346182854657,0.47000328525752255,0.47011387350370404,0.45625702744346813,0.35548753684346907,0.24693337405201812,0.13323246204602138,0.3628890832280663,0.1871921227853431,0.44101713423747324,0.21338719304821,0.36978303418981384,0.38709356505966674,-0.22339427254681493,-0.11254644474983458,-0.07394189258596039,0.014227478634258295,-0.10163753892567452,-0.17392662307916545,0.18505763082034268,0.32731853579311204,0.004452218011540046,0.08895598217632116,0.05209678091034023,0.029344290361239513,0.03139503139503139,0.2701083209557786,0.03069402221944595,0.13924679687391553
#54,0.44249827639658146,0.1603251942234993,0.134676124506633,0.37253802338548103,0.23996168741931453,0.5592419846657135,0.34898272694882865,0.13059176279515264,0.17075704363839958,0.3775704826552284,0.18069286543862814,0.27717162462925177,1.0,0.1840674264403078,-0.18980413387193049,-0.2376865309068699,0.25295881397576314,-0.08465044397247787,0.055759148979487964,0.20590976184196524,-0.0028739062637367723,0.09740557198184317,0.010948699084292305,-0.004479055326512954,-0.0800233207012868,0.04422419337673575,0.17040029243419075,0.2048631065580218,0.16381589601928584,0.24548323361882685,0.021609591101116526,-0.0866613917461375,0.06871416871416872,-0.05477033273643443,0.03350176062040469,-0.11683902700851853,0.23122845495726851,0.22327720632805378,0.31562209358819526,0.08510436476538172,-0.00786842312266041,0.17691435657537352,0.32049584252974084,0.5069777018929561,0.49087068578594,0.29321015931185423,0.2912348403873828,0.2003243613413105,0.1864628881578034,0.07958559483983213,0.03330233160741635,-0.05886579954376565,0.0019785579107613007,-0.08123099987506767,0.02456493473442626,-0.08036295154939223,-0.1204273611053272,-0.007242373344068259,0.11963380946431794,-0.072254380728957,0.0703993670095365,0.023008833178324705,0.2358898189406664,0.1284457030219742,0.02470374843256199,0.06494676494676495,0.4424968882596001,0.35459403933980205,-0.16483802754989196,-0.16160228024634804,-0.23676018082797745,-0.1099580319919303,-0.036953131868386106,0.24412794921269498,0.04792913097997844,-0.020582832447239227,-0.07566225701818922,-0.17431946584488958,0.47278603719281687,0.3924175330954992,0.1688205925494061,0.5193672871638974,0.4472327489276642,-0.028251826556911303,-0.00983263695128102,-0.2568409704002924,0.031672658791302856,-0.019998426778087795,0.3141497429633023,0.30193182396572227,0.3804467024806008,0.2998005709870117,0.08896940083380761,-0.12049445439275948,-0.15035651984804527,-0.12960248383977196,-0.2094615416649315,-0.07611849137272866,-0.0679002577307662,0.019672214587468824,-0.08370280912653794,0.07204847374338899,-0.17079267248758775,-0.0065371997575387406,-0.15633753938838685,0.018027272264560402,-0.0735356311627498,-0.007344632768361582,-0.08255990967855374,-0.06879838235770439,-0.17652706635757484
#58,0.21410532257989884,0.2596149308013715,0.06232735046294368,0.2905824160061448,0.2782733426801223,0.25712044864587236,0.20386364793144454,0.1909956181142622,0.5697714663816359,0.3247352128708061,0.2531517650161718,-0.013590323759815285,0.1840674264403078,1.0,0.11020465766228478,-0.0761268201946168,0.07087318443250647,-0.1614366292332394,0.07283277113785588,0.06770360499174058,0.01937330242414988,-0.006150372252067167,-0.00939676193913482,-0.11439312964736693,0.08607929963862167,0.01961715182054165,-0.19272384865605205,-0.212159617244363,0.11066089201682422,0.2530407140576632,0.012708394064326268,-0.10519024417329502,0.18060356195949417,0.1102342712512204,0.2098539217183285,-0.05954644937695785,0.18319243742972557,0.21805364686720619,0.24133733116783965,0.075443856799789,-0.032230689857808505,0.2641226742921658,0.07166673607351573,0.3224036054544529,0.2118611677933712,0.06180864994424316,-0.0010077874484654145,-0.06952900512222546,0.08217215674842794,-0.2605546995377504,-0.11453148063317554,-0.25711443338561984,-0.07580153342865208,-0.1518024958702925,-0.06573245047821319,0.024339131118792136,-0.0705543756391214,0.07301276623310522,0.020277442311340616,-0.14157516530397887,0.040979191826649455,0.060675930167455594,0.45748367782266086,0.06381774686859433,-0.24811930574642438,-0.17427041833821494,0.6709819218293794,0.5129110620636045,0.26366505180064503,0.22805517381788568,0.14237334406825933,0.1371173947445134,0.07829971728276813,0.11577710221778019,0.1921977447401176,0.024593160186380525,0.14613103087679358,0.12408695290051222,0.242438123794056,0.30958554856859943,-0.01846222185205236,0.3248666231717079,0.31392347663534104,-0.10409685494431258,0.00042800890258517377,-0.24501681959309077,-0.1725616217141641,-0.14147707029062961,0.1934637256671155,0.2545537833673427,0.30188509002068326,0.21924466839721077,-0.0046932911339691,-0.25349463485056706,-0.19775954691208927,-0.08809811352184234,-0.10181244418532553,0.05307125307125307,-0.12432663788595992,0.2880513795768033,-0.06690357537815166,0.06333930232235317,-0.0865859696368171,0.24838443990986364,-0.14412008310313396,0.07398446212005534,-0.02587070892155638,0.15820273277900396,0.0879690167825761,-0.14789350213079028,-0.07176899549780906
#101,-0.25500307703697533,-0.11743777675981065,-0.29629459968443017,-0.1504657199572454,-0.08602377415936738,-0.2717435463198175,0.002067398677568169,-0.1508312626956695,0.32592901067477337,-0.19518732908563416,-0.10585192280107535,-0.30464100464100463,-0.18980413387193049,0.11020465766228478,1.0,0.5315065450658671,-0.2826145097331538,-0.2875044536061485,0.4832956222786731,0.3883169764525697,0.6182794504828403,0.278555597199665,0.32464914837796194,-0.15026629094425706,0.2971617225854514,-0.23278224295173447,-0.178870241582106,-0.3341564985632782,-0.12925313603279706,-0.04968836324768528,-0.2594534441992069,-0.19317638131197454,-0.3637034569237959,-0.23219876270723727,-0.0004368004368004368,-0.1131766589393708,-0.0867432918280376,0.04086536459417815,-0.1984041051837662,-0.22505078267790132,-0.07743259438174692,-0.016378628243035022,-0.23697765562172343,0.08781354544066408,-0.06441464577057797,-0.10461555546301309,-0.22696502357519308,-0.44454624115641067,-0.14730493205069475,-0.3454360369614607,-0.331102134491965,-0.24238815086272714,-0.3260576447017125,-0.11376893071808326,0.24965088354918863,0.048443204375407764,0.09521185283897149,0.2483187347594127,-0.38767889615347245,-0.28760301133182486,-0.0768750260275684,-0.1645414289482086,0.17981926456502728,0.10267632810005692,-0.2753443736494584,-0.043837365871264175,0.16561538425945205,0.2522453115673455,0.6115835403970997,0.4186764576595085,0.2627178796670322,0.08332292230597316,0.3626040524345609,-0.2399612247069874,0.328176867159918,0.039197286654913774,0.14432367652706635,0.2950563814970595,0.10796466728670119,-0.05855809584623144,-0.178279820652702,-0.18931597236681982,0.02510815900646409,-0.18613898952882005,-0.13066070693189338,-0.25254237288135595,-0.2441987441987442,-0.18978701351582708,-0.13211316092672024,-0.26469551215313925,-0.10625401981334184,-0.3212778263625721,-0.01470638589282657,-0.4120888222583138,-0.24501913315472637,-0.024692643336711135,-0.12246884789257671,-0.3351337469981538,-0.3594099492404577,-0.2287191660073016,-0.3501057297667467,-0.22646575697423155,-0.26621089502445433,-0.3064317013469556,-0.45116210200955964,-0.38941499280482333,-0.3878556522624319,0.1589301165572352,-0.09434472993795028,-0.23984045678960933,-0.010088979580505005
#102,-0.21542035101357135,0.08914152981949593,-0.21014774404604913,-0.10834131512097614,-0.202315412484904,-0.2655663367527774,0.10820897939542007,-0.17772225229852348,0.10377018004136648,-0.2248420994183706,0.022551673399131025,-0.38837944261673074,-0.2376865309068699,-0.0761268201946168,0.5315065450658671,1.0,-0.35435157808039164,-0.1257790918807868,0.36320095133654456,0.4567470397978873,0.32687016754813364,0.5979723945825641,0.18456345405497948,0.34767325106308156,0.2658971760666676,0.16674162606365997,-0.07341069883442765,-0.06685360244682279,-0.23449890568534637,-0.06167214980774303,-0.26214920621700283,-0.08369077860603284,-0.27948426084019307,-0.23164350791469435,-0.19979270487745063,-0.0841039807141502,-0.11240207850377341,-0.03851941309568428,-0.10793042657449436,0.04058496092394397,-0.077141548327989,-0.03822327720632805,-0.13663154680103834,-0.005919016088507614,-0.12988242479767903,0.13251710878829523,-0.04578445934378138,-0.28075301804115366,-0.01922801075343448,-0.08905546532665176,-0.25942290518561706,-0.10700639005723751,-0.21221884442223427,0.06116871879583744,0.145825640740895,0.2435301248860571,-0.1390941018059662,0.3475446170361425,-0.4178940111143501,0.08765020798919104,-0.3548439039964464,-0.3143903533734042,-0.12659392828884355,0.1564499784838768,-0.03539055233970488,0.05879130285909947,0.06838009041398872,0.24071729664950003,0.358867187680747,0.395396475057492,0.08704821925160908,0.14992064483589906,0.1017703373635577,-0.09862250540216642,0.036353919404766864,-0.030696335781081545,-0.010486449469500317,0.0589009656806267,-0.005150450913162777,-0.06321945982962932,-0.2291309799784376,-0.030862449506517304,0.04456891406043948,-0.23696099797794712,-0.11614495851783987,-0.3112781502612011,-0.4651637770281838,-0.02359092528584054,0.11522092200058302,-0.22287233304182458,-0.0917854680566545,-0.3215994114299199,-0.13360448275702513,-0.42292276868548057,-0.31080942267382944,-0.08540373964102778,-0.024322473475015847,-0.1474483728721017,-0.15498919566716177,-0.16838656838656837,-0.2554023977752791,-0.27822938500904604,-0.20615685022464683,-0.2490299236061948,-0.36185445846462794,-0.22042042042042043,-0.29700023598328684,-0.12564536801824938,-0.18633379141853718,-0.35942984587052385,-0.21287728406372475
#201,0.4517566873499077,0.2903825242808294,0.5832040052379035,0.4128957925568095,0.21152431321922846,0.3322320779947899,0.2959572823979604,0.32643244168667895,0.07249823012534877,0.7353253099015811,0.37297574924693566,0.29335313742093405,0.25295881397576314,0.07087318443250647,-0.2826145097331538,-0.35435157808039164,1.0,0.5810385115469862,-0.3588505300369707,-0.27904329599244854,-0.3513939208854463,-0.36008643466270585,0.0983582966633814,0.12313839262991805,-0.07842187333712758,-0.008671229010212061,0.18748085527746544,0.17572194690838758,0.3287025083635253,0.2783455258031529,0.36766427444393546,0.41885876631639346,0.5266013316860775,0.33278594465035144,0.1339450390297848,-0.0520329266091978,0.22669711313779112,0.07741223503935368,0.35925355247389146,0.2257499410041783,0.20223906495092936,0.037322839017754274,0.14604080197300537,0.042591281574332424,0.013393208308462546,-0.035418777791659146,0.14903408801713885,0.25891623518742163,0.019377004122766835,0.18405400778282135,0.3221833543867442,0.2167265879130286,0.30029474775237486,0.22383338654525095,-0.15795518168399525,0.07570251299064859,-0.4224725495911937,-0.476457659508507,0.22817547902293664,-0.2386313894788471,0.08267928945895048,0.11743777675981065,-0.1549679109001143,0.25116441557119523,0.22899864425288155,0.10442399255958577,-0.05331278890600925,-0.004637302942387688,-0.28554579232545335,-0.2088077291467122,0.0025333499909771097,0.08078818417801469,-0.22566387651133413,0.29686003414816975,-0.5094749603224179,-0.24371289625526912,-0.18564943988672802,-0.46928700657514216,0.33609989033717846,0.26109607296047976,0.11477810630353004,0.2735689464503024,0.05373246898670628,0.10724283605639538,0.0331968331968332,-0.009168182049537982,0.22322306898578084,0.1940546093088466,0.1543460255324662,0.17976373908577298,0.18021442089238698,0.28560131780470766,0.014881753864804712,0.19820097447216092,0.09267433843705031,0.4715982546491021,0.42125422803388907,0.5089160038312581,0.45598911700606615,0.3706492316661808,0.41036197985350525,0.5164036147086994,0.5146476214272825,0.44315949231203466,0.48397164498859413,0.36667592091320905,0.44007782821342145,0.027224605190706887,-0.0012164707079961317,0.0575521592470745,-0.166807793926438
