,#10,#11,#12,#13,#17,#18,#26,#49,#50,#51,#52,#53,#54,#58,#101,#102,#201,#202,#301,#302,#401,#402,#501,#502,#601,#602,#701,#702,#801,#802,#901,#902,#1001,#1002,#1101,#1102,#1201,#1202,#1301,#1302,#1401,#1402,#1501,#1502,#1601,#1602,#1701,#1702,#1801,#1802,#1901,#1902,#2001,#2002,#2101,#2102,#2201,#2202,#2301,#2302,#2401,#2402,#2501,#2502,#2601,#2602,#2701,#2702,#2801,#2802,#2901,#2902,#3001,#3002,#3101,#3102,#3201,#3202,#3301,#3302,#3401,#3402,#3455,#3501,#3502,#3601,#3602,#3701,#3702,#3801,#3802,#3901,#3902,#4001,#4002,#4101,#4102,#4201,#4202,#4301,#4302,#4401,#4402,#4501,#4502,#4601,#4602,#4701,#4702,#4801,#4802
#10,1.0,0.4293674259775955,0.3680330561686494,0.5335480318531166,0.36261238125644907,0.13649828565082803,-0.005286025625008676,0.42867382019924394,0.157503574452727,0.4238500441890272,0.34842330774534164,0.20858840350365773,0.03231027637807299,0.04104489697710037,-0.2930283133672964,-0.03947769032514795,0.2978877182267013,0.20974842330774535,-0.24337974337974339,-0.11344595751375412,-0.29864795458015797,-0.24178246042652823,-0.14958749196037333,0.0222337900304002,-0.15126574957083433,-0.012959646857951942,-0.035328548887870924,0.13973403295437195,-0.1117598337937321,-0.024149419064673303,0.081558600202668,0.08794356760458455,0.14003525867932648,0.15217220301966064,0.02387641879167303,-0.03370859303062693,-0.05977225299259198,0.026763743712896255,0.08099733014987252,0.1492238000712577,-0.023292938547175835,-0.13573110861246454,-0.22588597842835131,-0.14546379970108783,-0.15829620066908204,0.0067597643868830305,0.10219279371821745,0.2198822859839809,0.003410189850867817,0.004069092204685425,0.04288695475136153,0.030722247671400214,-0.08431035041204532,-0.06752869973208957,-0.19064580759496014,0.048185936321529545,-0.037715681783478394,-0.03516521143639788,0.07637992383755096,0.03306218390964154,-0.007073483344669785,0.0543506526557374,-0.14868797919645377,-0.07962307453832877,-0.03921949684661549,-0.020818353021742852,-0.04033740982893525,-0.21482900465951313,-0.10064085657305996,-0.07401453842131808,0.04842423316999588,0.059763461458376715,-0.31869589157724754,0.022609049727693797,-0.18995497809057132,0.03305478051240763,-0.10070517358652951,0.005139345817311919,-0.19837310345784923,-0.0778606032843321,0.003950637848942934,0.012003683190123867,-0.01438618896246015,0.20868325953071715,0.21604177366889232,0.14754970687174077,0.17971885599004242,-0.02868261173345919,-0.027867312613075325,0.10155795240541003,0.022085259373394967,0.19539323607120218,0.20426343138207545,0.03086892747909697,0.1029086096882707,-0.004529028257841817,0.020417644146457706,0.18640828810320337,0.08156461546292054,0.07519584299245316,0.15866775866775867,0.19034273102069713,0.060503801181767285,0.3439932999255033,0.006490465812499711,0.023617762600813448,0.031103985341273475,-0.012381719161380178,0.047013885996936844,0.04347876381774687,0.05291069189374274
#11,0.4293674259775955,1.0,0.3580750241767191,0.33637798044577705,0.16483802754989196,0.09442848086915884,0.16409629968952003,0.0697261205735782,0.48095198434181485,0.3816044087230528,0.29454554708791997,0.04761772558382728,-0.002089146156942767,0.019346002396849856,-0.20877811555777656,0.07524257693749219,0.13946288353068015,0.13986683139225511,-0.22131530606106878,-0.09366408010475807,-0.12182151334693708,0.10092311109260262,-0.04378646751528108,0.09588741283656538,-0.15164424825441775,-0.1682736665787513,0.013458913458913459,0.02179884044290824,-0.2568525382084704,-0.1224568173720716,0.050845606777810165,-0.04054007782821342,0.017766302512065225,0.009699375801070716,-0.08150122387410523,-0.059389127185737356,-0.18206110578991935,-0.11837014209895566,-0.0497323209187616,0.01630135528440613,-0.05315731756409722,-0.20609114507419593,-0.09754160940601618,-0.04250336623217979,-0.20229782941647348,-0.013755049348269687,0.037322839017754274,-0.03976087026934485,0.10866151205134256,0.010499405414659652,0.13376226766057275,0.097280639653521,0.08804536431655076,-0.009990421854828634,-0.024262783584817482,0.0739738197365316,-0.0309059444652665,0.04658217539573472,0.023069448493177307,0.0356501339552187,-0.05846694151778897,0.0304506355353813,-0.2981574795134117,-0.10377573258929192,0.05975975975975976,0.1340926442621358,-0.080105683495514,-0.12072210885770208,-0.03523693184710134,0.037502371400676485,0.13688927756724367,0.27723455350573994,-0.2740006570515045,-0.00904417514587006,-0.1808538893284656,-0.010493390154407103,0.004313404313404314,0.12059763924170704,-0.19792889962381488,-0.07387850099714506,0.04289713442255815,-0.11767653632060411,-0.12293526191831276,0.15180434671960097,0.07170143949804966,-0.04688155027138078,0.021312992499433178,-0.1949069254154,-0.14501959586705349,-0.06878357556323658,0.0433390246949569,-0.026680455494014817,0.14471328030650066,-0.052376721868247295,-0.02450200585793806,0.07207068393509071,-0.08450515230176248,0.26763188458103715,0.007168339371729202,0.06837823956468024,0.1536357621103384,0.135076370669591,-0.07652706635757484,0.14743310336530677,0.0349671705603909,-0.043227048311794074,0.033132053471036524,0.022692800658902355,0.010408713798544307,-0.007750431479245039,0.06796966457983407
#12,0.3680330561686494,0.3580750241767191,1.0,0.6233729877797675,0.12203389830508475,0.203581856124229,0.19490877626470846,0.11416362433311586,0.13793500742653286,0.43680645206068935,0.206281782552969,0.07100644558271677,0.12744763253237829,-0.0690357537815165,-0.09440349440349441,-0.0379192752074108,0.5635850025680534,0.5882147170282763,-0.28583036040663157,-0.30827422183354386,-0.21401139197749366,-0.16919261326040988,0.15971533937635632,-0.0023029192520717945,-0.050026605958809346,0.02508224711614542,0.1178458890323297,0.18357695137356153,-0.1006709328743227,-0.1358949087762647,0.1274980681760343,-0.004477204477204478,0.10776061115044167,0.10159404396692533,-0.3142015667439396,-0.18466663890392704,-0.3645335628386476,-0.20284429267480114,-0.13647885173308902,-0.022989399260585703,-0.11066459371544117,-0.3134408676781558,-0.18099362845125558,-0.20237463966277525,-0.3214407011017181,-0.1845639167673066,0.03982148558419745,0.10188694086999171,0.21236459880527678,-0.009651716431377449,0.2904218548286345,0.22909997825252063,0.268858997672557,0.07491405118523763,-0.1290870223073613,-0.013677776389640796,-0.25823234636793957,-0.36814364441483083,0.06945913556083047,0.1781150950642476,-0.03211778804999144,0.07462439326846107,-0.3868973750329682,-0.07284156267207115,0.2721618382635332,0.17540822795060082,-0.18780012678317762,-0.07063396215938589,-0.007805956958499331,-0.030844403725759657,0.29165822216669673,0.3779818339140373,-0.09508321881203237,-0.009126537940097263,-0.20073524988779226,-0.06370993489637558,0.027673436148012417,0.03914731372358491,0.03993670095365011,0.08614639292605394,0.03922597481919516,-0.03946982421558693,0.15733098275471158,0.20821221838170992,0.005820921075158364,0.09972792515165396,0.03444060393212935,-0.13325698579935868,-0.12196495416834399,-0.05638843774436995,-0.09720429211954636,-0.11462679937256208,0.053959198026994636,-0.09037003104799715,-0.050067787355922946,0.4094180467061823,0.19557415659110575,0.44887075056566583,0.35105105105105106,0.33188782002341327,0.3085342661613848,0.39866923934720544,0.13990014667980769,0.34343665699597903,0.08344600378498683,-0.020579593460949393,0.020528695104966292,-0.004249087299934758,0.13727194066177117,-0.09065413641684827,-0.1346548397395855
#13,0.5335480318531166,0.33637798044577705,0.6233729877797675,1.0,0.25468288010660894,0.15937848480221362,0.043751301378420024,0.12370567794296608,0.009302831336729642,0.5273347307245613,0.17110500330839315,0.17468176959702383,0.11082376675597015,-0.07254079965944372,-0.06573985387544709,0.07965222541493729,0.46567137245103346,0.3388937473683236,-0.15352332301484845,-0.182323926391723,-0.0829703355127084,-0.21323588611724206,0.01733274106155462,0.07071817580292157,0.0425181730266476,0.07213037382528908,0.06383347908771637,0.02826246894043504,-0.040788554347876385,0.048630602867891004,0.1127430974888602,0.13537574554523707,0.15503731774918217,0.19893529893529893,-0.0575933406441881,-0.06746530814327424,-0.06478851733089021,0.05022325869783497,0.0822535941180009,0.09739492959831943,0.033633170921306514,-0.16360813818440936,-0.18979395420073386,-0.13089715293105122,-0.2416899179611044,-0.07196426009985332,0.15603677637575944,0.09347159177667652,0.08390501441348899,-0.10989417769078787,0.06317596487088012,-0.11048413590786473,0.028463286090404733,-0.06357112119823984,-0.12866271510339308,0.05411883377985073,-0.20681852885242716,-0.2805512754665297,0.08219390422780254,0.03932962238046984,-0.01357181526673052,0.013876279977974894,-0.1902548156785445,0.05499289736577872,0.07274393037104901,0.02560187305950018,-0.06625438998320354,-0.07317887995854097,-0.02818612140646039,-0.03547707954487615,0.13708916929255913,0.15314436161893788,-0.1832974731279816,-0.07669780720628178,-0.3323426662409713,-0.2103166340454476,-0.08530842090164124,-0.01294021294021294,0.03315657722437383,0.11186255593035255,-0.049764248069332814,0.00310294886566073,-0.0031274726189980426,0.23403341708426453,0.24156822461907207,0.08949087762647084,0.08030835149479218,-0.046097252876913894,-0.07289477458968985,0.09262667906735704,-0.1264282772757349,0.022934799205985647,0.04190322834390631,0.06476769527616985,0.08064798234289759,0.14047807437637946,0.19977697265832858,0.21163814045169976,0.14329784329784329,0.24480767362123293,0.11638418079096045,0.22401708333911724,0.25917627951526256,0.24742107284480166,0.15428263394365088,0.0694933762730373,0.07982527982527983,-0.07948287270321168,-0.014615231564384107,-0.05784366801315954,0.005762156609614237
#17,0.36261238125644907,0.16483802754989196,0.12203389830508475,0.25468288010660894,1.0,0.26589625064201333,0.00821129295705567,0.25720142330311824,0.07143861889624602,0.18127958466941518,0.2384953520546741,0.47519306671849043,0.15576655237672188,0.09685077990162735,-0.21613431613431613,-0.013241438665167478,0.17510144967772087,0.0728040829735745,-0.31442089238699406,-0.14167649930361795,-0.21093620585146008,-0.1442473289930917,-0.2197809519843418,0.05872050787305025,-0.18137582883345596,-0.13435870385022927,-0.14165660267355182,-0.008074330108228413,0.14338483321534168,0.13408200187861205,0.11646561816053341,0.1073039140835751,0.09689936469597486,0.1569154670849586,0.17608332523586762,0.10248013807335841,0.10585747534900078,0.09656991351906606,0.049592581795971626,0.003634605329520584,0.11012877284063725,0.1654390908628197,0.0176446091700329,-0.08503356977933249,0.0049468574892303704,0.12531267785505074,-0.13395614412563564,0.03374375916748798,-0.08886066343693462,-0.054266439012201725,-0.043848008254787914,-0.027348149382047687,-0.15013256708171963,-0.1147239689612571,-0.22519607434861671,-0.02246051907068856,-0.09783820800769953,-0.10504032537930844,0.15306061068772933,0.016757126926618453,0.007098469810334217,-0.0733320377388174,-0.0576659864795458,-0.017030127199618723,-0.24709486065418268,-0.06737276567785043,0.056997367166858694,-0.09374274120036832,-0.20045669706686656,-0.06949198813605593,-0.10728771915212593,-0.11763072780021933,-0.23826723487740437,-0.05551483687076907,-0.2222476714002138,-0.1466589856420365,-0.20167270506253557,-0.12775209724362266,-0.006604293044971011,0.021717865785662396,0.2092870991176076,0.21325069291170987,-0.2110551229195297,0.16156156156156157,0.40692726624930015,0.27436296080363876,0.374138545324986,0.18256083510320797,0.0358875053790308,0.31970923157363834,0.2107381649754531,0.19369924624161913,0.2991930297015043,0.15943817469241198,0.23717801005936598,-0.06357019577358561,-0.081166220149271,-0.07288135593220339,-0.2781285137217341,-0.06818621394892581,-0.049147452537283046,0.2529190207156309,0.15566845736337262,0.09602900280866383,-0.04795458015796999,-0.02746058847753763,-0.07484279348686128,-0.13022760819370988,-0.0558424371983694,-0.02994674181114859,0.015377318767149276
#18,0.13649828565082803,0.09442848086915884,0.203581856124229,0.15937848480221362,0.26589625064201333,1.0,0.09085449085449085,0.16982143931296473,0.0695928594233679,0.009399075500770416,0.07527496680039053,0.31949499576618223,0.33288589051300915,0.0901918868020563,-0.025340440594677882,-0.24758487300860182,0.021364816280070517,0.31371525608813744,-0.0977382621450418,-0.19586566535719077,-0.2012090673107622,-0.18207822614602276,0.11910030215114961,-0.016278219668050178,-0.08915865017559933,0.1056862717879667,-0.12675078776773693,-0.19324023561311696,0.3621219061897028,0.40149039640565065,-0.02831521814572662,0.24839276873175178,-0.07890540771896704,0.24975730738442603,0.2328988464581685,0.17770698279172856,0.06729410458224018,0.11980825201164184,0.033378216429063884,0.10214096993758011,0.134478083630626,0.1191919191919192,0.05020428749242309,-0.07812296117380862,-0.2202163642841609,-0.15425440849169664,-0.13159353498336548,-0.06337030404827015,-0.023490516710855693,-0.13835931463050108,-0.08925952146291129,-0.0566512583461736,-0.12832863680321308,-0.1390547712581611,-0.0177996177996178,-0.010296274703054364,-0.1581740446147226,-0.04843811453980946,-0.15279223753800025,-0.0044582332717925935,0.006166104471189217,0.018722728892220417,0.0655922486430961,0.007439488795420999,-0.15030978590300625,-0.16107663904274075,0.1577626933559137,-0.016138480545260205,0.05295187329085634,0.06803166803166803,0.03603002077578349,-0.03844815539730794,0.08514323260085972,0.042729169847813914,-0.05899026915976068,-0.12585590212708858,-0.022854287261066922,-0.04759736624143404,0.08757848757848757,0.23846481304108422,0.2721937654141044,0.41994614028512334,-0.1851696072035055,0.27204245848313646,0.11315537417232333,0.09897370405844982,-0.02160588940249957,0.2740751537361707,0.10246162958027365,0.13729970340139833,-0.04904426768833549,-0.05167154828171777,0.12548758311470176,-0.05427985766968818,-0.04451986655376486,-0.052892646112985095,0.2581509089983666,-0.1296705025518585,-0.07783839309263038,-0.008631898462406936,0.0625337201608388,0.07338247338247338,0.29050051592424475,0.04845245862195015,-0.04493445679886358,-0.17241864360508427,-0.06581203699847768,-0.04811606676013456,0.023142094328535007,-0.01624675522980608,-0.06433089483936942
#26,-0.005286025625008676,0.16409629968952003,0.19490877626470846,0.043751301378420024,0.00821129295705567,0.09085449085449085,1.0,0.06935687613653715,0.3355376948597288,0.3832660086897375,0.3289028628011679,0.17600882855120142,0.33045387452167113,0.48711577525136845,6.894413674074691e-05,0.10312284549572685,0.18096817927326403,0.07050949254339085,0.027951063544283884,0.04232753554787453,0.06846152778356168,0.08889351601216008,0.17318211894483082,-0.081146786231532,0.03515040464193007,0.10664825071604733,-0.046373492136204,0.06523919913750423,-0.11802542141525192,-0.05064895403878455,-0.17783793038030327,-0.11600938380599397,0.013864249457469797,-0.21270284151640084,-0.23560525085948814,-0.06836898531813786,-0.08985364409093223,0.15344142293294835,0.04750760004997293,-0.058175895464031055,-0.06071618613991495,-0.11115830776847727,-0.07688566841109214,0.22520255232119638,-0.04650027531383463,0.11745073270496999,-0.07719799923189753,-0.10764678391797036,-0.05853819921616532,-0.17025823974976517,0.034965319711082424,-0.03956282939333787,0.17049838744753998,-0.12391112221620697,0.09506563574360184,-0.0855231194214245,-0.15836283124418718,-0.07991828500303076,-0.149170588153639,-0.02704646094476603,-0.04448886482784788,0.09090492649814684,-0.2086092255583781,0.09680126968262562,0.03809510589171606,0.17045489248879078,0.18570033824271112,0.49585594839832126,0.13901544071035596,0.1979515725278437,0.2111083348371484,0.25985646663612766,-0.028425343679580967,-0.1313950313950314,-0.1053933748849003,-0.0619159992041348,0.040039423090270546,0.10371604269909354,0.18284031334878792,0.08188111069467002,0.138394018055035,-0.07714663816358731,-0.08159469176418328,-0.04522689098960286,-0.23268137166442251,0.005978705978705979,0.007653261890550026,-0.10210580380071906,-0.16984503764164782,-0.31461106715344006,0.07062655876215199,-0.05094555264046789,-0.11377633411531717,-0.03452574300031927,-0.10760236353456692,0.13125436684758718,-0.03522166234030641,0.04457215304672932,0.06896125709685032,0.2051245390228441,0.11968008069702984,-0.007642156794699167,-0.03757733079766978,0.05134117168015473,-0.18996099335082386,-0.05463753429855125,-0.14706015722964874,-0.009499484075755262,0.15106030529759343,-0.03450029382232772,-0.062134399422535014
#49,0.42867382019924394,0.0697261205735782,0.11416362433311586,0.12370567794296608,0.25720142330311824,0.16982143931296473,0.06935687613653715,1.0,0.341653363687262,0.2679090492649815,0.42283762961729066,0.23063664589088317,0.018642679659628812,0.17248018434459111,0.027388868066834167,-0.23155281629857902,0.31426588375740916,-0.0013825844334318911,0.020564786666481583,-0.14860422826524522,-0.10215392588273944,-0.3967619391348205,-0.11341912019878121,-0.23996770267956707,-0.09543765645460561,-0.16579769291633698,-0.26734222666426055,-0.09276734361480124,-0.06728808932198763,-0.07049283489961455,-0.1635530754174822,0.07125584752703397,0.08833733579496292,0.11464068074237566,-0.02882836611650171,0.1770466923009296,0.02163735384074367,0.12244478685156651,-0.08502524095744435,0.09638621672519977,-0.05549540295303007,-0.16882198068638746,-0.2804638228367042,-0.26196088229986536,-0.3248060078568553,-0.25349000772729585,-0.0823942586654451,-0.061353803726685086,-0.23869107936904546,-0.27649282564536803,-0.14006672311757057,-0.1376865309068699,-0.15604880689626452,-0.24885455563421666,-0.03870125904024209,-0.18640366097993216,-0.0986414766075783,-0.12320039608175201,-0.045532743837828585,-0.21533104753443735,0.017863009388433118,0.1747733866377934,0.05437887810769167,-0.1884872545889495,-0.07858243451463791,-0.11753725991014127,0.10352956963126454,-0.10852640005182378,0.17026749399630756,0.08778763355034541,0.1839656297283416,0.09960854537125724,0.08982403050199661,0.06934484561603206,0.08259229954145209,0.13373034051000152,0.09173595783765276,0.0880754406178135,-0.1939842770351245,-0.2559803254718509,0.005347103652188398,-0.05608027133450862,-0.07185783626461592,0.17187680747002781,0.1487365639908013,0.20492464729752866,0.22897967304746966,-0.061249230740756166,-0.06047927742842997,-0.07272449645331001,-0.16997876150418523,-0.05826010910756674,0.024961016486440214,0.0074047853708870655,0.020552756145976486,0.12543483390941018,-0.022256000222101918,0.14409278307583392,0.027120032204777968,-0.0006357667374616527,0.10194061549993753,-0.013111879213574129,0.03351610470254538,0.1849609239439748,-0.019385795656982098,-0.05469120892849706,0.03003003003003003,0.018868945987590056,0.07408672154434866,0.011995354368235725,-0.08152667305209678
#50,0.157503574452727,0.48095198434181485,0.13793500742653286,0.009302831336729642,0.07143861889624602,0.0695928594233679,0.3355376948597288,0.341653363687262,1.0,0.39953080970030125,0.5107270598796022,0.034913033218117964,3.146443824409926e-05,0.34804295821244974,-0.014626336660234966,-0.18593817237885035,0.18831836458955103,-0.00808636062873351,0.03504305538203843,-0.14195273856290805,0.09635521499928279,-0.07481826973352397,-0.017978687470212893,-0.17174447174447174,0.03732006274379156,-0.047706103638307025,-0.17933202848457086,-0.22034129661248306,-0.2694073117801931,-0.18452412350717434,-0.22566896634693245,-0.1648320122896394,0.05328733972801769,-0.019422349930824506,-0.12384495435342893,-0.03765691731793427,0.058000527492052915,0.07969757122299495,0.006517303127472619,0.04811005149988201,-0.15993373959475654,-0.1991985822494297,-0.2260386734963006,-0.18581925531078072,-0.255129860214606,-0.2326568479110852,0.0024634804295821243,-0.28177468685943263,-0.23611932425491747,-0.3697594358611308,-0.051163952858868114,-0.22238972408463933,0.025147489554269216,-0.23671020789664857,0.1880416626179338,-0.14670294331311282,0.005890790636553348,-0.014860469097757234,-0.05897546236529287,-0.24312016176422957,0.07630311359124918,0.25576840322603034,-0.1550965449270534,-0.22062447655667994,0.07794389150321354,0.09120383866146578,0.18484802213615772,0.12926562926562926,0.23764257323579357,0.24248809672538485,0.32748326138156647,0.39198489706964285,-0.01744240388308185,0.009906670923620076,0.03097164961571741,0.10444666546361461,0.1777662099695998,0.20462434699722834,-0.21060444111291568,-0.2911413724973047,-0.0003003003003003003,-0.26563944530046224,-0.22309767394513158,0.017869024648685665,-0.08434968095985045,0.13109056668378702,0.15340810764539578,-0.28055081275420257,-0.30342129494671866,-0.3587214332977045,-0.19934063493385526,-0.10277627396271465,-0.007207669919534326,0.0474803000226729,-0.03074492057542905,0.24894617267498623,-0.07729470610826543,0.21617364668212125,-0.012876821351397623,0.02649259428920446,-0.11411087512782428,-0.09588093486398572,-0.1009467094212857,0.008882225831378373,-0.040604394841682975,-0.03870218446489633,-0.05850303307930427,0.11402619877196149,0.041715829851423074,0.00262635516872805,-0.029133293540073203
#51,0.4238500441890272,0.3816044087230528,0.43680645206068935,0.5273347307245613,0.18127958466941518,0.009399075500770416,0.3832660086897375,0.2679090492649815,0.39953080970030125,1.0,0.6121753494634851,0.23397372719406617,0.22724450182077302,0.3458783899461866,-0.09689149858641384,0.0814521763674306,0.6548429785717921,0.1352286030252132,-0.09149349657824234,-0.13297288043050756,-0.067779027101061,-0.11107779582355853,0.12361359818986938,0.03142464498396702,0.1305695526034509,0.1470351707639843,-0.03489498743736032,-0.0304288880560067,-0.17412512666749955,-0.2096558808423215,0.02387132895607472,-0.0896495879546727,0.34719295566753194,0.13618826839165823,-0.1681566003599902,-0.15570871333583197,0.05286904778430202,0.1743296455160862,0.26556957573906725,0.17742102657356895,-0.14095327993633078,-0.22423131914657338,-0.23148664843580097,-0.09143149312640839,-0.224525141474294,-0.07733449936839767,0.026695725000809748,-0.1780257915851136,-0.051777972116955166,-0.21115321793287894,0.11966712475187051,-0.04124525141474294,0.17843806826857675,0.006452986114003063,0.14878283522351318,0.09968489290523189,-0.2320562473104846,-0.18088720461601818,0.014103934442917495,-0.10121138087239782,0.00705543756391214,0.1706607994743588,-0.2407432085398187,-0.045453620029891215,0.09510542900373409,0.07408116899642324,0.042973481956532805,0.08017694119389035,0.062374547120309834,0.08648324750019665,0.13238245950110356,0.2209840040348515,-0.21447410430461278,-0.08414840109755364,-0.1714261256634138,-0.056499488702878534,0.04067472711540508,0.05949508830864763,0.0512000444203834,-0.08410166715251462,-0.028601174363886227,-0.14543696238611492,-0.030576956000684816,0.041894899522018164,-0.024250753064312385,0.1317341995308097,0.1814475492441594,-0.19262714177968415,-0.17157002919714784,-0.2824581129665875,-0.20122017240661308,0.02270020405613626,0.000368319012386809,0.11555962742403421,0.006170268882133289,0.29226206175358715,0.08237667559701459,0.31960928571098063,0.20629381307347408,0.27977484418162385,0.10375259697293596,0.22393749681885275,-0.004246311025972043,0.22695067949305237,0.0030312284549572684,0.04586312043939163,0.009378253446050056,0.0477005510903816,-0.019385332944654977,-0.048216475335119406,-0.06877478402902132
#52,0.34842330774534164,0.29454554708791997,0.206281782552969,0.17110500330839315,0.2384953520546741,0.07527496680039053,0.3289028628011679,0.42283762961729066,0.5107270598796022,0.6121753494634851,1.0,0.27768754887398955,0.12877422877422878,0.3889564448886483,-0.13000041644109442,0.06546130105452139,0.4518024958702925,0.16154675476709374,-0.18060541280880263,-0.1789600077735671,-0.15087522036674578,-0.1298500349347807,-0.0005733005733005733,-0.06980616980616981,0.1185043286738202,0.07287996779522203,-0.31709722048705097,-0.16922176413701837,-0.16391306560798086,-0.13353322505864879,-0.1586927451334231,-0.11306699611784357,0.2794356760458455,0.23257309697987663,-0.17585844704488773,-0.07257226409768783,0.036813392745596134,0.28277553362299124,0.1275299953266055,0.22240406816678004,-0.15502066010540586,-0.17044378739293994,-0.33352350809977926,-0.14086258832021545,-0.3639921894159182,-0.1621413401074418,-0.17758852843598608,-0.2773159908753129,-0.23786143616652092,-0.3581425801764785,-0.06244858109264889,-0.18177885127037668,0.030059180906638533,-0.1993758010707163,0.11610285169607204,0.008311701532040515,-0.1264814891933536,-0.08916559086050611,0.036110995433029335,-0.24066593558118982,0.07508109033532763,0.2878190979885895,-0.1460606986030715,-0.058779272338594375,0.0034300864809339387,-0.020844727624388642,0.2342282189739817,0.06333883961002605,0.23471638047909235,0.2761022964412795,0.21830675051014034,0.3438655913232184,-0.1458626577270645,0.004808506503421758,-0.10691107131785098,0.07477431206244765,0.10310526242729633,0.18749519935960615,-0.05897546236529287,-0.004537357079729961,0.11366713400611705,-0.06736397414363517,-0.1262103397696618,0.17146082908794774,-0.04571412707005927,0.2917734375361494,0.2127232008587941,-0.23979048385828047,-0.16243978955843363,-0.29055095156790073,-0.1747322052406798,-0.017957865415492533,-0.05550928432284365,0.12635285516641448,-0.05957791381520195,0.3209016412406243,0.12431923448872602,0.18266633351379113,0.09710897338015982,0.027685929380844635,-0.03962529555749895,0.07135486796503746,-0.02844940472059116,0.17751310632666564,0.027123733903394922,-0.05581282360943378,-0.025439923745008492,0.12571477486731725,0.03613228020007681,0.06863550761855847,-0.015272745781220358
#53,0.20858840350365773,0.04761772558382728,0.07100644558271677,0.17468176959702383,0.47519306671849043,0.31949499576618223,0.17600882855120142,0.23063664589088317,0.034913033218117964,0.23397372719406617,0.27768754887398955,1.0,0.5194672330265551,0.3882253594118001,-0.2547138818325259,-0.2129050468033519,0.13280815484205316,0.06848281255060916,-0.10953835191123326,-0.1832567544431951,-0.15438119166932726,-0.302540753388211,-0.0014154370086573477,-0.019022566480193598,0.03457941763026509,0.012595029544182087,-0.05994021756733621,-0.030369198165808336,0.21948481609498557,0.17950600831956764,0.01791760944303317,0.13026092348126247,-0.012283624148030928,0.18725273810019571,0.13906772720332042,0.03595644951577155,0.08017277678294628,0.17334962080724792,0.12580916818204954,-0.05368480961701301,0.07822059347483076,0.0349648569987553,-0.008380645668781262,0.034482710753897194,0.04674273657324505,0.09380937177547347,-0.2823026416246755,-0.16842913792066336,-0.09617336905472498,-0.08673727656778504,-0.16834862597574463,-0.11223689020299189,-0.1045845537370961,-0.19768181124113327,-0.023646450765094834,-0.03404313404313404,-0.003115442098492946,-0.09454369623861149,0.09927539249573147,-0.011096767028970419,0.025217359115664202,0.0426560613001291,-0.08374352781132442,0.015718800464563178,-0.20609299592350439,-0.11944178384856351,0.21194538143690686,0.1407501492247255,-0.08064613149358912,-0.1420239962612844,-0.13951933443458867,-0.10957351804809431,-0.23631690241859735,-0.1357857086670646,-0.31254366847587184,-0.11502380654923028,-0.18886390242322446,0.004183382149483845,0.09575137541239236,0.09757307384426028,0.46158562260257174,0.4715806715806716,-0.05880703507822152,0.3531152107423294,0.28789220653627434,0.39671659332676285,0.4305917627951526,0.2431983601475127,0.0007991041889346974,0.26278682380377294,0.11179638806757451,0.48540050065473794,0.31512745411050497,0.3137439442524188,0.36365070771850433,0.01903135801440886,0.035762110338381524,-0.1928927386554505,-0.19439747914324185,-0.07804106109190855,-0.1701619955857244,0.14535089789327077,0.15569807095230825,0.038651748821240346,-0.13632152954186852,-0.20750380580889055,-0.20724514961803098,-0.09395281259688039,-0.07383361790141452,0.08983698644715594,0.17066403846064862
#54,0.03231027637807299,-0.002089146156942767,0.12744763253237829,0.11082376675597015,0.15576655237672188,0.33288589051300915,0.33045387452167113,0.018642679659628812,3.146443824409926e-05,0.22724450182077302,0.12877422877422878,0.5194672330265551,1.0,0.31605981944964995,-0.06257351342097105,-0.0729230000416441,0.2413313159075871,0.09066801778666185,-0.034414692041810684,-0.08772331653687586,-0.1358481748312257,-0.05566660651406414,0.17615041852329988,-0.07661683254903594,0.01349407959577451,0.01616161616161616,-0.07177871245667856,0.002995136893441978,0.30821869635428956,0.03437304793236996,0.09342670868094596,-0.07379058565499244,-0.049004937140530364,-0.15621214434773756,-0.002293202293202293,-0.1531179870162921,0.050026605958809346,0.04924277127666958,0.08096170130068435,-0.1829342439511931,-0.058587709435167064,0.01517233720623551,0.15610340695086458,0.19441645034865374,0.18119675916286085,0.040657606759301676,-0.17335702420448182,-0.17117348473280677,-0.02058144431025787,-0.08649851700699158,-0.054606069860307145,0.10808682334106062,-0.03604529028257842,-0.07693240235613116,-0.011822299957893178,-0.08777976744078439,-0.08481887125954922,-0.11149053521934878,0.01417241586733112,-0.08457594728781169,-0.061056742412674614,-0.06109005770022719,-0.0825127130211876,-0.01742574623930556,-0.0927784487106521,0.0008587940791330622,0.24395720836398802,0.2551252330913348,-0.1246625670354484,-0.12470606199419759,-0.038781770985160814,-0.058916697899748745,-0.002180300485385231,-0.01570214282078689,-0.10911959725519048,-0.07728267558776034,-0.10443463494310952,-0.006042097567521296,0.28917808409333834,0.17050255185848406,0.482390094254501,0.4754221093204144,0.18655496791090012,0.29955301989200295,0.11883331713840188,0.21807493163425368,0.2007051735865295,0.21639389774982995,0.04385633707667606,-0.05389395558887084,0.020802158090293683,0.3110185686456873,0.11943067875271265,0.2283924911043555,0.15572490826728114,0.16355770254075339,0.021443014663353646,-0.041637168755812824,-0.03544237612034222,0.07115358810274064,-0.02962561945612793,0.2031020234410065,-0.06202797558729762,-0.02507391829425728,-0.3400116603506434,-0.30387058861635136,-0.3888486329164295,-0.1676115252386439,-0.04861024352549776,0.04515655871588075,0.011134246727467066
#58,0.04104489697710037,0.019346002396849856,-0.0690357537815165,-0.07254079965944372,0.09685077990162735,0.0901918868020563,0.48711577525136845,0.17248018434459111,0.34804295821244974,0.3458783899461866,0.3889564448886483,0.3882253594118001,0.31605981944964995,1.0,-0.12330728262931653,-0.1634633092260211,0.06322362424057339,-0.16924073534243025,0.17733311123141632,0.10079031265471944,-0.0037104901511681174,-0.09302738794264218,0.02909720197855791,-0.13947954117445643,0.012491844695234526,0.07559840271704678,-0.13067643915101543,0.012638061790604163,0.03471684319141946,0.041506683879565236,-0.17961520842876774,-0.16240416070924546,0.06545945020521292,0.01692462878903557,0.11103522628946358,0.030613510274527224,0.2902182614047021,0.37195084144236684,0.28143922042227126,-0.03885580495749987,-0.023687632162208434,0.00105683495514004,0.044297301924420565,0.16867345002938222,0.19284785555971998,0.12289778221981612,-0.05919525072067445,-0.169566022108395,-0.19131859131859133,-0.27101801339089476,-0.24552904213921162,-0.2153949018355798,-0.18888287362863634,-0.21428994479841937,0.03752735786634092,-0.16332449552788536,-0.11062017333203773,0.11039113073011378,-0.09851469342994766,-0.23780082085166832,0.14026291314426909,0.1439229676517812,0.175051476746392,0.09312825922995414,-0.09564633971413633,-0.006816678003118681,0.6138619358958342,0.4489230370586303,0.0976387789947112,0.12295608397303312,0.12080308351494792,0.151054752749668,-0.03609618863856152,-0.12349514383412688,-0.01873568483737975,-0.03646311951396697,0.09269053336849947,-0.03844028928774691,0.06994961062757674,-0.1406654728688627,0.12574716473021558,0.02405224947597829,-0.17162925637501908,-0.08100380812245218,-0.09968952002850308,0.13581902395461717,0.14609679016458677,-0.09093916721035365,-0.125694415524924,-0.14838397719753652,0.0458117593710814,0.08688812078642587,-0.007373320932642966,0.07857503111740399,-0.028404984337187727,-0.0673408385272792,-0.07858521078860062,-0.15925771688483553,-0.10791885876631639,0.06385152486847402,-0.11513254394610327,-0.12967698052443816,0.024339593831119256,-0.03808816520680927,-0.18092283346520635,-0.062229255449594435,-0.28651933906171195,0.08099871828685389,-0.05060823535399807,0.057248157248157246,0.0033653067551372637
#101,-0.2930283133672964,-0.20877811555777656,-0.09440349440349441,-0.06573985387544709,-0.21613431613431613,-0.025340440594677882,6.894413674074691e-05,0.027388868066834167,-0.014626336660234966,-0.09689149858641384,-0.13000041644109442,-0.2547138818325259,-0.06257351342097105,-0.12330728262931653,1.0,0.1915726203861797,0.0609086744679965,0.014396368633656769,0.443673565707464,0.0675634031566235,0.512924943433418,-0.009677628321696118,0.1886663242595446,-0.19292929292929292,0.15975281907485298,0.04767417648773581,-0.1302401014265421,-0.3162879366269197,0.12893432723941198,0.13620538874776164,-0.14484515331972958,-0.06718768074700278,-0.18470087961613385,-0.16444564749649496,0.06707848063780267,0.10611613153986035,0.23001105882461814,0.09212185991847009,-0.19176048159099007,-0.011828315218145726,-0.06873036364561788,0.08395545005714497,0.04710226405141659,-0.009714645307865647,-0.1801681496596751,-0.3375051476746392,-0.05115747488628845,-0.2147383130433978,-0.1702980330098974,-0.32855027600790315,-0.15308929885201072,-0.19767579598088073,-0.08947699625665727,-0.004288880560067001,-0.003111740399875993,-0.07035957374940426,-0.2729641814387577,-0.332749390376509,-0.44548277090649974,-0.36215290791561977,-0.13167219607897573,-0.2655390367254774,0.2028119028119028,0.08329886126496296,0.08861588861588862,-0.03805068550831263,0.18032778541253117,0.10816317087503528,0.4148234521115877,0.3047895352980099,0.330701888329007,0.1220376000037017,0.4674421725269183,-0.029291078443620815,0.13927409690121553,-0.23422683083700033,-0.12410175969498004,-0.30017120356103405,0.2633897379660092,0.01375319849896121,-0.12336141997158946,-0.19461032681371665,-0.015246833890901687,-0.35786957990347823,-0.07702587024620923,-0.25318924471466847,-0.2520306130475622,-0.08209395836514481,-0.026588375740918112,-0.23021696581018614,-0.22525298796485238,-0.477184117862084,-0.4143533363872347,-0.23944206147595978,-0.3071271579746156,0.08915633661396373,0.17629987460495936,0.043740658994896285,0.07221690103046036,0.10535728332338502,0.12488420624013845,-0.20483071669512348,0.03364612686646585,-0.1480883040205074,0.11800089766191461,0.12159478430664872,0.08117732524512186,-0.22168038608716575,-0.1658587709435167,-0.2963191234377675,-0.37330936483478855
#102,-0.03947769032514795,0.07524257693749219,-0.0379192752074108,0.07965222541493729,-0.013241438665167478,-0.24758487300860182,0.10312284549572685,-0.23155281629857902,-0.18593817237885035,0.0814521763674306,0.06546130105452139,-0.2129050468033519,-0.0729230000416441,-0.1634633092260211,0.1915726203861797,1.0,0.07073760972066057,0.03908669840873231,0.008764696900290121,0.3354715269969507,-0.008972454735166599,0.40116140794106897,-0.07453416436467283,0.3173369054724987,0.032394952733935785,0.020034055627275966,-0.03572740691384759,0.04905537278418634,-0.1227251905218007,-0.08593585881721474,0.06553718587616893,-0.09058010244450923,0.21112360434394334,-0.09426005358208749,-0.13867257087596072,-0.16812698677105456,-0.045346270769999586,0.13674028419791132,-0.03926715621630876,0.04768435615893243,-0.06512583461736005,-0.04407057288413221,-0.01617827380539245,0.24734056089988293,-0.05313464466006839,0.09751662294035175,0.09755919247444671,-0.006541364168482813,-0.0389774982995322,0.020417181434130585,0.0010142654210450821,-0.09561580070054647,-0.051447595515392124,0.12854749973394042,-0.2291652206906444,0.2040422548897125,-0.1430799057917702,-0.03613829546032936,-0.021756270908813283,-0.15534178246042654,-0.2759482132363488,-0.2074126514804481,0.0519774011299435,0.3615990412600582,0.06252909303756761,0.1770758431775381,-0.03179342670868095,0.07471138318595946,0.008782279968720646,0.20621006214226553,-0.12275665496004479,-0.019517205957883924,-0.16123396123396122,-0.14482942110060754,-0.12332671654705553,-0.025121577663950546,-0.2195121161222856,-0.159376171240578,0.0967138170528001,0.35751930667184906,-0.17400389603779434,-0.17453879148794402,-0.035040279108075716,-0.17596857257874207,-0.08959267433843705,-0.20803361142344193,-0.19825048469116266,-0.18546898207915158,-0.05180157044563824,-0.1221245899212001,-0.04538513860547759,-0.13620261247379892,-0.18897310253242455,-0.08484617128684925,-0.17728545186172304,0.003326901631986378,0.10537486639181555,0.05850303307930427,-0.015603585095110518,0.0232073367666588,0.01783524664880597,-0.0023080090876701044,-0.02069480883040205,-0.041539999167117814,0.10838943720299653,0.1600049972931329,0.08741700097632302,-0.1678271491830814,-0.05940439669253229,-0.17180462434699723,-0.061495393698783526
#201,0.2978877182267013,0.13946288353068015,0.5635850025680534,0.46567137245103346,0.17510144967772087,0.021364816280070517,0.18096817927326403,0.31426588375740916,0.18831836458955103,0.6548429785717921,0.4518024958702925,0.13280815484205316,0.2413313159075871,0.06322362424057339,0.0609086744679965,0.07073760972066057,1.0,0.32925544959443265,-0.22260303446744126,-0.3849757307384426,-0.12828375370748252,-0.24338992305094,0.21080479555055825,-0.06306260035073595,0.19801311326735055,-0.043893816775172706,-0.027868700750056683,0.03460070239731257,0.07589777759269285,-0.23647006019887376,0.06935456257490155,-0.10006848142441363,0.23409819681006122,0.0890587043129416,-0.23457756678095662,-0.2218293794564981,-0.08462406936983208,-0.1124210497091853,0.03868275054715733,-0.0036688460417273975,-0.12688127264398452,-0.3279149719827686,-0.2041657990810533,-0.2631195139669716,-0.3554010096382978,-0.24911922708532877,-0.025369128758959268,-0.0719175261548143,0.05716718259091141,-0.14820999736253973,0.1974106618174415,0.129796823017162,0.2186158423446559,0.03408616628955612,0.047092547092547093,-0.07195084144236687,-0.30737470906962433,-0.5008014177505703,0.10101935525664339,-0.0413701837430651,-0.0004044105739020993,0.056300985114544434,-0.321230629705206,-0.07310901039714598,0.16222971816192155,-0.008247384518570959,-0.19348177144787315,-0.031230305806576993,0.004207443190494038,-0.05817126834075986,0.18498498498498497,0.20599305006084667,-0.008213143806364145,0.01117959253552474,-0.08226377378919751,0.023733440682593226,-0.03320886371733829,0.042123942123942125,0.22285937709666523,0.01938949735559905,0.05447789854569515,-0.07895352980098742,0.16736212329432668,0.10936205851460089,0.0807571824520977,0.16490095642638017,0.1809265351638233,-0.09934294849549087,-0.10701518159145278,-0.13198313876279977,-0.24643688372501932,-0.06117195778212727,-0.05865665357190781,0.1046280486958453,-0.0057163480892294454,0.6156905750126089,0.11149608776727421,0.4641143454702777,0.2608314015093676,0.2871088345664617,0.2132344979802607,0.39461587936164205,-0.017138864596491714,0.21962455521777555,-0.02189693545625749,-0.05513865174882124,0.01909613774020554,-0.02370521523063896,0.008274684545870986,-0.12372603728535932,-0.2037174308360749
