,#10,#11,#12,#13,#17,#18,#26,#49,#50,#51,#52,#53,#54,#58,#101,#102,#201,#202,#301,#302,#401,#402,#501,#502,#601,#602,#701,#702,#801,#802,#901,#902,#1001,#1002,#1101,#1102,#1201,#1202,#1301,#1302,#1401,#1402,#1501,#1502,#1601,#1602,#1701,#1702,#1801,#1802,#1901,#1902,#2001,#2002,#2101,#2102,#2201,#2202,#2301,#2302,#2401,#2402,#2501,#2502,#2601,#2602,#2701,#2702,#2801,#2802,#2901,#2902,#3001,#3002,#3101,#3102,#3201,#3202,#3301,#3302,#3401,#3402,#3455,#3501,#3502,#3601,#3602,#3701,#3702,#3801,#3802,#3901,#3902,#4001,#4002,#4101,#4102,#4201,#4202,#4301,#4302,#4401,#4402,#4501,#4502,#4601,#4602,#4701,#4702,#4801,#4802
#10,1.0,0.29154653442509515,0.27837619651712603,0.2944527736131934,0.181424672279245,0.0791757967170261,0.27691538845961633,0.6173144197132203,0.4625687156421789,0.31863299119670935,0.3883673547841464,0.06714335140122246,0.28405797101449276,-0.04364740706569792,0.058463076154230575,0.03323722754007612,0.21213239534079115,0.15479952331526545,0.1069080844193288,0.03776573251835621,-0.023388305847076463,0.05044400876484834,-0.13398685272748243,-0.09416830046515204,0.2,0.07125667935263137,-0.17041479260369816,-0.056010456310306385,-0.0856110406335294,0.0390958366970361,-0.17357475108599546,-0.03289893514781071,0.06758928228193596,0.0776765463422135,0.09345327336331834,0.025717910275631414,0.05138968977049937,0.01377003805789413,0.006196901549225388,0.07140276015838234,0.12067812247722293,-0.057563525929343023,-0.30919924653058084,-0.02982354976357975,-0.30214123707377083,-0.08582631761042556,-0.04408564948295083,0.01995925114365894,-0.1485564909852766,-0.04700726559797024,-0.07300964902164303,-0.08591857917195249,-0.11209010879175797,0.10310998346980356,0.011209779725521854,-0.028531887902202745,-0.30931457348248953,-0.17650405566447547,-0.2746857340560489,-0.19626340675815937,0.12765155883596663,0.11867143351401223,-0.10559335716757007,-0.17661169415292355,0.06040825740975666,0.03948025987006497,-0.17255987390919925,-0.23500557413600892,0.12828201283973398,0.1538230884557721,0.39121208626456005,0.26722023603582823,0.08790220274478146,0.011801791411986314,-0.10447852996578634,-0.13484027217160652,-0.028408872486833506,-0.07090301003344482,-0.20618152462230424,0.01563833467881444,-0.25739437973321033,-0.012924307077230615,0.15758274708799447,0.007588513435589897,0.06725867835313112,0.25877061469265367,0.059424134086802756,0.03884980586629762,-0.09583669703609733,-0.16031215161649945,-0.10015761350094184,-0.03169184638450006,-0.10095721370084189,0.033367931418905934,-0.016591704147926038,0.07946026986506746,0.132010917618114,0.12352285395763657,0.11310498596855419,0.17140660439011263,0.014054511205935493,-0.08850959135816706,0.1796870795371545,0.03991850228731788,0.17340560488986276,0.3011648022142775,0.14392803598200898,0.08287394764156383,-0.0022604082574097565,0.1050013454811056,0.02034367431668781
#11,0.29154653442509515,1.0,-0.04370891477338254,0.17308268942451852,0.26360665820935686,0.032007073386383735,0.486964210202591,0.18830584707646178,0.37069157728827895,0.43241456194979433,0.38067889132356897,0.1321877522777073,0.2198054818744474,0.2110867643101526,0.12832045515703686,0.0862568715642179,-0.15646791988621075,-0.1996617076077346,0.39858532272325375,0.34340522046668975,0.1848921692999654,0.28054434321300886,-0.23149963479798563,0.008887863760427479,0.14706492907392457,0.08246645907815323,-0.18367739207319417,-0.26763541306269945,-0.2283858070964518,0.04441625341175566,-0.2788067504709184,-0.19192711336639373,-0.17249836620151462,-0.09131588052127783,0.17565832468381193,0.04935993541690693,0.17189097758812902,0.20033829239226542,0.03147656940760389,0.014815669088532657,0.080705800945681,0.08007534694191366,0.17987160266020835,0.06631299734748011,-0.03901895206243032,0.1201091761811402,-0.32634452004766845,-0.3203475185484181,-0.31235920501287817,-0.2682120478222427,-0.14970976050436322,-0.15835928189751278,-0.19707838388498058,-0.03477492023219159,-0.03850382501057164,0.043831930188751776,-0.2242263483642794,0.10329450659285742,-0.17239841617652713,-0.07116441779110445,-0.14696497904893707,0.2631914811824857,0.2265405758659132,0.17084534655749048,-0.05384230961442356,0.1344712259254988,0.10215661400069197,0.1915965094375889,0.3462268865567216,0.2900011532695191,0.24560027678468457,0.3086303002344981,0.1971398915926652,-0.03289124668435013,0.10636989197708838,0.12692115480721178,0.0752623688155922,-0.08345058240110714,0.0033675469957329027,0.03471341252450698,-0.1904432399185023,0.15097835697535847,-0.047483950332526045,-0.22404182524122554,0.34823357551993234,0.035113212624457005,0.054242109714373585,-0.14196747779956176,-0.10394802598700649,-0.0241571521931342,0.07583131511167493,-0.1910198746780456,0.0036597086072348442,-0.24890631607273286,-0.06790450928381962,-0.27222542574866415,0.030184907546226887,-0.2979664014146773,-0.3005420366739707,-0.033690846884250183,-0.24244800676584785,-0.30848421942874715,-0.24292469150040363,-0.189320724253258,-0.14069888132856648,-0.03858839810863799,-0.12299234997885672,0.13946103871141352,0.23764271710298696,-0.32030138776765466,-0.05830930688501903
#12,0.27837619651712603,-0.04370891477338254,1.0,0.49902740937223694,0.329573674701111,0.4482451082151232,-0.12551416599392612,-0.0904086418329297,-0.41482335755199323,0.21146349901972092,0.08082881636105024,-0.23291431207473187,0.07811478875946642,-0.5392073194172144,-0.5239226540575866,-0.10377887979087379,0.7658247799177335,0.8338061738361588,-0.3307961403913428,-0.40783454426632837,-0.36942298081728364,-0.2581478491523469,0.23632030138776766,-0.39032022450313303,0.27503940337523547,-0.12639065082843193,0.5710452466074655,0.5627109522161996,0.22543343712759006,0.04276323376773152,0.3318187060315996,0.5105139737823396,0.36051205166647443,0.3364625379617883,-0.2396724714565794,-0.03319878522277323,-0.21327797639641718,-0.32546803521316264,-0.07051858686041594,-0.06687425518010226,-0.17651174412793602,-0.18549955791335102,-0.3326106177680391,-0.42178141698381577,-0.34683427517010723,-0.2714258255487641,0.43216853111905584,0.514634990197209,0.3912582170453235,0.4273555529927344,0.4417867989082382,0.6108176680890324,0.5197170645446507,0.2655364625379618,0.25073617037635026,-0.16906931149809712,-0.2897166801214777,-0.6699419521008726,-0.12699035097835698,0.06871179794718026,0.17057625033637028,-0.019205781724522353,-0.6995425364240957,-0.40504363203013877,0.5787490869949641,0.0567562372659824,-0.5413062699419521,-0.3817937185253527,-0.528681812939684,-0.5539076615538384,0.2539960788836351,0.11006035443816553,-0.5934417406681275,-0.10364817591204398,-0.6655364625379618,-0.4041056394879483,-0.38344673816937686,-0.03336024295544535,-0.22471841002575635,0.12010148771767962,0.09697458962826279,0.13165724829892747,0.3999231153653942,-0.12775150886095413,-0.4545880905700996,0.09942720947218699,0.052896628608772533,-0.08558028677968708,0.13564756083496712,0.1507630799984623,-0.2855495329258448,-0.03325260446699727,-0.3957559681697613,0.15088609541383155,-0.06617460500518971,0.7682620228347364,0.03642793987621574,0.7498865951639565,0.8038365432668281,0.25386537500480527,0.6293776188828663,0.5994464306308385,0.687018029446815,0.3007496251874063,0.45115903586668205,0.531757198323915,0.6041133279514089,-0.2138853650098028,-0.18935916657056087,0.08634913312574483,0.09684388574943298
#13,0.2944527736131934,0.17308268942451852,0.49902740937223694,1.0,0.030907623111521162,0.2017375927420905,0.14674201360858033,0.02760158382347288,-0.10941452350747703,0.46335293891515783,0.16719332641371623,-0.32659823934186755,0.04975973551685696,-0.3272133164187137,-0.2784607696151924,0.12175450736170376,0.3973782339599431,0.40067658478453083,-0.10620074578095567,-0.1600507438588398,-0.33706992657517393,-0.16711644177911045,0.06520585860915697,-0.28716411025256605,0.23830392496059663,0.0033060392880482833,0.16480221427747666,0.3655941260139161,0.1077538153999923,0.17828009072386883,0.1759812401491562,0.29375312343828086,0.15251604966747395,0.2526352208511129,0.041625341175566065,0.009041633029639026,-0.10462461077153731,-0.07517779571752585,-0.07872217737285203,0.02792449928881713,-0.06911928651059086,-0.02250413254911006,-0.474247491638796,-0.05448045208165148,-0.3416445623342175,-0.04856033521700688,0.45785568754084494,0.3442278860569715,0.1833237227540076,0.07113366393726214,0.06624380117633491,0.09201553069619037,0.13145734824895244,0.21151731826394496,0.09328412716718563,-0.03896513281820628,-0.3248452696728559,-0.459747049552147,-0.0851651097528159,0.008157459731672626,0.20006919617114519,-0.007150271018336985,-0.30342521047168725,-0.30763079998462306,0.4592472994272095,0.14761080997962558,-0.37977165263522084,-0.3127513166493676,-0.4172682889324568,-0.17752662130473226,0.10973743897282129,0.01220159151193634,-0.32988121323953407,-0.29613654711105986,-0.4107638488448084,-0.4018759850843809,-0.21270134163687388,-0.02082035905124361,-0.34117556606312227,0.12324606927305579,-0.04276323376773152,-0.16108868642601776,0.19818552262330374,-0.18398493061161728,-0.3373928420405182,0.22022065890131856,0.0015915119363395225,-0.19052012455310807,0.044101026409871985,-0.11964017991004498,-0.23553607811478877,-0.007388613385614885,-0.18129396840041517,0.13066543651251297,0.026763541306269942,0.34231345865528773,0.21629185407296353,0.2955829777418983,0.39998462307307886,0.1274593472494522,0.2761234767231769,0.12220043824241725,0.3597816476377196,0.0894168300465152,0.28531887902202746,0.39062007457809556,0.40838811363548994,-0.22827048014454313,-0.17698842886249183,0.10708491907892208,0.2655672163918041
#17,0.181424672279245,0.26360665820935686,0.329573674701111,0.030907623111521162,1.0,0.47377080690424017,0.09976550186445239,0.0242263483642794,0.0705339637873371,0.3309652865874755,0.031814861799869296,0.3479414139084304,0.47489332256948447,-0.08673355629877369,-0.16414100641986698,-0.09451428132087802,0.3214546572867412,0.2352516049667474,0.009103140737323646,-0.2566409103140737,-0.34792603698150926,-0.10193364856033521,0.28803290662361125,-0.03683542843962634,0.3978318533041172,0.21559220389805098,0.05754814900242187,0.03741206319916965,0.19126590550878406,0.07233306423711221,0.1864221735286203,0.3001499250374813,0.104593856917695,0.17164494675739053,0.2734017606581325,0.34877945642563335,0.2230346365278899,0.05812478376196517,0.2592780532810518,0.12303079229615961,0.19817783415984316,0.1654941759889286,0.21989005497251374,-0.14471994771844846,-0.11560373659324184,-0.15265444200976436,-0.03299119670933764,-0.044431630338676815,0.04067966016991504,-0.1764502364202514,0.03291431207473187,0.15351554991734903,0.038165532618306235,0.06382193518625302,0.0019298043286049282,-0.11632645215853611,-0.3414139084304002,-0.4160227578518433,-0.021727597739591743,0.11692615230846115,0.03438280859570215,0.2250413254911006,-0.029193095759812403,0.00805750970668512,0.08222811671087533,-0.1153115749817399,-0.05161265521085611,0.06993426363741206,-0.01899050474762619,-0.11275131664936762,0.34254411255910505,0.25166647445508017,0.016868488832506825,0.12313843078460769,-0.07200246030830738,0.011694152923538231,-0.008049821243224542,0.055679852381501554,0.10384038749855841,0.27752277707300194,0.05046707415523008,0.4634528889401453,0.2860262176604006,-0.15190097259062776,0.2260254488140545,0.103502095106293,0.23420597393610887,0.22108176680890324,0.4137469726675124,0.3885441894437397,0.3249375312343828,0.14691115980471303,0.025441125591050627,0.0842117402837043,0.02624072579095068,0.1563064621535386,0.25010571637258294,0.2996347979856226,0.21005651020643523,0.03946488294314381,0.2551109060854188,0.189174643447507,0.23281436204974437,0.005097451274362818,0.13649329181563064,0.13081151731826393,0.19363395225464192,0.13856917694998655,-0.0371199015876677,-0.01616883865759428,-0.08123630492446085
#18,0.0791757967170261,0.032007073386383735,0.4482451082151232,0.2017375927420905,0.47377080690424017,1.0,0.04097951024487756,-0.1122823203782724,-0.17977165263522085,0.2881328566485988,0.15802867796870795,0.11062161227078768,0.5328489601353169,-0.2007150271018337,-0.24905239687848382,-0.23189943489793566,0.47660016145773265,0.38920539730134934,-0.1920424403183024,-0.45237381309345326,-0.49025487256371814,-0.4000999500249875,0.21114827201783723,-0.09277668857878753,0.07289432206973437,0.03507477030715411,0.19319570983738898,0.31628800984123323,0.4189597508937839,0.18614538884403953,0.4070733863837312,0.407749971168262,0.31607273286433707,0.21417752662130474,0.1676469457578903,0.2315073232614462,-0.023249913504786068,-0.033859993080382886,0.0018990504747626188,0.028024449313804635,0.04213277976396417,0.18300080728866336,0.20373659324184062,-0.16204974435858993,-0.2526352208511129,-0.24347057240610465,0.1561373159574059,0.30177987929112365,0.2129319955406912,0.19403375235459194,0.26164610002690963,0.3451197478183985,0.1884673048091339,-0.07695383077691924,-0.08609541383154577,-0.1802637142966978,-0.28589551378157074,-0.5094914081420828,-0.09880444393188022,0.16284934455848998,-0.04326298389266905,-0.15792103948025987,-0.13683158420789604,-0.21838311613424058,0.10726944220197593,-0.24768385038250107,0.05496482527966786,0.16718563795025565,-0.26918848268173606,-0.41012570637758045,0.21271671856379504,0.04343213008880175,-0.17765732518356206,-0.11697228308922462,-0.26394495060162226,-0.06884250182601007,-0.12717487410141085,-0.11575750586245338,0.02768615692153923,0.149840464383193,0.26596701649175414,0.5175950486295314,0.33892284626917313,-0.10546265328874024,-0.006727405528005228,-0.08007534694191366,0.05038250105716373,0.064513896897705,0.32978895167800715,0.35991235151654943,-0.004367047245607965,0.09246146157690385,-0.14101410833045017,0.029769730519355705,-0.1888055972013993,0.2123553607811479,0.013716218813670088,0.293714681120978,0.36497904893706995,0.2337831084457771,0.3868527274824126,0.5047245607965248,0.4482143543612809,0.22775535309268444,0.22756314150617,0.2191904047976012,0.2991581132510668,-0.14087571598815976,-0.23085380386729712,-0.06132318456156537,-0.22277322877023026
#26,0.27691538845961633,0.486964210202591,-0.12551416599392612,0.14674201360858033,0.09976550186445239,0.04097951024487756,1.0,0.20025371929419905,0.39192711336639374,0.5633721600738093,0.5070772306154615,0.025456502517971782,0.13902279629416062,0.3539922346519048,0.16999961557682697,0.051189789720524355,-0.09798177834159844,-0.3172875100911083,0.1940798831353554,0.3020797293660862,0.1355552992734402,0.0688348133625495,-0.15483027716910774,0.14807980625072079,-0.09832775919732442,-0.2290162611002191,-0.34799523315265446,-0.4574635759043555,-0.22404951370468612,-0.015599892361511552,-0.07738438473071156,-0.15686771998616075,-0.13638565332718255,0.03147656940760389,0.09670549340714259,0.017398992811286665,-0.0399800099950025,0.1738361588436551,-0.00257563525929343,-0.07252527582362665,0.06641294737246761,-0.1054780302156614,0.04561565371160574,0.13940721946718948,-0.1126590550878407,0.1665167416291854,-0.26853496328758697,-0.2668281243993388,-0.2977588129012417,-0.3741129435282359,-0.104047976011994,-0.28432706723561296,-0.35993541690693115,-0.30967593126513665,-0.345619497943336,-0.15652942759389535,-0.04942144312459155,0.13692384576942299,-0.05357321339330335,-0.010740783454426632,-0.07739207319417214,0.23305270441702225,0.16704724560796524,0.26059278053281054,-0.3280974897166801,-0.32682889324568487,0.3592665205858609,0.35272363818090957,0.39430284857571213,0.29899665551839466,0.4045131280513589,0.43036943066928074,0.4014992503748126,0.11859454887940644,0.2722331142121247,0.34458924383961864,0.24989043939568678,0.0631837927190251,0.12741321646868872,-0.09306116172682889,-0.11120593549379157,0.06746626686656672,-0.031976319532541424,-0.1715911275131665,0.3607811478875947,-0.08025987006496751,0.1562065121285511,-0.015699842386499057,-0.12373813093453273,-0.0023834236727789952,0.1361703763502864,0.08135163187636951,0.2582477991773344,-0.10882251182101257,-0.004451620343674316,-0.35187790720024603,-0.20315227001883673,-0.2516203436743167,-0.3113673932264637,0.12297697305193557,-0.20184523123053857,-0.22536424095644486,-0.08873255679852382,-0.18293161111751816,-0.10396340291392765,-0.010710029600584323,-0.08198208588013685,0.3141506169991927,0.3394302848575712,-0.18297774189828162,0.05523392150078807
#49,0.6173144197132203,0.18830584707646178,-0.0904086418329297,0.02760158382347288,0.0242263483642794,-0.1122823203782724,0.20025371929419905,1.0,0.6489908891707992,0.1873063468265867,0.46996501749125436,0.2736554799523315,0.19236535578364664,0.2265713297197555,0.28870949140814206,-0.04902164302464153,-0.019175027870680046,-0.17763425979318034,0.19682466459078155,0.07796870795371545,0.1622650213354861,-0.027109522161995924,-0.2239572521431592,0.07214854111405836,0.0978895167800715,-0.01851382001307039,-0.241917502787068,-0.2085111290508592,-0.06572867412447622,-0.17918732941221696,-0.27214854111405834,-0.16558643755045555,-0.10368661822934687,-0.24064121785261217,0.086764310152616,0.02602544881405451,0.04187137200630454,-0.06575942797831853,-0.16033521700688116,-0.1824703033098835,0.07386306846576712,-0.00337523545919348,-0.08813285664859878,-0.11342790143389843,-0.2846961134817207,-0.10251028331987852,-0.2290162611002191,-0.04714565794026064,-0.14884865259677854,-0.08578787529312266,-0.07898358513051167,-0.13578595317725753,-0.12606773536308769,-0.2001307038788298,-0.0125552608311229,-0.17688847883750433,-0.10754622688655673,0.020566639757044553,-0.22414946372967362,-0.21720678122477222,0.02401107138738323,0.0699880828816361,0.21416214969438357,-0.0932610617768039,-0.2707031099834698,-0.04000307538538423,0.06789682082035906,-0.041648406565947794,0.40668127474724175,0.3493330257947949,0.31859454887940647,0.2906546726636682,0.3107446276861569,0.06928074424326298,0.18979740898781378,0.06860415945873218,0.04863721985161266,-0.13384077192173144,0.011148272017837236,-0.18171683389074694,-0.1494329758197824,-0.06462922384961366,-0.11305885518779071,0.34900242186599006,0.3110214123707377,0.15127051858686041,-0.02638680659670165,0.06905777880290624,-0.2018298543036174,-0.10638526890400954,0.010448621842924692,0.08237419751662631,0.008218967439357244,-0.058739860838811365,-0.07887594664206359,-0.18948218198593011,0.042709414523507475,-0.16700880329066237,-0.210479375696767,-0.06599008188213586,-0.2413331795640641,-0.23820397493560913,-0.21096374889478337,-0.023411371237458192,-0.05180486679737054,0.008372736708568793,-0.22687117979471802,0.13078076346442163,0.05112059354937916,0.07558528428093646,-0.2387191019874678
#50,0.4625687156421789,0.37069157728827895,-0.41482335755199323,-0.10941452350747703,0.0705339637873371,-0.17977165263522085,0.39192711336639374,0.6489908891707992,1.0,0.27843001576135007,0.4375658324683812,0.16720870334063737,0.2229654403567447,0.3382155076308,0.5480336754699573,0.06928074424326298,-0.2991427363241456,-0.5005804789912736,0.4781532310767693,0.21440049206166148,0.24380886479837005,0.15257755737515857,-0.31648790989120823,0.054326682812439936,0.11014492753623188,0.05144350901472341,-0.5296659362626379,-0.5092761311651867,-0.05751739514857956,0.09420674278245493,-0.4949679006650521,-0.3387306346826587,-0.3509014723407527,-0.2722715565294276,0.3580440548956291,0.13280282935455348,0.24982124322454158,0.28337369776650134,0.07566216891554223,0.05667935263137662,0.4043593587821474,0.24207896051974012,0.12669818936685504,0.25474185983931114,-0.011947872217737285,0.028593395609887363,-0.43692000153769267,-0.4430477069157729,-0.4467458578403106,-0.4748241263983393,-0.40355975858224735,-0.5319186560565871,-0.4891169799715527,-0.24037981009495252,-0.15730596240341368,-0.06313766193826163,-0.08369661323184562,0.2207896051974013,-0.25261984392419173,-0.21149425287356322,-0.09337638872871257,0.14249029331488103,0.48715642178910545,0.18995117825702534,-0.3840003075385384,-0.1583900357513551,0.3361626878868258,0.16102717871833314,0.6274401260908008,0.5583285280436705,0.3649559835466882,0.33761580748087494,0.578495367700765,0.0772383039249606,0.4740399031253604,0.26220735785953175,0.34782608695652173,-0.004220966439856994,0.20607388613385616,-0.06672817437435129,-0.3702994656517895,-0.05138968977049937,-0.2870410948371968,0.03969553684696114,0.45262753238765235,0.05866297620420559,0.04564640756544804,0.17630415561450044,-0.11028331987852227,-0.18702956214200592,0.20773459424134086,-0.016299542536424096,0.23972629070080345,-0.15340022296544037,0.045031330488601855,-0.5253988390420175,0.047207165647945255,-0.43939568677199864,-0.5170414792603698,-0.153315649867374,-0.5657555837465883,-0.6057048398877485,-0.4484296313381771,-0.3330642371122131,-0.23238380809595202,-0.19620958751393533,-0.41290893015030944,0.24366278399261906,0.14653442509514475,-0.12606773536308769,-0.18036366432168532
#51,0.31863299119670935,0.43241456194979433,0.21146349901972092,0.46335293891515783,0.3309652865874755,0.2881328566485988,0.5633721600738093,0.1873063468265867,0.27843001576135007,1.0,0.511344327836082,-0.01818321608426556,0.39610194902548723,0.1826394495060162,0.023557452043209165,-0.060784992119324956,0.08993195709837389,0.016876177295967403,0.06966516741629185,-0.12042440318302387,-0.14045285049782802,-0.19929266136162688,-0.019490254872563718,-0.08123630492446085,0.16830046515203936,-0.06085418829047015,-0.09124668435013263,-0.07415523007726905,0.0527736131934033,0.1346096182677892,0.03642793987621574,-0.007004190212586014,-0.0005228155153192634,0.06924999038942067,0.2981663014646523,0.09484488524968285,0.12553723138430783,0.030131088302002843,0.11465036712413024,0.04487756121939031,0.1944489293814631,0.03968015992003998,-0.044131780263714296,-0.1164648445008265,-0.27847614654211356,-0.0696497904893707,-0.0885019028947065,-0.13836158843655094,-0.11316649367623881,-0.2691731057548149,-0.16092722869334564,-0.11256679352631377,-0.17986391419674777,-0.09603659708607235,-0.058955137815707534,-0.17244454695729058,-0.1565140506669742,-0.22265021335486104,-0.12176988428862492,-0.09073924576173452,0.11503479029715911,0.26755852842809363,0.028401184023372928,-0.13000422865490333,-0.05837081459270365,-0.181424672279245,0.06498289316880021,0.08067504709183869,0.01933648560335217,0.05949333025794795,0.4305539537923346,0.2925767885288125,0.1584899857763426,0.048052896628608774,0.09737438972821282,0.16066582093568602,0.24491600353669318,0.2146311459654788,-0.12261561526928844,-0.04228654903317572,-0.23406758159381846,-0.05819397993311037,-0.03381386229961942,-0.1981932110867643,0.19192711336639373,0.229600584323223,0.23076923076923078,-0.0037442817053011954,0.10302541037173721,-0.06629762042055895,0.09782800907238688,0.060454388190520125,-0.010071887133356399,0.14738784453926881,-0.0693422519509476,0.01974397416676277,0.0007688463460577404,-0.0413408680275247,-0.021635336178064814,-0.10463998769845846,-0.06347595433052704,-0.036827739976165765,0.05220466689732057,-0.23631261292430708,-0.04187137200630454,0.055380002306539035,0.034813362549494485,0.21200169146196132,0.19584054126782763,-0.023534386652827432,0.0307922961596125
#52,0.3883673547841464,0.38067889132356897,0.08082881636105024,0.16719332641371623,0.031814861799869296,0.15802867796870795,0.5070772306154615,0.46996501749125436,0.4375658324683812,0.511344327836082,1.0,0.08260485142044363,0.19610963748894783,0.1650251797178334,0.2501902894706493,-0.0025064390881482336,0.10616999192711336,-0.15455349248452696,0.17024564640756545,0.05373467112597547,0.14664975204705338,-0.032222350363279896,-0.16180371352785147,-0.11817168338907469,0.041294737246761234,-0.10269480644293238,-0.21075616038134778,-0.27673855380002305,0.05760196824664591,0.12047053396378733,-0.06650520893399454,-0.04190212586014685,0.02860108407334794,0.022957751893284126,-0.016453311805635643,-0.058409256910006535,-0.005789412985814785,0.10082650982201206,-0.191704147926037,-0.16154230577019182,0.06526736631684157,0.0694114481220928,0.037535078614538885,0.03034636527889901,-0.2537884903701995,-0.10031138277015339,-0.23377541998231655,-0.15576058124783762,-0.17293660861876753,-0.22980048437319803,-0.16091954022988506,-0.2158228578018683,-0.2223888055972014,-0.25930880713489407,-0.15303117671933264,-0.1961173259524084,-0.12559105062853188,-0.10311767193326414,-0.368361972859724,-0.21859839311113674,-0.04523123053857687,0.190612386114635,0.10457079152731327,0.0422250413254911,-0.25462653288740245,-0.23944950601622267,0.10535501480029216,0.1607042632529889,0.3548610310229501,0.1360627378618383,0.4947218698343136,0.4451850997578134,0.3096913081920578,0.13568600315227003,0.18739091992465307,0.29541383154576556,0.22171222081267059,0.07589282281935955,0.12039364932918156,-0.16753161880598164,-0.24871410448621842,0.06402952369968862,-0.16001230154153692,0.042278860569715145,0.20485142044362434,0.08486525967785338,0.183462115096298,-0.05172798216276477,-0.1249759735516857,-0.07729212316918464,-0.05427286356821589,-0.10474762618690654,-0.10089570599315727,-0.05714066043901126,0.050920693499404146,-0.12715949717448968,-0.0504593856917695,-0.1219774728020605,-0.1696920770384039,0.016745473417137585,-0.21270134163687388,-0.15962787836850806,-0.05102833198785223,-0.15235459193480183,-0.0633221850613155,0.10601622265790182,-0.05108983969553685,0.23393687771498867,0.11491946334525045,-0.07362472609848922,-0.07551608810979125
#53,0.06714335140122246,0.1321877522777073,-0.23291431207473187,-0.32659823934186755,0.3479414139084304,0.11062161227078768,0.025456502517971782,0.2736554799523315,0.16720870334063737,-0.01818321608426556,0.08260485142044363,1.0,0.41346249951947106,0.3841310114173682,-0.04051051397378234,-0.28472686733556296,-0.04436243416753162,-0.22235036327989852,-0.09725906277630415,0.014731095990466306,0.09119286510590859,-0.03946488294314381,0.17773420981816784,0.3346634375120132,-0.09312266943451351,0.047537769576750086,-0.121877522777073,-0.17382078191673395,-0.09632875869757429,-0.25845538769077,0.07542382654826434,-0.10676200361357782,0.12140083804251721,0.1206550570868412,0.020689655172413793,0.0863568215892054,0.11741821396993811,-0.03338330834582709,-0.06056971514242879,-0.17112981970553184,-0.08162072809748971,-0.08912466843501327,0.39318033291046783,-0.12247722292699804,0.10134163687387075,0.08561872909698996,-0.11439664782993118,0.01832929689001653,0.08505747126436781,-0.08953984546188444,0.07097220620459001,-0.006004689962710952,-0.05244300926459847,-0.3076923076923077,-0.2142928535732134,-0.17899511782570254,-0.07784569253834621,0.13180332910467843,0.022065890131857148,0.0031676469457578905,-0.10564717641179411,0.13886902702494908,0.2973590128012917,0.008787913735439972,-0.4050282551032176,-0.1565217391304348,0.3051704916772383,0.2809825856302618,0.20439780109945027,0.029769730519355705,-0.13190327912966593,-0.0011994002998500749,0.1551839464882943,0.25638719101987467,0.21273978395417675,0.24922154307461653,0.04686887325567985,-0.24156383346788143,0.3746126936531734,-0.13144965978549186,0.29287663860377505,0.4398031753354092,0.03798100949525238,0.21561526928843272,0.6817668089032407,-0.02078191673394072,0.15629877369007802,0.12925075923576673,0.05735593741590743,0.3718525352708261,0.44573866912697496,0.2105485718679122,0.23109214623457502,-0.17295967400914927,-0.06063891131357398,-0.26356052742859337,-0.03850382501057164,-0.11947103371391228,-0.21599969246146158,0.14851804866797372,0.010071887133356399,-0.04903701995156268,-0.0979279590973744,0.09009341483104602,0.09083919578672202,0.029569830469380696,-0.08177449736670127,0.23194556567869912,0.2018759850843809,0.025664091031407373,-0.18037904124860646
#54,0.28405797101449276,0.2198054818744474,0.07811478875946642,0.04975973551685696,0.47489332256948447,0.5328489601353169,0.13902279629416062,0.19236535578364664,0.2229654403567447,0.39610194902548723,0.19610963748894783,0.41346249951947106,1.0,0.21766808903240686,0.12692115480721178,0.02315765194325914,0.09181563064621535,0.0404566947295583,0.02152769768961673,-0.13951485795563756,-0.30450159535616805,-0.16797754968669512,0.0035751355091684926,0.05795563756583247,-0.0130319455656787,0.14700342136623995,-0.1639641717602737,-0.04052589090070349,0.27899127359397224,0.2082035905124361,0.10090339445661785,-0.05439587898358513,0.07132587552377657,0.12411486564410103,0.363994925614116,0.3739437973321032,0.27606965747895285,0.24902164302464153,-0.030630838426940376,0.13924576173451736,0.19470264867566217,0.31611117518163995,0.21460039211163648,-0.08298158613001191,-0.2300157613500942,-0.0958136316457156,-0.12852035520701188,-0.025271979394917925,0.06907315572982739,-0.06934994041440819,0.0488601852919694,0.055626033137277514,-0.0818975127820705,-0.15322338830584709,-0.14568100565102066,-0.1223926498289317,-0.3548225887056472,-0.15249298427709224,-0.18410794602698652,0.0809825856302618,-0.26324530042670974,-0.17084534655749048,0.2950678506900396,-0.11824087956021989,-0.18878253181101756,-0.18650674662668665,0.3455733671625726,0.21799869296121172,0.07260216045823242,0.07719217314419713,0.22373428670280243,0.03455964325529543,0.10948371967862222,0.021335486103102295,0.06409871987083382,0.14754161380848038,0.02155845154345904,-0.14891784876792374,0.14626532887402452,0.11409679775496867,0.08596470995271595,0.5568523430592396,0.1019720908776381,-0.2113327951408911,0.33234152154691887,-0.0671971706454465,-0.10377119132741322,0.15829008572636757,0.28464229423749665,0.07450121093299504,0.2569792027063391,-0.037727290201053316,-0.06637450505516472,-0.09468342751701073,-0.20216045823242226,-0.08263560527428593,0.013754661130972975,-0.016445623342175066,-0.04553108061353939,0.16909237688847883,0.08679506400645831,0.06488294314381271,-0.01649944258639911,0.045984699957713454,0.06860415945873218,0.015661400069196172,-0.0591012186214585,-0.12202360358282398,-0.003490562411102141,-0.23405220466689733,-0.302756314150617
#58,-0.04364740706569792,0.2110867643101526,-0.5392073194172144,-0.3272133164187137,-0.08673355629877369,-0.2007150271018337,0.3539922346519048,0.2265713297197555,0.3382155076308,0.1826394495060162,0.1650251797178334,0.3841310114173682,0.21766808903240686,1.0,0.14077576596317226,-0.2658440010763849,-0.4884634605774036,-0.5313112674432015,0.0002075885134355899,0.13216468688732558,0.09409910429400685,-0.07610041133279515,-0.1599507938338523,0.24941375466113097,-0.1975858224733787,-0.011109829700534347,-0.354007611578826,-0.39191942490293313,-0.2269788182831661,-0.21979779341098682,-0.1122131242071272,-0.4064659977703456,-0.10040364433168031,-0.21645331180563565,0.18463076154230576,0.11231307423211472,0.09818936685503402,0.19665551839464884,0.031730288701802944,-0.1260600468996271,0.003290662361127129,0.04994425863991082,0.35234690347134123,-0.04068734863337562,0.16290316380271402,0.06844270172606004,-0.4130165686387575,-0.2921462345750202,-0.08648752546803522,-0.24316303386768154,-0.06754315150117249,-0.3472340752700573,-0.2559873909199247,-0.37601968246645906,-0.39797024564640754,-0.06316072732864338,0.3658862876254181,0.5220620459001268,0.10392496059662476,-0.014377426671279744,0.08075193172644447,0.30307922961596123,0.622796294160612,0.10182601007188713,-0.623542075116288,-0.21785261215546073,0.6071118287010341,0.5365471110598546,0.2614538884403952,0.2785760965671011,-0.05394994810287164,0.1484565409602891,0.45342713258755235,0.3193172644447007,0.5495944335524545,0.6051358935916658,0.5260062276554031,0.17475877445892438,0.08318148617998693,-0.42053588590320223,0.059524084111790256,-0.06805827855303118,-0.34959443355245456,0.1183715834390497,0.5857840310613924,0.09413754661130973,0.12146234575020182,0.01956713950716949,-0.0537269826625149,-0.13630108022911622,0.32675969707453967,-0.009057009956560181,0.2537269826625149,-0.10550878406950372,0.06085418829047015,-0.46319916964594626,-0.20624303232998886,-0.5371160573559374,-0.5837619651712606,0.002444931380463614,-0.3090531657248299,-0.3588205897051474,-0.47523161496174987,-0.09664398569945797,-0.225379617883366,-0.23006958059431823,-0.4004151770268712,0.4195671395071695,0.5019336485603352,0.07175642947756891,0.02747856840810364
#101,0.058463076154230575,0.12832045515703686,-0.5239226540575866,-0.2784607696151924,-0.16414100641986698,-0.24905239687848382,0.16999961557682697,0.28870949140814206,0.5480336754699573,0.023557452043209165,0.2501902894706493,-0.04051051397378234,0.12692115480721178,0.14077576596317226,1.0,0.4927613116518664,-0.49262291930957597,-0.5220312920462845,0.7233998385422673,0.36002767846845807,0.4684888325068235,0.3143505170491677,-0.4215661400069196,0.06570560873409449,-0.11994771844846808,0.09522930842271173,-0.5800099950024987,-0.5889824318609925,0.05817091454272864,0.22674816437934878,-0.40006919617114517,-0.43030023449813554,-0.40949525237381307,-0.31370468611847924,0.39512551416599395,0.10729250759235767,0.4233114212124707,0.37957175258524584,-0.016068888632606772,0.054780302156614,0.3917964094875639,0.3611809479875447,0.2596163456733172,0.4200745780955676,0.017491254372813594,-0.0800984123322954,-0.531757198323915,-0.482889324568485,-0.5648099027409372,-0.4849652097028409,-0.4897935647560835,-0.4535962787836851,-0.5791181332410718,-0.18279321877522778,-0.022850113404836045,0.05275054780302157,-0.1549225387306347,0.20141467727674625,-0.3848306615922808,-0.4116403336793142,-0.32101641486948834,-0.24127167185637952,0.5420981816783915,0.37507400146080805,-0.35102448775612194,-0.11412755160881098,0.2781301656863876,0.14871794871794872,0.7163341406219967,0.6275477645792489,0.219667089532157,0.16588628762541807,0.52942759389536,0.02585630261792181,0.47963710452466074,0.1737746511359705,0.16364125629492945,-0.0882943143812709,0.21346249951947102,0.05237381309345327,-0.29919655556836966,0.053642409564448545,-0.3598124014915619,0.015507630799984623,0.1996924614615769,-0.18151693384077192,-0.252542959289586,0.15690616230346366,-0.13475569907354015,-0.16677046092338446,0.10133394841041019,-0.19717833390996808,0.0474993272594472,-0.27031099834698036,-0.1762810902241187,-0.5405835543766578,-0.04670741552300773,-0.5750278706800446,-0.5393918425402683,-0.4086341444662284,-0.5760273709299196,-0.5704147926036982,-0.5379848537269827,-0.29865067466266865,-0.4417022258101718,-0.4972206204590013,-0.5427132587552378,-0.013331795640641218,0.007204090262561027,-0.3353323338330835,-0.44713796947680007
#102,0.03323722754007612,0.0862568715642179,-0.10377887979087379,0.12175450736170376,-0.09451428132087802,-0.23189943489793566,0.051189789720524355,-0.04902164302464153,0.06928074424326298,-0.060784992119324956,-0.0025064390881482336,-0.28472686733556296,0.02315765194325914,-0.2658440010763849,0.4927613116518664,1.0,-0.047430131088302005,0.020474378195517624,0.5695383077691923,0.48025218160150696,0.12357667320186061,0.5232383808095952,-0.3013262599469496,0.0741090992965056,0.16483296813131895,0.42326529043170724,-0.4324299388767155,-0.26927305577980243,0.17756506362203514,0.42206589013185714,-0.20584323223003884,0.06508284319378772,-0.26962672509898894,-0.033183408295852077,0.17813400991811787,0.3081382385730212,0.3664706108484219,0.5548225887056472,-0.08738707569292277,0.3276284934455849,0.1535616806981125,0.37906431399684776,-0.11012955060931073,0.5553223388305847,-0.26901933648560333,0.01543074616537885,-0.13020412870487832,-0.29000884173297964,-0.40308307384769154,-0.3254219044323992,-0.4146157690385576,-0.2401875985084381,-0.42424941375466113,0.3489024718410026,0.17874908699496406,0.41280898012532197,-0.5143889593664707,-0.024357052243109214,-0.436058893630108,-0.33849998077884136,-0.05534924845269673,-0.13146503671241302,0.1263291431207473,0.22059739361088687,0.26380655825933186,0.30398646830430937,-0.11950178756775458,-0.09570599315726752,0.3562142005920117,0.5400453619344174,0.18231653404067197,0.10774612693653174,0.13486333756198823,-0.11132126244570023,0.018052512205435745,-0.2256179602506439,-0.08828662591781032,0.028170530119555608,0.07194864106408334,0.5902433398685273,-0.009272286933456348,-0.025863991081382386,-0.007719217314419713,-0.24882943143812708,-0.22942374966362972,0.03419828547264829,-0.20977203705839387,-0.21489255372313842,0.0007380924922154307,-0.3071464267866067,-0.11136739322646369,-0.34069888132856646,-0.25881674547341715,-0.2741706070041902,-0.07358628378118633,-0.09353784646138469,0.39412601391611884,-0.16753161880598164,-0.11665705608734095,-0.3081382385730212,-0.24770691577288279,-0.2517587360166071,-0.09789720524353208,0.00532810517818014,-0.17526621304732248,-0.21957482797063008,-0.17766501364702264,-0.16015069388382733,-0.02214277476646292,-0.31356629377618883,-0.11978626071579594
#201,0.21213239534079115,-0.15646791988621075,0.7658247799177335,0.3973782339599431,0.3214546572867412,0.47660016145773265,-0.09798177834159844,-0.019175027870680046,-0.2991427363241456,0.08993195709837389,0.10616999192711336,-0.04436243416753162,0.09181563064621535,-0.4884634605774036,-0.49262291930957597,-0.047430131088302005,1.0,0.7734132933533233,-0.36259562526429095,-0.39372621381616885,-0.32675969707453967,-0.23026948064429323,0.32196209587513935,-0.2451543459039711,0.3208857109906585,-0.0774074501210933,0.40205281974397417,0.40311382770153387,0.3426286856571714,0.055003267596970745,0.42913927651558836,0.6683350632376119,0.38634528889401454,0.3579902356514051,-0.25125898589166956,0.016714719563295274,-0.1696843885749433,-0.1771345096682428,-0.12055510706185368,-0.09753584746088494,-0.22724791450428633,-0.11193633952254642,-0.27262522584861415,-0.2072809748971668,-0.3609733594741091,-0.26162303463652786,0.4273863068465767,0.4852112405335794,0.3257294429708223,0.26079268058278554,0.2916618613770038,0.3878214738784454,0.3387306346826587,0.10526275323876523,0.06732787452427633,-0.20585860915695997,-0.3640871871756429,-0.6575020182216584,-0.20941836773920733,0.07262522584861415,0.21804482374197517,0.06133856148848653,-0.5746665128973975,-0.343036174220582,0.42825510321762195,-0.07295582977741898,-0.3601045631030639,-0.21474647291738747,-0.35325414215968937,-0.40918002537192943,0.2682043593587822,0.19319570983738898,-0.3630723099988467,0.0308614923307577,-0.5527467035712913,-0.2964210202591012,-0.30241033329489103,-0.012301541536923847,0.02345750201822166,0.16229577518932842,0.1398839042017453,0.1165032868181294,0.4219428747164879,-0.17993311036789297,-0.2787606196901549,0.187683081536155,0.22394187521623804,-0.11192096259562527,0.062130473224926,0.1477030715411525,-0.2452235420751163,0.11741821396993811,-0.32870487833006573,0.1282051282051282,0.0838042517202937,0.6457924883711991,0.05168953984546189,0.7541460039211164,0.696151924037981,0.2800369046246108,0.5363395225464191,0.6325375773651636,0.738669126974974,0.46526736631684157,0.5243378310844578,0.542782454926383,0.5965325029792796,-0.09708222811671087,-0.19400299850074962,0.09752815899742437,0.15260831122900087
