,#10,#11,#12,#13,#17,#18,#26,#49,#50,#51,#52,#53,#54,#58,#101,#102,#201,#202,#301,#302,#401,#402,#501,#502,#601,#602,#701,#702,#801,#802,#901,#902,#1001,#1002,#1101,#1102,#1201,#1202,#1301,#1302,#1401,#1402,#1501,#1502,#1601,#1602,#1701,#1702,#1801,#1802,#1901,#1902,#2001,#2002,#2101,#2102,#2201,#2202,#2301,#2302,#2401,#2402,#2501,#2502,#2601,#2602,#2701,#2702,#2801,#2802,#2901,#2902,#3001,#3002,#3101,#3102,#3201,#3202,#3301,#3302,#3401,#3402,#3455,#3501,#3502,#3601,#3602,#3701,#3702,#3801,#3802,#3901,#3902,#4001,#4002,#4101,#4102,#4201,#4202,#4301,#4302,#4401,#4402,#4501,#4502,#4601,#4602,#4701,#4702,#4801,#4802
#10,1.0,0.5981857049653659,0.5335697793324912,0.6029710758524318,0.11258022274971427,0.19894918030511252,0.19640194894432184,0.4455669845500354,0.2567451889485788,0.5901803189938784,0.2929866692578557,0.21066459371544116,0.11819616226395888,-0.013401999842677809,-0.08291203375949138,-0.09691833590138675,0.510590097030775,0.18817908817908818,0.05508127542025847,-0.04192312497397243,-0.06340269391116848,0.16768324564934733,0.16777578811477117,0.18462499479448632,0.17766487596996072,0.2553260502413045,-0.07582929616827921,-0.059870810718268344,-0.02338825728656237,-0.16893580791885876,0.05528209257022816,-0.24134242100343795,-0.04892072349699468,-0.3009980704895959,-0.20926396350125165,-0.32803481447549243,-0.1635142075820042,-0.15184043828111624,-0.08250114521300962,-0.13995474673440775,-0.19599291124714854,-0.194366940129652,-0.04775098673403758,-0.08807266434385079,-0.0838180244959906,0.05798757154689358,-0.023761666134547492,-0.1253001846222185,-0.21219154439493423,-0.2507567660110033,-0.323037058630279,-0.2659119828611354,-0.3076352161097924,0.06343739733570242,-0.05332111772789739,-0.0076319771235025475,-0.19811444726698965,-0.3904912616777024,-0.36684388548795327,-0.2939231990079448,0.4060189619511653,0.3791302859099469,-0.21315815044628603,-0.16299828333726638,0.16264662196865587,0.19471027267637436,-0.08001452916707154,0.06046493334628928,0.03144731788799585,-0.03543173373681848,0.21123141631616207,0.3624235946269845,-0.017910206045799265,-0.02468431451482299,-0.2840484552348959,-0.2701235904625735,-0.18356307000374797,-0.12549498651193566,0.01876900012493233,0.30897106659818524,-0.1255130322926933,0.018979534233771522,0.14134519727740066,-0.06104332375518816,0.03813351101486695,-0.00831355238134899,0.03216174572106775,-0.1370521523063896,-0.21199396623125435,0.07115034911645081,-0.08812541354914236,-0.08872277516345313,-0.4884650443972478,-0.12990879940032482,-0.13571491368101538,0.3452106960581537,0.3688566841109214,0.08886482784787869,0.23319128064890776,0.07602918789359467,-0.0763544746595594,0.026738294534904703,-0.2574549896583795,0.08511732071054105,0.022038988140683054,0.040739044128874635,-0.223682079614283,0.22973019244205684,-0.09117838948347423,0.44020137240476226,0.2381862602201585
#11,0.5981857049653659,1.0,0.3719563939902923,0.5259567734144005,0.15151653965213288,0.07836588514554617,0.4288491881712221,0.4581907022584989,0.4897226965023575,0.5485986757173198,0.46976313755974775,0.1879352387826964,0.17420332505078268,0.2835639954284022,0.0319303895575082,-0.010185686456872898,0.379445393004715,0.11880694253575609,0.1255084051694221,-0.034004266207656036,0.014633740057468871,0.19636770823211502,0.04941906467330196,0.09619650467108094,0.006732001647255885,0.26509390746678885,-0.33098553098553096,-0.29133802523633034,0.07597551326364886,0.027861760065149895,-0.04578307120680002,-0.3156396766566258,-0.11356441186949662,-0.24325296020211273,0.019598643327456887,-0.04031797591119625,0.005683958226331108,-0.05865017559932814,-0.003861797082136065,-0.06636775450334773,-0.07426856748890648,-0.1311919006834261,-0.015086272713391358,-0.10198549859566809,-0.0753975855670771,0.07851025139160732,-0.3350231587519723,-0.40062512435393793,-0.32260303446744126,-0.40505698302308474,-0.38163078332569855,-0.43036457104253717,-0.36681658546065327,-0.17368786351837198,-0.24694309101088763,-0.16815104781206477,-0.07202765168866863,-0.15987266156757682,-0.3009976077772688,-0.3606847217016709,0.40389418694503443,0.39813897102032697,-0.0059458534034805225,0.24820629566392277,0.023313760601896195,-0.0023450260738396332,0.2895431641194353,0.3079244113142418,0.0168769694193423,0.13017532170074542,0.10480480480480481,0.22923601567669363,0.07582050463406395,-0.07496124784260377,-0.04452449367703605,-0.05947334082927303,0.06843607860557013,-0.08616675226844718,0.26388576558068083,0.2586182484487569,0.12290194663076019,0.09405368388419236,0.1167848896662456,0.12096780910340232,0.0686702110430924,0.07835292920038683,0.09900887019531088,-0.002115520759588556,0.03701143362160311,0.09921015005760768,-0.08115002521782183,-0.05095943401028147,-0.3063646080595233,-0.12964875507248388,-0.16039691463420278,0.17875548892498044,0.17566503329215194,-0.06653988348903603,-0.0025754568127449484,-0.19003410189850867,-0.21296705025518584,-0.11959679247814842,-0.11594136509390747,-0.030095735180480945,-0.11583494125867007,-0.19309910835334565,-0.2695174373140475,0.25103902053054594,-0.08240721461060443,0.30154684730955916,0.06379692481387397
#12,0.5335697793324912,0.3719563939902923,1.0,0.5674227386091792,0.15336091098802962,0.44021571648690294,0.31716107478819344,0.16093597449529654,0.05215832164984707,0.4713752273074307,0.2211010702536126,0.2792598453615403,0.31637724010605367,-0.1749617105549309,-0.1737947500659365,-0.1425066052184696,0.7469731673121504,0.7120985392171832,-0.23211177278973888,-0.24699491479152497,-0.10581027869163462,-0.09928233318063827,0.3435884266392741,0.15720928941267925,0.262324574188981,-0.02705664061596265,0.011509506424760662,-0.026143246482229533,0.25521222300883317,-0.005964824608892406,0.3070299883859206,-0.0031404285641573777,0.09377189207697682,-0.1278372363118126,-0.19967887764497935,-0.37540776523827374,-0.2177001346492872,-0.15293429022242583,-0.19136301170199474,-0.050251484149789236,-0.0315259789836061,-0.16987465123058343,0.08850668850668851,0.022489207234969947,-0.06306815289866137,0.08376805156466173,-0.05048839286127422,-0.07092038108987261,0.10841997621658639,0.04155388053693138,-0.11639158418819436,0.09143565753735246,-0.05955894260979007,0.37579829444236224,0.1955366768926091,0.11850803037243715,-0.22851973699431327,-0.5076264245755772,-0.20566776329488193,-0.061236737507923945,0.034864911136097576,0.03603788688534451,-0.46333883961002603,-0.18825636113771707,0.3285123335970794,0.2952095392773359,-0.31404285641573776,-0.007778194218872185,-0.16545482308194173,-0.26151806660281235,0.2961511588630233,0.30322603034467444,-0.19185256134408676,0.11703290347358145,-0.3188819019327494,-0.3630718545972783,-0.3326549970617767,0.030239638714214985,0.11323357255560645,0.29954052665917075,-0.08975416094060162,0.12622514656412961,0.30976646908850297,0.12160311312853686,0.03514855379262159,-0.08544260747650578,0.0851136190119241,0.044383829129591844,-0.20312377092038109,0.12027420332505079,0.08535376670969891,0.07554287723779249,-0.23271653780128357,-0.009492080678521357,-0.02135880101981797,0.6407552390603238,0.4159080498063549,0.43936895292827494,0.4472378387632625,0.20979376911580302,0.244038645733561,0.46908480128819113,0.03333101977169774,0.25845907540822793,0.09302831336729642,0.21753725991014128,-0.03738437975726111,-0.08378887361938209,-0.13220061355654575,0.16716500784297394,0.08381848720831772
#13,0.6029710758524318,0.5259567734144005,0.5674227386091792,1.0,0.05547134191201988,0.2651262973296872,0.3229310975073687,0.32300281791807217,0.29185626304270373,0.6065964269354099,0.3116399913010082,0.16435634401736096,0.22185991847008796,0.1153176288769509,-0.06090682361868802,0.07918997580014529,0.5137846629372053,0.23737697636002722,0.06980246810755285,-0.035549725380233856,-0.054262274601257654,0.1802893802893803,0.2187875086180171,0.024168852982412305,0.20242276174479565,0.21842613029053706,-0.133526284373742,-0.0431016532711448,0.13573064590013742,-0.014617545126019703,0.12351226419023029,-0.16225886903853007,-0.025721715552224026,-0.2060735620057654,-0.21769319396438042,-0.22241424783797664,-0.12514563870496073,-0.05123706140655293,-0.24333763655797555,-0.2517159686651212,-0.12086184798049204,-0.04374898781678443,-0.15660174812717187,-0.047215628571560773,-0.16481442922120887,0.023817654326128902,-0.16260729142085073,-0.24381330483025399,-0.17320664269816813,-0.18204444814614307,-0.3017800543224272,-0.193698783529292,-0.2526686933466594,0.017615921005751514,-0.15345900600137888,-0.12091089548716667,-0.17275272190526428,-0.2759403471267878,-0.32561066459371546,-0.37928251826556914,0.27243530124886056,0.21721798840442907,-0.16817233257911224,0.04243210853380345,0.195994762096457,0.16903899276780632,-0.003869200479369971,0.20972204870509956,-0.21776121267646692,-0.10120027577654696,0.012466395517242974,0.08731381612737545,-0.05896713354340473,-0.06314820213125298,-0.1888097650809515,-0.2412924480721091,-0.20712900882392407,-0.1077666264106942,0.20208359360901734,0.2701828176404448,0.048050361609683644,0.02001138272324713,0.1053110120906731,0.14893275401749978,0.05943215943215943,-0.033442533442533444,0.05184737896602303,-0.06731446392463342,-0.024086027475857984,0.06367800774580436,-0.16003322274508716,-0.14464757515604973,-0.31392347663534104,-0.11506961506961506,-0.12001230814790137,0.30791330621839097,0.3027554519079943,0.12057080192673413,0.14659790761485678,0.1026712382644586,-0.005312400227654465,0.15410402698538292,0.00843894742199827,0.03970441936543632,0.018402994674181116,-0.014767926632333412,-0.21295455702235364,0.08759468250993675,-0.21010054738868297,0.32578001730544104,0.1625526913662507
#17,0.11258022274971427,0.15151653965213288,0.15336091098802962,0.05547134191201988,1.0,0.4701976244349126,0.23220292711818136,0.14037627766441327,-0.07544709578607883,-0.028708523623777862,0.05075815414798466,0.6627090881328169,0.3865406238287594,-0.10913301591267693,-0.28056330598703483,-0.309758602978942,0.0774996876691792,0.306810200030539,0.0186593373034051,-0.09963445726157591,0.010383264620552756,0.0036609799321663727,0.08270473863694203,0.11275142631074835,6.431701346955585e-05,0.05816617850516156,-0.09815840493806595,-0.10667601345567447,0.4699149072030428,0.3214837333481401,0.4151862185760491,0.15423543728628475,0.06984364950466646,0.15894631148868438,0.26439983897611014,0.018098529962936743,0.24357361984480627,0.24234928302724912,0.05298148687979196,0.22481618752805194,0.2035693628913968,0.017981926456502727,0.327116330506161,0.14478083630626004,0.18491835440987983,0.2518631111851451,-0.13501112823146721,-0.12415821059888857,-0.01278566702295516,-0.09976216586386077,-0.2142853176751482,-0.14926636960535267,-0.2030756488383607,-0.005831563458682102,-0.04507095693536371,-0.05852894496962294,-0.3133682218427981,-0.43953090224276664,-0.16111596959054586,0.010960729604797402,0.09298805739483705,0.12420725810556318,-0.11448150770184669,0.12314301975318924,0.12451126010448044,0.01482067583762499,-0.04253390524576965,0.1557138031714303,-0.022318929098590116,-0.05638149705946316,-0.09260770786194515,0.040237926678604645,-0.071007371007371,-0.13239495273393578,0.05459959188772748,-0.00897754457076491,-0.05577580662326425,-0.23276974971890227,0.20071303969609056,0.2697668392583647,0.22648796716593328,0.4338150168658643,0.32512157766395056,0.4651369397132109,0.5751504971843955,0.32608633286599387,0.034217576590457946,0.0415372228931551,0.09548207683800904,0.4124816650240379,0.30865642221574424,0.19609331982213338,0.07017541424321086,-0.11261168718795837,-0.17604954723598792,-0.004152843135893983,0.08117778795744897,-0.019894316504485997,-0.0014131234470217521,-0.2400893960215994,-0.03673102995136893,0.24540272167390811,0.07736596380664178,-0.023576581203699848,-0.05493829731117867,-0.02739256976545112,0.0043675416556772486,0.06071387257827936,-0.040694623745471205,-0.05649532429193446,-0.2137749459783358
#18,0.19894918030511252,0.07836588514554617,0.44021571648690294,0.2651262973296872,0.4701976244349126,1.0,0.1607971607971608,-0.13137420934031105,-0.12102703628127356,0.09280945043656907,-0.014924786111226789,0.5369096369096369,0.5425389950813679,-0.2752041718143413,-0.4005686734500294,-0.38073173327410614,0.27899239763646544,0.5490530592225508,-0.16008643466270586,-0.20774025180804842,-0.14928857979705437,-0.21042259516835787,0.2645289357153764,0.026448636618128143,0.21715320867863241,-0.10616656718351633,0.13182951827019623,0.04032537930843016,0.4131910030215115,0.3566420040996312,0.48209118209118207,0.19237079915046018,0.256501339552187,0.1676679761425524,0.1728258304529491,-0.08964125913278456,0.07029571944826182,0.1697404646557189,0.051987118088813004,0.2654298366162773,0.23859437249267756,-0.007343244631380225,0.11723464604820537,0.05736013363132007,0.16877617216600269,0.2705016264338298,0.04724339131118792,-0.020454198420300114,0.21766126681380918,0.09718300735249888,-0.024371520981690473,0.10839869144953891,0.023416482738516636,0.3041371109167719,0.21826418097604539,0.19418370604811283,-0.22153740797808594,-0.3425709222319392,-0.04955278853583938,0.15467131229843095,-0.0667642989676888,-0.063882526594391,-0.42237121559155455,-0.09799830647288274,0.28711484982671426,0.20106423835237394,-0.3358713104475816,0.0056066852677022164,-0.2343952581240717,-0.36558577067051645,-0.01232943266841572,0.008649018818510344,-0.2656820148345572,-0.091383371044388,-0.14251354590337642,-0.2557017726509252,-0.1976313755974773,-0.027365269738151093,0.08603811824150807,0.10592271778712457,-0.11661692509150136,0.3636331246500738,0.4769476718629261,0.47647709342624595,0.3704086212560789,0.19863638677198,0.08230773146027383,0.18533387007963278,0.015538805369313844,0.28955889633855736,0.14978738368568878,0.4032380608651795,0.18137814239509154,0.025406145745128797,-0.007390441288746373,0.2075944974250059,0.15515808566656025,0.16920880819185904,0.10709985794731558,0.11637724010605366,0.21857373552288806,0.44561880833067274,0.2700921260243294,0.22610437864675154,0.18859275299953265,0.15098256962663742,0.18662113577367814,-0.08470550673940505,-0.03737096109977466,-0.08822212042551025,-0.10282393333240791
#26,0.19640194894432184,0.4288491881712221,0.31716107478819344,0.3229310975073687,0.23220292711818136,0.1607971607971608,1.0,0.23480429582124498,0.28066325184969254,0.39033764118509884,0.4559821763211594,0.2229574721100145,0.3728503542062864,0.3409634596075274,-0.020878042911941216,-0.011027822892229672,0.20518607976235095,0.1942679196916485,0.06071063359198953,0.0329256837731414,0.04815632273259392,0.08288242017055576,0.0894631148868437,-0.0495749987275411,-0.0378489429336887,0.15033199609470796,-0.2683217886607717,-0.20210534108839193,0.13227881193982888,0.08712040237463967,-0.058636756941841686,-0.20559835644581406,-0.11349315417112027,-0.06742690302012336,-0.023256846985660544,-0.004051971848582018,0.03889235923134228,0.06322917678849882,-0.042486245876076384,0.08555782284595843,-0.028508169186135288,-0.1437415844195505,0.09442061475959782,-0.06111874586450858,-0.05001550086295849,0.07881055169190762,-0.2953178139618818,-0.2892863587778842,-0.18399801959123993,-0.16467515281074604,-0.2673797063627572,-0.1888606634369346,-0.20797345882091645,-0.03837273328798752,-0.15535844010420283,-0.2691842844385217,-0.05106585784551886,-0.08242109598041801,-0.10048399709416658,-0.09692064946302234,-0.016724274351392995,-0.00637710129235553,0.01958707551927891,0.2608179828518812,-0.08080252826015538,-0.1054512139257902,0.314855841974486,0.4934156035850951,0.17082598777514033,0.1302738794264218,0.19024371058269363,0.13334582656616556,0.11779591610100085,-0.02248828181031571,-0.029606185538388927,-0.09607342319206726,-0.06135010202806813,-0.032836843006334535,0.24369161148822166,0.1427069596561122,0.12890471365047637,0.1683264157840429,0.1402513453360911,0.2500617720956704,0.07920940971788429,-0.04500386364793144,-0.07780230153111509,0.11067893779758187,-0.07039520259859243,0.0445207919784191,0.08909942299772808,0.06564175886209785,-0.08498035786171379,-0.04893229130517266,-0.05780711373931713,0.08772331653687586,0.08861820217752421,-0.09153143898906611,0.029468759977234554,-0.12771461754512603,-0.13921070531240023,0.014220537949351509,-0.01436490419541267,-0.08429878260386735,-0.11015144574466608,-0.2232124266022571,-0.12146661299203672,-0.11654751824243349,-0.14574744235761186,-0.06599388294303549,-0.09867618003211223
#49,0.4455669845500354,0.4581907022584989,0.16093597449529654,0.32300281791807217,0.14037627766441327,-0.13137420934031105,0.23480429582124498,1.0,0.5820749871597329,0.5340445221801154,0.42012752351735405,0.18827255606916624,-5.7376328562769244e-05,0.3056437022538717,0.2828727032116863,0.04329645516086194,0.27634383227603565,-0.03295853634836686,0.20494315579061342,0.07069087577562154,0.1415566568108941,0.14159228566008228,0.009636909636909637,-0.019698126477787493,0.0601095702790618,0.1268178810551692,-0.3147267452352198,-0.27154643086846475,9.439331473229779e-05,-0.23543497272310832,-0.22610993119467696,-0.3438840998163032,-0.44414136787018144,-0.3789840688145773,-0.12017842187333713,-0.06142274786342583,-0.0319836014751269,-0.10912885150173286,-0.1281060721738688,-0.31024260007310855,-0.3468722960248384,-0.23429346141210547,-0.04585710517913908,-0.12299726537014673,-0.2964695049440812,-0.21569659027286145,-0.38916420272352475,-0.34074367125214583,-0.42949837356617016,-0.4169861695285424,-0.5149951183849489,-0.433829360948005,-0.3972153972153972,-0.22828375370748252,-0.1492816391121476,-0.20805582161514366,-0.11987303173743852,-0.2996816539189421,-0.3863661812814355,-0.5089488564064836,0.3916665509885849,0.3931458422983847,0.20903954802259886,-0.0543117848202594,-0.0661128000111051,-0.09831526441695933,0.24547305394763022,0.14774728503542062,0.34858062993656214,0.1890637941485399,0.21026619840179162,0.1293896361692972,0.3782076375296714,0.058551155161324656,0.07889383991078906,-0.0072923462753971225,0.17390718916142645,-0.2180517960178977,0.14640079216350402,0.1965828694642254,0.11490026235788947,-0.03889698635461347,-0.04609586473993254,0.09780859441876391,0.1354030455725371,0.2145351823317925,0.10212986484172924,-0.2966555152995831,-0.16822785805836654,-0.020196004941767653,-0.10892063095452927,-0.2501135958763077,-0.40151214388502526,-0.11201802727226456,-0.1489285896065557,0.1474219982694559,0.0981764507188236,-0.16857026518043466,-0.09039871921227853,-0.2507197490248338,-0.21032403744268152,-0.18594511306375713,-0.2548008717500243,-0.14744004405021355,-0.1610636830975814,-0.2330422872795754,-0.283563070003748,0.27241401648181307,0.036611187458645084,0.23002586561908595,0.08278247430789804
#50,0.2567451889485788,0.4897226965023575,0.05215832164984707,0.29185626304270373,-0.07544709578607883,-0.12102703628127356,0.28066325184969254,0.5820749871597329,1.0,0.4830420559234119,0.6296987280038128,0.0812726439845084,0.17903820615685023,0.5953275309207513,0.36675828370743624,0.160044327840938,0.2211732533766432,-0.16642466811958337,0.1654062382875942,0.143801737022076,0.22697612867104391,0.2017360966513509,-0.07381187042203992,-0.19982231846638626,0.0998375879731812,0.06010170416950078,-0.4014288556661438,-0.4303585557822846,-0.0736638024773618,-0.03201969303664219,-0.353723677452491,-0.29805845907540823,-0.4050491169135237,-0.42832077069365204,0.03814831780933476,0.07913074862227405,0.054711568270890305,0.018522374454577845,-0.18933910798317577,-0.4112985096035944,-0.1324028188434968,-0.05247157789530671,-0.0641004641004641,-0.08827070521985776,-0.38621209807650486,-0.2856147364621941,-0.4449298296755924,-0.47909188078679604,-0.47357218543659224,-0.49260446887565534,-0.45316703452296675,-0.4740043587501215,-0.4295104040866753,-0.34539069115340304,-0.31702503736402043,-0.3371298879773456,-0.0016569728434135214,0.016129226298717825,-0.38630695410356425,-0.6328724718555228,0.2933091797498577,0.2868177885127038,0.3129152264745485,0.17090372344609633,-0.21144518941129112,-0.2520736452939843,0.49642971168394895,0.2888921278751787,0.3632333411994429,0.3733200072183123,0.2562713715256088,0.15596459325272885,0.45290097493487325,0.1085412068462916,0.2871495532512482,0.184619904958888,0.22767436157266666,-0.1815539730793968,0.32980839082533997,0.06366412637599078,0.281372127134839,0.09641629302646251,0.037109991347279485,0.15262334753860177,0.1281208789683366,0.0529509478662021,-0.008295969312918466,-0.1884895681505851,-0.06076662178357094,0.13931527829832915,-0.06800714427833073,-0.1971395123937497,-0.3282916198170435,-0.196958129161519,-0.20020035443764259,0.042637090094717216,-0.25358116205573833,-0.2006852769564634,-0.2726874794671405,-0.15153273458358205,-0.2680025171550595,-0.2825511181443385,-0.07051689594062475,-0.08899901442274323,-0.15878806387280964,-0.23683467751264362,-0.38976989315972366,0.14380312515905735,-0.11619955857243992,0.14446249022520208,-0.033375440155101174
#51,0.5901803189938784,0.5485986757173198,0.4713752273074307,0.6065964269354099,-0.028708523623777862,0.09280945043656907,0.39033764118509884,0.5340445221801154,0.4830420559234119,1.0,0.531518112874045,0.09720568025652772,0.11664653868043698,0.3911094453467335,0.15011868571190606,0.07594173526376916,0.5279311669142177,0.1562375935257291,0.07824557994049519,0.013321950610086203,0.12210099159251701,0.20559465474719713,0.24575068134390168,0.1977327095971164,0.2041338719304821,0.2876275350851622,-0.06697205680256528,-0.11869357801561191,0.002816067222846884,-0.21896611557628506,-0.04878838777143862,-0.1452689978113707,-0.13414539346742738,-0.27171300730622766,-0.17426764206425224,-0.22914486134825118,-0.021698431867923394,-0.16287520185825272,-0.036117936117936116,-0.10849262205194408,-0.294471975827908,-0.34063724741690843,-0.032663325883664864,-0.15455054438105287,-0.12468523993947722,0.0013252081048691219,-0.20326536089247954,-0.286733112156841,-0.3311164785741057,-0.3592119083644507,-0.3788794958286484,-0.301596820240888,-0.2305741797267221,0.007664829698728004,-0.0014501404331912807,-0.07025731432511094,-0.13185450473586066,-0.28561381103753986,-0.47749552325823513,-0.4678377915666051,0.338257980630862,0.31887449853551547,-0.06707292808987725,0.09343179851654428,0.07303590184946117,0.024014307065154523,0.2223596477833766,0.3019730053628359,0.08050824322010763,0.13475617373922458,0.21031061878519505,0.22731344595751377,0.11861167793371183,0.09602437568539264,0.021181582198531352,-0.14987159732922445,0.0665898564203649,-0.01944687368416182,0.3324634341583494,0.28840211552075956,-0.009226946515082109,-0.058449358449358446,-0.032780392102426004,0.0018531628701120226,-0.08495490868372224,0.0369434149095166,0.06037701800413665,-0.09798766408935901,-0.21610100084676356,-0.06824590383912418,-0.1525539406895339,-0.18229107381649753,-0.3946593743203913,-0.31119439932999254,-0.30982338270473864,0.3504055673547199,0.2904334226368125,0.12534876941656603,0.10921769226853972,0.01411642767574971,-0.13698182003266748,0.06058755211297584,-0.04410481359633902,0.0411739937163666,-0.05067116423048627,-0.06682306343323292,-0.14392157951479986,0.2605861639759945,-0.003913620862773405,0.16493473442625986,-0.061843353368777096
#52,0.2929866692578557,0.46976313755974775,0.2211010702536126,0.3116399913010082,0.05075815414798466,-0.014924786111226789,0.4559821763211594,0.42012752351735405,0.6296987280038128,0.531518112874045,1.0,0.18334929690861895,0.23734736277109159,0.5458987492885798,0.18423492830272492,0.004274999190253427,0.2958679789188264,0.01310586395332158,-0.045562820139091326,-0.016788591364862552,0.2642698168121897,0.1984309424987391,0.054225720327415246,0.03456970067139559,0.09134311507192863,0.12983384000333154,-0.2674514267734607,-0.261497244548092,0.004949171050865966,-0.013144731788799586,-0.19571019401527875,-0.25032736897143676,-0.22557503574452728,-0.34574975591924745,-0.01108519922079244,-0.030192904769175955,0.09690630538088166,0.06886547564513666,-0.0308647630681529,-0.14649055835496513,-0.11464623329030109,-0.18654756451366622,0.052293896361692974,-0.08908322806627891,-0.17556046030622302,-0.06977794435421554,-0.32546120851205596,-0.3230347450686434,-0.2953983259068005,-0.29745091778990085,-0.30169630339121867,-0.20134094032399116,-0.23916998662761374,-0.16964977303960355,-0.15070447951803884,-0.30864624254454764,-0.04548277090649972,-0.075719633346752,-0.3658953252173591,-0.4204347645025611,0.17069318933725713,0.17481364261025278,0.17178010059365992,0.18813050338474066,-0.0808029909724825,-0.12842950809052503,0.3963362437938709,0.3726884048917947,0.2549429244344499,0.27555120605968064,0.21856540670099991,0.17305487305487305,0.3245635465974449,0.17012220232559216,0.2336424251678489,0.07562709088132817,0.12058884770749177,-0.06904500802805888,0.4166493149543997,0.1535075907957264,0.20130716232411147,0.09355487999555796,0.10085416695586187,0.2072136851797869,0.15465280380534618,-0.013511199951877918,-0.05120282069434612,-0.08048973472702287,-0.026402365385416234,0.06586848790238621,0.042048982726948826,-0.06410694207304377,-0.23856244534210636,-0.24803416667823447,-0.27665014783658853,0.1296950263051958,-0.06225146564129615,-0.0637830434440604,-0.13435037502834113,-0.06730613510274527,-0.17110592873304736,-0.07286562371308133,-0.01607879065506184,-0.09871042074431904,-0.1437341810223166,-0.2188652442889731,-0.22445157021428208,0.061180749316342535,-0.07540082455336693,-0.023665421970506716,-0.19773502315875197
#53,0.21066459371544116,0.1879352387826964,0.2792598453615403,0.16435634401736096,0.6627090881328169,0.5369096369096369,0.2229574721100145,0.18827255606916624,0.0812726439845084,0.09720568025652772,0.18334929690861895,1.0,0.4231268248217401,-0.1269122743699015,-0.2596769342532054,-0.40870408158543753,0.24900262357889477,0.22618303974236179,-0.023820893312418736,-0.05479578191442598,0.057042250262589245,0.002612473798914477,0.09638760486218113,0.03497179768366209,0.038217724658402626,-0.018870796836898532,-0.17691065487675658,-0.2036424714390816,0.2907517687178704,0.136548721294484,0.3662224628326323,0.08549304312016176,0.03350129790807757,0.008815132543946103,0.11865748645409663,-0.04901095240078291,0.33307976697807207,0.34535459959188775,0.10623227233396725,0.18114030825895233,0.029756104332375518,-0.12956361600429397,0.3790196976637655,0.2280847874068213,0.1934294849549087,0.2357375865850442,-0.19826297792399486,-0.20448321973745703,-0.10291046053757918,-0.1454633369887607,-0.24263246297144603,-0.10955917396595363,-0.27520741080063116,-0.13111971756039553,-0.08636618128143551,-0.19479633716921851,-0.32585821568872414,-0.4097919182664945,-0.2574818269733524,-0.044116381404517,0.20013835098580862,0.2637538925674519,-0.04532915041389618,-0.08283846249947945,0.052732084935474766,-0.06241850479138615,-0.11513902191868293,0.0015357422137083155,0.04854638922435533,-0.08850761393134275,-0.07942410823766756,0.010433700264208739,0.06251058454448286,-0.3042796263135246,0.05565226243192345,-0.11665764377628784,-0.11328956074718786,-0.35637316823757503,0.2343952581240717,0.29038483784246494,0.052032463896870676,0.4273018781493358,0.4526534238398645,0.6307069781646053,0.7073127056177904,0.3542187796425085,0.04024394193885719,-0.17412744022913515,-0.13613320562473105,0.4475820967346391,0.3153509441645035,0.16144356991814618,-0.08020516664584461,-0.18380414312617702,-0.18854648176682076,0.03572416792755776,-0.07865045322672441,-0.02261691583725482,0.06149030386318522,-0.26740423011609454,-0.16191276021784495,0.19626174710920474,-0.1473326947903219,-0.04628002424612594,-0.14085611034763576,-0.07694165660267355,-0.10496120157137107,0.11973097905301296,-0.12165678775848267,0.0718185057168108,-0.10944442130882809
#54,0.11819616226395888,0.17420332505078268,0.31637724010605367,0.22185991847008796,0.3865406238287594,0.5425389950813679,0.3728503542062864,-5.7376328562769244e-05,0.17903820615685023,0.11664653868043698,0.23734736277109159,0.4231268248217401,1.0,0.08203519389960068,-0.12596278867465308,-0.2687289755086365,0.10903445818700055,0.312513129462282,-0.012859700995294215,-0.04891054382579806,0.27029248046197196,0.08143598143598144,0.19156891868756276,-0.026417634892211165,0.1320007218312303,-0.12263311076870399,-0.09645932527288459,-0.14950883086476308,0.3355117829694101,0.3059500178144246,0.17613514901650495,0.15118477491358848,-0.09132460657884386,-0.12749668003905293,0.125861454675014,-0.07939403193640482,0.2792681741834284,0.3595672714316782,-0.0652651110278229,0.0454193793176844,0.27604260655108115,0.08654802722599332,0.382968947375727,0.32596972935955987,0.19824955926650842,0.27156123766293255,-0.23245047821319006,-0.26446415598957973,0.010786287057473498,-0.061503722520671676,-0.1653400704248162,-0.059739863129693635,-0.2089557970913903,0.04074737295076278,-0.02103212611687188,-0.037609257948241,-0.09426699426699427,-0.15885469444791478,-0.2367088197596672,-0.07359393291596682,-0.058580306037933155,-0.06908572671284535,-0.24291101579237173,0.009965898101491321,0.06839535992078365,-0.07425561154374714,0.026852121767376006,0.23904366616231024,-0.049644405576608965,-0.24981375828833455,-0.0030196606467792907,-0.12772387179166841,0.06830281745535983,-0.13173790122942666,-0.003813675000115678,-0.14467765145731248,-0.17056825700893496,-0.11842890656449978,0.3480337039659074,0.2012109181600707,0.2658897726694337,0.5449645331001263,0.6142085074288464,0.49405137032255675,0.4661183525590305,0.14656644317661266,-0.04818084648593123,-0.07139281037586122,-0.1550771110093144,0.5888139294918956,0.4939671566790211,0.3363770550211228,0.07446198124164226,-0.10174164919927632,-0.1246019517205958,0.04843718911515522,-0.09622287927372673,-0.1705492858035231,-0.11775566012854148,-0.11258716343462107,-0.0724260470023182,0.06364099075963482,0.0623180962164013,0.10349070179578654,-0.014315393976410925,-0.05088169833932546,-0.14929043064636285,-0.19648940157414735,-0.0332162671145722,-0.11191900683426108,-0.22070267493996307
#58,-0.013401999842677809,0.2835639954284022,-0.1749617105549309,0.1153176288769509,-0.10913301591267693,-0.2752041718143413,0.3409634596075274,0.3056437022538717,0.5953275309207513,0.3911094453467335,0.5458987492885798,-0.1269122743699015,0.08203519389960068,1.0,0.2686359703308856,0.016834399885247344,0.04387253200812523,-0.27724380775228236,0.10069360577835154,0.11521166775404064,0.25806206823155975,0.07698422613676852,-0.1280940416533637,-0.21778342286816862,-0.00496767954395073,0.07203551779822966,-0.28206850918715326,-0.2931777694489559,-0.07134006117056965,0.004391139984360323,-0.29825048469116267,-0.19921801616716872,-0.23375301341403038,-0.22805378568090431,0.08513351564199022,0.18690246486856657,0.12087711748728698,-0.03810667369989404,-0.056395378429276735,-0.22321659101320118,-0.19145046433182025,-0.06937075750635073,-0.0862495777750015,-0.14700509446272159,-0.17807530180411538,-0.18162569349010027,-0.3462087665477496,-0.2747766256240832,-0.27974523059268824,-0.25900137425561154,-0.24439909863638679,-0.29639685910872354,-0.21588028706672774,-0.28789220653627434,-0.22960017027813637,-0.34144144144144145,0.14222897782219815,0.1964519218756507,-0.21142020294562666,-0.37858150908998367,0.11930297015042778,0.10964662659577913,0.4038465275753411,0.3676286455947473,-0.22709828472540336,-0.22640329081007046,0.7530148021673445,0.4552890332551349,0.27794713048950337,0.37001253950406493,0.24755479670733907,0.10110495703716042,0.45997908540281424,0.24978460741172606,0.37152422067676305,0.2730826357945002,0.3198489706964283,-0.007839734958379026,0.407804568821518,-0.09987969479494903,0.3582235548337243,-0.01557721049246473,-0.12776366505180065,0.10025310364293415,0.0018568645687289755,0.0032750778513490376,-0.0714867409782664,-0.07619668975601179,0.06959517298500349,-0.002170120814188611,-0.09105345715515208,-0.10978035045831656,-0.15025657398538755,-0.2300267910437402,-0.18214855841974487,-0.047530272954001765,-0.294308638376435,-0.15739391163119976,-0.37516900567748024,-0.004410111189772207,-0.14817899563662276,-0.14580296783686614,0.15553612163781655,-0.07473081710369846,-0.10111513670835705,-0.25211066228015383,-0.17214841960604674,0.11174965412253547,-0.022417486824266485,-0.09784329784329784,-0.16240230985993698
#101,-0.08291203375949138,0.0319303895575082,-0.1737947500659365,-0.06090682361868802,-0.28056330598703483,-0.4005686734500294,-0.020878042911941216,0.2828727032116863,0.36675828370743624,0.15011868571190606,0.18423492830272492,-0.2596769342532054,-0.12596278867465308,0.2686359703308856,1.0,0.51806105026444,-0.0028364265652401246,-0.2099173133071438,0.11853764396137277,-0.011791298231976197,0.4570746401254876,0.3805864416033908,0.05326050241304479,-0.09582170768611446,0.20846948643558813,0.004927886283818487,-0.3558540050065474,-0.4410185223744546,-0.1957060296043347,-0.31253117524303964,-0.38674236640338333,-0.3116293489174845,-0.3857262501330298,-0.30846717287395253,-0.1809598504513759,-0.11529356783594072,0.18852889869839023,0.16661947000930052,-0.1617272125746702,-0.31388553422451726,-0.2782071748173443,-0.036144773432909026,-0.07654141043971552,-0.1581282360943378,-0.40847920339445765,-0.31895269691879863,-0.34485440756627195,-0.4472600489549642,-0.556905287413762,-0.45826612436781927,-0.3201395540378591,-0.41271348389992457,-0.4424936492733103,-0.3165924013381641,-0.31103985341273477,-0.056411110648398786,0.11266906351652115,0.14617822753415974,-0.29215610063067693,-0.5365228094041653,0.23523924540873695,0.23017115728980136,0.1339765034680289,0.012214217298963062,-0.4566642142913329,-0.47172318697742427,0.21700143903533733,0.1473979372284457,0.5359365528857054,0.40475251831184034,0.18343397326448174,0.04680566544973325,0.5944664232799826,0.16130892063095453,0.14141969396206686,0.022302734167140948,0.29575415168635505,-0.11962733149173826,0.2733158428073682,0.02036489494116613,0.12636627382390095,-0.32862847439118625,-0.2760106794005099,-0.13835422479490275,-0.15237949814221,-0.11894806979552743,-0.10977803689668096,-0.30456928423030116,-0.17366102620339907,-0.2189402036859664,-0.22376120342222036,-0.5847314186297237,-0.3514883142001786,-0.18923129601095703,-0.17925197925197925,-0.0031575489202607847,-0.19879509710018184,-0.285591138133511,-0.14155156697529578,-0.26786971871717635,-0.32443444985817865,-0.4105507664829699,-0.26248606079114556,-0.2708134945423081,-0.19709740557198185,-0.3193682125885516,-0.3294729243881786,0.1213449196500044,-0.032099279556906675,0.2011863944067334,0.03496115530013835
#102,-0.09691833590138675,-0.010185686456872898,-0.1425066052184696,0.07918997580014529,-0.309758602978942,-0.38073173327410614,-0.011027822892229672,0.04329645516086194,0.160044327840938,0.07594173526376916,0.004274999190253427,-0.40870408158543753,-0.2687289755086365,0.016834399885247344,0.51806105026444,1.0,-0.18200743115997353,-0.12248458011169876,0.30619062822452653,0.26831531068819203,-0.014200641319285386,0.5256856239907087,-0.015391662849289969,0.18024912431692092,-0.12930912422437846,0.41865147119384405,-0.1619645839984823,-0.06798585951128323,-0.11434176857905672,-0.06764113882757951,-0.3292526733204699,-0.2699172207646784,-0.2413609294965227,-0.18250762318558927,-0.17425052170814884,0.024770841719994264,-0.20150474048779132,0.08047909234349912,-0.2066672219214592,-0.19978807775417945,0.009150136268780336,0.14421401370553913,-0.16784056784056783,0.050319502861875746,-0.37726370438234846,-0.051205134255981714,-0.07594219797609628,-0.1788929144861348,-0.34643595830036505,-0.2158256870121277,-0.029726953455767015,-0.15413410328664565,-0.042075357329594616,-0.17071077240568766,-0.3513259021733598,-0.058587709435167064,-0.11883979511098156,0.2910178283059639,-0.13737003567512043,-0.3594696391306561,-0.0026749399630755562,-0.02348774043689298,0.12514054886936243,0.24864818593632154,-0.1858113892012197,-0.1762452745503593,0.1954038784547259,0.1772933179712841,0.1475043610636831,0.47114479656852537,-0.04349866044781299,0.021882591374116796,0.1083838846550711,-0.03586436976267485,-0.11100191100191101,-0.12956546685360246,-0.06150742421928863,-0.11539675268488828,0.026804925110009856,0.256011789910095,0.08287409134866762,-0.1766668054803648,-0.41846684897532355,-0.3227205633985295,-0.40127939958448433,-0.3667740159265583,-0.2694864355881305,-0.015641990218261403,0.12205009323653392,-0.21665718106396073,-0.17315343078054943,-0.6102666611141188,-0.19549410735851414,-0.20740524808321417,-0.21403499030617676,-0.08200511759833794,0.18217447031006354,-0.11356209830786101,0.12841146230976738,-0.04815493459561256,-0.14510843663386036,-0.27472248828181034,-0.08806155924799992,-0.22421373607814285,-0.14907480670192536,-0.17116145421230167,-0.27103744730863377,-0.09545662766001749,-0.16824220214050722,0.06735379447243854,0.005053744036794885
#201,0.510590097030775,0.379445393004715,0.7469731673121504,0.5137846629372053,0.0774996876691792,0.27899239763646544,0.20518607976235095,0.27634383227603565,0.2211732533766432,0.5279311669142177,0.2958679789188264,0.24900262357889477,0.10903445818700055,0.04387253200812523,-0.0028364265652401246,-0.18200743115997353,1.0,0.5145143602770721,-0.1977091112684333,-0.20994507604677096,-0.03696192340260137,-0.06507308541206847,0.2710971371988321,0.08134528981986609,0.43987516021414325,-0.09185163591943253,0.020005367462994583,-0.13755049348269688,0.20449108584701806,-0.1314431534770518,0.22254935983749544,-0.0875137078526909,0.11278103989968397,-0.20266938741515012,-0.3133802523633032,-0.44780327322700203,-0.06422678456576762,-0.11198193571074927,-0.1555032690625911,-0.12925868858072248,-0.24778892914486134,-0.17151357829323932,0.015593405423913898,-0.0441260983633865,-0.2087494273934952,-0.13426893765876816,-0.0794639014977998,-0.14192034870000972,-0.09223244816465155,-0.13300434486875165,-0.20041320210811736,-0.07530781937561598,-0.18613389969322172,0.23834497054836037,0.12281356857628044,0.1269613218765761,-0.2294095327993633,-0.44813041084227523,-0.2985234849641629,-0.23667087734884346,0.16164022265717182,0.1980334726097438,-0.3232457418898097,-0.022030196606467795,0.13624425658323963,0.11381982907406636,-0.1407330288686221,0.12436643114609217,0.026085870153666764,-0.04614028512333597,0.3036036036036036,0.29579533308346867,0.02144255195102653,0.22561714256629511,-0.1851816377240106,-0.22764521069605814,-0.16732418088350293,0.02375657629894918,0.31045498503125624,0.29411429919904497,-0.06775311521074233,0.03519297417602502,0.20344998311100007,0.05873994179078925,0.054741644572153046,-0.09416427213037383,0.08690894284114623,-0.1122248596824868,-0.18072710615083495,-0.011894945793250879,0.014588856961738318,-0.07061406552931977,-0.30066214134010744,-0.13777259539971404,-0.09282009282009282,0.704871898092237,0.2696687442450154,0.4815988561751274,0.28301614403309316,0.21227020549054448,0.12251743268692421,0.45247759315555924,0.023086106136953593,0.19767903496717057,0.030349764248069334,0.17386323149035013,-0.08467450501348807,0.03861889624601489,-0.11164785741056928,0.197086300476131,0.07587047756539282
