,#10,#11,#12,#13,#17,#18,#26,#49,#50,#51,#52,#53,#54,#58,#101,#102,#201,#202,#301,#302,#401,#402,#501,#502,#601,#602,#701,#702,#801,#802,#901,#902,#1001,#1002,#1101,#1102,#1201,#1202,#1301,#1302,#1401,#1402,#1501,#1502,#1601,#1602,#1701,#1702,#1801,#1802,#1901,#1902,#2001,#2002,#2101,#2102,#2201,#2202,#2301,#2302,#2401,#2402,#2501,#2502,#2601,#2602,#2701,#2702,#2801,#2802,#2901,#2902,#3001,#3002,#3101,#3102,#3201,#3202,#3301,#3302,#3401,#3402,#3455,#3501,#3502,#3601,#3602,#3701,#3702,#3801,#3802,#3901,#3902,#4001,#4002,#4101,#4102,#4201,#4202,#4301,#4302,#4401,#4402,#4501,#4502,#4601,#4602,#4701,#4702,#4801,#4802
#10,1.0,0.33372756423603883,0.581069050560576,0.6497832192747447,0.009095998926507401,0.1444287122253224,0.10248060078568554,0.4380312515905736,0.08519042925822587,0.5767366750417597,0.38658226793820016,-0.09937163665977225,0.00381274957546144,0.07708648556106183,-0.3314292721072382,-0.1279658703387517,0.4286349523637659,0.4166807793926438,-0.33522212505263355,-0.07071077240568766,-0.2790742977183655,-0.14987113461689733,0.04297070568257009,0.1412952243460718,-0.12429193446142599,-0.12074709532336651,0.10891507840660383,0.12963903811361438,-0.0013885996936844394,0.050318114724894385,0.3100237371423812,0.26253279473618457,0.25602196958129164,0.1072507021659564,-0.11107548226192294,0.05548568599416057,0.11393504444351903,0.0017527542951271764,0.11356580000647798,0.30965402999301306,-0.07270274897393542,0.0836463582226294,-0.1952025985924291,-0.06533498058921788,-0.019915138559206357,-0.16323565476107849,0.1326790581027869,0.024252603913620864,-0.03411392902918327,0.07629709833099664,0.35928918132307963,0.21104771952229578,0.4930620913671761,0.2783880953372479,0.1850992749297834,0.007229880111236043,-0.19595404341167053,-0.11471286386540624,-0.13788642263218534,0.015290791561978002,-0.11487203690593521,-0.09109926567553686,-0.18396053989274327,0.061615236191507376,-0.0637761027591536,-0.10035212408093765,-0.08659105947241541,0.02692800658902354,-0.07069041306329442,0.018118426593002866,0.23778092422160219,0.28994341028239334,-0.2881119948916559,-0.010932041440516016,-0.27627766441325763,0.01798007560719425,-0.2594215170486357,-0.09310373547661684,-0.06538587894520098,0.1073548124395582,-0.2444069647459478,0.008282550655432012,-0.0031432048381200926,0.035172152121304666,0.10977757418435384,-0.20408204814984476,0.21604501265518214,-0.17483492737730025,0.03489915184830439,-0.2623329030108691,-0.1152931051236136,-0.2800459936053156,0.06731492663696054,-0.014503717893548401,0.15163777028183809,0.16694151778897542,0.24401180841858808,0.36916022339751153,0.18370003285257522,0.32014927099672863,0.17877677369202793,0.1729493746442899,0.35759981861676776,0.22698677105456766,0.23740566452430859,0.3391301933674815,0.2786388854185464,-0.10623551132025709,-0.14222111171263713,-0.19134913033218118,-0.23406488152250865
#11,0.33372756423603883,1.0,0.3295960058671923,0.3484080382385467,0.05815831239560053,0.07789762027050162,0.5436458029678368,0.48052860256250085,0.4692578556985337,0.4472929015301897,0.42096457011711247,0.08533155651799719,0.26639459181832065,0.42416330043448686,-0.3669234720082178,-0.08014825302960896,0.02139026545806207,0.19017569187060712,-0.07890772128060264,0.08123886598462869,-0.04425473239032561,0.0017124983226678141,-0.21885413919312224,-0.05885561987256902,-0.2711475728424881,-0.12402356131169691,0.14446572921149192,0.1508002609697525,-0.05702559261881296,-0.08699408190933615,-0.08622135232304724,-0.013715256088137444,-0.16244765566799466,-0.20403253793084303,-0.27634429498836277,-0.2639315741010656,-0.12472133150099252,-0.17389700949022982,-0.13705909299129637,-0.01651883007815211,0.16223249443588428,-0.22170629797748442,0.20769444328766362,0.15438581879259847,-0.07290726782252206,-0.20554977165146657,0.024600100871287313,-0.0127745619271043,-0.054696761476422495,0.09297741501131332,0.03697256578612511,0.1778703202432016,0.16045151468880284,0.13691981658083352,0.04060208128004738,-0.10207850377341902,-0.05979816488291065,-0.161947926354706,-0.2628506781049154,-0.3903371784727717,-0.01416778874405993,-0.08922065362743328,-0.20411767699903294,-0.19171189679664255,0.30197439349981725,0.061222393425783256,0.29589666708310775,0.369278677753254,-0.051930667184904473,-0.13654548230819416,0.33978354317337367,0.20036045290282578,-0.06245552177755567,-0.24739145925586603,-0.0008338076134686304,0.11876622385096962,-0.10839313890161348,-0.0887269395743972,-0.1285012285012285,0.016555384351994523,-0.07112860163707621,0.06063937589361318,0.07059509432390788,-0.08368753961974301,-0.1368388419235877,0.015180203315796536,-0.02981255523628405,-0.22676189286358778,-0.20844542539457794,0.13743620353789845,0.27566179430586213,-0.023143482465516365,-0.2475959781044527,-0.07071216054266902,-0.18215966351559573,-0.12027050162643382,-0.018764835713988258,0.09114183520963182,0.22296256194561279,0.044645261594414135,0.02175118107321497,0.026954843903996446,-0.0206161477347918,0.055503731774918214,-0.09107427920987243,0.05310780734509548,-0.13265036993850554,-0.15115331047534436,-0.04316967198323131,-0.23761342235918506,-0.2823336433505925
#12,0.581069050560576,0.3295960058671923,1.0,0.49152820000277625,0.13405238828967642,0.2380331024398821,0.13708685573092352,0.22033435592757628,0.0015658185149710574,0.5063849674019165,0.33682403512911985,-0.11420711929186506,0.08450700315107094,0.05115562403697997,-0.314626336660235,-0.2689098960285401,0.5749626359795851,0.6770925008213143,-0.28369077860603287,-0.08788989297463874,-0.2883438137675426,-0.14682278580583666,0.22967929408607374,0.19464364210126922,-0.07485436129503927,-0.2099941235534456,0.2700708412572819,0.23385666097530505,0.13878686082075914,-0.02671515891854875,0.32827126047465033,0.2338608253862491,0.2526071526071526,-0.03097720216364284,-0.22888713058204585,-0.11632264005145361,0.10629520121045545,-0.040495657444809985,0.005917165239199137,0.36341703799330916,-0.0017569187060712485,-0.02616545667393125,-0.15941781535001873,-0.11075759889319212,-0.016112568654941536,-0.15940115770624244,0.1331797128407298,0.07619252534506772,-0.11243909548994295,0.1478287224049936,0.3507350185316287,0.3763785357005696,0.4327174632259378,0.6040760328895922,0.21713932730881882,0.21650818769462837,-0.2675712692661845,-0.3118570033824271,-0.24210080650758617,-0.0987867682782937,-0.2524350236214643,-0.2264180976045383,-0.3698889953127241,-0.04423529847258661,0.12138748918409935,0.14474983458034305,-0.11972403836810616,0.035654761078489895,-0.12453115673454657,-0.1159348871213278,0.414350560113272,0.28931412151751135,-0.21977678757339775,0.16558391982120796,-0.3907300212384958,0.04223730664408631,-0.4261798007560719,-0.008838730872629178,0.09208299208299209,0.08647121697969155,-0.15608536117010693,0.15709777574184353,0.11808372316846893,-0.11075759889319212,-0.06578149798488782,-0.22855767940513702,0.11290921121429597,0.012025893381825586,-0.0007093379974735907,-0.08405817219376542,-0.00415469398520246,-0.2934512324342833,0.12584109533262075,0.0027929316064909285,0.09871412244293601,0.3939796499118533,0.24810866336290066,0.44778892914486135,0.363280537856809,0.21310540124099447,0.358956491159881,0.3505309623953692,0.312602432941416,0.2649310327276429,0.35646432256601746,0.3206420596251105,0.32960849910002454,-0.38960007773567096,-0.25618715788207314,-0.1228343906310008,-0.19155364918076784
#13,0.6497832192747447,0.3484080382385467,0.49152820000277625,1.0,-0.10248198892266688,-0.029173086800205444,0.07107631514411175,0.18897726694336864,0.1836583887431345,0.6141428022783955,0.3112415959873587,-0.23027758112503874,0.015139484631010055,0.032115011776028726,-0.23639463808955335,-0.052757534113466314,0.37525414474567015,0.39348454772183583,-0.1695613949851238,0.012518219297880315,-0.17102125237718457,-0.05879870625633338,-0.010631741140215716,0.06496342259054123,-0.06789655603214925,-0.040791793334166215,0.18079558757524858,0.23196601840669637,-0.06287427643359847,0.024047622352707097,0.21856355585169143,0.10344165428911192,0.15379030802759616,-0.03998574846032473,-0.21508303372710152,0.033247731552816295,0.0315065450658671,-0.15972366819824446,0.044308407020271424,0.07233304182456725,-0.16456178829060186,-0.00816409629968952,-0.11223272579204782,-0.09220838712364136,-0.18864272593086154,-0.29925966027660944,0.18296293211547449,0.2263412873582365,-0.02519746248559808,0.17168246829263778,0.3324574188980969,0.3332768824294248,0.36293026462517985,0.22689052689052688,0.07987664089359005,-0.048462638293146766,-0.23692999625203015,-0.13225798988510853,-0.11950054831410764,-0.2568118195236839,-0.0387887116700676,-0.06923286923286923,-0.04181855198804351,-0.04927608656422216,0.004333763655797554,-0.037094721840484554,-0.04900308629122188,0.10221685475922763,0.06395470971742158,0.10548545463799701,0.3131956301447827,0.3634563685411143,-0.17244501820773006,0.09834580343054919,-0.22126116871879584,-0.004012178588449775,-0.21359680173239495,-0.12421281065348862,-0.038756784519496386,0.15748737952127784,-0.2901502426926156,0.0069281916739543856,0.042569534094957825,-0.11837476922222685,-0.03164582147632995,-0.20590698556800252,0.05410772868399987,-0.20811134709439794,-0.12692060319178963,-0.21517002364459992,-0.11165340995849471,-0.3369087114849827,-0.13543636086008967,-0.014840572467691111,-0.027589685216803862,0.024293322598407344,0.12141340107441802,0.311813971136005,0.2575082015759982,0.2893215249147453,0.30799520630029104,0.1261862787286516,0.20301642166048944,0.3337682829208253,0.3021918682935632,0.41060906823618687,0.2451093620585146,-0.055440340186102895,-0.16336613963732607,-0.22243784616665974,-0.31092695160491773
#17,0.009095998926507401,0.05815831239560053,0.13405238828967642,-0.10248198892266688,1.0,0.464531249277012,0.16996025301110046,0.1019276595547782,-0.02077254450135806,0.08269270811643693,0.04947690371419185,0.2596204833492969,0.06680455494014816,0.11849646256425918,-0.11954820768380091,-0.19117144879856746,0.16748242849937764,0.14421632726717473,-0.18139017291559664,-0.21388090710124608,-0.3886404123692259,-0.38095152162948775,0.1587945418453893,-0.11320627252830642,0.0583586668332431,-0.2684522735370193,-0.15070725579200156,-0.1492191729479865,0.12047594589967471,0.2378415395364548,0.26033583660702303,0.14868196393620123,0.2776454420522217,0.24058727448557957,0.2659795388608948,0.1432474076541873,0.2296978025791585,0.2659129082857896,0.16894737572703675,0.2773206179985841,0.25182840776061116,0.04063956097854403,0.06274008985873393,-0.01770476177255838,0.17179953451139893,0.28291573545810833,0.07064784352919946,-0.0808298282874554,0.05690575012608911,0.006033306033306034,-0.057067699440580794,-0.08542548712040238,-0.07409088595529273,0.00903954802259887,-0.05496467191382445,0.0484487569233332,-0.2124141090242785,-0.3301646793172217,-0.02431784635174466,0.249730007357126,-0.08224711614542123,0.005149988200835658,0.02439465659804643,0.07044239925595858,-0.06884048917947223,-0.02324990630075376,0.005321654474196847,0.045652586330552435,-0.34019998426778086,-0.24635637178010059,-0.07035679747544155,-0.21133737743907235,-0.1168043235839846,0.10403577691713285,-0.04996784149326522,0.10877256300985115,-0.20669174567479653,-0.18795883711137948,0.09692527658629353,-0.04269585456026134,0.2678155813749034,0.07634753397465262,-0.12265948537134978,0.2630737054465868,0.28839656297283417,0.14967633272718017,0.3458524780558679,0.34728272185899306,0.19598597056224176,0.24963839031635643,0.06834862597574462,0.11140261987719614,0.28797040491955744,0.11559201728693254,0.3297945094555264,0.09846101880000185,-0.024941119856374094,0.06607023047701013,-0.007777731506545066,0.022878348302077117,-0.07441571000893035,0.37862222777477017,0.2924230856434246,0.15122225461208513,0.11620418569571112,0.03992096873452806,0.18217678387169914,-0.12353586251891337,0.1255657814979849,-0.07834321224151733,0.014512972140090783
#18,0.1444287122253224,0.07789762027050162,0.2380331024398821,-0.029173086800205444,0.464531249277012,1.0,0.21130359943919266,0.19940171296103498,0.08136796272389493,0.2300124469615995,0.07334869538259368,0.40984142848549626,0.32131206707477894,0.30552524789812924,-0.4330978127588297,-0.3532540244404651,0.2160029058334143,0.10879384777689863,-0.33570473400981876,-0.2177801838818788,-0.40072275665496004,-0.3762235270709847,0.06551451297214009,-0.0637178010059366,-0.1556022895005946,-0.24274258850530037,-0.16424668119583374,-0.044466191923819044,0.14983272949374643,0.10187814933577645,0.42783677359948546,0.25060083195676414,0.29358865799543765,0.11587704808043792,0.1346155091917804,0.004117676999032931,0.1757270367439859,0.06258323037984055,0.03761295964685795,0.16590319132692014,0.21622639588741283,-0.17805401703706789,0.1477907799941698,0.0807035078221519,0.19126306583933703,0.06870722802926192,0.2880759033301406,0.0107548226192294,0.21932240406816678,0.059657963047793555,0.14828449404720592,0.008764234187963002,0.09038853954108192,0.0991740584960924,-0.07409412494158257,-0.009851608156692903,-0.19982139304173202,-0.3300193876465063,-0.14839924670433144,0.2115372691643878,-0.020038220038220037,0.013543589814776255,-0.1909428689089706,0.09842816622477639,-0.06860265504333302,-0.1698686359703309,0.09256560104017732,0.16408149289505222,-0.42339612339612337,-0.3213814739238468,0.0069013543589814775,-0.1708764234187963,0.013777722252298523,0.09923513652327212,-0.019869330038821565,0.14225072530157276,-0.11511819986396257,-0.16609660507965593,-0.05864601118838407,-0.0645992679890985,0.24061272366357112,0.2105220783186885,-0.02849752680261155,0.2652100482608957,0.38176728346219874,0.15001642628761272,0.2914560168797457,0.042542696779984915,0.005751051513763378,0.2818075394346581,0.18704960738859044,0.04241036105442885,0.1876446554412656,-0.010948699084292305,0.11307578765205883,0.029712146661299205,-0.198065399760315,0.3027448095244705,-0.038335716301818,0.12740737655991893,0.18423863000134186,0.4566702295515855,0.2564985632782243,0.32447054141969395,0.2129924994331774,0.2322695576932865,0.144361156225563,-0.04684869769615532,-0.039294918955935905,-0.018678308508816983,0.028737211788059245
#26,0.10248060078568554,0.5436458029678368,0.13708685573092352,0.07107631514411175,0.16996025301110046,0.21130359943919266,1.0,0.3749200664454902,0.47609952016731677,0.33476681612274833,0.42915226474548507,0.2978062808571283,0.284907249314029,0.6035101357135255,-0.23069957476737138,-0.09462652174516581,-0.07137522730743069,-0.014780419865165628,-0.11635271635271635,-0.13550576770915754,-0.06376222138934004,-0.11644757237977577,-0.2740224045308791,-0.24484515331972959,-0.3415691500437263,-0.30710309693360544,-0.028058412804175516,-0.015558701999379965,-0.04345516548906379,-0.01705881536390011,-0.08236973491210779,-0.1361392208849836,-0.08183530217428522,-0.08414562482359092,-0.13870773701282177,-0.11471055030377064,-0.04381978280283365,0.025913741167978455,-0.11354775422572033,-0.1285521268572116,0.2523799608545371,-0.16849160408482441,0.31356302373251527,0.23275957004770564,0.041682514563870496,-0.07640352216623403,0.045701171124899936,0.10391547171208187,-0.013527857595654206,0.20797114525928084,-0.018506179523128677,0.15592294914328814,0.08640921352785759,0.008153916628492899,-0.09015533252821388,-0.17805077805077804,-0.033555435250350506,-0.22296672635655687,-0.2143246482229533,-0.20720674449488008,0.11481280972806397,0.15653928196301078,-0.1709634133362947,-0.15339746526187203,-0.04919372376999496,-0.15039076056025208,0.30934401273384327,0.40054044799807514,-0.10717157835801903,-0.16151020049325135,0.2472133150099252,0.06782437290911868,0.04819195158178209,-0.22697335239708122,0.12585590212708858,0.09000726458353576,-0.04303779897000236,-0.018502940536838843,-0.07093888958295738,-0.2821777092963534,0.14651461939597532,0.11844093708500489,0.04261904431395957,-0.0407260881837153,0.015946917641832897,0.15147952266596335,0.10203593423932407,-0.058742255352424846,-0.1389071660258101,0.2693217099996761,0.33590601387211555,0.039202376490512086,-0.12600998533201924,-0.056597121003900665,-0.04535413687956061,-0.1736781465595025,-0.1966097067791983,-0.033056631361716105,-0.12636905009786364,-0.0555638843774437,0.03119560238204306,-0.05815183442302086,-0.12201492709967286,0.0406145745128796,-0.09412910599351278,-0.011584465821753957,-0.041521953386360166,0.035105058833872396,0.06117380863143575,-0.19289227594312341,-0.19000032389862898
#49,0.4380312515905736,0.48052860256250085,0.22033435592757628,0.18897726694336864,0.1019276595547782,0.19940171296103498,0.3749200664454902,1.0,0.47264722349468113,0.3056284327470768,0.35821198702554635,0.3731895223420647,0.24318771776398895,0.3990958601128093,-0.30534108839193586,-0.19306301679183036,-0.011969442477917053,-0.024614444953428006,-0.19895334471605658,-0.11252145828417015,-0.14451986655376486,-0.16562463850599443,-0.2365316009383806,-0.21433158890786008,-0.17496124784260378,-0.21085754475584984,-0.03213537111842196,-0.04493353137420934,0.08043698552173129,-0.01116848743967388,0.04848669933415696,0.06352762623949064,-0.12629825511181444,0.014736924906416432,-0.052540984744374575,-0.02158136564916226,-0.13490377897157557,-0.03575563236580186,-0.15593729322542882,-0.018916142644956203,0.08947884710596575,-0.19668651702550008,0.08399061619400602,0.022966263644229747,-0.12652313330279433,-0.264981931083626,0.00014297810907980399,-0.10464193006565888,-0.042666240971325715,0.018056885853496022,0.09205754290500054,-0.003443967850747512,0.10207711563643768,0.01745721067754966,-0.03891410671071688,-0.05661748034629391,-0.06418976757959809,-0.14274027494366479,-0.23738299162027976,-0.007686577178102602,0.12701823549281177,0.10500284568081178,-0.2115516132465285,-0.16174572106775498,0.012141108751278242,-0.21528523901405258,0.13116367523147185,0.17697312104091764,-0.1135593220338983,-0.19049773965028202,0.08313228482720009,-0.04345747905069939,0.13890577788882874,-0.1150386133436981,0.12749344105276308,0.024882818103157085,0.046191183479319074,-0.1055021122817733,-0.08772840637247417,-0.11313917924087416,-0.006519153976781095,0.1205990273786884,-0.02152306389594525,0.2422738609179287,0.23412364598805277,0.17956431007278464,0.11060906823618688,-0.19358403087216647,-0.0760685184413998,0.12989399260585702,0.17448881855661516,0.12931328863532254,-0.09284461657343013,-0.03405377642665778,-0.022644678576881967,-0.11042213245603076,-0.08708801251174132,0.03652743652743653,-0.030043911399843602,0.10462758598351819,0.013215526774848808,-0.03558396609244067,-0.04863939440210627,-0.006829633948278016,-0.09192983430271566,-0.006531647209613311,-0.10958369771929094,0.1564745022372141,0.018919381631246037,-0.045599837125260854,-0.008730456188083307
#50,0.08519042925822587,0.4692578556985337,0.0015658185149710574,0.1836583887431345,-0.02077254450135806,0.08136796272389493,0.47609952016731677,0.47264722349468113,1.0,0.30080789572315,0.3317772317772318,0.3829004659513134,0.41579977512180905,0.5378022089886497,-0.3280121415714636,-0.2728984762883068,-0.02832169611830629,-0.22194135583966093,-0.21158631667106242,-0.18822998653507128,-0.01137069272662493,-0.21175335582115243,-0.4075195380280126,-0.2963334675199082,-0.2913352489623676,-0.23814554153537204,0.02442334476232781,-0.07680885816479037,-0.02302132641115692,-0.05225549123854208,0.03167728591457405,-0.0557697913630117,-0.095711119439933,-0.28974953381733043,-0.1529537241401648,-0.1766570885214953,-0.23643211778804998,-0.24417236959609842,-0.14950651730312747,-0.1687451704400857,-0.0631532919668513,-0.3695211390126644,0.2530976276738989,0.11174965412253547,-0.14360600970770462,-0.34095050366236807,0.17035494662613307,0.02272010068620238,0.20470115724353014,0.14445508682796818,0.10506022200937455,0.08291851173207106,0.12032926609197796,0.029094888416922315,-0.08278941499280483,-0.21101995678266866,-0.00973407922560465,-0.30981690473215895,-0.18047215165859234,-0.1583586668332431,0.22753786143616653,0.2970312377092038,-0.1527760426065511,-0.39264379942346045,-0.07631144241313732,-0.23390293220801694,0.32394582564074087,0.261827621149655,-0.26527205171272966,-0.32148465877279436,0.23015681320766065,0.07646969002901206,0.33849118764373004,-0.13210066769388804,0.31767329733431426,0.20729743611099544,0.07139327308818834,-0.039539231064654796,-0.22262339380983448,-0.35823142094328536,0.009672538486097807,0.15944650351430012,-0.019795296066482507,0.09012525622695114,0.19660461694359999,0.2501737484788332,0.037782775070910664,-0.288182327165378,-0.19048061929417862,0.23510043171060122,0.3088368800233207,0.22665731987765886,-0.1793232369503556,-0.07273884053545071,-0.03738808145587807,-0.30080743301082286,-0.3178500534432738,0.14428388326693412,-0.13918895783302562,0.15202922491058085,0.11791714673070605,0.05331787874160755,-0.1639551724297487,0.26606282707977624,0.002520856758144894,0.1405391524035592,-0.015306061068772933,0.21703058991194585,0.06914217761675388,-0.039486019147036096,-0.042438123794055996
#51,0.5767366750417597,0.4472929015301897,0.5063849674019165,0.6141428022783955,0.08269270811643693,0.2300124469615995,0.33476681612274833,0.3056284327470768,0.30080789572315,1.0,0.3977021705835265,-0.06521560080882115,0.11354173896546778,0.18887038039580412,-0.34653636687534994,-0.278940111143501,0.5734773294095328,0.3269081099589574,-0.26367569418416875,-0.17869348547314648,-0.22912727827982066,-0.25244381515567954,0.053184617591397254,-0.09859844436115622,-0.11730127662331052,-0.22306574679456034,0.1840387382760264,0.08605847758390131,0.036532989075361955,-0.02002109968211663,0.2953663987562293,0.20614250614250615,0.232073367666588,0.01619261788753314,-0.04215910826080318,-0.026402365385416234,0.21399658518302586,-0.14446896819778177,0.1886033953830564,0.09793260132243183,0.056264430840702026,0.044698473512032835,-0.046782529833377294,-0.06688229061110416,0.20672552367467623,-0.1049644405576609,0.12670544195967925,0.02891581874632722,-0.0277868006681566,0.09993429484954909,0.1776741302165031,0.19528588681131054,0.35699135190660614,0.2335868996885946,0.10782955528718241,-0.12179513874429129,-0.18601359448817076,-0.37078480637802674,-0.010904278700888871,-0.18612001832340816,-0.03701143362160311,-0.07916221306051814,-0.28156230190128495,-0.016052416052416054,0.060084121101070254,-0.016143107668531397,-0.1320414405160168,0.06074996413979465,-0.15308929885201072,-0.08371437693471592,0.3155360290953511,0.25636900382663097,-0.23373080322232864,-0.003433788179550891,-0.19988432191822023,0.01697043730942036,-0.25916795069337445,-0.09339987136597307,0.04553783367342689,-0.04980774302808201,-0.061853995752300835,0.10403623962945997,-0.005779276965717644,-0.011232341740816318,0.05017883831443153,-0.08670627484186806,0.24784075292549868,0.02797882628391103,-0.041981426727189436,-0.10405289727323626,-0.023930556133945964,-0.2724866623171708,0.13568992721535095,0.00816409629968952,0.1561131239097341,0.15565966582915736,-0.00044003942309027053,0.3279024787499364,0.09004011715876123,0.1277701430243803,0.09873170551136652,0.31633837227057565,0.2729035661239051,0.2480901548698159,0.23380391177001347,0.34739284739284737,0.15358208748039257,-0.1435352147216554,-0.1293970395665311,-0.17295770346617803,-0.23070882901391376
#52,0.38658226793820016,0.42096457011711247,0.33682403512911985,0.3112415959873587,0.04947690371419185,0.07334869538259368,0.42915226474548507,0.35821198702554635,0.3317772317772318,0.3977021705835265,1.0,-0.035403508284864216,0.2646483154957731,0.257829786643346,-0.23343929445624362,-0.08053600595973477,0.1533502686045059,0.24513805022279597,-0.04583998482303567,0.08287409134866762,-0.21993457247694537,-0.051224568173720716,-0.1742856878450099,-0.03379604566045244,-0.25700153157780276,-0.11860890165974912,-0.051275929242030935,0.07090603700773192,0.0315889078600943,0.24843626369050098,0.04418393740427639,0.10044651739566994,0.1349116450811366,-0.03314639755317721,-0.23853236904084363,-0.013699523869015394,0.023077314602738333,-0.0037549105345715517,-0.07579921986701647,0.07141964769083413,-0.10225618530703276,-0.11771818043004484,0.002270066676846338,0.04886751157937599,-0.08799492867289477,-0.1329136532526363,-0.0002683731497290819,0.04340565527006205,-0.035937941022686784,0.1679173780868696,0.023655705011637215,0.1451625739761333,0.17098469810334216,0.06760921167700829,-0.13702022515581838,-0.10181244418532553,-0.23083885117783423,-0.1570991638788249,-0.2562482359092529,-0.05422201862879829,0.02324018934188426,0.061674926081705744,-0.11285599929667726,-0.007364992110754823,0.07263426754952179,0.08686729873170551,0.07592646575697423,0.22254797170051407,-0.0057751125547735715,-0.05311891244094634,0.29903015496235835,0.33507914694355373,-0.132151103337544,-0.05844010420281607,-0.17309883072594937,0.07951017273051171,-0.13035855578228459,0.06800853241531207,-0.008351957504499878,-0.0485773909502723,-0.1704044568451348,0.10829828287455406,0.04590754082279506,-0.10203500881466983,0.15876030113318249,0.01528662715103393,0.1769088040274481,-0.002551858484061874,-0.13629839392551257,-0.07587556740099113,0.14141738040043125,-0.16550618415025195,0.06996811912066149,0.017273051171356257,0.10329960160468635,0.061435703808585165,-0.07059416889925364,0.027759500640856572,-0.017341995308097,-0.016283772215975607,-0.004663677545033477,0.00362627650763244,0.14102268678539864,0.1382149483844399,-0.03852311479430123,0.08561196018823138,0.027368971436768048,0.029534927840012586,0.04737202533812703,-0.2377790733722937,-0.10626605033384695
#53,-0.09937163665977225,0.08533155651799719,-0.11420711929186506,-0.23027758112503874,0.2596204833492969,0.40984142848549626,0.2978062808571283,0.3731895223420647,0.3829004659513134,-0.06521560080882115,-0.035403508284864216,1.0,0.6024583905939838,0.581282823655705,-0.17130582045836282,-0.33000273000273,-0.19830415932110848,-0.35704456382422484,-0.16460111883840697,-0.15508266355723982,0.009031219200710726,-0.2804517923161991,-0.1310100547388683,-0.32612890240008885,-0.11355469491062711,-0.2726810014945608,-0.1392120934493816,-0.34673764673764673,0.32396664769546124,0.22934336493658528,0.13155142816159765,-0.03666023496531971,-0.038890045669706684,-0.12449737873466687,0.07286099658981014,-0.22776320233947353,-0.16262117279066432,-0.011455831794814846,-0.22601091075667346,0.02994720452347571,0.2048575540100964,-0.4037169681237478,0.42117695507526015,0.23276188360934125,-0.021567021567021567,-0.14726328794125404,0.14949171050865967,-0.11683069818663039,0.26052508594881474,-0.05219580134834372,0.09486250503199656,-0.18417292485089096,-0.1777588065723659,-0.10816594714899799,-0.16865447882397036,-0.1276341056002073,-0.02313561635595534,-0.1405127778009134,-0.17178333957994976,0.13770226312599193,0.24334272639357385,0.20601202126625856,-0.056058523855134025,-0.23423886135750543,-0.15896574540642336,-0.2643188643188643,0.48849512069851053,0.25668457363372615,-0.36663288866678695,-0.36040385531910957,-0.06053943003095545,-0.25269275438766964,0.3884238630001342,0.009989496430174397,0.28147762554542216,0.14751824243349668,0.05415585076602026,-0.20773053484917892,-0.057771484890128955,-0.24329229074991787,0.25893798266679624,0.27507091066413103,-0.06819731904477667,0.21497984887815397,0.30211552075958853,0.3100348422382321,0.13977104994054146,-0.12785296853093464,-0.11144611483594534,0.4800196190026699,0.3724880504541522,0.38244885872004514,-0.24655672621774316,-0.1228297635077296,-0.16268826607809658,-0.2781007509821069,-0.48760671303044184,0.09064812115659573,-0.19342902224258157,0.15991014126607347,0.08797318119352018,0.06604385587436434,-0.19002669850127477,0.11937885497207532,0.04378970650157091,0.05703484686535534,-0.05411143038261682,0.2172545426782715,0.19423552982875017,0.2712924018008764,0.24793005640463267
#54,0.00381274957546144,0.26639459181832065,0.08450700315107094,0.015139484631010055,0.06680455494014816,0.32131206707477894,0.284907249314029,0.24318771776398895,0.41579977512180905,0.11354173896546778,0.2646483154957731,0.6024583905939838,1.0,0.5421979760962812,-0.396336706506198,-0.4421771540415608,-0.1128448942008264,-0.2007019346002397,-0.15074982532609651,-0.07682088868529546,-0.07965315083959151,-0.19939430956380108,-0.2172665731987766,-0.27030589911945846,-0.3043064636284975,-0.3038752157396225,-0.012477500613093833,-0.06299319350166807,0.2763836255361679,0.16819963260641227,0.08605199961132165,-0.11295779600864346,-0.017728360101241458,-0.30977248434875554,-0.19247352128708062,-0.4145129721400908,-0.16562278765668595,-0.2811444726698964,-0.2754952178680992,-0.008798937612496935,0.08145819162768315,-0.5896213625027185,0.49311206429850496,0.2982250355131711,-0.003839586890434348,-0.3462735462735463,0.21720086804832567,0.020034518339603086,0.25405359134172695,0.05619502399163416,0.09033347677415474,0.07220764678391797,-0.033326392648426545,0.08903834497054836,-0.09673047469657639,-0.06557374015001134,0.018332199688131892,-0.2363377244733177,-0.16416431840160653,-0.04103934442917494,0.32019831850340325,0.16676707524165152,-0.2051967221458747,-0.3002706867113647,0.03879889134126422,-0.03421618845347659,0.4971029581199073,0.37796378813327963,-0.4820550905296668,-0.5079628164373927,-0.003368083029099978,-0.12866549137735578,0.292490641643184,0.07941392856647093,0.24083390015593406,0.265774557299981,0.02700898124626938,0.002396387142149854,-0.09469268960794384,-0.22915319017013933,0.023548355751745582,0.3880995016588237,0.20492002017425745,0.03876418791673029,0.11537963232878487,0.28106072173868785,0.014014168251456387,-0.2752333226909498,-0.3777768523531235,0.4092200058301753,0.5977947130489504,0.3389390931763813,-0.16002396849854478,-0.06357667374616527,-0.20197948333541554,-0.22343915564254546,-0.4245616957481364,0.1495190105359597,-0.04754785602243229,0.04030779623999963,0.1911751504971844,0.08075857058907907,-0.1786402735555278,0.21981565540887574,0.12741940708042404,0.20682269326337122,0.021469851978326553,0.17449992365246603,0.15739020993258282,0.2269465150821083,0.1811449353822235
#58,0.07708648556106183,0.42416330043448686,0.05115562403697997,0.032115011776028726,0.11849646256425918,0.30552524789812924,0.6035101357135255,0.3990958601128093,0.5378022089886497,0.18887038039580412,0.257829786643346,0.581282823655705,0.5421979760962812,1.0,-0.37250008097465725,-0.33530263699755225,-0.21411781581273107,-0.2532868770156906,-0.18645826103453222,-0.04136324305815831,-0.2058653414585618,-0.24109857160704617,-0.31582013446420226,-0.3715330122109783,-0.2880865457136644,-0.32185205236052694,-0.20109292651665533,-0.17252460472799455,0.11795370100454847,0.030179023399362383,0.031039668327803922,-0.06255269136625069,0.003487925521823827,-0.0893298537366334,-0.11754142432108534,-0.28329886126496295,-0.0985831748543613,0.03264342925359875,-0.14239971867090512,-0.0016842728707135487,0.17211741788012974,-0.4310998209303294,0.41404008014177507,0.2373209881684458,-0.07606666759209132,-0.21244187176390567,0.13081016301355283,0.19538213097535131,0.19523082404438336,0.2500571449723992,0.05435018994341028,0.12235455794777829,0.01808279774381469,-0.022392963070929174,-0.1953552936603784,-0.17587880638728096,-0.12537653215619318,-0.28070998579473155,-0.19724269724269725,0.008310776107386278,0.33335369267572657,0.3694827338895135,-0.1340542391389849,-0.294681584512093,-0.08490678660170185,-0.16258508122914903,0.6177797211695517,0.47367999740881095,-0.31064423437304794,-0.2812097151080202,0.21987164360045716,0.00033176473854439954,0.31144102500034704,-0.04875969960715723,0.2940421160760144,0.25826797521712774,-0.02502163180129282,-0.11103430086480934,-0.13587686299550705,-0.31003160325194223,0.008928959776417403,0.2708699454462166,0.029969877427504545,0.035937941022686784,0.1514494463647006,0.3000069406849068,0.18004830716695122,-0.2990329312363211,-0.24541475219441322,0.36406992508687425,0.4908558789914722,0.29385703114516676,-0.28288473373219136,-0.08023616837176159,-0.16358315171874493,-0.4440488254047576,-0.42094328535006503,0.06284420013233573,-0.1715468935807919,0.033786791413910056,0.08146004247699162,0.011332287603474045,-0.13222004747428476,0.17508941915721576,0.035561293188411836,0.12499849618493686,0.01354636608873897,0.2176149955810973,0.1183372895237302,0.10335975420721183,0.05488045827028878
#101,-0.3314292721072382,-0.3669234720082178,-0.314626336660235,-0.23639463808955335,-0.11954820768380091,-0.4330978127588297,-0.23069957476737138,-0.30534108839193586,-0.3280121415714636,-0.34653636687534994,-0.23343929445624362,-0.17130582045836282,-0.396336706506198,-0.37250008097465725,1.0,0.3072076699195343,-0.08295969312918465,-0.20374241730173934,0.39205522934336495,0.105221245899212,0.6053253561728138,0.17255745730322,0.3661072474631797,0.08119166932726254,0.5635701957735856,0.12034129661248305,0.11937561598578547,-0.26914356575373527,-0.021467538416690957,-0.05444041884719851,-0.27152560881374443,-0.0956407871662109,-0.0655658740404503,0.09206217002827172,0.03254255796628678,0.29140650666074397,0.09067495847156865,0.1505823234636794,0.07986137138679511,-0.050064085657305996,-0.07501307162324111,0.22916568340297153,-0.09518270196236298,-0.09194464109718346,0.04431395956819686,0.13793824641282268,-0.28694595982731574,-0.08063502639773826,-0.1416704840433654,-0.15372737915110796,-0.23019105391986747,-0.2794657523471083,-0.3330205398002008,-0.3460343240004257,-0.007476043069263408,-0.06355492626679067,0.20320752185158966,0.17052106035156883,0.1771966110949162,-0.11745212084195135,-0.07080655385740131,-0.1902719360346479,0.3173105308698529,0.2143292753462245,-0.13019984545408275,0.11189725935488648,-0.0813503796554644,-0.22325916054729614,0.42629131442690765,0.3026323704289806,-0.20492511000985578,-0.05602289500594585,-0.05735041667245057,-0.08187972255768866,-0.14817853292429564,-0.348354826320928,0.05782978664334597,-0.05559905051430475,0.4281037586122332,0.020941897213083652,-0.09740510926951605,-0.2161986331477857,-0.09771929093962992,-0.22412859700995294,-0.1691865980001573,-0.19449094703331993,-0.2347126787804754,0.24307018883290069,0.05217127759500641,-0.23888865753272534,-0.33930324777782406,-0.17076907415890466,-0.11707038317207809,-0.012854148447368787,-0.09024602414432922,0.1987913954015649,0.04808876673283453,-0.3191044665620937,-0.18777143861889625,-0.19081238403272302,-0.21370091200599675,-0.3342689376587682,-0.0715737308957648,-0.3064853759769014,-0.05126760042014279,-0.23815757205587715,-0.06729595543154865,-0.03590601387211557,-0.15556712336373354,0.052207831868848815,0.03627201932286678
#102,-0.1279658703387517,-0.08014825302960896,-0.2689098960285401,-0.052757534113466314,-0.19117144879856746,-0.3532540244404651,-0.09462652174516581,-0.19306301679183036,-0.2728984762883068,-0.278940111143501,-0.08053600595973477,-0.33000273000273,-0.4421771540415608,-0.33530263699755225,0.3072076699195343,1.0,-0.21163027434213874,-0.006089294224887445,0.3497785921514735,0.43045711350796095,0.14134242100343794,0.6142297921958939,-0.07532123803310244,0.31203653576534934,-0.06094337789253043,0.4107497327836311,-0.1605940300855555,0.056683648209071937,-0.20372390880865457,0.010211598347191568,-0.2725532928922759,-0.2658536811079184,-0.349683273412087,0.018008301059148517,0.10000786610956103,0.21386795115608676,-0.22368115418962878,0.09519704604450367,-0.1023320701286803,-0.34303317184673116,-0.050561501408959035,0.37378133140845005,-0.37830526983069357,0.007279390330237788,-0.28185566151667846,0.19144676263320332,-0.27662238509696135,-0.23299277706057367,-0.20741496504208368,-0.26962802556022897,-0.21064377166072082,-0.30720072923462755,-0.23157965361355193,-0.30104711799627054,-0.09276780632712836,0.049865582068971896,0.07229232313978076,0.55713849442663,-0.0049195574619303436,-0.21825446401717588,-0.14817714478731428,0.026893765876816723,0.3570584451940384,0.4407020271427051,0.12720655940994924,0.13164304520236725,-0.21415529551122772,0.034157886700259585,0.5516410092681279,0.6345821939042278,-0.05063738623060657,0.12069434611807493,-0.021624397895584336,-0.05387128268484201,-0.029022705293891733,-0.22782242951734477,0.20556365302128013,0.2229024093430873,0.044429637649976636,0.5374403679488425,0.008540744133964473,-0.31449307551002464,0.008271445559581153,-0.15669567872957704,-0.19739076518737536,-0.2685952516460991,-0.2116052878764743,0.14672376536783316,0.12676513184987762,-0.24599684430192906,-0.3597565207734699,-0.16430498294905074,-0.13657370776014843,-0.19326337122947293,-0.18092005719124363,-0.14748909155688816,0.32922629871782416,-0.3933059407635679,-0.07769078786027939,-0.20581120411628887,-0.2984013289098035,-0.35307495476987,-0.27441108288565913,-0.3799298528112087,-0.35042592669711314,-0.28361581920903955,-0.34921454582471534,-0.012773173790122943,0.12376259155920173,-0.1337969710851067,-0.10537116469319859
#201,0.4286349523637659,0.02139026545806207,0.5749626359795851,0.37525414474567015,0.16748242849937764,0.2160029058334143,-0.07137522730743069,-0.011969442477917053,-0.02832169611830629,0.5734773294095328,0.1533502686045059,-0.19830415932110848,-0.1128448942008264,-0.21411781581273107,-0.08295969312918465,-0.21163027434213874,1.0,0.5805901433020078,-0.3056358361443107,-0.3174683157734005,-0.2698977868469394,-0.3011146739960299,0.3636775450334772,0.08614222851510987,0.10671950841442367,-0.1865406238287594,0.17358514138175155,0.0655848452458622,0.14939963075556295,0.04852371632032649,0.4988052767713785,0.3823021789123484,0.42715149664302204,0.13600040718684786,0.06534377212343315,0.17071123511801478,0.34180004349495874,-0.013985017374847883,0.31708935437749,0.2890772128060264,-0.03140891276484497,0.20267170097678572,-0.3678479712378017,-0.2919548207683801,0.19291494884715224,-0.026152963441099034,0.13105216156063615,0.0026573568946450304,-0.0464146735333176,0.0644104813596339,0.26013964658032457,0.2507660202575457,0.4195926280672043,0.412159617244363,0.21476885205698765,0.07573027573027573,-0.22134908406094847,-0.4246699704326823,0.017197166349708724,-0.042030936946191186,-0.2986803444430563,-0.268151973236719,-0.2718939278261312,0.22185621677147102,-0.01082700574225998,-0.026417172179884044,-0.4166585692009421,-0.16652692754387668,-0.08364543279797518,0.026718397904838584,0.2707829555287182,0.2784556513370073,-0.37854958193941246,0.1210955177056872,-0.3625318693115303,-0.023676064354030454,-0.3246699704326823,-0.13492691458793155,0.1838036804138499,0.05803939532753092,0.05587019993799655,0.049095166044318586,0.021419416334670573,0.07086670645992679,0.102257110731687,-0.301347881008898,0.21802033157965361,0.2585159890244636,0.16159210057515142,-0.22862569811722355,-0.28924425195611636,-0.34788100889795803,0.3507276151343948,0.04319465844889574,0.3515123752411888,0.49448909618401143,0.2071391884951207,0.5723529384546334,0.19442801815683172,0.28662761374625784,0.21394152241609868,0.575626628169001,0.5092237075287923,0.4378665260021192,0.35957051041796806,0.352709874743773,0.37632347293364243,-0.3486245876076385,-0.18972130836537615,-0.235911566420041,-0.25925494061087284
