,#10,#11,#12,#13,#17,#18,#26,#49,#50,#51,#52,#53,#54,#58,#101,#102,#201,#202,#301,#302,#401,#402,#501,#502,#601,#602,#701,#702,#801,#802,#901,#902,#1001,#1002,#1101,#1102,#1201,#1202,#1301,#1302,#1401,#1402,#1501,#1502,#1601,#1602,#1701,#1702,#1801,#1802,#1901,#1902,#2001,#2002,#2101,#2102,#2201,#2202,#2301,#2302,#2401,#2402,#2501,#2502,#2601,#2602,#2701,#2702,#2801,#2802,#2901,#2902,#3001,#3002,#3101,#3102,#3201,#3202,#3301,#3302,#3401,#3402,#3455,#3501,#3502,#3601,#3602,#3701,#3702,#3801,#3802,#3901,#3902,#4001,#4002,#4101,#4102,#4201,#4202,#4301,#4302,#4401,#4402,#4501,#4502,#4601,#4602,#4701,#4702,#4801,#4802
#10,1.0,0.5286203052319994,0.34765694076038905,0.3464882943143813,0.10181832160842656,-0.013047322492599853,0.25102064352439163,0.4690116480221428,0.25627186406796604,0.5034021450813055,0.35305424210971437,0.04880636604774536,0.04318609925806328,0.06682043593587822,-0.4095721370084189,-0.3090531657248299,0.3349555991235152,0.1384461615346173,0.03835005574136009,-0.136577864913697,-0.03672778995117826,-0.21157882597162958,0.003006189213085765,-0.11587283281436205,0.19407219467189482,-0.20417483565909353,0.13832314611924806,0.14033752354591936,-0.04822973128820205,-0.14866412947372468,0.11742590243339869,0.045108215123207625,-0.025571829469880444,-0.09627493945335025,-0.00016145773267212547,-0.2878483835005574,-0.2132702879329566,-0.23798869795871294,-0.06885019028947065,0.012878176296467151,-0.008564948295083228,-0.1939799331103679,-0.2619997693460962,-0.2507438588398109,0.06598239341867528,-0.04916003536693192,0.11281282435705224,0.09391458117095298,-0.012885864759927729,0.04622304232499135,0.11627263291431207,0.019328797139891593,0.17629646715103986,-0.07967554684196364,0.08534194441240918,-0.16552492984277092,0.14764925229692846,-0.09831238227040326,0.30929919655556837,0.3795640641217853,-0.01293968400415177,0.1247376311844078,-0.06126167685388075,-0.1673394072194672,0.023472878945142814,0.033152654442009766,0.04603083073847691,0.019490254872563718,0.024410871487333258,-0.019490254872563718,0.22768615692153923,0.1415753661630723,-0.11070618536885403,0.0011378925921654557,-0.2133010417867989,-0.15932033983008495,-0.10787683081536155,-0.050643908814823356,-0.012324606927305578,-0.1665167416291854,-0.23251451197478185,-0.19828547264829124,,-0.14012224656902317,0.0006842732479913889,-0.14499673240302927,0.0014608080575097067,0.07334794141390844,-0.1298043286049283,-0.16637066082343444,-0.1985776342597932,0.1641025641025641,0.2967746895782878,0.0662822434936378,0.21746050051897128,0.2688578787529312,0.05794026063891131,0.16904624610771538,0.27739207319417214,0.1400453619344174,0.1924806827355553,-0.020243724291700304,-0.10940683504401645,0.122423403682774,0.2848114404336293,0.19424134086802752,0.15652942759389535,-0.015538384653826932,0.12114711874831816,-0.07956790835351556,0.25557990235651407
#11,0.5286203052319994,1.0,0.4224195594510437,0.1813554761080998,0.2971744896782378,0.09252296928458847,0.5023334486602853,0.42556414100641987,0.325952408411179,0.44384730711567294,0.2863337561988237,0.13281051781801406,0.19610194902548725,0.16540960289086226,-0.38418483066159226,-0.25050551647253294,0.3103832699035098,0.14347441663783492,-0.08844808365048246,-0.05984699957713451,0.038734478914388956,-0.12695959712451466,-0.048052896628608774,-0.11547303271441202,0.11145196632453004,-0.2506977280590474,-0.068934763387537,-0.08800215276976896,-0.17957175258524583,-0.10446315303886518,0.009848921692999654,-0.024887556221889054,-0.012270787683081536,-0.025279667858378502,-0.05587206396801599,-0.27477030715411527,-0.14682658670664667,-0.20092261561526928,-0.08993195709837389,-0.15540691192865105,-0.1076923076923077,-0.21236304924460847,-0.19253450197977934,-0.17004574635759043,0.10804597701149425,0.04036443316803137,0.012962749394533502,-0.11729519855456887,0.044323991850228735,0.0006381424672279245,-0.12331526544420097,-0.07162572559873909,0.015146273017337486,-0.39980009995002497,-0.07813785414984815,-0.30093414831046017,0.13787721523853458,-0.22658670664667666,0.15197785722523355,0.20086110790758466,0.057156037365932416,0.18531503479029715,-0.10277169107753815,-0.2371890977588129,0.13788490370199516,0.2042901626110022,-0.027009572137008418,-0.04419328797139892,-0.0618921308576481,-0.030430938376965363,0.2624918310075731,0.018629146964979047,-0.12310767693076538,-0.07648483450582401,-0.19999231153653943,-0.05546457540460539,-0.030515511475031714,0.023372928920155307,-0.16234190597009188,-0.23888824818360052,-0.06196901549225387,-0.08527274824126398,,0.19682466459078155,0.17726521354707261,-0.0786991119824703,0.09208472686733556,0.14299004343981855,-0.1566908853265675,0.045054395878983584,-0.07400146080805751,0.06167685388075193,0.25442663283742745,-0.024925998539191942,0.013301041786798909,0.27896820820359053,0.26050051897128357,0.15650636220351363,0.14932533733133432,0.07502402644831431,0.060454388190520125,0.05736362587936801,0.010148771767962172,0.2748933225694845,0.2681428516510975,0.14163687387075694,0.08262791681082536,0.0054434321300888015,0.14801829854303616,0.05792488371199016,0.28419636335678317
#12,0.34765694076038905,0.4224195594510437,1.0,0.4620612770537808,0.4242417252912006,0.24007227155652944,0.5249682850882251,0.10874562718640679,-0.02629454503517472,0.44170991427363243,0.3734978664513897,0.026725098988967053,0.2688117479721678,0.2496444085649483,-0.3509706685118979,-0.05349632875869757,0.5972013993003499,0.5712605235843616,-0.25770960673509397,-0.1396071195171645,-0.3526313766193826,-0.09822012070887633,0.228308922461846,0.4512436089647484,0.2568946296082728,0.2663821935186253,0.006473686233806173,0.026932687502402644,-0.015492253873063468,-0.30259485641794487,0.14291315880521277,-0.060754238265482645,0.5451581901357013,0.07643101526159997,0.04483143043862684,-0.25822473378695265,0.13913812324606928,0.0009610579325721755,-0.019536385653327184,0.3171491177488179,-0.1555991235151655,-0.13755429977319034,-0.14200592011686464,-0.07264829123899588,0.09002421865990082,0.13743897282128167,0.05706377580440549,-0.0747549302271941,0.03641256294929458,0.057402068196670895,-0.2563718140929535,0.12417637335178565,0.0016145773267212547,-0.1595356168069811,-0.16402567946795832,-0.1737746511359705,-0.1833237227540076,-0.1192557567370161,0.12470687733056549,0.2563948794833353,-0.1917964094875639,-0.13650098027909122,-0.01397762657132972,-0.0876484834505824,0.03708914773382539,0.0047976011994002995,0.009687463960327528,0.10594702648675662,0.05306577480490524,0.1236151155191635,0.5404989812785915,0.21829085457271363,-0.1044247107215623,-0.05605658709106985,-0.26644370122630995,-0.01166339906969592,-0.24476223426748164,-0.16531734132933534,0.06191519624802983,-0.10881482335755199,0.05112059354937916,-0.09883519778572253,,0.3585514934840272,0.34142928535732137,-0.36416407181024874,-0.2328066735862838,0.12141621496943836,-0.12223888055972014,0.009595202398800599,-0.017460500518971283,0.12893553223388307,0.46656671664167915,-0.2000999500249875,-0.1256910006535194,0.43863452888940146,0.39008188213585515,0.31559604812978126,0.37766501364702265,-0.14340522046668974,0.121877522777073,0.523422903932649,0.39507938338523046,0.6460769615192404,0.39677853381001804,0.29606735093991465,0.031222850113404838,-0.24228654903317573,-0.01756045054395879,-0.15395379233460194,0.18037904124860646
#13,0.3464882943143813,0.1813554761080998,0.4620612770537808,1.0,0.31689539845461884,0.18801368546495983,0.1026179218083266,0.024556952293084227,-0.21556913850766923,0.367670011148272,0.06885787875293123,-0.002006688963210702,-0.11699534847960635,-0.021512320762695575,-0.4241263983392919,0.20236804674585784,0.18072502210433244,-0.003221466189981932,-0.07925268135163188,0.11237458193979934,-0.36065813247222545,0.11994771844846808,-0.06299926959597124,0.2829815861300119,-0.06223811171337408,0.21310883020028448,0.0906777380540499,0.2029985007496252,-0.0017991004497751124,0.05660246799677084,0.012993503248375811,0.11733364087187176,0.337723445969323,0.16419482566409102,0.11318187060315996,0.11358167070310998,0.08331987852227732,0.24846807365547996,-0.19771652635220852,0.21209395302348827,0.050121093299504094,0.1988774843347557,-0.11761811401991312,0.2796601699150425,-0.10219505631799485,0.1131357398223965,0.4457002268096721,0.18702187367854534,0.15296198054818744,0.04817591204397801,-0.05787875293122669,-0.06565947795333103,-0.07218698343136125,-0.044101026409871985,-0.257855687540845,0.15945873217237536,-0.1355552992734402,0.2964671510398647,0.009925806327605428,0.07834544266328375,-0.28904778380040747,-0.23088455772113944,0.3012570637758044,0.029477568907853767,0.07626186906546727,0.11334332833583208,0.08253565524929843,0.17471264367816092,0.04393188021373928,0.1859839311113674,0.18487679237304425,0.13250297927959098,0.2372198516126552,0.22786299158113252,0.008188213585514935,0.14778764463921884,-0.16270326375273902,-0.09549071618037135,0.008726406027755353,0.20136854649598276,0.03076923076923077,-0.03825779417983316,,0.0014531195940491292,0.18178603006189212,-0.18626840425940877,-0.20192980432860494,0.179041248606466,0.1615499942336524,-0.15974320532041672,0.0499827009572137,-0.02288855572213893,0.11697228308922462,-0.3416830046515204,-0.09529081613039635,0.019021258601468496,0.18701418521508476,0.11767193326413716,0.06329143120747319,0.10965286587475492,0.06131549609810479,0.1096605543382155,0.20508976281090224,0.35914350517049165,0.2364433168031369,0.30510898396955366,0.012009379925421905,-0.24546957290585478,-0.20382885480336754,-0.385099757813401,-0.11398147080306001
#17,0.10181832160842656,0.2971744896782378,0.4242417252912006,0.31689539845461884,1.0,0.2159228078268558,0.1348095183177642,0.22880098412332295,-0.029923499788567256,0.16031984007996003,0.22675585284280936,0.3567062622534886,0.2660900319071234,0.3212086264560028,-0.343728135932034,0.24919078922077423,-0.05627186406796602,-0.007273286433706224,-0.0429400684273248,0.34262099719371086,-0.22817821858301618,0.23877292123169186,-0.4507207934494291,0.04526967285587975,-0.38469995771345095,0.08673355629877369,-0.503502095106293,-0.23495944335524546,-0.017614269788182833,0.21951332026294545,-0.03747357090685426,0.10077269057778802,0.3966170760773459,0.05282743243762734,-0.02794756467919886,0.24200207588513437,0.09894283627417061,0.2792757467420136,-0.4071195171644947,-0.11782570253334872,-0.07680006150770768,0.1862530273324876,0.20497443585899358,0.38272402260408256,-0.29961942105870143,0.12838965132818206,-0.02890093414831046,-0.14878714488909392,-0.04506977280590474,-0.1995925114365894,-0.3882981586130012,-0.1964863721985161,-0.4657286741244762,-0.2793218775227771,-0.667843001576135,0.08600315227001884,-0.4282397262907008,0.18582247337869526,-0.2933302579479491,-0.2111636489447584,0.09600584323223003,0.1236151155191635,0.3782339599431054,0.23930342521047168,0.11103678929765887,0.17093760811901743,0.4344673816937685,0.2741859839311114,0.15367700765002115,0.4269480644293238,0.48474993272594474,0.4440933379464114,0.10846884250182601,0.1015953561680698,0.17967170261023335,0.3524391650328682,0.2974820282166609,0.29469880444393187,-0.21732979664014146,0.14648060585092068,0.2348441164033368,0.3326567485488025,,0.30899934648060584,0.5562218890554723,-0.021297043785799406,0.06470610848421943,0.15177795717525852,0.21714527351708762,0.13979164264021834,0.2956983046938069,-0.08656441010264099,0.10206435243916503,-0.2271479644792988,-0.4151385845538769,-0.17957175258524583,0.0808134394341291,0.12118556106562103,-0.15524545419597893,0.019298043286049282,0.0727097989466805,0.09695921270134164,0.13230307922961596,0.5504170991427363,0.34149079306500596,0.4011840233729289,0.15759812401491563,0.13755429977319034,0.027255602967746897,-0.1308960904163303,-0.18689116979971554
#18,-0.013047322492599853,0.09252296928458847,0.24007227155652944,0.18801368546495983,0.2159228078268558,1.0,0.339653250297928,-0.23745050551647254,-0.004836043516703187,0.22996963056933073,-0.055925883212240034,0.5664475454580402,0.44612309230000385,0.35354630377119134,-0.08811747972167762,0.21465421135586052,0.32689040095336946,0.5216084265559527,-0.2962826279168108,-0.16854649598277785,-0.3793103448275862,-0.08161303963402913,0.03431361242455695,0.33118056356437164,-0.1624034136777765,0.12476838503825011,-0.11654172913543229,-0.1578441548456541,0.24091800253719295,0.06507515473032714,-0.05517241379310345,-0.030584707646176913,0.11233613962249644,0.1211624956752393,0.02520278322377273,0.11548840964133318,0.3281128666436013,0.18957444354745703,-0.3246991888671049,0.06942682504901396,-0.11236689347633876,0.09561373159574059,0.36564794525814015,0.2999961557682697,-0.024949063929573675,0.22920847268673356,0.018260100718871332,-0.05624111021412371,-0.27206396801599203,-0.09676700111482721,-0.21835236228039825,-0.04866028524199439,-0.21461576903855764,0.16455618344673817,-0.354661130972975,0.14126013916118862,-0.32709030100334446,0.021166339906969592,-0.2734478914388959,-0.08154384346288394,0.004290162611002191,-0.11955560681197863,0.2738015607580825,0.0863875754430477,-0.08825587206396801,-0.1730903778879791,0.23958789835851305,0.2922077422827048,0.10962211202091263,0.17205243532080114,0.3018336985353477,0.059416445623342175,0.218029446815054,0.37780340598931306,0.10567793026563642,0.07048783300657363,0.06353746203821166,-0.0653288740245262,0.11524237881059471,0.2572944297082228,0.179587129512167,0.44931380463614345,,0.46679737054549647,0.4581170952985046,0.21057163725829392,0.03298350824587706,0.22042824741475417,-0.04858340060738861,0.5096989966555184,0.31675700611232843,0.27881443893437896,0.4210971437358244,-0.008119017414369737,0.13093453273363317,-0.036497136047360934,0.3825087456271864,-0.029808172836658594,0.07076461769115443,-0.11083688924768385,-0.11301272440702725,0.5566216891554223,0.49937339022796295,0.07731518855956637,-0.32832045515703684,-0.18966670510898398,-0.4855418444623842,-0.17756506362203514,-0.12717487410141085,-0.1647099527159497,-0.18310844577711144
#26,0.25102064352439163,0.5023334486602853,0.5249682850882251,0.1026179218083266,0.1348095183177642,0.339653250297928,1.0,0.05095144735324646,0.1330104178679891,0.5761042555645254,0.2794756467919886,0.21199400299850074,0.5388613385614884,0.4096951524237881,-0.054242109714373585,-0.07230231038326991,0.5361549994233652,0.4227655403067697,-0.26048514204436246,-0.17262907008034445,-0.13098066351439666,-0.2512897397455119,0.2101718371583439,0.09728212816668588,0.22930842271172105,-0.07633875370007304,0.011056010456310307,-0.0725406527505478,0.08265098220120709,-0.07139507169492176,0.162157382847038,-0.06708184369353784,0.17273670856879253,0.041702225810171835,0.07654634221350863,-0.1806404490062661,0.20803444431630339,-0.04338599930803829,-0.04925998539191943,-0.11362011302041287,-0.22008995502248876,-0.15966632068581094,-0.07114904086418329,-0.04260946449851997,0.10247952946603621,0.08418867489332257,-0.0035136278014838733,-0.016007380924922154,-0.036520201437742664,-0.027709222311920963,-0.13518625302733248,0.01835236228039826,-0.017252912005535692,-0.29838157844154845,-0.09682850882251182,-0.1892822819359551,-0.05251220543574367,-0.23642793987621574,0.046199976934609616,0.18291623419059702,-0.15310806135393842,-0.24945988544189443,0.0728789451428132,0.01175566063122285,-0.022404182524122553,-0.05807096451774113,0.07808403490562411,0.20014608080575097,0.05887825318110176,0.09130050359435667,0.2773613193403298,0.026017760350593933,-0.11711067543151502,0.07460116095798255,-0.2217814169838158,-0.15446891938646062,-0.2795909737438973,-0.30403259908507285,0.08534194441240918,-0.13993772344596933,-0.03234536577864914,-0.07134125245069772,,0.35959712451466574,0.2955445354245954,-0.23452120093799253,-0.21409295352323837,0.11376619382616385,-0.21043324491600354,0.16336447161034867,-0.05305808634144466,0.16363356783146887,0.29964248644908315,-0.13552454541959788,-0.011701841386998809,0.25856302617921806,0.2488601852919694,0.11508092107792257,0.17698074039903125,-0.1089839695536847,-0.06007765348095183,0.38733710068042904,0.36065044400876484,0.26997270595471495,0.026156152692884328,-0.0324606927305578,-0.1831930188751778,-0.29057778802906237,-0.10769999615576827,-0.09269211548072118,0.2275554530427094
#49,0.4690116480221428,0.42556414100641987,0.10874562718640679,0.024556952293084227,0.22880098412332295,-0.23745050551647254,0.05095144735324646,1.0,0.6080190673893823,0.24815284665359627,0.5275669857379003,0.20443624341675315,0.1995540691192865,0.11338177065313497,-0.06627455503017722,-0.2677046092338446,-0.050451697228308924,-0.2108868642601776,0.22280398262407258,0.025002883173797716,0.17442048206665897,-0.0006765847845308116,-0.27739976165763275,-0.3888824818360051,-0.0317456656287241,-0.15057855687540844,-0.3728443470572406,-0.2587629262291931,-0.006804290162611002,0.03874216737784954,0.00618921308576481,0.07681543843462883,-0.04047976011994003,-0.12583708145927036,0.08783300657363625,0.08910160304463154,-0.1593434052204667,-0.06722023603582825,-0.02354207511628801,-0.09584438549955791,-0.008695652173913044,-0.05365009802790912,-0.07448583400607389,-0.11175950486295314,-0.21137123745819397,-0.2340906469842002,-0.1383077691923269,-0.28864798370045747,-0.23261446199976935,-0.401091761811402,-0.2542421097143736,-0.40603544381655327,-0.2540575865913197,-0.29464498519970783,-0.14575020182216583,-0.07656940760389036,-0.1282051282051282,-0.15425364240956446,0.08856341060239112,-0.07065697920270633,0.2970899165801715,0.3230692346134625,0.067097220620459,-0.08376580940299082,-0.033152654442009766,-0.12986583631261292,0.16603236843116903,0.021535386153077308,0.08630300234498135,0.05640256794679583,0.12702879329565986,0.12149309960404413,-0.243755045554146,-0.22648675662168916,-0.10144158689885827,-0.1219774728020605,0.15173951485795564,0.12025525698689117,-0.07625418060200669,-0.15531465036712414,0.1168415792103948,-0.05992388421174028,,-0.04320147618498443,-0.03958789835851305,0.1146657440510514,0.2550647753046554,0.020951062930073424,-0.07154115250067274,-0.09306116172682889,-0.15879752431476568,0.03130742321147119,0.1150424787606197,0.18715257755737516,0.08425787106446776,0.06276861569215392,-0.2727021104832199,0.10088032906623612,0.00139161188636451,0.033183408295852077,-0.002437242917003037,-0.2580094568100565,-0.21186329911967094,0.18678353131126743,0.395779033560143,0.10649290739245762,0.2439626340675816,0.36031215161649943,0.3274362818590705,0.2041902125860147,0.20851881751431978
#50,0.25627186406796604,0.325952408411179,-0.02629454503517472,-0.21556913850766923,-0.029923499788567256,-0.004836043516703187,0.1330104178679891,0.6080190673893823,1.0,0.22823203782724022,0.3356014300542037,0.14530427094145235,0.1885672548341214,0.31777957175258525,0.17184484680736556,-0.24340906469842002,-0.025102833198785222,0.012547572367662322,0.06966516741629185,-0.06877330565486488,0.3531926344520048,-0.18423096144235573,-0.05943182255026333,-0.2454849498327759,-0.013939184254026833,-0.061492330757698076,-0.33796178833660095,-0.20971052935070927,0.06603621266289932,-0.030984507746126936,0.0884634605774036,-0.047806865797870295,-0.110306385268904,-0.11320493599354169,0.08266635912812824,-0.035905124360896476,0.003951870218736785,-0.12757467420136087,0.08398877484334756,-0.15980471302810134,-0.07340944912159304,-0.2595163956483297,0.06024679967708454,-0.14076807749971168,-0.018306231499634798,-0.00010763848844808364,-0.351624187906047,-0.23483642793987622,-0.32240802675585284,-0.2595394610387114,-0.22360358282397264,-0.06755083996463307,-0.2137854149848153,-0.12263099219620958,-0.026363741206319916,-0.1196324914465844,-0.1313343328335832,-0.2552185445738669,-0.12357667320186061,-0.1349479106600546,0.36259562526429095,0.2846115403836543,0.0537269826625149,0.031461192480682736,-0.20066120785760966,-0.34322838580709647,0.1754661130972975,0.16585553377157575,0.14759543305270442,0.019736285703302194,0.06449083150732327,0.012685964709952716,-0.20682735555299273,-0.2397801099450275,-0.024287856071964018,-0.1796563256833122,0.1688002152769769,0.10085726367585438,0.1637642717102987,-0.15138584553876908,-0.016191904047976012,-0.058024833736977664,,0.004420866489832007,0.04560027678468458,0.19645561834467382,0.2921154807211779,-0.14458924383961866,-0.33017337485103604,0.2820820359051244,0.0019298043286049282,0.11558835966632068,0.02392649828931688,0.2348056740860339,0.17771883289124668,-0.015207780725022104,-0.20606619767039558,-0.051681851382001306,0.08330450159535617,0.04041825241225541,0.06427555453042709,-0.10234113712374582,-0.06000076884634606,0.04243262983892669,0.02833967631568831,-0.05355014800292161,0.06929612117018413,0.2922077422827048,0.26729712067043404,0.31199784723023105,0.16184215584515435
#51,0.5034021450813055,0.44384730711567294,0.44170991427363243,0.367670011148272,0.16031984007996003,0.22996963056933073,0.5761042555645254,0.24815284665359627,0.22823203782724022,1.0,0.3613654711105985,0.31981701456963824,0.398908238188598,0.28923230692346136,-0.1498481528466536,-0.04719947718448468,0.3756967670011148,0.203874985584131,0.05635643716603237,-0.10148002921616114,-0.1239534079114289,-0.16962288086725869,0.13160342905470343,-0.054049898127859146,0.1956098873640103,-0.03662783992619075,0.03583592818975128,0.008357359781647637,0.1663475954330527,0.12309998846730481,0.20492830507823012,-0.0044746857340560485,0.0342290393264906,-0.01797562757082997,0.2155845154345904,-0.0829508322761696,0.14524276323376772,-0.04139468727174874,-0.17044554645754045,-0.09646715103986468,-0.11336639372621382,-0.08844039518702188,-0.115073232614462,-0.06911928651059086,-0.12250797678084036,-0.08767154884096413,0.10954522738630684,0.09059316495598355,-0.038980509745127435,-0.08861722984661516,-0.056448698727559296,0.032822050513204935,-0.042824741475416137,-0.2776996117325952,-0.13275669857379002,-0.09713604736093492,-0.08534194441240918,-0.10384038749855841,0.012755160881097913,0.090639295736747,-0.09253065774804906,-0.11012955060931073,0.21319340329835082,8.457309806635144e-05,0.03299119670933764,-0.09866605158958983,0.22841656095029408,0.2634913312574482,0.16606312228501133,0.09746665128973975,0.26360665820935686,0.09730519355706763,-0.0958136316457156,0.10600853419444124,-0.15572213893053474,-0.09131588052127783,-0.16447161034867183,-0.10417867989082381,0.10116480221427748,-0.053011955560681195,-0.008757159881597663,-0.10330219505631799,,0.01741436973820782,0.18500749625187407,-0.1781263214546573,-0.15352323838080958,0.08734094491215931,-0.14397416676277247,-0.06790450928381962,-0.14663437512013225,0.029423749663629723,0.12315380771152885,-0.1745819397993311,0.04599238842117403,0.2042901626110022,0.12611386614385114,0.08105178180140699,0.3225925498789067,0.0003921116364894476,0.07540076115788259,0.13649329181563064,0.18286241494637298,0.15839772421481568,0.05900126859647099,0.027678468458078653,-0.04007996001999001,-0.1481797562757083,-0.07758428478068657,-0.13139584054126782,0.15922807826855803
#52,0.35305424210971437,0.2863337561988237,0.3734978664513897,0.06885787875293123,0.22675585284280936,-0.055925883212240034,0.2794756467919886,0.5275669857379003,0.3356014300542037,0.3613654711105985,1.0,0.12496828508822512,0.20910314073732364,0.2340906469842002,-0.06708184369353784,-0.3311344327836082,0.25601814477376694,-0.00977203705839388,0.19178872102410333,-0.19963864221735286,0.1548149002421866,-0.15200092261561526,0.018890554722638682,-0.2179679391073694,0.25125129742820895,-0.14325913966093876,-0.17665013647022643,-0.2017683465959328,-0.06777380540498981,-0.17936416407181024,0.02555645254295929,-0.15729058547649252,0.2526121554607312,-0.15172413793103448,-0.05049782800907239,-0.10465536462537962,-0.10162611002191212,-0.20288317379771653,0.030669280744243264,0.014223657402068197,-0.25085149732825895,-0.1892515280821128,-0.18680659670164917,-0.19881597662707107,-0.08365048245108216,0.027048014454311306,-0.09409910429400685,-0.2782224272479145,-0.18812132395340792,-0.3822857801868297,-0.22413408680275246,-0.24608464998270096,-0.1235074770307154,-0.30726175373851533,-0.043831930188751776,-0.27224849113904587,-0.1188175143197632,-0.21060239111213624,0.09949640564333218,0.010533194940991043,0.309506785069004,0.2980817283665859,-0.08929381463114597,-0.1717295198554569,-0.053488640295237,-0.1515857455887441,0.0832276169607504,-0.13173413293353323,0.12087033406373736,-0.03288355822088956,0.27973705454964826,0.19954638065582594,-0.22060508207434745,-0.16683196863106908,-0.19278053281051782,-0.11445046707415522,0.11417368238957444,0.18440010763848844,-0.01576135009418368,-0.3797947180256026,0.016599392611386616,-0.21300888017529696,,0.10320224503133049,0.08690270249490639,0.01963633567831469,0.14055280052281552,0.024695344635374622,-0.28810979125821706,-0.10077269057778802,-0.18690654672663667,0.13374082189674394,0.2104101795256218,0.17146811209779725,-0.06319916964594625,0.33241840618152463,-0.3104140237573521,0.21294737246761236,0.07209472186983432,-0.040702725560296776,0.10144927536231885,0.028109022411870986,-0.16534809518317764,0.3258601468496521,0.385099757813401,0.24573866912697498,0.2529812017068389,0.35741360089186175,0.3371852535270826,0.31601891362011303,0.3737823395994311
#53,0.04880636604774536,0.13281051781801406,0.026725098988967053,-0.002006688963210702,0.3567062622534886,0.5664475454580402,0.21199400299850074,0.20443624341675315,0.14530427094145235,0.31981701456963824,0.12496828508822512,1.0,0.6198285472648292,0.4221812170837658,-0.0219121208626456,0.2709260754238266,-0.08508053665474954,0.16136547111059854,0.14775689078537654,0.06467535463037712,-0.25299657863376,0.10189520624303233,-0.29103140737323646,-0.06426786606696652,-0.20951831776419483,-0.00010763848844808364,-0.33383308345827084,-0.35499942336524043,0.42596394110636987,0.4341214008380425,0.10077269057778802,0.16161150194133703,-0.10946065428824049,0.12031676469457579,0.2523891900203744,0.312543728135932,0.2911774881789874,0.1404912928151309,-0.32769768961673007,-0.1834928689501403,0.1973397916426402,0.1742820897243686,0.43826548264329374,0.29276131165186636,-0.44114865644101026,-0.06543651251297428,-0.19559451043708914,-0.24264021835236227,-0.4889401453119594,-0.4237265982393419,-0.3925498789067005,-0.26765847845308116,-0.491531157498174,0.03406758159381847,-0.4714873332564487,0.18279321877522778,-0.43451351247453196,0.04608464998270096,-0.3583054626532887,-0.27854534271325876,0.22271172106254564,0.12930457847999077,0.44636143466728173,0.21865221235536078,-0.037865682543343715,-0.2064967516241879,0.5911275131664937,0.39293430207972935,0.210479375696767,0.33060392880482836,0.2672817437435129,0.3075539153500173,0.17963326029293045,0.3385153577057625,0.17986391419674777,0.1141198631453504,0.2864721485411141,0.18185522623303732,0.04551570368661823,0.37606581324722255,0.21390074193672395,0.5305270441702226,,0.12403029254603468,0.38647599277284433,0.37787260216045826,0.2561488486525968,0.20625840925691,0.10740014608080575,0.3932572175450736,0.3560296774689578,0.24649213854611157,0.2883942644062584,0.034844116403336796,0.1019720908776381,-0.1513781570753085,0.16412562949294585,-0.25953177257525084,-0.16629377618882865,-0.19429516011225156,-0.17974089878137856,0.07347095682927766,0.19178103256064274,-0.12231576519432591,-0.2271864067966017,-0.2895167800715027,-0.19128128243570522,0.1441663783492869,0.03951870218736785,-0.014577326721254757,-0.10324068734863337
#54,0.04318609925806328,0.19610194902548725,0.2688117479721678,-0.11699534847960635,0.2660900319071234,0.44612309230000385,0.5388613385614884,0.1995540691192865,0.1885672548341214,0.398908238188598,0.20910314073732364,0.6198285472648292,1.0,0.3538230884557721,0.10167224080267559,0.09959635566831969,0.2742551801022566,0.3769269211548072,-0.019620958751393535,-0.15153192634452003,-0.2954676507899896,-0.16742398031753353,0.07008034444316304,0.11465036712413024,0.054349748202821666,0.022650213354861032,-0.21039480259870064,-0.2609848921693,0.38976665513397146,0.16710106485218928,0.1586591319724753,-0.08395033252604467,0.126644370122631,-0.016983815784415483,0.22404951370468612,0.04071810248721793,0.300918771383539,-0.02774766462922385,-0.11335870526275324,-0.07151039864683043,0.09458347749202321,-0.0853342559489486,0.30758466920385963,0.09790489370699265,-0.15832852804367048,0.05683312190058817,-0.19208857109906585,-0.09001653019644024,-0.28167454734171377,-0.23894206742782456,-0.29759735516856956,-0.11001422365740207,-0.29978087879137355,-0.22378041748356592,-0.31554991734901777,-0.06897320570483989,-0.3695767500864952,-0.21833698535347712,-0.18486141544612308,-0.09256910006535193,0.03781186329911967,-0.12346134624995195,0.3274901011032945,0.12404566947295582,-0.05647176411794103,-0.2699803944181755,0.4461077153730827,0.31383538999730903,0.09402221965940107,0.14847191788721023,0.3043862684042594,0.11410448621842925,-0.00642755545304271,0.05972398416176527,-0.031491946334525046,-0.10424787606196902,-0.018890554722638682,-0.145419597893361,0.304993657017645,0.20467458578403105,0.41293968400415176,0.3690769999615577,,0.23795025564141006,0.23133048860185293,0.03642793987621574,-0.01572290777688079,0.18442317302887018,0.05308115173182639,0.31998616076577097,0.11219005881674547,0.12070118786760466,0.34155998923615116,-0.06341444662284243,-0.06090800753469419,0.04567716141929035,0.18011763349094684,0.0032291546534425094,0.038511513474032213,-0.20029216161150193,-0.08345827086456771,0.2645600276784685,0.35831315111674933,0.15463037711913274,-0.04305539537923346,-0.10242571022181217,-0.024772229269980395,-0.07769961173259524,-0.05825548764079499,-0.03747357090685426,0.01039480259870065
#58,0.06682043593587822,0.16540960289086226,0.2496444085649483,-0.021512320762695575,0.3212086264560028,0.35354630377119134,0.4096951524237881,0.11338177065313497,0.31777957175258525,0.28923230692346136,0.2340906469842002,0.4221812170837658,0.3538230884557721,1.0,-0.05371160573559374,0.04280936454849498,0.08021373928420406,0.22675585284280936,-0.18607619267289432,0.027640026140775768,-0.0843116903086918,-0.07806865797870295,-0.12655210856110408,0.04302464152539115,-0.1916272632914312,0.08957828777918733,-0.4386883481336255,-0.16822358051743358,0.32985814784915235,0.1905739437973321,0.303102295006343,0.13146503671241302,0.2532810517818014,0.22155845154345905,0.3320493599354169,0.07121054857186791,0.45574904855264675,0.20720409026256104,-0.18654518894398955,-0.12906623611271287,0.029385307346326838,-0.05132049359935417,0.14653442509514475,0.14118325452658287,-0.21978241648406566,0.10918386960365971,-0.1848306615922808,-0.19600968746396033,-0.4023757352093184,-0.33677007650021146,-0.3403298350824588,-0.14799523315265445,-0.46179986929612116,-0.1015338484603852,-0.47170261023334487,0.029300734248260484,-0.3656633221850613,-0.061953638565332717,-0.293768500365202,-0.1808172836658594,0.18067889132356899,0.10104178679890824,0.38461538461538464,0.2835966632068581,-0.23026179218083265,-0.2768000615077077,0.5890746934225195,0.4832583708145927,0.25888594164456236,0.2796524814515819,0.378641448506516,0.26959597124514667,-0.07640794987121824,0.1273517087610041,0.09264598469995772,0.058847499327259446,0.18452312305385768,0.1454887940645062,0.007396301849075462,0.059385691769499864,0.060185291969399916,0.03588974743397532,,0.36259562526429095,0.5930265636412563,0.0602237342867028,0.08335832083958021,-0.2191519624802983,-0.0763541306269942,0.47977549686695115,0.28005228155153195,0.19634029139276515,0.13204935993541692,-0.05691769499865452,-0.09644408564948295,-0.1784569253834621,0.1500172990427863,-0.022404182524122553,-0.1090531657248299,-0.023741975166263023,-0.02707107984469304,0.3066697420520509,0.26507515473032717,0.21648406565947795,0.021189405297351326,-0.006166147695383078,-0.12682120478222428,0.10793833852304617,0.08089801253219545,0.07921423903432899,0.11511167493176488
#101,-0.4095721370084189,-0.38418483066159226,-0.3509706685118979,-0.4241263983392919,-0.343728135932034,-0.08811747972167762,-0.054242109714373585,-0.06627455503017722,0.17184484680736556,-0.1498481528466536,-0.06708184369353784,-0.0219121208626456,0.10167224080267559,-0.05371160573559374,1.0,0.10887633106523661,-0.13122669434513512,-0.12288471149040864,0.2363049244608465,-0.19953869219236536,0.3227309422211971,-0.041648406565947794,0.321131741821397,-0.12223119209625956,0.18480759620189904,0.009595202398800599,-0.17838004074885633,-0.3464959827778418,0.18964363971860224,0.09163110752316149,-0.17200630454003768,-0.20943374466612846,-0.25019797793410986,-0.19701687617729596,0.09708991658017145,0.19557144504670743,0.28063660477453584,0.07603890362511052,0.2701187867604659,-0.09638257794179833,-0.01851382001307039,0.06932687502402644,0.2540037673470957,0.009910429400684274,-0.11149040864183293,-0.1741360089186176,-0.3378003306039288,-0.30014223657402067,-0.25143582055126285,-0.28320455157036867,-0.1273978395417676,-0.14452773613193404,-0.13540921846768922,0.08328143620497444,0.2910544727636182,0.09098527659247299,0.024603083073847693,-0.08252027832237727,-0.18542267327874523,-0.33707761503863454,0.07177180640449006,-0.12306154615000192,0.06254565025179717,0.17314419713220314,-0.37817245223542073,-0.4926844270172606,-0.009764348594933303,0.012324606927305578,0.3762503363702764,0.110106485218929,-0.10728481912889709,-0.10069580594318225,0.22554107561603814,0.0032675969707453966,0.11188252027832238,0.03194556567869911,0.07612347672317687,-0.06316072732864338,0.3646715103986468,0.058493830008072886,0.02414177526621305,-0.04373966862722485,,-0.0050590089570599316,-0.15106293007342483,0.08830200284473148,-0.03672010148771768,-0.17953331026794295,-0.008072886633606273,0.11797178333909968,-0.15776727021104833,-0.1794487371698766,-0.3538000230653904,-0.026663591281282435,-0.14354361280898012,-0.1018721408526506,-0.265805558759082,-0.3393226463691231,-0.2734017606581325,-0.34428170530119556,-0.3627340176065813,-0.12839733979164264,-0.09816630146465229,-0.2695113981470803,-0.3815861300119171,-0.4599238842117403,-0.22643293737746512,0.03471341252450698,-0.0027524699188867107,0.124806827355553,-0.06801983623572828
#102,-0.3090531657248299,-0.25050551647253294,-0.05349632875869757,0.20236804674585784,0.24919078922077423,0.21465421135586052,-0.07230231038326991,-0.2677046092338446,-0.24340906469842002,-0.04719947718448468,-0.3311344327836082,0.2709260754238266,0.09959635566831969,0.04280936454849498,0.10887633106523661,1.0,-0.4785684081036405,-0.10525506477530465,0.08405797101449275,0.5937262138161689,-0.3758812901241687,0.7126821204782224,-0.3631568830969131,0.24587706146926536,-0.543981855226233,0.5053780801906739,-0.266151539614808,-0.12131626494445086,0.3852535270826125,0.5591511936339523,-0.07140276015838234,0.32702879329565987,0.042740168377349785,0.3609656710106485,0.34538115557605814,0.5646176911544228,0.4424018759850844,0.6475070157229078,-0.4329988851727982,-0.04111021412370738,0.35945873217237534,0.5501095606043133,0.5455733671625725,0.7806635143966478,-0.5376850036520201,-0.12154691884826817,-0.1263060777303656,-0.048383500557413604,-0.1864298619920809,-0.17814938684503903,-0.2692115480721178,-0.22469534463537463,-0.5108830200284473,0.192449928881713,-0.5292430707723061,0.657909506785069,-0.5403682773997617,0.5349017798792911,-0.5578134009918118,-0.5125744819897743,-0.21654557336716257,-0.20971052935070927,0.6704570791527313,0.678122477222927,0.012931995540691193,0.009395302348825588,0.3698227809172337,0.5058932072425326,0.3663860377503556,0.7008034444316303,0.22190443239918503,0.43080767308653367,0.4397724214815669,0.5686618229346865,0.44281705301195556,0.4112174681889824,0.20932610617768038,0.1428439626340676,-0.011824856802368047,0.7419213470187983,0.16480990274093724,0.5106831199784723,,-0.014092953523238382,0.23475185484180985,-0.035436128089801254,-0.15868219736285702,0.19035866682043592,0.5588590320224504,0.2483527467035713,0.5552223888055972,-0.2723023103832699,-0.2123476723176873,-0.4100257563525929,-0.38915926652058586,-0.5102833198785223,0.18838273171106754,-0.3316495598354669,-0.4750547803021566,-0.1664859877753431,-0.21267058778303155,-0.15461500019221158,0.23125360396724715,-0.08421942874716488,-0.21087917579671703,-0.13703148425787107,-0.2086341444662284,-0.18052512205435745,-0.2477376696267251,-0.46645907815323107,-0.643755045554146
#201,0.3349555991235152,0.3103832699035098,0.5972013993003499,0.18072502210433244,-0.05627186406796602,0.32689040095336946,0.5361549994233652,-0.050451697228308924,-0.025102833198785222,0.3756967670011148,0.25601814477376694,-0.08508053665474954,0.2742551801022566,0.08021373928420406,-0.13122669434513512,-0.4785684081036405,1.0,0.6488909391458118,-0.2532656748548803,-0.5588513435589897,-0.15213931495790567,-0.5406911928651059,0.5595356168069812,0.22145850151847155,0.5786645138968977,-0.08958597624264791,0.3662399569446046,0.11478875946642064,-0.038649905816322605,-0.4849882750932226,-0.03113058855187791,-0.3606196901549225,0.10879175796717026,-0.3378772152385346,-0.1847230231038327,-0.46988044439318805,-0.0823050013454811,-0.3431130588551878,0.11382001307038789,0.1525006727405528,-0.32649060085341947,-0.32785914734940225,-0.20480528966286088,-0.38705262753238767,0.47021104832199284,0.12007842232729789,0.2108868642601776,0.09602890862261178,0.15207780725022105,0.2984353976857725,0.1589974243647407,0.26939607119517167,0.4298158613001192,-0.18809825856302617,0.2954292084726867,-0.4209818167839157,0.2955829777418983,-0.2796524814515819,0.49525237381309345,0.5692384576942298,-0.23046938069426826,-0.21202475685234307,-0.27044939068927076,-0.3938722946219198,-0.0986737400530504,-0.15804405489562912,-0.26660515895898207,-0.15335409218467688,-0.03254526582862415,-0.2551339714758006,0.21889055472263869,-0.18316995348479606,-0.16923845769422982,-0.08945527236381809,-0.467843001576135,-0.23067696920770384,-0.4243109214623457,-0.32506823511321264,0.2190597009187714,-0.37858762926229195,-0.11535770576250336,-0.22897013031945565,,0.3021489255372314,0.07916810825356553,-0.29568292776688576,-0.26969592127013414,0.23703532848960135,-0.4095567600814977,0.04866028524199439,-0.25238150155691386,0.3243301426209972,0.48083650482451085,0.025448814054511205,0.3255218544573867,0.6358513051166724,0.14611155960481298,0.36856956137315955,0.5408065198170146,-0.09695921270134164,0.06071579594817975,0.6063968015992004,0.2284780686579787,0.2504516972283089,-0.015461500019221159,0.04728405028255103,-0.20348287394764156,-0.3306116172682889,-0.06033906123861146,-0.06349901972090878,0.34384346288394263
