,#10,#11,#12,#13,#17,#18,#26,#49,#50,#51,#52,#53,#54,#58,#101,#102,#201,#202,#301,#302,#401,#402,#501,#502,#601,#602,#701,#702,#801,#802,#901,#902,#1001,#1002,#1101,#1102,#1201,#1202,#1301,#1302,#1401,#1402,#1501,#1502,#1601,#1602,#1701,#1702,#1801,#1802,#1901,#1902,#2001,#2002,#2101,#2102,#2201,#2202,#2301,#2302,#2401,#2402,#2501,#2502,#2601,#2602,#2701,#2702,#2801,#2802,#2901,#2902,#3001,#3002,#3101,#3102,#3201,#3202,#3301,#3302,#3401,#3402,#3455,#3501,#3502,#3601,#3602,#3701,#3702,#3801,#3802,#3901,#3902,#4001,#4002,#4101,#4102,#4201,#4202,#4301,#4302,#4401,#4402,#4501,#4502,#4601,#4602,#4701,#4702,#4801,#4802
#10,1.0,0.38481528466535964,0.4129243070772306,0.5770268711797947,0.36374120631991697,0.38470764617691156,0.309960404413178,0.8131780263714297,0.4747241763733518,0.5306731249759735,0.6436474070656979,0.442263483642794,0.33645484949832777,0.16474070656979203,0.24073347941413908,0.2951370468611848,0.5264290931457348,0.14112943528235883,0.21936723945719447,0.16697036097335946,0.18323914965594126,0.2769538307769192,0.30014223657402067,0.3629108522661746,0.2754699573290278,0.3950640064583093,-0.14038365432668282,-0.07286356821589206,-0.035328489601353166,0.08737169876600162,-0.07729981163264521,-0.21149425287356322,-0.15815938184753778,0.012216968438857494,-0.04829123899588667,0.02111252066274555,0.04248644908315073,-0.04217122208126706,-0.2982893168800215,-0.0007380924922154307,0.01104832199284973,-0.04017222158151693,0.12204666897320571,0.29365317341329333,-0.06741244762234268,0.19456425633337177,-0.3763733517856456,-0.4397032253104217,-0.5425056702418022,-0.392050128781763,-0.444646907315573,0.045062084342444166,-0.416337984853727,0.01412370737708069,-0.10837658094029907,-0.016238034828739475,-0.4583708145927036,-0.20463614346672818,-0.5541613808480376,-0.5268750240264484,-0.3088071348940914,-0.231784107946027,0.22402644831430438,-0.05748664129473725,0.1535616806981125,-0.03416753161880598,0.28184369353784644,0.21696075039403376,0.5148656441010264,0.3064237112213124,0.5586821973628571,0.35942028985507246,0.26954215200092263,0.0031368930919155806,0.08627224849113904,-0.11373543997232154,-0.6380578941298581,-0.5107215622957751,0.3362626379118133,0.2925844769922731,-0.015622957751893284,0.22063583592818975,0.26329143120747317,0.2289855072463768,0.2980586629762042,-0.2136470226425249,-0.3276900011532695,0.21482335755199322,-0.2132318456156537,0.309760504363203,0.17172183139199632,-0.0239880059970015,-0.2296697804943682,-0.39354169069311495,-0.30821512320762695,0.3480413639334179,0.21732210817668088,0.0027217160650444007,-0.20427478568408103,-0.2824741475416138,-0.3004882174297467,0.06975742897781878,-0.09194633452504516,0.1192250028831738,0.027201783723522853,-0.033852304616922305,-0.21989774343597432,-0.1904355514550417,-0.1865528774074501,-0.21337792642140468,-0.007181024872179295
#11,0.38481528466535964,1.0,0.15543766578249338,0.29422211970937606,-0.057809556760081496,-0.00420558951293584,0.6161765271210549,0.49626725098988966,0.5361088686426018,0.5102448775612194,0.6128243570522431,0.2559950793833852,0.1671702610233345,0.14074501210932994,0.44145619497943334,0.3806712028601084,0.20230653903817322,0.003090762311152116,0.20380578941298583,0.25072079344942916,0.42152769768961673,0.4203052319993849,0.26473686233806176,0.2193903048475762,0.13149579056625532,0.11400453619344174,0.011655710606235345,-0.017691154422788607,-0.07615423057701919,-0.18065582593318724,-0.1549456041210164,-0.1492330757698074,-0.1423288355822089,0.16772383039249605,-0.028685657171414292,-0.02414177526621305,0.06901164802214277,-0.18136316457156038,-0.41563833467881445,-0.1619267289432207,-0.13527082612539884,-0.14761849844308614,-0.16127320954907162,0.11491946334525045,-0.15155499173490178,-0.15803636643216853,-0.13043478260869565,-0.1406911928651059,-0.22934686502902396,-0.1880521277822627,-0.12174681889824318,-0.10276400261407757,-0.17602737092991966,0.019713220312920464,-0.03129973474801061,0.10604697651174413,-0.32316918463845,-0.1287510091108292,-0.38384653826932685,-0.5543997232153154,-0.00991811786414485,0.10746934225195094,0.28987813785414984,0.1149348402721716,0.06422173528620305,0.026479068158228578,0.10101872140852651,0.3624034136777765,0.5121900588167455,0.4883788874793373,0.3441971322031292,0.3473263368315842,0.31121362395725216,0.23278360819590205,0.24442394187521624,0.2139776265713297,-0.18626840425940877,-0.14734171375850535,0.17079921577672702,0.11664936762388037,0.09728981663014646,-0.18797524314765693,-0.08095952023988005,0.3338100180678891,0.04744550801522316,-0.15427670779994618,-0.11790258716795449,-0.1391996309537539,-0.1751585745588744,0.09436820051512705,-0.15184715334640372,-0.056148848652596776,-0.1562065121285511,-0.3611655710606235,-0.28980894168300464,0.16518663745050552,0.27643101526159997,-0.09534463537462039,-0.4382577941798332,-0.027355552992734403,-0.3171798716026602,-0.18811363548994733,-0.2886787375542998,0.04049513704686118,-0.05335024795294661,-0.004336293391765655,-0.2369891977088379,0.10733863837312113,0.15642178910544727,-0.11042940068427325,0.10182601007188713
#12,0.4129243070772306,0.15543766578249338,1.0,0.7688386575942798,0.24550032675969707,0.6740706569792027,0.1049321493099604,0.20150693883827317,0.015046322992349979,0.5777880290623919,0.25449582900857265,0.3677392073194172,0.4723407527005728,0.05946257640410564,-0.16591704147926037,-0.04772229269980394,0.7517395148579556,0.6800676584784531,-0.08398877484334756,-0.17729596740091494,-0.23278360819590205,-0.07794564256333372,0.29586745088993965,0.3678468458078653,0.36256487141044863,0.5483719678622228,0.3223542075116288,0.31838696036597086,0.2905162803213778,-0.013316418713720062,0.2726175373851536,-0.1815938184753777,0.3113058855187791,-0.028923999538692194,-0.18209356860031523,-0.30979125821704534,-0.18038672971206704,-0.24420866489832008,0.19266520585860916,0.1441663783492869,0.08513435589897358,-0.2805750970668512,-0.06487525468035213,-0.20447468573405606,-0.20638911313573982,0.19220389805097451,0.10916080421327798,-0.024203282973897667,0.0395033252604467,0.010387114135240072,0.08584938300080729,0.42321915965094375,0.16548648752546805,0.08947064929073925,-0.08491139045861684,-0.2573328720255257,-0.37248298927459345,-0.3358628378118633,-0.14673432514511975,-0.06114634990197209,-0.29024718410025757,-0.11243608964748394,-0.1608042132779764,-0.12752854342059738,0.3258217045323492,0.2178987429362242,0.009126206127705379,-0.10298696805443432,0.0975512243878061,-0.04207127205627955,0.5006266097720371,0.3844539268827125,-0.19373390227962942,-0.06392957367470112,-0.4064429323799639,-0.13587052627532387,-0.24291700303694308,-0.11069849690539346,0.18535347710760006,0.25949333025794796,0.23030792296159613,0.3283588974743398,0.3170876100411333,0.2634990197209088,-0.006481374697266751,-0.2489293814631146,-0.18326990350978356,0.28651059085841696,0.12762080498212433,0.2874408949371468,0.022642524891400454,-0.05243532080113789,-0.07334025295044785,-0.13736977665013647,-0.19243455195479184,0.7029869680544343,0.3487256371814093,0.5270364817591204,0.2796524814515819,0.19814708030600084,0.32632145465728674,0.5989313035789797,0.36610156460231424,0.4775074001460808,0.3479414139084304,0.370199515626802,0.11159804713028101,-0.19677853381001806,-0.07250989889670549,-0.2470226425248914,-0.15254680352131628
#13,0.5770268711797947,0.29422211970937606,0.7688386575942798,1.0,0.19861607657709607,0.6115403836543267,0.15732133933033482,0.3258217045323492,0.14340522046668974,0.7700611232845116,0.49079306500595854,0.3332718256256487,0.4249413754661131,0.012547572367662322,-0.00598162457232922,0.053696228808672586,0.7191711836389497,0.4051435820551263,0.16372582939299582,0.07279437204474686,0.016537884903701994,0.2015684465459578,0.3720524353208011,0.35237765732518356,0.37512013224157154,0.6367816091954023,0.17007650021143275,0.32353054242109713,0.27150271018336986,0.03660477453580902,0.2509283819628647,-0.11658017145273517,0.30713104985968553,0.17244454695729058,0.007327105677930265,-0.2664206358359282,0.1084380886479837,-0.036151155191634955,0.12326913466343752,0.26483681236304923,0.15639872371506555,-0.21134817206781226,0.014592703648175913,-0.11948641064083343,-0.03567447045707915,0.20821127897589667,0.027647714604236342,-0.10440933379464114,-0.1342021297043786,-0.06844270172606004,-0.022942374966362974,0.35547610809979624,0.09711298197055318,0.18568408103640488,0.005935493791565756,-0.07728443470572406,-0.5726521354707261,-0.4348748702571791,-0.3071848691039096,-0.222996194210587,-0.25343482105101295,-0.09529081613039635,-0.10271018336985353,-0.1807480874947142,0.29793564756083496,0.2931611117518164,0.0009995002498750624,-0.12026294545035175,0.22258870564717642,0.12952754392034752,0.5284357821089455,0.37146811209779723,-0.06765847845308115,-0.0016068888632606775,-0.2709952715949717,-0.09621343174566563,-0.35784415484565407,-0.23203782724022604,0.16389497558912852,0.2088109791258217,0.05953177257525084,0.23006958059431823,0.2819513320262945,0.21906738938223197,0.05531080613539384,-0.30216430246415255,-0.2382808595702149,0.3114673432514512,0.17079152731326644,0.3404220966439857,-0.005312728251258986,0.0384500057663476,-0.09341483104601546,-0.24234805674086035,-0.2928920155306962,0.4870564717641179,0.35333871525775573,0.3263137661938262,0.1405912428401184,0.09642870872256179,0.20174528120555107,0.3960481297812632,0.11433514012224658,0.520478222427248,0.4444931380463614,0.37149886595163956,0.12045515703686618,-0.15268519586360665,-0.1662168915542229,-0.37224464690731557,-0.16728558797524315
#17,0.36374120631991697,-0.057809556760081496,0.24550032675969707,0.19861607657709607,1.0,0.5854149848152846,-0.03499019720908776,0.3207550071118287,0.05032868181293968,0.12420712720562796,0.26898858263176106,0.6337831084457771,0.28328912466843503,0.06905777880290624,-0.04558489985776343,0.027701533848460386,0.09140814208280475,0.02481067158728328,-0.1928881712989659,-0.03113058855187791,-0.06306846576711644,-0.1696920770384039,-0.17746511359704764,0.2904086418329297,0.002206589013185715,0.11052935070926076,-0.272955829777419,-0.2601776035059393,-0.0905393457117595,0.07087225617960251,-0.05155883596663207,-0.09789720524353208,-0.05207396301849075,-0.18392342290393265,0.07640026140775766,0.30331757198323916,-0.03763502863952639,-0.10543189943489793,-0.19797024564640756,-0.06056971514242879,0.179241148656441,0.24455464575404606,0.38690654672663666,0.3107830700034598,0.25544151001422366,0.38396186522123554,-0.27554684196363355,-0.35748279706300695,-0.2706031599584823,-0.3846922692499904,-0.37320570483988774,-0.036281859070464766,-0.4748548802521816,-0.25564909852765927,-0.20125321954407413,-0.24510052665974705,-0.0803675085534156,0.1400761157882597,-0.028085957021489256,-0.07249452196978434,-0.14106023911121363,-0.00867258678353131,0.038957444354745706,-0.08408872486833506,-0.19109675931265135,-0.32012455310806137,0.10157997924114866,-0.24858340060738862,0.01495406143082305,-0.032906623611271286,0.0629454503517472,0.005873986083881137,0.15180102256564026,-0.0447776111944028,0.12459155037865682,-0.10065736362587936,-0.303502095106293,-0.3286510590858417,0.22696344135624497,0.09366086187675393,0.08929381463114597,0.5672855879752432,0.3234152154691885,0.17665013647022643,0.5691385076692423,0.10577788029062392,-0.033367931418905934,0.5500711182870104,0.1887364010302541,0.646246107715373,0.48870949140814207,0.2543497482028217,0.3067696920770384,-0.05727136431784108,-0.04343213008880175,0.024703033098835196,-0.1556298773690078,0.07580056125783262,-0.11105216622458002,-0.20772690577788028,-0.2297389766655134,0.25388844039518704,0.19814708030600084,-0.0002152769768961673,-0.1101372390727713,-0.16822358051743358,-0.3592972744397032,-0.041971322031292044,-0.13025025948564178,-0.14589628262791682,-0.08887863760427478
#18,0.38470764617691156,-0.00420558951293584,0.6740706569792027,0.6115403836543267,0.5854149848152846,1.0,0.0036443316803136893,0.18912851266674355,0.04074885634106024,0.4437857994079883,0.2800215276976896,0.5255218544573866,0.6387037250605466,0.006035443816553262,-0.11641871372006304,0.06988044439318802,0.4905009033944566,0.5124822204282474,-0.11343558989735901,-0.10406335293891515,-0.2998962057432822,-0.2004766847345558,0.1236458693730058,0.33808480375197014,0.060392880482835504,0.3947487794564256,0.2148079806250721,0.19400299850074962,0.41025641025641024,0.27593126513666244,0.20569715142428785,-0.14476607849921194,0.2693422519509476,-0.03602813977626571,0.0847576211894053,-0.15020951062930074,-0.04051051397378234,-0.0592396109637489,0.20080728866336062,0.1729135432283858,0.34461230923000036,0.02383423672778995,0.21816015069388384,0.05248145158190136,-0.014292853573213393,0.3420597393610887,0.14490447084150232,-0.020420558951293584,0.06419098143236074,-0.023349863529773574,-0.044839118902087416,0.3715911275131665,-0.07653865375004805,-0.072609848921693,-0.22803213777726522,-0.4288317379771653,-0.3853227232537577,-0.3082305001345481,-0.08936301080229116,0.01969015492253873,-0.4098027909122362,-0.22433398685272748,-0.24043362933917656,-0.11329719755506862,0.24034905624111022,0.1152116249567524,-0.06938069426825048,-0.3159266520585861,-0.07850690039595587,-0.16387191019874678,0.34070656979202707,0.34911774881789875,-0.1683542843962634,-0.04071041402375735,-0.33277976396417175,-0.27171029869680546,-0.34465844001076384,-0.25806327605428053,0.24044131780263714,0.372183139199631,0.11208242032829739,0.6661746050051898,0.3387921423903433,0.12643678160919541,0.06253796178833661,-0.23519009725906279,-0.2812978126321455,0.5090224118709876,0.2581478491523469,0.4841502325760197,0.27573136508668744,0.17805712528351209,0.12005535693691616,-0.31021412370737705,-0.36244954445853994,0.39487179487179486,0.1781878291623419,0.5419597893361012,0.2154461230923,0.21863683542843962,0.2183984930611617,0.610041133279514,0.2583785030561642,0.24893706992657516,0.07163341406219967,0.23805020566639756,-0.10264098719870834,-0.21995925114365894,-0.18806750470918387,-0.41876753930726945,-0.2415100142236574
#26,0.309960404413178,0.6161765271210549,0.1049321493099604,0.15732133933033482,-0.03499019720908776,0.0036443316803136893,1.0,0.41393149579056626,0.33151885595663705,0.4598085572598316,0.4763156883096913,0.11456579402606389,0.032683658170914544,0.09818167839157345,0.2677430515511475,0.22123553607811478,0.007565448045208165,-0.04390881482335755,0.1889824318609926,0.10887633106523661,0.22328835582208895,0.28869411448122095,0.25193557067620037,0.1959558682197363,0.1454887940645062,0.09267673855380003,-0.08879406450620843,-0.13559374159074308,-0.13935340022296544,-0.09233075769807404,-0.22770922231192095,-0.16550955291584976,-0.18681428516510976,0.1870680044593088,-0.01885980086879637,-0.04683811940183754,0.13996847729981163,-0.16831584207896053,-0.2505900895705993,-0.08904778380040748,-0.03394456617844924,-0.0942836274170607,-0.028262791681082537,0.113235689847384,-0.1756429477568908,-0.16253411755660632,-0.2390266405258909,-0.2082650982201207,-0.2816361050244109,-0.17409756660131473,-0.28353515549917346,-0.14874101410833046,-0.2039134279014339,-0.01237842617152962,0.0223196094260562,0.05946257640410564,-0.19624034136777765,-0.14193672394571946,-0.1712143928035982,-0.437896436397186,0.012163149194633453,0.10522431092146235,0.27640026140775764,0.0703648175912044,0.08293545534924845,0.09373005804789913,0.0013993003498250875,0.35010956060431325,0.45687156421789105,0.3886748933225695,0.4285780186829662,0.39707069542152,0.3829623649713605,0.15796717026102333,0.28045208165148194,0.21901357013800793,-0.09192326913466344,-0.03627417060700419,0.09226156152692884,0.13468650290239495,0.17548917848767923,-0.10083419828547265,0.003121516164994426,0.33404836043516706,0.02587936800830354,-0.07846076961519241,-0.04906777380540499,-0.07100296005843232,-0.10844577711144428,0.02039749356091185,-0.06651289739745511,-0.14638834428939376,-0.2675969707453965,-0.12012455310806136,-0.15977395917425902,0.08406565947795333,0.2200745780955676,-0.2288932456848499,-0.4054741859839311,-0.12050128781762964,-0.35054780302156613,-0.1853688540345212,-0.24826817360550493,-0.059308807134894094,0.03600507438588398,-0.21628416560950295,-0.23803482873947643,0.08025218160150693,0.18003306039288047,0.19854688040595087,0.14901011032945066
#49,0.8131780263714297,0.49626725098988966,0.20150693883827317,0.3258217045323492,0.3207550071118287,0.18912851266674355,0.41393149579056626,1.0,0.5685003652020144,0.3626878868258179,0.6806981124822205,0.5374466612847423,0.19872371506554415,0.2086341444662284,0.3996078883635106,0.32519893899204244,0.32914312074731866,-0.10650828431937877,0.24543113058855187,0.17775727520854956,0.4051820243724292,0.3171875600661208,0.2868335063237612,0.27480106100795754,0.2859108907084919,0.19083535155499173,-0.151278207050321,-0.22397262907008034,-0.26059278053281054,-0.13100372890477838,-0.28072886633606275,-0.35749048552646756,-0.44738400030753855,-0.14751854841809864,-0.23771191327413216,0.049390689270749244,-0.04690731557298274,-0.23224541575366164,-0.5407450121093299,-0.27008034444316303,-0.1682850882251182,0.009072386883481337,0.018252412255410758,0.3001037942567178,-0.07721523853457886,0.015792103948025986,-0.4577019182716334,-0.545765578749087,-0.697989466805059,-0.524753008111329,-0.5121900588167455,-0.1815938184753777,-0.5803405989313036,-0.08963979548687195,-0.04866028524199439,0.009172336908468843,-0.22687117979471802,-0.12971975550686196,-0.5994156767769961,-0.705685618729097,-0.22208895552223887,-0.19139660938761388,0.3875446891938646,0.04177911044477761,-0.027024949063929573,-0.16705493407142583,0.24458539960788836,0.330319455656787,0.6650520893399454,0.33349479106600544,0.48984738400030753,0.20665820935686002,0.49653634721100987,0.028308922461846,0.2838734478914389,-0.027017260600468995,-0.6006996501749126,-0.5697074539653251,0.31311267443201474,0.2061584592319225,0.0715565294275939,0.07553915350017298,0.03811171337408219,0.4449390689270749,0.39573290277937956,-0.06276092722869335,-0.3071464267866067,0.05345019797793411,-0.3750432476069657,0.18835197785722524,0.0978203206089263,-0.053580901856763924,-0.3019028947064929,-0.4046899627109522,-0.2824510821512321,0.27487794564256335,0.030776919232691345,-0.1672394571944797,-0.4415023257601968,-0.4483450582401107,-0.5767347095682928,-0.17623495944335524,-0.31445046707415525,-0.0808441932879714,-0.2103102295006343,-0.266205358859032,-0.42873178795217776,-0.1041479260369815,-0.08021373928420406,0.03289124668435013,0.1706377580440549
#50,0.4747241763733518,0.5361088686426018,0.015046322992349979,0.14340522046668974,0.05032868181293968,0.04074885634106024,0.33151885595663705,0.5685003652020144,1.0,0.21367008803290663,0.47921423903432897,0.2437934878714489,0.12995809787413987,0.3200861107907585,0.3081382385730212,0.22471841002575635,0.04829123899588667,-0.06429861992080883,0.25782493368700266,0.25860915695998155,0.27723830392496057,0.2615922807826856,0.2168454234421251,0.10257947949102372,-0.05439587898358513,-0.01909045477261369,-0.03378310844577711,-0.04015684465459578,0.026348364279398764,0.08354284396263406,-0.040964133317956404,-0.007896051974012993,-0.20383654326682812,0.17675008649521393,0.15674470457079154,0.09935801330104178,0.1033713912274632,-0.13989159266520587,-0.3468265867066467,-0.062145850151847155,-0.006765847845308115,0.030776919232691345,0.023372928920155307,0.15418444623841926,-0.1711528850959136,-0.2090493214930996,-0.133448660285242,-0.2152077807250221,-0.28076730865336563,-0.23948025987006497,-0.30196440241417755,-0.08001383923422904,-0.374274401260908,-0.03153038865182793,-0.041410064198669896,0.0381424672279245,-0.29994233652404567,-0.11391996309537539,-0.3396301849075462,-0.395179333410218,-0.11074462768615692,0.020036135778264713,0.38514588859416443,0.1590358666820436,0.14764925229692846,0.17499711682620228,0.3910506285318879,0.47487025717910275,0.49665167416291855,0.5029408372736709,0.39838542267327876,0.26979587129512167,0.28738707569292277,0.1773728520355207,0.2114327451658786,0.12945065928574173,-0.3017337485103602,-0.23965709452965825,0.3221466189981932,0.23992619075077845,-0.12441471571906354,-0.04959058932072425,-0.017967939107369393,0.12976588628762542,0.09180794218275477,-0.09069311498097106,-0.1141890593164956,-0.00595087071848691,-0.2690731557298274,0.16765463422135085,-0.008810979125821704,0.0981970553184946,-0.20974128320455157,-0.39532541421596895,-0.28777149886595166,0.0511744127936032,0.22929304578479992,-0.006873486333756199,-0.3577826471379695,-0.07258678353131126,-0.25474185983931114,-0.23101526159996924,-0.16085034405873985,0.019175027870680046,-0.11297428208972436,-0.04929842770922231,-0.1841771421981317,0.027624649213854612,0.05137431284357821,-0.20678891323568985,-0.06763541306269942
#51,0.5306731249759735,0.5102448775612194,0.5777880290623919,0.7700611232845116,0.12420712720562796,0.4437857994079883,0.4598085572598316,0.3626878868258179,0.21367008803290663,1.0,0.6534194441240918,0.3051012955060931,0.42666359128128245,0.10678506900395957,0.18335447660784993,0.24617691154422788,0.532010917618114,0.28072886633606275,0.27503171491177486,0.17146811209779725,0.10181063314496598,0.3118978972052435,0.4393572444546957,0.4506977280590474,0.33840771921731444,0.6143159189635952,0.14834890247184102,0.15838234728789452,0.17312882020528197,-0.08052896628608773,0.03898819820858802,-0.13642409564448546,0.14318994348979355,0.11752585245838619,0.023703532848960134,-0.27512397647330183,0.05481874447391689,-0.027847614654211355,0.0016607081074847191,0.1761503863452889,0.14513512474531964,-0.16769307653865376,-0.055295429208472684,-0.05691769499865452,-0.05506477530465537,0.19304194056817744,-0.0842501826010072,-0.10019605581824473,-0.21253219544074117,-0.1284127167185638,-0.06342982354976358,0.29406835044016455,0.003106139238073271,0.22707107984469305,-0.013854611155960482,-0.0082343443662784,-0.5466805059008957,-0.4144927536231884,-0.36038903625110524,-0.37120670434013764,-0.26191519624802984,-0.12043209164648445,0.00882635605274286,0.014446622842424942,0.24383961865221235,0.21060239111213624,-0.054864875254680354,0.02060508207434744,0.3941798331603429,0.3179410294852574,0.6280782685580287,0.5156883096913082,0.09951947103371392,-0.008895552223888057,-0.17673470956829276,-0.07560834967131819,-0.36354130626994197,-0.208295852073963,0.1831930188751778,0.2966362972359974,0.06456002767846845,0.025341175566063124,0.13054242109714373,0.27401683773497865,-0.05585668704109484,-0.31883289124668435,-0.2824741475416138,0.13610886864260177,0.07780725022104333,0.2067427824549264,-0.061169415292353826,-0.1126590550878407,-0.22468765617191405,-0.3123515165494176,-0.3617883366009303,0.415938184753777,0.4253719294199054,0.14578864413946874,0.01012570637758044,0.007127205627955253,0.017844923692000154,0.2576096567101065,-0.10422481067158729,0.30999115826702034,0.3222850113404836,0.2218736785453427,-0.049113904586168454,-0.15865144350901472,-0.13957636566332218,-0.19915426901933647,0.016099642486449083
#52,0.6436474070656979,0.6128243570522431,0.25449582900857265,0.49079306500595854,0.26898858263176106,0.2800215276976896,0.4763156883096913,0.6806981124822205,0.47921423903432897,0.6534194441240918,1.0,0.48062891631107524,0.2927920655057087,0.13494022219659402,0.5308499596355668,0.47658478453081154,0.34661899819321107,-0.019382616384115633,0.4322992349978857,0.3949563679698612,0.4938223196094261,0.4835044016453312,0.41837542767078,0.37352093184177143,0.3539384154076808,0.4168684888325068,-0.0005997001499250374,-0.14040671971706453,-0.09422980817283666,-0.18362357282897013,-0.2083650482451082,-0.3004728405028255,-0.2266405258909007,0.04419328797139892,-0.11271287433206474,-0.11778726021604582,0.1427747664629224,-0.10929919655556837,-0.36367969861223237,-0.16261100219121208,-0.08857109906585169,-0.06695882827816861,0.12802829354553494,0.30424018759850846,0.04321685311190559,0.18796755468419638,-0.375020182216584,-0.39743974166762774,-0.5440818052512205,-0.3600584323223004,-0.2970207204090263,0.037896436397186026,-0.30978356975358473,0.18593011186714334,0.11072156229577519,0.13930726944220198,-0.35935109368392726,-0.20066889632107024,-0.5198862107407834,-0.6105101295506093,-0.22756314150617,-0.21506169991927113,0.2286472148541114,0.025302733248760235,0.052988890170299466,0.05115134740322146,0.012455310806135394,0.16440241417752663,0.5884442394187521,0.43928035982008995,0.5248375812093953,0.38010994502748624,0.3739822396494061,-0.03555914350517049,0.07867604659208857,-0.09944258639910813,-0.5411909429900434,-0.4708491907892208,0.24247107215622957,0.31465036712413025,0.13131895590666207,-0.030461692230807674,0.030284857571214394,0.4236189597508938,0.204220966439857,-0.2164302464152539,-0.38674508899396454,0.07758428478068657,-0.18049436820051512,0.23000038442317303,-0.06505208933994541,-0.10042670972206205,-0.2687041094837197,-0.4286087725368085,-0.2998346980355976,0.2354515050167224,0.1836697036097336,-0.10243339868527275,-0.38629915811325105,-0.2471225925498789,-0.46114634990197206,-0.03550532426094645,-0.39521777572752087,0.05205089762810902,-0.056033521700688114,-0.1320801137892592,-0.43889593664706106,-0.15533771575750585,-0.1093222619459501,-0.08790220274478146,0.1646791988621074
#53,0.442263483642794,0.2559950793833852,0.3677392073194172,0.3332718256256487,0.6337831084457771,0.5255218544573866,0.11456579402606389,0.5374466612847423,0.2437934878714489,0.3051012955060931,0.48062891631107524,1.0,0.2834582708645677,0.013900741936723946,0.10409410679275746,0.023611271287433205,0.3441971322031292,-0.002567946795832853,-0.07154884096413332,-0.09385307346326836,0.18381578441548457,-0.027017260600468995,0.21958251643409066,0.2012224656902318,0.2801983623572829,0.14425863991081384,-0.05641025641025641,-0.22137392842040518,0.024087956021989005,-0.17101449275362318,-0.01889824318609926,-0.29565986237650405,-0.18313151116749318,-0.20219121208626456,-0.042986199208088265,-0.01820628147464729,-0.14084496213431746,-0.36612462999269596,-0.34105255064775303,-0.270772306154615,-0.004282474147541614,-0.06978049436820051,0.07623111521162496,0.021804482374197517,0.13886902702494908,0.08957828777918733,-0.33570906854265176,-0.3926575173951486,-0.35040172221581517,-0.5291738746011609,-0.3411601891362011,-0.1422211970937608,-0.48170530119555605,-0.2272940452850498,-0.10984507746126937,-0.2533886902702495,-0.02060508207434744,-0.04424710721562296,-0.1806020066889632,-0.3333102679429516,-0.03094606542882405,0.026986506746626688,0.10674662668665667,0.13136508668742553,-0.12255410756160381,-0.20898781378541498,-0.013647022642524891,-0.13145734824895244,0.28252027832237725,0.11751816399492561,0.2805981624572329,0.19974628070580094,0.19363395225464192,-0.014046822742474917,0.08465767116441779,-0.0704647676161919,-0.2604697651174413,-0.2563718140929535,0.2468458078652981,0.10330219505631799,0.40281397762657134,0.44551570368661825,0.16588628762541807,0.6108022911621113,0.485472648291239,0.17041479260369816,-0.07674624226348364,0.44782993118825204,-0.0031368930919155806,0.564394725714066,0.15098604543881905,0.23969553684696113,0.15724445469572906,-0.0966286087725368,0.0036520201437742665,0.2978510744627686,-0.09760504363203014,0.1308192057817245,-0.3596048129781263,-0.08478068657978703,-0.3533310267942952,0.24510052665974705,-0.1263983392918925,0.08076730865336562,-0.20927228693345634,-0.0952677507400146,-0.4001691461961327,0.10012685964709953,0.04858340060738861,-0.048737169876600164,-0.01015646023142275
#54,0.33645484949832777,0.1671702610233345,0.4723407527005728,0.4249413754661131,0.28328912466843503,0.6387037250605466,0.032683658170914544,0.19872371506554415,0.12995809787413987,0.42666359128128245,0.2927920655057087,0.2834582708645677,1.0,0.28911697997155267,-0.03262215046322992,0.2551185945488794,0.4093030407872987,0.5049244608464998,-0.07262522584861415,0.002890862261177104,-0.3318187060315996,-0.044646907315572984,0.1700611232845116,0.2861184792219275,-0.006273786183831161,0.323861146349902,0.17197555068619536,0.26385268904009535,0.4070118786760466,0.24543881905201245,0.06978818283166109,-0.1067696920770384,0.1540691192865106,-0.040256794679583284,-0.03898819820858802,-0.2617229846615154,-0.19232691346634376,-0.1350478606850421,0.09228462691731057,0.017245223542075118,0.39647099527159496,0.04386268404259409,0.08333525544919848,0.10233344866028524,-0.1590666205358859,0.11456579402606389,0.16780071502710184,0.10007304040287548,-0.0524660746549802,0.028408872486833506,0.02490293314881021,0.3060469765117441,-0.017867989082381887,-0.042117402837043016,-0.33883058470764615,-0.44546957290585476,-0.4571714142928536,-0.3218390804597701,-0.2524737631184408,-0.03728135932033983,-0.41790643139968475,-0.24896782378041749,-0.20039211163648946,0.08438857494329759,0.3247145657940261,0.12142390343289894,0.09780494368200515,0.00838042517202937,-0.02448775612193903,-0.08945527236381809,0.25475723676623224,0.2609848921693,-0.17642717102986968,-0.15286203052319994,-0.35827470879944645,-0.20890324068734864,-0.36281859070464767,-0.24662284242494137,0.496843885749433,0.5296428708722561,0.05894744935224695,0.4408872486833506,0.40664283242993887,-0.011517318263944951,-0.15210087264060276,-0.29431438127090304,-0.2982893168800215,0.19604044131780263,0.15200861107907584,0.09558297774189828,0.2410640833429439,-0.08870949140814208,-0.045077461269365314,-0.4024603083073848,-0.3283819628647215,0.4132010917618114,0.2791142890093415,0.40931072925075923,0.25275823626648214,0.09090839195786722,0.09393764656133471,0.39687848383500557,0.1495713681620728,0.10119555606811978,0.024626148464229423,0.08337369776650136,-0.1114673432514512,-0.28124399338792144,-0.09223080767308653,-0.2673509399146581,0.05755583746588244
#58,0.16474070656979203,0.14074501210932994,0.05946257640410564,0.012547572367662322,0.06905777880290624,0.006035443816553262,0.09818167839157345,0.2086341444662284,0.3200861107907585,0.10678506900395957,0.13494022219659402,0.013900741936723946,0.28911697997155267,1.0,0.08497289816630146,0.021220159151193633,-0.014523507477030715,0.09391458117095298,-0.05717910275631415,-0.03307576980740399,-0.03798100949525238,-0.08744089493714681,-0.0679121977472802,0.09473724676123477,-0.027232537577365164,0.0071733364087187175,-0.20556644754545805,-0.16676277245992388,-0.08775612193903048,-0.08641064083342943,-0.0030600084573098067,-0.13421750663129972,-0.09565217391304348,-0.21683773497866451,-0.12641371621881367,0.04622304232499135,-0.3597816476377196,-0.420758851343559,-0.13560143005420366,-0.10344058739860838,-0.05718679121977473,-0.010848421942874716,-0.17129127743820396,-0.0875792872794372,-0.2679583285280437,-0.05205089762810902,-0.10070349440664284,-0.17443585899358013,-0.2694729558297774,-0.2435243916503287,-0.25642563333717755,-0.11964786837350555,-0.2868719486410641,-0.22113558605312728,-0.22147387844539268,-0.18157844154845654,-0.06865029023949563,0.11658017145273517,-0.058709106984969055,-0.08604159458732172,-0.028232037827240226,0.15487640794987123,0.42097412832045517,0.13836158843655094,-0.06675123976473302,-0.1965632568331219,0.6765617191404298,0.6708722561796026,0.250413254911006,0.11938646061584593,0.18736016607081074,-0.12031676469457579,0.07054165225079768,-0.08800984123322954,0.1457348248952447,0.1247376311844078,-0.16745473417137585,-0.05581055626033137,0.688401952869719,0.2527274824126398,-0.00014608080575097068,-0.16499442586399107,0.21375466113097297,0.11894821819859301,0.18802906239188097,-0.020020758851343558,0.1121131741821397,-0.3597893361011802,-0.33604736093491716,-0.20174528120555107,0.10056510206435244,-0.11540383654326683,0.09406835044016454,-0.1264675354630377,0.10636989197708838,0.15255449198477683,0.10261023334486603,-0.1020412870487833,-0.016806981124822203,-0.15581440049206166,-0.1505016722408027,-0.006681274747241763,-0.03355245454195979,-0.10343289893514782,0.03675085534155999,-0.06439856994579633,-0.16877714988659517,0.05312728251258986,0.16064275554530427,-0.013001191711836389,0.048437319801637645
#101,0.24073347941413908,0.44145619497943334,-0.16591704147926037,-0.00598162457232922,-0.04558489985776343,-0.11641871372006304,0.2677430515511475,0.3996078883635106,0.3081382385730212,0.18335447660784993,0.5308499596355668,0.10409410679275746,-0.03262215046322992,0.08497289816630146,1.0,0.7224925998539192,0.009702840887248683,-0.2784838350055741,0.4922308076730865,0.49372236958443855,0.7334640372121631,0.5132280013839234,0.27384769153884597,0.17089916580171452,0.11087533156498673,0.04961365471110599,-0.13920731941721448,-0.4198977434359743,-0.07264060277553532,-0.14578095567600816,-0.44420866489832006,-0.3052550647753047,-0.510198746780456,-0.12316149617498943,-0.15293122669434514,-0.04972898166301465,0.14640372121631492,0.066005458809057,-0.48987813785414985,-0.36966901164802213,-0.11451197478183985,0.09185407296351825,-0.03645869373005805,0.4850344058739861,0.01027947564679199,0.15592203898050974,-0.3087840695037097,-0.33964556183446737,-0.4112559105062853,-0.2581786030061892,-0.22978510744627687,-0.08627224849113904,-0.3363241456194979,0.1712451466574405,0.1634951754891785,0.28259716295698306,-0.10739245761734517,-0.01969784338599931,-0.5005881674547342,-0.5480336754699573,-0.32353054242109713,-0.38946680505900894,0.354461230923,0.2467843001576135,-0.18622227347864528,-0.17152961980548187,-0.04114096797754969,0.23193787721523854,0.5060392880482836,0.32805135893591664,0.09141583054626533,0.08963979548687195,0.3229385307346327,-0.1751278207050321,0.21525391150578557,-0.12287702302694807,-0.5170722331142121,-0.4543420597393611,0.10854572713643178,0.15992003998001,-0.005904739937723446,-0.31206704340137625,-0.3461730673124976,0.14536577864913697,-0.0024679967708453464,-0.2774766462922385,-0.46634375120132243,-0.20975666013147273,-0.16678583785030562,-0.1760811901741437,-0.23835774420482067,-0.32618306231499633,-0.26479837004574636,-0.46112328451159035,-0.2291623419059701,0.057317495098604544,-0.06201514627301734,-0.3902740937223696,-0.4773075000961058,-0.2990197209087764,-0.4806135393841541,-0.3792795909737439,-0.6443470572406105,-0.32200822665590284,-0.3592357667320186,-0.37096067350939915,-0.421158651443509,-0.3325644869872756,-0.15500711182870103,0.07650789989620574,0.46735093991465804
#102,0.2951370468611848,0.3806712028601084,-0.04772229269980394,0.053696228808672586,0.027701533848460386,0.06988044439318802,0.22123553607811478,0.32519893899204244,0.22471841002575635,0.24617691154422788,0.47658478453081154,0.023611271287433205,0.2551185945488794,0.021220159151193633,0.7224925998539192,1.0,0.08745627186406797,0.052850497828009074,0.5005881674547342,0.6976281090224119,0.3745204320916465,0.5453734671125976,0.2369200015376927,0.40549725137431286,0.015538384653826932,0.22391112136239572,-0.11467343251451198,-0.18408488063660478,0.09917349017798793,0.09935801330104178,-0.4032060892630608,-0.20263714296697805,-0.2663129973474801,-0.07103371391227463,-0.10490908391957868,-0.0950986045438819,0.10795371544996732,0.20327528543420598,-0.3190558566870411,-0.23403682773997617,0.017460500518971283,0.0942144312459155,0.1326644370122631,0.6726252258486142,-0.07123361396224964,0.2733633183408296,-0.24093337946411408,-0.21447737669626726,-0.2810825356552493,-0.05067466266866567,-0.1479798562257333,0.1583515934340522,-0.2493676238803675,0.31511936339522545,-0.07510091108292008,0.225925498789067,-0.41090992965055934,-0.2242571022181217,-0.6502517971783339,-0.515473032714412,-0.48748702571791025,-0.5311036789297658,0.16669357628877868,0.06824280167608504,0.04485449582900857,-0.006266097720370584,-0.18291623419059702,0.12968900165301964,0.36827739976165763,0.2711567293276439,0.15840541267827624,0.2626994195210087,0.17059931572675202,-0.13501710683119977,-0.01873678545342713,-0.2641756045054396,-0.5501249375312344,-0.5090992965055934,0.08826356052742859,0.3759197324414716,0.061100219121208624,-0.104047976011994,-0.19973090377887978,0.0385499557913351,-0.1984084880636605,-0.413062699419521,-0.5895590666205359,-0.08069042401875985,-0.058163226079268056,-0.12721331641871372,-0.08025987006496751,-0.398508438088648,-0.3658785991619575,-0.6141083304501596,-0.4537884903701995,0.11662630223349864,0.19853919194249028,-0.1773651635720601,-0.19137354399723217,-0.18559950793833851,-0.32440702725560294,-0.14026063891131357,-0.4096413331795641,-0.28923230692346136,-0.31917887210241036,-0.28236650905316574,-0.30475531465036715,-0.43890362511052167,-0.2618383116134241,-0.06705877830315611,0.340106869642102
#201,0.5264290931457348,0.20230653903817322,0.7517395148579556,0.7191711836389497,0.09140814208280475,0.4905009033944566,0.007565448045208165,0.32914312074731866,0.04829123899588667,0.532010917618114,0.34661899819321107,0.3441971322031292,0.4093030407872987,-0.014523507477030715,0.009702840887248683,0.08745627186406797,1.0,0.4697112981970553,0.05817860300618921,-0.009895052473763119,0.0865259677853381,0.16227270979894667,0.41756813900741935,0.29089301503094606,0.5229462191980933,0.46691269749740516,0.3118978972052435,0.2517587360166071,0.18569945796332604,-0.1905355014800292,0.21183254526582862,-0.1265059777803406,0.17705762503363703,0.00660439011263599,-0.2780225271979395,-0.3138968977049937,-0.21018721408526506,-0.12028601084073348,-0.0071118287010340986,0.03566678199361858,-0.08783300657363625,-0.29797408987813784,-0.22925460346749701,-0.1741436973820782,-0.10471687233306423,0.08218198593011186,0.035520701187867605,-0.08095952023988005,-0.09574443547457041,-0.1234767231768731,0.0844500826509822,0.23966478299311883,0.1806404490062661,0.18326990350978356,0.0829892745934725,-0.05278130165686388,-0.26765847845308116,-0.3934032983508246,-0.35060162226579017,-0.18392342290393265,-0.25088993964556183,-0.187137200630454,-0.2068350440164533,-0.133448660285242,0.23869603659708608,0.12136239572521432,-0.05405758659131973,-0.16653211855610656,0.315765194325914,0.11989389920424404,0.485726367585438,0.4258255487640795,-0.014823357551993235,-0.08140545112059355,-0.23510552416099642,-0.0598162457232922,-0.34344366278399263,-0.2008534194441241,0.05029792795909738,0.1567523930342521,0.08927074924076424,0.15152423788105948,0.09184638450005767,0.281051781801407,-0.028862491831007572,-0.2579402606389113,-0.2942144312459155,0.11172875100911082,-0.022696344135624495,0.12014761849844309,-0.19522546419098144,-0.16617076077345944,-0.17662707107984468,-0.2788298158613001,-0.18953600123015416,0.7198631453504017,0.22588705647176413,0.47055702917771886,0.1418829047014954,0.20002306539038173,0.21477722677122976,0.4285626417560451,0.11854841809864299,0.5827701533848461,0.31028331987852226,0.4378041748356591,0.1908814823357552,-0.1888363510552416,-0.10868411947872218,-0.2643063083842694,0.02244262484142544
