,#10,#11,#12,#13,#17,#18,#26,#49,#50,#51,#52,#53,#54,#58,#101,#102,#201,#202,#301,#302,#401,#402,#501,#502,#601,#602,#701,#702,#801,#802,#901,#902,#1001,#1002,#1101,#1102,#1201,#1202,#1301,#1302,#1401,#1402,#1501,#1502,#1601,#1602,#1701,#1702,#1801,#1802,#1901,#1902,#2001,#2002,#2101,#2102,#2201,#2202,#2301,#2302,#2401,#2402,#2501,#2502,#2601,#2602,#2701,#2702,#2801,#2802,#2901,#2902,#3001,#3002,#3101,#3102,#3201,#3202,#3301,#3302,#3401,#3402,#3455,#3501,#3502,#3601,#3602,#3701,#3702,#3801,#3802,#3901,#3902,#4001,#4002,#4101,#4102,#4201,#4202,#4301,#4302,#4401,#4402,#4501,#4502,#4601,#4602,#4701,#4702,#4801,#4802
#10,1.0,0.5966184983134135,0.5821032126116872,0.5713909595265527,0.3204805730229459,0.32789276179106686,0.31552862569811724,0.47189022612751425,0.13276465988330396,0.41720040533599856,0.3136421475404526,0.04402337622676606,-0.04058773719790669,-0.008228413313159075,-0.21524637117857456,-0.019396438040505837,0.23937034106525631,0.5991624906879144,-0.24513805022279597,0.03090548175293938,-0.06785352378572718,0.06802935447003243,0.07267868793292522,0.19691370877811556,0.21180147790317283,0.24052156933512867,0.12119592628067204,0.12190156257952868,-0.2983573712387272,-0.009230185501371942,0.0839151940846856,0.04633925142399719,0.29333971876344755,0.04460778189591749,-0.2082117556693828,0.004924184585201535,-0.13198313876279977,-0.045603538823877805,-0.07439164896792015,0.06016972288158729,-0.2742352522013539,-0.15926326943276095,-0.2488022691412522,0.007568122822360111,-0.21128971806937907,-0.11594876849114137,-0.08579473155744342,0.0032015065913370997,-0.21369397132108997,0.0013275216665047174,0.2887588667249684,0.13392838138600852,0.22809542979034506,0.11732857665061056,0.013062831706899503,0.009778036896680964,-0.16199466029974505,-0.2186352762623949,-0.022583371805939965,-0.006522855675398048,0.14918123053716273,0.14863661812814355,0.0096359842122554,-0.06295525109084431,0.23000273000273,0.11556286641032404,-0.006313709703540212,0.19339894594131882,0.15691731793426708,0.2533289838374584,0.387607175742769,0.4291726240878783,0.1879107150293591,0.3288478000342407,0.044125635651059376,-0.027360179902552784,0.07244548092005719,-0.10430738905315176,-0.1573726268641523,0.1435014367217757,0.0013969285155725833,0.11515938126107618,0.0055284868844190874,0.05731062341231833,0.12192654904519311,-0.08401606537199757,0.1331297399094009,-0.26608226099751525,0.012299819079480096,0.0464049565744481,0.10317790826265402,-0.14559937441293375,0.1143440821406923,0.024100371557998677,-0.1753906448821703,0.18080437910946384,0.3646677494135121,0.3734264310535497,0.5452102333458265,0.32728522050555947,0.4034291610562797,0.14416080178792043,0.35877140622903336,0.34856628585442145,0.4886954751361531,0.33688141145768263,0.24007644007644008,0.06949291356071018,0.10254815678544492,-0.1808927571639436,-0.2473345456396304
#11,0.5966184983134135,1.0,0.6151876067130304,0.3867784579648986,0.10094624670895858,0.28089645886256054,0.2997348658365607,0.25513587547485855,0.515869644683204,0.336968401375181,0.10057098701166498,0.0879301489470981,0.1116802472734676,0.12957333296316348,-0.06869982463202802,0.016577131831369118,0.1396794328997719,0.5419596792478149,-0.1287649745276864,0.06887334175469768,-0.08035092102888713,0.0075172244663770085,-0.024091580023783414,0.04799437341810223,0.18737720771619076,0.07820624939269007,-0.029597856716500785,-0.05906985568002517,-0.1836074903871514,0.08309341699172208,0.0631246038025699,0.011234192590124793,0.19164665435851877,0.037502834113003605,-0.2278612973528228,-0.10446286039506378,-0.21134755711026898,-0.16394869445716903,-0.056882614509733156,-0.032732270020405616,-0.21807261807261807,-0.09095166044318587,-0.16839628534543788,0.12026818806479823,-0.15978428351309706,-0.17031885506461777,-0.23405701541294763,-0.17432177940652516,-0.2873124279903941,-0.2073251988506226,0.14467209890938704,-0.030716695123474785,0.10253982796355678,0.09535066653710722,0.07786754396923888,0.16730289611645544,-0.19458626577270646,-0.14286428184733269,0.0176663586930181,0.005571056418514046,-0.06041542312728754,0.03377753716736768,0.056368078401976704,-0.1462059902737869,0.06913708778115558,0.08023987007037854,0.13453777352082436,0.21103383815248222,0.36527714154832797,0.4351194029160131,0.5669058889397872,0.587036188731104,0.08288658458149983,0.1744050676254066,0.0632430581583124,-0.1651924651924652,0.06328053785680904,0.048731474155202965,-0.014010929265166554,0.11253857864027356,0.0524035591832202,0.16789979501843907,0.04012409944613334,0.04595982731575952,0.053495097562894174,-0.06969511884766122,0.010986178782788953,-0.12723339672492215,0.12323741306792155,-0.05742907776806082,0.09799460477426579,0.1067759593183322,-0.017148581555361215,0.008741098571607046,-0.06859571435842622,0.1945006639921894,0.3719735143463957,0.2108320955778583,0.5253404405946779,0.26660882762577676,0.2506174896005404,0.15785662395831887,0.3354266439012202,0.15801116987557665,0.5131451945011267,0.11824474705830638,0.36376360952632136,-0.0653840280958925,-0.036668563787207856,-0.23044415756280162,-0.12309674852047733
#12,0.5821032126116872,0.6151876067130304,1.0,0.6137985443070189,0.06767769310142191,0.3602645789086467,0.2438433811315167,0.2658245302313099,0.3059916619238653,0.433751625277049,0.17573490285354693,0.12999902830411306,0.17802162717416956,-0.022605348029076842,-0.29444143681431817,-0.16470476639968165,0.37716190767038227,0.7577580662326425,-0.2237232610113966,-0.05847527033967712,-0.23913065607980863,-0.08275424885594378,-0.042878625929473384,0.04184770286465202,0.15393930139692852,0.017505795471897168,0.14082649675870015,0.033341662155221476,-0.1578307120680002,0.18083538083538084,0.258571977216045,0.1593803356515221,0.3848040644650814,0.07900535358162476,-0.2646247171670901,-0.05165535335026861,-0.24303039557276845,-0.14758626114558318,-0.02294868057579922,-0.2162809959420129,-0.17725167386184335,-0.05303654964671914,-0.24270834779309355,0.09205337849405645,-0.37481086633629007,-0.18420253843982656,-0.027475395272005442,0.009617475719170635,-0.022433219043388537,-0.03066764761680016,0.45710286557744184,0.30918437698098716,0.26409629968952003,0.23466640754776347,0.08541391931222439,0.1569200942082298,-0.28662807645858496,-0.3987937089632005,-0.09806032126814722,-0.1588889351601216,-0.05284359860631047,0.08286252354048965,0.05557730303493015,-0.17075889448770804,0.24176857905671464,0.18945709962659116,0.08866262256092765,0.1866202103490239,0.21350981181489656,0.23919358495629683,0.6491229287839457,0.652321196388993,0.19097572148419606,0.314537033181101,0.005559488610336068,-0.06611094916179662,0.052387826964098154,-0.00715908512518682,0.01397113600503431,0.16606976776468302,0.06039737734652989,0.12845449455618946,0.1737415381483178,0.05757622028808469,0.13359106409953866,-0.11313270126829449,-0.025941041195278482,-0.16225563005224022,0.03562237121559155,-0.062240360545445295,0.18361813277067515,-0.015386573013691658,-0.03361512514054887,-0.04528843172910969,-0.19976447942549638,0.34428064428064425,0.32608401930435826,0.5159297972857295,0.5401088299393384,0.5257675240726088,0.47519306671849043,0.4018230865688493,0.5405974541567762,0.44493677036049917,0.6419883674120962,0.2963334675199082,0.4726342675495218,-0.03326762818288242,-0.005795009184839693,-0.3480684073904413,-0.37763665051800643
#13,0.5713909595265527,0.3867784579648986,0.6137985443070189,1.0,0.025709222319391812,0.3933119560238204,0.2626540253658898,0.2619553297519399,0.11410578529222597,0.578815641527506,0.22791450927044146,0.09217831082237862,0.24848669933415696,0.034512787055159935,-0.34843071114257557,-0.24962635979585132,0.3801593581254598,0.4866391815544358,-0.29330779161287635,-0.07204338390779069,-0.12212412720887297,-0.06123164767232564,0.2744388456252863,0.14046095402027606,0.2480346293905616,0.2857938061327892,0.26472836472836475,0.29495365936043905,-0.15725833691935387,-0.05764007458922713,0.11783293308717037,0.13468954316411944,0.28008301059148516,0.09046951419832776,-0.24160986872851278,-0.1266221537407978,-0.07182544640171759,-0.11489748608392676,0.04913495930445083,-0.04614028512333597,-0.22532563380021006,-0.1838369957014025,-0.09640102351966759,-0.014180744689219265,-0.16590643031320998,-0.15070771850432868,0.0286997320895626,0.2895135505304997,-0.07276799141205921,0.06800483071669512,0.3239106595038798,0.1319405692287048,0.21990912329895382,0.022642827727573492,0.10426019239578561,-0.13588796809135792,-0.18272417255468104,-0.3156193173142326,0.026003279011285612,-0.11825261316786741,-0.0022682158275378612,0.11303044184400117,0.0777273421341218,-0.18078633332870622,0.2759570047705641,0.19925549586566535,0.16110764076865772,0.24824932791034485,-0.03107575988931921,-0.0032658236048066554,0.3126533312973991,0.359356737322839,0.013377013377013377,0.25334193978261776,-0.1417357264814892,-0.08998181540554422,-0.006581157428615056,-0.14380266244673023,0.05934146781604409,0.11977354858710791,-0.08455327438378286,0.1853824548739803,0.23262862245913093,0.0005469259706547842,0.05352378572717556,0.0072877191521259314,0.07064923166618083,-0.11299620113179436,-0.0011766774478638884,-0.177102680492511,-0.0051592424473780405,0.01190373732746614,-0.1329497448141516,0.04215910826080318,-0.20607541285507386,0.3186968170019017,0.160281236552423,0.47289477458968987,0.403321349084061,0.29226437531522276,0.38133557286099656,0.23764025967415797,0.34596630528833916,0.26823526145560045,0.4368610521152894,0.2651221329187431,0.2275401749978021,-0.03923754262737313,-0.01162888620515739,-0.12935215647080053,-0.29185209863175965
#17,0.3204805730229459,0.10094624670895858,0.06767769310142191,0.025709222319391812,1.0,0.2823327179259383,0.10552524789812925,0.3387965777796286,0.016721498077430282,-0.040978266401995214,0.08150446286039506,0.20793181471147573,-0.1337854032769287,-0.0032445388377591766,0.04626660558863949,0.01804763160695364,0.033232924758348485,0.15165627877492285,-0.13336618590855878,-0.0958758450283874,-0.058647399325365425,-0.1397233905708482,-0.019924855518075858,0.05746470661724899,-0.047164267503250555,0.09768134852880615,-0.2480369429521972,-0.2803749820698973,-0.14074089497818312,0.06860358046798724,0.13022668276905566,0.04544482849567595,0.020709152912542744,-0.08511685799821393,0.14002739256976546,0.20976554366384875,-0.0396627752559956,0.05597292207461699,0.15546393851478596,0.09695442746290205,0.057690047520555995,0.05143510228255991,-0.1803041870838481,-0.23208401005011176,-0.18468792367097453,-0.25689927215350944,-0.13112203112203114,-0.2352040792718759,-0.24051324051324052,-0.11184358472494066,-0.09899730238713289,-0.12794551099635845,-0.016895015200099946,-0.1868117732524512,-0.14106386818251224,-0.157965824067519,-0.18765020798919105,-0.31199813064219845,-0.15593893075729115,-0.1720970585377365,0.18270335049996067,0.07177593618271584,-0.07005603446281412,0.1700962904352735,-0.14829930084167373,-0.2545371257235664,-0.20522541031015606,-0.057341625138235305,0.12964320252455847,0.0687599772345535,0.06532896532896533,0.033245417991180706,0.13278918363664127,0.09675592387456794,0.193465576516424,-0.16646862579065969,0.027019160917466003,-0.1317073622158368,-0.13020493528968105,0.2522883438137675,0.10681251359217461,0.28152204592882557,0.009625341828731659,0.2923675601641703,0.5167080794199438,0.36596565749108123,0.3172017934729799,-0.06314126144634619,0.35101727305117136,0.4764877358097697,0.40622024181346217,0.17102032695253033,0.29091927058028755,0.2567095600993906,0.025976670044466656,-0.13389737966009152,0.150033083931389,0.044679502306620954,0.13612348866586155,-0.030446933836764344,0.03586992231060028,0.03945085301017504,0.25026166382098586,0.23603696146069028,0.06227228769601651,0.17228075533160278,0.07812342388613575,0.14248300688978655,0.17976790349671706,-0.10818676920371835,-0.28340528510020035
#18,0.32789276179106686,0.28089645886256054,0.3602645789086467,0.3933119560238204,0.2823327179259383,1.0,0.3386554505198573,0.2246560890628687,0.2647121697969156,0.27882489577404834,0.18532831753170736,0.5087184256675782,0.4989241938394481,0.25536445536445534,-0.2503495791631385,-0.37367768384717537,0.36219501473738763,0.23370442861968285,-0.4450205212917077,-0.3723816266189148,-0.22640051453610777,-0.372281680756257,0.12243830887898685,-0.008348718518210044,0.07430327091344041,-0.07567475025102144,-0.04704581314750806,-0.14114900725070217,0.16532711447965684,0.3047594589967471,0.2039307412188768,0.14053082358167104,0.30864439169523916,0.001057760379794278,0.040832049306625574,-0.016273129832451865,0.0781197221875188,-0.05159520074774312,-0.005518769925549586,-0.10606338233456877,0.04361063683097582,0.1004627123271191,0.11780748390917882,0.0708426454189166,0.15055687428568784,0.01857095924892535,-0.12363025583364566,-0.021857142196125248,-0.0220570339214407,0.12015945066792524,0.12016870491446763,0.04202492168593863,0.02168964033370813,-0.13242317818589006,-0.06468949689288672,-0.2650629057408718,-0.15657074640125487,-0.3540554421910354,0.0628647981029722,-0.03370350319502862,-0.07019484816094985,0.12406011558553931,0.20867863240744597,0.015659110574364813,-0.20178144245940857,-0.18722034823729738,0.29974458279543026,0.4703785449548161,-0.16475057492006645,-0.1286418930486727,0.10376138850715122,0.1133099200895811,0.06969882054627817,0.15158317022723802,0.06931476931476932,-0.06483802754989196,-0.1579537935470139,-0.2216887149090539,0.23827833997325523,0.17165748182697335,0.11805688585349602,0.5364038923360958,0.1982032880337965,0.1490766575512338,0.15169468389807372,0.11793935692240777,0.03513929954607921,0.24762096457011712,0.17942642179930315,0.04443426477324782,0.13343004020970123,0.03755650874294942,0.10438003488850947,0.024715778953067088,-0.1470707996131725,0.13972015158455836,0.02286076523364659,0.34459482595075813,0.2348241924513111,0.2562052036628308,0.1591383371044388,0.46045938079836385,0.33606287335100893,0.2999856559178593,0.3013885996936844,0.14532591142760634,0.09941189263223162,-0.07263565568650314,-0.07887348056839583,-0.3141423395660684,-0.29394726004895494
#26,0.31552862569811724,0.2997348658365607,0.2438433811315167,0.2626540253658898,0.10552524789812925,0.3386554505198573,1.0,0.17217757048265522,0.28638561519917455,0.36930875405451674,0.3935197138586969,0.12485042824025874,0.28646381358245765,0.4020761902117834,-0.054401551011720506,-0.08312210515600346,0.2339746526187204,0.047702401939690074,-0.18991703567974755,0.034983828204167185,-0.10362720193228668,-0.1506697760935049,0.11759324810172268,-0.07759408098391149,-0.020541188337798506,-0.019833701189633395,-0.10432543483390941,0.017506720896551406,-0.07442126255685577,0.02174146411434547,-0.1030876793588658,-0.13851200969845037,0.0538032639727555,0.05076972195616263,-0.044690607402471806,-0.057214841960604675,-0.06900891646654359,0.10578344137666172,0.16178273805392449,-0.1343568530009208,-0.026919215054808276,-0.02929894455318184,0.10914319558387355,0.23133487879250592,0.22453624657014487,0.1675851506359981,-0.033446697853477515,0.12387595607934591,-0.16274656783131358,-0.018120740154638458,0.13750468496231208,0.13077175789040196,0.1915624407149831,-0.04201242845310642,0.17430142006413193,-0.07373506017573814,-0.028199540063946843,-0.06500414127532772,-0.12851443066885507,0.022428591920117345,-0.2219964186065881,-0.22250216318012928,0.2808103943697164,0.22911015792371725,-0.1413993346196736,0.029422026032195524,0.4216942674569793,0.49317406775033895,0.06658430387243947,0.01761129388248032,0.21247935146240232,0.08256361137717069,0.23893076435449317,-0.006194329923143483,0.10120490289981815,-0.0912912912912913,-0.2607462624411777,-0.28446535904163023,0.22414386651674786,0.09801357597967768,0.02284595843917878,0.3562338918271122,0.21241873614754972,0.00789433501297908,0.02491150626743847,-0.28958018110560485,-0.2601896195116534,0.046696002628206015,0.15272977137383917,-0.019077629247120774,0.19871782414155295,-0.06696326526835002,0.051425848036017525,-0.28679742917031054,-0.03644414830855509,0.10035906476584443,-0.07831961391283425,-0.02723247130026791,0.19630477935562682,0.09722280061263112,0.030808774876571486,-0.00661030830522356,0.08489984591679507,-0.08715232952521088,0.14099122234715455,-0.08182651064006996,-0.019656019656019656,-0.2776033352304539,-0.13682819954006395,-0.19614791987673344,-0.14125820735990227
#49,0.47189022612751425,0.25513587547485855,0.2658245302313099,0.2619553297519399,0.3387965777796286,0.2246560890628687,0.17217757048265522,1.0,0.2814355187236543,0.1173369054724987,0.12488004182919438,0.271842566757821,0.12137823493755698,-0.00587459570510418,-0.347002780901086,-0.2881508627271339,-0.05054530647750987,0.2852931513948463,-0.27881332796587033,-0.17766117427134376,-0.1876011604825164,-0.14844505522471624,-0.17421211658499794,-0.009337997473590693,-0.12018489984591679,0.06644178847568678,-0.067277909650791,-0.11703290347358145,-0.15596922037600003,0.17378179412077718,0.15058556244996923,0.11973190447766718,0.2708717962955251,-0.07540776523827371,-0.059141113378401514,-0.04500201279862297,-0.10476223527070985,-0.20695873068754425,-0.13529847258660818,0.02915966814271899,-0.2769448955889634,0.021244973787346667,-0.09773918756969605,-0.1607129471536251,-0.045225965564948616,-0.2235585354229422,-0.010706700537209011,-0.1110236584812856,-0.23866424205407255,-0.0006246616416107941,0.10781937561598579,-0.007696756849299222,0.0008245533669262483,-0.1098368013622251,-0.21517974060346942,-0.2842650046039877,-0.10530268326878496,-0.4090136361322802,-0.029109004510173446,-0.12572402911385963,0.21894390538458336,-0.004624809709555472,-0.02910367995113758,-0.09534094957823772,0.1567604584553737,-0.20755748043883637,-0.10387521573962252,0.07650069175492905,-0.026582823192992683,-0.13006843515318092,0.13950869205106492,0.06709560099390607,0.2951003391681358,0.1368804860330284,0.10017027813637983,-0.07040399413280769,0.16731955376023172,-0.12890378822582213,-0.26296357991273245,-0.04139331935942105,0.3468991333398113,0.2493737188652443,0.048066556541132816,0.3112369688640875,0.2284674505013488,0.18991425940578482,0.2572537097960827,-0.18935993003789614,0.08703989042972093,0.16102342712512205,0.03305616864938899,-0.03127750246394314,0.17749829953219784,0.327508710559558,-0.004928348996145606,-0.06926942350671164,0.0017430373362576751,0.1953987886191276,0.2320368133927456,0.2056302835963853,0.17018281764044477,0.14139331935942107,0.3091755854467719,0.2582466904500803,0.25525710610456376,0.3558590948421457,0.15190197902062308,0.1745017745017745,0.164519681468834,-0.05731016069999121,-0.18819713395984583
#50,0.13276465988330396,0.515869644683204,0.3059916619238653,0.11410578529222597,0.016721498077430282,0.2647121697969156,0.28638561519917455,0.2814355187236543,1.0,0.27356339390237694,0.1595644951577155,0.42412119361271905,0.44895403878454726,0.46912968438392166,-0.07925568095059621,-0.18206897189948038,0.2271450186704424,0.21886154259035615,-0.09658148132724403,-0.05652031075759889,-0.1346131956301448,-0.19953404868659105,-0.1019059120754036,-0.12855999296677262,0.08936270631185886,-0.18551016347626517,-0.1371488591827575,-0.16143015126065974,0.2020271427051088,0.42469727045998235,0.20595279408838732,0.059750968225544494,0.2611650170972205,0.155903052513222,0.0711452592808525,0.13360494546935225,0.1214226553209604,0.008233503148757386,0.07254866576900475,-0.16414719804550312,0.05638519875808012,0.17758528944969623,0.13401213231721706,0.1398464720498619,0.050090460259951786,-0.028867696664306833,-0.03959568196856333,-0.12964135167524998,-0.060719887838531904,-0.19850451375875106,0.029474312525159984,-0.057233813166016556,-0.06462425445476293,-0.08330672737452398,-0.06707986877478403,-0.05909206587172689,-0.13700079123807937,-0.150328294396091,-0.0036868922489776907,0.010146355909067773,-0.22978849419527386,0.022465146193959753,0.3288676966643068,-0.022118111948620425,-0.15152533118634814,-0.07358560409407867,0.45745637779536086,0.4329955533345364,0.13755697145527654,0.2599892650740108,0.28168121896935455,0.2603885858123146,0.044555958115280146,-0.003760463082496981,0.06602349653197111,-0.08891757705317027,-0.07788697788697789,-0.10314690653673704,0.3363863092676652,0.1787642804591957,0.12805471110555855,0.37119245593821865,0.0385828046844996,0.23175409616087583,0.11660767084495897,-0.06151575304117677,-0.1389969322172712,0.1016902881309661,0.227862222777477,-0.014252927812249846,0.046423002355205745,0.11995631995631996,-0.06941564060208127,-0.20008097465724584,-0.15539129267942828,-0.004559567271431678,0.04817668207498716,0.08329654770332737,0.16424297949721678,0.24095929519658332,-0.036368726199234674,0.3021307902663835,0.16014381099126862,0.11468648926276045,0.24246218483506618,0.025966953085597152,0.2286807608841507,-0.14559335915268118,-0.010471179962705386,-0.25578968799307783,-0.08906795855948399
#51,0.41720040533599856,0.336968401375181,0.433751625277049,0.578815641527506,-0.040978266401995214,0.27882489577404834,0.36930875405451674,0.1173369054724987,0.27356339390237694,1.0,0.4407913306218391,0.19111129619604195,0.2901358986104749,0.2680214883604714,-0.12347894890267772,-0.18056284327470767,0.537710129235553,0.25715237579644357,-0.1369313843890115,-0.03751579005816294,0.007304839508229338,-0.09684754091533752,0.15848776357250932,0.0132613352952336,0.07214518061975689,0.09207281241179546,0.13951424459899037,0.19731025324245663,0.037436203537898456,0.13828157895954507,0.14410111189772207,0.016047788929144862,0.2978275656241758,0.2052309628580815,-0.013850368087656223,0.13282064807488536,0.15941087466511195,0.08556568895551947,0.1761754049889643,-0.16760782354002693,-0.04437364945839522,-0.034501681959309076,0.03463448039719226,0.040469282842164195,-0.018756969604427232,0.009578607883692629,0.10804610465627415,0.2296709652641856,0.001789771281296705,0.018029123113868877,0.29703910381876486,0.11835811157845057,0.17211047719522296,-0.0672533858974537,0.05702512990648584,-0.13491766034138916,-0.07217757048265523,-0.2075921838633703,0.046503056967182085,0.10501209992735416,-0.14658541438202455,0.018233641962455523,0.1801468648926276,-0.04437133589675962,0.06743847082830133,0.12091737345974635,0.2870213819366362,0.3432108533803449,-0.01716709004844598,-0.003784524123507174,0.20413479735513634,0.2441506221167238,0.03114886843700403,0.1532461583309041,-0.04428712225322395,-0.008726291777139236,-0.09957060296043346,-0.18282689469130148,0.3403725759657963,0.14059837958143043,-0.12759616318938352,0.14672283994317892,0.1632435208706395,0.023398899670086112,0.06100723219367287,-0.17758621487435047,-0.08260016565101311,-0.064628418865707,0.018480267632810007,-0.15547087919969277,0.07927881656695215,0.007041093481771448,-0.17234969946834353,-0.2627178796670322,-0.27447863888541857,0.20776292471207725,0.0924684314514823,0.3419036910562334,0.2155036392324528,0.29735930074913125,0.22116538726708218,0.22208340852408648,0.1317055113665283,0.22116677540406354,0.29289181323079627,0.2012497859955487,0.11833867766071156,-0.06340639560978543,0.013773095129027333,-0.11557998676642744,-0.15931416778874405
#52,0.3136421475404526,0.10057098701166498,0.17573490285354693,0.22791450927044146,0.08150446286039506,0.18532831753170736,0.3935197138586969,0.12488004182919438,0.1595644951577155,0.4407913306218391,1.0,0.2822054720359805,0.31869218987863057,0.4080280588755165,-0.05609045100570524,-0.003119143797109899,0.26721914518524686,-0.06133529523360032,-0.10133492506373862,0.07817987479004428,0.06792246792246792,0.06136537153486306,0.09830924915670679,0.02375102375102375,-0.07935794037488952,0.023419259012479352,-0.12071331732348682,-0.0011845435574249134,-0.08829291541155948,-0.01851312020803546,-0.12490826728114864,-0.17406728762660967,0.0535635789873078,-0.08164512740783927,-0.022416561399612248,-0.03552797790085926,0.017269812185066423,0.18625975744619813,0.12403883081849183,-0.13706834723783876,-0.14288788017601578,-0.0978395961446809,-0.05510718731057714,0.052841747757002,-0.05713016560474188,0.13746535441450697,-0.15681690935928225,0.04610650712345628,0.0031519963723353555,-0.0025314991416686334,0.14959859705622416,0.0264088433579959,-0.018911978234012132,-0.11407709712794459,0.02094328535006501,-0.17560904510057052,0.05246695077203552,-0.12505679793815386,-0.11277318683550963,-0.120492603543451,-0.10381645127407839,0.03287663626646677,0.16990380210719194,0.15411883377985072,-0.12142635701957735,0.06305010711790372,0.33205902358444733,0.40980394878699966,-0.026416246755229807,-0.0441672797605001,0.14434264773247824,-0.030804610465627415,0.247375727036744,0.14466700907378874,0.2082455336692625,0.011866720341296613,-0.0579371359032376,-0.17470860691199674,0.14366246061161314,0.1472817964343388,0.10375305968526308,0.21155577765747258,0.1738692467506027,0.21619261788753313,0.12386947810676624,-0.06810662742866133,-0.10596343647191105,-0.10187537306181374,0.008731381612737545,-0.14442038340343424,0.05121114951623426,-0.13867812342388613,-0.10655709638760487,-0.35564023191141836,-0.1363645617882906,0.13466039228751092,0.028855666143801736,0.016176422956083972,-0.040574318540420234,-0.009418972130836537,-0.05178259924022636,0.031183109149210846,-0.08260294192497582,0.07008009550382431,-0.08847476135611729,-0.13161250618877737,-0.18754147059231804,-0.04198420300115215,0.07998954270140711,-0.05737031330251669,-0.1699954191479615
#53,0.04402337622676606,0.0879301489470981,0.12999902830411306,0.09217831082237862,0.20793181471147573,0.5087184256675782,0.12485042824025874,0.271842566757821,0.42412119361271905,0.19111129619604195,0.2822054720359805,1.0,0.644866438086777,0.3980880726643439,-0.1851450834501682,-0.3605334147707029,0.2478041986516563,-0.10634147244316736,-0.3312673227927465,-0.37605324893460484,-0.20770277210955176,-0.47395669938042817,-0.07212898568830772,-0.06300105961122911,0.0518103619798535,-0.2667009073788735,-0.30970677919830464,-0.37948657440182865,0.3719563939902923,0.5011961113656029,0.2780905713109103,0.07343244631380225,0.3152977322468848,0.01641055539360624,0.32065779184423254,0.26475103763239355,0.3400972621311604,0.14815539730793967,0.20896690218724118,-0.15663876511334138,0.1470948606541827,0.26783362715566106,0.28024866160459383,-0.004302761929880574,0.158171731053087,0.12621357875595163,-0.0451505434556282,-0.17420980302336234,-0.009056668378702276,-0.08783992004330987,0.050221407848526495,-0.08620562010392518,-0.1747585798433256,-0.3580921445328225,-0.18126662872425583,-0.3081395725463522,-0.22328784871157753,-0.33348371483964706,-0.01740932196556992,-0.2116825608351032,-0.20006246616416107,0.027010832095577857,0.33698783529292003,0.031332565230870316,-0.379495828648371,-0.4138878477861529,0.3671589925827214,0.3236945728471152,-0.23140428564157378,-0.17917007917007918,-0.0530550581398039,-0.19260493158798245,0.07004631750394462,-0.11837708278386244,0.15696173831767052,-0.17555629589527894,-0.19211584465821754,-0.3202080354622728,0.35276863920931717,0.11940245330075838,0.3694484931773067,0.49703771568178345,0.17557063997741965,0.6239254662983477,0.4771036059171652,0.21248305316101926,-0.03366093366093366,0.222563241207309,0.30517960178977127,0.1716274055257106,0.21042629686697484,0.224152195338636,0.09598967226085871,-0.11736466821212584,-0.053832414849364005,-0.14989380752092615,-0.08449728619220144,0.16966966966966968,-0.16071988783853192,0.14132992777060574,-0.17133728489660693,0.4129156891868756,0.087545172290935,0.32713900341018987,0.056331061415807175,0.06704932976119417,-0.033348602840128264,-0.10873924772229857,0.005585400500654738,-0.2132710522541031,-0.21386748844375963
#54,-0.04058773719790669,0.1116802472734676,0.17802162717416956,0.24848669933415696,-0.1337854032769287,0.4989241938394481,0.28646381358245765,0.12137823493755698,0.44895403878454726,0.2901358986104749,0.31869218987863057,0.644866438086777,1.0,0.44163300434486874,-0.23234590522726115,-0.3796068796068796,0.20077828213421434,-0.11631384851723835,-0.2571861537963233,-0.2699533123261937,-0.16166011928723792,-0.35092796957203737,-0.03612071239189883,-0.13718587616892702,0.023379465752347107,-0.19753142973481957,-0.1709199183775455,-0.17346391075204634,0.34133733116783965,0.3744735490498202,0.11102736017990256,-0.0023714006764854224,0.3294673718402532,-0.021598486005265666,0.1274652156008088,-0.051178296941008804,0.3236894830115169,0.04512370614065529,0.11195972551904755,-0.23000643170134696,0.05661655492163967,0.13175733514716564,0.4027559146203214,0.26789701874447636,0.2958957416584535,0.1034291610562797,-0.04985956680871935,-0.003246852399394772,0.05369267572657403,0.017247601993364704,0.09801727767829463,-0.07738308416274518,-0.1736545482308194,-0.28905500261432465,-0.13832044679502306,-0.23699940310109802,-0.11696395933684069,-0.1755377874021942,0.08142187812873153,-0.13051726611048645,-0.24364534025550974,-0.024272963256014104,0.391756317180046,-0.11482391482391482,-0.27522777014302435,-0.16260544057154228,0.5295960058671924,0.5059365991569381,-0.23111509043712433,-0.20283041130498758,-0.00448090617582143,-0.07957680330561687,0.04107774955232582,-0.1281620603654502,0.006738479619835552,-0.12377092038108987,-0.22431830906407177,-0.26533174160292805,0.4397331075297177,0.11640500284568081,0.15362141802819768,0.488741746368865,0.431257605833877,0.24300402097012266,0.03839494347968924,0.03160464007921635,-0.22761559710712254,0.2068319475099136,0.16561584697177917,-0.1348824942045281,-0.06914310304140812,0.15471480725718015,-0.1973097905301295,-0.17953515919617616,-0.06007579227918211,-0.07579042833280121,-0.23559553390061866,0.09717930565388193,-0.1458385966860543,0.16984087323070374,-0.15828231929926845,0.3266337215489758,-0.06623449335313743,0.05104549850312562,-0.003919636123025954,-0.03033588287825576,-0.10625448252566896,-0.20260645853866194,-0.1518612603358366,-0.14150946015352794,-0.056331061415807175
#58,-0.008228413313159075,0.12957333296316348,-0.022605348029076842,0.034512787055159935,-0.0032445388377591766,0.25536445536445534,0.4020761902117834,-0.00587459570510418,0.46912968438392166,0.2680214883604714,0.4080280588755165,0.3980880726643439,0.44163300434486874,1.0,-0.05633985295002244,-0.10354021201478829,0.19861880370354948,-0.17447771346076432,-0.059149442200289656,-0.006047187403119606,-0.19690075283295622,-0.21162148280792348,0.02571014774404605,-0.1700458547916175,-0.13312094837518568,-0.22757672927164452,-0.2569779332491197,-0.059627886746530814,0.22378433903857634,0.23201599133802522,0.10236029558063456,-0.010709939523498845,0.11148035554815215,0.11410994970317004,0.06898393000087916,0.11901007324736139,0.1355261270515508,0.27426995562588785,0.04464757515604973,-0.127127898314339,-0.041288283661165014,0.18410490613880445,0.13937404276387327,0.10502320502320503,0.21341958291110832,0.058124071683393716,-0.05939190345970007,0.10403438878015149,0.03799330917974986,-0.01065117505795472,-0.12542511695054068,-0.14990861431539398,-0.23197203366694893,-0.2211510431849415,-0.11542081372589848,-0.18519459366916993,-0.04434912570505791,-0.02193256430544566,-0.014689729948330163,-0.0077980908489383065,-0.2221491136745374,0.039025620381552585,0.3493367018790748,0.27057704854315023,-0.26513323801459393,-0.014988177700042106,0.6612450663298121,0.598360610225017,-0.06722654858248078,0.044578168306981865,0.005784366801315954,-0.09990144227432363,-0.014025736059634364,-0.11166867946528963,0.12602201585252432,-0.03574175099598829,-0.10575984304797864,-0.18672570875960706,0.32492122322630795,0.1962779420406539,-0.0007505193945871912,0.37973736448312717,0.10504310165327115,0.16258600665380327,0.005258262885381529,-0.03554185927067283,-0.17423895389997085,0.07836125802227498,0.1854259498327295,-0.06634461888699177,-0.01087929223522444,0.029207790224739377,-0.17224281292077903,-0.30536792570690874,-0.10538689691232064,-0.07427319461217766,-0.1485070586765502,-0.06803166803166803,-0.17020872953076344,0.003977012451588722,-0.1919987784394564,0.16581620140942174,-0.10369938505531726,0.007088752851464716,-0.05415955246463721,-0.07750200123081478,-0.10130993859807419,-0.12937159038853954,-0.1006246616416108,-0.1743176149955811,-0.034658541438202455
#101,-0.21524637117857456,-0.06869982463202802,-0.29444143681431817,-0.34843071114257557,0.04626660558863949,-0.2503495791631385,-0.054401551011720506,-0.347002780901086,-0.07925568095059621,-0.12347894890267772,-0.05609045100570524,-0.1851450834501682,-0.23234590522726115,-0.05633985295002244,1.0,0.5302798946866744,-0.2550535126806313,-0.24839045517011618,0.2677235016218067,0.2643933610035305,0.5062965893474368,0.22192007107261344,0.06532757719198397,-0.03245417991180703,0.22574253760694438,0.05144620737841077,-0.2503694757932046,-0.1872282143468584,0.08627965407626424,-0.14288417847739882,-0.24355649948870287,-0.2289495967462069,-0.256687812620016,0.10096660605135181,0.1862662354187778,0.03543173373681848,0.1813596339020068,0.3203912695438119,0.23131451945011267,0.25295048515387497,0.3772215975605806,0.12126533312973992,0.22684564379479633,0.2621889994771351,0.01778296015584151,-0.023231397807668995,-0.2742065640370725,-0.21950841442366867,-0.21324884206240138,-0.23222051018661188,-0.3314838721618383,-0.24389936932309814,-0.0122248596824868,-0.09902275156512445,0.23489545014968743,0.23657231962316708,-0.20102259424293323,0.18290139137596764,-0.15778422773130257,0.043351517927789116,-0.16775404063539656,-0.20366560705543757,0.18506642235455795,0.18246366551451298,-0.2988756090451006,-0.11135866220611983,0.13773928011216147,0.038377360411258714,0.43088234613658344,0.22369781183340506,-0.03533456414812347,-0.05854143820245515,-0.07325615291716987,-0.39907781433205164,0.10101148914708237,-0.22405502574994102,-0.214319558387355,-0.10177635262381025,0.30458871814804017,0.062296811449353826,-0.024534395720836398,-0.045813147508062764,-0.05217174030733353,-0.11210547990209008,-0.11694221185746609,-0.2904223175409616,-0.23542340491493033,0.27329594617730213,0.2139877936488106,0.10650388446998617,0.15763822373991865,-0.06750972852667768,-0.06976174942276638,-0.19582170768611445,0.0578862375472545,-0.11807446892192655,-0.014105322579898851,-0.40748020748020747,-0.13167682320224694,-0.2587626146948181,-0.31524405761693897,-0.4688353993438739,-0.22023718633888126,-0.3484010975536399,-0.2673797063627572,-0.3615217683014293,-0.09956273685087244,-0.24789581569242586,0.04920899327678989,0.07042574161218229,0.07589037419545894
#102,-0.019396438040505837,0.016577131831369118,-0.16470476639968165,-0.24962635979585132,0.01804763160695364,-0.37367768384717537,-0.08312210515600346,-0.2881508627271339,-0.18206897189948038,-0.18056284327470767,-0.003119143797109899,-0.3605334147707029,-0.3796068796068796,-0.10354021201478829,0.5302798946866744,1.0,-0.31465733838615195,-0.03921440701101718,0.1917206883308578,0.5923226770684398,0.2214855841974486,0.5693503981639575,0.0026545806206823156,0.34280227839549876,0.019381168533710906,0.33639741436351606,-0.19540989371497847,-0.053230426111782046,-0.353766246986586,-0.2897213083653762,-0.34616388345201904,-0.4216711318406234,-0.31897629524748167,-0.15372460287714526,-0.21503491164508115,-0.11788568229246195,-0.2660933660933661,0.1658291573545811,-0.05258910682639496,0.31484890128957926,0.010730761578219205,-0.1104448053600596,-0.15318415487907014,0.28122267105317955,-0.183334027401824,-0.004500340093560432,-0.25351638232994167,-0.29597625360337226,-0.3013654640773285,-0.2740126875720096,-0.2449973856753518,-0.20110541974948754,-0.08362507345558193,0.08488041199905606,0.11784866530629243,0.3017842187333713,-0.16317365130924452,0.34328673820199246,-0.17085423299118566,-0.03772956315329197,0.021836782853732008,-0.16694475677526524,-0.046969465613533413,0.2207184071590851,-0.031039668327803922,0.18581231462587394,0.01024121193612719,-0.08261959956875212,0.5280403670234178,0.4794440048677337,0.22905972228006127,0.070614990953974,0.14508530101750441,-0.09100579778545881,0.0741723233248657,-0.13666671293789937,0.03973125668040922,0.08927247740807062,-0.05454221555916471,0.12808432469449418,-0.14619349704095466,-0.16126172397358837,-0.04575947287811694,-0.16964005608073404,-0.02782937020225156,-0.23338654525095204,-0.1288478000342407,0.043927594775052405,0.0795485778536626,0.03923522906573754,0.08794356760458455,-0.14267688335484946,-0.021011304062151518,-0.06436606097623047,-0.060234039895056844,-0.014295497346344804,0.38241276715852984,-0.3746521560080882,-0.004907989653752365,-0.22674384708283013,-0.2338987677970729,-0.44260701379345446,-0.23588195283110538,-0.29489813388118474,-0.2669442940629381,-0.2897703558720508,-0.21239051069559545,-0.09594062475418408,0.06293026462517988,0.15492117695507526,-0.00027068671136467747
#201,0.23937034106525631,0.1396794328997719,0.37716190767038227,0.3801593581254598,0.033232924758348485,0.36219501473738763,0.2339746526187204,-0.05054530647750987,0.2271450186704424,0.537710129235553,0.26721914518524686,0.2478041986516563,0.20077828213421434,0.19861880370354948,-0.2550535126806313,-0.31465733838615195,1.0,0.24088155952562731,-0.14356344017360967,-0.26223249443588426,-0.17645904764548834,-0.29597856716500787,0.33170366051721983,0.015521222300883318,0.33503472656015026,-0.011776954149835506,0.20058764465544127,0.008829939338413915,0.28733325004511445,0.3095827722946367,0.34003479596699937,0.18029724639894132,0.28719952618257705,0.26458584933161206,0.09525858678401052,0.19549965990643955,0.1426222833002494,-0.0035781544256120526,0.1841789401111435,-0.16913292337021152,0.1045017282305418,0.06621829842168825,-0.04199530809700301,-0.13839262991805365,-0.08112920316310147,0.0825538944183012,0.10348098483691703,0.1736712058745957,0.1824817112952706,0.04377304885779462,0.36433644738729487,0.320088655681876,0.2668050176524753,0.08109311160158618,0.12570783418241047,0.03338885881258763,-0.06871972126209415,-0.2272611594645493,0.0003780360149867938,0.06685036346053295,-0.3079077536704655,0.13843149775353164,0.04141784311275837,0.006083278964634897,-0.07022307361290413,0.016294877311826463,0.1755502806350264,0.1284887352683963,-0.006289648662530019,-0.033079766978072064,0.1900465951313409,0.1789456636914264,-0.02041533058482211,0.2635947195269229,0.014325110935280426,0.17651040871379856,-0.17679590221963104,-0.0775265249841521,0.45864230948976714,0.1349333925605112,-0.17290958138415766,0.14499090770277212,0.1480924684314515,0.15419749487546097,0.15506924489975338,-0.20151954728225915,-0.11142020294562667,0.0271038372733288,-0.0522388335947658,-0.16888768583683839,0.0957837652752907,-0.038957138957138954,-0.08378841090705498,-0.34962265809723436,-0.20918021257004307,0.4635146702943313,0.1417838485635096,0.5399186551728925,0.21017226779938644,0.32149668929329944,0.2443926206638071,0.5162976535857892,0.27095971163767774,0.32880939491108985,0.29721077009212604,0.13449844297301924,0.22385698487393402,-0.14697316731215038,-0.17719753651957043,-0.24872129448400634,-0.10906407177593619
