,#10,#11,#12,#13,#17,#18,#26,#49,#50,#51,#52,#53,#54,#58,#101,#102,#201,#202,#301,#302,#401,#402,#501,#502,#601,#602,#701,#702,#801,#802,#901,#902,#1001,#1002,#1101,#1102,#1201,#1202,#1301,#1302,#1401,#1402,#1501,#1502,#1601,#1602,#1701,#1702,#1801,#1802,#1901,#1902,#2001,#2002,#2101,#2102,#2201,#2202,#2301,#2302,#2401,#2402,#2501,#2502,#2601,#2602,#2701,#2702,#2801,#2802,#2901,#2902,#3001,#3002,#3101,#3102,#3201,#3202,#3301,#3302,#3401,#3402,#3455,#3501,#3502,#3601,#3602,#3701,#3702,#3801,#3802,#3901,#3902,#4001,#4002,#4101,#4102,#4201,#4202,#4301,#4302,#4401,#4402,#4501,#4502,#4601,#4602,#4701,#4702,#4801,#4802
#10,1.0,0.4208674005284175,0.5402647639935776,0.6356589254894339,0.2561325578274731,0.3130049926660096,0.14492844153861104,0.23980482794042116,0.13453638538384302,0.51090890582416,0.5131475080627623,-0.09662728984762883,0.3573291319054031,0.1458765390968781,-0.3701434870926396,-0.07355876677910576,0.5159311854227109,0.29297278788804215,-0.3112554773571723,-0.14756173739224587,-0.2328965328965329,0.07565392819630108,0.009523082404438337,0.15105567817432225,-0.0034259220699898664,0.12440576169389729,0.1549221023797295,0.15757066774015926,0.010311544209849295,0.06759671844417607,0.09936145698857564,-0.04777597319970201,0.22018952696918798,-0.24949402407029525,-0.12925221060814282,-0.13508516220380626,-0.2892479536547333,0.012465007380261618,-0.06543307560256713,-0.013036919816580833,0.06400421993642333,0.07277123039834904,0.12030474233864065,0.18590948421456896,-0.05530754174821972,0.2604566045244011,0.14568266263181517,0.10841118468237113,0.07669271737068348,0.07287487795962372,0.3154740256435172,0.2546537292300004,0.21468926553672316,0.2369480420327878,0.005880148253029609,0.1298648417292485,-0.20895903607768015,0.09543811916693272,-0.18762429609887238,-0.013844352827403674,-0.053741723233248655,0.08702971075852432,-0.1982685304719203,-0.20719147498808516,0.23697071493681662,0.0500955500955501,-0.01105975004280089,-0.002173822512805564,-0.1905898194033787,-0.10880356473576813,-0.029080544334781622,0.1352989352989353,-0.11895824946672404,0.29103633679904867,0.01940013973912279,0.21292170444712819,-0.08334744605931046,0.0848253492321289,-0.012167946066251151,0.17567984008661974,-0.10159496939157957,0.31135449779517577,0.27227751634531294,-0.1586436976267485,0.08499146295756466,-0.1874535552501654,-0.22670636738433347,0.11083996168741932,0.008390825339977882,0.1547235987913954,0.14579556443963224,0.0672705062535571,-0.027297713738391703,-0.20305575220829458,-0.24246033398575773,0.35529597394004175,0.2746493797341255,0.37571870792209777,0.31698200511759833,0.4021946445675259,0.2825779554593114,0.3185145083450168,0.11601863805253636,0.34598573920607817,0.18815595256273224,0.288341500205907,0.014223314223314224,0.035310040394786156,-0.013073474090423243,-0.26067269118116576,-0.31507424219288627
#11,0.4208674005284175,1.0,0.3672728198151927,0.2464535413687956,0.057524859219774474,0.1440802898430017,0.10906268363895483,0.12259840734417006,0.2905453990199753,0.4221102458390594,0.3259364140720073,0.1282060180365265,0.2197976096281181,0.1412364598805277,-0.12271269728896847,-0.06260960498248634,0.4548596362155684,0.23464604820537024,-0.019209964972676838,-0.10432728568321789,-0.0963991726703591,-0.04692735879176557,0.13140845005251786,0.21914703609618863,0.13337497744277405,0.08858766316393435,0.036065649624971656,0.12065085115932574,-0.03731358477121189,0.013444106664445647,0.004032537930843016,-0.08746882475696036,0.16102065085115932,-0.034202769795990136,-0.1376041681126427,-0.12712651017735763,-0.061162703535584895,0.018459908290416764,0.1345123243428328,-0.03799238375509562,-0.17094768111717265,0.01878426963172726,0.057769171328493366,0.1370766760597269,0.06709513828157895,0.07226456040015362,-0.040195819856836804,0.042367328808006775,-0.19860353419675453,0.14953474275508175,0.3075903330140618,0.19955116904269446,0.3338455558794542,0.14746734407751358,0.13791372265948537,0.1878237251118607,-0.31087744138591594,0.041199905606685266,-0.007616707616707617,0.05488462268123285,-0.18626947440506764,0.24218178116483202,-0.10531610192627142,0.07867543969238884,0.07818912903658666,0.03636086008967365,-0.013552381348991518,0.05777426116409167,-0.1571644063169487,-0.01900498341176307,-0.05011452130096198,0.19305838966855915,-0.2413535260992888,0.08200326674902945,-0.23018781493357765,0.2706061994197587,-0.16850918715325494,0.10930607032301948,0.0739469824215587,0.0887412836565379,0.0020997885404665066,0.06336937862361591,0.15270987474377304,-0.04178801297445365,-0.11420017860695827,-0.1643743897981186,-0.0255805882924527,-0.03900479832683223,0.013718032362100159,0.017221227390718918,0.1296755923874568,0.02569349010026976,0.04974064974064974,-0.06970992564212904,-0.1707334453097165,0.294063863555389,0.27198045503130247,0.39045239384222435,0.3832202001693527,0.26230467755891484,0.2676480795124863,0.17588620978451486,0.07473220524067982,0.3465206346562279,0.1991398177838856,0.3367421350472198,0.13205208289954054,-0.057648403411115275,0.12072164614537496,-0.19879000726458354,-0.14553366926248282
#12,0.5402647639935776,0.3672728198151927,1.0,0.6462499479448632,0.10502922028345757,0.2040542854102176,0.22811717726971964,0.1665875428587293,-0.039123252682574716,0.3830281745535983,0.28711484982671426,-0.15185848406187388,0.21432649907226178,-0.0953067088660309,-0.24257045951961206,-0.19456174201936913,0.6785037734190277,0.8213671298417061,-0.1743227048311794,-0.20848521865471017,-0.0328021395818006,0.1532193210159312,0.2427046460944766,0.2197490248337706,0.2698279172855444,0.045038567072465376,0.2991393550715585,0.2480179717467853,0.1424917984240018,-0.24685471295640787,0.43652095855485684,0.2190128495213241,0.5110430923990246,-0.1108274684545871,-0.1999296677262779,-0.33148340944951116,-0.3345511921783108,-0.34169038067343155,0.02336743523184201,-0.13760092912635286,-0.1828611354035083,-0.136529287376745,0.003886320835473378,-0.01525099830184576,-0.23974560076254992,-0.014337141455785523,0.13588657995437656,0.09494024070295257,0.07201886015445337,0.05261872041533058,0.30736591753540904,0.40981181489656066,0.3481220820203871,0.5156549461634208,0.29158372548203054,0.4170801001309476,-0.18399801959123993,-0.07745249101181305,-0.2000124932328322,-0.14657430928617368,-0.07035124492751611,-0.01692879319997964,-0.4116770082871778,-0.15369175030191978,0.42557457303220014,0.32417255468102923,-0.32529324393731174,-0.043325143325143325,-0.18969956088600157,-0.0722178264551146,0.20063761758677012,0.1527811324421494,-0.1096142367328808,0.20300670470161997,-0.1151598439734033,0.12771831924374297,-0.055631903089530206,0.1119680543409357,0.00817473868321326,0.040092172295562126,-0.04173017393356376,0.09412309073326022,0.22105988885649902,-0.15644720220991407,-0.1870028734435514,-0.203915934424409,-0.2726726726726727,0.12251373098830726,0.09628950984883189,-0.08481007972533396,-0.06589995234063031,-0.14921269497540685,-0.16498563278224296,-0.21022594242933226,-0.34696992832586054,0.6418352096318198,0.3200229505314251,0.6700426158053276,0.7225502852621497,0.4717426208951633,0.4920098835353073,0.7008800788461805,0.24986697020595325,0.6564559937441293,0.6140002868816428,0.5492256509205662,0.3286025625008676,0.018545510070933798,0.01971709768319938,-0.1757830249355673,-0.3182623301267369
#13,0.6356589254894339,0.2464535413687956,0.6462499479448632,1.0,0.2245343957208364,0.331661553695452,0.14223591850710496,0.31198610012169337,0.18714029900470577,0.5214541197592045,0.3607420980302336,-0.04287446151852931,0.2849155781359171,0.21285970099529422,-0.16339806678789728,-0.11341588121249138,0.5686938093717755,0.41003900664917614,-0.11087790409824308,-0.16546315190382987,0.007083663015866406,0.06760643540304558,0.11574702591651745,0.055684189582494666,0.08480915430067973,-0.010947773659638066,0.2906397923347076,0.14258202732779005,0.21850941850941852,0.04782872240499359,0.15798479527293086,0.11513994734333717,0.3571371062896487,-0.13017624712539966,-0.12198207452444741,-0.08517284618979534,-0.17390904001073493,-0.0755382501145213,0.08623615911751505,-0.006158701073955311,0.03649458395221107,0.032192747446984735,0.05411189309494394,0.08225498225498226,-0.2044799807511672,0.13277669040380904,0.2027827519352943,0.04664186528593308,0.09235367879435676,-0.0324389104050121,0.30956657736318755,0.1969419342300698,0.28538800742190573,0.3253820847041186,0.2076671432603636,0.22046993063942216,-0.1831327475395272,0.029756104332375518,-0.24629205476663105,-0.1335406284558827,-0.10250234826506013,0.030597778055405173,-0.28333310197716977,-0.23277298870519209,0.40226775311521074,0.22911802403327827,-0.12024829143473212,-0.077681533613737,-0.03655751282869927,-0.023500696382052315,0.16683000411813972,0.248502431553279,-0.04437411217072234,0.2091691074741922,-0.0259632513869802,0.10183974421262557,-0.08587894520097909,0.05101495948953576,0.035751005242530665,0.10732288528898698,-0.024297949721678536,0.3117871338210321,0.196732788258212,-0.18149659675083404,0.00681760342777292,-0.22264005145361077,-0.2714885918275749,0.1866488985133053,0.27724936030020775,-0.0055622648842987826,8.652720517127296e-05,-0.1402365385416233,-0.2285201997066404,-0.3349084060948468,-0.45238643882711677,0.37449807280315756,0.21156225563005224,0.4086041357227798,0.346400792163504,0.4583558905592804,0.30785500446517394,0.38599416057043173,0.16783594071729666,0.4296293211547449,0.3614602275619225,0.4398552635840771,0.15172707376097205,0.03959845824252604,-0.00802898430017074,-0.25949555102097477,-0.3488610336067963
#17,0.2561325578274731,0.057524859219774474,0.10502922028345757,0.2245343957208364,1.0,0.6192724311368379,0.07325800376647834,0.13252913930880034,0.20191146462332904,0.09604473502778588,0.18650592040422548,0.3347233211639991,0.3339515170023645,0.1621126519431604,-0.12620386179708212,-0.08065122132918744,0.000537209011785283,-0.03064219843880861,-0.18789174382394722,-0.2274189443680969,-0.15190429258225868,-0.16864059745415677,-0.02277284989149396,-0.13682079614283005,-0.08744800270223999,-0.1353303997371794,-0.054928580352309166,-0.1258952326748937,0.13521518436772675,0.3199378114632352,-0.1326883123493293,0.05855531957226873,-0.18111994891655908,-0.11051328678447322,0.303247777824049,0.20710263422127828,0.17963094064788981,0.20022904260192395,-0.019832775764979153,0.0746276322547509,0.23936849021594783,0.26311627498068174,0.15350388909710944,0.04841035180018231,-0.01132858590485709,-0.006623264250382894,-0.05402536588977267,0.07146406807423757,0.03435407672695808,0.1100524253066626,0.10190313580144089,0.0655339468898791,-0.04828032963626184,-0.06530814327424497,-0.08776449793398947,0.010768703989042972,-0.1377230851807123,-0.040252733473072455,-0.0417843112758367,-0.022849197425468613,-0.06587727943660147,0.07465863398066788,0.16611603899739494,-0.06781280510094069,-0.20764585849331613,-0.2026444009494857,0.13377846259202192,-0.22701731006815754,-0.06215984860052657,-0.04357269442015205,-0.022723802384819334,0.10498942702332532,0.09527848341407663,0.20369707149368166,0.019109093685364873,0.0029974504550775737,-0.0960526011373469,-0.16072358953714885,0.06860034148169741,0.17729609424524678,0.11166821675296251,0.4808890554653267,0.15917165239199138,0.19669484584738822,0.3977937876242961,0.076690866521375,-0.10606847217016709,0.0823725111860705,0.019252071794444676,0.20768380090413988,0.19571667198785841,-0.014134473456507354,0.010015871032820185,-0.2795481151413355,-0.1878306657967675,-0.005576146254112356,-0.0712179051162102,-0.06177394651970923,-0.05710517913907744,-0.07559747729239255,0.055774418486282895,-0.09083459422442473,0.27141316971825447,-0.15628201390913254,-0.18744198744198745,-0.20486542011965742,-0.1444675800608004,-0.08686637330705127,-0.039658148132724405,-0.2557138031714303,-0.13889652364228636
#18,0.3130049926660096,0.1440802898430017,0.2040542854102176,0.331661553695452,0.6192724311368379,1.0,-0.03460070239731257,0.07260511667291328,0.2603946010725672,0.17991874771535787,0.15921699820004906,0.24929459505730692,0.35302960896181235,0.08781030645437425,-0.07821550363923245,-0.09811676082862524,0.18575355016032982,0.18379488887963463,-0.07096711503491164,-0.16190350597130257,-0.059788910636368264,-0.11948065168404151,0.10536607485760029,-0.117136088322529,0.05494847698237529,-0.08530333106604293,-0.00044744282032417625,-0.04074737295076278,0.09711452592808525,0.22174979293623362,-0.0660984559289644,0.1739136671340061,-0.06795670863467473,-0.12482544177459431,0.20320058116668285,0.033375440155101174,0.14717305903746583,0.20133492506373862,0.005942614417190688,0.08423909271366899,0.02829578422798762,0.11855707787911178,0.004937140530360869,0.0014223776935641341,-0.02459547374801612,-0.03644322288390085,0.006930042523262862,0.11103476357713646,-0.08420253843982657,0.06040709430539939,0.24082418319706456,0.1673065978150724,0.12125237718458057,0.05994530740293452,-0.02752305464169871,0.1105248545926512,-0.2513138716528547,-0.021561469019096138,-0.07020410240749224,-0.0010827468454587099,-0.021914055812360896,0.243762869186598,0.01525562542511695,-0.11719855448669007,-0.017294335938403734,-0.13361975226382006,0.05595904070480342,-0.29822688636247957,0.006624652387364252,0.039178778161829006,0.0793038030326166,0.22838601313177584,0.004983874475399899,0.20738442602849383,-0.18460648630140156,0.05302128013992421,-0.20440594677882815,-0.026404678947051827,0.10531378836463583,0.21205596968308832,-0.00960405706168418,0.44373094203602675,0.17456609151524405,-0.04363886228293008,0.10345970006986956,0.0071581597005325815,-0.04897809982555745,0.16400930977202163,-0.019614375546578935,0.09062452282791265,-0.023397048820777634,-0.07653076805619179,-0.1688497434260146,-0.2640037572240962,-0.17830804610465628,0.1382681603020586,0.0717097683199378,0.0872740228672432,0.13125668040922278,0.09798812680168613,0.1579977512180902,0.015138096494028697,0.24485070586765503,0.08943488943488943,0.030371511727443932,0.08384023468769232,0.025696266374232477,-0.09645053373866933,0.07171161916924629,-0.23804328211107872,-0.15690852640005182
#26,0.14492844153861104,0.10906268363895483,0.22811717726971964,0.14223591850710496,0.07325800376647834,-0.03460070239731257,1.0,0.19144537449622195,0.1508997441200831,0.21675388794032863,0.0433802060920705,0.13102486153333612,0.22423687169449882,0.015035374357408256,0.11140076902788767,-0.09028535469213435,0.13544931680524902,0.1620275128749705,0.13253237829509015,0.01678396424159136,0.13794750065936506,0.060043402416283774,0.055761925253450674,-0.1537574554523707,-0.05149849387137523,-0.24349588417385026,0.1065603353738947,0.04445647496494954,-0.08057903820615685,-0.25058093532669806,-0.022904260192395786,0.07263056585090484,-0.009134866761985405,-0.06896634693244863,-0.16063937589361318,-0.1704067704067704,-0.09502028993554418,-0.15524276202242304,-0.04370456743338099,-0.19998611863018642,-0.2172184511167562,-0.09546958360517682,0.16949707797165425,0.013373774390723544,-0.003926114095605621,0.012404854777736134,-0.04795550558262423,0.024830068897865508,0.03869061665671835,0.01713562561020188,0.05182378063733996,0.14403216776098132,-0.05143047515928872,0.17172179884044292,0.023428975971348853,0.06300661215915453,-0.04292397173753106,-0.14159737549568058,0.007854541752846838,-0.1826265402536589,0.03682681140308259,-0.009608221472628253,-0.15105614088664937,0.001789308568969586,0.11760898032084473,0.1517590009115433,-0.03795397863194473,0.269872800381275,0.020108089599615023,-0.03173096054451987,0.12072349699468343,0.01813508423677915,0.004053822697890495,0.03893724232707284,-0.10874618840720536,-0.023069911205504424,-0.09337072048936455,0.024825441774594316,0.11046701555176132,-0.10660336762031677,-0.17299888486329165,-0.018313228482720007,-0.014609216304131558,0.01642119777712998,0.015920080326859987,0.04686396720295025,0.07412836565378939,-0.12204777967489831,0.02984910951012646,-0.0788679280204704,0.1753786143616652,-0.018773627248203518,-0.017423432677669964,-0.07611571509876594,-0.08038099733014988,0.13193177769448955,-0.15918275748784225,0.11626989084616203,0.054483451093620586,-0.017884756867807716,-0.015432844246403569,0.16304316643299693,0.1814447729701967,0.0075001041102736015,0.04700972158599277,-0.06414442177154042,-0.11711063914453745,-0.08487347131414928,-0.0752476667730905,-0.012706080502690672,-0.12453023130989233
#49,0.23980482794042116,0.12259840734417006,0.1665875428587293,0.31198610012169337,0.13252913930880034,0.07260511667291328,0.19144537449622195,1.0,0.4011789910094995,0.2955264972214125,0.2818376157359208,0.20930329404905676,0.3280574873795213,0.38785426412545054,-0.011972218751879768,-0.23948694457169034,0.35157576683000413,0.15563329122651157,0.10528001036475612,-0.1886297699857022,0.08221195000856017,-0.3283314130771758,0.10487374894154555,-0.2257911224012919,0.0475020475020475,-0.3082122183817099,0.14754924415941365,-0.1722057959346095,0.2209724362266735,-0.16390334864911135,-0.064531249277012,0.02617008379720244,0.17803412040700176,0.07716098224572801,-0.07893455859557555,-0.07370405844982116,-0.0701425616679854,-0.08994942554264589,0.04460222934799206,-0.20062142265532096,0.025851737716144498,-0.0497591582337345,0.08485635095804588,-0.07001300221639205,0.053322505864878744,0.0630639884877173,-0.04108191396326989,-0.17419962335216574,0.06914819287700644,-0.11830397423617763,0.0816844579556444,-0.0435884266392741,0.009680404595658833,0.06128254602830874,-0.07226039598920955,0.004816835325309902,-0.0951831646746901,-0.2713988256361138,-0.1879477320155286,-0.2322621542960526,-0.028448942008264044,-0.08223786189887884,0.0515632735971719,-0.05306338696169205,0.10323112018027272,0.020092357380492972,0.16420040996312182,0.024564009309772022,0.09856559178593077,0.014443565291022918,0.17919182664945377,-0.033588750537903084,0.03314547212852298,-0.07849359374783103,0.07568863162083501,0.0004233817793139827,0.06728994017129611,-0.07386739590129421,0.1508058135176779,-0.2693309642462185,-0.025483881416084805,0.011050958508585628,0.1992999162490688,0.20115724353012487,0.0675393421156133,-0.03300758385504148,-0.11494607087827427,0.11429225836005497,0.05729813017948611,0.026851196342721765,0.0434213874891841,0.09286960303909457,-0.016014936353919405,-0.059590869760361286,-0.12267290402883624,0.23690593521101996,-0.12020803546227275,0.25943030858285093,-0.05321145490637016,0.26319308522698354,0.21384296469042233,0.17063488758404013,-0.07749598597056225,0.3024361804022821,0.17311595108205277,0.2621820587922283,0.07204662289408052,0.14339316203722982,0.040900068018712085,-0.09171374764595104,-0.1402300605690436
#50,0.13453638538384302,0.2905453990199753,-0.039123252682574716,0.18714029900470577,0.20191146462332904,0.2603946010725672,0.1508997441200831,0.4011789910094995,1.0,0.31258947699625667,0.17588806063382334,0.4536649129869469,0.37702355668457366,0.48408824849502813,0.17168570727892762,-0.09128758959267434,0.05724306741255894,-0.07600373871560312,0.11285368573504166,-0.1877117487286979,0.11867136782391019,-0.2544223730664409,0.09871227159362753,-0.21392625290930375,0.07685698024681076,-0.2020993258281394,-0.25392588273944205,-0.4113369147267452,0.27138910867724425,0.08918039765497393,-0.20437725861454675,-0.04721747942086925,-0.015207040630769445,-0.046553949943780454,0.021739613265036994,0.1001258577529764,0.34149696692069575,0.31999472507947085,0.2920034055627276,-0.037367722113484825,-0.05779693406812051,0.0014288556661438017,0.189880018693578,0.16660096151621576,0.2422132456030761,0.25709962659115204,-0.35103809510589173,-0.329109232499063,-0.34485857197721603,-0.1443731867460681,0.01585668873804467,-0.16768139480003888,-0.06110347635771365,-0.17583438600387752,-0.00796235372506559,-0.1222240730715307,-0.19684985447697312,-0.10233623453962437,-0.13652975008907212,-0.10021192224582055,-0.022267105317952774,0.0705640925979909,0.018316004756682724,-0.213799007019346,-0.212866641680201,-0.20989417769078786,0.28265661655492164,-0.00974379618447415,0.3197490248337706,0.1593076898161644,0.14839184330709754,0.1371035133746998,0.10180966791136283,-0.10564138869223615,-0.0271644525881814,-0.06790210858007469,-0.026178875331417703,-0.2305181915351407,0.18959267433843704,-0.04637997010878367,-0.07840336484404281,0.056399080127893686,0.09695396475057493,0.13362623023639972,0.08699639547097174,0.12589199368860385,0.10559465474719712,-0.1801130868927479,-0.03923985618900873,0.09192659531642583,0.2510686341194816,0.11285553658435014,0.039283813860085046,-0.14679039594293833,-0.18720554144282958,0.08161227483261381,-0.09807048959591333,0.046314264958332754,-0.19269192150548084,-0.010960266892470281,0.02204176441464577,-0.18726569404535506,0.08075162990417227,0.057450362535108296,-0.1980237556508743,0.0438257980630862,-0.18088118935576564,0.00895625980371743,-0.12013029979131674,-0.06970576123118497,-0.04826552284179403
#51,0.51090890582416,0.4221102458390594,0.3830281745535983,0.5214541197592045,0.09604473502778588,0.17991874771535787,0.21675388794032863,0.2955264972214125,0.31258947699625667,1.0,0.5027138077985536,0.08016814965967509,0.24914051185237626,0.09788124025412161,0.12261460227561922,-0.06935595071188291,0.5760666675920914,0.23915517983314594,-0.010826543029932861,-0.15653650568904806,0.033146860265504334,-0.008487069504018657,0.13591017828305965,-0.00019526460204426305,0.16067222846883863,-0.10619340449848924,0.19595635697330613,-0.007942457094999468,0.10956472651387905,-0.09321709999676102,0.11746322593780222,-0.052930588523808865,0.28936316902418596,-0.07144972399209687,-0.26564823683467753,-0.2151982490965542,-0.12099418370604811,-0.13923476635341042,0.08099131488961997,-0.10755239060323805,0.03133904320344998,-0.21512791682283208,0.08697511070392426,-0.02165956403244539,-0.12610484135907865,0.06927405062998283,0.10459704696992833,0.014190924360415885,-0.039765497392616034,0.06031501455230269,0.3609248693994457,0.14783473766524613,0.2814591170523374,0.12948310405937524,0.09847860186843238,0.20870408158543752,-0.2286414303363456,0.011537731876714927,-0.07492238000712577,-0.113612533951517,-0.07658351726148337,0.13478625004048733,-0.2800931902626818,-0.23581902395461718,0.20369244437041048,0.11554111893094944,-0.2101856864568729,-0.04709532336650981,-0.020113179435213333,-0.07958698297681349,0.04506586709976541,0.14861301979946048,-0.20298264366060975,0.12330358093069957,-0.24013057741871302,0.12532517108788296,-0.16594252187472527,0.10267077555213149,0.08530564462767852,-0.0032648981801524173,0.03179388942100807,0.1712544593900526,0.07646228663177816,-0.021958013483437212,-0.058565036531138225,-0.18037405664524309,-0.06118583915194085,0.20305991661923864,0.1948393694156406,-0.06390103508747577,-0.05762526779475932,-0.03507498253260965,-0.19122558614084037,-0.10726041912482591,-0.214692504523013,0.2756372705525248,0.09817274902020665,0.3267910437401963,0.12801260428379072,0.25495449224262784,0.11205967138170528,0.3099797794713049,-0.049484769823752876,0.3550072414479194,0.1857165331741603,0.3347594127255144,0.08376388715371766,-0.07336535302636997,0.006535811620557383,-0.13501482993008418,-0.09390330237787865
#52,0.5131475080627623,0.3259364140720073,0.28711484982671426,0.3607420980302336,0.18650592040422548,0.15921699820004906,0.0433802060920705,0.2818376157359208,0.17588806063382334,0.5027138077985536,1.0,-0.10082223980529065,0.33009110805720976,0.19925225687937553,-0.22014510658578454,0.023320238574475863,0.3987391089086004,0.13975901942003638,-0.21816701138735037,-0.028418402994674182,-0.1861741556656811,0.07031376522901947,-0.19560238204306002,-0.0020400986502681416,-0.10084676355862797,-0.05958439178778162,0.03919358495629682,0.006570052332764197,0.05981759880064965,0.03862583693092168,0.06583841160112347,-0.1479860445962141,0.17591027082552507,-0.11191437971098989,-0.24033231999333693,-0.254609308846597,-0.1651415668364821,0.06724413165091131,0.16785444921038142,-0.06954057293040344,0.041329927770605734,-0.0633740057468871,-0.07091714210358278,-0.05662580916818205,-0.20927414317244825,0.1582911108334837,0.06280070517358653,-0.0881892678502848,-0.009157539666014243,-0.013575054253020354,0.23698552173128445,0.11640361470869945,0.2067079406062457,0.02728475779323237,-0.13273319544505985,-0.023656167723964335,-0.3571907809195945,-0.09511329511329511,-0.09880296320974287,-0.1295067023880583,-0.014883604714113189,0.1986002952104647,-0.09811398455466253,-0.10728077846721915,0.15184691625369592,0.041746368865012935,0.08143320516201873,0.18588496046123165,0.023665884682833836,0.21368379164989335,0.07846999541914797,0.33456877524674133,-0.14297718365514975,0.1298236603321349,-0.11209483751856633,0.10609345863583151,-0.07201978557910761,-0.012467320941897213,0.06095911011165248,0.055732311664515054,-0.051220403762776645,0.1691134894524725,0.3824881892678503,-0.20293637242789786,-0.11811056048344185,-0.1724047622352707,-0.17623879657777963,0.03496115530013835,0.015317166164623792,-0.020165928640504913,-0.03306310933429577,-0.03490748067019254,-0.22123201784218732,-0.11499187939865906,-0.2458742255352425,0.10699806123534937,0.15392773358875053,0.16136537153486305,0.07431391329696414,0.22267336674116336,0.08798058459075409,0.15943817469241198,0.1341389154948477,0.18273712849984036,0.011912991574008523,0.03912186454559336,-0.15247296603228808,-0.015006223480799752,-0.15361632819259938,-0.14244321362965431,-0.11128416552145366
#53,-0.09662728984762883,0.1282060180365265,-0.15185848406187388,-0.04287446151852931,0.3347233211639991,0.24929459505730692,0.13102486153333612,0.20930329404905676,0.4536649129869469,0.08016814965967509,-0.10082223980529065,1.0,0.3534603941383602,0.488702878533387,0.15869737225669428,-0.21867460681020004,-0.013257633596616648,-0.1800062003451834,0.08296941008805415,-0.2940041736651906,-0.037974337974337975,-0.4236839304635915,0.13342633851108426,-0.31842983198915403,0.15753827787726093,-0.2396359379410227,-0.2107090140988446,-0.3640130114706386,0.39333647977715774,0.15485547180462433,-0.025850812291490256,0.03520778097049283,-0.11371988321140863,0.01766543122475326,0.26827135301711574,0.22044494417375773,0.4368198707181758,0.14036100815761832,0.09366500552941232,-0.23013090131734198,0.12562500867585613,0.09614699445207919,0.27967258475733053,0.19236015676693644,0.4050833576257305,0.07054049426930784,-0.19690630538088166,-0.12741986979275116,-0.16270214744791017,-0.1089386767352869,0.09829860677318304,-0.09491201525099831,0.016076014381099128,-0.18324287307338155,-0.04928534081076454,-0.05109130702351041,-0.18271260474650305,-0.2834871851821004,0.006400699621038604,-0.1509214915994577,-0.0024449719364973603,-0.0026841942096179384,0.22787101431169227,0.11785838226516193,-0.3725625471388183,-0.3641851404563269,0.31288607559794,-0.042243321904338854,0.20761208049343644,0.17404739099654354,0.21842289130424725,0.16255222865392358,0.22822637737891976,0.06451181535927299,-0.04347274855749432,-0.17888273481493822,-0.037664320715168176,-0.2662363442024459,0.15671002281171773,-0.11890041042583416,0.11062850215392589,0.18450654043874382,-0.22293387378133142,0.6562611918544122,0.4683458497017819,0.3418907351110741,0.26143292753462244,-0.17063118588542317,0.023867164545130645,0.2773307976697807,0.32274277359023124,0.2779406525169237,0.2599300378961396,0.006920325564393361,-0.04591216794606625,0.02059532568007144,-0.24240064409555934,-0.004481831600475669,-0.2573777166997506,0.005492858035230917,-0.01657065385878945,-0.12311340616425362,-0.048956352346182855,-0.053593192576243426,-0.17476413239125105,-0.03208724903640158,-0.11211889855957653,0.04465868025190059,-0.03808816520680927,0.037973412549683734,0.07996224267410708
#54,0.3573291319054031,0.2197976096281181,0.21432649907226178,0.2849155781359171,0.3339515170023645,0.35302960896181235,0.22423687169449882,0.3280574873795213,0.37702355668457366,0.24914051185237626,0.33009110805720976,0.3534603941383602,1.0,0.40021932564305446,-0.23379650837277957,-0.21447364159228566,0.2767426903020123,-0.012807414502329757,-0.181088484478315,-0.20257221782645513,-0.14128597009952942,-0.19644174220445407,-0.020092820092820093,-0.1760634286058015,-0.09947528422104693,-0.16168510575290237,-0.09700393768190378,-0.18063317554842978,0.29969368443944716,0.006669998195421924,0.04275323088882411,-0.025856827551742807,0.11754975314297349,-0.049319118810644234,0.055841049061388044,-0.05316657181063961,0.15038937242327072,0.2146878773997418,0.16601655584706432,-0.22647084680982987,-0.006323889374736833,0.21174086258832023,0.38889490414914146,0.3703433788179551,0.27414687414687416,0.3687160195634772,-0.2101662525391339,-0.1198411045868673,-0.08673033588287826,-0.08540697862731761,0.06077078619451501,0.0943016976915282,-0.0069453120300577926,-0.047919414021108934,-0.21448243312650092,-0.09454554708791997,-0.08297264907434398,-0.18235215184367726,-0.13157363835329938,-0.07473775778860525,0.1601849923883822,0.15276354937371886,0.028311979159436788,0.09417676536320604,-0.14620691569844113,-0.25320127523517355,0.4426930782862986,0.25400269298574385,-0.000607078573180268,0.06622338825728656,0.12840081992624366,0.09978622690487098,0.08530980903862259,0.03948046659911067,0.04655903977937876,0.054737480161208975,0.08454031843862353,-0.10230569552603451,0.44561464391972866,0.01384111384111384,-0.07474423576118491,0.24897300998995914,0.32085259373394964,0.04751315259789836,0.19745647033782626,0.1485750773886367,0.025127592924203093,-0.009573980760421439,-0.04342462647547393,0.3362821989940634,0.3568654941536297,0.26705950943239076,0.05261039159344244,-0.12655320960405705,-0.18626716084343203,0.15639399029229537,-0.10728633101514458,0.07445226428277275,-0.16588699639547097,0.19296769805244382,0.09587630774071453,0.03835329937024852,0.19208761920626327,0.12840637247416908,-0.11060999366084112,0.03714608290879477,-0.180381460042477,0.19228288380830755,-0.13741399334619672,-0.02694188795883711,-0.06013224318309064
#58,0.1458765390968781,0.1412364598805277,-0.0953067088660309,0.21285970099529422,0.1621126519431604,0.08781030645437425,0.015035374357408256,0.38785426412545054,0.48408824849502813,0.09788124025412161,0.19925225687937553,0.488702878533387,0.40021932564305446,1.0,-0.12210515600346109,-0.2800570987011665,0.02777754642161422,-0.23719698126477787,-0.03808538893284656,-0.20822008449127094,-0.06165364131465827,-0.40350550859025436,-0.05591462032139998,-0.34538143690686063,-0.10494870833853885,-0.18454540827422183,-0.24530694022219446,-0.3320474557762693,0.2509238051610933,0.1916494306324815,-0.15205050967762831,-0.07837699024139702,0.08761596727698423,0.10845976947671863,0.2301915166321946,0.26824359027748856,0.39333000180457806,0.3529606648250716,0.2535080535080535,-0.05731663867257088,0.14356112661197407,0.17484742061013248,0.1753614940055618,0.18697881240254122,0.33754309008546296,0.1767005834802445,-0.23287339728017695,-0.2665875428587293,-0.05318322945441589,-0.19670687636789333,-0.015635974958008857,-0.17757233350453688,-0.013538499979177946,-0.1621607740251808,-0.1697335239708121,-0.16230190128495214,-0.005049579625850812,-0.08679187662238509,-0.1527987155105799,-0.06813392745596135,0.05074982532609651,0.01827065894862505,0.39036031408912764,0.09376541410439715,-0.2410768241276716,-0.2396729549271922,0.6467344077513569,0.11816978766131309,0.3332139535529366,0.30861847980492046,0.19187893594673255,0.2691838217261946,0.13289329391024307,-0.01628238407899425,0.2776459047645488,-0.012570968503171893,0.12750454614861395,-0.15328919057732618,0.20458316560011475,-0.1035864832475002,0.08670766297884942,0.19437897065015708,0.1304700694531203,0.26824127671585296,0.2987770513194242,0.11286617896787389,0.05804957499872754,-0.057808964588625604,0.05572444555495403,0.27069596561121984,0.37905578922528077,0.3890489873540721,0.2732584664788055,-0.18928774691486555,-0.14585062720655942,-0.04585201534354077,-0.19207234969946835,-0.08363756668841414,-0.2798049204828866,0.25631532919668515,0.10279755872976212,-0.19742731946121778,0.06716454513064682,0.033567003058528486,-0.13309873818348394,0.045712738933077916,-0.1768264412332209,0.25674889064719575,-0.09131350148299301,-0.08889444143681431,0.013032755405636762
#101,-0.3701434870926396,-0.12271269728896847,-0.24257045951961206,-0.16339806678789728,-0.12620386179708212,-0.07821550363923245,0.11140076902788767,-0.011972218751879768,0.17168570727892762,0.12261460227561922,-0.22014510658578454,0.15869737225669428,-0.23379650837277957,-0.12210515600346109,1.0,0.22997172827681303,-0.06071618613991495,-0.10919872106312785,0.5323583984600934,0.08902955343633309,0.6766899410967208,0.056301447826871555,0.1499261973838245,-0.12024597787309652,0.1413239125103532,-0.28920816039460107,-0.09802468107552853,-0.4327364344313497,0.10964153676018083,-0.2136416848281255,-0.04263477653308162,-0.07707954487615505,-0.19091232989538073,-0.12116677540406354,-0.14017684865142493,-0.09658749658749659,0.2718684786481397,-0.08336687997704947,0.19393522952844985,-0.08961118283152182,0.013550993212010162,-0.09361827158437327,-0.09767394513157225,-0.0709999676101371,-0.17974337974337976,-0.19070827375912122,-0.052690440826034045,-0.283874012687572,-0.23763239356459695,-0.16848281255060915,-0.1563990801278937,-0.21548975786263921,-0.23353276234632167,-0.16063474877034198,0.14018240119935035,-0.18977637113230333,-0.009193631227529532,-0.0907637992383755,-0.10002868816428138,-0.2927909419434843,-0.21107825853588566,-0.1846874609586474,-0.08788110144042348,-0.04804619719873957,-0.25038752157396227,-0.048821240346664074,-0.1468065908743875,-0.08535793112064298,0.44676263320331117,0.17545033477236868,0.15178259924022636,0.07182452097706335,0.16330274804851075,-0.12906296126635108,-0.06014196014196014,-0.32369272199780674,-0.08494472901252562,-0.25673778555134485,0.11213879518964265,-0.17520741080063115,0.1829657083894372,-0.19548855481058872,-0.22956222786731262,0.1432566619007297,-0.08823461365834247,-0.0880319456590643,0.027984378831836458,-0.01133413845278252,0.048229893992605855,-0.2883993392467969,-0.24154601442737036,-0.2972903566123905,-0.19641860658809812,-0.003372710152371169,-0.038161273754494095,-0.12275619224771767,-0.2588139757631283,-0.16535904163022808,-0.2522286539235692,-0.32116214828079237,-0.26296357991273245,-0.17224651461939597,-0.24667703142279412,-0.0625554676402134,-0.0940837601854551,-0.11266027198230588,-0.136696326526835,-0.23475339746526186,0.008400079586520264,-0.02802047039335175,0.05513633818718564
#102,-0.07355876677910576,-0.06260960498248634,-0.19456174201936913,-0.11341588121249138,-0.08065122132918744,-0.09811676082862524,-0.09028535469213435,-0.23948694457169034,-0.09128758959267434,-0.06935595071188291,0.023320238574475863,-0.21867460681020004,-0.21447364159228566,-0.2800570987011665,0.22997172827681303,1.0,-0.21759509895103116,-0.1725639352757997,0.009704002924341907,0.5971247055992819,0.040184714760985944,0.37805771873568483,-0.25643655982639035,0.26464091209853924,-0.24906277618142025,0.1675444319512116,-0.2994160570431757,-0.0906717194852788,-0.055666143801737025,0.24156822461907207,-0.004071405766321021,-0.0941152246236992,-0.2570260553311401,-0.08914847050440271,-0.0016926016926016925,0.09425496374648917,-0.17132247810213913,0.25071465918923547,0.028077846721914518,0.34626012761605984,0.048039719226159905,0.16404632675819117,-0.16227089955903515,-0.02038988140683056,-0.2510205120374612,0.018562630427037208,-0.010064455827167692,-0.09501427467529162,-0.1869348547314649,-0.04427601715737309,-0.2203227881193983,-0.25076093042194736,-0.21153403017809796,-0.3304677558914847,-0.15699181461893327,-0.268404614167326,-0.16161940060245145,0.2334101435796351,0.013507498253260966,0.09941235534455874,-0.22498415210279618,-0.11579792427250055,0.02976026874331959,0.1486329164295266,-0.08746789933230611,0.044102962747030544,-0.0953478902631445,0.07983545949647644,0.14904565582531684,0.2622972741616809,-0.1598550784991463,-0.0452981486879792,0.09661525932712374,-0.23263926484265468,-0.05453111046331385,-0.12987270783880953,-0.02396849854476973,-0.24094263755280704,0.00455864184677744,0.3935918969817275,0.07088336410370309,-0.10193783922597482,-0.1227228769601651,-0.1868233410606292,-0.0282541401185469,-0.19236848558882458,-0.15622001045729858,-0.0946963913065608,-0.11667568955704549,-0.17481826973352396,-0.2704502653655196,-0.4288686220889611,-0.3448067481965787,0.009492080678521357,-0.049809593877390486,-0.3737336720387568,0.15541720456974695,-0.22408371391422238,-0.13093046821860382,-0.23490794338251966,-0.3338122405919016,-0.21537500520551367,-0.10924638043282112,-0.24780651221329186,-0.20713780035813933,-0.19894316504485995,-0.15779739678044763,-0.25631856818297494,-0.2014288556661438,-0.0810403623962946,-0.017348010568349552
#201,0.5159311854227109,0.4548596362155684,0.6785037734190277,0.5686938093717755,0.000537209011785283,0.18575355016032982,0.13544931680524902,0.35157576683000413,0.05724306741255894,0.5760666675920914,0.3987391089086004,-0.013257633596616648,0.2767426903020123,0.02777754642161422,-0.06071618613991495,-0.21759509895103116,1.0,0.606907369619234,-0.08621117265185062,-0.2643207151681728,0.033529523360031836,-0.02005395225734209,0.28648556106183226,0.1362914532406058,0.2987913954015649,-0.03181795046201826,0.3632407445966768,0.1372848966069305,0.21561654104026987,-0.2450121924698196,0.27762600813448274,0.10974610974610975,0.4824238722543807,-0.058699223106002764,-0.2781835764886612,-0.3861574980219048,-0.188213328891295,-0.33095082756099703,0.09631218275286071,-0.1823604806655654,-0.09073002123849581,-0.1463225937802209,-0.023759815285239013,-0.030844403725759657,-0.1604774265791215,-0.001772188212866179,0.18619358958342008,0.03534937094259128,-0.030373825289079528,0.001312252159709787,0.36909266739775215,0.2482914347321127,0.41172698121850665,0.3364811652947246,0.23262121906189703,0.37509358356815986,-0.30861246454466795,-0.12518682010207435,-0.16268086268086268,-0.1979367657333759,-0.18834242563056122,0.03935738512009698,-0.292098261589787,-0.06739127417093518,0.36760042014279304,0.16429526599018124,-0.23119699051902443,-0.08654108654108654,-0.07150293590971557,-0.010019110019110019,0.2467903959429383,0.22548110514212208,-0.189872152584017,0.12838601313177583,-0.1930523744083066,0.16210617397058075,-0.15028572486199604,0.13292614648546852,0.17840567840567842,-0.03806965671372451,0.0071382630704664605,0.1200881929695489,0.22553848147068487,-0.0553556638302401,-0.10747743120624477,-0.34484376518274823,-0.2810556319030895,0.22843274707681488,0.09064025504703471,-0.03756113586622061,-0.11653039788633009,-0.07314880365727823,-0.1408153916628493,-0.1801320580981598,-0.3217710777032811,0.6637835061563875,0.23137976188823647,0.6532401430706516,0.47505749200664454,0.5063761758677013,0.3976799603918248,0.59913750422225,0.07309651716431377,0.6411267970590004,0.5204028373519899,0.5447475210187075,0.298725690251114,0.012874970502089146,0.10443185866914681,-0.2909354655117367,-0.2572153046729318
