,#10,#11,#12,#13,#17,#18,#26,#49,#50,#51,#52,#53,#54,#58,#101,#102,#201,#202,#301,#302,#401,#402,#501,#502,#601,#602,#701,#702,#801,#802,#901,#902,#1001,#1002,#1101,#1102,#1201,#1202,#1301,#1302,#1401,#1402,#1501,#1502,#1601,#1602,#1701,#1702,#1801,#1802,#1901,#1902,#2001,#2002,#2101,#2102,#2201,#2202,#2301,#2302,#2401,#2402,#2501,#2502,#2601,#2602,#2701,#2702,#2801,#2802,#2901,#2902,#3001,#3002,#3101,#3102,#3201,#3202,#3301,#3302,#3401,#3402,#3455,#3501,#3502,#3601,#3602,#3701,#3702,#3801,#3802,#3901,#3902,#4001,#4002,#4101,#4102,#4201,#4202,#4301,#4302,#4401,#4402,#4501,#4502,#4601,#4602,#4701,#4702,#4801,#4802
#10,1.0,0.44894663538731333,0.6098178301568132,0.45137263611839884,-0.07282999486389317,0.21575396660142424,0.33179388942100807,0.34489096184011436,0.18307028137536613,0.5393472054489004,0.2882619136856425,-0.209362521226928,0.09224355326050242,0.18215087198138047,0.08177746313339533,0.017174030733352767,0.4956639227825668,0.5183238708662438,-0.06355492626679067,0.10094856027059416,0.05214953011563181,0.1160584313126686,0.25433029331334417,0.12526270492372188,0.20971788429415547,0.08290000323898629,0.1198387910252317,0.17061128925535704,-0.0171772697196426,-0.23165276216123673,-0.09692527658629353,-0.06931615745175067,0.17403582318836555,-0.07271477949444051,-0.270634424871713,-0.2626642050370864,0.043893816775172706,-0.1307583392329155,0.27185691083996166,0.025824900401171587,-0.22540290675883895,-0.251035318831929,-0.05827815488832438,0.09994077282212875,-0.03473488897217711,0.15131525978983607,-0.06813855457923254,0.018936039275022326,-0.15932666102157628,0.06685082617286008,0.013958180059874975,0.21470314690653675,0.10971742158182836,0.09907318720878043,-0.01665995733792344,-0.06630343748987817,-0.20229921755345484,0.02029687622907962,-0.19695951729850034,0.0285641573777167,-0.08681084782779698,0.10416209738243637,-0.13088789868450884,-0.19384500062466165,0.16501154467256163,0.09518501552399858,0.04114114114114114,0.13291781766358038,0.11269913981778389,-0.0345845074658634,0.19706038858581232,0.07299148146605773,-0.12869834395258123,-0.15366861468556384,-0.14412794921269498,-0.05524044846078744,-0.17678711068541578,-0.12418874961247843,0.21587334638182096,0.11602557873744314,-0.016559086050611474,-0.19008546296681889,-0.34032769287006576,-0.2932619830924916,-0.3224128597009953,-0.17596255731848953,-0.28091635549262667,-0.05192280107534345,-0.19882980052471577,-0.2482502533349991,-0.09606601979483335,-0.3143070651545228,-0.16746993526654544,-0.2482914347321127,-0.32089331241873614,0.38692189878630556,0.2918608901659749,0.32135093491025696,0.310100547388683,0.19323236950355593,0.2594844459251239,0.1944571690334402,0.018857840891739197,0.23018318781030644,0.23574637811925947,0.3090381598856175,0.05688724163300434,-0.00011105095850858563,0.05998510066306677,-0.21374486967707307,-0.21450788230449247
#11,0.44894663538731333,1.0,0.3950189017985628,0.27183470064826,-0.02508270982847254,0.0997626285761879,0.44593900526103913,0.33253700541836134,0.5131761962270437,0.6313223855596737,0.2757580384699029,-0.22311386887658075,-0.11331269636354382,0.3596010494315579,0.2127185737355229,0.1740464655718893,0.4061633281972265,0.34322195847619574,0.07666680548036481,0.1665898564203649,0.2350666537107215,0.07909743333472147,0.19490738812772712,0.07937228445703022,0.22701268294488633,0.02555328826515267,-0.08339556814133085,0.038631852191174224,-0.02445619733755327,-0.2853486768741006,-0.2034971797683662,-0.1826362572125284,0.09788679280204704,-0.06669304126931246,-0.26431562533257447,-0.32032139998241693,-0.044133039048293285,-0.24000518237806373,0.20187814933577644,-0.03358273527765053,-0.027394883327086717,-0.25376347071262323,-0.047179999722372606,0.08921556379183498,-0.16958036619053568,0.10167409319951692,-0.207241447919414,-0.12297366704146365,-0.3074293091242244,-0.03578524595473748,-0.17152422067676304,0.10140710818676921,-0.12936973953923106,-0.013409865952238833,0.08953483529754716,0.013460301595894817,-0.20736545482308194,-0.013832785019225698,-0.3076527991782229,-0.072794366014705,-0.02658467404230116,0.011540045438350523,-0.09655742028623385,-0.10467940976415553,0.125263167636049,0.04653451602604145,0.2849683273412087,0.4203431474617915,0.2578617137939172,0.12818334513249768,0.30786610956102484,0.09595219256236205,-0.00873415788670026,-0.19069901951257884,0.0053767172411240205,-0.12364274906647787,-0.07130859673232555,-0.10499081516030669,0.29590592132965016,0.008010475807085976,-0.04840063484131281,-0.07847138355612931,-0.10995756927960318,-0.2678447322515119,-0.3456447202209914,-0.19357847832424105,-0.29050653118449726,-0.19350675791353758,-0.15796998847846305,-0.24012086045984352,-0.06802796633305108,-0.40657606759301673,-0.22797466187296694,-0.23874197772502856,-0.4482090719378855,0.25061656417588624,0.16454189166053573,0.17941439127879805,0.19257624342370105,0.09803162176043533,0.11562301901284952,-0.09954561649476903,-0.03537111842196588,0.1738095568604043,0.20237649051208373,0.2478097511995817,0.06602858636756942,0.0663890392703952,0.006793079674435607,-0.22813707389978577,-0.2703558720507873
#12,0.6098178301568132,0.3950189017985628,1.0,0.6888435430808312,0.006047187403119606,0.15830684305260576,0.4168094134195829,0.12876867622630334,0.12444971936497361,0.6153541831507933,0.24572291860427453,-0.16429248971621854,0.01986609105253173,0.22009929806539977,-0.015646617341532595,-0.04321501779128898,0.6749159020345461,0.77653909687808,-0.1474409694748678,0.026246431331177093,-0.024221139475376765,-0.061952090765650086,0.34367310299513687,0.15079470842182707,0.242271084643966,0.0776570098603997,0.0311650633684532,0.26881365186449935,-0.04841914333439757,-0.22028947283184572,0.10233623453962437,0.20224461749885478,0.324191063174114,0.05078730502459316,-0.21626572643521796,-0.24425288154101713,-0.024127671585298705,-0.24338113151672475,0.3351119995187792,0.08986058477583901,-0.18221380085786865,-0.3746905611312391,-0.06448312719499161,-0.020688330857822384,0.00212893941707501,0.13552288806526094,-0.004737248805045415,0.1449154855934517,0.020076162449043804,0.14255704086212562,0.18805045415214908,0.33654594502052126,0.2733005733005733,0.018244284345979262,-0.00865642221574425,-0.2142450617026888,-0.1821716940361008,-0.0930593150932134,-0.12363349481993549,0.2061392671562163,-0.17670659874049705,0.15218886066343693,-0.19452657588250807,-0.1269293947260049,0.32325083172540797,0.2691444911783895,0.05088493732561529,0.18096817927326403,0.008883151256032612,-0.055307079035892596,0.2958281856586941,0.23041500668619314,-0.18459908290416766,0.00113457062609605,-0.2968628104221325,0.13202385744758627,-0.15127639195435805,0.022760819370988863,0.29784376055562495,0.09311807955875752,0.04736462194089313,-0.07627581356394916,-0.2628557679405137,-0.33057556786370346,-0.2105391986747919,-0.3447586261145583,-0.29860445962140875,0.14998496184936863,-0.17695831424644984,-0.15906106414580992,0.014377860140572005,-0.15089881869542887,-0.0715205189781461,-0.22258591411133785,-0.3053637612959647,0.6234914421355099,0.42360897106659817,0.6169459135560831,0.6392773358875053,0.35199081978742996,0.48821517974060347,0.413426060883688,0.303640157877446,0.4532734583582041,0.5149391301933675,0.5850904833955681,0.24539161657805725,-0.0793186098270844,0.08983282203621187,-0.2359430308582851,-0.2189304867270969
#13,0.45137263611839884,0.27183470064826,0.6888435430808312,1.0,0.08357001068865476,0.044481461430613975,0.32269372608355656,-0.03526700814836408,0.025032274184816558,0.5016926016926017,0.2026083093879704,-0.09070596019748563,0.07252414201566744,0.20559326661021576,-0.08036989223429901,0.01542173915055271,0.44766307139188494,0.5454975777009675,-0.1783404359675546,0.11616069073696192,-0.11066922083871236,0.08368800233207013,0.30910895487166673,0.2477468223230935,0.08275795055456073,0.20161208974768297,0.11105697376883818,0.4406728762660966,-0.021147341486324536,-0.1651170430831448,0.09470934725172013,0.16450024755109502,0.2762725745776593,0.02847161491229288,-0.181764507188236,-0.11901701393226817,-0.056768787277261853,-0.1284142385837301,0.20804795550558264,0.22757441571000894,-0.09074806701925346,-0.21348713891086774,0.0402999301304386,0.005400778282134215,-0.06938880328710838,0.14820768380090413,0.06783732885427801,0.17243715209816904,0.017683014293183783,0.2474631796665695,0.16870537717995346,0.34835806530721786,0.19901627359254478,0.13113221079322773,0.018851825631486647,-0.07329502075264788,-0.3071762054812902,0.03982009744721609,-0.1526848882781086,0.1613135477542257,-0.19711452592808526,0.09879555981250897,-0.08523022251835811,0.06778735592294914,0.3254376101833729,0.3082348912857387,0.16654543603696145,0.112062447655668,0.004854777736133668,-0.010145430484413536,0.13611377170699204,0.17039659073557378,-0.20793782997172827,0.06626595779138152,-0.2999000541373423,0.09510774256536969,-0.2265300739877011,0.024493214323722798,0.17659508506966135,0.10688886112614926,0.07629524748168816,-0.016879745693305016,-0.17989052226340363,-0.14794949032237167,-0.0232290842460334,-0.3666555615708158,-0.3076759347945789,0.2538347284109996,-0.0683652836195209,0.015221384712910136,0.10404040404040404,-0.13885117783422868,-0.04840063484131281,-0.27849960900808357,-0.25026351467029434,0.30407418204028375,0.25569390654136415,0.37200821777092963,0.4188657070013002,0.16811171726425964,0.36927728961627265,0.28930394184631475,0.24235205930121184,0.28320724422419336,0.46461962733149176,0.4398996839674806,0.22783122105156003,-0.12435254977627859,0.10803453684809616,-0.27493857493857493,-0.23032524049473202
#17,-0.07282999486389317,-0.02508270982847254,0.006047187403119606,0.08357001068865476,1.0,0.31238310729836155,0.030627391644340796,0.12594474289389543,0.03237690695317814,-0.036178088720461604,0.13092491567067838,0.3077495060545908,0.18431266397368093,0.04208368615148276,-0.16305565966582916,0.05418638977961012,0.08941961992809451,0.07666773090501904,-0.15703299601604687,-0.00188046289741205,-0.17844084454253945,-0.06142737498669702,-0.009627655390367255,0.045390691153403016,-0.1282111078721248,0.025306662594798187,-0.1667763294881939,0.0016361507886931616,0.18487948657440184,0.38938491650356055,0.223643211778805,0.1393606241063868,0.24353336387234692,0.1345146379044684,0.21955144667009074,0.08227996872064669,0.19966962339843697,0.15730368272741155,-0.06700676022709921,0.11243770735296159,0.3386577640814929,0.16901076731585207,0.03592498507752745,0.03215850673477792,0.03690500978636572,0.06474779864610374,-0.16718444176071295,-0.10158432700805582,-0.0859589944335707,-0.048630602867891004,-0.08456900660290491,-0.14485810926488893,-0.031069744629066663,0.015797924272500544,0.016350402791080756,0.010774256536968401,-0.17986692393472054,0.08712826848420069,0.1551113517215212,-0.07432501839281501,-0.24550960822147264,-0.13985063646080595,0.038947421998269456,0.1982972186362017,0.029701041565448345,0.02032232540707117,0.17584271482576566,0.2897800728309203,-0.11592887186107526,0.05667439396252955,-0.0743708269131998,0.0600683888819482,-0.09745091778990084,-0.05231009129314214,-0.09673741538148317,0.03636224822665501,-0.19016597491173762,-0.07060110958416044,0.1271228084787407,0.2642489947574693,0.18856591568455974,0.4397062702147448,0.02743097488860201,0.1357709018725968,0.468789128111162,-0.051298139433732654,0.03455767015089049,0.09999259660276609,0.3189688918502478,0.3079882656153843,0.30645252340167595,0.20185408829476625,0.255129860214606,-0.019429290615731294,0.0724288232762809,-0.05328086175543802,0.01512143885025241,-0.011565494616342074,-0.024607041556194097,-0.08578640273555528,-0.041019447799108814,0.2338386151945474,0.22715612376629327,0.07176159210057516,0.11597051597051597,0.048324750019665276,0.23176196227043686,-0.21577340051916324,0.049210844126098365,-0.13141631616207888,-0.06628631713377477
#18,0.21575396660142424,0.0997626285761879,0.15830684305260576,0.044481461430613975,0.31238310729836155,1.0,-0.028477630172545426,0.2548050361609684,-0.04362914532406058,0.09694332236705118,-0.002215003909919164,0.15473701744888185,0.46062133011285555,-0.18976156433783553,-0.051301841132349604,-0.17342967003983953,0.27234969946834353,0.21138087239782155,0.05287598846920881,0.032118250762318556,0.0529652919483428,-0.08614870648768953,0.15292827496217326,-0.02494343341800969,0.027525830915661423,-0.07539342115613303,-0.018358574290777682,-0.06400236908711485,0.002833187578950291,0.3151940846856101,-0.03639648893886182,0.024148030927691945,0.1410166715251461,0.1434070434070434,-0.13589398335161046,-0.15698672478333495,0.2876155045646571,-0.07252367930334032,0.12647963834404513,-0.08177931398270381,0.016350865503407877,-0.13365769467464383,-0.010553080044605468,0.0839753466872111,0.21134200456234353,0.06158932430118871,-0.15807363603973773,-0.11690473215896945,0.10692911709860863,0.05687243483853653,0.025655547689445994,-0.09394540919964649,-0.004139887190734649,-0.13822281449400092,0.12570829689473756,-0.010885307495476986,0.05374727578117409,0.010328201853625582,0.13095499197194113,-0.005165257707630589,-0.07538046521097369,0.03930093421618845,-0.027877954996599064,-0.1744291286664168,0.06176561769782109,0.0683504768250531,0.045117690880402746,0.15155216850132106,-0.11154744883558443,-0.11500899975476246,-0.12108302447285497,0.07402610622949606,-0.16236853186005729,-0.15999528033426338,-0.20219140558123608,-0.04666453818996192,-0.13260178514415802,-0.14238074746549323,0.323802384819334,0.12909997825252062,0.19130424723645062,0.06891267230250281,-0.34822758043097024,-0.03912510353188319,-0.05865434001027221,-0.017292022376768138,-0.03733394411360513,-0.002109968211663127,0.07117718643142372,-0.044608244608244606,0.1656135334101436,0.06119463068615611,0.1172790664316088,-0.08736240092172295,-0.03572694420152047,0.18637728637728637,0.012514980311590481,0.08982773220061356,0.08431081312437244,0.02636303483761111,-0.0665972598175988,0.2296927127435602,0.07530458038932615,0.1365218839795111,0.09039594293831582,0.10189573240420698,0.002656894182317911,-0.01720827144555958,-0.11509275068597102,-0.004187083848100797,-0.019469546588190657
#26,0.33179388942100807,0.44593900526103913,0.4168094134195829,0.32269372608355656,0.030627391644340796,-0.028477630172545426,1.0,0.32902594428018156,0.28054202121998734,0.5386989454786065,0.3241619122975055,-0.09201173438461574,-0.07894196199280945,0.3774302808201113,0.14410527630866615,0.010908905824160061,0.27769171328493364,0.3427287071354868,0.07261899804272685,-0.009159390515322718,0.14295265990181244,-0.1200155471341912,0.19913657879759575,0.052099557184302946,0.1341393782071748,-0.09437850793782997,-0.14284207165563098,-0.04471790742977184,0.0013594488170759356,-0.21883054086443918,-0.19674666962802556,-0.173431520889148,-0.02966680085324153,-0.15782006968447646,-0.13395614412563564,-0.18546435495588037,-0.047291513393208306,-0.1567340838527279,0.007638917808409334,-0.218107321497152,-0.05819532938177006,-0.24326082631167376,-0.12338455558794542,-0.06039598920954853,-0.13792297690602776,-0.04629066662964968,-0.126863689575554,-0.0945099182387318,-0.22429563616004294,-0.19281824197078434,-0.1103527256069629,-0.005391061323264713,-0.15697978409842817,-0.1289708815132544,-0.08015611913916999,-0.1136171610747882,-0.09954654191942328,-0.21941170754730077,-0.026315375467917842,-0.07733588750537904,0.010789526043763332,0.16816770545584106,-0.03380761346863042,-0.051594738035416005,-0.0574697964528473,-0.024094356297746127,0.14842145689603317,0.4190225664801936,0.18844931217812574,0.13137467205263814,0.36788128652535435,0.1497082598777514,0.12040422548897126,-0.09385240402189554,-0.00037896139591054846,0.14752286955676785,0.018299809825233555,-0.057715959410874665,0.15263676619608824,0.04816881596542613,0.12450478213190078,-0.010789526043763332,-0.11632078920214513,-0.1843311724667657,-0.1145134348524179,-0.15162296348737025,-0.08716574818269733,0.06900290120629103,-0.08730086018221611,-0.19220746169898711,-0.14253251710878828,-0.12064807488536303,-0.16062410638681826,-0.11458608068777561,-0.16778411693665932,0.26828662252391067,0.23987423478948902,0.07871245667855838,0.12260072090580565,0.09219681931546338,0.02945395318276674,0.1453393300850928,-0.029949518085111305,0.2610636830975814,0.042179930315523535,0.2402684656921945,-0.10752971769920923,0.018117038456021507,0.1686947347964297,-0.08488226284836455,-0.07153440034795967
#49,0.34489096184011436,0.33253700541836134,0.12876867622630334,-0.03526700814836408,0.12594474289389543,0.2548050361609684,0.32902594428018156,1.0,0.4318892081603946,0.342309952479444,0.3575068134390168,0.0628872323787578,0.08126200160098465,0.09302970150427778,0.24599175446633073,-0.08930949439424016,0.1563218071692648,0.14544066408473189,0.06709421285692473,-0.06363775177334499,0.3218594557577608,-0.0673116876506707,0.17923485889587584,-0.11869959327586446,0.2608411184682371,-0.154352966217373,-0.19873772077161908,-0.4088415071465919,0.10483812009235738,-0.0672024875414706,-0.20632620293637244,-0.257721049246473,-0.21274170935187883,-0.16950633221819664,-0.09245316194468736,-0.1858331366805943,0.049910002452375334,-0.18595575544728088,-0.11298324518663502,-0.22142080447165194,0.045831193288820404,-0.14209849294595056,-0.15159658888472446,-0.05862842811995354,-0.06282152722830689,-0.10737794805591416,-0.4198304622033436,-0.4490498202362609,-0.35715931648135035,-0.29400278552820924,-0.2713007306227645,-0.15563282851418445,-0.2884409833562376,-0.1633083005964362,0.04758209673463911,-0.045753457617864396,-0.03826260775413318,-0.16482368346775125,-0.1412586700722294,-0.4152176830142932,-0.06107663904274074,-0.10369244437041047,-0.028137999324440003,-0.2512750038173767,-0.1575739067264491,-0.178947977253062,0.07784024394193886,0.32699139817783884,0.29872476482645977,0.07437869302276082,0.2015741473368592,0.11514688802824397,0.3010397145990366,-0.26671108705007013,0.24101574610049187,-0.13742185945575777,-0.0355992355992356,-0.3269807557943151,0.15565411328123194,0.04375222680307426,-0.06732695715746563,0.03193224040681668,-0.09787244871990634,0.1257795545931139,-0.03275957004770564,0.14003294511769088,-0.050094161958568736,-0.09734680751629904,0.040241628377221596,-0.003891410671071688,-0.11610146355909068,-0.09516650703091381,-0.02894126792431877,-0.10915846509066848,-0.09606463165785199,0.1807400620959943,0.03082728336965625,-0.14999514152056526,-0.06866095679655002,-0.1289176695956357,-0.18308092375888987,0.020797993679349612,-0.25985415307449206,-0.05312539041352601,-0.1714913681015376,-0.0988714446341565,-0.23288126338973797,0.004758996284420013,0.07002364459991578,-0.17549382973111788,-0.18874729891679043
#50,0.18307028137536613,0.5131761962270437,0.12444971936497361,0.025032274184816558,0.03237690695317814,-0.04362914532406058,0.28054202121998734,0.4318892081603946,1.0,0.32456215846046355,0.19926475011220773,-0.09134311507192863,-0.23428837157650717,0.2655621723418334,0.27090279802144207,0.0181531300175368,0.18965606592725237,0.0681690935928224,-0.043997464336447384,-0.02803573990014668,0.18932198762707236,0.001507979474081169,0.1151427236172999,0.07745896898439271,0.10265272977137384,0.12331098432793348,-0.04401134570626096,-0.17686438364404466,-0.0672848503356978,-0.23437998861727674,-0.08254787915804865,-0.15798664612223934,-0.03237736966550526,-0.035384999791779455,-0.12190017444254732,-0.13214231180332875,-0.1336928608115049,-0.15459496476445628,0.028065353489082304,-0.07923069448493178,0.01054151223642749,-0.1878255759611692,-0.0044799807511671915,-0.059590869760361286,-0.1065797692916337,0.01677979983064729,-0.11888976804231041,-0.197144602229348,-0.23240143070651545,-0.21694545084375594,-0.19509247305857474,-0.025993327688242942,-0.1520810486912182,-0.08160487143537991,-0.0932601322431831,-0.03844306556170963,-0.16174294479379225,-0.012097613792529046,-0.3065853218395591,-0.21949823475247204,-0.1193251803421295,-0.22562130697723917,-0.0007074871481651143,-0.08319290014205269,-0.07689260909599893,-0.15179277891142298,0.26533636872619926,0.34098381894992064,0.3018601035550188,0.2460519070688562,0.2328044531434362,0.0454823081941726,0.16363405007472803,-0.0833169070457206,0.20729512254935983,-0.1363275448021211,-0.04816511426680918,-0.13869616920464378,0.02963718726430591,0.02029178639348131,-0.14795087845935304,0.006717194852788073,0.10278182651064006,-0.020884520884520884,-0.047448835584428806,-0.10276424344220954,-0.22674708606911997,0.03571676453032385,-0.03006149446827413,0.09913611608526862,-0.13898628983374747,-0.19635475228695567,-0.09397826177487194,-0.3101185931694406,-0.18809579996020673,-0.004199114368605894,0.10812569117653864,0.1318216521606352,0.08974768296802195,0.04024070295256736,0.06334855656889556,-0.1662946459556629,-0.22591790557892252,0.05608582388243405,0.024985077527450408,0.049768412480276886,0.03016097761860474,-0.07938292684055395,0.11216563250461556,-0.28530795818931415,-0.23173142325684698
#51,0.5393472054489004,0.6313223855596737,0.6153541831507933,0.5016926016926017,-0.036178088720461604,0.09694332236705118,0.5386989454786065,0.342309952479444,0.32456215846046355,1.0,0.36883771290550954,-0.2381520195079517,-0.03786745142677346,0.376919909123299,0.20397978872555145,0.11488961997436574,0.49942022145411974,0.483046683046683,0.03706695910085741,0.11154976239722002,0.2071197545773817,0.020397284804064466,0.22278673126130752,0.07262177431668958,0.2636331246500738,-0.02320178421873337,-0.0370257777037438,0.07515234803370396,-0.011193473905338312,-0.29752310091293144,-0.19385009046025994,-0.08067019253459931,0.13525960475113016,-0.10801417750570293,-0.2610243525497763,-0.17132016454050353,-0.0020942359925410774,-0.20558771406229034,0.2201076268872879,-0.000593659915693814,-0.029764433154263664,-0.26566813346474366,-0.07978039672954927,0.014669831618984162,-0.16224406224406224,0.013978076689941096,-0.16628446628446628,-0.05065820828532693,-0.15666699056529565,0.02151889948500118,-0.07401083672270113,0.16818158682565462,0.01921274124663955,-0.033195907772178956,0.05889633855735551,-0.055961354266439015,-0.14382811162472178,-0.03705400315569807,-0.24527084866067916,0.015172799918562631,-0.06442713900341018,0.1566123905106956,-0.06292193580329174,0.00923666347395161,0.1644951577154967,0.1631606953640852,0.22182428962089978,0.3939093176381312,0.21526765594562206,0.10026235788947653,0.2931777694489559,0.13149636539467047,0.014347321126982143,-0.12382875942197977,0.016898716898716897,0.09149719827685929,-0.0008527788188805137,-0.1223429901396003,0.32721858993045433,0.028726569404535506,0.042000397932601324,-0.14227941346585415,-0.2139901072104462,-0.24917428985225595,-0.23178602331144704,-0.2580532766973445,-0.280331024398821,-0.06135889356228339,-0.14298921417565486,-0.27725352471115183,0.0003016884372816576,-0.3042842534367958,-0.27983407135949506,-0.26647047663996815,-0.38176774617452586,0.35983148017046324,0.21765525155355664,0.2765890698094088,0.3391214018332662,0.23111694128643281,0.16893580791885876,0.09988432191822022,0.028924610280542485,0.2887102819306209,0.3323565476107849,0.3790284891979807,0.009654492705340164,0.028775616911210132,0.05538620284382996,-0.29055326512953633,-0.2801602835501141
#52,0.2882619136856425,0.2757580384699029,0.24572291860427453,0.2026083093879704,0.13092491567067838,-0.002215003909919164,0.3241619122975055,0.3575068134390168,0.19926475011220773,0.36883771290550954,1.0,-0.132357010323112,-0.025695340949578236,0.3728452643706881,0.1733875632180717,0.23556175590073894,0.07050810440640949,0.19175955616633583,0.17077832840544704,0.0419272893849165,0.1297574924693569,0.18864457678017,0.09021502241841226,0.011167562015019642,0.21129341976799604,0.01425570408621256,-0.13358412341463188,-0.1432177940652517,0.0414307990579177,-0.17403536047603843,-0.2111615467547671,-0.07649097479605954,0.09066940592364321,-0.10192580870546972,-0.016115344928904252,-0.09434889434889435,0.152468801621344,0.06341935155494477,0.1432474076541873,0.021677609813203033,0.12636951281019076,0.04390260830938797,-0.12805008398228737,0.006551081127352314,-0.16787943567604585,0.0636451551705789,-0.22157396225192835,-0.3123197157095462,-0.23957439720151585,-0.12184002184002184,-0.2691033097812759,-0.1004914004914005,-0.24008245533669262,0.09037003104799715,-0.09631866072544039,0.15036392324527917,-0.13580097817385953,0.026392185714219613,-0.224762050185779,-0.16703035855578227,-0.1326758191164971,-0.04320853981870931,-0.1175381853347955,0.0354007320109015,-0.03837643498660448,-0.04379340820018786,0.21526719323329493,0.3324583443227511,0.2331898925119264,0.207614394055072,0.22069989866600037,0.0645317119893391,0.2268882133288913,-0.12524789812925405,0.18415210279617059,0.12280338890508383,-0.01763396678650916,-0.10976137925290468,0.3622195384907249,0.09748932291305172,-0.08230541789863824,-0.0484876247588112,-0.1294289667171023,-0.03555065080488809,0.07957356431932704,-0.1474442084611576,-0.1855883618595483,-0.04388409981630321,-0.05710055201580625,-0.101383047145759,-0.03984091950193645,-0.2573319081793658,-0.09155642545473054,-0.2892956130244266,-0.29551631755021585,0.018237343661072474,0.04172554681029257,-0.030732890054923953,-0.004784908174738684,-0.02562639681283749,-0.04195412669988941,0.1314482433126501,-0.04582193904227803,0.11670530314598111,0.08525613440867678,0.22757256486070046,-0.02711771864314237,-0.12878255759611693,0.21527922375380001,-0.32863032524049474,-0.3354784676818575
#53,-0.209362521226928,-0.22311386887658075,-0.16429248971621854,-0.09070596019748563,0.3077495060545908,0.15473701744888185,-0.09201173438461574,0.0628872323787578,-0.09134311507192863,-0.2381520195079517,-0.132357010323112,1.0,0.48195514466700906,0.13036272019322867,-0.2073326022478565,-0.22101778203473119,-0.11388090710124608,-0.16062364367449114,0.006251706251706251,-0.12047270691338488,-0.23315472637506535,-0.25271681542867985,-0.05638103434713604,-0.20359573749404258,-0.1433681755715654,-0.23362484209941836,0.08967272357102865,-0.04159367379706363,0.31653409958494705,0.5125843871606584,0.40427037206698224,0.2621487435046757,0.17770744550405568,0.2190808682334106,0.24995257198647028,0.12177894381284211,0.2866521374995951,0.1779235321608203,-0.1541812999440118,-0.10640393860732844,0.05320914134473456,0.06443824409926105,0.1592591050218169,0.0286270862542049,0.2292087156493936,-0.1312645465187838,0.1702374176950448,0.13251942234993083,0.1168455049810982,-0.18208053970765836,0.08789359467325569,-0.29082071285461114,-0.029508553237366796,-0.19963029285063183,-0.05062628113475571,-0.20736499211075482,-0.032825737910483675,-0.14578816104239833,0.15187699255495865,-0.018541808372316847,-0.11551890873924772,-0.19860631047071725,0.2599716820055803,0.013008694364626568,-0.00646501663450816,-0.09871967499086143,0.21955098395776362,0.033484177551974165,-0.10028595621815961,0.03099524794440049,-0.07062517062517062,0.09432066889694009,-0.014016019100764863,-0.06034832983985526,-0.1280412924480721,-0.05399158788989297,-0.17125307125307127,-0.2080424029576572,-0.09696044272315459,0.15053975392958444,0.44540873693416067,0.4362248226655006,0.23052235594608475,0.3656440724237334,0.38397349583790263,0.14801427004816836,0.12444185325541257,-0.04515193159260956,0.3222606273453731,0.4907221551289348,0.3014168251456387,0.38611215221384715,0.1686901076731585,0.12507391829425726,0.29946140285123335,0.0486958453060148,-0.07244224193376736,-0.0409125612515443,-0.3257425376069444,-0.122023255921561,-0.22828699269377237,0.2647209613311308,0.09809501334925064,-0.08285465743092861,-0.17048358065307218,-0.1561427374986697,0.130099899591425,-0.13290948884169224,-0.017344308869732598,0.05647126325092427,0.31384342740274945
#54,0.09224355326050242,-0.11331269636354382,0.01986609105253173,0.07252414201566744,0.18431266397368093,0.46062133011285555,-0.07894196199280945,0.08126200160098465,-0.23428837157650717,-0.03786745142677346,-0.025695340949578236,0.48195514466700906,1.0,-0.12544825256689662,-0.06206267901183155,-0.17593386915420814,0.006932818797225577,-0.06804277312751889,0.034809385656843286,-0.07882628391102968,-0.1408741561283934,-0.21025416788128654,-0.11824706061994197,-0.3258128698806665,-0.12711447965685255,-0.36998894117538184,-0.027307893409588325,-0.11040917651087143,0.2345771040686295,0.4899720984466747,0.17347594127255145,0.07934498442973019,0.112210052888019,-0.013927641046285114,-0.04278839702568516,-0.048334929690861894,0.384149789234535,0.05853125853125853,0.005830175321700746,-0.035159658888472445,-0.010119981306421985,0.02054627817339682,0.08835815784968327,-0.00017953238292221343,0.16945821013617623,-0.133506850456003,0.006386355538897911,-0.0019771697737799433,0.20635304025134535,-0.05816756664214291,-0.019770309600818076,-0.21136097576775542,-0.08927710453134181,-0.23074630871241042,-0.024541799118070303,-0.15646432256601747,0.022987085698950107,-0.22546491021067291,0.10706746808441724,-0.035724630639884875,0.018597796563898258,-0.0374107543599069,0.07228630787952822,-0.11681450325518122,0.14184538930301643,0.15643887338802592,0.05913648625513032,-0.058751972311294344,-0.1251396234447082,0.03177630635257754,0.06979090029937488,0.29643063710860323,0.05831933628543798,-0.05949046118537644,-0.059818061512976764,0.016567414872499617,-0.08172425121577664,-0.21385406978627317,0.07698283799978715,0.0348413128074145,0.4616906583008278,0.18662344933531375,0.1698709495319665,0.18440335558979626,0.16872388567303823,0.24497887718226702,0.1528903325513495,-0.10348838823415095,0.20165558470643216,0.053253561728138,0.2612325730969799,0.26119509339848324,0.03417454434403587,0.18705469722418874,0.16028771452500265,0.10073756344942786,-0.19885386156572596,-0.07881332796587034,-0.2213518603349112,-0.03380021007139651,-0.1597944631842937,0.23751532734583583,-0.07861852607615319,-0.00915846509066848,-0.1559053660748576,-0.07670335975420721,-0.14530971649615718,0.03336294692226895,-0.015719263176890295,0.10810209284785556,0.13629561765154985
#58,0.18215087198138047,0.3596010494315579,0.22009929806539977,0.20559326661021576,0.04208368615148276,-0.18976156433783553,0.3774302808201113,0.09302970150427778,0.2655621723418334,0.376919909123299,0.3728452643706881,0.13036272019322867,-0.12544825256689662,1.0,-0.14216512352105573,0.13027665570038452,0.1259632513869802,0.16512074478176172,-0.01189355765626952,0.07339681746461407,-0.11103106187851951,-0.06771887449853552,0.016181050079355164,0.05634401736096652,0.03269849202052592,-0.031692092709041865,-0.021306977239180628,0.11974347228584517,0.16686239398103805,-0.03693971321089965,-0.013694896745744204,0.12127088567766534,0.17711794999930594,-0.03140289750459242,0.10714289019373766,0.02945025148414979,0.06127791890503755,-0.018895783302562964,0.005282323926391723,-0.0816335595996613,0.04241545089002716,-0.16730567239041816,0.05436869843649505,-0.03336572319623167,-0.06802981718235955,0.01084227524905491,-0.019272893849165036,0.054049426930782865,-0.09240133816405002,-0.13211408635137448,0.06570376231393181,-0.041072197004400395,0.013666671293789939,-0.14874026568941823,-0.18588773673519438,-0.20402883623222606,-0.08189869376310055,-0.11399103263510044,-0.04764317476181883,-0.011590481082006505,-0.0395878158590023,0.03290208544445833,0.1855425533391635,0.16356880763660425,0.021210270362812735,0.011361901192409667,0.39007991041889345,0.3002956731770291,0.11421128370280913,0.20321214897486084,0.23982194829652456,0.02357519306671849,0.08150446286039506,-0.031526904408260344,0.040283272486662317,0.20040533599855634,-0.0414307990579177,-0.014921547124936955,0.2421674370826913,0.018247060619941975,0.1216526233475386,0.08394295682431276,0.07093241161037771,0.017454897115914064,0.15014737387618743,-0.07217525692101963,-0.056136259526090034,-0.12795337710591947,0.06783594071729665,0.08770619618077245,0.12271454813827695,-0.008385735504379573,-0.00914874813179898,-0.15476524290083613,-0.11852098631759649,0.10508196948874915,0.13719096600452532,0.17555213148433488,0.04365181822808942,0.053581162055738325,0.010152371169320322,0.14100973084023932,0.06942304399931519,0.18267466233567928,0.07841955977549198,0.22670127754873518,0.04994239231527367,-0.010299050977017079,0.0714844274166308,-0.23975624314607366,-0.12748835121716479
#101,0.08177746313339533,0.2127185737355229,-0.015646617341532595,-0.08036989223429901,-0.16305565966582916,-0.051301841132349604,0.14410527630866615,0.24599175446633073,0.27090279802144207,0.20397978872555145,0.1733875632180717,-0.2073326022478565,-0.06206267901183155,-0.14216512352105573,1.0,0.32170537255283016,-0.051280093652975006,-0.12536588977266944,0.4679483798127866,-0.21033144083991542,0.5407459848137814,0.13850229273958087,0.1733028868622089,-0.14814197865045323,0.4080331487111148,-0.1550164956944618,-0.05758963894557115,-0.5503005316564639,0.02730557984795273,-0.16740885723936572,-0.31665070309138105,-0.23028452180994555,-0.13278872092431415,-0.23518186908017416,-0.11704632213106789,-0.22356501339552187,-0.04521254690746216,0.04679826205249934,0.02413044785926142,0.03435500215161232,0.09333416621552215,0.2147720910432775,0.0033417084264541893,0.17771253533965398,-0.21855615245445753,-0.16971779175169005,-0.22702656431469992,-0.44981283286368035,-0.39846333236163745,-0.2884507003151071,-0.43224086952900515,-0.15271311373006288,-0.39374690561131237,0.12445110750195496,0.17155799867664273,0.3709393522952845,-0.1094689450621654,-0.12961358893562283,-0.394642716676615,-0.40059967517594636,-0.026432441686678975,-0.19344799344799346,-0.09251840438281116,-0.03852496564360971,-0.1808779503694758,-0.18694179541637168,-0.0072923462753971225,0.2093361466242822,0.3356334763114424,0.24854638922435532,0.10763660424677374,0.12699139817783886,0.42389168829846796,-0.2313251618336364,0.3587121790511621,-0.14667656871046703,0.12449876687164822,-0.2745337016523457,0.1501584789720383,-0.0032445388377591766,-0.11950517543737883,-0.0750440733491581,0.015546671478874868,-0.17406636220195543,-0.2897809982555745,-0.13924031890133584,-0.23431659702846144,-0.14109810889471908,-0.14174081631708751,-0.1920348700009717,-0.22933734967633274,-0.4107289107289107,-0.35949138661003066,-0.13373913204421678,-0.26364608059523315,-0.025712924018008763,-0.16484728179643435,-0.1645770577973968,-0.18757802486616046,0.0008527788188805137,-0.1444217715404156,-0.3540818167936812,-0.31330159126769297,-0.11952322121813647,-0.12061892400875451,-0.06590087776528454,-0.2147799571528385,-0.04291564291564291,0.1463323107390904,-0.04797771577432594,-0.09179055789225281
#102,0.017174030733352767,0.1740464655718893,-0.04321501779128898,0.01542173915055271,0.05418638977961012,-0.17342967003983953,0.010908905824160061,-0.08930949439424016,0.0181531300175368,0.11488961997436574,0.23556175590073894,-0.22101778203473119,-0.17593386915420814,0.13027665570038452,0.32170537255283016,1.0,-0.2026809552233281,-0.09531966481119024,0.29534650212616315,0.2958050500423382,-0.06896634693244863,0.46548675023251296,-0.1525803152921797,0.22314394517784347,-0.13735569159297972,0.09933184339964,-0.22588736656533268,-0.12348033703965908,0.004018656561029442,-0.0608772100297524,-0.16997922421651235,-0.11902349190484783,-0.06597444902529648,-0.09467834552580315,0.20878736980431895,-0.03279195991060398,0.05885191817395207,0.2161315398603534,-0.06541502982180948,0.056110347635771364,0.2573772539874235,0.34036841155485226,0.16194098566979923,0.37535455332065504,-0.32813985017374847,0.059803254718508954,-0.1512574207489462,-0.2960433468908045,-0.3367939588278571,-0.13891179314908128,-0.2094037026240416,-0.13368730826357944,-0.38175386480471224,0.22773266332588366,-0.2175918599647413,0.3949911390589357,-0.407039242632463,0.12256971917988867,-0.20863837643498662,-0.2962848827255607,-0.05164841266536182,-0.12588412757904283,0.08388835676971271,0.4141090242785158,-0.0119245593821865,0.07146082908794774,0.297113600503431,0.20517682551580857,0.24017314695280798,0.4547402564351717,0.09503185774372215,0.04843533826584674,0.13970256851612783,-0.10898911237894289,0.1638441214712401,-0.1294335938403735,-0.027170467848433952,-0.23355913694896746,0.2096049824863384,0.3381612737544941,-0.14083436286826118,-0.023246667314463926,0.07891327382852807,-0.15734116242590818,-0.033230148484385776,-0.16503051587797352,-0.10072692106590411,-0.23785773446790395,0.0060097077046229585,-0.09089891123789429,-0.06691421776167539,-0.33498382820416717,-0.1357982018998968,-0.10198688673264944,-0.20238852103258884,-0.21387674269030202,0.029732506003692444,-0.1689316435079147,-0.18070952308240443,-0.13001152153694526,-0.23355450982569625,-0.23879704049195574,-0.07265925401518622,-0.04308638376434987,0.046602534738127956,-0.09043388534913958,-0.12489716218529778,-0.1001041102736018,-0.09621316231485723,-0.04582564074089498,-0.09778314524077236
#201,0.4956639227825668,0.4061633281972265,0.6749159020345461,0.44766307139188494,0.08941961992809451,0.27234969946834353,0.27769171328493364,0.1563218071692648,0.18965606592725237,0.49942022145411974,0.07050810440640949,-0.11388090710124608,0.006932818797225577,0.1259632513869802,-0.051280093652975006,-0.2026809552233281,1.0,0.6217900489086929,-0.2696090543548171,-0.013091057158853768,-0.026527297713738393,-0.11546939852024597,0.43304367541655675,0.2301142436735657,0.3227543413984092,0.18207544987206004,0.11399658518302586,0.20025125279362568,-0.015083033727101524,-0.10131086402272843,0.0392777985998325,0.10150797947408118,0.3023149497725769,0.05204865882831985,-0.24831364492381441,-0.16365857382806534,-0.05395272005441497,-0.23545116765455748,0.3956074718786583,0.06599943549096092,-0.1636770823211501,-0.352049121540647,-0.025252987964852373,0.018012465470092588,0.17253247083755557,0.21699496106275767,-0.06529565004141276,0.13401444587885267,-0.000403022436920742,0.17282906943923892,0.19188819019327494,0.278372825830453,0.32032371354405254,0.03636317365130924,0.24613288172610207,-0.20364062058977314,-0.051235210557244455,0.015164933809001606,-0.030529296630991545,0.3131401046655284,-0.15990273786883957,0.21384574096438502,-0.1329428041292448,-0.06555661979390794,0.16708171962409252,0.055182146707570434,0.027924226229310976,0.1678632407445967,0.013011933350916402,-0.19131442690764724,0.13960123451648876,0.09948546389224355,-0.319766145189874,-0.06878311285090946,-0.3674523521981149,0.05424978136842543,-0.1912797234831133,0.04079040519718486,0.36260081344827105,-0.018050870593243475,0.01803745193575702,-0.01664422511880139,-0.26789100348422384,-0.2570700130022164,-0.14356806729688085,-0.294366940129652,-0.217038918733834,0.06921436073978447,-0.1729762119592628,-0.017863934813087356,0.12228839008500025,-0.15249702707329826,-0.04542955898888102,-0.20845005251784912,-0.23068661882221203,0.6109015024269262,0.3042560279848415,0.581239791409283,0.4845449455618947,0.338766964190693,0.4355802643938237,0.2961007232193673,0.1874748400172129,0.3244446295293753,0.37773520824368284,0.39786226904870975,0.20845097794250336,-0.034026476399357755,0.030327091344040498,-0.14723413706464553,-0.08420624013844352
