,#10,#11,#12,#13,#17,#18,#26,#49,#50,#51,#52,#53,#54,#58,#101,#102,#201,#202,#301,#302,#401,#402,#501,#502,#601,#602,#701,#702,#801,#802,#901,#902,#1001,#1002,#1101,#1102,#1201,#1202,#1301,#1302,#1401,#1402,#1501,#1502,#1601,#1602,#1701,#1702,#1801,#1802,#1901,#1902,#2001,#2002,#2101,#2102,#2201,#2202,#2301,#2302,#2401,#2402,#2501,#2502,#2601,#2602,#2701,#2702,#2801,#2802,#2901,#2902,#3001,#3002,#3101,#3102,#3201,#3202,#3301,#3302,#3401,#3402,#3455,#3501,#3502,#3601,#3602,#3701,#3702,#3801,#3802,#3901,#3902,#4001,#4002,#4101,#4102,#4201,#4202,#4301,#4302,#4401,#4402,#4501,#4502,#4601,#4602,#4701,#4702,#4801,#4802
#10,1.0,0.13789259216545574,0.4071041402375735,0.5764656133471726,0.2429400684273248,0.3291661861377004,0.15624495444585398,0.6581555376158075,0.276684734555799,0.4005381924422404,0.26183062314996347,-0.058493830008072886,-0.0034521200937992543,-0.18702956214200592,-0.005143582055126283,0.049821243224541574,0.16660131472725176,0.23988774843347557,0.27298658363126127,0.11344327836081959,-0.1394687271748741,0.14655749048552646,0.09645177411294353,0.1663168415792104,0.07967554684196364,0.19173490177987929,-0.06429093145734825,0.3403836543266828,0.021896743935724446,0.04633068081343943,-0.030238726790450927,0.04899088917079922,0.16212662899319571,0.2206819667089532,0.09786645138968977,0.021358551493484028,0.034236727789951175,0.06908084419328797,0.19083535155499173,0.0919002037442817,0.08950140314458156,-0.02004382424172529,-0.03535924345519548,0.11491177488178987,0.11814092953523238,0.08687963710452466,0.03359858532272325,0.4048052896628609,-0.1321800638142467,0.02245031330488602,0.03603582823972629,0.037019951562680196,-0.06644370122630992,-0.005158958982047438,-0.28015992003998,-0.1309652865874755,-0.269080844193288,-0.21749894283627416,-0.160119940029985,-0.08468073655479952,-0.0020297543535924343,-0.043316803136893095,0.08410410179525622,-0.002967746895782878,0.14680352131626495,0.32223119209625956,0.08117479721677623,-0.0709414523507477,0.12611386614385114,-0.00399800099950025,0.11614192903548226,0.048160535117056855,-0.14180602006688964,-0.1376311844077961,-0.302756314150617,-0.16258793680083036,-0.33575519932341524,-0.34499673240302925,0.19501787567754583,0.10849190789220774,-0.21473878445392688,-0.06536731634182909,-0.1787337100680429,-0.08209741283204551,-0.011094452773613194,-0.0685272748241264,-0.07766885787875293,0.058078652981201705,-0.015361549994233652,0.0607696151924038,-0.10889170799215776,-0.1027255602967747,-0.02873178795217776,-0.04184061815246223,-0.09475262368815592,0.10117249067773805,0.05717910275631415,0.33989159266520586,0.24788375043247607,0.20203744281705302,0.1663860377503556,0.11278207050320993,0.1309268442701726,0.3958097874139853,0.27357859531772577,0.4200361357782647,0.4454311305885519,-0.13947641563833468,-0.16685503402145083,-0.030992196209587514,-0.1578364663821935
#11,0.13789259216545574,1.0,0.2301080229116211,0.12525275823626647,-0.06798908238188597,0.07114904086418329,0.3245761734517357,-0.11783339099680928,-0.030723099988467305,0.41549994233652404,0.025002883173797716,-0.13806942682504902,0.1138507669242302,-0.02964671510398647,0.0203129204628455,0.19903894206742784,0.22546419098143236,0.26382962364971363,0.016868488832506825,0.17951793334102178,-0.18106331449659785,0.1712143928035982,0.3268827124899089,-0.0060277553530926845,0.1641333179564064,-0.05196632453004267,0.11904047976011994,0.11488102102794756,-0.02075885134355899,0.04593856917694999,-0.21962095875139354,-0.39131972475300814,-0.1802637142966978,-0.20273709299196555,0.058301618421558454,-0.09565986237650406,-0.2977203705839388,0.017552762080498212,0.06276861569215392,0.09260754238265483,-0.1688002152769769,-0.005235843616653212,-0.023526698189366854,0.03598969745896283,0.15182408795602198,0.34785684081036405,0.09304578479990774,-0.010179525621804483,-0.14057586591319723,-0.17905662553338716,-0.1579748587244839,-0.18450005766347596,-0.063422135086303,0.1136816207280975,-0.1736977665013647,-0.13481720678122477,-0.17933341021796795,-0.1773420981816784,0.10222581017183716,0.048245108215123206,0.03367546995732903,0.10475531465036712,0.028531887902202745,0.017898742936224194,0.23068465767116442,0.20352900472840502,0.003529004728405028,-0.08542651751047553,0.059524084111790256,0.17255987390919925,0.10066505208933994,0.07694614231345866,-0.19541767577749586,-0.20932610617768038,-0.32615230846115406,-0.26499827009572136,-0.34056817744973666,-0.19841617652712107,0.046176911544227886,0.11266674355130127,-0.04888325068235113,0.08729481413139584,0.052358436166532116,-0.11722600238342368,-0.19849306116172682,0.1299042786299158,0.09304578479990774,-0.08385807096451774,0.12085495713681621,-0.3048706416022758,0.15852842809364548,-0.036850805366547494,0.10119555606811978,0.320039980009995,0.2663206858109407,0.30036520201437744,-0.06612078576096567,0.179041248606466,0.14032983508245878,-0.21556913850766923,-0.16957675008649523,-0.16337984853726983,-0.16302617921808327,0.11063698919770884,-0.11703379079690923,-0.25741744512359205,-0.14894091415830546,-0.004220966439856994,0.06609772037058394,0.21352400722715564,0.1766655133971476
#12,0.4071041402375735,0.2301080229116211,1.0,0.48867873755429975,-0.10706185368854035,0.4760465920885711,0.08842501826010071,0.20934917156806213,0.0016299542536424095,0.5106908084419329,0.13651635720601238,-0.07204859108907084,0.11991696459462577,-0.2044900626609772,-0.2555645254295929,-0.04010302541037174,0.5640948756391035,0.36430246415253914,0.2426940375965863,-0.0829892745934725,-0.3638411563449045,-0.06665128973974552,0.10390958366970361,0.055333871525775576,-0.04733786952677507,-0.2761157882597163,0.38230115711375084,0.5528389651328182,0.10789989620574328,-0.20110713873832314,0.06235343866528274,-0.17367470111098296,0.05245069772805905,-0.16629377618882865,0.078322377272902,-0.24297082228116712,-0.2126859647099527,-0.35867450889939645,0.224833736977665,-0.03145350401722216,0.11199784723023104,-0.0707031099834698,-0.07984469303809634,-0.2694883327566986,0.017867989082381887,0.21042555645254296,-0.056687041094837194,0.5523469034713413,0.32877407450121093,0.4969745896282628,0.41706070041902127,0.46183831161342404,0.4196055818244724,0.5383769653634721,-0.07247914504286318,-0.24985199707838388,-0.30603928804828356,-0.4550493983777342,0.016530196440241417,0.16929996540191442,-0.226471379694768,-0.04322454157536616,-0.3322800138392342,-0.35116288009841234,0.5114980971052935,0.5186637450505517,-0.04433168031368931,-0.1631491946334525,-0.3510091108292008,-0.2952908161303963,0.19686310690808442,-0.09980394418175528,-0.3886979587129512,-0.2899627109522162,-0.510452466074655,-0.1788721024103333,-0.3439972321531542,-0.13796178833660094,-0.1577442048206666,-0.12204666897320571,-0.2094875639103525,0.05727905278130166,0.0721639180409795,-0.013339484104101795,-0.4083419828547265,-0.1510014223657402,-0.12319993849229231,-0.1279975396916926,0.23220697343635874,-0.0015376926921154808,-0.10746934225195094,0.22524122554107562,0.23036174220582017,0.126644370122631,0.12574481989774344,0.2772306154615,-0.20072271556529428,0.4034136777764964,0.6587706146926536,0.32695959712451467,0.4481374697266751,0.37149886595163956,0.12176988428862492,0.32893553223388305,0.26115403836543266,0.11398147080306001,0.18314688809441435,-0.21131741821396993,0.06661284742244263,0.0323914965594126,-0.010548571867912198
#13,0.5764656133471726,0.12525275823626647,0.48867873755429975,1.0,-0.10757698074039904,0.34639603275285435,0.11120593549379157,0.33673932264636913,0.09703609733594741,0.5278130165686388,0.2969053934571176,-0.13251066774305156,0.014354361280898013,-0.0841425441125591,-0.3126283012339984,-0.14179833160342906,0.2835966632068581,0.0628455003267597,0.23269134663437513,0.15153192634452003,-0.22491831007573138,-0.03498250874562719,0.0882251182101257,-0.04856802368046746,0.02091262061277054,-0.0016760850344058739,0.11515780571252836,0.3675700611232845,0.024710721562295774,-0.004636143466728174,-0.060292930457848,0.071318187060316,0.34065275054780303,0.3052550647753047,0.11486564410102641,-0.04248644908315073,0.08472686733556299,0.049767423980317534,0.24554645754046053,0.2830815361549994,-0.022788605697151423,-0.0770999115826702,-0.21390843040018453,-0.09797408987813785,0.09712067043401376,0.0013070387882981587,-0.11800253719294199,0.389666705108984,0.2012993503248376,0.218575327720755,0.13141890593164957,0.08202821666090032,0.2383500557413601,0.1134740322146619,-0.22948525737131434,-0.05491100603544382,-0.18250874562718641,-0.2112635989697459,0.050228731787952174,0.10742321147118748,-0.12954292084726868,-0.04556183446738169,-0.11672625225848614,-0.204966747395533,0.18100180678891323,0.2870334063737362,0.15411525006727406,-0.113235689847384,-0.14690347134125245,-0.12462999269595972,0.04060277553530927,-0.07088763310652366,-0.1470264867566217,-0.17784184830661592,-0.26762772459923884,-0.08302771691077539,-0.2613693153423288,-0.15271594971744898,-0.15027870680044594,-0.057786491369699766,-0.286764310152616,-0.07207934494291315,0.027117210625456502,-0.007011878676046592,-0.25949333025794796,-0.26984200207588516,-0.1651558835966632,0.02090493214930996,0.16704724560796524,-0.04285549532925845,-0.16144235574520432,-0.03389843539768577,0.07973705454964826,0.022173528620305232,-0.0242263483642794,0.054318994348979355,-0.013685464959827778,0.36540191442740166,0.3191634951754892,0.0906085418829047,0.18967439357244456,0.06968054434321301,0.25255064775304653,0.4466459078153231,0.3941875216238035,0.2337523545919348,0.42335755199323416,-0.19674777995617576,-0.0893168800215277,-0.017306731249759736,-0.036904624610771534
#17,0.2429400684273248,-0.06798908238188597,-0.10706185368854035,-0.10757698074039904,1.0,0.04826817360550494,-0.17186791219774727,0.35564525429592897,0.3480874947141814,-0.15351554991734903,0.06875024026448315,0.40940299081228615,0.16044285549532925,0.12072425325798639,-0.026225348864029524,-0.10305616422557952,-0.0665897820320609,0.22271172106254564,0.015284665359627879,-0.10863030023449814,-0.15020951062930074,-0.15888209741283205,0.14952523738130935,0.12575250836120402,0.14084496213431746,0.20539730134932535,-0.15260062276554032,-0.11261292430707723,0.20874947141813707,0.05694076038903625,0.19552531426594394,0.1960173759274209,-0.06552108561104063,-0.09785876292622919,0.06382193518625302,0.12373044247107215,0.13849229231538077,0.13797716526352208,0.11244377811094453,0.09332256948448853,0.07262522584861415,-0.09085457271364318,0.4516126552108561,0.29143120747318646,0.2500518971283589,0.027709222311920963,-0.06769692077038404,-0.0024833736977665014,-0.15217006881174797,-0.15825933187252528,0.02999269595971245,-0.12757467420136087,-0.2245723292200054,-0.27377080690424016,-0.07819936185753278,0.011932495290816131,0.12823588205897052,0.15021719909276132,0.004789912735939723,0.030307922961596127,-0.13321800638142467,-0.17129896590166455,0.22653288740245262,0.2085418829047015,-0.20186829662092032,0.004728405028255103,-0.07549302271940952,0.06675123976473302,0.06811209779725522,0.013062699419521009,-0.0760158382347288,-0.025479567908353516,-0.02205820166839657,0.05718679121977473,0.11189020874178296,0.11887902202744781,0.0019913120362895476,-0.012870487833006573,0.40002306539038174,0.13305654864875255,0.23074616537884904,0.31797947180256025,-0.26853496328758697,0.033529389151578055,0.4800830354053742,-0.09806635143966479,-0.062222734786452925,0.18028677968707954,-0.09197708837888748,0.3640333679314189,0.40532810517818013,0.03529773574751086,0.13238765232768232,-0.16496367201014878,-0.02662514896397955,0.09968861722984662,0.19980009995002498,0.10416330296390267,-0.2561949794333602,0.05900126859647099,0.014000691961711453,0.1769346096182678,-0.0239880059970015,0.032683658170914544,-0.019913120362895477,0.10700803444431631,-0.008580325222004382,-0.21852919693999154,-0.3091454272863568,-0.2569330719255757,-0.06848114404336293
#18,0.3291661861377004,0.07114904086418329,0.4760465920885711,0.34639603275285435,0.04826817360550494,1.0,0.08341982854726483,0.25865528774074503,-0.05476492522969285,0.298481528466536,0.07360934917156806,-0.16853880751931727,0.33546303771191327,-0.20437473570906856,-0.32614461999769345,-0.17044554645754045,0.18296236497136048,0.3647560834967132,0.1630876869257679,-0.045846307615423056,-0.22863183792719025,-0.1267135662937762,-0.032437627340176065,0.13362549494483528,-0.17028408872486833,-0.1649252296928459,0.09160804213277976,0.33971475800561257,0.18488448083650483,-0.00867258678353131,0.25303502095106295,0.030430938376965363,0.12570637758044054,0.29960404413178027,0.11838696036597086,-0.11931726444470073,-0.10029600584323223,-0.17502018221658402,0.04250182601007189,-0.15000192211586513,0.028447314804136394,-0.09366086187675393,-0.05337331334332834,-0.12443778110944528,0.0031138277015338484,0.030776919232691345,-0.024210971437358245,0.3131280513589359,0.22056663975704455,0.38454618844423943,0.37031484257871067,0.353115749817399,0.2516203436743167,0.3964940606619767,-0.18741398531503478,-0.17769576750086497,-0.2371275900511283,-0.3630953753892285,-0.19562526429093147,-0.06579787029562142,-0.049498327759197325,0.05035943566678199,-0.24145619497943335,-0.1544766078499212,0.27573136508668744,0.3703225310421712,0.1664552339215008,-0.15031714911774882,-0.2842886249183101,-0.14218275477645792,0.27293276438703723,-0.01092530657748049,-0.1977242148156691,-0.3046630530888402,-0.23272210048821743,-0.10637758044054896,-0.1061930573174951,-0.09792027063391381,0.04868335063237612,-0.09192326913466344,0.1617268288932457,0.33051166724330144,-0.17085303502095106,-0.1449121593049629,-0.059470264867566215,-0.09924268634913312,-0.03796563256833122,-0.1261292430707723,0.1725137431284358,-0.0917694998654519,0.07942951601122515,-0.04662284242494138,0.21112520662745551,-0.052335370776150386,-0.11312036289547533,0.04147157190635452,-0.05820166839657095,0.21743743512858954,0.32735939722446467,0.29358397724214813,0.3517318263944951,0.27453196478683733,0.4188674893322569,0.19471802560258333,0.2786222273478645,0.34615000192211587,0.4589782032060893,0.018460000768846345,0.03978010994502749,0.022365740206819668,-0.11092915080921079
#26,0.15624495444585398,0.3245761734517357,0.08842501826010071,0.11120593549379157,-0.17186791219774727,0.08341982854726483,1.0,-0.10254872563718141,-0.09995771345096682,0.20788836351055243,0.2976819282666359,-0.3715142428785607,-0.03129204628455003,0.15761350094183676,0.21170952985045938,0.09372236958443855,-0.06690500903394457,0.035551455041709916,0.03461346249951947,0.3873678545342713,0.008295852073963019,-0.10816130396340291,-0.030154153692384576,-0.20009226156152693,-0.021604582324222504,0.03648944758390036,-0.04586168454234421,-0.05594126013916119,-0.04837581209395302,0.1124514665744051,-0.11865605658709107,-0.004720716564794526,-0.07811478875946642,0.0546111559604813,-0.023949563679698613,0.11453504017222157,-0.18493830008072887,0.1521931342021297,-0.0940760389036251,-0.025425748664129475,-0.34407411678775995,0.007511628800984123,-0.2889247683850383,-0.04528504978280091,0.03817322108176681,0.004566947295582977,-0.15199323415215468,-0.037204474685734054,-0.00580478991273594,-0.07547764579248838,-0.1398377734209818,-0.14365893976088878,-0.05986237650405567,-0.10522431092146235,-0.22933917656556338,0.08759466420635836,-0.04527736131934033,-0.035812862799369544,0.11091377388228962,0.06133087302502595,-0.04098719870833814,0.055549148502671744,0.10763079998462308,0.14417406681274747,0.07543920347518548,0.2451159035866682,0.20572790527813017,-0.07668473455579902,0.2256871564217891,0.3206627455503018,0.15320801137892592,0.22268865567216392,0.005843232230038827,-0.1318879022027448,-0.08072886633606274,-0.09462960827278669,-0.12122400338292393,-0.0980971052935071,0.010833045015953561,0.13067312497597355,-0.21603044631530388,-0.3330873025025949,-0.022019759351093685,-0.15649098527659247,-0.15326951908661055,-0.03676623226848114,0.02261945950101872,-0.1949563679698612,-0.27676930765386537,-0.37122976973051935,-0.2606004689962711,-0.03785030561642256,-0.22152769768961672,0.2898243186099258,0.12283858070964518,0.19185022873178795,0.093568600315227,-0.004051820243724292,0.035190097259062775,-0.09113135739822396,-0.08874024526198439,-0.24486987275592972,-0.17796486372198517,-0.01577672702110483,0.05098988967054934,-0.05804021066389882,0.040233729289201554,-0.059385691769499864,0.06802752469918887,0.13046553646253797,0.11457348248952447
#49,0.6581555376158075,-0.11783339099680928,0.20934917156806213,0.33673932264636913,0.35564525429592897,0.25865528774074503,-0.10254872563718141,1.0,0.33350247952946604,0.18660669665167418,0.15905124360896475,0.0400492061661477,0.2575712143928036,-0.1473647791488871,-0.0749240764233268,-0.14205973936108868,0.08503440587398609,0.25721754507361705,0.22258101718371584,0.028408872486833506,-0.01756045054395879,-0.06552108561104063,-0.02707107984469304,0.04701495406143082,-0.04225579517933341,0.12447622342674816,-0.21407757659631724,0.14149079306500595,0.14136777764963673,0.18551493484027218,-0.04693038096336447,0.11545765578749087,0.08178987429362242,0.13906892707492408,0.15962787836850806,0.261584592319225,0.1198016376427171,0.23440587398608387,0.20488217429746666,0.05638719101987468,0.14738015607580826,0.05844769922730942,0.19005881674547342,0.23449813554761081,0.04652289239995387,-0.058463076154230575,-0.06836581709145427,0.2622996194210587,-0.10690039595586821,0.07616191904047977,0.06552108561104063,0.03372928920155307,-0.15829777418982816,-0.22063583592818975,-0.19395686771998616,-0.002152769768961673,-0.05431130588551878,0.10148002921616114,-0.3549302271940953,-0.31948641064083344,-0.08848652596778533,-0.19062776304155615,0.1559374159074309,0.039526390650828434,0.05128205128205128,0.2561949794333602,0.015300042286549033,0.12448391189020874,0.16946142313458656,-0.010587014185215085,0.2789143889593665,0.05180486679737054,0.1415753661630723,0.04394725714066044,0.074447391688771,0.19743205320416715,0.0639987698458463,-0.13730826894245185,0.2232422250413255,0.07295582977741898,-0.09021643024641525,0.16717794948679507,-0.18197824164840656,-0.22053588590320225,0.19726290700803445,-0.19736285703302195,-0.24697651174412794,0.1932956598623765,0.048129781263214544,0.16649367623880368,0.11431976319532541,-0.16238034828739475,-0.10407872986583631,-0.3583285280436705,-0.4068273555529927,-0.08085957021489255,-0.07536231884057971,0.3454964825279668,0.05404220966439857,0.3044631530388652,0.12966593626263792,0.045846307615423056,0.10518586860415946,0.46006996501749126,0.359973859224234,0.49004728405028253,0.38719870833813863,-0.08065967016491754,-0.2458001768346596,-0.26003152270018837,-0.3837696536347211
#50,0.276684734555799,-0.030723099988467305,0.0016299542536424095,0.09703609733594741,0.3480874947141814,-0.05476492522969285,-0.09995771345096682,0.33350247952946604,1.0,0.19225002883173797,0.34634990197209087,0.17816476377196017,-0.09518317764194825,-0.017045323492100105,0.03958789835851305,-0.09193095759812402,0.057371314342828585,0.04048744858340061,-0.09264598469995772,-0.12114711874831816,-0.1450121093299504,-0.0632837427440126,0.28065967016491755,0.22203513627801483,0.2610694652673663,0.17795717525852459,-0.10703878829815862,0.07574674201360858,-0.06944989043939569,-0.005466497520470534,-0.021458501518471534,0.12369968861722985,0.12858955137815709,0.05739437973321032,-0.008049821243224542,0.041002575635259296,0.06439856994579633,0.19166570560873408,0.05671010648521893,0.18068657978702957,0.10621612270787684,-0.1438665282743244,0.14231345865528774,0.12981970553184946,0.26999577134509667,0.16002767846845808,-0.06615153961480798,-0.029677468957828777,-0.30767693076538655,-0.2580402106638988,-0.1601968246645908,-0.19039710913773883,-0.14918694498904395,-0.29399146580555874,-0.04014146772767462,-0.012839733979164264,0.18238573021181717,0.1400761157882597,0.010479375696767,0.02131242071272056,-0.10231807173336409,-0.1538230884557721,0.2517587360166071,0.10978356975358475,-0.2743474416637835,-0.14619613270287932,-0.09926575173951485,0.38571483489024716,0.1676085034405874,0.11295890516280321,-0.10392496059662476,-0.19233460192980434,0.0070272556029677465,-0.021643024641525392,-0.010856110406335294,-0.008887863760427479,-0.1318879022027448,-0.06550570868411948,0.29336870026525197,0.06776611694152923,0.03745050551647253,0.10218736785453428,-0.11796409487563911,0.06097720370583939,0.29563679698612233,-0.010602391112136239,-0.10144158689885827,0.08483450582401107,-0.1444354745704071,0.2867181793718525,0.20465920885710992,0.1762503363702764,0.17020720409026255,-0.16013531695690617,-0.1539691692615231,0.039903125360396724,0.018260100718871332,0.09348402721716065,-0.09097758812901241,-0.05285818629146965,-0.14618844423941876,0.13793103448275862,-0.11951716449467574,0.038511513474032213,0.08914004536193441,0.06616691654172914,-0.0280705800945681,-0.19694768000615076,-0.30789989620574326,-0.21688386575942797,-0.08218198593011186
#51,0.4005381924422404,0.41549994233652404,0.5106908084419329,0.5278130165686388,-0.15351554991734903,0.298481528466536,0.20788836351055243,0.18660669665167418,0.19225002883173797,1.0,0.29730519355706764,-0.19417214469688232,0.11627263291431207,0.10964517741129436,-0.17120670434013763,-0.14320532041671472,0.41510014223657404,0.07711528850959136,0.15084765309652867,-0.07050320993349479,-0.15454580402106638,-0.07252527582362665,0.27447045707915274,-0.05140506669742052,0.22344212509130051,-0.17777265213547072,0.2513820013070388,0.32000153769269213,0.08535732133933034,-0.018306231499634798,-0.11174412793603199,-0.10120324453158036,0.30842271172106256,0.04063352938915158,0.07157190635451505,-0.117456656287241,-0.21816783915734442,-0.16625533387152577,0.2164071810248722,0.11288970899165801,0.0844808365048245,-0.10988351977857225,-0.26748933225694843,-0.20763464421635336,0.22805520316764694,0.07744589243839618,0.10080344443163033,0.32261561526928845,0.049767423980317534,0.12312305385768654,0.175566063122285,0.10676200361357782,0.3104755314650367,0.24053357936416409,-0.01842155845154346,-0.24655364625379617,-0.07510091108292008,-0.4211894052973513,0.15851305116672432,0.16065044400876485,-0.24690731557298273,-0.1549840464383193,-0.04666897320570484,-0.04899857763425979,0.23043862684042593,0.3177026871179795,0.22067427824549263,-0.17191404297851073,-0.097989466805059,0.008434244416253412,0.03704301695306193,-0.037834928689501404,-0.32317687310191057,-0.3734671125975474,-0.4861184792219275,-0.40634298235497635,-0.5162880098412332,-0.4233114212124707,0.01729135432283858,-0.11192096259562527,-0.22804751470418635,-0.184899857763426,0.30740783454426635,0.019828547264829122,-0.41784492369200016,-0.1452581401606889,-0.17924883711990158,-0.16025064390881483,0.06648983200707338,-0.24053357936416409,-0.24897551224387807,-0.001237842617152962,0.08113635489947334,0.005997001499250375,0.03701226309921962,0.16929227693845386,-0.25012878176296466,0.33506323761196327,0.28069811248222043,0.05651020643524392,0.1107523161496175,0.11109829700534349,-0.0479068158228578,0.30497828009072386,0.2616845423442125,0.16289547533925344,0.26612847422442626,-0.3225541075616038,-0.1283435205474186,0.04076423326798139,0.045877061469265366
#52,0.26183062314996347,0.025002883173797716,0.13651635720601238,0.2969053934571176,0.06875024026448315,0.07360934917156806,0.2976819282666359,0.15905124360896475,0.34634990197209087,0.29730519355706764,1.0,-0.020797293660861877,-0.27966785837850305,0.07960635067081843,-0.04368584938300081,-0.0520585860915696,0.023734286702802445,0.06660515895898204,0.1553915350017299,0.2263637412063199,0.013616268788682582,-0.0759773959174259,0.03568984738400031,-0.263422135086303,-0.015822857801868297,0.08461154038365433,-0.12437627340176066,0.14731864836812364,0.1422596394110637,-0.1021412370737708,0.005174335908968593,0.31294352823588206,0.0755699073540153,0.1204474685734056,0.1150040364433168,-0.16681659170414792,0.10192596009687464,0.09702840887248683,0.3381770653134971,0.17126821204782225,-0.08008303540537423,-0.1631491946334525,-0.25903971091377387,-0.18085572598316227,-0.02091262061277054,-0.05179717833390997,-0.4138853650098028,0.16725483412140082,-0.08742551801022566,-0.00033060392880482836,-0.11764117941029485,-0.1518163994925614,-0.041133279514089106,-0.11501941337023795,-0.12825125898589168,0.15693691615730596,-0.06664360127628494,0.007442432629838926,0.02321915965094376,0.038211663399069694,-0.15095529158497675,-0.12672125475723678,0.015915119363395226,0.0005305039787798408,0.0386883481336255,0.40461307807634644,0.17106062353438664,0.0038749855841310114,0.17970245646407565,0.1903432898935148,0.27300196055818243,0.3430054203667397,0.1525006727405528,0.030484757621189407,-0.012709030100334449,-0.07658478453081152,-0.10968361972859723,-0.08581094068350441,-0.16861569215392302,-0.012455310806135394,-0.0868335063237612,-0.33595509937339024,-0.1394379733210318,0.1953407911428901,-0.011032945065928574,-0.15809787413985316,-0.1510398646830431,-0.01572290777688079,-0.1973397916426402,-0.008634144466228424,-0.16191135201629955,-0.08408103640487448,-0.04299388767154884,-0.10793065005958559,0.021666090031907122,-0.04123322953907661,0.008941683004651521,-0.12053204167147195,-0.035243916503286815,0.036520201437742664,0.08695652173913043,-0.04986737400530504,0.04510052665974705,0.23544381655326183,0.2369584438549956,0.15379233460192981,0.28777149886595166,-0.26976511744127935,-0.06943451351247454,-0.105339637873371,0.08184369353784646
#53,-0.058493830008072886,-0.13806942682504902,-0.07204859108907084,-0.13251066774305156,0.40940299081228615,-0.16853880751931727,-0.3715142428785607,0.0400492061661477,0.17816476377196017,-0.19417214469688232,-0.020797293660861877,1.0,0.018237035328489602,0.28049821243224543,-0.04673816937685003,-0.2395110137239073,-0.10367892976588629,-0.29170799215776727,-0.1327643870372506,-0.37237535078614536,-0.06218429246915004,-0.1507938338523046,0.03836543266828124,-0.06322223503632798,0.23462115096298006,0.01899050474762619,-0.07565448045208165,-0.11242840118402338,0.18163994925614116,0.057563525929343023,0.06050051897128359,0.16540191442740168,0.005474185983931111,-0.26565178948987045,0.06431399684772998,-0.2068119786260716,0.25204320916464845,-0.04185599507938338,0.28756391035251605,0.18310075731365086,0.24762234267481645,-0.07137200630454003,0.1403529004728405,-0.11534232883558221,-0.08840964133317956,-0.15276976896167302,-0.04826817360550494,-0.11229769730519355,-0.08384269403759659,-0.21124822204282473,-0.061246299926959596,-0.07377080690424019,-0.08112866643601277,-0.10493983777342099,0.3879521777572752,-0.01768346595932803,0.1535539922346519,0.03366778149386845,0.24104870641602275,0.19205012878176297,0.07387075692922769,0.08830200284473148,0.04052589090070349,0.007034944066428324,-0.13322569484488525,-0.12482220428247415,0.24536962288086725,0.0064121785261215545,-0.21591511936339522,-0.26786606696651677,-0.21392380732710567,-0.23380617383615884,-0.06999577134509669,0.022988505747126436,-0.009295352323838081,-0.03594356667819936,0.01397762657132972,0.11391996309537539,-0.09286126167685388,-0.1550916849267674,-0.019620958751393535,0.03462883942644063,0.20750394033752353,0.6391804097951025,0.33075769807403993,0.16367969861223233,0.14715719063545152,0.14714950217199094,-0.014623457502018222,0.48007534694191367,0.16652443009264598,0.2188136700880329,0.06010840733479414,0.04625379617883366,0.25161265521085613,-0.10802291162111252,-0.031676469457578904,0.16438703725060547,-0.14516587859916197,0.015323107676930766,0.01729904278629916,0.1814938684503902,-0.19088917079921577,-0.015046322992349979,-0.2537192941990543,-0.18868258178603006,-0.30524737631184407,-0.0790374043747357,0.005843232230038827,0.045000576634759544,0.21882904701495406
#54,-0.0034521200937992543,0.1138507669242302,0.11991696459462577,0.014354361280898013,0.16044285549532925,0.33546303771191327,-0.03129204628455003,0.2575712143928036,-0.09518317764194825,0.11627263291431207,-0.27966785837850305,0.018237035328489602,1.0,0.24691500403644331,-0.29205397301349323,-0.2696421020259101,0.038895936647061084,-0.01640718102487218,-0.1966324530042671,-0.22236574020681968,-0.15029408372736708,-0.36024295544535423,0.07544689193864607,-0.032906623611271286,-0.09051628032137778,-0.19941567677699612,0.039311113673932266,-0.036950755391535,0.0886710490908392,0.22417252912005536,-0.18556875408449622,0.05035174720332142,-0.08760235266981893,-0.04643063083842694,0.12540652750547804,0.25136662438011764,-0.13873063468265867,0.0022834736477914887,-0.222796294160612,-0.1587590819974628,-0.15556836966132317,0.0836658593780033,0.1647868373505555,-0.014246722792449928,0.1315726752008611,0.08354284396263406,0.07559297274439704,0.1038096336447161,0.20875715988159765,0.3044862184292469,0.38178603006189216,0.28005228155153195,0.21866758928228194,0.06761234767231769,0.12017068388882482,-0.1388844039518702,0.2896859262676354,0.09998846730480913,-0.22427247914504286,-0.1601968246645908,-0.05177411294352824,-0.17350555491485026,0.05232768231268981,0.1710529350709261,0.1581516933840772,0.026655902817821858,0.07622342674816437,0.00908776381040249,-0.2262945450351747,-0.1552838965132818,-0.14067581593818476,-0.3462422634836428,-0.011025256602467996,0.05305039787798409,0.2150693883827317,0.21406988813285666,0.23990312536039674,0.08617229846615154,0.27750740014608083,-0.08530350209510629,0.10963748894783377,0.3341636873870757,0.2138161688386576,-0.19269595971245146,0.1409679775496867,-0.00921077922577173,-0.07615423057701919,-0.023434436627839925,0.19029715911275133,-0.15260831122900087,0.07425518010225657,-0.02147387844539269,-0.0018913620113020413,-0.09211548072117787,-0.30567024180217583,-0.06540575865913197,-0.33100372890477836,0.22555645254295928,0.09671318187060315,0.14864875254680351,0.06365278899012032,-0.17830315611425057,-0.025748664129473724,-0.10491677238303924,-0.05859378003306039,-0.018429246915004038,-0.125352708261254,0.15200861107907584,-0.18958213201091761,-0.22203513627801483,-0.2829892745934725
#58,-0.18702956214200592,-0.02964671510398647,-0.2044900626609772,-0.0841425441125591,0.12072425325798639,-0.20437473570906856,0.15761350094183676,-0.1473647791488871,-0.017045323492100105,0.10964517741129436,0.07960635067081843,0.28049821243224543,0.24691500403644331,1.0,0.049444508514973284,-0.16395648329681314,-0.07011109829700535,-0.37638104024910624,-0.35710606235343867,-0.18020989505247376,0.03106139238073271,-0.27287125667935264,0.25561834467381694,-0.08511897897205244,0.3308960904163303,0.09053165724829892,0.03669703609733595,-0.23106908084419328,-0.021097143735824397,0.18432322300388268,-0.347057240610464,0.004820666589782032,0.07311728751009111,-0.18054049898127858,0.037481259370314844,0.06648214354361281,-0.04280167608503441,0.05774804905239688,0.043747357090685425,0.08800215276976896,-0.07078768308153616,-0.012593703148425787,-0.03811171337408219,-0.30896090416330296,0.2971360473609349,-0.11638027140276015,0.030038826740475914,-0.24138699880828815,-0.00219121208626456,-0.20242186599008188,-0.04187906046976512,-0.19528697189866606,0.028439626340675817,-0.14648060585092068,0.34281320878022525,0.07396301849075462,0.5357321339330335,0.241171721831392,0.32027063391381233,0.2654980202206589,-0.18201668396570944,-0.2408949371468112,0.15785953177257525,0.1742820897243686,-0.2632837427440126,-0.20592780532810517,0.32486064659977704,-0.10873793872294622,0.023734286702802445,0.05266597470495522,-0.18180140698881328,-0.12865874754930226,0.05504170991427363,0.12067043401376235,0.09211548072117787,0.029808172836658594,-0.0446392188521124,0.04738400030753854,0.14671894821819859,0.01868296620920309,-0.3044554645754046,-0.2563103063852689,0.41183254526582863,0.28654903317571984,0.20781147887594664,-0.0503901895206243,-0.06858878253181101,-0.020197593510936838,-0.2473609349171568,0.0954368969361473,-0.08514973282589475,0.07623111521162496,-0.03342943912659055,-0.08849421443124592,0.06144619997693461,-0.059331872525275824,-0.01989774343597432,-0.01403913427901434,-0.21919809326106177,-0.24451620343674316,-0.2698958213201092,-0.3935032483758121,-0.3988005997001499,-0.09831238227040326,-0.16236497136047362,-0.20361357782647138,-0.34173682389574445,-0.202383423672779,-0.20192980432860494,-0.17924883711990158,0.1289893514781071
#101,-0.005143582055126283,0.0203129204628455,-0.2555645254295929,-0.3126283012339984,-0.026225348864029524,-0.32614461999769345,0.21170952985045938,-0.0749240764233268,0.03958789835851305,-0.17120670434013763,-0.04368584938300081,-0.04673816937685003,-0.29205397301349323,0.049444508514973284,1.0,0.5667320186060816,-0.08591857917195249,0.001752969669011648,-0.07495483027716911,0.20848806366047745,0.2752008611079076,0.3917272133164187,0.2075885134355899,0.15313881520778072,0.3315111674931765,0.472809748971668,-0.2482527966785838,-0.057671164417791104,0.16119632491446584,0.2577172951985546,-0.09477568907853766,-0.0074962518740629685,-0.13979933110367893,-0.11526544420097644,0.1251835620651213,0.09582132010917618,0.25318879022027446,0.3072771306654365,0.11528082112789759,0.18333141121746818,0.19301887517779573,0.24132549110060356,-0.08922461846000077,0.3231230538576865,-0.12071656479452582,0.2066428324299389,0.24958290085726367,-0.11311267443201477,-0.49417598892861264,-0.4236343366778149,-0.5221081766808904,-0.4679967708453466,-0.5763579748587245,-0.2623765040556645,-0.09370699265751739,0.4382347287894514,-0.18109406835044017,0.1287125667935263,-0.2192596009687464,-0.3348787144889094,0.0021758351593434053,-0.02502594856417945,0.43003882674047594,0.3504555414600392,-0.2814823357551993,-0.09952715949717449,-0.019805481874447393,0.18674508899396455,0.611117518163995,0.389866605158959,0.13087302502594855,0.2981970553184946,0.07593895360012301,0.18593011186714334,-0.059770114942528735,-0.18852112405335794,-0.20460538961288585,-0.3808019067389382,0.3371160573559374,0.563049244608465,-0.09679006650520894,-0.17912582170453234,-0.024418559950793835,-0.023788105947026485,0.028970130319455657,-0.02253488640295237,-0.11298197055318494,0.2598085572598316,-0.2388267404759159,-0.05254295928958597,0.05377311344327836,-0.1254526582862415,-0.2518740629685157,-0.10470149540614308,0.008180525122054357,-0.037588897858762925,0.4479990773843847,-0.16830046515203936,-0.3672010148771768,-0.2421865990081882,-0.425525698689117,-0.27804559258832123,-0.3706300695805943,-0.07795333102679429,-0.20239880059970014,-0.03651251297428209,-0.17074539653250298,-0.09622880867258678,-0.08219736285703302,-0.08391957867220236,-0.047699227309422214
#102,0.049821243224541574,0.19903894206742784,-0.04010302541037174,-0.14179833160342906,-0.10305616422557952,-0.17044554645754045,0.09372236958443855,-0.14205973936108868,-0.09193095759812402,-0.14320532041671472,-0.0520585860915696,-0.2395110137239073,-0.2696421020259101,-0.16395648329681314,0.5667320186060816,1.0,0.1076923076923077,0.2001691461961327,-0.06773536308768692,0.48065967016491756,-0.12335370776150387,0.798815976627071,0.20473609349171568,0.3623265290431707,0.12117787260216045,0.5535309268442702,-0.236204974435859,0.2135470726175374,0.02297312882020528,0.20874947141813707,0.025963941106369893,-0.1042171222081267,-0.17179871602660207,0.03336024295544535,0.13500172990427864,-0.0698189366855034,0.16548648752546805,0.28783300657363625,0.04500826509822012,0.1864529273824626,0.0315073232614462,0.1632568331219006,-0.05657940260638911,0.2945527236381809,-0.10424787606196902,0.45908584169453737,0.2496751624187906,-0.11580363664321686,-0.45937031484257873,-0.2818898243186099,-0.4443778110944528,-0.3717295198554569,-0.5114289009341483,-0.07862991581132511,-0.4333986852727482,0.4222581017183716,-0.46419098143236076,0.14588090570099566,-0.30035751355091683,-0.37375158574558875,0.1251835620651213,0.13773882289624417,0.3583285280436705,0.19489486026217662,-0.15852842809364548,-0.1290893015030946,-0.09296121170184139,0.3550609310729251,0.4659747049552147,0.5167031868681045,0.13777726521354708,0.2512051666474455,0.042471072156229576,0.20531272825125899,-0.24492369200015376,-0.2619536385653327,-0.27586206896551724,-0.29116211125206626,0.21257063775804405,0.7813170337907969,-0.1681851382001307,0.11473494022219659,-0.07224849113904586,-0.2385499557913351,-0.11826394495060162,0.039226540575865915,0.03034636527889901,-0.023741975166263023,-0.071318187060316,-0.13955330027294044,0.08734863337561988,-0.2583169953484796,-0.08620305231999385,-0.032768231268980895,-0.0033444816053511705,-0.0055587590819974626,0.6605774036058893,-0.2330680813439434,-0.2064275554530427,-0.21921347018798293,-0.28787913735439974,-0.2137854149848153,-0.22428785607196403,-0.03536693191865606,-0.2191288970899166,-0.0532502979279591,-0.08784069503709684,0.008049821243224542,-0.1837081459270365,0.0790758466920386,-0.04473916887709991
#201,0.16660131472725176,0.22546419098143236,0.5640948756391035,0.2835966632068581,-0.0665897820320609,0.18296236497136048,-0.06690500903394457,0.08503440587398609,0.057371314342828585,0.41510014223657404,0.023734286702802445,-0.10367892976588629,0.038895936647061084,-0.07011109829700535,-0.08591857917195249,0.1076923076923077,1.0,0.271464267866067,-0.028808672586783532,-0.06417560450543959,-0.18300849575212394,0.11804097951024488,0.29762042055895127,0.20923384461615346,0.14910237189097758,-0.19899281128666435,0.45671779494867953,0.39862376504055663,0.07134125245069772,-0.12084726867335563,0.06167685388075193,-0.3176258024833737,0.26882712489908894,-0.13764656133471725,-0.19351093683927267,-0.23983392918925153,-0.427217160650444,-0.297243685849383,0.04610002690962211,-0.0422942374966363,0.06722023603582825,-0.054019144274016835,0.0734632683658171,-0.16527121054857186,0.3624726098489217,0.307576980740399,0.24087956021989004,0.23122285011340485,0.11866374505055165,0.20202975435359244,0.1320186060815746,0.18648368123630493,0.2787606196901549,0.3728520355207012,0.01791411986314535,-0.067097220620459,-0.15991235151654942,-0.2579248837119902,-0.052035520701187866,0.12373044247107215,-0.44236343366778147,-0.227763041556145,-0.3048091338945912,-0.21783723522853957,0.20269096221120209,0.2219736285703302,-0.20627378618383116,0.01134048360435167,-0.1526313766193826,-0.0760773459424134,0.23425210471687233,-0.009133894591165955,-0.2638603775035559,-0.08993964556183447,-0.38092492215430745,-0.10705416522507977,-0.3054088340445162,-0.07240226040825741,0.02196594010686964,0.08950909160804213,-0.20568946296082727,-0.03227616960750394,0.1762195825164341,0.007650021143274516,-0.3862837811863299,-0.3087686925767885,-0.26963441356244955,-0.10593933802329604,0.1425364240956445,0.01045631030638527,-0.01190174143697382,0.01273209549071618,0.4291008341982855,-0.08724868335063238,0.014469688232806673,0.41442355745204323,-0.07998308538038673,0.32465305808634143,0.3140891092915081,0.16497136047360936,0.020535885903202246,0.3197478183984931,-0.06613616268788683,0.24017991004497752,0.14791066005458808,0.10360973359474109,0.045169722830892246,-0.32752085495713684,-0.09282281935955099,-0.16262637911813324,-0.18069426825049015
