,#10,#11,#12,#13,#17,#18,#26,#49,#50,#51,#52,#53,#54,#58,#101,#102,#201,#202,#301,#302,#401,#402,#501,#502,#601,#602,#701,#702,#801,#802,#901,#902,#1001,#1002,#1101,#1102,#1201,#1202,#1301,#1302,#1401,#1402,#1501,#1502,#1601,#1602,#1701,#1702,#1801,#1802,#1901,#1902,#2001,#2002,#2101,#2102,#2201,#2202,#2301,#2302,#2401,#2402,#2501,#2502,#2601,#2602,#2701,#2702,#2801,#2802,#2901,#2902,#3001,#3002,#3101,#3102,#3201,#3202,#3301,#3302,#3401,#3402,#3455,#3501,#3502,#3601,#3602,#3701,#3702,#3801,#3802,#3901,#3902,#4001,#4002,#4101,#4102,#4201,#4202,#4301,#4302,#4401,#4402,#4501,#4502,#4601,#4602,#4701,#4702,#4801,#4802
#10,1.0,0.439334179064314,0.14083727367085688,0.5678929765886288,0.38279321877522776,0.47151808711029103,-0.010348671817937185,0.8500595855918195,0.41581516933840773,0.31577288278937454,0.4435167031868681,0.36814669588282783,0.1373313343328336,0.01916733940721947,-0.21604582324222504,-0.36695498404643834,0.04894475839003575,-0.007142582554876408,-0.1714219813170338,-0.2025910121862146,-0.05993157267520086,-0.3114673432514512,-0.03425210471687233,-0.09653634721100988,0.13224925998539191,-0.15354630377119133,-0.10291777188328913,0.07204090262561028,-0.20329066236112714,-0.19902356514050668,0.0012609080075346943,0.013170337907969093,0.1404144081805251,-0.08856341060239112,0.10976819282666359,-0.004659208857109906,-0.08716411025256603,-0.12013993003498251,0.13042709414523507,-0.022673278745242765,-0.019951562680198362,-0.27300196055818243,-0.24175604505439588,-0.18616845423442124,0.1807480874947142,-0.038680659670164916,-0.07055702917771883,0.34162149694383576,-0.1366778149386845,-0.05706377580440549,0.15845154345903972,-0.4424018759850844,-0.1704993657017645,-0.16895398454618846,-0.0719332641371622,-0.03370622381117134,-0.05762503363702764,-0.07214854111405836,-0.4337369776650136,-0.3876138853650098,0.1794487371698766,0.16096567101064851,0.016122707876830816,-0.13945335024795294,0.3438357744204821,-0.0591012186214585,0.06412178526121555,-0.07030330988351978,-0.3218467689232307,-0.2782916234190597,-0.07644639218852112,-0.0724407027255603,0.18376965363472111,0.08746396032752854,0.2593011186714335,0.11671856379502557,0.30094952523738133,0.05027486256871564,-0.0379041248606466,-0.2736708568792527,-0.06885787875293123,0.08918617614269789,-0.047399377234459694,0.3403144581555376,0.3017029946565179,0.30072655979702456,0.14761849844308614,-0.01743743512858955,-0.21974397416676278,0.3226463691231307,0.3844231730288702,0.13821550763079998,0.2605389612885865,-0.17306731249759735,-0.0068504209433744665,-0.1068081343943413,-0.1263060777303656,0.27939876215738285,0.12273863068465767,0.1645484949832776,0.2310306385268904,0.0027063391381232462,-0.02786299158113251,-0.004812978126321455,0.3237073770806904,0.17749586745088994,0.07014185215084766,0.22305770191827162,0.00079960019990005,-0.23605120516664743,-0.3365701764502364
#11,0.439334179064314,1.0,0.2572944297082228,0.34666512897397456,0.16626302233498635,0.11123668934763388,0.45271979394917927,0.4895552223888056,0.6557721139430285,0.6222350363279898,0.4477376696267251,-0.03746588244339369,-0.05768654134471226,-0.0855725983162265,-0.303302195056318,-0.18445392688271248,0.263568215892054,0.21700688117479722,-0.2246030830738477,-0.124260946449852,-0.021727597739591743,-0.056663975704455465,-0.017268288932456848,-0.2577864913696998,0.0977203705839388,-0.0919386460615846,0.17183715834390498,0.08006765847845308,-0.3710606235343867,-0.21039480259870064,-0.03312958905162803,0.051574212893553226,0.26988044439318803,0.13274901011032944,-0.21979779341098682,-0.22139699381078692,-0.13467881443893437,-0.1663091531157498,-0.014315918963595126,-0.1482181985930112,-0.24007996001999002,-0.230546265328874,-0.062168915542228885,-0.015853611655710607,0.07580056125783262,-0.16394879483335256,-0.07056471764117941,0.15868219736285702,0.23533617806481374,0.17390535501480028,0.17216007380924922,-0.051927882212739786,0.32695959712451467,-0.09642870872256179,-0.1624034136777765,-0.1837312113174182,-0.020981816783915735,-0.22949294583477492,-0.027786106946526737,-0.06363741206319917,0.04340906469842002,0.10207972936608618,-0.2218736785453427,-0.2804674585784031,0.18548418098642985,0.1069080844193288,-0.13143428285857073,-0.13132664437012262,-0.15306193057317496,-0.1731134432783608,-0.04649213854611156,-0.02690962211202091,-0.2235497635797486,-0.32427632337677315,-0.08401952869718987,0.005466497520470534,-0.08166685887825319,0.08341982854726483,-0.20288317379771653,-0.3479567908353516,-0.07295582977741898,-0.13493253373313344,-0.051566524430092645,0.07211009879675546,0.0838734478914389,0.08868642601776035,0.19733210317917965,-0.16378733710068044,-0.12948141313958406,-0.1842463383692769,0.05215084765309653,-0.2287471648790989,-0.0020528197439741666,0.06712797447430131,0.17604274785684082,0.17433590896859263,0.10377887979087379,0.2579787029562142,0.04451620343674317,0.08887094914081421,0.12214661899819321,-0.036504824510821515,0.0970053434821051,-0.06924230192596009,0.2128320455157037,0.14717256756237265,-0.08520355207011879,0.03023103832699035,0.08872486833506324,-0.07794564256333372,-0.0855034021450813
#12,0.14083727367085688,0.2572944297082228,1.0,0.25807096451774114,-0.09409910429400685,0.10658516895398455,0.09480644293237997,0.2615153961480798,0.11338177065313497,0.3693999154269019,0.0068504209433744665,-0.03529004728405028,0.14110636989197708,-0.3431361242455695,-0.38972052435320803,-0.14180602006688964,0.7098988967054934,0.616630146465229,-0.19667089532156998,-0.2786452927382463,-0.22633298735247762,-0.043393687771498865,0.27352477607350173,-0.1846845807865298,0.14894091415830546,0.08488832506823511,0.4011148272017837,0.40705800945681003,-0.22461077153730827,-0.23808864798370047,0.19963864221735286,-0.231784107946027,0.1607965248145158,-0.20507438588398108,-0.327190251028332,-0.2679429516011225,-0.25561065621035634,-0.25564141006419866,-0.0906085418829047,-0.06306846576711644,-0.3049244608464998,-0.2738553800023065,-0.05931649559835467,0.09715142428785607,0.07676161919040479,0.10785376542497982,0.11983239149655942,-0.06271479644792988,0.36033521700688115,0.22158151693384076,0.2162380348287395,0.3443047706915773,0.47137200630454,0.003867297120670434,-0.028670280244493137,-0.17254449698227808,0.21697612732095492,0.031730288701802944,0.10334832583708146,0.17332872025525697,0.008657209856610157,0.08248952446853497,-0.18113251066774305,-0.03194556567869911,0.45810940683504403,0.41577672702110485,0.11438127090301003,-0.2721716065044401,-0.27320954907161804,-0.02298081728366586,0.13996078883635105,-0.05013647022642525,-0.09429900434398185,-0.10420943374466612,-0.28869411448122095,0.08335063237611963,-0.15563756583246838,-0.08326605927805328,-0.13773113443278362,-0.06000845730980663,-0.15912043978010995,0.007457809556760082,0.04984430861492331,-0.15931265136662437,0.07215622957751894,0.0926152308461154,0.1206550570868412,-0.008195902048975513,-0.037834928689501404,-0.35707530849959634,0.06020066889632107,0.04014146772767462,0.2262637911813324,-0.025541075616038134,-0.15579133510167992,0.6102179679391073,0.3556068119786261,0.3688770999115827,0.3385230461692231,0.2409948871717987,0.057455887440894936,0.5770653134970976,0.022219659401068695,0.012524506977280591,0.11554222888555722,0.0745473417137585,-0.225379617883366,0.0025833237227540075,0.2129319955406912,-0.150186445238919,-0.17486641294737246
#13,0.5678929765886288,0.34666512897397456,0.25807096451774114,1.0,0.08784838350055742,0.13282589474493522,-0.032737477415138584,0.5248837119901588,0.3989851228232038,0.619613270287933,0.35088609541383153,0.032145465728674126,0.0987044939068927,-0.24604620766539806,-0.06632068581094068,-0.21819859301118671,0.14628839426440626,-0.058163226079268056,-0.032383808095952024,-0.228508822511821,-0.29213085764809904,-0.16510206435243915,-0.13312574481989775,-0.037996386422173525,0.10926844270172606,-0.14716487909891207,-0.06491369699765502,0.2511282820128397,-0.1982316534040672,-0.08374274401260907,-0.024764540806519818,0.14200592011686464,0.012216968438857494,0.09532925844769922,0.1889824318609926,0.06228424249413755,0.0503901895206243,0.09370699265751739,0.2684580786529812,0.1626725098988967,-0.05185868604159459,-0.01741436973820782,-0.28265867066466766,-0.0575712143928036,0.07473186483681236,0.05376542497981778,-0.05970091877138354,0.3659477953331027,0.06570560873409449,0.20345980855725984,0.2732479913889209,-0.11601891362011302,0.04935993541690693,-0.026640525890900702,-0.007473186483681236,0.07423211471187484,-0.047430131088302005,0.14761080997962558,-0.3626878868258179,-0.11903279129665936,0.08418098642986199,0.034213662399569446,0.09998077884134855,-0.059554837965632566,0.3777188328912467,0.21967477799561758,0.017568139007419367,-0.25404220966439856,-0.3504247876061969,-0.242463383692769,-0.30196440241417755,-0.1909814323607427,0.04283242993887672,0.06383731211317419,0.09718217814169838,-0.038865182793218774,0.16680890324068734,-0.1283127666935763,-0.16975358474608848,-0.2339906969592127,-0.1636643216853112,-0.11696459462576404,0.1085072848191289,0.03299888517279822,0.051105216622458004,0.1208242032829739,0.06755852842809365,-0.15824395494560412,-0.17354399723215316,0.007265597970245646,0.1467497020720409,-0.1565524929842771,0.07935263137661938,-0.06582093568600315,0.03987237150655441,-0.18943605120516666,-0.17635797485872448,0.2504516972283089,0.14034521200937994,0.10815361549994233,0.2826432937377465,0.012955060931072925,0.09426825049013955,-0.01157882597162957,0.28015992003998,8.457309806635144e-05,-0.11409679775496867,0.03237611963249145,-0.017552762080498212,-0.042248106715872834,-0.179041248606466
#17,0.38279321877522776,0.16626302233498635,-0.09409910429400685,0.08784838350055742,1.0,0.3845846307615423,0.015361549994233652,0.30617768039057397,0.0020681966708953215,0.003429054703417522,0.2733940721946719,0.45178948987044937,-0.07630799984623073,0.18840579710144928,-0.4106562103563603,-0.08698727559297274,-0.17838004074885633,-0.10169530619305732,-0.015569138507669241,0.02092799753969169,-0.04691500403644332,-0.055380002306539035,0.02082035905124361,-0.08321992849728982,0.06753546303771191,0.024979817783415983,-0.04665359627878368,-0.08282012839733979,0.00716564794525814,-0.09557528927843771,-0.20924153307961404,0.20471302810133396,0.030338676815438434,0.0653288740245262,0.08691039095836697,0.10813823857302118,-0.09879675546841964,0.009487563910352517,0.06279168108253566,-0.10608541882904701,0.01652250797678084,-0.12431476569407604,-0.3317110675431515,-0.10353284896013532,0.08069042401875985,-0.014938684503901895,-0.03199938492292315,-0.00257563525929343,-8.457309806635144e-05,-0.23305270441702225,-0.07376311844077961,-0.37055318494598855,-0.2846269173105755,0.00861876753930727,-0.016422557951793332,0.03622035136278015,-0.05551070618536885,-0.059793180332910464,-0.02348825587206397,-0.07273286433706223,0.21001806788913235,0.16066582093568602,0.016330296390266404,-0.2574481989774344,0.08738707569292277,-0.17076846192288472,-0.06166147695383078,0.17544304770691577,-0.09279975396916926,0.04635374620382117,0.18773690078037905,0.04187137200630454,0.2518202437242917,0.2732018606081575,0.14938684503901895,0.1790720024603083,0.27051858686041597,0.2649905816322608,-0.2052127782262715,-0.24596163456733172,0.15626033137277515,0.11234382808595703,-0.08830200284473148,0.2712874332064737,0.4150155691385077,0.3274209049321493,0.1907815323107677,0.12150847653096529,0.039141967477799564,0.3404836043516703,0.24005689462960828,0.07211778726021605,0.29449121593049626,-0.10527044170222581,-0.1633183408295852,-0.2324606927305578,0.10008072886633607,0.020658901318571482,-0.15047091838696036,-0.04141775266213047,-0.05927805328105178,-0.11159035866682043,0.01065621035636028,-0.07952177757275208,-0.060562026678968206,-0.04526967285587975,0.019421058701418522,0.2464075654480452,0.09094683427517011,-0.04563871910198747,0.09422211970937608
#18,0.47151808711029103,0.11123668934763388,0.10658516895398455,0.13282589474493522,0.3845846307615423,1.0,-0.04441625341175566,0.5227924499288817,0.060177603505939335,0.12198516126552109,0.22089724368584937,0.6087494714181371,0.02454926382962365,0.34191365855533773,-0.10960673509399146,-0.3660477453580902,0.20546649752047053,-0.12815899742436473,-0.00497443585899358,-0.18317764194825664,0.15769038557644255,-0.3311498097105294,0.08935532233883059,-0.18034059893130358,0.10219505631799485,-0.04383961865221236,-0.04237112213124207,-0.22394956367969862,0.03534386652827432,-0.054703417522008226,-0.21848306615922808,0.16347979856225733,-0.012985814784915235,0.07563141506169992,0.11558067120286011,0.13091146734325146,-0.07929881213239534,-0.1359320339830085,0.09293045784799908,-0.28579556375658327,0.15238534578864413,-0.2907930650059586,-0.3130281013339484,-0.29728212816668587,0.19881597662707107,-0.1643716603236843,0.18134009918117863,-0.12022450313304886,0.09019336485603352,-0.4322223503632799,-0.007357859531772575,-0.43548225887056474,-0.06057740360588936,-0.182516434090647,0.028885557221389305,-0.09630569330719256,0.15374620382116633,-0.09758966670510899,-0.19562526429093147,-0.18393111136739324,0.2121093299504094,0.22066658978203207,0.08246645907815323,-0.25058240110713875,0.05889363010802291,-0.25357321339330335,0.0606312228501134,0.114873332564487,-0.011924806827355553,0.016653211855610656,0.18467689232306925,0.1586591319724753,0.16775458424633838,0.10287164110252565,0.3219928497289817,0.10317917964094876,0.2132702879329566,0.1797947180256026,-0.025594894860262177,-0.22438011763349094,0.14368200515127053,0.20505132049359936,-0.1440664283242994,0.27118748318148617,0.4910544727636182,0.29172336908468843,0.1910890708491908,0.29626725098988965,0.020089955022488757,0.4574943297581978,0.30519355706762,0.36101949025487257,0.2745550301772191,-0.2666205358859032,-0.07680006150770768,-0.09439126590550878,-0.08917079921577672,0.13291815630646214,-0.04391650328681813,0.21850613154960982,-0.03163802714027602,0.10266405258909007,-0.070772306154615,0.09784338599930804,0.21083304501595357,0.22138161688386576,0.23495175489178488,0.3412447622342675,0.0005843232230038827,-0.12349978856725484,-0.13839234229039327
#26,-0.010348671817937185,0.45271979394917927,0.09480644293237997,-0.032737477415138584,0.015361549994233652,-0.04441625341175566,1.0,0.12714412024756852,0.27944489293814634,0.23043093837696535,0.3427055702917772,0.06368354284396263,-0.0632529888901703,0.20505900895705992,-0.24138699880828815,0.18446161534617306,0.15755968169761272,0.25339637873371007,-0.2449544458539961,0.1857763425979318,-0.09291508092107792,0.04376273401760658,-0.02821666090031907,-0.14267481643793486,-0.12186983431361242,-0.015384615384615385,0.04455464575404605,-0.01800638142467228,0.02659439511013724,0.17967939107369393,-0.0013531695690616231,0.07579287279437205,0.08598008687963711,0.05208933994541191,-0.22277322877023026,-0.17705762503363703,-0.14657286741244763,-0.08002152769768962,-0.2325913966093876,-0.18998193211086764,-0.0988428862491831,0.05817091454272864,0.2362357282897013,0.3250759235766732,-0.0053819244224041825,-0.17773420981816784,0.005727905278130166,0.09323799638642218,0.11397378233959943,0.19871602660208357,0.10397109137738823,0.12983508245877062,0.3834774920232192,0.03908045977011494,-0.1780186829662092,-0.1393687771498866,-0.10014223657402069,-0.19981547687694615,0.19386460615845924,0.11962480298312382,-0.08784069503709684,0.06136931534232883,-0.22254257486641293,0.07742282704801445,-0.015615269288432706,-0.0008995502248875562,0.047591588820974126,0.3096451774112943,0.16677814938684504,0.1878137854149848,0.2336831584207896,0.24711490408641834,-0.2670587783031561,-0.05498789067004959,-0.26891169799715525,0.00198362357282897,-0.2786606696651674,0.06919617114519663,0.0367124130242571,0.09799715526851958,0.3445046707415523,0.06892707492407642,0.16497904893706994,-0.17297505093607043,0.15965863222235036,-0.010725406527505478,0.10663898819820859,0.05275823626648214,0.27935263137661936,-0.03959558682197363,-0.028178218583016185,-0.2387806096951524,-0.07433975320032292,0.0016068888632606775,0.05587206396801599,0.2720947218698343,0.19771652635220852,0.08856341060239112,-0.10949909660554338,-0.1375004805289663,-0.06226117710375582,-0.0922077422827048,0.09269211548072118,-0.22687117979471802,-0.06954984046438319,-0.0653288740245262,-0.24694575789028564,-0.05345788644139469,0.08079037404374735,-0.09442201975935109,0.09653634721100988
#49,0.8500595855918195,0.4895552223888056,0.2615153961480798,0.5248837119901588,0.30617768039057397,0.5227924499288817,0.12714412024756852,1.0,0.5862991581132511,0.3781570753084996,0.6367277899511783,0.46599008188213586,0.21198631453504016,0.07487025717910276,-0.22939299580978742,-0.39178103256064273,0.24107946026986507,0.08074424326298389,-0.2041210164148695,-0.297443585899358,-0.09984238649905816,-0.4059508707184869,0.061130972975050935,-0.21709914273632414,0.11101372390727714,-0.1381078691423519,-0.05209702840887249,0.004051820243724292,-0.19927728443470571,-0.2062968515742129,-0.0024141775266213047,-0.008280475147041864,0.17871064467766118,-0.07545458040210663,-0.060100718871333565,-0.05180486679737054,-0.1823472878945143,-0.3038865182793219,0.03904970591627263,-0.202729404528505,-0.16142697881828316,-0.3176488678737554,-0.1630799984623073,-0.15267750740014607,0.09905047476261869,-0.09492176988428863,-0.015561450044208665,0.1661476953830777,-0.040625840925691,-0.05122823203782724,0.20780379041248606,-0.36364125629492944,0.03234536577864914,-0.324606927305578,-0.09342251950947603,-0.24377811094452773,0.0733940721946719,-0.13229539076615537,-0.4050051897128359,-0.3061315496098105,0.1512013224157152,0.2097259062776304,-0.1330104178679891,-0.17334409718217814,0.3562065121285511,-0.12127782262714797,0.142090493214931,0.0741398531503479,-0.3471033713912275,-0.35800561257832625,-0.06570560873409449,-0.15021719909276132,0.17516626302233498,0.03379079690923769,0.1507938338523046,0.1535539922346519,0.2329681313189559,0.11049090839195787,0.06882712489908892,-0.22760158382347287,0.10601622265790182,0.10007304040287548,0.04427786106946527,0.2837350555491485,0.3940721946718948,0.31418137085303505,0.18047899127359399,0.005351170568561873,-0.2510360204513128,0.3081843693537846,0.38808288163610505,0.11102910083419829,0.15126283012339983,-0.15879752431476568,-0.04629223849613655,0.05060546649752047,-0.18733710068042903,0.29466805059008955,0.07957559681697612,0.21988236650905316,0.12611386614385114,0.04247876061969016,-0.016929996540191443,0.007949871218237035,0.3825318110175681,0.27130281013339486,0.14308230500134547,0.16646292238496135,0.0410333294891016,-0.2517433590896859,-0.33450966824280165
#50,0.41581516933840773,0.6557721139430285,0.11338177065313497,0.3989851228232038,0.0020681966708953215,0.060177603505939335,0.27944489293814634,0.5862991581132511,1.0,0.5424595394610388,0.6439241917502787,0.16533271825625648,0.03065390381732211,-0.12053204167147195,-0.09991927113366393,-0.198908238188598,0.13536308768692576,0.10413254911006035,-0.18205512628301235,-0.17471264367816092,0.0669280744243263,-0.1135124745319648,0.14509668242801677,-0.19205012878176297,0.2424941375466113,-0.020497443585899357,0.017867989082381887,0.017368238957444354,-0.23379079690923768,-0.25233537077615037,-0.07152577557375159,-0.07854534271325876,0.18348518048667975,0.021074078345442664,-0.24094106792757466,-0.3284434705724061,-0.137323645869373,-0.3057932572175451,0.07633106523661247,-0.19893130357897973,-0.13645484949832776,-0.22648675662168916,0.050267174105255066,-0.09728212816668588,0.03515165494175989,-0.01921347018798293,-0.14023757352093183,0.11353553992234652,-0.005274285933956099,0.1749202321915965,0.07692307692307693,-0.11448890939145812,0.21927497789566755,-0.15173951485795564,0.03196863106908084,-0.22080498212432245,0.12466074654980203,-0.19797024564640756,-0.17418213969938107,-0.13475569907354015,-0.10789989620574328,-0.03047706915772883,-0.3592511436589398,-0.20867258678353132,0.17920270633913812,-0.0404566947295583,-0.16232652904317071,-0.13883058470764617,-0.18402337292892015,-0.31880982585630263,-0.08138238573021182,-0.1671702610233345,-0.13528620305232,-0.132902779379541,0.007619267289432207,0.037127590051128284,-0.09113904586168455,-0.04629223849613655,0.015376926921154808,-0.19285741744512358,0.015246223042324992,-0.21882904701495406,0.11944027986006997,0.01693768500365202,0.052796678583785034,-0.05324260946449852,-0.0473301810633145,-0.1537308268942452,-0.10746934225195094,-0.06727405528005229,-0.06944989043939569,-0.16440241417752663,-0.035382308845577214,-0.0635605274285934,0.002975435359243455,0.0916618613770038,-0.06655902817821858,0.06788913235689847,-0.03670472456079652,-0.03440587398608388,0.07864529273824626,-0.13013493253373312,0.14054511205935494,0.03359089685926268,0.1820089955022489,0.15673701610733096,-0.026048514204436244,-0.09457578902856265,-0.116364894475839,-0.11151347403221466,-0.18517664244800677
#51,0.31577288278937454,0.6222350363279898,0.3693999154269019,0.619613270287933,0.003429054703417522,0.12198516126552109,0.23043093837696535,0.3781570753084996,0.5424595394610388,1.0,0.4377426671279745,-0.007119517164494675,-0.10473993772344597,-0.14062199669396072,-0.06841194787221774,-0.2793833852304617,0.3553223388305847,0.12904317072233115,0.007980625072079344,-0.3572290777688079,-0.17741898281628415,-0.23532848960135316,-0.015215469188482681,-0.21467727674624226,0.12642140468227425,-0.12293084227117211,0.11731057548149003,0.23962634067581595,-0.31215161649944256,-0.13567831468880945,-0.12359205012878176,0.2658670664667666,0.19920039980009996,0.17766501364702264,0.033775419982316535,-0.041671471956329524,0.008787913735439972,-0.05037481259370315,0.16224964440856496,-0.018283166109253065,-0.1849921193249529,-0.10920693499404144,-0.33656248798677585,-0.1495790566255334,-0.0882251182101257,-0.18915926652058587,0.0009303040787298658,0.22233498635297735,0.33662399569446044,0.13840771921731443,0.2481836005074386,-0.011601891362011302,0.3494791066005459,-0.09082381885980087,-0.1374620382116634,-0.08873255679852382,-0.032083958020989505,0.004697651174412794,-0.06858109406835045,-0.03438280859570215,0.10874562718640679,0.2156844654595779,0.04302464152539115,-0.3422596394110637,0.262130473224926,0.09059316495598355,-0.18832122400338291,-0.24880636604774536,-0.18206281474647293,-0.1783569753584746,-0.13574751085995465,-0.1755737515857456,-0.030623149963479798,-0.1316803136893092,-0.06106946526736632,-0.06202283473647791,0.07017260600468997,0.03736593241840618,-0.2469226924999039,-0.3491946334525045,-0.112489908891708,-0.3181332410717718,-0.07289432206973437,0.0002767846845807865,0.03973397916426402,0.13229539076615537,0.20930304078729867,-0.26697420520508974,-0.1874447391688771,-0.25062084342444163,-0.044024141775266215,-0.27942182754776457,-0.00918002537192942,0.024595394610387115,0.08120555107061854,0.09620574328220505,0.029746665128973976,0.2987736900780379,0.08240495137046862,0.19361857532772075,0.22198900549725137,0.02208895552223888,0.2238496136547111,0.002329604428554953,0.2969976550186445,0.09068542651751048,-0.03664321685311191,0.053611655710606235,-0.043747357090685425,0.089693614731096,0.02700188367354784
#52,0.4435167031868681,0.4477376696267251,0.0068504209433744665,0.35088609541383153,0.2733940721946719,0.22089724368584937,0.3427055702917772,0.6367277899511783,0.6439241917502787,0.4377426671279745,1.0,0.3520009226156153,-0.018436935378464615,0.13471725675623727,-0.13228001383923424,-0.14836427939876215,0.12835889747433976,0.07954484296313381,-0.004113327951408911,-0.11818706031599585,-0.12883558220889554,-0.21403913427901433,0.02611771037558144,-0.17178333909968094,-0.004674585784031062,-0.14336677814938684,-0.08957059931572675,0.06968054434321301,-0.0819667089532157,-0.11325875523776573,-0.19557913351016798,0.12917387460116095,0.2665820935686003,0.04480067658478453,-0.1116364894475839,-0.08708722561796026,-0.14696497904893707,-0.23768884788375044,-0.08889401453119594,-0.2111559604812978,-0.09692077038403875,-0.14864106408334293,-0.1627109522161996,-0.09663629723599738,-0.07872217737285203,-0.11610348671817937,-0.02917003036943067,0.15806712028601083,0.12679045092838195,0.09921193249529081,0.25914734940222195,-0.20518202437242916,0.09694383577442048,-0.277176796217276,-0.22348825587206397,-0.305685618729097,-0.06608234344366279,-0.15241609964248645,-0.19960019990004998,-0.17524314765694077,-0.006104639987698459,0.09569061623034636,-0.09646715103986468,-0.14941759889286127,0.18660669665167418,-0.13253373313343328,-0.039526390650828434,0.22481836005074385,-0.07641563833467882,-0.24922154307461653,0.11375850536270327,-0.15699842386499058,0.23887287125667936,0.07609272286933456,-0.06398339291892516,0.015115519163495175,0.06722023603582825,0.0046822742474916385,0.04624610771537308,-0.10961442355745205,0.15614500442086648,-0.107523161496175,0.16022757851843308,0.2328989351478107,0.32226963441356243,0.18258563026179217,0.08803290662361127,-0.018306231499634798,-0.08136700880329066,0.13496328758697573,0.06646676661669165,-0.2187137200630454,0.0025218160150693885,-0.061922884711490406,-0.07942951601122515,0.09203090762311152,-0.19770114942528735,0.23952639065082842,-0.09493714681120978,0.0646138469226925,0.1387921423903433,-0.07394764156383347,0.16142697881828316,-0.015884365509552915,0.1707069542152001,0.192795909737439,0.0962903163802714,-0.03728135932033983,-0.04932918156306462,-0.14826432937377465,-0.16663206858109406
#53,0.36814669588282783,-0.03746588244339369,-0.03529004728405028,0.032145465728674126,0.45178948987044937,0.6087494714181371,0.06368354284396263,0.46599008188213586,0.16533271825625648,-0.007119517164494675,0.3520009226156153,1.0,0.265659477953331,0.38440779610194903,-0.22346519048168223,-0.26526736631684156,0.12638296236497137,-0.007280974897166801,-0.2043209164648445,-0.10509360704263253,0.03012339983854227,-0.30954522738630685,0.05493407142582555,-0.23203013877676545,-0.026309921962095875,-0.11998616076577096,-0.19195017875677545,-0.24972898166301466,0.15303117671933264,0.04686887325567985,0.05991619574827971,0.03904201745281206,0.03505170491677238,-0.12270018836735479,0.15973551685695614,0.11065236612462999,-0.05016722408026756,-0.20741167877599662,-0.07278668358128627,-0.373182639449506,0.10964517741129436,-0.20212970437857994,-0.16344904470841504,-0.2636604774535809,0.014608080575097066,-0.11909429900434398,0.11465805558759082,0.06603621266289932,-0.061169415292353826,-0.16126552108561104,0.07126436781609195,-0.4627147964479299,-0.14829508322761695,-0.30043439818552264,-0.08069042401875985,-0.1432822050513205,-0.0015992003998001,-0.11834851804866797,-0.26603621266289934,-0.3089839695536847,0.21943643562833967,0.21333179564064123,-0.084380886479837,-0.13236458693730058,-0.011179025871679545,-0.31021412370737705,0.26929612117018414,0.39141198631453505,-0.14299004343981855,0.05967785338100181,0.14905624111021412,0.13507092607542381,0.2588321224003383,0.36956906162303466,0.35640641217852614,0.31309729750509363,0.20618152462230424,0.20349825087456272,0.12001691461961327,-0.013900741936723946,0.2999961557682697,0.4294314381270903,0.06240725790950678,0.3112290008841733,0.5766116941529236,0.4347057240610464,0.2235113212624457,0.33505554914850266,0.042117402837043016,0.5759351093683928,0.15170876100411332,0.3301579979241149,0.19593280282935455,-0.2653980701956714,-0.05311959404912928,-0.10246415253911506,-0.1349094683427517,0.08824049513704686,-0.21195556068119786,0.17190635451505018,0.003467497020720409,0.06475992772844347,0.1628416560950294,0.026702033598585324,0.05760196824664591,0.21054088340445162,0.21862145850151848,0.29444508514973283,0.04345519547918349,-0.12436858493830008,-0.061461576903855765
#54,0.1373313343328336,-0.05768654134471226,0.14110636989197708,0.0987044939068927,-0.07630799984623073,0.02454926382962365,-0.0632529888901703,0.21198631453504016,0.03065390381732211,-0.10473993772344597,-0.018436935378464615,0.265659477953331,1.0,-0.004274785684081036,0.11272056279552531,0.11053703917272133,0.3621958251643409,-0.0656671664167916,-0.35642947756890786,-0.1415138584553877,-0.3321800638142467,-0.15696767001114828,-0.22273478645292738,-0.03512090108791758,-0.16381040249106216,-0.16088109791258218,-0.32798216276477143,-0.1960250643908815,0.3498020220658901,0.41784492369200016,0.45554146003921114,-0.19319570983738898,-0.10785376542497982,-0.3642486449083151,0.04983662015146273,0.2951293583977242,0.14122169684388575,0.05758659131972475,-0.10447852996578634,-0.04596163456733172,-0.09069311498097106,0.26394495060162226,0.06752008611079076,0.08496520970284088,-0.17662707107984468,-0.0699188867104909,0.05123592050128782,0.06489832007073386,-0.1472955829777419,0.09429131588052128,0.2745242763233768,-0.08661822934686503,-0.22491831007573138,-0.22455695229308423,-0.11502710183369853,-0.04337831084457771,-0.22074347441663783,-0.07766885787875293,-0.20134548110560105,-0.2589166954984046,-0.10133394841041019,-0.10417099142736325,-0.013893053473263368,0.3821012570637758,-0.05787106446776612,0.044731480413639335,0.6955829777418983,0.275246991888671,-0.14575020182216583,0.022934686502902396,-0.18318533041171722,-0.05471879444892938,-0.01720678122477223,0.07672317687310191,0.19524852958136316,0.0851958636066582,0.030992196209587514,-0.12426863491331258,0.20405182024372429,0.3877830315611425,-0.11704147926036981,0.5587052627532387,0.23860377503555916,-0.05398839042017453,0.06672817437435129,0.2781071002960058,0.032053204167147194,-0.022896244185599508,-0.213608580325222,0.09456810056510206,0.12047822242724791,0.40848806366047746,-0.12699803944181756,0.12557567370161074,0.1675085534155999,-0.10394033752354592,-0.22059739361088687,0.033444816053511704,0.04696113481720678,0.191558067120286,0.0029600584323223006,0.07118748318148618,-0.23519778572252337,-0.13937646561334718,0.044016453311805634,0.18188598008687965,-0.013731595740591242,-0.11038326990350979,0.09379156575558374,-0.033121900588167455,-0.11766424480067658
#58,0.01916733940721947,-0.0855725983162265,-0.3431361242455695,-0.24604620766539806,0.18840579710144928,0.34191365855533773,0.20505900895705992,0.07487025717910276,-0.12053204167147195,-0.14062199669396072,0.13471725675623727,0.38440779610194903,-0.004274785684081036,1.0,0.013178026371429669,-0.20291392765155883,-0.12070118786760466,-0.07892976588628763,-0.045815553761580745,-0.028508822511821012,0.14648060585092068,-0.33490177987929115,-0.19770114942528735,-0.28810979125821706,-0.3876215738284704,-0.34441240918002536,-0.11937108368892477,-0.23281436204974437,0.13953023488255872,0.1512013224157152,-0.1455887440894937,0.2240572021681467,-0.002744781455426133,0.04462384192519125,0.12570637758044054,0.24190212586014684,-0.11548840964133318,-0.18545342713258756,-0.47539307269442205,-0.5907354015300043,0.13526313766193826,-0.02837043016953062,-0.17886441394687272,-0.3398762157382847,-0.3099757813400992,-0.6011686464460078,0.14382808595702148,0.17347480106100796,0.10902241187098759,-0.19038173221081767,0.23622035136278016,-0.17380540498981278,-0.03331411217468189,-0.4130165686387575,-0.4106946526736632,-0.3771037558144005,-0.20079191173643948,-0.30594702648675665,-0.001922115865144351,-0.11811017568139008,0.1356552492984277,0.25118210125706375,0.20721946718948217,-0.004989812785914735,-0.24719947718448468,-0.4800830354053742,0.29341483104601546,0.6556106562103564,0.2469226924999039,0.19760119940029985,0.19022027447814555,0.23707377080690423,0.06396032752854341,0.16201899050474763,0.19834698035597587,0.0067350939914658054,0.08491907892207742,0.19318802137392843,0.253088840195287,0.00944912159304963,0.31883289124668435,0.2630069580594318,-0.08420405182024372,0.31757967170261026,0.42508745627186406,0.2630838426940376,0.25319647868373507,0.3706685118978972,0.11325106677430516,0.6058047899127359,0.10916849267673856,0.24237112213124207,-0.07537769576750086,-0.02597162956983047,0.13792334601929804,-0.07052627532387652,-0.2642063583592819,0.14744935224695344,-0.26364510052665974,0.20631991696459462,0.11758736016607081,-0.16906931149809712,0.11681082535655249,0.25508015223157654,0.12448391189020874,0.33939184254026833,0.35265444200976437,0.16891554222888555,0.051212855110906084,0.036258793680083036,0.19395686771998616
#101,-0.21604582324222504,-0.303302195056318,-0.38972052435320803,-0.06632068581094068,-0.4106562103563603,-0.10960673509399146,-0.24138699880828815,-0.22939299580978742,-0.09991927113366393,-0.06841194787221774,-0.13228001383923424,-0.22346519048168223,0.11272056279552531,0.013178026371429669,1.0,0.29654403567447046,-0.14093722369584438,-0.49835082458770613,0.3706300695805943,0.1173874601160958,0.09995002498750624,0.022996194210587014,-0.12238496136547111,0.4008687963710452,0.06763541306269942,0.04652289239995387,-0.42321915965094375,-0.18766770460923385,0.37568139007419366,0.30113404836043517,-0.17225233537077614,0.231438127090301,-0.17621189405297352,0.03479798562257333,0.2658209356860032,0.3338945911659555,0.41457732672125475,0.3464037212163149,0.2436550955291585,0.24091800253719295,0.2570483988774843,0.35167800715027103,-0.010256410256410256,0.09886595163956484,-0.05856302617921808,-0.08310460154538116,-0.0654980202206589,-0.08857109906585169,-0.3126206127705378,-0.3281128666436013,-0.13692384576942299,-0.006742782454926383,-0.2697497405143582,0.08745627186406797,0.1533925345019798,0.2301157113750817,-0.20519740129935032,-0.02667896820820359,-0.15155499173490178,-0.17869526775074002,-0.17368238957444354,-0.19048937069926575,0.29759735516856956,0.05997770345596432,-0.31437358243954944,-0.08358128627993695,0.12117018413869989,-0.03906508284319379,0.3983316034290547,0.012670587783031562,-0.11613424057202168,0.0627378618383116,-0.007865298120170684,0.027609272286933457,0.200745780955676,-0.3124514665744051,-0.018060200668896322,-0.2786299158113251,0.24844500826509822,0.2123861146349902,-0.13666243801176334,-0.0978203206089263,0.17618882866259178,-0.28126705877830316,-0.2772690577788029,-0.20879560219890056,-0.16796986122323454,-0.2341905970091877,-0.1369469111598047,-0.11371237458193979,-0.1726136931534233,0.02571022181217084,-0.11928651059085842,0.12062430323299889,0.3204859108907085,-0.2480067658478453,-0.15488409641333178,-0.3173413293353323,0.014561949794333602,-0.2421558451543459,-0.1346711259754738,-0.26682043593587823,-0.11084457771114443,-0.13466343751201323,-0.10932995040941068,-0.07984469303809634,0.08154384346288394,-0.14059893130357898,-0.344673816937685,0.14660362126628992,0.1495406143082305
#102,-0.36695498404643834,-0.18445392688271248,-0.14180602006688964,-0.21819859301118671,-0.08698727559297274,-0.3660477453580902,0.18446161534617306,-0.39178103256064273,-0.198908238188598,-0.2793833852304617,-0.14836427939876215,-0.26526736631684156,0.11053703917272133,-0.20291392765155883,0.29654403567447046,1.0,-0.059831622650213356,-0.0761157882597163,0.10699265751739515,0.6513512474531965,0.06875024026448315,0.7296121170184139,0.15333871525775575,0.46136931534232883,0.1249067773805405,0.40488217429746665,-0.22246569023180718,-0.022065890131857148,0.36139622496444085,0.276976896167301,-0.06433706223811171,-0.09076999961557683,-0.24789912735939723,-0.0015300042286549033,-0.13489409141583056,-0.015100142236574021,0.10377119132741322,0.3394994810287164,0.09353784646138469,0.3492792065505709,0.009226156152692884,0.32295390766155385,0.20250643908814822,0.628962441855995,0.056148848652596776,0.32812824357052245,-0.13647022642524892,-0.2193287971398916,-0.2990889170799216,0.016214969438357745,-0.38365432668281246,0.1923115365394226,-0.3253757736516357,0.5070541652250797,0.2288855572213893,0.33390227962941604,-0.1688617229846615,0.17721139430284857,0.0797908737938723,0.10674662668665667,-0.4669588282781686,-0.4057817245223542,-0.11865605658709107,0.21819090454772613,-0.3247837619651713,0.16371045246607466,-0.020036135778264713,-0.017691154422788607,0.4399876984584631,0.4372198516126552,0.16385653327182562,0.13848460385192018,-0.09171568062122784,0.029808172836658594,-0.1491331257448199,-0.135832083958021,-0.3638180909545227,-0.3182408795602199,0.12627532387652327,0.3790258716795448,0.07259447199477184,0.02690962211202091,0.4252796678583785,-0.44373198016376425,-0.2892169299965402,-0.4770691577288279,-0.29219236535578363,-0.23272210048821743,0.2144927536231884,-0.3027409372236958,-0.2851727982162765,-0.11425056702418021,-0.19092761311651865,-0.01933648560335217,0.08178218583016184,0.03609733594741091,0.2564794525814016,-0.39746280705800946,-0.10088032906623612,-0.5915196248029831,-0.3804713028101334,-0.16119632491446584,-0.22326529043170723,-0.31239764733018105,-0.40216814669588286,-0.41779879291123667,-0.42080498212432244,-0.38459231922500287,-0.2373274901011033,-0.14308230500134547,0.08099796255718295
#201,0.04894475839003575,0.263568215892054,0.7098988967054934,0.14628839426440626,-0.17838004074885633,0.20546649752047053,0.15755968169761272,0.24107946026986507,0.13536308768692576,0.3553223388305847,0.12835889747433976,0.12638296236497137,0.3621958251643409,-0.12070118786760466,-0.14093722369584438,-0.059831622650213356,1.0,0.36953830776919233,-0.2309614423557452,-0.25616422557951796,-0.14823357551993235,-0.12941221696843885,0.2911928651059086,-0.14054511205935494,0.2026602083573598,-0.0035136278014838733,0.19977703455964327,0.009233844616153461,0.02368815592203898,-0.14047591588820973,0.14119094299004345,-0.15486871948641065,0.07718448468073655,-0.17847999077384386,-0.2801983623572829,-0.17123745819397992,-0.15709068542651752,-0.24422404182524124,-0.12307692307692308,-0.2181370853035021,-0.2830277169107754,-0.31634182908545727,-0.12526813516318763,-0.023296044285549534,0.07825318110175682,0.042086648983200706,0.2316072732864337,-0.16574789528312767,0.3327336331834083,0.009695152423788106,0.22317302887018028,0.0456617844923692,0.2798370045746358,-0.22544112559105062,-0.05943182255026333,-0.28697958712951216,0.13352554491984778,-0.009372236958443855,-0.08708722561796026,-0.035735978164763774,-0.01290893015030946,0.0913927651558836,-0.15602198900549724,0.10059585591819475,0.14618844423941876,0.3085841694537347,0.35925883212240034,-0.010602391112136239,-0.19427209472186985,0.08055972013993004,0.026110021912120862,-0.0013377926421404682,-0.08218967439357244,-0.11554222888555722,-0.09199246530580864,0.09138507669242302,-0.10750778456925383,-0.007396301849075462,0.17711144427786107,0.09999615576826971,-0.07713835389997309,0.1726060046899627,0.1012570637758044,0.01782185830161842,0.21992080882635606,0.21304732249259986,0.23099988467304808,0.1341252450697728,-0.1317418213969938,-0.18962826279168107,-0.05147426286856572,0.13183408295852073,0.03570522431092146,-0.08914004536193441,-0.017545073617037634,0.5027409372236958,0.11900972590627763,0.23896513281820628,0.12959674009149272,0.2689424518509976,-0.09699765501864452,0.41230154153692383,-0.10640064583093069,-0.0143928035982009,0.006058509206934994,0.18599161957482796,-0.09006266097720371,-0.01699150424787606,0.1919424902933149,-0.12582939299580978,-0.14565025179717833
