,#10,#11,#12,#13,#17,#18,#26,#49,#50,#51,#52,#53,#54,#58,#101,#102,#201,#202,#301,#302,#401,#402,#501,#502,#601,#602,#701,#702,#801,#802,#901,#902,#1001,#1002,#1101,#1102,#1201,#1202,#1301,#1302,#1401,#1402,#1501,#1502,#1601,#1602,#1701,#1702,#1801,#1802,#1901,#1902,#2001,#2002,#2101,#2102,#2201,#2202,#2301,#2302,#2401,#2402,#2501,#2502,#2601,#2602,#2701,#2702,#2801,#2802,#2901,#2902,#3001,#3002,#3101,#3102,#3201,#3202,#3301,#3302,#3401,#3402,#3455,#3501,#3502,#3601,#3602,#3701,#3702,#3801,#3802,#3901,#3902,#4001,#4002,#4101,#4102,#4201,#4202,#4301,#4302,#4401,#4402,#4501,#4502,#4601,#4602,#4701,#4702,#4801,#4802
#10,1.0,0.2744397032253104,0.28212047822242725,0.40342136623995695,0.2525737131434283,-0.035028639526390654,0.4269173105754815,0.510198746780456,0.26112328451159034,0.4394264406258409,0.4986429861992081,0.014969438357744206,0.025118210125706378,0.03899588667204859,-0.06665897820320608,0.21863683542843962,0.12813593203398302,0.05148195133202629,0.08615692153923038,0.150186445238919,-0.17272902010533195,0.20168377349786645,0.1314727251758736,0.24193287971398916,-0.006120016914619613,0.1793795409987314,-0.10074193672394571,0.20548956291085227,-0.18224733786952677,0.014592703648175913,-0.04149463729673625,-0.11159035866682043,-0.07059547149502172,-0.09759735516856956,-0.11415061699919271,0.04184830661592281,-0.11491946334525045,0.1189174643447507,-0.2055510706185369,0.28784069503709686,0.03520547418598393,0.14852573713143427,-0.07104140237573521,0.4018990504747626,-0.014085265059777804,0.20160688886326067,0.14518894398954368,0.2486525967785338,-0.1669934263637412,0.22823203782724022,-0.05384999807788413,0.11883289124668435,-0.08763310652366124,0.012063199169645947,-0.05755583746588244,-0.007988313535539922,-0.3557605812478376,0.04343981855226233,-0.35146273017337487,-0.19259600968746396,0.110306385268904,0.02786299158113251,0.017621958251643408,0.09560604313228001,-0.029062391880982585,0.27228693345634875,-0.007450121093299504,0.2072809748971668,0.002514127551608811,0.035274670357129126,0.09496790066505209,0.03669703609733595,-0.005720216814669588,-0.2672817437435129,-0.3437665782493369,-0.1370853035020951,-0.279414139084304,-0.10485526467535464,-0.03193787721523853,0.26006996501749124,-0.1100372890477838,-0.006304540037673471,-0.0785299657863376,0.1170107254065275,0.028385807096451773,-0.15911275131664937,-0.04897551224387806,0.05261984392419175,0.06963441356244955,0.08917079921577672,0.05142044362434168,-0.19743205320416715,0.1864913696997655,-0.2572944297082228,-0.10701572290777688,-0.08563410602391112,0.16800061507707684,0.32864337062238114,0.2705416522507977,-0.02833967631568831,0.0864567716141929,0.25455733671625724,0.09625956252642909,0.31733364087187177,0.4402567946795833,0.08824818360050744,0.06529043170722332,-0.05474954830277169,0.015999692461461577,-0.21023334486602852,0.05534155998923615
#11,0.2744397032253104,1.0,0.32176219582516435,0.2844270172606005,0.18137085303502096,0.2386114634990197,0.392449928881713,0.4221504632299235,0.51984007996002,0.5564909852765925,0.1935032483758121,0.11587283281436205,0.2722023603582824,0.3413831545765579,0.014254411255910506,-0.033183408295852077,0.22852419943874216,0.349986545188944,-0.0890093414831046,-0.21812170837658093,-0.12842809364548494,-0.2504978280090724,0.04166378349286895,0.006981124822204282,0.08249721293199554,-0.16497904893706994,-0.18949755891285128,-0.1688002152769769,-0.02113558605312728,-0.01817552762080498,0.1929881213239534,0.06098489216929997,0.10445546457540461,0.0403874985584131,-0.11991696459462577,-0.050397877984084884,-0.048052896628608774,-0.08817898742936224,-0.11223618959750893,-0.12057048398877485,-0.17875677545842464,-0.08357359781647637,-0.05867066466766617,-0.09183869603659708,0.00642755545304271,-0.023588205897051476,0.02637911813324107,-0.013470187982931611,0.08909391458117095,-0.10158766770460924,-0.18973590128012915,-0.09917349017798793,0.05654096028908623,-0.2074424326298389,-0.05443432130088802,-0.18208588013685464,-0.09345327336331834,-0.31292046284550035,0.07639257294429708,-0.18123246069273055,-0.12559105062853188,-0.03839618652212355,-0.2315688309691308,-0.16653211855610656,0.07446276861569215,0.00841117902587168,0.22513358705262754,0.06687425518010226,0.0444700726559797,0.147603121516165,0.219321108676431,0.22584092569100064,0.23571291277438203,0.010087264060277554,-0.07926036981509245,0.0038980509745127436,0.11342021297043786,0.17648099027409372,-0.032875869757428976,-0.059308807134894094,0.05760196824664591,-0.01598431553454042,-0.1361396224964441,0.15280052281551532,-0.1122823203782724,0.013985315034790297,0.04966747395533003,-0.10293314881021028,-0.008426555952792835,0.04806827355552993,-0.06295313881520778,0.03728135932033983,0.1062930073424826,0.1464114096797755,0.07954484296313381,0.22225810171837157,-0.207004190212586,0.28936301080229115,0.05847076461769116,-0.034490447084150236,-0.13295659862376505,0.33740821896743933,0.16431015261599968,0.1408987813785415,0.1369930419405682,0.010225656402567947,0.10090339445661785,-0.03258370814592704,-0.1542382654826433,-0.0008995502248875562,0.019936185753277207
#12,0.28212047822242725,0.32176219582516435,1.0,0.5120516664744551,0.2232037827240226,0.39716295698304693,0.32108561104063355,0.2792449928881713,0.2682735555299273,0.5572598316226502,0.45476492522969286,0.046938069426825046,0.3096221120209126,-0.1012570637758044,-0.06654365125129742,0.06969592127013416,0.5010187214085265,0.7171337408218967,0.18406181524622303,-0.033183408295852077,-0.4116403336793142,0.01667627724599239,0.20352131626494446,0.31743359089685924,0.22692499903894206,0.211025256602468,0.010610079575596816,0.13431745665628725,0.04015684465459578,0.024203282973897667,0.2381424672279245,-0.054157536616307234,0.38258563026179215,0.15582977741898282,-0.041486948833275666,-0.10312536039672471,-0.10277169107753815,0.05032099334947911,-0.18143236074270558,-0.009487563910352517,-0.11012955060931073,0.06369123130742321,-0.22372659823934188,0.12020143774266713,0.11017568139007419,0.21756813900741936,0.018306231499634798,0.12958136316457156,0.030330988351977856,0.2348441164033368,0.045331180563564374,0.3605274285933956,0.15523007726905777,0.1952023988005997,-0.2278245492638296,-0.23737362088186675,-0.4133010417867989,-0.0939453350247953,-0.04490062660977204,-0.06835812862799369,-0.2478453081151732,-0.2549340714258255,0.024441625341175565,0.10205666397570445,0.14002998500749625,0.14215200092261562,0.21879829316111174,-0.07546226886556721,0.36074270557029176,0.06472917387460116,0.6887633106523662,0.47640026140775765,0.06918848268173605,-0.04727636181909046,-0.36398723715065545,-0.21754507361703765,-0.29980394418175527,-0.04971360473609349,0.29134663437512015,0.3442970822281167,-0.20060738861338562,-0.006865797870295621,-0.17398223964940607,-0.0963979548687195,-0.24909083919578673,-0.2707646176911544,-0.12407642332679814,-0.08553415599892361,0.07258678353131126,-0.03529773574751086,-0.022965440356744703,-0.3030023449813555,0.27394764156383344,-0.1357936416407181,0.07698458463076155,0.4517126052358436,0.28556490985276595,0.5306577480490524,0.27307115672932764,0.25834006073886134,0.30558566870410947,0.6560950294083727,0.18413869988082882,0.320039980009995,0.30746934225195094,0.27734594241340865,0.18513820013070387,-0.25357321339330335,-0.29951178257025335,-0.18096336447161035,0.03355245454195979
#13,0.40342136623995695,0.2844270172606005,0.5120516664744551,1.0,0.00011532695190866105,0.11955560681197863,0.3936954599623265,0.3512166993426364,0.16846961134817207,0.7174643447507015,0.4519125052858186,-0.06183062314996348,0.009825856302617921,-0.013431745665628724,0.005458809057009957,-0.01927497789566755,0.4991196709337639,0.23692769000115327,0.0860492830507823,-0.0978895167800715,-0.16939222696344136,-0.10811517318263945,0.14149079306500595,0.1179333410217968,0.21781416983815785,0.04075654480452082,0.12682120478222428,0.2261715296198055,-0.1093914581170953,-0.18901318571483489,-0.003390612386114635,-0.04855264675354631,0.4029216161150194,0.19760888786376044,-0.13281051781801406,-0.10692346134624996,-0.03534386652827432,-0.11022181217083765,-0.0651904816822358,0.05202783223772729,-0.19497943336024295,0.029008572636758545,-0.13032714412024757,0.017275977395917425,0.09956560181447738,0.0833967631568831,0.2004689962710952,0.32429938876715486,0.13108830200284474,0.13791565755583746,-0.050859185791719524,0.14109099296505592,0.22019759351093685,0.023173028870180294,-0.08288163610502441,-0.33132664437012266,-0.18463076154230576,-0.2501441586898858,-0.023203782724022605,-0.1405220466689732,-0.18895936647061085,-0.2574328220505132,-0.10230269480644293,-0.18811363548994733,0.2235497635797486,0.04526967285587975,-0.07112597547380156,0.00873409449121593,0.01308576480990274,-0.19953100372890478,0.26832737477415136,0.13702379579441049,-0.013231845615653711,-0.269480644293238,-0.2579710144927536,-0.29152346903471343,-0.309706685118979,-0.17759581747587744,-0.002460308307384769,0.05479567908353516,-0.13876907699996155,-0.13755429977319034,-0.2475300811132895,-0.003721216314919463,-0.3763733517856456,-0.33747741513858454,-0.1102756314150617,-0.15918963595125515,0.006073886133856149,-0.16336447161034867,-0.11863299119670934,-0.08654903317571984,0.17950255641410065,-0.08345058240110714,0.020674278245492637,0.13314112174681889,0.2015376926921155,0.46615922807826854,0.32551416599392613,0.1512090108791758,0.3484104101795256,0.5045631030638527,0.19766270710798448,0.32373813093453274,0.43665090531657247,0.40126090800753467,0.3051474262868566,-0.1947949102371891,-0.2703186868104409,-0.2193979933110368,0.04621535386153077
#17,0.2525737131434283,0.18137085303502096,0.2232037827240226,0.00011532695190866105,1.0,0.2234036827739976,0.09194633452504516,0.34925614116018916,0.3390919924653058,0.186937300580479,0.19494867950640066,0.4394264406258409,-0.033744666128474224,0.05055164725329643,0.28747164879098913,-0.03230692346134625,-0.03112290008841733,0.11920962595625265,0.14689578287779187,-0.029708222811671087,-0.031699534847960634,-0.16038134778764465,-0.17249836620151462,-0.11948641064083343,-0.1982624072579095,-0.2763079998462307,-0.28800984123322954,-0.059124284011840236,-0.16508668742551802,0.23632798985122824,-0.14325145119747817,0.22757082996963057,-0.03523622803982624,0.26191519624802984,0.2509360704263253,0.19853919194249028,0.26500595855918196,0.27088763310652364,-0.10232576019682467,0.18801368546495983,-0.06435243916503287,0.14619613270287932,-0.03944950601622266,0.2328066735862838,-0.22433398685272748,-0.21944412409180025,-0.1129973474801061,-0.17568139007419367,-0.15377695767500865,-0.3178257025333487,-0.07259447199477184,-0.1267443201476185,-0.312543728135932,-0.19168877099911583,-0.21940568177449737,0.09113135739822396,-0.3211163648944758,-0.2621766040056895,-0.16014300542036675,-0.2223580517433591,0.0661130972975051,0.13399454119094298,0.1537615807480875,0.20457463575904355,-0.31487333256448696,-0.15592972744397032,0.3949640564333218,0.17716526352208511,0.2495060162226579,0.23958789835851305,0.21308576480990274,0.10820743474416637,0.24579248837119902,0.06577480490523968,-0.059770114942528735,-0.057947949102371894,-0.14762618690654672,-0.017552762080498212,0.0721024103332949,0.14081420828047514,0.2477684234805674,0.47701533848460387,0.31583439049705914,0.25594894860262174,0.360266020835736,0.05513397147580056,0.06825049013954561,0.04154845654096029,0.2944143312958905,0.37079921577672703,0.1587590819974628,-0.11576519432591396,-0.02025910121862146,-0.027109522161995924,-0.20483604351670318,-0.16221120209126205,-0.19464114096797755,0.05274285933956099,-0.07606196901549225,0.08321224003382924,0.012739783954176758,0.013893053473263368,0.2686964210202591,0.1322261945950102,0.0319148118248568,-0.24628455003267596,0.02567177949486795,-0.08484219428747165,-0.2044900626609772,0.08252027832237727,-0.26446007765348095
#18,-0.035028639526390654,0.2386114634990197,0.39716295698304693,0.11955560681197863,0.2234036827739976,1.0,0.0024679967708453464,0.05327336331834083,0.2304463153038865,0.16803905739437974,0.22072809748971667,0.01732210817668089,0.2890785376542498,-0.13304117172183139,0.145219697843386,-0.01651481951332026,0.29153884596163454,0.5215699842386499,0.23026948064429323,-0.1682850882251182,-0.162303463652789,-0.12862799369545996,0.19399531003728904,0.008680275246991888,0.3162341905970092,0.10405566447545458,-0.1151039864683043,-0.1342251950947603,0.18822127397839541,0.2536270326375274,0.1018721408526506,0.0555952792834352,0.05177411294352824,0.11457348248952447,0.10625456502517971,0.1628800984123323,0.14242109714373583,0.04349363779648637,-0.06372198516126552,-0.05291200553569369,-0.05103602045131281,-0.02996194210587014,0.07268673355629877,0.04962903163802714,0.005458809057009957,-0.08887094914081421,-0.05309652865874755,-0.02603313727751509,0.18694498904393958,0.011917118363894976,-0.03127666935762888,0.0009149271518087111,-0.023434436627839925,0.02108176680890324,-0.09881982085880137,-0.056663975704455465,-0.08229731288202052,-0.08486525967785338,-0.1191558067120286,-0.09179256525583362,-0.14734171375850535,-0.05081305501095606,0.03272978895167801,0.02194287471648791,-0.03504401645331181,-0.06123861146349902,0.39732441471571905,-0.14742628685657172,0.3336946911159805,0.024795294660362125,0.36943066928074425,0.030015761350094185,0.1765963172260024,-0.06252258486141545,-0.07642332679813939,-0.03858839810863799,-0.03608195902048975,0.1066005458809057,0.1304578479990774,0.2619228847114904,-0.07426286856571714,0.4316841579210395,-0.027355552992734403,-0.3399684772998116,-0.024733786952677507,-0.10214892553723139,-0.09243839618652212,0.006212278476146542,-0.15023257601968246,0.09129281513089609,0.15197785722523355,-0.13999923115365395,0.0818667589282282,-0.028824049513704687,-0.005043632030138777,0.2644754545804021,0.08671817937185254,0.16956137315957406,-0.22164302464152538,-0.027309422211970937,-0.24558489985776344,0.1907815323107677,0.15835928189751278,-0.021273978395417677,-0.173528620305232,-0.22944681505401146,-0.30263329873524775,-0.1938107869142352,-0.1720985661015646,-0.010448621842924692,-0.15010956060431324
#26,0.4269173105754815,0.392449928881713,0.32108561104063355,0.3936954599623265,0.09194633452504516,0.0024679967708453464,1.0,0.4776534809518318,0.3894898704493907,0.5270979894668051,0.5473186483681236,0.20512051666474454,0.3743128435782109,0.351332026294545,0.0883635105524161,0.24160996424864492,0.09429131588052128,0.18682197362857034,0.04171760273709299,-0.005727905278130166,-0.2346980355975858,-0.030254103717372083,-0.02659439511013724,0.15782108945527237,-0.04515434590397109,-0.0019913120362895476,-0.1916272632914312,-0.06494445085149733,0.12819743974166764,0.0237496636297236,0.049444508514973284,-0.24172529120055358,0.008641832929689001,-0.1303886518279322,-0.016268788682581786,-0.1381847537769577,-0.07194864106408334,-0.06016222657901818,-0.19185022873178795,0.08236650905316573,-0.17388997808787915,0.20961826778918233,-0.11826394495060162,0.32832814362049745,0.08434244416253411,0.0974820282166609,0.0002767846845807865,-0.013339484104101795,-0.15932802829354553,0.03835005574136009,-0.3956790835351555,0.039610963748894785,-0.12678276246492137,0.19163495175489179,-0.23502863952639066,0.03935724445469573,-0.34115250067274056,-0.12826663591281282,-0.20559720139930035,-0.30491677238303927,0.10926844270172606,0.0036597086072348442,0.014192903548225886,-0.0006919617114519663,-0.13939184254026832,0.025210471687233307,0.2597162956983047,0.13397916426402184,0.16058893630108023,0.12329220005381925,0.30543189943489796,0.28983969553684696,0.3953100372890478,-0.07039557144504671,-0.16092722869334564,-0.01682235805174336,-0.07565448045208165,0.0633221850613155,0.21097143735824395,0.2536270326375274,0.0054126782762464925,-0.026302233498635297,0.0373582439549456,0.30913773882289625,-0.14931764886787374,-0.010471687233306423,-0.11348172067812248,0.058793680083035406,0.08568792526813516,0.0745473417137585,0.011348172067812247,-0.18672202360358284,0.2535809018567639,-0.13400222965440356,-0.2691500403644332,-0.0787683081536155,0.019490254872563718,0.2025141275516088,-0.00538961288586476,-0.15072463768115943,-0.019267289432206975,0.2908776381040249,-0.08571867912197748,0.2015376926921155,0.14019144274016837,-0.019528697189866606,0.050482451082151235,-0.012770537808019067,0.06466766616691653,-0.20488986276092722,-0.07784569253834621
#49,0.510198746780456,0.4221504632299235,0.2792449928881713,0.3512166993426364,0.34925614116018916,0.05327336331834083,0.4776534809518318,1.0,0.5001806788913236,0.47840695037096836,0.4962826279168108,0.25364240956444856,0.1579748587244839,0.28582631761042554,0.13859993080382885,0.12046284550032677,0.20534348210510128,0.12316149617498943,0.1548533425594895,-0.045354245953946104,-0.03441356244954446,-0.07717679621727598,-0.057132971975550687,-0.14206742782454926,-0.005404989812785915,-0.18042517202936992,-0.13992234651904817,0.1708376580940299,-0.061584592319225,-0.03070003459808557,-0.1074847191788721,-0.11824087956021989,-0.10028062891631108,-0.0629454503517472,0.03302963902664052,-0.029477568907853767,-0.015646023142275017,0.018552262330373274,-0.11462730173374851,-0.0355898973590128,0.06920385960865721,0.08471149040864183,-0.16268788682581786,0.027555453042709413,-0.13509399146580556,-0.09738976665513398,-0.021297043785799406,0.06177680390573944,-0.2176988428862492,-0.1138507669242302,-0.13352554491984778,0.026602083573597817,-0.023411371237458192,-0.10690039595586821,-0.11074462768615692,-0.0971744896782378,-0.2814823357551993,-0.27912197747280204,-0.12477607350171069,-0.32180063814246723,0.08170530119555607,0.006550570868411948,0.0047976011994002995,0.17220620459001268,-0.019405681774497367,0.08834813362549494,0.23842694037596587,0.11681082535655249,0.2124860646599777,0.2273863068465767,0.2627378618383116,0.17487410141083304,0.26245338869027024,-0.10694652673663169,-0.07999846230730788,-0.019474877945642562,0.028201283973397915,0.14352823588205896,0.1336178064813747,0.1672625225848614,0.06423711221312421,-0.057125283512090105,0.04043362933917657,0.29426825049013955,-0.05948564179448737,-0.043778110944527736,-0.10134932533733133,-0.12143928035982009,0.02865490331757198,0.16898473840003075,-0.23103832699035098,-0.19256525583362166,-0.006965747895283128,-0.100372890477838,-0.16415638334678814,0.01593818475377696,-0.10720024603083074,0.2666205358859032,0.09498327759197324,0.08415792103948026,0.15417675777495868,0.2158920539730135,-0.12958136316457156,0.36103486718179373,0.17388997808787915,0.03441356244954446,0.12556029677468958,0.008880175296966901,-0.10825356552492985,-0.0773382539499481,0.013070387882981586
#50,0.26112328451159034,0.51984007996002,0.2682735555299273,0.16846961134817207,0.3390919924653058,0.2304463153038865,0.3894898704493907,0.5001806788913236,1.0,0.48895552223888056,0.3802867796870795,0.13346403721216316,0.020059201168646446,0.30493214930996043,0.09272286933456349,0.00299081228616461,-0.07484719178872103,0.20069196171145195,0.008511129050859186,0.011240533579364165,-0.07457040710414024,-0.0844193287971399,0.14608849421443124,0.12303079229615961,0.023173028870180294,0.028985507246376812,-0.22471841002575635,-0.0800984123322954,-0.02155845154345904,0.07455503017721908,-0.2040133779264214,-0.041410064198669896,-0.020981816783915735,0.004651520393649329,0.12753623188405797,0.0074962518740629685,0.048137469726675125,0.059032022450313304,0.0798908238188598,0.008372736708568793,0.16527121054857186,0.07681543843462883,-0.07912197747280206,0.04553108061353939,0.02887018029446815,0.18267789182331912,-0.09021643024641525,-0.14388190520124552,-0.12376119632491446,-0.053396378733710066,-0.2180678891323569,0.041433129589051626,-0.05863222235036328,0.013731595740591242,0.009464498519970783,0.00201437742667128,-0.13169569061623035,-0.08120555107061854,-0.10555491485026718,-0.11387383231461193,-0.042409564448544955,-0.03153807711528851,0.03203782724022604,-0.004982124322454157,-0.15698304693806941,0.06298389266905009,0.4043209164648445,0.26380655825933186,0.08891707992157767,0.03592050128781763,0.13012724407027257,0.03932649060085342,0.3165263522085111,-0.011594202898550725,-0.04231730288701803,0.01220159151193634,-0.0407949871218237,0.09386845039018953,0.17466651289739746,0.187683081536155,-0.05042863183792719,0.07545458040210663,0.11647253296428708,0.23456733171875602,0.16363356783146887,-0.031814861799869296,0.0377349786645139,0.06402952369968862,0.1677699611732595,0.20764233267981394,0.0985737900280629,0.0772383039249606,0.33302579479491023,-0.09360704263252989,-0.12416099642486449,-0.050290239495636796,-0.06695113981470803,0.017137585053627034,-0.08957828777918733,-0.09486795064006458,-0.10979125821704533,0.13321800638142467,-0.03910352516049667,0.0631530388651828,-0.011540383654326683,-0.106431399684773,-0.012509130050359436,-0.10738476915388459,-0.09808941683004652,-0.14511974781839848,-0.15034021450813054
#51,0.4394264406258409,0.5564909852765925,0.5572598316226502,0.7174643447507015,0.186937300580479,0.16803905739437974,0.5270979894668051,0.47840695037096836,0.48895552223888056,1.0,0.4534425095144735,0.019467189482181985,0.13176488678737555,0.12643678160919541,-0.041348556490985275,-0.04280167608503441,0.38596855418444626,0.3388536500980279,-0.009203090762311152,-0.1422211970937608,-0.27849921193249527,-0.22059739361088687,0.09762042055895129,0.10371737208318918,0.10337907969092378,-0.029861992080882634,-0.05425748664129474,0.08177449736670127,-0.18076346442163532,-0.19363395225464192,0.04970591627263291,-0.028916311075231616,0.3639564832968131,0.1919424902933149,-0.058678353131126744,-0.090639295736747,-0.027086456771614194,-0.1484180986429862,-0.06497520470533964,-0.06180755775958175,-0.18692961211701842,-0.06680505900895706,-0.2827893745434975,-0.05378849037019952,0.11808711029100834,0.09539076615538385,0.08983969553684697,0.1686695113981471,0.13121900588167454,0.0970745396532503,-0.13787721523853458,0.1285126667435513,0.1403221466189982,-0.00032291546534425093,-0.12648291238995887,-0.28583400607388615,-0.18122477222926997,-0.2401414677276746,0.06665897820320608,-0.12785914734940224,-0.1327643870372506,-0.18039441817552762,-0.14366662822434936,-0.09597508937838772,0.08042132779763964,0.08701034098335447,0.1472263868065967,0.054980202206589016,0.022434936377964863,-0.047184100257563526,0.35097835697535845,0.2596394110636989,0.1770730019605582,-0.12816668588782532,-0.11103678929765887,-0.10653903817322108,-0.09203090762311152,0.02993887671548841,-0.057701918271633415,-0.004836043516703187,-0.11103678929765887,-0.11430438626840426,-0.13598585322723253,0.0716564794525814,-0.1598815976627071,-0.1975550686195364,-0.023880367508553414,-0.23811171337408218,-0.034236727789951175,-0.10577788029062392,-0.0040056894629608274,-0.04719947718448468,0.3481336254949448,0.010533194940991043,0.004320916464844501,0.13598585322723253,-0.028401184023372928,0.4228962441855995,0.18365432668281245,0.10965286587475492,0.21059470264867566,0.5108907084919079,0.16854649598277785,0.3289278437704225,0.40008457309806633,0.2206896551724138,0.2806212278476147,-0.1365086687425518,-0.3390535501480029,-0.1166724330142621,0.019620958751393535
#52,0.4986429861992081,0.1935032483758121,0.45476492522969286,0.4519125052858186,0.19494867950640066,0.22072809748971667,0.5473186483681236,0.4962826279168108,0.3802867796870795,0.4534425095144735,1.0,0.17212163149194634,0.20457463575904355,0.020712720562795526,0.10483988774843347,0.14456617844923692,0.24190212586014684,0.31301272440702727,0.10849190789220774,-0.033121900588167455,-0.1307576980740399,-0.010425556452542959,0.12772075500711183,0.13073463268365818,0.10628531887902203,0.06352977357475109,-0.08963210702341137,0.10764617691154423,0.11528850959135817,0.08239726290700804,0.1005112828201284,-0.18277015338484603,0.14801829854303616,0.006642832429938877,0.15510706185368853,-0.03980317533540922,0.04393188021373928,0.04717641179410295,-0.10532426094644985,0.09294583477492023,-0.08321992849728982,0.18961288586475994,0.0079960019990005,0.2867181793718525,0.14835659093530157,0.1659016645523392,-0.028455003267596972,0.18722946219198094,-0.054318994348979355,0.22152000922615614,-0.02256564025679468,0.36534040671971707,0.08358128627993695,0.16134240572021682,-0.08808672586783531,-0.08762541806020067,-0.3136278014838734,-0.06092338446161535,-0.3046015453811556,-0.31777188328912465,-0.13214162149694383,-0.12842040518202438,0.08835582208895552,0.07896051974012994,-0.06179986929612117,0.08538807519317264,0.16153461730673124,0.09389151578057126,0.13350247952946603,-0.090639295736747,0.3084073347941414,0.15357705762503363,0.15379233460192981,-0.27147195632952753,-0.31046784300157615,-0.15666781993618575,-0.263422135086303,-0.04841425441125591,0.31291277438203974,0.28194364356283397,-0.15594510437089149,0.05917810325606428,0.04776073501710683,0.07586975742897782,-0.10610079575596817,-0.23866528274324375,-0.21229385307346327,0.13535539922346518,0.19655556836966132,0.1441971322031292,-0.044347057240610464,-0.16171145196632453,0.21621496943835775,-0.2986352977357475,-0.1618190904547726,0.06964210202591012,0.07654634221350863,0.3717141429285357,0.16617076077345944,-0.03163033867681544,0.22383423672778996,0.43053857686541347,0.004167147195632953,0.30904547726136933,0.2779840848806366,0.05860146849652097,0.013593203398300849,-0.16044285549532925,-0.021635336178064814,-0.4659362626379118,-0.11607273286433706
#53,0.014969438357744206,0.11587283281436205,0.046938069426825046,-0.06183062314996348,0.4394264406258409,0.01732210817668089,0.20512051666474454,0.25364240956444856,0.13346403721216316,0.019467189482181985,0.17212163149194634,1.0,0.42571022181217083,0.09634413562449544,0.27044939068927076,-0.09845846307615423,-0.01394687271748741,-0.08875562218890555,-0.10106485218928997,-0.15823626648214353,0.17678852881251683,-0.22251182101257064,-0.06615153961480798,-0.09789720524353208,-0.10882251182101257,-0.19740129935032483,-0.13647022642524892,-0.10407104140237573,0.03920347518548418,0.08323530542421097,0.04560027678468458,-0.05844769922730942,-0.010517818014069888,0.21563833467881444,0.07218698343136125,-0.02877791873294122,0.11606504440087649,0.04861415446123092,-0.20076884634605774,0.0008611079075846692,0.0018990504747626188,-0.015169338407719217,0.049559835466881946,0.04046438319301888,-0.14806442932379965,-0.16448698727559297,-0.09968092876638604,-0.16041979010494753,-0.15153961480798062,-0.1897282128166686,-0.09646715103986468,-0.10440164533118057,-0.29913504786068507,-0.14919463345250453,-0.27497020720409027,-0.038519201937492795,-0.11438895936647062,-0.20856494829508324,-0.12985045938569176,-0.38049436820051513,0.12028601084073348,0.07936031984007996,0.20079191173643948,0.381478491523469,-0.36564794525814015,-0.2832276169607504,0.455672163918041,-0.12190827663091532,0.23101526159996924,0.2899396455618345,0.12689808941683003,0.20219121208626456,0.2903701995156268,0.2761234767231769,-0.11116749317648868,-0.06286856571714143,0.14323607427055704,0.059447199477184486,0.25957790335601433,0.07692307692307693,0.48562641756045055,0.5013493253373313,0.3407834544266328,0.4702494906392957,0.28913235689847383,0.21736055049398378,0.06279168108253566,0.14391265905508785,0.3020412870487833,0.5113904586168454,0.13951485795563756,-0.018137085303502096,-0.0968361972859724,-0.1007803790412486,-0.24136393341790643,-0.12746703571291276,-0.25269672855879755,-0.15010187214085266,-0.16922308076730866,0.058493830008072886,-0.0680813439434129,-0.06596701649175413,-0.09957329027793796,0.03858070964517741,-0.04912928151308961,-0.23482105101295506,0.11490408641832929,0.05830930688501903,-0.10355591435051704,-0.029116211125206626,-0.3647560834967132
#54,0.025118210125706378,0.2722023603582824,0.3096221120209126,0.009825856302617921,-0.033744666128474224,0.2890785376542498,0.3743128435782109,0.1579748587244839,0.020059201168646446,0.13176488678737555,0.20457463575904355,0.42571022181217083,1.0,0.0644754545804021,0.06585937800330605,0.0555952792834352,0.30364817591204396,0.27098758313151117,0.07789951178257025,-0.2530503978779841,-0.14621150962980048,-0.039334179064313995,0.021812170837658094,0.05623342175066313,0.11845615653711605,0.06512897397455118,0.01338561488486526,-0.021719909276131166,0.3966324530042671,0.14325913966093876,0.4367124130242571,-0.10198746780455926,0.0011302041287048782,-0.11635720601237842,-0.01909045477261369,-0.14740322146618998,-0.03409064698420021,-0.046776611694152925,-0.1849613654711106,-0.09933494791066005,-0.19161188636451004,-0.01892130857648099,-0.03465190481682236,0.08012147772267712,-0.014615769038557644,-0.058078652981201705,0.0427017260600469,0.050451697228308924,0.03755045554146004,0.07775343097681928,-0.16496367201014878,0.03166878099411832,-0.0869334563487487,0.04071041402375735,-0.24977511244377812,-0.013746972667512397,-0.17894898704493906,-0.1027255602967747,-0.21128666436012764,-0.33302579479491023,0.06040825740975666,-0.0015992003998001,0.04458539960788836,0.17575058624533887,-0.015077076846192288,0.007511628800984123,0.32778226271479644,-0.29259985391919424,0.3071464267866067,0.23485949333025793,0.3166032368431169,0.2801291661861377,0.1610733094990966,0.09805097451274362,-0.20856494829508324,-0.07882212739783954,0.10849190789220774,0.07457809556760081,0.35615269288432705,0.23788874793372544,0.007150271018336985,0.17781878291623418,0.020681966708953215,0.07145657940260638,-0.13668550340214508,0.10110329450659286,-0.14165993926113865,-0.12596778533810019,-0.06000076884634606,0.05924729942720947,0.005466497520470534,-0.31314342828585706,-0.06911928651059086,-0.14677276746242263,-0.11186714335140122,0.23455964325529544,-0.01297043785799408,0.09376081190174143,-0.12013224157152193,0.0002152769768961673,-0.09789720524353208,0.10615461500019222,-0.2239188098258563,0.052635220851112906,-0.09969630569330719,-0.14222888555722138,-0.09914273632414562,0.02472609848921693,-0.11355860531272825,-0.041671471956329524,-0.16948448852496828
#58,0.03899588667204859,0.3413831545765579,-0.1012570637758044,-0.013431745665628724,0.05055164725329643,-0.13304117172183139,0.351332026294545,0.28582631761042554,0.30493214930996043,0.12643678160919541,0.020712720562795526,0.09634413562449544,0.0644754545804021,1.0,-0.124806827355553,-0.13961480798062506,-0.37023795794410486,0.0004151770268711798,-0.2861569215392304,0.030215661400069198,-0.20498212432245416,-0.28034444316303386,-0.16163456733171874,-0.003851920193749279,-0.30191827163341406,-0.11649559835466881,-0.13421750663129972,-0.12709030100334448,-0.08787144889093915,-0.1574674201360858,0.020851112905085917,-0.170199515626802,-0.16347979856225733,-0.30927613116518665,-0.06644370122630992,-0.23243762734017606,-0.21962095875139354,-0.40961057932572176,-0.14621919809326106,-0.19005112828201284,-0.07620804982124323,-0.22673278745242764,-0.05589512935839772,-0.21872140852650598,0.1374312843578211,0.010663898819820859,0.016568638757544305,-0.02131242071272056,0.030077269057778803,-0.09565217391304348,-0.24349363779648636,-0.0014531195940491292,-0.0782916234190597,-0.13121900588167454,-0.17065313497097606,-0.1634182908545727,-0.0719947718448468,-0.0486218429246915,0.0618229346865029,0.10208741782954676,0.24557721139430286,0.23380617383615884,0.012808980125321955,-0.2499827009572137,-0.1324952908161304,-0.11446584400107639,0.318148617998693,0.19415676776996119,-0.0882943143812709,0.15960481297812631,0.05898589166954984,-0.036251105216622455,0.15589128512666744,0.023941875216238036,0.11796409487563911,0.2449775112443778,0.029746665128973976,0.08872486833506324,-0.1051704916772383,-0.054211355860531274,0.35979702456464074,-0.08097489716680122,0.1308960904163303,0.31773344097182177,0.04291700303694307,0.16667051089839696,0.2555645254295929,0.011717218313919963,-0.11213623957252143,0.186591319724753,-0.13509399146580556,0.23296044285549533,0.1984315534540422,0.1006112328451159,0.018436935378464615,-0.167816091954023,-0.20681966708953214,-0.1943259139660939,0.07598508438088648,-0.2722331142121247,-0.05300426709722062,-0.03507477030715411,-0.11953254142159689,0.061353938415407684,-0.08760235266981893,0.06967285587975243,0.24017222158151694,0.30632376119632493,0.3638565332718256,0.20811132895090917,0.07812247722292699
#101,-0.06665897820320608,0.014254411255910506,-0.06654365125129742,0.005458809057009957,0.28747164879098913,0.145219697843386,0.0883635105524161,0.13859993080382885,0.09272286933456349,-0.041348556490985275,0.10483988774843347,0.27044939068927076,0.06585937800330605,-0.124806827355553,1.0,0.03169184638450006,0.11543459039710914,-0.09737438972821282,0.6725329642870872,-0.23112290008841732,0.6564102564102564,-0.12601391611886364,-0.13387152577557376,-0.23911121362395726,0.07426286856571714,-0.2973820781916734,-0.2681120977972552,-0.2777841848306616,0.4790758466920386,0.4167454734171376,-0.31550378656825434,0.07458578403106139,-0.24698420020758852,0.15706762003613578,0.5610041133279514,0.4426017760350594,0.5713374082189674,0.538015607580825,0.24244031830238727,0.1631568830969131,0.1999384922923154,0.4201899050474763,0.2900242186599008,0.28374274401260907,-0.2424018759850844,-0.45653327182562564,-0.37069157728827895,-0.4346057740360589,-0.3639334179064314,-0.566324530042671,-0.22531042171222082,-0.28953984546188444,-0.27388613385614885,-0.18185522623303732,0.0901318571483489,0.3315803636643217,0.04966747395533003,-0.3136278014838734,-0.10693114980971052,-0.48119786260715797,-0.1868681044093338,-0.32290777688079036,0.2905393457117595,0.11878676046592089,-0.22486449083150734,-0.26456771614192903,0.20858801368546495,-0.01611501941337024,0.5433360242955445,0.06281474647291739,0.00621996693960712,-0.03461346249951947,0.25105908584169456,-0.16236497136047362,0.18150924537731133,-0.2940068427324799,0.1607273286433706,-0.1240533579364164,0.33345634874870256,0.2150693883827317,-0.02312689808941683,0.2665590281782186,0.21138661438511513,-0.060892630607773036,-0.10720024603083074,-0.17814938684503903,-0.498735247760735,0.02336524045669473,0.017829546765079,-0.039311113673932266,-0.20882635605274286,-0.40267558528428093,-0.4939453350247953,-0.10903778879790874,-0.3641333179564064,-0.13064237112213123,0.08073655479952331,-0.0815899742436474,-0.5260754238265483,0.004920616614769538,-0.19390304847576212,-0.17308268942451852,-0.21729135432283858,-0.10991427363241456,-0.31528082112789757,-0.4645062084342444,-0.4371583439049706,-0.3340944912159305,-0.22567177949486794,-0.0581478491523469,-0.1509014723407527
#102,0.21863683542843962,-0.033183408295852077,0.06969592127013416,-0.01927497789566755,-0.03230692346134625,-0.01651481951332026,0.24160996424864492,0.12046284550032677,0.00299081228616461,-0.04280167608503441,0.14456617844923692,-0.09845846307615423,0.0555952792834352,-0.13961480798062506,0.03169184638450006,1.0,-0.06157690385576443,0.0002306539038173221,0.24546957290585478,0.6523276823126898,-0.14216737784953676,0.614154461230923,0.045354245953946104,0.3357244454695729,-0.023557452043209165,0.3860915695998155,-0.10506285318879022,-0.03393687771498866,0.009272286933456348,0.24736862338061738,-0.12176988428862492,-0.05684849882750932,-0.25588744089493715,-0.15991235151654942,-0.07473955330027295,0.18480759620189904,-0.2712489908891708,0.24758390035751354,-0.3100372890477838,0.05907815323107677,0.1520931841771422,0.21536923845769423,-0.10933763887287126,0.595671395071695,-0.1361396224964441,0.33275669857379003,-0.12029369930419406,-0.19565601814477376,-0.5010494752623689,0.1019720908776381,-0.3117056856187291,-0.009895052473763119,-0.3355860531272825,0.09243070772306154,-0.3799715526851959,0.11367393226463691,-0.4068119786260716,0.3199477184484681,-0.4087417829546765,-0.06898858263176104,-0.03808095952023988,0.07959097374389729,0.16289547533925344,0.2630300234498136,-0.022465690231807174,0.13101910583169954,-0.09576750086495214,0.24166378349286896,0.26589782032060894,0.42036673970706956,0.059147349402221966,0.14768000615077076,0.34405105139737824,0.09818167839157345,-0.012639833929189251,0.19268827124899088,-0.2168684888325068,-0.05188175143197632,-0.0269480644293238,0.4353284896013532,-0.17449736670126476,0.08915542228885558,-0.042632529888901705,0.12551416599392612,0.14646522892399955,-0.27674624226348365,-0.3134894091415831,0.23877292123169186,0.2603621266289932,0.06765847845308115,0.12292315380771153,-0.22232729788951677,0.05255833621650713,-0.3953561680698113,-0.3814938684503902,-0.08002921616115019,0.2829123899588667,0.03251451197478184,-0.13696228808672586,-0.23923422903932648,-0.2379348787144889,-0.04299388767154884,0.00737323645869373,-0.2327605428055203,-0.1934955599123515,-0.2510360204513128,-0.39633260292930456,-0.0913543228385807,0.059477953331026796,-0.4541882904701495,-0.09512935839772421
#201,0.12813593203398302,0.22852419943874216,0.5010187214085265,0.4991196709337639,-0.03112290008841733,0.29153884596163454,0.09429131588052128,0.20534348210510128,-0.07484719178872103,0.38596855418444626,0.24190212586014684,-0.01394687271748741,0.30364817591204396,-0.37023795794410486,0.11543459039710914,-0.06157690385576443,1.0,0.47568523430592397,0.2828739476415638,-0.4397032253104217,-0.00618921308576481,-0.14060661976703956,0.0815899742436474,-0.08389651328182063,0.4021450813055011,-0.09694383577442048,0.05632568331219006,0.020651212855110908,0.3186406796601699,0.07783800407488563,0.32254641909814324,0.11258217045323492,0.3203552070118787,0.2395417675777496,0.06513666243801176,0.062138161688386574,0.29815861300119173,0.1959481797562757,0.2504978280090724,0.011017568139007419,-0.029000884173297967,0.1283435205474186,0.09589820474378195,-0.030776919232691345,-0.02633298735247761,-0.22664821435436128,-0.007626955752892784,0.1059547149502172,0.12141621496943836,-0.0029985007496251873,0.02350363279898512,0.036197285972398414,0.3495790566255334,0.12144696882328067,0.23299119670933763,-0.05727905278130166,0.020351362780148388,-0.4142774766462922,0.12297697305193557,-0.1953715449967324,-0.3832314611924807,-0.40209895052473765,-0.25183562065121284,0.0905777880290624,0.288747933725445,0.09249221543074616,-0.10657748049052397,-0.45005958559181947,0.27596201899050476,-0.09632875869757429,0.4485372698266252,0.2695729058547649,0.06282243493637797,-0.06428324299388767,-0.10182601007188713,-0.3167723830392496,-0.028139776265713297,0.0111944027986007,0.10390189520624303,0.03187636950755392,-0.21884442394187523,-0.142290393264906,-0.2540729635182409,-0.24165609502940838,-0.4479068158228578,-0.3700303694306693,-0.30743089993464806,-0.2706723561296275,-0.13035789797408986,-0.33312574481989776,-0.16348748702571791,-0.3009110829200784,-0.20698881328566485,0.01649944258639911,0.05042094337446661,0.459693230307923,0.11599584822973129,0.5404451620343674,0.10873793872294622,0.3332872025525699,0.232529888901703,0.4797831853304117,0.054049898127859146,0.3089839695536847,0.2339983854226733,0.15482258870564716,-0.027171029869680546,-0.2787068004459309,-0.519348018298543,-0.14034521200937994,0.06916541729135432
