,#10,#11,#12,#13,#17,#18,#26,#49,#50,#51,#52,#53,#54,#58,#101,#102,#201,#202,#301,#302,#401,#402,#501,#502,#601,#602,#701,#702,#801,#802,#901,#902,#1001,#1002,#1101,#1102,#1201,#1202,#1301,#1302,#1401,#1402,#1501,#1502,#1601,#1602,#1701,#1702,#1801,#1802,#1901,#1902,#2001,#2002,#2101,#2102,#2201,#2202,#2301,#2302,#2401,#2402,#2501,#2502,#2601,#2602,#2701,#2702,#2801,#2802,#2901,#2902,#3001,#3002,#3101,#3102,#3201,#3202,#3301,#3302,#3401,#3402,#3455,#3501,#3502,#3601,#3602,#3701,#3702,#3801,#3802,#3901,#3902,#4001,#4002,#4101,#4102,#4201,#4202,#4301,#4302,#4401,#4402,#4501,#4502,#4601,#4602,#4701,#4702,#4801,#4802
#10,1.0,0.47802162717416957,0.4164785741056927,0.387739511468325,0.29114461148359455,0.1282101824474706,0.20030215114960878,0.47975772382552045,0.36860589402962285,0.3720295025379771,0.2882646899596052,0.2047585335720929,0.14359397918719952,0.27356108034074134,-0.18004368004368004,0.031860057283786096,0.13168515202413508,0.3555282555282555,0.07836033259762074,0.2080808080808081,-0.1292855258956954,0.027948749982648288,0.14876571486740978,0.1536454790692079,0.14356251474895543,0.17563310614158073,-0.14311414650397702,-0.11359680173239495,0.02814401458469255,0.06610863560016102,-0.027853431243261752,-0.010594724154046189,-0.04279441228593771,-0.2138138138138138,-0.12549637464891703,-0.0589009656806267,-0.13014894709809965,-0.052650647565901806,0.0753735245260669,0.1192187565068921,-0.019133617438702184,-0.09773965028202317,0.03436888352142589,-0.0728549813295576,-0.008043328382311433,0.04095929519658333,-0.07952775579894224,-0.15312677855050735,-0.2861357505425302,-0.15810787675194454,-0.23005918090663854,-0.24935104596121546,-0.18510621561469018,0.13286877015690576,-0.17665061054891562,0.26628585442144764,-0.28691865980001574,-0.15028109773872486,-0.06049500964755202,0.11339043203449983,0.34376240647427087,0.12673690639792334,-0.025153042102194646,-0.08129254061457451,0.03910890860043403,0.13225891530976278,0.18828412387734422,-0.06571995724538097,0.07923578432053008,0.17143029007435787,0.33932268169556307,0.05619456127930704,0.11145398094550638,0.006778272879967795,0.08403781285137217,0.1492117695507526,-0.034109301905912076,0.029728341592748373,-0.1683458497017819,0.07688983282203621,0.2021358801019818,0.22587302248319197,,0.03759815285239014,0.0588260062836334,0.10359758834335106,0.11362595260900346,0.23628960239129732,0.03158428073682311,-0.14100417829231388,0.13188596917410478,-0.03634373973357024,0.051114905352193485,0.05128286992693772,-0.15689048061929417,0.1410453596894275,0.3150214929875947,0.12773867858613622,0.3108732769749719,0.08172193765414104,-0.0605769097294521,0.13292475834848716,0.07334730724561234,0.286624374759968,0.036211866720341296,0.2989593599763091,-0.0940643262677161,0.31579792427250053,0.08253492321288931,0.04385772521365742,-0.01098201437184488
#11,0.47802162717416957,1.0,0.23295159566346008,0.1801001309475886,0.026944664232799825,0.0948828643743898,0.2752758922250448,0.3969049172439003,0.47867358884308037,0.4063396215938589,0.37756122840868606,0.06559872661567577,0.03698320816964885,0.27804244922888993,-0.0818709310234734,-0.04082418319706455,0.15836236853186006,0.23428004275461903,0.05264787129193909,-0.006255870662650324,0.033099200895811066,-0.09866738849789697,0.23152644169593323,0.16681103291272784,0.1815442561205273,0.1731238171916138,-0.10438142302549082,-0.07230435366028587,0.08974351855707788,-0.030767593479457886,-0.09167765608443575,-0.07145296297838671,-0.06665000902289038,-0.12763734458649714,-0.14745762711864407,-0.1782335494199901,-0.14780327322700204,-0.18998783066579678,-0.007240522494759783,-0.04605236978118334,-0.04884298782603867,-0.22149067403304692,-0.10916077865230407,-0.1598435106909683,0.029121725731895223,-0.1377397428244886,-0.12980607726370438,-0.14372816576206407,-0.2575234710827931,-0.09079387553963825,-0.2368300503893724,-0.12889823567789668,-0.1421887218497388,0.13142510769629415,-0.12514610141728785,0.06445258818140175,-0.20792487402656895,-0.24489558896338556,0.03228066278913737,0.08143875770994415,0.1922241193427634,0.052137036882799595,-0.15923458126847959,0.009100163337451473,0.19448955889633857,0.17666773090501903,0.0956870583989228,0.14547953192020988,0.09182155961816979,0.10043494958749195,0.37440229135144387,0.36110625263167634,-0.11541757473960863,-0.1972491752152769,-0.16122655783672732,-0.10865734764039849,-0.10063530402513453,0.01457173660563491,-0.046950957120448646,-0.10886464276294784,0.04276896310794616,0.14357778425575035,,0.08627595237764729,-0.043193733024241496,0.10706099011183758,0.1458233271792594,0.12132687386924675,0.10492187102356594,-0.05875012146198587,-0.03683560293729785,0.12796031779082626,0.02728013066996118,0.20633129277197074,0.07930102675865387,0.2484219196083603,0.18518996654589875,0.08724163300434487,0.3213916535950434,0.002790155332528214,0.10860413572277978,0.09760222472086878,-0.031788799585409755,0.09406525169237033,0.012514980311590481,0.04342786546176377,0.08540512777800914,0.20524669507720356,-0.010886695632458344,0.17142520023875957,0.07939680821036753
#12,0.4164785741056927,0.23295159566346008,1.0,0.5633480938565685,0.2775394809293114,0.2481975041297075,0.13549096091468973,0.15988839378669886,-0.06825793435962928,0.3285544404188472,0.13069957476737137,0.06156711410948699,0.17722159756058062,0.07067236728253677,-0.30067509728526676,0.01277965176270261,0.47644100186473065,0.775568326415784,0.0523526608272371,0.04152056524937881,-0.20400940231448705,0.019785116395285886,0.2406030067047016,0.21114303826168232,0.223161528246274,0.09476163374468459,-0.035519649078971115,0.028646520171943902,0.09267433843705031,0.11115229250822471,0.15954413581532226,0.07678248356214458,0.21014959489535762,0.017621473553676943,-0.1384953520546741,-0.11359865258170343,-0.07219469083875864,-0.17533928381386008,0.07575248592197745,-0.019040612260951245,-0.07158622412859701,-0.060253011100468726,-0.0729951831646747,-0.15971071225308514,0.07639426791969164,0.08335346131956302,0.06355446355446355,0.15775575267100692,-0.0919696275628479,0.018780567933110306,-0.0873850738257518,-0.10634378600480296,-0.023489128573874335,0.3190054461240902,-0.13307745341643648,0.15699597902987733,-0.27379567549059075,-0.30120906731076225,-0.12341185561524545,-0.05076139313427449,0.24463138022460057,0.10771480263005687,-0.25248916096373725,0.006760689811537269,0.2461601817534021,0.1461532410684953,-0.19971311835718616,-0.034445231055400545,-0.1657398538754471,0.07461143732330174,0.2377351157012174,0.09314075246278636,-0.09141391005797786,0.048548702785990924,-0.1697626748474206,-0.16734731649985887,-0.07097683199378114,-0.07921126056719277,-0.14934179171467307,0.05823327179259383,0.22965708389437203,0.1944423622389724,,-0.02586978349690214,-0.06486856656348182,-0.035010202806812975,0.07065015709083505,0.04473687863518372,-0.030880495287274948,-0.07673621232943267,0.12339982509474035,-0.10835427106613547,-0.0538226978904945,0.020556457844593437,-0.10820296413516753,0.43571954080428654,0.40098650268141794,0.5029863453592267,0.6200345183396031,0.22673274198697926,0.19603640620589774,0.3541188337798507,0.36785074751176444,0.3285234386929302,0.39097294521023335,0.29380613278918366,0.21085014135861593,0.10168242202140507,-0.04943063248147994,0.037314972908193245,-0.0913690269622473
#13,0.387739511468325,0.1801001309475886,0.5633480938565685,1.0,0.23444800732936327,0.28210922787193976,0.11044202908609688,0.11046840368874267,-0.04627585983518187,0.3220510186611881,0.21482252668693347,0.21285553658435014,0.30406307694443285,-0.013342772664806563,-0.13194936076292008,-0.002469495689834673,0.2759523776472929,0.46699796869288396,-0.056421290319595405,0.07436481165294724,-0.15330769907041095,0.048147531198378654,0.05863398066787897,-0.018010151908456992,0.15067070151815914,0.054116982930542255,-0.10021192224582055,0.06442945256504579,0.18742718064751962,0.2699417445180157,0.03309133478625004,0.057188467357958885,0.031896611557628504,0.12753647329918516,0.06916392509612848,0.11667661498169973,0.14388548795328457,0.16959933739594757,0.1442005950480527,0.22196171518205415,0.13163656722978756,0.16953085597153394,0.16845551252330912,0.1932092338872,0.04362683176242498,0.1890202991897907,0.017448881855661517,0.2010508196948875,-0.23703873364890313,-0.04531480633175548,-0.1675273115951082,0.016703452296672635,-0.19534974111245298,0.0278376990241397,-0.09815747951341172,0.12430303955727684,-0.2849202052591883,-0.09619881823271653,-0.20342453393300852,-0.02413507498253261,0.16357389747220255,0.06184659235506693,0.062472179421331965,-0.04434866299273079,0.06764900493714053,-0.0237473220524068,0.052761698524410386,-0.043541229981907945,-0.11295687058398923,-0.03062554079503232,-0.008405632134445694,-0.05232304723830147,-0.036537153486306026,0.004629899545153782,-0.038539309725750405,-0.048810597963140336,-0.06586015908049807,-0.1642480693328151,-0.10052286492964459,0.1386869149581014,0.18420901641240625,0.24443010036230375,,-0.0013876742690302013,-0.04535043518094366,0.07992244941397483,0.03222560002221019,-0.03982009744721609,0.10576308203426847,-0.0512824072146106,0.2350277858752435,-0.031388553422451726,0.03397696618035601,0.041128185195981805,-0.04268197319044777,0.08443944715131156,0.2586760874896468,0.17576497915480965,0.30099668235261456,0.014849826714233494,0.00295256735934702,0.2124117954626429,0.422652544686443,0.21419693962066844,0.206507123456276,0.11992948264134705,0.06667314463924634,0.17719337210862635,-0.10520967809103403,-0.08102879458811663,-0.07376050935372969
#17,0.29114461148359455,0.026944664232799825,0.2775394809293114,0.23444800732936327,1.0,0.2368855758686267,0.07449159483057788,0.14286104286104287,-0.1064201335387776,0.027956153379882193,0.004314329738058551,0.3571796758237436,0.20944071961021113,0.06365903654039247,-0.19297278788804212,0.16964745947796794,0.16333143621279214,0.2260382107839735,-0.10436198910775182,0.1849711036151714,-0.24903547615412022,0.10685739668790516,-0.05413687956060837,0.05073918294257277,-0.047433566077633875,0.07832979358403087,-0.27384194672330264,-0.24044429637649978,0.19856744263523923,0.1665852292970937,0.1029590453319267,0.13655658740404503,0.022822360110495703,0.032380608651795095,0.22353725065589472,0.032379683227140854,0.19996066945219487,0.11355608304760847,0.056622570181892214,0.17630912885150174,0.04938112226247819,0.0781997714201104,0.06663150052980561,-0.06627243576396119,-0.21681727952914392,0.0008379720244127024,-0.09017846814456984,-0.04667332972417718,-0.25362789600077734,-0.30334772368670676,-0.16122794597370868,-0.34506494167511115,-0.20351568826145097,-0.13769578515341227,-0.24501635688076365,0.15833738206619563,-0.26248097095554723,0.03914731372358491,0.07648958665907818,-0.0424695882323001,0.24939592905694602,0.15070401680571172,-0.05843270080558216,0.2396336243793871,-0.13258836648667158,-0.07225345530430276,0.11212907823077314,0.06666620395433955,-0.030100825016079254,0.2809283860131318,-0.052690440826034045,-0.28194681584512093,0.19200433098738184,0.06726587913028591,0.1972343684208091,0.15469120892849705,0.1393721919145648,0.14675800608003997,-0.08789960993350823,0.35882461814665206,0.19497818311377632,0.4786694244321363,,0.18781724713928102,0.4378563463309226,0.2775991708195098,0.2659254015186219,0.18582064344776208,0.052365616772396435,0.19224170241119393,0.28475918136935086,0.011853764396137277,0.14214152519237264,0.001100329913889236,0.0002979867386647048,0.03760092912635286,0.2884169223152274,-0.06624976285993235,0.06372936881411458,-0.1502723062045096,-0.20544751222717325,0.1851261122447563,0.5218853676480795,0.13724695419610675,-0.12149437573166387,-0.10932781780239408,-0.12852852852852853,0.30545213935044446,-0.0023316074163531792,-0.021864545593359153,-0.034804295821244974
#18,0.1282101824474706,0.0948828643743898,0.2481975041297075,0.28210922787193976,0.2368855758686267,1.0,0.0381372127134839,0.08177885127037669,0.07060342314579603,0.0995206300291046,0.2398612788443297,0.3938921972820278,0.5506688506688506,0.11932471762980237,-0.12004654886010818,0.022338825728656236,0.1952243460718037,0.295132266318707,0.02352290657375403,0.11864915763220849,-0.17482983754170195,0.08517284618979534,0.123083792575318,0.11714487985674427,-0.03824872638431961,0.11966619932721628,-0.221110324500155,-0.07961520842876775,0.30719147498808513,0.4131414928025097,0.2302419522758506,0.1893858419282148,0.09695905458617322,-0.0005006547379428735,0.09147776435912029,0.12701545921884905,0.22063835792649353,0.10844357454526946,0.09578931782321613,0.09107890633314362,0.014812347015736846,0.07421674370826913,0.2419610673847962,0.2245612330358093,0.21413447345650735,0.19360948005015802,-0.18559252627049236,-0.10042569534094958,-0.304848299763554,-0.22136296543076203,-0.15278714770240193,-0.26831345983888355,-0.19363307837884108,-0.0991351906606144,-0.16946792709504574,0.046322131067893776,-0.16301540369336978,-0.06377564004682648,-0.05422757117672372,-0.019077166534793653,0.04872268262098771,0.05559349796637932,0.13259669530855972,0.05850534664093986,-0.03203033542016593,0.03947213777722252,0.16022941277178565,0.11631523665421971,-0.1212264652942619,-0.020813263186144543,-0.14776718166548675,-0.029909262112651942,-0.04280783094342416,-0.022124589921200092,0.06242868446258277,-0.043833201460320104,0.05825316842265995,-0.020785500446517394,0.17168894626521744,0.3400755146517858,0.26227043684670803,0.2574933947815304,,0.3685198295367787,0.18374167696201593,0.1498799261511126,0.29925734671497384,0.09921662803018735,0.047851858021349544,0.15614042393703412,0.44688525196999773,0.17835061563875124,0.16048714353799098,0.17777268794217946,0.04168852982412304,-0.015382408602747586,0.1740677503389368,-0.03264435467825298,-0.007785134903778972,-0.16484774450876147,-0.15245492025153043,0.38860061910909366,0.24426815104781208,-0.028756645705798247,-0.05826473623083792,-0.139571158215226,-0.16775080164910675,0.18002146985197834,-0.20826357945002014,-0.12411888005108344,-0.08365746331848027
#26,0.20030215114960878,0.2752758922250448,0.13549096091468973,0.11044202908609688,0.07449159483057788,0.0381372127134839,1.0,0.14078762892322214,0.07768662344933532,0.36489401574147334,0.33061813739779844,0.0359212833789105,0.2137624527455036,0.4717116191692463,-0.045988978192368024,0.012463619243280261,0.08077707908216383,0.12291305172661104,-0.018474252372557457,0.12513175733514717,-0.057424450644789626,-0.03104475816340223,0.05575359643156253,-0.01751412429378531,-0.10596852630750936,-0.09145092704414738,-0.08151788151788152,0.08382635331787874,-0.00164725588454402,-0.003574915439322219,-0.05823373450492095,-0.07967258475733052,-0.279950212153602,-0.28487994928672894,-0.236245644720221,-0.0024810634980126506,-0.15663367527774308,-0.039346742736573244,-0.08740728401745351,-0.11584604635452093,-0.07666032750778513,-0.07874068213051263,-0.005478051240763105,-0.06839535992078365,0.2860635674194996,0.043553723214740166,-0.048661604593807986,0.05453342402494945,-0.08244284345979261,0.08323037984054933,-0.10217104623884285,0.014311229565466854,-0.1023149497725769,0.14845245862195014,-0.04978784639801589,0.08238176543261289,-0.13502177061499096,-0.0762355575914898,-0.15849100255879917,-0.04774913588472911,-0.010865410865410865,0.0026749399630755562,-0.09510265272977138,0.23295576007440413,0.05040649277937413,0.075906106414581,0.16108728142626447,0.4482854194718601,0.06898578085018763,0.10162041856957112,0.13875169468389809,0.0932892831197916,-0.07306042560279849,-0.05106493242086462,-0.16444796105813056,0.09119828611354035,-0.04779355626813254,0.15043518094365552,0.2961493080137148,0.06067315389349288,0.16120527306967986,0.12473660100778745,,0.12568840026467146,-0.1815710934355002,-0.08376666342768038,-0.052461860936437205,-0.06775866775866776,-0.012963348556568896,-0.07707121605426691,0.07110592873304737,-0.020644835899073188,-0.07946019979918285,0.02523309133478625,-0.19579209409717885,0.07469611367916452,-0.02567359347020364,0.038486560520458825,0.10609438406048576,-0.13277206328053787,0.13717939819634734,-0.0063002910460537576,-0.11168903880768287,0.03162916383255366,-0.0972538023385481,-0.1052721442551951,-0.07183701420989556,0.054262274601257654,-0.054120684629159206,0.08729530763429069,-0.06158839887653447
#49,0.47975772382552045,0.3969049172439003,0.15988839378669886,0.11046840368874267,0.14286104286104287,0.08177885127037669,0.14078762892322214,1.0,0.5206064307759223,0.33684809617013006,0.26060883688002334,0.20852131021622547,0.17855652262431923,0.2537551418907351,0.08245209770633499,-0.060971603344484704,0.16767167784116938,0.13795675490590745,0.11708611539120013,0.13746165271589,0.1304580389326152,0.0025240957444347275,0.12092940398025144,0.0138934003340783,0.11943252960202112,-0.10093745517474331,-0.14582240175460515,-0.2452523401675944,0.018412248920723497,-0.16488383607027673,-0.1599957430465905,0.024333578570866706,-0.25182146707570435,-0.24415432381534077,-0.10143302007708788,-0.15372506558947238,-0.0991402804962127,-0.16382746382746383,-0.012177663025120652,-0.18311238819713396,-0.2441695933221357,-0.2025277974430517,-0.006719971126750788,-0.05897685050227423,-0.20874248670858842,-0.1545491562440715,-0.1827306505272607,-0.2863907050347728,-0.2761920626327406,-0.22601923957856163,-0.19494903223716784,-0.2129929621455045,-0.25969868173258004,-0.07372811949083136,-0.07379382464128227,-0.032095115145962604,-0.16803999685355617,-0.17553269756659587,-0.07951757612774563,-0.024018934188425715,0.29634503532808615,0.3281255060916078,-0.06091468972824905,-0.20249078045688215,0.019746711272135002,0.04354446896819778,0.1844015047404878,0.008238592984355695,0.35382639958911144,0.1574767371377541,0.3728642355761,0.14721424043457942,0.23334305029220284,-0.023268414793838524,0.18019637511162934,0.081146786231532,0.09485278807312705,0.16471355793389691,-0.016722886214411637,0.018030973963177353,0.08344785463429531,0.1894219334897301,,0.19642739812231338,0.23872855906754212,0.11429503463401769,0.06738016907508433,0.07498299532197837,-0.20660614389427948,-0.00039099191641564523,0.044926590689302555,0.015306523781100052,-0.08730733815479579,-0.058053739409671616,-0.12681880647982344,0.2320220065982778,-0.028419791131655537,0.09493838985364408,0.03799747359069393,-0.020807710638219113,-0.1564069462374547,0.0707528792274555,0.0611168950152001,0.16784103055289495,-0.09500548314107636,-0.01768532785481938,-0.19277983684763345,0.22235316981079692,-0.003735476616832549,0.037419545894122164,0.01725130369198166
#50,0.36860589402962285,0.47867358884308037,-0.06825793435962928,-0.04627585983518187,-0.1064201335387776,0.07060342314579603,0.07768662344933532,0.5206064307759223,1.0,0.3518955010480434,0.3492140831123882,0.08908600434024162,-0.00976461823919451,0.3479642971168395,0.2755035466899874,-0.13075787652058837,0.15985924291009038,-0.12043291365325264,0.05430576956000685,-0.06549184006811125,0.3133335184182642,0.0059574212116585,0.16507539897370405,0.02810283318757895,0.3527931629626545,0.05204125543108594,-0.18742255352424844,-0.22385744758626114,0.05258401699079665,-0.12847346576160135,-0.0746156017342458,-0.11741602928043605,-0.02386531369582217,-0.14185603168654015,-0.09500455771642212,-0.11521999657592878,-0.06384874859451131,-0.12421373607814286,0.053270682084241405,-0.11109722974129754,-0.09967980306963357,-0.2133076065279455,-0.06464646464646465,-0.04769407311780193,-0.06313617161074789,-0.12281356857628044,-0.2170782492816391,-0.34455595811528017,-0.31259965666745326,-0.2744022913514439,-0.30291740122248595,-0.25451676638117315,-0.2596001240069037,-0.0715131155809122,0.004549850312562177,-0.024474705830638033,-0.03462985327392107,-0.07598893192113532,-0.15906754211838958,-0.06767075241651513,0.07058630278969262,0.07621103383815248,0.06117936117936118,-0.31767931259456683,-0.1973773465298889,-0.08609549457007085,0.18418171638510622,-0.03340366560705544,0.34988640412369226,0.03582503921486972,0.3336229912501099,0.23031876252215236,0.12394999005168497,-0.11474294016666899,0.09238514323260086,-0.04622311062989029,0.0861163166247912,0.08743736031871625,0.03082219353405794,-0.13274846495185477,0.11326411156919632,-0.01648875377688937,,0.07831776306352578,0.030876793588657997,0.03995937385767894,-0.0012803250091385685,0.08757756215383335,-0.07761027591536065,-0.14366431146092162,-0.04361896565286396,0.12637645349509757,-0.07545357375865851,0.0709976540485015,-0.1539753929584438,0.31340801510293037,-0.03128259229954145,0.026168695660221085,-0.05895232674893692,-0.02250771572805471,-0.1022210191701717,0.02618720415330585,-0.15859465012007384,-0.012920316310146819,-0.057726601794398404,0.117155522240268,-0.08282828282828283,0.17961937283971183,0.0465622787656686,0.013866563019105393,0.06214319095675028
#51,0.3720295025379771,0.4063396215938589,0.3285544404188472,0.3220510186611881,0.027956153379882193,0.0995206300291046,0.36489401574147334,0.33684809617013006,0.3518955010480434,1.0,0.49279325550511993,0.16570561316324028,0.261485676739914,0.26829448863347166,-0.13830841627451798,-0.2389048524641745,0.5007588482164753,0.2245825178028568,0.09065552455382964,-0.013067458830170695,-0.02634637719383482,-0.13294002785528208,0.26437115081182877,-0.05246602534738128,0.2549642092014973,0.03277807854079041,0.03378031344133039,0.08598027920061818,0.0745549864193932,-0.006791691537454249,0.16482645974171398,-0.07002225646293443,0.1664131003114054,-0.17634660854999837,-0.09952479444004868,-0.14124016157914462,-0.046354983643119234,-0.12258545139901073,0.1100403947861575,-0.04080891369026962,-0.09629136069814036,-0.18536255824391418,-0.05745360152139813,-0.19508553237366796,0.16579723020400985,-0.06298949180305112,0.03524849965527932,0.11981149099793167,-0.08331968331968331,0.057098701166497776,-0.12458390593983815,-0.006496943785079378,-0.05513633818718564,0.1742620895163268,-0.05204125543108594,0.06027244501820773,-0.15220690644419457,-0.22004007088752853,-0.09927030266013318,-0.006244302854472346,-0.010336993387840845,-0.02616638209858549,-0.15423543728628475,-0.16496110902890565,0.13389275253682034,0.13867349630061496,-0.007415427754410805,-0.01725500539059861,-0.11718791210316634,-0.08852889869839023,0.1959068467543044,0.2190804055210835,-0.14231504231504233,-0.07286423557609999,-0.23658851455461624,-0.13594164272130374,-0.18020840563213444,-0.12646298070026885,0.065708389437203,-0.14180559604288417,0.15113341384527826,0.093582180022858,,0.1576854203972848,-0.1598721988552497,0.0077319229861602745,0.05201488082844015,0.022525761508812355,-0.06134871389108677,-0.19929251285183489,-0.0028021858530333107,0.02035749154393222,-0.14945469352249013,0.014806331755484297,-0.15566706922639126,0.32618627872865164,0.03808770249448216,0.39347066635202227,0.23026508789220654,0.04475677526524984,0.15593960678706442,0.3815340764493307,0.083796277016616,0.18819574582286447,0.1515581837615736,0.22828699269377237,0.05828000573763285,0.011772789738891435,0.00922648380275499,-0.09892419383944807,-0.08707968368985318
#52,0.2882646899596052,0.37756122840868606,0.13069957476737137,0.21482252668693347,0.004314329738058551,0.2398612788443297,0.33061813739779844,0.26060883688002334,0.3492140831123882,0.49279325550511993,1.0,0.15766783732885428,0.20530129513180362,0.3899938459260493,-0.0708398691449539,-0.15695063322181965,0.22467367213129924,0.13595367324180885,0.12933040899142595,0.162165401148452,-0.0015227862685489805,0.2128814484746688,0.15084792033944577,-0.004020507410337919,0.21555546301309014,0.22557179675823744,-0.09142177616753888,0.19971358106951329,0.08993369332352383,0.0826168232947894,0.03574591540693236,-0.07623925929010675,0.09936839767348242,-0.10847457627118644,-0.11717079174706294,-0.07091899295289125,0.01874216280995942,-0.0012331283517724196,0.028645594747289664,0.10145754383042518,0.019001744425473237,0.03910613232647131,0.08349736485329706,0.04703146906536737,0.24952826478250206,0.08225035513171107,-0.10768750260275683,0.07896278404752981,-0.22229949518085113,-0.0764146272620849,-0.12290426019239578,-0.07890587043129416,-0.16357574832151103,0.11451065857845519,-0.0945390691153403,0.0670983772678688,-0.2511551613246529,0.04447266989639871,-0.22274323630255832,-0.12943266841571927,-0.044106664445647495,-0.036918891156179294,0.08235446540531287,-0.048556106183224826,0.09322542881864916,0.27948379812786595,0.22584572245589193,0.08657578996562047,0.1901243308022969,0.21293419767996039,0.19078138230680602,0.295194269770541,-0.057768708616166245,0.053378956768787275,-0.14262274601257652,-0.025268257471647303,0.00940694161033144,0.012180439299083367,0.20483349296908618,0.08930532998329609,0.2728656237130813,0.1715427291698478,,0.25309485139993615,0.08734435514096531,-0.1000657051504509,0.012946690912792607,0.1494149002623579,0.11756317180045994,-0.03252682574716473,0.19102939611414188,0.0695104966291407,-0.027206096697622122,-0.04490715677156355,-0.21801200275776547,0.12854148447368785,0.13968082103675325,-0.0030816640986132513,0.03926345451769181,-0.16816955630514951,-0.042271084643966,0.2319012386808997,0.01089409902969225,0.06759533030719471,-0.08883799053290578,0.04318540420235335,-0.1116191692462879,0.08276442852714039,-0.15307032764659884,-0.11151783524664881,-0.16148660216456825
#53,0.2047585335720929,0.06559872661567577,0.06156711410948699,0.21285553658435014,0.3571796758237436,0.3938921972820278,0.0359212833789105,0.20852131021622547,0.08908600434024162,0.16570561316324028,0.15766783732885428,1.0,0.4212144347737568,0.1726874794671405,-0.10515368989945262,-0.0424552441501594,0.16355723982842627,0.0800691292216716,-0.1275323088882411,0.0177269719642601,-0.3136583424719018,-0.13079952063002911,-0.0028156045105197647,-0.024205407256254714,-0.04182040283735199,0.16131632402818843,-0.13333379604566045,-0.14542724542724542,0.45989996159487684,0.2673459283628775,0.20603052975934333,0.30167918303511526,0.030098048742116537,0.1538037266850826,0.2476959239671104,0.1778994711198101,0.26404308777190133,0.09701689362706312,0.037102587950045576,-0.0012187842696317272,0.04402661521305589,0.037258522004284714,0.2533942262755822,0.05795286812235965,0.12815743324217901,-0.06038210783973496,-0.098958897263982,-0.06363913991032635,-0.11813415881212491,-0.2875812638524503,-0.030061031755947012,-0.1266897097405572,-0.12476297561043324,-0.22837213176196228,-0.2956921482345211,0.023846805202737405,-0.24979848878153962,-0.16415784042902687,0.10910710402235826,0.10165419656945081,0.3378975277280362,0.23860316402689283,0.11225817497003937,0.02878579658240675,-0.03911492386068657,-0.04582008819296955,0.3197897435185571,0.053514068768306056,-0.024256768324564935,0.10558077337738354,-0.048091543006797244,-0.07575665033292152,0.04104304612779189,-0.1347177686160737,-0.04632074293091242,-0.1325166460759681,-0.10057330057330058,-0.0408204814984476,-0.0031159048108200652,0.28055914157609074,0.15286580879801218,0.3747881934322612,,0.4395086920510649,0.25743231675435063,0.3669484584738822,0.25612191544394936,0.0341898138508308,0.1314292721072382,0.28264643688372504,0.27548827718319246,0.404180143163194,0.1995784690699945,0.23421942743976643,0.10860876284605098,-0.018956398617415566,0.0324412239666477,0.04884622681232851,0.03666671293789938,-0.033158428073682314,-0.05114405622880199,0.3834367495384445,0.3586154721747942,0.14702869279140465,0.028790423705677942,0.02165956403244539,0.017401685198295366,0.27575248592197743,-0.25463799701087836,0.07479652225414937,0.1364224008291805
#54,0.14359397918719952,0.03698320816964885,0.17722159756058062,0.30406307694443285,0.20944071961021113,0.5506688506688506,0.2137624527455036,0.17855652262431923,-0.00976461823919451,0.261485676739914,0.20530129513180362,0.4212144347737568,1.0,0.1682926377841632,-0.003725296945635929,-0.01990310803870126,0.2200539522573421,0.22166326573106235,0.054632907175280056,0.13047330843941013,-0.1123747784764734,-0.07505795471897167,-0.08030881420711929,-0.0661465780109848,-0.08692374963561404,-0.06780493899137967,-0.12700018971205412,-0.028836232226062734,0.16492270390575475,0.2766876275350852,0.10151630829596932,0.23828019082256371,-0.06503884469986165,-0.024229468297264908,0.11526858137027629,0.1072266411249462,0.16318568182974963,0.10700037479698497,-0.029207327512412257,-0.048058227719244666,-0.0508173813258559,0.00673431520889148,0.18917900951799257,0.1915559627424034,0.11951535510857544,0.09221949221949222,-0.028393879241336867,-0.04140303631829056,-0.12277516345312955,-0.10832049306625578,0.008220547203598052,-0.0382630704664603,-0.13084162745179695,-0.11444634156498563,-0.14237565762989493,-0.012859700995294215,-0.16958360517682552,-0.17505564115733607,-0.21316092672024875,-0.13993808909063146,0.0927761351490165,0.060279848415441636,0.06022895005945853,0.07287580338427796,0.010665056427768292,0.12269187523424811,0.24568497619345078,0.19217368369910742,-0.07216553996215014,-0.009680404595658833,-0.012817594173526377,-0.0669072770767686,0.039339802051666456,-0.058902353817608055,0.04191479615208429,-0.03273319544505985,0.044657754827246356,0.01763304136185492,0.20850465257244918,0.1771054567664737,0.12363256939528126,0.39217831082237864,,0.3350018739849248,0.0601021668818279,0.17880731270561778,0.1648056376869936,-0.06352068555458386,-0.11857327281056095,-0.10586672959554315,0.343533826584674,0.056485144620737844,-0.11531994243858651,0.08851270376694105,-0.12094883789799044,-0.009034920899327678,0.02296903991819246,0.15569066755507432,0.06193913482049075,0.08124303039557276,0.07274207952174054,0.232632786870075,0.28378332107145665,0.1271399288348441,0.08760393675647912,0.04823961095147536,-2.313561635595534e-05,0.13612163781655306,-0.10766297884941953,-0.06268872879042371,-0.09280667416260636
#58,0.27356108034074134,0.27804244922888993,0.07067236728253677,-0.013342772664806563,0.06365903654039247,0.11932471762980237,0.4717116191692463,0.2537551418907351,0.3479642971168395,0.26829448863347166,0.3899938459260493,0.1726874794671405,0.1682926377841632,1.0,0.02946552099094472,-0.009290338103897426,0.08718333125112786,0.03719744397710499,0.11349222874646603,0.16867622630334494,0.018671830536237315,0.014209895565827768,-0.10941480771989247,0.060739784468598026,0.0770203176982838,0.1088586275026953,-0.14435837995160028,-0.013825844334318911,0.17926678604644705,0.07484695789780535,-0.09946649268683166,0.07286284743911862,-0.09469222689561672,-0.1285257522545658,-0.15893566910516063,0.01989709277844871,0.034464202260812433,-0.022349930824507095,-0.06451597977021706,-0.12916059356737322,-0.17543737882720933,-0.1415131618521449,-0.06040570616841803,-0.09811444726698965,0.06042745364779263,-0.08401513994734333,-0.12444370410472105,-0.12096271926780401,-0.24249087299934757,-0.18092005719124363,-0.15441265610757135,-0.23842825876724183,-0.269783496902141,-0.06430128125043379,-0.24950189017985627,0.07782034731187273,-0.2286243099802422,-0.030685693397557803,-0.20357537815164933,-0.1555592572541725,0.09496476445628987,0.17179028026485654,0.06537893826029419,0.11096674486504995,0.030965171643137744,0.16894598759005539,0.4868918224850428,0.3055072021173716,0.41358939833516106,0.31776260081344826,0.3380479092343499,0.212012012012012,0.02728475779323237,-0.14556559641305403,-0.0438257980630862,0.09130656079808622,0.11266721266721266,0.23108964125913278,0.24462351411503955,0.15669891771586686,0.20990435736198448,0.10365959179518501,,0.210885307495477,-0.007846212930958694,-0.06810755285331556,0.11394614953936988,0.003822466534330941,-0.04407982713067459,-0.07051550780364339,0.12651156549461634,0.028361026666111414,-0.07004492936696327,0.0805026906721822,-0.2543455628201391,0.2625332574485117,0.07320479184885964,-0.0297047432640653,-0.045921884904935754,-0.25108436633860365,-0.07378503310706701,0.05914065066607439,-0.10527260696752222,-0.035237857271755574,-0.18493593747831036,0.03175548429785718,-0.17424358102324203,0.18153361373700358,-0.03110074635498364,0.10183928150029845,0.11796202982643661
#101,-0.18004368004368004,-0.0818709310234734,-0.30067509728526676,-0.13194936076292008,-0.19297278788804212,-0.12004654886010818,-0.045988978192368024,0.08245209770633499,0.2755035466899874,-0.13830841627451798,-0.0708398691449539,-0.10515368989945262,-0.003725296945635929,0.02946552099094472,1.0,0.221308365376162,-0.02358074561464392,-0.36973491210779347,0.13614199715894632,-0.11935016680779392,0.6085671187366103,0.10575938033565152,-0.17803226955769327,-0.18846967152051897,0.12471716709004844,-0.23984277035124493,-0.33470527538324146,-0.38338631389478844,-0.033461504647945325,-0.10080419402453301,-0.1614944682741293,-0.11129804689126722,-0.05891901146138434,0.07843159029599707,0.12089146156942768,0.053068939509617476,0.3088192969548902,0.19329992550331535,0.17066218761134017,-0.04682232309350953,0.07325245121855291,0.0773229315602197,0.25761369998658135,0.20354668998736794,-0.1281042213245603,-0.16414303363455907,-0.26264292027003894,-0.3756081196759163,-0.3030617674685471,-0.35841974486042283,-0.1842127181110232,-0.09811953710258794,-0.24723413706464553,-0.3258235122641902,0.4064751963057048,-0.17060573670743162,0.13335276725107234,0.1532244108515295,-0.39187893594673257,-0.3205245306940222,-0.18591457405016726,-0.17487564606208675,0.18196717518751418,-0.019666662039543394,-0.3726907184534303,-0.3748219714321409,0.11349963214369994,0.09004937140530361,0.39904727531846174,0.10327230157738632,-0.018358574290777682,-0.010957490618507568,0.30887435972181737,-0.2590559743102116,0.22610715492071423,-0.17500566822600722,0.4167501862417117,0.11292864513203496,0.3539318979996946,0.022319854523244354,0.046584026245043195,-0.04980820574040913,,-0.09192150548082752,-0.1413706464553922,-0.23664404003387055,-0.2815141798192646,-0.36010818214208046,-0.21955838735499753,-0.18900641781997715,-0.11068865475645137,-0.19627053864342,-0.33321950610086204,-0.2045461486139452,-0.22667999278168768,-0.009251470268419422,-0.2687627535085162,-0.10128402670775552,-0.41482669109787756,-0.0038280190822563703,-0.11445790937316361,-0.19128018619544043,-0.22587255977086484,-0.17548318734759413,-0.1615120513425598,-0.0042625059574212115,-0.09812740321214898,-0.1890998857100552,-0.010611844510149595,-0.057405016727050624,0.010827931166914218
#102,0.031860057283786096,-0.04082418319706455,0.01277965176270261,-0.002469495689834673,0.16964745947796794,0.022338825728656236,0.012463619243280261,-0.060971603344484704,-0.13075787652058837,-0.2389048524641745,-0.15695063322181965,-0.0424552441501594,-0.01990310803870126,-0.009290338103897426,0.221308365376162,1.0,-0.1660137795731016,0.05062674384708283,0.0305741797267221,0.2923018550137194,-0.11644896051675713,0.3484755942383061,-0.25477172087341576,0.22899494255426459,-0.11107316870028734,0.16922315227399973,-0.3762383338654525,-0.3446776514573125,0.1344901141511311,0.16714418578825357,-0.033240790867909514,0.09490738812772712,-0.08965976762586932,0.05916563713173883,0.16727143167821135,0.25487398029770914,0.19960669452194876,0.3966189610257407,0.08089136902696224,0.2715774325943818,0.07066496388530287,0.28719027193603464,0.16295571380317142,0.3309471258623801,-0.33050754915161695,-0.04309054817529394,-0.21787180092264838,-0.32244802583785637,-0.29414113651401785,-0.37197952960664826,-0.32692615573971506,-0.24351439266693503,-0.380505929658472,-0.24630501071179037,-0.13559136948967457,0.23277437684217345,-0.3184867456053897,0.07900442815697054,-0.2610280542483932,-0.18411786208396377,0.04009541128185196,0.07012405317490063,0.2263579450020128,0.3205777426116409,-0.1975392958443806,-0.12497674870556226,0.2029201774964487,0.1322084796661068,0.22753369702522244,0.41620048399709414,-0.032850724376148104,-0.24269446642328,0.22057450362535108,-0.09127185737355228,0.28273388951355055,0.14748215087198138,0.31737577330797667,0.033823808400079584,0.06657504962589708,0.46718953159631127,-0.03522906573754031,0.054662520764215676,,-0.04743541692694235,0.039077444162189924,-0.05095758316097299,-0.11085615661886848,-0.1334272639357385,0.028499840364247145,0.03843196046585877,0.1510908443111833,-0.23077592230134603,-0.13693184710133863,-0.08665352563657648,-0.0941346585414382,-0.25983703271838865,0.4442278950753527,-0.16281134755711027,-0.12188953205902359,-0.08191905310549379,-0.1552760773099756,-0.0151478134528982,0.04932143237227983,-0.02323833849257578,-0.2888884261765618,-0.05098997302387133,-0.23403017809797472,0.012280847874068213,-0.0003599901904986651,-0.03970441936543632,-0.0615624869862158
#201,0.13168515202413508,0.15836236853186006,0.47644100186473065,0.2759523776472929,0.16333143621279214,0.1952243460718037,0.08077707908216383,0.16767167784116938,0.15985924291009038,0.5007588482164753,0.22467367213129924,0.16355723982842627,0.2200539522573421,0.08718333125112786,-0.02358074561464392,-0.1660137795731016,1.0,0.38297218636201685,0.002518080484182179,-0.29648986428647445,-0.02559632051157475,-0.14059143889652365,0.2941698246782993,-0.05037317749182156,0.39833331019771695,-0.08895737031330252,-0.02646066713863324,-0.08381987534529907,0.26003090918345156,-0.046131493589120706,0.3729521509182526,-0.09428041292448072,0.4226807701383973,0.02805054669461449,0.0021428207868885835,-0.24075153736170685,0.18186213948925814,-0.07470814419966962,0.1508951169968119,-0.12489808760995201,-0.009834025088262376,-0.09610488763031136,-0.1375222680307426,-0.16949476441001865,0.05213009619789281,-0.13043397789160502,0.06441649661988645,0.14804804804804805,-0.05835542784695327,-0.059897185320914134,0.03419444097410199,-0.07666495463105633,0.05025981297167738,0.10511065765303053,0.045899674713234036,-0.16920880819185904,-0.21737623602030381,-0.34935104596121547,-0.12790479231157198,-0.2682537699486852,0.038763725204403174,-0.12649444513851293,-0.28165947148997994,-0.04881198610012169,-0.018138323223068985,-0.12188120323713544,-0.18664612223934257,-0.09553621418028198,-0.05675398048279404,0.008158081039436972,0.1612936511241596,0.169231943808215,0.013712479814174729,-0.07874808552774655,-0.2208822073228853,-0.3568525382084704,-0.06849160408482442,-0.15284868844190877,0.2034939407820764,0.019594941628839933,0.1329372515813194,0.029541405812592254,,0.036697714663816355,-0.09538583267396827,-0.0270723728350847,-0.068691958522467,-0.0754484839230602,-0.1276701971617226,-0.149073418564944,-0.12095809214453282,-0.18834751546615952,-0.3199401250248708,0.04107728683999871,-0.12281541942558892,0.6351809436555199,0.17282074061735078,0.605648329377143,0.29074529074529076,0.17119430678752712,0.031290458409102474,0.5578381154652341,0.21163073705446586,0.2827574878422336,0.32424334966707846,0.30369614606902745,0.07771577432594381,-0.15142908702230737,-0.14198327757649792,-0.0005464632583276651,0.04127162601738873
