,#10,#11,#12,#13,#17,#18,#26,#49,#50,#51,#52,#53,#54,#58,#101,#102,#201,#202,#301,#302,#401,#402,#501,#502,#601,#602,#701,#702,#801,#802,#901,#902,#1001,#1002,#1101,#1102,#1201,#1202,#1301,#1302,#1401,#1402,#1501,#1502,#1601,#1602,#1701,#1702,#1801,#1802,#1901,#1902,#2001,#2002,#2101,#2102,#2201,#2202,#2301,#2302,#2401,#2402,#2501,#2502,#2601,#2602,#2701,#2702,#2801,#2802,#2901,#2902,#3001,#3002,#3101,#3102,#3201,#3202,#3301,#3302,#3401,#3402,#3455,#3501,#3502,#3601,#3602,#3701,#3702,#3801,#3802,#3901,#3902,#4001,#4002,#4101,#4102,#4201,#4202,#4301,#4302,#4401,#4402,#4501,#4502,#4601,#4602,#4701,#4702,#4801,#4802
#10,1.0,0.19878630556596658,0.18449821161685567,0.4837268701675481,0.32965245677110083,0.23511847749135883,0.43289329391024306,0.5107562107562108,0.0046780216271741695,0.5649773039603548,0.4909183451556333,0.14962265809723438,0.24769175955616635,-0.05528903325513495,0.051433714145578555,0.25618530703276465,0.5109260261802635,0.18040505837116005,0.13363132007199804,0.161947926354706,0.22183585742907777,0.23798498035786173,-0.09527894612640375,0.0030529759343318665,-0.0364348940620127,-0.032324157747886564,0.06979737827195455,0.024209571667198785,0.06506336845319896,0.11959818061512976,0.1067903034004729,-0.060952169426745695,-0.2573971506174896,-0.03935738512009698,0.11954450598518396,0.06091607786523041,-0.05730553357672002,0.14788517330890213,-0.026060883688002332,-0.06698871444634157,-0.34764178662483747,-0.01139105206901817,0.030162365755586094,0.12121813647237376,-0.24445369869098682,-0.06631546801038327,-0.09385564300818539,-0.10561408866493613,-0.06881226372751796,-0.0421257929732506,-0.17993031552353586,-0.09960854537125724,-0.12145828417014858,-0.016304131558368847,0.023722798299069484,-0.16366921621158909,-0.25763729831526444,-0.22909350027994096,-0.1405516456363914,-0.160378406141118,-0.24656551775195842,-0.07466557466557466,-0.15464169870949532,-0.005030145708111809,0.3812754202584711,0.18473697117764915,0.07454758302215929,0.18076597398631297,0.14256999680728494,0.15857614162698908,-0.000576539559590407,0.13851432326008598,-0.05931463050107118,-0.08818047631606954,-0.18665722733519344,-0.0540720998348117,-0.2782414155295511,-0.4613487138910868,0.12622653470111098,0.2636789331704586,0.099794093014432,-0.035725556064539116,0.2890906314635128,0.14465035143001245,-0.0025763822373991866,-0.10813587084773525,-0.27640861200183237,-0.17130813401999842,-0.055912306759764385,-0.09121031663404544,-0.03724001351119995,-0.26253927270876426,-0.13344577242882327,-0.32539550336160505,-0.3158312395600531,0.11551150534201382,0.0789067958559484,0.08822721026110857,-0.06602395924429823,-0.07433195907772179,-0.11329835228140313,0.15079655927113556,-0.10644604542909628,-0.06826071063359199,-0.22448257194019905,-0.17010924638043282,-0.2262533720160839,-0.3414261719346465,-0.05864508576372983,-0.31025277974430515,-0.4023973125668041
#11,0.19878630556596658,1.0,0.1364857924179958,0.3281361484751315,0.26464507650948327,-0.018908276535395178,0.3798553561265426,0.31005335073131685,0.4815946917641833,0.5029109232499063,0.28639163045942706,-0.0031783709749811447,0.07125631023936109,0.15205282323926392,-0.08258998597981648,0.3248656977470537,0.2218395591276947,0.10753341939782618,0.12640791793334166,0.28844977489045287,-0.24421771540415607,0.17410060291416224,0.07711887542396018,0.22646575697423155,0.18666648158173582,0.2744471744471744,0.19425403832183494,0.09854662058051888,-0.05804402245080211,-0.023288311423904643,0.0018564018564018565,-0.062097382436365485,0.11063405470185131,0.17501816145883942,-0.033371738456484216,0.06273962714640681,0.04555958115280149,0.2434500756534655,0.11070901409884461,0.1643327456886779,-0.04356020118731983,0.1404961201571371,-0.08752758922250448,0.19977095739807604,-0.08885048376573801,0.048147068486051534,0.15279779008592567,-0.16466173415325958,-0.03471684319141946,-0.2621195926280672,-0.2513883683375209,-0.22615527700273463,-0.1730632018767612,-0.030388632083547338,-0.223643211778805,-0.04141552955112277,-0.35006871278057716,-0.14885455563421665,-0.17109482363719652,-0.23416112568654943,-0.17200127708602284,-0.04915346779753559,-0.0831207170190221,-0.039796499118533016,0.11798932985373663,0.1691162657264352,0.3718837481549346,0.3937811463235192,0.15291578172934106,0.15641805133330558,0.1613274291240393,0.06481119023491905,-0.22231430197531893,-0.1713099848693069,-0.3396289972561159,-0.17558267049792473,-0.3501186857119061,-0.3004678021627174,0.20928108385735505,0.35900091154328445,0.08135778305269831,0.19418463147276707,0.008153916628492899,-0.10343610174118649,0.01213231721706298,-0.21982999949101645,-0.2688502061383417,0.15034957916313849,0.1216646538680437,-0.15966768000666307,-0.008694827338895136,-0.3871574193608092,-0.27017078711993964,-0.3178958619636586,-0.16277247972163225,0.30743671252145827,0.34529213342772663,0.08254556559641306,0.0011341079137689306,0.0015889541313270127,-0.28700379886820565,-0.07653076805619179,0.07931722169010305,0.016339760407557018,-0.13641962455521778,0.045155170578899395,-0.0037947037947037945,-0.2996895200285031,0.18557216692809914,-0.15939791871995262,-0.1311433158890786
#12,0.18449821161685567,0.1364857924179958,1.0,0.5150774811791761,0.07868978377452954,-0.2062114502792469,0.08425389950813679,-0.08895505675166693,-0.04617452583554278,0.2774830300254029,-0.04411962039080683,-0.16061392671562164,-0.2755313094296145,0.18638700333615588,-0.009784052156933513,0.2115687336026319,0.028174090885955294,0.6353387285590676,-0.3013205809815979,-0.14356529102291815,-0.12658189776833845,0.09194649194649195,0.023951378188666324,-0.08051518390501441,-0.0832030798132493,0.08817538648047123,0.23363178278432517,0.28319428827903403,-0.06389779610118593,-0.11595478375139393,-0.14149280250975166,-0.04646603460162782,0.32952474816881594,0.003441191576784797,-0.0998764558086592,-0.13314639755317723,-0.2639431419092436,-0.20721738687840383,0.04343897055761463,0.09397594821323635,0.20350226960396453,-0.010446656209368074,-0.1430974888602007,-0.12987317055113665,-0.25591369489674576,-0.21230583433973266,0.04361202496795717,0.06821536482553432,0.1860603284332098,0.21649476903714193,0.26235094879162674,0.42770536329858366,0.3199105114359352,0.44307851765478884,-0.07831730035119866,0.022268493454934132,-0.3068300966606051,-0.2916346238380137,-0.08378008208516684,0.17294567294567295,-0.2555643470897708,-0.1574290777680608,-0.37973366278451026,-0.0501561654104027,0.42172341833358784,0.14241452546537292,-0.14663399917637207,0.023334582656616556,-0.05184367726740608,-0.05775205097238995,0.2593655288570543,0.2811208743412133,0.0022080632250123773,0.22908285789641722,-0.15685623990708736,-0.04763715950156628,-0.09640565064293878,-0.0593974560076255,0.1447266989639871,-0.06099982879643897,-0.21963889929991626,0.18282411841733875,-0.17217757048265522,-0.3677188744985355,-0.11638371807863333,-0.4136643577321543,-0.23915517983314594,0.32891535603400013,0.05611636289602391,-0.15754614398682196,-0.34939500363229176,-0.5136953594580713,-0.3607027674824285,-0.31500807433010825,-0.3220806322501238,0.21800922648380275,0.35836283124418716,0.5531573175640973,0.528814022034361,0.5293762175118107,0.5992388382218891,0.029271181813554696,0.17181063960724977,0.6117195778212727,0.29544413442718526,0.43041685753550163,0.2965874965874966,-0.29595913324726886,-0.15757622028808468,-0.28341222578510716,-0.2359865258170343
#13,0.4837268701675481,0.3281361484751315,0.5150774811791761,1.0,0.2030973963177353,0.11071688020840563,0.4096618961025741,0.22688034721933026,0.10612492307407562,0.6554532961312622,0.40046548860108183,0.05639075130600554,0.11134940795957746,0.2028091265379401,-0.06450117297574924,0.25109269516049176,0.40965773169163,0.20567516669211586,-0.0289371035133747,0.09868080715538342,-0.09107566734685378,0.125469074621617,-0.12515813193779296,-0.0456808117825067,-0.15016264338298235,0.1162546213393671,0.2847156864106017,0.31655307079035894,-0.02866271510339307,-0.005650642938778532,0.055208984022543345,-0.1454337233998251,-0.004243997464336447,-0.11352878302030844,0.08847892576706136,0.07186061253857864,-0.11568224619072076,0.031032727642897134,-0.011130082316522995,0.011674694725542183,-0.06159117515049718,0.09578885511088901,-0.09189975800145292,0.15593359152681185,-0.2291379206633444,-0.1697404646557189,-0.01972172480647057,0.03471267878047539,0.09853505277234091,0.11357088984207628,-0.08007606990657838,0.10507456609151525,-0.08443111832942342,0.0766159071243817,-0.22285104827477709,-0.23577414085888662,-0.35801625971117496,-0.31521675758963896,-0.07894011114350097,-0.008973380159820838,-0.22213384416774248,-0.06395887412836565,-0.22173822512805563,0.022538254741644573,0.4958365144805823,0.29972746243932685,0.16552237908170112,0.25226937260835564,0.05808520384791571,0.10719101227575804,0.1474516118583915,0.24180513333055706,-0.13319637048450608,0.0036753240143070653,-0.19386165826843793,-0.008794310489225743,-0.27470906962432384,-0.3422854287261067,0.11365140178699501,0.11345659989727787,0.02846467422738609,0.12043615263954247,0.21279307042018905,-0.060043865128610895,-0.20200446980107997,-0.23292429563616004,-0.26698732630936023,0.18748501968840953,0.06210709939523499,-0.06700352124080938,-0.16177533465669058,-0.38422012150825713,-0.27222337900304,-0.38312765770392887,-0.30387058861635136,0.0502408417662655,0.14564888463193548,0.35382871315074704,0.24338622135232305,0.2030053165646386,0.13372617609905746,0.20780410610919087,-0.06961599503972385,0.18105193020447258,-0.1174095513078564,0.05539453166571811,-0.12894358148595436,-0.3457150524947135,-0.03291735495125326,-0.2719193770041228,-0.2706635757483215
#17,0.32965245677110083,0.26464507650948327,0.07868978377452954,0.2030973963177353,1.0,0.3360522309674852,0.4175094971705141,0.434831595848545,0.24130679215424977,0.36815983934628005,0.2793861658268438,0.2863138947884711,0.1438933540628456,0.2687738586043671,-0.11121707223402139,-0.05241512699139818,0.2154143357533188,0.2654104026985383,0.035875012146198586,0.07035402120147882,-0.1368101537593063,-0.12802324666731446,0.141035642730558,0.06816631731885969,0.0873175178259924,0.028820037294613566,0.047624203556406945,0.07772641670946756,-0.04908498637312197,-0.031980362488837066,0.28864503949249715,0.17015921931176167,0.16805850534664094,0.3158446582175396,-0.008584239092713669,-0.00929866692578557,0.18168075625702745,0.17685235312353956,0.06401393689529283,-0.008134945423081016,-0.08990176617295262,-0.0026138619358958342,0.01611441950425001,-0.07696294136972102,-0.13087633087633088,-0.0877362724820352,0.05125973431058177,-0.05531957226872481,0.0538226978904945,-0.03682681140308259,-0.20841673723029655,-0.19336331709213064,-0.33560525085948817,-0.21380502227959855,-0.2950503662368069,-0.32666657412420125,-0.2901571833775224,-0.28179643433880724,-0.006096234909794232,-0.08803379650837279,-0.04712077254450136,0.07534576178643976,-0.16972519514892395,0.11275096359842122,0.09135144389381677,0.10325842020757275,0.3198258350800724,0.3285359319257624,-0.13773419027656317,-0.018622320317235572,-0.16325184969252765,-0.2224123969886682,-0.26059217923624706,-0.3070660799474359,-0.3303030303030303,-0.22647778749473665,-0.2842520486588283,-0.19479911344318124,0.24753443736494585,0.225340903307005,0.40877256300985115,0.33546412359971683,0.21911603437027166,0.11032033574406455,0.4201705557637761,0.09044267688335485,0.03304413812888389,0.15887320294099955,0.21701069328187972,0.1493690917419731,0.1852926886825192,-0.2251322200474743,0.0583197989977651,-0.14852741801894345,-0.041207771716246296,0.11806243840142146,0.1771489517252229,0.033529523360031836,0.016448497804430008,-0.12084102592577169,-0.27684957684957684,0.15283203079813248,0.27570158756599433,0.10175182887047293,-0.06405373015542506,0.03853051819153514,-0.027987617818126292,-0.09273495375190291,0.06675735828278201,-0.15879592998237066,-0.2002544917799155
#18,0.23511847749135883,-0.018908276535395178,-0.2062114502792469,0.11071688020840563,0.3360522309674852,1.0,0.3676018082797744,0.17910900114289946,-0.06573892845079286,0.13695590814234881,0.4477246121313918,0.4959549688363248,0.6671654705553011,-0.03956560566730058,-0.14047622352707098,-0.232182105063461,0.5835380835380836,-0.05555509284322844,-0.009759065691269081,-0.05940671025416788,-0.01806382653840281,-0.23247083755558332,0.0007824465451584095,-0.18261312159617243,-0.11230166992878857,-0.20067370914828542,-0.11357690510232883,-0.09858919011461384,0.38884122951919564,0.4537842927673436,0.5765182748233596,0.25295881397576314,-0.22276035665866176,0.1970886140377666,0.3231814248763401,0.29243604158858394,0.13151302303844678,0.11483872161838264,-0.30747743120624477,-0.20750797021983464,-0.1713682866225239,-0.09223244816465155,0.10734139378207175,0.2490030862912219,-0.053506665371072154,-0.11202635609415271,0.014782270714474105,-0.012591790557892254,-0.06895709268590625,-0.05739761332981672,-0.21559849525951222,-0.13468075162990417,-0.2360596343647191,-0.23473905338312118,-0.17954302530573718,-0.30829735744989983,-0.22075079702198347,-0.24152102796170594,-0.11025185431965093,-0.2241036105442885,-0.13618179041907855,-0.07855050736406669,0.13338747067560627,0.182568701212769,-0.002238602238602239,-0.12037923902330681,0.14249642554727301,0.10170879662405086,-0.1032209405090761,0.006819916989408515,-0.2695498271769458,-0.17474747474747473,-0.19103124696345036,-0.3387762184372354,-0.1879935405359134,-0.10892757163943605,-0.11810038081224522,-0.23758843589352063,0.14611622408232577,0.2866498239379595,0.5678785102513916,0.11742204454068861,0.377665801394615,0.6865383102671239,0.20001156780817797,0.27675842252113436,-0.08644484237704576,-0.19279927076537245,0.0241711665440479,0.2867881749237681,0.35649439886728024,0.1846148151232897,0.19457377253987423,0.014021108936363174,0.030656079808622182,-0.16677077694026846,-0.06398756229264704,-0.18234104674782642,-0.01517326263088975,-0.3147022214818825,-0.34653220246440586,0.5811143963686337,0.13279890059551078,-0.4143047515928872,0.028602562500867585,-0.251773344993684,-0.07882073136310425,-0.12021960327045073,-0.06494815308374631,-0.07611340153713035,-0.21626572643521796
#26,0.43289329391024306,0.3798553561265426,0.08425389950813679,0.4096618961025741,0.4175094971705141,0.3676018082797744,1.0,0.44780188509002067,0.3485588824571875,0.5744587422553524,0.5397650346802889,0.3957735856040941,0.42003313020262173,0.25154522781641425,0.014584692550794245,-0.037326540716371225,0.4741408588866216,0.03475848730086018,-0.044322288390085,-0.15426551358754748,0.1304705321654474,-0.12058051888560363,-0.23475247204060765,-0.1935558054202122,-0.14040589125334887,-0.21931407524627863,0.008264967587001485,-0.10019248832808154,0.24296469042231755,0.20345923735754246,0.2687206466867484,0.06306907832331561,-0.1136102203898814,0.07562015019642138,0.058382265161926176,-0.013193316583147091,0.1318258165715793,0.028871861075250905,0.041327151496643025,-0.19002114595334935,-0.12827912658421134,-0.07403489776371132,0.15405636761568964,0.042321982999949104,-0.1671927705826011,-0.217940282347062,-0.16550248245163499,-0.2365635280889518,-0.1103555018809256,-0.1286756710485524,-0.23477514494463647,-0.06565841650587413,-0.148894811606676,-0.03352073182581657,-0.019109093685364873,-0.4068486051536899,-0.2049787846398016,-0.4719758279080313,-0.03836532989075362,-0.13424719017939357,-0.1276683463124141,-0.0012641300776893996,-0.27904560955408414,-0.06524521439775677,0.24510427222291628,-0.11677008287177779,0.2952155545375884,0.526921991328771,-0.004811282777384472,0.01667522684471837,-0.04175886209784515,0.06969419342300698,-0.18736240092172296,-0.37551233822420266,-0.24986465664431767,-0.114634202769796,-0.1909956181142622,-0.17084403355589797,0.2646182391945104,0.05208243682819954,0.3103096933605408,0.17959299823706604,0.17236358083815712,0.31395586649823937,-0.027459200340556274,0.14840248569062128,-0.017760287251812674,-0.019792057080192674,0.04380914041930991,0.10476316069536408,0.13610914458372086,-0.019250683657463317,0.024042069804781668,-0.04479286682676513,-0.07439257439257439,0.0715422664575207,0.005964824608892406,0.11670807941994382,-0.0069818663039002025,-0.14729752865346085,-0.22088868529546496,0.32385467131229845,0.05340394323445171,-0.16533451787689077,-0.247472896625439,-0.1497374107543599,-0.1790858655265435,-0.2510811273523138,0.026195995687521113,-0.12618998042726856,-0.16059125381159278
#49,0.5107562107562108,0.31005335073131685,-0.08895505675166693,0.22688034721933026,0.434831595848545,0.17910900114289946,0.44780188509002067,1.0,0.38515526312136483,0.4941277178565314,0.5415427754410805,0.21831461661970136,0.15549308939139447,0.24197217248064706,0.17592415219533863,0.1555227029803301,0.3233063572046623,0.07621612367375079,0.11107501954959582,-0.0015547134191201987,0.12453069402221945,0.026846106507123456,-0.2783469139401343,-0.07613931342744902,-0.12423733440682594,-0.1473590693929677,-0.07180832604561418,-0.22309212139720613,-0.046236066575049625,0.037782775070910664,0.05535288755627739,0.006614472716167632,-0.17445457784440835,-0.046775126436143385,-0.21546060698603073,-0.015175576192525344,-0.02264375315222773,0.15091871532549497,-0.08422150964523846,-0.20948143829499763,-0.4089502445434649,-0.10424723645062628,-0.058805184228913045,-0.1001452916707154,-0.24825349232128893,-0.2105924105924106,-0.14045123706140655,-0.3736614889157262,-0.16802102564814428,-0.2510191239004798,-0.31784912801861953,-0.26731770291092327,-0.24140303631829055,-0.19616874193145378,0.046737646737646736,-0.2924605653419213,-0.2425885053003697,-0.2703512449275161,-0.2845454082742218,-0.39439053845833505,-0.12070637663858003,-0.007009629043527348,-0.30914597185783627,-0.04367541655677249,0.23735846786694245,-0.07827796980339354,0.2684865142492261,0.40534571551520704,0.14156452292045513,0.10832188120323713,0.07659878676827829,0.030104989427023325,0.15589241012969826,-0.20975073686938095,0.020717019022103766,-0.11243261751736328,-0.04443195121161223,-0.38595853172124356,-0.023465067532864144,0.04095420536098502,0.351439266693504,0.16213208586089942,0.16541734338344508,0.11664283698182003,0.2250142284040589,0.07116839489720846,-0.09137411679784561,-0.004525326559224864,0.06678141932379221,-0.020051638695706493,-0.050722988011123606,-0.2774848808747114,-0.11812768083954525,-0.2416603043721688,-0.19250591114997895,0.10183002725375606,-0.11198610012169334,-0.03353368777097591,-0.16443130341435427,-0.14509501797637392,-0.1890730483950823,0.08597195037873004,-0.07987617818126293,0.007701383972570413,-0.29760176200854166,-0.11302859099469269,-0.20412276683463124,-0.12593595135968016,-0.002392222731205782,-0.2159635752856092,-0.36942396942396943
#50,0.0046780216271741695,0.4815946917641833,-0.04617452583554278,0.10612492307407562,0.24130679215424977,-0.06573892845079286,0.3485588824571875,0.38515526312136483,1.0,0.3942942942942943,0.17777222522985234,0.011002373714238121,-0.08082288760254862,0.4588602469958402,0.226949291356071,0.004119065136014288,0.05715376393342495,-0.007532956685499058,0.158385504148216,0.0147943012349792,-0.017351712266966503,-0.22963163471638048,-0.17175927853893955,-0.06143339024694957,0.09036355307541748,-0.030312747261899805,-0.013037845241235071,-0.16058616397599448,-0.0933573018318781,-0.1019568104313867,0.04091718837481549,-0.051721058500719515,0.3127921449955348,0.16162356501339553,-0.14707403859946233,0.032350069638205234,0.2510552154619951,0.15728841322061662,0.18780058949550474,0.0008564805174974666,-0.035885654529722325,0.16308434783011055,-0.0033352304538745215,0.09096878079928927,-0.14637025314991417,-0.2006561260798549,0.0898795559812509,-0.18182234622912588,-0.028237019762443492,-0.2692837675888523,-0.19212926331570399,-0.27043730942036026,-0.16254760153065237,-0.13086985290375122,0.006995284961386656,-0.09291448613482511,-0.1236603321349084,-0.23940458177746313,-0.1158719582448396,-0.2632856276924074,-0.032270945830267864,0.06990565295650042,-0.09041676499303618,-0.0952655274689173,-0.05393606241063868,-0.14628789035568696,0.4110009855772568,0.4118708847522407,0.20424631102597204,0.17935608952558105,0.2239458256407409,-0.0033773372756423603,0.07820069684476465,-0.07086393018596408,-0.05654899892188028,-0.23699986581342514,0.007209983481169922,-0.10370817658953252,0.03214647621427282,-0.04498442973019244,0.0770689024926313,0.1488314200178607,0.009368999199507674,-0.12044263061212214,0.08843913250692911,-0.08477306273916443,-0.013488064335521962,0.11259919395512616,-0.027676212421975134,-0.11779776695030933,-0.02246098178301568,-0.18521495301156318,-0.233153338238084,-0.20804425380696567,-0.18410999597440275,0.18498822397127482,-0.010603052975934332,0.11880786796041033,-0.02042551025601873,0.13864712169796917,-0.1595746748289121,-0.12037229833840003,0.126028493825104,0.20922370752879227,-0.088998088998089,0.17674083945270386,0.0517108788295229,-0.05401379808159469,0.22014603201043878,-0.12704877450640162,-0.09743148387216184
#51,0.5649773039603548,0.5029109232499063,0.2774830300254029,0.6554532961312622,0.36815983934628005,0.13695590814234881,0.5744587422553524,0.4941277178565314,0.3942942942942943,1.0,0.5487115775251369,0.07036512629732969,0.14704581314750806,0.26358592799270764,0.013367296418143876,0.13855226567090975,0.5343027156586478,0.24120730900391918,-0.02528491511542359,-0.02033713220153898,0.11235164286011744,0.06016972288158729,-0.08440752000074034,-0.1293313344160802,-0.04948153083746304,-0.05040603006704702,0.3140794106895802,0.20121600799566902,-0.012052730696798493,-0.09421794676031964,0.19449603686891823,-0.13768097835894447,0.06340547018513121,0.025069753883313204,-0.013742093403110353,-0.08448618109635059,0.03510598425852663,0.05446633073751718,0.24832613815664664,0.06825330723635809,-0.21107825853588566,-0.024981838541160574,0.01563412410870038,0.09895427014071081,-0.23912695438119166,-0.16545806206823155,0.03595506137879019,-0.12700296598601685,0.11734292073275124,-0.037499132414386654,-0.15572953539055234,0.0138110375398511,-0.01866951697460172,0.0802167344540226,-0.06680224137851257,-0.29031728184270555,-0.28503773419027656,-0.3865299814452357,-0.1256726680455494,-0.15774834927377301,-0.2424816187528052,0.0306662594798188,-0.3926234400810672,-0.14513249767487055,0.445017745017745,0.14093338330626468,0.2458987492885798,0.4257591952507207,0.02828467913213676,0.04747197120078476,0.04370040302243692,0.17017587695553799,-0.24125728193524804,-0.19779702661058593,-0.2823382704738637,-0.08234382302178912,-0.3251285183488573,-0.3624027725722641,0.145048746743662,0.021951998223184666,0.14009494856952484,0.1453781979205708,0.2888967549984499,-0.028393879241336867,-0.15292087156493936,-0.20183234081539167,-0.27069226391260287,0.23551779822966262,0.08607374709069625,-0.11327753022668277,-0.08058968058968059,-0.415310225479717,-0.291410671071688,-0.4386989454786065,-0.37233026555060456,0.25836190581953294,0.12680214883604715,0.2997478217817201,0.10583665329428041,0.04280274110782585,-0.05858169417491452,0.21638140451699775,0.0039890429720938194,0.09129684383921673,-0.21622223147646877,-0.00393721919145648,-0.12931560219695812,-0.36392972325175715,0.13634188888426177,-0.3909146434570163,-0.34486782622375844
#52,0.4909183451556333,0.28639163045942706,-0.04411962039080683,0.40046548860108183,0.2793861658268438,0.4477246121313918,0.5397650346802889,0.5415427754410805,0.17777222522985234,0.5487115775251369,1.0,0.36491807678248356,0.4618822212042551,0.0739932536542706,-0.15886070970816735,0.09084801288191119,0.5816108866956324,-0.03393532207091529,0.07766672681926919,0.12548758311470176,-0.07175511412799548,0.007610692356455068,-0.1805336923980992,0.01041195278483414,-0.11377540869066292,0.052039867294104585,0.012710244913634745,-0.06444009494856952,0.11768070073154818,0.19028951910307842,0.28976202705016263,-0.021838170990713363,-0.17194158719582447,0.0344901141511311,0.20897800728309202,0.1479939107057751,0.08379442616730752,0.2451625739761333,-0.08182049537981742,-0.00723682079614283,-0.18617508109033531,-4.6271232711910677e-07,0.059833331019771695,0.23042009652179143,-0.19689982740830198,-0.07166072081326319,-0.08488226284836455,-0.23818487208317718,-0.04639477690325148,-0.11968193154633833,-0.21854921176955075,-0.10022349005399853,-0.1654710180133909,-0.11401555638843774,-0.14155249239995002,-0.14075246278636108,-0.3473387100505745,-0.1907489924439077,-0.16536413146582638,-0.2859654724061504,-0.2383042518635739,-0.007244224193376736,-0.17027674824284994,-0.07178241415529552,0.2478412156378258,0.12726995099876456,0.22707561182137453,0.20784482479397734,0.14729984221509645,0.2135422016777949,-0.058658967133543405,0.04085102051203746,-0.1734652988890277,-0.2762360203038169,-0.21863712711170338,0.005385508775339284,-0.2436078605570131,-0.38642448303465254,0.010023274430054092,0.21837338108524548,0.3729762119592628,0.016096373723492367,0.36250364385957606,0.3894589504758996,-0.08232253825474165,0.03349296908618943,-0.20180874248670858,-0.08734666870260091,0.10408667527311595,0.026762818288242018,0.0732279274652156,-0.14744976100908305,-0.13025768449497263,-0.2524498304159321,-0.19664764919002206,0.08069702984957222,0.09763091288515018,0.062300050435643656,-0.038227904329599244,-0.1608235353998066,-0.28959082348912857,0.3816317087503528,-0.05054345562820139,-0.2049741575165304,-0.2647158714955325,-0.11911001911001912,-0.20752509057593804,-0.33026786416616927,0.014040080141775057,-0.24669322635424332,-0.3079864147660758
#53,0.14962265809723438,-0.0031783709749811447,-0.16061392671562164,0.05639075130600554,0.2863138947884711,0.4959549688363248,0.3957735856040941,0.21831461661970136,0.011002373714238121,0.07036512629732969,0.36491807678248356,1.0,0.6754716195394161,-0.13436795809677166,-0.19085171458052813,-0.2136925831841086,0.3044008569432298,-0.287553038400496,-0.15470740385994625,-0.04327146869519751,0.007740714520375537,-0.03146490095642638,-0.12201770337363557,-0.07129980519811029,-0.18796716593326762,-0.1841696858646011,-0.2211774177875873,-0.2631514411175428,0.56657458691357,0.5587033875169468,0.3020826681843631,0.1734366107247463,-0.2988839378669887,-0.06634878329793584,0.26788221195000855,0.11141187412373853,0.0831739289366408,0.02861089132275573,-0.36632934938019684,-0.3875562773867859,0.03872717093056076,-0.20062095994299384,0.40534340195357144,0.18248911469250453,0.027012220232559215,-0.00729928696030391,-0.28376620071535325,-0.26094893044045586,-0.3200909692435116,-0.09328882040746447,-0.07374755340857035,-0.04697455544913172,-0.09716311072243275,-0.15112184603710027,-0.07365316009383806,-0.25111814433848334,-0.05692518404382811,-0.05714913681015376,-0.11525516271278984,-0.36665000902289036,-0.20091663312002295,-0.284550035397493,0.006093458635831517,-0.11695516780262542,-0.09731626850270918,-0.17606065233183876,0.3249971080479555,0.138972871176261,-0.05386989454786065,-0.12002618951771495,-0.12348218788896755,-0.24301049894270232,-0.007302988658920862,-0.26088785241327617,-0.14898504051046424,-0.06792385605944928,-0.16999449372330727,-0.23085088169833934,0.09872707838809534,0.15958763077407145,0.39478199308707784,0.2307287256439799,0.031204856628585444,0.7901340477611664,0.14858155536121637,0.2539147776435912,-0.027384703655890096,-0.1810038081224522,-0.05217312844431488,0.5979515725278437,0.3914569423043999,0.3227034430424261,0.0962025199313335,0.03882943035485408,0.06676476168001591,-0.25196166891082145,-0.19881915814119203,-0.21394568682704276,-0.26566767075241654,-0.2668249142825414,-0.2793547013885997,0.42329016227321314,-0.08724070757969063,-0.28796068796068797,-0.2007991041889347,-0.25402212690348286,-0.2762332440298542,-0.18989991532364414,-0.11241734801056835,-0.05849146527112629,-0.21847841678350152
#54,0.24769175955616635,0.07125631023936109,-0.2755313094296145,0.11134940795957746,0.1438933540628456,0.6671654705553011,0.42003313020262173,0.15549308939139447,-0.08082288760254862,0.14704581314750806,0.4618822212042551,0.6754716195394161,1.0,-0.1774858062993656,-0.16482553431705974,-0.15016958406788916,0.5578829985609647,-0.3738118704220399,-0.06889046211080109,0.017112952706173044,0.013476496527343985,0.016226395887412835,-0.12743652743652745,-0.15375791816469783,-0.22432710059828703,-0.17553408570357723,-0.16304316643299693,-0.18287131507470492,0.5237177084634712,0.47094259128157434,0.3538953437258522,-0.03151487388775524,-0.5258249004011716,-0.1687770975906569,0.2961044249179842,0.1833502223332732,0.07095693536371503,0.050641087929223526,-0.3392870528463749,-0.33281972265023113,-0.10184575947287812,-0.16119509339848323,0.32535154569052877,0.29075778397812296,0.18371854134565999,0.148385828046845,-0.19099746896357067,-0.21203746119000355,-0.24648685665634817,-0.06122054257647478,-0.15087244409278308,-0.06797105271681543,-0.17222476714002138,-0.19638251502658283,-0.11735448854092922,-0.27576636729179105,-0.020936344665158226,-0.02527982527982528,-0.06511010239823799,-0.20159543210390668,-0.20748483460347866,-0.20204935289681053,0.12487680284290453,0.002591189031866998,-0.017754271991560128,-0.13598791395401566,0.2858141654751824,0.23161204347645026,-0.10461416732603174,-0.04227154735629312,-0.2625744388456253,-0.12345488786166753,-0.24323907883229917,-0.45595996612945766,-0.16366320095133655,-0.03653761619863315,-0.20663622019554223,-0.18168677151728,0.1648759699607157,0.2071003206596427,0.45724353012488606,0.13282342434884808,0.3405132405132405,0.7774737757788606,0.004318494149002624,0.3175307819375616,-0.03780405983795814,-0.20860043402416284,0.05012608910913996,0.4640838064566878,0.5314533331482484,0.3670673755419518,0.23549605075028804,0.10565388192506836,0.10904833955681413,-0.19053198036248883,-0.21074464294803277,-0.21464762142728244,-0.2342212782890749,-0.37435046757080653,-0.3913671761129388,0.46852353123539564,-0.28739340264763996,-0.5771475635882416,-0.3297982111541434,-0.47481132904861717,-0.4403822929246658,-0.1838712364136093,-0.13188550646177766,-0.05421831693018134,-0.11541618660262729
#58,-0.05528903325513495,0.15205282323926392,0.18638700333615588,0.2028091265379401,0.2687738586043671,-0.03956560566730058,0.25154522781641425,0.24197217248064706,0.4588602469958402,0.26358592799270764,0.0739932536542706,-0.13436795809677166,-0.1774858062993656,1.0,0.14616342073969193,-0.17459431696719832,-0.08610336067963187,0.10644512000444203,-0.009684106294275786,-0.11234146318892081,-0.13793824641282268,-0.3316208350106655,-0.11670807941994382,-0.06050148762013169,0.011770938889582958,-0.01647302155776732,0.08791626757728453,0.037730488577946204,-0.22098261589787013,-0.23822096364469245,-0.022437846166659725,-0.07099302692523031,0.34341028239333327,0.18591179777620456,-0.22003914546287429,-0.004703008092838601,0.20108135870847735,0.09641120319086421,0.2579954376564546,0.14279996483386315,-0.06193867210816363,0.13075001041102735,0.015231101671779637,-0.07044193654363146,-0.12945395318276673,-0.2837453786606329,0.18044531434361943,0.0436925369128759,0.21636891128416552,-0.04005422988473836,-0.13522767760055895,-0.14341074510566035,-0.18424557068624864,-0.10589588047215166,-0.10574734981514643,-0.1768750260275684,-0.12803712803712805,-0.23774853435870386,0.02615527700273463,-0.014159922634498905,0.16229912501098942,0.27796147457164405,-0.08191350055756835,0.041196203908068316,-0.04020507410337919,-0.052342481156040475,0.4413822142635702,0.32919483427958,0.02667397752143515,0.1285276031038743,0.14302993286044133,0.04350282485875706,0.0814836408056747,0.05350573994641791,0.1053762545287969,-0.10233114470402606,0.14170056034462813,0.09467047941624213,0.009985332019230323,-0.15769883905477125,0.017999972237260374,0.19583790261756365,0.14881707593572,-0.2550595279408839,0.12765030053165646,0.04216280995942013,0.2024972584294618,0.3240420698047817,0.197840058857008,-0.09695072576428508,0.0038941869450344027,-0.2676920371835626,-0.1811713099848693,-0.10121693342032326,-0.18575401287265694,0.04591540693235609,0.08126477787494736,0.18122544732714224,0.06126403753522398,0.29860631047071723,0.05172383477468223,-0.04604635452093079,0.19820606430775922,0.36430174396276094,0.08767935886579954,0.2504615555463013,0.1611724204944544,0.23068569339755782,0.038752157396225194,-0.04478546342953123,-0.016417958790840147
#101,0.051433714145578555,-0.08258998597981648,-0.009784052156933513,-0.06450117297574924,-0.11121707223402139,-0.14047622352707098,0.014584692550794245,0.17592415219533863,0.226949291356071,0.013367296418143876,-0.15886070970816735,-0.19085171458052813,-0.16482553431705974,0.14616342073969193,1.0,0.2623694572847115,-0.029529838004414277,-0.04945932064576132,0.35262242211394756,-0.23980621607740252,0.5388585812314626,-0.1362914532406058,-0.28512287325846647,-0.3213111416501247,0.09582402124775007,-0.33789845315269046,-0.46651721058500717,-0.581208789683366,0.14052619645839984,0.10040996312182753,-0.26164392435578876,0.0829994863893169,-0.08474715084884576,-0.06300614944682742,-0.06187851950563815,0.11061647163342078,0.29913750422225,0.14775283758334606,0.048900826866928565,-0.3073909040010735,-0.07296927127435603,0.1786601701855939,-0.037102125237718456,-0.03673334351300453,-0.13591110370771387,-0.32200752370243896,-0.3299934757561876,-0.4040653905060685,-0.32482405363761296,-0.43661257559562644,-0.29612385883572323,-0.2404785370887066,-0.08906888398413822,-0.057419823521518434,0.6850400477519122,0.00030862912218844425,0.12483330788415534,-0.0979534233771522,-0.22834066732371816,-0.33017393356376407,0.002035471526996951,-0.10324685239939477,0.05169051948712965,-0.00797253339626221,-0.1013779573101607,-0.45220829458117595,0.04663770087498901,0.11280278737905856,0.4226770684397803,0.2799543765645461,0.3686517025500076,0.38518719027193604,0.618068453661674,0.13093555805420212,0.5178116483201229,-0.13241901377494597,0.5247282721858993,-0.12203112203112203,0.10995710656727606,-0.23669447567752652,-0.23106604293044972,-0.13668938584192822,-0.09329298481840854,-0.20906083278964635,0.004048270149965065,-0.054149835505767706,-0.00294747752374871,-0.19072076699195342,-0.2958513212750501,-0.32498877922606734,-0.08724024486736351,-0.1331024398821009,-0.14579602715195936,-0.03974467533789568,-0.14348339094101806,-0.019033671576044457,-0.3576012067537491,-0.04279626313524618,-0.15481105142122092,-0.017407237746220796,0.16667638362553616,-0.24362174192682667,-0.010292573004437412,0.08885603631366343,-0.06096096096096096,-0.11799627053864342,-0.00036415460144273703,0.13813166016555847,0.005714497239920968,-0.030307657426301492,-0.07907568585534687
#102,0.25618530703276465,0.3248656977470537,0.2115687336026319,0.25109269516049176,-0.05241512699139818,-0.232182105063461,-0.037326540716371225,0.1555227029803301,0.004119065136014288,0.13855226567090975,0.09084801288191119,-0.2136925831841086,-0.15016958406788916,-0.17459431696719832,0.2623694572847115,1.0,-0.055032690625910964,0.15765812036998478,0.4550502736943415,0.5186463813582458,-0.0267091436582962,0.4920718869871412,-0.1316782113392283,0.27240059782432663,0.1483057788142534,0.4107090140988446,-0.16461777648218326,-0.08154194255889172,-0.04809015486981589,-0.021342606088368802,-0.3076236483016144,-0.17093657602132178,-0.21369350860876285,-0.1344688293840836,0.05225410310156073,0.14872129448400634,-0.0720216364284161,0.32506790303400473,-0.06758746419763369,0.003948324287307338,0.06297838670720027,0.33898628983374746,-0.027786337955829483,0.2589773132146013,-0.20816733528597936,-0.03358643697626749,-0.32878163217146267,-0.3705219857762231,-0.3896643947491405,-0.32928737674500386,-0.3036910562334291,-0.18255019271968426,-0.2261765617697821,0.0738285280658162,0.10487189809223707,0.2406367847045813,-0.4018818510343934,0.05251784912801862,-0.2627350000231356,-0.32302502810977385,-0.2237399186551729,-0.14202677253524712,0.038523577506628354,0.05489989218802778,0.35153736170685324,0.2783751393920885,0.04250382894450691,0.06476862070082409,0.5203056677632949,0.4029766284003572,0.42100482608957185,0.4035841696858646,0.11390219186829356,0.08659985100663067,-0.023639047367860926,-0.19605630283596384,-0.0761680015917304,-0.4076814873425043,0.18056515683634328,0.43952905139345816,-0.15815229713534798,-0.06612066612066612,-0.014229329483566772,-0.30795957745110286,-0.10813494542308101,-0.3222263866331663,-0.32520625401981335,-0.03973866007764313,-0.011000985577256765,-0.2915790983587594,-0.10401911927335657,-0.3690699944937233,-0.3572777708370929,-0.30089488564064837,-0.265137402425538,0.06089155411189309,0.26702526872018395,0.00798872832771138,-0.0347177686160737,-0.04365274365274365,-0.015498549396854482,-0.3368508724440928,-0.20419726351929743,-0.039990838295923044,-0.18844422234252742,-0.1290726782252206,-0.12290657375403138,-0.2831003576766289,-0.0487999555796166,-0.20600184159506194,-0.2679192289361781
#201,0.5109260261802635,0.2218395591276947,0.028174090885955294,0.40965773169163,0.2154143357533188,0.5835380835380836,0.4741408588866216,0.3233063572046623,0.05715376393342495,0.5343027156586478,0.5816108866956324,0.3044008569432298,0.5578829985609647,-0.08610336067963187,-0.029529838004414277,-0.055032690625910964,1.0,0.1382047687132433,0.026768833548494565,-0.10516525770763059,0.10823396586108451,-0.05130831910492927,-0.05370285539777065,-0.1545560969289783,-0.05852894496962294,-0.18428397580939954,0.10839684060023043,0.0015070540494269307,0.34804527177408534,0.20323343374190833,0.5619155364918077,0.004965828694642254,-0.138502755451908,0.04748122544732714,0.24122211579838698,0.08190794800964292,0.06684157192631769,-0.007969757122299494,-0.09300934216188453,-0.09860214605977317,-0.33511616392972327,-0.10509029831063729,0.04219982694558966,0.14038275563699293,-0.12274046002859562,-0.1219941050449525,-0.06074024718092515,-0.11825122503088605,-0.011755669382788027,-0.0482914347321127,-0.11718097141825956,0.042418689876316994,-0.046370253149914165,-0.0027221366204417054,-0.04740580333800673,-0.2851251868201021,-0.2590180318993878,-0.3666814734611345,-0.1197004400394231,-0.1517182822267568,-0.24899013034606254,-0.06582776921759972,-0.165316009383806,0.04050259812971677,0.35832026171009224,-0.042935539545709035,0.10478907258568275,0.16933050153389137,-0.03333287062100621,0.056530027716468395,-0.14435282740367486,0.1592493880629474,-0.24836037886885345,-0.28042958212449737,-0.2585738280653535,-0.03477375680765511,-0.24835343818394665,-0.3405757066774016,0.21588722775163452,0.1194533516567415,0.32619692111217535,-0.09987367953469649,0.46228987076444705,0.4239222273120578,-0.15001133645201442,0.09195713433001569,-0.2192307870273972,-0.18082196217789437,-0.030131364029669115,-0.00803962668369448,0.11874031196065095,-0.08657347640398488,-0.010709014098844607,-0.18056654497332464,-0.16774941351212538,0.19109463855226566,0.07200636692162116,0.24208831327475394,0.011010239823799145,-0.17882258221241273,-0.16945358301290506,0.6247069874188518,0.026246431331177093,-0.21487481317989793,-0.15372645372645372,-0.16542335864369762,-0.16828153268831236,-0.3329465058278618,0.05982037507461236,-0.232015065913371,-0.23248888333634096
