,#10,#11,#12,#13,#17,#18,#26,#49,#50,#51,#52,#53,#54,#58,#101,#102,#201,#202,#301,#302,#401,#402,#501,#502,#601,#602,#701,#702,#801,#802,#901,#902,#1001,#1002,#1101,#1102,#1201,#1202,#1301,#1302,#1401,#1402,#1501,#1502,#1601,#1602,#1701,#1702,#1801,#1802,#1901,#1902,#2001,#2002,#2101,#2102,#2201,#2202,#2301,#2302,#2401,#2402,#2501,#2502,#2601,#2602,#2701,#2702,#2801,#2802,#2901,#2902,#3001,#3002,#3101,#3102,#3201,#3202,#3301,#3302,#3401,#3402,#3455,#3501,#3502,#3601,#3602,#3701,#3702,#3801,#3802,#3901,#3902,#4001,#4002,#4101,#4102,#4201,#4202,#4301,#4302,#4401,#4402,#4501,#4502,#4601,#4602,#4701,#4702,#4801,#4802
#10,1.0,0.4075039403375236,0.3630031138277015,0.245246607465498,0.14710337139122745,0.2910621612270788,0.004067197170645446,0.5428593395609888,0.0570945296582478,0.25710990658516897,0.3688309691308192,0.08954753392534502,0.09935801330104178,-0.04975973551685696,-0.2037750355591435,0.13231845615653712,0.22526429093145736,0.23315265444200978,0.17000730404028755,0.28238957444354745,-0.20240648906316072,0.10695421520009227,-0.2335524545419598,0.07558528428093646,-0.016691654172913545,0.09238457694229808,-0.04084880636604774,0.11109060854188291,0.14638065582593318,0.2411409679775497,0.07417060700419022,0.2261023334486603,0.23731211317418213,0.29136969976550187,-0.048867873755429975,0.1677468957828778,-0.15374620382116633,0.11634182908545727,-0.2230346365278899,0.11936339522546419,0.12542190443239917,0.10558566870410949,-0.13223388305847075,0.074447391688771,0.020443624341675317,-0.09138507669242302,0.1605274285933956,0.19794718025602584,-0.10800753469419136,0.0828508822511821,0.2271172106254565,0.16018144773766962,-0.05937800330603929,0.01782185830161842,-0.428508822511821,-0.2878253181101757,-0.41053319494099105,-0.05193557067620036,-0.09766655133971476,-0.1065005958559182,-0.10382501057163726,-0.05722523353707761,0.01747587744589244,0.026540575865913196,0.05190481682235805,0.08877868757928728,0.19859301118671432,-0.0415792103948026,0.2940837273670857,0.06658209356860031,0.10994502748625687,0.09971168262022835,-0.1531465036712413,0.13005035943566678,-0.35258524583861917,-0.1703917272133164,-0.24736862338061738,-0.07603121516164994,-0.04802983123822704,0.209733594741091,0.027132587552377657,0.28763310652366125,-0.16940760389036252,0.09127743820397494,0.32754392034751856,0.09587513935340022,0.06650520893399454,0.2930150309460654,0.22249644408564948,0.190066505208934,0.1565524929842771,0.3330873025025949,0.06841963633567831,-0.0035366931918656055,0.13161111751816398,0.1281051781801407,0.12554491984776842,0.2688963210702341,0.14638834428939376,0.1601891362011302,0.18476915388459617,-0.029708222811671087,-0.06801983623572828,0.16527121054857186,0.0852343059239611,0.1126590550878407,0.13730058047899127,-0.05311959404912928,-0.32645984699957714,-0.17663475954330526,-0.08544189443739669
#11,0.4075039403375236,1.0,0.24690731557298273,0.15692153923038482,0.00515127051858686,-0.06104639987698458,0.3588667204859109,0.22680198362357282,0.43736593241840616,0.38225502633298736,0.4681120977972552,-0.07144889093914582,-0.059447199477184486,0.19569446046207664,-0.05138200130703879,0.3453504017222158,-0.022065890131857148,0.31502710183369853,0.2154153692384577,0.27498558413101143,-0.15396148079806252,0.24817591204397801,-0.21253219544074117,0.22122784761465422,-0.09579056625533387,0.1640333679314189,-0.12917387460116095,0.16963056933071927,-0.06848883250682351,0.11561911352016299,-0.05357321339330335,-0.05310421712220813,0.11167493176488678,0.11645715603736594,-0.16727789951178257,0.08695652173913043,-0.32276938453849996,-0.0022834736477914887,-0.21084073347941415,0.06361434667281744,0.005258909007034944,-0.07561603813477877,-0.17621189405297352,0.0009072386883481336,-0.0470918386960366,-0.005812478376196517,0.0843116903086918,0.2047207165647945,-0.11480413639334179,0.19992311536539423,0.24317072233114212,0.3186714335140122,0.03681236304924461,-0.041948256640910314,-0.44931380463614345,-0.3138738323146119,-0.37757275208549573,0.003159958482297313,-0.20964133317956407,0.14628839426440626,-0.18342367277899513,-0.20202206589013186,0.07139507169492176,0.23006189213085765,-0.08202052819743974,0.24546957290585478,0.01285511090608542,0.2800984123322954,0.3562142005920117,0.15119363395225463,0.1021104832199285,-0.02330373274901011,-0.1971091377388229,-0.14066812747472418,-0.4087802252719794,-0.24033367931418906,-0.3103448275862069,-0.0995579133510168,-0.12455310806135393,0.15456118094798754,0.011532695190866105,0.14749548302771692,0.06212278476146542,-0.003183023872679045,0.18318533041171722,-0.21872140852650598,-0.2237496636297236,0.057132971975550687,0.1565524929842771,0.04543113058855188,0.028001383923422905,-0.08477299811632645,0.23575135509168493,-0.21812170837658093,-0.08641832929689001,-0.07274055280052281,0.14082189674393572,0.18303924960596624,0.4070349440664283,0.07340176065813248,0.160465920885711,0.03506708184369354,0.16884634605774035,0.11853304117172184,0.11461192480682736,0.16327221004882175,0.06067735363087687,-0.17894898704493906,-0.23914196747779956,-0.23349094683427518,-0.16790835351554992
#12,0.3630031138277015,0.24690731557298273,1.0,0.6816514819513321,-0.15184715334640372,-0.06656671664167917,0.16416407181024872,0.03496713181870603,-0.07527774574251336,0.6058816745473418,0.23724291700303693,-0.01649944258639911,-0.040318302387267906,-0.15622957751893285,-0.2096951524237881,-0.10859954638065583,0.3713527851458886,0.42431860992580633,0.41390074193672394,-0.08392726713566294,-0.015061699919271134,-0.12004766847345558,-0.0016760850344058739,-0.24751470418636837,-0.011740283704301696,-0.2597086072348441,0.32108561104063355,0.34754161380848037,-0.13982239649406067,-0.1573982239649406,-0.042955445354245954,-0.3712143928035982,0.09437588897858763,0.10993733902279629,-0.39375696767001117,0.026302233498635297,-0.3481336254949448,-0.15932033983008495,-0.31036020451312807,-0.3932418406181525,0.19995386921923652,-0.0033291046784300156,-0.3159420289855073,-0.3460346749702072,-0.15897435897435896,-0.25384230961442356,0.2421558451543459,0.1940106869642102,0.21841386998808288,0.08546495982777842,0.24197901049475262,0.16736247260984893,0.2723484411640334,0.22059739361088687,0.03292200053819244,-0.06094644985199708,-0.17228308922461846,-0.36897704993657016,-0.08445777111444278,-0.054326682812439936,0.12746703571291276,0.20605082074347442,-0.4615615269288433,0.07560834967131819,0.31591127513166495,0.42665590281782184,-0.28820974128320453,-0.23575135509168493,0.28300465152039367,-0.10517818014069888,0.22059739361088687,0.4574405105139738,-0.3302810133394841,0.03721985161265521,-0.47133356398723714,-0.1957098373889978,-0.13101910583169954,-0.009795102448775612,0.08717179871602661,-0.43262215046322994,-0.0434859493330258,0.16387191019874678,-0.007503940337523546,-0.12244646907315573,0.009825856302617921,0.13073463268365818,0.3327336331834083,-0.047207165647945255,0.03618190904547726,-0.0005228155153192634,-0.10690039595586821,0.12160073809249222,0.04473916887709991,0.20158382347287895,0.25822473378695265,0.26826586706646677,-0.30483988774843346,0.5409833544766078,0.4373351785645639,0.5099450274862569,0.49317648867873753,-0.07632337677315189,-0.1616499442586399,0.45844769922730944,0.38104024910621614,0.4756929227693845,0.24416253411755662,0.04387806096951524,-0.10200284473148041,0.17918732941221696,0.16482527966785837
#13,0.245246607465498,0.15692153923038482,0.6816514819513321,1.0,-0.1399761657632722,-0.026286856571714142,0.01975166263022335,-0.17861069465267365,-0.08721792949679007,0.5063314496597855,0.08050590089570599,-0.09825087456271864,-0.24363203013877677,-0.30185676392572947,-0.05572598316226502,0.12295390766155384,0.19161957482797062,0.2229654403567447,0.2219736285703302,0.10207204090262562,0.1650482451082151,0.11551916349517549,0.11840233729289201,-0.11076769307653865,0.04313228001383924,-0.1366778149386845,0.21899819321108677,0.31651866374505055,-0.24020297543535923,-0.10635451505016723,-0.05174335908968593,-0.29703609733594744,0.12440702725560297,0.25082074347441663,-0.455326183062315,0.20780379041248606,-0.3043170722331142,0.14291315880521277,-0.0010225656402567946,-0.2600161457732672,0.16426402183523622,0.0956444854495829,-0.14053742359589436,0.03544381655326183,-0.02484911390458617,0.050290239495636796,0.2151770268711798,0.20895705993157268,0.24949063929573675,0.2687194864106408,0.2887709991158267,0.21178641448506516,0.3106831199784723,0.2631684157921039,0.014100641986698957,-0.052304616922308075,-0.12009379925421905,-0.013846922692499904,0.027609272286933457,0.020974128320455157,-0.0987044939068927,-0.028770230269480643,-0.32335370776150385,0.10327144120247568,-0.0022604082574097565,0.4023065390381732,-0.37493560911851764,-0.09211548072117787,0.15194710337139122,-0.02724022604082574,-0.015253911505785568,0.1507707684619229,-0.30520124553108063,-0.046069273055779805,-0.4397032253104217,-0.20526659747049553,-0.3334179064313997,-0.27018029446815056,-0.01433129589051628,-0.3796793910736939,-0.33584746088494216,0.13714681120977973,-0.14003767347095683,0.07090301003344482,0.06607465498020221,-0.1676469457578903,0.13496328758697573,-0.2031984007996002,0.07741513858455387,-0.07085687925268135,-0.04692269249990389,-0.10895321569984238,0.1043170722331142,-0.002683273747741514,0.18776765463422135,0.0607696151924038,-0.33032714412024755,0.46064659977703454,0.3544151001422366,0.36320301387767656,0.28893245684849883,-0.1946257640410564,-0.22808595702148926,0.45578749086994963,0.18538423096144235,0.36259562526429095,0.12349210010379426,-0.12884327067235612,-0.18282397262907008,0.02404951370468612,-0.02235805174335909
#17,0.14710337139122745,0.00515127051858686,-0.15184715334640372,-0.1399761657632722,1.0,0.644646907315573,-0.0894168300465152,0.3614961749894284,0.06339138123246069,-0.12369968861722985,0.10479375696767002,0.6230423249913505,0.5416291854072963,0.21750663129973474,-0.1313727751508861,0.010610079575596816,0.1382770153384846,-0.13091915580671204,-0.19444124091800255,-0.027962941606120017,-0.33149579056625533,-0.12632145465728675,-0.09689001653019644,0.06545957790335602,-0.13359474109099295,0.08002152769768962,-0.22155076307999846,-0.297243685849383,0.23673547841463882,0.27929112366893477,0.12442240418252412,0.3858378503056164,0.08337369776650136,0.22900857263675856,0.091731057548149,-0.06292238496136547,0.20427478568408103,-0.06771229769730519,0.07528543420597393,0.33210317917964094,-0.06665128973974552,0.16248798677584284,0.28878637604274787,0.1679160419790105,0.10648521892899704,0.11375081689924268,0.0951678007150271,-0.02877791873294122,-0.3099834698035598,-0.21375466113097297,-0.041379310344827586,-0.050974512743628186,-0.09693614731095991,-0.012224656902318071,-0.12166993426363741,0.011025256602467996,-0.2216353361780648,-0.015338484603851921,-0.03405220466689732,0.2484526967285588,-0.23898050974512744,-0.21187867604659208,0.2824664590781532,-0.09596740091492716,0.14128320455157037,-0.2701187867604659,0.5090992965055934,0.17130665436512513,-0.21189405297351324,-0.060784992119324956,0.02928535732133933,-0.25717141429285356,0.25505708684119477,0.3041556145004421,0.10151078307000345,-0.005820166839657095,0.01933648560335217,-0.040618152462230425,0.15292353823088456,0.4333448660285242,0.47261753738515355,0.43485180486679736,0.13212624457002267,0.07892207742282704,0.46760465920885713,0.07657709606735094,-0.14554261330873025,0.2600238342367278,0.4388651827932188,0.38168608003690463,0.3177257525083612,0.21682235805174335,0.21370084188674893,-0.2243954945604121,-0.11120593549379157,0.06296082727866836,0.07323261446199977,-0.05589512935839772,0.05068235113212625,0.04267866066966517,-0.02324222504132549,-0.06140006919617114,0.351278207050321,-0.22938530734632684,0.06517510475531466,0.010410179525621805,0.05587206396801599,-0.1186099258063276,-0.3387537000730404,-0.36870795371544995,-0.1714219813170338
#18,0.2910621612270788,-0.06104639987698458,-0.06656671664167917,-0.026286856571714142,0.644646907315573,1.0,0.0251105216622458,0.20317533540921848,0.1696920770384039,-0.0653288740245262,0.09753584746088494,0.534194441240918,0.3479798562257333,0.12617537385153577,-0.2460692730557798,-0.21134048360435168,0.22168915542228887,0.004513128051358936,-0.320532041671472,-0.053150347902971594,-0.2709798946680506,-0.22647906815822857,-0.03801945181255526,-0.16086572098566101,0.10379425671779495,-0.07034944066428324,-0.12524506977280592,-0.19341098681428517,0.22366509053165726,0.16144235574520432,0.25714834890247185,0.18219351862530273,0.08355053242609464,0.13567062622534887,0.16385653327182562,-0.05205089762810902,0.2591781032560643,-0.06953446353746204,0.04353976857724984,0.17687310191058317,0.0340598931303579,-0.03346019298043286,0.3019105831699535,0.14100641986698959,0.12815130896090415,0.15725983162265023,-0.0319148118248568,0.015276976896167301,-0.16327221004882175,-0.10943758889785876,-0.03540537423595894,-0.0720332141621497,-0.10225656402567947,-0.1796563256833122,-0.03000038442317303,-0.2574020681966709,-0.06383731211317419,-0.0909160804213278,0.14186752777457426,0.15159343405220466,0.06169223080767309,0.09319955406911928,0.15439203475185484,-0.11784107946026987,0.04422404182524123,-0.14907930650059587,0.34466612847422445,0.11713374082189675,-0.10475531465036712,-0.02824741475416138,-0.11743359089685926,-0.12539883904201746,0.14808749471418137,0.2766616691654173,0.07600814977126821,0.05760196824664591,0.1485795563756583,0.046476761619190406,-0.061846000076884636,0.23684311690308693,0.13737746511359705,0.30486295313881523,-0.17227540076115788,0.36011225156652443,0.532249259985392,0.2993195709837389,0.20178372352285395,0.20236035828239726,0.13500941836773922,0.5574059124284012,0.36916157305962405,0.3024257102218122,0.16339522546419097,0.046768923230692344,0.1281743743512859,0.11017568139007419,-0.014869488332756699,-0.15542228885557222,-0.18188598008687965,0.044408564948295086,0.09804328604928306,0.17178333909968094,0.12944297082228118,-0.37691923269134664,0.155499173490178,0.013178026371429669,0.19198093261061777,0.03819628647214854,-0.22392649828931688,-0.05378849037019952,-0.013547072617537384
#26,0.004067197170645446,0.3588667204859109,0.16416407181024872,0.01975166263022335,-0.0894168300465152,0.0251105216622458,1.0,-0.04024141775266213,0.1966632068581094,0.19753200322915465,0.3549302271940953,0.19557144504670743,0.15886672048591088,0.4748856341060239,-0.025810171837158342,-0.07117210625456502,0.08626456002767847,0.06867335562987736,0.12026294545035175,0.052896628608772533,-0.04193287971398916,-0.07001114827201783,-0.2779840848806366,-0.2895552223888056,-0.22529504478529966,-0.29283050782301157,0.07463191481182485,0.15281589974243648,0.023442125091300503,-0.019597893361011802,-0.257909506785069,-0.41377003805789414,-0.13434052204666896,-0.24466228424249414,0.007865298120170684,-0.0993195709837389,-0.18129396840041517,-0.08338138622996194,-0.3021796793910737,-0.25217391304347825,0.3725675623726598,0.0905085918579172,0.24044900626609772,-0.08914004536193441,0.020289855072463767,0.044316303386768154,0.03046938069426825,0.3085380386729712,0.0874101410833045,0.13656248798677584,0.03636643216853112,0.2328681812939684,0.05135893591665706,-0.15288509591358168,-0.05617960250643909,-0.18674508899396455,-0.15091684926767385,-0.2187829162341906,-0.19565601814477376,0.061815246223042325,0.17824933687002653,0.2813670088032907,-0.09196939991542691,0.17748049052396878,0.16134240572021682,0.24019528697189865,-0.1290201053319494,0.39687848383500557,0.2002767846845808,-0.04912159304962903,0.05280436704724561,0.2559643255295429,-0.22318071733364087,-0.04455464575404605,-0.2022450313304886,-0.10947603121516165,-0.01506938838273171,0.10844577711144428,0.12556798523815016,-0.24942913158805213,0.19762426479068157,0.2949371468112098,0.24254026832737477,-0.03660477453580902,0.052658286241494635,0.07078768308153616,0.20313689309191557,0.0550186445238919,0.07058778303156114,0.23966478299311883,0.02173528620305232,0.12864337062238113,0.327190251028332,0.020205281974397415,0.0932303079229616,0.13477107600046132,-0.29881213239534077,0.10314842578710645,0.1346096182677892,-0.020620459001268597,0.21661476953830777,0.016153461730673124,-0.10091108292007842,-0.08099027409372236,-0.035958943605120516,0.023534386652827432,-0.0563795025564141,0.009871987083381386,0.2490370199515627,0.14252104716872332,0.1516164994425864
#49,0.5428593395609888,0.22680198362357282,0.03496713181870603,-0.17861069465267365,0.3614961749894284,0.20317533540921848,-0.04024141775266213,1.0,0.2735170876100411,0.1418521508476531,0.3206858109406835,0.3901126359896975,0.3744435474570407,0.2734248260485142,-0.05788644139468727,0.12882789374543496,0.26596701649175414,0.1305501095606043,-0.06842732479913889,0.015023257601968246,-0.46803521316264945,-0.019651712605235842,-0.18469995771345096,0.10859185791719525,-0.22350363279898514,0.15254680352131628,-0.3151039864683043,-0.3163725829392996,0.1634259793180333,0.2631914811824857,0.1142890093414831,0.45078230115711376,0.16889247683850384,0.04599238842117403,0.15782877791873295,0.022688655672163917,0.13873063468265867,0.1236458693730058,-0.114327451658786,0.3502940837273671,-0.17821089455272363,0.11960942605620267,0.001483873447891439,0.11919424902933148,-0.06606696651674163,0.11325106677430516,0.05468804059508707,-0.12043209164648445,-0.4506669742052051,-0.4316226502133549,-0.2823050013454811,-0.29930419405681774,-0.47347095682927764,-0.2620228347364779,-0.40731172875100913,-0.008895552223888057,-0.3201091761811402,-0.019936185753277207,-0.15845923192250028,-0.22371122131242072,-0.1453888440395187,-0.18433091146734326,0.35037096836197285,-0.0929227693845385,0.04931380463614347,-0.20766539807019568,0.4214969438357744,0.1607273286433706,0.017698842886249185,-0.09354553492484527,0.2279014338984354,-0.060808057509706685,0.25534155998923613,0.20441317802637143,0.14298235497635797,0.10310998346980356,0.06226886556721639,0.20678891323568985,0.01033329489101603,0.4679737054549648,0.24555414600392111,0.27071848691039097,0.071318187060316,0.19540229885057472,0.3808864798370046,0.17744973667012648,-0.11565755583746588,0.03624341675316188,0.13163418290854573,0.317456656287241,0.2834967131818706,0.35699073540153,0.00642755545304271,-0.06319148118248569,-0.10212586014684966,0.16666282243493638,0.2714488909391458,0.1431438127090301,-0.003213777726521355,-0.008711029100834199,-0.1783646638219352,0.03593587821473879,0.1314727251758736,0.006020066889632107,-0.14010686964210203,-0.03346788144389344,-0.21784492369200015,-0.09198477684234806,-0.2411640333679314,-0.23133048860185293,-0.17024564640756545
#50,0.0570945296582478,0.43736593241840616,-0.07527774574251336,-0.08721792949679007,0.06339138123246069,0.1696920770384039,0.1966632068581094,0.2735170876100411,1.0,0.2351824087956022,0.13849229231538077,0.22709414523507476,0.10737708069042402,0.3820628147464729,0.08570330219505631,0.13828470380194519,0.0198362357282897,0.03804251720293699,-0.1306500595855918,-0.04188674893322569,-0.18368508053665475,-0.05792488371199016,0.007872986583631262,-0.09450659285741744,0.045684849882750934,-0.08100565102064353,-0.10519355706762004,-0.07723061546150002,-0.06815054011455811,0.03332180063814247,0.02581786030061892,0.10304847576211894,-0.1112981970553185,-0.18290854572713644,0.005812478376196517,-0.05537231384307846,-0.05967016491754123,-0.04545419597893361,-0.11457348248952447,-0.029546765078998963,0.008042132779763964,-0.21675316188059815,0.12567562372659824,-0.01882904701495406,-0.05155114750317149,0.15792872794372045,-0.0028062891631107523,-0.011232845115903587,-0.3035482258870565,-0.19657094529658248,-0.33282589474493524,-0.20751162880098412,-0.3168877099911583,-0.34870257179102754,-0.21604582324222504,-0.29651328182062814,-0.11694921769884288,-0.09265367316341828,0.04523123053857687,0.11645715603736594,-0.05346557490485526,0.029585207396301848,0.09213854611155961,0.1482489524468535,-0.01633798485372698,-0.058701418521508474,-0.06978818283166109,0.37076077345942415,0.061569215392303846,-0.04166378349286895,-0.053288740245261985,-0.11705685618729098,0.04013377926421405,-0.1568600315227002,-0.030638526890400954,-0.003282973897666551,-0.136431784107946,0.06714335140122246,-0.013039634029139276,0.03316034290547034,0.06508284319378772,0.06718948218198594,0.180133010417868,0.17984853726982664,0.18153231076769308,0.08997039941567678,-0.060700419021258605,-0.019843924191750278,0.02475685234305924,0.18820589705147425,0.1823472878945143,0.11002191212086264,0.22529504478529966,-0.03875754430477069,0.02963902664052589,-0.03094606542882405,-0.06641294737246761,0.09521393149579056,-0.0006150770768461923,0.007803790412486065,-0.08510360204513127,0.14869488332756697,0.06932687502402644,-0.3089455272363818,-0.08939376465613347,-0.12536808518817513,-0.09698227809172337,-0.008834044516203437,-0.09735132433783109,0.03221466189981932,0.014585015184715335
#51,0.25710990658516897,0.38225502633298736,0.6058816745473418,0.5063314496597855,-0.12369968861722985,-0.0653288740245262,0.19753200322915465,0.1418521508476531,0.2351824087956022,1.0,0.3699304194056818,-0.047783800407488565,-0.10736170376350286,-0.06313766193826163,-0.044185599507938336,-0.15061699919271135,0.22052819743974167,0.34231345865528773,0.1360012301541537,-0.26844270172606005,-0.008780225271979395,-0.22655595279283436,0.16963056933071927,-0.09648252796678584,0.10517818014069888,-0.1430131088302003,0.1316418713720063,0.03970322531042171,-0.20186829662092032,-0.21389305347326337,0.055572213893053474,-0.20456694729558297,0.14462768615692154,-0.08328143620497444,-0.38045592588321225,-0.045823242225041326,-0.2943220697343636,-0.07259447199477184,-0.2113251066774305,-0.23677392073194173,0.08930919155806712,-0.08266635912812824,-0.04490062660977204,-0.1593664706108484,0.1293968400415177,-0.12702110483219928,0.08816361050244109,0.016391804097951025,0.039364932918156306,-0.1357244454695729,0.07785338100180679,0.030853803867297122,0.15038634528889402,0.022596394110636988,0.00337523545919348,-0.22016683965709452,0.06821204782224273,-0.2384807596201899,0.09246915004036443,-0.0072348441164033364,-0.03324491600353669,-0.07202552569868911,-0.2514819513320263,0.052958136316457155,0.08801752969669012,0.2658440010763849,-0.26378349286895014,-0.043962634067581594,0.1509399146580556,-0.302010533194941,0.2219736285703302,0.22205820166839657,-0.08864798370045747,-0.039826240725790954,-0.35599892361511554,-0.1959174259024334,-0.18902087417829547,0.04784530811517318,0.04610771537308269,-0.26792757467420136,-0.11907892207742282,0.08155153192634453,0.04264790681582286,0.0679813939184254,0.07174105255064775,-0.00257563525929343,0.06552877407450121,-0.045192788221273976,0.11060623534386653,0.04444700726559797,-0.032329988851727984,0.10566255333871526,0.1856071964017991,0.2466535962787837,0.25544151001422366,0.22785530311767194,-0.12210048821742975,0.4930534732633683,0.2845423442125091,0.2455618344673817,0.27377080690424016,0.1167416291854073,-0.09911967093376389,0.4324606927305578,0.17198323914965594,0.316418713720063,0.026748164379348786,-0.08035982008995503,-0.048468073655479955,0.16518663745050552,0.04985968554184446
#52,0.3688309691308192,0.4681120977972552,0.23724291700303693,0.08050590089570599,0.10479375696767002,0.09753584746088494,0.3549302271940953,0.3206858109406835,0.13849229231538077,0.3699304194056818,1.0,0.013516318763695075,-0.09096221120209126,0.21288586475992774,-0.2927536231884058,0.258309306885019,-0.07194864106408334,0.40729635182408797,0.05511859454887941,0.15173951485795564,-0.30266405258909007,0.17904893706992658,-0.2805981624572329,0.19472571406604391,-0.11656479452581402,0.2531811017568139,-0.34180602006688965,0.1162341905970092,-0.2616537884903702,-0.15394610387114135,0.12360742705570292,-0.007488563410602391,0.40985661015646024,0.07552377657325184,-0.20518202437242916,0.05574904855264675,-0.3113289509091608,-0.11064467766116942,-0.33204167147195635,0.04919078922077423,-0.04755314650367124,-0.11972475300811133,-0.017129896590166456,0.000876484834505824,-0.03866528274324376,-0.09796640141467727,-0.14067581593818476,0.024872179294967902,-0.00017683465959328028,0.052004766847345556,0.07404759158882097,0.10430938376965364,0.06353746203821166,0.06683581286279937,-0.4919078922077423,-0.2409026256102718,-0.3390919924653058,0.03580517433590897,-0.2795217775727521,-0.019943874216737784,0.11692615230846115,0.11375081689924268,0.04387806096951524,0.0802983123822704,-0.16296467151039865,0.026110021912120862,0.10661592280782685,0.3028255103217622,0.3653019644024142,0.07777649636720102,0.1947949102371891,-0.027178718333141123,-0.0042978510744627685,0.15969707453965326,-0.18433859993080384,0.06519817014569639,-0.029846615153961482,0.04557721139430285,-0.2020758851343559,-0.04204820666589782,-0.042309614423557455,0.05471110598546881,-0.10457079152731327,0.1798946680505901,0.30481682235805174,0.09674393572444547,0.05837081459270365,0.037942567177949485,-0.029477568907853767,0.027355552992734403,0.12925075923576673,-0.0643755045554146,0.027017260600468995,-0.07041863683542844,-0.10903778879790874,-0.017829546765079,0.1949563679698612,0.20189905047476261,0.2654980202206589,-0.014815669088532657,0.2995502248875562,0.1984315534540422,0.19245761734517355,0.2555337715757506,0.27825318110175684,0.2773613193403298,0.2760773459424134,0.05163572060123784,-0.05746357590435552,0.020197593510936838,0.022673278745242765
#53,0.08954753392534502,-0.07144889093914582,-0.01649944258639911,-0.09825087456271864,0.6230423249913505,0.534194441240918,0.19557144504670743,0.3901126359896975,0.22709414523507476,-0.047783800407488565,0.013516318763695075,1.0,0.6365970860723484,0.5326029293045785,0.012709030100334449,-0.09921962095875139,0.408441932879714,-0.15390766155383848,-0.08256640910314074,-0.1738669126974974,-0.386737400530504,-0.28623380617383615,-0.11513474032214661,-0.27721523853457886,-0.10088801752969669,-0.21224003382923923,-0.14013762349594433,-0.3360089186176143,0.2892169299965402,0.42985430361742205,-0.03145350401722216,0.23588205897051473,-0.1034021450813055,-0.0006612078576096567,0.2303848075962019,0.07101833698535348,0.268188982431861,0.07926805827855303,-0.02741706070041902,0.1219774728020605,0.21625341175566062,0.37058393879983087,0.36762388036750854,0.09510629300734248,-0.04724560796524815,0.054972513743128434,0.12648291238995887,0.05329642870872256,-0.33064237112213124,-0.35183946488294315,-0.3443739668627225,-0.301664552339215,-0.36987660016145774,-0.3467881443893438,-0.032499135047860686,-0.0698573790028063,-0.21421596893860761,-0.22754776457924883,0.03333717756506362,0.031399684772998114,-0.1399454119094299,-0.06949602122015915,0.20029216161150193,0.012370737708069042,0.22987736900780378,-0.18205512628301235,0.34068350440164535,0.22989274593472495,-0.1503555914350517,-0.08237419751662631,0.01922115865144351,-0.10232576019682467,0.18535347710760006,0.11996309537538923,0.10746934225195094,0.004128704878330065,-0.013170337907969093,0.12014761849844309,0.3368469611348172,0.2634605774036059,0.522969284588475,0.5160804213277976,0.24832968131318955,0.1718986660515896,0.47051089839695537,0.18436166532118556,-0.026110021912120862,0.19090454772613694,0.3201014877176796,0.6043055395379233,0.28157459731672624,0.3514857955637566,0.23799638642217352,-0.08626456002767847,-0.059308807134894094,0.2518586860415946,-0.11426594395110137,-0.0046207665398070195,-0.16722408026755853,-0.038573021181716835,-0.11172106254565026,-0.014608080575097066,0.016976127320954906,-0.32972744397032255,-0.12298466151539615,-0.15539922346519047,-0.2028908622611771,-0.1711528850959136,-0.13802329604428554,-0.1493099604044132,-0.16669357628877868
#54,0.09935801330104178,-0.059447199477184486,-0.040318302387267906,-0.24363203013877677,0.5416291854072963,0.3479798562257333,0.15886672048591088,0.3744435474570407,0.10737708069042402,-0.10736170376350286,-0.09096221120209126,0.6365970860723484,1.0,0.41192480682735555,0.011040633529389152,-0.13399454119094298,0.45942413408680277,-0.35709837388997806,0.09117748817898742,-0.09127743820397494,-0.386537500480529,-0.21051781801406988,-0.2221197093760812,-0.2734555799023565,-0.2529120055356937,-0.2005151270518587,-0.029800484373198016,-0.32524506977280593,0.5758736016607081,0.3676853880751932,-0.23382155076308,0.19965401914427403,-0.3948564179448737,-0.10977588129012417,0.39262676354130627,-0.23788105947026486,0.24329373774651136,-0.05553377157575059,-0.10976050436320302,0.06788144389343789,-0.05894744935224695,0.12522969284588475,0.34016068888632606,-0.05896282627916811,-0.1565140506669742,0.10370199515626802,0.0679121977472802,-0.057994079883135354,-0.41971322031292047,-0.44016453311805637,-0.23406758159381846,-0.082343443662784,-0.3849998077884135,-0.4338984353976858,0.03559758582247338,-0.02550263329873525,-0.20848037519701687,-0.33567831468880943,0.034129089301503095,0.000438242417252912,0.08654903317571984,0.20560488986276093,0.15814400492061662,-0.05779417983316034,0.5046938069426825,-0.017668089032406874,0.4577019182716334,0.07677699611732595,-0.07520086110790758,0.11948641064083343,0.078868258178603,0.02587936800830354,0.15200861107907584,0.1310959904663053,0.21323953407911428,-0.06235343866528274,0.213608580325222,0.1553607811478876,0.33910736939222696,0.324314765694076,0.7578518433091147,0.5368623380617383,0.5746357590435551,-0.24319378772152386,0.10461692230807673,0.2346057740360589,0.1279975396916926,0.03428285857071464,0.31062161227078766,0.2483527467035713,0.07387844539268827,0.4342059739361089,0.09794333602429554,6.150770768461923e-05,0.09449890439395686,0.23255295429208472,-0.1983008495752124,-0.22461846000076885,-0.18279321877522778,-0.018767539307269442,-0.20379041248606466,-0.1963172260023834,0.16918463845000575,-0.4766155383846538,-0.18715257755737516,-0.22441855995079382,-0.32135470726175375,0.2026525198938992,0.04759927728443471,-0.05071310498596855,0.0023526698189366853
#58,-0.04975973551685696,0.19569446046207664,-0.15622957751893285,-0.30185676392572947,0.21750663129973474,0.12617537385153577,0.4748856341060239,0.2734248260485142,0.3820628147464729,-0.06313766193826163,0.21288586475992774,0.5326029293045785,0.41192480682735555,1.0,-0.07557759581747588,-0.034129089301503095,0.22775535309268444,-0.13006573636258795,-0.047699227309422214,-0.08770230269480644,-0.3825548764079499,-0.09228462691731057,-0.2949371468112098,-0.0917694998654519,-0.1308192057817245,0.0033060392880482833,-0.13886902702494908,0.007765348095183177,0.14601929804328606,0.19137354399723217,0.0226271479644793,0.01699919271133664,-0.021804482374197517,-0.12679813939184253,0.28452696728558796,-0.03393687771498866,0.020028447314804135,-0.14089109291508092,-0.22009764348594935,0.0892476838503825,0.24295544535424596,0.20395187021873679,0.2672663668165917,-0.07081074847191789,-0.0916618613770038,-0.045877061469265366,0.1723369084688425,0.2521277822627148,-0.2727251758736017,-0.16831584207896053,-0.29332256948448854,-0.16674739553300272,-0.2619075077845692,-0.26011609579825473,-0.1533464037212163,-0.015599892361511552,-0.29188482681736055,-0.12429938876715488,-0.12234651904816822,0.03835774420482067,-0.07694614231345866,-0.03020797293660862,0.1843462883942644,0.05235074770307154,0.1632568331219006,-0.2850651597278284,0.31496559412601394,0.4416330296390266,-0.016899242686349132,-0.09000884173297967,0.08947064929073925,-0.09754353592434552,0.0022527197939491792,-0.08925537231384308,0.03863452888940146,0.06928074424326298,0.00030753853842309614,0.08923230692346135,0.29181563064621535,0.1921731441971322,0.46047745358090186,0.33413293353323337,0.30459385691769497,0.09248452696728558,0.18847499327259448,0.13567831468880945,-0.0814900242186599,0.08685657171414293,0.2397032253104217,0.41393149579056626,0.03918809825856302,0.17665013647022643,0.23029254603467497,-0.19620958751393533,-0.16028139776265712,0.1266366816591704,-0.062176604005689466,-0.00033060392880482836,0.06539038173221082,0.011278975896667051,0.00139161188636451,0.21900588167454735,0.10895321569984238,-0.27777649636720103,-0.0581170952985046,-0.03100757313650867,-0.07648483450582401,-0.1162341905970092,0.06630530888401953,-0.20695805943182255,-0.11841771421981317
#101,-0.2037750355591435,-0.05138200130703879,-0.2096951524237881,-0.05572598316226502,-0.1313727751508861,-0.2460692730557798,-0.025810171837158342,-0.05788644139468727,0.08570330219505631,-0.044185599507938336,-0.2927536231884058,0.012709030100334449,0.011040633529389152,-0.07557759581747588,1.0,0.12299234997885672,0.1105139737823396,-0.013047322492599853,0.00016145773267212547,-0.15717525852458386,0.4571560373659324,0.04435474570407104,0.4152154691884827,-0.005512628301233998,0.2822358051743359,-0.024687656171914044,0.012778226271479644,-0.20348287394764156,0.24925998539191943,0.22724022604082575,-0.08968592626763541,0.2056125783262215,-0.17084534655749048,0.11811786414485065,0.05032099334947911,0.14332833583208396,0.30341752200822664,0.37334409718217815,0.3310575481490024,0.12532964287087225,-0.028347364779148888,0.12217737285203552,0.10032675969707454,0.030215661400069198,0.23122285011340485,0.0020758851343558988,0.005028255103217622,-0.04155614500442087,-0.23683542843962635,-0.08480375197016876,-0.3552223888055972,-0.13178795217775727,-0.3615653711605736,-0.2711259754738016,0.20485910890708492,-0.023557452043209165,0.09672087033406374,-0.007134894091415831,0.0031138277015338484,-0.07224080267558529,-0.397562757082997,-0.07510091108292008,0.15105524160996425,0.23449044708415023,-0.3158882097412832,-0.18342367277899513,-0.07223311421212471,-0.1510091108292008,0.1997924114865644,0.10438626840425941,-0.15822857801868295,-0.06938838273171107,0.14706492907392457,-0.30951447353246453,0.05827855303117672,-0.21785261215546073,-0.3388536500980279,-0.14771076000461308,0.2101718371583439,0.1276669357628878,-0.0982662514896398,0.06839657094529658,0.08677968707953715,0.11082920078422327,-0.2677122976973052,-0.5343558989735901,-0.4338446161534617,-0.3531311267443201,-0.1083381386229962,-0.13160342905470343,-0.30106485218928997,0.009748971668012148,-0.2319148118248568,-0.25084380886479835,-0.11475031714911775,0.1667935263137662,0.059854688040595086,-0.15210087264060276,-0.23039249605966247,-0.323369084688425,-0.31865605658709106,-0.08580325222004383,-0.055441510014223656,-0.11314342828585708,-0.3604351670318687,-0.3414831046015454,-0.34209818167839157,-0.29343789643639717,0.00740399031253604,-0.17652712105485718,-0.3075154730327144
#102,0.13231845615653712,0.3453504017222158,-0.10859954638065583,0.12295390766155384,0.010610079575596816,-0.21134048360435168,-0.07117210625456502,0.12882789374543496,0.13828470380194519,-0.15061699919271135,0.258309306885019,-0.09921962095875139,-0.13399454119094298,-0.034129089301503095,0.12299234997885672,1.0,-0.28520355207011877,-0.11698766001614577,0.2373582439549456,0.7055702917771883,-0.03980317533540922,0.8257947949102372,-0.31309729750509363,0.49986545188943987,-0.16370276400261408,0.49349940414408183,-0.3933571675700611,0.08665667166416792,-0.2079960019990005,0.18012532195440742,-0.2347057240610464,0.18031753354092184,-0.10776150386345289,0.11190558566870411,-0.13423288355822088,0.3277053780801907,-0.3180409795102449,0.35089378387729214,-0.06329911967093377,0.26247645408065196,-0.1489255372313843,-0.0107177180640449,-0.22935455349248451,0.3169415292353823,-0.23248375812093952,0.3389536001230154,0.04357052243109215,-0.013508630300234498,-0.2108176680890324,0.2247337869526775,0.026748164379348786,0.16644754545804022,-0.15885134355898975,-0.03808864798370046,-0.6569868911697997,-0.25276592472994275,-0.53315649867374,0.5492868950140315,-0.45452658286241493,0.07850690039595587,-0.18498443086149233,-0.08701802944681505,0.33643178410794605,0.4086495213931496,-0.33719294199054317,-0.024818360050743858,0.0694114481220928,0.33919194249029333,0.32872794372044745,0.505831699534848,-0.23058470764617692,-0.31836389497558915,-0.10239495636796986,-0.07136431784107947,-0.12644447007265597,-0.10144927536231885,-0.31791796409487566,-0.16091185176642447,-0.1991158267020336,0.26431399684773,-0.10324837581209395,-0.06935762887786875,0.00698881328566486,-0.051920193749279205,0.11317418213969938,-0.39405681774497364,-0.38902087417829545,-0.15490716180371353,-0.12682120478222428,-0.26235343866528277,-0.009272286933456348,-0.2637911813324107,0.03586668204359359,-0.5766424480067659,-0.3869680544343213,-0.47523161496174987,0.16562487986775842,-0.04131011417368239,0.14545035174720333,-0.17483565909353016,-0.14382808595702148,-0.375312343828086,0.16840041517702686,0.05953177257525084,-0.29753584746088496,-0.13081151731826393,-0.16469457578902857,-0.05042863183792719,-0.17475877445892438,-0.3795640641217853,-0.35775189328412715
#201,0.22526429093145736,-0.022065890131857148,0.3713527851458886,0.19161957482797062,0.1382770153384846,0.22168915542228887,0.08626456002767847,0.26596701649175414,0.0198362357282897,0.22052819743974167,-0.07194864106408334,0.408441932879714,0.45942413408680277,0.22775535309268444,0.1105139737823396,-0.28520355207011877,1.0,0.1188175143197632,0.16609387613885365,-0.3096451774112943,-0.10761542305770191,-0.34535809018567637,0.05534155998923615,-0.42321915965094375,-0.017045323492100105,-0.3704686118479222,0.2456617844923692,-0.06049283050782301,0.3906738938223196,0.27615423057701916,-0.029623649713604736,-0.09409141583054627,-0.18522277322877023,0.03812709030100334,0.06558259331872525,-0.1433129589051628,0.19577134509668243,-0.1230000384423173,-0.14871026025448814,-0.12845884749932726,0.06848883250682351,0.27130281013339486,0.057263675854380504,-0.32472994272094724,0.12391496559412601,-0.08773305654864876,0.1359320339830085,0.1908737938722946,-0.16350286395263908,-0.25431899434897937,-0.17791104447776113,-0.12523738130934534,-0.20202206589013186,-0.28907084919078924,0.2694498904393957,0.01460039211163649,0.00601237842617153,-0.43615884365509555,0.2164071810248722,0.02588705647176412,-0.12122400338292393,-0.0011686464460077654,-0.16550186445238918,-0.10174912543728136,0.4121477722677123,0.10062660977203707,0.11994771844846808,-0.3256448698727559,0.10110329450659286,-0.14567331718756008,0.2576096567101065,0.28146695882827816,0.019582516434090647,0.012040133779264214,-0.11668780994118326,-0.13292584476992272,-0.007865298120170684,0.21041786798908238,0.3026179218083266,-0.037865682543343715,0.257163725829393,0.45075154730327144,0.20111482720178372,-0.059116595548379655,0.01584592319225003,0.11766424480067658,0.14870257179102755,-0.10194902548725637,0.08037519701687618,0.25049013954561183,-0.06266866566716642,0.5137508168992427,0.08721024103332949,0.18726790450928382,0.3745204320916465,0.6781147887594664,-0.18547649252296927,0.13390227962941606,-0.04793756967670011,0.21629185407296353,-0.009479875446891939,0.0017299042786299158,-0.07953715449967325,-0.17906431399684772,0.012309230000384423,-0.09519855456886941,-0.12748241263983393,-0.08273555529927344,-0.041594587321723754,0.04131011417368239,0.18420789605197402
