,#10,#11,#12,#13,#17,#18,#26,#49,#50,#51,#52,#53,#54,#58,#101,#102,#201,#202,#301,#302,#401,#402,#501,#502,#601,#602,#701,#702,#801,#802,#901,#902,#1001,#1002,#1101,#1102,#1201,#1202,#1301,#1302,#1401,#1402,#1501,#1502,#1601,#1602,#1701,#1702,#1801,#1802,#1901,#1902,#2001,#2002,#2101,#2102,#2201,#2202,#2301,#2302,#2401,#2402,#2501,#2502,#2601,#2602,#2701,#2702,#2801,#2802,#2901,#2902,#3001,#3002,#3101,#3102,#3201,#3202,#3301,#3302,#3401,#3402,#3455,#3501,#3502,#3601,#3602,#3701,#3702,#3801,#3802,#3901,#3902,#4001,#4002,#4101,#4102,#4201,#4202,#4301,#4302,#4401,#4402,#4501,#4502,#4601,#4602,#4701,#4702,#4801,#4802
#10,1.0,0.3577161325074064,0.25371233458257064,0.262473124660492,-0.15610840519110591,-0.11111212551411212,0.15813061757361904,0.4552342434049857,0.43974309229596426,0.38399211200226413,0.29123784047802725,0.21902066491073507,0.2375848484710157,-0.03571053604604984,0.07649531878375108,0.0674542491566507,0.3204334746903915,0.2589764775160111,-0.031442435419300946,-0.05873362943756933,0.12871587231303666,0.01053467660578727,0.10038937859193763,-0.015447328899377817,0.11985922115151985,-0.09025549261184934,-0.15274778948906043,-0.23899172399311627,0.07423938794980531,-0.21554775479647778,0.1690998644250389,-0.01953374994864585,-0.03563293421647259,-0.09552511332149526,-0.09169706071658443,-0.20934691213190484,-0.09843655137469359,-0.06433100375684152,-0.12779834479862326,6.20814636618021e-05,0.002685023303372941,-0.04971629684069257,-0.11523780395951923,-0.05000388009147886,0.017503320901824555,-0.04226652120127632,-0.22081828846882462,-0.1476717168720072,-0.24100206786051756,-0.20934965102000758,-0.20524497071672138,-0.08499865338001616,-0.024510309631300013,-0.00883017524319044,-0.0600921179365217,-0.006034683453007527,-0.11347487298406424,-0.10257592426061433,-0.09445238214792735,-0.0042051062003861835,-0.03855350189668001,0.02659277755207311,0.10238420209342347,-0.10670251566872235,-0.14314159595009746,-0.05115877790812856,0.09167606257446352,-0.09871409203576988,0.18476265252183122,0.16391971406008207,0.2806392564831764,0.1822647865721446,0.2010197793369152,0.23233805182889253,-0.1993600131466629,-0.07690797792456189,-0.12350011640274437,-0.08052970095906732,0.09980508246335595,-0.01753892644716,0.25589431543774277,-0.10053727854948485,-0.11338722856477698,0.12486864749140673,0.04938397841756175,0.14222315547298314,0.050585437331957805,0.19287067426860274,0.03692568940095953,-0.004779359739257852,-0.061050728772476,0.05986113837319176,-0.08222507269465507,0.0005313442919289532,-0.014362729210698097,0.13174416959195132,0.04138368626949746,0.19628698069540368,-0.0018021883715940786,0.12093103936238685,-0.009145147375003994,0.08091679714425268,0.045689218366983614,0.06748711581388342,-0.034288140158033845,0.07550658017866681,-0.140952311393318,-0.07128138879886062,-0.13692431995690815,-0.14958346076771034,-0.11167816238867562
#11,0.3577161325074064,1.0,0.3772654028219677,0.1374657068385471,-0.211929683612776,0.12421040138405146,0.3876047054097605,0.40499573189937327,0.5323932860722975,0.4707025704464844,0.2553520155934029,0.0609576065769833,0.19001127508935622,-0.16170486654767718,-0.19219782075803293,0.018310379929427984,0.256763455929008,0.22010435163671388,0.001504562531097792,-0.061937215555058496,-0.09846759210652449,0.1300195830499345,0.09397216376724929,-0.05593539875928369,0.0934682083563476,0.05452487138637951,0.06715753627885533,0.14799673159353074,0.10181360040535543,-0.0341703679696166,0.08123816001497258,0.10706587482368408,0.07357657702894549,-0.1370512217723345,-0.05979996987223087,-0.0675464583894425,-0.06117032688629506,-0.23194730379290354,-0.1528390857591513,-0.10319765185993326,0.14504421021879152,0.0028621380673492583,0.09525852821282986,-0.14404177717319358,-0.15343525040284478,-0.2176101375378309,-0.06076862329789517,0.024238246746429173,-0.02506904280425623,0.008313438354476028,-0.012531326032674935,-0.12938233508470012,0.06976769664075375,-0.005942474220215733,-0.039281133169304365,0.08150018031013342,-0.3126294695230226,-0.2700945372876791,-0.14825144818708433,-0.2303459672155094,0.059524255136556396,0.06909210424208119,-0.07480177297356516,0.1812860905567703,0.08644569926095669,-0.010077282292631934,-0.06113015652745507,0.13271556190571834,0.02776319573463826,-0.08119342484262805,0.13720368654338627,0.06376679280767984,-0.06023180122976076,0.16836036463730275,-0.36115069818822554,-0.12241186486326101,-0.041672182482984654,0.17680253073260693,-0.001811317998603167,-0.05872267388515842,-0.130184829298799,-0.05083011133580138,-0.10238602801882529,-0.015965891713494045,0.036268356256305145,0.07363591960450455,-0.014786343903919806,0.028089123418862723,-0.11709568305586875,0.09532973930350075,-0.11079532745689674,0.08328776127851296,0.046966453185555104,0.013646053490484646,0.059716890266448164,0.17327849470709875,0.30900865945121814,0.19244705957538105,0.08915445959455326,-0.03453646601268105,-0.050145389310119734,0.0628346578900519,0.05458877877544313,-0.11009234617719693,0.015088534557920636,0.11250987140920357,0.007645149657410747,0.1164100480674862,-0.03678235425691683,0.0016908069220831982,-0.09063619805812834
#12,0.25371233458257064,0.3772654028219677,1.0,0.18894949946819922,-0.11725362560312598,0.05093053723290135,0.20082805716972432,0.18677390935193341,0.1323722879301766,0.36000127814778127,0.11619915368357625,0.010480811806433649,0.05790192041704136,-0.10290550379564242,-0.32791429106163866,-0.0758261171239849,0.4124089890307531,0.4182382558760562,-0.2183332039969507,-0.09170801626899533,-0.0953242615272953,0.14130380203316795,0.2870345602030429,0.18948175672282908,0.23659976171673505,0.18986337513180898,0.20546134287683676,0.18041695006550507,0.062025772937046655,-0.1974427914747543,0.11595174079162995,-0.02899843426896794,0.14718054293891822,-0.15019149392651562,-0.34060173371616903,-0.25256656639293,-0.3377103808423907,-0.42566885929875337,-0.0777022554743526,-0.2726718309923448,-0.009010028895269483,-0.06739034176758708,0.026379144280060437,-0.1816549274879375,-0.01963508880844673,-0.12340334235644802,0.05483710463009034,0.06688456043128357,0.04394637257094861,0.12130261518165675,0.09186048104004711,0.15448424454618906,0.29557532627004524,0.3496994070307258,0.10961121483381796,0.15223287852574782,-0.1616126573148854,-0.28039732136743556,0.09126431639635363,0.06538456271369034,0.14541030826185597,0.15011115320883564,-0.2407391346026558,-0.06586478109436839,0.4327890554031415,0.1436209013680746,-0.07313013826820106,-0.0732168697247874,-0.16268082367494877,-0.19406665540679335,0.15377030771407835,0.3209401689893959,-0.30402844791776035,0.1415055667900688,-0.3788238301524191,-0.21070905248166086,0.04290285620380979,0.23937425536479706,0.08151204882524525,-0.2535361327812952,0.12772713370795236,-0.004091898825473486,-0.09970739545435871,-0.1336294375693281,0.149506771900834,0.2152601715456915,0.013429681330369248,0.05507630085772846,0.03348655890663587,-0.18416101010193228,-0.05457143248412586,0.14190087963956233,-0.09636777789443413,0.060583291869610666,-0.022043484413444288,0.19391053878493794,0.3228637814002109,0.3734875631656069,0.37202225803064815,0.3377952863735752,0.1674081445402548,0.3767404492689451,0.1441558975108072,0.05248348678714731,0.09155281260984083,0.17523679970054823,0.1629428439701096,0.08968032611027676,-0.02750756617838378,-0.08733675085704373,-0.14971036258313666
#13,0.262473124660492,0.1374657068385471,0.18894949946819922,1.0,0.029363619349331484,-0.025434227884619773,-0.00538647993536224,-0.12794076697996504,0.1412782390775425,0.28119251187992717,0.040592147607809485,0.09774269972200286,-0.022457056516956,-0.15369453180990292,0.006672844380942816,0.10626338060958519,0.09729169614775389,-0.020675866287482823,0.023098869295694924,0.05462164543267585,-0.046634134762424284,0.10762825984744394,-0.10009266571414224,-0.14258468870254307,-0.21261531860115854,-0.0937977878913757,0.0715370183551151,-0.010581237703533622,-0.00784052367540524,0.07839154231353879,0.07641862991687474,-0.03733287076556487,-0.09477557094404908,-0.2079911625210552,0.14545869528500413,-0.009766874974322924,-0.00396864886085079,-0.07494054330410331,-0.23625648774119334,-0.07062131676610352,-0.02564603523123063,-0.02637001465305135,-0.14339631254365104,-0.05079724467856866,-0.06316606335048182,0.05655621339590171,-0.022816763821114087,0.0075985885596643946,-0.1381339955356124,-0.025790283337974226,-0.09262919563421236,0.013017022189558445,-0.12519183628752847,0.08244783559367683,-0.1356379555113276,-0.0475023622909886,-0.012176183542021391,0.12205489644720564,0.14991486622814024,0.12997210898948725,0.08131302295644711,-0.15254054695595412,-0.09535073744562166,0.052194077610959205,0.06381244094272528,-0.0022011530718912477,0.020450364500358337,-0.07183829604641502,0.0728261216887984,0.07796610169491526,-0.044049537356151316,0.14146813531933153,-0.15070001415092185,-0.13328251174298275,-0.2887390615656397,-0.11218029187417548,-0.09312128253000224,-0.04833224538611475,0.10920768532001625,-0.0290869916509561,0.030859052253420186,-0.002682284415270214,0.10358566100781953,-0.22223064176713062,-0.13114891791095876,-0.09391829896789566,-0.06171262673063492,0.03203403524948988,0.03026653946053034,-0.19215217262298748,-0.04524186664353828,0.0721861348354613,0.025895274048578745,0.24374095596324413,0.1333820246773818,-0.16015374291883305,0.028714502868985286,-0.12683973396266895,0.05239036459165461,-0.0559463543116946,-0.029412006372479652,-0.013995718204932738,-0.20997503047013014,0.030104032099768564,0.00741143120597808,-0.20195191425454312,-0.24922968772110815,0.06415845380636974,-0.02616459804534686,0.10865077807246185,0.19782806173453785
#17,-0.15610840519110591,-0.211929683612776,-0.11725362560312598,0.029363619349331484,1.0,0.22629058689807227,0.06051390670434159,-0.1513217417502408,0.06130635832873048,0.14556642488371138,0.06748072507497706,0.06979965033528555,-0.013560234996599214,0.21038038590933367,-0.0035340786152181754,-0.10411609233704756,0.13245171568515568,0.03650846544664418,-0.013983849689820922,-0.15378035030378834,-0.03860827965873454,-0.17365920015337774,-0.04673182177142153,-0.1514477306029662,-0.11188266603367919,-0.14094318176630893,0.028710851018181653,0.10303149264836785,0.03703980973857313,0.29920709189426065,0.1305344940132471,0.001917221671908594,0.2537817197478397,0.15678947536598392,0.07443658789320162,0.1161105963015881,0.10280690382394428,-0.012334126089278622,0.019923585021933927,-0.064586633313096,0.06603185326863471,0.12918148329050017,0.05808999073342858,-0.12705245427198072,-0.023654863580548417,-0.05495944163201212,0.17317441695919514,0.09850319765185993,0.12465318829399225,-0.11287505648956712,0.14586222479880584,-0.019401370357014065,0.05715511692769792,-0.11442709308111217,-0.08777862480428363,-0.2292851045570533,-0.049923539373798884,-0.23874522406387086,0.0014780866127714351,0.1559194219120178,-0.11555277609133278,-0.006968644296037285,0.0802183806780574,0.2181058762844244,0.11622745552730443,-0.03444151789178653,0.1849132913674812,0.07388424545915176,-0.09200838099759434,0.009377039901034842,-0.1311114864402215,-0.00739499787736172,-0.11340274893069244,-0.1697389383156751,0.004459822793939754,0.015760475105789554,-0.010128408203882831,-0.027689245755864643,0.05611433944866182,-0.02226533434976514,0.045180698142577386,0.14634609503028753,-0.07352088630419004,0.08810090063770444,0.16389049925365298,-0.265197405360004,-0.03807510944140377,0.19097627666421688,0.09540368928227437,-0.052143864662409216,0.06904645610703575,0.013685310886623727,0.08237571154030503,0.061761926716484,-0.07489489516905787,0.036251922927688786,-0.1468792652476183,-0.043915331839117715,0.08478867195880713,0.159603226410185,0.40963175649458844,0.18830403483865665,0.01935024444576317,0.0774548425824063,0.08800686547951084,-0.06052394929405159,0.17174928218307642,-0.019631436957643095,0.12967813499979458,0.03276440541021697,0.23072575969908748
#18,-0.11111212551411212,0.12421040138405146,0.05093053723290135,-0.025434227884619773,0.22629058689807227,1.0,0.17697416772037777,0.12101046711736592,0.11228345665937818,0.11804059945130942,0.07780176840875166,0.24267826737938622,0.20497290783185054,0.2008572719761534,-0.11344109336413061,-0.1899793213948244,0.15433908347674455,0.14268785348774576,-0.054218115918874134,-0.19248996882232378,-0.06556989414197482,0.02197866406167976,0.1520639804260797,0.010541980307394542,-0.015801558427330453,0.12341886272236348,-0.004103767340585301,-0.002902308426189248,0.3339352800741326,0.3088644113444745,0.11268333432237626,0.2547366787329904,0.16863242752217358,0.12086256715981869,0.12173627246458846,0.2808647582703009,0.2697804781185665,-0.053381842084841626,-0.023530700653224813,-0.24591198126600539,-0.011875818813422378,0.08553091063464602,0.04872847119830919,-0.22179789744689982,-0.013629620161868286,-0.18327817517015343,0.007073635006641803,-0.14062820963449538,-0.03032953388689305,-0.07778350915473348,-0.13306431365746552,-0.2107419191388936,-0.08185258391268425,0.02328602664938124,0.011944291015990541,0.043182222790287904,-0.024549567027439094,-0.13433424477442973,-0.021812504850114347,-0.08059452131083185,0.11115594772375574,0.0657835274139875,0.1748606590677738,0.18780647016666135,0.10077738773982389,-0.08536840327388424,0.04404132069184313,0.09011672228131119,-0.04948257838925991,0.035243099143184506,-0.015494802959825076,-0.10426947007080026,-0.0952411819215126,-0.0012808866693751228,0.09802297927118188,0.21847197432748885,0.1278750336654996,0.09389912675117658,0.14714037258007825,0.021584264174887135,-0.004943693025421446,0.1928752390821073,0.13390880415580622,0.17051586957414855,0.003654589691738144,-0.08212921161105963,-0.0510903057055604,0.20664728142531738,-0.017917805968037177,0.08286323362259035,-0.22174220672214437,0.15264827655466137,0.26232157285214114,0.04709883277718689,0.1388050231207804,0.030677372675939323,-0.14357434027032825,-0.04443298169053303,0.027114992216992973,0.0009366997311324846,0.07305618828942743,0.21596406578809224,0.29684799627511216,0.07469952115106337,0.21166948924301698,0.13483089648372415,0.0628447004797619,0.09051477401890745,0.005049596698726873,0.09018519448387936,0.07179082198596776
#26,0.15813061757361904,0.3876047054097605,0.20082805716972432,-0.00538647993536224,0.06051390670434159,0.17697416772037777,1.0,0.11398248024576955,0.3412289390916934,0.44778811961637305,0.17193096176055728,0.22604134808072415,0.20162233471951505,0.03204864265270442,0.17040174923653495,0.09809236443645095,0.286322449296334,0.10446940890229929,0.15728704003797925,-0.05391136045136876,0.04537150734706734,-0.08411216659743366,-0.01374647938758462,-0.11047579051157864,0.11420159129398769,-0.21056389141221635,0.06286843750998553,-0.07269282913446572,0.2783741960222215,0.15051650864803917,0.08119068595452533,0.006971383184140012,0.1862854743069472,0.08625306413106493,0.123143147986689,-0.08808355434638718,0.2720546682065304,-0.08111308412494808,0.09373844531581663,-0.12908288331880202,0.12028009695663884,0.032894959076446934,0.18416374899003501,-0.021733077095135278,-0.09387904157175658,-0.2424281155993372,0.09842285693417996,0.06413562973884702,-0.10571560298903988,-0.1864205927866817,0.05646400416310992,-0.17922096892731448,-0.11903116398179553,-0.11897912510784373,-0.08353334824505745,-0.00580187796427577,-0.2646596703291687,-0.3689747885350144,-0.1806753185098623,-0.27878046442412596,-0.13385402639375168,-0.08703273427764109,0.12755823560828422,0.17851798764761465,-0.009811610146667458,-0.015075753080107912,0.09398859709586564,0.3148023207511857,0.12532604180456208,0.1401251671862946,0.19378728882031523,-0.06201664331003757,0.10716630072078405,0.14292887564078569,-0.15773347879872368,0.06641621056571734,-0.15379952252050744,-0.07947066422601305,0.2851145996430316,0.041045890070161184,-0.022015182569716116,0.024475617048665476,-0.12735190603787883,0.07964777898998937,-0.054097604842354166,-0.15543098686703155,-0.18289016602226715,0.1416516408222142,0.14777762054531263,-0.08656621033747666,-0.1468354430379747,-0.02461621330460544,-0.08263590591006405,-0.09901171787626617,-0.18153076456061387,0.1054079345588336,-0.06997220028575732,0.050318852223292417,0.03842386119315096,0.00964271204699932,0.09193443101882072,0.17487800535909107,0.09037235183756567,-0.052487138637950945,0.06769435834698974,0.06209424513961482,-0.14854724810217879,-0.14025115603902003,-0.1965453491397609,-0.13426120775835704,-0.05174216107400932
#49,0.4552342434049857,0.40499573189937327,0.18677390935193341,-0.12794076697996504,-0.1513217417502408,0.12101046711736592,0.11398248024576955,1.0,0.5729607836871825,0.2972971739239593,0.327450506009577,0.17136401192329287,0.2574034427823451,0.05815663701059493,-0.09557532627004524,-0.0802914176941301,0.17158677482231463,0.28886139856756154,-0.06996854843495369,-0.21120296530285254,0.005659455782933988,-0.17612876425933618,0.040956419725472114,-0.07856226633860873,0.12796632993559048,-0.1321540898446594,-0.20505598743763323,-0.15078126783130275,0.23470171226154554,-0.1977623284200724,0.09242104013840514,0.07756622403191718,-0.02601122031159417,-0.23499933810204185,-0.1652937229249499,-0.015681960313511392,-0.14787256866620715,-0.1724394819849635,-0.10999192028009695,-0.26518005906868675,0.03770444658483477,-0.20368015264736358,0.0447287816056275,-0.10597944920960255,0.009175275144133986,-0.12061150241706875,-0.2456974350312918,-0.30165930970890187,-0.057586948285227806,-0.23882465181884993,-0.24529116662938735,-0.25607416908982183,-0.04015757736217687,-0.15062697713484915,-0.059118899697352865,-0.17087740280370844,-0.04909639516677546,-0.3000178027726677,-0.059800882834931776,-0.13506644086055863,0.22432497820301553,0.20433931171741979,0.12166414841121666,-0.14641274130745388,-0.05513655639598844,0.016437893429863924,0.041601884355014676,-0.12195903536361022,0.16197784239524896,0.042671876640479854,0.30551749008294266,0.03059338010745571,0.09518914304756079,0.1861110984310736,-0.0747752970552388,-0.09776369786412376,0.12451715685155683,0.14961176261143852,-0.1335773986953763,-0.05143175375570031,-0.07109514440787522,-0.03778570026521567,-0.14555181748049684,0.44635202928784345,0.22730671438418384,0.38327908813285433,0.2532658958218262,0.15384608361825378,-0.06695211967115083,0.27597584300693395,-0.11940091387566361,0.18873404027078475,0.02188371594078524,0.0480903102703739,0.14582205443996585,0.22018651827979568,-0.008800047474060447,0.2164360675044621,-0.22163812897424076,-0.0017592791246513625,-0.14943829969826583,0.07413165835109807,0.03959062752491247,0.06319710408231272,-0.030246454281110346,0.1926999502435328,-0.10169948006774183,0.2462342570994262,0.04091533640393122,0.0532558532321162,-0.00876535489142591
#50,0.43974309229596426,0.5323932860722975,0.1323722879301766,0.1412782390775425,0.06130635832873048,0.11228345665937818,0.3412289390916934,0.5729607836871825,1.0,0.5150716447479539,0.29579352435556244,0.4187449501750606,0.3339581041416553,-0.03665362651608869,-0.06452272592403237,-0.09490338572217633,0.19854291152934947,0.15667626799107123,-0.053569912401228846,-0.21622243423244944,-0.11162338462662108,-0.20861562900847685,-0.0749807136629433,-0.20472823382800695,-0.07418095833694714,-0.31428193201166765,-0.1830079382106844,0.00013146662893087502,0.1984233134155304,-0.00855080865671233,0.1874914980348478,-0.014114403356050888,0.008932427065692231,-0.16549913953265438,-0.015084882707117001,-0.016761995188686565,0.058313666595151255,-0.1925255743676592,-0.025934531444717825,-0.21945158330556405,0.12945719802617464,-0.10656557126358603,0.04639493853478616,-0.18789320162324769,-0.07711156860686456,-0.25309699772215805,-0.040275349550594114,-0.062498687616117446,-0.10358018323161407,-0.15418387981759005,-0.20999420268684924,-0.30822990226734287,-0.07737906667823086,-0.27363409367910274,-0.29533065226620164,-0.2531225606777835,-0.3033875481017223,-0.41087247280512357,-0.11843317341270022,-0.1757188440066281,0.0988199957090753,0.06942077081440838,0.20082897013242523,0.18500458763757208,-0.051200774192370374,-0.15571765715511693,0.05136510747853396,0.0874472193438537,0.06864475251863585,0.0720418867287177,0.17920818744950176,-0.07266544025343845,0.07807017944281887,0.2024029178287921,-0.24844727868642927,-0.23773183546586205,-0.057543126075584185,0.05001209675578704,0.01902888157504325,-0.05999351796482355,0.012501198263544943,0.05857294800220937,-0.16547175065162711,0.35788046579357,0.13631628679810287,0.13451501138920968,0.11067299045497496,0.15739842148749014,0.030118639502983106,0.18949362523794092,-0.03389282730854031,0.2432461301793515,0.001429699589623266,0.0951489726887208,0.08408295179100458,0.19121273400375227,0.05745091684279239,0.2037751007682581,-0.10197610776611722,-0.07336842153313826,0.02479150214317994,0.08640370297671489,-0.1019651522137063,0.032761666522114236,0.08826614688656895,0.060600638160927936,-0.09295421035573592,0.14991121437733662,-0.05509182122364391,0.10849922626411097,0.04977837830435437
#51,0.38399211200226413,0.4707025704464844,0.36000127814778127,0.28119251187992717,0.14556642488371138,0.11804059945130942,0.44778811961637305,0.2972971739239593,0.5150716447479539,1.0,0.27821260162416067,0.22251366020441235,0.2403155199094341,-0.006327744479999269,-0.07166483313324234,-0.11493196145471476,0.40469628013347514,0.32389269036413515,-0.028754673227825277,-0.3391446452455185,-0.1623749811701443,-0.16178155541455355,-0.016132050925059458,-0.20309220466797828,-0.10612461027904704,-0.07186112011393775,-0.1671205612894685,0.016053536132781297,0.2677938712813888,0.040026110733245995,0.17904476712603906,0.0867853213856948,0.08717241757088014,-0.16854660902828814,-0.10255401315579252,-0.051200774192370374,0.021830764104132525,-0.24483559824163384,-0.19154596538958402,-0.3736984575495168,0.023613780259007518,-0.0987570012827126,0.0839195314675419,-0.2599569994567872,-0.001599510651992313,-0.2780473553752961,-0.08541770325973333,-0.06373849096395166,-0.17193826546216454,-0.1395070914377793,-0.10485741805018556,-0.23565941013479894,0.04327990979928515,-0.09353941944701849,-0.19151127280694946,-0.1982562412412641,-0.07936019573920307,-0.3196793674994408,0.06371657985912986,-0.11234188627223635,0.1771503695216532,0.16039202618377027,0.03525222877019359,0.07070713525998895,0.10780172276061661,-0.028249804854222682,0.05871080537004661,0.08633157892334309,0.03341899966676862,-0.07696640753742005,0.19672428982913903,0.21288372963522575,-0.02285510825455226,0.09455280804502732,-0.21967525916728672,-0.005120807789397764,0.05539309891494383,0.16566164689341617,0.12002629332578618,-0.11300834904389981,-0.019373981475986797,0.08867424121387521,-0.07249380326566758,0.1933381111714681,0.14645747647979843,0.11485709851324025,0.08670224177991208,0.1799860316706761,0.15499550365869802,-0.09574878918321791,0.09987720651672775,0.15741211592800375,0.1528801690806922,0.19991965928232003,0.10209570587993627,0.2869067454249157,0.06836264704405501,0.17174563033227278,0.07120469993198428,0.049619522794396236,0.05205804616852378,0.22626502394244682,-0.028636901039408035,0.07573847270469765,0.04772421222730945,0.029583643360250517,-0.10075091182149754,0.13118634938169602,0.07420469536717078,0.049031574815010935,0.09622718163849416
#52,0.29123784047802725,0.2553520155934029,0.11619915368357625,0.040592147607809485,0.06748072507497706,0.07780176840875166,0.17193096176055728,0.327450506009577,0.29579352435556244,0.27821260162416067,1.0,-0.08393413887075643,0.09104337942273369,0.06785777867045242,0.028667941771238936,-0.08704916760625744,0.20397686552515898,0.24473699826993567,-0.016891635892215623,-0.1601902614268694,0.030250106131913982,-0.142064299963025,0.14975692368088303,0.09602724280699512,-0.03592690820616524,-0.12248490187933372,-0.13869729352207316,0.045052883364450146,0.07663591503969105,-0.05762894456946961,0.09925913076821247,0.020890412522196405,0.06668736048788727,-0.15419392240730004,-0.05917824227291194,0.025619559312904272,0.06470531846421415,0.02780245313077734,0.12725056717807795,-0.13299858034300008,0.07968977527423117,-0.09651476488928044,-0.039459160895981595,-0.1663965818676478,-0.04476621307636477,0.05546522296831563,-0.11300013237959163,-0.14379345131854637,-0.11028315538168688,-0.10522990683215637,-0.04407692623717858,0.004431520950211579,0.0393559961107789,0.013455244285994695,-0.04786937329675396,-0.09007107414626575,-0.05340466615236435,-0.1482806629935134,-0.153433424477443,-0.04563717949303181,0.08115873225999352,0.2205790922411865,0.17039353257222675,-0.022730032364527746,0.014967110518699759,0.000821666430817969,0.28530723477292336,-0.15000433657282933,0.13423838369083432,0.019403196282415883,0.4153222530093533,0.1343725892078679,0.2306938060045557,0.14101713174508254,0.13213765651604303,0.21457453655730896,0.17623649385804344,0.15782294914341274,0.022986574883483137,0.01895767048437236,0.06884834320093852,-0.01695828216938197,-0.1488476128307778,0.19576659195588564,0.20239470116448394,0.13620307942319015,0.04052641429334405,0.11702903677870241,0.06430361487581425,-0.030494780135757554,0.06297434118329095,0.004847831941826017,-0.08471289605463168,-0.08896456335276422,-0.19397262024859974,0.1569738938315675,-0.06525309608475946,0.17993399279672428,-0.03334231079989227,0.15715374748364655,0.03854711115777365,0.1264946340617254,0.06367367061218714,0.3366193904148046,-0.08879475229039517,0.2239935727425856,0.015144225282676076,0.12201472608836567,0.0779907516878398,-0.10348158325991591,-0.22316277668475853
#53,0.21902066491073507,0.0609576065769833,0.010480811806433649,0.09774269972200286,0.06979965033528555,0.24267826737938622,0.22604134808072415,0.17136401192329287,0.4187449501750606,0.22251366020441235,-0.08393413887075643,1.0,0.5884263718405784,0.19163908758507672,0.019225168555738654,-0.10295023896798697,-0.013189572140030218,-0.04929359511017178,-0.06146612680138953,-0.12293225360277905,-0.18615948545422176,-0.2515641333473321,-0.03488430480172733,-0.23712015045625312,-0.09046364810765656,-0.2700808428471655,-0.2278197994220946,-0.10170404488124637,0.2198697202225803,0.06782856386402333,0.2554707007445211,-0.03751455034304574,0.07296397905663564,-0.13186924548197584,0.2175498819995709,-0.11499130403027384,0.15816074534274902,-0.11013434246143874,-0.2601770234677062,-0.1713850100654138,-0.11459233932997667,-0.12529956588623573,-0.22172120858002348,-0.17186796733419457,-0.041023978965339374,-0.09055403141504653,0.02230550470860513,-0.0032757101708609693,-0.018108615172527126,-0.06974943738673557,-0.18042242784171053,-0.2797929400594339,-0.1296699183354864,-0.2922229272323079,-0.387910547914565,-0.30843623183774826,-0.2698188225520046,-0.19616555665618282,-0.0008782701182743179,-0.08176311356799518,-0.05146827226373667,-0.12816170395358498,0.5005126285565603,0.21262810007897126,-0.11315077122524159,-0.21870021500271605,0.25030424482007785,0.15360962627871838,0.029237630496606062,0.3042868163621175,0.20741143120597808,-0.034327397554172925,0.0664326438943337,0.24222087306623089,-0.02026594603477475,-0.0471517846138396,-0.15482021482012354,-0.02752399950700014,0.24233499340384448,-0.05059456695896689,0.26308754855820365,0.19183993937927665,-0.27286994389844205,0.3741503740864667,0.11250804548380176,0.030794231901655658,-0.03153190576399001,0.10546545120899085,0.17614793647605528,0.10320952037504508,0.018350550288267972,0.09951293439906513,0.13638749788877375,0.032434825875188866,0.07895484029999954,0.06261554684183378,-0.18682412230048343,0.13713156249001446,-0.024905622480793546,0.03928843687091164,0.21005628415051103,-0.034138414275084794,0.027958569752632757,-0.06968826888577467,0.13183181401123856,0.16616742822971967,-0.04042142358273953,-0.13910721377478122,-0.22811651229989,-0.010140276718994645,0.06296429859358096
#54,0.2375848484710157,0.19001127508935622,0.05790192041704136,-0.022457056516956,-0.013560234996599214,0.20497290783185054,0.20162233471951505,0.2574034427823451,0.3339581041416553,0.2403155199094341,0.09104337942273369,0.5884263718405784,1.0,0.3422532832421131,0.14978979033811574,-0.012047455801193242,0.0867761917586857,0.08385014630227282,0.0021335938320239927,-0.21702766733465104,0.10041220265946035,-0.28323663536726207,0.038632929651659084,-0.17793643040713572,-0.02561042968589518,-0.2371183245308513,-0.06853793588262952,-0.14973136072525756,0.4182683836451862,0.11229167332368636,0.3515883268589062,0.13910995266288395,0.21431342922484903,0.009734008317090205,0.16892092373566078,-0.15071005674063187,0.17941360405720624,-0.04202002127203093,-0.1319386306472449,-0.07230299406117763,0.0305924671447548,0.01248020012142404,-0.03440956419725472,-0.2357671397335062,-0.010656100645008148,-0.04485750934645565,-0.04249019706299899,-0.04692354393861239,-0.04482281676382111,-0.05984196615647268,-0.018378852131996148,-0.17109012311302021,0.037850520616980195,-0.12465227533129133,-0.12268392774813185,-0.07097189444325253,-0.2805087028169464,-0.25393966229509696,-0.20013968329323906,-0.1372274235736099,-0.16970789758384422,-0.1664276225994787,0.46835169149164413,0.26763592873413156,-0.05535292855610384,-0.15299885423181037,0.310602692327005,0.17700064363870413,0.14144531125180881,0.13649431452478009,0.4011667663317615,0.17078610653361756,0.25040558367987875,0.2626182857299365,-0.04691532727430421,-0.06630117726540283,-0.209104977016164,0.003934869240917163,0.24517704629177375,0.023163689647459452,0.15414462242145097,-0.07825185902029973,-0.12533517143157116,0.40823583652489875,-0.1483117037253443,-0.044119835484121295,-0.20908945665024856,0.07650536137346109,0.19234298182747744,0.10625059913177247,-0.14917354051500226,-0.08212921161105963,-0.050716903960888675,-0.09644172787320773,-0.08981270570190855,0.1489096942944396,-0.2498733264252489,0.16917198847841072,-0.0676907064961861,0.1592909931664742,0.05415055667900688,0.06812162489101507,0.21994640908945665,0.10091341918225931,0.10426581821999663,0.4746082248809725,0.01101306906106351,-0.11575362788553274,-0.20876991970493045,-0.23774918175717932,-0.14398426052303634
#58,-0.03571053604604984,-0.16170486654767718,-0.10290550379564242,-0.15369453180990292,0.21038038590933367,0.2008572719761534,0.03204864265270442,0.05815663701059493,-0.03665362651608869,-0.006327744479999269,0.06785777867045242,0.19163908758507672,0.3422532832421131,1.0,0.008184710613647879,-0.25948956255392186,-0.05804708148648587,-0.022606782399905052,-0.1408975336312635,-0.15300707089611854,-0.036030985954068846,-0.26634317354964465,0.02639283872057407,-0.07433433607069984,-0.19149118762752948,-0.21386151268789913,-0.15534060355964158,0.09164410887993171,0.09416571185984196,0.1463935690907348,0.1269575061510862,0.02590714256369056,0.049541008002118074,0.053126212528587145,0.23806506685169376,-0.09074757950763922,0.03978508858020605,-0.06479844065970684,0.007290920129458111,-0.162437975596507,-0.21958578882259766,0.0660930217695956,-0.11598917226236723,-0.16841605536205817,-0.038910470312735375,-0.02141445311251809,0.08106834895260354,0.17563028662463995,0.1423728813559322,-0.009271136227729416,0.07103397590691432,0.008920558550580417,-0.003016428763802855,-0.18724043329209786,-0.09311306586569405,-0.3102877201951914,0.010999374620549878,-0.11098248481058307,-0.14295078674560752,0.07676646870592102,0.012012763218558705,0.15981046894329132,0.3826226679509009,0.15057493826089735,-0.009431817663089374,-0.009688360182044763,0.4307449319158066,0.10779898387251388,-0.05988122355261176,0.07628351143714024,0.10493958469326736,0.022451578740750548,0.2710358018323161,0.09203576987862161,0.35547024426317064,0.2698599058735455,0.20961714909137388,0.09052846845942109,0.1260628027041955,-0.026158207306440494,-0.049492620978969906,-0.14622467099106665,0.14260477388196305,0.30937932230778714,0.039203531339727114,0.11787170135164128,0.05905316638288743,-0.11006495729616966,0.0733939844887637,-0.13720094765528354,-0.03817005756229829,-0.1535082874189175,0.05776771490000776,-0.02119077725079542,-0.11135588655525479,-0.07497432292403694,-0.22132498276782903,0.030389789425153035,0.06878169692377217,0.3014867597584301,0.2226022175864005,0.05784622969228592,0.1440016068143536,0.14262577202408397,0.0885811190183825,0.1523022636910169,0.12179561504014753,0.05298379034724536,0.019762903586573972,-0.0875293859869355,0.05004405045031885
#101,0.07649531878375108,-0.19219782075803293,-0.32791429106163866,0.006672844380942816,-0.0035340786152181754,-0.11344109336413061,0.17040174923653495,-0.09557532627004524,-0.06452272592403237,-0.07166483313324234,0.028667941771238936,0.019225168555738654,0.14978979033811574,0.008184710613647879,1.0,0.6654009960423067,-0.15885642292084157,-0.34393222164908455,0.5790182912077128,0.2939420359981193,0.43872057407094633,0.0045301209219097355,-0.18619052618605267,-0.11995325630971347,-0.03341352189056316,-0.31377432474996236,-0.17133205822876107,-0.492943254803325,0.29603819835940604,0.16442549539638557,-0.005302487366878626,-0.08865689492255793,-0.0331706738121214,0.23117402438523374,0.3131626397403534,0.0594831718150155,0.35275965800417225,0.5269675487407962,0.13320856176420912,0.3187581881342238,0.1285040649664258,-0.035823743420962534,0.23995124779177146,0.3928469372383791,0.07761095920426171,0.05103370201810405,-0.017995407797614427,-0.045244605531641,-0.4154427640858733,-0.5232097942638554,-0.2214372771800408,-0.3052226031305491,-0.3972127248741253,-0.12815987802818316,0.08566420318897872,0.09197551434036162,-0.22993787288820317,-0.06706532704606354,-0.4029735195168601,-0.4736304418282991,-0.5189325640100974,-0.49385713046693475,0.2598027087603336,0.09388725823606477,-0.4502850726033588,-0.17291878740294064,0.22799052344716456,0.1306477013881598,0.6779250183733744,0.4262385480241205,0.2906005925127929,-0.14552260267406775,0.496449031574815,-0.19427481090260057,-0.06309941707331547,-0.18106150173234672,-0.5287962130307167,-0.6130343684808757,0.3368184162836027,0.3833137807154889,0.09812523109368367,0.03576074899459983,0.009058415918417653,0.04530486106990099,-0.20337887495606366,-0.3662514207982033,-0.4840546499472764,0.019100092665714143,0.12220005751665015,-0.15556245349596243,-0.12453998091907956,-0.2824889189152177,-0.2424920229884008,-0.36864247011188356,-0.40493365043571145,-0.20915153811391035,-0.3402392875239082,-0.23718314488261583,-0.4147270013283607,-0.1458576599853013,-0.2454828887965782,-0.2757393856673986,-0.11918545467824912,-0.04386785777867045,-0.1450633824355106,-0.08482610342954439,-0.20693395171340276,-0.475144133986406,-0.46341073735432536,-0.2239515764583438,-0.16136341849753727
#102,0.0674542491566507,0.018310379929427984,-0.0758261171239849,0.10626338060958519,-0.10411609233704756,-0.1899793213948244,0.09809236443645095,-0.0802914176941301,-0.09490338572217633,-0.11493196145471476,-0.08704916760625744,-0.10295023896798697,-0.012047455801193242,-0.25948956255392186,0.6654009960423067,1.0,-0.11210086411919641,-0.2512117297447813,0.6528212829864836,0.6103968192379501,0.31026672205307054,0.3974227062953343,-0.22189832334399978,0.16664764661039774,0.1700685178507032,0.06654037349304094,0.08360638526113015,-0.3089520557637618,0.12044351728010153,0.04987241346254799,0.057320363176562424,-0.17213272651745812,-0.03874704998927269,0.2849740033870916,0.13646418675565009,0.030111335801375833,0.08811185619011536,0.3942894183058151,0.1500956328429202,0.49734099613360294,0.02528724088977345,0.0013310996179251096,0.10064683407359393,0.42858121031465257,-0.008348130937110565,0.22114512911575,-0.0029306102699174223,-0.050290550379564244,-0.4415936676907065,-0.3496847996275112,-0.11558472978586459,-0.00498112449615871,-0.27391528619098265,0.14600647290554944,0.11668028502695522,0.29852784764478446,-0.4388401721847654,-0.038217531622745556,-0.39516951434949127,-0.4849265293266444,-0.5181601975651284,-0.5667024243724522,-0.059339836670972805,0.1665618281165123,-0.22608334436496597,-0.07434529162311074,-0.1135223470445115,0.05365025311890883,0.6401530125486723,0.23698046716301405,0.07897218659131681,-0.009561458366618432,0.15929373205457692,-0.21696741179639106,-0.44040499025412316,-0.4567588911155035,-0.6553839692879347,-0.6080121606631761,0.23400329579535029,0.5045689218366983,-0.00426353581324435,-0.07286172723413385,-0.038487768582214574,-0.2837141148598374,-0.3209018245559578,-0.39048145088032427,-0.5957958067623147,-0.13239237310959662,0.004840528240218746,-0.2569113558865553,-0.2584533498883903,-0.36488745452304544,-0.16021856327059758,-0.42097075323987637,-0.36459895830955824,-0.1896287437176754,0.09308567698466678,-0.19860408003031035,-0.15748332701867465,-0.17239109496181534,-0.1998128426463137,-0.30887080208338086,-0.2025462529728348,-0.25842504804466215,-0.13856126207963773,-0.11272989542012261,-0.24641137186340253,-0.5365837848694691,-0.4983982069412554,-0.20085270716264886,-0.25296005331702176
#201,0.3204334746903915,0.256763455929008,0.4124089890307531,0.09729169614775389,0.13245171568515568,0.15433908347674455,0.286322449296334,0.17158677482231463,0.19854291152934947,0.40469628013347514,0.20397686552515898,-0.013189572140030218,0.0867761917586857,-0.05804708148648587,-0.15885642292084157,-0.11210086411919641,1.0,0.49226674944195153,-0.29985346948650415,-0.31657985912985526,0.11707194602564512,-0.13562699995891667,0.2929240825866059,0.067751874997147,0.20216919937735944,0.03510432881264636,0.1855751893256401,0.13806004555683876,0.1272560449542834,-0.0036208100718045162,0.36731776123286486,-0.186607750140368,0.4047638393733424,-0.12117114855272589,-0.29977221580612323,-0.27836141454440877,0.056593644866638974,-0.31745812924812955,0.03356963851241857,-0.36522342479697995,-0.07133707952361606,0.1225652425970137,0.27377195104693997,-0.11868423815545016,-0.03153920946559728,-0.1672648093962121,-0.014860293882693422,0.04629177374958346,-0.016530102662655716,0.028856925050327067,0.14996599213939116,0.06129631573902048,0.3146882004135721,0.23099599665855652,0.06647007536507096,0.03348199409313132,-0.12610753787654005,-0.3744598684420748,0.05418981407514596,-0.038073283516001956,0.057325840952767874,0.1971031693500162,-0.19309617605572724,0.0066655406793355455,0.31101626443051666,0.2392838720574071,-0.06678961231038906,0.04189768427010915,-0.1460219932714649,-0.08838757092578983,0.11206434561116006,0.24234229710545177,-0.20223219380372215,0.12814800951307134,-0.3099891813919942,-0.051866324001332925,-0.0074844682220507885,0.19588984192050835,0.22001488129202482,-0.18634664280790808,0.1865338001615944,0.18267288089945086,0.021791506707993444,-0.011246787512496177,0.059818229126249046,0.05165269072932025,0.1162457147813226,0.12259171851534005,0.06748163803767797,-0.04747223452185861,-0.13216869724787395,0.10470586624183469,0.05569346364354284,0.057826144512865926,-0.08030328620924192,0.33226181944336663,0.08213286346186327,0.31085832188325946,0.23811162794944013,0.2762095614583666,0.13520338526569498,0.5819899847991711,0.11407286355315954,0.2759721911561303,0.14915254237288136,0.24083682161165307,0.08613529194264768,0.06782126016241606,0.028599469568670773,-0.06698681225378537,-0.13059931436501163
