,#10,#11,#12,#13,#17,#18,#26,#49,#50,#51,#52,#53,#54,#58,#101,#102,#201,#202,#301,#302,#401,#402,#501,#502,#601,#602,#701,#702,#801,#802,#901,#902,#1001,#1002,#1101,#1102,#1201,#1202,#1301,#1302,#1401,#1402,#1501,#1502,#1601,#1602,#1701,#1702,#1801,#1802,#1901,#1902,#2001,#2002,#2101,#2102,#2201,#2202,#2301,#2302,#2401,#2402,#2501,#2502,#2601,#2602,#2701,#2702,#2801,#2802,#2901,#2902,#3001,#3002,#3101,#3102,#3201,#3202,#3301,#3302,#3401,#3402,#3455,#3501,#3502,#3601,#3602,#3701,#3702,#3801,#3802,#3901,#3902,#4001,#4002,#4101,#4102,#4201,#4202,#4301,#4302,#4401,#4402,#4501,#4502,#4601,#4602,#4701,#4702,#4801,#4802
#10,1.0,0.3685110380025634,0.48049713812425676,0.45310503107113276,0.13775547504361063,0.269558155998834,0.13114655487536844,0.2827857132941879,0.07726555523165693,0.4417024111939366,0.2991351906606144,0.1685147397011804,0.15243317277215582,0.16665324800918022,-0.15397354210913533,-0.06783131359402546,0.44727254218779644,0.4620353789845315,-0.16284882725560693,-0.03572786962617471,-0.20368411554852234,-0.04690283503842826,0.060436245182007894,0.05979816488291065,-0.009009009009009009,0.052058375787189345,-0.10179763739085773,-0.08503680876562232,0.18644623051402712,-0.09056205666375158,-0.04841868062207045,-0.06600128634026939,0.13242040191192733,0.12247393772817501,-0.13513467242280802,-0.14173942818010615,-0.037139604936215105,-0.17819375615985786,0.10588616351328216,-0.16107895260437632,0.042490410287020455,-0.2758644623051403,-0.17823493755697145,-0.20737100737100736,-0.2703151533660008,-0.27157789530670884,-0.09115247759315556,-0.014661040084768899,0.13369054724986928,-0.07029340588662622,0.14080660012863402,0.016241665394207766,0.11114905352193488,0.22042597296834585,-0.25688492807136876,0.2122951919562089,-0.15199267063673844,-0.14443981732117325,-0.1520449571297029,-0.13265036993850554,0.23693462337530133,0.08327109852533582,-0.23359337766117427,0.1954228496601378,0.06893071808326046,-0.002980792811301286,0.03356515220922,0.11434824655163638,0.01395123937496819,0.12003220477796749,0.23753198498961212,0.2994206841664469,0.022330959619095214,0.04600147142520024,0.06503653113822605,0.0004113512588088859,-0.020618924008754518,0.008549998380506855,-0.0248444129800062,0.05792047825946131,0.004318031436675505,0.24667980769675685,0.012377554750436106,-0.10195033245880704,0.11894251724760199,-0.01636891128416552,-0.1587024620922926,0.07220718407159085,0.1595450612399765,-0.07229648755072483,-0.09269516049177066,-0.22008911839420314,-0.1835422479490276,-0.2682579343596293,-0.35219441321136236,0.294922657634522,0.12040931532456957,0.39222967189068886,0.44201983185034033,0.09085449085449085,0.3211348482534923,0.5139484631010055,0.2891415298194959,0.43465345160260416,0.282510399459552,0.2424552441501594,0.24789489026777162,0.07770837092870991,0.04721192687294382,-0.1964371150811829,-0.2642614879903015
#11,0.3685110380025634,1.0,0.5188906934669647,0.26027984841544166,-0.06732927071910123,0.1342499664533563,0.24640912098539217,0.26606051351814064,0.3488050454152149,0.5301383047145759,0.3661271440932458,-0.1480179717467853,0.011433621603113129,0.19403563810343472,0.0402101639389775,0.05080951521629488,0.36432071516817277,0.4005626581897768,-9.48560270594169e-05,0.010635905551159789,-0.00039099191641564523,0.09337349676332728,0.18100195727314372,0.18620700824090655,0.15485454637997012,0.09370896320048862,0.0018869408699917175,0.05867978918826376,0.08577668577668578,0.10048307166951234,-0.1586321298185705,-0.0007394142987363326,0.19241336868455514,0.03665051800645021,-0.25471203098321743,-0.24095790705960196,-0.12874924230856435,-0.3085074288464119,0.22126903482835686,0.10919224309054817,-0.014964579371359032,-0.3540026929857438,-0.1798396239074205,-0.21357597967767458,0.02592577168848355,-0.15348538060402467,-0.1072021173716089,-0.031209021039529515,-0.10592086693781609,-0.02025476940731178,0.14466053110120908,0.003614245987127343,0.2242340954205361,0.298465645923273,-0.08013575979677674,0.228433209789142,-0.18934512324342834,-0.11552492399950028,-0.16280625772151197,-0.04475307356663289,-0.20531749006325278,-0.06592910321723881,-0.42615527700273464,0.017790826265402536,0.35112601044804437,0.19955579616596567,-0.01841687604399469,0.08013899878306657,0.012074478176173091,0.12148465877279437,0.3935581189818478,0.38820314922009835,-0.016953316953316953,0.05116302743421387,-0.1669174567479652,-0.15075630329867618,-0.14389196592586423,-0.0932263542433034,0.02556393064867641,0.19080174164919927,-0.3123474784491734,0.06657967674916827,-0.05919247444671173,-0.0793357301831878,-0.10308906749584716,-0.2912005996751759,-0.2693217099996761,-0.08500210534108839,0.00496258970835242,-0.1619881823271654,-0.19677674592928832,-0.35971672751333766,-0.27003474969576663,-0.39800663529477087,-0.306534423483576,0.3675319387183794,0.26038673496300613,0.443537528283291,0.4223240189341884,0.22191590666166938,0.23998806202196032,0.3392935308189545,0.2644586034416543,0.23836394175377226,0.200951799256884,0.18313876279977975,0.13960447350277858,-0.17583577414085888,-0.03706510825154893,-0.2653710721507332,-0.11005103716968123
#12,0.48049713812425676,0.5188906934669647,1.0,0.5733648903140428,-0.04684036887426718,0.43127750246394314,0.2273213120670748,0.30091755854467717,0.10413803634142617,0.7237838763262492,0.3324976748705562,-0.07272079475469306,0.29324208646242544,0.21769365667670754,0.003257494782918512,-0.11132997404183845,0.7086309730377527,0.7572856369466539,-0.13612302595353443,-0.2916808950707256,-0.008785518955010481,-0.1747396086379137,0.3703655890096568,0.13556083047608472,0.3031334878792506,0.0207105410495241,0.07683106835649209,0.020352864420661032,0.16238750306546917,-0.10295765719494533,-0.026194607550539754,0.17395808751740954,0.4150224184122489,0.3078517654788841,-0.30314505568742856,-0.11074649379734125,-0.07482335956912228,-0.4607777268794218,0.42706080502690674,0.11765895325217358,0.13099663608138185,-0.3480864531711989,-0.1448669007991042,-0.256893719605584,-0.1110454059606602,-0.18121341680663713,-0.13731728646982885,8.467635586279655e-05,0.03424441390543086,-0.03473997880777542,0.23059176279515262,0.03671205874595705,0.44832475001966526,0.5670058348024449,-0.021396280718314616,0.2894658911608064,-0.22840359620020637,-0.35294678345525804,-0.09969831156271834,0.01758121758121758,-0.025594932374593392,-0.14700185547643174,-0.4261071549207142,0.12438632777615828,0.31164091672566246,0.02284457030219742,-0.10269946371641286,0.10324083713914223,-0.0937399649264056,-0.12642688913875355,0.33595321052948174,0.24287492423085644,-0.06553302146522486,-0.08878107691667014,-0.2496309869191225,-0.14045910317096758,-0.10426158053276698,-0.00457391135357237,0.1868626716084343,0.24606393758936132,-0.23269664117121744,0.08756275535936553,-0.20579408376018546,-0.12449922958397534,-0.06907693517863009,-0.33271422423964797,-0.31407617170329033,0.034591910863097305,0.13081016301355283,-0.33824641282268403,-0.31543515780803916,-0.49742685674889064,-0.33839124178107227,-0.43303118218372455,-0.4403910844588811,0.5286238472679151,0.17923717245751145,0.6464776024098058,0.6041556194098567,0.3654011484519959,0.42497397243159957,0.6655038705886164,0.4150899744120083,0.5037669410550767,0.48988140683055936,0.4132206166104471,0.46862532794736184,-0.1731599087531291,-0.03091149701319193,-0.2828393879241337,-0.12165447419684708
#13,0.45310503107113276,0.26027984841544166,0.5733648903140428,1.0,0.049241383139688226,0.32846652507669455,0.11882082390556967,0.2980644743356608,0.05505582624226692,0.5549109972838786,0.2634600702397313,0.17837143769347158,0.3239143612024968,0.38154240527121885,-0.13546412359971682,-0.28364497008564804,0.47492932069203253,0.3282064807488536,-0.21044665620936806,-0.24569839485093722,-0.26108866956324583,-0.24816233799284645,0.14799298528112087,-0.09292790479231157,0.08783853190632851,-0.0649722141247565,0.04536940638635554,-0.031724945284267315,0.10382570552062077,-0.09354701388599694,0.03966092440668712,-0.07428244885872004,0.3636451551705789,0.36608272370984235,-0.18702323278594465,-0.05282879181184266,0.03932221898323593,-0.16562972834159276,0.2504726606421522,0.11726379692481387,0.11064886149631913,-0.2583688465044397,-0.04490576863458219,-0.11203422220371373,0.00865133238014594,-0.05423775084792034,0.0020035443764257325,0.06644178847568678,0.07022353632523123,-0.08854833261612922,0.26849947019438547,0.057083431659702845,0.27452213384416774,0.27910159774566556,-0.26604802028530844,0.20015408320493067,-0.1682394258665445,-0.17199618725042454,0.04570163383722706,0.1428013529708445,0.029720938195514468,-0.10023829684846634,-0.10242091089548716,0.07315574434218503,0.03695035559442339,-0.14247745434186113,0.16278682380377296,0.11232017842187333,-0.14473271422423964,-0.16928885742445066,0.12850400477519122,0.1456882151797406,-0.09946140285123337,-0.042284040589125334,-0.18659985100663068,-0.020453272995645876,-0.16218390964153676,0.004656274147799571,0.1236843931759186,-0.01815590629149951,-0.1528560918391427,0.192560511204579,-0.11721660026744772,-0.015676693642795336,-0.00014482895838828042,-0.057907522314301976,-0.020931717541887034,0.11306005543293679,0.14601211380872398,0.01245852940768195,-0.09070457206050427,-0.11930019387646507,-0.14646372103999222,-0.1890901687511857,-0.1804712262339381,0.21556610539661386,-0.027577191983971645,0.4339311576599712,0.38870889379363954,0.23844537912334524,0.23960863791372267,0.5882554357130628,0.3606680640578946,0.34303270913440403,0.36351744656829404,0.33308208053970767,0.40067602270992103,-0.0575304117676999,-0.041652900974934876,-0.22528861681404055,-0.012987872309906208
#17,0.13775547504361063,-0.06732927071910123,-0.04684036887426718,0.049241383139688226,1.0,0.4487615504564657,-0.12772757349028535,0.15043841992994536,0.08355520389418694,0.023529384546333697,0.016921852515072854,0.4892863587778842,0.2456831253441423,0.21948805508127542,-0.31399843603233435,-0.26952622884826277,-0.008860015639676656,-0.13217932878949828,-0.2468510112577909,0.020568488365098534,-0.32131484334874166,-0.2907027212111958,-0.23564180513333055,-0.1775991708195098,-0.2611895408505578,-0.24978460741172606,-0.25882323000967067,-0.35033708593030627,0.08760486218113336,-0.004116288862051574,0.15633939023769533,-0.030016611372543574,-0.054505661285322304,0.11059750042800891,0.22197883553815756,0.09629459968443019,0.18091589278029957,0.20706746808441723,-0.025676832456493475,0.047410893173605036,-0.029369276826903944,0.051957041787550264,-0.01117403998759931,0.08838592058931043,0.17018004136648204,0.12591605472961406,-0.07719105854699075,-0.13499493330001805,0.06909821994567757,-0.20556133945964455,-0.04639246334161588,-0.09079942808756368,-0.29307643544931683,-0.20801787920431988,-0.42858266587080146,-0.23800765326189055,-0.07706936520495843,0.021495763868645226,0.2530365496467191,0.34397525414474567,0.4330048075810788,0.3628867696664307,0.30561501408959035,0.13862491150626743,-0.43659360439021455,-0.2314949772576891,0.2964912524234558,0.3248842062401384,-0.18227858058366533,0.06557096387604862,-0.29082580269020947,-0.07454110504957963,-0.24267410708088674,0.14216095911011165,0.11693388303557795,0.22763225475089882,-0.12841285044674874,0.005189781460967902,0.25503731774918215,-0.1039279649449141,0.1689635706584859,0.40715260715260715,-0.20962256555476894,0.29463022344378276,0.47734652988890275,0.28344554107265973,0.3164054655580079,0.32602247856485145,0.01976105535427569,0.23658573828065355,0.23761712405780203,0.236991536991537,0.16400236908711485,0.04352827403674861,0.19001975781636798,-0.14988409056205668,-0.1783954987344818,-0.09292003868275055,-0.22795661609220932,-0.09741806521467539,-0.05205328595159103,0.019738382450246856,-0.05736198448062855,0.016704840433653993,-0.05902497258429462,-0.04040126413007769,0.14478361258022274,0.2971038835445615,0.22562084426491205,0.1139248647723224,0.1521777555675861
#18,0.269558155998834,0.1342499664533563,0.43127750246394314,0.32846652507669455,0.4487615504564657,1.0,-0.03299277706057367,0.2941448382126348,-0.02405086133899693,0.321129758417894,0.1095924892535062,0.3759653335924522,0.5177080007588483,0.2663039002022053,-0.18683999870440549,-0.2796041033329169,0.2832854426074765,0.2545537833673427,-0.07625776778319152,-0.05629496985429189,-0.3186412915226475,-0.2696992832586053,-0.014959489535760722,0.009242678734204158,-0.09496985429188819,-0.013201182692708117,-0.16915189457562338,-0.17312335447928667,0.23716783038816938,0.06615490683287294,0.15788068499932906,-0.047924041144380126,0.1961641148081826,0.257864952780207,0.07185598541530745,0.023813952627511948,-0.054695836051768254,-0.033944576317457675,0.15286580879801218,0.07227103837273328,0.14030825895232674,-0.06469967656408335,0.10347682042597296,-0.16418837944261674,0.07457904746040339,0.1389973949295983,-0.15223235562218612,-0.034455873438924284,0.12156100630676901,-0.16070693189337257,0.07968507799016274,-0.10549517159686651,0.023571954080428656,0.1998787693702948,-0.41423580745614647,-0.0627660017490526,-0.2420313996585183,-0.23743666625022558,0.013369609979779472,0.2435884266392741,0.29096785537463504,0.013506572828606726,0.08068037220579594,0.12620478722173636,-0.14199484538467588,-0.26264106942073046,0.18783344207073022,0.27827796980339353,-0.22103767866479732,-0.03942170213356654,-0.03233618826839166,0.06914032676744541,-0.1756812282236011,0.0034152796864661272,-0.03928196301077657,-0.04118926322316153,-0.2120698510529019,-0.10912977692638709,0.37793648810597963,0.2256412036073053,0.03592591050218169,0.4386623912047641,-0.16574077930010134,0.21741510385578183,0.17728591457405016,0.1621533706279469,-0.08490678660170185,0.3878514878514879,0.16530490428795513,0.1043735569159298,0.24575160676855592,-0.06589301165572352,0.06677540406353966,-0.1975277280362026,-0.16984827662793764,0.033644276017157373,0.06423881508627272,0.25450242229903247,0.17963649319581523,0.12322168084879949,0.3444351901979021,0.4460611613153986,0.2305033847406729,0.3132729031034116,0.27257133867303357,0.17303312557549846,0.40897893270774627,0.10461648088766733,0.010340695086457798,-0.10424862458760764,-0.0960017027813638
#26,0.13114655487536844,0.24640912098539217,0.2273213120670748,0.11882082390556967,-0.12772757349028535,-0.03299277706057367,1.0,-0.0006306769018633425,0.09467834552580315,0.3064710318947607,0.1961493080137148,-0.06967614764224933,0.14526483340042662,0.17105734393869987,0.19521092741431725,0.01855985415307449,0.22255537509774798,0.222279598550785,0.05973384786944109,-0.061312159617244365,0.2410388817168478,0.019001744425473237,0.12501746739034875,-0.019119736068888612,0.03367620316772859,-0.13674352318420116,0.028002424612594105,0.08963616929718625,0.16827829370202252,0.07322237491729017,-0.07278372363118125,-0.026400051823780638,-0.031153495560275222,0.18247338247338246,-0.11273430595464494,-0.07611432696178459,0.09846657134792729,-0.15856364839415688,0.18387354997524488,0.011527089493191188,0.11578867002595816,-0.20971788429415547,0.009027054789766654,-0.15829249897046507,0.07321265795842068,-0.18051564661734154,0.0052911154606069865,0.11814665204495713,-0.040293452157858935,0.05861917387341116,0.11034115779878492,-0.06120990019295104,0.23088049528727494,0.07393495190105359,0.14485070586765503,0.06466358500256805,-0.11174086258832022,-0.25152348033703964,-0.06246292517478958,-0.15717319785116396,-0.10871379854430702,-0.05204495712970289,-0.32934012595029544,0.1457724288232763,0.18437142843922505,0.06378720785500447,-0.043564365598263904,0.204044105739021,0.024779170541882407,0.015440247643637474,0.13270913440404966,0.09945492487865369,-0.0470879199692759,-0.047950415747025917,-0.20443787392939936,-0.09094980959387738,-0.036514480582277194,-0.057730766205342475,0.03739224586682214,0.20142284040589126,-0.12526177949906764,0.07854402939148702,0.08786120481035735,-0.1434311044480536,-0.20746447526108544,-0.20278414007227566,-0.11680571172096596,-0.10664084731881342,0.04386975573416251,-0.17196518552450757,-0.21861769319396437,-0.2461773021095055,-0.1747831035966629,0.08025745313880907,-0.15099876455808658,0.17014348709263963,-0.04164642300235521,0.17808177977669504,0.2474363423515966,0.04582517802856786,-0.016478111393365632,0.14929737133126963,0.060522772387179166,0.13894279487499828,-0.09433455026675365,-0.04489420082640422,-0.03307143815618392,-0.08837296464415108,0.00830383542247949,-0.012766233105216155,-0.1055793852404022
#49,0.2827857132941879,0.26606051351814064,0.30091755854467717,0.2980644743356608,0.15043841992994536,0.2941448382126348,-0.0006306769018633425,1.0,0.4528130595927206,0.327598014038692,0.29573101606999913,0.2668105702004007,0.1911608064150437,0.23089761564337835,0.05665496004479055,-0.21059102245542924,0.2843991911788522,0.28203889559821765,0.041558970372529695,-0.2021645682662632,-0.2065048098946404,-0.2996747132340353,0.15307217849590732,0.05326235326235326,0.05192974176025023,0.021460597731784173,-0.18124812023117107,-0.2393601613940597,0.06867622630334495,-0.23201737947500659,-0.0623592776135149,-0.008887778379303803,0.3050639237079915,0.03170875035281815,-0.09794833354155388,-0.07059000448830957,-0.054575993559044404,-0.26691329233702116,0.12805702466719415,0.024545500816687257,0.14719295566753193,-0.13016838101583864,-0.23292660919779565,-0.1961109028905639,-0.07597782682528445,-0.1654761078489892,-0.3332352383199841,-0.3198485079841012,-0.009857160704618331,-0.37505286488337336,-0.06587172688867604,-0.2581934785324616,0.10864022728429508,0.17143723075926465,-0.27662932578186816,0.048012881911186994,-0.23317693656676708,-0.23684717074547584,0.03187995391385222,-0.07636280348144756,0.10965402999301305,-0.051426310748344646,-0.12956130244265837,0.08489151709490693,0.048997996455623576,-0.30509631357088984,0.12016500321585068,0.1987964852371632,0.0852325360799937,-0.029821809482826433,0.14428527140391548,0.008759144352364691,0.11407478356630898,0.07912427064969438,-0.06867715172799918,-0.15357283323385018,-0.1268544353290116,-0.26042606551081127,0.044399098636386775,0.12042921195463568,-0.14659235506693133,0.17274069138475917,-0.3281643739270858,0.013119745323135154,0.047123086106136955,0.04251447132803065,-0.1585738280653535,0.12192562362053888,-0.011545597986275953,-0.14779910881605796,-0.14263523924540875,-0.24144606856471262,-0.282518265569113,-0.14535321145490637,-0.11006908295043888,0.265385878945201,0.0630880495287275,0.32523771845805743,0.11947509913611609,0.14867224697733172,0.2811643692999625,0.42432941415992265,0.28936085546255036,0.36179338043744824,0.3977354858710791,0.4141872226617989,0.47419036910562334,-0.02359462698445749,-0.1835394716750649,-0.020552293433649366,-0.12004747428476242
#50,0.07726555523165693,0.3488050454152149,0.10413803634142617,0.05505582624226692,0.08355520389418694,-0.02405086133899693,0.09467834552580315,0.4528130595927206,1.0,0.22980237556508742,0.15190336715760444,0.07212991111296196,0.0997723455350574,0.2075847804661364,0.26984596306630204,-0.17121836782853733,0.20213958180059874,-0.07200868048325676,-0.023515503176520125,-0.1820601803652651,-0.037184488031945656,-0.1861889624601489,0.003290810070471087,-0.17530411767699902,0.053199887098192185,-0.07742148928589607,-0.2577062424520052,-0.3104457307847138,0.1402758690894284,-0.228549813295576,-0.06107062378248819,-0.02185020151121846,0.17112675078776773,0.0965856457381881,0.016818204953798176,-0.026623541877779166,0.2027438840998163,-0.04715455054438105,-0.044238074746549325,-0.000949022982921288,0.15641342421003437,-0.07139327308818834,-0.02237260372853593,0.028930625540795032,0.036784241868987634,-0.10757460079493977,-0.22973805855161789,-0.22301484843857725,-0.2492645187560442,-0.3390570848197967,-0.007764775561385731,-0.08686683601937839,0.04193423006982329,-0.09254570441011119,-0.1026226534701111,-0.09433455026675365,-0.061605981944965,-0.15381113008231653,-0.03170412322954696,-0.05062443028544723,-0.08129207790224739,-0.06317365130924453,0.013819366361739242,0.027537398723839403,-0.16262672533858974,-0.25473424117491916,0.25968202408880375,0.14188471985082154,0.22706867113646775,0.13243705955570362,0.23716320326489818,0.17228260618091126,0.14881059796314033,0.06105442885103902,0.0894894894894895,-0.00014714252002387597,0.03949064627030729,-0.0030909183451556335,0.049003549003549,0.023480337039659075,0.02250771572805471,-0.03051680339815933,-0.12070776477556139,-0.01565031904014955,0.008986798817307292,-0.08239009425450103,-0.002088220732288529,0.03236996626827135,0.06379692481387397,0.0701379345447142,0.049809131165063365,-0.12230597315343078,-0.1488846319354794,-0.033742371030506625,-0.012911524775931556,0.07889106363682635,-0.19911436860589404,0.18390316356418052,0.07201238218187371,0.2786361091445837,0.19276271649153004,0.10143810991268619,-0.013157225021631802,0.03776380386549878,0.026692486014519914,0.11047812064761217,0.22516137092408278,0.07014811421591083,0.011504416589162353,-0.07159177667652245,-0.11587242095716672
#51,0.4417024111939366,0.5301383047145759,0.7237838763262492,0.5549109972838786,0.023529384546333697,0.321129758417894,0.3064710318947607,0.327598014038692,0.22980237556508742,1.0,0.3944391232526826,0.012613538037266852,0.38516636821721567,0.35825594469662264,0.0031732811393828343,-0.22095901756918707,0.7188004645631765,0.5423104151917711,-0.11414696668933957,-0.26143061397298684,-0.008735083311354497,-0.22399348501043417,0.29670317466927637,-0.022443861426912275,0.22317957402703165,-0.016000129559451595,0.06795439507303914,-0.003979326013224318,0.18422150964523845,-0.07428429970802852,-0.020064594640865827,-0.0013335369267572657,0.3323597865970747,0.28539911251775657,-0.2460611613153986,0.004002461629580274,0.06563851987580802,-0.31904014954862414,0.42388150862727136,0.08019730053628359,0.11905356820611059,-0.40109524007829095,-0.11138920121970969,-0.23172078087332323,0.008358898189406664,-0.24276526140932922,-0.026938186260220157,0.08047631606953641,0.018004599360531563,-0.11588676503930741,0.1895450149687438,-0.015894631148868438,0.3301836505226336,0.3120610595186866,-0.06737878093810297,0.12810560946154168,-0.16148706487689538,-0.2969997732709597,0.05436869843649505,0.034240249494486785,-0.055385277419175725,-0.07794435421554066,-0.30720304279626315,0.1728309202885474,0.25149895658370236,0.0782580731733274,0.035268396285345435,0.10692217641370184,-0.13780405983795815,-0.20472197929825048,0.2707103096933605,0.25542692152861646,-0.11367731367731368,0.0676869473479643,-0.24009078415858076,0.009142270159219312,-0.14392898291203376,0.01959679247814841,0.20086295849007713,0.1678706441418306,-0.16875349926197383,0.19102384356621646,-0.1516548906379415,-0.031276577039288905,-0.03156392139442987,-0.35529319766607903,-0.23060980857591026,0.14248023061582385,0.08446906074024718,-0.20228950059458534,-0.2269076472466303,-0.3734426259849989,-0.26044226044226043,-0.33619937348750906,-0.3161056279700348,0.5134038506919862,0.09819727277354395,0.5174928395267379,0.504183844861811,0.20574873795212778,0.26533960771248905,0.46318845810371234,0.3491238542086,0.33190817936580647,0.33431891059009705,0.3278899855171042,0.31563504953335464,-0.14941721382399348,-0.11376199003317647,-0.19619604195875381,-0.030363182905555786
#52,0.2991351906606144,0.3661271440932458,0.3324976748705562,0.2634600702397313,0.016921852515072854,0.1095924892535062,0.1961493080137148,0.29573101606999913,0.15190336715760444,0.3944391232526826,1.0,0.0862033065422896,0.12680261154837427,0.3485778536625994,-0.08603811824150807,0.03373265407163712,0.3243340412831938,0.22106081428115326,-0.03989413141955515,0.028173628173628174,-0.041668170481729806,0.010320335744064558,0.1747025916517442,0.1460343240004257,0.12911524775931554,0.08804582702887788,0.07989237311271209,0.04958008856313941,0.06520912283624149,-0.1478990546787157,-0.08947375727036744,-0.0011762147355367694,0.29777389099422996,0.11826279283906403,-0.20063484131280743,0.001746276322547509,0.029799599291124714,-0.15530198920029428,0.34925942892044587,0.025840632620293638,0.0181822808941453,-0.2585030330793043,-0.11457867729054169,-0.16278821194075432,0.015705844519403843,-0.06554088757478588,0.034280505466946144,0.07576312830550119,0.07105965750033547,-0.15576192525345067,-0.02744624439539694,-0.1948005015801626,0.011112499248092468,0.11918775478097512,-0.12721350009485602,0.13117292947801423,-0.3812305371627406,-0.09409579070596019,-0.13714608290879476,-0.17528422104693292,0.0028063502639773825,-0.020148808284401503,-0.13905662210746955,0.1268039996853556,0.19058010244450924,0.1350083519575045,0.09691926132604099,0.21054104952410038,-0.00922648380275499,-0.006182299402638386,0.00042662076560381646,0.016129226298717825,-0.056761846592355066,-0.1069429984684222,-0.0032417625637964622,-0.04619257161630043,-0.027503620723959708,-0.08863254625966491,0.10680881189355766,0.12316106553394689,-0.3274281986146393,0.1820407464475261,-0.21642628761272828,0.01925577349306163,0.05292503597588343,-0.12491104355511135,-0.26818667666125295,0.07492423085643425,-0.07219237727712303,-0.19744351439266694,-0.2068046474826136,-0.29168644761865103,-0.24785879870625632,-0.2654154925341366,-0.2918442325221986,0.18939555888708431,0.24461564800547853,0.22196171518205415,0.2563944530046225,0.007067005372090118,0.15208521310216225,0.22024967957171346,0.13297704484145162,0.24365505721437924,0.02534182873165924,0.14535043518094365,0.1839443449612941,-0.011687187958374399,-0.0860677318304437,-0.13796924813873968,-0.07114942369179657
#53,0.1685147397011804,-0.1480179717467853,-0.07272079475469306,0.17837143769347158,0.4892863587778842,0.3759653335924522,-0.06967614764224933,0.2668105702004007,0.07212991111296196,0.012613538037266852,0.0862033065422896,1.0,0.42693078286298625,0.19084847559423831,-0.1504708097928437,-0.36738294534904703,-0.018932800288732492,-0.17372950762781272,-0.08558327202395,-0.18599601141974023,-0.2796508372779559,-0.37924179958078263,-0.19588926368587387,-0.2996057690972945,-0.277545496189564,-0.20886001563967665,-0.22134168066371457,-0.2908285789641722,0.15439090862819677,0.03121226002581935,0.10243340412831939,-0.0562806257721512,-0.045686364330432126,0.10217659878676828,0.17478634258295275,0.11263343466733297,0.20388817168478185,0.18323824595011035,-0.09900887019531088,0.09581152801491785,0.03157965361355192,0.15058787601160484,0.09071151274541105,0.04940472059116127,0.23856660975305044,0.0784686072821666,-0.1553510367069689,-0.12353354895727776,0.06213995197046045,-0.2187227288922204,-0.0342624596861885,-0.016007995669012617,-0.09920691107131785,-0.13538685064108794,-0.37027212111957875,-0.2331773992790942,-0.09934711290643494,-0.10092681279121957,0.3310484598620192,0.2683569547976328,0.3274356020118732,0.16928885742445066,0.27927511486833523,0.0732399579857207,-0.3898170898170898,-0.33692259285479625,0.21777092963533642,0.2500242923971738,-0.13671483501991977,-0.0551497568446721,-0.3322852899124086,-0.18263348093856568,-0.175443856799789,0.162557781201849,0.012052730696798493,-0.025995641249878538,-0.19161241364631196,-0.18259692666472327,0.19293577090187258,-0.058482673736911024,0.18604043180314367,0.24957407330288686,-0.052848225729581665,0.4250318114724894,0.3174387021844649,0.5238583730109154,0.23539703031228454,0.30486218113336755,-0.016176885668411092,0.29047275318461757,0.10413572277979058,0.2774784029021317,0.1319595404341167,0.10021886293072733,0.16436282198994062,-0.1833775223605732,-0.22399533585974263,-0.16907045720605043,-0.27953701004548465,-0.03714978460741172,-0.06137416306907832,0.10634471142945719,0.06513416343924819,-0.011176816261562025,-0.01874123738530518,-0.04276433598467497,0.195652817686716,0.21058315634586822,0.09527940883873087,0.09789697247324367,0.20272861459302138
#54,0.15243317277215582,0.011433621603113129,0.29324208646242544,0.3239143612024968,0.2456831253441423,0.5177080007588483,0.14526483340042662,0.1911608064150437,0.0997723455350574,0.38516636821721567,0.12680261154837427,0.42693078286298625,1.0,0.2654034620136315,-0.14267271894390537,-0.3993910705775113,0.26674717861158537,0.12140923666347395,-0.06043346890804518,-0.11608850761393134,-0.20187768662344935,-0.3189494579325088,-0.0020835936090173378,-0.19646996765640834,-0.07166858692282421,-0.14825349232128893,-0.0799529884275647,-0.18550183465437703,0.3051782136527899,-0.15970377156817836,0.04083528829291541,-0.05223281833451325,0.09883165137402425,0.2899017661729526,-0.06417125908651332,-0.02129494671867553,0.1888379905329058,-0.014379710989880482,0.06390658763540119,0.008633749311715413,-0.011602974314838721,-0.26643854948939694,0.13465298889027702,-0.04158164327655853,0.18461157613699986,0.19423090270547896,-0.03521981149099793,0.04113651401786995,0.1321890457483678,-0.09976355400084214,0.13734134751083904,-0.043204838120092355,0.07448835584428805,0.1107210446193497,-0.30323435916656255,-0.16312876821351396,-0.11300869436462657,-0.2016777948981339,0.02797928899623815,0.15560043865128612,0.1441598763632662,-0.04194117075473008,0.1777301184080845,0.08882873628636341,-0.11082978201622269,-0.192836287751542,0.2464410481359634,0.28150677642203065,-0.22444139054308546,-0.2961724436300707,-0.11541711202728151,-0.0788026855823466,-0.1706173045156096,0.00634609956643855,0.00020035443764257322,0.025284452403096472,-0.1596639783080461,0.0014469014469014468,0.40661077101755067,0.06517950924730585,-0.014312154990121092,0.19409255171967035,-0.0026453263741399334,0.2802625429744074,0.11637538925674519,0.17062285706353503,0.03196925739298621,0.05112786129735282,-0.021962640606708404,0.09066986863597033,0.17872587533604484,0.052743652743652746,0.14694540457252322,-0.05979909030756488,-0.03818117038456022,0.028656237130813403,-0.20201881388322065,0.1518126755414891,0.006381728415626721,0.019139169986627614,0.07267406080965404,0.3533535075907957,0.029772299263824686,0.024214661502797098,0.10837601854551007,-0.002423687169449881,0.20773701282175858,0.13434806146670553,-0.04900771341449307,-0.0030654691671640824,-0.026574031658777423
#58,0.16665324800918022,0.19403563810343472,0.21769365667670754,0.38154240527121885,0.21948805508127542,0.2663039002022053,0.17105734393869987,0.23089761564337835,0.2075847804661364,0.35825594469662264,0.3485778536625994,0.19084847559423831,0.2654034620136315,1.0,-0.13878315912214217,-0.31306884696715204,0.16708912302132642,-0.034134751083903625,-0.019547744971473786,0.15553427078850807,-0.30786009430077227,-0.22504615555463012,-0.09108399616874194,-0.20053119375153272,-0.10853565429836616,-0.012259100394693615,-0.14635961076639042,-0.12552274925156282,0.07487101893881555,0.041689917961104404,-0.011262880754406178,0.031291383833756715,0.26011512282698723,0.3486495740733029,0.10749547698700242,0.21259826853047192,0.34394055072021174,0.18268114030825897,0.2054419596792478,0.143654131789725,0.06253464558549304,-0.08957555398233365,0.010020960868418496,0.041061091908549535,0.16134131049385286,0.08350430553820384,-0.019718023107853616,0.04066593558118982,-0.09641166590319132,-0.2539971404378184,0.16180402282097198,-0.15682940259211445,-0.17347825483418705,-0.08213190077596857,-0.4323056492548018,-0.10758987030173471,-0.23151209761379252,-0.02213893400334078,0.08531767514818363,0.1553246621043231,0.09339339339339339,0.02963718726430591,0.21142714363053347,0.27814748492714597,-0.16020535173077546,-0.1150390760560252,0.5956676244811838,0.32186963542895747,0.011675157437869302,0.10738211246685823,0.03271237339033949,0.13381038974259313,-0.19833932545796953,0.011149053521934878,0.12062031214573588,0.12583369193538685,-0.16211033838152483,-0.06869149581013988,0.2757464706617249,0.043692074200548776,-0.11945520250604996,0.4664158765853681,-0.15882230458501645,0.13517585381992162,0.25367324180883505,-0.08021580902936835,-0.025240032019693038,0.23868367597181156,0.17431807770790822,0.07673389876779707,0.0792214402383894,-0.15127500381737669,-0.0837259447428939,-0.27187356848373795,-0.1608596269613219,-0.059399306856933974,-0.05489989218802778,0.20190544936307647,0.16452523401675945,0.0795874456891406,0.13376689478384393,0.14258202732779005,0.2057177362262108,0.09574304659050421,0.12344563361512514,0.17967582374362034,0.20004025597245936,0.061825307588019456,0.0954760615777565,-0.20439437897065016,0.01564615462920548
#101,-0.15397354210913533,0.0402101639389775,0.003257494782918512,-0.13546412359971682,-0.31399843603233435,-0.18683999870440549,0.19521092741431725,0.05665496004479055,0.26984596306630204,0.0031732811393828343,-0.08603811824150807,-0.1504708097928437,-0.14267271894390537,-0.13878315912214217,1.0,0.18252566896634692,0.20482747770883364,0.04486736351143131,0.2812786592447609,-0.2662081187504916,0.6097891419925319,0.07272357102865577,0.26894737572703675,-0.05170949069254154,0.15058556244996923,-0.17508849373256152,-0.11094453467334824,-0.13451510061679553,0.16673422266642607,-0.06893118079558758,-0.013497781294391465,-0.05306246153703781,0.17528607189624137,0.09568243127565161,0.050389372423270726,-0.10801001309475886,0.2335022233327318,-0.13370211505804727,0.04365690806368772,0.026061346400329453,0.29701087836681056,0.15627599864888,0.03612302595353443,-0.022599332768824296,-0.16821629025018855,-0.3843297843297843,-0.1575280982060643,-0.06616184751777972,-0.365832859053198,-0.13347631144241315,-0.19846981033421712,-0.14785509700763938,0.21735957837652753,-0.043373265407163714,0.519198859876826,0.08752481294854177,-0.06512352105572444,-0.21632171462679936,-0.0997866896171981,-0.3038969632189971,-0.2764224933716459,-0.23111925484806842,-0.2355848915170949,-0.02653285026166382,-0.013451047349352435,-0.038719304820999736,-0.14040080141775058,-0.14743541692694234,0.40574781252747355,0.10029613588935622,0.17753439109371313,0.04143172448257194,0.3511431308041478,-0.27050532813244677,-0.12520162689654216,-0.27946019979918285,0.14199160639838607,-0.08574892303705862,0.0017578441307254866,0.1340681205087985,0.011779267711471102,-0.345184784167835,-0.03360031834608106,-0.2174576733898768,-0.45432474076541873,-0.26129966638441215,-0.22502533349990977,-0.0785486565147582,0.01648320122896394,-0.2184973879889134,-0.23841484010975536,-0.3251373098830726,-0.4714876664029206,0.01637955366768926,-0.25967508340389694,0.1893802893802894,-0.1698348579704512,-0.004718277599633532,0.07380215346317041,0.10670979145555416,0.01307995206300291,0.061936358546528035,-0.009326892377739836,0.02046622894080521,-0.01137624527455036,0.00863051032542558,0.13514485209400465,-0.2152491474525373,-0.2259822225923921,0.01361901192409667,-0.09059861093759398
#102,-0.06783131359402546,0.05080951521629488,-0.11132997404183845,-0.28364497008564804,-0.26952622884826277,-0.2796041033329169,0.01855985415307449,-0.21059102245542924,-0.17121836782853733,-0.22095901756918707,0.03373265407163712,-0.36738294534904703,-0.3993910705775113,-0.31306884696715204,0.18252566896634692,1.0,-0.15173632800751444,0.08091219108168261,0.1068462915920543,0.27442033713220154,0.1874503162638756,0.742853639463809,0.08435708435708436,0.41359124918446954,0.2339621593858882,0.3440673338978424,0.022367976605264742,0.29098728929237405,-0.03451001078119722,0.051867738308416275,-0.054004081122725194,0.1361827158437328,-0.2212213754586636,-0.31488499285109456,0.009541128185195981,-0.22939009888162432,-0.22230597315343079,0.01653687585890976,-0.06265078637959993,-0.0405322117186524,0.10781150950642476,0.17288043050754914,-0.12417995807826317,0.10023459514984939,-0.2966698593817238,-0.039952895885099274,0.00013742556115437472,-0.03161111805179602,-0.28628104221324563,0.16528778393185173,-0.2545135273948833,-0.1367879435676046,-0.2060906823618688,-0.07971515429142548,0.2639172300189249,0.404296746669628,-0.3167751727073761,0.3345484159043481,-0.283225290004951,-0.32449691602233977,-0.2508923407228492,-0.24538189961918774,-0.23567974754415433,0.118833779850729,0.37241494190646734,0.303111740399876,-0.24194487245334703,-0.12406242914717491,0.33600457159779196,0.39470795911473877,0.014765613070697816,0.034658078725875334,0.036994313265499706,-0.1781104679409764,-0.06014936353919405,-0.2748252104184308,0.08675300878690709,-0.21014080336114235,-0.07959669993568298,0.32376120342222037,-0.15808427842326148,-0.23362946922268957,0.01911510894561742,-0.37620270501626435,-0.3029257300443741,-0.3175701124853667,-0.40986687766348784,-0.1337974337974338,0.11652438262607755,-0.1979025250211691,-0.1572032741524267,-0.2767042851788615,-0.14788332245959365,-0.050423613135477545,-0.1150992286585507,0.01933813628728883,0.3018767611987951,-0.1471337284896607,0.08645918645918646,-0.0860265504333301,-0.15059805568280143,-0.3599818616767769,-0.14435190197902062,-0.0651540600693143,-0.25731154883697255,-0.21593118542271084,-0.35541257744647575,-0.34289019373765134,-0.22254380728957,-0.06331940569228704,-0.1820185362558244
#201,0.44727254218779644,0.36432071516817277,0.7086309730377527,0.47492932069203253,-0.008860015639676656,0.2832854426074765,0.22255537509774798,0.2843991911788522,0.20213958180059874,0.7188004645631765,0.3243340412831938,-0.018932800288732492,0.26674717861158537,0.16708912302132642,0.20482747770883364,-0.15173632800751444,1.0,0.6581786717379938,-0.09234118556152454,-0.43929306810662744,0.14762744254269677,-0.29006047650115446,0.4752037091020142,0.0488800048122082,0.39623583521888606,-0.11632171462679937,0.047463642378896616,-0.13743065098997304,0.2422447100413202,-0.1335674657708556,0.11201710184761032,0.07151033930694947,0.4891234840387383,0.2588625605574758,-0.20162874739145925,-0.021195000856017804,0.07924642670405382,-0.3916651628516035,0.45288663085273256,0.19296029465520992,0.21416038534682602,-0.3300152232355622,-0.19321802542141525,-0.3183058250854861,-0.019154439493422545,-0.35934054239138985,-0.14713974374991323,0.026302419522758507,-0.007295585261686956,-0.06856054822156517,0.20475992170907426,-0.010467015551761315,0.3926488892590588,0.36738340806137415,0.08169371220218678,0.1598870056497175,-0.24425241882869,-0.4477394189258596,-0.12641532133057556,-0.06428786259294735,-0.013703688279959466,0.026485653604297672,-0.4678396424159136,0.1142469125519973,0.20579732274647528,0.07648588496046123,-0.174383320146032,0.04319836014751269,-0.03751208835954599,-0.13990153481678905,0.3013687030636183,0.2422345303701236,0.012580685462041394,-0.005352656200113827,-0.26880069591933997,0.05039122327257921,-0.008876210571125826,0.05323273967341764,0.18171916138017832,0.1603635993466502,-0.13880768287547948,-0.019077629247120774,-0.15769883905477125,-0.07890355686965857,-0.033648440428101445,-0.3120925239569307,-0.19014422743236303,0.05934887121327799,0.033386545250952034,-0.3740205536815706,-0.3973380159820838,-0.507128546111597,-0.48592151473507406,-0.3265610757136181,-0.4132738285280658,0.6759787522499386,0.15004095004095003,0.5904570209654956,0.5651781211103245,0.22358120832697104,0.36782391019679156,0.5217650624430286,0.41791251960743486,0.5107964667286701,0.33659499252719594,0.3331042907314094,0.42537283045757623,-0.06128300874063586,-0.02381348991518483,-0.15641434963468862,-0.0775214351485538
