,#10,#11,#12,#13,#17,#18,#26,#49,#50,#51,#52,#53,#54,#58,#101,#102,#201,#202,#301,#302,#401,#402,#501,#502,#601,#602,#701,#702,#801,#802,#901,#902,#1001,#1002,#1101,#1102,#1201,#1202,#1301,#1302,#1401,#1402,#1501,#1502,#1601,#1602,#1701,#1702,#1801,#1802,#1901,#1902,#2001,#2002,#2101,#2102,#2201,#2202,#2301,#2302,#2401,#2402,#2501,#2502,#2601,#2602,#2701,#2702,#2801,#2802,#2901,#2902,#3001,#3002,#3101,#3102,#3201,#3202,#3301,#3302,#3401,#3402,#3455,#3501,#3502,#3601,#3602,#3701,#3702,#3801,#3802,#3901,#3902,#4001,#4002,#4101,#4102,#4201,#4202,#4301,#4302,#4401,#4402,#4501,#4502,#4601,#4602,#4701,#4702,#4801,#4802
#10,1.0,0.5828181031570862,0.5873989551955654,0.6028146790858655,0.16395887412836566,0.4735217497929362,0.45137078526909036,0.6066598185242253,0.057514216836250735,0.6839374042763873,0.5928145402721674,0.32031954913310845,0.21906837500057838,0.017642758320724424,-0.2869737225669429,-0.1870199937996548,0.6339954746734408,0.48340528510020037,-0.3189809223707529,-0.39788956907600975,0.031184034573865083,-0.29953127241262834,0.1474048779133525,-0.03163610451746045,0.16762077948518628,0.1999588186028864,0.3620071535325773,0.28822813568576283,0.2406775033893678,-0.2699977327095971,0.3146966689339571,0.032787332787332785,0.4102319576895848,0.23842872147956895,-0.11644479610581306,-0.16343739733570242,-0.1215411096767029,-0.07963186607254404,0.4360790682824581,0.3699796869288395,-0.21916832086323612,-0.4996150233438369,-0.26059171652391994,-0.3545547087919969,0.14136185492117695,0.04615971904107497,0.17541285507387203,0.09197147841215637,-0.08798058459075409,-0.19619234026013688,0.13435315130230385,0.17121050171897628,0.19267295030006895,-0.09364788517330891,0.17657796471355794,-0.33199748284494046,-0.17599726074302346,-0.22700157784903546,-0.06832965477033273,-0.16132419013774946,-0.09961039622056571,-0.21444217715404157,-0.3640898217169404,0.12853824548739803,0.47378595853172123,0.03803958041246177,-0.33114701758769555,0.3567914601812907,-0.25751421683625075,-0.3193011193011193,0.18230726874794673,0.202668924702823,-0.04403494403494403,-0.039777065200794014,-0.2750227885821106,-0.2667976142552414,-0.05741010656264894,-0.11460412646853325,0.04670201788845857,0.048642170676068984,0.12209867803088142,-0.2628330950364849,0.07187727018235493,-0.11404794625133609,-0.0698158867650393,0.36763281000569137,0.170595557036235,-0.09837587973181193,-0.36398293516937585,-0.21168024727346763,-0.258404938065955,0.1703142279413466,0.050093699246241616,0.2589537148859183,0.0555638843774437,0.3898939000633916,0.16754998449913705,0.4615379632328785,0.4543215017791289,0.034198605385046064,0.12341463188920816,0.5921015005760768,0.11835764886612345,0.31560497323209186,0.1187731645358764,0.14697733172309443,0.28432284364487753,-0.21753170736221583,-0.19420591623981454,-0.1905259651022363,-0.1712419661572204
#11,0.5828181031570862,1.0,0.6171791205689511,0.6008768398598907,-0.058157849683273415,0.24105461393596986,0.5004844598064937,0.39103911307301137,0.18745170440085696,0.6991361160852686,0.6228320770693652,0.12159293345734024,0.1784977581587751,0.2390381136143848,-0.2914444490715677,-0.05582763040390159,0.5100945321284305,0.5750200123081479,-0.2589217877353471,-0.2668503634605329,0.07796054914698983,-0.15807178519042925,0.14825441774594317,0.10508891017365593,0.22385605944927978,0.15823373450492095,0.47024759736624144,0.2898638237621288,0.30907332602247856,0.037730951290273325,0.4920695734255056,0.07355599050514305,0.20584313126686007,0.3346534516026041,-0.08004784445462411,-0.16884557901507055,-0.1530453411809344,-0.3630468681316139,0.469045470740386,0.27003706325740223,0.18630510325425578,-0.28135130508011863,-0.08645085763729832,-0.31459117052337393,-0.02238787323533086,-0.008706857859400232,0.0950499035244798,0.04299060231263621,-0.005923180499451686,-0.08217770929635336,-0.01542173915055271,-0.02162208433394874,0.1142325684698566,-0.09427069596561122,0.2647741732487495,-0.3616814040542854,-0.23565846277710684,-0.3174104767325106,-0.24962774793283268,-0.2556124691717912,-0.038285280658162016,0.03161481975041297,-0.5465595024917059,0.14267595793019522,0.6019632884039664,0.2355219626406067,-0.37233859437249267,0.29336516794143913,-0.25995363622482265,-0.2289542238694781,0.27805494246172213,0.32824396044735027,-0.19931333490655526,-0.1890244636007348,-0.3114886843700403,-0.2560377018004137,-0.19611460458918087,-0.19344845616032055,0.021215822910738164,-0.14225303886320836,0.10967115034911645,0.0056455531031802215,-0.05975975975975976,-0.17793741353063386,-0.2147656130706978,-0.08683583429346141,-0.14383227603566587,0.19479448631991006,-0.08781030645437425,-0.07853246158330904,-0.1788929144861348,-0.11155624036979969,-0.0007005464632583277,-0.04281430891600383,-0.2972325175715006,0.5187916730289611,0.08505254098474438,0.4491631847564051,0.4272611594645493,0.1042791636011975,0.19445300462249615,0.4705229112008773,0.27750616564175884,0.334283744453236,0.4467654094772739,0.16383070281375367,0.42002433866840644,-0.09758371622778403,-0.05383843010961655,-0.059426144171906885,-0.07653863416575281
#12,0.5873989551955654,0.6171791205689511,1.0,0.6804587330011059,0.13506110116279607,0.49158372548203055,0.32044077976281365,0.24429869006140192,-0.15165026351467029,0.6925202552321197,0.5191053919867479,0.12104647019901257,0.22737683754632906,0.07260419124825905,-0.522699278631482,-0.13640898217169403,0.6112082806998062,0.8937626378304344,-0.5614805869043157,-0.4328331413077176,-0.0965005066699982,-0.3465414567109482,0.2630986919122512,0.35031117403998757,0.06910886232920131,0.1442112374315764,0.4268548980413387,0.4504541521490674,0.2480498988973565,-0.053352582166141485,0.6897185320914134,0.14292119546356835,0.5057732617054651,0.5016764067611525,-0.2150844218640829,-0.1672172943359384,-0.33892474909424064,-0.3369124131835996,0.4539499437804523,0.33877344216327265,-0.023099524794440048,-0.40426620765603816,-0.15689233146860265,-0.3123794055997446,0.12654626891915027,0.13437212250771574,0.20314227941346585,0.3058602516229635,0.23766802241378512,0.1409028442926748,0.3558882457187542,0.33242317818589007,0.4935993003789614,-0.17042944331079923,0.2720170093051449,-0.5146300383588519,-0.2153005085208475,-0.3437656454605607,-0.11058223092121397,-0.1084398728466525,-0.09122003359291495,-0.02421743777675981,-0.6348746280949671,0.0027327790039654446,0.5811916693272625,0.2923620076162449,-0.5046548860108182,0.26654265976299873,-0.4423724186436051,-0.44153120763290254,0.22034314746179154,0.33097766487596997,-0.2379363955635142,-0.06468625790659689,-0.46847263287941254,-0.2730224831919747,-0.20025356635526126,-0.13721595247018975,-0.11219293253191558,-0.022869094055534733,0.1244011345706261,-0.10885446309175123,-0.11928816335595997,-0.1722442010577604,-0.24615231564384107,-0.04239046442436273,-0.06452153231814249,0.12559308152528492,-0.19863777490896134,-0.042958675162064995,-0.19323051865424748,-0.0288741746368865,0.11182970335512708,0.04520514351022826,-0.2206378952141664,0.5885515716024191,0.25736522346691837,0.7787707584317753,0.6749755919247444,0.38316976452569673,0.4777079082163828,0.7688270705219857,0.25084606949013727,0.533448548702786,0.6121748867511579,0.46686517025500074,0.617524766677309,-0.16341102273305663,-0.07094814382949977,-0.07696525493135663,-0.208037775834386
#13,0.6028146790858655,0.6008768398598907,0.6804587330011059,1.0,-0.05901386748844376,0.2464267040538227,0.34267456979321387,0.28137953053207293,-0.0067694813457525324,0.7194676957388821,0.5686572550979331,0.07725861454675013,0.29750412970751955,0.26154629205476665,-0.4436342351596589,-0.10889101736559363,0.5288570542807831,0.5979298250484691,-0.3597768801158632,-0.2536945265758825,-0.14937695785153413,-0.25166830929542794,0.2359138799816766,0.10600230430738905,0.2625434371197083,0.15218191997853014,0.5055053512680632,0.452340630306732,0.1381737669873263,-0.023033819643989137,0.43299462790988213,0.05100524253066626,0.21020095596366783,0.27060296043346893,-0.03952997681811241,-0.13392005256412037,-0.16566905888939787,-0.1621191299157401,0.5299393384139147,0.38024264634434124,0.026567090973870635,-0.4037660156304224,-0.19173780868696122,-0.3605162944145995,-0.006683416852908379,0.06958267975217128,0.3710087591443524,0.3358370697353748,0.08185195981806151,-0.07895445522564166,0.08634952363765923,0.003640157877446013,0.21445605852385513,-0.10668850668850668,0.17629802375565087,-0.2710184761032219,-0.20367717486361553,-0.18267327419869792,-0.10263144500432636,-0.1038432885890513,0.07483353924031891,0.04367449113211825,-0.35215600808821146,-0.00169398982958305,0.5786777532540245,0.21869172716630345,-0.26355029914351946,0.1769819125751329,-0.30407649560191935,-0.2525904949633763,0.10948745355525016,0.17173568021025648,-0.14077791196435263,-0.081480864531712,-0.23583753244770195,-0.20133029794046745,-0.04832660086897375,-0.035814859543673104,0.009566577363187532,0.06991629534002415,0.03611978696724459,-0.13194565906430314,-0.0672728198151927,-0.0916401763859391,-0.26475566475566475,-0.03225197462485598,-0.16705164332282976,0.08550738720230246,-0.2616860311775566,-0.10166113725435759,-0.19002808663825613,-0.11424783797665154,0.033121411087512785,-0.0001573221912204963,-0.23249443588426638,0.4898416135704271,0.13831720780873324,0.5004451292586886,0.5879509710018185,0.13546042190109986,0.2297052059763924,0.49594155017883834,0.23779711915305135,0.25965287321219527,0.3792172758274453,0.22695114220537949,0.40407048034166676,-0.06691329233702115,0.02779790576400746,-0.08197966842034639,-0.1831230305806577
#17,0.16395887412836566,-0.058157849683273415,0.13506110116279607,-0.05901386748844376,1.0,0.32663464697363004,0.07782636257212529,0.22941601077194299,-0.26841571926317687,0.024695419610673848,-0.08919057732617054,0.4808404706709791,-0.12203251016810339,-0.07893270774626707,-0.07436342351596589,-0.12764012086045984,0.10407834645122781,0.09117098608624033,-0.047478911885691547,-0.13023871328956074,-0.0057260650480989465,-0.17059416889925363,-0.08731335341504833,0.1213935044443519,-0.28671830536237314,-0.15319757353655658,-0.3106197106197106,-0.14828356862255168,0.03441052763086661,0.06650703091381058,0.061487990301549625,0.40587737197906687,0.19160824923536787,0.17960132705895418,-0.10344674412471022,0.22655459774103842,0.1942216484589366,0.18806526094661688,-0.03247083755558332,-0.056338464813041084,-0.21840577094814384,0.02897319507488999,0.236560289102662,0.19954746734407752,0.18944229283212333,0.24985956680871935,-0.19430447396549091,-0.10675698811292032,-0.11326087258290649,-0.113309457377254,0.012155915545746054,0.07751125547735717,-0.05337247879620761,-0.13569686790025773,-0.09023121734986142,-0.13366509807187774,-0.08159839346280025,-0.01500761161778111,0.10947912473336202,0.12654395535751467,-0.15864832475001966,-0.09353081895454776,0.05771040686294924,0.048994294757006625,-0.22188906934669647,-0.17319553760231726,0.036985984443611564,0.19392504985725326,-0.08219159066616694,-0.05188069425357561,-0.05378845717828769,0.07514494463647006,0.016786277803226956,0.18135917118967967,0.031923448872601415,0.08634674736369652,-0.07819884599545616,-0.1783880953372479,-0.016034832983985527,-0.060077643128490586,0.17380076532618904,0.19385980741912945,-0.17020086342120241,0.07874160755516688,0.5067597643868831,0.32455568048788386,0.4165317860233114,-0.10352586793264759,0.04063956097854403,0.22752074108006312,0.24145624823590925,0.33614292258360057,0.38177514957175973,0.13658851455461624,0.23808723978215504,-0.1070373917831545,0.044447220718407156,0.06842867520833623,-0.06502496333004808,-0.06377795360846208,-0.10730483950822933,0.2910617859770402,0.25391755391755394,0.10324176256379647,0.14830439067727202,0.010866799002392223,-0.02639311113887385,-0.1632745225965565,-0.11501085060407094,-0.0937422784880412,-0.06761800321122355
#18,0.4735217497929362,0.24105461393596986,0.49158372548203055,0.2464267040538227,0.32663464697363004,1.0,0.4543131729572408,0.3372094744976101,-0.3171703290347358,0.3780637339959374,0.33208632361174734,0.4632620293637243,0.2687164822758043,-0.21163119976679298,-0.411864406779661,-0.23080090876701045,0.4919793445217174,0.36645011729757493,-0.4777648218326184,-0.3909812740321215,-0.01216378165530708,-0.2995669012618165,0.0937399649264056,0.05976531230768519,-0.076170315153366,-0.024211422516507264,0.08964588625605575,0.2865221153356747,0.19497355599050514,-0.13749635614042394,0.2439197286654914,0.36104933901544073,0.5163675231471841,0.34335244335244336,-0.2556152454457539,-0.03932221898323593,-0.20700592734491038,0.04380358787138448,0.22603682264699212,0.2977086485561062,-0.12110430923990247,-0.3580722479027564,-0.1394476140238852,-0.2143288126338974,0.4631111851450834,0.33578894765335443,0.0755090992379128,0.18578640273555527,0.08516498008023432,0.06569450806738943,0.3569145416603044,0.40902474122813104,0.3242077208178903,-0.07861343624055489,0.0801903598513768,-0.5199493792714132,-0.01158816752037091,-0.13205069476255918,0.05586973722566943,-0.022754804110736312,-0.3211838957601669,-0.37721234331403825,-0.346521097368555,0.18333957994974945,0.1342305325356173,0.05710702998838592,-0.31928862606828706,0.48777652845449454,-0.5306116594252187,-0.4479092343499123,-0.1325189596376037,-0.04355511135172152,-0.1806984179865536,-0.026757728452643705,-0.25165627877492286,-0.13749728156507818,-0.12011456757219469,-0.089371035133747,0.10192488328081549,0.1129295705566892,0.24538375046849623,0.06983300712114271,0.13599670548823092,-0.20814743865591323,-0.06696881781627545,0.26422817270274895,0.1700842599147684,0.16346978719860075,-0.20449802653192484,-0.10343656445351361,-0.11592470745013118,0.4676466913755049,0.4395656056673006,0.2001526950679493,0.13348140127801145,0.2644738729484492,0.012016176422956083,0.307505656658199,0.3020859071706529,0.08655774418486283,0.18130040672413553,0.6267924318771776,0.047081904709023355,0.22443444985817868,0.1190780919594479,0.12676189286358777,0.2456687812620016,-0.3169426745697932,-0.38600804194024535,-0.1590337641185099,-0.15964593252728845
#26,0.45137078526909036,0.5004844598064937,0.32044077976281365,0.34267456979321387,0.07782636257212529,0.4543131729572408,1.0,0.5430442769425821,0.01559803254718509,0.472401985961308,0.5040214328349921,0.35518908739247723,0.1934299476672358,0.13638214485672112,-0.1193881092186177,-0.22023117107862872,0.5207022122276359,0.266415413873041,-0.15243363548448294,-0.39369600725532927,0.043516243516243516,-0.23889328465599652,-0.12477269256930273,-0.21134107913768932,0.05848498729854662,-0.042479305191169596,0.10845653049042879,0.004347645025611128,0.34625133608184455,-0.0006885159427532308,0.14187916730289613,0.23116922777939727,0.23710027438840997,0.22497721141788937,-0.005182378063733996,-0.06657366148891572,0.04701990125718939,0.014175654853620955,0.20581259225327023,0.03814137712442797,0.039496198818232714,-0.2505267979844251,-0.10924314144653127,-0.209292651665533,0.11823086568849281,0.06513647700088378,0.06347210076023635,0.02427944122859377,-0.08963848285882184,-0.2581837615735921,0.04348894348894349,-0.06648852242072581,0.02067398677568169,-0.1511778342286817,0.030764817205495173,-0.31952460935511784,-0.09169200016657644,-0.2249364927331029,-0.1284382996247403,-0.23369933878408455,-0.16870491446762634,-0.17932971492293526,-0.21335526589763879,0.23037197443977106,0.1294696854018888,-0.07592646575697423,-0.17398862653099942,0.573765599189328,-0.14415154754137804,-0.10073756344942786,0.15813193779295473,0.24432367652706635,0.07725953997140438,-0.14894709809964046,-0.05722548434412841,-0.1615601734245802,0.06481998176913431,-0.06328562769240735,0.17654141043971552,-0.06814549526413934,0.15534640958369772,-0.048563509580458734,0.058644623051402715,-0.03189059629737596,-0.09683921209344938,0.07808964588625605,0.06835186496203445,0.1627002965986017,-0.15258124071683393,-0.19546079207096156,-0.23764627493441054,0.034471142945719215,0.03368684555125233,0.05554676402134029,0.03350546231902164,0.266827227844177,-0.06927590147929132,0.17144232059486297,0.1324389104050121,-0.003998297218636202,-0.05459959188772748,0.44498998227811787,0.16587496587496586,0.2502158553006011,0.1760754591263066,0.042400644095559346,0.15862148743504675,-0.16181559062914996,-0.16439289829120338,0.002898892729401204,0.05718198938537922
#49,0.6066598185242253,0.39103911307301137,0.24429869006140192,0.28137953053207293,0.22941601077194299,0.3372094744976101,0.5430442769425821,1.0,0.25295650041412754,0.41780100593659913,0.5150173285766506,0.46009152449830415,0.1500451144518941,0.0695785153412272,-0.02011410485986757,-0.3360179902552784,0.5188236001795323,0.1518024958702925,-0.021235256828477166,-0.49609470795911476,0.22783399732552276,-0.3009379178870704,-0.24944312571431215,-0.43946056996904453,0.19589157724750944,-0.04175423497457396,0.09149951183849489,-0.12646112985096036,0.40221454119759203,-0.1842395554259961,-0.006587635401194723,0.071881434593299,0.16072775394809294,0.01567993262908517,0.20378868853445126,-0.025119726814642068,0.2591573083098507,0.1005742259979548,0.29109139956597585,0.1331871162379637,-0.10065797692916337,-0.23479087716375852,-0.10397793787624296,-0.13172540799659443,0.1333328706210062,-0.23667550447211463,-0.11917341069883443,-0.10237649051208374,-0.3041042583415465,-0.29239856189008734,-0.036880948745355524,-0.06487874623467844,-0.054726837777685236,-0.055324199391996,0.23822605348029077,-0.17827611895408504,-0.16091422701592192,-0.3091977956384736,-0.144155249239995,-0.24423205948629678,-0.17793741353063386,-0.2756132095115146,-0.040567377855513446,0.05554861487064877,0.21246547009258873,-0.24406964745947796,-0.12811393828342982,0.49847258660817984,0.07354858710790914,-0.0420313996585183,0.3568932568932569,0.3364395211852839,0.3369790437587048,0.029415085347288737,0.06040200446980108,-0.04902483377059648,0.12401985961307996,-0.07864721424043458,0.11615698903834497,-0.1611946306861561,-0.07743398251872828,-0.1320030353928659,0.24821693804744652,-0.051021437462115425,0.039736346516007534,0.469515586464739,0.16824821740075976,-0.054762929339200524,-0.13104845986201918,-0.30957907059601975,-0.16876784334411454,0.1853704243534752,-0.08252613167867405,0.11839836755090992,0.12458992120009069,0.1724630639884877,-0.15883248425621307,0.1899711730220205,0.10966698593817238,-0.056317180045993606,-0.06733621140400801,0.3584808228876025,0.11057020040070888,0.1429054632444463,-0.07437452861181675,-0.0979756335688539,-0.06065603353738947,-0.12284133131590759,-0.23213444569376773,-0.18405215693351287,0.02231661553695452
#50,0.057514216836250735,0.18745170440085696,-0.15165026351467029,-0.0067694813457525324,-0.26841571926317687,-0.3171703290347358,0.01559803254718509,0.25295650041412754,1.0,0.14533840466043857,0.2778309896953965,-0.03215943215943216,0.24950374102916476,0.4397150617489601,0.22018119814729983,-0.08366486671571417,-0.10052980561455138,-0.06097067791983046,0.1298616027429587,-0.1844186250965912,0.12925591230675976,-0.2454897115914065,-0.15928455419980844,-0.2795097100181846,0.23735846786694245,-0.1791339876085639,0.026360721275975513,-0.28156692902455616,0.06562880291693851,0.14533562838647585,-0.10472568099686744,-0.09941050449525025,-0.2500182771369212,-0.15053327595700478,0.4603353738946959,-0.017176344294988363,0.13516150973778093,-0.16271787966703222,0.15533993161111806,-0.03535538620284383,0.14440187491034948,0.04382718620006756,-0.11815960799011646,-0.11450094161958568,-0.26317689029553437,-0.49444560122526227,-0.13037382528907954,-0.09247074501311789,-0.12838878940573856,-0.18627086254204897,-0.285630005968989,-0.33303025675907033,-0.15836236853186006,-0.10146633536464045,0.19453259114276064,0.04884668952465562,-0.1814059051347187,-0.34170703831720783,-0.2200423844491641,-0.1079068282458113,0.1296640245792788,0.27143445448530196,0.08969030663945918,-0.19247259586242638,0.1143487092639635,-0.13586899688594603,0.2575169931102135,-0.21165942521874725,0.42855073872023025,0.19305700153157782,0.5704465636669026,0.3623037521342606,0.36446508141423395,0.0064590013742556115,0.11417380400431248,0.016313848517238348,0.17600651498956585,0.09999305931509321,-0.17610183372895238,-0.37528792274554984,-0.174659096692995,-0.08749797563356886,0.1495560275221292,0.146323056492548,-0.07322376305427153,-0.10123544191340801,-0.14568775246741347,-0.0607027674824285,-0.006143431567160381,-0.18077013839725703,-0.18219112795383982,-0.1956602210839499,-0.3226062734537311,-0.1456299134265236,-0.21426218205879222,0.08510482747770884,-0.3583642193811685,-0.018217909743333472,-0.02989029090724006,0.10045021909428689,0.030269715015477726,-0.3068939509617476,-0.03902006783362716,-0.08376620071535326,0.010323112018027273,-2.8225451954265515e-05,-0.01859131859131859,0.28480545260206275,0.1340852408649019,0.0898480915430068,0.10833946427166766
#51,0.6839374042763873,0.6991361160852686,0.6925202552321197,0.7194676957388821,0.024695419610673848,0.3780637339959374,0.472401985961308,0.41780100593659913,0.14533840466043857,1.0,0.7175733514716566,0.2447410430461278,0.2825589842538995,0.2617956939990838,-0.34214892858960655,-0.21073307513985481,0.7080451792316199,0.6253737558822304,-0.3959327586446231,-0.45899212000906914,-0.00741265148044809,-0.44382718620006756,0.2377249360300208,0.1168357880222287,0.19771420110403162,0.09902367698977868,0.5624106386818252,0.33817469241198056,0.23372293711276762,-0.09994262367143723,0.5106201733320377,0.11738641569150043,0.3211006075412855,0.34773109010397146,-0.145961678165068,-0.17762045558655729,-0.22699139817783887,-0.27757696062780807,0.5974083482558059,0.30977942503366235,-0.006624189675037133,-0.4854328905176363,-0.1909285248268299,-0.4405081506776422,0.07278418634350838,0.0528056561954867,0.328794588116622,0.2307023510413341,0.10478722173637428,-0.12302132641115691,0.1473859067079406,0.056017805170347545,0.2595135968017324,-0.23042009652179143,0.2460417273976596,-0.503939070040765,-0.2304580389326152,-0.3717079174706293,-0.05668781262001601,-0.06718305362373159,-0.0065395133191743365,0.006585321839559128,-0.4771036059171652,0.003614708699454462,0.5283522351318961,0.1833576257305071,-0.2981213879518964,0.23988719073464837,-0.2987067190457021,-0.31156965902728617,0.21391422238879865,0.2665778258998598,-0.20877210029752402,-0.14733408292730327,-0.383372895237302,-0.336618590855879,-0.12831105373478255,-0.14808228876025487,0.023214277451565585,-0.07728637728637729,0.1966166474641051,-0.26260451514688804,-0.1377304885779462,-0.06738016907508433,-0.2189762952474817,0.06754813364982856,-0.01102874831688391,0.12734768666972057,-0.28175340209238514,-0.1850752138887732,-0.27552344332005346,-0.04029669114414877,0.06556772488975879,0.09612617239735884,-0.14414692041810687,0.5401671316925554,0.06511565494616342,0.6115816895477912,0.6414988177700042,0.16384921130683844,0.276162449043805,0.6549859566808719,0.262142265532096,0.4156952021358801,0.4336785167293642,0.34342231291383835,0.45667161768856684,-0.12353863879287608,-0.0988450700315107,-0.06209691972403837,-0.14592836287751543
#52,0.5928145402721674,0.6228320770693652,0.5191053919867479,0.5686572550979331,-0.08919057732617054,0.33208632361174734,0.5040214328349921,0.5150173285766506,0.2778309896953965,0.7175733514716566,1.0,0.26398200974472164,0.5027841400722757,0.353086522578048,-0.2529347529347529,-0.21763859390978035,0.5603219552372095,0.46359518223925006,-0.3081858437790641,-0.49592859423367897,0.009480975582670498,-0.36720711466474176,0.0028803842363164397,-0.18464951854782363,0.2614190461648089,0.002672163689112842,0.38656283402046115,0.11490396405650644,0.4065700523327642,0.06334624300725995,0.37522730743069727,0.19704604450367164,0.2220935881952831,0.3123137004492937,0.12914439863592406,-0.05584382533535076,-0.015109871042074431,-0.1406025439923745,0.438168677151728,0.3055136800899513,0.12028762198253724,-0.31815636900382666,-0.1869107936904547,-0.333790493112527,0.011558091219108169,-0.19458163864943526,0.12360434394332699,0.10472521828454032,-0.03803865498780753,-0.16425038289445068,0.005271218830540865,-0.0524155897037253,0.13552242535293382,-0.08093069957476737,0.29781183340505374,-0.34695697238070117,-0.27472850354206285,-0.42594057848295136,-0.17357866340917188,-0.09364233262538348,-0.02680816409629969,-0.034618285465743096,-0.3627530458038933,0.022864004219936424,0.4997344031242336,0.01645867747562663,-0.2558766779105762,0.3273097442588968,-0.18675671048552406,-0.2085486102435255,0.2736836991074279,0.28507382575179185,-0.055979862759523775,-0.17532123803310243,-0.23155142816159766,-0.24045169977373368,-0.031228454957268517,-0.062004839970941666,0.03459329900007866,-0.09662636442297459,-0.03451787689075825,-0.11908595806900892,0.166030899929205,-0.07489831896611558,-0.21602511602511604,0.05564994887028785,-0.07653863416575281,0.09815886765039307,-0.19530994785232073,-0.28000481220820206,-0.21119254848068408,0.0607851302766557,0.020013696284882726,0.12493834358241138,-0.16743569455433863,0.517447031006353,-0.11934276341056002,0.3877321080710911,0.42436781928307354,0.13751949175677988,0.2078651841363706,0.4481174548971159,0.1795434880180643,0.21899295289125797,0.25607055437563914,0.14193654363145888,0.4029534927840013,-0.035773678146559504,-0.12637876705673315,-0.029426653155466716,0.029681144935382223
#53,0.32031954913310845,0.12159293345734024,0.12104647019901257,0.07725861454675013,0.4808404706709791,0.4632620293637243,0.35518908739247723,0.46009152449830415,-0.03215943215943216,0.2447410430461278,0.26398200974472164,1.0,0.31579607342319205,0.187191660073016,-0.046957897805355434,-0.3633642887880176,0.41232249198350895,0.06146948180846486,-0.07989561209900194,-0.3644007644007644,0.04496221953849072,-0.3476135611728832,-0.061477347918025886,-0.19561256171425662,-0.12225183581115784,-0.17109019651392532,-0.11985591138133511,-0.1516095448298838,0.22465840262450432,-0.0933744221879815,0.0901095240078291,0.30889703262584617,0.22812411795462642,0.20953788919890615,0.14930246116686793,0.059240133816405,0.2021238495814767,0.130228070906037,0.18369401759232268,0.06329441922662261,-0.07200451607231269,-0.21427930241489562,0.056571671825909116,-0.1333856198262978,0.3228797364390585,0.002574994100417829,-0.048563046868131614,-0.06375851969072308,-0.0845592896440354,-0.18957000143440822,0.1263195398788619,-0.0347589500131873,-0.001983185034032492,-0.23566262718805092,-0.08848170204102407,-0.27898545695155863,-0.10728494287816322,-0.1799525257152376,0.1021576275813564,0.001425153967526849,-0.13642378896616184,-0.22230504772877654,-0.022753878686082075,0.09306995747673714,-0.05074982532609651,-0.19600771804161635,0.04555356589254894,0.32063835792649353,-0.13267443097951573,-0.09810658115742861,-0.032162671145721994,0.034913958642772205,0.06024236871694499,-0.07271246593280492,-0.06578797595746748,-0.07767089123021327,0.0018929561302442658,-0.16653109195482077,0.08311100006015261,-0.0821929788031483,0.17580153342865207,0.10833437443606934,0.05526682306343323,0.12088267003521241,0.24443010036230375,0.44207582004192175,0.30305528949596744,0.044761865100848154,-0.15599605769097294,-0.03817330427499919,-0.02322862153370628,0.45928825589842537,0.3284785555971997,0.23044462027512874,0.2023343836903159,0.01804346719600957,-0.2251905218006913,0.11003623037521343,0.0544256120527307,-0.02215559164711707,-0.04220908119213204,0.37073205717273516,0.21463975531772142,0.16193450769721957,-0.017687178704127858,0.01201247472433913,0.034048686591059474,-0.14450089534835298,-0.20577511255477357,-0.09460755053975393,0.03447299379502769
#54,0.21906837500057838,0.1784977581587751,0.22737683754632906,0.29750412970751955,-0.12203251016810339,0.2687164822758043,0.1934299476672358,0.1500451144518941,0.24950374102916476,0.2825589842538995,0.5027841400722757,0.31579607342319205,1.0,0.3529847258660818,-0.25116256472188675,-0.21073631412614463,0.18304436948504746,0.2223476172628715,-0.3076204093153246,-0.33084394101343256,-0.1127287534067195,-0.30114243673565705,0.0351318961488453,-0.09927169079711452,0.22074015463845972,-0.1007047108742024,0.1794444675800608,0.08933586899688595,0.23633911261029905,0.2001716662733612,0.23541368795606082,0.20476732510630816,0.1789863823762129,0.18684416311534954,0.2347589500131873,0.09459320645761324,0.00857267128453569,-0.042450154314561096,0.22874646603460164,0.1618942517247602,0.10231124807395994,-0.14998357371238727,-0.07690510232883115,-0.1374806239213019,0.008116899642323372,-0.2787365177195686,0.13850830799983344,0.1952150918252613,0.10538273250137657,-0.0013645386526742458,0.1082145319433455,0.047328993091704956,0.16781234238861356,-0.025122040376277664,0.1328169463762684,-0.24019905884312664,-0.2047298454078115,-0.3548369633115396,-0.09422303659591795,-0.02544593900526104,-0.08780845560506577,-0.06395656056673006,-0.08876997182081928,0.058777884201613013,0.24696761476422494,0.02106868039071429,0.009268127912195709,0.17209798396239073,-0.1414289482086092,-0.15037965546440124,0.15766459834256444,0.1285350065011082,0.008072479258919936,-0.1457821457821458,-0.1861334369808946,-0.16053156392139442,-0.08404984337187726,-0.03630672274740071,-0.010652100482608957,0.12178218279913196,-0.044054377952683035,0.03241207309003919,0.4874776162911756,0.15353118912440947,-0.08593678424186899,-0.022572958166178506,-0.17087133358319798,0.08157294428480868,-0.12448627363881601,-0.05803199193029702,-0.05705520620774858,0.15095619502399163,0.10667323718171176,-0.01723325791122401,-0.18566748566748567,0.326704516535025,-0.19537287672880893,0.23078425112323417,0.2246482229533077,0.16118306287797812,0.2043180314366755,0.10235844473132609,0.07274207952174054,0.060103092306482135,0.08717592785389396,0.1355358440104203,0.2723279519889689,-0.04275832072442242,-0.0037761953016190305,-0.07372719406617712,-0.0569589620437078
#58,0.017642758320724424,0.2390381136143848,0.07260419124825905,0.26154629205476665,-0.07893270774626707,-0.21163119976679298,0.13638214485672112,0.0695785153412272,0.4397150617489601,0.2617956939990838,0.353086522578048,0.187191660073016,0.3529847258660818,1.0,-0.08360425140086157,-0.2790914180744689,0.077996177996178,0.1290870223073613,-0.012631583818024495,-0.21691028470689488,-0.23631551428161598,-0.3685577719476025,0.024371058269363356,0.041244788702415824,0.051437415844195505,-0.1777375218053184,0.0836944803046498,-0.11515105243918804,0.012025430669498465,0.40929080081622454,0.16335642267845657,0.08176173091427329,-0.24614907665755123,0.09521277826362572,0.4633573481031108,0.23618688025467688,0.10655524553829639,-0.16539467047941625,0.21392070036137834,0.05017374847883323,0.36735842159570975,0.1204879764201798,0.050153851848767105,-0.0935169375847342,-0.26602951179222367,-0.23508007236820797,0.15415122364274908,0.06897189948037406,-0.018414099770031972,-0.21708842895283573,-0.24777088336410372,-0.4363451278705516,-0.15858169417491452,-0.40544566137786475,-0.0530064733454564,-0.10369938505531726,-0.2906471957319415,-0.34111430382616825,-0.14947366472790202,0.027363418888842618,0.2842538995081368,0.3616305056983023,-0.0018924934179171467,-0.27799941698246783,0.15989440904695143,-0.03298074654006857,0.33063340690459336,-0.16988760717574278,0.08967827611895408,0.076267484742061,0.2549327447632532,0.23940458177746313,0.1405465558007931,-0.09313705076416941,-0.05105429003734088,-0.08774089960530639,0.004394841682977276,-0.11763628034814476,-0.23992976026874333,-0.259799553019892,-0.0012409944613334444,0.22966032288066188,-0.0833141307717579,0.37325013765691734,0.11009962196402874,-0.11284952132409759,-0.13216914911830166,0.22900604765011545,0.06677494135121254,0.06544140442445527,0.010831170153204051,-0.2425297408348256,-0.13639047367860926,-0.11399195805975466,-0.280999180999181,0.16976082399811213,-0.3650661447271617,0.16110671534400348,0.13002771646839442,0.21431770753804652,0.04807627350000231,-0.06555476894459945,0.2771785653141585,0.21592331931314981,0.3015334286520727,0.21216054266901724,0.21674833539240318,0.3350060383958689,0.3155397307939681,0.11479476394730632,0.09720568025652772
#101,-0.2869737225669429,-0.2914444490715677,-0.522699278631482,-0.4436342351596589,-0.07436342351596589,-0.411864406779661,-0.1193881092186177,-0.02011410485986757,0.22018119814729983,-0.34214892858960655,-0.2529347529347529,-0.046957897805355434,-0.25116256472188675,-0.08360425140086157,1.0,0.3437041047210539,-0.2638316282384079,-0.5322001508442187,0.6055479208021581,0.18008902585173772,0.4225775852894497,0.24910951012645927,-0.19140419309910836,-0.3043203449983111,0.08543844306556171,-0.2713201645405035,-0.2325675444319512,-0.5602127551280094,0.16881966712475188,-0.1129513180360638,-0.359857854773109,-0.14006117056964515,-0.24673857216230097,-0.3465719957245381,0.26705950943239076,-0.010140803361142344,0.44828449404720594,0.3112402078503773,-0.1822100991592517,-0.37693610405474814,-0.12188351679877103,0.19580412461768393,0.17229417398908925,0.2271353017115729,-0.10569922773312604,-0.2460949393152783,-0.3348362229718162,-0.42872240499359143,-0.4243530124886057,-0.2605972690718453,-0.33129184654608385,-0.22886492039034412,-0.37867266341842615,0.19596190952123155,0.06152315643841068,0.3964935659850914,-0.028101907762924712,0.04755942383061027,-0.17404230116094524,-0.2353567743398252,-0.02051296288584424,-0.06680039052920408,0.3559104559104559,0.05551159788447924,-0.4204222712697289,-0.28391611950933987,0.2785389395558887,-0.07183423793593285,0.638891433806688,0.44878144708653184,0.13013737928992167,0.14256953409495782,0.353175826057182,-0.09760592641948575,0.27414224702360296,0.007736550109431466,0.16284651369397132,0.07134977812943914,0.24946209691972404,-0.055183072132224675,-0.09350536977655621,-0.12828236557050116,0.10085601780517035,0.036882336882336886,0.05567632347293364,0.05790983587593757,0.0680330561686494,-0.2615435157808039,0.05751282869926938,-0.05544265374773849,0.04380219973440312,0.002613399223568715,-0.2738474992712281,-0.03434667332972418,0.19203394457631745,-0.321549438498591,-0.049382973111786674,-0.514164087045443,-0.5355363067227474,-0.36300291046053756,-0.4523276743615727,-0.4055752208294581,-0.17046368402300605,-0.3593049135422017,-0.4467482891211705,-0.4102416746484543,-0.49425357560950783,0.05365334517876891,0.053997603150145526,0.04985956680871935,0.2743296455160862
#102,-0.1870199937996548,-0.05582763040390159,-0.13640898217169403,-0.10889101736559363,-0.12764012086045984,-0.23080090876701045,-0.22023117107862872,-0.3360179902552784,-0.08366486671571417,-0.21073307513985481,-0.21763859390978035,-0.3633642887880176,-0.21073631412614463,-0.2790914180744689,0.3437041047210539,1.0,-0.30420327877954995,-0.04665019410782122,0.17808733232462046,0.5200456234354539,0.02285567539804828,0.6519843418148503,-0.1107645395780989,0.030898078355705474,-0.009853921718328497,0.12917771392347663,-0.21486000638543012,0.016981542405271218,-0.04657708556013641,0.021101995678266865,0.004733547106428463,-0.21260891091399567,-0.04358518765298426,-0.15008999754762467,-0.16229033347677416,-0.11065811574286151,0.02215096452384588,0.25181545181545184,-0.3080798826561538,-0.1451699773733672,-0.076267484742061,0.10967901645867748,0.10806553857401315,0.1958466941517789,-0.19319303895575082,0.04411175428124581,-0.0006172582443768885,-0.14326776699658056,-0.20750380580889055,-0.13754216466080874,-0.23559645932527287,0.016425362188074052,-0.20440363321719254,0.46390751306005545,-0.13400010179671196,0.415811342929987,-0.21987164360045716,0.1696923425736985,-0.05496744818778717,-0.1329039362937668,0.05478837851719208,0.06174109394448377,0.08116020488901844,0.29771697737799435,-0.16492270390575475,0.1557818218835168,-0.1041750533275957,-0.05045507757372164,0.18508122914902575,0.29548901752291584,-0.10287112998977406,-0.08830494593206457,-0.0010522078318688489,-0.0372386253742186,-0.026193682125885517,-0.06040709430539939,-0.02438956676244812,0.18878848031390405,0.047122160681482714,0.3528445240309647,0.030654691671640824,-0.11974763669678924,0.04707727758575216,-0.21917433612348866,-0.18329006973074768,-0.22504245385601318,0.03241577478865614,-0.18872555143741584,0.07313214601350194,0.07578209951091307,0.01571047164267503,-0.04472947523794982,-0.056218622320317234,0.00491585576331339,0.16881920441242476,-0.2687331399195806,0.3852029224910581,-0.2402203436101741,-0.1402101639389775,-0.2638270011151367,-0.20341851867275595,-0.27402888250345875,-0.10858331366805943,-0.2866026272805934,-0.12250077504314792,-0.17058676550201973,-0.17318350708181215,-0.05977086485561062,0.09505036623680692,0.10848938306565425,0.08767935886579954
#201,0.6339954746734408,0.5100945321284305,0.6112082806998062,0.5288570542807831,0.10407834645122781,0.4919793445217174,0.5207022122276359,0.5188236001795323,-0.10052980561455138,0.7080451792316199,0.5603219552372095,0.41232249198350895,0.18304436948504746,0.077996177996178,-0.2638316282384079,-0.30420327877954995,1.0,0.5200386827505472,-0.4060999366084112,-0.627030728725644,0.14020831308966902,-0.45567632347293363,0.19784329784329785,-0.04707588944877081,0.20155054900817612,0.03740150011336452,0.40908026670738534,0.13904227802532887,0.41484890128957924,-0.17171994799113444,0.4698667851210224,0.12057820532396804,0.5102865577441849,0.4590892895977642,-0.14700972158599276,-0.2615263954247005,-0.14777458506272065,-0.13053577460357121,0.4839216720572653,0.27327928853352584,0.013830008745262983,-0.42074524447405803,-0.201099404489235,-0.36359795851321275,0.12036952206443732,-0.055223328104684034,0.16506984642577863,0.0698737258059292,0.03427495291902072,-0.11301378420022488,0.3224230393721919,0.11566096142367328,0.35138050222795986,-0.11760898032084473,0.24674736369651623,-0.4457094999467881,-0.12413646311951397,-0.3623199470657098,-0.062057126463906126,-0.097871060582925,-0.21628192136666713,-0.2790493112527011,-0.5131123419259013,0.08807497790548638,0.36453726453726454,0.03276465988330395,-0.3872379313057279,0.47331260382107837,-0.3537084079456961,-0.31551196805434095,0.16507539897370405,0.2974092736804601,-0.1367379706362757,-0.19111037077138773,-0.43040852871361346,-0.3998764558086592,-0.11891799349426468,-0.1459542747678341,0.16651119532475464,-0.08032963626183966,0.09882702425075307,-0.1734967633272718,-0.030007357126001194,-0.09857068162152909,-0.29355256643392236,0.25564254547305393,0.040480387938015054,0.16641448844838674,-0.20777634336956372,-0.340375352239759,-0.3216702064159691,0.0442496425547273,0.013915610525780017,0.24608661049339015,0.04718879125658787,0.6069476255916934,0.029654307620409315,0.5864230948976712,0.5116006607532031,0.14335475691407895,0.17353424302576845,0.7492552645095018,0.17088521495301157,0.45927992707653725,0.21901423765830547,0.24307389053151765,0.46137971561700375,-0.3374505476200391,-0.34352179606416894,-0.12010346247634383,-0.061682792191266766
