,#10,#11,#12,#13,#17,#18,#26,#49,#50,#51,#52,#53,#54,#58,#101,#102,#201,#202,#301,#302,#401,#402,#501,#502,#601,#602,#701,#702,#801,#802,#901,#902,#1001,#1002,#1101,#1102,#1201,#1202,#1301,#1302,#1401,#1402,#1501,#1502,#1601,#1602,#1701,#1702,#1801,#1802,#1901,#1902,#2001,#2002,#2101,#2102,#2201,#2202,#2301,#2302,#2401,#2402,#2501,#2502,#2601,#2602,#2701,#2702,#2801,#2802,#2901,#2902,#3001,#3002,#3101,#3102,#3201,#3202,#3301,#3302,#3401,#3402,#3455,#3501,#3502,#3601,#3602,#3701,#3702,#3801,#3802,#3901,#3902,#4001,#4002,#4101,#4102,#4201,#4202,#4301,#4302,#4401,#4402,#4501,#4502,#4601,#4602,#4701,#4702,#4801,#4802
#10,1.0,0.4971821781416984,0.3768961673009649,0.37592742090493214,0.26708953215699843,0.2865259677853381,0.26350670818436933,0.5817168338907469,0.3462653288740245,0.3816168838657594,0.43507477030715414,0.1887056471764118,0.2993503248375812,-0.10277937954099874,-0.2844423941875216,-0.11182870103409834,0.18867489332256948,0.41233229539076616,-0.1098297005343482,-0.03017721908276631,-0.12181601506938838,-0.021627647714604237,0.06729712067043402,0.21875216238034828,0.041486948833275666,0.20106869642102027,-0.11355860531272825,0.23281436204974437,-0.23820397493560913,-0.1511013723907277,-0.18024064890631608,-0.1878906700495906,0.02638680659670165,-0.03035405374235959,-0.2456617844923692,-0.18045592588321224,-0.14798754468919387,-0.04381655326183062,-0.1671318187060316,-0.1342021297043786,-0.24707646176911544,-0.10440933379464114,0.0038211663399069697,0.018460000768846345,-0.20675815938184755,-0.09506785069003959,-0.04872948141313958,0.17203705839387998,-0.06527505478030216,0.1009879675546842,0.07169492176988429,0.061077153730826894,-0.08717179871602661,-0.0009303040787298658,-0.02140468227424749,-0.0991811786414485,-0.017606581324722256,-0.07843770422481067,-0.21782954676507899,-0.3465805558759082,0.0005458809057009956,-0.04819897743435975,-0.23853457886441395,-0.15360012301541537,0.213808480375197,0.21393149579056625,-0.312343828085957,-0.17631184407796102,0.022488755622188907,-0.12209279975396917,0.0687656171914043,0.12300772690577788,-0.1932264636912313,-0.07615423057701919,-0.2114327451658786,0.12544496982278092,-0.059416445623342175,-0.10531657248298927,-0.2288240495137047,-0.07705378080190674,-0.1949333025794795,0.09077768807903741,0.14772613693153425,0.02197362857033022,-0.022458001768346596,0.0933994541190943,-0.08821742974666513,-0.23958020989505247,0.007696151924037981,-0.2045977011494253,0.03741206319916965,-0.016976127320954906,-0.14588859416445624,-0.07994464306308384,-0.2218813670088033,0.04316303386768154,0.1396071195171645,0.25975473801560756,0.4083804251720294,0.1959558682197363,0.016960750394033754,0.18932841271671857,-0.04337831084457771,0.15207011878676047,0.23006189213085765,0.2898704493906893,0.1212316918463845,0.003313727751508861,-0.0760158382347288,0.00010763848844808364,-0.21865221235536078
#11,0.4971821781416984,1.0,0.38814438934378964,0.2353515549917349,0.30286395263906507,0.22737861838311613,0.3167723830392496,0.4970668511897897,0.5062853188790221,0.48202052819743973,0.5304809133894591,0.3932956598623765,0.4236574020681967,-0.07540076115788259,0.021719909276131166,-0.09862760927228693,0.4455695229308423,0.29309960404413177,-0.31147503171491175,-0.31615730596240343,0.033883058470764615,-0.07698458463076155,0.19654019144274018,0.21668396570945297,0.2539345711759505,0.19844693038096337,-0.3005343482105101,-0.19035866682043592,-0.026725098988967053,-0.17442048206665897,0.20492830507823012,-0.12022450313304886,0.10273324876023526,-0.05444969822780917,-0.053488640295237,-0.18427709222311922,-0.014008380425172029,-0.13488640295236998,0.010733094990966056,-0.15590666205358858,-0.13966093876138855,-0.12464536962288086,0.12720562795525314,-0.1713912274631915,-0.02594087571598816,-0.08970899165801714,0.07736900780379041,-0.09948871717987161,-0.2153461730673125,-0.2372275400761158,0.006519817014569638,-0.03638949755891285,-0.05643332180063814,-0.15968938607619268,0.08869411448122093,-0.02978510744627686,-0.0781532310767693,-0.41383154576557873,-0.2660208357359782,-0.13677007650021145,0.009764348594933303,0.14220582016683966,-0.06634375120132241,0.051243608964748395,-0.1509014723407527,-0.17060700419021257,-0.2704955214700342,-0.10756160381347787,0.009856610156460232,0.16591704147926037,0.08922461846000077,0.09136201130204129,-0.21034867181793718,-0.0979587129512167,-0.2570714642678661,-0.04476992273094222,-0.03713527851458886,-0.006773536308768692,0.0680505900895706,-0.01960558182447238,0.036258793680083036,0.03602045131280514,0.28591857917195246,0.16605543382155077,-0.09557528927843771,0.07006496751624187,0.0046822742474916385,-0.06191519624802983,-0.04417022258101718,0.04599238842117403,0.007096451774112943,0.03985699457963326,0.03452888940145312,0.012755160881097913,0.0016914619613270288,0.16827739976165762,0.1494022219659401,0.28504209433744665,0.3676469457578903,0.062084342444162534,-0.13984546188444238,0.3649252296928459,0.051950947603121515,0.37405912428401183,0.23982624072579095,0.2764156383346788,0.13680851881751432,0.014008380425172029,-0.010118017914119863,0.053042709414523506,0.022434936377964863
#12,0.3768961673009649,0.38814438934378964,1.0,0.5543459039710914,0.2695498404643832,0.5173105754814901,0.2759235766732019,0.010686964210202592,0.01589974243647407,0.5199707838388498,0.30011148272017835,-0.021250913005035944,0.22693268750240264,-0.2189828162841656,-0.4229116211125207,-0.11421981317033791,0.6573482489524468,0.7755045554146004,-0.24161765271210547,-0.22004382424172528,-0.1740437473570907,-0.2275246991888671,0.2723868834813363,0.2581786030061892,0.3455579902356514,0.10909160804213278,0.10652366124629993,0.17788797908737938,-0.3144581555376158,-0.11407373236458694,0.3774266712797447,0.024064890631607272,0.3052089339945412,0.13611655710606235,-0.17665013647022643,-0.2983662015146273,-0.3304886018529197,-0.2852804367047246,-0.2410025756352593,-0.2997270595471495,-0.40977972552185443,-0.11229769730519355,-0.20263714296697805,-0.38474608849421443,-0.09440664283242994,-0.40569715142428786,-0.017875677545842465,0.20739630184907545,0.10274093722369584,0.1381386229961942,0.4943220697343636,0.4164686887325568,0.3996770845346557,0.26465997770345595,0.19988467304809135,-0.0360665820935686,0.15114750317149117,-0.16793910736939222,-0.08666436012762849,-0.043040018452312305,0.045377311344327834,0.14958674508899397,-0.5271594971744897,-0.2423941875216238,0.34106023911121364,0.2407257909506785,-0.41253988390420177,-0.45050551647253295,0.07533925345019797,-0.09479875446891939,0.433075769807404,0.4663745050551647,-0.33740821896743933,0.20430553953792335,-0.44414715719063547,-0.042301925960096874,0.012178526121554607,0.15949717448967823,-0.2681120977972552,-0.06392957367470112,0.08269711298197055,0.05042863183792719,0.189520624303233,0.15656786991119825,-0.12161611501941337,0.08379656325683313,0.0308614923307577,-0.17337485103602046,0.10235651405066698,-0.1299042786299158,-0.21475416138084805,0.1963941106369892,-0.12204666897320571,0.033037327490101104,-0.1243608964748395,0.4426709722062046,0.09327643870372505,0.62716334140622,0.5255833621650713,0.3245992388421174,0.36965363472110097,0.6788528812516819,0.2931918656056587,0.4374274401260908,0.3829239226540576,0.2785991619574828,0.3142351900972591,0.21530004228654903,0.058386191519624805,0.14136008918617615,0.03842694037596586
#13,0.37592742090493214,0.2353515549917349,0.5543459039710914,1.0,0.25796332602929306,0.4106177680390574,0.1195632952754392,0.035628339676315686,0.10440933379464114,0.6120785760965671,0.15333871525775575,0.03523622803982624,0.13730058047899127,-0.28498058662976206,-0.20902625610271788,0.1435205474185984,0.36874639603275283,0.2907161803713528,0.02741706070041902,-0.07378618383116134,0.011863299119670934,0.06133856148848653,-0.12843578210894552,0.2244646907315573,0.20389805097451275,0.2000999500249875,-0.15921270134163687,0.07560834967131819,-0.20349825087456272,-0.08983200707338639,0.02257332872025526,0.23872679045092837,0.1489639795486872,0.15228539576365663,0.07343251451197479,-0.03278360819590205,0.027616960750394035,0.021074078345442664,-0.011940183754276707,-0.20117633490946835,-0.2902548725637181,0.1414446622842425,-0.14996347979856225,-0.11954791834851805,-0.25323492100103795,-0.20977203705839387,0.05082074347441664,0.06474455080152232,0.04839887748433475,0.017806481374697265,0.16827739976165762,0.052965824779917736,0.17828009072386883,0.10219505631799485,0.01826778918233191,-0.022942374966362974,0.12043978010994502,-0.102556414100642,-0.0221504632299235,-0.19480259870064967,0.12196978433859994,-0.023380617383615885,-0.30154922538730633,-0.2001383923422904,0.23056933071925576,-0.04137162188136701,-0.37550455541460037,-0.38463076154230574,-0.055249298427709224,-0.025510321762195826,0.06025448814054511,0.11541921347018798,-0.332702879329566,0.0221504632299235,-0.056279552531426594,0.12108561104063353,0.11670318686810441,0.2047284050282551,-0.3370237957944105,0.1557990235651405,-0.03834236727789951,0.10910698496905394,-0.15979702456464076,0.06605927805328105,0.0490293314881021,0.020689655172413793,-0.050528581862914694,-0.246484450082651,0.15672932764387038,-0.01747587744589244,0.056333371775650634,0.20004613078076347,-0.023434436627839925,-0.09375312343828086,-0.04013377926421405,0.05691769499865452,0.2964825279667858,0.3185714834890247,0.28728712566793524,0.21396993810786913,0.13012724407027257,0.13240302925460345,0.038303924960596626,0.10325606427555453,0.07401683773497866,0.05433437127590051,0.12445315803636643,0.11234382808595703,-0.04689962710952216,0.16875408449621343,-0.03792719025102833
#17,0.26708953215699843,0.30286395263906507,0.2695498404643832,0.25796332602929306,1.0,0.5398608388113636,0.01909814323607427,0.1842155845154346,0.23083842694037596,0.06937300580478992,0.26367585438050206,0.5856071964017991,0.24699957713450968,-0.2159228078268558,-0.22325760196824665,0.0077576596317226005,0.11538845961634567,0.1238842117402837,-0.26951908661054086,-0.08569561373159575,-0.14737246761234768,-0.07061084842194287,0.055764425479567906,0.17817245223542075,-0.008334294391265906,0.09426825049013955,-0.04187906046976512,0.029861992080882634,-0.009941183254526583,0.10409410679275746,0.023734286702802445,0.2728405028255103,0.033752354591934805,0.18445392688271248,0.12729788951678006,0.06316841579210394,0.0882251182101257,0.1626417560450544,0.008418867489332257,0.0500518971283589,-0.08895552223888056,0.17273670856879253,0.20150693883827317,0.23092300003844232,-0.010171837158343905,0.10976819282666359,0.037834928689501404,0.12524506977280592,-0.061430823050013454,0.02842424941375466,0.13030407872986582,0.0260638911313574,0.10553184945988545,-0.07014954061430823,0.11280513589359166,-0.027970630069580595,-0.05880136854649598,-0.14893322569484488,-0.2942144312459155,-0.2263022334986353,-0.11546534425095145,0.04646138469226925,-0.1640026140775766,-0.1012955060931073,0.10108022911621113,-0.07398608388113635,-0.2545496482527967,-0.4078883635105524,-0.2149079306500596,-0.12276938453849998,-0.09728981663014646,0.0025987006496751624,-0.038903625110521665,0.15344635374620383,-0.05507246376811594,-0.00698881328566486,0.0319148118248568,0.12690577788029062,-0.2148002921616115,0.06446776611694154,0.1719986160765771,0.5257371314342829,0.0730865336562488,0.31937877215238536,0.44041056394879485,-0.2157229077768808,-0.15476876946142312,0.09246915004036443,0.06690500903394457,0.4355360781147888,0.4534194441240918,-0.10930688501902895,-0.1704993657017645,-0.29865836312612926,-0.3075308499596356,0.012878176296467151,0.21571521931342022,0.13653173413293354,0.15777495867450889,0.04115634490447084,-0.09639026640525891,0.2079268058278553,0.25271979394917926,0.0044439318802137395,0.14987121823703534,-0.07515473032714412,-0.023050013454811055,-0.027816860800369048,0.034544266328374276,-0.11246684350132626,-0.07278668358128627
#18,0.2865259677853381,0.22737861838311613,0.5173105754814901,0.4106177680390574,0.5398608388113636,1.0,0.2515127051858686,0.0918310075731365,-0.013554761080997962,0.44510052665974703,0.17919501787567754,0.23319878522277324,0.4921769884288625,-0.012070887633106524,-0.30414023757352093,-0.12563718140929536,0.4110636989197709,0.46625917810325607,-0.36497904893706995,-0.26058509206934993,-0.28238957444354745,-0.3404912928151309,0.06631299734748011,0.13668550340214508,0.09516011225156652,-0.08241263983392919,0.014000691961711453,0.11398147080306001,-0.036197285972398414,0.20308307384769153,0.011240533579364165,0.19405681774497366,0.24619228847114905,0.29933494791066007,-0.015676776996117327,0.01543074616537885,-0.12625994694960213,-0.059201168646446006,-0.14608849421443124,-0.07793026563641256,-0.17679621727597739,0.24564640756544803,0.049490639295736744,-0.06539038173221082,0.017552762080498212,-0.13289509091608043,0.03757352093184177,0.04919078922077423,0.05989313035789797,-0.0638680659670165,0.25438050205666396,0.16863875754430477,0.0765232768231269,-0.17732672125475724,-0.025833237227540076,-0.13084995963556684,0.1551839464882943,-0.23151501172490677,-0.061430823050013454,-0.1824703033098835,-0.032406873486333754,0.07369392226963441,-0.36344135624495444,-0.24707646176911544,0.15530696190366355,0.1561065621035636,-0.2437934878714489,-0.4609541383154577,-0.17555068619536385,-0.09833544766078499,0.18182447237919502,0.17298273939953102,-0.16833890746934224,0.17648099027409372,-0.1081305501095606,0.07872986583631261,0.09959635566831969,0.1726444470072656,-0.25640256794679583,0.07989851228232038,0.12826663591281282,0.5750893783877292,0.24925998539191943,0.32128551109060854,0.07878368508053665,0.11634182908545727,-0.003275285434205974,-0.05717910275631415,0.30138007919117366,0.15714450467074156,0.18120939530234884,0.12720562795525314,-0.005820166839657095,0.05095144735324646,-0.138815207780725,0.16431015261599968,0.08152077807250221,0.32081651481951334,0.21805251220543576,0.23761196324914466,0.11838696036597086,0.41712989659016647,0.17698074039903125,0.15622957751893285,0.2056433321800638,0.03352170068811748,0.11246684350132626,0.13567062622534887,0.04461615346173067,0.08080575097066851,0.062138161688386574
#26,0.26350670818436933,0.3167723830392496,0.2759235766732019,0.1195632952754392,0.01909814323607427,0.2515127051858686,1.0,0.22462614846422943,-0.10401722215815169,0.49430669280744244,0.3001653019644024,-0.04543113058855188,0.3554914850267174,0.14969438357744205,0.08601084073347941,-0.009756660131472725,0.31172875100911085,0.15939722446469073,-0.14588090570099566,-0.11830238726790451,-0.08481144043362934,-0.277430515511475,0.08978587629262291,-0.07091838696036597,0.008218967439357244,-0.16800830354053742,-0.1041479260369815,0.049521393149579054,-0.2731249759735517,-0.1762810902241187,-0.20066120785760966,-0.36040441317802635,-0.08800215276976896,-0.22867028024449315,-0.20850344058739861,-0.23677392073194173,-0.2889247683850383,-0.1953407911428901,-0.14417406681274747,-0.2830815361549994,-0.2723638180909545,-0.09287663860377504,-0.03416753161880598,-0.20497443585899358,0.032791296659362625,-0.12067812247722293,-0.039334179064313995,0.06952677507400146,0.06215353861530773,-0.0655672163918041,0.05564909852765925,0.005674086033906124,0.030761542305770193,-0.19556375658324684,0.03292200053819244,-0.06337600430553954,0.043962634067581594,-0.22115865144350902,-0.005028255103217622,-0.11950178756775458,0.02271172106254565,0.005074385883981086,-0.08993195709837389,0.00014608080575097068,-0.006727405528005228,0.05298120170683889,0.07290201053319494,0.10684657671164417,0.2566409103140737,0.06745857840310614,0.31964017991004495,0.2048975512243878,-0.07976011994002999,0.19592511436589397,-0.009779725521854457,0.07989851228232038,0.01986698958213201,0.10680044593088071,0.16524045669472956,0.025295044785299658,0.0401491561911352,0.15023257601968246,0.38162457232922,0.06203052319993849,-0.07379387229462192,0.14633452504516972,-0.11798716026602084,-0.19081997462807057,-0.036258793680083036,-0.06150770768461923,-0.22287317879521779,0.0544727636181909,-0.055026332987352475,-0.000361357782647138,-0.08151308960904163,0.22398031753354092,-0.18072502210433244,0.047806865797870295,0.04491600353669319,0.0949294583477492,0.002660208357359782,0.1901972090877638,-0.1291277438203975,0.05132049359935417,-0.0537269826625149,0.015615269288432706,-0.011471187483181487,0.044370122630992194,0.09359166570560873,-0.018706031599584824,0.09744358589935802
#49,0.5817168338907469,0.4970668511897897,0.010686964210202592,0.035628339676315686,0.1842155845154346,0.0918310075731365,0.22462614846422943,1.0,0.35737515857455887,0.15700611232845116,0.35809018567639256,0.4288163610502441,0.38558413101141736,0.09981163264521585,-0.09635182408795602,-0.2605389612885865,0.007142582554876408,-0.0031138277015338484,-0.14833352554491985,-0.06636681659170415,-0.08574943297581979,-0.004889862760927228,-0.03672778995117826,0.05847845308115173,-0.03509014723407527,0.18377734209818167,-0.0898243186099258,0.11450428631837928,0.0984353976857725,-0.049798177834159844,-0.15310806135393842,-0.18102487217929497,0.016084265559527928,-0.23567447045707915,0.10926075423826548,0.020974128320455157,0.10370199515626802,0.11572675200861107,0.11349709760504363,0.0388574943297582,0.11348172067812248,0.010640833429439127,0.23996463306808136,0.13897666551339716,0.049913504786068506,0.034182908545727135,0.18790604697651175,0.06815822857801869,-0.02650213354861031,-0.14961749894283627,-0.1370929919655557,-0.1153807711528851,-0.23512090108791758,-0.2345288894014531,-0.10066505208933994,-0.11760273709299196,-0.2271248990889171,-0.32290777688079036,-0.1710760004613078,-0.24051820243724292,-0.04550032675969708,-0.05632568331219006,0.15193941490793064,0.013839234229039326,-0.03113058855187791,-0.022704032599085072,-0.11821012570637758,-0.018890554722638682,-0.16344135624495446,-0.05957021489255372,-0.18099411832545265,-0.0910544727636182,-0.013301041786798909,-0.04479298812132396,-0.028977818782916234,0.05649482950832276,-0.16484834505824011,-0.23379079690923768,0.0898243186099258,0.022903932649060085,-0.0034982508745627187,0.26675123976473303,0.256071964017991,0.07739207319417214,0.16809287663860378,-0.019913120362895477,-0.2483143043862684,0.1376311844077961,-0.07388613385614885,0.17916426402183525,0.20539730134932535,-0.09838157844154846,-0.0511744127936032,-0.1922423403682774,-0.2066658978203206,-0.07457040710414024,0.04842194287471649,0.11279744743013109,0.17602737092991966,0.1201091761811402,-0.14672663668165917,0.07422442624841426,-0.14361280898012532,0.1130665436512513,-0.009556760081497712,0.2981047937569677,0.10701572290777688,-0.11057548149002422,-0.18639141967477799,-0.13655479952331526,-0.2514435090147234
#50,0.3462653288740245,0.5062853188790221,0.01589974243647407,0.10440933379464114,0.23083842694037596,-0.013554761080997962,-0.10401722215815169,0.35737515857455887,1.0,0.1564141006419867,0.23308345827086457,0.29787413985315037,0.2801522315765194,0.07493176488678738,0.24557721139430286,0.03597432053204167,0.11671856379502557,0.0463076154230577,0.0693422519509476,-0.30284088724868335,0.05313497097605044,0.17690385576442547,0.09752815899742437,0.17454349748202821,0.327190251028332,0.3264675354630377,-0.4960289086226118,-0.37728827893745437,0.18699111982470304,-0.01220159151193634,0.054949448352746705,0.06879637104524661,-0.049467573905355014,0.08113635489947334,0.15616806981124823,0.14069888132856648,0.3246684350132626,0.17579671702610233,0.23676623226848115,0.004812978126321455,0.012163149194633453,-0.05747895283127667,0.13646253796178834,0.15189328412716718,-0.12264636912313075,0.0940452850497828,0.053965325029792795,-0.30214123707377083,-0.5468112097797255,-0.4040902625610272,-0.2713566293776189,-0.4292315380771153,-0.4019451812555261,-0.21416983815784416,-0.0323223003882674,0.20648906316072732,-0.278468458078653,-0.3438665282743244,-0.34938684503901896,-0.260439011263599,0.0294314381270903,0.05070541652250798,0.1522008226655903,0.06233806173836159,-0.28531887902202746,-0.33946103871141353,-0.13856148848652597,0.17900280628916312,0.06924999038942067,0.2116403336793142,-0.09890439395686772,-0.09967324030292546,0.035274670357129126,-0.20896474839503326,-0.053673163418290856,-0.1162956983046938,-0.04499288817129896,0.016445623342175066,0.3412063199169646,0.13424826048514205,0.05501095606043132,-0.0496751624187906,0.13097297505093608,0.025602583323722755,-0.0008380425172029369,0.1538999730903779,0.06098489216929997,0.08297389766655133,-0.17818014069888133,0.08460385192019375,0.2468458078652981,0.012562949294583478,-0.014700342136623995,0.02275016337984854,0.04363203013877676,0.10959904663053088,0.3656786991119825,0.16806212278476146,0.05472648291238996,0.09892745934724945,-0.47691538845961634,0.15718294698804444,0.035874370507054165,0.2888786376042748,0.19747049552147003,0.21460808057509706,-0.0711105985468804,-0.031922500288317376,-0.09478337754199823,-0.01880598162457233,-0.16931534232883558
#51,0.3816168838657594,0.48202052819743973,0.5199707838388498,0.6120785760965671,0.06937300580478992,0.44510052665974703,0.49430669280744244,0.15700611232845116,0.1564141006419867,1.0,0.3305577980240649,0.07570061123284512,0.3847384000307539,-0.03866528274324376,-0.043063083842694035,-0.08212047822242725,0.5234075270057279,0.30593933802329604,-0.15010187214085266,-0.14055280052281552,0.03605889363010802,-0.18643755045554147,0.00716564794525814,0.1456886941144812,0.22853188790220275,0.04779148887094914,-0.25318879022027446,-0.057379002806289166,0.00553569369161573,-0.07949102371890977,0.07887594664206359,0.00595087071848691,0.1839080459770115,0.11884057971014493,0.04575404605389613,0.005012878176296467,-0.0014377426671279745,-0.07596201899050475,0.02588705647176412,-0.14873332564486988,-0.11937108368892477,0.010448621842924692,-0.02268096720870334,-0.22138930534732634,-0.08236650905316573,-0.21307038788298158,0.032852804367047246,-0.04776073501710683,-0.028493445584899857,-0.2164994425863991,0.09875062468765618,-0.012931995540691193,0.03775035559143505,-0.21042555645254296,0.015146273017337486,-0.05098988967054934,0.13346403721216316,-0.2761004113327951,0.009602890862261177,-0.19990773843847306,0.13687771498865953,0.14944066428324299,-0.22298850574712645,-0.1593434052204667,0.08943220697343636,0.055333871525775576,-0.24179448737169876,-0.17704993657017645,0.03570522431092146,0.05425748664129474,0.17129896590166455,0.11499634797985622,-0.23748125937031483,-0.0054434321300888015,-0.019651712605235842,0.12802060508207436,0.21607657709606734,0.22516434090646983,-0.10823818859800868,0.06687425518010226,-0.012224656902318071,0.06168454234421251,0.15636028139776265,0.01918271633414062,-0.25712528351209013,0.1499173490177988,0.15836697036097336,-0.1350478606850421,0.15729058547649252,-0.010348671817937185,-0.1294660362126629,0.15420751162880098,0.0267097220620459,0.18623765040556645,0.16231115211624958,0.16952293084227119,0.0963979548687195,0.3591127513166494,0.2630069580594318,0.23792719025102832,-0.00012301541536923846,0.3093914581170953,-0.032445315803636646,0.24115634490447085,0.15604505439587898,0.10948371967862222,0.13180332910467843,0.16571714142928537,-0.043778110944527736,0.2852343059239611,0.1823395994310537
#52,0.43507477030715414,0.5304809133894591,0.30011148272017835,0.15333871525775575,0.26367585438050206,0.17919501787567754,0.3001653019644024,0.35809018567639256,0.23308345827086457,0.3305577980240649,1.0,0.1888132856648599,0.3294429708222812,-0.18326990350978356,0.07005727905278131,0.133102679429516,0.44326298389266905,0.24143312958905164,0.03462883942644063,-0.3036635528389651,0.022765540306769694,-0.1522008226655903,0.35856687041094837,0.08810979125821705,0.309760504363203,0.1571983239149656,-0.136431784107946,-0.1220159151193634,-0.07439357244454696,-0.34628070580094567,0.1372852035520701,-0.32559873909199244,-0.222596394110637,-0.2542805520316765,-0.21389305347326337,-0.3039710913773882,-0.0813208780225272,-0.16231115211624958,-0.13737746511359705,-0.46037750355591434,-0.21852919693999154,-0.2631453504017222,0.10467843001576135,-0.06921154807211778,-0.14265175104755315,0.002798600699650175,-0.2629608272786684,-0.04969053934571176,-0.23461346249951948,-0.13417906431399684,0.022811671087533156,-0.05999308038288548,-0.15223926498289317,-0.2201437742667128,0.12257717295198554,-0.27786106946526734,0.07575443047706916,-0.33703148425787105,-0.3958097874139853,-0.24520047668473455,-0.24732249259985392,-0.17768807903740438,-0.309906585168954,-0.2504516972283089,0.17020720409026255,-0.02333448660285242,-0.34581170952985046,-0.23847307115672933,0.25378080190673896,0.00577403605889363,0.2731326644370123,0.367470111098297,0.13095759812401492,0.02688655672163918,-0.20788836351055243,0.02463383692769,-0.2637527390151078,0.11095221619959252,-0.09153115749817399,-0.1511782570253335,0.13213393303348325,0.019505631799484873,0.21462345750201822,0.13809249221543074,-0.06901933648560335,-0.13131126744320148,-0.19147349402221966,-0.13883058470764617,-0.20482835505324262,-0.11465036712413024,-0.21417752662130474,-0.22431860992580632,-0.42631761042555644,-0.1102064352439165,-0.24462384192519124,0.4217506631299735,0.10821512320762695,0.0993503248375812,0.07670011148272018,-0.0899627109522162,-0.28358128627993695,0.40638911313573983,-0.08015223157651943,0.07803021566140007,0.07463960327528543,-0.11551147503171491,-0.17572752085495713,-0.27394764156383344,-0.06988044439318802,-0.17200630454003768,-0.13663168415792104
#53,0.1887056471764118,0.3932956598623765,-0.021250913005035944,0.03523622803982624,0.5856071964017991,0.23319878522277324,-0.04543113058855188,0.4288163610502441,0.29787413985315037,0.07570061123284512,0.1888132856648599,1.0,0.49304578479990774,0.04146388344289394,-0.001699150424787606,-0.3035482258870565,-0.002329604428554953,-0.05569522930842271,-0.3140737323645869,-0.3710606235343867,-0.03969553684696114,-0.2564871410448622,0.05511859454887941,0.16302617921808327,-0.03535924345519548,0.12675969707453966,-0.17101449275362318,-0.2010225656402568,0.3262061277053781,0.03748894783377542,-0.06490600853419444,0.1273517087610041,0.11039095836697035,-0.05418829047014954,0.2962288086725868,0.14384346288394265,0.26952677507400147,0.034044516203436744,0.24227886056971515,0.07211778726021605,0.17877984084880635,0.13077307500096105,0.20082266559028178,0.05479567908353516,0.15179333410217968,0.10138776765463423,0.07076461769115443,-0.10615461500019222,-0.15034790297159112,-0.24220197593510936,-0.15812862799369545,-0.1537231384307846,-0.08920924153307962,-0.2607311728751009,0.07530081113289509,-0.24666128474224427,-0.01077922577172952,-0.35579133510167993,-0.09999615576826971,-0.00577403605889363,0.002898550724637681,0.11880213739284204,0.06925767885288125,0.053965325029792795,-0.17412832045515703,-0.2579402606389113,-0.12408411179025872,-0.26081574597316726,-0.28963210702341136,-0.055356936916157305,-0.1650943758889786,-0.20844962134317457,0.04416253411755661,0.06546726636681659,0.15642178910544727,0.0992503748125937,0.03460577403605889,0.09865067466266866,0.053888440395187025,0.015784415484565408,-0.021627647714604237,0.4595087071848691,0.3265059777803406,0.24321685311190558,0.2974512743628186,-0.0143928035982009,-0.0217429746665129,0.17844923692000153,0.14987890670049592,0.5302118171683389,0.3684926767385538,-0.04284011840233729,0.046722792449928885,-0.11447353246453697,0.0012609080075346943,0.015184715334640372,0.17601968246645908,0.09760504363203014,0.013277976396417175,0.03168415792103948,-0.17467420136085804,0.08571867912197748,0.07602352669818936,0.0837043016953062,0.10977588129012417,0.01652250797678084,0.02341905970091877,0.016806981124822203,-0.06666666666666667,0.020366739707069544,0.16142697881828316
#54,0.2993503248375812,0.4236574020681967,0.22693268750240264,0.13730058047899127,0.24699957713450968,0.4921769884288625,0.3554914850267174,0.38558413101141736,0.2801522315765194,0.3847384000307539,0.3294429708222812,0.49304578479990774,1.0,0.3535616806981125,0.18896705493407143,-0.1924114865644101,0.37817245223542073,0.17467420136085804,-0.3373543997232153,-0.6258255487640795,-0.17967170261023335,-0.4172682889324568,0.2794295160112252,-0.02093568600315227,0.21254757236766234,-0.044047207165647945,-0.2761696075039403,-0.2930688501902895,0.22810133394841042,0.03572060123784262,-0.21863683542843962,-0.1150040364433168,-0.03622035136278015,-0.10547034175220082,-0.05408065198170146,0.03871910198746781,0.02075885134355899,-0.10829200784223272,-0.05169722830892246,-0.20312151616499444,-0.13421750663129972,-0.0313689309191558,-0.10979125821704533,-0.24308614923307578,-0.03820397493560912,0.016207280974897167,0.07866066966516741,-0.18743705070541652,-0.3111598047130281,-0.45960096874639605,-0.09351478107100296,-0.24633068081343942,-0.26231499634797983,-0.5103525160496675,-0.0917694998654519,-0.25833237227540073,-0.032852804367047246,-0.5066005458809058,-0.17762657132971976,-0.2611694152923538,-0.06263791181332411,0.023795794410487063,0.0708030600084573,0.05744051051397378,-0.2043901126359897,-0.15712143928035982,0.01104832199284973,-0.030454003767347096,0.13159574059124285,0.27058009456810056,0.24383193018875177,0.21574597316726252,0.10428631837927191,0.12118556106562103,0.022611771037558143,0.18919770883788875,-0.010548571867912198,0.23247606965747894,0.26256871564217893,0.12299234997885672,0.056748548802521816,0.4191596509437589,0.5108599546380655,0.29552147003421364,0.0012455310806135393,0.23894975589128511,-0.024149463729673623,-0.023249913504786068,0.1340944912159305,0.11292046284550032,-0.029685157421289354,0.027878368508053666,-0.06732018606081575,0.0671971706454465,0.054318994348979355,0.3241225541075616,-0.0047976011994002995,0.1988467304809134,-0.05591050628531888,0.1171491177488179,-0.14061430823050014,0.2837504324760697,-0.11917118363894975,0.21842155845154346,-0.008426555952792835,0.011417368238957445,-0.03662015146273017,-0.00636604774535809,-0.12551416599392612,0.011947872217737285,0.1905431899434898
#58,-0.10277937954099874,-0.07540076115788259,-0.2189828162841656,-0.28498058662976206,-0.2159228078268558,-0.012070887633106524,0.14969438357744205,0.09981163264521585,0.07493176488678738,-0.03866528274324376,-0.18326990350978356,0.04146388344289394,0.3535616806981125,1.0,0.2840656594779533,-0.12404566947295582,-0.13088840195286972,-0.17484334755699074,-0.23068465767116442,-0.13670856879252682,-0.08704878330065736,-0.255380002306539,-0.007626955752892784,-0.38384653826932685,-0.25418060200668896,-0.2698958213201092,-0.03332948910160304,-0.12710567793026564,0.08032906623611272,-0.09918886710490908,-0.26663591281282434,-0.3267135662937762,0.17671164417791105,-0.10438626840425941,-0.13247222542574866,0.0808441932879714,-0.22624841425441125,-0.023765040556644756,-0.15650636220351363,0.02747856840810364,0.16474070656979203,-0.13587821473878445,-0.18446930380963364,-0.2572559873909199,0.028854803367546995,-0.0865259677853381,0.05602583323722754,-0.15360012301541537,-0.09255372313843079,-0.3397916426402183,-0.20322146618998194,-0.3200322915465344,-0.22853957636566333,-0.5215161649944259,-0.20961057932572175,-0.20918771383539,-0.09495252373813093,-0.3375696767001115,0.27912197747280204,0.09597508937838772,0.06180755775958175,0.07221004882174298,0.4580171452735171,0.35507630799984624,-0.17246761234767233,0.04818360050743859,0.7010648521892899,0.3575673701610733,0.382170453234921,0.31141352400722716,0.3634259793180333,0.20335985853227231,0.11621112520662745,0.20124553108061355,0.238442317302887,0.16082727866835814,0.11335870526275324,0.044323991850228735,0.35142428785607194,-0.21935955099373391,0.05362703263752739,-0.009372236958443855,0.31358935916657055,0.06440625840925691,-0.0019298043286049282,0.32808211278975896,0.24268634913312576,0.09901972090877638,-0.06469842002075885,0.024618460000768845,-0.12380732710567793,0.1417137585053627,0.227363241456195,0.2938376965363472,0.25026717410525506,0.0018144773766962672,-0.5568907853765425,0.042032829738976665,-0.23879598662207357,0.142636374120632,0.022073578595317726,-0.06452158536116558,-0.16440241417752663,0.14710337139122745,0.05381924422404182,0.1440587398608388,0.14852573713143427,0.11853304117172184,0.01921347018798293,0.06230730788451928,0.23639718602237342
#101,-0.2844423941875216,0.021719909276131166,-0.4229116211125207,-0.20902625610271788,-0.22325760196824665,-0.30414023757352093,0.08601084073347941,-0.09635182408795602,0.24557721139430286,-0.043063083842694035,0.07005727905278131,-0.001699150424787606,0.18896705493407143,0.2840656594779533,1.0,0.4935609118517664,-0.09595971245146658,-0.43090762311152114,0.26072348441164034,-0.32512974282089724,0.25397301349325335,0.003482873947641564,0.13247222542574866,-0.13204167147195633,0.10942990043439818,0.011840233729289202,-0.4445777111444278,-0.57536616307231,0.2816207280974897,-0.17580440548956291,-0.3042863183792719,-0.26116172682889327,-0.4698650674662669,-0.2188828662591781,-0.007034944066428324,0.11261292430707723,0.1995540691192865,0.02055895129358398,0.12423019259600969,-0.1482105101295506,0.06159228078268558,-0.1414369738207819,-0.037596586322223506,0.04770691577288279,-0.17290585476492523,0.21816783915734442,-0.13118056356437166,-0.5508784069503709,-0.5767193326413717,-0.4698189366855034,-0.5556529427593896,-0.5904509283819629,-0.4624841425441126,-0.4474608849421443,-0.1289893514781071,-0.038903625110521665,-0.14724945219697844,-0.23485180486679738,-0.25883981086379887,-0.17433590896859263,-0.1287510091108292,-0.1342636374120632,0.41712989659016647,0.36422557951793333,-0.5160419790104948,-0.4374889478337754,0.26048514204436246,0.49018567639257293,0.4352669818936685,0.511344327836082,0.03907277130665437,0.04700726559797024,0.31978626071579597,-0.07779187329412217,0.2966901164802214,0.012117018413869989,-0.002129704378579941,0.12057817245223543,0.6005074385883981,0.16535578364663822,0.09650559335716757,-0.21887517779571752,0.051105216622458004,0.02514127551608811,-0.13434821051012955,0.04357052243109215,-0.013154960981047938,-0.041079460269865066,-0.22408026755852842,-0.03034636527889901,-0.15905893207242533,-0.24336293391765657,-0.2150770768461923,0.003721216314919463,0.20423634336677815,0.09306116172682889,0.06401414677276747,-0.47514704186368356,-0.4894168300465152,-0.38277015338484605,-0.5717064544650752,-0.2988505747126437,-0.39240379810094955,-0.3290893015030946,-0.3933571675700611,-0.4356283396763157,-0.5233998385422673,-0.17316726252258485,-0.11598815976627071,-0.12727482412639834,0.015300042286549033
#102,-0.11182870103409834,-0.09862760927228693,-0.11421981317033791,0.1435205474185984,0.0077576596317226005,-0.12563718140929536,-0.009756660131472725,-0.2605389612885865,0.03597432053204167,-0.08212047822242725,0.133102679429516,-0.3035482258870565,-0.1924114865644101,-0.12404566947295582,0.4935609118517664,1.0,-0.04043362933917657,-0.15216238034828738,0.40069965017491255,0.08223580517433592,0.1714219813170338,0.3668780994118325,-0.031115211624956753,0.03155345404220966,0.2136393341790643,0.1485564909852766,-0.25271979394917926,-0.3396763156883097,-0.1596125014415869,-0.2532426094644985,-0.2054741859839311,-0.1438972821281667,-0.5217468188982431,-0.039257294429708225,-0.10188751777957175,-0.1284434705724061,0.014177526621304733,0.14767231768731018,-0.22270403259908508,-0.21325491100603544,-0.2200745780955676,-0.07506246876561719,-0.04921385461115596,0.22740168377349787,-0.44841425441125593,0.12366893476338754,-0.2072732864337062,-0.34713412524506976,-0.26826586706646677,-0.141344712259255,-0.1487948333525545,-0.2628301233998385,-0.17487410141083304,0.015592203898050975,-0.041540768077499714,0.0596470995271595,0.003282973897666551,0.09098527659247299,-0.321477722677123,-0.2947910660054588,-0.32625225848614153,-0.4706031599584823,-0.05152039364932918,-0.05067466266866567,-0.151278207050321,-0.1329104678430016,-0.019828547264829122,0.11528850959135817,0.3738054049898128,0.3789720524353208,0.038027140276015836,0.2145311959404913,0.2273939953100373,-0.0012839733979164265,0.18775227770730019,0.1177949486795064,-0.08333525544919848,0.12372275400761158,0.0061738361588436555,0.16684734555799025,0.061815246223042325,-0.13046553646253797,-0.15814400492061662,-0.08481912889708991,0.015876677046092337,-0.06404490062660977,-0.2364740706569792,-0.3599431053703917,-0.1853688540345212,-0.2393649329181563,-0.10213354861031022,-0.33484796063506705,-0.38085572598316225,-0.24503133048860185,-0.1715834390497059,0.04141775266213047,0.088055972013993,-0.35540691192865104,-0.25275823626648214,-0.19729366086187675,-0.40109945027486255,-0.24397801099450275,-0.32060892630607774,-0.37050705416522506,-0.38920539730134934,-0.43493637796486373,-0.5851151347403222,-0.2724560796524815,-0.09120824203282973,-0.24492369200015376,-0.19404144081805252
#201,0.18867489332256948,0.4455695229308423,0.6573482489524468,0.36874639603275283,0.11538845961634567,0.4110636989197709,0.31172875100911085,0.007142582554876408,0.11671856379502557,0.5234075270057279,0.44326298389266905,-0.002329604428554953,0.37817245223542073,-0.13088840195286972,-0.09595971245146658,-0.04043362933917657,1.0,0.48119786260715797,-0.23516703186868104,-0.4136239572521432,0.1375004805289663,-0.20672740552800523,0.5088993964556183,0.2339522546419098,0.5569292276938453,0.10162611002191212,-0.23475185484180985,-0.2471225925498789,-0.18548418098642985,-0.11588820974128321,0.3091761811401991,-0.029446815054011456,0.14876407949871218,0.17797255218544575,-0.0772383039249606,-0.2153461730673125,-0.0515819013570138,-0.16249567523930342,-0.0012685964709952715,-0.3280974897166801,-0.3849998077884135,-0.16378733710068044,-0.0705339637873371,-0.46691269749740516,-0.1409295352323838,-0.3135047860685042,-0.2369200015376927,-0.14955599123515165,-0.049283050782301156,-0.10806904240187598,0.2051051397378234,0.15326183062314996,0.15972013993003498,-0.004666897320570484,0.4068119786260716,0.02883942644062584,0.3500096105793257,-0.1768269711298197,-0.011079075846692038,-0.034182908545727135,0.0014069888132856648,0.04996732403029255,-0.45850920693499403,-0.3375004805289663,-0.09094683427517011,-0.04010302541037174,-0.21584592319225002,-0.29300734248260485,0.28344289393764655,0.01898281628416561,0.49473724676123476,0.4409333794641141,-0.08810210279475647,0.15968938607619268,-0.23714296697804943,0.18418483066159227,-0.03983392918925153,0.22674047591588822,0.03159958482297313,0.00944912159304963,0.14441240918002538,0.07037250605466497,0.20488986276092722,0.11880982585630262,-0.014308230500134548,0.12519893899204243,0.061707607734594244,-0.3310421712220813,0.0403874985584131,-0.24390112635989697,-0.15177795717525852,0.2715334640372122,-0.00838042517202937,0.20950294083727367,0.009410679275746741,0.5235228539576365,0.1299427209472187,0.35527620804982124,0.20568946296082727,0.053934571175950484,-0.043286049283050784,0.4780840349056241,0.19124284011840234,0.28423480567408604,0.20466689732057047,-0.003813477876446392,0.041571521931342025,0.09649790489370699,0.07337869526775075,0.06934994041440819,0.14546572867412447
