,#10,#11,#12,#13,#17,#18,#26,#49,#50,#51,#52,#53,#54,#58,#101,#102,#201,#202,#301,#302,#401,#402,#501,#502,#601,#602,#701,#702,#801,#802,#901,#902,#1001,#1002,#1101,#1102,#1201,#1202,#1301,#1302,#1401,#1402,#1501,#1502,#1601,#1602,#1701,#1702,#1801,#1802,#1901,#1902,#2001,#2002,#2101,#2102,#2201,#2202,#2301,#2302,#2401,#2402,#2501,#2502,#2601,#2602,#2701,#2702,#2801,#2802,#2901,#2902,#3001,#3002,#3101,#3102,#3201,#3202,#3301,#3302,#3401,#3402,#3455,#3501,#3502,#3601,#3602,#3701,#3702,#3801,#3802,#3901,#3902,#4001,#4002,#4101,#4102,#4201,#4202,#4301,#4302,#4401,#4402,#4501,#4502,#4601,#4602,#4701,#4702,#4801,#4802
#10,1.0,0.2462207970682547,0.4334217113878131,0.49557693286506843,0.38111670993026925,0.14325018392815003,0.040640949115525384,0.5252266133622066,0.10514489836523735,0.45410217613607445,0.34500155008629585,0.005399852857479976,0.17665801394614955,0.11731469528079698,-0.37343707343707344,-0.2993781146323519,0.4265624638505994,0.5200086064492844,-0.16068657255097932,-0.1930394184631473,-0.22620710078337197,-0.1497906226719786,0.10427823817654326,0.28510760375167155,-0.159376171240578,0.14578816104239833,0.14107358514138174,0.3694475677526525,-0.058830633406904594,-0.10878968336595456,0.3095776824590384,0.16071803698922343,0.24272731899850544,0.1763854763854764,-0.16216864013474183,0.009610072321936728,-0.030400662604052435,0.13638307028137536,-0.04011160621330113,0.139796499118533,-0.11654936909174198,-0.08753406719508415,-0.40298865892086233,-0.08166456132557827,-0.10105590953048581,0.10293081987997242,0.21182646436883726,0.29529560377018005,0.1730775459589019,0.09285896065557082,-0.0466205805188856,0.001438109912686184,-0.14764548832345442,0.0015621168163541044,-0.34344776209182987,-0.09008129855587482,-0.20321261168718796,-0.24537403350962672,0.11133784015139947,0.17261899804272685,0.2026397738262145,0.3490669405923643,-0.06279098821471703,-0.024547814378322853,0.397074732667953,0.23636250692478156,0.031116015861778572,-0.005024130447859262,-0.15656056673005825,-0.24675893150469422,-0.2242100343795259,-0.17222245357838578,-0.40818908276535393,-0.17499502584248347,-0.28570311451667385,0.11473044693383676,-0.27158298514230717,-0.06247819468158451,-0.04458001915629034,0.17459339154254408,-0.12077393263833942,-0.3836148937843853,0.340033407830018,0.4727781710832558,0.25288616814040543,0.3522573420878506,0.3079901164646927,-0.09971034208322344,-0.13317092130651453,0.04868983004576225,0.17762554542215558,-0.1787638177468686,0.009979316758977777,0.008595344188564528,0.1499067634660855,0.12963348556568896,0.22937390395017512,0.31154559798627596,0.33648486699334157,0.19630848105424376,0.16959147128638655,0.35206855545838595,0.28868529546495647,0.35462781733968174,0.2550493482696872,0.33008648093393855,0.18798151001540833,0.20970955547226733,0.27874160755516686,0.020059967517594635,0.13182304029761657
#11,0.2462207970682547,1.0,0.22580269020946986,0.2362359277613515,0.08886899225882276,0.15557082506235048,0.15540702489855032,0.3303705863027897,0.450269992642874,0.291659147591351,0.30117482659855543,0.01866859154994748,0.11356209830786101,-0.027250054368698436,-0.2883988765344698,-0.21258114817436852,0.059088826885437054,0.22991620279755873,-0.034175469768690105,-0.008150214929875946,-0.03657185691083996,0.020190452393842224,0.11766728207406174,0.05566012854148447,-0.1482650601294669,0.06902326054868428,0.14037905393837596,0.29058565499243466,-0.09752171277595006,-0.15201210455447745,-0.032234854268752576,0.009867803088142071,-0.028500765788901383,0.13204838120092358,-0.20242091089548717,-0.12977507553778742,-0.20067602270992102,-0.1254306694984661,-0.06121684087785783,0.14951253256338,-0.17651920024801382,-0.15563699292512853,-0.14206841664468783,0.0352457233813166,0.04695280796975712,0.1091709583235007,0.006373862306065696,0.10656542520949301,-0.03400657976929163,-0.08315588315588315,-0.04904565582531684,0.12332440298541994,0.028732584664788053,0.23888726939574398,-0.13161435703808586,0.1074686396720295,-0.13180591994151317,-0.12859099469268961,-0.04712771322940815,0.013063294419226622,-0.006338696169204644,0.0835829666338141,-0.13547476598324057,0.015510579917359579,0.3523336896218252,0.25513844990658585,0.1193857956569821,0.26971825446401715,-0.10840007958652026,-0.16130892063095453,-0.025199313334906555,0.017647848156322733,-0.32282374824747706,-0.19727092269465152,-0.10317837097498114,0.027896463489683828,-0.24764224933716458,-0.2289977188282273,-0.03788966161847518,0.14805360059597347,-0.027188050916864475,-0.18346404956574447,0.1147193418379859,0.13549836431192364,-0.1381612737544941,0.1506665371072151,0.07275179648061005,-0.10393721919145647,-0.30795957745110286,0.06464739007111889,-0.005194408584239093,-0.06475890374195459,-0.02113993808909063,-0.020717019022103766,-0.11077194297533281,0.16627937644886798,0.21420850742884642,0.06535719078091959,0.2987465123058343,-0.10142330311821837,0.2121424968882596,0.09246472975286535,0.08364126838703109,0.1692759014792913,-0.015187606713030441,0.06888490956287567,-0.004725680996867438,0.01443199748284494,0.05645044119620391,0.033618826839165825,0.03592961220079864
#12,0.4334217113878131,0.22580269020946986,1.0,0.4353891642027235,0.18943396401023518,0.2736517719568567,0.21612737544940935,0.2965254931356626,-0.08407760611150442,0.4346516007532957,0.3014112725977133,0.11904662752120379,0.21456572134538235,0.05064478962784048,-0.49137180323621,-0.2577122577122577,0.5496541225354785,0.6693934304103796,-0.22365431687465587,-0.2628483645432798,-0.30912931421406,-0.28822952382274414,0.20605135181406367,0.06787064414183058,-0.04325527376374834,0.041330390482932855,0.4380206092070499,0.3988446073191836,-0.041434500756534653,-0.0448525567169635,0.4309406478898004,0.027940421160760145,0.34835112462231105,0.03786421244048363,-0.2640597454156776,-0.07873050245931602,-0.3599689057316176,-0.24372261321413863,-0.08500904602599518,0.05408783205393375,-0.18198614639292604,-0.24757839503602216,-0.19256652646483155,-0.0734796429711684,0.032559678322390186,-0.05485084468135316,0.40310572513962345,0.5382945349047044,0.4259993429484955,0.36042236381219434,0.3300749131257606,0.42701036938325077,0.252290194663076,0.2681103291272783,-0.2868219529236478,-0.14463554463554462,-0.3024019396900753,-0.45688816705765856,-0.09624462675310133,0.11108103480984836,0.01777925845722456,0.06268595251646099,-0.2152570135620983,-0.17143769347159177,0.41156040478074374,0.1810593545463065,-0.06843839216720572,-0.019303432862754898,-0.27202487541470594,-0.20675328641430335,0.03559969831156272,0.13011054197494876,-0.24104026985382918,-0.033191743361234885,-0.358346636312738,0.009793769115803014,-0.2617609905745499,-0.028072294173989088,-0.07955505582624227,0.06124969345308329,0.009481901007324735,-0.09793861658268438,0.061975226382006046,0.20757413808261266,0.014436624606116132,0.05400361841039807,-0.039024694956898344,-0.06444240851020512,-0.18054479749395003,0.059250776199928745,0.03319729590916032,-0.1584405669151432,-0.08529546495648191,-0.17240615037225207,-0.03646450765094833,0.4397840058857008,0.19961594876849115,0.5805512754665297,0.6043147924503857,0.41476006052277237,0.613814276526141,0.6054817529393801,0.26069999120846576,0.39399075500770414,0.51680987613191,0.4228098668776635,0.4336868455512523,-0.022500312330820806,-0.01542729169847814,-0.11090844311183294,-0.11542312728753407
#13,0.49557693286506843,0.2362359277613515,0.4353891642027235,1.0,0.25448252566896634,0.3442311340616425,0.16833150561964122,0.2180318993878316,0.0900757460079494,0.6356080271334509,0.29645793713590324,0.1962076097669318,0.36065603353738945,0.14986373121966343,-0.3496592123710768,-0.4205911612691274,0.394219334897301,0.27124890684212716,-0.05536491807678248,-0.1713780035813934,-0.23623546504902437,-0.22675957930195217,0.004980635489110066,-0.004839970941665857,-0.14938991379669345,-0.03870588616351328,0.08032177015227862,0.24491918729206866,0.1493690917419731,0.10917651087142613,0.09954931819338599,0.17462948310405937,0.1949383898536441,0.1794639014977998,0.10352170352170352,0.16065834709902507,0.07491914102083594,0.14798697002086833,0.03916952391528663,0.10030122572495453,0.08533387007963279,-0.036803675786726636,-0.027230620450959434,0.24717861158539126,0.06270261016023727,0.04179495365936044,0.29197147841215637,0.32050278321464765,0.24143218719489906,0.16926248282180487,0.04681862139489258,0.06205157391598069,-0.06787434584044753,0.014458834797817849,-0.250503199655742,-0.1543191882174933,-0.14130077689399723,-0.24718647769495228,-0.04567202024829144,0.11780424492288899,-0.07992615111259178,0.11924466839721078,0.09869376310054276,-0.09148192877006436,0.249916480424955,0.16898510632957103,0.20037155799867665,0.13516474872407075,-0.13144685517566873,-0.1971617225854514,-0.1289491340338798,-0.1458117593710814,-0.18327156123766294,-0.1341486324537172,-0.2403873827602641,-0.004562343545394393,-0.2097155707325199,-0.08496555106724599,-0.007141502056756294,0.15557406404864033,0.0968373612441409,-0.07990070193460024,0.28417477570019944,0.3324467765145731,0.21612274832613815,0.10109431465363669,0.02298986197291282,0.05188670951382816,0.004954723598791395,0.14344683666717564,0.26630760190082226,-0.11297722992638247,-0.03781840392009884,-0.12989029090724005,0.04561233035809307,-0.034554431164600656,0.13162685027091806,0.16239490646270308,0.1939264379942346,0.21397715126528685,0.14579510172730512,0.3157076953687123,0.3341777833303257,0.29440441982814863,0.24609586473993253,0.2881379067819746,0.15456118676457659,0.025605112045790013,0.03691796573152505,-0.13230148484385773,-0.06853833802986345
#17,0.38111670993026925,0.08886899225882276,0.18943396401023518,0.25448252566896634,1.0,0.2624943896130337,-0.006870352633064497,0.37398955195565364,0.18643697626748473,0.15141428022783954,0.1367282536774062,0.3895394624208183,0.34306741255893797,0.1520694808830402,-0.42096040570616844,-0.33280769212972605,0.09132738285280659,0.3013141030090183,0.015844658217539574,-0.18193709888625142,-0.38513675462828006,-0.2229024093430873,-0.09098034860746725,0.19291587427180648,-0.1854722210654414,0.1456808117825067,-0.019977604723367435,0.2002225646293443,0.19867479189513088,0.19857762230643586,0.10618183669031127,0.16559409949240458,0.13443643952118528,0.07100552015806254,0.05111814433848332,0.17906967059509432,-0.026392648426546733,0.09725241420156674,-0.02247301230352078,0.22881309660970678,0.08357324967494459,0.13136911950471272,-0.03898675254607458,0.10648398783992004,0.048272463526700816,-0.009725287691389386,0.0849609239439748,0.11627081627081627,0.014475029729267017,-0.002972463989413142,0.0028359638529130054,0.0015824761587473451,-0.11617596024375686,-0.002223332731807308,-0.3401814757746961,-0.12466349246010262,-0.2544561510663206,-0.16509113119282612,0.1408274221833544,0.08725134996321438,0.08744800270223999,0.1641967082645049,0.017942595908697602,-0.124781484103518,0.28825821198702556,0.11096768312623365,0.1070447951803884,0.078202084981746,-0.1642531591684134,-0.1051245390228441,-0.08505577997103421,-0.10034055627275966,-0.18230634332329249,0.03865267424589459,-0.2541572389030016,-0.045334240249494485,-0.14783566308990037,-0.0325647681579885,-0.19555796165965658,0.13696377425190984,0.11119717560395527,0.0076537246028771455,-0.022079244113142417,0.3416635433584586,0.41287034337881795,0.28174692411980545,0.14460222934799205,-0.03110814975221755,-0.06760550997839133,0.24381006584396414,0.3240578020239037,0.10112207739326383,0.08327017310068158,0.14304288880560068,0.16966643068337983,-0.07387156031223828,0.2214101620881282,0.18308786444379666,0.16566535719078093,-0.04434542400644095,0.06254760153065238,0.18647862037692547,0.42872471855522704,0.10073247361382955,0.08147438655913232,0.05894631148868437,0.030706515452278163,0.06233891827112166,-0.06207794851862648,0.009584160431618059,0.06679391255662442
#18,0.14325018392815003,0.15557082506235048,0.2736517719568567,0.3442311340616425,0.2624943896130337,1.0,0.25321191761869727,0.17177130905944465,0.009282471994336402,0.24413674074691025,0.0909669299499808,0.6439868219529237,0.7399746433644738,0.007655575452185622,-0.4773497688751926,-0.6085277881888052,0.21130036045290282,0.07541655677248897,-0.2717898175525294,-0.3984897069642832,-0.3897985813240051,-0.47666310378174787,-0.21307763850136732,-0.3549794787082923,-0.2810917234646048,-0.2640958369771929,-0.019827223217053727,-0.003982564999514152,0.5146721451806198,0.3824567248296062,0.17092269465150822,0.12392546629834765,0.18571051791390775,-0.03257402240453088,0.24368976063891318,0.025738373196000315,0.11419740233299555,-0.09233239402730928,-0.03773326485190892,-0.17883738900688054,0.12975008907212296,0.03433418009689196,0.07270783880953373,0.19479032190896597,0.2855323736679669,-0.0540091709583235,0.25234664556698455,0.27752559955949785,0.272984540781151,0.22114225165072623,0.355685577719476,0.21541572389030017,0.03218719489905931,-0.03071484427416631,-0.2889254431627313,-0.37000282254519545,-0.049928973657787215,-0.4027656315791909,0.10247227196379739,0.0819486666944294,-0.04364071313223856,-0.04906323889374737,0.29893576164762603,-0.05568326415784043,-0.06173970580750242,-0.04455364970752559,0.29202607846675643,0.36975342060087824,-0.29487684911413725,-0.17760703692907082,-0.10865642221574424,-0.10750797021983463,-0.06813948000388678,0.016558623338284357,-0.11029164757978317,-0.01159880990389465,-0.15154707866572273,-0.017510422595168357,0.048455234895912865,0.17118782881494746,0.36333189892511925,0.43188735731108613,0.14038784547259123,0.19556860404318033,0.20014112725977132,0.057132016454050354,0.0736975804772415,0.12174007597736411,-0.019518131382538162,0.48182928691403265,0.42056663751579004,0.2921463836718074,0.18712873119652781,0.10503754910534571,0.15190382986993156,-0.24202075727499456,0.016764530323852358,0.08601035550188092,0.12081372589847165,0.13436240554884624,0.23524479795666237,0.4813360355733237,0.5567285313048025,0.10808450977942503,0.11868062207045257,0.2393361003530495,0.15146795485778536,-0.005804726143709194,-0.050228348533433276,-0.02795198896893812,-0.012657032996016046
#26,0.040640949115525384,0.15540702489855032,0.21612737544940935,0.16833150561964122,-0.006870352633064497,0.25321191761869727,1.0,0.08838962228792738,0.15758547453462707,0.40214929875946825,0.26752083362252854,0.27667791057621566,0.3301211843584725,0.338580491122864,-0.20750195495958207,-0.25419379317684404,0.09203348186399034,0.04576178643975254,-0.15200840285586048,0.03814878052166188,-0.19230231772604653,-0.2533488804675245,-0.00969243511616393,-0.2207808733232462,-0.07172550053905986,-0.23929584438059015,0.13545533206550156,0.013275216665047173,0.12315782654765706,0.049076657551233825,0.17671631569936655,0.018889305329983296,0.037982204083899,-0.0659702846143524,0.05026073839633162,0.08776496064631657,0.013596339020067834,-0.13047747285035421,0.07799664070850512,-0.11953756530027716,0.07833210714566646,-0.0012294266531554668,-0.014142802278395499,0.12269696506984643,0.15864277220209425,0.00794662150594354,0.19703262584618517,0.07688428027411079,0.10270409083968406,0.06889370109709093,0.14775191215869182,0.07568169093592822,0.025716163004298596,-0.056743338099270305,-0.13951378188666325,-0.26949939153328983,-0.021173253376643206,-0.09769661803560109,-0.10388632083547338,-0.03642193811685337,-0.039984360323343376,-0.061073400056450906,0.19929436370114337,0.07963649319581523,-0.023100912931421407,-0.013342542852082856,0.406328516498008,0.3324148493640019,0.039942716213902656,0.1550993212010161,0.20551321737762415,0.14554014723506248,0.12898383745841374,0.11484196060467247,0.031758723284147014,0.03350916401763859,-0.021903413428837157,-0.0223887986599851,-0.026189517714941445,0.08975508636525585,0.2422511880138999,0.1159469176418329,0.059800015732219124,0.10536237315898332,0.05472822591466659,-0.0475214814197865,-0.11650541142066566,0.007703234821878889,-0.08149891031246964,0.172452421604964,0.09591101116524846,0.02006320650388447,-0.05203015033523508,-0.14243164582147633,-0.09565466853602447,-0.050771110093143994,-0.059724593622898704,0.12001045729859289,0.012456678558373473,0.10607587556740099,0.06345590582878718,0.1599638158960193,0.05170486356927035,0.06640245792788166,0.040211552075958855,0.1810209284785556,0.05707834182410454,-0.07475857984332561,-0.11040269853829175,-0.16277618142024922,-0.062269048709726674
#49,0.5252266133622066,0.3303705863027897,0.2965254931356626,0.2180318993878316,0.37398955195565364,0.17177130905944465,0.08838962228792738,1.0,0.4615791446299921,0.3370336438133048,0.4808973842872148,0.19250591114997895,0.24627123271191068,0.07379382464128227,-0.20735620057653956,-0.2844991370415099,0.34168806711179595,0.3564277682921751,-0.0009545755308467173,-0.13903996446369327,-0.10098002470883827,-0.18216058894024995,0.16646492409204275,0.09188356307000375,-0.024850428240258748,-0.010814975221754883,0.06515729905560413,0.10015454591725778,0.024936030020775782,-0.1329904634989381,0.2414118278525058,0.0650328294396091,0.23562144579093733,0.07667328345294447,-0.16604015417574738,-0.05273393578478324,0.008322343915564254,0.06778596778596778,0.15180758570589079,0.18748872138702646,-0.03965120744781762,-0.12324204019119274,-0.17108094226738293,0.03825612978155351,-0.05977179028026486,0.09794694540457252,-0.005780202390371882,0.11139058935669105,0.01942096179384315,-0.15870616379090954,-0.12589662081187505,-0.017465076787110685,-0.0007773567095600994,-0.05952516460991037,-0.06614102546305936,-0.05141566836482091,-0.24754554246079669,-0.27370359573749403,-0.01965925864230949,-0.10873230703739178,0.12235825964639524,0.1738405585863213,-0.0451408264967587,-0.07228260618091127,0.2370961099774659,0.07085306464242387,0.1299490553727842,0.18726569404535506,-0.05372228931550965,-0.09904912616777023,-0.08537042435347521,-0.060518607976235095,-0.14408861866488984,-0.21927104299985656,-0.1171675527607731,-0.06534701110972298,-0.10013696284882725,-0.12627835848174832,0.04213042009652179,0.07918488596454698,-0.103356515220922,-0.17842094791247334,0.262274138545325,0.3594307712951781,0.2028095892502672,0.4405465558007931,0.25588223045850167,-0.08991749839207466,-0.14938991379669345,-0.045233368962182524,0.09545801579699885,-0.14962034453559878,0.029834765427985768,-0.0783399732552275,0.02187102356593882,0.313259021733598,0.1305015338913644,0.35354553320655013,0.258109727601253,0.13233526284373742,0.0710337456100168,0.3642684286752083,0.15541026388484017,0.28805970839869144,0.08407853153615866,0.20544519866553765,0.08255620797993679,0.061581458191627685,0.08730826357945003,-0.06263829314676772,-0.05593405423913898
#50,0.10514489836523735,0.450269992642874,-0.08407760611150442,0.0900757460079494,0.18643697626748473,0.009282471994336402,0.15758547453462707,0.4615791446299921,1.0,0.2181725639352758,0.39938829430354855,0.11861861861861862,0.12948171592239388,0.06342120240425325,0.055157160241906006,-0.14360462157072326,0.02086045984351069,-0.09495134579880343,0.09506656116825608,0.04419180351383741,0.15066838795652354,-0.009163554926266792,0.002829485880333338,-0.007967906272991019,0.02762577677831915,-0.11704724755572213,-0.17996409352341555,-0.19636169297186246,0.17750801649106734,-0.003427310206971224,-0.01075389719457516,-0.1437554657893641,-0.05012285012285012,-0.13289236848558883,-0.012711633050616102,0.014541197592045049,0.0426222833002494,0.01343300156859479,0.04117862083963779,0.04800362766464462,-0.03449103957578534,-0.025569020484274722,0.1646455392218104,0.2158330904093616,-0.07203968220917373,-0.013296038719767533,-0.11785930768981616,-0.16360628733510088,-0.2870260090599074,-0.4288061559248,-0.22698353206827784,-0.24327933480475852,-0.13949619881823272,-0.22762022423039371,0.12299957893178232,0.05636669026499535,-0.03892613723122198,0.018672293248564436,-0.14152704322195847,-0.2889110990805906,-0.061484288602932674,0.035765812036998475,-0.048054988732954836,-0.04591540693235609,-0.06538911793149081,-0.11658501142726141,0.21489470980996406,0.12470467385721623,0.2844033555897963,0.10611890781382306,0.21056094615416648,0.10623273504629437,0.09281315213518604,0.023945825640740895,0.1622167622167622,-0.07176159210057516,0.1006464091209854,-0.12347570991638789,0.13752365616772397,0.07714201104031612,0.13715256088137445,-0.08619035059713026,-0.03588889351601216,0.035399806586247265,0.11135588593215712,0.11687789484399654,0.08558558558558559,-0.155363067227474,-0.16832687849637,0.015240818630649139,-0.005094000009254246,0.033248194265143416,-0.08443158104175054,-0.08719628719628719,-0.17514910904741413,0.05696636544094171,-0.16537060943840604,0.018055035004187547,-0.12241702411193936,-0.03952812596880394,-0.18713011933350918,0.04938112226247819,-0.014111800552478519,0.09304774728503543,-0.2697006713955867,-0.1331755484297857,-0.2674819657870505,-0.05524461287173152,0.07542025847110592,-0.09835135597847462,-0.07364112957333296
#51,0.45410217613607445,0.291659147591351,0.4346516007532957,0.6356080271334509,0.15141428022783954,0.24413674074691025,0.40214929875946825,0.3370336438133048,0.2181725639352758,1.0,0.526529611275374,0.14271760203963593,0.3281935248036943,0.19533262075634958,-0.30994507604677096,-0.4537380215346317,0.45411698293054226,0.21713192391158492,-0.24926822045466113,-0.21288283661165017,-0.16424020322325408,-0.33727888134667794,0.07131091029396114,-0.16471494607087828,-0.05917859307689816,-0.2065293336479777,0.17899748747206373,0.16931245575313372,-0.05087892206536274,-0.07564328581277734,0.2050657745573,0.08202316337909558,0.21036938325073917,0.12287279575415169,-0.06138989528820037,0.041338719304821,-0.029226761430151262,-0.02769888532600397,0.15549679109001144,0.010176894922657635,0.07546097715589241,-0.09616133853421989,-0.1550044651739567,0.07035911103707713,0.033488341962918236,-0.03955403785912261,0.2813212287788559,0.26204093153245694,0.21555083588981894,0.052896347811602046,0.06338927525368203,0.019277520972436228,0.054457076490974796,-0.01668540651591499,-0.13606472420031743,-0.16421984388086083,-0.07449992365246602,-0.27116376777393725,-0.0658587709435167,-0.0037377901784681447,0.0796864661271441,0.17419684707820302,-0.041692694235067114,0.006963820523142557,0.20397284804064464,0.06329095620554605,0.14142756007162788,0.1364159228566008,-0.15938403735013904,-0.09437388081455877,0.021963566031362642,0.01115830776847726,-0.08112642688913875,-0.049091001633374515,-0.08418402994674182,0.1518663501714349,-0.045076972195616266,-0.03567882211950008,-0.06084991000245238,-0.06652368855758686,0.06817927326401903,-0.1558424371983694,0.3364857924179958,0.39544274629020393,0.10640023690871149,0.16694151778897542,0.0607342319206726,-0.10606060606060606,-0.1281597468038146,0.17314001212306296,0.14776486810385114,-0.1084296931754559,-0.0907295585261687,-0.13942447840752925,0.008844746132881725,0.12971769920922463,0.03256939528125969,0.32290055849377886,0.23456877524674136,0.3442861968285697,0.1703341245714127,0.3873050245931602,0.12037831359865259,0.29964463693277255,0.24320159913380252,0.3402943775825132,0.1635729720475483,0.1254621339367102,0.04684499599753837,-0.11626387558590949,-0.07502649028072757
#52,0.34500155008629585,0.30117482659855543,0.3014112725977133,0.29645793713590324,0.1367282536774062,0.0909669299499808,0.26752083362252854,0.4808973842872148,0.39938829430354855,0.526529611275374,1.0,0.1413072548665769,0.2632629547883785,0.23958920399598366,-0.20364663585002568,-0.2228801991513856,0.3674134843626369,0.1875960706469181,-0.1426680918206342,-0.02573652234669184,-0.06520680927460588,-0.13201414048871676,0.09051486000638544,-0.01915120050713271,-0.14252418828690014,-0.1026976128671044,0.07033597542072119,0.04699722835316056,0.03505786217650624,-0.16471494607087828,0.13769485972875803,-0.14223360494546936,0.2040880634100973,-0.009317638131197454,-0.1122540105590953,-0.05061563875123197,-0.09028766825376995,-0.08836093412364598,0.07820301040640024,0.021134848253492322,-0.03631505156928886,-0.10260553311400769,-0.13168237575017236,0.022417949536593606,-0.07755336229912502,-0.04891332009976078,0.10806924027263011,0.1438137675425811,0.08192229209178362,0.035574711845898284,0.04747012035147628,0.009274605884775376,0.02596834122257851,-0.13277021243122938,-0.09494903223716783,-0.09372654626891914,-0.1303294049056761,-0.1806091145074196,-0.17200220251067708,-0.13125668040922278,0.13280167686947347,0.20463822836704193,0.005473424117491914,0.12370567794296608,0.10924452958351263,0.04251262539650141,0.266310378174785,0.18809117283693555,-0.001309013173419953,0.06092949652271686,0.040881559525627324,0.1113868876580741,-0.08793662691967777,-0.06567553686197754,-0.07545079748469578,0.014288093949110897,-0.008924795365473331,-0.08486745605389673,0.0717750107580616,0.07661359356274611,0.044226969650698465,-0.12477454341861122,0.21788290601849924,0.35934470680233394,0.1474997339404119,0.2644785000717204,0.0698737258059292,-0.005866729595543155,-0.26516238889120247,-0.031127583669956552,-0.039257439257439256,-0.1144648500580704,-0.1027730349764248,-0.21052624272963255,-0.13725482030566777,0.21092556346793634,-0.05106724598250022,0.24670386873776703,0.20322047779674898,0.232908563417038,-0.015679007204430932,0.33138485172383475,-0.016177348380738213,0.3849910002452375,0.23614245987127344,0.24158904667379244,0.06218992490178931,0.10310618785195057,-0.0039205615476801915,-0.06536181790419078,-0.1435523350777588
#53,0.005399852857479976,0.01866859154994748,0.11904662752120379,0.1962076097669318,0.3895394624208183,0.6439868219529237,0.27667791057621566,0.19250591114997895,0.11861861861861862,0.14271760203963593,0.1413072548665769,1.0,0.675420721183433,0.0992129263315704,-0.42973296871601957,-0.5004011715876122,0.09860307148442742,-0.11752013955403785,-0.19308059986026088,-0.30924730585747534,-0.38442649120615224,-0.3289546865818052,-0.26328701582938874,-0.32509566577363186,-0.3147475672899402,-0.27495800885631394,-0.20303816913986406,-0.16476075459126308,0.5409602206212376,0.3801061462078411,0.02929478014223777,-0.03054826783640343,-0.038647121697969154,-0.22041301702318652,0.346932911339691,0.06941425246509993,0.059321108473650845,-0.1568307907290958,-0.07347455313557008,-0.19582031954913312,0.08262839110296738,0.11822392500358601,0.23296270075931094,0.27002688358620563,0.25326235326235325,-0.13008370465997585,0.011249924809246843,0.010411490072507022,0.07387156031223828,-0.02274693800117529,0.2506424760662049,0.22690116927405063,-0.051339320830846254,-0.09805429466446415,-0.2464484515331973,-0.4361753124464989,-0.15280704433246806,-0.27104299985655916,0.07295631532919669,0.01662340306408103,0.06959239671104078,-0.05416232873859993,0.36631870699667307,-0.04610419356182068,-0.16248328451718283,-0.19049498541241508,0.30115400454383506,0.238149243233989,-0.09859427995021215,0.014353336387234692,0.08952465562635054,0.04330570940740432,0.07393078749010952,0.16782900003238987,0.016367523147184163,-0.025697654511213832,-0.00014482895838828042,0.030276192988057393,-0.020241813462152446,0.151812212829162,0.5574401828639117,0.5633841854180838,-0.21800459936053157,0.0955537972487125,0.41520704063076946,0.12876543724001352,0.12391251035318832,0.012675078776773692,-0.08603441654289112,0.5358292036258138,0.4476501154467256,0.5631532919668513,0.37500844449996995,0.20527168154286798,0.22462046021368054,-0.23008139109834025,-0.055721669280991315,0.04284484792959369,-0.008134482710753897,0.05013025352008403,0.0753105956495787,0.2953164258249004,0.3720804008939602,0.0040547481225447326,-0.008518071229935637,0.018699593275864464,-0.04714020646224036,0.05769467464382719,-0.1430799057917702,0.006930042523262862,0.10653766246986586
#54,0.17665801394614955,0.11356209830786101,0.21456572134538235,0.36065603353738945,0.34306741255893797,0.7399746433644738,0.3301211843584725,0.24627123271191068,0.12948171592239388,0.3281935248036943,0.2632629547883785,0.675420721183433,1.0,0.34718647769495226,-0.43816266189147546,-0.6010420281606722,0.22148743504675708,0.06311164785741057,-0.18382820416718723,-0.2717176344294988,-0.45674981607184995,-0.46684481091260754,-0.20261108566193312,-0.28925350620265877,-0.27024158210598886,-0.2790553265129536,-0.1381830212338687,-0.06285900692680353,0.5011970367902572,0.3200377573258929,0.11229195296991908,0.1081224521902488,0.12114965504796013,-0.07919599106039785,0.27913907744416216,0.16694429406293812,0.20191239004798328,-0.04803185311659888,0.043560663899646954,-0.17997751218090202,0.18952002850307936,0.13291735495125326,0.04857600281329095,0.30742560742560743,0.15550650804888094,-0.07665153597356987,0.20471642675032506,0.16173600410888547,0.1368249605537741,0.06738248263671992,0.1808122452190249,0.04199762165863861,-0.14350976554366385,-0.2451676638117316,-0.36359842122553987,-0.47816691884488494,-0.12225276123581208,-0.32584109533262073,0.10180596621274587,0.06731215036299783,0.08507151219015625,0.16705303145981112,0.4901396003090918,-0.040263838568923314,-0.05904348107737938,-0.09569794320876525,0.5619437619437619,0.3565934193052837,-0.11467723501621807,-0.09162953400241536,-0.028582665870801462,-0.05122688173535631,-0.05455378336734269,0.17523609896491252,-0.09157909835875938,0.11731099358218003,-0.06643808677706983,0.049581476700120766,-0.02383523739455943,0.15402675402675403,0.3226062734537311,0.34908221009915924,0.17836866141950888,0.41348528806155926,0.40309276919446413,0.19500548314107635,0.17959855078499146,0.16517164313774482,-0.015637825807317332,0.5080100130947589,0.4894973555990505,0.338766964190693,0.15999481762193626,0.04370456743338099,0.17735856040940787,-0.2401254875831147,-0.06388669100533508,0.13616698362461074,0.021263019568104315,0.24068768306056443,0.06722747400713502,0.42924804619719875,0.36521976521976524,0.16276507632439835,0.13749080359249852,0.220022487819098,0.03269571574656321,0.1765289172068833,0.11996187250424538,-0.033286599388294306,0.06178227534159737
#58,0.11731469528079698,-0.027250054368698436,0.05064478962784048,0.14986373121966343,0.1520694808830402,0.007655575452185622,0.338580491122864,0.07379382464128227,0.06342120240425325,0.19533262075634958,0.23958920399598366,0.0992129263315704,0.34718647769495226,1.0,-0.11183109149210844,-0.16981218506642234,0.10345183396030853,0.10870084259914768,-0.05795379354701389,0.17992337483862908,-0.3014418116113031,-0.2953386360166021,-0.034670109246380434,0.010939907550077042,-0.06289787476228154,-0.12775209724362266,0.019963723353553862,0.012176737600466414,0.021683625073455583,0.02241517326263089,0.03957300906453449,0.19464364210126922,0.1614070156443038,0.16685082617286007,0.11608804490160422,0.24092597990903075,0.16585645738188112,0.09438591133506388,0.25916887611802863,-0.010188462730835611,0.14182502996062318,0.1555421368980691,-0.31239513781886663,0.13416714094680196,-0.13340459103170968,-0.06310239361086818,0.23936849021594783,0.021827065894862507,0.07431715228325397,0.055762387965777795,-0.18334744605931047,-0.2306884696715205,-0.32164151825168774,-0.30933892289824494,-0.2881545644257509,-0.3390681899156475,-0.04131049385286673,0.06728392491104355,0.030002730002730002,0.12926470384097502,0.13895713895713896,0.3696525493135663,0.5203019660646779,-0.04870047242928599,-0.02080817335054623,0.030653307080575436,0.6833835376208257,0.14936770360499174,0.18958527094120314,0.19904357361984482,0.1170731594460408,0.06802981718235955,0.0727582744531897,0.1637983129508553,0.03500557568354178,0.2599078277044379,0.07933943188180477,0.17159316481350378,-0.1849558341083765,0.05305968526307509,-0.036312275295326144,0.00767732293156022,0.22430118870796836,0.471792131114165,0.32780762272287695,0.15813841576553442,0.08202084981745998,0.19252441964306372,0.05059759297047433,0.09540295303007168,0.11776028725181267,-0.07866618544584646,-0.05466437161352416,-0.230092033481864,-0.036305797322746476,-0.08436911487758945,-0.012458066695354831,0.1410282393333241,-0.15123983768051566,0.23817006528870935,-0.1310220852593734,0.06416015399066247,-0.030199382741755623,0.3253348880467525,0.17625360337224744,0.2756844672098909,0.12992406890711974,0.2672478333495283,0.2127167228862144,-0.09613681478088258,-0.030830522355946084
#101,-0.37343707343707344,-0.2883988765344698,-0.49137180323621,-0.3496592123710768,-0.42096040570616844,-0.4773497688751926,-0.20750195495958207,-0.20735620057653956,0.055157160241906006,-0.30994507604677096,-0.20364663585002568,-0.42973296871601957,-0.43816266189147546,-0.11183109149210844,1.0,0.5818681547495107,-0.2738155721206569,-0.40346664075477634,0.5037669410550767,0.25569066755507436,0.6418486282893062,0.31444634156498563,0.11611950933984833,0.0058533109380567005,0.5842446452615944,-0.03660794847235525,-0.18376064816742782,-0.5216109792380978,-0.032731807308078495,-0.008533803449057686,-0.08473280676670507,-0.10138906240601156,-0.1414988177700042,-0.12900558493778833,0.18586413840651128,0.09088086545713664,0.3435666791598995,0.29038206156850227,0.19514383412688496,-0.041034254593576625,0.09864055118292406,0.1286395794870371,0.20999180999181,-0.003998297218636202,-0.2476061577756493,-0.06539189420545352,-0.3416265263722891,-0.47457765932342205,-0.33594488170759357,-0.30973222837629616,-0.20929820421345846,-0.3213157687733959,0.050288501135958764,-0.23185959457145897,0.6691356996441742,0.4183641268387031,0.12419013774945978,0.25720790127569787,-0.25693999083829594,-0.41999102338085387,-0.2257166257166257,-0.2137147933758103,-0.13129277197073808,0.042389538999708494,-0.3771179499993059,-0.31686011707317513,-0.14960738859043943,-0.04394702869279141,0.5819810565573278,0.2500247551095009,0.22214309841428487,0.10332643891965926,0.3800038867835478,0.035822725653234126,0.3002767019716172,-0.20982338270473863,0.26124367819283073,-0.21252145828417016,0.32609512440020916,-0.2786536922130142,-0.17287534067195084,-0.09645932527288459,-0.08207822614602275,-0.3600068481424414,-0.21270839406432626,-0.31563551224568176,-0.28040968549443124,-0.0878066047557573,0.2137481086633629,-0.49009888162430537,-0.3088489105438258,-0.3056450903908531,-0.29276826903945546,-0.26889416380941805,-0.384041051837662,0.06075274041375736,-0.34026430128125046,-0.23928381386008504,-0.41214110875127824,-0.11988783853190633,-0.36842497350971926,-0.33913944761402387,-0.3460102629594155,-0.35354830948051286,-0.32035564069462374,-0.3165396521328725,-0.2512486292147309,-0.2701263667365362,-0.05373385712368763,-0.21144195042500127,-0.2706843978030419
#102,-0.2993781146323519,-0.21258114817436852,-0.2577122577122577,-0.4205911612691274,-0.33280769212972605,-0.6085277881888052,-0.25419379317684404,-0.2844991370415099,-0.14360462157072326,-0.4537380215346317,-0.2228801991513856,-0.5004011715876122,-0.6010420281606722,-0.16981218506642234,0.5818681547495107,1.0,-0.26011512282698723,-0.09814637441756086,0.3151575304117677,0.5095656519385333,0.45462550377804617,0.6787212482127737,0.025830915661424137,0.33622713622713624,0.22296626364422975,0.2699773733672039,-0.12424288695475136,-0.10257545681274495,-0.32039635937941024,-0.2068777560302984,-0.16919168783575564,-0.1566947533049228,-0.2288524271575119,-0.051575304117677,-0.18468884909562874,-0.11332148789775909,-0.08174368513351564,0.15620474095050366,-0.152468801621344,0.07945372182660318,-0.15937200682963396,-0.007105410495241004,0.023857910298588265,-0.15431085939560515,-0.26663427680376833,0.11398455466252076,-0.3477130443232138,-0.34680150103878915,-0.38428397580939955,-0.16245043194195738,-0.2321460135019457,-0.13487185182100436,-0.011921783108223786,0.12921010378637499,0.3495874919603733,0.4891294992989908,-0.10596389918423817,0.4370433607721743,-0.1597097868284309,-0.18951077425653698,-0.09361086818713937,-0.19899082441455324,-0.3028211570584452,0.23385388470134233,-0.10487652521550826,0.06066598887014816,-0.306320650388447,-0.23368777097590657,0.3636483941568687,0.32157812666287244,0.09897046507216,0.2032547185089558,0.06642327998260202,-0.07957171347001855,0.05106585784551886,-0.13492089932767898,-0.002173822512805564,-0.15533021465224855,0.08427610969983851,0.034834372122507715,-0.3098900132798438,-0.19704141738040043,-0.2070184205777426,-0.44217576590457947,-0.31177510330052705,-0.1729081932471763,-0.11640685369498929,-0.08131382538162199,0.05289588509927493,-0.5450714196476908,-0.40634100973084025,-0.27409736392787243,-0.26476584442686135,-0.10234271251220403,-0.19087716375851968,0.08509973764211053,-0.051073723955079885,-0.2715061748960054,-0.208674930708829,-0.3434931078998876,-0.2435884266392741,-0.46828847337321916,-0.31430382616823294,-0.2720799381816331,-0.32111448891109906,-0.3695054067935424,-0.21835718615379632,-0.176737600466414,0.001420989556582777,-0.052338316745096404,-0.10779207558868575
#201,0.4265624638505994,0.059088826885437054,0.5496541225354785,0.394219334897301,0.09132738285280659,0.21130036045290282,0.09203348186399034,0.34168806711179595,0.02086045984351069,0.45411698293054226,0.3674134843626369,0.09860307148442742,0.22148743504675708,0.10345183396030853,-0.2738155721206569,-0.26011512282698723,1.0,0.4753013414030363,-0.34170056034462815,-0.29315694739423553,-0.057573906726449096,-0.3801787920431988,0.3391764646001934,-0.049981722863078795,-0.09125103531883193,-0.250122387410523,0.3814901187782544,0.17637575942660688,-0.060841118468237115,-0.3161458839424941,0.37660850372714777,-0.020444481461430613,0.3927321774779402,0.028914893321672984,-0.37113739317129146,-0.32899355441728323,-0.2741403961742945,-0.21279538398182465,0.06770221685475923,-0.02051990357075103,-0.3757321265795842,-0.37581819107242836,-0.26307231730960545,-0.05802967836866142,0.0793523878269641,-0.04836222971816192,0.30479231157197256,0.3092075125973431,0.38399292975564164,0.22221944594825951,0.28251178759653334,0.2577191983971645,0.33422035286442064,0.01842613029053707,-0.1017268424048085,-0.23065284082233234,-0.050685508312626956,-0.47280871009684566,-0.057592415219533864,0.13516983855966908,0.12735231379299175,0.17784903547615413,-0.21261307532493973,0.04641744980728032,0.1456979321386101,0.09544391411179126,-0.09920598564666361,0.033787254126237176,-0.20503847452999996,-0.16132604098705794,-0.09254200271149424,0.04173757733079767,-0.22816807562570274,-0.2571574656320419,-0.27072002665223005,-0.06455253404405947,-0.09529791733181564,-0.04715917766765224,0.0896324675985693,-0.06595038798428629,-0.014894247097636927,-0.18345294446989363,0.24830207711563643,0.3694614491224661,-0.007287256439798813,0.23766570885214952,0.14831179407450593,-0.11842242859192012,-0.24093014431997484,0.044495805512754665,-0.16812744948338168,-0.16365949925271958,-0.06738572162300976,-0.10910432774839554,0.07985350527723409,0.5590786472142404,-0.006504809894640403,0.4994137434815401,0.359535344281107,0.3883340968086731,0.15389349287654372,0.6750385208012326,0.11424274814105323,0.5277608887778379,0.37409597579089104,0.3319345539684523,0.3428328174090886,0.098232438910405,-0.015227399973162685,-0.06633305107881379,0.04611946306861561
