,#10,#11,#12,#13,#17,#18,#26,#49,#50,#51,#52,#53,#54,#58,#101,#102,#201,#202,#301,#302,#401,#402,#501,#502,#601,#602,#701,#702,#801,#802,#901,#902,#1001,#1002,#1101,#1102,#1201,#1202,#1301,#1302,#1401,#1402,#1501,#1502,#1601,#1602,#1701,#1702,#1801,#1802,#1901,#1902,#2001,#2002,#2101,#2102,#2201,#2202,#2301,#2302,#2401,#2402,#2501,#2502,#2601,#2602,#2701,#2702,#2801,#2802,#2901,#2902,#3001,#3002,#3101,#3102,#3201,#3202,#3301,#3302,#3401,#3402,#3455,#3501,#3502,#3601,#3602,#3701,#3702,#3801,#3802,#3901,#3902,#4001,#4002,#4101,#4102,#4201,#4202,#4301,#4302,#4401,#4402,#4501,#4502,#4601,#4602,#4701,#4702,#4801,#4802
#10,1.0,0.19428302756690877,0.46138852497181226,0.5352901167222813,-0.13181081586911766,0.06425614081536699,-0.05426467701662049,0.4799481437185884,0.26003277536096264,0.5822766550872565,0.4303477931409112,0.08775671369946181,0.029243108272811513,-0.14721340959615095,0.128462068682184,0.13244988975975386,0.49525487636202625,0.2661313662030338,0.18045346857354141,0.09705797769632121,0.3167587998192334,0.07544906352850954,0.33938749332396023,0.2406578809222749,0.35876512665075067,0.26737390843897074,0.2689469431726367,0.2351691491644109,0.36300036062026686,0.04550114805059639,0.24643784778172886,0.20116767929446241,0.2864767399927876,-0.15054481049176735,0.05929418853592736,-0.14692491338266375,0.13732511058260716,-0.17021915669635318,0.17983447986232523,-0.006691103634960994,-0.03928661094550982,-0.09851871801777538,-0.05815937589869766,0.023256811842952155,-0.1975048729384161,-0.16116347966603825,0.22705930149223755,0.14953689966996397,-0.06638608279658735,0.011863950298310562,0.1307106958145225,0.04238155450159084,0.1397015524930729,0.06768340279457882,0.10883610950074635,0.13554026850233034,-0.2497993764464753,-0.24410431511820585,-0.4066189795815892,-0.35534425541044523,-0.2654457312146512,-0.1549945906959971,0.0275815161571574,-0.21131799860316708,0.35844193785462897,0.20662445735779464,-0.24593663125892992,-0.4603641808213925,0.191946756015283,-0.015173440089105159,0.39072429895876604,0.34977974774840576,0.0875713822711773,0.11381540807150324,-0.15032478648084832,0.025527350080112476,-0.2930674177306486,-0.19497414033149676,0.10666051938448055,-0.17026936964490316,0.13530472412549585,-0.06525583497286218,0.11843043452459749,-0.092292312397577,-0.2992728252087261,-0.18161293120369568,-0.27188850899496503,0.0812710266722053,-0.02947956561234691,-0.2477698603623549,-0.06910945053339845,-0.3095719574376789,-0.4124190316204632,-0.3909260637156669,-0.4647317943825405,0.3262207452514527,0.2124655927182095,0.24285994695686708,0.21998657944829664,0.15099398814061452,0.15826938790415718,0.2581283351668668,-0.13430594293070156,0.21810861517252714,0.15781747136720728,0.3712033304879329,0.21715000433657283,-0.1952982420903194,-0.1489288665111587,-0.36216226086083253,-0.3810103758210958
#11,0.19428302756690877,1.0,0.2566685078081135,0.10100288952694837,-0.19229642072973108,0.15806944907265813,0.4069366906015055,0.20562658912570128,0.0372224022787549,0.24546828139336369,0.03770353362213387,-0.044198350276399456,0.1339361930368335,-0.0593288811185619,0.3147183281827021,0.17528792561179912,0.0669165141258154,0.05298926812345082,-0.04369074301469413,-0.06363623914144988,0.13138994006399868,0.038110714986739215,0.028268977070941767,0.06992929103881461,0.1894315437742791,0.1739842148749013,0.06801024344150419,-0.03132283730548188,0.03202673154788261,0.0027407140281283807,-0.12388995147603245,0.10110240246134744,0.008608325306869587,0.04173335098394555,-0.05121994640908946,0.019824985050235774,-0.2740933139176599,0.02173946783404164,-0.22464907996183817,0.2082285328232915,0.17002286971565778,0.10998735546659241,0.01180186883464876,0.21877233905608787,-0.16215130530842162,-0.1852684338581347,-0.005809181665883041,0.005380089196455879,-0.1078318505297466,0.028956437984726136,0.016011539848539487,0.03449629565384106,0.06176283967918491,0.0802284232677674,-0.03784230395267201,0.032734277641086974,-0.15262180063633501,-0.23294882387580054,-0.21458731803512168,-0.1433926606928474,-0.1943925830910178,-0.323183318345529,-0.022847804552944988,-0.0934791639087585,0.039333172043256176,0.07918490690062857,-0.03896889992559354,0.004405957994586132,0.23575344529299255,0.009930295297785609,0.4012206311311151,0.22248079354717962,0.10368882579302223,-0.057309407624151515,-0.23247408327132796,-0.28357351860389746,-0.17513363491534553,-0.20964362500970024,-0.11892343438308828,-0.025908055526391468,0.386948285227807,0.1405451300287127,-0.07841984415726695,0.06622174951042376,-0.24987150049984708,-0.1485180332957497,-0.2614834730927068,0.07393719729580447,-0.07506561919412783,-0.14401804014296996,0.08922201883442052,-0.186657963088918,-0.2548772749889303,-0.14411755307736904,-0.10506922539679642,0.03784504284077474,0.07403031949129718,0.0227044694089023,0.11760420328027499,0.03508515659592727,0.1539300761867374,-0.12967265722358914,-0.029766235900432286,0.09462949691190367,0.13140637339261504,0.20828148465994423,0.2827025521872304,-0.32510693075634395,-0.04498441116188198,-0.13364221904714083,-0.14540848233645415
#12,0.46138852497181226,0.2566685078081135,1.0,0.5453537045743996,-0.07936019573920307,0.23523670840427816,-0.13199249544659852,0.1932577704537881,0.020872153268178227,0.5545344574947391,0.42676076268904034,0.09234800312233243,0.05635353567629994,-0.0944679025138428,0.19610895296872646,0.16643583926378688,0.7144709152907558,0.5264599414790909,0.0874572619335637,0.17792912670552843,0.057110381755353386,-0.07482185815298516,0.4362930062492297,0.012928464807570287,0.20856632902262778,-0.09442316734149826,0.27604888002300665,0.27275125874732387,0.2984246828595818,-0.08689670283520566,0.3440353864342872,0.27277316985214567,0.31145539948965384,-0.07253488658720848,-0.02247988058447872,-0.3229459480432927,0.13360204868830083,-0.09999589166784591,-0.005154587409331392,0.1373926698224744,-0.15049551050591828,-0.22326228961915762,-0.10186655224200815,-0.19988222781158277,-0.21996558130617574,-0.25585962285510827,0.4306919800791539,0.4155441029456742,-0.08246244299689136,-0.033101288646852335,0.23847681302980367,0.13207557505238124,0.10606618066618888,-0.043803950389606834,-0.13088233280229336,-0.11952051198948267,-0.45010795783938246,-0.38035030378833873,-0.2768595909014137,-0.30216509104520534,-0.21035664887911004,-0.05836296658100033,0.015352380778483296,-0.14072772256889446,0.2987478716557035,0.19795952836346872,-0.2531462977080071,-0.5830572381965334,0.17532170523173277,0.14722162626045912,0.41294672406158844,0.3947742014999977,-0.02055261632286013,0.15491516294101804,-0.23078145042384293,-0.21192237991116872,-0.2865799047779903,-0.21612383426075127,0.24885628597643644,-0.05397891969123601,0.12067267091802965,-0.08060638982594366,0.03471997151556373,-0.04218709344629725,-0.18716009257441787,-0.06621992358502193,-0.2021326808693231,-0.007130238694098153,-0.07430512126427075,-0.1637982900208612,-0.2567086781669535,-0.21874038536155604,-0.3049149347003428,-0.28247157262390044,-0.2764469317606029,0.4896839779610804,0.19575472344077383,0.437431470737263,0.4711344018040143,0.07629994476575659,0.3362359460804229,0.4961094094500769,0.12951836652713553,0.38948540857363273,0.500414941547563,0.3711695508679993,0.2985871902203435,-0.22338188773297668,-0.23371023476835853,-0.33566443142965396,-0.29055859622855107
#13,0.5352901167222813,0.10100288952694837,0.5453537045743996,1.0,-0.04199354535370457,0.09350381390168305,-0.07812313127947158,0.14505790465930515,-0.08184071539757243,0.5926424335933755,0.34567598040782044,0.03676957277910411,0.06513623685904313,-0.19682745461434173,0.08592348459603683,0.17311690030903787,0.48119159891722624,0.254940269415293,0.0821885541866187,0.16467747310183642,0.15831868789000625,0.08543413658834968,0.38211962550270007,0.29720496469116753,0.33766747159544797,0.2686913136163822,0.32342890531207347,0.36043037061720845,0.07769769066084806,-0.012209050199254109,0.16095715009563286,0.27946701237520943,0.17726175097116406,-0.13791305856199246,-0.05451665472207133,-0.11100987369161033,-0.052948184801909916,-0.1755535977577636,0.023338978486033952,0.11450652083609124,-0.0695367170774238,0.024078478273770125,-0.1617459498692181,-0.0693723837912602,-0.10814864858696198,-0.15185126011676792,0.35759562143088647,0.2513158074926849,-0.0885089949650107,-0.004277230253757982,0.2067550110240246,0.024296676359287343,0.14185340557911508,-0.015223653037655147,0.06874517841573582,0.11062277750642498,-0.18553775785490284,-0.11808259573555123,-0.17621914756672616,-0.22992326548498862,-0.10744658026996307,-0.009736747205192933,-0.06226953397818932,-0.11836104935932842,0.34406916605422083,0.3167578868565325,-0.3520767619038924,-0.4824943966914232,0.10047154523501943,0.044374552077674864,0.20575075205302487,0.1804196889536078,-0.15824656383663446,0.09834160325379906,-0.31985100448721165,-0.07341041781738007,-0.20006755923986724,-0.03456841970721286,0.1040366645820685,-0.010469856254022742,0.06711827888271625,-0.08493383302825164,0.1599328059452131,-0.13109779199970786,-0.20678970360665916,-0.06323544851575089,-0.12317966649472535,-0.00863114937439231,0.03183866123149539,-0.19266434469819735,-0.14869514805972603,-0.1556007979294006,-0.30045785079450577,-0.24824733985493022,-0.2749505858938133,0.3827386142139163,0.4007833219973798,0.26206411737048485,0.3693801439742179,0.033089420131740516,0.1445904677564398,0.25343661984689614,0.07330634006947646,0.38566374670762826,0.31015807949166235,0.2817475932020797,0.12431082728115143,-0.0767847279599392,-0.1509602085206809,-0.21914939265156322,-0.2000931221954927
#17,-0.13181081586911766,-0.19229642072973108,-0.07936019573920307,-0.04199354535370457,1.0,0.24623790895022984,0.049986533800161596,-0.1651485618555054,-0.015852684338581346,0.03750815960413937,0.06442960372853967,0.3127408509725335,0.22936727120013511,0.09913040302738432,-0.0018852679773767843,0.09115202198414184,0.0022586697220485057,0.10146119680280462,-0.005422998443398595,-0.008915080774374962,-0.08899651704729604,-0.1469906466971292,-0.0655260719323312,-0.03287761278512966,-0.1814814645747648,-0.14596538958400854,-0.2382339649513619,-0.18025900751824783,0.12759475411632057,0.26888942652247944,-0.07588911155034761,0.16364582524980942,-0.03932678130434981,0.2622667950900866,0.18939776415434548,0.1354854907402758,0.21535877151738966,0.14663915605727929,-0.023815545015908376,0.03493543071297822,0.26841833776881047,0.24195154906946276,-0.11591796117169632,-0.026537999790018578,-0.06706897889686717,-0.22702004409609847,-0.22882588431849618,-0.16367686598164033,-0.18447872112184857,-0.2622768376797966,-0.2924876864155715,-0.21349358871943286,-0.4035870304518709,-0.34067659665764355,-0.29879169386534715,-0.28944204284533953,-0.09610484463657237,-0.2755093190667695,0.10996179251096697,0.16725476680650211,0.11532453541610557,0.04867643232435739,0.16753322043027932,0.21466765875280167,-0.10447306075310293,-0.18041512414010324,0.23138857061994733,0.16406304920412476,-0.022876106396673163,-0.035974382266612495,-0.16907247554401164,-0.10424116822707208,-0.13196328064016943,-0.18590111700986456,0.0013329255433269273,-0.11758411810085499,0.102408852086348,0.02703099964850936,0.19370694810263528,0.33985493022682556,0.12543468436597022,0.22413234307312374,0.016912634034336526,0.1915140116950522,0.3209356041758914,0.20764880150821438,0.1664778355480287,0.10027982306782857,0.457013607709057,0.20984356384119926,0.3291522684840711,0.28671137140692116,0.2627543171723719,0.19350883519653805,0.12829225761981494,-0.12393286072297516,-0.06231153026243113,-0.10951261486211981,-0.20612780564850022,-0.11207256227546823,-0.1885158421852675,-0.026439399818320424,0.11767450140824497,-0.25884044607357565,-0.17012146968735592,-0.20575440390382851,-0.13880228423267768,0.16951252356584973,0.006609849954580106,0.1500855902532102,0.18553136711599647
#18,0.06425614081536699,0.15806944907265813,0.23523670840427816,0.09350381390168305,0.24623790895022984,1.0,0.13131233823442143,-0.10675638046807598,0.008205708755768783,0.12109902449935409,0.19194401712718026,0.027448223602824708,0.3625612255611297,0.05576467473421373,0.2949837264398563,0.24376286706806594,0.12919152588021016,0.45214660355051195,0.06796368234375784,0.04370078560440413,-0.01573308622476229,0.15899975806488426,0.2103940803498473,0.3176160717953868,0.11425363016793949,0.08061734537835456,-0.009465597283023002,0.33210935467231484,0.29247125308695515,0.3206863653585433,0.25878932016232475,0.21588555099581408,0.1633125938639777,0.07892653845627137,-0.013470764651910147,0.038793611087019036,-0.006932125788000931,0.08207260792360328,-0.06452272592403237,0.22367220987186567,0.12370188115964523,0.08979170755978765,-0.31874449369371016,-0.05706382065760703,-0.42184628447004796,-0.09037143887486476,0.19156878945710673,0.3152158928546974,-0.2186335687255497,0.07400293061026991,0.05786814079710773,0.26584926072845294,-0.11507255771065474,0.27462374524688793,-0.13684124035112546,0.08647126221658215,-0.4787549014685005,-0.3139970876489841,-0.2630190763556355,-0.3183382252918057,-0.3604796706030575,-0.28891252447881244,0.2774028037084545,0.20654411664011466,-0.06977043552885646,-0.3115549124240529,0.23345186632400133,0.0063523944729238085,0.1056151770919399,0.10071987108966664,0.22509917057338621,0.1214623836543158,-0.06034683453007527,0.07274395504571661,-0.242460069293869,-0.1940995220640261,-0.33618116831836836,-0.33128129750259055,0.1634184975372831,0.3981348172020432,0.07361492146238366,-0.0877457581470509,0.06984895032113463,0.34229436656365403,-0.1095947815052016,-0.40102525711312065,-0.2974112942615729,0.017503320901824555,0.19689775274231172,-0.33028069038239444,-0.12354850342589253,-0.3229286017519754,-0.1550046332857071,-0.252866931121529,-0.2996517047296033,-0.03617979887431699,0.0733519882045219,-0.03006751359173221,0.3475995928186354,-0.12545568250809114,0.2689871135314767,0.11113951439513939,0.4868291435953384,0.007207840523675405,0.21668348039640842,0.14595443403159764,0.20526322997073954,-0.27128686657506607,-0.2657743977869784,-0.2402324403036514,-0.24782737701251215
#26,-0.05426467701662049,0.4069366906015055,-0.13199249544659852,-0.07812313127947158,0.049986533800161596,0.13131233823442143,1.0,0.12837259833749493,0.008212099494675145,-0.07124943510432881,-0.25409304002884964,0.055168510090520255,0.06499472764040225,0.2618933933454149,0.06703428631423264,-0.11541857057429919,-0.2481624343237457,-0.11232819183172271,-0.06358054841669443,-0.014270519977906303,-0.2022477141696376,-0.17663454559563968,-0.21437916253931447,0.03296799609251964,-0.10102480063177019,-0.07382216399548996,-0.12937594434579375,-0.13604422391323204,-0.05419529185135141,0.18305084745762712,-0.27845910155340603,0.016825902577750185,-0.06699868076889719,0.06301451154213095,-0.05514933787380116,0.24955013762912717,-0.3243446069010851,-0.031768363103525404,-0.02731858289929565,0.029275061967343325,0.11582483897620363,0.3250284159640658,-0.12814253173686588,0.2401502736605696,-0.07612009111367755,-0.2008974423349934,-0.10199254109473357,-0.12347911826062347,0.15096568629688634,-0.06732643437852347,-0.024856322494944467,-0.01697562846069924,0.12128253000223675,0.009926643446981973,-0.09487143202764452,-0.08155587103488887,0.06695303263385174,-0.16877302377811354,0.032584551758137924,-0.0753924598410532,0.0022340197291239668,-0.2891855003263842,-0.007226099777693582,0.08887052819457061,0.03107907626433922,0.0491210451597,0.20888677893064678,0.3832991733122743,0.0010243441504197346,-0.012724874125267613,0.18329095664796616,-0.13129681786850597,-0.020548964472056494,-0.2654192552963249,-0.14129102055535522,-0.06235170062127112,-0.06470805735231687,-0.1615733999187463,-0.245284775890481,0.17413120186974762,0.3139468747004341,0.19920937430101293,0.10256405574550252,0.0975619331072229,-0.01605718798358493,0.009399863968557565,-0.1770873750952905,-0.1018610744658027,-0.12521009554154666,0.036261965517398784,0.20058977390478713,-0.02712503480670297,0.003606202668589975,0.0021673734519576204,-0.0829189243473458,-0.27634741882620384,-0.04270930811121711,-0.07031090944779451,-0.1265439340475745,0.12878799636640845,0.12272683699507457,-0.24996827454614343,0.10943501303254255,-0.04724673273473412,-0.04816882506265206,0.10800713936832111,0.10049802115334577,-0.16031533731689393,-0.008716054905576833,0.11256191028315538,0.02160982713051258
#49,0.4799481437185884,0.20562658912570128,0.1932577704537881,0.14505790465930515,-0.1651485618555054,-0.10675638046807598,0.12837259833749493,1.0,0.5886619162174129,0.37252803936695167,0.372294320915519,0.20011777218841725,-0.02951699708308417,0.09789790338115736,0.03862380002464999,-0.2577211538022614,0.2138268201052646,0.00858276235124414,0.13218239168838758,-0.01902157787343598,0.21240168532914588,-0.35843006933951715,0.2504165392322897,-0.08131576184454985,0.22800969566388365,-0.0209104977016164,0.19901400028301844,0.006683799933353723,0.13081020874892157,-0.21808122629149987,-0.02949143412745872,-0.022857847142654986,0.08931422806721231,-0.28468185532280077,-0.035281443576622676,-0.19051979531376245,-0.06247038577238927,-0.3066066545851269,-0.002122638279613086,-0.14493648062008427,-0.17312329104794424,-0.18561444672177918,0.02616459804534686,0.014015803384352732,-0.06724974551164713,-0.09331848247339855,0.06378779094980075,-0.057598816800339625,0.17604111984004894,0.05815754997329584,0.011631144809578805,-0.00744338490050989,0.07855587559970237,-0.0011110756070060758,0.2828139336367413,-0.03366367367061219,0.016425111952051197,-0.2772786407811309,-0.3185527715265193,-0.25990404762013447,-0.026410185011891338,-0.06262376350614196,-0.16850552570674726,-0.28139975441303344,0.14647299684571388,0.1091711668119799,-0.11888782883775284,-0.26668462159978457,0.11234097330953544,-0.15078857153291003,0.44814600099512936,0.16617838378213057,0.13833210844170962,0.025665207447949714,0.096839779610804,0.10512309019615004,-0.007356653443923548,0.03749446516362574,-0.18597963180214272,-0.36403839921120024,0.04069257350490946,-0.16985305865328873,0.14794377975687803,-0.006903823944272757,-0.17598451615259258,0.14242126837908037,-0.2397074867506288,-0.15853414708742075,-0.13272743042083016,-0.02396435793615652,0.1503430457348665,-0.1419383111102996,-0.1449510880232988,-0.2152619974710933,-0.2801791232819183,0.19180068198313757,-0.15663427170682942,0.14765528354339083,-0.015029191982361561,0.24001241629273237,0.13886893050984403,0.12088995604084594,-0.22510464834959168,0.07688515385703917,0.15104237516376268,0.2439783262654804,0.16130498888467912,-0.15412453724203098,0.030643593056005697,-0.13584245915633117,-0.1542724371995782
#50,0.26003277536096264,0.0372224022787549,0.020872153268178227,-0.08184071539757243,-0.015852684338581346,0.008205708755768783,0.008212099494675145,0.5886619162174129,1.0,0.2648322202796405,0.41414361816247997,0.29387630268365383,0.13917294708924666,0.166955315040604,0.1131297730831207,-0.0503380244400115,0.21989802206630849,0.11759050883976135,0.19217864854131383,-0.09110363496099366,0.16788562403283014,-0.15674291426823758,0.19358826295151713,-0.008083371753846996,0.09263467341041781,-0.001285451482879667,0.11891886956958374,-0.14945199413877946,0.26545668676706213,-0.13968694508985835,0.06397220941538434,-0.27729690003514906,-0.03766884103949933,-0.1915952653754331,-0.04404132069184313,-0.17862115243281737,0.041122578937037524,-0.08680449360241388,-0.10580324740832714,-0.0862192845111313,-0.1118224104954192,-0.09703880547960213,-0.004945518950823264,0.0915400311320281,-0.11407012466505681,-0.030424482007787572,-0.1200902007148498,-0.17312329104794424,0.02086302364116914,-0.12893224447315205,-0.1269976765099262,-0.11167268461247015,-0.08237571154030503,0.072659962477233,0.1074694043374858,-0.037961902066491075,-0.1363299812386165,-0.2806520379609891,-0.3562033533120004,-0.2642789648828897,-0.17173010996635732,-0.07548284314844317,0.04984593754422163,-0.0733720733839419,0.04289737842760434,-0.08031058991084919,0.22659369051477402,-0.14980439774133028,0.22528085015086707,-0.020213907160822945,0.31928314168724636,0.16632263188887417,0.14476849548311704,-0.05242323124888733,0.06252790242254652,0.024917490995905362,-0.09215536799244067,-0.09811518850397367,0.002393788201783016,-0.16303687912830322,-0.05923210707226556,0.00700516280407364,0.02406660975865831,0.306676039750396,0.07320591417237649,0.009517636156974808,-0.3050025791196301,-0.06921078939319934,0.06657963088918002,0.0025736418538620603,0.1498281347715539,-0.19576841788128746,-0.13601409614410204,-0.2770147945605682,-0.304542445918372,0.13934549703971844,-0.09208141801366705,0.07070896118539077,-0.2034637804872482,0.0016981106236904691,-0.037966466879995615,0.24111801412353298,-0.24473791123263658,-0.00741143120597808,0.02318468778958036,0.03360250516965129,-0.025897099973980563,-0.2115599337189079,-0.11572441307910365,-0.18268474941456267,-0.1688807533768208
#51,0.5822766550872565,0.24546828139336369,0.5545344574947391,0.5926424335933755,0.03750815960413937,0.12109902449935409,-0.07124943510432881,0.37252803936695167,0.2648322202796405,1.0,0.6303742690592375,0.14507798983872514,0.13582328693961207,-0.050186472631660636,0.1493223534352504,0.1460639895557067,0.6428261673369334,0.2922037550155888,0.09535073744562166,0.044752518635851134,0.2654868145361921,-0.10693623412015502,0.45722358913026606,0.06026010307348893,0.3723664449688908,0.03872879073525451,0.33497514459046773,0.14282844974368572,0.26066545851269246,0.015588838118018688,0.1671178224013658,0.170841797258373,0.16640297260655415,-0.17800216372160116,0.01889376309530874,-0.2889910392710906,0.025025220594612606,-0.27958113271282303,0.055677943277627394,0.079300853163644,0.02702187002150027,0.024670991066659972,-0.0846517275536708,-0.15048911976701193,-0.17074411024937577,-0.24160827509392105,0.15287469130448675,0.039992331113312365,-0.10759174133940758,-0.06232248581484204,-0.1150488206804311,-0.11206160672305733,-0.08081271939634906,-0.1555807127499806,0.024246463410737353,-0.08494752746876526,-0.18546563380153103,-0.29978408432123504,-0.24381673186741956,-0.14023107085960004,-0.019968320194278463,0.09653850191950408,-0.023575435825569348,-0.16557674136223163,0.34008499682745463,0.24213140272154182,-0.26935503749994294,-0.5548877740599908,0.18070635924169318,-0.018492059506908846,0.3642136880497747,0.34297543673853204,0.024759548448648132,0.16621307636476512,-0.19393884062866612,-0.1253479529093839,-0.011453117082901578,0.0482236028247066,0.19235576330529017,-0.14655698941419748,0.02661103680609129,-0.0749487599684115,0.1468071411942465,-0.09782669229048647,-0.22988674697695224,0.10998096472768605,-0.12885190375547206,0.15938320239926598,0.19213573929437114,-0.20220024010919033,0.03460037340174467,-0.12366079783810432,-0.25829266845303034,-0.23026471353512853,-0.26700781039590626,0.42038919599939745,0.12986164050267726,0.3351960815640877,0.18812144229847488,-0.05435049551050592,-0.011535283725983374,0.3684470960938891,-0.12175727060670936,0.35602076077181866,0.2555446507232947,0.28004948257838924,0.08242409856345319,-0.07651814285127381,-0.05248074789904458,-0.20410650622868803,-0.14886039430859052
#52,0.4303477931409112,0.03770353362213387,0.42676076268904034,0.34567598040782044,0.06442960372853967,0.19194401712718026,-0.25409304002884964,0.372294320915519,0.41414361816247997,0.6303742690592375,1.0,0.195813153053632,0.15377213363948017,-0.04939219508186993,0.19180068198313757,0.23451638083326107,0.5194785157052408,0.38070179442818863,0.17119693974902656,0.1001903527231395,0.22186363076136525,-0.021839893731141615,0.47918855875143224,0.25988031058991085,0.21410162187823817,0.1484742110861061,0.1261741841537064,0.0530184829298799,0.3986725522328785,0.051316720455385795,0.26512619426933315,0.02823245856290541,0.3005418433629894,-0.07069161489407351,0.025531001930916113,-0.19869537630040124,0.06448712037869693,-0.03817188348770011,-0.07578868565324763,0.13886893050984403,-0.049418671000196285,-0.08329962979362478,-0.028436962207908995,-0.05169012220005752,-0.27324608453121646,-0.11708198861535513,0.11592252598520088,0.0060912871404638766,-0.14487531211912338,-0.08818032839268351,-0.05533101745128203,-0.023289678500184874,-0.18260897351038724,-0.03121602066947555,-0.10821712078953015,-0.07543628205069682,-0.35173166200294886,-0.26310945966302546,-0.3256282324585629,-0.1880493182451031,-0.05958724956291911,0.03831247974364008,0.08739335454450009,-0.11412398946441044,0.060283840103712565,0.05472024540437401,-0.07219891631327402,-0.4728042105839766,0.2412750437080893,0.1631482605778141,0.2544235325265786,0.30106223210250743,0.022252552871952415,0.10616204174978432,-0.13280046743690285,-0.10007349349742316,-0.164220991751382,3.6518508036354174e-05,0.12221375195716379,-0.03753737441056846,-0.043593056005696885,-0.13103297164794334,-0.01710161731342466,0.04147680846499016,-0.057093035464036115,0.044153615104054925,-0.17506424975007645,0.11682635905910065,0.1634258012388904,-0.20455933572833881,-0.006035596415708436,-0.16289902176046597,-0.20381070631359355,-0.24064236055635946,-0.2826925095975204,0.36364126043630485,0.16955908466359607,0.27014018542272455,0.17141513783454376,-0.01310101475804206,0.03282557391117786,0.4161156175964431,-0.051626214810993894,0.17416863334048488,0.1588810729137661,0.15820548051509356,0.0892302354987287,-0.11527067061675195,-0.11747638850214774,-0.2599268716876572,-0.1374748364655562
#53,0.08775671369946181,-0.044198350276399456,0.09234800312233243,0.03676957277910411,0.3127408509725335,0.027448223602824708,0.055168510090520255,0.20011777218841725,0.29387630268365383,0.14507798983872514,0.195813153053632,1.0,0.2516408222142084,0.08464990162826898,-0.26962618742211286,-0.08149287660852615,0.3108911885404922,0.19225898925899382,-0.13166474183697224,0.037800307668430205,-0.18476721733533577,-0.2173024691076246,-0.03788521319961473,-0.06707993444927808,-0.18814883117950215,-0.1644355379860956,-0.0590714256369056,-0.05057722066764962,0.17594251986835077,-0.046567488485257935,0.09343351577371306,-0.027305801421482926,0.045340466615236434,0.04184747132155916,0.24597041087886354,-0.05925584410248919,0.26534713124295306,-0.10049163041443941,0.056954265133497974,-0.11421528573450132,0.05801330186655224,-0.12327004980211534,-0.013728220133566444,-0.015190786380422427,0.10231755581625712,-0.10474147178717014,-0.05639644492324266,0.015417201130247823,0.08217851159690871,-0.06848589700867772,-0.12617783600451005,-0.020302464542811104,-0.14474110660208978,-0.200701155354298,-0.2462050422929971,-0.34166533526272785,-0.13304788032884918,-0.3195150342132772,-0.07535046355681138,0.0562147653457618,0.0059652982877384545,0.04133895109715292,0.09401963782769655,0.018565096522981554,0.12451806981425774,-0.025335627912921616,0.1498381773612639,-0.04182921206754098,-0.17982991504882068,-0.1700237826783587,0.07087877224775982,-0.03535904540619993,-0.04299506543660159,-0.07838880342543605,0.0525336997356973,-0.040359342119077726,-0.0707536963577353,-0.0027425399535301984,0.1274632874873897,-0.005636631715411267,0.32671465807264444,0.27688241496893645,-0.1704693084764022,0.23489617331683915,0.28415598880707726,0.14304390894110022,-0.004847831941826017,0.14851985922115152,0.38665157235001163,0.44981398384968985,0.3315277974318359,0.09872230870007806,0.01811135406062985,-0.022324676925324215,-0.034349308658994736,-0.03060159677176389,-0.12058959131224693,0.12842737609954946,-0.10210574846964628,0.07918490690062857,0.10730963586482674,0.33487928350687235,-0.10923690012644534,0.14077245774123898,-0.13682754591061183,-0.09190247732428891,0.09754367385320473,0.033811573628159425,0.1317396047784468,-0.022132954758133358,0.020334418237342913
#54,0.029243108272811513,0.1339361930368335,0.05635353567629994,0.06513623685904313,0.22936727120013511,0.3625612255611297,0.06499472764040225,-0.02951699708308417,0.13917294708924666,0.13582328693961207,0.15377213363948017,0.2516408222142084,1.0,0.13202262321572852,0.15433634458864184,0.19121821177995774,0.08806164324156536,0.0402123551242314,0.028957350947427043,0.22531462977080072,0.09586199655813062,0.1804616852378496,0.11393044137181775,0.1611068759785819,0.06334226515175723,0.0011612885555560629,-0.06118036947600506,0.1741211592800376,0.07393537137040267,0.10135985794300374,0.08911428923571328,-0.0045401635116197325,-0.08322294092674844,0.05797495743311407,0.047149045725736874,-0.011211181967160732,0.008128106926191531,0.11071772562731949,-0.1433926606928474,-0.0222196862147197,0.012728525976071247,-0.041873034277184605,0.1539008613803083,0.2021856327059758,-0.20179671059538862,-0.16092063158759648,0.03178753532024449,0.03225405926040892,-0.10493228099166009,-0.1040877904933194,-0.0182190836593371,0.1100786517366833,-0.16043128357990935,0.018579703926196095,-0.10447762556660747,0.00907667517243583,-0.2443562928236567,-0.11057804233408045,-0.21896680011138145,-0.1552301350728316,-0.16506365632432088,-0.13571373141550302,0.2134269424422665,0.1948426737025659,0.04567643688917089,-0.06830421743119684,0.22582406295790786,-0.00784143663810615,0.09972382878297507,0.09798828668854734,0.11663554985461069,0.11731479410408688,-0.1151309873235129,-0.04180273614921463,-0.18815978673191308,-0.10792588568794022,-0.2690619764729512,-0.2698580799481437,0.1301236607978381,0.1555378035030379,0.0472759475411632,0.1149556984849384,0.05139340932226214,0.181399297931683,0.023932404241624707,-0.24548471472198002,-0.1679020573614465,-0.07057658159375899,0.22194944925525067,-0.027603427261979212,0.05628597643643269,-0.046274427458266196,-0.14441152706706167,-0.14115955392642435,-0.08935987620225776,0.07931180871605491,0.10358931285862316,-0.005679540962353983,0.10524999201157637,-0.036463730274299645,0.013277216559317469,0.049446972843924464,-0.057924744484564084,0.021052919882958182,-0.03181401123857085,-0.06398681681859887,-0.039714790452236075,-0.15063519379915732,-0.04056475872678222,-0.09804032556249914,-0.10540702159613269
#58,-0.14721340959615095,-0.0593288811185619,-0.0944679025138428,-0.19682745461434173,0.09913040302738432,0.05576467473421373,0.2618933933454149,0.09789790338115736,0.166955315040604,-0.050186472631660636,-0.04939219508186993,0.08464990162826898,0.13202262321572852,1.0,0.08049774726453551,-0.06428444265909516,-0.2060118593854848,-0.18724134625479877,-0.19509556437071762,-0.009622626867579325,-0.04675281991354243,-0.12931112399402922,0.026446703519927693,-0.12869122232011213,-0.10760817466802394,-0.38298511414316166,-0.39395070914377794,-0.05935444407418735,0.03757389291860481,0.11110573477520576,-0.1162238036765008,0.003622635997206334,-0.16237406820744338,0.17761232864831308,0.08694326393295201,0.04487942045127746,-0.01722030246454281,0.22150301049450624,-0.21269565931883852,0.03856354448639001,-0.03360980887125856,0.19310804457083905,0.028221503010494507,0.18061871482240593,-0.21316492214710567,-0.08268337997051131,-0.187439459160896,-0.044504192781203926,-0.025050783550238057,-0.14523593238598237,-0.17206699320299268,0.04147224365148562,-0.23247864808483248,0.03989099225351148,-0.170180812262915,-0.14108103913414619,0.010293654452747334,-0.03941442572363706,-0.13606704798075475,-0.06970287628898922,0.11176489384526195,-0.0482135602349966,0.25984105319377176,0.3092378130891462,-0.2247476799335363,-0.04306992837807611,0.5542696983114754,0.21681038221183474,0.08999986305559486,0.21702036363304378,-0.03646738212510328,-0.0921069809692925,0.08773023778113545,-0.04543267584802823,0.15703323640712658,0.08558203654589691,0.09665079633171587,-0.04650358109619431,0.025098257610685317,0.21299328515933483,0.110542436788745,0.00010133885980088283,0.165653430229108,0.09770161640046196,0.2577010686228414,0.12548033250101567,-0.1246577531074968,-0.006049290856222069,0.06026375492429257,0.11081723856171856,0.06937877453016657,0.08971684461831311,0.1309298068627406,0.0351189362158609,-0.09002086119771577,-0.2336563699690049,-0.17765888974605942,-0.31874723258181287,-0.17741421574221586,-0.18812965896278308,0.046712649554702446,-0.05604221539529002,0.07973633637197752,-0.1470846818553228,-0.061050728772476,-0.10978559070969156,0.012498459375442215,0.04874581748962646,-0.04416730954456856,0.0736304418282991,0.07701388159786732
#101,0.128462068682184,0.3147183281827021,0.19610895296872646,0.08592348459603683,-0.0018852679773767843,0.2949837264398563,0.06703428631423264,0.03862380002464999,0.1131297730831207,0.1493223534352504,0.19180068198313757,-0.26962618742211286,0.15433634458864184,0.08049774726453551,1.0,0.5568360364637303,0.08840674314250892,-0.020422975619331072,0.3374574901742389,0.22480519658369358,0.45951238662144456,0.339650426581822,0.42145827532216174,0.3509428622293636,0.33047880328849166,0.23032131722258486,-0.031497213181355475,-0.25070320952037506,0.24943419136611172,0.12465227533129133,-0.0374077337070394,-0.12606645455499915,-0.0931477584483286,0.09663801485390314,-0.045418981407514596,0.06098590842071147,-0.016497236005422997,0.31650773507648344,-0.24774886222023398,0.18168688118246928,0.1875316683936878,0.27518065249444235,-0.0392117480040353,0.14669028196853018,-0.5482916185459243,-0.1305664477077789,-0.11910328803516733,-0.07582063934777945,-0.336585610794871,-0.30083125253917753,-0.021082134689387265,-0.16402379180798568,-0.15398028913528738,0.17257003565119347,-0.02591444626529783,0.26455467961856416,-0.3445256474046753,-0.05306139217682262,-0.3871920462689497,-0.4410659752495812,-0.4210574846964627,-0.28092410084585995,0.41835967991527706,0.2567196337193644,-0.24879785636357826,-0.016075447237603107,0.2640297260655416,0.05589705432584552,0.7220777205147284,0.518485212286652,0.2771480871149009,0.3890700105447192,0.23323366823848413,0.18289655676117353,-0.16681471878466406,-0.19523981247746122,-0.33167387146398136,-0.34023289678500185,0.3816887071078711,0.392237078154172,0.014201134812637229,-0.048010882515394836,0.16758160745342748,-0.04695367170774238,-0.15999032259537035,-0.3548914259107944,-0.4110514134945017,-0.0830239150579503,-0.09947185107752422,-0.45697343735021706,-0.13666503854985004,-0.41123218010928164,-0.197515828490827,-0.3761397198117471,-0.3433296662664847,0.10646605832918696,0.2336527181182013,-0.3594160690564987,-0.12437290874481323,-0.22720263663628024,-0.21075926543021084,-0.11720158672917418,-0.02054166077044922,-0.19900578361871027,-0.0861380308307504,-0.060282927141011654,-0.14657250978011294,-0.4679673341945615,-0.304151697882383,-0.37818475626178294,-0.2926812345081642
#102,0.13244988975975386,0.17528792561179912,0.16643583926378688,0.17311690030903787,0.09115202198414184,0.24376286706806594,-0.11541857057429919,-0.2577211538022614,-0.0503380244400115,0.1460639895557067,0.23451638083326107,-0.08149287660852615,0.19121821177995774,-0.06428444265909516,0.5568360364637303,1.0,0.1916692153542067,0.12587199349970557,0.34725631884309366,0.32935403324097196,0.24689432913218332,0.6907402758060319,0.18926264567461096,0.5378263271054061,0.1443028845056535,0.4019373068513286,-0.14310142559125746,-0.16684484655379406,0.2392108350413344,0.21778816526450812,0.12450163648564137,-0.006668279567438273,0.17197843582100453,0.17875170609904734,0.005790009449163955,-0.0449661519078638,0.13391154304390895,0.4044753431598552,-0.15014767171687202,0.42074068663924735,0.28649499924680577,0.2810656100645008,-0.12666079327329083,0.11636896474594531,-0.4260559554839387,-0.039115886920439866,-0.06281183382252918,-0.057303929847946064,-0.5391218211779958,-0.4370169856710504,-0.2082906142869533,-0.2475553141276413,-0.24063688278015402,0.1853049523661711,-0.15774260842573276,0.4003113202810099,-0.4991167085868707,0.012091278010836867,-0.3317213455244286,-0.39364212775087076,-0.3985456504174522,-0.2431192283639252,0.44652914405181976,0.3867501723217098,-0.06005559942848535,0.046677956972067905,0.18885637727270652,0.0687123117585031,0.5825240679792028,0.5110299588710303,-0.03286939612082149,0.27529751172015865,0.07829842011804608,0.2133831202326229,-0.31180689012950374,-0.3334459320664454,-0.44628903486148075,-0.35736920668106104,0.4940232896785002,0.5563001273582968,0.16240967375277884,0.1771394139692423,-0.14463428996608343,0.012171618728516846,-0.030173417265037635,-0.31036623498746957,-0.2994408103456933,0.14994681992267206,0.21606083983438856,-0.3194447360853072,-0.21877964275769513,-0.2912917052773809,-0.20169354581018592,-0.4102854377884392,-0.3254118602984475,0.0713927702483715,0.422056265891257,-0.09300624922968773,0.032795446142047865,-0.32863461863265575,-0.23102521146498559,0.009807045333162914,0.00784965330241433,-0.06589856071430202,-0.1216577576723103,-0.06562284597862754,-0.0784654922923124,-0.3865840131101444,-0.3033966777287314,-0.39253013918116375,-0.23485326406989643
#201,0.49525487636202625,0.0669165141258154,0.7144709152907558,0.48119159891722624,0.0022586697220485057,0.12919152588021016,-0.2481624343237457,0.2138268201052646,0.21989802206630849,0.6428261673369334,0.5194785157052408,0.3108911885404922,0.08806164324156536,-0.2060118593854848,0.08840674314250892,0.1916692153542067,1.0,0.5110290459083294,0.013083668466724792,0.010305522967859148,0.13800435483208334,-0.10537871975240451,0.4242282041567192,-0.016037102804164937,0.2817567228290888,-0.07970529564014663,0.3673323686360794,0.2185075798728243,0.38539716159896287,-0.08589700867771047,0.4029999954351865,0.10514956611447639,0.2764441928725002,-0.20840929943807146,0.005034989295512332,-0.267441467678838,0.2025864233316748,-0.29008842043758304,0.06215541364057572,0.034643282648687386,-0.13734610872472805,-0.2798705418890111,-0.1426723331218303,-0.2592540181770874,-0.15180104716821793,-0.22849630478346808,0.23086453002962565,0.2515677851981357,-0.06054038262266795,-0.0621846284470048,0.12345812011850256,-0.03072028192288204,0.10374086466697403,-0.19653987136355544,-0.0001698110623690469,-0.18718109071653877,-0.286542473307253,-0.3769230418091269,-0.2844463109459663,-0.23013781171970218,-0.16136159257213548,0.07095272222653344,0.10212218179826263,-0.07303975496081108,0.3668831909872322,0.09398768413316475,-0.23879178516161723,-0.5707495880255812,0.09257989564836329,-0.001028908963924279,0.4352522287701936,0.39220055964613565,-0.01664878781377387,0.16276572920613327,-0.2126390556313822,-0.1401123857084819,-0.19622124738093824,-0.07548649499924681,0.4175498819995709,-0.07873116443827688,0.041373643679787464,0.020832895872039146,-0.02574007038942424,-0.0938598693550375,-0.11092953297393035,-0.048504795336586526,-0.1422167647340768,0.043266215358771516,0.11241127143750541,-0.049640520936517135,-0.14906946276709865,-0.20581739833019122,-0.2962737427362405,-0.36167017396504264,-0.29646181305262775,0.5755070366600172,0.07463926561280339,0.4736623955228309,0.2528313255761936,-0.01680490443562928,0.1332487321230491,0.63148169281544,-0.09932212519457517,0.35804936389323816,0.2595452532786773,0.27275856244893115,0.15160841203832617,-0.1427134164433712,-0.18086064993814677,-0.2729566753550284,-0.17838743398138468
