,#10,#11,#12,#13,#17,#18,#26,#49,#50,#51,#52,#53,#54,#58,#101,#102,#201,#202,#301,#302,#401,#402,#501,#502,#601,#602,#701,#702,#801,#802,#901,#902,#1001,#1002,#1101,#1102,#1201,#1202,#1301,#1302,#1401,#1402,#1501,#1502,#1601,#1602,#1701,#1702,#1801,#1802,#1901,#1902,#2001,#2002,#2101,#2102,#2201,#2202,#2301,#2302,#2401,#2402,#2501,#2502,#2601,#2602,#2701,#2702,#2801,#2802,#2901,#2902,#3001,#3002,#3101,#3102,#3201,#3202,#3301,#3302,#3401,#3402,#3455,#3501,#3502,#3601,#3602,#3701,#3702,#3801,#3802,#3901,#3902,#4001,#4002,#4101,#4102,#4201,#4202,#4301,#4302,#4401,#4402,#4501,#4502,#4601,#4602,#4701,#4702,#4801,#4802
#10,1.0,0.5547111055585632,0.2452569672908656,0.4216285623065284,0.39556629048154474,0.08649111360975768,0.33101098016352254,0.46022756192247716,0.38282596926664725,0.5028142163735384,0.49912963811268896,0.19071151274541104,0.09055789225280751,0.19809825233554046,-0.12914624948523254,-0.06757959808807266,0.4904709023353091,-0.10117390117390117,-0.30827653539517946,-0.07940004719665737,-0.15782423409542054,-0.025379308430155886,-0.045637316823757504,-0.10429258225868396,0.04033278270566406,0.14159506193404497,-0.012258174970039377,0.23486213486213486,-0.26968447646413746,-0.18015750727615135,0.047552483145703484,-0.0566924397432872,0.21524775931555593,0.21244094633925142,-0.2193719142871685,-0.0017504407334915809,0.1118930949439424,0.24688664010697908,0.047552945858030604,-0.13692027929316064,0.051141742667166395,-0.21782691782691782,-0.1282569163925096,0.033839077906874515,0.06009615162157535,0.12910321723881046,-0.04363007074871482,0.16663473951609545,0.0067671677841169365,0.10788970788970789,0.17009999213389043,0.22945117690880404,-0.03838476380849262,-0.038865521916369376,-0.2097909928418403,-0.2207225715700292,-0.23333703503195027,-0.20502459316018637,0.2882087017680238,0.1828759421979761,0.07166257166257166,0.1927442079984453,0.20763151441117542,0.07095971163767774,-0.11701346955584244,-0.08880513795768033,-0.040941712128152806,0.15147489554269214,-0.055182146707570434,-0.01660211829703355,-0.054929043064636286,0.09225327021937191,-0.08450191331547263,0.1130799520630029,-0.12296348737026704,-0.2416149585641111,-0.22274554986419393,-0.10487698792783538,0.16302373251525795,0.14558456761846592,0.07890494500663993,-0.061057205125001734,-0.48751278242803664,0.24982393795953117,-0.05082247116145421,0.2945126945126945,0.2171069374459205,-0.07815396289972561,0.12994165197555027,0.2828176404447591,0.05767709157539666,-0.1152204592882559,-0.07908355196490789,0.12637182637182637,0.00012632046530351615,0.11611395679192289,0.09358032917354951,0.08549443125714312,0.2391880324083714,-0.12473845185709592,0.08792737267313538,0.37734838073821125,0.24199669623398437,0.18761226557836727,-0.1088197596672173,-0.11242613954478362,-0.12314348246551636,-0.1306371086032103,-0.020298727078388094,0.16635341042120702,0.049600447905532655
#11,0.5547111055585632,1.0,0.41143362160311314,0.2572301114673996,0.18835954598666463,0.08024310905666839,0.47303034930153576,0.2457391135357237,0.42677577423340135,0.5443875308282088,0.3829712609373626,0.17625452879690168,-0.06493704798789544,0.35534455873438925,-0.20726735980973268,-0.03039881175474396,0.41278983143389925,0.27555629589527897,-0.04962774793283268,0.03378586598925582,-0.2763998204676171,-0.08691033097812759,0.08972871176261006,0.007814748492714595,0.12579806308619867,0.2097595284035962,0.17339774288926832,0.2603062230180874,0.05647589037419546,0.023719096600452533,0.2560205814443103,0.11576831068356493,0.4022862616082955,0.2001304848762476,-0.0567141872226618,0.06381682144394009,0.11186949661525933,0.021271348389992457,0.03680089951276392,-0.15258540512777802,0.23631181258299902,-0.041311881989848094,0.0223476172628715,0.05781174086258832,-0.01952322121813647,0.0341777833303257,0.08511269358726986,0.016152824627400898,0.06471725963251387,-0.03344345886718768,0.007302525946593743,-0.014813735152718204,0.04315440247643638,0.20997145064941675,-0.3318822674754878,-0.04968095985045137,-0.28342240545630376,-0.1978520893775131,0.11682977276197615,0.009439331473229779,0.06385476385476385,0.11638973333888589,0.1092195431178482,0.1279251516539652,0.14796337169218526,0.14580759496013734,0.16319910048723607,0.1840461416732603,-0.0686604940842229,0.007560256712799086,0.16495139207003615,0.17279390330237787,-0.30973176566396904,0.030462203343559275,-0.35595256273222375,-0.20297338941406737,-0.10919779563847361,0.002960896181235164,0.13280537856809044,0.1844288047677878,-0.03808122452190249,-0.019718948532507854,-0.09671427976512723,-0.09385749385749385,-0.17217618234567386,-0.015171874493908392,-0.0035337340422086183,0.12232957148211386,0.12639542470050943,0.11801061462078412,0.11212352568284771,-0.09376772766603275,-0.18460879986303716,-0.039979270487745064,-0.020148808284401503,0.2791335248962368,0.30268650777125355,0.3266952622884826,0.36544094171212815,0.17866572273351936,0.2019401527876104,0.29981954219242357,0.1636474687322145,0.2137966934577104,0.05007195176686702,0.20978266401995216,0.09171976290620358,0.03489359930037896,-0.06595408968290324,0.09370618692652591,0.18492298153315104
#12,0.2452569672908656,0.41143362160311314,1.0,0.5616781650679956,0.07565624175793667,0.42803435176316534,0.22121767376004664,0.03489683828666879,-0.0035217035217035217,0.4033102439882101,0.24904843209927954,0.23495467732755868,0.1442519561163629,0.129287839457331,-0.4512967512967513,-0.12751657666911903,0.5475677526524985,0.6800955038243174,-0.04520236723626554,-0.040345738650823394,-0.3075551668772008,-0.15033662321797914,0.30981644201983183,0.15856596195579245,0.30653534890823025,0.3279621686401347,0.3213884146087536,0.4067282999486389,0.32429054632444465,0.35735504379572175,0.591072428360564,0.2545241697784071,0.5654936909174197,0.25374079780859443,0.1709083505693675,0.1410675698811292,0.09198119537102588,-0.1797281102365848,0.12206998986660003,0.0093768653090687,0.2843996538911793,0.10434671960095689,0.1348218788896755,-0.11624351624351624,-0.14360415885839614,-0.05452278164142571,0.19347992059856467,0.26665371072150734,0.1431914194626059,0.2407186847864814,0.3192918650545769,0.3463822836704193,0.2283216961183063,0.3910256944155249,-0.3812578371900406,0.07424635729720476,-0.45666143801737025,-0.2081682607106336,-0.1329955533345364,0.024164688571468234,-0.004238907628738137,0.15741473368592013,0.04574281523434066,0.10216318012928183,0.3221639204690052,0.32666194700093004,0.08351217164776487,-0.07373459746341102,-0.20136453865267426,0.0037627766441325765,0.12243090548175294,0.1271283610266661,-0.3913222930172083,0.1761902117834321,-0.4726990472753185,-0.0804494787545635,-0.16292841377587142,-0.23230981366574588,0.05482909720197856,0.3068449034550729,-0.05496883632476853,0.16662317170791746,0.14754785602243228,-0.17316175960243757,-0.1859224401597283,-0.038726708218233645,0.003604529028257842,0.5063382334568776,0.21063636826348692,0.07924503856707246,0.14071729664950003,0.08599786226904871,-0.02969363816821444,-0.16901817071308597,-0.023172633342124868,0.5436189656528639,0.5861755438026625,0.666104471189217,0.6687493348510297,0.4753332685536075,0.5986970020868326,0.6224262783584817,0.4266175266175266,0.4852177292855259,0.39445485547180464,0.4310535496976175,0.3202186778457965,0.16834307342781918,0.03853745887644193,-0.13782812087896834,-0.12057126463906125
#13,0.4216285623065284,0.2572301114673996,0.5616781650679956,1.0,0.15393328613667598,0.26264292027003894,0.17415705381807076,-0.11136976730197069,-0.08711531253904135,0.39064904658125,0.1163101468186214,0.09056853463633124,0.24073673056723904,-0.01563875123197157,-0.30552015806253097,-0.032813244677651454,0.5138448155397308,0.20384143773974284,-0.2823771383093417,0.07056455531031802,-0.21190327461513903,0.05936367800774581,0.14373880814558782,0.1203301915166322,0.09655880842321521,0.19543904459158695,0.14968188527510562,0.3843510690968318,0.09180675282370197,0.15991199211538196,0.33985063646080593,0.1304992203297288,0.23846296219177576,0.13403896963218997,0.03792667860464471,0.12634730261848906,-0.008804952872749483,0.022216206961969673,-0.02766186833983444,-0.13970580750241768,0.07838300550164957,-0.039118625559303524,-0.023856984873934027,-0.16392046900521476,-0.02192747446984735,0.0727337506998524,0.0818589005029683,0.2503111740399876,0.12883021696581018,0.3932356084898458,0.415185755863722,0.37484464433616976,0.17385675351777047,0.0050370863930185965,-0.3528014917845426,-0.2937681903783599,-0.28984716611835254,-0.0035813934119018863,0.17442079984452866,0.26742967929408606,0.1739400417366519,0.19924809246843145,0.021934877867081256,0.145184784167835,0.02965615846971779,0.16076662178357093,-0.09873170551136652,0.009153837967397289,-0.222594242933226,0.051265286858507196,-0.10750704479518039,0.059239671104077886,-0.18285465743092863,0.07662932578186815,-0.2721599874142247,-0.15773955773955775,-0.09026175636345128,-0.11626387558590949,0.21258531258531257,0.25103346798262055,0.08926044688756553,0.07302572217826456,-0.12026865077712535,0.029753328058412805,0.05131525978983606,0.18546389224355325,0.1684647667698515,0.2720655940994924,0.13045109824770842,0.17260511667291328,0.03758380877024945,0.23195259974920993,0.0807497790548638,0.11350518469162536,0.025430669498466108,0.2098613251155624,0.1769458210136176,0.19937071123511801,0.36430174396276094,0.0817547902293665,0.16525493135662628,0.41764368374537864,0.2204921408311239,0.21013478810088979,0.11204532729956458,0.04798558188388697,0.03066811032912728,0.020904417514587006,-0.027896463489683828,-0.0019702290888731567,-0.13977243807752282
#17,0.39556629048154474,0.18835954598666463,0.07565624175793667,0.15393328613667598,1.0,0.11875974587838994,0.155137726324167,0.15085439831202543,0.2496791090011429,0.11677841169366593,0.21476746392000629,0.22636719924855517,0.3297371331269636,0.17253385897453694,0.09257392986206546,0.049491710508659664,0.14811375319849895,-0.24928857979705438,-0.41374163069078324,-0.20775968572578743,-0.05938588819944752,0.017477570019942903,0.1013196555569437,0.045644720220991405,0.029691324606578844,-0.0013164165706538587,-0.3448363617855143,-0.1279899313797619,-0.2008139109834025,-0.1844260284938251,-0.18386290759172116,-0.20202344100649186,0.011755206670460908,0.04508854000379424,-0.11003206596426936,-0.04913357116746947,0.24616295802736482,0.16553440960220622,0.22121212121212122,-0.04829236015676694,0.13463633124650073,-0.046285114081724255,0.17962307453832876,0.19252719591702644,0.3809265351638233,0.366485283434436,-0.3201825862842812,-0.07887162971908734,-0.29373580051546155,0.07821504092690533,0.010398996839674806,0.15645645645645645,-0.20743347353516844,-0.08786074209803023,-0.08487069504018657,-0.1537593063016792,-0.16623310521615606,-0.03922181040825109,0.22662909442570459,0.26393897749829953,0.04403124233632708,0.12617702448210924,0.27923670974518433,0.23305061610146355,-0.350406030067047,-0.3573629099052828,0.033394411360513056,0.24969900563120903,-0.15124862921473092,-0.04521208419513504,-0.2785815090899837,-0.22057404091302396,0.017673297334314282,0.10584451940384144,-0.03704474890915569,-0.18171268340759866,-0.28236371965185525,-0.07945927437452861,0.3382792653979095,0.22189045748367783,-0.07246445212546908,0.0725981759880065,-0.24187268933031644,0.15172476019933648,0.13013321487897758,0.3239217645997307,0.2779258457224559,-0.07282120332967791,0.1787545635003262,0.3248666231717079,0.29740557198184314,0.009479587445689141,0.15020660105405867,0.2131567623093047,0.27928853352582167,-0.09478199308707783,0.04706339621593859,-0.20119888763956562,0.017686715991800737,-0.28847059694517324,-0.07795684744837288,0.20487097266758283,0.03682125885515716,-0.0635433584586127,-0.30148114215910826,-0.3775579894223962,-0.28575355016032983,-0.2242734259683412,-0.1099751523480337,0.20846717287395253,0.31271718559854156
#18,0.08649111360975768,0.08024310905666839,0.42803435176316534,0.26264292027003894,0.11875974587838994,1.0,-0.003318572810098234,0.0006223480799751987,0.024332190433885348,0.041495116071387256,0.09470286927914047,0.2943572231707825,0.4646436883725019,-0.012492307407561645,-0.38882457187541936,-0.08757802486616045,0.05013580606800946,0.19883303951100562,-0.1260507040168057,-0.11957735856040941,-0.46439197286654915,-0.2896444981190744,0.014614306139729869,-0.005461856309313937,-0.024452032926609198,0.08800140664547444,0.17390024847651966,0.23275818191072428,0.2572791589740742,0.3590485709129777,0.39616596565749107,0.3111814433848332,0.18838823415094602,0.1478213190077597,0.1681788105516919,-0.07464521532318143,-0.00569321247287349,0.004530416394823175,-0.20528787647431715,-0.1073520361655955,0.13868969123206412,0.27181665486750234,0.0805026906721822,0.042651896889185026,0.024609355117829693,0.2369896861422285,0.34426352392454085,0.25801764784815634,0.08268160302058607,0.09810796929440997,0.22911478504698843,0.24007967906272992,0.0875280519348316,0.034891285738743366,-0.360258100936067,-0.15129860214605978,-0.3564360971140632,-0.17703790076671433,0.04831457034846865,0.08051934831595849,-0.09878306657967675,-0.11147850469884368,0.0478023478023478,-0.09668605431317295,0.16416293026462517,-0.008648556106183225,0.0769088040274481,-0.16521560080882114,-0.31260197022908887,-0.257297667467159,-0.002285336183641268,-0.11869542886492039,-0.03575794592743745,0.0560094763484594,-0.2736971177649144,-0.21975596551867738,-0.07258290648121156,-0.16181096350587876,-0.03928890369568336,0.3174104767325106,0.1795314574975592,0.47493441052763086,0.06876043994688062,0.1673019706918012,0.15390367254774034,-0.0019429290615731293,0.005165720419957708,0.30880125117413254,0.22637367722113486,0.23076111550687822,0.24092783075833923,0.1475455424607967,0.2612043476450256,-0.08118380321770152,0.09947065709777574,0.04553829638575401,0.1085800746817696,0.20053674629945817,0.3634674736369652,0.26433413382565923,0.4222814494000935,0.43070559002762393,0.23355867423664034,0.11910863097303775,0.2400574688710282,0.06490743439895982,0.17627164915300508,-0.08655357977391875,-0.21603575840863976,-0.09309263038076597,0.00989926752638617
#26,0.33101098016352254,0.47303034930153576,0.22121767376004664,0.17415705381807076,0.155137726324167,-0.003318572810098234,1.0,-0.09829583049922033,0.4121087188883799,0.5619650467108094,0.4568016398524873,0.28109496245089466,-0.04546796411203191,0.5931925762434237,0.05153273458358204,-0.0012632046530351615,0.464985632782243,-0.021464762142728244,-0.14088294766260867,-0.12345303701235905,-0.12643151626202473,0.05614643919728665,-0.16496619886450395,-0.23294928210182447,-0.10101056372242813,0.07853662599425311,-0.2097058537736504,-0.08422613676850965,0.05382871315074705,0.008437559285016912,0.22508594881476238,0.0629719087346206,0.37766117427134377,0.221984388086083,-0.09954839276873176,0.1560238204306001,0.4996640708505115,0.3788461805410958,0.17213962807183147,-0.13482280431432975,0.16712105017189763,-0.040076440076440074,0.24260608836880024,0.338774830300254,0.3149173827139929,-0.08293285581421175,-0.20427083477930935,-0.17155568511500716,-0.19869931564846818,-0.19969646071340988,-0.03399316111180518,-0.09926243655057214,-0.1765117968507799,-0.03690130808774877,-0.17010045484621755,-0.06318429369276828,-0.2878311285090946,-0.3655482909720198,0.22187426255222864,-0.04021294021294021,-0.15070679307967444,-0.05493783459885155,0.36587450316263875,0.27706982791728557,-0.05630885122410546,-0.09022936650055294,0.503473118727356,0.6531115090437124,0.026407917933341664,0.04321039066801779,0.24255565272514426,0.30757645164424824,-0.10085185339422628,-0.03957763618780568,-0.27355136338187186,-0.13876094893044047,-0.2585141381751551,-0.08436356232966402,0.5280917280917281,0.34410296274703056,-0.08558142117464151,-0.05455193251803421,-0.3019785579107613,0.08852889869839023,-0.22844524030964708,0.14448146143061397,0.08556013640759404,-0.1355122456817372,0.02790247874993638,0.215574434218502,0.30255648560733306,-0.06949059999907457,-0.3790030400199892,0.12947662608679558,-0.01908873434297163,0.12231106298902909,0.08771637585196908,0.009250544843765182,0.12829902321427744,-0.1257962122368902,-0.044182086554967914,0.37507414965042085,0.1770180041366482,0.07756631824428435,-0.27270506253557103,-0.14438475455424607,-0.23346428092190805,-0.24443472748557493,-0.1638533757177825,0.050385670724653775,0.11336822184279811
#49,0.46022756192247716,0.2457391135357237,0.03489683828666879,-0.11136976730197069,0.15085439831202543,0.0006223480799751987,-0.09829583049922033,1.0,0.3099668235261456,0.057095462180207945,0.3154120221916832,-0.062446730243340416,0.053128629399815844,0.14863615541581643,-0.10772313145194501,-0.16982652914856305,0.028003350037248343,0.053230426111782046,-0.028945895047589962,-0.16096281181026945,0.01631107224327563,-0.2419879046997691,-0.17736827736827737,-0.2413317786199142,-0.02928969030663946,-0.1813161389432576,0.03614940055618022,0.04806748196578705,-0.19842215096452384,-0.16296357991273244,-0.14990583804143126,-0.012304446202751288,-0.03879056251937608,-0.09137180323621001,-0.1876108774413859,-0.13740982893525266,-0.16833659545523952,-0.0932069203255644,-0.0690385300554792,-0.12545843223809325,-0.08057441108288566,-0.12606458538661927,-0.27730719934109765,-0.14178246042652823,-0.14805082432201075,-0.0724260470023182,0.022944053452528028,0.08269779795203525,0.11368425436222046,0.019841567299194417,-0.023454425149340402,0.03061582383616282,-0.021170014390353372,-0.06200622810792302,0.04504504504504504,-0.030634332329247584,0.08152297135347983,-0.16653849535205467,-0.02913930880032575,-0.06267993725620845,0.018240582647362308,0.1252950947866202,-0.2061508349643943,-0.30475436916114884,0.05578367273282527,-0.02589708352420217,-0.0753420600878228,-0.18028058875516503,0.0910904741413216,0.04364811652947246,0.21960188231374672,0.13441515475413782,0.18995914250151538,0.2308837342735648,0.1726222370290167,0.07915388423863,0.045394392852019974,-0.044795643100727846,-0.4327748395545006,-0.2593155559257254,0.03641592285660082,0.033648903140428565,-0.08944691995539453,0.09518362738701722,0.06861607370081946,0.11119486204231967,0.09464179125196075,-0.08573457895491794,-0.06271140169445254,-0.04471790742977184,-0.17810075098210693,-0.16208026208026208,0.03465206346562279,-0.0437748997071031,0.0381446161107178,0.18676966643068338,0.002423687169449881,0.14070063900572374,-0.02719036447850007,0.0026184890591670253,0.11070068527695646,0.014107636141534447,0.07614394055072021,0.21411503953876834,-0.011818598259276225,0.08774460130392334,0.013334443842918419,0.03746905611312391,0.05154707866572273,-0.06329025481567854,-0.0635581652530805
#50,0.38282596926664725,0.42677577423340135,-0.0035217035217035217,-0.08711531253904135,0.2496791090011429,0.024332190433885348,0.4121087188883799,0.3099668235261456,1.0,0.3335017606204047,0.4835806530721785,0.17675749709648014,0.06578196069721494,0.3630811088438207,0.1247958281856587,0.05048515387498438,0.3060559789373349,-0.1526214966892933,-0.10007958652026448,-0.13294095327993632,-0.0396192802972464,-0.1062262570737147,-0.0841618197550401,-0.3130299791316741,0.04398497110361517,-0.19034273102069713,-0.2162259331750857,-0.19173688326230698,-0.040548406650101565,-0.1750954344174683,-0.03892012197096943,-0.238502755451908,0.183069818663039,0.04489512625105845,-0.10407695831424645,-0.16229403517539112,0.32912542743051215,0.22344100649185394,0.1255588408130781,-0.21749052596510224,0.1472457048728235,-0.023050477287765422,0.07496726310285633,0.3594242933225984,0.27795962372233557,0.009108492159339617,-0.2010244450922417,-0.17729516882059254,-0.1760805489619049,-0.273283915656797,-0.17808964588625606,-0.1848327526293628,-0.2191849785070124,-0.17318304436948503,-0.0313200719980381,-0.07948518626484728,-0.0402295978567165,-0.3029081469759436,0.31324097595284034,-0.12770860228487346,0.059885617512736154,-0.02993147230435366,0.18549952109274143,-0.06617619159992041,-0.19311437786014057,-0.15044582332717926,0.30694207304376797,0.22459084662474493,0.18579334342046205,0.0950716510038544,0.19677998491557813,0.2638811384574096,0.013693508608762846,-0.05908651332380146,-0.09152820000277627,-0.19954607920709616,-0.039189883257679865,0.10388123099987506,0.2548836972565786,-0.027406913847591814,-0.03925512569580366,0.07013191928446166,-0.14169223152274,0.08573272810560946,-0.05721715552224027,0.06240601155855393,0.11637538925674519,-0.1276317920385717,-0.042030011521536945,0.15846832965477034,0.2390885492580408,-0.10511019494070342,-0.18111023195768958,0.15736476075459127,0.0683046683046683,0.1794930523744083,-0.052474354169269426,-0.04910719656482369,-0.13720531008666603,-0.16967707306690358,-0.07790271010609993,0.1256189934156036,0.030519579672122044,0.06143292753462245,-0.3055530106377564,-0.20223628867696664,-0.2540239777527913,-0.21252377184580573,-0.22076051398085297,0.2264180976045383,0.24846587727943661
#51,0.5028142163735384,0.5443875308282088,0.4033102439882101,0.39064904658125,0.11677841169366593,0.041495116071387256,0.5619650467108094,0.057095462180207945,0.3335017606204047,1.0,0.6227598939463346,0.28605986572088266,-0.17901969766376546,0.34231087790409825,-0.17149229352619183,-0.23295020752647871,0.7549915092287973,0.2807252553015265,-0.09220746169898712,-0.0809362521226928,-0.20755470416487365,0.03096239536917503,0.1243988210089905,-0.11997621658638608,0.07945696081289301,0.30465396058616395,0.19635428957462855,0.2635664940749686,0.030994322519746247,-0.08905222634036193,0.3421965879592998,0.049009101551474435,0.5795161879907642,0.14829097201978558,-0.1323542340491493,0.0031052624272963256,0.3309767394513157,0.05597477292392546,0.33586945959827313,-0.06262209821531856,0.13788225822124128,-0.12707376097206605,-0.024615370378082244,0.011825076231855892,0.11021437462115428,-0.07981047303081201,0.05380372668508262,0.06181050079355164,0.0770397516160228,0.02017610831170153,0.2499067634660855,0.17923300804656736,0.16018776866234494,0.22739210705312402,-0.21478736055007241,-0.0731358477121189,-0.22666842497350972,-0.296115067301508,0.23779202931745305,-0.01812721812721813,-0.10045669706686655,0.11810269437388081,0.18016444796105813,0.22005580310665057,0.24599175446633073,0.15171735680210258,0.2078290925748553,0.2934276341056002,-0.054823544654053126,-0.07210353651031617,0.1978326554597741,0.30151214388502523,-0.37970312377092036,0.08054711105558564,-0.41895362234345285,-0.1301142436735657,-0.260269668744245,-0.11768070073154818,0.33645525340440596,0.1425977595469121,-0.11850710494778291,-0.15997307014256168,-0.24012872656940454,0.004028373519898943,-0.2697048358065307,0.02076329025481568,-0.03694202677253525,0.019116034370271658,-0.007420517590009115,0.07350139045054299,0.044495342800427544,-0.06799974088109681,-0.31774964486828894,0.05857151450371789,-0.08030603793315658,0.3057057057057057,0.3288764881985221,0.415387961150673,0.34031890133585047,0.15420304742338642,0.23230009670687637,0.45398696076662176,0.18078309434241638,0.41293003326901634,0.06379461125223837,0.1984938713752273,0.06022062123757039,-0.03749404257878834,0.008916003831258068,0.027022399903755837,-0.012296117380863144
#52,0.49912963811268896,0.3829712609373626,0.24904843209927954,0.1163101468186214,0.21476746392000629,0.09470286927914047,0.4568016398524873,0.3154120221916832,0.4835806530721785,0.6227598939463346,1.0,0.2454508437559285,-0.03339163508655034,0.41643924355788764,-0.03708222860765233,-0.06358407714339918,0.5173581902395462,0.0077860603284332095,-0.261085430576956,-0.22765955477819885,-0.26247264213365906,-0.09332167298268994,-0.1013464928719166,-0.22261922939889042,-0.044989982278117874,0.12432895144759551,-0.2010461925716163,-0.08465183210945923,-0.026940499821855753,-0.12677808779503694,0.1869228242109598,-0.05541766728207406,0.32139535529366037,0.0972561159001837,-0.16123534937094258,-0.0852612242442751,0.2946454929505777,0.14807534807534808,0.16551636382144858,-0.120620774858063,0.15734023700125396,-0.14320483812009235,-0.05171365510348561,0.1143824872638432,0.20642614879903015,0.054389520491215405,-0.19124918446952346,-0.07403536047603844,-0.19288348440890815,-0.17673389876779708,0.038374121424968884,0.04727716931106762,-0.16750001156780817,-0.08212588551571602,-0.20660799474358796,-0.14733176936566766,-0.19190068342610717,-0.4254482525668966,0.34041653363687263,0.00046733945039029786,-0.16053619104466563,0.1196472281218044,0.2006639921894159,0.05358255019271969,0.01314797077508942,-0.17510561408866493,0.19098127403212148,0.20851807122993563,-0.012363210668295413,-0.026235326235326234,0.19180721553602909,0.22846050981644203,-0.13088373427356478,0.0674495759241522,-0.22263264805637686,-0.1186616508650407,-0.1583461736004109,-0.04597232054859173,0.1992883484408908,0.1701985498595668,-0.06097021520750334,-0.034135676508557866,-0.2627502695299305,0.1040686294923583,-0.20060245144990907,0.19512856462009004,0.15284730030492744,0.004505892641485862,-0.004173665190614343,0.04205823697349121,0.07193279566160922,-0.20891369026962248,-0.17806512213291875,0.17305441034254593,0.10345229667263565,0.3134209710480897,0.24177598245394855,0.14056228801991513,0.13349898434644197,-0.1150895116996812,0.10154453374792358,0.34742847624203554,0.1193566447803736,0.18534034805221247,-0.17569973671668587,-0.07939218108709634,-0.16273037289986442,-0.25874641976336893,-0.1160704618331737,0.04314329738058552,0.13859344706802335
#53,0.19071151274541104,0.17625452879690168,0.23495467732755868,0.09056853463633124,0.22636719924855517,0.2943572231707825,0.28109496245089466,-0.062446730243340416,0.17675749709648014,0.28605986572088266,0.2454508437559285,1.0,0.29053012951318036,0.22031445929751015,-0.11577849035476154,-0.024142015667439395,0.31074603108501414,0.06795624592234761,-0.17129147637622213,-0.12910460537579183,-0.2984452865808798,-0.18691495810139877,-0.03109195482076838,-0.11349824400671858,-0.021038604089451546,0.07117579829444236,-0.12791821096905842,-0.05311659887931074,0.2719452888944414,0.24709069624323862,0.12852112513129463,0.0003067782728799678,0.2569126908109959,0.08437142843922504,0.22810560946154165,0.16605588639486946,0.31225956310702074,0.08421086726171471,0.11323681154189628,-0.05035281814942832,0.30459288255898426,0.15731108612464545,0.21444217715404157,0.11974624855980788,0.23534937094259128,-0.013760601896195117,0.003989968396748058,-0.059081886200530266,-0.17768014547675565,-0.17332139535529367,0.01583123956005312,4.997293132886353e-05,-0.15976392417070384,-0.06050472660642152,-0.2016926016926017,-0.028169463762684102,-0.2397400482146245,-0.13265268350014112,0.10589958217076861,-0.13366324722256925,0.12982689931842475,0.12563009851145443,0.28456808117825066,0.17467205263815433,-0.06056534192127412,-0.09641583031413539,0.36068749797563354,0.08169602576382237,-0.07899609933508239,0.0028540096336706505,0.08107876751944548,0.13553769485972875,-0.10469791825724029,0.14924924924924926,-0.22438493963917694,-0.03175039446225887,0.054887398955195565,0.10540494269307829,0.25485685994160573,0.22424705136569542,0.1574332421790049,0.26668101074880735,0.04783334952826478,0.28259924022635885,0.18560178051703474,0.24601951720595788,0.1614125681922292,0.15308605986572088,0.18949087762647085,0.3062364367449113,0.29258087054697224,0.36703082126810943,0.061150210302752674,0.18522004284716148,0.11460412646853325,-0.004890869297648958,0.06637562061290875,0.13814137712442798,0.12096318198013113,0.11035318831929002,0.14520560622255538,0.3706561723510876,0.06599989820328804,0.1387623370674218,-0.0026078466756432857,-0.024229005584937787,-0.06320326489818015,0.08874544806748197,-0.0008782279968720647,0.05389395558887084,0.14630408528713612
#54,0.09055789225280751,-0.06493704798789544,0.1442519561163629,0.24073673056723904,0.3297371331269636,0.4646436883725019,-0.04546796411203191,0.053128629399815844,0.06578196069721494,-0.17901969766376546,-0.03339163508655034,0.29053012951318036,1.0,0.06751111666365904,0.003735476616832549,0.1489521879352388,-0.1152593271237339,-0.16815613764766307,-0.18207313631042443,-0.08591827574878422,0.05346085685068736,-0.10259766700444667,0.07729979594386374,0.04974157516530398,0.08503218164235113,-0.19608915541118932,-0.11246778365422433,-0.008717500242923972,0.11453564504411962,0.1346789007805957,-0.02752814447729702,0.0531906328516498,-0.10442908239518409,-0.11562903427310207,0.15100709337997473,-0.03439849711036152,0.08947884710596575,0.05637918349782756,-0.11362271362271362,-0.1235802829023168,0.08687701569057502,0.1037174308360749,0.3457057982481711,0.24287538694318356,0.309649865582069,0.26119139169986627,-0.030469144028466063,0.033334258757987574,-0.24244090006801872,0.04016435541859271,0.03092121397206143,0.09369415640602081,-0.13142742125792972,-0.20609854847142983,-0.02331653687585891,-0.11629765358578918,-0.2964667286701185,-0.06454744420846116,-0.029148563046868133,0.1925845722455892,0.04738914569423044,0.03303025675907032,0.02430627854356668,0.03013321487897759,-0.2702873906263737,-0.176885205698765,0.048608392676189285,-0.009326429665412717,-0.20542622746012576,-0.044238074746549325,-0.18344183937404276,-0.09263454517691806,0.19107520463452668,0.12083362252853778,-0.025983148017046324,-0.26179476857442957,-0.05614181207401547,-0.13168283846249948,0.03427263935738512,0.09153421526302882,0.14248115604047806,0.5718772701823549,0.19037512088359546,0.1829800524715779,0.3175636345127871,0.2986220426898393,0.18881763119051254,0.17641092556346794,0.1031168302354743,0.29532521735911565,0.398294442362239,0.3061462078411231,0.3139058935669105,0.04503301452453995,0.20190359851376802,-0.10679261696210848,-0.1636886501293281,-0.11042398330533924,0.0048293285581421175,-0.059389127185737356,0.007269210659041168,0.1772040144921501,-0.031789262297736876,-0.15853496022987548,-0.12905370701980873,-0.2974458279543025,-0.17772919298343026,-0.11330020313071161,-0.16758376249901674,-0.09397270922694652,0.05788670025958161
#58,0.19809825233554046,0.35534455873438925,0.129287839457331,-0.01563875123197157,0.17253385897453694,-0.012492307407561645,0.5931925762434237,0.14863615541581643,0.3630811088438207,0.34231087790409825,0.41643924355788764,0.22031445929751015,0.06751111666365904,1.0,0.07814193237922051,0.10564971751412429,0.18161967822984773,0.0084227524905491,0.005789456636914264,0.012121212121212121,-0.016351328215734994,-0.05523628404984337,-0.22112281773298723,-0.2498752990278414,-0.22505355895186405,-0.0797447678803611,-0.16248189638020147,-0.08913829083320608,-0.02242627835848175,-0.008109958957416584,-0.03330649601836042,0.1316712706543215,0.20268974675754337,0.11634577566780957,-0.04948199354979016,0.18366625485269553,0.26026874331959077,0.1145907078110468,0.16466589856420366,0.013011007926262164,0.14905352193487786,0.08552774654469569,0.272743930371049,0.2994068027966333,0.3140317513198869,-0.07442774052943545,-0.1562320409778037,-0.11591267692962608,-0.11116015861778573,-0.13325883664866717,-0.060971603344484704,-0.17482937482937483,-0.15050412508039626,-0.13593701559803253,-0.05698718749566207,0.01791390774441622,-0.14717676073608277,-0.13607212759755133,0.062415265805096314,-0.19652595584798974,-0.11115969590545861,-0.0758408639764572,0.22502625892456402,0.1621075621075621,0.05988099038946496,-0.04729706594113374,0.6450649416751112,0.44555125233091336,0.11143547245242161,0.16337539388386846,0.2038701259040242,0.2358435477079545,-0.013475571102689746,0.12976350772960943,-0.04110412415497161,0.00763058898652119,-0.021629487731182645,-0.08541530744920575,0.22011179129823197,0.052313792991759096,-0.2963357810815438,0.07049098405030609,-0.08464257786291685,-0.11324097595284036,-0.04061735078684231,0.07879620760976694,-0.042977183655149756,-0.07515928871861076,0.1175599328141701,0.0400940231448706,0.3445346733482327,-0.04639246334161588,-0.24462212597805819,-0.03368499470194385,-0.10857405942151704,0.02859515910363368,-0.07083477930935558,0.07387156031223828,0.04200826404216235,-0.08797919645377272,-0.04837194667703142,0.036911025046618265,-0.032971492293526194,0.13952905139345817,-0.16371595015662813,-0.029461819292327766,-0.1431474617915296,-0.07218080946894506,-0.10902659207743953,-0.06058431312668601,0.0016578982680677595
#101,-0.12914624948523254,-0.20726735980973268,-0.4512967512967513,-0.30552015806253097,0.09257392986206546,-0.38882457187541936,0.05153273458358204,-0.10772313145194501,0.1247958281856587,-0.17149229352619183,-0.03708222860765233,-0.11577849035476154,0.003735476616832549,0.07814193237922051,1.0,0.44960044790553266,-0.1134575253219321,-0.48832761883609344,0.0912477963325421,-0.04567525923458127,0.6311937515327346,0.3320048862421744,-0.0019221070068527696,-0.13249351045961216,0.14670155517613145,-0.2777176251752523,-0.4951882545102884,-0.5824530231309892,-0.09917961104401782,-0.30226266327961243,-0.3877880962626725,-0.178575031117404,-0.3150191794259591,-0.09118810644234374,-0.10045715977919367,-0.01740631232156656,0.2764641374810866,0.32105942614417193,0.1609230185501372,-0.03941568687331399,-0.08886482784787869,-0.17275225919293716,0.0899207373783645,0.15547504361063683,0.2217150895116997,-0.18130734740904234,-0.6074145023297566,-0.47198184316828384,-0.3894561742019369,-0.3854143820245515,-0.32488189267850287,-0.2882563611377171,-0.16409444884021154,-0.12331838772516739,0.615916378628243,0.3337409828935253,0.16490604626197847,-0.0341703799330918,-0.05012285012285012,-0.20489410828393878,-0.08236788406279932,-0.18568414331126196,-0.03993577552899587,0.024831919747173983,-0.5623523369286081,-0.2923846805202737,-0.022235178167381558,0.35803291735495124,0.4508608762846051,0.29511699681191206,0.06682630241952275,0.20224322936187342,0.33446050056219545,-0.12719452888944413,0.25203616559548764,0.00857822383246112,-0.08618711161084043,0.03691380132058098,0.17230342823563163,-0.10439715524461288,-0.18496925276586293,-0.1887949582864837,-0.24907573212657957,0.15828509557323117,-0.10807571824520977,0.08259924022635887,-0.032100204981560916,-0.4231152570135621,-0.14471374301882778,-0.128530379377837,-0.15692842303011795,-0.2578034120407002,-0.23897842372418643,0.09350398163957487,-0.055534270788508075,-0.11914981237015135,-0.20690366792061707,-0.4997390302475048,-0.4667249684198837,-0.46821582753786145,-0.3937709666523226,-0.30053443273782254,-0.16673098368013622,-0.39480327785412533,-0.41963612302595354,-0.4866007764312849,-0.37166442251188014,-0.25911520148808287,-0.16511658037081767,0.17676906490465813,0.03438785472683778
#102,-0.06757959808807266,-0.03039881175474396,-0.12751657666911903,-0.032813244677651454,0.049491710508659664,-0.08757802486616045,-0.0012632046530351615,-0.16982652914856305,0.05048515387498438,-0.23295020752647871,-0.06358407714339918,-0.024142015667439395,0.1489521879352388,0.10564971751412429,0.44960044790553266,1.0,-0.12730881883424255,-0.23083514947921727,0.11101764322103305,0.50642938778532,0.06935872698584564,0.4027290773053485,-0.1283725944742894,0.18670812569117654,-0.004197263519297417,0.01109075176871787,-0.39411244834973647,-0.31685892363858464,-0.026925230315060823,0.11868802546768649,-0.23565661192779838,-0.13054687969942208,-0.21236413609294966,-0.025006825006825006,0.02146707570436384,0.118010151908457,0.04847605695063322,0.31563875123197155,-0.0943984045678961,0.1705659434472994,0.021548513073936803,0.24871435379909956,0.18232253825474165,0.308919705529875,0.18916420272352474,0.07800311868108478,-0.29470888453939303,-0.23366047094860654,-0.3526145560043865,-0.20844079827130674,-0.24220676763049645,-0.3079262621635503,-0.31892493417917145,-0.1563509580458733,0.0021812259100394693,0.19210150057607683,-0.32555976623773236,0.12657495708343167,0.003805346178227534,-0.1298477213731451,-0.0900031001725917,-0.29699792242165124,0.2702277007361753,0.3999440118084186,-0.3280625772151196,-0.051339783543173374,0.2453707945233369,0.25041620973824363,0.2647325291393088,0.4852982412304446,-0.023609896491252422,0.016809413419582912,0.13799516002905834,-0.20832604561418122,0.0018975832535154569,-0.21601586177857365,-0.08229523822744161,-0.075964408167798,0.1836412683870311,0.3515604973232092,-0.025789734264310537,0.2113096146994452,0.010683102208525938,-0.02798484154416358,-0.12021034902390834,-0.08311840345738651,-0.1853750514767464,-0.105574758117131,0.18375231934553968,-0.047541378049852624,0.08061975689094333,-0.21273476866697205,-0.09404813133626692,0.0038580953835191125,-0.07151033930694947,-0.10426620765603817,0.08135315592942712,-0.27139558664982394,-0.16762725745776594,-0.21183803217701522,-0.2728276813022576,-0.17781895917489138,-0.10573300573300573,-0.21563458682102749,-0.3787735347057381,-0.315504564657107,-0.3086480933938561,-0.322046391537917,-0.3105493783459885,0.1850654969299037,0.13041546939852025
#201,0.4904709023353091,0.41278983143389925,0.5475677526524985,0.5138448155397308,0.14811375319849895,0.05013580606800946,0.464985632782243,0.028003350037248343,0.3060559789373349,0.7549915092287973,0.5173581902395462,0.31074603108501414,-0.1152593271237339,0.18161967822984773,-0.1134575253219321,-0.12730881883424255,1.0,0.35082108302447285,-0.21657296742042506,-0.13775640046826487,-0.12723062045095943,0.04462120055340394,0.26316948689830044,-0.07113831859594572,0.29149349657824236,0.2530083241947649,0.12694327609581846,0.20582369734912107,0.111483594534442,-0.02777754642161422,0.4028197689214638,-0.02891674417098146,0.5996936844394471,0.3082247116145421,-0.07667420887759871,-0.020180735434972723,0.34762883067967815,0.06956926109468482,0.34013612996663845,-0.16730474696576392,0.13950822933873783,-0.17969942207230344,-0.05631440377203089,-0.060387660387660386,0.023827833997325524,-0.14407334915809492,-0.06583517261483363,0.06617943058621024,0.086220426898393,0.056057598430479784,0.2326156665139716,0.25917350324129984,0.2052309628580815,0.21586039043666164,-0.1875576655237672,-0.05989949888254973,-0.2405807965129999,-0.35272930866151203,0.20040394786157498,-0.054172045697469424,0.03689760638913181,0.17416723348926738,0.0900637154874443,0.19687669179194603,0.11282222129679757,0.14195736568617925,0.10407603288959222,0.22791821096905843,0.01841086078374214,0.0867146036637562,0.18018573272810562,0.3612654256722053,-0.42545102884085934,0.045468426824359025,-0.4323246204602137,-0.12993609942762485,-0.23487185182100437,-0.05743046590504217,0.38417107400158246,0.2184682371123049,-0.11898138508308,-0.17193742278488042,-0.20166298810366606,0.041518251687743216,-0.3488078216891776,0.10232420401911928,0.10596204833492968,0.06286178320076626,-0.04447544617036142,0.03357579459274374,-0.056248698621579975,-0.06574586913569964,-0.3472498692837676,0.12432756331061416,-0.08128189823105077,0.5431395956819686,0.441035642730558,0.4352855166414488,0.3713294187870459,0.13461689732876173,0.31761777185506,0.6565221616069074,0.36938093717754733,0.4914550914550915,0.048918409935359085,0.16653571907809195,0.06284234928302725,-0.086818713937358,-0.0396627752559956,0.11100052286492965,-0.009617013006843516
