,#10,#11,#12,#13,#17,#18,#26,#49,#50,#51,#52,#53,#54,#58,#101,#102,#201,#202,#301,#302,#401,#402,#501,#502,#601,#602,#701,#702,#801,#802,#901,#902,#1001,#1002,#1101,#1102,#1201,#1202,#1301,#1302,#1401,#1402,#1501,#1502,#1601,#1602,#1701,#1702,#1801,#1802,#1901,#1902,#2001,#2002,#2101,#2102,#2201,#2202,#2301,#2302,#2401,#2402,#2501,#2502,#2601,#2602,#2701,#2702,#2801,#2802,#2901,#2902,#3001,#3002,#3101,#3102,#3201,#3202,#3301,#3302,#3401,#3402,#3455,#3501,#3502,#3601,#3602,#3701,#3702,#3801,#3802,#3901,#3902,#4001,#4002,#4101,#4102,#4201,#4202,#4301,#4302,#4401,#4402,#4501,#4502,#4601,#4602,#4701,#4702,#4801,#4802
#10,1.0,0.4252611782706054,0.5387547912566042,0.4197403756504554,0.08963972937867064,0.11835140928686977,0.1155400074906964,0.5799456526070014,0.2780498689128131,0.4668329495015499,0.5550398839738941,0.22442126401517265,0.28114974220848044,0.06298560033150316,-0.313252954442222,-0.31724693000980164,0.5920407366382711,0.5247965957175529,-0.15849197937667844,-0.26544637378575014,-0.4057008980866849,-0.4329160324809346,-0.191535513072859,-0.08668488871534556,0.045937094087928024,-0.3023101626437377,0.3705296878610874,0.32305461036425503,-0.00416928973854282,0.10870275482313191,0.255341902477508,0.25645594434571956,0.26792308489190286,-0.06006901003275188,-0.13748934169528804,-0.10622285618659803,-0.3225956059893696,-0.304638653587167,-0.07780124154308346,-0.22114288901816095,-0.17188438827307573,-0.15066818605614835,-0.2029022464120361,-0.26673254229454374,-0.185190733849182,-0.23016519376200303,0.43785032951095315,0.3587246690945023,0.2938265505343098,0.22998191076508698,0.37985799552151983,0.17849851381395979,0.4682848695901633,0.1855843938512539,0.08749930272772913,0.03325550446652695,-0.199037365824893,-0.48121189905091283,0.19347671907497868,0.17989943341647474,0.06641219549123828,0.24711648032895314,-0.2539505454661365,-0.08448389898716221,0.4458701559499239,0.2510323614021946,-0.08051382989744121,0.03570034026886819,-0.17486791670983115,-0.041009172118671756,0.3185984428914088,0.29633832447465513,-0.13827506793424124,-0.04551793384280694,-0.3734781534636502,-0.22283546765055104,-0.0592306895425097,0.09483540389994342,-0.021197077034640487,0.04616500251018017,0.12108631035389555,0.07603216218154579,0.0891679748822606,0.2569308863725107,-0.1822135804731889,0.27084605025141645,0.29052426905943946,0.1324402935715481,-0.15639299062069184,0.23166492680633363,-0.15619695750225118,0.23139398672393596,-0.09015929683079792,0.11807090661332865,0.1009235869279379,0.23270246794539762,0.05075982755460638,0.5409844687582178,0.44157974005689743,0.5027436667755739,0.5031835459681725,0.4242347934878754,0.25030719824048325,0.4367633816509814,0.4232896907298648,0.42760401310074986,0.4181737044681207,0.09490074827275698,0.0652551219628812,0.04124823689725793,0.03299253321008216
#11,0.4252611782706054,1.0,0.3170891472559348,0.2567189156021643,0.05078851532803672,0.12478862689160006,0.34462940974906164,0.3348277538270287,0.39311015308114655,0.5092366661619744,0.519286949453737,0.18848504649809944,0.25709823171752105,0.0811194606698595,-0.28199762528986605,-0.39614946329957207,0.37832001211261546,0.2812278367028186,-0.1861278677812398,-0.20389994342133574,-0.21006303341328722,-0.34172397580664443,-0.10530165990644598,-0.10700380112997952,0.02039381937859095,-0.37803472814350264,0.3444317828654304,0.24733482616006183,-0.0774362693144419,-0.03313915960761501,0.09685470439640127,0.13082102813792443,0.12053964889352851,-0.22819211245607185,-0.18817426228593742,-0.29418196017180787,-0.2260787798133701,-0.3910207269163034,-0.081600777757413,-0.2766346054235829,-0.03201077385268828,-0.1817322633856354,-0.17534285873662234,-0.3060602921371594,0.0931762943365554,-0.02801520451991808,0.23927993688689844,0.23804158133382208,0.310844775239264,0.4177561379881902,0.16585836208751364,0.23282040656950012,0.3560535186350995,0.2164508442971097,0.128938791447856,-0.035657308608722675,-0.09427758608324235,-0.3087904119086135,0.17062690753771248,0.2729673517200711,0.16052084246427975,0.2829236028655898,-0.3530078333559117,-0.3895704005928807,0.27717489182318766,0.1930464024735236,-0.16110097299364884,0.033596570217309885,-0.18425200615193363,-0.35691255807281913,0.1771677198798301,0.18951461881121054,-0.14243638884683119,-0.18853285945381668,-0.26635960123994934,-0.1601287762273984,-0.04808070826925069,-0.0153399899592793,-0.09272047749205109,-0.21009809624747985,0.017333790212687966,-0.0679963980906693,0.04203396313621114,0.26386057742112856,-0.2260405294487963,0.1777542254699615,0.19074978683390575,-0.019767469658695185,-0.2582441488895441,-0.08846353066802667,-0.1315860354294002,-0.045798436516348046,0.10882866227318728,0.10971638948433728,0.17256492600945103,0.26722979703400296,-0.10948529353170397,0.3613543816589502,0.08599160085744567,0.2557100622365307,0.2351249910350708,0.3175306202137239,0.12166325335288351,0.11897138394600323,0.20684681525870793,0.24682641506426858,0.2946824024416483,0.09870347201746767,0.06391157790722693,0.13895082437504483,0.11716405421989179
#12,0.5387547912566042,0.3170891472559348,1.0,0.6930137302871168,-0.002828933213269689,0.4198407828574616,-0.007691510809712405,0.3774928479787073,0.04677382081297962,0.4608372048546088,0.5256476663293197,0.2122496792547554,0.27126202296615637,-0.2840551761508977,-0.2737913283235981,-0.07077433081784061,0.6403174780259624,0.6350086461761588,-0.0498721003434564,-0.14646861477898462,-0.3494840185195515,-0.09185506299356916,-0.06693176294336556,0.05735323414801297,-0.017397540820310944,-0.07381364103626613,0.27788252356780274,0.3054068484090239,0.07891368964610444,0.14083306106511329,0.4069854728302879,0.19167417064443895,0.18884523743116927,0.015357521376375619,-0.16457219357872005,-0.09849150124712126,-0.36664568209165743,-0.1408744989600682,-0.06633410099690012,-0.012279960793376312,-0.2721114998127326,-0.14493063137008025,-0.19396441122329447,-0.13789575181888453,-0.2268342245137024,-0.11168628325988732,0.3009713998836551,0.18099753763278056,0.1316163169680211,0.17466550853062818,0.199464494895967,0.27203340531839443,0.2870642048307023,0.27071695527097994,0.15050721577190032,0.1844783208089952,-0.4003888787065002,-0.35244204671325774,0.16553482775382702,0.0846847134011746,-0.05979328865478249,0.10594713480862865,-0.1973527560184558,-0.06826096311230466,0.3137916470766362,0.3047151543163146,-0.33613464128329973,-0.24505574193754034,-0.05392823275346843,-0.08110671054833492,0.05011754018280487,0.19956649586816375,-0.26665285403501504,-0.2627815983871096,-0.5266868012335743,-0.4957789128927635,-0.37894636183251124,-0.21356931683255106,-0.015695399596777408,0.18843563977719163,0.04196543123301644,-0.0393644064419989,0.04744479595821147,0.0795591645482871,-0.35982755460637983,0.05510761899449354,0.08616372749802771,0.017760919283761924,-0.10050283291762625,-0.030547697407740916,-0.19985177983727656,-0.004349385205077736,-0.056113284829746035,0.14136697240395574,0.08574934854847835,0.38505526380798316,0.1445337838376272,0.5163576090334611,0.5731657754862977,0.4435719465451155,0.4034664392894995,0.35519447919737984,0.2902437663858984,0.3084907840527855,0.3231390799193555,0.3319031947023245,0.31339639330937374,-0.02268724748782762,-0.030265600969009238,0.07432842719282168,-0.06314338308537003
#13,0.4197403756504554,0.2567189156021643,0.6930137302871168,1.0,0.1974276629824128,0.38411016104997253,0.11142012447306138,0.2973025524149527,0.043589477962211826,0.4940640215477054,0.4640151726446143,0.27640988453171195,0.17899895608380018,-0.2393149997210911,-0.3486839483938831,-0.015347958785232171,0.5004008319454295,0.4584816199029397,-0.008051701742782236,0.05789830184318944,-0.3183944409470153,-0.06030807481133805,-0.1581875702252787,-0.046439130122958985,-0.13983058276024193,-0.08294910310863901,0.1985640175632924,0.3266836137031931,0.04221883989831778,0.2539569205268988,0.2477683302918981,0.3239008996804501,0.4611081449370064,0.2583333997402163,-0.029726908334595063,0.05022591621576393,-0.14104343807026912,0.03881774498163185,0.1283698172748209,0.131047342794986,-0.1473117165647985,0.03599678059431504,-0.1089593510188144,0.0028241519176979654,-0.2604419510873463,-0.11315892229597814,0.29071392711711785,0.26610141127907627,0.1982468582903681,0.21928934010152284,0.24195905617225413,0.2650447449577254,0.2639131716724175,0.20854895648224148,-0.033915323255424776,0.10792659117532213,-0.42001928455880594,-0.28552462765660735,0.054403174780259626,0.03680960084150802,-0.04003697535242133,0.11788921738160317,-0.07168118321127748,-0.08907075520563555,0.343073894923061,0.3628557084684713,-0.13845038210520444,-0.12297173457434517,-0.09687861087425989,-0.07262628596928815,-0.1159511989098646,-0.017843795073671797,-0.26184446445505183,-0.26266844105857884,-0.4690753771246882,-0.4460566264772211,-0.29715433225222926,-0.23527958625855652,-0.16083959550239463,0.11140099929077449,0.08369657898301844,0.07460733610117222,0.06123405238706182,0.19850504825124116,-0.09199531433033971,0.12386264931587629,0.05214799703559674,0.050857047231231425,0.06435305086501605,-0.02517192741993322,-0.060497732869016406,-0.16335455697312115,-0.06951844384766792,0.02511455187307254,-0.08898947318091625,0.09711448812246491,0.15375371546510053,0.4757134091434309,0.4994955733171832,0.39319302887105645,0.4351377411565954,0.2930758871295492,0.4357513407549666,0.41619106057104605,0.48827546637553887,0.5025332897704181,0.34768625138458353,0.0016128903728613664,-0.09980795129453578,-0.0667660113635458,-0.18436835101084556
#17,0.08963972937867064,0.05078851532803672,-0.002828933213269689,0.1974276629824128,1.0,0.4783494967686411,-0.005888962379172676,0.29820462351281785,0.07508068436277283,-0.05457530142084167,0.18151710508490784,0.6417853357664816,0.329998645299588,-0.021015387802914995,-0.06378726422236213,-0.16732621982803272,0.16109300416769598,0.03314872219875846,0.09087808493174701,-0.13410577819569844,-0.1462630190694005,-0.27934878754313125,-0.19096813266501447,-0.10035142522452167,-0.10391667795583677,-0.10566025707432523,-0.22674337989783966,-0.24564384129286232,0.1947118870976739,0.156235207866825,0.06818924367872882,0.27567675254404767,0.32679517726653334,0.45527974563507556,0.38484329303763676,0.32857860051478616,0.46886659388472296,0.3421734175903864,0.3950688905003626,0.2116615798994334,0.29454693240044943,0.26941006781470883,0.5004406760751938,0.31929332451449927,0.26180780785566865,0.1041270549609926,-0.1314537529185825,-0.12287292113252954,-0.0349193953254867,-0.11094836997665133,-0.16270430077536677,-0.09489118568161353,-0.025041238674306115,-0.21250627545043788,-0.1874698180717035,-0.09980157623377348,-0.008270047573890939,-0.06358326227796858,0.05025460398919427,0.06922997234817395,-0.0849779661962403,-0.12686370916972803,0.17904995656989856,-0.09678298496282543,-0.15954545816764817,-0.28640279227661386,0.0773804875327718,-0.142560702531696,-0.046204846639944536,0.01970531281626278,0.09925969606897815,-0.036505191690108296,0.29383451936026267,0.1378718453410259,0.1533552741674569,0.021514236307564806,0.15403103060826048,-0.020591446262222188,-0.26134880348078315,-0.05597940855373778,0.40556383428029547,0.48654304361338446,0.16772944242124807,0.5181075632127119,0.6320745244603113,0.15799313087202863,-0.11176119022384431,0.3524308903569237,0.27586641060172606,0.5126457299046131,0.6077201985831427,-0.013468909625544869,0.23092701352309764,-0.08028114017961734,0.03442532811640861,-0.28002454398393484,0.1606674688618126,0.07043964012781997,0.012547713345392824,-0.06469889791137072,0.014802891090055703,0.04605025141645881,0.263057319765079,0.2129174668696061,0.23767501533998997,0.22056753978436358,0.034726549737427184,-0.18180876411478297,0.02264102829730096,-0.27975679143191834,-0.17305261815776682
#18,0.11835140928686977,0.12478862689160006,0.4198407828574616,0.38411016104997253,0.4783494967686411,1.0,0.07117595964586537,0.24142195730303054,-0.03535449322251353,0.13254229454374486,0.22207364788945644,0.6698308218250205,0.5996206838846433,-0.062266812230554074,-0.0032321558064850307,0.14511869566256802,0.3630772418299612,0.327579309740296,0.2118735506697798,-0.06646478974252723,-0.3037780203842568,-0.1271713058515089,-0.06884587493724549,-0.029032026711504594,-0.14732765421670424,-0.040511917379212524,-0.10943588681079616,-0.16644646144283562,0.3590864537927627,0.3048952497828495,0.3560296121572409,0.19436604005131924,0.10662289124943222,0.36885623441098425,0.10396767844193515,0.20493748456039973,0.22646287722429853,0.3179179051550335,0.15681055710062236,0.19067647363513934,-0.04053104256149941,0.1681406338404163,0.2987640350947095,0.33867032170150374,0.17189076333383801,0.24270971957701473,-0.09343767182780961,-0.1661436460566265,-0.07188837268605217,-0.0781359322331041,-0.14299580042872284,0.03102263943453211,-0.005702491851875463,-0.1495525504227462,-0.22828773836750632,-0.19490313892054284,-0.33243710604116694,-0.21303859302408976,0.16774538007315382,0.02662862880411829,-0.21631059296033917,-0.19282486911203373,0.34365721298281127,0.009793687096080134,-0.15115906573484528,-0.16207476352508984,0.023968634701049495,-0.22081457338890262,0.11327686092008064,0.04923140673684546,-0.039208217453322605,0.005535146506865144,0.03562702707010176,-0.11668433089752887,-0.28050745483667894,-0.422438620118098,-0.21887017985640175,-0.2786299994421822,-0.0968467355704484,0.27287650710420835,0.32080740144554504,0.36194885607503446,0.11449768505606069,0.36317924280215796,0.09827953047677486,-0.07564009594466448,-0.22800723569396522,0.14392337176963718,0.1328961104160524,0.17715337599311493,0.32427065320466336,-0.1201475826566472,0.19239136498019746,0.03121867255297277,0.04593390655754687,-0.013158125413382847,0.30218266142849176,0.10503709488481063,0.11164803289531354,0.07515877885711097,0.08773836750631529,0.036616755253448506,0.15066659229095777,0.03321406657157201,0.058261680306640425,0.03190239781972922,-0.011454390424658735,-0.18820932512013006,-0.16995911992286175,-0.1198479548008192,-0.16408131390002312
#26,0.1155400074906964,0.34462940974906164,-0.007691510809712405,0.11142012447306138,-0.005888962379172676,0.07117595964586537,1.0,0.12034202200989728,0.3703878427591263,0.5410721258436995,0.21437098072341002,0.2314609248619401,0.38910183362685175,0.6079385444142514,-0.1378399700372144,-0.02470814174947605,0.09623791726764895,-0.04601837611264732,-0.37712946951525633,-0.1695001155479763,-0.2229502187442724,-0.2977073687733586,0.09930910278988597,0.27435711496625204,0.06864187299285196,0.016401437576201897,0.15266676760512873,0.1609033461100176,-0.03236458972499582,0.03733713711958817,-0.07218959430707074,-0.09957048028114018,0.0557530938966762,-0.06491724374247942,-0.09974898198248452,-0.18783000900477334,-0.040830670417327415,-0.18259449035373618,-0.2703695144594347,-0.08790890038170676,0.18697734462781598,-0.12106240387603695,-0.05752695455378559,-0.08738933292957948,0.14639689534540876,0.2576209867000295,-0.0308234187857103,-0.046753101865502154,0.2579827713982899,0.4844281172054921,-0.1308353720246396,0.24179967965319668,0.2232434715393381,0.32934042027588073,-0.07838455960283372,-0.1506155918048594,-0.15149853772043764,-0.07794149287985401,-0.16204129445608778,0.2324841221142889,0.07333551147909378,0.17954561754416723,-0.07440970921754098,0.016987943166333303,-0.135893982739523,0.037252667564487724,0.4090780865255122,0.6432611623329535,-0.19181920327678123,-0.15092478225183084,0.033977480097857185,-0.0966411398608643,0.016493875957255218,0.07984604228259051,-0.06591494075177905,0.13822406744814286,0.06393389061989498,0.035338555570607784,0.2149272047749205,-0.06282463004725514,0.06943238052737691,0.2269457880770426,0.24375204201165043,0.19413653786387652,0.13891416777566162,0.18558598761644446,0.18548079911386656,0.15292017627043009,0.021840958171632573,0.023641912836981728,0.09205109611200982,-0.09079680290702771,0.08529512546916462,-0.04605981400760226,-0.10448087083330013,0.13145215915339192,0.0961167911131653,0.044195108734630124,-0.288469905728789,-0.13857628955525983,-0.0422427463761764,0.11925348038473492,-0.04912143693869582,0.09246388129636861,-0.03056363505964666,0.02775860832423559,0.08330610651132768,0.1537600905258628,-0.0956482241471364,-0.01606355935580011,0.10594394727824749
#49,0.5799456526070014,0.3348277538270287,0.3774928479787073,0.2973025524149527,0.29820462351281785,0.24142195730303054,0.12034202200989728,1.0,0.45852305779789465,0.39319940393181874,0.5443457195451394,0.5815075424937644,0.5585605112798732,0.02710994589167178,-0.018513176453713073,-0.4408689207819012,0.6108758536604803,0.43954450190853384,0.06474830463227853,-0.25028169799743405,-0.07883878268214745,-0.38837667046514035,-0.10938807385507893,-0.1016104997250755,-0.012879216505032313,-0.35565985863302757,0.1206910565866331,-0.07602100582521178,0.22539346078142308,0.13980030122162102,0.15795169297707368,0.2035413462534565,0.22910215237988987,-0.07697567117436588,0.15468925563196775,0.030429758783638405,0.0006375060762297891,-0.14716349640207507,0.05342938424881862,-0.21219708500346643,-0.1685263250165353,-0.08897512929420108,-0.039493501422435434,-0.21170779908996007,-0.11558463291603248,-0.22506992644773646,0.23877311955629577,0.11845341025906653,0.07496752703424205,0.06356254333049112,0.23842567874475054,0.0913466518977759,0.23509789702683104,0.12177322315103316,0.0483484608212672,0.03811648829777909,-0.19549123827586481,-0.34570679501789003,-0.11436380878005244,-0.1303683988238013,-0.03582146642335185,0.003055247870331264,-0.13435281180023748,-0.3089211006542406,0.14230729386639465,0.01168070508172031,-0.03395038608961742,-0.06616675565188981,0.07232506434826957,0.01660225199021428,0.5081274055893346,0.3333630836168907,0.20522754982508426,0.2027667763708373,-0.07688960785407487,-0.1647937269402099,0.05266597072253345,-0.10353098677971774,-0.039960474623273755,-0.10129971551291349,0.3261608587206847,0.003340531839444095,0.04028719648734152,0.6117301118026282,0.09908597566320554,0.2814238698212592,0.13011977145407166,0.1588426077186048,-0.23293675142841205,0.13016917817497947,-0.03599837435950561,0.040545386448214586,-0.20530405055423184,-0.07647044760895377,-0.0689016567189156,0.1629513343799058,0.011661579899433417,0.43920981121851316,0.23141311190622285,0.3291252619751532,0.3885041716803863,0.3956298958474448,0.14323805273769016,0.49726270828518837,0.49508562503486364,0.4108631035389556,0.3086581293977958,-0.11419805720023268,-0.160055463028632,-0.2882754663755389,-0.3440811545235041
#50,0.2780498689128131,0.39311015308114655,0.04677382081297962,0.043589477962211826,0.07508068436277283,-0.03535449322251353,0.3703878427591263,0.45852305779789465,1.0,0.5064109204790859,0.21909490074827276,0.24321972443799855,0.3140912749324642,0.337991377730319,-0.05618181673294074,-0.3193459187657882,0.21974675071121771,0.11582847899019037,-0.13612348492696572,-0.11457577955039884,-0.14343249209094025,-0.2354246188908988,-0.03517439775597861,0.06267800364972229,-0.06264931587629195,-0.17042928065408122,0.13715943230083913,0.1120066300631928,-0.07344548127724343,0.013435440556542805,0.11940170054745834,0.09923419582592896,0.19638374678258652,-0.039761253974451946,-0.0818812804309541,-0.12183537999346557,-0.08076086350198025,-0.22900333893807426,-0.0011921363625497056,-0.06378407669198097,0.046410442349528645,-0.23740885655316402,-0.08666098223748694,-0.23833961542445953,0.008536206360716876,0.028091705249065655,0.09708420658384401,0.054285236156157116,0.16403987600506817,0.2285268031460925,0.023487317613496005,0.1593510188143981,0.1765859955852704,0.1776554120281459,-0.05252412562057232,0.13768856234410984,-0.17360087338332444,-0.16344699535417448,-0.04726151296129541,0.15635633402130864,0.22518945883702954,0.26938934886723137,-0.2900174517288368,-0.2229996254651802,0.0785168421136514,0.037722828295707195,0.08741802070300983,0.21209189650088853,-0.10508331407533728,-0.15855572998430142,0.1977017905951916,0.10059527129867957,0.02565324450748671,-0.09916725768792484,-0.12030536541051406,-0.03096207635729028,0.17354827913203547,0.03163305150252213,-0.047484640087975837,-0.12268485684004175,-0.004073663827108352,0.12276773262995162,0.1335144913099953,0.25883224824486606,-0.006241184486289635,0.31799121835379995,0.30390074030393105,0.10126624644391141,-0.09688020463945048,0.11788921738160317,0.12650511200184877,0.08064770617344946,0.01051566272741037,-0.03303875240060882,0.09297866745292416,0.06451561491445465,0.02756576273617608,0.20783335591167354,0.058990030998732956,-0.024668297619711687,0.020098972818334674,0.28219047087792554,0.0960482592099706,0.19468638685462472,0.21905505661850838,0.2733849182000016,0.2417295539848114,0.1682649475252811,0.059651443552821364,0.003931818725147224,0.009404808389579963
#51,0.4668329495015499,0.5092366661619744,0.4608372048546088,0.4940640215477054,-0.05457530142084167,0.13254229454374486,0.5410721258436995,0.39319940393181874,0.5064109204790859,1.0,0.5201619265433624,0.196790156906183,0.3711735689980795,0.1783486998860458,-0.20097697806182216,-0.30451593366749274,0.5140354931507941,0.31105833977480096,-0.20821745332260197,-0.2142402919777829,-0.292312473603264,-0.31335814294479997,-0.038157926192734025,0.03859461785495143,0.0681525870793456,-0.19988684267146922,0.43348660041916026,0.3805720023268972,-0.09711448812246491,0.04566456024033979,0.20237152260357483,0.09994820263130633,0.3082182502051973,-0.041413988477077675,-0.2255480560049088,-0.29131318282877383,-0.28466080692331597,-0.3885934225310585,-0.08588481858967718,-0.09628891775374734,-0.10642685813099156,-0.27738845635872467,-0.2570775127700436,-0.3006351154284439,-0.16921323781367292,-0.05085545346604085,0.35417765700579334,0.2924591000007969,0.35242610906135197,0.44346994557291874,0.2210329192200113,0.2829873534732128,0.31224091354620725,0.3710731617910733,0.11618229486249791,0.061948059192439175,-0.3409796874626461,-0.4036545035819873,-0.01418929149168453,0.16868092024002104,0.06866418570552,0.22590027811202576,-0.3914223557443282,-0.2592545960203683,0.37557236092406504,0.33147765939644114,-0.051755930798715426,0.14723362207046037,-0.22930934185466456,-0.27750958251320834,0.10954426284375524,0.09745555387324785,-0.09235709902860012,-0.06507024520077458,-0.3441640303134139,-0.23453529791455824,-0.08127564965853581,-0.07571181537824033,0.0271960092119628,-0.08628485365251137,-0.011326889209412777,-0.04563427870171888,0.17077353393524533,0.22276852951254691,-0.18038712556479053,0.24436564161002158,0.21830917450931955,0.005243487476990015,-0.16825060363856592,-0.058661715369474614,-0.1544103467236172,-0.07963566527743468,-0.08722676888014089,0.053089912263226256,-0.009788905800508412,0.30678864282925195,0.06082604849827475,0.4502259162157639,0.2819450310385771,0.22735060443544852,0.27921969256269474,0.40248786746248677,0.24413135812700715,0.27787614850704045,0.437611264732367,0.4206344779223677,0.4643897074643993,0.09367036154563348,-0.17867064045454184,0.03605574990636629,-0.004057726175202607
#52,0.5550398839738941,0.519286949453737,0.5256476663293197,0.4640151726446143,0.18151710508490784,0.22207364788945644,0.21437098072341002,0.5443457195451394,0.21909490074827276,0.5201619265433624,1.0,0.35742893799456527,0.278327184055973,-0.08541625162364828,-0.27820924543187053,-0.43184024097729684,0.6474400146626398,0.3847540421869646,-0.21372709958641795,-0.34711408968116725,-0.17499541792507708,-0.35038130832184494,-0.04857158794794763,-0.02145526699551355,0.04377276095912789,-0.263506761548821,0.2709400823976604,0.17647761955231137,-0.0798157607439696,-0.0645506777486473,0.0266716604642638,0.15273051821275171,0.16134322530261616,-0.19220648821809083,-0.15526460486576513,-0.25532437106041167,-0.23796986190024624,-0.29475093434484295,-0.13872291595279268,-0.13657133294551713,-0.062274781056506946,-0.25853421415422867,-0.21790435815091364,-0.317211867175609,-0.07306935269226784,-0.07545203165217669,0.2455211213731881,0.21379881901999379,0.16540095147781878,0.21175879957605845,0.31930129334045215,0.18920702212942966,0.3330793934129685,0.2365928487755899,0.17487907306616515,0.09059439472782475,-0.21559339862458063,-0.32521575596267405,0.059045812780403065,0.03523814836360159,0.04737626405501678,0.1345631888053933,-0.39386719154666944,-0.29161918574536416,0.28109396042681034,0.1549856959574146,-0.31798165576265647,-0.1342763110710899,-0.1652814190885257,-0.2658974093346827,0.252967192343552,0.15104112711074277,-0.02703503892771478,0.05602881527464559,-0.21278837188916958,-0.21598705862665254,-0.08489349664113986,-0.02708763317900374,-0.059192439177935915,-0.15091840719106853,0.08084214552669955,-0.1233064252643658,0.061772745021475985,0.38396990971320194,-0.014629170684283085,0.2363123461020488,0.19487763867749364,0.14748224944018998,-0.2138657571579979,0.0723170955223167,-0.1604539043262756,0.08328857509423136,-0.03209046211221701,0.23702157161185441,0.09251169425208584,0.3310919682203221,-0.011191419168213947,0.4780674003299094,0.2180063591231104,0.39552789487524803,0.4031317485994788,0.3466487102455195,0.17845866968419544,0.3766609025492274,0.3904900031078421,0.2602698244467643,0.2112057630549291,-0.033191753858903966,-0.08412689558447355,0.1565412107834153,0.04968403605096861
#53,0.22442126401517265,0.18848504649809944,0.2122496792547554,0.27640988453171195,0.6417853357664816,0.6698308218250205,0.2314609248619401,0.5815075424937644,0.24321972443799855,0.196790156906183,0.35742893799456527,1.0,0.7389077927148993,0.12510100486895265,0.007696292105284128,-0.12952689080317797,0.4097060300105985,0.24676425822183617,0.12777534285873662,-0.13176931842631626,-0.16705687351082565,-0.28430858481619903,-0.016028496521607472,0.01581811951645164,-0.04323088079433257,-0.15463984891105995,-0.09108049311094997,-0.22212942967112656,0.3406864346675804,0.21175879957605845,0.23259409191243854,0.17822757373156212,0.23126170421311829,0.23626612691152213,0.290203922256134,0.1658679246786571,0.3558734231685646,0.2163568121508658,0.1833802165926894,0.08624500952274701,0.08569197300161767,0.1405573396871439,0.38973137087712867,0.1861517742590984,0.2851835619058244,0.15053271601494952,-0.11840878483373045,-0.19238498991943517,-0.09108846193690284,-0.040719106853987205,-0.18604817952171107,-0.020358756544398313,-0.04714835563276462,-0.040193164341097626,-0.21127748248850498,-0.07110264644709895,-0.2219525217349728,-0.17614133509710014,-0.0883248730964467,-0.09426324219652718,-0.07265337997752791,-0.1426292344348907,0.24942425232490498,-0.06027460574233598,-0.15039883973894125,-0.24867518268533498,0.17496832391683734,-0.002315740821904709,0.11094040115069846,0.014321574002502212,0.21855939564423973,0.024988644423017157,0.2036337846345098,0.1275777159751054,-0.07070420514945533,-0.20237789766433711,-0.038390615910557896,-0.2417056475069528,-0.055469403692753945,0.08474846400879758,0.48077361362350485,0.40338037596920845,0.21782626365657548,0.6675198622986875,0.3959406800596068,0.18415478647530859,-0.061976746965869516,0.28742280199858156,0.08666257600267753,0.3794468041023516,0.3696308042936034,-0.026046904509558606,0.07831284016925787,-0.10217150507215772,-0.10487453083537203,-0.001746766648869622,0.29024854768147007,0.08154021468017117,0.027506793424124824,-0.05789989560838002,-0.0019667062451688994,0.12212863278853127,0.09657898301843189,0.22137398497079425,0.14381977703224985,0.10513750209181681,-0.06156077425112958,-0.17350524747188997,-0.14959398831770115,-0.29013220282255814,-0.2657603455282933
#54,0.28114974220848044,0.25709823171752105,0.27126202296615637,0.17899895608380018,0.329998645299588,0.5996206838846433,0.38910183362685175,0.5585605112798732,0.3140912749324642,0.3711735689980795,0.278327184055973,0.7389077927148993,1.0,0.374939636143407,0.089454852616564,-0.1353887591741109,0.4906597391006383,0.4057710237550702,0.08449824287387739,-0.1907099427041414,-0.22660950362183138,-0.30948051223613227,-0.010088533656336413,-0.03442214058602746,-0.013859382097235614,-0.2637713265704564,0.04786554996852314,-0.09619329184231287,0.37752631704770934,0.2625664400863821,0.29819187339129327,0.08944210249503941,0.16650702452007746,0.08447752392639993,0.07734542469857916,0.056808166452836505,0.13921220186629904,-0.0014407637322793232,-0.010282973009586497,-0.1673405637147479,-0.08889862856505351,-0.03523655459841102,0.08890340986062524,0.047828893369139924,0.13262517033365473,0.04920590649379627,0.0494975655236714,-0.08564575381109102,-0.04569165424857956,0.0417741794101475,-0.08949947804190009,0.06650144634191045,0.0484918996884189,0.028953932217166446,-0.17710875056777886,-0.13110312457665613,-0.39275952473922016,-0.40412147678282556,-0.10175553235741779,-0.08269250691295651,-0.11214050633920104,-0.06752464359425926,0.15556104519121197,-0.07436189626182374,-0.06667357298249249,-0.10061917777653819,0.3034656424069042,0.19510714086493636,0.1111571532166166,0.036041406019651126,0.39776235367243346,0.15551960729625705,0.08123739929396202,0.06883471858091147,-0.2261154364127533,-0.273372168078477,-0.11479412538150754,-0.2998302640072038,0.16848169959119924,0.12499581636637475,0.4560750344651722,0.3018798460422826,0.16031046545912392,0.5908677254580083,0.17525520165114072,0.08317541776570057,-0.013272876507104209,0.14213835475619377,-0.06059335878045088,0.1205157424156699,0.1334013339814645,-0.07925316163169681,-0.04033341567786818,-0.20722772513925522,-0.15895895257751674,0.21589462024559922,0.21959534301811315,0.20243208568081664,0.033335192726055674,0.011650423543099395,0.13596410840790826,0.2593087840368479,0.06255050243447632,0.22567077592458304,0.17596602092613695,0.15209141837133136,0.1522380447688642,-0.07850727952250795,-0.1425734526532206,-0.2752384671166397,-0.25157583533218053
#58,0.06298560033150316,0.0811194606698595,-0.2840551761508977,-0.2393149997210911,-0.021015387802914995,-0.062266812230554074,0.6079385444142514,0.02710994589167178,0.337991377730319,0.1783486998860458,-0.08541625162364828,0.12510100486895265,0.374939636143407,1.0,-0.02782554646223972,-0.008424642797376663,-0.1719226386376495,-0.0875694283961144,-0.25511080652487467,-0.05790148937357059,-0.16642733626054873,-0.22998350453027755,0.02673222354150563,0.008274828869462661,0.044727426308282,-0.10930201053478791,0.042166245647028824,0.04439911067902366,0.008590394377196407,0.1282391285291938,-0.08977838695025062,-0.11187912884794683,-0.010526819083744391,0.0405007610228785,-0.003275187466630541,-0.012673620795448207,0.08842846783383404,-0.07715895417128195,-0.20134513782084484,-0.24173114775000198,0.12135406290591207,0.013253751324817315,-0.08985807520977934,-0.090428643148005,0.2095402784307788,0.11921841755054229,0.0599925093036043,0.01403947756377053,0.13221876021005824,0.12243622947031214,-0.06481843030066381,-0.021157232904876123,0.09746192893401015,-0.08227175290264485,-0.2521001840798795,-0.37752950457809054,0.02935396728000064,-0.07545203165217669,-0.019616061965590608,0.08244706707360805,0.18458988437233542,0.19333806150339872,0.12165528452693064,0.22400688506562327,-0.1581748201037541,-0.09121118185657708,0.7186685685597941,0.7328323598084294,-0.052538469507287494,0.141725569571835,0.1912964482942728,-0.013923132704858593,0.06266047223262597,0.16068021898333718,0.02716413390815131,0.2502721354062906,0.2337878220401788,0.14583748376351713,0.2057933364677382,-0.03338619321215405,0.032144650128696536,0.2477061734494657,0.15430037692546758,0.14818828741961446,0.27374510913307143,0.2681063678888189,0.2474256707759246,0.09568488074651961,0.022872124249934258,-0.021292702946074955,0.07611025667588395,0.15631808365673486,0.09179449991632732,-0.07207643697853995,-0.03482855070962395,-0.07837659077688085,0.030507853277976556,-0.034495453784793885,-0.31688992660711296,-0.14404449792412083,-0.09386001960331185,-0.011565953987998949,-0.16647514921626597,-0.011352389452461968,-0.15676115037971455,-0.05141327128274192,0.05609415964745914,0.2823052219716469,0.0076978858704747025,-0.019474216863629483,0.06497780681972125
#101,-0.313252954442222,-0.28199762528986605,-0.2737913283235981,-0.3486839483938831,-0.06378726422236213,-0.0032321558064850307,-0.1378399700372144,-0.018513176453713073,-0.05618181673294074,-0.20097697806182216,-0.27820924543187053,0.007696292105284128,0.089454852616564,-0.02782554646223972,1.0,0.2685303094295117,-0.07159033859541473,-0.2086716764019157,0.4980627784108567,0.08513415518491661,0.7060459482504443,0.3163560152682705,0.18963415120050364,-0.13073177728725227,-0.03991425543274709,-0.04522786857812239,-0.3719465451155081,-0.6840248946122768,0.17748487915275443,-0.1823363003928631,-0.1947931691223932,-0.25747436030249665,-0.3414610045501996,-0.0385404298384719,0.1560025181490011,0.09385205077735898,0.26802986715967136,0.10846847134011746,0.06073998517798373,-0.14193116528141908,-0.20921993162747332,0.07760998972021452,-0.022481651778243513,0.2576130178740766,-0.18402887902525322,-0.24531074436803227,-0.4637075759628334,-0.3691207994326196,-0.5243073098040466,-0.43375275920598616,-0.27949700770585467,-0.31173568998079515,-0.4731968539075138,-0.27183896596514434,0.10791384105379755,-0.13648208209484497,0.07771358445760186,0.010780227749045733,-0.5474105300066141,-0.6449872100343457,-0.3274709337073369,-0.28106686641857054,0.26237359449832254,0.12464837555482951,-0.3398943333678649,-0.3149168453011818,0.1453705105626788,-0.06465267872084406,0.6118735506697798,0.34695471316210985,0.37442325622166084,0.44755954705193285,0.4550040242571062,0.3156722900015141,0.3250643482695694,-0.0874132394074381,0.09334045215118457,-0.1575707830965264,0.41436779319302885,-0.023195658583620875,0.14334483500545864,-0.1728358660918487,-0.007924200527536278,-0.09700611208950585,0.07244300297237208,-0.3346811274294958,-0.36519694953342524,-0.32164731570097777,-0.2723155017571261,-0.11371355258229805,-0.2541178908111468,-0.47208918710006453,-0.5349966929372295,-0.5521918255783376,-0.41484911028058236,0.08253313039389906,-0.305151845978532,-0.2997665133995808,-0.3043199005490521,-0.3033142347137996,-0.1992764306034792,-0.28642988628485366,-0.4212847341201221,-0.42763588840456135,-0.21695766162771238,-0.3078532779765557,-0.15848879184629727,-0.2114257026512284,-0.07256253536166517,-0.40575827363354555,-0.3586290431830678
#102,-0.31724693000980164,-0.39614946329957207,-0.07077433081784061,-0.015347958785232171,-0.16732621982803272,0.14511869566256802,-0.02470814174947605,-0.4408689207819012,-0.3193459187657882,-0.30451593366749274,-0.43184024097729684,-0.12952689080317797,-0.1353887591741109,-0.008424642797376663,0.2685303094295117,1.0,-0.40465379435647747,-0.13226338563539433,0.2254173672592817,0.5771278757500657,0.07382639115779072,0.6813919945174477,0.1567213062499502,0.11441799679653197,-0.1548167568472137,0.4540860155073353,-0.42799448557244063,-0.2388830893544454,0.11802628118799258,0.2506897018862211,-0.17053287539146858,-0.24663038194582793,-0.12623098438906996,0.33126568862609473,0.16481763341806852,0.36597151941604444,0.15766322147757972,0.5748567603534971,0.016159185267234578,0.3674792212863279,0.031499175226513874,0.3862808692395349,0.04875487094486369,0.5411805018766586,-0.1088716939333328,0.1840735044505893,-0.4962936990493191,-0.41210464662241314,-0.5023834758425041,-0.39794085537377777,-0.5043852449218656,-0.3168548637729203,-0.5370000557817817,-0.3279331256126035,-0.4362661269115221,-0.12216847691829563,-0.20804373291682937,0.43079632477747054,-0.09652957629752408,-0.3349584425726558,-0.3509008757739722,-0.36519057447266295,0.5768425917809529,0.4962124170245998,-0.4176461681900406,-0.23323000422347775,0.34776434587892163,0.14209372933085768,0.4701176995593239,0.5205045860593359,-0.26881878092900574,-0.03631553363242993,-0.08027157758847389,-0.05272494003458471,-0.07959263361728916,-0.147793033652352,-0.32798412609870187,-0.29732645889281134,0.19291411996270588,0.49852975161169505,0.05298312999545777,0.20533114456247162,-0.20367522252946474,-0.3199053303476799,-0.12671070771143286,-0.45819633593382686,-0.40732016352030853,-0.0698754472503566,0.25742495358158884,-0.15619376997187004,-0.013663348978794954,-0.19656384224912143,-0.02321478376590777,-0.1689821418610396,-0.12934201404107132,-0.0569085736598427,0.10103993178684985,-0.5363529871144085,-0.259761413350971,-0.3617241351831635,-0.36022758966921403,-0.56457219357872,-0.35329789862059624,-0.34575620173879784,-0.48650479324881063,-0.3213907195052953,-0.4473061383866315,-0.24123548677573334,-0.17890014264198456,-0.056141972603176375,0.03753954529879113
#201,0.5920407366382711,0.37832001211261546,0.6403174780259624,0.5004008319454295,0.16109300416769598,0.3630772418299612,0.09623791726764895,0.6108758536604803,0.21974675071121771,0.5140354931507941,0.6474400146626398,0.4097060300105985,0.4906597391006383,-0.1719226386376495,-0.07159033859541473,-0.40465379435647747,1.0,0.5323972619114026,-0.05336403987600507,-0.41177951852353595,-0.1938321287124768,-0.3292750759030672,0.023238690243766385,-0.05136227079664353,0.12442206089776793,-0.2717066834543267,0.31250707233303315,0.137392122018663,0.08928272597598196,-0.03971184725354414,0.3308608722676888,0.22168158165257512,0.23115651571054036,-0.12866307006988661,-0.2375714206026026,-0.22988787861884308,-0.25124114464215985,-0.3395707990341783,-0.06465746001641579,-0.2377419534779941,-0.253993577126282,-0.3575261576711903,-0.1718126688394999,-0.216071528181753,-0.17179673118759414,-0.19792969901744376,0.2975352421327766,0.2237566639307031,0.13981145757795505,0.2160954346596116,0.3060953549713521,0.30267672863756984,0.33428587366223333,0.3279395006733658,0.36764975416171936,0.23345153758496762,-0.34419271808684426,-0.514676186757405,-0.06080054825522556,-0.001601734016527345,-0.1446214409231088,0.02581262102654416,-0.3527560184558009,-0.2699758544573628,0.26071448493493454,0.16619464654272487,-0.3162667644175984,-0.2536891679748823,-0.09906047542015635,-0.2263784076691981,0.3633848385117421,0.25958928671038894,0.05548852887504084,0.03421176358087163,-0.30417327415151924,-0.3501326809521153,-0.16261504992469458,-0.1247232825187865,0.14151041127110742,-0.05034704237024759,0.2689781574480632,-0.076668074492585,0.11592888619719657,0.4692379411741268,-0.08461458773278933,0.06922678481779279,0.06321829004932704,0.14976770872347378,-0.315541601255887,0.12153893966801871,-0.19561555196072963,-0.0696571014192479,-0.19484576337368215,-0.047226450127102776,-0.056951605319988205,0.5017937827219916,0.0711743658806748,0.5853389540119054,0.39228617647761954,0.4018296424387795,0.4754265314091275,0.5947533249926288,0.28087880212608274,0.37002127676529417,0.45966419367434597,0.3454964180127342,0.35176788403764475,-0.10843818980149654,-0.09024376638589837,-0.09682442285778037,-0.16843707416586315
