,#10,#11,#12,#13,#17,#18,#26,#49,#50,#51,#52,#53,#54,#58,#101,#102,#201,#202,#301,#302,#401,#402,#501,#502,#601,#602,#701,#702,#801,#802,#901,#902,#1001,#1002,#1101,#1102,#1201,#1202,#1301,#1302,#1401,#1402,#1501,#1502,#1601,#1602,#1701,#1702,#1801,#1802,#1901,#1902,#2001,#2002,#2101,#2102,#2201,#2202,#2301,#2302,#2401,#2402,#2501,#2502,#2601,#2602,#2701,#2702,#2801,#2802,#2901,#2902,#3001,#3002,#3101,#3102,#3201,#3202,#3301,#3302,#3401,#3402,#3455,#3501,#3502,#3601,#3602,#3701,#3702,#3801,#3802,#3901,#3902,#4001,#4002,#4101,#4102,#4201,#4202,#4301,#4302,#4401,#4402,#4501,#4502,#4601,#4602,#4701,#4702,#4801,#4802
#10,1.0,0.4491979376678434,0.5621034512985202,0.4035700340268868,0.37674855963470905,0.1324163870936895,0.2163584059160564,0.46887456271067585,0.40400672568910423,0.48025245240618697,0.6231605957494283,0.14738024846799322,0.14708540190773695,-0.07914956689430946,-0.43076444947365905,-0.08985329391420761,0.5298312999545777,0.28475165153917875,-0.2616468375714206,-0.009023898509032664,-0.13222991656639227,0.15760265840033788,-0.006429248778777423,0.14050155790547378,0.08498752878738375,0.004510355489325758,0.11464909274916527,0.030699105100845493,-0.1308481221461642,-0.13770609376120616,0.23646853509072507,0.04553227772952211,0.3478280964865446,0.22358931858569278,0.08703073576170023,-0.20328156252739285,-0.11864466208193547,-0.10054745834296233,-0.02413438628086924,-0.06267959741491286,-0.062070779112113415,-0.29846759476926266,-0.2253089912263226,-0.2625760026775255,0.09992110862306657,-0.08693192231988461,0.17741953477994088,0.020196192494959717,0.21265290184797073,0.161115316880364,0.3909298823004407,0.24969519240730262,0.37699240570886694,0.24388751205284925,0.2778490544988007,0.16179266708635817,-0.2602953246898134,-0.22864633553538558,0.004881702778729609,-0.09571038098956881,0.039751691383308495,0.02254540238586649,-0.19042465873502856,-0.061772745021475985,0.1344436564161002,0.15576982843117723,-0.11068061742463482,-0.014401262262030935,-0.07456749197140786,0.12505000438285427,0.24358310290144952,0.31921204248977997,-0.020843261162332954,-0.051382989744121,-0.16593964411223294,-0.17357537314027524,0.025165552359170923,0.15234482703663269,-0.05790148937357059,-0.08494927842280997,0.22232865031994836,0.14497366303022577,-0.23977241033078597,0.136867773270964,0.12967829849628254,0.014947923722397978,-0.07186924750376528,0.021723019547530063,-0.01727163337025556,0.07987791758640199,0.040221852114527966,0.062324187777414754,0.07475715002908621,0.1404888077839492,-0.4262636565754767,0.34706787049064064,0.04102351600538692,0.5108128999354525,0.43372247766736527,0.3365298950505622,0.3696578983018432,0.3097275458406713,0.2297492210472631,0.37137278964690135,0.25774051908932255,0.3559738303755708,0.2602730119771454,0.08005960681812749,-0.0251607710635992,-0.37372518706818925,-0.3180167185968491
#11,0.4491979376678434,1.0,0.28530628182549866,0.1377841882555443,0.06992644773645498,-0.08224625265959566,0.3197523288893847,0.40242730438524493,0.45490680458048116,0.3606308122624294,0.34574823291284495,-0.005383738813760568,-0.06343344835005459,0.04962506673891735,-0.28295229063902017,-0.05533712118193627,0.2466367570065902,0.2688968754233439,0.04897162301078182,0.14711568344635784,0.11954673317980062,0.0841045828718055,-0.011642454717146523,-0.1664544302687885,0.056954792850369355,-0.2109125102598634,0.09430149256110097,-0.016372749802771557,-0.08348460821267202,-0.21795217110663087,0.07350445058929468,-0.012018583302122098,0.09661563961781511,-0.06482639912661668,0.10623720007331319,-0.24292647164293285,-0.1008741802070301,-0.18896476982046234,-0.075993911816972,-0.14095896851516865,0.056145160133557526,-0.2991943516961646,-0.23308656535632605,-0.2930376367649754,-0.015000517973686936,-0.03840017850170135,0.20450557419375404,-0.11245447808174422,0.16772944242124807,0.016339280733769494,0.2623480942552734,0.09005729585860116,0.24907362398297858,-0.16130816246842353,0.06906900206392592,-0.13728215222051335,-0.19789941747882284,-0.2393149997210911,-0.057735737793750845,-0.17931611535672448,0.04310656710946776,0.019753125771980014,-0.17341918415159893,-0.1179991871797528,0.2959621958896796,0.3417510698148842,-0.0815449959757429,-0.06743858027396823,-0.06904190805568615,-0.008708333001298918,0.2253089912263226,0.21114041868211555,-0.06720270302576321,-0.16914151838009706,0.04903856114878595,-0.16305333535210256,-0.05536421519017603,-0.04804086413948633,-0.07098789535337759,-0.20548255225557618,0.0821378766266366,-0.2408577644255672,-0.292687008423049,-0.029930910278988598,-0.07089705073751484,0.11506984675947693,-0.06881878092900573,-0.09788746423989354,-0.09663157726972085,-0.1311493437671828,-0.14614348668010743,-0.029169090517894,-0.1537808094733403,-0.05031676083162668,-0.08609838312521416,0.289005410832822,0.047511734096215605,0.29879112910294925,0.13709727545840672,0.2082094844966491,0.045251775055981006,0.07513487237925237,-0.06842990222250556,0.1506649985257672,0.06437855110806524,0.17941333503334952,0.05865055901314059,0.09144865286997267,-0.03210161846855103,-0.25076779638055924,-0.25864896524795
#12,0.5621034512985202,0.28530628182549866,1.0,0.65054785678426,0.014484138051940808,0.36910645554590443,0.18139597893042417,0.09125102598634144,0.18881495589254835,0.6459115938448788,0.5052697846026345,-0.05135111444030951,0.20663484448836153,-0.06646160221214609,-0.299234195825929,-0.12586441839523782,0.8225454023858665,0.5852783909346636,-0.34662639753285146,-0.14715234004574107,-0.2434667580425376,0.04605981400760226,0.13688371092286974,0.25541840320665554,0.10858322243383882,0.2543920184239256,0.11508259688100152,-0.0638382647084605,0.058875279905011596,0.004706388607766418,0.37586083242355905,0.0945437448700683,0.5726095514347871,0.2820677509582513,0.030424977488066683,-0.05616587908103499,-0.07602578712078349,0.04267306297763151,0.04538405756679868,0.0990572878897752,-0.11400839914255433,-0.09167177999665309,-0.21170142402919778,-0.17497310521240905,-0.06730151646757883,-0.0777295221095076,0.17216329718142626,0.09056730071958498,0.11495190813537441,0.06282941134282687,0.5181187195690459,0.22823514411621737,0.389748902294225,0.3349361298599877,0.2603750129493422,0.28168046601694174,-0.2700443863605575,-0.33877391643889104,0.0177561379881902,-0.1544852536875742,0.05369394927045398,0.17026352907426148,-0.3420204161320913,-0.15239582752273106,0.04203236937102057,0.08394680011793862,-0.13348899106694612,-0.3018543457992334,-0.012746933994214633,0.04357832160587781,0.5512546916462797,0.3362175170732096,-0.08655898126529019,-0.11641498458032178,-0.44340778873048636,-0.2354246188908988,-0.14714755875016933,0.11656798603861693,0.06778283355513232,0.1670154356158707,0.17874873494888,0.18413247376264055,-0.10287594928639164,-0.06012957310999371,-0.014788547203340531,-0.09590482034281889,0.0713863366510212,0.0630700698866036,0.06373945126664489,-0.008590394377196407,0.07605447489421384,0.1634199013459347,0.08296663452573533,0.05228506084198615,-0.36941086469730416,0.643240443385476,0.29195547020057533,0.7723880180732973,0.7014590920319709,0.48933372646208034,0.4457267170827722,0.6852457187482568,0.49726270828518837,0.6434492266254412,0.5271840559730335,0.602674337989784,0.41201380200655036,0.09064380144873256,0.17984205786961407,-0.28264628772242983,-0.21234530516618985
#13,0.4035700340268868,0.1377841882555443,0.65054785678426,1.0,-0.15124034775956458,0.31175162763270087,0.20720859995696833,0.0028353082740319867,0.1737969065017651,0.6976228992182582,0.2561085035341743,-0.14193594657699082,0.1976715090565707,0.13267935835013428,-0.0481986468933532,0.051722461729713363,0.6591095633880261,0.3879830104630685,-0.404794045693248,-0.0785232171744137,-0.051724055494903935,0.19300974587414035,0.1395947055120369,0.2787527193618564,0.2273155416012559,0.2687072173656655,0.09670010917291555,0.10519806516905865,0.0349066452039621,0.030729386639466408,0.297061893871176,0.1269832415590211,0.43936600020718947,0.27684657619392933,0.039550876969296114,0.02397819729219294,0.018256580258030584,0.04982747491812031,0.08018392050299229,0.08946441520770745,-0.21837133135175193,-0.13192072611942082,-0.20512714261807807,-0.10838878308058873,0.10410952354389628,-0.036792069424411704,0.12200750663404761,0.3259855445497215,0.02542055478966284,-0.03828702117317056,0.3861772745021476,0.12801600140251337,0.16537545123476957,0.1853580791941923,-0.005874618492457506,0.18738534851660305,-0.24275115747196965,-0.2955541920008925,0.11161615759150205,-0.18159041828367425,0.1561029253560073,0.17195610770665157,-0.14343249209094025,-0.09219772250954267,-0.09550956657555643,0.03171592729243201,0.1478870657985959,-0.08410617663699607,-0.015104112711074277,0.13015961558383604,0.39002621743738497,0.2426985632206807,0.02880571205444302,-0.2084772370486656,-0.3226880443704229,-0.2818621552486672,-0.05767995601208074,0.1149837834391859,0.21839205029922942,0.18646096470606985,-0.11667795583676657,0.13208010263847828,0.02373913251360677,-0.2332268166930966,0.0028098080309827953,-0.04773804875327718,0.12414155822422683,-0.07498346468614779,0.10727155368199603,-0.1465387404473699,0.052218122703982024,0.08696220385850553,0.009750655435934624,0.06314497685056061,-0.3242164651881838,0.3480655674999402,0.12804468917594372,0.5113260923268175,0.5662344906724892,0.3032855469403693,0.18326705926415862,0.4313971742543171,0.37700993712596326,0.3511654407956076,0.5234610204878515,0.49708101905346286,0.37040218664584146,0.13191753858903968,0.1727338651196519,-0.051457896708078,-0.06776848966841716
#17,0.37674855963470905,0.06992644773645498,0.014484138051940808,-0.15124034775956458,1.0,0.348478352684299,0.12024480233327224,0.2140856967542972,0.19716947302153973,0.00312856106909769,0.3383818502020097,0.6997872323470583,0.3717600745882109,0.18738694228179362,-0.25250500043828544,-0.1438468710404896,0.08325988732080103,0.11018336268517559,-0.1422180430157225,-0.06498577564567412,-0.14802891090055703,-0.1325709823171752,0.0011953238929308546,-0.01811314139087888,-0.03865518093219326,-0.1252109746671023,-0.37204535855732374,-0.36553164022344586,0.13876276008255703,0.06505430754886883,0.27308210281379247,0.11526269234753644,0.12117077990899601,0.22564049438596212,0.21205045860593358,0.03288893847269482,0.10232450653045287,0.05795567739005012,-0.03250962235733809,0.006537624811736487,-0.0863772920335647,-0.19676146913275266,0.35545745045382465,0.06623847508546565,-0.01880642924877878,-0.07447824112073569,-0.10968610794571636,-0.24504936687677806,-0.002363553777621943,0.019866283100510803,-0.09882141064157018,-0.04614906485827443,0.0010040720700619178,0.05082676569261051,0.004135820669540756,0.03881296368606013,-0.03329216106591016,0.10679979918558599,-0.06516427734701846,0.1650439480751301,-0.16488457155607264,-0.06460486576512682,0.07956872713943054,-0.03494648933372646,-0.11884547649594786,-0.22055160213245784,0.09998167170030839,0.12956992246332347,-0.20301221621018575,0.01713616332905673,-0.019689375164357037,0.021474392177800446,0.22534405406051528,0.23270246794539762,0.09144387157440094,0.14807672385627427,0.10786921562846145,0.1500466176318243,0.024881862155248666,-0.04144427001569859,0.07683860736797647,0.5176836216720191,0.10775127700435895,0.3805815649180406,0.5587788571109819,0.05877806022838655,-0.09194272007905076,0.3251360677031453,-0.06537784188255544,0.5223230721417813,0.2879710572241392,0.10384017722668919,0.09386161336850242,-0.04596259433097722,-0.2136410362661269,-0.02013403565252731,-0.19149885647347575,0.1642311278279371,-0.05940122241790117,0.03447632860250699,0.12365386607591104,0.12811003354875727,0.1535927451808525,0.055879001346731585,0.10778793360374216,-0.04951031564519599,0.1410992198519392,-0.07010973073337105,-0.09489437321199468,-0.0754631880085107,-0.04999800779351178
#18,0.1324163870936895,-0.08224625265959566,0.36910645554590443,0.31175162763270087,0.348478352684299,1.0,0.2281140179617337,-0.0736654208735427,-0.0267465674282208,0.3312784387476193,0.28919506889050034,0.4101044713082422,0.5969128768258573,0.37251233175816206,-0.005793336467738208,-0.09822215492991418,0.4518372128234347,0.5027564168970986,-0.3506904987688164,-0.2407748886356573,-0.2144522627481293,-0.14488122464917244,0.09826518659005969,0.0874068643466758,0.06028257456828885,0.21329518921977225,-0.47532453043693074,-0.33574576257679956,0.4031476862513846,0.3727019898158404,0.46456024033979076,0.2108200718788101,0.3276079975137263,0.32586441839523783,0.15364693319733203,0.22740638621711864,0.2977456191379324,0.22152220513351767,0.22140107897903402,0.21400919602514962,-0.03381013475284686,0.07305819633593383,0.36751269035532996,0.15460637984205786,-0.18611671142490577,-0.15274804962984803,-0.21207595884898278,-0.011172293985927053,-0.24219015212488745,-0.16372749802771558,0.06779398991146635,0.06209787312035318,0.013322283228012016,0.07928822446588944,-0.09862856505351067,0.22121938974730854,-0.13373761843667573,-0.13283554733881056,0.0665604156539617,0.059799663715544786,-0.04811258357306218,0.0899728263035007,0.11549538206536031,0.006188590235000678,-0.4527600028687773,-0.3330953310648742,0.24864649491190463,-0.02087035517057272,-0.01196917658121429,0.048501462279562355,0.343373522778889,0.09365601765891832,0.18867629832096838,0.035450119133947994,-0.1861087425989529,-0.03645419120400991,0.03800014343886715,0.25694841778960703,0.16771987983010464,0.41063041382113175,-0.12018105172564926,0.5469308066842512,0.29946847930894344,0.1510714086493637,0.4483038353959311,0.02784467164452661,0.13954211126074795,0.31312545322697605,0.04756751587788571,0.4062427782514802,0.38319533983058274,0.33040346165799395,-0.03443010941198033,-0.06284534899473261,-0.25628222393994693,0.15398321765254325,0.052600626349719896,0.33117643777542255,0.21856258317462088,0.36234889113786867,0.2518754631880085,0.4823482536317924,0.4785789989560838,0.2727219118807226,0.3774514100837524,0.2671102646447099,0.2888285028966682,0.051634804644231765,0.14910629616938537,0.09118727537871846,0.1344325000597662
#26,0.2163584059160564,0.3197523288893847,0.18139597893042417,0.20720859995696833,0.12024480233327224,0.2281140179617337,1.0,0.206955191291667,0.4257520579493023,0.5490983273434324,0.30920000956259114,0.18435878841970213,0.309346635960124,0.344635784809824,0.06029532468981345,0.02575524547968348,0.23986166118145813,0.09283841611615361,-0.16815019643155973,-0.09221206639625784,0.20653284351616477,-0.06566631338204942,0.01293499828670242,-0.06809043023691319,0.02638318896476982,-0.1072986476902358,-0.2526882834352015,-0.2603303875240061,-0.11069814884173115,-0.08971144881224649,0.11763580871630183,-0.09324960753532183,0.05017013443409382,0.0222824311294217,-0.06969375801863112,-0.04398632549466487,0.026744973663030226,-0.08861015706555952,-0.029267903959709615,-0.1056251942401326,-0.1724485811505391,-0.19718541067344547,0.0330084708619879,0.11378686578106448,-0.02560543155176948,-0.10520125269943979,-0.12222107116958458,-0.015824494577213938,-0.1447090980085904,-0.22259002781120257,-0.0831116671580776,-0.1555355449481628,-0.1692196128744352,0.012684777151782229,-0.016551251504115898,0.11970929722923922,0.11310632804468918,0.0404258540589215,-0.15237988987082532,-0.034213357346062206,0.04807592697367897,0.10114512028942776,0.04584465570687471,-0.049083186574122036,-0.20029006526468454,-0.016549657738925323,0.19204870546422395,0.17948027317135368,0.020044784801855144,0.04162277171704293,0.31464431145359356,0.07142299325040442,0.27990023029907,-0.12157240873702077,0.32334148809855845,0.1450151009251807,0.25326682019938,0.2928639163592028,-0.015492991417574448,-0.10170134434093825,-0.08935922670512954,0.11677995680896333,0.0777295221095076,-0.009651841994119007,0.08084373929189012,-0.028512459259377315,-0.018573739530954904,0.06040370072277251,-0.07407023723194861,0.06899728263035007,0.15121644128170597,0.09650885735004662,-0.07080142482608037,-0.09901903752520141,-0.20752257169951152,0.03869343129676705,-0.02560224402138833,0.18455641530333336,0.018484488680282733,-0.04375044824645985,0.03392807337694937,0.15822422682466192,0.016407812636964197,0.16182613615536023,0.2289746511646439,0.040574074221644926,0.18765469483381014,0.14300855055024744,0.1537234339264796,-0.08671038895839477,-0.02068547840846608
#49,0.46887456271067585,0.40242730438524493,0.09125102598634144,0.0028353082740319867,0.2140856967542972,-0.0736654208735427,0.206955191291667,1.0,0.3700547458342962,0.18031221860083355,0.40663165695798037,0.22592418458988436,0.16246204846639944,0.06686960610093315,-0.22040497573492498,-0.1995139016168748,0.23825673963454963,-0.11193969192518866,0.14231845022272868,0.15118137844751334,0.11271266804261729,-0.07231231422674497,-0.10685717473244667,-0.23089673198447672,-0.05783614500075704,-0.2708683629640845,0.17441369363051742,-0.13376789997529664,-0.06900365769111237,0.08348460821267202,-0.05313453768856234,-0.1803090310704524,0.0689016567189156,-0.1790467690395174,0.07840049725473947,-0.1435791184884731,-0.1673788140793217,-0.17072253344914692,-0.23860418044609488,-0.37277052171903513,0.0843978356668712,-0.17276414665827283,-0.12437584170724127,-0.2636326689988764,-0.18396831594801138,-0.24256628070986302,0.28159918399222245,0.046730789152834115,0.09510793774753165,0.030507853277976556,0.20320506179824527,0.2057072731474472,0.14726709113946243,-0.12242347934878754,0.042140745403979635,-0.22028066205006017,-0.21981847014479355,-0.3055168182071735,-0.3016487500896493,-0.3718541067344548,-0.03652750440277634,-0.07938863167289563,0.10677748647291795,-0.09013060905736758,0.1264222362119389,0.12722230633760728,-0.08275147622500777,0.2607415789431743,0.11398289889950514,0.08136490050920799,0.10015220457569986,0.26293778737578594,0.204258540589215,0.13643905043469945,0.040918327502809014,-0.1795264923618803,0.08755189697901808,0.04119245511558782,0.10067814708858944,-0.14784403413845038,0.08553737777813195,0.07527193618564176,-0.18146610459880946,0.2467052889097849,0.052506594203476004,0.2517081178429982,-0.10017770481874905,-0.03422291993720565,-0.19778944768067322,0.04336794460072198,-0.16322386822749405,-0.11999776872873319,-0.23900580927411966,-0.03341806851596554,-0.1253097881089179,0.1344197499382416,-0.186078461060332,0.16239511032839532,-0.026309875766003396,0.2173258213867351,0.13941779757588316,-0.18737100462988787,-0.017958546167393157,-0.052108152905832386,-0.19056969136737084,0.056977105563037395,-0.18580433344755318,-0.11350317557714222,-0.11563563340213086,-0.26431639426563286,-0.13704946250268948
#50,0.40400672568910423,0.45490680458048116,0.18881495589254835,0.1737969065017651,0.19716947302153973,-0.0267465674282208,0.4257520579493023,0.3700547458342962,1.0,0.5224075416968817,0.3353074771493916,0.12846544318625536,0.13966164365004105,0.15110647148355633,-0.141811632892126,-0.351452318529911,0.29617576042521654,0.07954641442676251,-0.019721250468168524,-0.037088509749858556,0.23030066380320188,-0.19619249495971758,0.05136545832702468,-0.19323446676601136,0.0491915626070811,-0.27878778219604905,0.18498673190478845,-0.24805202049582034,-0.1788587047470296,-0.28187490537019183,-0.06776848966841716,-0.26886181258915126,0.09267744583190558,-0.2912892763509152,0.05487174174628852,-0.3373474965933269,-0.22937787375785926,-0.4085728629601001,-0.2364430348476759,-0.27845468527121897,-0.17449497565523672,-0.32519025571962484,-0.1665102120504586,-0.1091776968499231,0.05020519726828646,-0.12335583198527361,0.2863454167297532,0.028711679908199124,0.02786857812238523,-0.0672282032688124,0.31288160715281815,0.15387165408920303,0.12011730111802628,0.006005307238084613,0.023189283522858577,-0.06572847022448183,0.13890938648008988,-0.11681661340834655,-0.09112352477109548,-0.1292065439998725,0.1685470439640128,0.1572584051191738,-0.21155320386647436,-0.35680099450947894,0.08950425933747182,0.012155647108511502,0.07156324458717497,0.048845715560726435,-0.04581437416825379,-0.1191355417606324,0.3669612475993912,0.13186016304217898,0.15068252994286352,-0.16940927093211358,0.029145184040035382,-0.0947987473005602,0.1395452987911291,0.11108065248746903,0.09751452318529912,-0.2977041812429775,0.2059001187355067,0.038183426435783215,-0.094013021061607,0.11913394799544183,-0.005817242945596825,0.10107180709066134,0.041672178437950735,0.10371745730701495,-0.1522938265505343,-0.00512395508769693,-0.02564208815115269,-0.034591079696228356,0.003906318482098032,0.10299229414530357,-0.004459355003227375,0.1115125628541147,-0.203060029165903,0.33687574209691684,0.1568392448740527,0.011312545322697607,0.13899226226999975,0.156984277506395,-0.1569970276279196,0.24051669867478426,0.2250794890388799,0.16094000270940081,0.10923029110121206,0.17219039118966603,0.11686602012925436,-0.13686458574058283,-0.10006773502059942
#51,0.48025245240618697,0.3606308122624294,0.6459115938448788,0.6976228992182582,0.00312856106909769,0.3312784387476193,0.5490983273434324,0.18031221860083355,0.5224075416968817,1.0,0.48785311860003666,0.03221955709265354,0.3803281562527393,0.2475930161209349,-0.05317278805313613,-0.0973216775972396,0.7518921977225096,0.34739140482432723,-0.370595032233901,-0.18814876204288822,0.0837667046514037,0.020790666911043997,0.06814939954896446,-0.004999641402832121,0.12380527376901561,-0.016881160898564816,0.017598355234323328,-0.18852010933229207,0.003984412976436182,-0.09016567189156022,0.28368223509630325,-0.11296288917753747,0.45374016846098064,0.1609718780132123,0.05018925961638072,-0.1319111635282774,-0.03003928631194766,-0.11376295930320586,-0.060147104527090024,-0.10524269059439473,-0.22616324936847054,-0.2399254117890811,-0.2117125803855318,-0.12715058690403144,-0.05494664871024552,-0.2384910231175641,0.1637195292017627,0.2186422714341496,-0.06930647307732152,-0.16626477221111013,0.42557515001314855,0.10060961518539474,0.15872148156412116,0.07647044760895377,-0.005281737841563802,0.09066452039621002,-0.18046840758950983,-0.2985504705591725,-0.02856027221509455,-0.205831586832312,0.17979265114870627,0.19848592306895424,-0.2798014168572544,-0.259472941851477,-0.07768170915379037,0.030770824534421343,0.1355927611185044,-0.04642319247105324,-0.049225031676083164,0.04153830216194248,0.5434053980827005,0.2635322617918702,0.16927380089091473,-0.22832758249727067,-0.20007650072914757,-0.27562097076237757,0.06620978731203532,0.21170461155957893,0.13766465586625123,-0.04921387531974914,0.11764059001187355,0.07463921140498371,-0.051551928854321895,-0.041874586617153695,0.023013969351895387,0.057887145486855425,0.09809784124504936,0.09334523344675628,0.005203643347225654,0.029777908820693446,0.021142889018160953,0.0990827881328244,-0.10879997449975695,0.07908581628668648,-0.31457737331558944,0.40496776609902063,0.002357178716859645,0.617633418068516,0.46302544446126753,0.26700029484656024,0.23135573635936219,0.4546055829594626,0.24967606722501573,0.4666544478002056,0.4826622253743356,0.49326713895241814,0.31574082190470876,0.21053000661412555,0.19151320036019093,-0.15472272470096982,-0.08840137382559428
#52,0.6231605957494283,0.34574823291284495,0.5052697846026345,0.2561085035341743,0.3383818502020097,0.28919506889050034,0.30920000956259114,0.40663165695798037,0.3353074771493916,0.48785311860003666,1.0,0.32719202479898635,0.3722397979105738,0.13487078548717418,-0.23330491118743477,-0.1429432061774339,0.5538509351417256,0.3570336842273028,-0.23961622134210966,-0.13487237925236475,-0.05783455123556647,-0.10847962769645147,-0.0246300472551379,0.018809616779159925,0.037024759142235575,-0.07446708476440166,-0.00046378567045717153,-0.2349448955685359,0.007211787487349489,-0.08479468319932425,0.2979894652120903,0.011750830750105587,0.4082047032010774,0.19934177497629274,0.0231191578544733,-0.11317645371307446,0.012679995856210505,-0.13226976069615665,-0.014425168739889553,-0.11294854529082231,-0.03732757452844472,-0.22245615153519432,-0.0935014224354326,-0.21328084533305708,-0.07119030353258055,-0.2992262269999761,0.1308736223892134,0.033854760178182945,0.2816501844783208,0.043273912454478085,0.33749412299085974,0.08059670568735108,0.27891847094167616,0.09873056602570743,0.21814501669469036,-0.058786029054339425,-0.2556765931675286,-0.36947461530492715,-0.12053327383276621,-0.23729410545944266,0.12156922120663963,0.15415375052793473,-0.2027667763708373,-0.2240546980213405,0.07384551634007762,0.18125891512403478,-0.052806222059304006,0.011704611559578927,-0.08689367195531082,0.03396154244595144,0.2919204073663827,0.23167448939747706,0.13978914486528699,-0.09934735315445975,-0.18515248348460822,-0.21363147367498347,-0.02872761756010487,0.1314983783439186,0.062448501462279565,-0.068139836957821,0.20805648303835397,0.24495692849572473,-0.13748296663452572,0.30933547960379,0.2831977304783686,0.1605670616548064,0.0902660790985664,0.2009992907744902,-0.025787120783494967,0.2991943516961646,-0.030614635545745044,0.16045071679589445,-0.10508650160571843,0.08516762425391868,-0.33472256532445077,0.4476440166070333,0.07327335463666138,0.5267314266589104,0.39643315350349434,0.2898596689749699,0.3077608395955024,0.45695001155479764,0.29911147590625475,0.4692889416602252,0.34978683390576065,0.339564423973416,0.3345600012750122,0.15481356931683254,0.11187594131756569,-0.1995441831554957,-0.1344691566591494
#53,0.14738024846799322,-0.005383738813760568,-0.05135111444030951,-0.14193594657699082,0.6997872323470583,0.4101044713082422,0.18435878841970213,0.22592418458988436,0.12846544318625536,0.03221955709265354,0.32719202479898635,1.0,0.6328937197682666,0.5668034648455244,-0.15155591326729834,-0.3307094645745842,0.03595853022974125,-0.01974196941564599,-0.114140681653372,-0.1209906844424611,-0.15745921953318617,-0.37808891615998214,0.06643291443871574,-0.28368223509630325,-0.006711345217509104,-0.14992549147734063,-0.4022790842225215,-0.4808118639880786,0.08485205874618493,0.0010710102080660456,0.11878969471427775,0.08162787176565277,0.07700914024336794,0.0853158444166421,0.06862912287132737,0.1748216975193045,0.2053454884491868,-0.09227422323869025,0.09367036154563348,-0.06745292416068341,-0.05492433599757748,-0.25332738327662185,0.4134210966698276,-0.11710827243822168,-0.13105053032536718,-0.22100423144658096,-0.17748328538756386,-0.13063296384543666,0.0022774904573309215,-0.013881694809903656,-0.1720166707838934,-0.08549115858760528,-0.09467283985050483,-0.10114033899385604,-0.12441568583700563,-0.24782251830837762,0.1284574743603025,0.0913960586186837,-0.09680848520587462,0.10446333941620381,-0.16636836694849746,-0.13024408513893648,0.19644430985982836,-0.22066157193060745,-0.22451210863103538,-0.2485492752352796,0.335530604276072,0.12661508179999842,-0.13062021372391205,-0.012125365569890589,0.045039804285634595,0.018492457506235606,0.4129939675987537,0.23711879128847946,0.1475938130035302,0.15677230673604858,0.21589302648040865,0.19559005171768043,0.15407246850321543,-0.10905338316505829,0.1302488664345082,0.5000757038465523,0.12844153670839675,0.6288965566703058,0.5559674553148085,0.19593111746846337,-0.008289172756177833,0.4696618827148196,-0.23524611718955446,0.7324785439361219,0.25340547777096,0.3050498450063352,0.09296751109659014,-0.025799870905019562,-0.10988851612491932,-0.11180900317956155,-0.2980787160627625,0.11602291834344046,-0.12299723481739436,0.16158069631601177,0.1624461108144937,0.17370606188590235,0.009916407015754369,0.16751906541609224,0.07296257042449936,-0.01717919498920224,0.09535815888245185,-0.06084039238498992,-0.04234634111356374,-0.07743467554925133,0.0021563643028472616
#54,0.14708540190773695,-0.06343344835005459,0.20663484448836153,0.1976715090565707,0.3717600745882109,0.5969128768258573,0.309346635960124,0.16246204846639944,0.13966164365004105,0.3803281562527393,0.3722397979105738,0.6328937197682666,1.0,0.6025261178270606,0.04708938632071337,-0.2747396186119899,0.40806923315987853,0.20200017531417097,-0.2520874339583549,-0.22780960881033396,-0.14857397859573349,-0.41225924184589885,0.11836894070396609,-0.24283084573149838,0.06418570552000574,0.07802596243495445,-0.3631585238546805,-0.46395301580218185,0.3291013554972946,0.29952266732542293,0.19646184127692468,0.10525544071591933,0.21816573564216785,0.1313533457115763,0.04813967758130195,0.3538875917411088,0.2018041421957303,0.06108583222433839,0.06475308592785024,0.018325112161225288,-0.020154754600004782,-0.0321095872945039,0.2526213452971974,0.08412530181928296,-0.09231087983807346,-0.33425559212361244,-0.03290806365498171,0.15453466040848202,-0.059278502498226936,-0.19175545266915825,0.040685637784985136,-0.09902700635115429,-0.047714142275418564,-0.144133748774793,-0.1685390751380599,-0.11445465339591518,-0.06784180286718358,-0.133197332037071,-0.028526803146092485,-0.15016615002111738,0.04481986468933532,0.03909984142036354,0.21409366558025006,-0.24929675110965901,-0.2850911235247711,-0.19455410434380702,0.48286622731872914,0.25480799113866553,0.055555467013044965,0.10339073544294719,0.32962251671461246,0.1660543952059543,0.46012001051885026,0.034731331032998906,0.0005673804078445123,-0.03756504554184032,0.183093338858386,0.2549753364836759,0.39635984030472793,0.2270461952840488,0.0547856784259975,0.6117077990899601,0.34278223589318585,0.3219134744878037,0.4502083847986676,0.19776394743762402,0.12333989433336787,0.42230155631170857,-0.14762250077696054,0.5022177242626844,0.2642877064922025,0.3729474296551889,0.007371164006406936,-0.002411366733339177,-0.19735434978364638,0.11046227159352613,-0.18181195164516412,0.26899728263035005,0.05987457067950179,0.221326172015077,0.08184303006638032,0.2884523743116927,0.25571484353210244,0.24417598355234324,0.14260692172222267,0.17850807640510324,0.000849476846576194,0.06831993242435593,0.17504801217636606,0.005010797759166142,0.08489827793671158
#58,-0.07914956689430946,0.04962506673891735,-0.06646160221214609,0.13267935835013428,0.18738694228179362,0.37251233175816206,0.344635784809824,0.06686960610093315,0.15110647148355633,0.2475930161209349,0.13487078548717418,0.5668034648455244,0.6025261178270606,1.0,0.1266039254436644,-0.18493573141869007,0.09513821928615257,0.06305891353026959,-0.24191602451210864,-0.17268286463355353,0.01232617998390297,-0.37609670967176406,0.13067121421001043,-0.3038943652431687,0.21644446923634741,-0.03308497159113548,-0.38299611918176096,-0.47201906143167927,0.17115444381579262,0.08890022233024408,0.11470806206121652,-0.025570368717576838,-0.03938831291985752,-0.01461323303237734,0.007997513726302703,0.25527337057431326,0.3706348763636653,-0.07520340428244707,0.20307596681780873,-0.025211771549697583,-0.09800062156842432,-0.15970164715632446,0.20939843332881766,-0.031084796276964515,-0.13285467252109748,-0.3456223254627896,-0.22037150666592292,0.13911179465929285,-0.2244053263632669,-0.31253894763684464,-0.14088087402083052,-0.21287284144427002,-0.331571691542685,-0.3793352405390114,-0.34978842767095125,-0.32777215532835546,0.12692267848177927,-0.02187602100582521,0.04953581588824518,0.005769429989879591,0.13743993497438023,0.10320585868084055,0.3472830287913682,-0.08513893648048833,-0.43070866769198896,-0.1728916478735188,0.6848313397987075,0.29828749930272774,0.05532118353003052,0.22266493477515958,0.22408976085553314,0.16205085704723124,0.5478982221549299,-0.07653260445138618,0.17650311979536054,0.028945963391213574,0.44302050378917673,0.3820271099458917,0.3282885352501016,0.02642143932934361,-0.013127843874761931,0.2831674489397477,0.22982890930679184,0.3244762489142475,0.47660910518053373,0.33208169640366886,0.2596307246053439,0.15650136665365091,-0.28719170604594824,0.37291874188175855,0.26823227533887434,0.3636541848289492,-0.019147494999561716,0.000556224051510491,0.10023189283522858,-0.12106240387603695,-0.08099355321980413,0.015759150204400385,-0.14481906780674003,0.020857605049048124,-0.14974380224561515,0.12151503319016009,-0.05118217533010862,0.009527528309254197,0.14084581118663786,-0.053290726677238644,0.03794595542238762,0.23380375969208456,0.1838169082549068,0.13261720150770187,0.2085091123524771
#101,-0.43076444947365905,-0.28295229063902017,-0.299234195825929,-0.0481986468933532,-0.25250500043828544,-0.005793336467738208,0.06029532468981345,-0.22040497573492498,-0.141811632892126,-0.05317278805313613,-0.23330491118743477,-0.15155591326729834,0.04708938632071337,0.1266039254436644,1.0,0.47462486751826855,-0.10137462247687049,-0.10485540565308513,0.3030958888826909,0.22306496983799376,0.4973678967877663,0.11257879176660902,0.025178302480695518,-0.05746639147654376,0.1812939779582274,0.0023316784738104533,-0.24620325287475398,-0.2036640661731307,0.302028066205006,0.1302361163129836,-0.21901999378431575,-0.13993736502801044,-0.27833834041230704,-0.06100773773000024,0.06283738016877974,0.0806206121652097,0.329013698411813,0.31884388273075726,0.06002119707703464,0.015316083481420682,0.2106957581939453,0.40416132091258994,0.27734064340300746,0.4123198049231407,-0.1875447250356605,-0.29656145160133557,-0.09258819498123341,0.2821012200272534,-0.20120807401445545,-0.3911418530707871,-0.3672975320546024,-0.37448063176852153,-0.46485030560447527,-0.36411478296902516,-0.3538541226721067,-0.018325112161225288,-0.13420618540270463,-0.11462678003649722,-0.26854943461179864,-0.3812254460550327,-0.1328530787559069,-0.09711130059208377,0.26302863199164866,0.2153144897162301,-0.3330379555180135,-0.1749013857788332,0.27298807066754854,0.25837961893074296,0.4437281355337918,0.35116384703041703,0.04215349552550423,0.0026711504594028163,0.26791352230075943,0.0015316083481420682,0.28581150539091077,-0.12765262293906238,0.10145271697120863,-0.08391173728374599,0.3472192781837452,0.16141494473619203,-0.06307803871255648,0.012538150754249376,0.3285403501502124,-0.0562901927658998,-0.05472670911394624,-0.2996820438444804,-0.23875080684362773,-0.028141111969973463,0.0866577947071058,0.003644940990843819,-0.1283395357362,-0.31111730908685226,-0.4417391165759549,-0.3591358605136705,-0.01303859302408976,-0.23738335631011484,0.1314473778578202,-0.4193499031787647,-0.37914398871614247,-0.32465793814597294,-0.3639299062069185,-0.2547107714620405,-0.21883511702220912,-0.32777853038911775,-0.06509415167863318,-0.2188733673867829,-0.2251097705775008,-0.10764608850178103,-0.15463984891105995,0.09780777598036482,0.15620652009339464
#102,-0.08985329391420761,-0.05533712118193627,-0.12586441839523782,0.051722461729713363,-0.1438468710404896,-0.09822215492991418,0.02575524547968348,-0.1995139016168748,-0.351452318529911,-0.0973216775972396,-0.1429432061774339,-0.3307094645745842,-0.2747396186119899,-0.18493573141869007,0.47462486751826855,1.0,-0.10558056881479652,0.00799591996111213,0.11345695638661556,0.41117707528149877,0.20616946505271377,0.6477906430045661,-0.14386918375315766,0.32264979400584914,0.023195658583620875,0.03863446198471579,-0.24202599431025826,0.04826877256173848,0.03625178302480696,-0.001217636605598897,-0.017252508187968668,-0.1364804883296544,-0.17369171799918717,0.23562543330491117,0.00815689024536015,-0.12485875255998534,0.12220672728286941,0.36633011658392367,-0.008749770896253855,0.07031054514738344,0.042575843301006465,0.19719497326458893,-0.023865039963662155,0.38750488090589613,-0.15270342420451194,-0.030805887368613984,-0.17013443409382495,0.037922048944529003,-0.1434038043175099,-0.27379292208878864,-0.15980205436333064,-0.3644765676672856,-0.24882180908286783,-0.19459235470838082,-0.1641689709855047,0.20090207109786515,-0.40706994238538835,-0.048042457904676907,-0.20882945915578258,-0.15119094103865677,-0.06006901003275188,-0.022236211938895044,0.09132274541991728,0.40692650351823667,-0.2513272079624509,0.03168405198862052,-0.05565587422005116,0.13087680991959455,0.2409135462072373,0.4419351496943955,-0.03390257313390018,0.08502577915195754,0.06242459498442095,0.0004414729577891289,0.12453203069591758,-0.19654312330164397,0.0032719999362493925,-0.03930543712994764,-0.04243718572942649,0.19334762409454215,-0.1770736877335862,-0.18952099387197285,0.17715337599311493,-0.25131764537130746,-0.048350054586457775,-0.22533289770418125,-0.1572647801799361,-0.3370478687374989,0.07859493660798955,-0.21518698850098414,-0.15873263792045517,-0.3707974404131039,-0.37844910709305196,-0.31513678489748104,-0.18474926089139287,-0.03303078357465595,0.2929579485054467,-0.19760457091856656,-0.274870307357617,-0.10066220943668369,-0.3402561180661253,-0.17075759628333959,-0.07887543928153065,-0.2391221541330316,-0.010890197547195371,-0.12902963606371873,-0.027578512857700674,-0.021292702946074955,-0.1629146777805226,0.03317581620699822,0.04361338444007044
#201,0.5298312999545777,0.2466367570065902,0.8225454023858665,0.6591095633880261,0.08325988732080103,0.4518372128234347,0.23986166118145813,0.23825673963454963,0.29617576042521654,0.7518921977225096,0.5538509351417256,0.03595853022974125,0.40806923315987853,0.09513821928615257,-0.10137462247687049,-0.10558056881479652,1.0,0.5657372359330299,-0.3074309302010535,-0.138890261297803,-0.06846815258707935,0.024057885551721666,0.1712676011443234,0.12086955828797744,0.2313860178979831,0.14549482424754362,0.030026536190423066,-0.24751014033102503,0.2732765421670425,0.14784403413845038,0.4062204655388122,0.08965566703057638,0.5827666169943182,0.3491557028902932,0.16610858322243383,-0.011538859979759182,0.1106885862505877,0.09575022511933316,0.07684816995911992,0.06716126513080828,-0.004674513303954928,-0.016928973854282048,-0.11467140546183331,-0.15976858529432858,-0.2216194248101427,-0.34163950625154393,0.23955406449967726,0.23290646988979113,0.021410641570177465,-0.1350556622492808,0.5367864912462447,0.13996924033182193,0.2569021985990804,0.08714389309023102,0.10547059901664688,0.23213986883312482,-0.4114990158499948,-0.5181617512291914,-0.008611113324673876,-0.3542557515001315,0.1449386001960331,0.21127748248850498,-0.2700061359959837,-0.2554646223971822,-0.08034967208281205,0.06348126130577182,-0.061830120568336665,-0.16655164994541355,0.06586712779606181,0.11547944441345456,0.5623170158340571,0.3898556845619935,0.056226442158276824,-0.19229733283395356,-0.4572544207061974,-0.44407238881495587,-0.059281690028608086,0.11900963431057703,0.2531026623847509,0.1653611073480544,0.15981958578042696,0.22745579293802645,0.02426666879168692,0.0030329351576632215,0.05049366876778044,0.02045438245583278,0.08873765828080549,0.0996246682976197,0.05253050068133462,0.05103395516738519,0.051022798811051165,0.13065687032329526,-0.12181784857636925,0.11033477037828017,-0.3267648957279124,0.6585692769884213,0.21054116297045955,0.7666217756137989,0.5536596833188566,0.5170779908996007,0.28134577532692107,0.5957255217588793,0.51036186438652,0.537017587198878,0.49489118568161355,0.5745603200280502,0.25825530524587814,0.15209619966690308,0.22275259186064117,-0.12663739451266645,-0.01794101475029684
