,#10,#11,#12,#13,#17,#18,#26,#49,#50,#51,#52,#53,#54,#58,#101,#102,#201,#202,#301,#302,#401,#402,#501,#502,#601,#602,#701,#702,#801,#802,#901,#902,#1001,#1002,#1101,#1102,#1201,#1202,#1301,#1302,#1401,#1402,#1501,#1502,#1601,#1602,#1701,#1702,#1801,#1802,#1901,#1902,#2001,#2002,#2101,#2102,#2201,#2202,#2301,#2302,#2401,#2402,#2501,#2502,#2601,#2602,#2701,#2702,#2801,#2802,#2901,#2902,#3001,#3002,#3101,#3102,#3201,#3202,#3301,#3302,#3401,#3402,#3455,#3501,#3502,#3601,#3602,#3701,#3702,#3801,#3802,#3901,#3902,#4001,#4002,#4101,#4102,#4201,#4202,#4301,#4302,#4401,#4402,#4501,#4502,#4601,#4602,#4701,#4702,#4801,#4802
#10,1.0,0.44393691877375707,0.3613575691893313,0.36365896612452087,0.43838902214536735,0.038299771294695154,-0.15485819474216864,0.630270382264581,0.008469271597220985,0.10582600865414499,0.2163647809768187,0.31191578544733006,-0.02189036489254038,-0.05957653658886436,-0.3034640486417136,-0.17995521519814486,0.1785160452310561,0.16311549219453497,0.050616388687454675,0.004102351600538692,-0.3033971105037095,-0.08503056044752927,-0.048990748193068714,-0.05066420164317191,-0.02739841739116576,0.09407995919961112,0.3051566272741037,0.3621225764808071,0.0665110089330539,0.12368892891010368,-0.01626596753500307,0.028219206464311614,-0.02425232490497175,-0.009425527337057432,0.03832208400736319,0.040430635354493226,-0.2161512164412817,-0.24081473276542167,-0.0848664026329001,-0.13113340611527705,-0.01894349305516818,-0.11232219557092654,-0.012544525815011674,-0.08684107770402187,-0.20191251822868936,-0.09522747013682474,0.3573492497350365,0.2838113300767398,0.11640860951955949,0.007952888300966618,0.13919785797958387,0.22938584258381212,0.14902979544023778,0.10022551777446628,-0.2915139972427862,-0.10716317764903696,-0.2410187347098152,-0.3192965120448804,-0.014288104933500148,-0.07273147447186606,0.1670361545633482,0.24311134840503948,-0.04692044721051247,-0.09024376638589837,0.22069344723441894,0.31295810788196576,-0.1179306552765581,-0.13020264724398153,-0.19455091681342587,0.04603112623417192,-0.14107371960889004,-0.042139151638789056,-0.16829841659428316,0.45975822582058984,-0.29618532301636,0.13979392616085873,-0.06099976890404737,-0.07860290543394241,-0.025168739889552073,0.08179521711066308,0.2635641370956817,0.14874929276669668,-0.07036792069424412,0.3964953103459267,0.487956713337424,0.2322099945015101,0.15590848600275722,0.11980173561029253,0.23134936129859987,0.3156149144546534,0.3640876889607854,0.37838376272023844,0.31853469228378584,0.15569492146722022,0.0978651515272255,0.016154403971662856,0.18380893942895393,0.16443991106790237,0.17684737307652462,0.06668951063439824,0.21226402314147055,0.11510331582847899,0.03576090334611002,-0.017972890054108327,-0.04184111754815163,0.1636573723593303,0.004923140673684546,0.23658966124520875,0.11277323111985911,-0.06727123492895791,-0.1500418363362526
#11,0.44393691877375707,1.0,0.23459267346141893,0.23788220481476463,0.28680282733944806,0.06247878300090048,0.21119620046378568,0.4622811561172692,0.49691307481658703,0.2583875877566958,0.31705408442174215,-0.030144474814525576,-0.007924200527536278,-0.03093657611424109,-0.22301078182151424,-0.12215891432715217,-0.002734901067025795,0.0474623273753078,-0.020655196869845165,-0.1355433543975966,-0.16387731195562957,-0.17095841069735196,-0.2184558009068524,-0.0634509797671509,-0.10220338037596921,0.11789877997274661,0.3696738359537489,0.27269481787248284,-0.044780020559570956,-0.047051135956139585,-0.052418937117994405,-0.02672903601112448,-0.02194295914382934,0.023289690729864768,-0.10766043238849621,0.019960315246754696,-0.19122313509550637,-0.1104638653587167,-0.06103164420785886,-0.0011809800062156843,0.06828646335535385,-0.13503653706699392,0.007434914614029915,-0.05021157232904876,-0.14499119444732209,-0.05583756345177665,0.3499366478336747,0.13065368279291412,0.25837643140036176,0.08442014837953925,-0.054395205954306754,-0.03593302998669206,0.1485181968140634,-0.06951047502171505,-0.14297030018567364,-0.1461259552630111,-0.09789543306584642,-0.21747563531464909,0.005898524970316123,0.01176676840201133,-0.04877399612715059,0.01845739467204297,-0.09971073161791073,-0.04732207603853724,0.23660241136673335,0.14988724111276686,-0.03913649801974675,0.008671676401915705,-0.15661771151256285,-0.1001123604459355,-0.1455011993083059,-0.11401158667293548,-0.08749611519734797,0.06194327789686745,-0.20890755365012073,-0.13429224872299564,-0.2293619361059535,-0.33052618157766817,-0.10205516021324579,-0.09339623393285468,0.022529464733960745,0.024164667819490154,0.10927013523097642,0.1021412235335368,0.09397636446222378,0.019268621154045373,-0.05852783909346636,0.05961000565786643,0.0606045151367849,0.051285770067495955,0.16749356517304306,0.05538174660727235,0.056926105076939015,0.12537194495135032,-0.033856353943373524,-0.018270924144745754,0.2681143367147718,0.09530397086597231,0.14664871024551954,0.0075114153431774895,-0.008628644741770195,0.0004127851843587884,0.026182374550757437,-0.08650001195323893,-0.09644670050761421,0.07294663277259361,-0.11020726916303421,-0.05324450748671198,-0.18821888771127349,0.018925961638071864,-0.04281809560997378
#12,0.3613575691893313,0.23459267346141893,1.0,0.5900214361418132,0.17643299412697527,0.3791392074205707,0.16252420530883185,0.06237518826351314,-0.15624323894654912,0.3571038098956881,0.16561451601335575,0.044134545657388294,0.13297898620596227,-0.10063989672401565,-0.11597351162253265,-0.08788977519941987,0.788164699694794,0.6911569938400975,-0.28325351226003875,-0.27539943740088774,-0.042196527185649736,-0.04006088183027994,0.16061328084533305,0.20310784212162022,0.30194997171066784,-0.011145199977687287,0.08044211046386536,0.0740399556933277,0.003351688195778116,-0.19989799902780322,0.42004637856704574,-0.025508211875144435,0.44307150427527514,0.18275864816836535,-0.10500362581580856,-0.26565993832128715,0.00045103554893257574,-0.2725418164141877,0.18101188151949574,-0.005361426101092526,-0.002640868920781901,-0.2511518937914877,0.24167695973352246,0.062094685589972026,-0.1530381148945326,-0.3531735849357314,0.06991051008454924,0.15083712516634923,-0.11495987696132728,-0.1308608722676888,0.2825936934711409,0.14162038106925706,0.1205842743188646,0.4794029755596108,0.0950425933747181,0.45925937731594,-0.1949684832933564,-0.06387332754265314,-0.13929348389101834,0.032844313047358735,-0.018047797018065328,0.018031859366159583,-0.4134673158603543,-0.12114687343113739,0.11293898269967885,0.280990365689423,-0.212936592051893,-0.09980316999896405,-0.17215214082509223,-0.1811760393341249,0.08308297938464726,0.3764011188231638,-0.05510602522930297,0.3180517814310418,-0.2351935229382655,0.13710205675397844,-0.08263353760090526,0.05469324004494418,0.16868092024002104,-0.0690450955860673,-0.0011921363625497056,0.055856688634063546,-0.1789112989983186,-0.0379347990660536,0.04830542916112169,0.0809074898995131,0.05167464877399613,0.15509247822518307,0.12099227820765167,0.07304544621440923,0.195441831554957,0.21160261058738217,0.07220393819378591,0.0688203746941963,0.021157232904876123,0.5594115818916399,0.5471842153495525,0.6823227533887433,0.5458884842496156,0.3416570376686403,0.4321589940154117,0.5731227438261521,0.2873861453991983,0.35437050259385283,0.3055725999888436,0.4271434149606738,0.4658432213182032,0.058959749460112044,0.02880252452406187,-0.17152260357481533,-0.03072301157870411
#13,0.36365896612452087,0.23788220481476463,0.5900214361418132,1.0,-0.10589613432253026,0.07436827132258604,-0.0122433041939931,0.0548478352684299,-0.1154061771972843,0.6076676043318537,0.34073106009291654,-0.14194550916813425,-0.08395795647427265,-0.13428587366223335,-0.013883288575094231,0.31247679079441226,0.5738925324131996,0.2816023715226036,-0.01222577277689678,-0.057856863948234506,-0.08819577811601016,0.040338196973439905,0.03579596618030265,-0.05913346986588466,0.1862266812230554,0.15419996971846137,0.24479277068109556,0.1810326004669732,-0.03447154730693527,-0.14340061678712876,0.1799647777892883,0.08295707193459188,0.2853222194774044,0.3535289945732295,-0.01318043812605089,-0.09617735419040713,0.11100415175832144,-0.12887504084023302,0.18616133685024186,0.10758871295492035,0.01562208639801098,-0.08139518204782889,0.034262764066970014,0.20760066619384965,-0.44961869167815505,-0.41258436994477604,0.22835467650551045,0.23705504068085648,-0.010566663213508755,-0.19380822223461816,-0.08092502131660942,-0.11307285897568711,0.000670975145231853,0.03831889647698205,-0.13845835093115733,0.27420411350795687,-0.2889097849213875,-0.14868394839388313,-0.10481078022774905,-0.20713528675820192,-0.13757540501557905,-0.193344436564161,-0.21867095920757995,-0.14196144682004,0.3659237064603272,0.3049366876778044,-0.21597430850512794,-0.15409637498107404,-0.07710476615480241,0.08783718094813091,-0.07296097665930878,0.11022958187570225,0.02084485492752353,0.2513447393795472,-0.2413183625656432,-0.2013913570113715,-0.1505964666225725,-0.22463323478551905,-0.0030600291659029877,0.07270597422881687,-0.07879096972643021,-0.1547657563611153,-0.20344253281164085,-0.10542756735650137,-0.11335654917960937,-0.1395341424347951,-0.19728741164564226,-0.19781335415853182,0.17532532731952602,0.031537425591087666,0.14406840440197946,-0.007763230243288256,-0.23570034026886819,-0.14736431081608747,-0.12033883447951613,0.21606515312099067,0.2660472232625967,0.3151447537234339,0.21214767828255862,0.2158452135246914,0.19738941261783902,0.19295077656208912,0.052913004327072494,0.18447035198304235,0.008300329112511854,0.2391460606108902,0.18209245431870522,-0.21521886380479563,-0.2881336212735778,-0.21175720581086788,-0.09598769613272877
#17,0.43838902214536735,0.28680282733944806,0.17643299412697527,-0.10589613432253026,1.0,0.37562176764497285,0.06714851500928368,0.5078867470455578,0.3087506907978996,-0.06167552534485094,0.14474894213835476,0.6665524468280088,0.27865071838965966,0.27876228195299985,-0.2276024193355593,-0.4732781359322331,0.02414235510682211,0.21216520969965494,-0.2091705249065655,-0.14662321000247033,-0.22781917140147742,-0.18126210265441592,-0.1719863892452725,-0.03289690729864769,-0.17932408418267737,0.025407804668138242,-0.00723728773039868,0.10732892922885671,0.14272167281594403,0.19041190861350396,-0.022723904087210832,0.16813744631003513,0.01487301675844098,-0.10968292041533521,0.11472081218274112,0.1378734391062165,-0.11314139087888181,0.027165727673341886,-0.2341257002605806,-0.13496800516379923,0.021691144243718572,-0.17530620213723913,0.23280446891759438,0.03169042704938282,0.0012351680226952164,-0.016739315796603687,0.1678967877662584,0.1199037365824893,0.0797344787192503,0.06731904788467515,-0.010067814708858943,0.19118169720055145,0.023109595263329855,0.0018328299691606435,-0.12779287427583294,-0.30240897608555334,-0.00870514547091777,-0.21900405613241,-0.03521742941612412,0.05726717082772195,0.039404250571763264,0.1786977344627816,0.09789702683103699,-0.010348317382400052,-0.09327192024798986,-0.09521312625010957,0.2188367107873997,-0.04863693232076118,-0.016760034744081154,-0.05790786443433289,0.0902724541593287,0.01783423248252835,0.00016097028424802174,0.20531839444094702,-0.05133517678840376,0.1958737419216027,-0.0843914606061089,-0.05962275577939102,0.11247519702922168,-0.023931978101666283,0.22609312370008527,0.563756185801146,0.11603566846496506,0.46876778044290734,0.65551402911809,0.30035780028528397,0.16700268549434613,0.49460271418211954,0.10738471101052682,0.4822669716070731,0.485035341743101,0.24804723920024863,0.33543497836463754,0.16579620524508124,0.025614994142912923,-0.009718780132123135,0.2642430810668664,0.21688594219413654,0.28345751420443227,0.019384966012957312,0.1746017579230052,0.195205954306752,0.34089043661197393,0.21306090573675782,0.3464877399612715,0.26653969670648425,0.09322251352708205,0.09432699280415016,0.2433089752886707,0.00796404465730064,-0.16217357696690546
#18,0.038299771294695154,0.06247878300090048,0.3791392074205707,0.07436827132258604,0.37562176764497285,1.0,0.3116065950003586,0.2517001490170453,0.23294560995212982,0.06034473141072126,0.08689048442492968,0.39934815003705504,0.6674608929866362,0.29010989010989013,-0.003321406657157201,-0.22648837746734773,0.43536405581365695,0.4511072683661516,-0.4130354054937086,-0.28568081664528366,-0.13949111077464957,-0.3094390743411773,-0.013295189219772251,-0.11050530325367164,0.055649499159288865,-0.2590824693797863,-0.17896229948441697,-0.08111627313947836,0.5344723441895306,0.1952617360884221,0.34391380917849373,0.2541672975320546,0.18384081473276542,0.13182510020798635,0.18943971184725356,-0.11277004358947797,0.09434133669086534,0.06932878578998956,-0.14022105523193268,-0.014084102989106615,0.13772681270868362,-0.09255472591223135,0.12933563898030903,0.018961024472264502,0.04718501223214784,-0.25885934225310586,-0.16442875471156834,-0.02018662990381627,-0.022811561172692427,-0.03785511080652487,0.050383698969630804,-0.044287547115683445,-0.13736184048004207,0.16283020822542216,-0.04858274430428165,0.07279681884467962,-0.009972188797424475,-0.07213221876021006,-0.0021213014686546233,0.17322315103315827,-0.12097315302536478,-0.09762289921825817,0.009266150817999984,0.11348883169042705,-0.15704005928806508,-0.022779685868880937,0.2493780331343783,-0.03136370518531505,-0.032721593127684495,-0.237772235016615,0.34299420666353225,0.2856266286288041,0.311829722127039,0.045334650845890875,0.1349887241112767,0.22403397907386305,-0.036678912095880915,0.12181625481117866,0.16090653364039875,-0.039954099562511454,0.11075393062340125,0.5265688626094718,0.08851134362374391,0.17290599176023397,0.15583517280399078,0.1023165377045,-0.0006550374933261083,0.2550470559172517,-0.004256946824024417,0.1039772410330786,0.21069894572432643,0.1788794236945071,0.14708699567292752,0.06291069336754616,0.07340723091266964,0.40701416060371826,0.15448365992238364,0.3944760098494689,0.17995202766776372,-0.008399142554327471,0.03886715170253967,0.4794842575843301,0.3608204703201077,0.05239503064013579,0.16196798125732137,0.12454637458263274,0.1823251440365291,-0.04418873367386783,0.06438651993401812,-0.0698260405294488,-0.08024288981504354
#26,-0.15485819474216864,0.21119620046378568,0.16252420530883185,-0.0122433041939931,0.06714851500928368,0.3116065950003586,1.0,0.15058531026623848,0.3499575062187028,0.44388751205284926,0.49167974882260596,0.07932647483046323,0.49092430412227367,0.46213612348492694,0.05601128385754927,-0.13653308258094335,0.11260269824446764,0.06242937627999267,-0.19158173226338562,-0.06650622763748217,0.0026153686777327097,-0.09936647833674665,-0.14360143120114113,-0.12218919586577309,-0.06343185458486401,0.11109977766975591,0.04939875208185578,-0.11903035325805449,0.31060889799105895,0.22583971503478392,0.1729155543513774,0.07427264541115157,0.12636964196064993,0.26658910342739206,0.19919674234395046,0.13944967287969465,0.11442915315286599,0.32406505749507925,0.15872945039007402,0.24867837021571612,0.2469379786276088,0.1612906310513272,-0.168134258779654,-0.07828574616101809,0.02905274565898206,-0.039751691383308495,-0.0046203252874753966,-0.03541186876937421,0.19891305214002822,-0.09764839946130736,-0.18975208982460615,-0.37782275737315624,-0.15220138816948098,-0.16658830654479675,-0.10226553721840162,0.014079321693534892,0.06400879758385197,0.07077751834822175,-0.07217206288997442,-0.13256301349122235,-0.21500370550406808,-0.20062634971989576,0.22386025866809042,0.2755428762680394,0.019888595813178846,0.008219047087792556,0.4000047812955717,0.3538541226721067,0.18106128824040355,-0.0077313549394767665,0.29970913785272013,0.25830471196678595,0.43326666082286097,-0.06312425790308314,0.3265863940265681,0.15273051821275171,-0.05220856011283857,-0.0507152021292703,0.15850472949820302,0.16431081608746584,-0.0994190725880356,-0.005877806022838655,0.19889870825331304,-0.07938225661213333,-0.18764513224266668,-0.2788021260827642,-0.30630254444612676,0.008303516642893003,0.02020097379053144,-0.2006805377363753,-0.22737929220887887,-0.26146355457450454,-0.1829674314083306,-0.2222696810078971,-0.2026791192853557,0.0919522826701942,0.03180517814310418,0.12034839707065959,-0.06607272350564591,-0.004875327717967312,-0.14774043940106305,0.09349982867024201,-0.01243933731243376,0.051720867964522785,0.04532986955031915,0.11337567436189626,0.03879065097339209,-0.2309859828351489,-0.1802277490457331,-0.23913012295898445,-0.25317756934870783
#49,0.630270382264581,0.4622811561172692,0.06237518826351314,0.0548478352684299,0.5078867470455578,0.2517001490170453,0.15058531026623848,1.0,0.473600265202671,0.08332045039804285,0.4808214265792221,0.5014527169712086,0.3329805799711528,0.2803958912733387,-0.2383523655459841,-0.33957239279936885,-0.020725322538230444,-0.023437910892588194,-0.03459267346141893,-0.014648295866569978,-0.3628541147032808,-0.374576257679956,-0.19175704643434882,-0.29094821060013226,-0.2567699160882627,0.03794436165719704,0.21731785256078223,0.24155105228346707,0.38221039294280773,0.4093314951908135,-0.09582831961367132,0.17044043701041525,-0.1021603487158237,-0.02401326012638558,0.21118026281187993,0.30470240419479,-0.11132609232681749,0.08644423017156883,-0.15628620835292337,-0.045473308417470854,0.09290535425415773,0.05068651435583996,-0.06637713265704563,-0.019467841802867182,-0.16369881025428523,-0.10942951175003386,0.3457020137223183,0.18693431296767046,0.2675533313676896,0.02952928145096383,-0.08450621169983026,0.0011777924758345354,-0.0712620229661564,-0.17278805313613146,-0.3563228649523066,-0.3524691407214975,-0.2581453354477285,-0.3879320099769701,-0.054804803608284394,-0.046958697575086264,0.028450302416944913,0.16203013809975375,0.21517583214465014,0.036849444971272384,0.22859055375371545,0.06236243814198854,0.24772689239694315,0.007599072428659086,-0.037287730398680365,0.040510323614021945,0.09301054275673565,-0.031947023245065306,0.054892460693765986,0.1140721497501773,-0.08212034520954029,-0.002562774426443752,-0.0722676888014089,-0.14806078620436852,-0.004452979942465077,0.10364733163862969,0.23607646885384376,0.31941604443417354,0.10470877925555228,0.5666265569093706,0.518815194957327,0.1910908525846887,0.06762983209683718,0.12255416809441465,0.202161145598419,0.26891600060563076,0.27016073121946943,0.1530428961901043,0.18451338364318784,0.0868203587565444,-0.0319533983058276,-0.07793989911466344,-0.042975878363840654,0.0245615153519432,-0.05641291268557404,-0.09727545840671294,-0.08233869104064898,0.023559037047071855,0.04267465674282208,-0.07287969463458949,-0.05816764816039653,0.04346357051215644,-0.12483484608212672,0.06878212432962251,0.024899393572344986,-0.04811577110344333,-0.2255655874220051
#50,0.008469271597220985,0.49691307481658703,-0.15624323894654912,-0.1154061771972843,0.3087506907978996,0.23294560995212982,0.3499575062187028,0.473600265202671,1.0,0.17603302920298364,0.3411224653645074,0.15580256269577164,0.358248276043457,0.2673016229716056,0.02288169595809215,-0.2794875564741181,-0.1847581002152129,-0.07405911038382852,0.022960587366459187,-0.14928884176655782,-0.0038346005763857153,-0.3440390568253494,-0.2508985850945641,-0.37337948879167226,-0.22223789425285823,0.029752420432239624,0.024041957479126564,-0.08658132847554197,0.30038820151099355,0.27882853430523385,0.048572404183798525,0.17000062555310005,-0.09407282473875937,0.0734845578037009,0.23131837504419556,0.2615608784678062,0.2309063865782788,0.4209741176414672,0.010575433135747055,0.2326196848407953,0.22187610941044777,0.1067512318813813,-0.06253219905020022,0.011338846966207886,0.0334587228596648,-0.06639229987979549,0.06510931839019013,-0.03249449453517878,0.12199639888612675,-0.04334246162710288,-0.2310649662779257,-0.2637634628387808,-0.18197857261537223,-0.29235243421833484,-0.031833081717556146,-0.26084209008046205,-0.0010032755872131371,-0.14885055616451873,-0.056309340384157816,0.05379278414554059,-0.11575839944474117,-0.11018101593806545,0.150378977591266,-0.04589089318223204,0.021386743613682424,-0.18924773854591886,0.24708868788847513,0.09324247274362348,0.10887970614146572,-0.07638282095754854,0.1405055983016943,-0.04319742893697358,0.27489272959892275,-0.1852936055326134,0.2097650829017383,-0.09135386024029137,-0.06464234500329029,-0.19136186891357293,-0.0032887357811188377,-0.041721601782471016,-0.009335483323432805,0.04871743687392783,0.2518173910930206,0.17051780256350618,-0.05329313855921602,-0.05068573766853978,-0.09071236949548868,-0.0674553416854685,0.0031429062080767377,-0.08811293743394043,0.03556886881275487,-0.15301905068136695,-0.06267643485741672,-0.047551597172503825,-0.1009100801305693,-0.06968103566091433,-0.06656920788643672,-0.13909989684351798,-0.1394266188377653,-0.23011428496295724,-0.2643667032037692,-0.07666332374285356,0.11440529225880956,-0.11760398027078219,-0.05268910131131486,-0.14013345398141747,-0.13939633728707898,-0.21215971605469736,-0.23240372957142694,0.012201074277855712,-0.07538910796528898
#51,0.10582600865414499,0.2583875877566958,0.3571038098956881,0.6076676043318537,-0.06167552534485094,0.06034473141072126,0.44388751205284926,0.08332045039804285,0.17603302920298364,1.0,0.6296025946497302,-0.06906740829873535,0.17675971599104304,0.19591517981655762,0.12008223828383364,0.18954171281945031,0.47169233956761153,0.11370239622596402,0.05173999314680968,-0.022264899712325384,0.03417191945110727,0.05827921172373674,0.03428029548406633,-0.11849006685844975,0.15611248794715074,0.24797870729705393,0.3520483867111858,0.12714102431288798,0.03339894333367865,0.01595040202726932,0.24600403222593215,0.11000486098383125,0.22376463275665595,0.4123612428180956,0.09189171959295236,-0.005018766585119014,0.18386312744543346,0.13818581708356908,0.29303604299978486,0.2759668178087322,0.06667835427806422,-0.02002565961956825,-0.17274661524117652,0.03311844066013754,-0.3303317422244181,-0.27184055973033494,0.2401071010208066,0.13249926288359937,0.12902963606371873,-0.2591000007968826,-0.27603375594673635,-0.3854728302879137,-0.061249990038967556,-0.14768943891496467,-0.0815449959757429,0.07547753189522588,-0.28448071145678105,-0.23010463068476122,-0.17255217588792643,-0.24150642685813098,-0.296335136944274,-0.2425854058921499,0.009621560455498092,0.1635458087959901,0.3948298257217764,0.23329375483110074,0.10736239829785878,0.16444150483309294,0.16046346691741906,0.18096725609415965,0.08515168660201293,0.24774123628365832,0.18649124624469077,0.015394177975758832,-0.0874068643466758,-0.18205739148451258,-0.20599733841213175,-0.25482711632095245,0.1809194431384424,0.19760616468375714,-0.15129453577604413,-0.26234171919451105,-0.028007235693965207,-0.1572584051191738,-0.24084023300847085,-0.323620397006909,-0.38942855549091954,-0.17592139550080085,0.02947349966929372,-0.12079305755882985,-0.08733992620867168,-0.2717385587581382,-0.37849851381395977,-0.3033971105037095,-0.23937715656352349,0.16959733522460135,0.27343751245129055,0.22624293762799927,0.045596028337145086,0.11560057056793822,-0.03297022049741412,0.1356182613615536,0.06984516571173568,0.10007570384655229,0.09249735036537067,0.23341647475077495,0.08856871917060459,-0.404419510873463,-0.3154762568830734,-0.36158229008120235,-0.20654718740287994
#52,0.2163647809768187,0.31705408442174215,0.16561451601335575,0.34073106009291654,0.14474894213835476,0.08689048442492968,0.49167974882260596,0.4808214265792221,0.3411224653645074,0.6296025946497302,1.0,0.05534668377307971,0.20437329168293636,0.28617010255879,-0.06647753986405183,-0.013942257887145487,0.2185976460088135,-0.06459530317398338,-0.022202742869892978,0.07958466479133629,-0.13910063830295882,0.05141167751755134,-0.12578154260532795,-0.13836750631529457,-0.1367657722987672,0.14360940002709402,0.32460375012949344,0.18813601192136362,0.19311015308114657,0.16677318330690338,0.018235861310553117,0.17364231127827937,0.12981058100710022,0.230817043724948,0.10435018208767302,0.2555634358389978,0.0393644064419989,0.1291380120966778,0.058696778203667255,0.021817051693773955,0.015453147287810087,0.006618906836455785,-0.16575636111531689,0.13097721712660074,-0.3072858975687112,-0.09903019388153543,0.29441783742001293,0.18775988333638804,0.332245854218298,-0.07704739060794173,-0.2801695766162771,-0.3463219883814518,-0.07984285475220936,-0.2744272406346373,-0.19664831180422188,-0.20666990732255416,-0.29989720214520793,-0.19207420570727315,-0.2748336507582338,-0.3103044888396593,-0.2264039079122473,-0.17583533218050984,0.16930886372510737,0.19909314760656313,0.3744710691773781,0.09589366398648487,0.28571269194909515,0.2766616994318227,0.17000533911338842,0.26653810294129365,0.1330156428053455,0.1509327510777837,0.2875471156834464,0.07822518308377627,0.00049884850464981,-0.09489118568161353,-0.13330092677445832,-0.18736462956912558,0.18654862179155146,0.2052387061814183,-0.23826789599088366,-0.14139087888181434,-0.20296121572408737,0.058113460143916995,0.03553458868904844,-0.2287499302727729,-0.27953685183561905,-0.12177481691622373,0.04770936097984684,-0.018629521312625012,-0.08977998071544119,-0.1611232857063169,-0.22948624979081833,-0.27519862298687536,-0.29941588505765443,0.05196471403868068,0.1318585692769884,0.0971033317661309,-0.0815067456111691,0.05847683860736798,-0.05974706946425583,0.06071607870012511,-0.08153065208902772,0.12886229071870842,-0.015800588099355323,0.13748137286933515,-0.03211914988564735,-0.24849030592322832,-0.2685446533162269,-0.3294870466734136,-0.3075759628333958
#53,0.31191578544733006,-0.030144474814525576,0.044134545657388294,-0.14194550916813425,0.6665524468280088,0.39934815003705504,0.07932647483046323,0.5014527169712086,0.15580256269577164,-0.06906740829873535,0.05534668377307971,1.0,0.5974515694602714,0.5351465068651435,0.001807329726111452,-0.462746535552917,0.011585079170285843,0.13344755317199117,-0.017882045438245585,-0.023900102797854792,-0.13523894524619687,-0.28177927945875736,-0.06421120576305493,-0.25987616444469236,-0.05449720692650352,0.0114878594936608,-0.20062794348508634,-0.16639864848711838,0.2961359162954522,0.4393516563204743,0.05612125365569891,0.17443760010837603,-0.22089585541362192,-0.08941978978237136,0.4205531958976484,0.22622699997609352,0.07747133214863454,0.25886412354867755,-0.11382670991082884,0.008996804500792897,0.2474671086708795,0.07041413988477077,-0.007407820605790149,-0.1481356931683255,0.0811194606698595,-0.027737889376758123,0.03829180246874228,0.10486018694865686,0.0040035381587230755,0.013245782498864442,-0.007599072428659086,0.19686825140052117,-0.14664871024551954,-0.08891615998214983,-0.19332531138187412,-0.25187705695319906,0.07892325223724789,-0.1806341591693296,0.08689207819012025,0.010584194630605073,-0.004319103666456821,0.12663898827785702,0.33490744208655737,0.09169249894413056,-0.24815880276358884,-0.1945572918741882,0.3215963152148794,-0.0915777478504092,0.2250157384312569,0.07316338483851174,0.3394719855923627,0.23545330666432915,0.17043884324522468,0.20861908215062674,0.2031588426077186,0.3709249416283499,0.13380933787025157,0.12268963813561348,0.1150650654639052,0.07877025077895274,0.5986054554582473,0.5311063121070373,0.36451322426666877,0.7184310975463984,0.6388352763987282,0.15556104519121197,0.040747794627417545,0.4213915163878906,0.1909649451346333,0.41892914916845303,0.3027946672616723,0.17363593621751708,0.30165193762003045,0.013460940799591996,0.07099745794452103,-0.061074675868004365,-0.06887934400624755,0.034697861963996844,0.08914725593478313,-0.011279076253695543,0.09511590657348452,0.0011411358764513225,0.32285379595024266,0.019938002534086653,0.39053781606355936,0.12499900389675589,0.07867462486751826,0.06668154180844536,0.2788977519941987,-0.11790993632908063,-0.22179633274629648
#54,-0.02189036489254038,-0.007924200527536278,0.13297898620596227,-0.08395795647427265,0.27865071838965966,0.6674608929866362,0.49092430412227367,0.3329805799711528,0.358248276043457,0.17675971599104304,0.20437329168293636,0.5974515694602714,1.0,0.5590848600275722,0.21278996565436015,-0.32555522794826636,0.19593111746846337,0.11302504601996988,-0.2195044984022504,-0.15678824438795433,-0.05812939779582274,-0.3266708635816685,-0.014718421534955254,-0.3538652790284407,0.003997163097960777,-0.15158300727553808,-0.19157057590705162,-0.3096956705368598,0.6090653364039876,0.5210018407987951,0.24591637514045056,0.23728294910310863,-0.12077711990692411,0.11866378726422236,0.417752950457809,0.18166213771725012,0.21203930224959958,0.43035644558487196,-0.028463052538469508,0.09833849978882611,0.39457641705647506,0.19344165624078605,-0.03031660145510762,-0.11074755556263896,0.09183434404609168,-0.11402433679446007,-0.1856098940943031,-0.13974770697033206,-0.038481460526420645,-0.12636804819545935,-0.048150833937635966,-0.15914542310481397,-0.28479946449489596,-0.1629640845014304,-0.10414139884770776,-0.13866713417112256,0.10464024735235758,-0.008289172756177833,-0.02535999171242101,0.0077409175306202135,-0.02491851875463188,9.403214624389389e-05,0.31905585350110366,0.26203252874753963,-0.22969822056116473,-0.23175258389181522,0.3966578743953653,0.16881001522045758,0.20841189267585206,-0.016546470208544176,0.4126688394998765,0.3339974021627394,0.39108766505430753,-0.04388273075727753,0.3558017037349887,0.2858640996421997,0.16643211755612045,0.148617010255879,0.28032895313533457,0.13048314991752266,0.21850839515814136,0.341564599287587,0.31412952529703797,0.3230275163560153,0.11021045669341537,0.0545482074126019,-0.040107101020806606,0.19106853987202066,0.06336491644685989,0.04329463140195555,0.032723186892875074,-0.03250962235733809,0.05345169696148666,-0.06901640781263696,0.00551602132457825,0.1691574560320028,-0.10963510745961798,0.08500665396967065,-0.055187307254022266,-0.01696084915809354,-0.12024320856808167,0.12562694738184224,0.22894915092159474,-0.1266469571038099,0.11903513455362622,-0.014106415701774658,0.04905609256588227,0.009836718756225646,0.14778506482639914,-0.14932464200049406,-0.18641474551554318
#58,-0.05957653658886436,-0.03093657611424109,-0.10063989672401565,-0.13428587366223335,0.27876228195299985,0.29010989010989013,0.46213612348492694,0.2803958912733387,0.2673016229716056,0.19591517981655762,0.28617010255879,0.5351465068651435,0.5590848600275722,1.0,0.20866848887153455,-0.304189211803425,-0.03044091513997243,-0.16325096223573382,-0.013288814159009952,0.16968021101451122,0.004237821641737523,-0.044372016670783894,-0.051027580106622894,-0.21124082588912177,-0.0991130696714453,0.1551912916669987,-0.18184701447935675,-0.31271904310337956,0.33233351130377964,0.47752552016511407,0.011631298360812501,0.3170636470128856,-0.1910398520985903,0.23685900756241582,0.476817888420499,0.42802795464144267,0.2120679900230299,0.44355122759763804,-0.02861446023157408,0.19933380615033988,0.14223238690243767,0.3123492895791663,-0.24955494107053208,-0.0819816876379603,-0.044807114567810724,-0.0635258867311079,-0.12081696403668847,-0.09782211986707998,0.04385723051422834,-0.14394249695192407,-0.2360685000278909,-0.267551737602499,-0.32202981934671565,-0.22213580473188885,-0.1936934711408968,-0.06465108495565348,0.09906525671572808,0.04154627098789535,-0.22828773836750632,-0.27119827235853344,-0.09329901425622963,-0.09656942042728844,0.5555387324785439,0.3182876586792468,-0.227307572775303,-0.23771167193937318,0.6595574114065774,0.3591804859390066,0.5194399509120321,0.2702866386695248,0.5096207635729028,0.38658527839093465,0.4268007554447003,0.020145192008861335,0.5781096351074596,0.3573333120831308,0.15464144267625052,0.1265720501398529,0.2730040083194543,0.3689454852616564,0.056424069041908054,0.11629863972140984,0.18903489548884764,0.2715249942226012,0.12429615344771255,-0.06711663970547219,-0.2583828064611241,-0.06927937906908176,0.005233924885846568,-0.06672138593820973,-0.0785789989560838,-0.2762807895512754,-0.12724940034584706,-0.3196232339089482,-0.32975320546023956,-0.19096972643020504,-0.13685024185386768,-0.09433177409972189,-0.2724653156850401,-0.17771438134019715,-0.2546932400449442,-0.1291316370359155,0.04151280191889329,-0.09003976444150483,0.11718317940217868,-0.0235000677350206,-0.12347377060937612,-0.05229302966793902,0.13604060913705585,-0.37525679541633133,-0.43118201595358957
#101,-0.3034640486417136,-0.22301078182151424,-0.11597351162253265,-0.013883288575094231,-0.2276024193355593,-0.003321406657157201,0.05601128385754927,-0.2383523655459841,0.02288169595809215,0.12008223828383364,-0.06647753986405183,0.001807329726111452,0.21278996565436015,0.20866848887153455,1.0,0.2944544940193961,0.10048211397014878,-0.2701176995593239,0.332661826933038,0.08080389516212576,0.3185649738224067,-0.03716182294862498,0.35673565013666536,-0.37125644478798936,0.2941453035724247,-0.04361497820526102,-0.3669437161822949,-0.6372207922606762,0.18481938655977814,0.20469204472105124,-0.24558646574600165,0.2997505757476751,-0.23021460048291084,0.06077504801217637,0.4710851150300026,0.3956713337423997,0.6637792953964092,0.5127413558160476,0.02718804038600993,0.0872634254795241,0.41886539856083005,0.4647419295715162,0.26401676640980487,0.04541115157503845,-0.1454199172835866,-0.2507964841539896,-0.41975312577198004,-0.32551538381850204,-0.5168389261210146,-0.5957095841069735,-0.1953605495302377,-0.27298807066754854,-0.5474599367275219,-0.36871598307421366,0.054545019882220755,-0.0708811130856091,-0.0793216935348915,-0.08602028863087602,-0.37647921331750195,-0.3964937165807362,0.016503438548398666,-0.02182183298934568,0.35111762783989037,0.4544717066834543,-0.3602116520173083,-0.4050458605933588,0.2891520372303549,0.2995306361513758,0.638446397692228,0.42376463275665593,0.3755691733936839,0.2722501573843126,0.3886922359728741,-0.07326857334108966,0.32551379005331144,0.020185036138625698,0.4696937580186311,0.34832853875638503,0.40682131501565877,0.13826072404752607,-0.00820629696626796,-0.03418307580744129,-0.09088764752289046,-0.10345926734614189,-0.14123947118870978,-0.15693805831586832,-0.07531178031540613,-0.10038967558909546,0.13377268127086836,-0.06023157408219047,-0.10151328004845046,-0.27383595374893416,-0.3259584505414817,-0.2781964953103459,-0.25902190630254446,0.009808030982795304,-0.04601200105188503,-0.2257042449935851,-0.22212146084517367,-0.061366334897879495,-0.22302990700380113,-0.41111810596944753,0.08480743332084884,-0.22435910717274024,-0.0014057008980866848,-0.1878443528914885,-0.10935301102088629,0.052941692100502834,0.08825315366287084,-0.284072707567994,-0.20828120393022495
#102,-0.17995521519814486,-0.12215891432715217,-0.08788977519941987,0.31247679079441226,-0.4732781359322331,-0.22648837746734773,-0.13653308258094335,-0.33957239279936885,-0.2794875564741181,0.18954171281945031,-0.013942257887145487,-0.462746535552917,-0.32555522794826636,-0.304189211803425,0.2944544940193961,1.0,0.10565547577875352,-0.20915618101985034,0.27696610858322246,0.4119771454071672,-0.038852807815824494,0.28872490815928087,-0.031094358868107963,0.019606499374447164,0.0014662639753285148,0.1329534859629131,0.019421622612340525,-0.04947206528062221,-0.13439743722557357,-0.07595406768720764,-0.18765947612938186,-0.06462239718222314,0.006105714445090804,0.018576927061336054,-0.029873534732127914,0.02095641849086374,0.12074365083792205,-0.044550518372128235,0.02274940433026002,0.047197762353672436,0.11533281801592171,0.09462183936440645,0.06444867677645053,0.3939994740574871,-0.39883017635011836,-0.2920287833993418,-0.06685048091864626,-0.1693518953852529,-0.031001920487054642,-0.2093840894421025,-0.210090127421527,-0.3364023938353162,-0.14405087298488314,-0.22454717146522804,-0.16557626564878197,0.10501796970252372,-0.3200455816844504,-0.028761086629106935,-0.17974961948856075,-0.42838495804413135,-0.09603072779287428,-0.1269959916805457,-0.06194487166205803,0.1556662336937899,0.19489357632939938,0.1914590123437114,-0.24278303277578114,0.062381563324275434,0.18235542557515003,0.3985082357816223,-0.0556654368111946,0.02141223533536804,-0.047220075066340475,0.018658209086055352,-0.1623281721903912,-0.2816262780004622,-0.04401820079847636,-0.06627194415446772,-0.24895887288925722,0.06288519312449697,-0.1623648287897744,-0.20003665659938322,-0.16408131390002312,-0.35359912024161483,-0.2528078158244946,-0.236049374845604,-0.17104606778283354,-0.301278996565436,0.12100024703360454,-0.1422801998581549,-0.06704970156746806,-0.21656718915602163,-0.54326514674593,-0.19036887695335847,-0.30196272183219247,-0.14425009363370495,0.010616069934416562,-0.1228012016989537,-0.23427392042330403,-0.015794213038593023,-0.25466295850632326,-0.145021475985943,-0.24880268390058094,-0.05475858441775773,-0.19336515551163846,-0.10954745037413638,-0.2532317573651874,-0.16005705679382257,-0.146145080445298,-0.09863334634908238,-0.06482799289180725
#201,0.1785160452310561,-0.002734901067025795,0.788164699694794,0.5738925324131996,0.02414235510682211,0.43536405581365695,0.11260269824446764,-0.020725322538230444,-0.1847581002152129,0.47169233956761153,0.2185976460088135,0.011585079170285843,0.19593111746846337,-0.03044091513997243,0.10048211397014878,0.10565547577875352,1.0,0.5672003123779773,-0.23538318099594388,-0.24672760162245297,0.010974667102295818,0.0027731514315995826,0.35181091569779027,0.15559292049502346,0.43964969041111174,-0.037145885296719236,0.03883846392910932,-0.012198678768657014,0.18578839579564743,-0.14727187243503415,0.40508411095793256,0.10551841197236411,0.44443736104359743,0.2176318243033254,-0.02612021770832503,-0.24089282725975983,0.09926925866012161,-0.15960761501008056,0.165074229613751,-0.012847341201220825,-0.005420395413143782,-0.2460693765987457,0.1294806716126513,0.054457362796739156,-0.1746081329837675,-0.390370470718549,-0.01099697981496386,0.09266947700595271,-0.11414546294894373,-0.2483803361250787,0.13168166134083464,-0.04316553642151902,0.01779120082238284,0.34632836344221407,0.13858744591159383,0.41251902557196246,-0.34111993879941666,-0.1921267999585621,-0.12275817003880818,-0.008679645227868578,-0.10690976898373562,-0.04708938632071337,-0.3224728860696954,0.050297635649339784,0.06678354278064212,0.11458693590673286,-0.07582816023715226,0.04725354413534254,0.005210018407987951,-0.005715241973400059,0.2012479181442198,0.46110495740662527,-0.04060116822988469,0.17135844576018616,-0.24596578186135837,-0.005053829419311653,-0.13876913514331934,0.040338196973439905,0.3226258875279905,0.0945118695662568,-0.11827650232291277,0.012534963223868227,-0.21907099427041413,-0.16534357593095808,-0.03780411032042649,-0.007301038338021659,-0.030531759755835174,0.01293499828670242,0.002601024791017539,-0.0036704412338930104,0.04754520316521767,0.10425455617623855,-0.06083561108941819,-0.09372136203173187,0.0007968825952872363,0.6935269226784818,0.5173632748687136,0.6508729848831372,0.3652925754448597,0.3312210632007586,0.30825650056977105,0.5415773494091115,0.32334786315932074,0.31601813704786874,0.2620962793551626,0.4093059949477644,0.38316505829196185,-0.1015483428826431,0.0077982930774808945,-0.2696778203667254,-0.052882722788451575
