,#10,#11,#12,#13,#17,#18,#26,#49,#50,#51,#52,#53,#54,#58,#101,#102,#201,#202,#301,#302,#401,#402,#501,#502,#601,#602,#701,#702,#801,#802,#901,#902,#1001,#1002,#1101,#1102,#1201,#1202,#1301,#1302,#1401,#1402,#1501,#1502,#1601,#1602,#1701,#1702,#1801,#1802,#1901,#1902,#2001,#2002,#2101,#2102,#2201,#2202,#2301,#2302,#2401,#2402,#2501,#2502,#2601,#2602,#2701,#2702,#2801,#2802,#2901,#2902,#3001,#3002,#3101,#3102,#3201,#3202,#3301,#3302,#3401,#3402,#3455,#3501,#3502,#3601,#3602,#3701,#3702,#3801,#3802,#3901,#3902,#4001,#4002,#4101,#4102,#4201,#4202,#4301,#4302,#4401,#4402,#4501,#4502,#4601,#4602,#4701,#4702,#4801,#4802
#10,1.0,0.38304393213747817,0.480713050546263,0.4642494561276287,0.01792348333320052,0.17173935564073345,0.17019818470144793,0.7319127572934679,0.4004111914191682,0.4108376032959064,0.4309238259927165,0.21143207771199068,-0.006021244889990358,-0.07225971997545602,-0.08454605582959462,-0.18167010654320298,0.4151965510921276,0.29603232155806486,-0.12016830160412466,-0.1430786762186327,0.17140307118552223,-0.16379124863533856,0.08540031397174254,0.04092629632876189,-0.16104519121197874,-0.17521695128656695,0.04480073950704842,0.05443983137964284,-0.14872698005402865,-0.26378567045717155,0.16706643610196908,0.12955557857660832,0.1321342906549578,0.04136298799097929,-0.12112456071846935,-0.10537656687040298,-0.16856935667668083,-0.33994852138434445,0.03431376455306839,-0.08496840360509686,-0.2485301500529927,-0.15249942226011842,-0.2850034664392895,-0.40194758106288203,-0.11494553307461211,-0.3189681964156221,-0.16280630174756353,0.012187522412322993,-0.07811999458119835,-0.08202631306329639,0.002650431511925348,-0.0038011299795201172,-0.029567531815537618,0.07913362924240372,0.023562224577453005,-0.15398162388735268,-0.16452916191857453,-0.444364047844831,-0.2756337208839022,-0.14810381786451401,0.013129437639952507,0.1240427447824112,-0.23144976850560606,-0.31436221501486183,0.2041390081999219,0.05496258636215126,-0.1790850194040912,-0.31518778538357944,0.05344213437034322,-0.11699511510969089,0.25781542605327956,0.17454278861095396,-0.030989170365530047,0.22912605885774848,-0.011435265242371841,-0.06372670114512029,-0.0073153822247368295,-0.15539369984620166,-0.1775741300034266,-0.26090095546223174,0.18408147327654217,-0.08423208408705145,-0.10120727713186016,0.452132059383691,0.1242116838926121,0.131935070006136,0.011679111316529735,0.005982994525416571,-0.17632143056363506,-0.03172548988357545,-0.16852791878172588,-0.20629059120719745,-0.19746431958179603,-0.07446230346882994,-0.16961008534612595,0.4187474599367275,-0.11987823633944011,0.2277522332634733,0.2927890093952458,-0.07302950856250348,0.10821665644000669,0.049028998557642506,0.15310664679772729,0.22847420889480352,0.14639689534540876,0.03511702220911793,0.09176581214289699,0.04878355871829403,0.011476703137326778,-0.12202822558152507,-0.10135390352939301
#11,0.38304393213747817,1.0,0.2122241790117062,0.24122751794978045,-0.01746766648869622,0.07484958841013953,0.38710484584306193,0.21483795392424834,0.4135740981281228,0.4066619384966013,0.3166253615854776,0.06281506745611169,0.05257990740224243,-0.008893209763405557,0.09251647554765756,-0.01756010486974954,0.3218879742447545,0.20200176907936154,-0.06506705767039342,-0.334118528317223,0.2945357760441154,0.00912271195084828,0.04892062252468344,-0.020242411685486378,0.059334284279897044,-0.24039238498991944,-0.044952147200153,-0.1425352022886468,-0.007815824494577213,-0.18189642120026456,0.2287578990987258,0.0025149614707265177,0.19160404497605368,0.002519742766298241,-0.05973431934273123,-0.15094709496449887,0.0013148562822239398,-0.17061575118137845,0.15091521966068738,-0.040741419566655244,0.05357919817673262,-0.018103578799735436,-0.03493852050777359,-0.2502275099809545,-0.05534190247750799,-0.09764521193092622,-0.19329662360844377,-0.14217501135557697,-0.07983647969144705,-0.18246061407772793,-0.12412083927674936,-0.1619456685446533,-0.017786419526811113,0.0409565778673828,0.032755062196686564,-0.06487261831714333,-0.0015618898867629833,-0.36532126321829006,-0.1806580656471882,-0.04981631856178629,-0.006041963837467826,0.12276613886476105,-0.1708564097251552,-0.0705878602905434,-0.016685127780124154,-0.13379340021834582,-0.02603096685765286,-0.11974436006343185,0.08032417183976284,-0.12136203173186494,0.14313764553068398,-0.02208161671540932,-0.07782196049056092,0.13157009777749445,-0.09859987728008032,-0.04345082039063185,-0.020996262620628103,-0.0852409374526851,-0.12258444963303557,-0.22673222354150563,0.04162755301261465,-0.061249990038967556,0.12461331272063687,0.20097857182701273,-0.03881455745125071,0.014155822422682466,0.0945804014694515,-0.017263664544302688,-0.11193809815999808,0.0067240953390337,-0.08570631688833284,-0.027119508482815226,-0.07861724932065758,0.05156149144546534,0.05574990636629505,0.4172493206575875,-0.13722477667365268,0.15685518252595845,0.13025205396488934,0.0330897528867072,0.026314657061575118,0.14671724214871423,0.1248364398473173,0.18977599630246475,0.10928129158731044,0.06346054235829435,0.05880515423662632,0.007183099713919149,-0.19649371658073617,0.00848042457904677,0.04029197778291324
#12,0.480713050546263,0.2122241790117062,1.0,0.7079728103658488,0.06611894269617258,0.40631290391986546,0.20025978372606365,0.30915219660687393,0.3282901290152922,0.5148722198758456,0.38486879328068596,0.1005554271689152,0.172403955725203,-0.15821785176389963,-0.29911625720182644,-0.10620691853469229,0.6774267067232984,0.5498952099387198,0.013276064037485357,-0.027328291722780482,-0.21449370064308426,-0.34858832248244864,0.5252508187968666,0.019775438484648057,0.02539346078142307,-0.07244459673756265,-0.06987863478073775,-0.0330897528867072,0.12906151136753022,-0.08700842304903218,0.51887894556495,0.27693423327941097,0.36663293197013286,0.1373347464718023,0.04014853891576154,-0.19342412482368973,-0.13010224003697535,-0.2555474981870921,0.20064388113699208,0.11091490090764927,-0.2530771621417017,-0.02722469698539314,-0.35709424730454464,-0.32787893759612396,0.07313150953470025,-0.30491756249551755,-0.33853007036473315,-0.1403501502123692,0.027240634637298887,-0.031593207372757774,-0.09152037230354852,0.17872482847102136,0.20170692251910527,0.150403621034513,0.023173345870952832,-0.2217517073209604,0.02901608905959885,-0.32207763230243286,-0.05664241487301676,0.08451418052578313,0.22229677501613687,0.3687143893090231,-0.2892588194981233,-0.3148515009283682,0.2228577803632191,0.17745300384894294,-0.25197427662982413,-0.45615950402027267,-0.21110376208273235,-0.13412490337798533,0.39183673469387753,0.4236674130800309,-0.34132553450900077,0.20761182255018368,0.09635266836137032,0.053580791941923195,0.19838551586194805,0.2575524547968348,-0.14225788714548684,-0.13922495198782364,0.1047948425758433,-0.022929499796794938,-0.22505717632621186,0.1556040768513575,-0.07185171608666895,0.18628724430029725,0.24008000701256685,0.14456247161105754,0.06854784084660807,-0.1420921355656671,0.037289324163870936,0.03340531839444095,0.153324992628836,0.11404664950712812,0.006791033477037828,0.6023794914295277,0.045098773597685854,0.48415239582752273,0.4896556670305764,0.10380989568806828,0.5000294846560256,0.34747109308385593,0.39588171074755557,0.4202153176772466,0.3238993059152595,0.2651116830957295,0.33958036162532174,0.30187187721632974,0.024325638103738178,0.009476527823155815,-0.08366151614882579
#13,0.4642494561276287,0.24122751794978045,0.7079728103658488,1.0,-0.030667229797034002,0.2961088222872124,0.11663333041143048,0.18136729115699385,0.19362175170732096,0.5514841938337225,0.299234195825929,0.04903218608802365,0.07251472240594793,-0.20315724884252803,-0.1890556144363251,-0.010974667102295818,0.549635426212656,0.21109738702197006,-0.05447489421383547,-0.12513128640757357,-0.17622102335662887,-0.0492664695710381,0.4800516379921746,0.228420020878324,0.09885647347576282,0.06534118528317223,-0.06212656089378352,0.02001928455880595,0.01891480528173784,-0.1950370151965511,0.27283188167887223,0.026872474878276185,0.12240594793169123,-0.10076739793926161,-0.0817075600251815,-0.24519918080469205,-0.19178732797296974,-0.29821259233877073,0.09154906007697886,-0.0717178398106607,-0.1766672776099897,-0.15270820550008368,-0.2176684809027086,-0.26595159735116225,0.04560559092828854,-0.013986883312481572,-0.34427400011156356,-0.14615942433201318,-0.01967981257321359,0.041265768314354245,-0.038075050402824155,0.1191737921252062,0.15817163257337297,0.1484480711456781,-0.035132959861023674,-0.10759030672011093,-0.021716644486767765,-0.21025587900134673,-0.048302241630740546,0.10705958291164963,0.1981209508403127,0.19369028361051566,-0.15101562686769357,-0.2871311429687064,0.10172046952322514,0.09496290511518939,-0.1861071488337623,-0.3770768752639674,-0.08296504076054474,-0.16297524085776444,0.2516013355752297,0.15145550606029215,-0.30733689805480957,-0.08242634812613057,-0.12949182796898534,-0.11689948919825642,0.02855230338914168,0.15232251432396465,0.06631656957980381,0.022464120361147193,-0.14104343807026912,-0.0142785423423567,-0.10154993664783367,-0.021377172501175403,-0.122582855867845,0.1657165169855525,0.12382439895130251,0.05028329176262461,0.04082588912175569,-0.09740614715234004,-0.005624397357537314,-0.11894428993776347,0.13771406258715904,0.08148762042888222,0.04130401867892804,0.43392488584656824,0.03975009761811792,0.3720788276263258,0.3984189849309501,0.051951963917156084,0.3393747659157376,0.11480368797265099,0.010896572607957669,0.20389197459538286,0.20325606228434365,0.2521384344444533,0.1934129684673557,0.15298552064324364,-0.1289993545250978,0.08294113428268614,0.06947700595271299
#17,0.01792348333320052,-0.01746766648869622,0.06611894269617258,-0.030667229797034002,1.0,0.33872450971798324,-0.23849261688275467,0.24988166293459985,0.14848950904063304,-0.08728573819219214,0.0812947748408227,0.6197355943548837,0.2584959637896549,0.14725274725274726,-0.014433137565842424,-0.10127740280024544,-0.06522962171983201,0.020306162293109355,-0.236435066021723,0.10493509391261385,-0.18698531345376887,-0.300133079393413,-0.06300313174859948,-0.05872068468152587,-0.3624269856322068,-0.0026456502163536245,-0.0004064101235964905,0.03155176947780283,0.18918789694714278,0.3024679453976046,-0.0663914765437608,0.1941875383499749,0.1353489150443465,0.3658615496178948,0.2035333774275036,0.24955494107053208,0.2720110926057264,0.25189140083991424,-0.1249862537752313,-0.13441656240786046,0.17027627919578608,0.1605670616548064,0.18519392137956314,0.3915594195507176,0.10277713584457601,-0.00947174652758409,0.20035222210711695,0.27190749786833907,0.44372494800341067,0.07876068818780929,0.16752225294647338,-0.10843340850592482,0.062086716764019154,-0.3152324108089155,-0.3177378096884986,-0.24125301819282965,-0.13034130481556153,-0.031105515224441983,-0.17642343153583182,-0.23692435193522937,-0.18123022735060443,0.0332459418753835,0.4210424818111548,0.33606451561491446,-0.05604475292655133,-0.016795097578273792,0.18194742168636294,0.03396313621114201,0.05420395413143782,0.4093952457984365,0.17865151527225495,0.18278414841141455,0.06159424332013164,0.31745411948457636,0.4429121277562177,0.3604539043262756,-0.07007148036879726,-0.29143590274844805,0.15024265075026497,-0.07075201810517256,0.2659659412378774,0.3331415502554009,-0.16460406888253154,0.3593876754137813,0.6126194327789687,-0.13736343424523265,-0.023187689757668002,0.4654368111946067,0.45422626684410583,0.4996756687837181,0.38538676696762264,0.07367657722987672,-0.09487684179489836,-0.31975551641976585,-0.3201204886484074,-0.11775215357521376,0.21754416721784378,0.06711982723585334,-0.015312895951039534,0.27258166054395205,0.10211094199491588,0.22349050514387717,0.25822980500282894,0.24193196216401439,0.2971272382439895,0.1385523830774012,0.2685940600371347,0.05862346500490083,-0.021214608451736807,-0.284608212672027,-0.29926607112974046
#18,0.17173935564073345,0.07484958841013953,0.40631290391986546,0.2961088222872124,0.33872450971798324,1.0,0.07317294742965519,0.132021133326427,0.20309509200009562,0.32452884316553643,0.20579493023292877,0.3357505438723713,0.7916343265146746,0.012023364597693821,-0.038414522388416514,-0.18219764282128315,0.5202463960984628,0.550639498282718,0.08774314880188702,0.11033158284789901,-0.24997728884603432,-0.25706635641370956,0.37164691725968013,0.03717616683534015,-0.041992525241256205,0.006650782140267274,-0.1101578624421264,-0.01085035341743101,0.6918231876897577,0.5962275577939102,0.46283738016877973,0.34112790762536954,0.46043876355696517,0.2963526683613703,0.4080532955079728,0.10643642072213501,0.2574122034600642,0.1258962936990493,0.18298177529504578,-0.015163082023125532,0.1978021978021978,0.2348572384830543,0.006842033963136211,0.18089234913020263,0.09538047159511989,-0.0584067129389827,-0.15992796181338603,-0.012037708484408991,0.06150021117388775,-0.060738391412793157,0.029503781207914637,0.11018017515479445,0.12149909553825435,-0.11542206886659388,0.0025149614707265177,-0.20878961502601823,-0.16130019364247067,-0.23589796715249942,-0.27063407948107004,-0.12205691335495542,0.05238068675342062,0.09872100343456398,0.23008231797209316,0.31011164325159973,-0.06141096032321558,0.08729211325295444,0.1784220130848122,-0.08391651857931771,0.144283562702707,0.20575986739873614,0.419228777024281,0.32894676027380887,-0.02454079640446573,0.13633386193212155,0.1656304536652615,-0.018631115077815584,-0.02094844966491087,-0.12429774721290313,0.38285746161018097,0.22831642614093667,0.07490537019180964,0.6515088971941764,0.3284765995425894,0.27935675636908414,0.3281881280430954,0.01673453450103196,0.015281020647228043,0.3881136992086956,0.3852465156308521,0.35542398138482256,0.18043493852050776,0.20330387524006088,-0.061106551171815855,-0.11218991306010885,-0.15584632916032481,0.2279960793376312,0.1912151662695535,0.12388177449816319,0.1739275952473922,0.13512897544804725,0.3040999609527528,0.5981321071966467,0.46327885312656886,0.21126473236698037,0.3332738327662186,0.235749746989776,0.29488959191642294,0.047428858306305735,-0.007565603359657022,-0.23833802165926893,-0.20304887280956896
#26,0.17019818470144793,0.38710484584306193,0.20025978372606365,0.11663333041143048,-0.23849261688275467,0.07317294742965519,1.0,0.09190765724485811,0.5217859732725577,0.5899879670728112,0.3739419391341074,0.04051510490959367,0.20538214504857,0.27043167130186707,0.05525424539202639,-0.009925969606897816,0.26734454812772435,0.09888994254476488,-0.09145821546111611,-0.15501438373084495,0.16544557690315487,-0.033650758233789414,0.08497159113547802,-0.11581732263385636,-0.026266844105857882,-0.3541473754671724,-0.12001211261544836,-0.038624899393572346,0.10178900142641985,-0.05203643347225653,0.19287427583294153,-0.10920797838854401,0.041699272446190504,-0.012276773262995163,0.11557188279450789,-0.1271139303046482,-0.02688203746941963,-0.0754823131907976,0.06948019348309413,0.09103746145080445,-0.05368438667931054,0.03174939636143407,-0.07718604817952171,-0.12727808811927738,-0.03218130672807975,-0.10900557020934105,-0.1761253974451944,-0.09331654567332595,-0.1707002207364789,-0.08478671437337137,-0.27205731179625303,-0.0735092318848664,-0.15386368526325017,-0.013204344603909506,0.00489604666544478,0.03320609774561914,0.021012200272533848,-0.06188590235000677,-0.05170493031261704,0.034962426985632206,0.07475396249870507,0.1743770370311342,-0.14896285730223366,-0.045997657165169854,-0.006939253639761254,-0.08943732119946768,0.1624652359967806,0.24414410824853175,0.03893249607535322,-0.0858338181035788,0.15997577476910327,0.03426913912773231,0.1773685342938425,0.09645307556837651,0.06641857055200058,0.013902413757381125,0.31051167831443394,0.2422746216799879,-0.022867342954362532,-0.07009219931627474,0.02630828200081282,-0.10237072572097952,0.14002183458311088,0.09323526364860665,0.027764983384997888,0.1463315509725952,0.28935763293993894,-0.1701376216242061,-0.18440341384503822,-0.17726972085202686,-0.1318043812605089,-0.003455282933165457,0.0460948768417949,0.11299157695096781,0.10650017132975799,0.27692307692307694,-0.20830829793846473,-0.10192765899799983,-0.11176756528460662,-0.22210552319326793,-0.0646319597733666,0.045588059511192214,0.043702635290742614,-0.02716732143853246,-0.15362621424985456,-0.12812278367028185,-0.15471953717058864,0.15841069735195915,-0.003570034026886819,0.02502211349201922,-0.051983839220967575
#49,0.7319127572934679,0.21483795392424834,0.30915219660687393,0.18136729115699385,0.24988166293459985,0.132021133326427,0.09190765724485811,1.0,0.4876857732550263,0.2722182820805011,0.4750360589374367,0.38858226617472447,-0.042287371801512486,-0.06156714931189188,0.05763373682155408,-0.23339256827291635,0.22475595470519327,0.09063902015316083,-0.050273729171481166,-0.1197284224115261,0.23410020001753143,-0.20785088732876986,-0.11284016925786323,-0.0686578106447577,-0.1631457737331559,-0.052707408617488384,0.11374542788610954,0.052914598092263065,-0.15258867311079058,-0.10572082015156707,-0.04282606443592665,0.019475810628820055,-0.05723370175871989,0.10615273051821275,-0.0698196654686865,0.09797990262094686,-0.06557387500099611,-0.11772984086254572,-0.1114504060116823,-0.13630995545426292,-0.23135254882898101,0.009887719242324029,-0.1437416825379117,-0.18756544398313796,-0.19404091195244205,-0.327365745204759,0.02914837157041653,0.137616842910534,0.13061861995872148,-0.0636884507805465,-0.06673732359011547,-0.1295619536373706,-0.09173553060427607,-0.009811218513176454,-0.01890683645578497,-0.11277163735466854,-0.09543465961159943,-0.35776840998015763,-0.25227868578122387,-0.2939237702109348,-0.19798707456430445,-0.00029484656025627744,-0.038127644654113106,-0.2677047390607942,0.13831809959438676,-0.10045820749229016,-0.2506785455298871,-0.33168006757564406,0.15135031755771422,-0.0045964188096167796,0.15315286598825395,0.14372415112081538,0.19659890508331407,0.3768919985018607,0.15773972220672727,0.021154045374494976,0.0485795567739005,-0.17665293372327456,-0.11014670608579238,-0.2197164691725968,0.45958928671038896,0.02525002191427137,-0.12733227613575693,0.5640111882316379,0.30996661061925745,-0.02414235510682211,-0.05928487755898924,0.20278590155312418,0.00634637298886755,0.06137430372383237,-0.008622269681007898,-0.21428332363792843,-0.2653619042306497,-0.19837435950561405,-0.24953262835786402,0.2561722541417973,0.07131621098263592,0.03839539720612962,0.07778211636079656,-0.14381658950186868,-0.07687048267178796,-0.11651857931770912,0.08097761556789838,0.06432755062196686,-0.02986078461060332,-0.17000215158300727,-0.06961885105467411,-0.045447808174421664,-0.12574647977113532,-0.1800030281538621,-0.202397022846624
#50,0.4004111914191682,0.4135740981281228,0.3282901290152922,0.19362175170732096,0.14848950904063304,0.20309509200009562,0.5217859732725577,0.4876857732550263,1.0,0.49778068197212505,0.5485691973001617,0.33582863836670945,0.19351178190917132,0.022618715584632916,0.09436046187315222,-0.17874554741849882,0.2920208145733889,0.23608921897536836,-0.012241710428802524,-0.21782626365657548,0.1490600769788587,-0.10800149813927915,0.08715504944656503,-0.016528938791447855,-0.12604929515734448,-0.2301492561100973,0.019015212488744035,-0.026722660950362184,0.052108152905832386,-0.03005681772904398,0.10779749619488561,0.05464702085441752,0.22757532532731953,0.24227143414960675,-0.024263481261305772,-0.0010295723131111094,0.003273593701439967,-0.08347663938671915,0.10433743196614843,-0.08498752878738375,-0.03172548988357545,0.1267585206671501,-0.012173178525607823,-0.09564344285156468,0.1195913586051367,-0.16847532453043693,-0.14798747300560208,0.013634661205364614,0.043680322578074575,6.693813800412785e-05,-0.017897983090151327,-0.06605200455816844,0.06870721736566551,-0.06857812238522898,0.006668313557363594,-0.08402011331670504,-0.01411438452772753,-0.22901608905959886,-0.1800030281538621,-0.18243670759986932,-0.17794069599725873,0.09491031086390042,-0.04398632549466487,-0.04456804978922455,-0.004913578082541099,-0.038036800038250364,0.11490568894484776,-0.04285634597454757,0.17827698045246992,0.009562591143446837,0.2514323964650288,0.11638789057208201,0.14886404386041804,0.19349106296169385,0.10938807385507893,-0.019989003020185036,0.0914343089832575,-0.05181808764114783,-0.023385316641299236,-0.15080684362772834,0.3132927985719864,0.048154021468017116,0.08955844735395134,0.42332794109443855,0.21554399190367282,-0.12257329327670155,0.04781614324761533,0.14702324506530454,0.00081600777757413,0.05838121269593351,-0.00920080644518643,0.004349385205077736,-0.09141359003578003,-0.05426451720867965,-0.06715648383523655,0.31214050633920104,-0.05143717776060053,0.13269529600204003,0.056691821593924566,0.007423758257695894,0.013778100072516316,0.16696762266015347,0.2789870028448709,0.2512873638326865,0.16818685303094294,0.024339981990453348,0.11626676441759835,0.003405876212257648,-0.1323462614253042,-0.18568001976268836,-0.2405198862051654
#51,0.4108376032959064,0.4066619384966013,0.5148722198758456,0.5514841938337225,-0.08728573819219214,0.32452884316553643,0.5899879670728112,0.2722182820805011,0.49778068197212505,1.0,0.5266437695734287,0.23106407732948706,0.28563778498513814,0.012764465411310951,0.08773358621074358,-0.19695431472081218,0.5834965614516013,0.15837882204814765,-0.22709241447457545,-0.3461323303237734,0.20735522635450118,-0.13412490337798533,0.27593653627011133,-0.14376399525057973,-0.015862744941787726,-0.2624708141749476,-0.10773055805688148,-0.14944576815497773,0.1257161982325144,-0.030409039836160938,0.1878618843085848,-0.06258397150347839,0.039063184820980326,-0.14352811800237472,-0.049226625441273736,-0.17479779104144585,-0.11877535082756258,-0.3212090302735698,0.0676840201133167,-0.20067894397118471,-0.2053136131453753,-0.07532931173250244,-0.18239686347010495,-0.2986333463490824,0.10896253854919555,-0.10850194040911952,-0.3644829427280479,-0.24483102104566934,-0.09632398058793998,-0.12428818462175968,-0.3653802325303413,-0.14120281458932654,-0.04454573707655651,-0.16931205125548854,-0.0041182892524444376,-0.18495645036616756,0.17108591191259792,-0.28034329702204974,-0.08567603534971192,0.06266525352819768,0.19627696451481802,0.18593820972356143,-0.1982755460637984,-0.05342938424881862,-0.1638438428866275,-0.15938926917897187,-0.08871534556813744,-0.16457856863948234,0.01040888045964188,-0.18106288200559412,0.1995139016168748,0.013322283228012016,0.052707408617488384,0.07489740136585676,0.07484161958418666,-0.03685741379722526,0.23990309907641308,0.17547832877782116,0.12243304193993099,-0.051757524563906,0.13507159990118656,0.037373793718971385,0.12436468535090725,0.2575173919626421,0.08768896078540749,0.24397038784275912,0.20844695551004472,0.06632613217094725,-0.11645961000565787,-0.09243997481850999,-0.09089880387922447,0.03633465881471683,0.09110758711918973,0.07298966443273912,0.1590625473149041,0.4544940193961224,-0.22532811640860953,0.12426905943947278,0.010735602323709648,-0.19458916717799968,0.03953972061296209,0.044867677645052555,0.07594609886125477,0.10837284542868299,0.07547275059965415,-0.0011825737714062587,0.020828917275617784,0.19961430882388098,0.004221883989831778,0.00905099251727243,-0.018611989895528692
#52,0.4309238259927165,0.3166253615854776,0.38486879328068596,0.299234195825929,0.0812947748408227,0.20579493023292877,0.3739419391341074,0.4750360589374367,0.5485691973001617,0.5266437695734287,1.0,0.3980173561029254,0.1494473619201683,0.12462128154658975,0.04913099952983927,-0.05710620054347393,0.34055096462638157,0.0844663675700659,0.047801799360900156,-0.13359099203914288,0.05819314840344572,0.046464630366008175,0.10994907920216114,-0.00534867597956793,0.044802333272239,-0.05818039828192113,-0.1577763788061105,-0.01816892317254899,0.05123795711177872,-0.20725641291268557,0.012466431320673526,-0.032353433368661796,-0.044113826709910826,0.060499326634206985,0.02867024201324419,-0.0015204519918080469,0.15117340962156045,-0.03765589015770306,0.07876706324857159,-0.16547585844177579,-0.1580313812366024,-0.11156037580983194,-0.2780594315039565,-0.2420116504235431,-0.08463211914988565,-0.053295507972810366,-0.20298193467156483,-0.007250037851923276,-0.04992628835993593,-0.03613384440070445,-0.243614978205261,-0.32748527759405205,-0.1878507279522508,-0.18903808301922878,-0.1695511160340747,-0.05853899544980038,-0.09297866745292416,-0.11445624716110575,0.05696913673708452,0.012163615934464375,0.0025101801751547946,0.09409908438189801,0.03593781128226378,-0.23549633832447467,0.18372606363904406,0.05378160635593558,-0.03289371976826654,-0.17785303891177712,0.2086477699240571,-0.00037134728940385213,0.11589860465857565,0.12983289371976828,0.07194096693734112,0.1384790698786348,0.02235574432818813,-0.10316442078588561,0.13716580736160142,0.028126768083258293,0.02707010176190742,0.05376407493883926,0.33417909139446483,-0.13082262190311503,-0.11131971726605519,0.32140984468758216,0.23992381802389054,0.08244228577803632,0.14410027970579095,0.038275864816836536,-0.015690618301205682,-0.0643817386384464,-0.12820565946019172,0.054564145064507644,0.10811146793742878,0.12393755627983329,0.08805552677923961,0.2674146737961096,0.11812350086461762,-0.06770473906079418,0.04575540485620254,-0.12797137597717728,-0.11495350190056498,0.025747276653730607,0.04128329973145056,-0.0175314170963192,0.024343169520834495,-0.17645849437002448,-0.1296926423829977,0.12468343838902214,-0.05557937349090358,-0.0015634836519535576,-0.01060491357808254
#53,0.21143207771199068,0.06281506745611169,0.1005554271689152,0.04903218608802365,0.6197355943548837,0.3357505438723713,0.04051510490959367,0.38858226617472447,0.33582863836670945,0.23106407732948706,0.3980173561029254,1.0,0.3982851086549419,0.3299811138824917,0.20586664966650464,-0.16096390918725945,0.058491182494083145,-0.0553785590768912,-0.27254022264899713,0.20045741060969488,-0.006194965295762975,-0.1650678545529887,-0.19696387731195564,-0.15131844225390273,-0.46053438946839964,-0.19520754807194257,-0.13180119373012775,0.1326522643418945,0.17263027038226458,0.16017180788754393,-0.2027349010670258,0.008539393891098025,0.01137788969551116,0.2525990325845293,0.15396090493987521,0.20559092828853526,0.31948298257217767,0.1545171289913857,-0.20674481428651117,-0.29571356851994995,0.1255536341830758,-0.024862736972961774,-0.0357306218074891,0.14509478918470942,-0.15526301110057456,0.07615169457083888,0.15112240913546207,0.3479014096853111,0.4072930695120688,0.12357417781638232,-0.06790077217923483,-0.3499605543115333,-0.22725338475882348,-0.5121771629385843,-0.5485213843444445,-0.3685071998342484,-0.21798245264525176,-0.10581485229781096,-0.21218114735156068,-0.31959295237032725,-0.2342069822852999,-0.02531377252189435,0.5869295316720987,0.28334913817147317,0.0742025197427663,0.06858130991561014,0.38751444349703956,0.17386703217015037,0.3740216273936361,0.5155559451426022,0.32682386503996363,0.23953175178700922,0.15332658639402658,0.26603925443664383,0.37331877694459276,0.02848536525113755,-0.08637888579875527,-0.385651331989258,0.2245678904127055,0.02290878084931747,0.40753532182103613,0.15586704810780228,-0.17281992843994295,0.563287618835117,0.7327303588362326,-0.0626270031636239,-0.041643490664520395,0.2646494911904629,0.34407796699312293,0.34792212863278854,0.05972475675158779,0.07602259959040235,-0.12129190606347967,-0.30744527408776867,-0.38399540995625114,-0.03195817960139932,0.2028894962905115,-0.03973097243583103,-0.03491780156029612,0.07500099610324411,-0.1531241782148236,0.051987026751348725,0.13810772258923093,0.1886731107905872,0.2133031580457251,-0.016068340651371832,0.07480974428037518,0.0713050546263019,-0.11896819641562209,-0.3096032321558065,-0.3635330586744655
#54,-0.006021244889990358,0.05257990740224243,0.172403955725203,0.07251472240594793,0.2584959637896549,0.7916343265146746,0.20538214504857,-0.042287371801512486,0.19351178190917132,0.28563778498513814,0.1494473619201683,0.3982851086549419,1.0,0.33961701822470497,0.11133246738757979,-0.08780371187912885,0.36462000653443727,0.4279434850863422,0.06522324665906971,0.20773294870466735,-0.1637322793232873,-0.09293244826239751,0.3003498314593311,0.06505430754886883,-0.08975288670720143,-0.09772649395564552,-0.08739889552072293,0.033080190295563756,0.7625114551873072,0.5762959303205859,0.42293746862274784,0.21861517742590983,0.41691622373275744,0.3145024663516324,0.46946106830080725,0.10293969989401461,0.3362956115675478,0.2007426945788077,0.2330706277044203,0.08546247081417495,0.346133924088964,0.24993106965550765,0.13004008319454294,0.2655499685231375,0.09583788220481476,0.04598968833921698,-0.09698858067240954,-0.006987066595478488,0.07396345496418012,-0.007943325709823172,-0.07039660846767445,0.008056483038353959,-0.02444357672784069,-0.17577955039883975,-0.025989528962697926,-0.1253735387165409,-0.20115388599797593,-0.10989170365530046,-0.3331925507414993,-0.1826295531879288,-0.06548621791551451,0.060236355377762195,0.3641880961677916,0.5633274629648813,-0.027820765166667996,0.17535242132776577,0.4969965494983624,0.2731713536644646,0.29477165329232047,0.3902780323374957,0.34536732303229767,0.32111021683175417,0.012697527273306823,0.14862497908183187,0.11698874004892859,-0.043299412697527274,-0.11604044976053678,-0.1787662663659763,0.4893719768266541,0.2700826367251313,-0.09270932113571707,0.5333678649124625,0.5123349456924511,0.29917363274868713,0.3872514722405948,-0.04541593287061017,-0.023184502227286855,0.25326044513861773,0.28762521017778453,0.35589573588123263,0.12463721919849549,0.29692004876921485,-0.16899807951294535,-0.16508219843970387,-0.1764999322649794,0.14858194742168637,0.09855365808955367,0.013816350437090104,0.060435576026584004,0.1481548183506124,0.1588123261799839,0.5324275434500235,0.4028735586386058,0.07660910518053375,0.21482839133310488,0.14899951390161686,0.1817195132641108,0.032523966244053265,-0.006008494768465762,-0.32829809784124503,-0.2938584258381213
#58,-0.07225971997545602,-0.008893209763405557,-0.15821785176389963,-0.20315724884252803,0.14725274725274726,0.012023364597693821,0.27043167130186707,-0.06156714931189188,0.022618715584632916,0.012764465411310951,0.12462128154658975,0.3299811138824917,0.33961701822470497,1.0,0.1898094653714668,0.11966307803871255,-0.12873478950346245,-0.147879096972643,-0.17183816908254906,0.03831411518141032,-0.11080493110949964,-0.10127102773948314,-0.09914813250563795,0.027981735450916017,-0.16334818191235886,-0.19077050578138322,-0.044808708333001296,0.09945413542222824,0.10456055909282885,0.01249671285929444,-0.07251153487556679,-0.1121373188088199,-0.10278669843571947,0.0955239104622716,0.21448732558232195,-0.07242547155527576,0.15245479683478233,0.08581309915610133,0.02247368295229064,0.06681382431926304,0.2538118878945565,-0.043213349377236254,0.03876196319996175,0.15732374949198735,-0.06599622277649835,0.09174349943022894,0.1743834120918965,0.18185338954011906,0.14779940871311428,0.0324155902110942,-0.009033461100176112,-0.08239925411789081,-0.1294806716126513,-0.23074691805656272,-0.21229589844528204,-0.12542453920263927,-0.25562559268143026,-0.004948640916733737,-0.05075982755460638,0.04302687884993904,-0.2553020583477436,-0.0072819131557347655,0.3936185641769398,0.366400242252309,0.11152850050602045,0.11984954856600977,0.5807919419231965,0.6306130417805544,0.23606212496712858,0.3010192128393724,0.030324570281060493,0.04456008096327168,-0.03720644837396107,0.19666106192574648,0.0780976818685303,0.07642900971399884,-0.24616022121460845,-0.3084780339312609,0.28825952872363314,0.08911697439616222,0.0013323876993202592,-0.1696387731195563,0.03427392042330404,0.2215461116113763,0.3775916614205229,-0.04200686912797138,0.06080214202041613,-0.12197403756504555,0.15132322354947444,0.20741578943174302,0.10136027859015531,0.061395022671309835,0.016257998709050196,-0.22273346667835428,-0.2818701240746201,-0.1242244340141367,-0.012372399174429631,-0.10370151965510921,0.001568264947525281,0.024222043366350837,-0.05551402911809003,-0.08395955023946322,0.012045677310361864,-0.03556008893209763,-0.007438102144411064,-0.0800771382352238,-0.03305309628732399,0.014358230601885425,0.06109220728510069,-0.2076867295141407,-0.13359099203914288
#101,-0.08454605582959462,0.09251647554765756,-0.29911625720182644,-0.1890556144363251,-0.014433137565842424,-0.038414522388416514,0.05525424539202639,0.05763373682155408,0.09436046187315222,0.08773358621074358,0.04913099952983927,0.20586664966650464,0.11133246738757979,0.1898094653714668,1.0,0.17130903903927835,-0.0991640701575437,-0.2110192925276319,0.25009203993975565,-0.04793248810652727,0.4562599112272789,0.22790045342619672,-0.014755078134338469,-0.15176150897688243,0.2274828869462662,0.05935659699256508,-0.006585437767453721,-0.1484241646678195,0.09637338730884779,-0.002397022846624007,-0.23363800811226482,-0.2443034847675892,-0.2566599462901131,-0.030158818701240746,0.1156149144546534,0.14017483604140601,0.3558925483508515,0.17596761469132752,0.023323159798866833,-0.2862880411828925,0.3599183992222426,0.23197571101849565,0.40804054538644824,0.26644088326466864,-0.05015419678218808,0.09604666544478002,-0.042027588075448846,-0.011301388966363585,-0.0913594020193005,-0.021966865621687957,-0.1651124799783248,-0.16819163432651468,-0.29903656894229774,-0.11455187307254022,-0.020194598729769142,0.15895257751675446,-0.06785774051908933,-0.07749523862649316,-0.30973870219700533,-0.3070946457458423,-0.4593502219318028,-0.4298639721409845,0.28727458183585813,0.29911625720182644,-0.24233199722684856,-0.0773055805688148,0.22719282168158164,0.3303875240060882,0.5920439241686523,0.27582975400234283,0.08768258572464518,0.04860505701694969,0.37852082652662783,0.028192112456071845,-0.18289730573994534,-0.26424945612762873,-0.2510642367060061,-0.4150005179736869,0.4586170899441385,0.2605359832335902,0.2474065455936377,0.041582927587278565,0.3525950481715529,0.06525193443250006,0.11118743475523751,-0.517489182318769,-0.450731139781176,0.1406194965295763,0.03165855174557133,0.16994636980133718,-0.019689375164357037,-0.31717202304584463,-0.37070978332762233,-0.4152093012136522,-0.21843508195937492,-0.03322841045828718,0.030047255137900533,-0.20862545721138906,-0.29194909513981304,-0.09996414028321207,-0.4259289658854561,-0.15094709496449887,-0.21522683263074852,-0.18269808509112354,-0.09356517304305556,-0.21889249256906979,-0.19776713496800516,-0.4855979408553738,-0.3672656567507909,-0.39912183537999346,-0.2983815314489716
#102,-0.18167010654320298,-0.01756010486974954,-0.10620691853469229,-0.010974667102295818,-0.10127740280024544,-0.18219764282128315,-0.009925969606897816,-0.23339256827291635,-0.17874554741849882,-0.19695431472081218,-0.05710620054347393,-0.16096390918725945,-0.08780371187912885,0.11966307803871255,0.17130903903927835,1.0,-0.326028576209867,-0.1075919004853015,0.31557825785527016,0.23848464805680178,-0.32678083337981817,0.30532237885392344,0.008606332029102153,0.28973216775972394,0.16216879567133374,0.21470726517862124,-0.20404338228848742,-0.11153965686235447,-0.01341631537425591,-0.11727721154842258,-0.06989775996302465,-0.3178796547904597,-0.16573882969822057,-0.1545171289913857,0.04672600785726239,-0.2886978141510411,-6.534437281355337e-05,0.09606897815744807,-0.12001051885025779,-0.048909466168349416,0.3913841053797544,0.22156364302847262,0.00584752448421774,0.14162197483444763,-0.24131517503526206,0.05742814111196997,0.015543991903672831,-0.026890006295372502,-0.260574233598164,0.003660878642749564,0.12407940138179442,0.019550717592777055,-0.16062603096685765,0.11881997625289865,-0.24971750511997068,0.11098343281084398,-0.4601965112479978,0.13068396433153504,0.06001800954665349,-0.04038760369434771,-0.11558782044641364,-0.14120281458932654,0.17540342181386417,-0.1481229430468009,0.2514435528213628,0.20979368709608012,0.18972499581636637,0.13351289754480472,0.06073679764760258,0.1921586752623736,0.10449680848520587,0.2325909043820574,-0.12723505645913188,-0.16672377658599558,-0.33015802181864545,-0.21340675278311247,-0.3487811680705082,-0.14950792499741014,0.0499470073074134,0.2275275123716023,-0.15658424244356078,-0.10655914064180924,-0.01984397038784276,-0.38168285666472757,-0.2323295268908032,-0.1394130162803114,-0.0365115667508706,0.07954482066157192,0.2754074062268406,-0.22331678473810454,0.001251105674600961,-0.15567420251974276,0.11162890771302664,-0.015641211580297874,-0.09650088852409375,-0.18181673294073583,0.3105706476264852,0.09808827865390592,0.0324777470535266,-0.009060555108415877,-0.10789949716708237,-0.09943819777032249,-0.24182517989624588,-0.025176708715504946,-0.17791519575420953,-0.020457569986213932,-0.12971017380009403,-0.19781016662815068,-0.1558479229255154,-0.04705591725171131,-0.009269338348381133
#201,0.4151965510921276,0.3218879742447545,0.6774267067232984,0.549635426212656,-0.06522962171983201,0.5202463960984628,0.26734454812772435,0.22475595470519327,0.2920208145733889,0.5834965614516013,0.34055096462638157,0.058491182494083145,0.36462000653443727,-0.12873478950346245,-0.0991640701575437,-0.326028576209867,1.0,0.5998693112543729,0.07248125333694587,-0.1680147263903609,0.023772601582608834,-0.3170381467698364,0.531860163042179,-0.17111938098159998,0.10577341440285602,-0.29234116137669436,0.034143231677676925,-0.08816549657738926,0.3976077584489477,0.06362788770330467,0.675652846066189,0.22303946959494458,0.40007171943357583,0.024920112519822454,0.18533895401190542,-0.1550414777390847,-0.014707265178621233,-0.24078445122680076,0.3691351433193348,0.05525105786164524,-0.15420953230960482,0.011967582816023715,-0.2670895456972324,-0.34030393102184253,0.11292623257815426,-0.23605415614117572,-0.330609057367578,-0.20087178955924423,-0.03871255647905394,-0.12616882754663755,-0.25050960641968617,0.09226944194311852,0.1396265808158484,0.050162165608140956,0.2907155208823084,-0.14659452222904,0.17456191379324085,-0.3578783797783073,-0.12242826064435927,0.10682848695901632,0.15232729561953637,0.2629744439751691,-0.32588832487309644,-0.07085083154698818,0.090129015292177,0.09958641793304593,-0.19469116815019644,-0.35122919140323056,-0.02739522986078461,-0.13981145757795505,0.4102080660456295,0.32953964092470256,-0.1205651491365777,0.30337001649546974,0.17658758935046098,0.14460709703639363,0.26077982930774807,0.22331519097291397,0.04956450366167552,-0.1443202193020902,0.0923395676115038,0.1347369092111659,0.19571595916773582,0.3080397485038529,-0.017638199364087687,0.08907234897082612,0.10836168907234897,0.10577022687247488,-0.05290184797073847,-0.0514451465865534,0.0621966865621688,0.1527321119779423,0.009525934544063624,0.0940496776609902,0.03898668409183275,0.7782211986707999,-0.1772362517830248,0.38634302608196736,0.26706882674975496,0.06395460956737244,0.3540023428348301,0.5314617217445354,0.41040250539887957,0.29019914096056226,0.25279028440739826,0.2521511845659779,0.199464494895967,0.20248467993210562,0.13634023699288383,-0.07590625473149042,-0.13535050880953708
