,#10,#11,#12,#13,#17,#18,#26,#49,#50,#51,#52,#53,#54,#58,#101,#102,#201,#202,#301,#302,#401,#402,#501,#502,#601,#602,#701,#702,#801,#802,#901,#902,#1001,#1002,#1101,#1102,#1201,#1202,#1301,#1302,#1401,#1402,#1501,#1502,#1601,#1602,#1701,#1702,#1801,#1802,#1901,#1902,#2001,#2002,#2101,#2102,#2201,#2202,#2301,#2302,#2401,#2402,#2501,#2502,#2601,#2602,#2701,#2702,#2801,#2802,#2901,#2902,#3001,#3002,#3101,#3102,#3201,#3202,#3301,#3302,#3401,#3402,#3455,#3501,#3502,#3601,#3602,#3701,#3702,#3801,#3802,#3901,#3902,#4001,#4002,#4101,#4102,#4201,#4202,#4301,#4302,#4401,#4402,#4501,#4502,#4601,#4602,#4701,#4702,#4801,#4802
#10,1.0,0.6965805767836225,0.6185195515144754,0.5833563101148308,0.28708014248260805,0.21204089601479015,0.366497461928934,0.6903346110017611,0.48409023898509035,0.6215046737164214,0.5089816637314825,0.13324833252316937,0.44725832543091426,0.16027062132935954,0.08363123461020489,-0.01689709855047056,0.44208336985711894,0.36172732271354463,-0.11201938018471738,0.12364430348476758,0.01898652471531369,0.17539704675310186,0.24002422523089673,0.2302432882563412,0.07600984946887775,0.16913673708452534,0.04654591239072747,0.45085704723123143,0.31986229868753435,0.23632828375395454,0.25239184310975465,0.26111930129334043,0.3418323518396035,0.27295619536373705,0.10197069065814533,0.161864386519934,0.0897736056546789,0.18730406649188375,-0.2589740933468272,0.06895265720501398,-0.15556901401716486,-0.011733299333009269,-0.21658631433830855,-0.06683294950154994,-0.1665229621719832,0.06163886874546773,0.2060499326634207,0.36028655898126527,-0.034085856130816244,-0.11586035429400186,0.23908071623807664,0.09014654670927333,0.1306807768011539,0.05736917179991872,-0.27761477101578624,0.09327670154356159,-0.48141590099530635,-0.11967742192542773,-0.24623512817856547,-0.2595239423375754,-0.10051877056953198,-0.04073663827108352,0.22337256651977463,-0.0032990939444891582,-0.05905059407597479,0.06908493971583167,0.4836933914526373,0.31804540637027945,0.44283403326187953,0.3805321581971328,0.5577684099801576,0.48227972172859773,0.02445951437974643,0.056078221995553394,-0.09619488560750344,-0.342646765851987,-0.120271896341512,-0.1905983791408012,0.42828614460231573,0.19934018121110217,-0.07627600825570369,0.15860513670520923,0.1477691271744934,-0.10279944855724406,0.18187888978316824,-0.3036568942297731,-0.03063057319765079,0.022899218258174023,0.17159910430396288,0.0008526643769573429,0.20985425017332196,-0.05572759365362701,-0.013314314402059145,-0.17274024018041423,-0.09496609264557053,0.10313254548207412,0.23666456820916573,0.2344444532986955,0.3437464638334834,0.4118177688881097,0.30514547091776967,0.1062499501948378,0.10549609925969607,0.36608467674457523,0.29324801377013127,0.46980372781678076,0.30139056012877624,0.016717003083935644,-0.18641633928073376,-0.1962164014375762,-0.15245957813035405
#11,0.6965805767836225,1.0,0.5514427559387676,0.4224370263529074,0.21892755540326245,0.07594928639163592,0.49674473459825164,0.521256843229287,0.5120974746790555,0.6313812366024114,0.5622867342954363,0.10338436038218489,0.3354429471905904,0.2230761261943278,-0.0018392050299229415,0.0977647443202193,0.2657842520061519,0.33216775972395984,-0.16339918239845724,0.1900166548462415,-0.05687669835603121,0.09903338141191659,0.2110830431352549,0.045596028337145086,-0.025597462725816606,0.10850512793950068,0.07482568193228091,0.3638948433727259,0.25119811298201433,0.2663484448836153,0.19857358015443585,0.2972658958155695,0.24105379754400785,0.3471762465235997,0.15392902963606372,0.24791336292424038,0.14385005857087074,0.21013634661205366,-0.05622006709751452,0.06269234753643746,-0.07400329909394449,0.09879272286813984,-0.1839667221828208,-0.07108192749962149,0.0026488377467347736,0.07274741212377181,0.07493405796523998,0.26389245272494005,0.06047382639115779,-0.1290933866713417,0.09189012582776179,0.0825060363856593,0.08491899688418905,0.2102080660456295,-0.13233669883416077,0.054132234697861964,-0.3765557140466495,-0.1811505390910757,-0.1972778490544988,-0.17804907203021778,-0.2712907107395867,-0.2351680226952163,0.15464941150220338,-0.011718955446294097,0.0034409390464502864,0.19692403318219126,0.2896811672736256,0.3485229781096351,0.280274765118855,0.372905991760234,0.4138020065503749,0.4070667548550072,-0.12642701750751062,-0.23077560582999307,-0.0782602459179689,-0.35620652009339465,-0.2510706117667684,-0.38153463650200414,0.3548900700459801,0.21431838647212106,-0.01773541904071273,0.17995202766776372,0.09485293531703974,-0.08527918781725888,0.06281028616053996,-0.38965805767836226,-0.23679525695479284,0.10443305787758289,0.13165775486297604,0.1337710875056778,0.26538899823888945,-0.06846018376112648,0.03553299492385787,-0.25635713090390394,-0.1493485484783527,0.20530405055423184,0.16813585254484456,-0.03196455466216162,0.2294384368351011,0.2543808620675916,0.21388806987066594,-0.007833355911673534,0.21533042736813585,0.214884173114775,0.18244467642582218,0.28483133979870745,0.28084214552669956,-0.14907442086557388,-0.1773796906501765,-0.1868896875423344,-0.05243965606547187
#12,0.6185195515144754,0.5514427559387676,1.0,0.7049462502689479,0.2971208631832272,0.38831451362270797,0.11220744447720517,0.2378790172843835,0.24334563188805394,0.5980779191801672,0.28515806166277524,0.14607336101172214,0.3898046840758951,-0.06991688514531154,-0.0930886372510738,-0.058091147431248956,0.6337495716756051,0.6980930599494777,-0.1503589956091769,-0.012066396257839333,-0.18155535544948162,-0.03875080684362773,0.35574432818812807,0.35088653188725705,0.23973734749659334,0.2513463331447378,0.3619265433623664,0.698410219222402,0.2750774968323917,0.16896779797432443,0.4200017531417096,0.2943413366908653,0.38846751508100313,0.31996748719011225,0.059237064603272,-0.02274940433026002,-0.002620149973304433,-0.036878132744702724,-0.06336172891647873,-0.09996095275283093,0.005093673549076015,0.09773127525121723,-0.2793456000127501,-0.17559148610635195,0.10699583230402665,0.18645937094087928,0.4418203986006742,0.3293866394664074,0.19817513885679222,0.09720055144275594,0.46006422873718017,0.2972069265035182,0.38548558040943826,0.3852959223517599,-0.03378782204017882,0.05005219580999131,-0.41759038640837043,-0.2668425120926934,-0.027723545490042953,0.04755954705193284,-0.14321892755540327,-0.15345249384408194,-0.12614332730358838,-0.18346309238259928,0.1844050076102288,0.320357959661803,0.16850082477348613,0.05783614500075704,0.12181784857636925,0.13914207619791377,0.25601287762273983,0.23023372566519776,-0.22499023818820774,-0.1275777159751054,-0.35906414108009466,-0.542496951924073,-0.4486417136163329,-0.3351943198208608,0.3004103945365729,0.21674569085736597,0.0362677206767127,0.21481723497677088,0.06794221007418977,0.012866466383507719,-0.143673150634717,-0.296024352732112,-0.11586035429400186,0.19774322849014656,0.25918287658679245,0.028361051566272742,0.14526213452971973,-0.0013483253512260038,0.2581118663787264,-0.2227828733992621,-0.04596418809616779,0.3940616308999195,0.46371076349321455,0.4097634055574592,0.5205045860593359,0.3761636478097682,0.5007801480607862,0.21977703224983863,0.3145725920200177,0.39262405469802136,0.2781980890755365,0.3232745499605543,0.4044625425336085,-0.21545952234857238,-0.3037971455665437,-0.15105706476264852,-0.03515208504331057
#13,0.5833563101148308,0.4224370263529074,0.7049462502689479,1.0,0.17768728733195738,0.3859955852704221,0.0965534827753827,0.31843747260716077,0.19879670728111629,0.6805090486018694,0.29629369904931907,0.0479675509407199,0.3632525560009244,-0.05710938807385508,-0.16384703041700865,-0.11889010192128394,0.4360063431854585,0.3819745156946027,-0.2559379706587828,-0.1285132561419726,-0.1220824135980046,-0.10920797838854401,0.1728278972658958,0.2179983902971575,0.1380232530341305,0.07732948704667342,0.22965200137063807,0.47117277211548425,0.045098773597685854,0.1938066284694276,0.3946449489596698,0.10931157312593136,0.4125987138314912,0.14871582369769462,0.02450892110065424,0.004585262453282758,-0.05566065551562288,-0.027058945405573395,-0.13607726573643905,-0.008094733402927747,-0.029709376917498746,0.027382479739260016,-0.12675055184119724,0.000698069153471619,-0.020934105778195697,0.06863231040170852,0.4665811346014392,0.3976587589350461,0.22461889089880388,-0.03610834415765525,0.29085895974946013,0.13515925698666814,0.2030217788013292,0.029043183067838617,-0.1343448429742846,-0.02307931372470894,-0.356396178151073,-0.13480544111436063,-0.018435081959374926,-0.028251081768123104,0.017177601224011668,0.05144674035174398,-0.009508403126967303,-0.020675915817322633,0.22294862497908183,0.2845285244124983,0.1792539585142921,0.04134705033907354,-0.06429248778777423,-0.04864968244228578,0.013411534078684187,-0.010188940863342605,-0.2693208169640367,-0.043471539338109315,-0.32769246706882676,-0.514462622221868,-0.16712062411844864,-0.1444588768736702,0.1908597566320554,0.117949780458845,-0.23698650877766178,0.09252763190399159,0.04244674832056993,0.07018145016694691,-0.08142865111683095,-0.1343129676704731,0.031194766075114153,0.03192471053239726,0.2652614970236435,-0.016235685996382154,0.13803122186008335,-0.036935508291563404,0.0007124130401867893,-0.08123102423319972,0.032495278470622925,-0.020078253870857207,0.2677732709639889,0.41597430850512795,0.4661253177569349,0.43760807720198586,0.517167241750273,0.1201842392560304,0.12608913928710883,0.4915203723035485,0.33507159990118657,0.40732016352030853,0.3382894118209564,0.009615185394735793,-0.08787861884308584,-0.06063798420578696,0.03479667540581246
#17,0.28708014248260805,0.21892755540326245,0.2971208631832272,0.17768728733195738,1.0,0.4751635601526827,0.01816254811178669,0.2698802285459283,0.2784993106965551,0.018873367386782906,0.28446477380487534,0.5943867589987967,0.40956099737825624,0.07494043302600228,0.1397875511000964,-0.0673541107188678,0.23746304456964357,0.2777247408139359,-0.19472941851477021,-0.09107571181537824,-0.08799018240642606,0.0625775964427161,0.03761604602793871,0.07897584648853684,-0.07197602977153376,0.19189889153630996,0.04166580337718844,0.20191570575907053,0.29425527337057433,0.26604084820183443,0.17058068834718582,0.3466311788284232,0.13311126871677995,0.41005028329176263,0.3485102279881105,0.3370096183729251,0.12862960100088455,0.34883376232179714,-0.03690522675294249,0.28015045143399026,0.1280080325765605,0.3398560830032911,0.0989010989010989,0.330886372510738,-0.03396154244595144,0.004237821641737523,0.002980340906374264,0.1325279506570297,-0.00017690793615376648,0.012107834152794268,0.3352293826550534,0.0689956888651595,0.28070348795511957,0.09002382678959908,0.022202742869892978,0.2743858027396824,-0.279877917586402,0.0861270708986445,-0.2656169066611416,-0.12250794890388798,-0.28084055176150896,-0.25956538023253034,0.2331710349114265,-0.057182701272621504,-0.14514260214042665,-0.15291858250523951,0.041702459976571654,0.11477978149479237,0.11591135478010024,0.09043183067838616,0.08462415032393278,0.02885990007092255,0.24742088948035285,0.1221015387802915,0.05044266828168206,-0.12592020017690794,-0.23968156571492322,-0.30637745141008377,0.2516842113651396,0.23878746344301094,0.38137844751332783,0.6554454972148953,-0.05336244611081449,-0.016431719114822812,0.31563722716732145,-0.2681223055407247,-0.2867438580273968,0.2548111786690467,0.3060698547283029,0.34088406155121165,0.35424459514379747,-0.21070213325470757,0.05258309493262358,-0.2312792356302146,-0.3554351377411566,-0.05179896245886094,0.2011363545808796,-0.05414657858457714,0.007490696395700021,0.12151662695535066,0.18440182007984762,0.0800771382352238,0.28682832758249727,0.1792459896883392,0.10352939301452717,0.19551195722334228,0.2562551299317072,-0.25354732287292114,-0.13683111667158077,-0.3186478496123166,-0.10136187235534588
#18,0.21204089601479015,0.07594928639163592,0.38831451362270797,0.3859955852704221,0.4751635601526827,1.0,-0.034752049980476374,0.10537178557483126,0.1522205133517679,0.22380128935603918,0.3428125174318068,0.4784084660806923,0.5016790316282702,0.010542756735650137,-0.15527257369171799,-0.22933324833252317,0.5542143136051766,0.4713433049908757,-0.23243790292376224,-0.4167074404927922,-0.2856840041756648,-0.3789973623186096,0.012866466383507719,0.09193793878347903,0.08635497932089665,-0.009758624261887497,0.09125102598634144,0.1950497653180757,0.09322091976189148,0.15198941739913457,0.24504299181601574,-0.03211277482488505,0.22385388360732814,-0.052600626349719896,0.07651826056467101,-0.11207994326195922,-0.08562822239399469,-0.09893934926567269,-0.07949382017547355,0.001263855796125557,0.25517455713249765,0.3430165193762003,0.20026615878682594,0.3954354564941947,-0.017856545195196392,0.028907713026639786,0.05254165703766864,0.22204496011602612,-0.05973591310792181,-0.007398258014646702,0.33785431392392956,0.2189482743507399,0.1707002207364789,-0.009062148873606452,-0.10628979432460216,-0.1864211205763055,-0.3636270908207094,-0.2020416132091259,-0.07996876220226475,0.1330762058825873,-0.002593055965064667,-0.02119070197387819,0.10862306656360318,0.062413438628086924,-0.02710357083090948,0.05616109778546327,-0.054450987735976855,-0.1553283554733881,-0.1637004040194758,-0.39075616189466805,-0.00011793862410251097,-0.1487301675844098,0.059310377802038426,0.06408689207819011,-0.1590003904724717,-0.3737028743555212,-0.157519782610428,-0.20208942616484313,0.14054777709600044,0.04461586274494179,0.1304560559092829,0.4274047924519281,-0.056401756329240015,0.270237231948617,0.15134075496657076,0.1138043971981608,0.0029086214727984125,0.18023571787168596,0.29274279020471916,0.2744081154523504,0.2740032990939445,-0.15146825618181672,-0.026458095928726822,-0.06028416833347943,0.009769780618221518,0.10449202718963416,-0.023345472511534876,0.29523862649315874,0.14639689534540876,0.21242499342571858,0.3780713847428858,0.36160460279387036,0.2321095872945039,0.20643562383953973,0.2868872968945485,0.21689869231566114,0.2768880140888843,-0.030058411494234553,-0.12578951143128084,-0.004207540103116608,0.07425352022886468
#26,0.366497461928934,0.49674473459825164,0.11220744447720517,0.0965534827753827,0.01816254811178669,-0.034752049980476374,1.0,0.42628118799257303,0.44006725689104226,0.46256165879081035,0.5100287674616899,0.07754145781701982,0.339489517009459,0.5941461004550199,0.18542023603662472,0.03518077281674091,-0.05595231454549801,-0.07502809011148387,-0.1457514204432261,0.30979767150905657,0.10185912709480512,0.18667134171122568,0.15942911330873621,-0.14156619305277754,0.002052769565459921,-0.04439592314864251,-0.08981663731482441,0.08104933500147424,0.23811011323701678,0.3194431384424133,-0.003866474352333671,0.0877877742272231,0.08743555212010615,0.13872929101355497,-0.011084636900445458,0.08004048163584059,0.10214441106391796,0.21055231932679358,-0.11151575038449585,0.1304417120225677,-0.17570304966969216,-0.02595605989369586,-0.23190877288049153,-0.08956322864952307,-0.028550709623951103,0.05603359657021731,-0.09746511646439131,0.1697439616221342,0.08255703687175768,-0.08534134465969129,-0.0917466869606101,-0.04189530556463116,-0.18395875335686793,0.026217437384950075,-0.23173824000510004,-0.004386041804460949,-0.22344269218815993,-0.08329973145056539,-0.09305676194726231,-0.28835196710468647,-0.07307572775303015,-0.08210600132282511,0.331399564902103,-0.019303683988238014,-0.3001649546972245,-0.04846480568017914,0.4733657930177147,0.5098167966913435,0.39240092757134093,0.3624461108144937,0.3531879288224466,0.2519774641602053,0.05193283873486919,-0.17077034640486416,0.09558766106989457,-0.10624835642964722,0.08542740797998231,-0.14873973017555323,0.4373036680505861,0.1460255480560049,-0.10671373586529496,0.054337830407446074,0.32235654121078344,0.05060523233112066,0.18861095394815483,-0.22116360796563841,-0.10709623951103284,-0.13229844846958697,0.04255990564910072,-0.015512116599861342,0.009597653977639474,-0.17827698045246992,-0.13273035883623266,-0.08262716254014296,0.01074357114966252,0.05124273840735045,-0.039464813649005094,-0.20551124002900653,-0.08611113324673876,0.029304560559092828,0.005072954601598546,-0.3138665540405932,-0.1170811784299819,0.057240076819482184,0.07244778426794381,0.06779877120703806,0.09072508347345186,0.07565603359657022,-0.23322841045828718,-0.057528548318976164,-0.04899871701902159
#49,0.6903346110017611,0.521256843229287,0.2378790172843835,0.31843747260716077,0.2698802285459283,0.10537178557483126,0.42628118799257303,1.0,0.5627011132449856,0.4865605750304808,0.572403955725203,0.13570910597741634,0.4174915729665548,0.178834798269171,0.2111754815163082,-0.13081465307716214,0.1818502020097379,0.16396656280630176,-0.1566591494075178,0.03142745579293803,0.20122241790117062,0.13316705049845007,0.09221844145702014,0.062269999760935224,-0.04583509311573126,0.10049486409167338,0.015494585182765024,0.18342484201802547,0.10458605933587804,0.06145717951374224,0.3211086230665636,0.17022687247487828,0.37483126011044793,0.2000685319031947,0.13700324331216282,0.10090924304122274,0.18517001490170454,0.1812636964196065,-0.10521400282096438,0.16697399772091578,-0.17629752408577645,-0.03196455466216162,-0.10929882300440676,-0.08630238506960769,-0.38296583764314,-0.10791702858417869,0.0626891600060563,0.20824454733084174,-0.11740311899847795,-0.2199603152467547,0.005603678410059846,-0.06468933532022728,-0.050646670226075594,-0.07825068332682546,-0.22984484695869759,-0.016089059598849303,-0.378696140697591,-0.08024926487580585,-0.3499525854855804,-0.29262485158061663,-0.09175146825618181,-0.0740718309971392,0.35059168532700075,0.035862904318306785,-0.13570273091665405,-0.08605375769987808,0.4452565563515527,0.2773167369251488,0.44137095681693217,0.25518093219326,0.46327885312656886,0.39443935325008567,0.20080963271681182,0.0913657770800628,0.08356429647220075,-0.1323717616683534,0.0641315175035262,-0.09651682617599949,0.2936161735291539,-0.07140705559849868,-0.03328737977033844,0.05002988309732327,-0.003496720828120393,0.09132274541991728,0.345043788698611,-0.29656145160133557,-0.10347201746766649,-0.1763437432763031,-0.02789407836543442,0.037604889671604684,0.09614547888659564,-0.28428786586872157,-0.25977575723768614,-0.2245678904127055,-0.2287068986126274,-0.06237837579389428,0.008784833730446494,0.013548597885073592,0.2106511327686092,0.2410378598921021,0.1936870960801345,0.19272764943540868,0.2464933181394385,0.3267521456063878,0.3537935595948649,0.3904995656989856,0.35059487285738195,0.037110822462526595,-0.111069496131135,-0.28284550837125166,-0.21895146188112105
#50,0.48409023898509035,0.5120974746790555,0.24334563188805394,0.19879670728111629,0.2784993106965551,0.1522205133517679,0.44006725689104226,0.5627011132449856,1.0,0.5326140139773207,0.5463634262764067,0.05269147096558264,0.43084413773318775,0.4867072014280136,0.14784403413845038,-0.19496370199778468,0.4109077289642917,0.26250587700914024,-0.018573739530954904,0.23300528333160675,0.3915147941253815,0.07744583190558535,0.31403708691598464,0.05154714755875017,0.1146156236801632,-0.09262485158061663,0.20032990939444892,0.10820709384886325,0.2952928145096383,0.19295077656208912,0.05308672473284511,0.12332236291627155,0.2537545123476958,0.11988301763501183,0.00041756647993051186,0.15244682800882947,0.24672282032688125,0.1985448923810055,0.17654774522069663,0.06393548438508555,-0.30275641689709853,-0.11619982627959423,-0.1451011642454717,-0.1088589438118082,-0.17494122990859756,-0.08668010741977385,0.06581931484034458,0.16500888524093746,0.0506147949222641,-0.21978978237136323,0.00890117858935843,0.05055104431464112,0.006062682784945294,0.22726135358477637,-0.01157711034433297,0.08946282144251687,-0.23628365832861845,-0.10996979814963861,-0.37886507980779194,-0.3281690028608085,-0.07445911593844878,-0.06799799185585988,0.307634932145447,0.08058395556582648,-0.15898285905537538,-0.006762345703607488,0.40062794348508635,0.3228872650192447,0.5245766561212537,0.1557156404146977,0.5487349488799815,0.26116870801424824,0.14388830893544455,0.04412498306624485,0.2126991210384974,-0.07908422252149591,-0.00157145247790643,-0.15483269449911943,0.395378080947334,-0.008617488385436174,-0.07550781343384678,-0.025254803209843094,0.2901226402314147,0.13795631489612636,0.4607909856640821,-0.1231247360326403,-0.07853596729593829,-0.23902971575197826,0.023861852433281004,-0.11241622771717043,0.03431057702268725,-0.2067049701567468,-0.23829817752950458,-0.29844209452621345,-0.11140737435153679,0.24087051454709177,-0.10977854632676967,0.09509518762600706,-0.07082851883432013,0.036557785941397254,0.08030982795304768,-0.07127955438325272,0.1597622102335663,0.09008917116241265,0.11631457737331559,0.1280255639936568,0.17325821386735094,0.03009984938918949,-0.03222752591860641,-0.30601726047701394,-0.34339264796117586
#51,0.6215046737164214,0.6313812366024114,0.5980779191801672,0.6805090486018694,0.018873367386782906,0.22380128935603918,0.46256165879081035,0.4865605750304808,0.5326140139773207,1.0,0.5049414689733761,-0.12686052163934688,0.4627895672130625,0.19076094319023978,-0.04439114185307079,-0.10533672274063863,0.4760751938416913,0.3162651706524078,-0.10182087673023134,0.055215995027452607,0.1240873702077473,0.05874618492457506,0.35072556160300905,0.10460040322259322,0.17436906820518133,0.10119771454071672,0.2817999984062348,0.4087848337304465,0.17150825968810016,0.2546836774538007,0.33217732231510333,0.18452932129509358,0.32999705153439746,0.1868195618739491,-0.0363426276406697,0.05403660878642749,0.08223987759883336,0.028824837236729912,-0.0193355592920495,0.039842535999171244,-0.17935914701687,-0.06480568017913921,-0.31925985544549723,-0.1768425917809529,0.008615894620245599,0.08400895696037103,0.3446453474009674,0.3021268796468216,0.1733904963781686,-0.11839603471220585,0.13798500266955668,0.14014136697240395,0.12745658982062172,0.13699527448620993,-0.03209205587740758,-0.08670560766282304,-0.24098367187562256,-0.2243065129214513,-0.09071233335192726,-0.13604060913705585,-0.09245910000079688,-0.09582991337886189,0.038393803440939046,-0.02489779980715441,0.09025651650742296,0.21212058427431887,0.45710620054347395,0.28066045629497405,0.2072914757468782,0.15407246850321543,0.23621512642542375,0.12210472631067265,-0.10632007586322308,-0.14904573309214353,-0.1381045350588498,-0.4457394672042968,-0.17664177736694053,-0.23410020001753143,0.3797814947923722,0.11957542095323095,-0.2815465897409335,-0.09614547888659564,0.22450254603989195,0.09778546326769677,-0.020366725370351186,-0.26459849070436453,-0.08951222816342468,-0.17511016901879847,0.14400465379435648,-0.1428794555698109,0.007299444572831085,-0.17408059670568735,-0.04761054753803122,-0.2463945046976229,0.014960673843922575,0.26078779813370095,0.13682155408043734,0.27136083640797204,0.2542278606092964,0.19412378774235192,0.3441209986532684,0.03039788347982692,0.16169225987935198,0.16996708874881464,0.19016965630453667,0.21978818860617266,0.2633139159607615,-0.058056084597056315,-0.21610340348556448,-0.15574592195331863,-0.1336515551163847
#52,0.5089816637314825,0.5622867342954363,0.28515806166277524,0.29629369904931907,0.28446477380487534,0.3428125174318068,0.5100287674616899,0.572403955725203,0.5463634262764067,0.5049414689733761,1.0,0.29400186470527295,0.5691797687446708,0.3281833467475237,-0.02585246515630852,-0.13218688490624675,0.28223350253807106,0.21647475077496833,-0.32120584274318864,-0.09572472487628397,-0.0852775940520683,-0.020244005450676953,0.08479946449489596,-0.20253727418339457,-0.06746726804739858,-0.053939389109802456,-0.043468351807728164,0.11926941803664066,0.2864952306576672,0.2670305763851812,0.11247360326403111,0.05180055622405151,0.18211795456175442,0.0824183793001777,0.08940703966084677,0.12933085768473732,0.13070149574863135,0.1266453633386193,0.004496011602610588,0.18264708460502513,0.01694650527137837,0.19575580329750017,0.03447154730693527,0.1425367960538374,-0.14500713209922783,-0.12841444270015698,-0.11085593159559802,0.24653634979958403,-0.08961263537043088,-0.15113515925698667,0.04984341257002606,-0.013446596912876826,-0.13193347624094542,-0.05444620644040513,-0.17688243591071728,-0.19283283793798658,-0.32422762154451784,-0.1477117516276327,-0.1557028902931731,-0.2011363545808796,-0.076967702348413,-0.03846392910932432,0.4083369857118951,0.15766003394719855,-0.11963120273490106,0.08189403055247871,0.18022934281092368,0.24440707950497653,0.23414960673843924,0.13196216401437577,0.34484297428459865,0.28071942560702534,0.16529895050562202,0.03746463833483413,0.02509702045597622,-0.2003362844552112,0.12781040569292926,-0.07362876427415949,0.5222672903601112,0.1464702085441752,-0.012523806867534206,0.19799185585987616,0.2247671110615273,0.026142530420993074,0.2437472607160787,-0.16555554670130448,-0.09375801863111508,-0.08244228577803632,0.011548422570902628,0.14037883798579956,0.22427782514802094,-0.17521535752137637,-0.24052944879630883,-0.14243957637721236,-0.10329670329670329,0.045078054650208386,-0.05988891456621696,-0.03662472407940138,0.037168198009387275,0.20454701208870896,0.15142841205205237,-0.02729163512339727,0.11307764027125884,0.17258883248730963,0.11001282980978412,0.14762250077696054,0.19289021348484728,0.0189673995330268,-0.08869303285546941,-0.06440086382073329,-0.16202376303899146
#53,0.13324833252316937,0.10338436038218489,0.14607336101172214,0.0479675509407199,0.5943867589987967,0.4784084660806923,0.07754145781701982,0.13570910597741634,0.05269147096558264,-0.12686052163934688,0.29400186470527295,1.0,0.4871263616731347,0.19832654654989681,0.1438659962227765,-0.0966538899823889,0.14688299372853397,0.11641498458032178,-0.04463817545760983,-0.23512977233064253,-0.15494585182765022,-0.2122114288901816,-0.11754018280486736,-0.06355935580010998,-0.09891703655300464,-0.04214712046474193,-0.08186215524866722,0.028415239582752272,0.32106877893679925,0.2623799695590849,-0.0915028408864522,0.15004821139701488,0.05701694969280176,0.04075735721856099,0.33671795934305,0.15629895847444797,0.12249679254755397,0.17058068834718582,-0.06425901871877217,0.15444700332300043,0.1536819960315247,0.38898389500274927,0.16789200647068667,0.3432731155718828,-0.05260859517567277,-0.02922646606475468,-0.12662464439114185,0.02014359824367076,-0.16087784586696843,0.07751914510435177,0.2703679206942441,0.05797958386790874,0.14829506968738296,-0.07197602977153376,0.031389205428364236,0.015252332873797703,-0.2752320920558774,-0.017598355234323328,-0.3469132752671549,-0.23369857118950665,-0.17713743834120918,-0.15829116496266604,0.3665930878403685,-0.09019276589979998,-0.052364749101514875,-0.04944018997681072,-0.13232873000820788,0.023705663444604706,-0.002693463172070859,-0.019482185689582352,0.04864649491190463,0.0732908860537577,0.31252779128051067,0.14764003219405686,0.03824239574783447,-0.1090964148252038,-0.08971144881224649,-0.26686960610093313,0.23991744296312825,0.17088987879415726,0.4913418706022042,0.62016909848672,-0.08873606451561492,0.05921634565579453,0.27091139462423003,-0.0006375060762297891,-0.17276892795384455,0.3307174334005371,0.32233104096773424,0.39350381308321847,0.2852775940520683,-0.23984094223398067,-0.09675429718939509,-0.16472678880220576,-0.3428523615615711,-0.06503358860139136,-0.03909984142036354,-0.16998462016591095,-0.08503693550829157,0.22847102136442238,0.02441967024998207,-0.04253281164086095,0.1768553419024775,0.16417215851588585,0.08091705249065655,0.2049183593781128,0.10537019180964069,-0.1622086398010981,-0.11726446142689798,-0.1527066117348931,-0.11350955063790452
#54,0.44725832543091426,0.3354429471905904,0.3898046840758951,0.3632525560009244,0.40956099737825624,0.5016790316282702,0.339489517009459,0.4174915729665548,0.43084413773318775,0.4627895672130625,0.5691797687446708,0.4871263616731347,1.0,0.3866474352333671,0.21377013124656344,-0.2242746376176398,0.4872953007833356,0.25824096135916297,-0.09371179944058841,-0.09264557052809409,0.08889225350429121,0.01833308098717816,0.060937612061614965,-0.019821657675174718,-0.03558399540995625,0.06560893783518874,0.05635713090390393,0.2862513845835093,0.5273928392129987,0.2317605527177681,0.053402290240578854,0.19148291882157,0.20901114838750806,0.008593581907577556,0.1639251249113468,0.02476551729633673,0.1647427264541115,0.1474057487110424,0.09478918470941676,0.3155957892723665,-0.12993967598753675,0.023246659069719258,-0.14419112432165368,0.03293197013284033,-0.1789479555977018,-0.044368829140402744,0.14683358700762617,0.271787965479046,-0.21118026281187993,-0.23268653029349187,0.1558032975001793,0.04897640430635355,0.0013196375777956633,0.0188924925690698,-0.08125014941548661,-0.10984389069958322,-0.3340229024057886,-0.10589454055733968,-0.37290121046466224,-0.2981584043222912,-0.07553331367689599,-0.015886651419646344,0.4293667174015252,0.11381555355449481,0.0366550056180223,0.12389133708930664,0.19600283690203923,0.2963478870657986,0.2886930328554694,0.12053168006757564,0.2740032990939445,0.2196973439903099,0.4059670568735108,0.24271290710739588,0.11848528556287802,-0.21043756823307222,0.059769382176923874,-0.16287483365075822,0.5943596649905569,0.16890245360151088,0.19470869956729275,0.2052642064244675,0.3167209874969121,-0.01711225685119811,0.25669979041987745,-0.1106073042258684,-0.09813768537481372,-0.05272972133015643,0.12972292392161863,-0.010955541920008926,0.12136840679262724,-0.19087410051877057,-0.2699296352668361,-0.23573221557267968,-0.18311405780586346,0.020459163751404507,-0.03256859166938935,-0.005860274605742336,0.07442245933906558,0.1883304512746137,0.25555068571747325,0.009328307660432389,0.29219294121397094,0.12443799854967368,0.07910494146897337,0.21260349512706292,0.2764688538437632,0.005324769501709313,-0.11585876052881129,-0.19339543705025938,-0.2705097657962052
#58,0.16027062132935954,0.2230761261943278,-0.06991688514531154,-0.05710938807385508,0.07494043302600228,0.010542756735650137,0.5941461004550199,0.178834798269171,0.4867072014280136,0.19076094319023978,0.3281833467475237,0.19832654654989681,0.3866474352333671,1.0,0.04348747699001506,-0.09786037023165377,0.07447505359035453,-0.044729020073472577,0.11757843316944115,0.30573994533385396,0.1990580847723705,0.06024591796890564,0.06847293388265106,-0.16721146873431136,0.04530436930726996,-0.24007681948218568,-0.004468917594370821,0.019966690307516993,0.4281267680832583,0.24957087872243783,-0.2968339854489238,0.035308274031986865,-0.07688960785407487,-0.015805369394927046,-0.05950162962490736,0.1339272764943541,0.14559204392416866,0.22306815736837493,-0.004269696945549012,0.18462335344133748,-0.3072827100383301,-0.04060754329064699,-0.14303723832367776,-0.04131198750488091,0.007536915586226681,-0.07173696499294759,-0.1239184310975464,0.15149853772043764,0.13237494919873455,-0.02655372184016129,0.06151774259098407,0.08320729306951206,0.014890548175537298,0.08531425065145153,0.001247918144219812,0.11864466208193547,-0.028821649706348762,-0.055843938512538945,-0.10100965024822893,-0.229693439265593,-0.058229805002828934,0.0035588776705527975,0.36480966459211567,0.08556287802118114,-0.03204902421726207,0.030482353034927363,0.3403756504554184,0.49928519631202734,0.2916829363529871,0.17737172182422364,0.299481229430468,0.3032010773852688,0.1524563905999729,0.20633840416291468,0.2625584712604292,0.08968913609957845,0.131186000366566,-0.04708938632071337,0.37983090151328003,0.16544079560758312,0.09778227573731563,0.057303827427105165,0.33420618540270464,0.13839141279315317,0.40032672186406776,0.059651443552821364,0.008839021746926025,-0.12151822072054125,-0.011895863382447865,-0.08501143526524237,-0.028577803632190868,0.015505741539099045,-0.15517694778028354,-0.06261265927690873,0.005364613631473675,-0.03546446302066317,-0.2730024145542637,-0.133144737785782,-0.20046059814007602,0.05911912597916949,0.012719839985974866,-0.3619520436054156,0.032347058307899496,-0.0176812310242332,0.010129971551291347,0.011283857549267267,0.032806062682784944,0.10444421423391692,-0.05759708022217087,-0.10194678418028671,-0.23651794181163288
#101,0.08363123461020489,-0.0018392050299229415,-0.0930886372510738,-0.16384703041700865,0.1397875511000964,-0.15527257369171799,0.18542023603662472,0.2111754815163082,0.14784403413845038,-0.04439114185307079,-0.02585246515630852,0.1438659962227765,0.21377013124656344,0.04348747699001506,1.0,0.22231749396361433,-0.0028767461689869233,-0.1224888237216011,0.023206814939954898,0.03816748878387747,0.3987345504386839,0.2424244356079019,-0.07299763325869199,-0.14443815792619275,-0.1770673126728239,-0.11617273227135447,-0.004408354517128991,-0.13642151901760313,0.29708898787941573,0.2059319940393182,-0.040393978755110006,0.1557092653539354,0.1437735578417232,0.17862442126401518,0.4458829060714485,0.26790555347480655,0.560452310561085,0.38581230227350605,0.25308194343727336,0.08471021364422379,0.05066579540836249,0.09607057192263864,-0.020647228043892293,-0.031237797735259663,-0.3477500019922065,-0.16745690857365983,0.021024950394058443,0.0246236721943756,-0.16599701965909364,-0.24952465953191116,-0.09353329773924408,-0.1947118870976739,-0.1687207643697854,0.0535058849779662,0.1647060698547283,0.2890739427360167,-0.28935763293993894,-0.0010981042163058117,-0.5250834734518564,-0.5014208416673971,-0.3525201412075959,-0.3596442716094638,0.3640526261265928,-0.09608491580935381,-0.38647371482759446,-0.2727490058889624,0.3142649953382368,0.1653674824088167,0.37763309931547784,0.3138617727450215,0.2774745196790157,0.23250005976619464,0.40280024543983933,-0.12507231709552233,0.3625305803695941,0.1566224928081346,-0.0877064922025038,-0.3362717050896891,0.26271625401429605,-0.09772011889488322,0.14062905912071974,0.035427806421279955,0.15904501589780778,-0.07348532540700778,0.25066420164317194,-0.4146961088222872,-0.442382997712947,-0.03072301157870411,-0.10727474121237718,-0.0017882045438245584,-0.20201611296607672,-0.49087330363617526,-0.447712548510228,-0.4359154985695957,-0.4734789503462455,0.01515511319717266,-0.00961359162954522,-0.2924750376527026,-0.07614053821450485,0.022333431615520087,-0.0926519455888564,-0.04570440437010415,0.0868697654774522,-0.025136864585740583,-0.037518826351313664,0.14305795727115525,0.04223796508060467,-0.29821099857358013,-0.38147088589438116,-0.4716365577859414,-0.35863223071344896
#102,-0.01689709855047056,0.0977647443202193,-0.058091147431248956,-0.11889010192128394,-0.0673541107188678,-0.22933324833252317,0.03518077281674091,-0.13081465307716214,-0.19496370199778468,-0.10533672274063863,-0.13218688490624675,-0.0966538899823889,-0.2242746376176398,-0.09786037023165377,0.22231749396361433,1.0,-0.12932288885878443,-0.08556765931675286,-0.2049757349249735,0.1296257042449936,-0.2072611942082573,0.43841292862322595,0.05940919124385404,0.07514284120520524,-0.18151551131971727,0.21928455880595113,-0.20777598036481285,-0.20329112511853628,0.1644574424849987,0.23946640741419567,-0.10471674808150515,0.12430890356923714,-0.2813075249623473,0.21864705272972132,0.2806588625297835,0.306372670114512,0.1186797249161281,0.33199882061375896,-0.1406704970156747,0.27707767214656265,0.1255424778267418,0.164999322649794,-0.1148594697543211,-0.003933412490337799,-0.10531600379316115,-0.11652654814366199,-0.2472312314226745,-0.2312537353871654,-0.014063384041629146,-0.10347679876323822,-0.10621010606507343,-0.369033142347138,-0.037831204328666254,0.021211420921355657,-0.08275785128577007,0.2690323454645427,-0.05871590338595415,0.3443903449704755,-0.08401851955151447,-0.07166683932456232,-0.3782419176182773,-0.31376933436396814,0.21120416928973854,0.4790985664082111,-0.2847484640087976,-0.3145534668377308,0.010104471308242156,0.21211102168317542,0.10320107738526883,0.39283602546836777,-0.06298081903593143,0.09842934440468885,0.10721258436994478,-0.24748942138354757,-0.07452924160683407,0.07262469220409758,-0.22474479834885927,-0.19971471603088717,0.21069097689837357,0.5370510562678801,-0.029639251249113468,0.08087402083051104,-0.03450820390631848,-0.25424539202639274,0.10279466726167234,-0.38356509335479605,-0.34494338149160486,0.043991106790236593,0.0372670114512029,0.031975711018495646,-0.07220553195897648,-0.22176764497286613,-0.051029173871813466,-0.1730350867406705,-0.20627784108567285,0.047137199276430605,0.2951621257640112,-0.3221238514929595,-0.2890627863796827,-0.2778474607336101,-0.347055120369116,-0.08781646200065345,-0.14129206543999873,-0.2767876068818781,-0.4213213907195053,-0.2375044824645985,-0.31135159256986666,-0.30163281243774354,-0.005592522053725825,-0.09650407605447489,0.16142131979695432
#201,0.44208336985711894,0.2657842520061519,0.6337495716756051,0.4360063431854585,0.23746304456964357,0.5542143136051766,-0.05595231454549801,0.1818502020097379,0.4109077289642917,0.4760751938416913,0.28223350253807106,0.14688299372853397,0.4872953007833356,0.07447505359035453,-0.0028767461689869233,-0.12932288885878443,1.0,0.6745834296233136,-0.023927196806094557,-0.18493891894907125,0.09624588609360182,-0.22543330491118743,0.39408553737777813,0.3181904390026217,0.3772250954266908,-0.014774203316625361,0.43442214058602746,0.4400688506562328,0.3396186119898955,0.05257353234148013,0.1876881639028122,0.06276406697001331,0.2836726725051598,0.007905075345249384,-0.025140052116121733,-0.10698467594769262,0.06797886667357299,-0.13739849707942528,0.12905513630676793,-0.09263122664137892,-0.06980691534716191,0.05377204376479213,-0.051666679948043255,-0.07833993417749763,-0.05135430197069066,0.012483962737769845,0.2960291340276837,0.17292033564694914,-0.013714349464893338,-0.050790109093227294,0.324904971750512,0.19973543497836463,0.27762114607654853,0.252420530883185,0.0865398560830033,-0.09433974292567476,-0.3171210225597463,-0.3180310624835643,-0.16722421885583597,-0.019015212488744035,-0.01298121747722908,-0.04676585198702675,-0.056602570743252395,0.043093816987943165,0.16678912095880913,0.252068308776068,0.12327454996055431,0.02967590784849668,0.17910095705599693,-0.14384208974491788,0.27775342858736624,0.1066308600753851,0.09774402537274184,0.12115006096151854,-0.12510100486895265,-0.40042394154069283,-0.26824980675597065,-0.19277864992150706,0.33663348978794955,0.053705105626788006,0.13205778992581024,0.053987202065519685,0.09189490712333352,0.1551100096422794,0.009728342723266581,0.010600132282510819,-0.0019396122369291333,-0.08324076213851413,0.10363936281267681,-0.1450772577676131,0.004618731522284821,-0.06132011570735284,0.013169281769716868,-0.24232880969646742,-0.014970236435066021,0.4386679310537179,0.06637394512666449,0.49283522858577244,0.18753994374008878,0.2033405318394441,0.34652758409103585,0.41090454143391053,0.4125222131023436,0.07950338276661699,0.20214680171170382,0.1896229948441696,0.25252731315095345,-0.1134234873176135,-0.18407828574616103,-0.175538891855063,-0.22096757484719776
