,#10,#11,#12,#13,#17,#18,#26,#49,#50,#51,#52,#53,#54,#58,#101,#102,#201,#202,#301,#302,#401,#402,#501,#502,#601,#602,#701,#702,#801,#802,#901,#902,#1001,#1002,#1101,#1102,#1201,#1202,#1301,#1302,#1401,#1402,#1501,#1502,#1601,#1602,#1701,#1702,#1801,#1802,#1901,#1902,#2001,#2002,#2101,#2102,#2201,#2202,#2301,#2302,#2401,#2402,#2501,#2502,#2601,#2602,#2701,#2702,#2801,#2802,#2901,#2902,#3001,#3002,#3101,#3102,#3201,#3202,#3301,#3302,#3401,#3402,#3455,#3501,#3502,#3601,#3602,#3701,#3702,#3801,#3802,#3901,#3902,#4001,#4002,#4101,#4102,#4201,#4202,#4301,#4302,#4401,#4402,#4501,#4502,#4601,#4602,#4701,#4702,#4801,#4802
#10,1.0,0.4200670975145232,0.42493923770210934,0.6559873773796906,0.15352580704284838,0.39517886029851224,-0.008652551219628811,0.474121237718047,0.3400680537736375,0.57589111396218,0.6406457936552208,0.11057861645243806,0.011656798603861693,-0.13930942154292408,-0.37383675063152944,-0.26314816438094174,0.42213739849707943,0.3160324809345839,-0.027707607838137208,-0.15538573102024877,0.04053423009188056,0.16975830550884938,-0.12165050323135893,0.0853716261983122,0.15836766569181362,0.06620181848608245,0.24716588704986095,0.34665986660185355,-0.08867550143837308,0.05918287658679247,0.0003745348197850011,0.2586123086485668,0.059248220959606024,0.23444764082907665,0.04813170875534908,-0.003281562527392839,-0.00810270222888062,-0.030150849875287874,-0.07793193028871057,-0.06812389930591525,-0.13631633051502523,-0.07350604435448525,-0.15639936568145416,-0.1529122074444772,0.04270334451625242,-0.02884555618420738,-0.11801990612723028,-0.066716604642638,-0.21388328857509423,-0.029331654567332596,0.05325407007785543,0.17112575604236227,0.062214217979265116,0.19951071408649362,0.02295500003984413,-0.0024018041421957305,0.14835722652981537,0.009629529281450964,-0.1855333933651555,-0.08876475228904525,0.06806174246348286,-0.03910462271593526,-0.14791256604164507,-0.032085680816645284,0.43364757070340826,0.29196822032209996,-0.06687438739650488,-0.302091816812629,-0.11326889209412777,-0.10198662831005108,0.23414004414729578,0.255502872761756,-0.11326889209412777,0.03039788347982692,-0.0534867597956793,0.034262764066970014,-0.07293707018145017,0.10107818215142363,-0.11441640303134139,-0.05094151678633187,0.05837802516555236,-0.0837300480520205,-0.02643259568567763,0.09943022894436962,0.03334794284758027,-0.11335654917960937,-0.02976515869916885,-0.04598171951326411,-0.12554725912231351,0.04059319940393182,-0.12650670576703935,-0.05502633696977424,-0.11193172309923578,-0.014052227685295125,-0.2381292384193037,0.2562073169759899,0.25370191809640685,0.2583509311573126,0.3668241837930018,0.08036242220433663,0.2690945023069751,-0.06540652965598578,0.28043573540310307,-0.18427750639498283,0.06261106551171816,0.05505821227358573,0.2767876068818781,0.1598562423798102,-0.06161814979799026,-0.02650431511925348,-0.08177290439799505
#11,0.4200670975145232,1.0,0.18227892484600244,0.27572297173457433,0.31184884730932594,0.19902302193817784,0.353100271736965,0.39810501318840696,0.5395086421917459,0.39829307748089476,0.4295053749731052,0.1602228083736423,-0.03316625361585478,0.1483683828861494,-0.0810636788881894,0.15558176413868946,0.12032289682761038,0.11799599964937166,0.08438827307572776,0.16456581851795776,-0.18789854090796804,0.059855445497214894,-0.1280638143582306,0.03878108838224864,-0.10765724485811505,0.014796516029293404,-0.07914637936392831,-0.10012670433265067,0.08889703479986294,0.12450174915729666,-0.1342077791678952,0.14436165719704516,0.004841858648965248,-0.033798978396512844,0.09890269266628948,-0.008351329598610237,-0.008478830813856194,-0.05101642375028887,-0.00231255329152356,-0.050732733546366614,0.24947684657619393,0.05296719234355202,0.19408553737777814,0.023189283522858577,0.06061567149311892,0.19633912135725043,-0.04619528404880109,-0.28207890731458535,-0.1594928639163592,-0.20887089705073753,-0.2838798619799345,-0.15233685821067983,-0.24836439847317296,-0.05534509000788914,-0.21402035238148365,-0.09186143805433146,-0.10967973288495406,-0.09160484185864896,-0.10054586457777176,-0.15842344747348372,-0.02029659970196591,-0.04886962203858505,0.13382686928734788,0.16948099036568942,0.11528181752982333,0.16199826279594226,0.08834081074835244,0.22237805704085617,-0.00950680936177673,0.0906788642829252,0.08473412012208241,0.0646128345910797,0.02178677015515304,0.06890962554486847,0.1096143885121405,-0.057265577062531374,-0.01151654726709114,-0.05653403884005769,-0.02250237072572098,0.045326682019938,0.16330355648702277,0.11757205810867885,-0.10391189666026504,0.210239941349441,0.047306138386631495,0.005375769987807697,-0.058315868323119954,0.08655101243933731,0.05268987720039207,0.2826765692610508,0.12312792356302146,-0.11085911912597916,-0.01733219644749739,-0.01626596753500307,-0.058580433344755316,-0.03381650981360916,0.0771366414586139,0.014452262748129318,0.08550231494393931,-0.0223700882149033,-0.055963470901832034,-0.20127660591765015,0.13620157942130387,-0.000964227940297556,0.24707026113842648,0.04011506984675948,0.14059240252133653,0.10283610515662728,-0.045833499350540687,0.1222896030727793,-0.01748997920136426
#12,0.42493923770210934,0.18227892484600244,1.0,0.6804851421240109,-0.14833332005195674,0.30081999219055056,0.1850775765206512,0.04027125883543577,0.11042880252452406,0.6895201969893776,0.5118456597789448,-0.23204902421726206,0.053642948784355604,-0.3999824685829037,-0.26768720764369786,-0.22495039405844336,0.7629672720318116,0.8614555857485516,-0.36548382726772866,-0.5980651690586426,-0.11201141135876451,0.19639649690411112,-0.19556455147463125,-0.05566703057638518,0.21404585262453282,-0.17745300384894294,0.3738686259353409,0.6270095386846656,-0.32254141797289004,-0.2325096223573381,0.0824375044824646,0.1578576608308298,0.5558303915084191,0.5134123309612795,-0.3029827315541601,-0.31935866888731285,-0.2964498880379954,-0.36026424626859727,-0.1547243184661604,-0.35755803297500177,-0.208303516642893,-0.20987337535560885,-0.5158268852249998,-0.616049215469085,-0.24734279498601472,-0.25105626788005325,0.10362183139558048,0.17734622158117444,0.11131174844010232,0.20472073249448158,0.41178429981910764,0.6244037325980764,0.38599399150523156,0.5387053845356964,-0.11713377268127087,-0.22088151152690674,0.02333909745077258,-0.47064682960259463,-0.05060363856593008,0.11929969957526158,0.09735195913586052,0.16757006590219062,-0.5865119651921682,-0.48925244443736104,0.5620428882212783,0.3206655563435839,-0.4953007833355912,-0.4544972069265035,-0.5089163193586689,-0.3687845149774084,0.32452884316553643,0.37376821872833477,-0.39996015587023565,0.024054698021340516,-0.40204639450469765,0.11475906254731491,0.0752512172381643,0.27002207364788944,-0.442577437066197,-0.24301412872841444,0.11294535776044115,-0.09635107459617974,0.3096542326419049,0.015889838950027494,-0.4781136195204361,0.08093617767294345,0.15855413621911083,0.06569500115547976,-0.0374040752575923,-0.018723553458868905,-0.32826781630262414,-0.2921961287443521,-0.10288869940791623,0.017792794587573414,0.08474527647841644,0.723481739435329,0.30943748057598675,0.746467021013794,0.8283243949668895,0.411812987592538,0.6317541776570058,0.4402489461227677,0.6411159543864402,0.1593876754137813,0.15023786945469325,0.4255305245878125,0.4633951979854808,0.16585358079194193,-0.017693981145757796,0.10066380320187426,0.10452230872825506
#13,0.6559873773796906,0.27572297173457433,0.6804851421240109,1.0,-0.01104638653587167,0.24635784809823968,-0.11173568998079512,0.2411063917952968,0.25725442070619736,0.7761684291053399,0.5815362302671947,-0.13146331550972595,0.04679294599526652,-0.3315860354294002,-0.3379563148961264,-0.4062603096685765,0.579647618516364,0.5513407549665708,-0.04546533959151798,-0.3678824438795432,0.06519615265082995,0.0671102646447099,-0.11798803082341879,-0.06362948146849524,0.25641450645076463,-0.03424045135430197,0.48629601000884537,0.5378925642885034,-0.24420785885615473,-0.08886515949605145,-0.038828901337965877,0.19045015897807777,0.253918670162325,0.2816422156523679,-0.1300129891863032,-0.1196168588481859,-0.11280032512809887,-0.1487986994876045,-0.16069296910486178,-0.2642255496497701,-0.2348875200216752,-0.16399843811011325,-0.31619026368845077,-0.3299572074046331,-0.0743714588529672,-0.14211444827833516,0.1348006598187889,0.14054299580042873,-0.017960139932583732,0.12978986205962276,0.31844544143311365,0.36711265529249576,0.3039278343121708,0.31247679079441226,-0.011055949127015116,-0.20068213150156589,0.19615105706476266,-0.23123620397006908,-0.12514881782466988,-0.07742033166253616,-0.00350628341926384,-0.044293922176445746,-0.2958984452820566,-0.2917211867175609,0.584067129389827,0.3538955605670617,-0.23896118384878356,-0.49207978388544016,-0.25577062531377254,-0.32387061814182916,0.10446333941620381,0.15548295069687382,-0.33553379180645315,-0.06797249161281069,-0.24868315151128784,0.05837165010479006,-0.16603208249328627,0.07350445058929468,-0.2419606499374447,-0.20113316705049844,0.0329463140195555,-0.1149837834391859,0.21897058706340794,0.0515136784897481,-0.36544079560758314,-0.0356620899042944,0.11547466311788285,0.11773780968849859,-0.07836862195092797,-0.0889990357720597,-0.2730900716397453,-0.18088597406944035,-0.12364749101514874,0.12153097084206584,0.014829985098295468,0.4924638812963686,0.2008000701256684,0.5087425989528963,0.5302042410091721,0.16773103618643864,0.4098940943030863,0.09645148180318594,0.415236395221892,0.09235391149821896,0.06362948146849524,0.2104519121197874,0.24928240722294384,0.03867271234928958,-0.15271936185641768,0.026042123213986884,-0.05246675007371164
#17,0.15352580704284838,0.31184884730932594,-0.14833332005195674,-0.01104638653587167,1.0,0.2558566886340635,0.11588107324147934,0.4466495071281148,0.2939428953932217,0.026756130019364246,0.19826120217708326,0.5304082429535657,0.41357569189331334,0.3890333017236571,-0.019211245607184693,0.11374064659053781,-0.18942696172572895,-0.1596442716094638,0.02049741411597829,0.11463634262764066,-0.14700571364820822,-0.07105164596100057,-0.08898628565053511,0.23944250093633704,-0.07523687335144913,-0.022146961088222873,-0.24931747005713648,-0.2591956267083171,0.11358445760186152,0.185651331989258,0.002161145598418985,0.04799464494895967,-0.10158021818645459,-0.09786037023165377,-0.008423049032186087,0.1701758719887799,-0.0016798285108654942,0.14210169815681056,-0.11138506163886874,0.035158460104072864,0.053733793400218346,0.29258022615528056,0.37628477396425186,0.2897050737514842,0.3339511829722127,0.38566567587597317,-0.026948975607423757,-0.11693455203244905,-0.2112312632979783,-0.17959821179545618,-0.3171959295237033,-0.30823259409191245,-0.3643761604602794,-0.2795527894875248,-0.21494154866163567,-0.21866299038162706,-0.06799958562105045,0.09747627282072532,-0.10104311931723099,-0.12884635306680267,-0.3312784387476193,-0.3653419821657675,0.33892373036680506,0.2674353927435871,-0.16962761676322227,-0.19632637123572583,0.30650335886013913,0.21002797057909459,0.03524292965917331,0.10799671684370742,-0.14484138051940806,-0.26549737427184855,0.345482074126019,0.22399732247447984,0.2714803687972651,-0.05979010112440134,-0.026431001920487054,-0.17668640279227663,0.07148515009283682,0.2521878411653611,0.15846169783805752,0.6531138187410849,-0.01661181458135773,0.39256667915116067,0.3025332897704181,-0.13586688873128322,-0.2337017587198878,0.27991298042059465,0.4260676234570361,0.38779813370096183,0.5726525830949326,-0.12588832487309645,0.135755325167943,-0.04580959287268207,-0.2189434930551682,-0.17375387484161958,0.04171999139366797,-0.14425168739889552,-0.13725983950784532,-0.205007610228785,-0.19846679788666735,-0.09366079895449003,-0.014648295866569978,0.0016527345026257283,0.09512865669500913,-0.030040880077138236,-0.0013021061606993442,-0.2569069798946521,-0.11619982627959423,-0.10287754305158221,-0.22470176668871375
#18,0.39517886029851224,0.19902302193817784,0.30081999219055056,0.24635784809823968,0.2558566886340635,1.0,0.23876833826072405,0.4759636302783511,0.27127955438325274,0.24806477061734494,0.4413406752783112,0.40030281538620915,0.15372502769167018,0.1013108718692475,-0.23482695694443337,-0.16783622468901657,0.42253743355991363,0.3153551307285898,-0.17272589629369905,-0.23343081863749013,-0.3498091466184287,-0.0005944744160842783,-0.08385595550207588,0.27388695423503256,-0.009589685151686601,0.1355927611185044,-0.004022663341009969,0.02265537218401613,0.09772490019045495,0.3120799432619592,0.3734367155686953,0.3195292017627043,0.16203173186494435,0.4114974220848042,0.04846480568017914,0.22781120257552454,-0.002768370136027859,0.11515750384495853,-0.16257839332531138,-0.13609957844910708,0.016717003083935644,0.11631138984293445,-0.1426419845564153,-0.06896540732653858,0.07039820223286503,-0.028128361848448868,-0.02388257138075847,-0.06707838934089841,-0.23817705137502093,-0.1769605304050554,0.018596052243622947,0.03534493063137008,-0.13479587852321717,-0.0191984954856601,-0.38830495103156454,-0.2605567021810677,-0.004652200591286885,-0.2414936767366064,0.044896365418482895,0.07602578712078349,0.005168580513033015,-0.08760130369992589,-0.002094207460414857,-0.14436962602299802,0.14952067511893471,-0.041090454143391054,0.017850170134434094,-0.026603128561069098,-0.10542916112169194,-0.045882906071448494,0.32151822072054126,0.12903919865486219,-0.06184924575062356,-0.2130991561013316,-0.08920622524683439,-0.05075664002422523,0.11602769963901219,0.12078349496768641,0.01902477507988748,0.2741164564224753,0.2542055478966284,0.18103100670178263,-0.04906884268740686,0.24408513893648048,0.2089091474153113,0.07270119293324515,0.03336069296910486,-0.11073799297149552,0.19535098693909425,0.22126720270302577,0.18134657220951636,0.13187131939851301,0.25455777000374535,0.1138107722589231,0.04485173999314681,0.1591549856959574,0.13844241327925158,0.35096781391197635,0.37371721824223636,0.07490058889623792,0.19083744391938737,0.22365785048888748,0.4821075950880157,0.13050227509980955,0.2484169927244619,0.13731880881989655,0.413311126871678,0.11320992278207652,-0.02188558359696866,0.09243678728812885,0.05585987616444469
#26,-0.008652551219628811,0.353100271736965,0.1850775765206512,-0.11173568998079512,0.11588107324147934,0.23876833826072405,1.0,0.24741451441959056,0.3231629863972141,0.14374805759867398,0.10803974850385292,0.019558686418729928,0.20357322155726798,0.2692937229557969,0.1622213899226227,0.3381093163544215,0.028447114886563762,0.12310082955478169,-0.19475013746224767,-0.13235582401644766,-0.42196845938687855,0.15108097124050712,-0.026089936169704116,0.2456757165966738,-0.11685805130330149,0.010125190255719625,-0.2941676162850927,-0.18578361450007572,0.05664878993377906,-0.06350357401843987,-0.019375403421813864,0.024048322960578218,0.08899106694610683,0.09133390177625131,-0.01326650144634191,-0.0963160117619871,-0.1476177194813888,-0.1740280024543984,-0.026905943947278247,-0.0918152188638048,0.37383834439672003,0.05506777486472918,0.11553044489955294,-0.12941054594426604,-0.1681964156220864,0.036678912095880915,0.0032130306241981367,-0.19884770776721467,0.0423049032186088,-0.11179784682322753,-0.09080317796779,0.02514323964650288,-0.16305014782172142,0.08426874068643467,-0.2351441162173577,-0.01375100606427655,-0.2819370622126242,-0.2124313684864809,0.0567396345496418,0.16423431535831826,-0.05028010423224347,0.050063352166325334,-0.0371793543657213,-0.06158149319860705,-0.14922582855867844,-0.2555395293611392,0.01478057837738766,0.3828622429057527,-0.12671867653738575,0.04167695973352246,0.3065097339209014,0.1103331766130896,0.19599327431089578,0.20211492640789233,-0.0847659954258939,-0.03479508164062189,0.27371323382925994,0.07695495222688842,0.01803026560096901,0.25445895656192974,0.07704420307756059,0.10143518555411231,-0.0032959064141080095,0.12338451975870394,-0.126028576209867,0.02157320561961606,0.048439305437129945,0.022564527568153383,-0.0812947748408227,0.1807887543928153,0.06897815744806318,-0.11881041366175521,0.16422953406274654,-0.07373076524635626,0.09196184526133765,0.0015077018702834512,0.13983377029062308,0.02814748703073576,0.08886994079162316,0.12359170923347863,-0.06987704101554718,0.03654822335025381,0.21158667293547642,-0.037606483436795256,0.1908661316928177,0.1343942496951924,0.19243120910996184,0.004134226904350182,0.049374845603997165,0.03517439775597861,0.2275083871893154
#49,0.474121237718047,0.39810501318840696,0.04027125883543577,0.2411063917952968,0.4466495071281148,0.4759636302783511,0.24741451441959056,1.0,0.6424132792515679,0.34091115555945145,0.5846918853445322,0.5139749300735522,0.32059543067519863,0.37875829754002344,-0.041205205237112415,-0.12445712373196056,0.13549554144187936,0.014041071328961104,0.19404728701320434,-0.021923833961542447,0.06467180390313094,-0.009148212193897474,-0.16968658607527354,0.16230585947772314,0.14879391819203278,0.14416721784379508,-0.05549012264023141,-0.31471284335678823,0.14667102295818757,0.1975711018495645,0.12483325231693615,0.21314696905704883,-0.0988692235972874,0.08043254787272192,0.12308329813768537,0.19253002255177745,0.06636597630071162,0.14790778474607336,-0.27236968977360565,-0.06842830845731498,0.07078389340898406,0.1577253783200121,0.19359625146427176,0.11435424618890899,0.1565332419574624,-0.007211787487349489,-0.042598156013674504,-0.28634860426013437,-0.3903784395445019,-0.399176023396473,-0.26061407772792833,-0.371055630373977,-0.31346970650814016,-0.2644088326466862,-0.02961534477125485,-0.16033277817179195,-0.0318099594386759,-0.05650216353624621,-0.20344890787240316,-0.41512642542374234,-0.2725928169002861,-0.3892484600243846,0.2746870243607009,0.03161552008542581,0.27740120648024924,-0.06803464845524308,0.2802827339448079,0.07611503797145566,0.1963853405477771,0.11093083855955502,0.3227023882571381,0.0066077504801217634,0.3254372893241639,-0.0036640661731307126,0.12902326100295644,-0.17504004335041318,0.021796332746296488,-0.1044521830598698,0.05080923427551419,0.11397493007355226,0.10272454159328706,0.2609471746527584,-0.13240044944178375,0.41015387802915,0.28817824669891384,-0.19237861485867286,-0.21921443313756583,0.03968315948011379,0.087132736733897,0.26226840599574464,0.20080644518643068,0.06786889687542334,-0.05101961128067002,-0.0013068874562710677,-0.12695774131597193,-0.011373108399939437,-0.0026950569372614333,0.0415685837005634,0.004604387635569651,-0.08790571285132562,-0.10147024838830496,-0.13351767884037644,0.1660304887280957,-0.10422108710723649,0.24819067806740033,0.05995744646941166,0.20957055996939972,-0.13146331550972595,-0.17694459275314967,-0.028123580552877146,-0.028682992134768784
#50,0.3400680537736375,0.5395086421917459,0.11042880252452406,0.25725442070619736,0.2939428953932217,0.27127955438325274,0.3231629863972141,0.6424132792515679,1.0,0.4771780793535688,0.5855078931221063,0.33402927746655087,0.12432962251671462,0.4373721999537808,0.09083664703679208,-0.08143502617759325,0.0697511335654918,0.10635832622779685,0.12172541019531592,-0.008885240937452686,-0.03775310983432811,-0.09704914374965136,-0.11244650925579135,0.09030592322833077,0.12071336929930114,0.1571898732159791,-0.1601112448103021,-0.30195156547585844,0.07100064547490219,0.11683733235582401,-0.24589406242778253,0.25908406314497684,-0.05647825705838759,0.02747969941588506,0.17040218664584147,0.14437440731856976,-0.013317501932440294,0.1697328052658002,-0.09279697822119867,-0.05264206424467483,0.22861764776195523,0.1662536158547761,0.2359250611607392,0.15975264764242283,0.13471778402887902,0.05002350803656097,-0.1360804532668202,-0.42543967997194976,-0.4551968698451657,-0.4704093585891991,-0.3182733147925316,-0.3630182725179099,-0.2541370159934337,-0.2426921881599184,0.041355019165026416,-0.0909721170779909,-0.04305716038855995,-0.09679892261473118,-0.0953055646311629,-0.33090231016264376,0.057184295037812076,-0.03533377427503606,0.27242547155527574,0.13144897162301078,0.19497804588449982,-0.042198120950840315,0.20164476567667286,0.09530237710078174,0.19058881654965773,0.1226386376495151,0.20757038465522876,0.08857668799655746,0.21797607758448947,-0.1209843093816988,0.06934472344189531,-0.15324052307373554,-0.00908286782108392,-0.13549713520706994,0.1130553275585908,0.043616571970451594,-0.057477547832877784,0.06973519591358605,0.1201475826566472,0.2792101299715513,0.03250165353138522,0.07577078469029158,0.07405748711042402,0.0890117858935843,-0.031647395389237304,0.3118424722485636,0.043474726868490465,-0.07802914996533561,-0.1766067145327479,0.023865039963662155,0.058553339336515554,0.014528763477276893,0.17538589039676786,0.10374295755006414,0.07178477794866482,-0.04582234299420666,-0.07974563507558431,-0.3404904015491398,0.29117452525719384,0.04314641123923212,0.5808556925308195,0.19301771470009324,0.3079106535234164,0.1279155941955072,-0.11873072540222648,0.1499270852425312,0.04843452414155822
#51,0.57589111396218,0.39829307748089476,0.6895201969893776,0.7761684291053399,0.026756130019364246,0.24806477061734494,0.14374805759867398,0.34091115555945145,0.4771780793535688,1.0,0.7469260253886795,-0.024306512921451282,0.18259449035373618,-0.1445337838376272,-0.09402417741794102,-0.37062850130290304,0.6470017292352318,0.5851843587884197,-0.027895672130624993,-0.450461793463969,0.11192216050809234,-0.04765039166779558,-0.1284941309596857,-0.12064802492648757,0.37054721927818374,-0.12198678768657013,0.41249671285929446,0.3658376431400362,-0.11647714142275419,-0.051435583995409956,-0.09400186470527297,0.17302552414952704,0.18703312640948608,0.21809082867821084,-0.0005291300432707249,-0.11721186717560901,-0.09107411805018767,-0.18029149965335606,-0.07049860943987123,-0.3331096749515894,-0.051961526508299535,-0.18863964172158515,-0.2228259050594076,-0.3651252300998494,0.006123245862187124,-0.16216242061057146,0.015365490202328492,-0.09805321581971328,-0.12886069695351784,-0.06135199101116433,0.27761477101578624,0.29564503661675523,0.3204201165042354,0.23653228569834805,0.025767995601208075,-0.2648503056044753,0.11457737331558941,-0.4534309780140092,-0.06955350668186056,-0.08739411422515121,0.006765533233988636,-0.05217987233940823,-0.30301301309278106,-0.22418219923658647,0.5358509510793775,0.16320633681039773,-0.19259855445497215,-0.35035580807879574,-0.2339583549155703,-0.23546605678585375,0.24563587246690946,0.2822956593805035,-0.26486783702157163,-0.07168277697646806,-0.368070508172031,-0.10237072572097952,-0.1603487158236977,-0.0016702659197220474,-0.15287236331471285,-0.30380989568806827,0.05185793177091219,-0.13237973049430626,0.22537114806875502,0.12085521440126226,-0.3508594378790173,-0.004837077353393525,0.06504633872291596,0.2511247997832479,-0.11398449266469571,0.06440564511630502,-0.3048569994182757,-0.19248061583086964,-0.2181497979902621,0.17697168676138944,0.1476065631250548,0.5796141494473619,0.1504084023300847,0.5146251862713066,0.4883503733394959,0.11466981169664274,0.2636135438165895,0.12078190120249584,0.417966514993346,-0.040021037700515585,0.19756950808437393,0.1336770553594339,0.28140474463897236,0.02775860832423559,-0.28082461410960324,0.21639984381101132,0.1409685311063121
#52,0.6406457936552208,0.4295053749731052,0.5118456597789448,0.5815362302671947,0.19826120217708326,0.4413406752783112,0.10803974850385292,0.5846918853445322,0.5855078931221063,0.7469260253886795,1.0,0.27820924543187053,0.18477794866482322,0.10714086493636893,-0.12286176477619552,-0.2646494911904629,0.4718612786778124,0.4060244324203715,-0.0070524109682920414,-0.2557483126011045,0.07170190215875495,-0.07628875837722829,-0.2634254795241017,0.0460821267202703,0.20773294870466735,-0.025957653658886436,0.20896174166660025,0.09718939508642192,-0.01175879957605846,0.05430595510363458,-0.07203499908358502,0.18776625839715036,0.10690658145335448,0.20844695551004472,-0.04831499175226514,-0.045994469634788704,-0.09789065177027469,-0.023552661986309557,-0.1792220832104806,-0.2432484122114289,-0.10145431073639921,0.005482552255576186,-0.09255950720780308,-0.12041374144347314,0.07539943740088773,-0.09700611208950585,-0.006461124082588912,-0.15299827076476824,-0.24438636055749907,-0.24811577110344332,-0.012174772290798396,0.03462454876523042,0.014254635864498084,0.0003840974109284479,-0.02125285881631059,-0.25504546215206114,0.07173855875813816,-0.19384806636438254,-0.12425152802237646,-0.2247798611830519,0.015330427368135852,-0.0871263616731347,-0.04648056801791392,-0.12027349010670257,0.3962419016806254,0.10913147765939644,-0.006312903919865487,-0.21829483062260438,-0.09156340396369403,-0.0020320506179824526,0.31135159256986666,0.2936815179019675,-0.061721744535377605,-0.13775231295173282,-0.124230809074899,-0.06060929643235662,-0.04045772936273299,0.05154714755875017,-0.11618548239287906,-0.11695845851030767,0.1717234179888277,0.0443401413669724,0.09617735419040713,0.26287244300297236,0.0021228952338451976,-0.060030759668178085,-0.059219533186175684,0.041007578353481185,0.028630397883479826,0.30006454749021827,-0.11355736359362176,-0.06830399477245018,-0.14171122568511982,-0.022389213397190192,-0.031076827451011643,0.30600291659029877,0.15844576018615178,0.3651204488042777,0.42382678959908837,0.18836710787399694,0.24653475603439345,-0.03683031978898549,0.3818916399046928,-0.07083489389508243,0.36578186135836604,0.2070428483771486,0.4221023356628868,0.14472822319087728,-0.14217979265114872,0.08231000326721864,0.022546996151057066
#53,0.11057861645243806,0.1602228083736423,-0.23204902421726206,-0.13146331550972595,0.5304082429535657,0.40030281538620915,0.019558686418729928,0.5139749300735522,0.33402927746655087,-0.024306512921451282,0.27820924543187053,1.0,0.2520954027843078,0.5479986293619361,-0.020006534437281356,-0.20606746408051702,-0.09069958323040267,-0.2788164699694794,0.062300281299556136,-0.0004430667229797034,0.08640597980699503,-0.38757181904390026,-0.291904469714477,0.031030608260484982,-0.1366239271968061,-0.09522906390201531,-0.17929220887886588,-0.37445991282104407,0.2693447234418953,0.29314920032831565,0.20586983719688579,0.05668225900278112,-0.07136243017316259,-0.012359649052905035,0.15254404768545451,0.2500665396967065,0.11187116002199396,0.2628517240554949,-0.20206073839141278,-0.1473005602084645,-0.035252492250316764,0.22734901067025795,0.3145215915339193,0.3689646104439433,0.35692371442915316,0.06173768218728335,0.028807305819633592,-0.10189737745937891,-0.276870482671788,-0.42218043015722495,-0.31979854807991137,-0.3820510164237503,-0.43783120432866623,-0.5828399301930847,-0.13435440556542805,-0.451660304887281,0.05941556630461634,0.01490170453187132,-0.06853030942951174,-0.29281291587310443,-0.15906095354971353,-0.19631362111420125,0.4020033628445521,0.17458103897552774,-0.22512092693383484,-0.3271888372686052,0.5576966905465818,0.2858609121118186,0.1075297436428691,0.1591996111212935,-0.008835834216544877,-0.12026073998517799,0.38399540995625114,-0.017732231510331584,0.27700435894779624,-0.16158229008120234,-0.10200894102271912,-0.13297579867558112,0.09027564168970985,0.08059351815696994,0.403232155806485,0.4424148730167584,-0.18405597303349297,0.7244124983066245,0.643689885169218,0.03204902421726207,-0.2113683271043677,-0.026164843133661117,0.1761811792268645,0.5927372120265522,0.4075958848982779,0.24787192502928543,0.035015021236921164,-0.07494680808676457,-0.1556407334507407,-0.26017738606571095,-0.25042991816015747,-0.12093809019117213,-0.10298910661492243,-0.03887193299811139,-0.06968897672305939,-0.06263497198957678,-0.09017842201308482,-0.01226880443704229,0.24764879790260502,-0.05478886595637865,0.23177808413486442,-0.04513543019706907,0.06912797137597718,-0.04430985982835149,-0.040738232036274094
#54,0.011656798603861693,-0.03316625361585478,0.053642948784355604,0.04679294599526652,0.41357569189331334,0.15372502769167018,0.20357322155726798,0.32059543067519863,0.12432962251671462,0.18259449035373618,0.18477794866482322,0.2520954027843078,1.0,0.3240873702077473,0.17060300105985385,-0.06749595582082892,0.008893209763405557,-0.03225143239646503,0.14856441600459006,-0.15551163847030416,-0.0073871016583126805,-0.017120225677150984,-0.04017085162842959,0.030032911251185363,0.18382806461124082,-0.10022073647889457,-0.025426929850425137,-0.13487716054793647,0.29254516332108793,0.11813784475133278,0.16203810692570664,-0.1142665891034274,-0.024666703854521112,-0.017859732725577542,-0.04813170875534908,0.0708062061216521,-0.018224704954219094,-0.1048761246005626,-0.12959064141080096,-0.25061160739188293,0.12834750456215285,0.04155902110941995,0.12508666098223747,0.018852648439305435,0.17464957087872243,0.03548996326371236,-0.17208679645227867,-0.0668855437528389,-0.18137844751332785,-0.1092462287531178,-0.022962968865797004,-0.07792555522794826,-0.07352676330196273,-0.06826255687749525,-0.09447680673206417,-0.14966411398608642,-0.10143199802373117,-0.08125333694586777,-0.21882555443106566,-0.13169281769716867,-0.29472065280622206,-0.226408689207819,0.06438333240363697,-0.055993752440452946,0.13761524914534343,-0.21742304106336013,0.1617464478958315,0.08609200806445186,0.07242069025970403,0.007259600443066723,0.34647180230936575,0.09415008486799639,0.2882419973065368,0.31207834949676866,0.04868155774609727,0.030998732956673495,0.12550582122735857,0.00016734534501031963,0.2091402433679446,0.10577819569842775,-0.03302918980946537,0.4489413414721609,0.14988724111276686,0.2775127700435895,0.12105921634565579,-0.30507215771900326,-0.24466686323104017,0.4397357537314028,0.1823618006359123,0.17751356692618475,0.17660193323717616,-0.019134744878037117,-0.08522021850520763,-0.0833857947708564,-0.21442038744431782,0.12692905354254158,0.11753221397891449,-0.03323797304943063,-0.03548040067256891,-0.2365482233502538,-0.24594984420945262,0.24096135916295452,-0.15011674330020958,-0.20651212456868728,0.024064260612483963,-0.04874690211891082,-0.13167528628007236,-0.2717497151144722,-0.08610475818597646,-0.19626102686291227,-0.1579261927340245
#58,-0.13930942154292408,0.1483683828861494,-0.3999824685829037,-0.3315860354294002,0.3890333017236571,0.1013108718692475,0.2692937229557969,0.37875829754002344,0.4373721999537808,-0.1445337838376272,0.10714086493636893,0.5479986293619361,0.3240873702077473,1.0,0.25463905202846465,0.043238849620285444,-0.4105937572217485,-0.46117508307501054,0.3951103283953175,0.33823044250890516,0.018143422929499796,-0.3228506084198615,-0.0754504378869861,0.18534373530747714,-0.26841077704021865,0.03686378885798755,-0.4175632924001307,-0.6170771940170054,0.359991712421009,0.3068603622628278,-0.06680266796292902,0.07967869693758019,-0.20362581580855693,-0.1320466335694762,0.3201523639522189,0.3640845014304043,0.1507956872713943,0.38558598761644447,-0.081450963829499,0.051692180191092445,0.392681430244882,0.27348532540700776,0.5175529329263919,0.5251488178246699,0.26173130712652104,0.1319589764839946,-0.06572528269410068,-0.26336651021205043,-0.33555929204950236,-0.5742431607551259,-0.5664560240339791,-0.6523249049717506,-0.6087816462000654,-0.6155599295555786,-0.10466256006502563,-0.12392799368868984,-0.15469881822311118,0.18840217070818957,-0.07419933221238514,-0.4061806214090478,-0.14312011411358763,-0.21682378535170413,0.6812931810756321,0.37189554462940977,-0.2461570336842273,-0.22539983584218537,0.7627967391564201,0.6398855676593167,0.48074014455450276,0.5161966387492131,0.15696196479372693,0.04637378575014543,0.6193116528141909,0.2123006797408538,0.4242539186701623,-0.09467602738088597,0.03664544302687885,-0.21282502848855278,0.4572321079935293,0.3140976499932265,0.016068340651371832,0.33084493461578307,-0.06511646439130123,0.3399851779837277,0.3608029389030114,-0.11532006789439712,-0.19733044330578775,0.22251671461243616,0.13120512554885289,0.47143255584154786,0.2364749101514874,0.016750472152937707,-0.1083473451856338,-0.14441743897871526,-0.0620404975734925,-0.4406250747077433,-0.20139295077656208,-0.33721362031731866,-0.332009976970093,-0.14089203037716452,-0.3359672959382894,-0.3407326538581071,-0.14071671620620135,-0.015207707448461618,0.27624572671708275,-0.008899584824167856,0.036798444485174,-0.057942927268525526,0.016713815553554494,-0.07210353098677971,-0.04509399230211413
#101,-0.37383675063152944,-0.0810636788881894,-0.26768720764369786,-0.3379563148961264,-0.019211245607184693,-0.23482695694443337,0.1622213899226227,-0.041205205237112415,0.09083664703679208,-0.09402417741794102,-0.12286176477619552,-0.020006534437281356,0.17060300105985385,0.25463905202846465,1.0,0.557669596538342,-0.20962474798587924,-0.13434962426985633,0.19664512427384073,0.23418945086820359,0.1950927969782212,0.004754201563483652,-0.1570336842273028,-0.29627616763222275,0.056980293093418545,-0.14969758305508848,-0.41048378742359887,-0.5592410490162484,-0.03053813481659747,-0.297769525615791,0.10263369697742432,-0.27964522786857815,0.06869127971375977,-0.19822295181250946,-0.18197610945979328,-0.28616213373283717,-0.07642422841842711,-0.21986468933532022,-0.0925834136856617,-0.11580297874714118,0.0025882746694929435,-0.12517591183290966,-0.0009387276972483644,0.16085712691949094,-0.19922224258699966,-0.05891193650439481,-0.26602491054992866,-0.25897887464239894,-0.030496696921642533,-0.19452063527480495,-0.2837491732343074,-0.2653619042306497,-0.05978691359402019,-0.11950688905003626,0.01884308584816199,0.04310975463984891,-0.38447035198304236,-0.20639418594458478,-0.16806413311126872,-0.2603096685765286,0.030219381778482577,-0.060239542908143345,0.0901353903529393,0.18607686729514142,-0.24339981990453347,-0.28097124050713607,0.19434850863422293,0.3687622022647403,0.21108623066563603,0.29034576735809514,0.21285849755755484,0.08386551809321932,0.22613615536023077,0.07625210177784507,-0.04713241798085888,-0.32494481588027635,0.01993959629927723,-0.1439775597861167,0.025047613735068412,-0.06703376391556232,0.06358166851277801,0.052884316553642154,-0.016964036688474685,0.0827562575205795,0.00019603311844066014,0.054659770975942115,0.04497127238243989,-0.024510514865844817,-0.1756456741228315,-0.051869088127246214,-0.09468718373722,-0.15809991313979713,-0.23878108838224865,-0.02831164484536493,0.28137765063073256,-0.014678577405190893,-0.18290368080070762,-0.3008869303285547,-0.31979854807991137,-0.1559212361242818,-0.26268597247567516,0.04134545657388297,-0.20496776609902062,-0.020385850552638078,0.02898421375578736,-0.07513009108368064,-0.10774649570878722,-0.20850433105690538,-0.09741092844791177,0.04391460606108902,0.17925077098391093
#102,-0.26314816438094174,0.15558176413868946,-0.22495039405844336,-0.4062603096685765,0.11374064659053781,-0.16783622468901657,0.3381093163544215,-0.12445712373196056,-0.08143502617759325,-0.37062850130290304,-0.2646494911904629,-0.20606746408051702,-0.06749595582082892,0.043238849620285444,0.557669596538342,1.0,-0.35171688355154634,-0.10500521958099913,-0.09108846193690284,0.41509295635474025,-0.2339201045509965,0.42893161950449843,-0.03160436372909179,0.03131429846440724,-0.2184621759676147,0.021024950394058443,-0.5424905768633107,-0.38237773828781807,-0.12073090071639746,-0.3365665516499454,0.05633003689566416,-0.2537178557483126,0.09319063822327056,-0.1758193945286041,-0.2783431217078788,-0.41825976778841173,-0.17798532142259482,-0.2820310943588681,-0.0393022495995665,0.11922479261130457,0.04622078429185028,-0.09795440237789767,0.03987919259855446,0.06779717744184749,-0.3312226569659492,0.16039971630979608,-0.16079975137263028,-0.11372789646901323,0.0628644741770195,0.01268955844735395,-0.37974324442779844,-0.18599558527042212,-0.22852202185052076,0.169632398058794,-0.11014033102503008,0.34746631178828424,-0.5390129812174772,0.02803592346739555,-0.16011602610587383,-0.004862577596442716,-0.0005482552255576186,-0.0029420905418004765,0.05339272764943541,0.3788762361641259,-0.31607710635992,-0.12026870881113086,-0.012568432292870291,0.366699870108137,0.054304361338444004,0.3197921730191491,0.046729195387643536,0.0008925085067217047,0.1838185020200974,0.16254173672592817,0.061081050928766666,-0.1969033142347138,0.24099004693638487,-0.02368813202750839,-0.06970969567053686,0.2393022495995665,0.019421622612340525,0.1337583373841532,-0.13563101148307818,-0.08914725593478313,0.07320960402903841,-0.03735944983225621,0.0001928455880595112,-0.24290734646064596,-0.08247575484703838,-0.04510992995401988,0.15568695264126736,-0.20511917379212521,0.096634764800102,-0.22804229852815786,0.09112033724071432,-0.2324108089155225,0.12682705257034482,-0.3844225390273251,-0.23236458972499582,-0.010652726533799775,-0.1873375355608858,-0.03736423112782794,-0.12530341304815562,-0.004669732008383205,-0.03826152093012136,0.03346110017611106,-0.11673373761843668,-0.10839515814135103,0.08494290336204767,-0.09191721983600157,0.06948019348309413
#201,0.42213739849707943,0.12032289682761038,0.7629672720318116,0.579647618516364,-0.18942696172572895,0.42253743355991363,0.028447114886563762,0.13549554144187936,0.0697511335654918,0.6470017292352318,0.4718612786778124,-0.09069958323040267,0.008893209763405557,-0.4105937572217485,-0.20962474798587924,-0.35171688355154634,1.0,0.7410545944266032,-0.24169449115061878,-0.5779630087099268,-0.060029165902987514,-0.005157424156698994,-0.23921299874889432,-0.20952434077887305,0.2632198838145176,-0.14612276773262994,0.38209086055351466,0.5049175624955176,-0.21009331495190814,-0.046235128178565454,0.2670895456972324,0.10733211675923786,0.45646072564129125,0.4465953191116353,-0.14095896851516865,-0.14435846966666402,-0.1353250085664879,-0.2603367625847684,-0.22762473204822734,-0.3720501398528955,-0.27760042712907107,-0.25617862920255957,-0.5954545816764816,-0.5022049741411598,-0.1806947222465714,-0.32415271458056083,0.02753069990198344,0.08255225557618596,-0.09256747603375595,0.004951828447114887,0.42227924359904057,0.5015610930041677,0.30878563061304176,0.28368382886149385,-0.18183426435783215,-0.34275832941532725,0.1741714413215501,-0.5258070428483772,0.04939875208185578,0.019297308927475713,0.1514586935906733,0.09044936209548247,-0.5343719369825244,-0.4519041509614389,0.5238180238905402,0.20736319518045407,-0.36783144339344487,-0.39597096159822776,-0.38713990867725456,-0.33358780450876174,0.3255281339400266,0.3345934703440142,-0.39566973997720917,-0.12047111699033382,-0.45260222011491047,0.01431360517654934,0.06224768704826718,0.28625775964427164,-0.37193857628955523,-0.29160006056307725,0.30586107148833763,-0.2216720190614317,0.09160324809345839,0.12883519671046864,-0.2540382025516181,0.16667436986508777,0.20959127891687718,0.035859716787925634,-0.1544852536875742,-0.021592330801902957,-0.3795025858840217,-0.049393970786284054,-0.13442293746862274,0.283484608212672,0.15570448405836368,0.715103315828479,0.09846918853445322,0.7191403230562041,0.7022846624006885,0.21027181665325248,0.5037078947158715,0.5093418546645523,0.49969638773119557,0.10879041190861351,-0.06212974842416467,0.16826813505566224,0.32985839396281746,0.15622883280606267,-0.1767310282176127,0.2085601128385755,0.21341950290463707
