,#10,#11,#12,#13,#17,#18,#26,#49,#50,#51,#52,#53,#54,#58,#101,#102,#201,#202,#301,#302,#401,#402,#501,#502,#601,#602,#701,#702,#801,#802,#901,#902,#1001,#1002,#1101,#1102,#1201,#1202,#1301,#1302,#1401,#1402,#1501,#1502,#1601,#1602,#1701,#1702,#1801,#1802,#1901,#1902,#2001,#2002,#2101,#2102,#2201,#2202,#2301,#2302,#2401,#2402,#2501,#2502,#2601,#2602,#2701,#2702,#2801,#2802,#2901,#2902,#3001,#3002,#3101,#3102,#3201,#3202,#3301,#3302,#3401,#3402,#3455,#3501,#3502,#3601,#3602,#3701,#3702,#3801,#3802,#3901,#3902,#4001,#4002,#4101,#4102,#4201,#4202,#4301,#4302,#4401,#4402,#4501,#4502,#4601,#4602,#4701,#4702,#4801,#4802
#10,1.0,0.29968045007928984,0.36429169090517893,0.44157017746575394,0.1030592322833077,0.27996716843707414,0.3098901098901099,0.5167193937317215,0.0873255823219565,0.4386041804460949,0.40061997465913346,-0.0468311963598403,0.24537927627122696,0.012850528731601973,-0.07023245065304529,-0.002495836288439624,0.30845253368821174,0.1670536859804445,0.21726525830949325,0.09991473356230426,0.10357561220505383,0.08929547609750656,0.015349552550422746,0.06406617313071265,0.07596681780873224,-0.16311230466415383,0.19883495764569006,0.26862912287132734,0.030966857652862004,-0.004425885934225311,0.1287762273984174,0.21486186040210695,0.10047733267457705,0.1504578090509925,0.020205755086103165,0.008880459641880962,-0.03372407143255584,-0.12119309262166406,-0.07487190112280757,-0.07609910031954992,-0.012686370916972802,0.13590992039142874,0.048762839770816566,-0.09582035078771844,-0.00724047526077983,-0.08329495015499366,0.26382870211731707,0.31513837866267164,-0.03016678752719362,0.06556271864466208,0.10118177688881097,0.27172580863661355,0.12509941110376208,0.06115755165791424,0.03948075130091084,-0.008622269681007898,-0.22315262692347537,-0.13817306696204448,-0.1516085075185873,-0.039405844336953835,-0.0955669421224171,-0.06039573189681964,-0.13444684394648138,-0.11652654814366199,0.2804532668201994,0.16454669333567085,-0.06472280438922934,0.003281562527392839,0.22634812613057717,0.004338228848743715,0.20659659412378775,0.24383173027117916,0.019399309899672482,0.26023316784738104,-0.08414602076676043,0.03947278247495797,-0.11415024424451546,-0.07975360390153718,0.05476495947852003,0.008423049032186087,0.024818111547625688,0.06167552534485094,-0.07297532054602396,0.09151399724278622,0.03764792133175019,-0.14030552478703312,-0.12789806277841087,0.09876084756432835,-0.03513455362621425,-0.044639769222800406,0.03346269394130163,-0.14322530261616556,0.03497198957677566,-0.1911163528277379,-0.16835579214114385,0.1760935221413829,-0.016981568105571006,0.12130784371538542,0.22804229852815786,0.16566870402983527,0.2298368781327447,0.1743260365450358,0.1176374024814924,0.08562503486361354,0.14248898309812016,0.19326474830463228,0.19143191833547163,-0.11112846544318626,-0.01850361386256963,-0.22442285778036322,-0.25392823275346843
#11,0.29968045007928984,1.0,0.2800532317573652,0.24165305325566383,0.12042011650423542,-0.07652463562543331,0.28614938361131254,0.02645012710277395,0.33257576361274693,0.49098646096470605,0.23442851564678976,-0.14942823673788141,-0.11260429200965821,-0.09125421351672258,-0.09964698101028775,0.07619313246579382,0.18965805767836225,0.09999282805664242,-0.010499725075504627,-0.06322785264047048,0.0428483771485947,0.026088342404513545,-0.03599837435950561,-0.23088876315852386,-0.09651523241080892,-0.09701408091545873,0.16022918343440462,0.2186486464949119,-0.19037525201412075,-0.3662663659763007,0.06565356326052482,0.07699639012184335,0.17356581054913178,0.15344771254851022,-0.08579078644343328,0.044614268979751216,-0.16835419837595328,-0.1792284582712429,0.07380407844512268,0.16640183601749955,-0.14858194742168637,-0.07375467172421488,-0.13733952776737404,-0.2828391333104894,-0.09607535321821035,-0.1347576281586434,0.2632645092398537,0.23102423319972268,0.21881439807473166,0.23758257695893664,0.3137677405987776,0.09155702890293173,0.11698874004892859,-0.04455848719808111,0.15873901298121748,0.08118321127748249,-0.10548016160779032,-0.1951039533345552,0.07019738781885265,0.09035054865366686,-0.07931213094374806,-0.009439871223772602,-0.22208002295021875,-0.1141661818964212,0.1801767485596347,0.1833547163496402,-0.2411127668560591,-0.008072420690259704,-0.047251950370151966,-0.1954928320410554,-0.1389970435655715,-0.013115093753237335,-0.07682745101164246,-0.09146777805225956,0.03050147821721426,0.09462821442516874,0.005284925371944952,-0.0246300472551379,-0.1116623767820287,-0.20183123620397006,-0.051228394520635274,-0.06315932073727577,0.11486743858027397,0.12967032967032968,0.02088788658766904,-0.06096948736542645,-0.07136721146873432,-0.19405366207396665,-0.10517415869120003,-0.03650837922048945,0.08484249615504148,-0.038682274940433026,0.0685271218991306,-0.024424451545553793,-0.005088892253504292,0.07339129326076389,-0.2782108391970611,0.1908533815712931,0.22292312473603265,0.22689797512132537,0.30510403302281475,0.09234753643745668,0.05048729370701815,0.12113890460518452,0.29648813840256916,0.20798157607439696,0.2771318601630422,-0.026588784674353928,0.062300281299556136,-0.0766314178932018,-0.11610898166373149
#12,0.36429169090517893,0.2800532317573652,1.0,0.68433886635482,0.07549825084270334,0.6017164851102487,0.3696196479372694,0.05170493031261704,-0.06086111133246739,0.4758935046099658,0.2789774402537274,-0.1260540764529162,0.28914088087402084,-0.12116440484823371,0.0287881806373467,0.04846480568017914,0.8393516563204743,0.726511487062611,0.22923284112551698,-0.029097371084318147,-0.17676768481699592,-0.030471196678593344,0.2515264286112727,0.11158587605288113,0.174875885535784,0.009678936002358772,0.22287849931069656,0.40507454836678913,0.16898532939142077,-0.06335535385571643,0.39925252412562057,0.3327032648279929,0.38811688673907674,0.3237670234044418,-0.17293149200328314,-0.2040577261752026,0.1032217963327463,-0.26899090756958777,0.09111396217995203,-0.060671453274789025,-0.07582656647196169,0.14033102503008232,0.10996342308887631,-0.13579676306289795,-0.06764576974874292,-0.08636613567723067,0.2828981026225406,0.19254914773406434,0.1259409191243854,0.17512291914032305,0.4408625457211389,0.3858664902899856,0.5171210225597462,0.39573349058483215,-0.23346747523687336,0.055384934137653496,-0.28954569723242674,-0.4830813856194567,-0.28529512546916463,-0.23862330562838177,-0.32345305166189864,-0.20819992190550565,-0.2871024551952761,-0.3001984237662265,0.5185330985185953,0.439109404011507,-0.17220792260676235,-0.0376415462709879,0.3282582537114807,-0.06964594506291388,0.464555459044219,0.4403557283905362,0.004853015005299269,0.06123245862187124,-0.36532763827905235,-0.32395827522731074,-0.2614173353839779,-0.17457625767995602,0.33770609376120614,0.15694762090701178,0.12305142283387388,-0.01911402593055965,0.010525225318553818,0.06441998900302018,-0.16031843428507678,-0.34479356756369084,-0.2872618317143335,0.11853947357935755,0.08609678936002359,-0.07264541115157504,-0.1516340077616365,-0.3184358788419702,-0.273083696578983,-0.2575269545537856,-0.25180374375443265,0.6915618101985035,0.19976731028217612,0.7150937532373356,0.6430189100239861,0.37723306425264364,0.7096143885121405,0.7214528763477277,0.3977209157774785,0.503110232769406,0.36185641769398114,0.43406035588776704,0.5480448485524627,-0.2621903115014065,-0.26250747077433084,-0.39317549745396013,-0.3437289324163871
#13,0.44157017746575394,0.24165305325566383,0.68433886635482,1.0,-0.023106407732948704,0.4102686291228713,0.1738208129796237,0.0748639322968547,-0.007709042226808724,0.5805672210313254,0.23746145080445297,-0.14442540780466814,0.18941421160420435,-0.1800890914741531,-0.09735514666624166,0.04349385205077736,0.611801831236204,0.4121317406306529,0.28507677963805594,0.02785104670528891,-0.033647570703408264,0.09664273362605487,0.3278088119277387,0.20350468965407326,0.3282710038330053,0.15835810310067017,0.3801703734988724,0.4958474447959582,0.04754998446078939,-0.12411765174636821,0.19169967088748815,0.19513264110798556,0.17963008709926767,0.23647809768186853,-0.02497270677111141,-0.22908462096279356,0.08437711671939373,-0.23885121405063392,0.1268716779956809,-0.0850098415000518,0.09989082708444565,0.04393213747818534,0.1057877582895712,-0.236862195092797,0.01857533329614548,-0.07939500673365793,0.39670249982070144,0.29858075209779344,0.18731841037859892,0.24181402353991185,0.3783805751898573,0.39969240331821915,0.42806620500601644,0.32817059662599907,-0.0026520252771159224,0.08757739722206727,-0.23921778004446606,-0.3145470917769685,-0.1510522834670768,-0.07201906143167927,-0.2512889575978771,-0.15805847524484218,-0.2556765931675286,-0.32146722023444285,0.5245654997649196,0.47744583190558537,-0.17174094940592402,-0.1403071185522237,0.16851676242539188,-0.12581819920471116,0.13303317422244182,0.1413127843874762,-0.2519439950912032,-0.018533895401190544,-0.2890739427360167,-0.2123421176358087,-0.30036576911123686,-0.21358684824964738,0.09818868586091212,0.0801520451991808,0.057557236092406504,0.02337575405015579,-0.08797265098932974,-0.06830080724206902,-0.27509980954505975,-0.30147024838830494,-0.25750623560630814,0.2608228609678936,0.19225111364342692,-0.116751269035533,-0.13487078548717418,-0.2625170333654743,-0.09569763086804421,-0.21399963343400616,-0.14975814613233032,0.4547665532437106,0.27445592840806765,0.45663125851668274,0.50708827068508,0.17630230538134817,0.46984357194654514,0.35540007490696396,0.14927045398401453,0.28400895696037104,0.2965981082007188,0.24233359099203913,0.32879694634589485,-0.25079489038879904,-0.23590274844807116,-0.275297436428691,-0.20143438867151703
#17,0.1030592322833077,0.12042011650423542,0.07549825084270334,-0.023106407732948704,1.0,0.43439664034297826,0.2456135597542414,0.21441401238355554,0.11194287945556981,0.058205898524970316,0.23429304560559092,0.6240546980213405,0.4809138649602754,0.39084541274534024,-0.021214608451736807,0.1221142889018161,-0.018873367386782906,0.18070587860290543,-0.0926328204065695,-0.025418961024472265,-0.2274717305899322,-0.21042322434635705,-0.2672027030257632,-0.09312051255488529,-0.16586314338308536,-0.14621839364406441,-0.24006088183027993,-0.080626987225972,0.29859828351488976,0.1339591517981656,0.3753827028663867,0.18649762130545305,0.3993943692275817,0.29005092079783884,0.34259576536588865,0.11537584967606722,0.30213803600315564,0.1683095729506172,-0.015547179434053982,-0.10885575628142706,0.16410522037788172,0.12656886260947176,0.38757819410466254,0.24370741658631434,-0.12722230633760728,-0.04777948664823212,0.11921523002016113,0.17001649546972245,-0.10655435934623751,-0.2732542294543745,-0.05017332196447497,-0.19732884954059718,-0.19253958514292088,-0.26951206878690565,-0.2232434715393381,-0.11113005920837683,-0.2562280359234674,-0.21482998509829546,-0.22393835316242858,-0.21345615950402028,-0.05427248603463252,-0.007168755827203978,0.3664145861390241,0.40820310943588684,-0.03598562423798102,0.013151750352620548,0.3244698738534852,0.34955733171831793,0.1623409223119158,0.15800906852393437,0.3115667508705942,0.25325247631266484,0.3409541872195969,0.07864434332889736,0.2694833810134753,0.2006120058331806,0.1317661308959351,0.07571181537824033,0.1349695989289898,0.07813115093753237,0.2033293754831101,0.4007809449433815,0.06127070898644503,0.3986437058228211,0.47691510809712406,-0.028875837722828295,-0.06401198511423312,0.2690929085417845,0.021150857844113826,0.5171799918717975,0.3099522667325423,-0.1452446031126234,-0.1559021109419949,-0.13960267433798978,-0.2080485142124011,-0.1492672664536334,-0.07232825187865072,0.05382623178127167,0.16274892620070286,0.26221262421407454,0.1175561204567731,0.16959096016383907,0.3658424244356079,0.21598068356589023,0.2617711512562854,0.41465467092733227,0.30210616069934415,0.024934456406537624,0.0690642207683542,-0.1325662010216035,-0.1851652336061328
#18,0.27996716843707414,-0.07652463562543331,0.6017164851102487,0.4102686291228713,0.43439664034297826,1.0,0.3599869311254373,0.3279267505518412,0.029801815298552064,0.23230243288256341,0.2607112974045534,0.40494226585597143,0.70381467698364,0.19577811601016823,0.04015650774171441,0.11036027062132936,0.5456287005235518,0.6199411900644678,0.08134577532692108,-0.04450429918160157,-0.2854481269274598,-0.17692706133605335,-0.011583485405095267,0.09926447736454988,-0.006177433878666656,-0.08392289364008,-0.03630756480647706,0.16419128369817274,0.4686737482966635,0.2897608555331543,0.5911960410872666,0.3817689199850186,0.4174740415494585,0.3446963478870658,0.12711233653945764,-0.09292129190606348,0.33547163496402077,0.043965606547187404,-0.009043023691319558,-0.12257010574632039,0.23349138171473197,0.12486512762074764,0.33723912056036787,0.17424634828550709,-0.07736614364605662,0.03241399644590363,0.16905864259018719,0.10105268190837444,-0.04654909992110862,-0.09478280964865446,0.06374742009259776,0.10203284750057774,0.15098056403350094,0.11726446142689798,-0.3520898246061408,-0.050219541155001636,-0.42401007259600443,-0.470548016160779,-0.39680131326251705,-0.36216242061057147,-0.29087489740136585,-0.23833483412888778,0.12774984261568742,0.1073608045326682,0.32825984747667125,0.21755691733936838,0.19338428069392535,0.2704571715449163,0.3322793232873001,0.1466566790714724,0.5656830479165504,0.4679820542039541,0.18711122090382423,0.1824701766688714,-0.18113619520436053,-0.19746272581660543,-0.20180573596092088,-0.20522276852951254,0.3621162014200448,0.28520587461849245,0.3780984787511256,0.347182621584362,-0.055008805552677925,0.3598833363880499,0.20382025516180702,-0.2735458884842496,-0.2881607152818175,0.44218377706412515,0.16052721752504204,0.3988206137589749,0.11374064659053781,-0.3020232849094343,-0.2632135087537553,-0.2900094829028839,-0.36539138888667533,0.2863996047462327,0.19080716238076645,0.43897393397030815,0.451382989744121,0.418094016208592,0.47406386217118635,0.6448613025842903,0.5279171879606978,0.46222856186598027,0.29764999322649793,0.4634382296456263,0.46901003275187464,-0.2380352062730598,-0.23589796715249942,-0.35718349815521677,-0.31707958466479136
#26,0.3098901098901099,0.28614938361131254,0.3696196479372694,0.1738208129796237,0.2456135597542414,0.3599869311254373,1.0,0.3354493222513527,0.4048928591350636,0.48965885456095753,0.6434061949652957,0.25699782451051484,0.5776442556718119,0.326863709169728,0.30545466136474114,0.3093275107778371,0.3186478496123166,0.32122337416028496,0.05109451824462702,-0.0772179234833332,0.04656344380782379,-0.0034425328116408607,0.027360167026591973,-0.02073169759899274,0.05075345249384408,-0.12117396743937715,-0.27757652065121247,-0.20700300424738424,0.21301149901584998,0.05083632828375396,0.28233072221469613,0.275233685821068,0.29974738821729396,0.11313182828773836,0.08852090621488735,-0.013288814159009952,0.19471348086286447,0.08407270756799401,-0.009815999808748177,-0.1030592322833077,0.08395795647427265,0.02454079640446573,0.14051430802699838,0.13233351130377963,0.03936759397238005,0.07338332443481102,-0.2836487660273012,-0.23126967303907114,-0.2030329351576632,-0.17711512562854115,-0.21398210201690984,-0.060757516595080045,-0.18584417757731753,-0.030517415869120004,0.06725848480743332,0.09129087011610579,-0.3392504522308728,-0.31048139677581305,-0.23660400513192392,-0.18887233143940904,-0.2789615026018217,-0.29731052124090557,0.16384543665181808,0.3402545243009347,-0.07023245065304529,-0.18325430914263402,0.14096534357593096,0.25642406904190806,0.47337854313923927,0.186838687056236,0.42314625186271304,0.3636956227239041,0.32523806867534205,-0.00994190725880356,0.1426053279570321,0.06530930997936074,-0.16569420427288448,-0.1719800141845102,0.3409509996892158,0.3293053574416881,0.017679637259042626,0.2989760058650559,0.05241256205723211,0.2447338013690443,0.26627831921523004,-0.3156659149407518,-0.340302337256652,0.05081242180589534,-0.005503271203053654,0.33913410737196087,0.29650088852409373,-0.29243678728812883,-0.07354907601463076,-0.2796898532939142,-0.20712253663667732,0.1655619217620668,-0.05769589366398648,-0.008888428467833834,-0.05835411868769374,0.2412689558447354,0.17775741300034267,0.19744997569508085,0.3527305182127517,0.15583836033437193,0.2229374686227478,0.2851453115412506,0.3325598259608412,-0.3297452366342867,-0.2842480217389572,-0.29718142626046906,-0.13091346651897776
#49,0.5167193937317215,0.02645012710277395,0.05170493031261704,0.0748639322968547,0.21441401238355554,0.3279267505518412,0.3354493222513527,1.0,0.44427798452454,0.2935811106949613,0.5032393277498426,0.433128003251281,0.5280781582449458,0.48355951517662904,0.20755125947294184,0.2230888763158524,0.10316920208145734,-0.00651371833387787,0.2221198670799831,0.021941365378638764,0.037786578903330176,-0.06453633386193212,-0.15701615281020648,-0.06830718230283132,0.002865589812652902,-0.3065432029899035,-0.01400760225995904,-0.10045023866633729,0.3239981193570751,0.16573564216783943,0.06047860768672952,0.060792579429272686,0.02286256165879081,0.07834312170787879,0.23650837922048945,0.1555148260006853,0.18389340898405437,0.1045764967447346,-0.058148522978109636,-0.23432173337902126,0.10942473045446215,-0.029688657970021275,0.07872084405804493,0.13390337001649547,-0.13544454095578098,-0.17145247790643003,0.03532899297946433,0.0004366916622174055,-0.17027309166540494,-0.32593932535919484,-0.26641697678681,-0.1809146618428707,-0.21993003370813377,-0.17609830343695462,0.06909768983735626,-0.07210193722158914,-0.3510459084063145,-0.24203236937102057,-0.20247671110615273,-0.2075863223071345,-0.21760313652989505,-0.23615775087856306,0.32208081983281406,0.3030162006231622,-0.027298010184159567,-0.03732119946768243,0.3330076739793926,0.33207372757771597,0.3306170261935309,0.3355927611185044,0.3356533241957462,0.30351823665819316,0.2806413311126872,0.40025340866530135,0.1653308258094335,0.16304377276095913,-0.14787112814669015,-0.22329606579062708,0.07941731944632598,0.06146674210488569,0.12560463466917418,0.18512698324155902,-0.0560033150315964,0.32228004048163583,0.33896835579214113,-0.18874642398935365,-0.26385898365593796,0.07833993417749763,-0.14518563380057217,0.34906963957000214,0.10771302663978516,-0.1443775948489509,-0.06795177266533321,-0.24573468590872508,-0.25263568918391255,-0.12018902055160213,-0.08931619504498402,-0.1590737036712381,-0.0125429320498211,0.08201196917658121,0.001992206488218091,-0.07086198790332221,0.04352413358939827,0.01794101475029684,0.019077369331176437,0.13574098128122783,0.0766744495533473,-0.24536174485413065,-0.1807568790890038,-0.27083967519065416,-0.27918622349369265
#50,0.0873255823219565,0.33257576361274693,-0.06086111133246739,-0.007709042226808724,0.11194287945556981,0.029801815298552064,0.4048928591350636,0.44427798452454,1.0,0.44683438389022145,0.5495621130138897,0.3258357306218075,0.28003729410545947,0.38192192144331377,0.2868251400521161,0.3212919060634797,0.08192909338667134,-0.02185689582353832,0.11639426563284432,-0.3370606188590235,0.06120536461363147,-0.20688187809290057,-0.17055200057375547,-0.3480974428037517,0.03284590681254931,-0.30336045390432625,-0.1475444062826224,-0.2382902087035517,0.10009164149845803,-0.033480225358397946,0.05374335599136179,-0.06071607870012511,0.13950545466136474,0.09935372821522205,0.25053191913235423,0.2113189203834599,0.1954609567372439,0.19866442477029858,0.21734016527345026,0.08767621066388288,0.11068061742463482,-0.06853827825546462,0.035285961319318826,0.0186613966164365,-0.10097618117922687,-0.2200718788100949,0.051488178246698914,-0.06868012335742575,-0.047102136442237964,-0.29472702786698435,-0.187063407948107,-0.35436572129828114,-0.16225007769605304,-0.30655276558104694,0.29423933571866856,0.05536899648574776,-0.21897536835897968,-0.38190439002621746,-0.0005291300432707249,-0.05360629218497239,-0.11779199770497813,-0.1282694100678147,0.23412251273019946,0.22977631505550286,-0.22732191666201818,-0.16325414976611496,0.14552191825578337,0.25758751763102744,0.19651124799783248,0.18548079911386656,0.07080301859127094,0.06723617209476528,0.21568583700563396,0.00872267688801409,0.30282335503510266,0.2365928487755899,0.0064993744471627,-0.08907713026639785,-0.10816724971909888,-0.138815354333846,-0.07879575102200193,0.14486209946688555,0.2036720349990836,0.16939014574982666,0.1318792882244659,-0.07421686362948147,-0.190348158005881,-0.21637115603758098,-0.101642375028887,0.18026918694068803,0.27258166054395205,-0.05771501884627338,-0.03146411239232124,-0.11072046155439919,-0.11657914239495096,-0.13067440174039158,-0.2848265585031357,-0.023281721903911895,-0.010235160053869263,0.12144490752177482,0.05691494872060499,-0.12367617878857907,-0.03007116161575915,0.08240084788308139,0.20135151288160716,0.16971846137908503,0.21436141813226658,-0.1296623608443768,-0.1108256500569771,-0.1064555459044219,-0.14707902684697463
#51,0.4386041804460949,0.49098646096470605,0.4758935046099658,0.5805672210313254,0.058205898524970316,0.23230243288256341,0.48965885456095753,0.2935811106949613,0.44683438389022145,1.0,0.5665070245200775,-0.008964929196981409,0.23862968068914406,0.06726326610300505,0.07013841850680139,0.14154388034010948,0.4745882109188853,0.21026544159249017,0.18305986978938393,-0.07351720071081927,-0.07219278183745188,0.025740901592968306,0.13544454095578098,-0.05977894476806732,0.05443345631888054,-0.10820709384886325,0.13998836551410881,0.20167504721529378,0.008882053407071535,-0.24273362605487334,0.16757165966738122,0.07848656057503048,0.17291077305580568,0.10273251041923993,-0.029535656511726127,-0.0899234195825929,0.0022615528054251766,-0.2531297563929906,0.23622628278175775,0.1628333957558033,0.04309859828351489,-0.13445959406800595,-0.01606674688618126,-0.259761413350971,-0.005187705695319908,-0.0909784921387532,0.20666353226179188,0.1344197499382416,0.1209030273569795,0.08833921698316187,0.14654511550813218,0.19640605949525455,0.2564750695280064,0.22541577349409112,0.044982428738773915,0.04538724509717983,-0.23119954737068588,-0.3998740925499446,-0.08405995744646941,-0.04879630883981863,-0.17333949589207023,-0.12237885392345146,-0.2007873200041438,-0.17635171210225598,0.14964817633418068,0.22477029859190845,-0.17988030823418785,-0.024360700937930815,0.18857748487915277,-0.04938281442995004,0.14022105523193268,0.1531735849357314,0.015182207205412426,-0.023951103283953175,-0.0473810453505885,-0.06602809808030982,-0.14044896365418483,-0.10499725075504626,-0.00018806429248778778,-0.049365283012853714,-0.14879710572241392,0.08322641825179897,0.07164612037708484,-0.014179728900541083,-0.1654678896158229,-0.1868323119954737,-0.20127182462207843,-0.0008478830813856195,-0.023001219230370788,-0.025077895273689327,0.0789471587151065,-0.19531433033971105,-0.004768545450198823,-0.19744360063431854,-0.13455521997944042,0.21468017117038146,-0.039781972921929414,0.27135286758201915,0.24287706492202504,0.06946425583118838,0.3799440588418108,0.16857413797225254,0.059421941365378636,0.11048139677581302,0.1469132752671549,0.1528500506020448,0.31795774928479786,-0.18161113723115174,-0.19780697909776954,-0.18914008399142554,-0.1787917666090255
#52,0.40061997465913346,0.23442851564678976,0.2789774402537274,0.23746145080445297,0.23429304560559092,0.2607112974045534,0.6434061949652957,0.5032393277498426,0.5495621130138897,0.5665070245200775,1.0,0.2903824239574783,0.4783255902907825,0.33570273091665404,0.2704061710588179,0.3134489875606627,0.3014670608579238,0.25431392392958746,0.24503661675525346,-0.00861270708986445,0.03057797894636183,0.08660360669062626,0.020063909984142037,0.03277578114416403,0.18594299101913314,0.00497095362940178,-0.12694499119444733,-0.029857597080222172,0.2663803201874268,0.02514642717688403,0.15367721473595294,0.1683462295500004,0.16801632015555149,0.11815378240323852,0.15408840615512118,0.04943859621162014,0.26614444293922174,0.09629688657970022,0.06255050243447632,-0.14897241989337712,0.13374718102781918,0.015113675302217725,0.09900788116886738,0.02710994589167178,-0.07534206185402705,-0.04482783351528819,-0.0467690395174079,-0.044751332786140616,-0.22473842328809696,-0.26934153591151416,-0.2009610404099164,-0.059742288168684106,-0.14815800588099357,-0.06323104017085163,0.09820462351281786,0.06371235725840511,-0.36796850719983426,-0.3460048291085274,-0.2367681629465531,-0.21156436022280836,-0.23830455259026687,-0.24700332300042235,0.23633306504952625,0.26495868163743436,-0.058578839579564744,-0.01496226760911315,0.13888707376742185,0.2406872315501757,0.4427670951238754,0.28467515081003114,0.2826175999489995,0.22445313931898414,0.22005275362780802,0.08022057710237551,0.17240236196001243,0.08773517997593415,-0.17782275737315623,-0.23214943142426825,0.18547442405310427,0.19407756855182526,-0.10989329742049105,0.1381348165974707,0.048850496856298165,0.2010741977384472,0.13051661898652472,-0.24472902007347258,-0.3138904605184518,0.07494043302600228,0.03155176947780283,0.2045645435058053,0.11563085210655914,-0.26045310744368033,-0.10960960721656879,-0.3052060339950115,-0.2358071225366367,0.13857310202487869,0.1350317557714222,-0.023681756966746088,0.022766935747356342,0.03190558535011037,0.07094486369323208,0.07001091729155544,0.14853732199635028,0.1237192104487246,0.18025006175840114,0.17928742758329416,0.21868370932910455,-0.2769692961136036,-0.3015069049876882,-0.2973471778402888,-0.27140227430292696
#53,-0.0468311963598403,-0.14942823673788141,-0.1260540764529162,-0.14442540780466814,0.6240546980213405,0.40494226585597143,0.25699782451051484,0.433128003251281,0.3258357306218075,-0.008964929196981409,0.2903824239574783,1.0,0.6254731490409517,0.4758185976460088,0.08859103188327264,0.18733434803050467,-0.03753795153360055,0.03463570512156444,-0.10317398337702906,-0.03904246587350286,-0.20160492154690848,-0.2788802205771024,-0.29998167170030837,-0.14853732199635028,-0.12494800341065751,-0.2023284909434293,-0.35533154300376923,-0.32358533417271634,0.457353234148013,0.25126026982444677,0.2734518563380057,0.057479141598068356,0.23719051072205533,0.21391994517447743,0.4386535871670027,0.23919865486217914,0.4146164205627585,0.3067679238817745,-0.02223939946927619,-0.07226450127102774,0.26911203372407144,-0.09813609160962315,0.2512937388934488,0.2363043772760959,-0.20978571827012726,0.006526468455402465,-0.06134561595040203,-0.10527775342858736,-0.17157838535648542,-0.3796348683948394,-0.334781534636502,-0.43586449808349736,-0.3868259369347114,-0.3695272095562161,-0.05520165114073743,-0.05571962482767414,-0.27647204137414433,-0.22971415821307048,-0.19831220266318164,-0.27753986405182923,-0.00788595016296249,-0.04361497820526102,0.5222162898740128,0.5517200710819276,-0.16945708388783082,-0.16663771326570456,0.37300799273243074,0.28157208998398264,0.15346524396560654,0.38832885750942314,0.30521878411653613,0.23879861979934497,0.2950075305405255,0.10488568719170605,0.3315302536477301,0.18429981910765086,0.0923953493931739,-0.049054498800691695,-0.07488783877471332,0.07217843795073672,0.1959470551203691,0.5038497398178327,0.09198415797400569,0.43493533297739245,0.6006263497198958,0.07296416418968993,-0.04101554717943406,0.31444509080477173,0.12789806277841087,0.6423559037047072,0.3591581732263386,-0.0017627043007753668,-0.08839659253002255,-0.06729036011124481,-0.13634023699288383,-0.26540812342117637,-0.034723362207046034,-0.11345855015180613,-0.055155431950210776,0.2153463650200416,-0.08869143909027882,-0.04668456996230745,0.20848361210942792,0.1544932225135271,0.12081377650630733,0.22153176772466113,0.10649539003418626,0.005321581971328164,0.02141223533536804,-0.02215014861860402,-0.11647554765756361
#54,0.24537927627122696,-0.11260429200965821,0.28914088087402084,0.18941421160420435,0.4809138649602754,0.70381467698364,0.5776442556718119,0.5280781582449458,0.28003729410545947,0.23862968068914406,0.4783255902907825,0.6254731490409517,1.0,0.43258612308648564,0.22285937412840967,0.23135733012455276,0.3334698658846592,0.33340770904222683,0.06582568990110688,0.006206121652096996,-0.1855206432436309,-0.074945214321574,-0.046874228019985816,0.1630820231255329,0.04514180525783136,-0.041084079082628754,-0.32496872235813495,-0.18349815521679191,0.529665548374758,0.34434731331032997,0.4604180446094877,0.30471356055112403,0.3555530763652591,0.21291906063479668,0.17159113547801003,-0.03498473969830025,0.33706540015459524,0.1857453641355019,-0.1228442333590992,-0.2411749236984915,0.3211229669532788,0.07565125230099849,0.3515320067894397,0.33122743826152096,-0.023686538262317813,0.1513949429830503,-0.12623895321502282,-0.14388034010949166,-0.30637745141008377,-0.32769884212958905,-0.30780227749045735,-0.11759277705615631,-0.2343886715170254,-0.07906350357401844,-0.26143964809664594,-0.010678226776848966,-0.4368223509630326,-0.3476575636111532,-0.348766824183793,-0.35016933755149854,-0.22107913841053797,-0.24725673166572368,0.39256667915116067,0.4413884882340285,0.016454031827490855,-0.07460574233598163,0.3487811680705082,0.3531799599964937,0.4829937285339751,0.296859485691973,0.5668098399062866,0.4020559570958411,0.3936026265250341,0.06788005323175736,0.05648303835395931,-0.07903162827020695,-0.11811234450828359,-0.13285786005147862,0.35854297986277683,0.41282184095817165,0.21373188088198966,0.5765732454637458,0.053757699878076964,0.42960896971049256,0.4248946122767733,-0.2576018615177426,-0.2745324291372152,0.4754185625831746,0.14646702101379402,0.5643729729298982,0.27162221389922625,-0.267615488210122,-0.13180597502569946,-0.2433536007140068,-0.2943110551522444,0.14202200989728184,0.14416721784379508,0.05037094884810621,0.09506490608738614,0.21469292129190606,0.15778116010168222,0.2875311780315406,0.39816238873526766,0.2338818541864227,0.19925411789081116,0.3584744479595821,0.308619879033222,-0.24548605853899544,-0.2511343623743914,-0.29646423192471055,-0.27980460438763555
#58,0.012850528731601973,-0.09125421351672258,-0.12116440484823371,-0.1800890914741531,0.39084541274534024,0.19577811601016823,0.326863709169728,0.48355951517662904,0.38192192144331377,0.06726326610300505,0.33570273091665404,0.4758185976460088,0.43258612308648564,1.0,0.278443528914885,0.40057056793822565,-0.14113268892094127,-0.0565212887185331,-0.01672975320546024,-0.16333224426045312,-0.15005458645777717,-0.32529703798739334,-0.3315047534046809,-0.23040266477539864,-0.11764855883782642,-0.27854552988708176,-0.36766250428324393,-0.2934950473746703,0.4501860720859996,0.28938313318298814,0.025952872363314713,-0.1575628142705735,0.26212974842416464,0.1315541601255887,0.45838599399150526,0.2254731490409518,0.3604714357433719,0.2067113452175091,0.059535098693909425,-0.22547474280614238,0.37631664926806335,-0.01448891934751253,0.3465562718644662,0.16976149303923052,-0.37075919004853014,-0.3583867908741005,-0.07825865215277833,-0.03333838025643682,-0.07392042330403462,-0.3816892317254899,-0.4084023300847086,-0.4825777558192352,-0.43654503581987264,-0.42053088318498033,-0.000232689717823873,-0.03421495111125278,-0.23509630326164047,-0.21105913665739626,-0.20202089426164843,-0.27496115197347976,-0.048616213373283715,-0.0564208815115269,0.7202320522117477,0.627596044274797,-0.23169520834495455,-0.04743682713225861,0.7544868474527647,0.6978842767095124,0.35900835929842456,0.4545370510562679,0.41722700794491946,0.3799089960076182,0.5426961725728948,0.19600761819761095,0.5393652033245941,0.4596355059009156,0.2555283730048052,0.06112727011929332,0.12766856059096812,0.07617878857907864,-0.1292001689391102,0.31443234068324716,0.2138976324618094,0.16046187315222848,0.49588091386496025,0.036586473714827594,-0.06606953597526477,-0.015376646558662513,0.011980332937548311,0.3899114663436636,0.1457944521033716,-0.08452852441249831,-0.29445130648901496,-0.13690283610515663,-0.2177178876236164,-0.3242865908565691,-0.09322729482265378,-0.1575516579142395,-0.07617400728350691,0.18556367490377643,0.009698061184645666,-0.11367211468734312,0.0029691845500402427,0.20770107340085586,0.16365259106375857,0.3450772577676131,0.20167664098048435,-0.01220824135980046,0.018033453131350158,-0.05686394823450661,-0.14697065081401556
#101,-0.07023245065304529,-0.09964698101028775,0.0287881806373467,-0.09735514666624166,-0.021214608451736807,0.04015650774171441,0.30545466136474114,0.20755125947294184,0.2868251400521161,0.07013841850680139,0.2704061710588179,0.08859103188327264,0.22285937412840967,0.278443528914885,1.0,0.6531249750974188,0.15033987042689,0.19722366103801928,0.5821259233877073,0.17934161559977368,0.5222609152993489,0.2446078939189889,-0.02719122791639108,0.04618731522284822,0.19509757827379293,0.0459323127923563,-0.3557698284311772,-0.3765700579333647,0.2785343735307477,0.33749412299085974,0.11707320960402903,0.1642135964108408,0.22574249535815888,0.14910151487381365,0.19744360063431854,0.28929547609750655,0.4672823912852919,0.4697001330793934,0.10657667205890556,-0.21135238945246196,0.30860712891169745,0.29831299954577695,0.30404896046665447,0.4722007506634048,-0.24394329383451935,-0.1269959916805457,-0.18736622333431616,-0.2807146443114536,-0.3196041087266613,-0.4358581230227351,-0.20098175935739387,-0.3242865908565691,-0.12894676027380886,0.18139597893042417,0.3487540740622684,0.40607065161089817,-0.5213413127843874,-0.3570209341057782,-0.6411143606212497,-0.614670608579238,-0.5816079497007706,-0.4951175003386751,0.37486632294464056,0.3729952426109061,-0.2777343034050793,-0.15543035644558487,0.39538286224290575,0.15994071193491063,0.7473993736502801,0.6348397070659579,0.4642940815529648,0.5217015037174573,0.47561778323199644,0.02774107690713927,0.15740981281227837,-0.008864521989975217,-0.23952378296105634,-0.3952362358453729,0.40942393357186685,0.39521232936751427,0.12578791766609027,0.058554933101706126,0.14561116910645555,0.34029277466550856,0.0618030265600969,-0.5751372630270383,-0.5952410171409446,-0.06763142586202775,0.16509176103084733,0.09132433918510786,-0.017279602196208433,-0.6318051781431042,-0.5860131166875184,-0.7052522531855382,-0.6941484911028059,-0.04639928599319462,0.2326227796858689,-0.06818764991353823,-0.027549825084270334,0.11044314641123923,0.09899672481253337,0.0386089617416666,0.23226737004837078,0.22710357083090948,0.17659715194160444,0.2536556989058802,0.25264206424467484,-0.4630971638948434,-0.47972969742367855,-0.6375586704810781,-0.6224673078915284
#102,-0.002495836288439624,0.07619313246579382,0.04846480568017914,0.04349385205077736,0.1221142889018161,0.11036027062132936,0.3093275107778371,0.2230888763158524,0.3212919060634797,0.14154388034010948,0.3134489875606627,0.18733434803050467,0.23135733012455276,0.40057056793822565,0.6531249750974188,1.0,0.1369920869558288,0.16748559634709018,0.4511869566256803,0.2323215580648503,0.15506857174732447,0.17677087234737707,-0.23453529791455824,-0.08688729689454852,0.10468806030807482,-0.030479165504546216,-0.4067001888611751,-0.34232004398791926,0.2635689183912534,0.28471818247017666,0.1418562583174621,0.18516363984094222,0.2699631043358382,0.28057917427025475,0.3563531464909275,0.2972818334674752,0.515039565220856,0.5586370120090207,0.08982938743634901,-0.26432914438715743,0.4264660647546797,0.31146634366358805,0.31431758958952577,0.4499151320036019,-0.5119062228561866,-0.34169050673764234,-0.03320291021523799,-0.10665636031843428,-0.2923857868020305,-0.43494170803815474,-0.16896142291356214,-0.4414251448334117,-0.2597885073592108,-0.03379419710094112,0.14944895568535888,0.38698531345376885,-0.6450971798324953,-0.42351441162173575,-0.5648574775478329,-0.5272749005888963,-0.5743467554925132,-0.5038704587653101,0.4073361011722143,0.5122903202671151,-0.06021404266509415,-0.016755253448509432,0.4316601455107619,0.32210472631067266,0.572681270868363,0.6852329686267322,0.321844942584609,0.44991353823841135,0.3367673660639578,0.02663659763007116,0.27074086174883855,0.10199778466638511,-0.22426507502649634,-0.48231637832798097,0.1766258397150348,0.30550406808564895,0.18620596227557795,0.012837778610077377,0.0865271059614787,0.4144841380519408,0.16812469618851056,-0.48860856330036895,-0.587684976372431,-0.13540469682601664,0.2960291340276837,0.16690068452214935,-0.08589438118082063,-0.56157591502044,-0.6936831116671581,-0.6315565507733746,-0.6196319996174964,-0.2235685996382153,0.22437345105945541,-0.0006964753882810446,0.1236251783024807,0.09569763086804421,0.12357258405119174,0.053501103682394476,0.20063431854584865,0.34188813362127357,0.2578680203045685,0.31720867964522786,0.30198503454486053,-0.49101196120775525,-0.42902246412036116,-0.5085417845388839,-0.5435950561403788
#201,0.30845253368821174,0.18965805767836225,0.8393516563204743,0.611801831236204,-0.018873367386782906,0.5456287005235518,0.3186478496123166,0.10316920208145734,0.08192909338667134,0.4745882109188853,0.3014670608579238,-0.03753795153360055,0.3334698658846592,-0.14113268892094127,0.15033987042689,0.1369920869558288,1.0,0.7160978253073974,0.31932679358350136,-0.04841858648965248,-0.14696108822287213,-0.031876897576680024,0.18958793200997698,0.11739674393771565,0.22345225477930336,-0.00024703360453904325,0.13574098128122783,0.22456948417789607,0.22721832192463084,0.03938512538947637,0.42810923666616196,0.35202926152889896,0.3336308361689072,0.23260524826877257,-0.16327168118321128,-0.1707257209795281,0.11281466901481405,-0.16253695543035646,0.08411573922813952,-0.08056961167911132,-0.029175465578656298,0.0936129859987728,-0.019032743905840352,-0.08997123253831013,-0.11564200846289316,-0.08246778602108551,0.19801894986811594,0.04108567284781933,0.1075169935213445,0.12226410282973009,0.3147718126688395,0.24253281164086096,0.511743658806748,0.3645339432141463,-0.2103132545482074,0.07933125612603495,-0.3045302775542079,-0.5227486074476647,-0.25835411868769376,-0.2702946074954777,-0.3392934838910183,-0.2696061009331495,-0.28593103778020384,-0.27346938775510204,0.5417351321629784,0.3182541896102447,-0.1508769692961136,-0.13580951318442253,0.39090119452701033,0.04823689725792699,0.45226115436412756,0.4344827036632693,0.0404322291196838,0.11924551155878205,-0.3783662313031421,-0.37867701551530414,-0.31881200742694576,-0.24610284566774776,0.25976938217692386,0.17284383491780156,0.1535433384599447,-0.00043987919259855446,0.02375028886994079,0.10250619576217836,-0.1854839866442477,-0.37439138091784935,-0.3316195044984023,0.1524436404784483,0.1866952481890843,-0.16369243519352294,-0.25565109292447946,-0.30256835260461074,-0.30513750209181684,-0.28348938950824376,-0.2808118639880786,0.707623775789113,0.2424547171465228,0.6788865956378647,0.5423965447170669,0.3316195044984023,0.6385675238467117,0.7019961909011945,0.3369809305994948,0.4597295380471595,0.24583031182015955,0.3503048075926974,0.47703464048641714,-0.3063248571587948,-0.3539114982189674,-0.4079210129971551,-0.36658193148403445
