,#10,#11,#12,#13,#17,#18,#26,#49,#50,#51,#52,#53,#54,#58,#101,#102,#201,#202,#301,#302,#401,#402,#501,#502,#601,#602,#701,#702,#801,#802,#901,#902,#1001,#1002,#1101,#1102,#1201,#1202,#1301,#1302,#1401,#1402,#1501,#1502,#1601,#1602,#1701,#1702,#1801,#1802,#1901,#1902,#2001,#2002,#2101,#2102,#2201,#2202,#2301,#2302,#2401,#2402,#2501,#2502,#2601,#2602,#2701,#2702,#2801,#2802,#2901,#2902,#3001,#3002,#3101,#3102,#3201,#3202,#3301,#3302,#3401,#3402,#3455,#3501,#3502,#3601,#3602,#3701,#3702,#3801,#3802,#3901,#3902,#4001,#4002,#4101,#4102,#4201,#4202,#4301,#4302,#4401,#4402,#4501,#4502,#4601,#4602,#4701,#4702,#4801,#4802
#10,1.0,0.3556965152324108,0.44915649977288846,0.5537186526309079,0.3190749786833906,0.5458582027109946,0.30457330921435344,0.4795719146698117,0.24439432938345193,0.5210273410418443,0.34961948856075037,0.19912024161480288,0.18031221860083355,0.04635625433304911,-0.06765851987026751,0.20727553809497246,0.38484966809839904,0.28839818629521313,0.1538365912550104,0.1675652846066189,-0.1854648614619608,0.05618500426332188,-0.11382511614563827,0.029562750519965892,-0.023006000525942514,-0.052911410561881915,-0.0027205571803106247,0.11189666026504315,0.1779869151877854,0.24480552080262016,0.22505239503064015,0.12995242610906135,0.2418745866171537,0.19432619592155487,0.10607622978906518,0.027981735450916017,0.07173218369737587,0.033743196614842735,0.13996924033182193,-0.14323008391173728,0.3069113627489262,0.12194216226123405,0.1230450477731116,-0.07105961478695344,-0.3598865239184311,-0.19415406928097284,0.15596426778442732,0.09612794746949932,-0.0034026886818764993,-0.01809879750416371,0.05528452693064731,0.13656814541513598,0.03155495700818398,0.1412442524842815,-0.03146092486194009,0.049838631274454336,-0.346744336156954,-0.28418905242690595,-0.295147781877296,-0.16944433376630622,0.051523241080891555,0.05224202918184064,0.08947875909442261,0.06670704205149455,0.3410259066531728,0.39244236546629585,0.2581851795774929,0.19376040927890095,0.29097530460837207,0.2648407430133318,0.4693096606077027,0.4807831762146483,-0.03276940608340173,0.26841874586617154,-0.13299173632748687,-0.03009984938918949,-0.09431743021300672,-0.026665285403501503,-0.034025293053574414,0.27862681191180105,-0.040680856489413414,0.1028966682338691,0.06510690180015778,-0.010303691957063967,0.11492640789232522,0.046061407772792835,0.11583804158133382,0.06344619847157919,0.11172453362446111,0.12286176477619552,0.13717536995274487,-0.15595470519328386,-0.08711520531680067,-0.20796245089211007,-0.24222680872427066,0.1439536533082581,0.09702683103698333,0.28674704555777797,0.2712907107395867,0.2526500330706277,0.2840041756647993,0.27853756106112887,0.10876013036999259,0.14736749834646862,0.04482305221971647,0.16778203667253702,0.20082557036871757,0.03711879128847947,-0.0712492728446318,-0.2638526085951757,-0.29677342237168197
#11,0.3556965152324108,1.0,0.17908342563890062,0.3018527520340428,0.20286877734303405,0.2086716764019157,0.45558893608204704,0.4101028775430516,0.5854457362796739,0.6158946202455993,0.4595749428236738,0.12304982906868331,0.261484273521982,0.25880993553219805,0.14989999123429146,0.12656089378351887,0.16114400465379436,0.02901927658998,0.12743108957757254,0.1440094350899282,-0.11551450724764721,-0.09403692753946562,-0.07955438325271538,0.05684163552183857,-0.016130497493804238,-0.009798468391651858,-0.1343193427312354,-0.1484177896070572,0.3002207364788946,0.19045015897807777,0.17263983297340801,-0.0008096327168118321,0.14082031094358868,0.11777446628788181,0.13621751707320962,0.054138609758624265,0.03052697846026345,0.009462183936440645,-0.01264971431758959,0.12787256253536167,-0.06008016638908589,-0.018812804309541076,-0.2552845269306473,-0.0737785782020735,-0.26665763533058673,-0.10476615480241296,-0.19132354230251258,-0.2451449927882125,-0.11739993146809681,-0.21428172987273786,-0.1910844775239264,-0.19848114177338252,-0.09341217158476042,-0.0680155232729562,-0.05685119811298201,-0.005874618492457506,-0.19867239359625147,-0.1883926081170461,-0.04747348373164182,-0.09770099371259633,-0.0705432348652073,0.05392026392751556,0.06216162372797616,-0.06963797623696101,0.14172716333702556,0.12721114998127325,0.20732016352030855,0.06244690769708899,0.15482472567316657,0.14147056714134307,0.12396465028807306,0.1494473619201683,-0.07923722397979106,-0.16065312497509743,0.01101132370167903,-0.005796523998119357,-0.03708372845428683,-0.13245782498864442,-0.038679087410051875,0.20122241790117062,-0.25056698196654686,-0.15837882204814765,-0.14604307947310122,0.0867884834527329,0.04845205555865454,-0.08211715767915913,-0.0024002103770051557,-0.3176756528460662,-0.01336212735777638,-0.16235048490305923,0.01449529440827483,-0.02630828200081282,-0.1308927475715003,-0.06439608252516157,0.0368669763883687,0.06213293595454582,-0.04017085162842959,-0.05772936273298855,-0.18378343918590473,-0.09367673660639578,-0.15897648399461306,-0.0004733482616006184,-0.014742328012813872,-0.13894285554909194,0.022610746758680043,-0.025482711632095242,0.07162221389922623,-0.04980834973583342,-0.048064770617344946,-0.05240299946608866,0.08117524245152961
#12,0.44915649977288846,0.17908342563890062,1.0,0.7342715297755181,0.16020368319135542,0.6103610675039246,0.01844783208089952,0.018570552000573757,-0.05894062427782515,0.5761620540445777,0.2050203603503096,0.018803241718397628,-0.029259935133756743,-0.3692020814573389,-0.16065312497509743,0.005015579054737865,0.8133414084102989,0.8667962929021668,0.2905848321366813,-0.26293778737578594,-0.185276797169473,-0.028259050594075973,0.06065870315326443,0.07760042712907107,0.30438046362629395,0.1652607001410482,0.38586967782036674,0.4335838200957853,0.1498458032178119,0.016603845755404856,0.4779048362804708,0.09072348970826129,0.5699304321494314,0.27990501159464176,-0.16029612157240875,-0.3608172827897266,-0.1867956553960905,-0.23989831778084134,0.12797137597717728,-0.026164843133661117,0.2274956370677908,-0.18989234116137668,-0.24415526460486575,-0.42611862394313443,-0.15924264278143901,-0.15479922543011737,0.17695415534429312,0.2824869112033724,0.19620683884643275,0.2100518770569532,0.2199348150037055,0.4811194606698595,0.48461777526317046,0.5216090653364039,-0.18085569253081943,-0.011489453258851373,-0.3688753595932711,-0.6638860776641777,-0.029102152379889872,0.07972969742367857,0.02577755819235152,0.0008080389516212577,-0.3332164572193579,-0.21815936058140553,0.7320673525169537,0.7187960697750401,-0.007122536636677318,-0.33537282152220516,0.08387508068436278,-0.10636948258413088,0.594936607989545,0.4519774641602053,-0.36129381858170834,-0.03367466471164803,-0.5563069273004009,-0.4255464622397182,-0.3244188733673868,-0.11858409900469363,-0.07274422459339065,0.010083752360764689,-0.4185833021220984,-0.16990174437600108,0.11172134609407997,-0.22032528747539626,-0.3980970443624541,0.03303556487022767,0.06517065240778076,0.2318529910988214,0.04201324418873367,-0.19766672776099897,-0.23472654973742718,-0.15342699360103276,0.039633752759205984,0.0020623321566033675,-0.06758680043669166,0.5903848146052642,0.3273290886053758,0.7423184502227287,0.6513256141972603,0.33727099586417936,0.6665795408362486,0.6825873184103786,0.36457219357872006,0.5520388241200423,0.3805210018407988,0.3960857126919491,0.5648542900174517,-0.12439496688952817,-0.2334403812286336,-0.08392448740527059,-0.25151208472455755
#13,0.5537186526309079,0.3018527520340428,0.7342715297755181,1.0,0.18230920638462336,0.5969638773119557,-0.004586856218473333,0.09868753436556192,-0.10551044314641124,0.6656105316003793,0.19232761437257448,0.01287124767907944,0.07886268916000605,-0.21033716102606603,-0.1577381284415367,0.026482002406585436,0.6381595199579246,0.5504307150427528,0.28790411908613506,-0.09312688761564758,-0.3888787065001713,-0.11270788674704556,0.04464455051837213,0.28318338659165343,0.29927882125126504,0.25378320012112615,0.4403381969734399,0.5407709042226809,0.28819099682043847,0.13945126664488522,0.28394520635274806,0.14583588999832656,0.5658312680792739,0.31108384001785017,0.05606387810883823,-0.16262939381140976,-0.0037389731370877127,-0.1347448780371188,0.1685263250165353,0.06896540732653858,0.32262269999760934,-0.06612213022655372,-0.05784411382670991,-0.3590450158978078,-0.11208153702714979,-0.15884101395341424,0.43208249328626414,0.4206424467483206,0.24664153830216196,0.21221302265537217,0.2584051191737921,0.3704547808971304,0.44833252316936145,0.36574520475898287,-0.1283188167887225,0.0331710349114265,-0.4030982795304768,-0.5952139231327048,0.0003681597590227032,0.21749157296655483,0.0233438787463443,0.009815999808748177,-0.12516316171138506,-0.07754305158221039,0.610101283777861,0.631427455792938,0.06643132067352517,-0.16022440213883288,0.09757668002773151,-0.001055072556160301,0.4441520770744846,0.4129732486512762,-0.4103722238602587,-0.12798412609870188,-0.5318474129206544,-0.4636151375817801,-0.3559419550717593,-0.204932703264828,-0.006660344731410721,0.24730932591701266,-0.2626509096414825,-0.005393301404904015,0.12804309541075312,-0.30329510953151273,-0.21630262413438628,0.0713863366510212,0.01778163823123939,0.15290264485333377,0.1591247041573365,-0.027627919578608485,0.07142936831116671,-0.023219565061479493,0.17737172182422364,-0.04801536389643714,0.02447226450127103,0.20171807887543927,0.3585222609152994,0.5486186040210695,0.5167273625576744,0.5105977416347249,0.5114567810724446,0.5048872809568966,0.24509717983249527,0.40569611679111317,0.3558176413868945,0.4571572010295723,0.5179338428069392,-0.07272509941110376,-0.2659484098207811,-0.1806086589262804,-0.2626588784674354
#17,0.3190749786833906,0.20286877734303405,0.16020368319135542,0.18230920638462336,1.0,0.4976770872347377,0.05403501502123692,0.3584489477165329,0.12817378415638023,0.24059957446469413,0.22060100885336564,0.6160125588697017,0.5404425885934225,0.26389882778570234,-0.15364374566695088,-0.12760321621815457,0.02975400234283483,0.08027476511885503,-0.13316226920287835,-0.09037764266190662,-0.23945365729267107,-0.2481173648686339,-0.13958992421646518,-0.10938488632469778,-0.03663906796611655,-0.05112001848767621,-0.015324052307373555,0.01767804349385205,0.14233120034425328,0.16066428133143143,0.1333152706611735,0.27828415239582754,0.13549076014630765,0.20591765015260302,0.25803377188438825,0.1256110097299365,0.1819330777996478,0.06649666504633872,-0.018597646008813522,-0.13850775765206513,0.09348707854871742,-0.05970722533449147,0.09540119054259735,-0.1996190901194527,-0.10347679876323822,-0.0500840711138028,0.07229159527926751,0.0760002868777343,-0.09736152172700396,-0.049545378479388634,0.06022201149104702,0.0557658440182008,-0.06268119118010343,-0.12643817386384465,-0.16257998709050195,-0.23042019619249496,-0.1931643410976261,-0.1292750759030672,-0.15846966666401038,-0.07475715002908621,0.11920088613344595,0.23130951716883552,0.30379395803616255,0.040395572520300585,0.14572432643498634,0.11838965965144355,0.18775828957119747,0.31609304401182575,-0.028867868896875423,-0.033571069974260695,0.051926463674106894,-0.032407621385141326,0.056400162564049436,0.243903449704755,0.10721895943070707,0.11076030568416355,0.06511008933053893,0.032731155718827946,0.15255520404178852,-0.006180621409047805,0.2970666751667477,0.6657858457713425,0.09561634884332491,0.30732096040290385,0.5385348516603049,0.24687104048960468,0.23059391659826758,-0.1269784602634494,0.06305094470431671,0.5759660209261369,0.2957008183984254,0.09624907362398298,0.15829435249304719,-0.17140307118552223,-0.2313860178979831,-0.10548334913817148,-0.18094334961630104,0.1235375212169991,0.08391651857931771,0.12375108575253609,0.13401174604945454,0.09218019109244635,0.27412442524842817,-0.006145558574855167,0.08496999737028743,0.012491931563722717,0.14809425527337058,0.16503916677955838,0.2053247695017093,-0.17377459378909704,-0.12819928439942943
#18,0.5458582027109946,0.2086716764019157,0.6103610675039246,0.5969638773119557,0.4976770872347377,1.0,0.1534493063137008,0.12909816796691342,0.12231191578544733,0.5314123150236276,0.20813139000231096,0.5198511423312003,0.2584752448421774,-0.05772298767222625,-0.2905800508411096,-0.12436946664647898,0.5305516818207173,0.49746830399477243,-0.010418443050785329,-0.12736255767437785,-0.23537361840480042,-0.12055399278024369,-0.0037485357282311597,-0.015929683079791854,0.06874865526062045,-0.03299731450565388,0.2885017810326005,0.2284120520523711,0.17034162356859964,0.101942002884715,0.4343759213955008,0.0943062738566727,0.4127851843587884,0.1619855126744177,0.01562527392839213,-0.15811903832208402,-0.10346245487652304,-0.10253647730079928,-0.06039732566201022,-0.28775589892341163,0.14945692451131176,-0.18391572169672243,-0.1407246850321542,-0.3176629027245416,-0.11052124090557738,-0.05693248013770131,0.22962650112758887,0.1670728111627314,0.08416514594904732,0.09196503279171879,0.15960920877527113,0.3739323765429639,0.26448533337583374,0.2509686107945716,-0.3122759763803999,-0.26381595199579244,-0.27326857334108967,-0.39107491493278296,-0.03600474942026791,-0.01839045653403884,0.17454278861095396,0.08399939436922758,0.013853007036473316,-0.05104829905410036,0.4132665014463419,0.47876387571819046,0.3013363721122967,0.035397524882659036,0.015226832630748512,-0.016952880332140666,0.4468120711775534,0.31980014184510197,-0.06085792380208624,0.20962474798587924,-0.27532931173250247,-0.1657420172286017,-0.1000565786642654,0.013755787359848273,0.04322131820318913,0.018369737586561373,-0.2824231605957494,0.137852720158739,-0.07377539067169234,0.06574440787638758,0.06343344835005459,0.240307915434819,0.24026488377467348,0.24312569229175465,0.046523599678059434,0.1822550183681438,0.08813362127357777,-0.005713648208209484,0.13876754137812877,0.011889488321685565,-0.05157264780179936,0.21720150770187027,0.01670425296241105,0.4895855413621911,0.3859955852704221,0.18183745188821332,0.38364000031875306,0.5648128521224968,0.22091657436109938,0.26005147861565553,0.23530349273641515,0.1525743292240754,0.2947891847094168,0.07101339559642678,-0.031185203483970705,-0.07854552988708173,-0.18039987568631513
#26,0.30457330921435344,0.45558893608204704,0.01844783208089952,-0.004586856218473333,0.05403501502123692,0.1534493063137008,1.0,0.36685924662719444,0.47141502442445155,0.3531496784578728,0.5628716461203771,0.1450963829499,0.12624851580616628,0.524402935715481,0.3007753667652145,0.20175951677039422,0.0355808078795751,-0.026134561595040202,0.03728294910310864,0.26911203372407144,0.03241240268071305,0.08028432770999848,0.061833308098717815,-0.0538612946154643,-0.07228840774888635,-0.13091984157974007,-0.2599526651738399,-0.33019786594840983,0.16885304688060307,0.0874068643466758,-0.07784427320322897,-0.01042322434635705,-0.03422929499796795,0.028601710110049486,-0.0025723370175871987,0.13946879806198154,-0.004386041804460949,0.09500274924495374,-0.028797743228490148,-0.08661316928176972,-0.07973607248444087,0.026180780785566862,-0.03825992716493079,0.11916104200368159,-0.2617854951430006,0.000933946401676641,-0.22257090262891568,-0.2979480273171354,-0.21329518921977225,-0.2879551195722334,-0.3452971973639124,-0.19584027285260064,-0.2959781335415853,-0.13006398967240157,-0.010592163456557946,-0.04689813449784443,-0.16872873319573828,-0.023241877774147535,-0.2224322450573357,-0.38624899393572343,-0.12609392058268054,-0.21266405820430476,0.10763015084987529,0.22255337121181937,-0.08466558821888771,0.04590043748854481,0.44149845803217813,0.3661930527775343,0.33642789407836543,0.405745523512021,0.2897959183673469,0.36131294376399525,0.2735315445975344,0.16410522037788172,0.1861198989552869,0.20189976810716478,0.07186765373857469,-0.07415789431743021,0.13891257401047102,0.22260437169791775,-0.15690618301205683,-0.16615320864776992,-0.36518898070747235,0.1433049908756943,0.14551076189944936,-0.09166062364031907,-0.11216919411263139,-0.14522388416514595,-0.17562814270573515,-0.0790666911043996,0.08827706014072946,-0.17164691725968012,-0.15342061854027045,-0.09411980332937549,-0.021310234363171275,0.07427902047191387,0.016175122919140323,-0.16118703631393988,-0.28167568472137,-0.10255400871789559,-0.1526874865526062,0.009444652519344326,-0.1161201380200655,-0.08807305819633593,0.0077504801217636605,-0.07032967032967033,-0.12160587780602283,-0.084597056315693,-0.07158077600427129,-0.04049119843173505,-0.018482894915092158
#49,0.4795719146698117,0.4101028775430516,0.018570552000573757,0.09868753436556192,0.3584489477165329,0.12909816796691342,0.36685924662719444,1.0,0.3451314457840926,0.34467403517439776,0.5174206504155743,0.30506578265824097,0.38107403836192816,0.41517423837945955,0.25476495947852,0.17884595462550504,-0.033864322769326397,0.03275028090111484,0.19978324793408186,0.3693407390289189,-0.05254803209843094,-0.14939317390368878,-0.15138697415709743,0.03602068707217366,-0.08354357752472329,-0.08853206257122138,-0.18959908836631098,-0.15755484544462064,0.47000454223079313,0.4337145088414124,0.13789575181888453,0.27526237359449834,0.18402887902525322,0.3442676250508013,0.46701942002884717,0.40248627369729617,0.42477826741786134,0.2973280526580019,0.25044266828168205,-0.07575165950800468,0.31943198208607926,0.31073958673668606,0.21891639904692842,0.1684275115747197,-0.33707655651092927,-0.19507685932631547,0.047889456446381755,-0.024937643936918774,-0.08372686052163934,-0.2945867765302138,-0.1474232801281387,-0.22319087728804915,-0.24320219302090224,-0.29021348484727744,0.1754082031094359,0.03940106304138211,-0.36594442540780464,-0.15912311039214594,-0.33090071639745317,-0.40715281817529825,-0.1981958578042697,-0.11232219557092654,0.49306632453840576,0.2088900222330244,0.0697065081401557,0.04548605853899545,0.4123054610364255,0.4327662185530206,0.43849421064794525,0.35912311039214595,0.2623305628381771,0.2855660655515623,0.1570639657659237,0.30389755277354985,0.15881710747555564,0.11433033971105037,-0.048821809082867824,-0.2637824829267904,0.10087099267664895,0.3110312457665612,0.3148355632764625,0.23498633346349082,-0.11799121835379993,0.23841611615360708,0.3659922383635219,-0.10354214313605177,-0.14387396504872937,-0.015363896437137916,0.07433958354915571,0.12628039110997777,0.2313844241327925,-0.10485062435751341,-0.21539736550613997,-0.3447585047294982,-0.34386918375315767,-0.20741897696212416,-0.0009180087497708963,-0.14331933476240946,-0.09893138043971982,0.09631123046641538,-0.04610762696331949,-0.07048426555315605,0.23927356182613616,0.07343113739052826,0.2690945023069751,0.08472615129612954,0.060585389954498005,-0.09348389101833626,-0.07426627035038928,-0.3650375730143678,-0.2271019770657189
#50,0.24439432938345193,0.5854457362796739,-0.05894062427782515,-0.10551044314641124,0.12817378415638023,0.12231191578544733,0.47141502442445155,0.3451314457840926,1.0,0.2729036011124481,0.3692769884212959,0.24373291682936352,0.23545171289913858,0.4548526165640016,0.23084891902875948,0.0764561037222386,-0.01361234849269657,-0.10916335296320794,0.01725728948354039,0.23720804213915164,0.04410426411876738,-0.1023037875829754,-0.08781805576584402,-0.16760672250157385,-0.20071400680537738,-0.26601694172397583,-0.37125006972722707,-0.4963925124911347,0.1613352564766633,0.1543051582210393,0.03887193299811139,-0.08928750727155368,-0.1420554789662839,0.03796667436986509,0.09095299189570401,0.21561252380686755,0.05358876076787607,0.1427487668241838,-0.058814716827769765,-0.011859206783064652,-0.15181091569779023,0.05597622102335663,-0.14864410426411875,0.10217947389811059,-0.20229024057885553,-0.06540971718636693,-0.4312154850225916,-0.5333264270175075,-0.3963964969041111,-0.4727298807066755,-0.3127875750065743,-0.31374702165130014,-0.3368725545665357,-0.2882882164970635,0.01666281506745611,-0.05519527607997514,-0.0801902955637546,0.005751898572783271,-0.05253050068133462,-0.3581700388081824,-0.007297850807640511,0.015491397652383875,0.21058897592617679,0.06356891839125342,-0.217131382033485,-0.10250619576217836,0.29940313493612986,0.2518499629449593,0.2518882133095331,0.281450963829499,0.15799791216760034,0.16723856274255114,0.19071950529528484,0.02097713743834121,0.35894142116042044,0.2423925603040904,0.13766943716182295,-0.05966897496991768,-0.03550271338523695,0.050828359457801085,-0.20185833021220984,-0.1786658591589701,-0.2907649276032162,0.35664321175561203,0.16022440213883288,-0.02192861525711417,0.009419152276295133,-0.32170469124783846,-0.049656942042728844,-0.1487476990015061,-0.05351226003872849,-0.06362788770330467,-0.25444301891002397,0.01897058706340795,-0.008638207332913641,0.1424491389683558,-0.2698308218250205,-0.2654862179155145,-0.3857533329614548,-0.30048370773533933,-0.3690458924686626,-0.137478185338954,-0.12100662209436684,-0.29727545840671293,-0.09581556949214672,-0.18529273482137876,-0.11065033588601392,0.025876371634167138,0.05058451338364319,0.10820709384886325,0.11687877025077895
#51,0.5210273410418443,0.6158946202455993,0.5761620540445777,0.6656105316003793,0.24059957446469413,0.5314123150236276,0.3531496784578728,0.34467403517439776,0.2729036011124481,1.0,0.553250085664879,0.15605670616548065,0.2395955023946322,0.04255193682314785,0.01830439321374782,0.11640223445879719,0.5695558973296464,0.39632477747053524,0.2614587732789328,0.016710628023173347,-0.192820087816462,-0.02279084222521496,0.2186374901385779,0.24083545171289913,0.2855851907338492,0.16100694084740494,0.17356581054913178,0.18671596713656177,0.38955765047135604,0.20884539680768832,0.39280096263417513,0.06722501573843126,0.3697551179784682,0.23218290049327034,0.11843747260716078,-0.07925475539688738,-0.004373291682936353,-0.11902238443210161,0.18774075815410116,0.06623528755508451,0.20218823960665874,-0.08849540597183816,-0.19369665867127797,-0.26949772490019047,-0.05705041876180382,-0.06378407669198097,0.08200400035062834,0.04098845317119429,-0.03175577142219637,-0.0838607367976476,-0.08208528237534764,0.0808325829355561,0.15190016654846242,0.22236052562375985,-0.022033803759692085,0.10047573890938648,-0.37347974722884075,-0.47312672823912855,-0.08340651371833388,-0.02883121229749221,-0.1579134426124999,-0.1431105515224442,-0.07091139462423002,-0.08178884204990079,0.49279697822119867,0.4426730629776315,0.2161767166843309,-0.1145279665946816,0.19027962610268628,0.11005267393954848,0.4005562240515105,0.4199842217246133,-0.18836073281323462,-0.04008478830813856,-0.30740861748838544,-0.2493477515957574,-0.2923586927937907,-0.1945939484735714,0.06739395484863216,0.2648008988835675,-0.39005809274119646,-0.1079791854266111,-0.11106312107037271,-0.06070492234379109,-0.10633920104550997,-0.11667317454119484,-0.05225796683374639,0.010874259895289626,-0.0087657085481596,-0.15333455521997943,0.05949684832933564,-0.11119699734638096,0.027094008239766036,-0.1018049390783256,0.027549825084270334,0.25523830774012063,0.25799233398943333,0.2690578457075919,0.17114009992907744,0.1732598076325415,0.17755341105594913,0.3614468200400035,0.2350261775932552,0.158193945286041,0.22419176182772993,0.1932822797217286,0.26394664074141955,-0.2278574217660512,-0.2175553235741778,-0.14765915737634375,-0.08857668799655746
#52,0.34961948856075037,0.4595749428236738,0.2050203603503096,0.19232761437257448,0.22060100885336564,0.20813139000231096,0.5628716461203771,0.5174206504155743,0.3692769884212959,0.553250085664879,1.0,0.21779598211795456,0.42025675557220155,0.3974212879216505,0.20444660488170277,0.14705033907354428,0.1822311118902852,0.13251041923993337,0.0958538198567205,0.21148945325885138,-0.05054307548868825,0.004534261967184375,-0.03223708850974986,0.030103036919570638,0.013911976348524572,-0.02711632095243408,-0.25801624046729194,-0.23219724437998548,0.31744296312824233,0.256551570257154,0.14296233135972078,0.059947883878268216,0.12128234347233623,0.21547227247009698,0.19115619695750224,0.16729275075903066,0.15532516794300696,0.13104574902979543,0.12883838424084978,-0.02765501358684825,0.15273051821275171,0.07158874483022416,-0.03483333200519567,0.09092749165265482,-0.3429177059343847,-0.11890603957318968,-0.1452143215740025,-0.1525249225031676,-0.13673867829052747,-0.21304337431966147,-0.27384551634007764,-0.1894046490130609,-0.28217612699121036,-0.15982914837157042,-0.03501183370654001,0.03130632963845437,-0.33563898030903105,-0.20220577102375506,-0.27276813107124925,-0.3532532731952601,-0.13378224386201182,-0.16535154475691097,0.14619926846177753,0.013927914000430317,0.10552159950274526,0.09517168835515463,0.3278247495796444,0.13113818741084876,0.3147016870004542,0.2745085226593566,0.32883997800604037,0.3614165385013826,0.14533066643291445,0.1554415128019189,0.08380176748559635,0.08034010949166859,-0.04955334730534151,-0.17363115492194536,0.06386695248189084,0.24200368159759023,-0.06059973384121317,-0.0030058411494234554,-0.19679493820175473,0.21541967821880803,0.14127134649252127,-0.007347257528548319,-0.03963534652439656,-0.04101554717943406,0.00265840033787822,-0.022325462789567214,0.0751763102742073,-0.133508116249233,-0.2513033014845923,-0.1305054626301907,-0.15209779343209365,0.10301938815354333,0.11660464263800015,-0.03272956195363737,-0.17846823227533887,0.05207468383683032,-0.04305078532779766,0.04316872395190017,0.11458215461116114,-0.11393030464821619,0.06999816717003084,0.03842408497955996,-0.004044976053678011,-0.13798022137398497,0.01228633585413861,-0.11495668943094614,-0.05352182262987194
#53,0.19912024161480288,0.12304982906868331,0.018803241718397628,0.01287124767907944,0.6160125588697017,0.5198511423312003,0.1450963829499,0.30506578265824097,0.24373291682936352,0.15605670616548065,0.21779598211795456,1.0,0.43696419606499376,0.25959725553634183,-0.11687717648558837,-0.18827307572775304,0.010808915522476073,-0.0012495119094103866,-0.2477492051096112,0.015392584210568256,-0.10675039246467818,-0.21699272446190504,-0.11608507518587287,-0.14218457394672043,-0.17085481595996463,-0.201048697495398,-0.12151025189458838,-0.14716668393245624,0.0812326179983903,0.20893783518874165,0.09294679214911267,0.018138641633928074,-0.04665428842368654,0.06989616619783408,0.2141972603176374,0.1826933037955518,0.1324849189968842,0.1226322625887528,-0.13608364079720134,-0.33282279721728597,0.015609336276486386,0.05133039549283204,0.08815274645586466,0.0033373443090629457,-0.03791726764895728,0.025879559164548288,-0.0166197834073106,-0.09311891878969471,-0.09469355879798229,-0.08661954434253201,-0.09745714763843843,-0.008340173242276216,-0.22848058395556584,-0.27087314425965625,-0.26175521360437964,-0.3587565443983138,-0.026560096900923588,0.03813083218449426,0.011870363139398673,-0.024625265959566177,0.11875303811489453,0.10171409446246285,0.3252587876228195,0.06573803281562528,-0.03898827785702332,-0.012002645650216354,0.2486433073815235,0.21399325837324387,-0.02306496983799377,0.05585190733849182,0.07881965749986054,0.056226442158276824,0.22880411828925246,0.36124441186080053,0.18775510204081633,0.19682681350556622,0.08492059064937962,0.0916462797536039,0.04703360453904326,-0.1595916773581748,0.14752049980476376,0.4340523870618142,-0.26549578050665795,0.6528715664321175,0.5599454932304824,0.28638685462470814,0.26539537329965174,0.08739092669477005,0.0315167066436102,0.5346667835427806,0.31780156029612155,0.1955677390050124,0.20579493023292877,-0.0252356780275562,0.04252165528452693,-0.06117827060539171,-0.29816637314824407,-0.12433918510785806,-0.10878722437823235,-0.010660695359752647,-0.05204599606339998,0.03091904469714477,0.11039692722071258,-0.06795814772609551,-0.00476057662424595,-0.15975742893799458,-0.10266238475085465,0.16473953892373036,0.1783407310600929,-0.08352445234243638,-0.02964243877949462
#54,0.18031221860083355,0.261484273521982,-0.029259935133756743,0.07886268916000605,0.5404425885934225,0.2584752448421774,0.12624851580616628,0.38107403836192816,0.23545171289913858,0.2395955023946322,0.42025675557220155,0.43696419606499376,1.0,0.3169616460406888,-0.0126927459777351,-0.007933763118679726,-0.07564009594466448,-0.06427814390105906,-0.11544916287483364,0.16381834264357834,-0.1766752464359426,-0.11316848488712158,-0.21924630844137732,0.01954115500163361,-0.1999936249392377,0.034673955486138226,-0.257386703217015,-0.1422913562144889,0.2240435416650065,0.3435201491764218,0.23691797687446708,0.34033899385603517,0.035019802532492886,0.24660169417239758,0.2488297779088207,0.26372032608435797,0.2381786451402115,0.22335344133748775,-0.035897967152499426,-0.025862027747451968,0.09000788913769335,0.037373793718971385,0.08382248643307381,0.03134298623783758,-0.07698842129589048,0.06357529345201572,0.004335041318362566,-0.06058698371968858,-0.08035604714357433,-0.13802644056451163,-0.09332292073408825,-0.17298089872419095,-0.25834614986174087,-0.2747587437942768,-0.22313668927156963,-0.18665062276374822,-0.1631457737331559,0.044502705416411,-0.26780195873741924,-0.19150045023866633,0.11268557403437751,0.10426411876738201,0.42570583875877566,0.09718939508642192,-0.056253536166516585,-0.11299476448134896,0.19861820557977194,0.31992764306034793,0.03608443767979663,0.08352285857724581,0.016551251504115898,-0.022637840766919808,0.23145773733155894,0.18915283411295014,0.23558399540995625,0.1640637824829268,0.09790658942218043,-0.08595813178844361,0.10681095554192001,0.11775055981002319,0.20927252587876227,0.41816414187697726,0.1027404792451928,0.48462733785431394,0.5610117221429767,0.1545856608945804,0.054627895672130625,0.006638032018742679,0.22709878953533777,0.4148140474463897,0.2465953191116353,0.07732470575110169,0.11764537130744528,-0.21514236307564807,-0.23767979663556169,-0.14837635171210226,-0.09633832447465515,-0.05202687088111309,-0.09538365912550104,0.06700188861175083,-0.06674688618125892,0.0008877272111499812,0.3143717776060053,-0.14401102885511877,0.008434205388520109,0.01016981568105571,0.03262118592067831,0.13930942154292408,0.2118942696172573,-0.1269657101419248,-0.08285666472758568
#58,0.04635625433304911,0.25880993553219805,-0.3692020814573389,-0.21033716102606603,0.26389882778570234,-0.05772298767222625,0.524402935715481,0.41517423837945955,0.4548526165640016,0.04255193682314785,0.3974212879216505,0.25959725553634183,0.3169616460406888,1.0,0.2597996637155448,0.07261353584776355,-0.2863007913044171,-0.3203802723744711,-0.024464295675318156,0.4266413789256429,-0.14330180334531314,-0.2911569938400975,-0.16256723696897737,-0.11733618086047383,-0.27756377052968784,-0.21249193156372273,-0.43683828861493834,-0.41054753803122185,0.24619687781399166,0.2405692929260732,-0.20326881240586825,0.1791663014288105,-0.24257424953581588,0.13477834710612085,0.3981066069535975,0.5719449513503175,0.31697917745778514,0.35714843532102414,-0.03564296472200751,-0.07065161089816638,-0.017558511104558965,0.22075401031166078,0.11480687550303213,0.2441409207181506,-0.21437416825379116,-0.08047557953286742,-0.17524245152961615,-0.20000956259114344,-0.17682346659866602,-0.3197921730191491,-0.20518133063455762,-0.34411302982731556,-0.5093864800898884,-0.588850018726741,0.03565093354796038,-0.13332164572193578,-0.11525950481715529,0.11723896118384879,-0.18016399843811012,-0.3440907171146475,-0.03486042601343544,-0.10768274510116424,0.5498234905051439,0.22939540517495557,-0.36036784100598457,-0.24341257002605807,0.5492640789232522,0.5342715297755182,0.311679908199125,0.5011594641761429,0.08899106694610683,0.19907720995465739,0.39154348189881183,0.27715736040609135,0.5303524611718955,0.40257552454796836,0.2010423224346357,-0.11944632597279443,0.021389922622699998,0.192445552996677,0.14015889838950027,0.17090741021125358,-0.3931069655507654,0.393846472599192,0.5436986508777661,0.11133724868315151,-0.022782873399262087,-0.24665110089330539,-0.0857780363219087,0.24347791439887162,0.28933372646208033,0.0010471037302074286,-0.1400011156356334,-0.09858393962817458,-0.09806915347161903,-0.3113324673875798,-0.15845851030767638,-0.403906318482098,-0.520335646949135,-0.030001035947373873,-0.29902860011634486,-0.27333073018352205,-0.049336595239423374,-0.25687988588641236,-0.1324976691184088,-0.25641291268557403,-0.3430531759755835,0.07707129708580035,0.13342364669413256,-0.03690522675294249,-0.001136354580879599
#101,-0.06765851987026751,0.14989999123429146,-0.16065312497509743,-0.1577381284415367,-0.15364374566695088,-0.2905800508411096,0.3007753667652145,0.25476495947852,0.23084891902875948,0.01830439321374782,0.20444660488170277,-0.11687717648558837,-0.0126927459777351,0.2597996637155448,1.0,0.5734446843946481,-0.052444437361043594,-0.09751930448087083,0.4765102917387181,0.4918311565157105,0.42704300775366766,0.21352787893759612,-0.1652925754448597,0.009438277458582027,-0.10846209627935516,-0.16784259974977886,-0.4977456191379324,-0.3712118193626533,0.37053287539146856,0.2904142992612898,-0.223037875829754,-0.06846815258707935,-0.06520890277235455,0.10296360637187323,0.24807114567810726,0.35686793264748307,0.40182486114320776,0.3764632756655962,0.20185354891663812,0.1403501502123692,0.05879240411510172,0.4087545521918256,0.2284758026599941,0.5358796388528078,-0.33677214735952954,-0.15189060395731896,-0.31721027341041846,-0.2950107180709066,-0.3646184127692467,-0.4449664910868682,-0.29726270828518836,-0.3115109690889241,-0.4511327686092008,-0.18652152778331169,0.192969901744376,0.2819274996214808,-0.36850560606905786,-0.11955151447537235,-0.36413072062093094,-0.46150021117388773,-0.4129063105132721,-0.41979296990174436,0.16999577652224498,0.27719242324028404,-0.2025978372606364,-0.10928766664807274,0.23573221557267968,0.2804644231765334,0.634603829817753,0.46290431830678386,0.2106766330116584,0.37461291427933924,0.13276701543561586,-0.04279578289730574,0.1468574934854848,-0.0597805385332579,-0.14334961630103038,-0.3923084891902876,0.026773661436460566,0.2462494720652806,-0.005814055415215676,-0.1380599096335137,-0.16640661731307127,-0.0011475109372136203,-0.06033516881957781,-0.2617934639689535,-0.40107101020806607,-0.19914096056228037,0.08422570902628916,-0.33156850401230387,-0.2775303014606858,-0.5659444254078047,-0.4410075783534812,-0.2902772354549004,-0.20997856385818678,-0.15595470519328386,0.07899815920120488,-0.2791511606595,-0.37886507980779194,-0.17453800731538222,-0.30097458741403627,-0.3381348165974707,-0.11970132840328634,-0.06958697575086263,0.053292320442429215,-0.049134187060220415,-0.21602371522603575,-0.38331168468949467,-0.3307158396353465,-0.2935332977392441,-0.2043764792133175
#102,0.20727553809497246,0.12656089378351887,0.005015579054737865,0.026482002406585436,-0.12760321621815457,-0.12436946664647898,0.20175951677039422,0.17884595462550504,0.0764561037222386,0.11640223445879719,0.14705033907354428,-0.18827307572775304,-0.007933763118679726,0.07261353584776355,0.5734446843946481,1.0,0.05011116512204257,0.05893584298225343,0.44582393675939724,0.5703240921515034,0.018146610459880946,0.49837356262301874,-0.30157862442126404,0.3196487341519974,-0.16067543768776546,0.10956657555642327,-0.4043956043956044,-0.20266158786825936,0.3348070348795512,0.5036521129342014,-0.008222234618173705,0.11796093681517902,0.04881224649172437,0.3147590625473149,0.25133198925802264,0.35468288057120545,0.3557841723178924,0.5376439369187738,0.23435360868283275,0.32773709249416283,0.3010048689526572,0.6345958609918001,0.19920949246547506,0.5913251360677031,-0.42210552319326794,-0.09903975647267887,-0.10927969782211987,-0.16052562375985147,-0.27073289292288566,-0.30681573683749175,-0.09818868586091212,-0.2058554933101706,-0.24648375554829507,0.1307222146961088,0.1495031437018384,0.6144283562702707,-0.5145407167162062,-0.02794348508634223,-0.48518674943620554,-0.443914606061089,-0.3827203978037916,-0.45147702189036487,0.13368821171576792,0.5048474368271323,-0.06079417319446326,0.07439377156563523,0.37034481109898076,0.21038656774697384,0.645079648415399,0.5893616173529154,0.2996772625489087,0.4733912932607639,0.03471858091147431,-0.009819187339129325,-0.024427639075934943,-0.08462096279355162,-0.19735434978364638,-0.32311198591111573,-0.19052825347241592,0.6392050299229415,-0.09005251456302943,-0.11300751460287356,0.007326538581070851,-0.1862904318306784,-0.08854800022312713,-0.47157599470869954,-0.37450453824638014,-0.20746519615265083,0.3643076285570847,-0.2371235725840512,-0.1108384001785017,-0.6449393970786284,-0.3555419200089251,-0.37467825865215276,-0.3782339487923244,-0.15776203491939533,0.38227733108081186,0.008351329598610237,-0.06797567914319183,-0.04021547705376567,-0.1770545625512993,-0.2351680226952163,-0.03028472615129613,-0.057912645729904615,-0.011393827347416905,0.1205842743188646,-0.12940257711831316,-0.41523958275227313,-0.511549219453498,-0.4083449545378479,-0.3170174278223589
#201,0.38484966809839904,0.16114400465379436,0.8133414084102989,0.6381595199579246,0.02975400234283483,0.5305516818207173,0.0355808078795751,-0.033864322769326397,-0.01361234849269657,0.5695558973296464,0.1822311118902852,0.010808915522476073,-0.07564009594466448,-0.2863007913044171,-0.052444437361043594,0.05011116512204257,1.0,0.6951732821203452,0.4084342053885201,-0.19708181593605814,-0.129923738335631,-0.11337089306632454,0.0674035174397756,0.035917092334786314,0.36809919594546137,0.03870458765310107,0.35681693216138466,0.2903680800707632,0.2710436771350477,0.0663548199443776,0.42845827124289776,0.024502546039891944,0.387973447871925,0.1462693941301628,-0.01933077799647778,-0.2344062029341217,-0.05876371634167138,-0.20299468479308944,0.09397158316665205,-0.09131637035915499,0.26775095825132084,-0.11256922917546558,-0.18304074460709704,-0.36459769382176926,-0.14340858561308162,-0.27637004040194757,0.12658958155694922,0.1902780323374957,0.10469921666440883,0.056049534222123054,0.18776785216234093,0.3178477794866482,0.382943524930472,0.3836320314928002,-0.04686466542884237,-0.03694507088270685,-0.36992086955828796,-0.6568910422427464,0.05313294392337177,0.056833666695885694,0.03025285084748464,-0.10765565109292448,-0.2810318035843779,-0.27141024312887985,0.6158547761158348,0.5450581325853262,0.08039110997776698,-0.3449449752567954,0.26832311995473707,-0.043473133103299894,0.628086923953494,0.5418052578313637,-0.3219931627473324,-0.04976053678011619,-0.4881001522045757,-0.42242268246619225,-0.3029349185984429,-0.14436165719704516,-0.14867916709831142,0.04014535138538039,-0.463517917905155,-0.24040354134625347,-0.0550789312210632,-0.1073050227509981,-0.3923881774498163,0.028922056913354956,0.053700324331216284,0.2897050737514842,-0.007071536150578935,-0.2514164588131231,-0.2469124783845596,-0.10890038170676314,-0.06610141127907625,0.06797567914319183,0.1001745172883679,0.5381172851803744,0.2733163862968069,0.6299787232347058,0.4597661946465427,0.2553339336515551,0.4634286670544829,0.609063742638797,0.2824327231868929,0.32048227334666785,0.19638215301739595,0.2863406354341815,0.3428284550837125,-0.11846456661540056,-0.25970244403891973,-0.02511136434269139,-0.17967311875941316
