,#10,#11,#12,#13,#17,#18,#26,#49,#50,#51,#52,#53,#54,#58,#101,#102,#201,#202,#301,#302,#401,#402,#501,#502,#601,#602,#701,#702,#801,#802,#901,#902,#1001,#1002,#1101,#1102,#1201,#1202,#1301,#1302,#1401,#1402,#1501,#1502,#1601,#1602,#1701,#1702,#1801,#1802,#1901,#1902,#2001,#2002,#2101,#2102,#2201,#2202,#2301,#2302,#2401,#2402,#2501,#2502,#2601,#2602,#2701,#2702,#2801,#2802,#2901,#2902,#3001,#3002,#3101,#3102,#3201,#3202,#3301,#3302,#3401,#3402,#3455,#3501,#3502,#3601,#3602,#3701,#3702,#3801,#3802,#3901,#3902,#4001,#4002,#4101,#4102,#4201,#4202,#4301,#4302,#4401,#4402,#4501,#4502,#4601,#4602,#4701,#4702,#4801,#4802
#10,1.0,0.11689152037230355,0.43771167193937316,0.40960402903840176,0.29753683589796714,0.251660304887281,-0.16081568902453602,0.4678848345273291,-0.17389253241319957,0.20717194335758513,0.30940401150698466,0.03738495007530541,0.03950625154396003,-0.20345050163759373,-0.13712118193626532,-0.18896476982046234,0.3805767836224689,0.31939851301707717,-0.227157758847389,-0.16248436117906748,-0.12038824120042395,0.2863661356772307,0.18714947126839804,0.26383507717807936,0.1423120751619664,0.08804915171847731,0.22238283833642788,0.4929770736877336,-0.23664863055726,-0.17486951047502172,-0.07269003657691113,0.08786586872156125,0.263592824869112,0.18925802261552804,-0.2481874905370192,-0.18909705233128002,-0.14591398449266468,-0.092151503319016,-0.12096837172979305,-0.0024575859238658367,0.002347616125716198,0.18216417375228108,0.15856051127987314,0.08281044553705902,-0.007393476719074979,0.36028655898126527,0.41455745125070725,0.3860083353919467,0.14696586951844384,0.3666839324562312,0.016624564702882323,0.37498107403836195,0.11575994708699568,0.2954091593685502,0.01697519304480871,0.036393628126768086,-0.1069304879312131,0.11242260277793273,-0.17859413972539426,0.05697551179784682,-0.2161129660767079,-0.16196001243136848,-0.2692953167209875,-0.1412617839013778,0.3353313836272502,0.1857581142570265,-0.25830471196678595,-0.20578377387659477,-0.20694403493533298,-0.24725991919610485,-0.14059080875614596,-0.04650128696539139,-0.14075815410115627,0.02145526699551355,-0.43791248635338553,-0.24285793973973815,-0.24980038090988055,-0.13525647666329318,-0.13960586186837093,-0.0905226752942489,0.057738925324131996,0.3948186693654424,,0.1660862705097658,0.04355282136282861,-0.28466240068850657,-0.22623178127166524,0.21650503231358925,0.2506259512785981,0.24346197674696587,0.2381722700794492,-0.18473969830024942,-0.09518125094629808,-0.41654168891297244,-0.3692562694738184,0.031121452876347728,0.4216130497493804,0.4932496075353218,0.5504849030592323,0.22143773557841723,0.2790156906183012,0.13120831307923403,0.21080891552247608,0.23435838997840447,0.35591167353313835,0.38928989791933954,0.2562854114703281,-0.1326076389165584,-0.07735976858529432,-0.20533114456247162,0.20454063702794667
#11,0.11689152037230355,1.0,0.22754823131907975,0.36869845165711734,-0.03572743427710796,-0.1253607885950163,0.20997856385818678,0.11941923196455466,0.17968746264612834,0.4261648431336611,0.3655252651626836,-0.03466758042537593,0.007779167895194001,-0.03160117619871065,-0.1505470599016647,-0.07474758743794277,0.0044577612380368,0.12088708970507375,-0.21429926128983418,-0.08307819808907553,-0.06073679764760258,0.01623409223119158,0.08706898612627402,-0.21130138896636358,0.0026281187992573053,-0.06418251798962459,0.23793161153567244,0.19638215301739595,0.20346643928949948,0.07148833762321798,0.029124465092557915,0.11811075074309302,0.04502227286853828,0.15887288925722573,-0.039582752273107605,-0.08389101833626851,0.005759867398736144,-0.12891169743961622,-0.03637769047486234,-0.18749213078437155,-0.11293260763891656,-0.1726844583987441,-0.13875160372622303,-0.13987998948114974,-0.1381714731968539,0.09970116902676729,0.1456143566368367,0.24171361633290567,0.044953740965343575,0.16857413797225254,0.031975711018495646,0.14171441321550096,0.12366980372781677,0.13431615520085427,0.014198854082827977,-0.05017332196447497,-0.017037349887241114,0.01279634071512244,-0.2316282702069504,-0.11119859111157153,0.09906206918534692,0.07387261034831738,-0.09583788220481476,-0.07368932735140132,0.21475507813433847,0.08124058682434317,-0.17394512666448853,0.06319438357146842,-0.07067711114121557,-0.043887512052849256,0.007780761660384576,0.04089282725975982,-0.10073711640064069,-0.01562527392839213,-0.11889010192128394,0.018769772649395566,0.10908685223406035,0.012667245734685908,-0.04116057981177633,-0.11735530604276072,-0.010632007586322307,-0.09462183936440645,,-0.06449011467140546,-0.06703217015037174,-0.09017842201308482,-0.10891950688905004,-0.0004319103666456821,-0.28795990086780515,-0.1222386025866809,-0.2014806078620437,-0.24200049406720908,-0.1846855102837699,-0.23316784738104535,-0.09688339216983162,0.12432165369076174,-0.020910199300337082,0.013210719664671805,0.058924686625919404,-0.012914279339224953,0.029277466550853063,-0.12091577747850409,-0.004156539617018225,-0.05112958107881966,0.17356262301875064,-0.03627728326785615,0.05975981958578043,0.18865398560830032,0.002521336531488816,0.018723553458868905,0.12546916462797536
#12,0.43771167193937316,0.22754823131907975,1.0,0.5311780315406132,0.26020288630876015,0.35076381196758283,-0.12843994294320618,0.30794412259241843,0.06179983902971575,0.3871749715114472,0.22133573460622047,0.1337392122018663,0.10701495748631354,-0.13442931252938506,-0.07593653627011132,-0.25194877638677493,0.5613910382583334,0.7479285036935508,-0.16416100215955184,-0.1925332100821586,0.035142522452167126,0.08996963877311956,0.23506761548821012,-0.044368829140402744,0.335369633991824,-0.0723170955223167,0.3778992581023038,0.31791631138984294,0.07849771693136451,0.018266142849174032,0.275780347281435,0.16468535090725084,0.43517280399078806,0.2157272749005889,-0.21867255297277052,-0.14260054666146035,-0.05205396488935285,-0.142560702531696,0.23201714891345057,-0.11613926320235239,-0.08100470957613815,0.05900915618101985,0.02713544613472097,-0.04180764847914957,-0.04590043748854481,0.09787630788355951,0.018677334268342245,0.12644773645498808,-0.0470877925555228,0.0976149303923053,0.21232617998390296,0.3622150148618604,0.3114567810724446,0.24939397078628406,0.25137342715297756,-0.07966275928567444,-0.020632884157177123,-0.12928623225940122,-0.30753930623401254,-0.26880284327709997,-0.2511503000262971,-0.2332714421184327,-0.29181043756823305,-0.4411765174636821,0.2686084039238499,0.10881431838647213,-0.22360366247240793,-0.19674553148084692,-0.1102518945883703,-0.09502824948800294,0.2213962976834623,0.32954760975065545,-0.19582114767031372,0.0953549713520707,-0.3339910271019771,-0.14523504052147998,-0.20575986739873614,-0.2044211046386536,-0.06507024520077458,-0.07603216218154579,0.03506761548821012,0.0729354764162596,,0.2452071496306449,-0.022921530970842065,-0.12028624022822718,-0.12777853038911777,-0.029263122664137893,-0.019649531034592674,-0.061308959351018814,-0.15408521862474,-0.21457657643299413,-0.2827929141199627,-0.2805696116791113,-0.2336284455211214,0.5295523910462272,0.2905131127031054,0.5975742893799456,0.4896094478400497,0.17850010757915036,0.4396401278199683,0.405906493796269,0.44518802444835803,0.2754074062268406,0.38257695893663984,0.27004757389093864,0.3282965040760545,-0.11390321063997641,-0.2590426252500219,-0.21653531385221014,-0.1891177712787575
#13,0.40960402903840176,0.36869845165711734,0.5311780315406132,1.0,0.2577437066197037,0.2631561332068946,-0.01092526038138801,0.3648431336611177,0.06183808939428954,0.6854290017451729,0.31055949127015114,0.12811162731394785,-0.010085346125955264,-0.15636270908207095,-0.19146219987409255,-0.34901226402314145,0.4156428053454885,0.43640000318753036,-0.19186860999768904,-0.3412139709456606,-0.049605941556630465,-0.02715935261257959,0.1680147263903609,-0.06785774051908933,0.15854138609758625,0.1101212058427432,0.30585469642757535,0.3051980651690586,0.050013945445417526,0.16088103339734958,0.13468590872506753,0.31557825785527016,0.2625839715034784,0.34306911362748926,-0.16768003570034026,-0.08793918192032768,0.03465961159942306,-0.14211604204352574,-0.094462462845349,-0.1643506602172302,-0.0849030592322833,0.11631457737331559,0.04129923738335631,-0.12469778227573731,-0.02527870968770171,0.14891345058132585,0.2466192255894939,0.3769860306481046,-0.012766059176501527,0.15084190646192097,0.05848640119851142,0.33262517033365474,0.16282702069504099,0.16919730016176718,0.07229159527926751,-0.18733116050012352,0.0176876060849955,-0.05404139008199922,-0.05619137932408418,-0.02749404330260023,-0.1202910215237989,-0.08168843484289459,-0.25007610228784993,-0.30778315230817044,0.37555801703734987,-0.026958538198567205,-0.2348875200216752,-0.1259170126465268,-0.1555100447051136,-0.2079911386655404,-0.07762592737212026,0.07042848377148594,-0.1620460757516595,-0.06695885695160532,-0.2907234897082613,-0.1394082349847397,0.0526691582529146,0.08639322968547045,-0.08039748503852927,-0.14196941564599289,0.005670616548063973,0.06422873718015125,,0.22560702531696006,0.09861581493198607,-0.15232410808915522,-0.05078692156284614,0.19394687980619815,0.1060746360238746,0.16745690857365983,-0.07004119883017634,-0.11570097777494441,-0.04976850560606906,-0.13309373729968363,-0.11419646343504211,0.0918024687422802,0.15043071504275274,0.27931213094374807,0.4921483157886349,-0.11068699248539712,0.2659117532213979,0.13456797010096502,0.3835762497111301,0.029435249304719937,0.41035469244316236,0.06302225693088637,0.41884786714373373,0.013226657316577548,0.026094717465275842,-0.08700204798826988,0.1292065439998725
#17,0.29753683589796714,-0.03572743427710796,0.26020288630876015,0.2577437066197037,1.0,0.6244117014240292,-0.18092581819920472,0.31499334603032936,0.08043573540310306,-0.008504331056905385,-0.05676832232307214,0.60130369992589,0.34895807600666195,-0.0023348660041916025,-0.0732653858107085,-0.003257656049534222,0.17933045924343965,0.21588187012407462,0.14978364637537953,0.18474447959582116,-0.30990126624644393,-0.06516268358182789,0.019091713217891607,0.2728541943915403,0.05381985672050937,0.12678880220577102,-0.2328650319948362,-0.10554550598060387,0.09007642104088805,0.08285825849277625,0.07625847683860737,0.16510451115237193,0.08269250691295651,0.002521336531488816,0.20972515519288543,0.3440221852114528,0.11118424722485636,0.25125867605925617,0.1410259066531728,0.29183593781128225,0.07560981440604356,0.3788842049900788,0.1609607216568783,0.2951876260070604,-0.22716413390815132,-0.12381164882977791,-0.020562758488791848,-0.0791160978253074,-0.14299898795910398,-0.1814947923722398,0.10871391117946592,-0.130148459227502,-0.253502697447585,-0.08317701153089116,-0.14930711058339774,0.17620189817434198,-0.3172883679047566,-0.09823809258181992,-0.07733904963781686,-0.0710245519527608,-0.2326275609814406,-0.05943947278247496,0.14270254763365714,-0.04470192606523281,-0.13961383069432381,-0.12055718031062483,0.24478480185514268,0.06994238538836073,0.22288328060626827,0.1758576448931779,0.19041509614388513,0.229682282909259,0.13828622429057527,0.27865709345042194,0.10488568719170605,0.06432436309158572,-0.22591302823355036,-0.23475364374566696,0.07727529903019388,0.22427782514802094,0.3510395333455522,0.6807720198583143,,0.3841388488234028,0.6382663022256931,0.16430284726151295,0.13395437050259384,0.22117317055678187,0.4339280733769494,0.4455259026687598,0.5175385890396768,0.01529377076875264,0.08417470854019077,-0.0905912071974436,-0.1363179242802158,0.06306369482584132,0.1731083999394369,0.12567476033755948,0.11283857549267266,0.09913060108854163,0.10473427949860147,0.2210408880459642,0.2484600243846074,0.2015539210608101,0.22375985146108424,0.3234434890707552,0.04812852122496793,-0.1255217588792643,0.052774346755492516,-0.2221198670799831,-0.015363896437137916
#18,0.251660304887281,-0.1253607885950163,0.35076381196758283,0.2631561332068946,0.6244117014240292,1.0,-0.2219652718564974,0.26003235343336867,0.015022830686354979,0.052646845540246553,0.09319382575365172,0.5859334284279897,0.3801560296121572,0.10384495852226092,0.02344269218815992,-0.01591374542788611,0.3538620914980596,0.3613256938855198,0.18857270358358103,0.07668241837930018,-0.19190526659707224,-0.18479388631672897,-0.032197244379985494,0.05296559857836145,0.179209333088956,-0.08118002374710134,-0.11974754759381301,-0.14748862450095226,0.07260556702181067,0.09651045111523719,0.2846894946967463,0.14351377411565955,0.22866067942210075,0.052415749587613254,0.16465188183824878,0.31426818286861796,0.25300225517774466,0.20918008749770897,0.24358310290144952,0.1569524022025835,0.20113794834607018,0.34789822215492994,0.13050068133461898,0.3366446461442836,-0.21580536939492703,-0.2057200232689718,-0.0536365737235933,-0.06165161886699232,-0.06409964219971472,-0.24093426515471475,0.28435639777191624,-0.060443544852536876,-0.08516284295834695,-0.06356094956530055,0.02003044091513997,0.13019149088764753,-0.25129852018902055,-0.20570886691263776,-0.036873351449131,-0.13252954442222029,-0.3257337296496107,-0.115402943684307,0.1130617026193531,-0.043707416586314336,-0.15046418411175483,-0.1591996111212935,0.2854162516236483,0.02710675836129063,0.2735777637880611,0.26348444883615296,0.25492433599757747,0.3397158316665206,0.0038218489269975855,0.23719051072205533,0.07648479149566895,0.018755428762680396,-0.1666727760998972,-0.1711177872164094,0.1410179378272199,0.1909171321789161,0.19415406928097284,0.5280255639936569,,0.34257026512283945,0.5698172748209006,-0.0020989887559865806,0.052563969750336684,0.20446573006398966,0.3698252436468535,0.3793734909035852,0.3310011236044594,0.12197244379985497,0.1381172851803744,-0.09892978667452924,-0.11054355361824543,0.05554749818709209,-0.03125373538716541,0.23575293452015714,0.1729777111938098,0.12558072819131558,0.19436763381650982,0.43736901242339965,0.264555459044219,0.25400951477818773,0.24014057008980866,0.295425097020456,0.14500075703846552,-0.18504251368645858,-0.04614268979751213,-0.2576401118823164,-0.01595040202726932
#26,-0.16081568902453602,0.20997856385818678,-0.12843994294320618,-0.01092526038138801,-0.18092581819920472,-0.2219652718564974,1.0,0.01269593350811625,0.38946202455992157,0.23284112551697758,0.17744662878818063,-0.056951605319988205,-0.046668632310401706,0.32079943261959215,-0.051837212823434724,0.13528038314115182,-0.3271330554869351,-0.2135549729458359,0.05316163169680211,0.015781462917068428,-0.17178238730087897,0.0857031293579517,-0.23319175385890398,-0.14444931428252675,-0.14471866059973384,-0.07049064061391835,-0.043913012295898446,-0.10976420244005451,0.28273872610348316,-0.07430770824534422,-0.19729219294121397,0.0752018105172565,-0.1826566471961686,-0.029196184526133765,0.3073623982978588,-0.010203284750057775,0.050766202615368676,-0.12476312664855087,-0.0580321781191977,-0.05721298281124242,0.14852457187482568,-0.3320450398042856,0.013452971973639124,-0.18717815904182836,-0.21351831634645269,-0.0572639832973408,-0.005931994039318187,-0.06928734789503463,0.0821315015658743,-0.0626891600060563,-0.13582863836670944,-0.07465036776131773,-0.1482058188367108,-0.048590713130234525,-0.12383396154244596,-0.09299938640040163,-0.13578241917618278,-0.06742742391763422,0.03567324626062842,0.013951820478288933,-0.04191602451210863,-0.04917084365960363,0.274881463713951,0.3722063288415718,-0.051837212823434724,-0.015225238865557938,0.15499207101817689,0.40722453760887406,0.15055343496242699,0.1254356955589733,0.1957988349576457,0.05978850735921077,0.3155957892723665,0.2764114782969025,0.3067376423431536,0.4156683055885376,-0.2071735371227757,-0.22184255193682315,0.07456908573659843,0.03134458000302815,0.1034959239455251,-0.31918813601192136,,-0.1629704595621927,-0.028917275617783234,-0.12166165958769294,-0.24278143901059057,-0.13618404800420755,-0.23688928910103674,-0.009537090900397645,-0.11298679565539609,-0.026089936169704116,0.01732422762154452,-0.13221876021005824,-0.06259512785981242,-0.1714668217931452,-0.16405421989178334,-0.33850616388687454,-0.22060738391412793,-0.008738614539919833,-0.02738088597406944,-0.26172493206575875,-0.25900915618101983,-0.3813449784443258,-0.2060754329064699,-0.21693056761947263,-0.07848018551426818,0.03246977822757373,0.12634414171760075,0.11558782044641364,0.1178812485556503
#49,0.4678848345273291,0.11941923196455466,0.30794412259241843,0.3648431336611177,0.31499334603032936,0.26003235343336867,0.01269593350811625,1.0,0.0686896859485692,0.28523137486154165,0.35293452015714527,0.28367745380073156,0.19691925188661955,0.03505486536668553,-0.21158348540509528,-0.27430770824534423,0.26740989250053787,0.3756950808437393,0.06970172684458399,-0.23238052737690157,-0.22897624492983448,-0.1387723226737005,-0.20145670138418506,-0.09289738542820486,0.11062164811258357,-0.15213445003147685,-0.0006231621895146189,0.044029357154810385,0.22979544023778978,0.05494346117986437,0.18799257305421194,0.22533130393899067,0.36122369291332307,0.0249296751109659,0.19948680760863502,0.08885081560933628,0.06755651889807075,-0.1220393819378591,-0.03836670943269928,0.054600801663890856,-0.07928663070069887,0.21088063495605192,0.09245431870522516,-0.022551777446628788,-0.21457020137223182,-0.0423798101825658,0.1977830726199109,0.2657794707105802,0.1475810628820056,-0.07301516467578832,0.1484863215102519,0.036583286184446444,-0.04227462167998789,-0.14899313884085458,-0.1005123955087697,-0.06625281897218083,-0.32866785136545834,-0.2501717281992844,-0.23378622827498824,-0.14069759102391444,-0.3946130736558583,-0.27912406665126027,0.018074891026305096,-0.08145574512507073,-0.07340563714747907,0.0649252125684323,-0.08692873478950346,-0.1125118536286049,0.03505964666225725,-0.12427384073504451,0.2639004215508929,0.17447903800333098,0.30927332276135755,0.3504211524516093,-0.0010614476169225988,0.09848512618635896,-0.38203507877184456,-0.3474216863629481,-0.12400290065264685,-0.1254548207412602,-0.05090326642175808,0.28323598084294244,,0.3538302161942481,0.18215301739594705,-0.1935070006135996,-0.27643219724438,-0.10565866330913466,0.2823562224577453,0.1817322633856354,0.26258556526866894,-0.21623090470081044,-0.08119914892938823,-0.39477723147048743,-0.332309604825921,0.09022623496880204,0.181595199579246,0.40469363848624185,0.36817888420499006,0.28470702611384263,0.31560535186350996,0.2514913657770801,0.2744527408776865,0.23301006462717846,0.36171935388759174,0.38587764664631957,0.15611248794715074,-0.273458231398768,-0.09631123046641538,-0.08009307588712955,-0.12365227231072046
#50,-0.17389253241319957,0.17968746264612834,0.06179983902971575,0.06183808939428954,0.08043573540310306,0.015022830686354979,0.38946202455992157,0.0686896859485692,1.0,0.15664321175561205,-0.008262078747938066,0.08797743228490147,0.021710269426005468,0.28874881463713953,0.004962984803448908,0.18327184055973034,-0.34026727442245935,0.041614802891090055,0.3079425288272279,0.24652359967805942,-0.3109260572639833,-0.17022209117930656,-0.22244658894405087,0.056256723696897735,-0.2648152427702827,-0.07800364972228642,-0.3322076038537242,-0.36033437193698253,0.4541497661149583,0.27787774227223105,-0.01954115500163361,-0.006261903433767103,-0.12223700882149033,-0.13323239487126362,0.5190144156061487,0.4002868777343034,0.3251233175816207,0.2565706954394409,0.059256189785558896,0.17423837945955423,0.05028169799743404,0.037059821976428216,0.1856640821107826,0.011483078198089075,-0.30780068372526675,-0.2171186319119604,-0.09566256803385158,-0.15991839922224257,-0.21030847325263569,-0.3621703894365243,-0.18395875335686793,-0.1339878395715959,-0.3273466200224721,-0.11778084134864411,-0.20803735785606706,0.18754313127046993,-0.4351488975129294,-0.32144171999139365,-0.09606419686187634,-0.33264270175075106,-0.1545729107730558,-0.10634238857589111,0.4968339854489238,0.222738247973926,-0.15660655515622884,-0.054662958506323266,0.4170070683486202,0.5177170907410211,0.4871948935763294,0.3980763254149766,0.498110591366574,0.38599080397485036,0.4689367195531082,0.31874666305413224,0.3818900461395023,0.29848193865597783,-0.21984556415303333,-0.31598466797886665,0.25466933356708554,0.3631473674983465,0.06858130991561014,-0.06149383611312546,,0.07401923674585023,0.1636318721162811,0.1050753452493844,-0.027100383300528334,-0.08130274366677558,-0.0005689741730350868,0.03962578393325311,0.12403318219126776,0.012825028488552782,0.07209556216082684,0.014982986556590618,-0.012409055773812844,-0.16537066993919786,-0.22143136051765494,-0.2870323295268908,-0.29995776522244977,-0.10496059415566304,-0.21104798030106225,-0.28787702507789525,-0.09176740590808756,-0.14151519256667916,-0.19643634103387547,-0.14153909904453776,-0.3521137310839994,-0.2240738232036274,0.004038600992915714,0.002731713536644646,-0.14669174190566503
#51,0.20717194335758513,0.4261648431336611,0.3871749715114472,0.6854290017451729,-0.008504331056905385,0.052646845540246553,0.23284112551697758,0.28523137486154165,0.15664321175561205,1.0,0.47807696292105284,-0.027162540142960736,-0.09849947007307414,-0.0024910549928679007,-0.21331750193244028,-0.3436827132258604,0.29733602148395477,0.3212520619337153,-0.21207755261417335,-0.33183625656432036,-0.13039389906685048,-0.1253910701336372,-0.023669006845221493,-0.22924718501223215,0.03655619217620668,-0.03963534652439656,0.3090725083473452,0.24165783455123557,0.19332531138187412,0.12453681199148929,0.08420339631362111,0.3295922351759915,0.23912374789822216,0.3374606539218577,-0.17947071058021022,-0.09808190359314362,0.01071169584585103,-0.1964729976332587,-0.17049143749651363,-0.24323725585509487,-0.1257050418761804,-0.12478225183083776,-0.18839738941261783,-0.322571699511511,-0.09936169704117492,0.13927595247392202,0.2453394321414626,0.31791471762465234,0.0606730470399796,0.15205157424156698,0.021391516387890573,0.2146961088222872,0.026405501677437864,0.00030440915139972425,-0.13122743826152092,-0.35546223174939634,-0.019332371761668354,-0.05194240132601264,-0.10354692443162349,-0.04871821434548048,0.067240953390337,0.11996270589454056,-0.2018599239774004,-0.22544924256309318,0.3271314617217445,0.07189315398162388,-0.19623712038505367,-0.0827929141199627,-0.13098837348293477,-0.16681302743666776,0.026730629776315056,0.0828120393022496,-0.07892325223724789,0.024339981990453348,-0.21366813027436668,0.03757938942855549,0.11313979711369124,0.10141606037182542,-0.09394608292360286,-0.19107491493278295,0.14026727442245934,-0.07449258500745085,,0.22761676322227445,-0.013481659747069464,-0.03446517224617297,0.03780411032042649,0.1444716269951948,-0.1887543928153065,0.05160452310561085,-0.15745603200280503,-0.10173800094032147,-0.005265800189658058,-0.11784937325183881,-0.038328459068125494,0.27594769262644536,0.14537529185825052,0.1412681589621401,0.2852186247400171,-0.06630541322346979,0.20390472471690746,0.03333200519567452,0.3212265616906661,-0.05801624046729195,0.2784610603319813,-0.023885758911139622,0.3989465212090303,0.15512435352899456,0.17074484616181498,0.029259935133756743,0.13369777430691135
#52,0.30940401150698466,0.3655252651626836,0.22133573460622047,0.31055949127015114,-0.05676832232307214,0.09319382575365172,0.17744662878818063,0.35293452015714527,-0.008262078747938066,0.47807696292105284,1.0,0.02440213883288575,-0.0412498306624485,-0.07976635402306179,-0.06949294360461873,-0.18268374120440836,0.19795201173011182,0.21792348333320052,-0.14362055638342802,-0.17617799169648335,-0.025367960538373882,-0.06356732462606285,-0.012925435695558974,-0.23509789702683104,-0.05701694969280176,-0.18754153750527935,0.14565260700141047,0.1697009299619887,0.014986174086971766,0.03632828375395453,-0.11703017794388353,0.17761556789838154,0.2753245304369307,0.1388089792730837,-0.08205181330634558,-0.1316338483851174,0.019150682529942863,-0.09763564933978278,-0.10109093227294823,-0.09953541744694754,-0.1286885703129358,0.05943150395652209,-0.11281307524962347,-0.10336682896508857,-0.16623927196806096,0.10969088924128809,0.15069209253400698,0.24889830981201538,-0.024682641506426857,0.038304552590266876,-0.16894070396608468,-0.021211420921355657,0.025254803209843094,0.03201874267864115,-0.01358366071926623,-0.08973694905529568,-0.048788340013865755,-0.027180071560057056,-0.3621799520276678,-0.19285674441584522,0.08179362334547251,0.08844918678131151,-0.0911410561881918,-0.05510443146411239,0.19151798165576267,0.14250013945445417,-0.14760815689024537,-0.012117396743937716,-0.11473834359983744,-0.09809305994947765,0.01281387213221876,0.05498968037039103,0.05296400481317087,0.08587684976372431,-0.04221565236793663,0.09016726565675079,0.09383611312545323,0.06790714723999713,-0.12292392161862793,-0.21868849062467627,-0.05851668273713234,-0.04548446477380488,,-0.019574624070635673,-0.0828805712054443,-0.03826152093012136,-0.036095594036130656,0.10080724206902597,0.0398951302504602,-0.1298057997115285,-0.096859485691973,-0.33673070946457456,-0.04002581899608731,-0.13109993704627498,-0.09597653977639474,0.11347608156890246,0.01318043812605089,0.18841651459490474,0.3275314967845787,-0.06430842543967998,-0.019343528118002374,-0.11101052681908374,0.14604945453386353,-0.042980659659412376,0.19740535026974476,0.060499326634206985,0.24152077074484615,0.029983504530277556,0.07448142865111683,-0.08253950545466136,-0.053760887408458115
#53,0.03738495007530541,-0.03466758042537593,0.1337392122018663,0.12811162731394785,0.60130369992589,0.5859334284279897,-0.056951605319988205,0.28367745380073156,0.08797743228490147,-0.027162540142960736,0.02440213883288575,1.0,0.4779255552279483,0.12245854218298018,0.048939747706970335,-0.007304225868402808,0.07615806963160118,0.11903672831881679,0.1570575907051614,-0.014871422993250404,-0.15366287084923777,-0.3327510777837101,-0.13262995162922647,0.06566790714724,-0.01031962960896971,-0.09494218616771191,-0.27664735554510755,-0.3578783797783073,0.25203483970706597,0.1315238785869678,0.22196686562168796,0.21393269529600203,0.11144403095092,-0.04433376630621011,0.25305006813346187,0.34859788507359213,0.16067543768776546,0.056459131876100695,0.14517447744423814,0.05203962100263768,-0.011347608156890246,0.17083250324729657,0.12874913339017763,0.25455617623855475,-0.1490234203794755,-0.19362812676808325,-0.15157822597996637,-0.13689486727920375,-0.10905816446063002,-0.34941389285116625,0.13540150929563546,-0.3316418172110703,-0.20688028432771,-0.2885798755269386,-0.1296798922614731,0.02195730303054451,-0.15975902270318515,-0.29827156165082197,0.023633944011028855,-0.20234920989090677,-0.2204464136298799,-0.14992071018176892,0.11075393062340125,-0.06631975711018495,-0.3720533273832766,-0.32097952808612706,0.2701750751061846,0.08182231111890285,0.15040680856489413,0.15431312704699215,0.21883192949182798,0.18319533983058275,0.29356198551267443,0.3178254667739802,0.2754775318952259,0.02387779008518675,-0.1499972109109165,-0.20264246268597247,0.13015961558383604,0.135980046059814,0.3586290431830678,0.39037525201412077,,0.35930320585868086,0.5501613687255457,0.28098717815904184,0.15216473157009777,0.07174652758409103,0.34425646869446724,0.3618213548597885,0.4212082333909745,0.15744646941166157,0.12660233167847382,0.04564384129286232,0.08068436277283268,-0.05385491955470201,-0.10420036815975903,0.016108184781136195,-0.05074707743308179,0.07354270095386847,0.008689207819012026,0.2964259815601367,0.17881248555650295,-0.019318027874953184,0.0771366414586139,0.1352261951246723,-0.06731107905872227,-0.17527432683342764,-0.12354070874738025,0.025493867988429265,-0.1410864697304146
#54,0.03950625154396003,0.007779167895194001,0.10701495748631354,-0.010085346125955264,0.34895807600666195,0.3801560296121572,-0.046668632310401706,0.19691925188661955,0.021710269426005468,-0.09849947007307414,-0.0412498306624485,0.4779255552279483,1.0,-0.13726462080341703,-0.08378742359888118,-0.004025850871391118,-0.08784833730446494,-0.10664998525767198,-0.06512283945206353,-0.026859724756751586,-0.145545824733642,-0.14470112918263753,-0.028337145088414124,0.05002988309732327,0.1227948266381914,-0.1189426961725729,-0.15652367936631897,-0.16600817601542764,0.25591884547649596,-0.06254253360852345,0.13593223310409677,-0.07937110025579931,0.0658990030998733,-0.133058674465491,0.3057431328642351,-0.0012861685087935993,-0.03159958243352007,-0.16582011172293987,0.08736064515614915,-0.05456573882969822,0.1772250954266908,0.0030743730526181577,0.2943556805775805,0.09703639362812677,-0.08054411143606212,0.011471921841755054,-0.01627393636095594,-0.020149973304433057,0.02144092310879838,-0.045012710277394834,0.26193052777534287,-0.0500219142713704,-0.10135709105977417,-0.1743387866665604,-0.12706930487931212,-0.13033971105037095,-0.06028416833347943,-0.13583341966228116,-0.06563921937380966,-0.10355489325757636,-0.1740025022113492,-0.02487867462486752,0.05736917179991872,0.08868825155989768,-0.35847126042920097,-0.18893608204703202,0.08251081768123103,-0.022204336635083553,-0.06628788180637346,-0.004967766099020631,0.13958036162532175,0.009755436731506348,0.1625640494385962,0.16035668464965055,0.12757612220991482,0.01888930503868865,-0.07522093569954338,-0.1526683613703193,-0.05421032919220011,-0.04318784913418706,0.028628804118289254,0.195067296735172,,-0.18915920917371243,0.1654933898588721,-0.050447449577253785,-0.14152634892301316,0.09422658559714397,0.20650096821235328,0.19564742726454112,0.31351751946385736,0.00985584393851254,-0.03514092868697655,-0.04601040728669445,-0.035285961319318826,-0.07778689765636829,-0.06103642550343058,0.1284829746033517,-0.04834049199531433,0.23229605782180113,0.11900166548462415,0.3112240913546207,-0.1418562583174621,-0.05624875487094486,0.02791479731291189,0.18471897935277196,-0.06789917841404426,-0.09804524699376041,-0.21861198989552869,0.07031692020814573,-0.09907481930687152
#58,-0.20345050163759373,-0.03160117619871065,-0.13442931252938506,-0.15636270908207095,-0.0023348660041916025,0.10384495852226092,0.32079943261959215,0.03505486536668553,0.28874881463713953,-0.0024910549928679007,-0.07976635402306179,0.12245854218298018,-0.13726462080341703,1.0,-0.09992907744901944,0.08436277283267857,-0.11517662902724542,-0.043791886141414785,0.37142697766338084,0.07392998589517806,-0.3843348819418435,-0.2815625273928392,-0.5483189761652416,-0.20573436715568696,-0.13016439687940776,-0.2548127724342373,-0.24773326745770546,-0.3234020511758003,0.2700826367251313,0.08023492098909067,0.05062913880897928,0.19339065575468767,-0.10788834081074836,-0.05866330913466519,0.4335710699742607,0.3829004932703265,0.21650343854839865,0.14015571085911913,0.04179808588800612,0.07967710317238962,0.32771796731187597,-0.09143749651363865,-0.12933404521511846,-0.22423319972268485,-0.2873192072611942,-0.340815529648017,-0.12013164500474145,-0.10108296344699536,0.24952147200153002,-0.3047438420897449,-0.061893871175959646,-0.3136609583310091,-0.40231414705671414,-0.4204639450469762,-0.26213931101530813,0.004491230307038864,-0.3625082676569261,-0.23289850106383828,0.12972292392161863,-0.11299954577692069,-0.12314545498011778,-0.10819274996214807,0.4545163321087904,0.5306887456271068,-0.36700746678991786,-0.1721983600156189,0.4638143582306019,0.30215716118544256,0.5081943437273386,0.4399700372144172,0.3752137637561858,0.3659045812780403,0.3999617496354262,0.5547322872921132,0.4158898389500275,0.46171218194423413,-0.20274286989297866,-0.24332013164500474,0.1633449943819777,0.2028783399341775,-0.08031301548342883,0.057303827427105165,,0.31382830367601944,0.3455059806038776,0.06972403955725202,0.022988469108846193,0.03243949668895282,-0.19140004303166014,0.12183378622827498,0.08365035979249177,0.23727976157272748,0.20886292822478464,-0.0570328873447075,-0.03798898708253313,-0.16391874985058452,-0.2625505024344763,-0.24442461092207285,-0.3609288463530668,0.06860681015865933,0.049889631760552715,-0.1681390400752257,0.01798404641044235,0.021184326913115892,-0.19826757723784555,0.03540230617823076,-0.18913849022623497,-0.09730414618014328,0.21760791782546676,-0.03517599152116919,-0.055182525958450544
#101,-0.13712118193626532,-0.1505470599016647,-0.07593653627011132,-0.19146219987409255,-0.0732653858107085,0.02344269218815992,-0.051837212823434724,-0.21158348540509528,0.004962984803448908,-0.21331750193244028,-0.06949294360461873,0.048939747706970335,-0.08378742359888118,-0.09992907744901944,1.0,0.5734893098199842,-0.004237821641737523,-0.16478575811425702,0.45852146403270405,0.4012032927188837,0.5159862617440573,0.13817306696204448,0.26328204065695,0.12192941213970945,-0.23886715170253967,0.03560790188781487,-0.04502705416411,-0.3967949382017547,0.05443664384926169,0.010225597462725817,-0.10102080660456295,-0.02007666010566663,-0.1804508761724135,-0.07188359139048044,0.024397357537314028,0.20228545928328379,0.35662089904294403,0.37628477396425186,0.2693622548589916,0.14611001761110537,0.0783542780642128,0.3799775279108129,0.18417550542278607,0.4589007801480608,0.03702635290742615,-0.3695511160340747,-0.20687231550175714,-0.36931842631625084,-0.3862808692395349,-0.35141725569571836,-0.31237797735259665,-0.35183960347122056,0.18282239877598833,0.27440492792196924,0.38917833435599936,0.5312194694355681,-0.18164620006534438,-0.20119373012774028,-0.27763230243288256,-0.316912239319781,-0.2692698164779383,-0.20482910852744066,0.18472535441353424,0.2587143096207636,-0.10904382057391485,-0.09085736598426954,0.200224720891871,0.19171720230458447,0.2525560009243838,0.33903688769533585,-0.0892110065424061,0.029879909792890215,-0.007715417287571022,-0.21055550685717472,0.15093753237335544,-0.15804572512331758,-0.30644120201770675,-0.3003275187466631,0.4984707822996438,0.3242802157958068,0.08425120926933835,-0.006486624325638104,,-0.20247352357577159,-0.011173887751117629,-0.255203244905928,-0.20541083282200034,-0.10438205739148451,0.0982141861039613,-0.10127580903505487,-0.04066810636788882,-0.2600801663890859,-0.34397118472535443,-0.19777988508952976,-0.1756934870785487,-0.07335144913099953,-0.10861987903322204,-0.2847548390695599,-0.12383396154244596,-0.3525822980500283,-0.39250770983910943,-0.22039222561340038,-0.15123237893361172,-0.19746272581660543,-0.3684036050968611,-0.2725434101793783,-0.31325136067703147,-0.3300305206033995,-0.10870434858832248,0.03126329797830885,-0.11434468359776555
#102,-0.18896476982046234,-0.07474758743794277,-0.25194877638677493,-0.34901226402314145,-0.003257656049534222,-0.01591374542788611,0.13528038314115182,-0.27430770824534423,0.18327184055973034,-0.3436827132258604,-0.18268374120440836,-0.007304225868402808,-0.004025850871391118,0.08436277283267857,0.5734893098199842,1.0,-0.33240044944178376,-0.29743164739538924,0.41836495629098963,0.8202280677987712,-0.012840966140458526,0.3863127445433464,0.143673150634717,0.4965981082007188,-0.24557212185928648,0.20783176214648297,-0.4865286997266693,-0.40560527217525044,0.1735227788889863,0.2089218975368359,-0.11853787981416698,-0.1047948425758433,-0.309882141064157,-0.1436396815657149,0.21610340348556448,0.21575755643920982,0.2630015379834089,0.5224824486608388,-0.012123771804700013,0.29587453880419795,0.051464271768840296,0.13972380049247343,0.16340874498960067,0.48229565938050345,-0.05989528962697926,-0.1748631354142594,-0.4189339304640247,-0.568186853030943,-0.5528293316545674,-0.42048785152483487,-0.46726804739857675,-0.4131915944823849,-0.2766011363545809,0.2010853540947812,-0.025323335113037797,0.6418984930950123,-0.38856632852281875,0.102765979488242,-0.08299850982954682,-0.25149295954227063,-0.2039525376726247,-0.13573779375084669,0.4217596761469133,0.5071153646933197,-0.078304871343305,-0.0002103770051558304,0.4621982803273594,0.5402003362844552,0.4676298320968372,0.5725043629322092,0.08957916630142881,0.15383340372462925,0.23118998477954242,-0.06810477412362836,0.16806253934607815,0.025119333168644262,-0.33622070460359077,-0.3411438452772753,0.48377148594697544,0.6635274804962985,0.052767971694730215,-0.04794045693248014,,-0.22325940919124385,0.022393994692761914,-0.09993545250978174,-0.08458749372454956,-0.16213054530675997,0.04778586170899441,-0.15023946321988382,0.07403198686737483,-0.17992652742471452,-0.18835754528285348,-0.04354325877168517,0.08819099682043845,-0.12920495023468193,0.050092039939755674,-0.4184239256030409,-0.3720501398528955,-0.2575349233797385,-0.4321908693192232,-0.360901752344827,-0.255128337941971,-0.15602483086166916,-0.44017403915881076,-0.08261441241861836,-0.429468718373722,-0.29053383165058294,-0.03989194272007905,0.10811784299819108,0.06085473627170509
#201,0.3805767836224689,0.0044577612380368,0.5613910382583334,0.4156428053454885,0.17933045924343965,0.3538620914980596,-0.3271330554869351,0.26740989250053787,-0.34026727442245935,0.29733602148395477,0.19795201173011182,0.07615806963160118,-0.08784833730446494,-0.11517662902724542,-0.004237821641737523,-0.33240044944178376,1.0,0.5306154324283403,-0.09335798356828089,-0.23576887217206288,0.29219294121397094,0.016108184781136195,0.23742479420506976,-0.1953477994087131,0.3467793989911466,-0.13756424865924502,0.49180087497708963,0.2436914789344086,-0.17371243694666466,-0.1383898190279626,0.3150953470025261,0.24009275713409142,0.37685852943285864,0.1959741491286089,-0.35689183912534167,-0.10219222401963518,-0.04881224649172437,-0.14055255839157216,0.14756512523009985,-0.13773956283020822,0.029795440237789766,0.12167919100478926,-0.21670903425798277,-0.028099674075018528,0.05379435647746018,-0.003101467060857924,0.040016256404943856,0.07984922981297166,0.17847620110129175,0.21692100502832917,0.3389269178971862,0.2454589645307557,0.45417048506243574,0.17197682665412906,0.3905218784116536,-0.07984126098701878,0.1664863055726,0.028290925897887464,-0.1714046649507128,-0.10445537059025094,-0.15296798922614732,-0.16924670688267499,-0.4255384934137654,-0.4021707081895624,0.21235646152252388,0.09415008486799639,-0.29252125684322927,-0.4330913466518978,-0.20063591231103922,-0.12655611248794715,-0.059217939420985105,0.11958179601399326,-0.35209141837133134,0.0032417183976284772,-0.3309995298392688,-0.1144658097522492,-0.05993991505231534,-0.02873080509048602,-0.0653555291698874,-0.24334563188805394,-0.020306162293109355,0.09789702683103699,,0.3075934942504921,0.07263106726485986,-0.18421853708293157,-0.07958147726095514,0.14920670337639155,0.008250922391604045,0.09327510777837102,-0.07885153280367203,-0.1054881304337432,-0.14698977599630247,-0.2707376742184574,-0.3649387595725522,0.4957310999370463,0.16162532174134786,0.5521966068739093,0.39967168437074163,0.16863629481468495,0.3767613097562336,0.535369633991824,0.4148299850982955,0.4370550406808565,0.3768314354246189,0.2774091753062021,0.34542151104877716,-0.02811879925730542,-0.054280454860585386,-0.29625066738917355,-0.12432165369076174
