,#10,#11,#12,#13,#17,#18,#26,#49,#50,#51,#52,#53,#54,#58,#101,#102,#201,#202,#301,#302,#401,#402,#501,#502,#601,#602,#701,#702,#801,#802,#901,#902,#1001,#1002,#1101,#1102,#1201,#1202,#1301,#1302,#1401,#1402,#1501,#1502,#1601,#1602,#1701,#1702,#1801,#1802,#1901,#1902,#2001,#2002,#2101,#2102,#2201,#2202,#2301,#2302,#2401,#2402,#2501,#2502,#2601,#2602,#2701,#2702,#2801,#2802,#2901,#2902,#3001,#3002,#3101,#3102,#3201,#3202,#3301,#3302,#3401,#3402,#3455,#3501,#3502,#3601,#3602,#3701,#3702,#3801,#3802,#3901,#3902,#4001,#4002,#4101,#4102,#4201,#4202,#4301,#4302,#4401,#4402,#4501,#4502,#4601,#4602,#4701,#4702,#4801,#4802
#10,1.0,0.19050115946417615,0.6139900708428627,0.46783064651084955,0.08179840464104424,0.23430420196192495,-0.03405557459219533,0.49988445202368337,0.01993003370813378,0.35485181968140633,0.5414147853596729,0.30218106766330116,0.393707815027612,-0.11043677135047693,-0.009062148873606452,0.16459610005657865,0.4416689909075696,0.0461697838057519,0.2710293332483325,0.20964227940297556,0.12922726294734996,0.15937333152706612,-0.007597478663468511,0.1285515065065464,0.037136322705575785,-0.05319031947023245,0.0968100789710652,-0.02503964490911554,0.10989010989010989,-0.04185705520005738,-0.10444262046872635,-0.1637195292017627,-0.041211580297874716,-0.25210337161026064,0.11707320960402903,-0.010708508315469881,0.057067950178900144,-0.07458502338850417,-0.037427981735450915,-0.20083832049024217,0.08309094821060013,0.021289515415693804,0.14306911362748925,0.17789925810230378,-0.19682362597518507,-0.09073783359497645,-0.047393795472113094,-0.24552430890356924,-0.2351680226952163,-0.16837969861900245,-0.1325088254747428,-0.10060961518539474,-0.033567882443879545,-0.019977846663851016,0.010808915522476073,-0.014527169712086318,-0.32671389524181405,-0.020924543187052252,-0.17928742758329416,-0.2355377762194296,0.041413988477077675,0.04164827196009212,0.003603503095888883,-0.16537863876515074,0.30704523902493447,0.3545856608945804,-0.02120982715616508,-0.16392353114615624,0.2041884149208297,0.130961279474695,0.22864633553538558,0.3641514395684084,0.10311820159535895,0.2316537704499996,-0.31704611559578927,-0.0707934560001275,-0.08785311860003665,-0.024738423288096965,0.020801823267378016,0.15960123994931827,0.11470806206121652,0.23261321709472543,,0.0469188534453219,-0.009619966690307517,0.013507159990118655,-0.009387276972483644,0.14918120313334238,0.09943979153551308,0.13664623990947414,0.06212656089378352,0.025012550900875775,-0.039638534054777706,-0.13449146937181744,-0.20806923315987855,0.20455498091466184,0.11014829985098296,0.10917132178916081,0.07803393126090732,-0.2084979559961431,-0.010153878029149965,0.026862912287132737,-0.09003020185036138,0.027361760791782548,-0.09847237606483437,-0.03182430332539107,-0.06161496226760911,0.02661109738702197,-0.03657850488887472,-0.1278709687701711,-0.21836336252579908
#11,0.19050115946417615,1.0,0.20225039644909115,0.05853262038903808,-0.053523416395062515,-0.11349680051637992,0.5602833714508841,0.3895050562200671,0.5337009618372925,0.5016630939763644,0.40369275394656107,0.0714612436149782,0.016393468750249027,0.4807385507893122,0.21036903632987752,0.18936639864848712,0.25340547777096,0.06538581070850831,0.2854082827976954,0.27143255584154785,0.030756480647706173,0.21277562176764497,0.11618229486249791,0.14462940974906166,0.1628397708165656,0.14825203802723744,0.04779861183051901,0.052447624891424745,0.08555012789965655,0.14658336587270598,0.0445712373196057,0.16835419837595328,0.18480026137749125,0.2238315708946601,-0.1987951135159257,0.012503087920056739,0.00344572034202201,0.14845603997163098,0.09910510084549243,0.1187546318800851,-0.344186343026082,-0.09206225246834383,-0.3646630381945828,-0.1909729139605862,0.08863406354341814,0.060091322745419916,-0.02046713257735738,-0.10948688729689454,-0.25372582457426546,-0.17865310903744552,-0.19088206934472343,-0.19945971360039524,-0.04813330252053965,0.0038951621257640114,-0.12439496688952817,-0.07018304393213748,-0.40953071583963535,-0.26134242842002087,-0.20635274804962986,-0.1451505709663795,-0.13954848632151026,-0.13571548103817865,0.023402848058395556,0.14233279410944386,0.22565165074229615,0.09408633426037342,0.3570512156443991,0.3307046832790125,0.35446294097490616,0.2726581612730996,0.2602315740821905,0.2875949286391636,-0.09007163974531632,-0.09780777598036482,-0.1990883663109914,-0.2725928169002861,-0.3173568998079513,-0.20251814900110768,0.194992389771215,0.20746360238746026,-0.27413558160476215,-0.32972770521719036,,0.08200240658543777,-0.04287865868721561,-0.16435225398242076,-0.18812963686060133,-0.4750599654152954,-0.2815752775143638,-0.3202734901067026,-0.21655443903449706,-0.11303938990668505,-0.1068428308457315,-0.1884372335423822,-0.23985050482512413,0.18840217070818957,0.11939691925188661,0.28152427702826543,0.04360063431854585,-0.0472997633258692,-0.018495645036616756,-0.14089203037716452,0.07283188167887225,-0.16987624413295188,-0.032267370048370776,0.1138538039190686,-0.06298400656631259,-0.1943373522778889,-0.2981520292615289,-0.2541704850624357,-0.2319151479412538
#12,0.6139900708428627,0.20225039644909115,1.0,0.5688291404027445,-0.06088501781032601,0.23399819904533464,0.05421192295739069,0.24435607901887815,-0.02986397214098447,0.5710396927220712,0.5337232745499606,0.20899839826598346,0.29669054658177213,-0.21351991011164326,0.058188367107874,0.125867605925619,0.8262269999760935,0.48535090725083474,0.16576432994126974,-0.040594793169122394,-0.07673979392616086,-0.014407637322793232,0.1335527416745691,0.10528890978492139,0.22809967407501852,-0.11661579899433416,0.28950585310266236,0.062443720166707836,0.011108543378304074,-0.18149957366781153,0.20545227071695527,0.06853668449027404,0.2585055263807983,-0.04856680665237591,-0.14149128608882053,-0.24918678131150937,0.07252428499709138,-0.29660129573109995,0.1594689574385006,-0.16184844886802827,0.008972898022934281,-0.17045956219270214,-0.131796412434556,-0.22141223533536805,-0.1258102303787583,-0.22309843890699582,0.06620181848608245,-0.0849970913785272,-0.06156396178151073,-0.05173521185123796,0.051923276143725744,0.04162277171704293,0.37079106535234163,0.20923586927937907,0.11946863868546247,-0.13721362031731865,-0.3434787112814669,-0.2932017945796046,-0.09616141653850138,-0.15111922160508093,0.16388049948601072,0.1423296065790627,-0.3694507088270685,-0.16779956808963337,0.5166253615854776,0.4296599701965909,-0.20761341631537425,-0.30554072468503213,0.07947947628875837,0.009859031468893689,0.3751627632700874,0.4780339312609073,-0.10311979536054953,-0.025457211389046053,-0.5747930097458741,-0.3131111093402609,-0.056054315517694776,0.09339145263728295,-0.18237295699224634,0.007321757285499128,0.138002534086653,0.11822231430643323,,0.07961335256476663,-0.3437066197037191,-0.015692212066396257,0.07623138283036761,0.0500027890890835,-0.0733657930177147,-0.1118807226131374,-0.26352429296591734,-0.04894931029811378,-0.2196479372694021,-0.03493533297739244,-0.0956737243901856,0.40998015762337736,0.23985687988588641,0.6282335503510268,0.48297141582130704,0.08394998764831978,0.3320020081441401,0.34941867414673794,0.26492840009881347,0.3107523368582107,0.17647283825673962,0.22924559124704158,0.1589238897433241,0.1370542437982612,-0.10434221326172015,0.037665452748846515,-0.08832646686163728
#13,0.46783064651084955,0.05853262038903808,0.5688291404027445,1.0,0.14927682904477682,0.4600100407207006,-0.1876068818780929,0.0013164500474145144,-0.14677302393038433,0.34203476001880645,0.30634238857589113,0.22731076030568417,0.42819689375164355,-0.40487214018758616,-0.05159177298408626,-0.062211030448883965,0.5084238459147814,0.2584322131820319,0.07120305365410515,-0.22826701942002886,-0.11918176095115907,-0.169557491094837,0.07556678274589805,0.019118807226131376,0.2836392034361577,-4.940672090780865e-05,0.2053327383276622,0.09243359975774769,-0.03570512156443991,-0.13034608611113324,0.034184669572631866,-0.13101546749117451,0.18262317812716652,-0.14649889631760551,0.08220322099945016,-0.15132162978428387,0.12624532827578513,-0.17182701272621503,0.2533130393899067,-0.20806763939468798,0.3888229247185012,-0.016012558869701727,0.19821020169098486,0.06115595789272366,-0.14947764345878922,-0.211213731880882,0.207940138179442,0.06310194519041509,0.07018941899289978,-0.14138609758624263,0.1214146259831539,-0.023181314696905705,0.15798994334164748,0.10813218688490625,0.04969997370287436,-0.11064077329487047,-0.17063009506809362,-0.2381850202009738,0.007656447975519767,-0.16790635035740184,0.11191578544733005,0.17832001211261544,-0.12193259967009061,-0.3575452828534772,0.37306377451410083,0.15536182454239017,-0.37288846034313766,-0.47745698826191935,-0.08463690044545737,-0.1765859955852704,0.1779789463618325,0.2140777279283443,-0.018685303094295117,-0.023331128624819706,-0.39114822813154937,-0.21498139279140005,0.00043350413183625657,0.024317669277785305,-0.304178055447091,-0.19356437616046027,0.19138888667532614,0.3285084748464009,,0.0677716771987983,-0.20350309588888268,-0.06810158659324722,0.005761461163926718,0.3845101961128067,0.4004749420267912,0.07515240379634869,0.05711895066499852,-0.16433950386089619,-0.18510785805927213,-0.07334029277466551,-0.005339113388424483,0.11665404935890795,0.20165273450262572,0.38613743037238324,0.4214090478049869,0.14405087298488314,0.23081544995975742,0.29594147694220213,0.05804811577110344,0.2997489819824845,0.23414641920805807,0.11714492903760489,0.11337248683151512,0.05920518929946051,0.08778936799241367,0.048644901146714055,0.028346707679557572
#17,0.08179840464104424,-0.053523416395062515,-0.06088501781032601,0.14927682904477682,1.0,0.4595350986939094,-0.21150539091075712,-0.06601375419359466,0.14594585979647617,-0.19980396688155935,0.004126258078397309,0.7060746360238747,0.40637027946672616,-0.06773023930384336,-0.3916646080532955,-0.4099275633720884,-0.21385619456685445,0.1934257185888803,-0.4190805568615576,-0.3164819227183259,-0.4511152371921045,-0.21257321358844203,0.07050339073544294,0.078304871343305,-0.013747818533895402,0.12322354947445593,-0.014428356270270701,-0.013833881854186422,0.21025906653172788,0.23825514586935906,-0.06669588569516054,0.06300950680936178,0.12211747643219724,0.0702691072524285,0.337242308090749,0.12810365848799496,0.0043573540310306086,-0.02960100088453968,0.19030353258054492,0.15535066818605614,0.3898907473961861,0.19668815593398625,0.3481213492816103,0.3594514260214043,0.21258915124034777,0.08583541186876938,0.14617536198391892,0.22936352987114408,-0.16453713074452742,0.0368861015706556,0.11823187689757668,0.22222186805217986,-0.01399325837324387,-0.03659603630597104,-0.3475874379427679,-0.15736678115213285,-0.061198989552869176,-0.0046203252874753966,0.16419287746336333,0.178085728629601,0.020409757030496696,0.28064292487787773,0.08006279434850863,-0.07905872227844672,-0.04996294495931914,-0.20522117476432197,-0.16005386926344142,-0.12053805512833794,-0.17890492393755628,-0.24039876005068173,0.020661571930607463,-0.3181139382734742,0.049197937667843396,0.07836543442054682,-0.1256970730502275,0.12397102534883536,0.1348006598187889,0.13097721712660074,-0.05543274709337073,0.0200973790531441,0.4884348428945963,0.5692913323080111,,0.5967614691327526,0.6672760162245296,0.019058244148889545,0.08887153455681375,0.45011754018280487,0.45826008654144984,0.4099180007809449,0.5580600690100328,0.19483620078253872,0.2941548661635681,0.04335200694881623,0.07255775406609344,-0.22807895512754106,0.1520196989377555,0.13344755317199117,0.37922048944529,0.04563746623210002,0.08985329391420761,0.20492314067368456,0.1499589605463427,0.18135454103546925,0.36233773478153464,0.14970873941142251,0.06482002406585438,0.034783925284287864,0.29962148076723855,0.018076484791495668,0.05556662336937899
#18,0.23430420196192495,-0.11349680051637992,0.23399819904533464,0.4600100407207006,0.4595350986939094,1.0,-0.3661962403079154,-0.11242260277793273,-0.18142785423423566,-0.17289483540389994,-0.04866880762457267,0.4332698483532421,0.5626230187506475,-0.4278940783654344,-0.39845404776514276,-0.382419176182773,0.10428802524524061,0.24060276199507527,-0.31729793049590005,-0.35644877240236195,-0.20345050163759373,-0.29856322068069713,-0.17692865510124392,-0.18493891894907125,-0.03770689064380145,-0.18685621847333234,0.22897146363426277,-0.016881160898564816,0.032267370048370776,0.00017690793615376648,-0.01339081513120672,-0.03347544406282622,0.03230243288256341,-0.0756385021794739,-0.07047948425758432,-0.08517559307987155,-0.061807807855668626,-0.2416928973854282,-0.012520619337153057,-0.10655914064180924,0.31580616627752234,-0.15936058140554152,0.22806779877120703,0.16258158085569252,-0.06378726422236213,-0.2693702236849445,0.16771987983010464,0.22978269011626518,-0.17288686657794708,0.1382591302823355,0.25313294392337177,0.2279387037907705,0.2272470096980612,0.029887878618843088,-0.08614938361131255,-0.2211954832694499,0.12221947740439401,-0.0778920861589462,0.15101722063288417,0.048877590864537926,0.03446517224617297,0.2409374526850959,-0.14157256811353983,-0.3468112742949581,0.27437942767892004,-0.09417239758066444,-0.325878762281953,-0.4648789933779056,-0.29649610722852204,-0.3450708827068508,-0.05279028440739826,-0.16807210193722158,-0.042084963622309526,0.15063152945676514,-0.2907983966722183,-0.012168397230036099,0.10592163456557946,0.17557076715887449,-0.36196160619655904,-0.15170094589964062,0.33887432364589726,0.4576193929348389,,0.2321844942584609,0.28715345568137446,0.09220887886587668,0.19550876969296113,0.5115683446357848,0.5164946728398505,0.4362756895026656,0.3785287953525807,0.1397700196830001,0.1148658448150834,0.12316139263202353,0.24275912629792254,-0.08636932320761183,-0.029545219102869575,0.19056172254141798,0.31644048482337095,0.1310680617424635,0.18505048251241143,0.5045191211978739,-0.011628110830431353,0.2639769222800405,0.14450987735976858,0.03756185801145917,-0.033571069974260695,0.07347098152029262,0.3887320801026385,0.17793113340611527,0.22847899019037526
#26,-0.03405557459219533,0.5602833714508841,0.05421192295739069,-0.1876068818780929,-0.21150539091075712,-0.3661962403079154,1.0,0.239345281259712,0.4333957558032975,0.5769334363968156,0.3387069783008869,-0.16883392169831618,0.08137127556997027,0.7051550335089132,0.29185346922837857,0.25072954601598546,0.195067296735172,-0.04038441616396656,0.24114464215987058,0.14620883105292098,0.16990493190638223,0.1646614444293922,0.2106766330116584,0.15748471977623538,0.2541131095155751,0.06709273322761358,0.01647315700977775,0.14008558519073386,0.13900501239152435,0.04979400584911825,0.10679183035963312,0.17068906438014486,0.24794683199324244,0.21410322817139352,-0.11578863486042601,-0.11279395006733658,0.2447210512475197,0.14109762608674864,0.13192391364980197,0.008080389516212576,-0.36429169090517893,-0.11083361888292997,-0.2901529217700356,-0.28597406944034937,-0.007873200041437895,0.01748997920136426,-0.023202033644383172,-0.03853086724732845,0.025101801751547945,-0.0952673142665891,-0.1747005713648208,-0.14108328220003347,0.07766258397150348,0.10151487381364104,0.20851070611766767,0.0798524173433528,-0.28711042402122894,-0.08786586872156125,-0.24785758114257025,-0.1592617679637259,-0.17342396544717067,-0.21195802022488028,-0.08592944401501326,0.35834216544876446,-0.046909290854178456,0.04098845317119429,0.4942058666496665,0.5790674879869949,0.33700005578178166,0.2856648789933779,0.31637673421574797,0.2389022145367323,0.04897959183673469,-0.004709576138147566,0.08451258676059256,-0.05837483763517121,-0.18034409390464504,-0.16227239040872107,0.4242108870100168,0.16534835722652982,-0.31348245662966473,-0.3024599765716517,,-0.04635944186343026,-0.16713656177035438,-0.20718469347910973,-0.2341448254428675,-0.4758680043669166,-0.39291571372789647,-0.39255552279482664,-0.29598928989791934,-0.14560001275012152,-0.22947987473005602,-0.21980731378845955,-0.2636199188773518,0.22305221971646919,0.062298687534365564,0.1161265130808278,-0.09490712333351928,0.09068683310887807,0.03329694236148188,-0.24221883989831777,0.12446668632310402,-0.15239742128792166,-0.037926830240100726,0.20598936958617886,0.0038824120042394153,-0.22518945883702954,-0.4065312497509742,-0.2773007992732431,-0.24961869167815506
#49,0.49988445202368337,0.3895050562200671,0.24435607901887815,0.0013164500474145144,-0.06601375419359466,-0.11242260277793273,0.239345281259712,1.0,0.5048474368271323,0.3807026910725243,0.48768099195945463,0.2868713592426428,0.10078971065192965,0.21551211659986133,0.2822701591374543,0.2784674353927436,0.2640119851142331,-0.15774769103268016,0.3234418953055646,0.2914390902788292,0.17751516069137535,0.15741937540342182,-0.065143558399541,-0.060582202424116854,-0.053902732510419236,-0.23703432173337902,-0.010035939405047455,-0.27002366741308004,0.01317725059566974,-0.12977870570328873,-0.08427989704276868,-0.07308050904860187,-0.14400784132473762,-0.17024599765716517,-0.06998701081369682,-0.18976324618094015,-0.04567890412705496,-0.07746017579230052,-0.1705551881041366,-0.10748830574791415,-0.061017300321143685,0.03180517814310418,0.029626501127588873,0.061540055303652114,-0.1381842233183785,0.014396480966459211,-0.11559578927236651,-0.27928503693550827,-0.46371713855397684,-0.31975711018495645,-0.3333885838599399,-0.33809337870251577,-0.17294264835961717,-0.2806716126513081,-0.0771366414586139,-0.1890874897401366,-0.4267401923674585,-0.25384535696355853,-0.19443297818932337,-0.2159583708532222,-0.11486106351951167,-0.10010757915036378,-0.07642104088804597,0.04221883989831778,0.30231813146969055,0.2392655930001833,0.19433416474750775,0.26766170740064865,0.22855230338914168,0.23240124632437903,0.12913482456629666,0.3049574066252819,0.22227127477308767,0.32698005402863994,-0.10125349632238682,-0.11844384766792308,-0.19724437998549674,-0.19329662360844377,0.2677413956601774,0.07200312377977353,-0.006167871287523209,-0.06936544238937277,,0.16084756432834751,0.03183545968172509,0.06515312099068445,-0.12295739068763,-0.059774163472495596,-0.17027309166540494,0.061106551171815855,-0.08124218058953374,0.08825315366287084,0.006958378822048148,-0.08998079512945358,-0.2599765716516986,0.22509542669078564,-0.20827004757389095,-0.0014694515057096637,-0.08307501055869439,-0.4067352516953677,-0.2770330467212266,-0.1473738734072309,-0.1460191729952426,-0.26279275474344366,-0.33796268995688866,-0.213910382583334,-0.14050633920104552,-0.08709448636932321,-0.12595526301110058,-0.21011881519495731,-0.28313876116631737
#50,0.01993003370813378,0.5337009618372925,-0.02986397214098447,-0.14677302393038433,0.14594585979647617,-0.18142785423423566,0.4333957558032975,0.5048474368271323,1.0,0.3474679055534748,0.4427415948808262,0.15545585668863407,-0.07968507199834249,0.3346588147168278,0.3035118615974309,0.09741730350867407,0.04240849795599614,0.03146251862713066,0.21768601231980492,0.287881806373467,0.1450517575245639,0.24516411797049942,0.2232115962355266,0.23901218433488194,0.10432468184462383,0.13359736709990516,-0.12054283642390967,-0.19951549538206537,0.0001625640494385962,-0.003995569332770203,-0.11159225111364343,-0.05605750304807593,0.10651292145128258,0.06309397636446222,-0.18504888874722086,-0.03538477476113444,-0.10281857373953096,0.0032959064141080095,0.09393492656726884,0.02130545306759955,-0.24408832646686163,-0.06718676537385747,-0.1607487508865319,-0.02262030934982349,0.11857772394393135,0.26062523408426236,-0.002988309732327136,-0.08880300265361904,-0.3883830455259027,-0.31618070109730734,-0.3340372462925037,-0.24376319836798443,-0.21536070890675676,-0.03182111579500992,-0.17131541410004064,-0.05821067982054204,-0.3336212735777638,-0.16570854815959965,-0.2350580528970667,-0.2375299827076477,-0.28688570312935796,-0.14887520021675207,0.06901959534301812,0.16319836798444484,-0.06170421311828128,-0.17291236682099625,0.36544079560758314,0.3335527416745691,0.35422706372670115,0.3188805393301405,0.3194925451633211,0.183917315461913,0.17257448860059446,-0.1470758393165935,-0.03633944011028855,-0.12931013873725983,-0.19357075122122258,-0.2849970913785272,0.2990971320195396,0.21269593350811625,0.05594434571954514,-0.1206161496226761,,0.22081457338890262,0.18988755986580497,-0.2662336937898939,-0.32410808915522477,-0.2416434906645204,-0.19543067519862298,-0.09832893719768267,-0.14177338252755223,-0.23328419223995728,-0.0920702212942967,-0.24264756273458232,-0.2672600785726239,0.15868482496473796,0.11187116002199396,0.08482018344237344,0.10946138705384535,-0.17654774522069663,-0.11300751460287356,-0.04168014726390361,-0.10246794539760457,-0.07566878371809481,0.13409780936974555,0.026330594713480864,-0.04740017053287539,-0.30139534142434793,-0.218404800420754,-0.31711783502936514,-0.27539784363569714
#51,0.35485181968140633,0.5016630939763644,0.5710396927220712,0.34203476001880645,-0.19980396688155935,-0.17289483540389994,0.5769334363968156,0.3807026910725243,0.3474679055534748,1.0,0.6171664448676777,0.007979982309206385,0.19456047940456933,0.25689263600793694,0.25680497892245535,0.16194726230984388,0.6863358541386098,0.28031301548342885,0.3040999609527528,0.00333893807425352,-0.0017324227621544517,-0.020173879782291675,0.1882125126505112,0.06934950473746702,0.32724940034584704,-0.11809162556080613,0.23430579572711552,0.03480145670138419,0.15583676656918136,-0.10657507829371499,0.32189116177513566,0.13901776251304895,0.3704308744192718,0.05906334419749938,-0.12445552996676999,-0.258626652535282,0.19651124799783248,-0.18882770601407295,0.230004223477755,-0.18565611328482975,-0.23516642893002573,-0.18685462470814174,-0.33270645235837404,-0.36700746678991786,-0.11903035325805449,-0.1925507414992549,0.056720509367354906,-0.14010471037302075,-0.0041278518435878845,-0.2617520260739985,-0.18802126082764226,-0.27432364589724995,0.2684091832750281,0.01937380965662329,0.11094836997665133,-0.16996071368805235,-0.4062619034337671,-0.4219333965526859,-0.0549354923539115,-0.09091314776593964,0.15248667213859382,0.09213078437153854,-0.2890866928575413,0.0034345639856879885,0.41918415159894495,0.2839149248141271,0.12048546087704898,0.0755317199117054,0.19175545266915825,0.08624979081831874,0.425948091067743,0.34717784028879023,-0.08018551426818286,-0.11266963638247177,-0.3198782363394401,-0.28948194662480375,-0.03399819904533465,0.04217262070779112,0.1258468869781415,-0.06447258325430914,-0.1355879798229327,-0.10104311931723099,,0.006920128457474361,-0.38270764768226695,-0.0062204655388121664,0.007280319390544191,-0.3280749707145646,-0.25598259608411894,-0.44732207603853724,-0.4150881750591685,-0.11771071568025883,-0.380205436333065,0.005437926830240101,-0.08775430515822104,0.35764728382567396,0.07091298838942059,0.560729625704245,0.2227876546948338,0.06126752145606388,0.1448397867542175,0.11983839220967575,0.2853142506514515,0.12236451003673629,0.12175091043836511,0.34732924798189485,0.1630087099267665,0.045157742909737106,-0.35558335790388,0.009372933085768474,-0.05487492927666967
#52,0.5414147853596729,0.40369275394656107,0.5337232745499606,0.30634238857589113,0.004126258078397309,-0.04866880762457267,0.3387069783008869,0.48768099195945463,0.4427415948808262,0.6171664448676777,1.0,0.20474782650272136,0.31914032305620416,0.13522938265505344,0.2119261449210688,0.24105379754400785,0.5314266589103427,0.0287881806373467,0.38861414147853596,0.345759389269179,0.2076915108097124,0.3194909513981305,0.16504235430993952,0.28639322968547043,0.17037190510722056,0.11006861159145423,-0.05060682609631123,-0.007125724167058468,-0.0468311963598403,-0.2105586943875559,-0.14580560845970564,-0.14047446389723403,0.10369514459434691,-0.13769653117006272,-0.0623401254293205,-0.0859963821530174,-0.04493461578305668,-0.09723720804213914,0.04014535138538039,-0.1753635776840998,-0.14236945070882706,-0.170756002518149,-0.05343257177919977,-0.03261481085991601,-0.15390831068858626,0.06813027436667755,0.11761349600363379,-0.10720780307437305,-0.17670552797456351,-0.23081226242937627,-0.20718947477468144,-0.21419566655244682,-0.14791734733721681,0.047801799360900156,-0.004908796786969376,0.03628843962419017,-0.4726023794914295,-0.11317645371307446,-0.42106160699344164,-0.4047462327375308,-0.19862936193610595,-0.12982014359824368,-0.02615528054251767,-0.013158125413382847,0.14831260110447927,0.20536620739666425,0.1411805018766585,0.028549115858760528,0.4252420530883185,0.29448955685358874,0.4480504267306298,0.46560096900923587,0.2374598570392624,0.11690108296344699,-0.22450095227470138,-0.08264947525281101,-0.11825418961024473,-0.16783303715863543,0.12235494744559285,0.20502992294145303,0.09974260692172222,0.06221262421407454,,0.14554423096845143,-0.13530907091458216,-0.25465658344556097,-0.32339089481946626,-0.040655356246364224,-0.057620986700029485,-0.0006598187888978317,-0.1327829530875216,-0.284436086031445,-0.2968786108742599,-0.3597988668329495,-0.45012391524356715,0.3859302408976086,0.23213668130274367,0.22867980460438764,0.18633505725601446,-0.12300998493891895,-0.007911450406011683,0.02544605503271203,-0.1104893656017659,0.049948601072603974,0.007393476719074979,0.06254093984333288,-0.13403724629250371,-0.20333096924830066,-0.15774928479787073,-0.393205778992581,-0.42753069990198345
#53,0.30218106766330116,0.0714612436149782,0.20899839826598346,0.22731076030568417,0.7060746360238747,0.4332698483532421,-0.16883392169831618,0.2868713592426428,0.15545585668863407,0.007979982309206385,0.20474782650272136,1.0,0.541309596857095,-0.10592322833077003,-0.28662273187291315,-0.38107881965749985,0.13127365745204758,0.17561698634940115,-0.2935827044601519,-0.25605431551769475,-0.35547976316649266,-0.2285268031460925,-0.003729410545944266,-0.06425901871877217,-0.04738582664616022,-0.1282582537114807,0.04944656503757301,-0.11888850815609336,0.24211843269131159,0.10091721186717562,0.019040712731793225,0.06432436309158572,0.10159934336874148,-0.07438739650487294,0.24406123245862188,-0.08450461793463969,-0.037847141980572,-0.2324841221142889,0.009262963287618836,-0.023729569922463323,0.4080772019858314,0.0714182119548327,0.4146100455019962,0.25346444708301125,0.07417861326490768,-0.006548781168070508,0.09738383443967201,0.10936257361202974,-0.3105881790435815,-0.05796045868562185,0.04746073361011722,0.132459418753835,-0.027750639498282718,-0.22320522117476432,-0.32242826064435925,-0.32210313254548206,-0.1526125795886492,-0.1032409215150332,0.061890683645578495,0.10556622492808135,0.06086748639322968,0.31174206504155744,-0.006163089991951485,-0.2708030185912709,0.14347711751627631,0.01812270398202233,-0.16018933930464024,-0.19495732693702236,-0.14775159575739708,-0.26285491158587604,0.04712126162452486,-0.1821737363434245,0.065892628039111,0.22894277586083242,-0.24409788905800509,0.10618779335240539,0.1068428308457315,0.19457960458685622,-0.054074859151001284,-0.10721577190032593,0.5764074938839261,0.5902541258596371,,0.7230482353034927,0.5132561419726032,0.15685677629114902,0.1292320442429217,0.46168190040561324,0.27710157862442125,0.48047876706324855,0.49688657970021277,0.3579596618030266,0.1825562399891624,0.06379204551793384,0.011972364111595439,-0.012740558933452335,-0.0324777470535266,0.3142968706420483,0.37768250603638565,0.029317310680617426,0.060032353433368664,0.21479173473372168,0.14305476974077408,0.14588689048442494,0.23203149280016575,0.19658296743140832,0.03341647475077497,0.11014989361617353,0.31787646726007857,-0.0029468718373722,-0.009101993003370813
#54,0.393707815027612,0.016393468750249027,0.29669054658177213,0.42819689375164355,0.40637027946672616,0.5626230187506475,0.08137127556997027,0.10078971065192965,-0.07968507199834249,0.19456047940456933,0.31914032305620416,0.541309596857095,1.0,0.01940249743005363,-0.4212544525815012,-0.3113643426913913,0.26931762943365556,0.06806652375905457,-0.21075950880156827,-0.23100670178262636,-0.2723250643482696,-0.18604021069575818,-0.06865462311437656,0.04168970985504706,-0.02006869127971376,-0.013943851652336062,0.19374765915737635,0.23115651571054036,0.17350205994150883,-0.07682426348126131,-0.028187331160500123,-0.00033469069002063927,0.09887400489285914,-0.05438245583278216,0.18228848743714587,-0.013660161448413805,0.01024472264501271,-0.15165313294392338,-0.008770489843731324,-0.12853716261983122,0.22713225860433983,-0.1878252277092016,0.25595868960626034,0.15436412753309056,-0.061339240889639726,-0.13886794858513496,0.24407238881495588,0.29673995330267994,-0.02897783869502506,0.16889129724517687,0.2664839149248141,0.2767493565173043,0.18953055646311628,-0.019510873463012696,-0.16513160516061168,-0.13882651069018,-0.1394831419486967,0.05853580791941923,0.03575930958091944,-0.009374526850959047,0.025882746694929435,0.23489070755205635,0.02235255679780698,-0.23150873781765732,0.1411502203380376,-0.001224011666361195,-0.015081799998406234,-0.1610786602809808,-0.028764274159488082,-0.2037533170238029,0.23850217947389812,-0.0115627664576178,0.027449417877264144,0.22345384854449393,-0.21524436404784483,0.1107953685183562,0.08238650399636621,0.19578130354054937,0.03190399158491979,0.03089035692371443,0.30010917291555433,0.43557921411438455,,0.3462869255472591,0.2703711082246253,0.08419064619209651,0.056025627744264436,0.4088103339734957,0.3269688976723059,0.3440827482886946,0.4274031986867375,0.2402377897664337,0.1517886029851222,-0.05141167751755134,-0.040481635840591605,0.08070030042473843,0.034463578480982394,0.24283403326187952,0.23762720238427273,0.2337639155623202,0.21254452581501168,0.2775430515822104,-0.03628843962419017,0.25337838376272026,0.11962323390894819,0.19340340587621227,-0.011994676824263481,0.05569890588019667,0.293724549562113,-0.07233940823498473,-0.03196136713178047
#58,-0.11043677135047693,0.4807385507893122,-0.21351991011164326,-0.40487214018758616,-0.06773023930384336,-0.4278940783654344,0.7051550335089132,0.21551211659986133,0.3346588147168278,0.25689263600793694,0.13522938265505344,-0.10592322833077003,0.01940249743005363,1.0,0.12322992453521822,0.1230753293117325,-0.21493676736606396,-0.24363091585716676,0.2040210695758194,0.20997218879742446,-0.03172548988357545,0.12414155822422683,0.2895281658153304,0.23875399437400888,0.12395349393173903,0.23544852536875743,0.06974953980030123,0.22312712668042617,0.12939142076197913,0.23330491118743477,-0.04635466056785854,0.31442118432691313,0.017163257337296497,0.3513694427400011,-0.002288646813664943,0.2126305891353027,0.03172070858800373,0.2233948792324427,0.0752575922989266,0.14386280869239534,-0.4847930894341337,-0.022387619631999617,-0.3408011857613018,-0.18783319653515448,0.20704125461195802,0.11613129437639952,-0.0015077018702834512,0.036070093793081466,0.028094892779446805,-0.014390105905696914,-0.11014192479022065,-0.07893281482839133,0.023493692674258302,-0.1474997808572863,-0.16020846448692713,0.013414721609065336,-0.2730852903441736,0.006626875662408657,-0.09633991823984572,0.015645992875869597,-0.09583628843962419,-0.08836312346102049,0.28144299500354614,0.5699862139311015,-0.06371235725840511,0.04875327717967312,0.6944305875415375,0.8223525567978069,0.41617831044952147,0.37274820900636707,0.19993465562718646,0.09715751978261043,-0.09221366016144841,0.021624206105714444,0.2358565292575445,0.09767389970435655,-0.18106128824040355,-0.0807895512754106,0.6130401867892803,0.39968443449226626,-0.4543473929985895,-0.41392153893966804,,-0.03184980356844026,0.18267895990883662,-0.01090772896429169,-0.11793384280693925,-0.5719911705408443,-0.40278590155312416,-0.37723625178302483,-0.03091266963638247,0.09080477173298059,0.16399206304935093,-0.13406752783112463,-0.24928718851851556,0.03917952967989226,0.022108710723649085,-0.05581046944353688,-0.22160667468861814,0.01350875375530923,-0.04134545657388297,-0.41723338300568175,0.055910876650543076,-0.26545434261170303,-0.16727362557674377,0.02606284216146435,-0.012146084517368056,-0.10625791902079067,-0.24905290503550112,-0.27573572185609896,-0.2677334268342245
#101,-0.009062148873606452,0.21036903632987752,0.058188367107874,-0.05159177298408626,-0.3916646080532955,-0.39845404776514276,0.29185346922837857,0.2822701591374543,0.3035118615974309,0.25680497892245535,0.2119261449210688,-0.28662273187291315,-0.4212544525815012,0.12322992453521822,1.0,0.5992541178908112,0.19329184231287205,-0.04799783247934082,0.7079839667221828,0.3767756536429488,0.6304552590266876,0.23088398186295214,0.2863517917905155,-0.0017674855963470903,0.3810326004669732,-0.04488202153176772,-0.2940002709400824,-0.4443847667923085,-0.06955669421224171,-0.13609001585796365,-0.03268174899792014,-0.15511479093785113,0.02749404330260023,-0.16035509088445998,-0.026163249368470542,-0.13820812979623712,0.20713369299301135,0.056017658918311564,0.09902541258596372,-0.30859916008574456,-0.11090055702093411,0.056341193251998184,-0.07582337894158053,-0.10092199316274733,-0.22807098630158817,-0.04175505422786061,-0.21070213325470757,-0.4741244252484281,-0.19787072970539252,-0.5819936408768897,-0.47961175879957607,-0.5287220393819378,-0.35288511343623746,-0.04569802930934185,0.40725800667787615,0.18416594283164262,-0.21167911131652972,-0.23000900477332675,-0.5224410107658839,-0.5548056004908797,-0.36005865055901315,-0.45929444015013265,-0.17424316075512594,0.4295707193459188,0.018965805767836224,-0.022087991776171618,0.24983544374407318,0.2503486361354382,0.5643076285570847,0.5906430045661373,0.40215158300727555,0.5611216919411263,0.43634581517105087,0.09527050179697025,0.13130712652104964,0.00531680067575644,-0.12910932432324745,-0.4544972069265035,0.25713170078652314,0.002859214751890604,-0.06990891631935867,-0.15423184502227286,,-0.19125819792969903,-0.4166197834073106,-0.39225430117380805,-0.48679804604387633,-0.21293340452151185,-0.20352540860155074,-0.2905545505980604,-0.41362191108384,-0.5241383706938457,-0.4634557610627226,-0.4372287610866291,-0.452720158739013,0.2335152881925906,0.05350747874315677,-0.09726111451999776,-0.1745332260198105,-0.14061630899919514,-0.2375220138816948,-0.14519997768728732,-0.08572066077504802,-0.1335957733347146,0.021831395580489125,-0.06846815258707935,-0.09805321581971328,-0.34773406434030074,-0.28674863932296857,-0.37201507701870284,-0.44704476089537726
#102,0.16459610005657865,0.18936639864848712,0.125867605925619,-0.062211030448883965,-0.4099275633720884,-0.382419176182773,0.25072954601598546,0.2784674353927436,0.09741730350867407,0.16194726230984388,0.24105379754400785,-0.38107881965749985,-0.3113643426913913,0.1230753293117325,0.5992541178908112,1.0,0.17559626740192366,-0.05144036529098168,0.6401836017499541,0.5355497294583589,0.4598490704364526,0.6457569986213931,0.15329152355983394,0.3322554168094415,0.22985281578465044,0.21410641570177466,-0.3048697495398003,-0.2217708325032473,-0.08555331543003769,-0.017843795073671797,-0.10493350014742328,-0.19352134450031477,-0.08924766314178932,-0.12143853246101252,-0.07758130194678418,-0.011036823944728224,0.12786937500498052,0.30253169600522756,-0.02446588944050873,-0.1020790666911044,-0.19789144865286998,0.0326403111029652,-0.04941468973376152,0.11882953884404211,-0.18222154929914175,0.18389022145367323,-0.13163066085473626,-0.39062706691423155,-0.10276916701862315,-0.3570894660089729,-0.3613671317804748,-0.44298065965941236,-0.32885591565794614,0.136729115699384,0.29665707751277004,0.3491094836997665,-0.43172708364876605,-0.02852520938090191,-0.5647076636199189,-0.609030273569795,-0.33831172453362446,-0.5171815856369881,-0.14271848528556288,0.46325335288351965,-0.031975711018495646,-0.0018567364470192607,0.15418562583174622,0.34429790658942216,0.49661563961781513,0.6479436444628612,0.18540429838471897,0.48918869382973806,0.2630876013036999,0.03395516738518914,-0.010456693415359115,-0.11411836894070397,-0.36744575221732584,-0.5084684713401174,0.21199467682426348,0.36820438444803927,-0.23679685071998344,-0.22466511008933054,,-0.3448541306409327,-0.4050012351680227,-0.39288065089370383,-0.45819155463825517,-0.2637187323191674,-0.20606746408051702,-0.24812692745977735,-0.33824478639562033,-0.4573388902612978,-0.37012487150268153,-0.43220043191036667,-0.5633418068515965,0.36328443130473587,0.3208360892189754,-0.1713488831690427,-0.15295364533943215,-0.18780291499653357,-0.2979591836734694,-0.22293587485755723,-0.13152069105658662,-0.28589119365043947,-0.24202440054506769,-0.22538389819027962,-0.3049701567468065,-0.3641450645076461,-0.3942194136537864,-0.4247240794013818,-0.5074851182175331
#201,0.4416689909075696,0.25340547777096,0.8262269999760935,0.5084238459147814,-0.21385619456685445,0.10428802524524061,0.195067296735172,0.2640119851142331,0.04240849795599614,0.6863358541386098,0.5314266589103427,0.13127365745204758,0.26931762943365556,-0.21493676736606396,0.19329184231287205,0.17559626740192366,1.0,0.43211914988564737,0.18839898317780843,-0.049743005363019864,0.05667588394201882,-0.03657691112368415,0.08609838312521416,-0.013288814159009952,0.3327829530875216,-0.2104885687191706,0.12840966140458526,-0.11669867478424403,0.040564511630501475,-0.32026233375036856,0.2662002247208919,-0.028294113428268614,0.4116137669437162,-0.13424602953246897,-0.16047781080413423,-0.39884452023683353,0.2517208679645228,-0.28608722676888015,0.18401294137334748,-0.22319087728804915,0.0321223374160285,-0.2336077265736439,-0.10430077536676521,-0.2440022631465706,-0.1651873869422818,-0.33154937883001695,0.029918160157464,-0.2092215253926639,0.000408003888787065,-0.20699981671700307,-0.11956426459689694,-0.20497892245535465,0.26466542884236866,0.18980787160627624,0.2823992541178908,-0.08073376949374049,-0.3437639952505797,-0.2933468272119469,-0.14592832837937986,-0.22520539648893528,0.11913394799544183,0.06638191395261736,-0.42514642717688406,-0.2525512196288121,0.35353536963399185,0.2332092852760003,-0.16695009124305715,-0.31012439337312436,0.0643689885169218,-0.05830311820159536,0.4181497979902621,0.417344946569022,-0.015500960243527321,-0.0018232673780171967,-0.5233000502036035,-0.2754870944863693,-0.025122520699025413,0.029290216672377658,-0.14395684083863924,-0.1579261927340245,0.12671070771143286,0.08904684872777693,,0.09757349249735037,-0.4408513893648049,-0.07752870769549522,-0.0008016638908589597,0.010584194630605073,-0.1198160794970077,-0.15226673254229453,-0.4163631872116281,-0.16614205229143592,-0.4520029644032545,-0.06944831817928265,-0.058232992533210085,0.5459506410920479,0.13489309819984222,0.5960618062140904,0.3187817258883249,0.12647004916765614,0.1889663635856529,0.3992222425869997,0.21719194511072684,0.33031261704213116,0.2051127987313629,0.3424459514379746,0.08270844456486226,0.057354827913203545,-0.048737339527767376,0.042776657715018845,0.0028448708651754337
