,#10,#11,#12,#13,#17,#18,#26,#49,#50,#51,#52,#53,#54,#58,#101,#102,#201,#202,#301,#302,#401,#402,#501,#502,#601,#602,#701,#702,#801,#802,#901,#902,#1001,#1002,#1101,#1102,#1201,#1202,#1301,#1302,#1401,#1402,#1501,#1502,#1601,#1602,#1701,#1702,#1801,#1802,#1901,#1902,#2001,#2002,#2101,#2102,#2201,#2202,#2301,#2302,#2401,#2402,#2501,#2502,#2601,#2602,#2701,#2702,#2801,#2802,#2901,#2902,#3001,#3002,#3101,#3102,#3201,#3202,#3301,#3302,#3401,#3402,#3455,#3501,#3502,#3601,#3602,#3701,#3702,#3801,#3802,#3901,#3902,#4001,#4002,#4101,#4102,#4201,#4202,#4301,#4302,#4401,#4402,#4501,#4502,#4601,#4602,#4701,#4702,#4801,#4802
#10,1.0,0.44390982476551727,0.758310290144953,0.7927388057917427,0.4140107897903402,0.6377594848950904,-0.21649706348763637,0.6523089673198448,0.32380208623863443,0.7165090167265656,0.6051398927396027,0.22809170524906566,0.12439656065471874,-0.3267170827721952,-0.028480583955565828,0.02029341217158476,0.7528803321406657,0.5293659205189299,0.13781446979416523,0.23838583461498616,0.04406441998900302,0.20754010311660784,0.23948234506610142,0.29864769023579757,0.29764361816573565,0.24036529098167966,0.4388814955892548,0.3181410322817139,0.3475491875781941,0.2591063758576449,-0.07447186605997339,0.37235136147391407,0.5460749547769127,0.36732621982803276,-0.0587063407948107,0.1862952131262501,0.15445337838376272,0.09370861191020727,0.19389587932009977,0.1775295045780905,-0.011859206783064652,0.2763190399158492,0.03336706802986716,0.21348803480783177,-0.33341567786817966,-0.34339583549155706,0.28621791551450726,0.36299277227486076,-0.09532468981344978,0.0013307939341296847,0.29279697822119866,0.25593159559802053,0.29948441696084915,0.30397405350269746,0.08158005880993553,0.1096080134513782,-0.31383627250197227,-0.1658424244356079,-0.2514515216473157,-0.21272302751635602,-0.17918542661109738,-0.17452206966347647,-0.11848847309325918,-0.24094701527623935,0.3469132752671549,0.5567643379100957,-0.17762513048952497,-0.243004566137271,0.2827737889376758,0.12119149885647347,0.5556869526412673,0.6066300631927898,0.2310991401636797,0.1602307771995952,-0.1402879933699368,-0.20583318059750258,-0.2174071034114544,-0.014774203316625361,0.07627122696013196,0.3259409191243854,-0.16008255703687177,0.28809696467419454,0.13863844639769224,0.04886962203858505,-0.03823602068707217,-0.4603973256620102,-0.23693232076118226,0.23342284981153727,0.3009363370494625,0.24280215795806803,0.23804476886420323,-0.13758337384153194,-0.33941779757588314,-0.27807058786029054,-0.5078596530373181,0.4623449067248922,0.2310353895560567,0.4941277721553284,0.4000924383810533,0.3533313676895983,0.3968714389309023,0.5153232554247783,0.16153288336029453,0.5024121636159344,0.36096231542206886,0.6416148028910901,0.591321948537322,-0.11928216815816525,-0.1801528420817761,-0.5638247177043406,-0.15816844504299182
#11,0.44390982476551727,1.0,0.48657491891719595,0.41383069432380526,0.06479133629242403,0.33622707966435306,0.2956673493294233,0.4600116344858912,0.46191299635824656,0.5630979607774387,0.569684992310083,-0.3064667022607559,0.24245152961614166,-0.01996190901194527,0.1757954880507455,0.355175354015093,0.26562806301747566,0.34877001171417416,0.0334085059248221,0.23671238116488297,-0.14213994852138434,0.3000820789073146,-0.051811712580385534,0.5195260142323231,0.09507128114814845,0.12015555148260007,0.22026791192853556,0.15716756050331104,0.2286813983695782,0.12139868833124816,-0.18296105634756832,0.2742216449250532,0.33848066364382534,0.08139199451744775,0.08754552191825578,0.32159950274526056,0.1662743348022536,-0.03648766027301198,0.3323542302512571,0.013425877965399357,0.1887623616412594,0.2730279147973129,-0.03484289459633912,0.04909274916526548,-0.4709799265274247,-0.24695391627951455,0.013735068412370805,0.09488481062085123,-0.09141359003578003,-0.07806261903433767,0.05986341432316777,0.4497940058491183,0.10894978842767095,0.0913657770800628,-0.2710118018312362,-0.1390337001649547,-0.5859908039748504,-0.427820765166668,-0.3406386217118632,0.17336977743069112,-0.14557291874188175,-0.04009435089928201,0.038451178987799726,0.07166365179418116,0.09099442979065894,0.30643960825251615,0.028448708651754338,0.06095514347871128,-0.001082166564400067,-0.005952712986795655,0.286555793734909,0.3371419008837428,-0.08039110997776698,0.0881320275083872,-0.15598658049709535,-0.2228944369626023,-0.26145080445297997,0.005195674521272781,0.056516507422961375,0.3247950019523624,-0.17536517144929037,0.21795376487182144,0.08330291898094654,-0.173816031684052,-0.3596618030265601,-0.23564296472200752,-0.2208034170325686,0.013456159504020272,0.1985815489803887,-0.027970579094581994,0.1498713034608611,-0.3857342077791679,-0.3006367091936345,-0.37066515790228627,-0.2979209333088956,0.4503805114392497,0.2774633633226817,0.13440540605152643,0.15524547968347824,0.040972515519288544,0.29723720804213916,0.16686721545314728,0.05952075480719426,0.25749029795440237,0.2126927459777351,0.32472009498840537,0.25890715520882307,-0.12322195570926535,-0.1324036369721649,-0.19681246961885104,-0.09936647833674665
#12,0.758310290144953,0.48657491891719595,1.0,0.8094366836933915,0.24060754329064699,0.6550566185083951,-0.24880109013539034,0.5443010941198033,0.340613121468814,0.7374319661484273,0.5082788132824391,0.18607686729514142,0.09130362023763039,-0.4105379754400784,-0.13357983568280885,-0.05574990636629505,0.8223605256237598,0.8220943668369339,-0.07511096590139375,0.060030759668178085,0.0008829459155782578,0.16446700507614212,0.2734151997386225,0.4171935388759174,0.3372741833945605,0.15548932575763613,0.4621345297197364,0.31361633290567303,0.26718835913904804,0.13089912263226258,-0.02578074572273267,0.44078445122680077,0.6851277801241543,0.42233343161552006,-0.154684474336396,0.10242650750264963,-0.020644040513511146,-0.10414299261289835,0.18282080501079775,0.03464845524308904,0.020871948935763295,0.24356716524954378,-0.09226944194311852,-0.017177601224011668,-0.3717250117540183,-0.4938807385507893,0.2905529568328698,0.4106336013515129,-0.07701073400855851,0.01149901584999482,0.47625369554303565,0.49013379658774875,0.4095195594833013,0.13705265003307063,-0.17922367697567118,-0.20254364924415685,-0.3707081895624318,-0.3450198822207524,-0.08319613671317805,-0.00836726725051598,-0.008572862960100089,0.003813880101044713,-0.3979376678433966,-0.25928806508937036,0.3392281395182048,0.5222880093075887,-0.2736399206304935,-0.3025492274223239,0.09275713409143431,0.06688394998764832,0.6753850935141725,0.6747969941588505,0.014257823394879233,0.1331272063686857,-0.40756719712484757,-0.28005960681812747,-0.18488154340221055,0.08343998278733594,-0.0008510706117667684,0.17954561754416723,-0.14008717895592443,0.24683916518579319,0.07953207054004734,-0.1509263760170214,-0.3227390448565213,-0.33534572751396535,-0.0669477005952713,0.2377706412514244,0.35324689813449783,0.0349066452039621,0.0997123253831013,-0.16431081608746584,-0.36585836208751366,-0.16578504888874723,-0.31264732366980375,0.7042912127756218,0.4589310616866817,0.7678457872801601,0.6826861318521942,0.40145670138418504,0.4599048522181227,0.6785248109396043,0.3183004088007714,0.660371825418961,0.5858489588728892,0.7358573261401398,0.604516730550088,0.03303078357465595,-0.0978460263449386,-0.44225709026289156,-0.056427256572289204
#13,0.7927388057917427,0.41383069432380526,0.8094366836933915,1.0,0.39889233319255074,0.6853652511375499,-0.30125349632238685,0.4328538756385022,0.22328650319948362,0.7373873407230913,0.5149264078923252,0.34729418514770216,0.07779008518674943,-0.39190686036226285,-0.05243965606547187,-0.059941508817505915,0.7945748232912845,0.6496139103825833,0.015955183322841047,0.2028910900557021,0.047943644462861285,0.18859661006143966,0.2884938122066476,0.2845492433599758,0.3312864075735722,0.1329821737363434,0.4727792874275833,0.3163400776163648,0.325579134426125,0.19312609073305229,-0.08432611623329535,0.3880180732972611,0.6630238506960769,0.43673310011236044,-0.13573938751603726,0.147942847580266,0.14657220951637195,0.042429216903473614,0.2089904294400306,0.11986548621791551,-0.06642175808238172,0.26792467865709346,-0.044512268007554444,0.19510235956936464,-0.30630095068093616,-0.4456390599972906,0.3354429471905904,0.38119197698603063,-0.1006749595582083,-0.05293053574416881,0.2951175003386751,0.19260971081130618,0.30435496338324475,0.2527775342858737,0.05176071209428715,0.029215309708420657,-0.2141669787790165,-0.08437392918901258,-0.07750001992206489,-0.10261935309070915,-0.09792412083927675,-0.053118600036656596,-0.17108272438221678,-0.3485277594052068,0.34342771079536855,0.5928487755898924,-0.18788100949087172,-0.23322841045828718,0.2302369131955789,0.11386496027540262,0.5429718939508642,0.6227892484600244,0.09019754719537171,0.11894747746814462,-0.18375315764728384,-0.13392249519878235,-0.22630828200081282,0.010694164428754711,0.12415271458056085,0.28075130091083683,-0.11436859007562415,0.3320514148650479,0.12143375116544079,-0.04854449393970786,-0.1097020455976221,-0.43582306018854244,-0.10318832726374423,0.28372686052163937,0.33687096080134515,0.20510004860983833,0.18641474551554318,-0.08358979671524994,-0.35217429416124124,-0.18484488680282735,-0.3898493095012312,0.4802142020416132,0.3174700571364821,0.5763070866769199,0.48184781136195204,0.3052506594203476,0.33678330371586357,0.540163679685072,0.20620930918247815,0.6097586242618875,0.4672792037549108,0.6499581636637474,0.6077138235223805,0.005672210313254549,-0.12451449927882124,-0.5276207476352509,-0.10357242467467268
#17,0.4140107897903402,0.06479133629242403,0.24060754329064699,0.39889233319255074,1.0,0.6911952442046714,-0.3750320745244603,0.29098008590394375,0.050331104718341846,0.22324665906971927,0.23968156571492322,0.6017993609001586,0.05793336467738208,-0.4096645921156436,-0.06004032225932154,-0.24915649977288845,0.24932225135270822,0.1449338189004614,0.1621656081409526,0.15823538318099595,0.10253807106598985,-0.03741204408354517,0.09171321789160802,0.007761636478097682,0.30918725944106656,-0.055206432436309155,0.036361752822956596,-0.1365362701113245,0.38762919459076095,0.3031452956035987,-0.1459012343711401,0.03872849413095968,0.10166628150674561,-0.10434221326172015,-0.374265473467794,0.24744479595821148,0.08578600514786157,0.02623656256723697,0.20526739395484864,0.186613966164365,-0.2447465514905689,0.1873773796906502,0.08771605479364725,0.35253448509431107,0.0651180581564918,-0.04915649977288846,0.07809449433814916,0.007868418745866171,-0.020750822781279633,0.027267728645538652,-0.009490871709870985,-0.04544302687884994,0.019400903664863054,0.16706165480639737,0.15453147287810087,0.08219365840830671,0.12662305062595128,0.2834367952569548,-0.15571245288431657,-0.055298870817362476,-0.21228314832375747,-0.18041900086860202,-0.004580481157711034,-0.2899616699471667,0.04870705798914646,0.11348245662966475,0.002838495804413136,-0.14957486313541427,0.23250643482695693,0.12606204527886905,0.19676146913275266,0.2668106367888819,0.3724007681948219,0.20652965598578363,0.13581907577556598,0.14725434101793783,-0.2037708484408992,-0.12149909553825435,0.03740726278797345,0.10592163456557946,0.09032345464542708,0.48225900278112027,0.07483683828861494,0.317489182318769,0.44672760162245295,-0.2541529536453394,-0.06248834559204392,0.2820677509582513,0.30358039350062554,0.41222577277689676,0.4834112950139056,0.06521368406792627,-0.012034520954027843,-0.20361944074779462,-0.22982890930679184,0.10822303150076899,-0.08471977623536725,0.05853421415422866,0.033537600905258626,-0.1026783224027604,-0.1332961454788866,0.27720676712699915,-0.10818796866657636,0.10462271593526126,-0.06806333622867343,0.09313963773717218,0.01704691247838456,-0.107473961861199,-0.0503964490911554,-0.27866506227637483,-0.04932703264827993
#18,0.6377594848950904,0.33622707966435306,0.6550566185083951,0.6853652511375499,0.6911952442046714,1.0,-0.36650702452007744,0.41484114145462947,0.1617528229565938,0.513852210153878,0.3601542764704476,0.41330953310648744,0.1482871008614301,-0.4925961638071863,-0.049336595239423374,-0.09032982970618939,0.5879989481149742,0.4610842384591478,0.11211978739172358,0.1257225732932767,0.003718254189610245,0.043850855453466044,0.18539951708914726,0.1906716923395676,0.35819235152085044,0.003378782204017882,0.2612101459092032,0.03888946441520771,0.6087210831228235,0.44081473276542166,-0.09812812278367028,0.3508323438707775,0.39865486217915513,0.16993521344500315,-0.36688315310505304,0.3165759548645698,0.1369602116520173,0.04168970985504706,0.32794109443855635,0.19570002151583007,-0.1566224928081346,0.25598737737969063,0.05931356533241958,0.2715616508219844,-0.11513040983671875,-0.3011004948640917,0.2159504020272693,0.269540756560336,-0.06529496609264557,-0.04314322370885097,0.17835826247718922,0.20080644518643068,0.19584027285260064,0.1937811282263784,0.021141295252970378,-0.041970212528588166,-0.1085099092350724,0.02290878084931747,-0.13379180645315525,0.027953047677485677,-0.16387253066005786,-0.1628828024767111,-0.16859326315453943,-0.4236419128369817,0.11798484329303764,0.3168532700077298,-0.17653340133398146,-0.25753014208416675,0.11280032512809887,0.008389579963184023,0.4047956394584386,0.4633808540987656,0.2312425790308314,0.09987648319773047,-0.09952744862099466,-0.023391691702061537,-0.22982572177641067,-0.046668632310401706,0.16114081712341322,0.2704013897632462,-0.09401461482679757,0.45581206320872747,0.19586896062603096,0.17175051199706748,0.032139868833124814,-0.3795583676656918,-0.15015339989959278,0.41830120568336665,0.4144697941652256,0.4102909418355394,0.43955247073448667,-0.013951820478288933,-0.18988915363099554,-0.28418108360095307,-0.26038776307086675,0.4049805162205452,0.21763979312927825,0.3486791670983114,0.3098885161249193,0.08684426523440301,0.09251328801727642,0.5515415693805832,-0.025788714548685542,0.3687685773255026,0.14772131421877616,0.44038282239877596,0.34461825339272767,-0.0930822621903115,-0.06776052084246428,-0.3440715919323606,0.047016073121946944
#26,-0.21649706348763637,0.2956673493294233,-0.24880109013539034,-0.30125349632238685,-0.3750320745244603,-0.36650702452007744,1.0,-0.06470686673732359,0.18808341767007467,-0.05830789949716708,0.08424324044338548,-0.5065479842854752,0.33394640167664097,0.7477436269314441,0.28944210249503943,0.41596633967917507,-0.382141861039613,-0.24525655635155272,0.06437855110806524,0.21385778833204505,-0.019902939699894016,0.1472001530014583,-0.15531719911705408,0.0015810150690498768,-0.19972268485684005,-0.09853612667245734,-0.16166835340149335,-0.035666871199866126,-0.16912239319781017,-0.1398018949868116,-0.056428850337479776,-0.16999258899186384,-0.2563953812684777,-0.22140586027460574,0.31994517447744425,-0.11331511128465444,0.08039907880371985,0.1050323135892389,0.09936169704117492,-0.13288814159009954,0.339212201866299,0.02497270677111141,-0.05209062148873606,-0.07110424021228952,-0.2158324634031668,-0.07088908191156197,-0.14073902891886939,-0.03612906310513272,0.14699296352668362,0.018581708356907777,-0.0773486122289603,0.12914598092263066,-0.0415622086398011,0.017045318713193987,-0.024320856808166452,0.10418283674266271,-0.31356692618476517,-0.24893018511582687,-0.23692913323080111,0.04080995146984995,-0.18701240746200862,-0.13678967877662584,0.3800986540652966,0.45653722637043886,-0.19329184231287205,-0.02362119388950426,0.5218736303580394,0.6906565515702572,0.08444724238777901,0.12419574624070635,-0.07308369657898302,-0.02703185139733363,-0.007584728541943916,0.10989489118568162,0.21167273625576744,0.12536875742096917,-0.16028815274645586,-0.06766011363545808,0.12785024982269363,0.14586935906732862,-0.011921363625497056,-0.04588928113221079,0.08896237917267649,-0.19592792993808222,-0.0884683119635984,-0.04965375451234769,-0.2724892221628987,-0.19141279315318474,-0.15458087959900868,-0.17279283443170318,-0.23504689654073266,-0.3183530030520603,-0.02115563913968555,-0.2546278956721306,-0.06517702746854306,-0.10402505398879583,-0.1267967710317239,-0.34674752368733514,-0.2491294057646487,-0.011159543864402457,-0.05797799010271817,-0.36257361202973964,-0.11348883169042705,-0.16781709950672968,-0.18538676696762266,-0.18922774107690715,-0.16583126807927387,-0.1714668217931452,0.008591988142386982,-0.0073392887025954465,-0.22793551626038935
#49,0.6523089673198448,0.4600116344858912,0.5443010941198033,0.4328538756385022,0.29098008590394375,0.41484114145462947,-0.06470686673732359,1.0,0.6009148212193898,0.501986628310051,0.5909936329080636,0.07477149391580139,0.11933954370502593,-0.19821020169098486,-0.12839691128306066,-0.03710125987138315,0.45854537051056266,0.3877439456844823,0.19374925292256692,0.25616906661141614,0.0709687701710907,0.14116456422475276,-0.08639163592027986,0.17510379395803616,0.1187673820016097,0.04853971264413614,0.1592442365466296,0.1467682426348126,0.3317756934870785,0.2737594530197866,0.0010104471308242156,0.23147208121827412,0.2834192638398585,0.16056865541999696,-0.0789726589581557,0.32956354740256116,0.02132298448469587,0.050184478320808995,0.21260827642263466,0.07199196742343951,-0.16720828120393022,0.07930416211779519,-0.16527185649738224,0.00716238076644168,-0.22406904190805568,-0.05312816262780005,0.09610244722645013,0.1842041931962164,-0.08903569237144292,0.03128720445616747,0.18801488576687997,0.3717919498920224,0.12787256253536167,0.05536580895536661,-0.14035971280351267,-0.04468598841332706,-0.4504538246380161,-0.3142889018160954,-0.21866936544238938,-0.05720501398528955,-0.2487102455195276,-0.17576201898174343,-0.14382933962339328,-0.28516443672353753,0.11925029285435376,0.3853580791941923,-0.015061081050928767,-0.21356134800659818,0.28307341679350384,0.09891066149224234,0.6576289555259823,0.5935197507351242,0.3552709799265274,0.3559786116711425,-0.06191299635824654,-0.1313485644160046,-0.28233869104064896,-0.09615982277331081,-0.09358429822534246,0.21264971431758958,-0.04719616858848186,0.08732398855676593,-0.23491780156029612,0.16564161002159553,0.03477755022352557,-0.22726613488034808,-0.2097586242618875,0.04094064021547705,0.1095394815481835,-0.08713751802946872,0.0767126999179211,-0.31066786730311025,-0.19453976045709187,-0.27031692020814574,-0.3515893823363004,0.40522914359027484,0.06799958562105045,0.28661476304696026,0.17206288997442007,0.15048012176366057,0.3020471913872929,0.35887607678760686,0.33615217270039605,0.2595876929451984,0.3390719505295285,0.3146283738016878,0.2779797432444278,-0.21678394122193978,-0.256229629688658,-0.30390552159950274,-0.06621775613798819
#50,0.32380208623863443,0.46191299635824656,0.340613121468814,0.22328650319948362,0.050331104718341846,0.1617528229565938,0.18808341767007467,0.6009148212193898,1.0,0.4425535305883384,0.4212464837555483,-0.02548908669285754,0.21171417415072238,0.015156706962363235,0.11034114543904247,0.10912510259863414,0.2953852528906916,0.266802667962929,0.10730342898580753,0.19595183641594083,0.02941931165281419,0.184966012957311,-0.1348883169042705,0.14733402927746655,0.034728143502617756,0.07196646718039032,0.09599566495868164,0.22871167990819913,0.16636199188773518,-0.04127373714030712,0.05454661364741133,0.29138012096677796,0.24288184621759676,0.0527504402776339,0.14565260700141047,0.2891504434651643,0.20316999896405263,-0.0012431368486480886,0.23013969351895386,-0.025030082317972092,0.11170062714660249,0.04589087489740137,-0.09256269473818422,-0.07415151925666791,-0.37412362836583285,-0.05804174071034115,0.00545545824733642,0.1193044808708333,-0.011255169775836927,0.10763811967582816,0.0855405653085131,0.3768824359107173,-0.0026791192853556885,-0.016868410777040217,-0.055965064667022606,-0.05705998135294727,-0.44289459633912137,-0.3626915506538422,-0.24622715935261258,-0.15026815099331414,-0.32156603367625847,-0.23200599255711657,-0.05171608666895106,-0.02557833754352971,0.07451649148530946,0.23576887217206288,-0.08495724724876284,-0.04767270438046363,0.16867613894444933,0.09076811513359737,0.3937173776187554,0.37530620213723914,0.2919204073663827,0.3874299739419391,0.036419128369817276,-0.11226322625887528,-0.33097084206583843,-0.19937365028010423,-0.02398457235295524,0.11034273920423304,0.07684498242873877,-0.0029389030114193274,-0.13357505438723713,-0.114653874044737,-0.1754894851341552,-0.2068850656232817,-0.28011698236498817,0.012091896500888525,0.06689988763955407,-0.17254898835754529,-0.06998541704850625,-0.46219509279697824,-0.2644247702985919,-0.34911904629090995,-0.28013132625170334,0.20916893114137494,-0.029669532787734383,0.25344850943110553,0.14540557339687143,0.17434038043175099,0.25684801058260087,0.2785965303731801,0.2592753149678458,0.2712556479053941,0.25913984492664693,0.2687582178517639,0.1610165034385484,-0.25357122935077975,-0.09640207508227813,-0.21011244013419503,-0.2545912390727474
#51,0.7165090167265656,0.5630979607774387,0.7374319661484273,0.7373873407230913,0.22324665906971927,0.513852210153878,-0.05830789949716708,0.501986628310051,0.4425535305883384,1.0,0.6839308624660329,0.1557602658400338,0.24641522364510038,-0.27816143247615327,0.04035572839053622,0.12349767708723473,0.697728087720836,0.5642885033747977,0.0015363896437137917,0.18427750639498283,0.1642566280709863,0.2502769167018623,0.19203436157750878,0.28148443289850106,0.2779861183051901,0.06954394409071711,0.4898756066268757,0.22102335662886788,0.2627035038927715,0.12224179011706206,-0.12876188351170223,0.42581899608730645,0.564441504833093,0.421464829586657,-0.035832622779685866,0.14790140968531107,0.12078030743730526,0.006998222951812509,0.26311150778155856,0.06765055104431464,0.12139071950529529,0.2884826558503136,-0.01665803377188439,0.10096024352732112,-0.3436333065049526,-0.3697009299619887,0.20007331319876642,0.22517033365474265,-0.16540254524300935,0.009113149359704835,0.31029970754408753,0.3404378072978508,0.4175409796874626,0.2186550215556742,0.04737945158539792,-0.036199188773518,-0.34826478814876205,-0.22024878674624868,-0.20678943971184727,-0.04084979559961431,-0.17591183290965742,-0.13083696578983017,-0.21772904397995044,-0.20437807297850807,0.2585119014415606,0.5360645156149144,-0.23157726972085202,-0.16087625210177783,0.037518826351313664,-0.030142881049335,0.5073496481763342,0.5283809736311549,0.1210719664671804,0.08713433049908757,-0.19536214329542828,-0.21048059989321774,-0.27943963215899403,0.026630222569308862,0.08280885177186845,0.24295675318155377,-0.08798699487604492,0.33930464024735235,0.17838695025061957,-0.13262038903808301,-0.31158428228769053,-0.4723330331742224,-0.21643490664520396,0.21743897871526588,0.31694730215397365,0.07046992166644088,0.05920359553426994,-0.29122552574329225,-0.32429455968252197,-0.3528946760273809,-0.3663046163408745,0.47460574233598163,0.19617018224704955,0.5320131645004742,0.400876570854816,0.2211030448883966,0.3019053462853318,0.44923778179760776,0.2266780355250261,0.5425383898190279,0.4322753388743236,0.5794085537377778,0.5311206559937525,-0.04343169520834495,-0.05567021810676633,-0.45834136856616914,-0.1371227757014559
#52,0.6051398927396027,0.569684992310083,0.5082788132824391,0.5149264078923252,0.23968156571492322,0.3601542764704476,0.08424324044338548,0.5909936329080636,0.4212464837555483,0.6839308624660329,1.0,-0.02234936926742583,0.21465148339695111,-0.20210536381674887,0.03706938456757166,0.20642765501358684,0.4733100112360446,0.36901879846042285,0.2041453832606842,0.40106782267768487,0.16119978643546445,0.2926694770059527,0.10034505016375937,0.29885009841500054,0.11673692514881782,0.061519336356174646,0.40236196001243135,0.28865797002127674,0.1519065416092247,0.2731888850815609,-0.08861334459594068,0.38894086334260375,0.48452693064730773,0.17349249735036537,-0.005573396871438931,0.3293802644056451,0.08205978213229845,0.10575428922056913,0.1199419869470631,0.13999792810525225,-0.0817011849644192,0.08213468909625544,-0.23886077664177738,0.054275673565013664,-0.3328467036951446,-0.1026846974635227,0.28715504944656506,0.2792308489190288,-0.10252053964889353,0.0229693439265593,0.32075640095944663,0.30042792595366924,0.27451011642454715,0.13945445417526636,-0.08027954641442676,0.02749085577221908,-0.5102726135358477,-0.3032457028106049,-0.3614978205261019,-0.07398098638127645,-0.37517551339161204,-0.32585804333447554,-0.016578345512355666,-0.11891241463395198,0.34380224561515355,0.5681183211277483,-0.09796715249942226,-0.15086262540939843,0.2145462948943732,0.1273402449617098,0.4310433583820096,0.49057048824996613,0.26228593741284095,0.2646526787208441,-0.033765509327510775,-0.16774538007315382,-0.4050012351680227,-0.19234355202448022,0.022781279634071512,0.2901927658998,0.03917952967989226,0.15453784793886316,0.02258365275044028,-0.044931428252675536,-0.15389715433225223,-0.4200336284455211,-0.3604108726661301,-0.04345082039063185,0.03463889265194559,-0.08470543234865208,0.006526468455402465,-0.439045653403884,-0.19984062348094256,-0.4341336690865335,-0.4119612077552614,0.33744790380033307,0.05600969009235869,0.35115587820446414,0.17679477882523567,0.2273521982006391,0.39150523153423805,0.3829498999912343,0.3159974181003913,0.4762266015347959,0.4048083895799632,0.4498609439871224,0.39061909808827866,-0.2479866761230068,-0.20112838575492673,-0.39975615392584213,-0.19107650869797352
#53,0.22809170524906566,-0.3064667022607559,0.18607686729514142,0.34729418514770216,0.6017993609001586,0.41330953310648744,-0.5065479842854752,0.07477149391580139,-0.02548908669285754,0.1557602658400338,-0.02234936926742583,1.0,0.09428874243957638,-0.3515447569109643,-0.3234913020264724,-0.5076954952226889,0.3273354636661381,0.2671532963048554,-0.07930097458741403,-0.1052506594203476,0.10633441974993824,-0.2056993043214943,-0.006987066595478488,-0.16808166452836504,0.2412370805409239,-0.08887631585238547,0.04749260891392871,-0.0271960092119628,0.21954434253201477,0.13016599064459833,0.27541059375722177,0.11941604443417352,0.12576241742304106,0.14142753548119755,-0.18621233733634024,0.0809823968634701,0.02794667261672338,-0.08813999633434007,-0.024207699479635664,0.015365490202328492,-0.2716668393245623,-0.03326187952728924,0.13878666656041566,0.03003609878156651,0.0992198519392138,0.003957318968196416,0.17031452956035986,0.11045270900238267,0.021982803273593702,0.1064682960259465,0.21149104702404195,-0.09914972627082852,0.10930519806516906,-0.03608921897536836,0.09207500258986843,-0.07665691813625099,0.2847548390695599,0.2828311644845365,0.17050418761803823,-0.1095267314266589,-0.0045055741937540346,-0.06652694658495964,-0.2102765979488242,-0.3063137008024608,0.08698132904079242,0.03961940887249082,-0.1461004550199619,-0.24165942831642614,0.058897592617679635,-0.015759150204400385,0.14386440245758592,0.1352134450031477,0.20963271681183213,0.08270844456486226,-0.054313923929587456,-0.026864506052323312,-0.012930216991130696,-0.1048267178796548,0.11316689112193101,-0.0834304201961925,0.3046131533441178,0.3009618372925117,0.02576321430563635,0.30464980994350105,0.3693407390289189,-0.03329534859629131,0.1329327670154356,0.3480384734917005,0.17261273896516827,0.33838503773239087,0.23365394576417056,0.22782235893185857,-0.009133868307182302,0.09708580034903458,0.0005849118249408315,0.021571611854425486,0.03541027500418363,0.30047733267457705,0.17284861621337327,0.07619631999617496,-0.014286511168309573,0.4271131334220529,0.1726223015563117,0.16844663675700658,0.07115524069838791,0.14279339224951987,0.0446588944050873,0.0765373857469579,-0.004883296543920185,-0.09414052227685295,0.0408003888787065
#54,0.12439656065471874,0.24245152961614166,0.09130362023763039,0.07779008518674943,0.05793336467738208,0.1482871008614301,0.33394640167664097,0.11933954370502593,0.21171417415072238,0.24641522364510038,0.21465148339695111,0.09428874243957638,1.0,0.1826295531879288,0.05696594920670338,0.1275649658535808,-0.007442883439982787,0.023965447170668345,-0.06657475954067688,0.0565961956824901,0.09078086525512197,0.14568766983560313,-0.0321908693192232,0.0426172811959614,-0.043151192534803845,-0.04926168827546638,0.05186271306648391,0.08129955613639442,0.08722517511495032,0.18697415709743484,0.05301819282965041,0.1463140195554989,-0.021023356628867867,-0.04514499278821251,0.03526364860665078,0.04042904158930265,0.04330897528867072,-0.17420650415574274,0.14708540190773695,0.022421088701001683,0.1697439616221342,0.027186446620819354,-0.1667604331853788,-0.21763023053813482,-0.15412665651969495,0.03822486433073815,-0.09257863239008997,-0.008800771382352237,0.020156348365195354,0.1181617512291914,0.0702882324347154,0.3059375722174852,0.13956123644303484,-0.018452613376471246,-0.2116615798994334,-0.12376542963925125,-0.27990341782945116,-0.2542916112169194,-0.3789591119540358,-0.08122943046800915,-0.25509486887296895,-0.2751667476830639,0.034731331032998906,0.25961478695343815,0.09565938050347042,0.11653770449999601,0.1284941309596857,0.31250707233303315,-0.04936368924766314,-0.04551952760799751,0.10754568129477485,0.05577381284415367,0.0689510634398234,0.039781972921929414,-0.0023189283522858577,-0.154448597088191,-0.2214265792220832,-0.23068157368374917,0.34727665373060584,0.16698037278167807,0.25466295850632326,0.30134912223382126,0.35135988014885766,0.042245933906557544,-0.02186486464949119,-0.08008191953079553,-0.2772609551434787,0.17248683151511288,0.10636629505374973,0.32207125724167057,0.07624891424746393,-0.1675907848496681,0.017380009403214623,-0.2680250858640996,-0.14686386854624708,0.1916279514539123,-0.03086166915028409,0.014592514084899871,-0.05064188893050387,0.09339145263728295,0.20233645976938217,0.10160731219469435,-0.07877821960490561,0.027315541601255888,-0.18542979862776818,0.04181242977472129,-0.04061391835140929,-0.2709384886324698,-0.23336547426467658,-0.08354038999434213,-0.17104925531321472
#58,-0.3267170827721952,-0.01996190901194527,-0.4105379754400784,-0.39190686036226285,-0.4096645921156436,-0.4925961638071863,0.7477436269314441,-0.19821020169098486,0.015156706962363235,-0.27816143247615327,-0.20210536381674887,-0.3515447569109643,0.1826295531879288,1.0,0.06515790228625616,0.13423646694132554,-0.46308600753850937,-0.33373443090629457,0.11044952147200153,0.14768306385420235,-0.07410530006614126,0.03111507781558543,-0.1850600451035549,-0.14413693630517416,-0.2932065758751763,-0.02685653722637044,-0.24961231661739275,0.12131103124576656,-0.2315278629999442,-0.21899130601088543,0.07794468041023515,-0.27696451481803186,-0.2984277506394983,-0.08996804500792899,0.35146666241662616,-0.13221397891448652,0.07144371219788188,0.22640550167743786,0.009318745069288942,0.011628110830431353,0.2366868809218338,-0.16535632605248268,-0.004559762210233566,-0.01585636988102543,-0.00406569500115548,0.06035907529743643,-0.030574791415980684,0.041464988963176054,0.2314417996796532,0.04439432938345193,-0.12284263959390863,-0.024092948385914303,-0.11550813218688491,0.05888165496577389,0.07416586314338308,0.20027094008239765,-0.15811903832208402,-0.1185617862920256,-0.10705161408569676,-0.032987751914510435,-0.07344388751205284,-0.03503574018439863,0.5127317932249041,0.4424483420857605,-0.24010231972523488,-0.18087322394791575,0.561317725059567,0.687218800054188,0.25668225900278113,0.30309429511750036,-0.07582975400234283,-0.03557283905362223,-0.06977504004335042,0.0364111595438644,0.2274271051645961,0.12057311796253058,-0.0374789822215493,-0.08775430515822104,0.04068882531536629,0.05443505008407112,-0.04789742527233463,-0.19322331040967733,-0.01269593350811625,-0.1414434731331033,0.11617751356692618,0.15310983432810843,-0.15744965694204272,-0.17132178916080293,-0.33024727266931764,-0.11093402608993617,-0.3414195666552447,-0.14771493915801384,0.021783582624771893,-0.06832471371992764,-0.00776801153885998,-0.3296113603582784,-0.08893369139924615,-0.37614611639267187,-0.2396720031237798,0.07552215732056196,-0.021396297683462295,-0.39100000796882595,-0.057882364191283696,-0.24288822127835905,-0.16658671277960618,-0.22686609981751388,-0.1574767509502825,-0.1349743802245615,0.026751348723792524,0.07330044864490115,-0.2394966889528166
#101,-0.028480583955565828,0.1757954880507455,-0.13357983568280885,-0.05243965606547187,-0.06004032225932154,-0.049336595239423374,0.28944210249503943,-0.12839691128306066,0.11034114543904247,0.04035572839053622,0.03706938456757166,-0.3234913020264724,0.05696594920670338,0.06515790228625616,1.0,0.7497884276709512,-0.10575747675095028,-0.14894054458956563,0.21317725059566975,0.24943859621162015,0.237247886268916,0.2858019427997673,0.2642781439010591,-0.008112264820024065,0.12668042617281197,0.15780506657954083,0.13794037724422062,-0.2993569157456032,0.20506817330602684,0.185329391420762,-0.09230131724693001,-0.1111635282773789,-0.008378423606850002,-0.0583939628174581,0.2718294033740009,0.06366773183306904,0.5251360677031452,0.2256851198112982,0.3461259552630111,0.11237957111778722,0.3673660639577971,0.5487365426451721,0.17441688116089857,0.43908709129883894,-0.4105778195698428,-0.3043103379579087,-0.15577779725713012,-0.32551379005331144,-0.2829236028655898,-0.39776235367243346,-0.46962203858505525,-0.2292376224210887,-0.11278916877176486,0.3799854967367658,0.3938560351903354,0.378632390089968,-0.1777669755914861,-0.17193220122879296,-0.40225677150985345,-0.32830447290200737,-0.39263042975878365,-0.3596490529050355,0.39897361521727004,0.2697830088693033,-0.22531855381746607,0.14921467220234444,0.09256747603375595,0.126328204065695,0.17420491039055216,-0.12140665715720103,-0.04492983448748496,-0.07689917044521831,0.08002454398393485,-0.0033835634995896054,0.13290726677238643,-0.08473252635689184,-0.29579325677947865,-0.2207093848863247,0.2707870809393652,0.36316649268063333,0.034206982285299906,0.2806078620436851,0.2270159137454279,-0.07618994493541266,-0.1496832391683733,-0.4274016049215469,-0.5287634772768928,-0.043211755612045676,0.3569332770202966,0.05876849763724311,0.17090741021125358,-0.3432731155718828,-0.4766824183793002,-0.4658910342739204,-0.2485986819561874,-0.04988485046498099,-0.01789160802938903,-0.2649491190462909,-0.19087250675358,-0.14888635657308608,-0.15641849086374104,-0.35009921188311327,-0.11065671094677622,-0.2287053048474368,-0.0952609392058268,-0.09158890420674322,0.05598259608411893,-0.38293714986970967,-0.19953940185992397,-0.22445792061455586,-0.2836615161488258
#102,0.02029341217158476,0.355175354015093,-0.05574990636629505,-0.059941508817505915,-0.24915649977288845,-0.09032982970618939,0.41596633967917507,-0.03710125987138315,0.10912510259863414,0.12349767708723473,0.20642765501358684,-0.5076954952226889,0.1275649658535808,0.13423646694132554,0.7497884276709512,1.0,-0.07710317238961184,-0.10733689805480959,0.17744503502299006,0.3660304887280957,0.11283060666671979,0.50251097705775,0.08314832375746081,0.18900142641984558,-0.1228506084198615,0.22360844376797967,0.14940751779040393,-0.1380646909290854,0.10145590450158978,0.15824016447656766,-0.04014694515057097,0.11139621799520277,0.052745658982062175,0.0460821267202703,0.37429416124122433,0.11173250245041398,0.4974428037517233,0.29750655435934625,0.3239056809760218,0.13753874841619584,0.41151335973671,0.5013762162420611,0.18442413279251568,0.3103283953175179,-0.43627728326785614,-0.16265011275888724,-0.07076636199188774,-0.1886619544342532,-0.349291172931492,-0.31396855501279,-0.2982253424602953,-0.025796683374638415,0.020669540756560335,0.41158986046585755,0.19024615703368422,0.3775406609344245,-0.43276143725744887,-0.2984452820565946,-0.4785056857573174,-0.18829698220561164,-0.40652806222059307,-0.3660081760154276,0.31646120377084846,0.2591956267083171,-0.12394393134059559,0.19247902206567907,-0.03553458868904844,0.03204264915649977,0.03414004414729578,-0.146006422873718,-0.07541218752241233,-0.07748886356573086,0.05310903744551315,-0.008252516156794619,0.05778355074946808,-0.2355680577580505,-0.28777980540127024,-0.2090398361609384,0.1731083999394369,0.5202177083250324,-0.03689407039660847,0.15217429416124123,0.22369450708827068,-0.1286885703129358,-0.3551992604929516,-0.37277211548422573,-0.5606499374447163,-0.13392887025954467,0.16502322912765263,0.004661763182430332,-0.042889815043549634,-0.47030895138219286,-0.4156571492322036,-0.47125086660982235,-0.3390958570073871,-0.0019714875407406225,0.03594418634302608,-0.21647156324458716,-0.1394640167664098,-0.026225406210902948,0.014154228657491892,-0.2303500705241097,-0.07661548024129605,-0.07243344038122863,-0.11307764027125884,0.0023412410649539003,0.09570559969399708,-0.4022233024408514,-0.1574130003426595,-0.17878698531345377,-0.282488504968563
#201,0.7528803321406657,0.26562806301747566,0.8223605256237598,0.7945748232912845,0.24932225135270822,0.5879989481149742,-0.382141861039613,0.45854537051056266,0.2953852528906916,0.697728087720836,0.4733100112360446,0.3273354636661381,-0.007442883439982787,-0.46308600753850937,-0.10575747675095028,-0.07710317238961184,1.0,0.739639330937373,0.026021404266509417,0.09540437807297851,0.11668114336714772,0.17473563419901347,0.21657356421678395,0.22900015140769311,0.23562862083529235,0.19560280183920503,0.5034560798157608,0.31583963534652437,0.2929133230801106,0.09579166301428811,0.12698802285459282,0.5138442413279252,0.7053430978014009,0.545257353234148,-0.07497868339057606,0.08083417670074668,0.15560726438173864,0.13237973049430626,0.09986532684139646,0.18008112264820025,-0.09660607702667166,0.1756759556614524,0.02493923770210935,0.11343145614356637,-0.34687980619815284,-0.36318561786292025,0.3983392966714214,0.44017085162842956,-0.05792539585142921,-0.002723744710691774,0.41664687741555034,0.2200033469069002,0.41088541625162367,0.24173433528038313,0.0029930910278988597,-0.01266405820430476,-0.25464542708922694,-0.19478838782682148,-0.05996063399979281,-0.12845269306473078,-0.047714142275418564,-0.07382639115779072,-0.3387978229167497,-0.38430778793360376,0.44688538437631986,0.5546494115022034,-0.43313597207723387,-0.40105985385173204,0.13111268716779956,-0.01485229781096351,0.5489277944680411,0.5683956362709082,0.12866147630469602,0.10242331997226849,-0.3722413916757644,-0.3115619695750225,-0.15497932089665228,0.010644757707846902,0.09284479117691591,0.30681573683749175,-0.10949485612284741,0.0632517591183291,0.05278550311182653,-0.053789575181888455,-0.22219158651355897,-0.38501382591302824,-0.09261847651985433,0.17660352700236673,0.2388289013379659,0.10340348556447179,0.03750766999497964,-0.0782666209787312,-0.3714556654368112,-0.12201706922519105,-0.284885527815187,0.5368167727848656,0.36258317462088313,0.7444620644040514,0.5084126895584473,0.5006526468455402,0.44219971471603087,0.7260349512706293,0.3347990660535983,0.6682689319382575,0.49665707751277005,0.7247455952314545,0.6701208870897051,0.006330435336961805,-0.144433376630621,-0.44942584609009556,-0.055238307740120646
