,#10,#11,#12,#13,#17,#18,#26,#49,#50,#51,#52,#53,#54,#58,#101,#102,#201,#202,#301,#302,#401,#402,#501,#502,#601,#602,#701,#702,#801,#802,#901,#902,#1001,#1002,#1101,#1102,#1201,#1202,#1301,#1302,#1401,#1402,#1501,#1502,#1601,#1602,#1701,#1702,#1801,#1802,#1901,#1902,#2001,#2002,#2101,#2102,#2201,#2202,#2301,#2302,#2401,#2402,#2501,#2502,#2601,#2602,#2701,#2702,#2801,#2802,#2901,#2902,#3001,#3002,#3101,#3102,#3201,#3202,#3301,#3302,#3401,#3402,#3455,#3501,#3502,#3601,#3602,#3701,#3702,#3801,#3802,#3901,#3902,#4001,#4002,#4101,#4102,#4201,#4202,#4301,#4302,#4401,#4402,#4501,#4502,#4601,#4602,#4701,#4702,#4801,#4802
#10,1.0,0.4479133629242404,0.5409079680290703,0.5766306210106065,-0.09716867613894445,0.016324936847054324,0.1569077767772474,0.710470240419479,0.3205093673549076,0.6026934631720708,0.47858218648646494,0.048292679039597095,-0.002725338475882348,-0.1748328538756385,0.12188478671437337,0.06082604849827475,0.44906406139183513,0.28295707193459185,0.1465690219859908,0.0830925419757907,0.10324410904541434,0.09077130266397851,0.15555148260006854,0.11593844878834002,0.1998071544119405,0.08690642207683542,0.1796890564113189,0.1507590306720111,0.018913211516547266,-0.11699511510969089,-0.15447569109643075,-0.13866872793631313,0.020188223669006845,-0.0958474447959582,0.012155647108511502,0.05633003689566416,0.17401206480249265,-0.07907625369554304,0.13673230322976515,0.0761628509271729,-0.010013626692379412,0.023962259640287198,0.06851277801241543,0.04456645602403398,-0.19586577309564981,-0.3411310951557507,0.007637322793232873,-0.07941413191594482,-0.07428061423710444,-0.005407645291619185,-0.13126250109571358,0.00819195307955279,0.04288184621759676,0.21099060475420156,0.12444915490600769,0.1431041764616819,-0.2474065455936377,-0.28037357856067063,-0.33909426324219655,-0.34620404975734925,0.11444190327439058,0.08962060419638375,-0.05664241487301676,-0.08589756871120179,0.29779343209364967,0.24699694793966004,-0.010950760624437202,-0.1407932169353489,0.10792180987975042,-0.012520619337153057,0.32751715289786354,0.185789989560838,0.06911681501964316,0.05128098877192423,-0.05220218505207628,-0.08172190391189665,-0.08697654774522069,-0.15782578552701831,0.11084158770888285,-0.03410338754791257,0.03776745372104328,-0.07449417877264143,-0.2921722222664935,-0.06335854138609759,-0.14859629130840155,0.03139239295874539,-0.14790778474607336,-0.06938616133685024,-0.01723975806644407,-0.11788284232084087,-0.2162022169273801,-0.3972858178804517,-0.5113420299787232,-0.10270541641100017,-0.26151296129541235,0.29969798149638616,0.30421789957685536,0.24505414817234977,0.1387643538477476,0.17449338189004615,0.19433416474750775,0.06650304010710102,-0.08487596522404355,0.3356023237096479,0.18972818334674751,0.2487054642239559,0.2186613966164365,0.15418084453617448,0.010463068476121414,-0.13678330371586353,-0.12564926009451027
#11,0.4479133629242404,1.0,0.17978149479237224,0.4249057686331073,-0.1100335487572616,-0.07001410482193658,0.5055200057375547,0.3404585262453283,0.42353991186478496,0.5093832925595072,0.25098614221166793,-0.07442564686944672,-0.01933077799647778,0.1585381985672051,0.09483381013475285,0.12111659189251647,0.08837906111292623,0.013876913514331934,0.2661300990525066,0.11760393341249034,-0.19807313788459546,0.13807425352022887,0.02274940433026002,-0.010734008558519073,-0.04845364932384512,0.14991752265138777,0.006003713472894038,0.21058738216098621,-0.021232139868833124,0.018819179370303373,-0.24644231765334013,-0.0030998732956673495,-0.09339782769804525,0.1297197363912375,0.07054482863039788,0.3159193236060531,0.1165887049860944,0.14430746918056564,-0.09355720421710269,0.17098072341002,-0.20318753038114895,0.19389747308529034,-0.0763317900373738,0.03700882149032983,-0.12084405804492825,-0.26160221214608453,0.29141199627058945,0.15571245288431657,0.08920781901202496,0.015609336276486386,0.05849915132003602,-0.04607415789431743,-0.07841962243702635,-0.01893233669883416,-0.2013499191164166,0.11886938297380648,-0.4164635944186343,-0.048416992724461906,-0.16620739666424947,-0.09325279506570297,0.09674792212863279,0.08794555698108998,0.1826183968315948,0.26178071384742885,0.2878499310696555,0.31312067193140436,0.33479269099283604,0.2576225804652201,0.30005339113388424,0.29763564933978276,0.23163623903290328,0.20100725960044308,-0.015281020647228043,-0.0008462893161950449,0.016962442923284114,0.02022169273800891,-0.030162006231621893,-0.0568272916351234,0.1204902421726207,0.14320777119906924,-0.31298201435982437,-0.13455840750982156,-0.0845157742909737,-0.18944608690801584,-0.052206966347648,0.024908956163488434,-0.1271458056084597,-0.4605280144076373,0.052567157280717834,-0.18193626533002893,-0.15673883766704652,-0.337231151734415,-0.27690713927117117,-0.12479181442198121,-0.10271497900214362,0.08292679039597096,0.10744686785295922,0.11288320091800876,0.15310824056291786,0.20629059120719745,0.22764066970013308,-0.2044513861772745,-0.15815569492146722,0.10611766768402012,0.06802986715967137,0.23931978101666282,0.24368191634326514,0.09853453290726677,0.07983647969144705,-0.09911466343663589,-0.09101674250332699
#12,0.5409079680290703,0.17978149479237224,1.0,0.4720381866139662,-0.0884683119635984,0.11619982627959423,0.18884045613559755,0.2776179585461674,0.07461211739674393,0.6514180525783136,0.39318346627991296,-0.16329240013068874,-0.12430252850847484,-0.4475866410601726,0.10832662623815634,0.09789862059622756,0.7940138179442022,0.6613854600801664,-0.18194901545155354,-0.14272007905075346,0.06746248675182685,-0.14883216855660655,0.376052084246428,0.3623839539720613,0.2820422507152021,0.0303739770019683,0.21035947373873407,0.05649578847548391,0.011510172206328842,-0.322657762831802,0.1746192893401015,-0.3493979551992605,0.24391301229589846,-0.21460685797161505,-0.21770194997171066,-0.3582640709544263,-0.06862434157575564,-0.2198344077966993,0.2138609758624262,-0.03618803241718398,-0.07130027333073018,-0.3109977766975591,-0.026947381842233185,-0.025607025316960054,-0.23476798763238213,-0.10822621903115014,0.03856593008152109,-0.06868012335742575,-0.02944799942624453,-0.02119070197387819,0.01207595884898278,0.03817705137502092,0.23088398186295214,0.3905712851325614,0.2776864904493621,0.20775207388695424,-0.119522826701942,-0.26503996366215365,-0.11125915418881337,-0.02669556694212242,0.18175457609830345,0.2836407972013483,-0.4179314521591534,-0.19750575747675095,0.391321948537322,0.09673198447672704,-0.21781988859581317,-0.20291180900317957,-0.260660296918455,-0.2729354764162596,0.19229095777319127,-0.011253576010646351,-0.030581166476742982,-0.19321693534891504,-0.47808652551219627,-0.35081321868849064,0.03878586967782037,0.16697399772091578,0.15239263999234992,-0.14491788124855565,0.05888484249615504,-0.20047175449641005,-0.21081210305285722,-0.08339057606642813,-0.39417160069806917,-0.08995688865159496,0.10366167552534485,0.03992063049350939,-0.20476695168500825,-0.33241319956330834,-0.2240132601263856,-0.3084780339312609,-0.29814087290519486,0.015006893034449235,-0.08502418538676697,0.5836655005618022,0.5603168405198862,0.5551514475372343,0.41735929045573716,0.23196455466216162,0.4712668042617281,0.4975463984891106,0.08770808596769437,0.5640956577867383,0.3651794181163289,0.4602985122201946,0.4200224720891871,0.0992198519392138,0.2276837013602786,-0.051688992660711294,-0.06668791686920766
#13,0.5766306210106065,0.4249057686331073,0.4720381866139662,1.0,0.17738128441536707,0.38568161352787894,0.23745029444811896,0.3375339671206241,0.12711871160021995,0.7544932225135271,0.2788738455163401,0.13049111874347552,0.18811369920869558,0.07320163520308554,0.04796436341033875,-0.03581349759739898,0.38072978508076405,0.06208193546844743,0.0816693096606077,0.026765692610507694,-0.09852178278574218,-0.07913362924240372,0.05546462239718222,-0.06471961685884818,0.10660376606714533,0.08856712540541402,-0.05609097211707799,0.14276470447608955,0.0884252803034529,0.20231892835228585,-0.0944305875415375,0.22597837260636391,0.1051263457354828,0.20695040999609526,0.27168277697646803,0.3103554893257576,0.35988811768362167,0.12410808915522475,-0.03323637928424005,0.10613838663149758,-0.007973607248444087,0.21092207285100686,-0.0590059686506387,0.036588067480018166,-0.20771222975718986,-0.2944050872984883,0.13175178700921994,0.07068189243678728,-0.13977161344819067,-0.21045828718054968,-0.1625895496816454,-0.12060658703153264,-0.19230052036433473,-0.13152547235215836,-0.2311405780586346,0.022009897281833467,-0.4273633545569731,-0.02669237941174127,-0.1110758711918973,0.014726390360908127,0.18494051271426182,0.19897361521727003,0.2276263258134179,0.21588824518483693,0.1275649658535808,0.11462359250611608,0.2624835642964722,0.07396664249456128,0.2616277123891337,0.22997712946951526,0.1987074564304441,0.21405063392010454,0.059195626708317066,0.12412243304193993,0.033977480097857185,0.13025046019969877,0.030938169879431664,0.02573452653220601,0.12407462008622269,0.08589119365043948,0.02941134282686132,0.08131549378830016,-0.21717441369363052,0.024531233813322284,-0.03570671532963048,0.10394377196407653,-0.01234689893138044,-0.02753388743236459,0.09061989497087394,-0.014261010925260382,-0.1220202567555722,-0.20423622787654694,-0.2255910876650543,-0.03574018439863255,-0.019749938241598864,0.07332435512275977,0.12243622947031214,-0.0073727577715975105,0.1815059487285738,-0.03976922280040482,0.18591908454127454,-0.08929069480193483,0.19202958028193706,0.17145247790643003,0.19371578385356486,0.2555793734909036,0.2996437934799066,0.16592530022551777,0.15621289515415693,-0.08951222816342468,0.012125365569890589
#17,-0.09716867613894445,-0.1100335487572616,-0.0884683119635984,0.17738128441536707,1.0,0.7195164516411797,0.1253671636557786,-0.02197483444764083,0.17138872729880705,0.07219278183745188,0.08922216289874013,0.7716054793647252,0.6995848241678554,0.34599845404776514,0.010071002239240092,-0.4411271107427743,-0.015438803401094917,-0.12399811935707512,0.15350349433018035,0.17838695025061957,-0.028679804604387637,-0.26631816334499436,0.07575484703838584,0.015357521376375619,-0.12140346962681987,-0.35809513184422537,0.09613591629545219,0.16418012734183873,0.20180573596092088,0.5108798380734566,-0.02990381627074883,0.31136753022177244,0.06632294464056611,0.30822621903115016,0.4609439871223773,0.38929786674529243,0.39370303373204024,0.3260891392871088,0.1078229964379348,0.11508100311581095,0.18742359888117682,0.4257839332531138,0.25662647722111104,0.40154913976523837,0.24031429049558128,0.15023149439393094,0.14989520993871971,0.04169449115061878,-0.017737012805903306,-0.09024376638589837,-0.0960291340276837,0.023192471053239728,-0.17391165759548646,-0.3190112280757676,-0.27473164978603704,-0.3216345655794532,-0.033626851755930796,0.025721776410681414,0.08908988038792244,0.22584927762592738,-0.3116257201826455,-0.25725282694100676,0.28959032265776286,0.28751045908406314,-0.23726701145120288,-0.04455848719808111,0.3752934520157145,0.1407804668138243,0.2510530803496721,0.16388687454677303,-0.13899226226999975,0.010630413821131732,-0.18129875925379912,0.31323223549474455,0.13170078652312156,0.3891050211572329,-0.35827203978037914,-0.2421742144729817,0.12111659189251647,0.0763062897943246,0.2709894891185682,0.7461418929149168,-0.0075783534811816175,0.39861820557977196,0.6084692682227127,-0.1903784395445019,-0.21663731482440693,0.42137398497079426,0.359778147885472,0.5615679461944871,0.442416466781949,0.1441783742001291,0.412273585732614,-0.338152348014567,-0.08401373825594276,-0.33160037931611536,-0.3494218616771191,-0.0663548199443776,-0.005645116305014782,-0.16977902445632684,-0.07707926591175322,-0.05928647132417981,0.5440907171146475,-0.13934448437711672,-0.05286837890173641,-0.06697479460351106,0.0026137749125421353,-0.3300878961502602,-0.2393149997210911,-0.3224904174867917,-0.16538820135629417
#18,0.016324936847054324,-0.07001410482193658,0.11619982627959423,0.38568161352787894,0.7195164516411797,1.0,0.1557793910223207,0.11058180398281921,0.20634796675405812,0.2210217628636773,0.10420355569014017,0.5908741005187705,0.7476591573763437,0.2738391412793153,0.10144952944082748,-0.23193108559315956,0.2545418323518396,0.0368669763883687,0.06030807481133805,-0.028840774888635658,-0.05475539688737658,-0.28572544207061973,0.10960004462542533,-0.01882077313549395,-0.050965423264190485,-0.23645897249958164,0.06537146682179315,0.04020432069743165,0.31854584864011987,0.38078078556686246,0.19948362007825388,0.2639179529679892,0.24704794842575845,0.1382463801608109,0.3766433711321311,0.23360453904326275,0.3722876108662911,0.31261385460080165,0.11403549315079409,0.039847317294742966,0.1570830909482106,0.17500976181179226,0.16632852281873312,0.3291842312872045,0.164774601757923,0.1071488337623218,0.15404696826016623,0.1051263457354828,-0.016097028424802175,-0.16008255703687177,-0.10384177099187977,-0.0998748894325399,-0.15560248308616692,-0.24398154419909315,-0.175763612746934,-0.20575508610316443,-0.166636119500514,-0.038675899879670725,0.0006885065623281722,0.09122074444772052,-0.26744495533473056,-0.22216608627050977,0.23250165353138522,0.3293754831100734,-0.1892548350851469,-0.14637298886755015,0.2626636597630071,0.20107260397325663,0.17646646319597734,0.08443289850106384,-0.05208105889759262,0.01996828407270757,-0.08895122281634246,0.34941389285116625,0.022786060929643234,0.28135533791806455,-0.29259138251161454,-0.1311780315406131,0.30119452701033556,0.12307214178135135,0.2846735570448406,0.5750432308807943,0.030361226880443706,0.40460438763556966,0.40331821912677607,-0.15236554598411017,-0.22909737108431816,0.29517487588553576,0.18715425256396975,0.5230992357895912,0.2925706635641371,0.1425862027747452,0.30935460478607685,-0.33313039389906685,-0.09999282805664242,-0.16915904979719337,-0.2457569986213931,-0.017501135557698284,0.07126999179210927,-0.07091617591980173,-0.03499589605463427,0.18408306704173275,0.5067631425862028,-0.05075185872865351,-0.05031676083162668,0.033477037828016795,-0.004252165528452693,-0.2811800237471013,-0.21574480631768522,-0.3655188901019213,-0.17808891615998215
#26,0.1569077767772474,0.5055200057375547,0.18884045613559755,0.23745029444811896,0.1253671636557786,0.1557793910223207,1.0,0.0978715265879878,0.4200256596195682,0.4954729099761732,0.48636135438165895,0.030745324291372153,0.18504251368645858,0.2595940680059607,0.2489238100550646,0.2583015244364048,0.05772139390703568,0.08391014351855541,0.26616356812150865,0.13724549562113014,-0.2034967208281204,-0.04281012678402091,0.22101379403772442,0.092451131174844,-0.032637123572584054,-0.04255034305795727,0.00915777478504092,-0.01184486289634948,0.0672218282080501,0.08091705249065655,-0.08143502617759325,0.014860266636916383,-0.04749579644430986,0.1862266812230554,0.029744439751691384,0.18531504753404682,0.09322729482265378,0.3180007809449434,0.030923825992716494,0.2899361697041175,0.04845205555865454,0.26999019834407795,0.14020033628445522,0.32275498250842705,0.020849636223095252,0.04152077074484616,0.19805082517192743,-0.03452892285379595,-0.005771023755070165,-0.08131390002310959,-0.11339320577899258,-0.11989895528691757,-0.14816597470694642,-0.022322275259186064,-0.15021236921164405,0.2048131708755349,-0.3406609344245312,-0.03149598769613273,-0.18255305245878126,-0.02893002573930783,-0.1286758201914112,-0.02403876036943477,0.055150650654639054,0.3976571651698555,0.026556909370542437,0.05879559164548287,0.3633449943819777,0.44403891974595383,0.22663659763007116,0.2619098088278654,0.1940887249081593,0.13350652248404243,-0.10775765206512125,0.031762146482958664,-0.20940640215477055,-0.023493692674258302,-0.19119285355688545,-0.15906414108009467,0.31675286280072357,0.21271824622078428,-0.2151391755452669,0.20557180310624837,-0.04441823586131055,-0.09582035078771844,-0.07162540142960738,-0.20737753906716924,-0.22073807265975504,0.019276589979998246,0.2884523743116927,0.04542868299213477,0.11837531576472839,-0.28182868617966517,0.0575763612746934,-0.34021149264078926,-0.10674720493429703,0.04981631856178629,0.08423367785224203,0.006355935580010997,0.19105100845492434,0.008888428467833834,0.06763939468798062,0.060150292057471175,-0.05209062148873606,0.041063360135151286,0.10812581182414395,0.05813896038696619,0.13103140514308026,-0.1928583381810358,0.05593000183282997,-0.1659045812780403,-0.08410936416737722
#49,0.710470240419479,0.3404585262453283,0.2776179585461674,0.3375339671206241,-0.02197483444764083,0.11058180398281921,0.0978715265879878,1.0,0.40851867494362054,0.3124959159766992,0.45739785957334905,0.25554271689152036,0.19346078142307294,0.05220377881726685,0.1102518945883703,-0.1121309437480576,0.28218409581716325,0.09151718477316736,0.17931133406115277,-0.04441982962650113,0.08009466965232012,0.009392058268055368,0.005799711528500506,-0.03105770226872475,0.07492130784371538,-0.09532468981344978,0.22074922901608907,0.12232944720254364,-0.009407995919961111,-0.03785670457171545,-0.19105100845492434,-0.0479866761230068,0.014166978779016487,-0.11408968116727362,0.1905856290192766,0.1556168269728821,0.15440078413247377,0.004234634111356374,0.021370797440413102,-0.0798157607439696,-0.00031237797735259666,-0.03034210169815681,0.009197618914805281,0.007868418745866171,-0.08299691606435623,-0.2568990110686992,0.15857963646216003,0.12314226744973664,0.07523368582106799,0.01826933037955518,0.02457585923865837,0.008110671054833492,0.05629975535704325,-0.015684243240443384,0.07055120369116018,-0.05263250165353139,-0.10934663596012399,-0.21557746097267488,-0.4114002024081792,-0.4944289937763469,-0.08574775478328778,-0.15756918933133582,0.10591525950481716,-0.10453984014535138,0.17653977639474377,0.014582951493756425,0.08057439297468304,0.021452079465132404,0.2231064077329487,0.022503964490911552,0.35404059319940395,0.22463960984628134,0.1538859979759182,0.25609415964745913,0.043587884197021254,0.015210894978842766,-0.22354150562997555,-0.2936942680234921,0.01778482576162054,-0.09535815888245185,0.20358915920917373,-0.019515654758584418,-0.17258405119173792,0.19648256022440214,0.12978348699886047,0.07955119572233423,-0.32305461036425503,-0.009605622803592347,-0.02420929324482624,0.12658798779175864,-0.13327861406179028,-0.23206655563435838,-0.3804970953629402,-0.26452677127078866,-0.4743666775573955,0.10142402919777829,-0.020503789176740592,0.12394393134059559,0.023206814939954898,0.28375873582545086,0.1208902772354549,-0.025865215277833118,-0.029049558128600914,0.2015411709392855,0.08773358621074358,0.1313421893552423,0.1331654567332595,-0.005079329662360845,-0.06466542884236866,-0.3149407517790404,-0.33233351130377964
#50,0.3205093673549076,0.42353991186478496,0.07461211739674393,0.12711871160021995,0.17138872729880705,0.20634796675405812,0.4200256596195682,0.40851867494362054,1.0,0.28956322864952305,0.31084796276964516,0.19967327813593222,0.28074333208488395,0.24564862258843403,0.23954131437815265,-0.05662328969072986,0.19781335415853182,-0.026163249368470542,0.24889830981201538,0.01821673612826622,0.008568081664528365,-0.20402425710620054,0.051755930798715426,-0.03467873678170995,-0.07270597422881687,-0.15908486002757213,0.07361282662225374,0.013049749380423782,0.06010726039732566,0.1053749731052124,-0.022582058985249703,0.07345982516395859,0.04272884475930161,0.07253703511861598,0.19360900158579636,0.244802333272239,0.28184303006638034,0.13769971870044387,0.03377347815346365,0.059388472296376574,-0.02043525727354589,0.12888460343137645,0.008944210249503941,0.20773454246985792,-0.055996939970834096,0.017279602196208433,0.29825403023372565,0.16311867972491612,0.0713990867725458,-0.0932448262397501,0.05542796579779901,-0.09240331821912677,0.004496011602610588,-0.09361457976396338,-0.021182733147925317,-0.07909059758225821,-0.19285036935508293,-0.21523639522189195,-0.2851293738893449,-0.2718485285562878,-0.06370916972802397,-0.06642494561276287,0.10213166094239336,0.26773661436460566,0.027887703304672124,-0.06983082182502053,0.2752018105172565,0.3653419821657675,0.2787925634916208,0.17367418658209086,0.3210831228235144,0.30188940863342606,0.001716485110248707,0.037172979304959,0.015776681621496706,0.0228944369626023,-0.1500657428141112,-0.17515320067894397,0.29311573125931356,-0.0321095872945039,0.03965925300225518,0.12771159225111364,-0.19023021938177848,0.020994668855437527,0.17148275944505095,-0.13118918789694714,-0.24448358023412411,-0.020750822781279633,0.13485962913084015,0.13584616978380576,0.03255743531305533,-0.19591517981655762,-0.13151750352620548,-0.3520133238769932,-0.10574791415980683,0.12960976659308784,-0.06513558957358813,0.09053701918096407,-0.033100909243041224,0.19252842878658688,0.01833308098717816,0.057042449935850954,0.002161145598418985,0.089754480472392,0.046324379029237625,0.1654360143120114,0.10353576807528947,-0.10573038274271052,-0.03849899194351696,-0.25068810812103054,-0.2080915458725466
#51,0.6026934631720708,0.5093832925595072,0.6514180525783136,0.7544932225135271,0.07219278183745188,0.2210217628636773,0.4954729099761732,0.3124959159766992,0.28956322864952305,1.0,0.5958514292089346,-0.034034855644717865,0.10410314848313398,-0.02410251097705775,0.24178533576648154,0.1477436269314442,0.5631999617496354,0.2789280335328196,0.18282718007156007,0.04164827196009212,0.0703440142163855,0.007503446517224618,0.32642064244674834,0.22744304281650185,0.21496226760911316,0.06011044792770681,0.11999776872873319,0.08540828279769541,0.19554542629234434,-0.03145933109674952,0.006218871773621592,-0.0543298615814932,0.03821052044402298,-0.0041517583214465015,0.08599956968339854,0.10335407884356398,0.24820820948449665,0.03804955015977496,0.14848154021468016,0.17807138474288584,-0.02157958068037836,0.07353313836272501,0.012657683143542462,0.16143725744886006,-0.15880276358884046,-0.21016184685510284,0.15376327805624398,-0.00030600291659029877,-0.026080373578560672,-0.06115914542310481,-0.06497621305453068,-0.0178246698913849,0.015292177003562064,0.12352636486066508,-0.012249679254755397,0.20298990349751772,-0.4601311668751843,-0.21280112201069418,-0.2861159145423105,-0.08881575277514364,0.051459490473268574,0.13845038210520444,-0.02464439114185307,0.16658990030998733,0.3208153702714979,0.18840695200376129,0.20567380407844513,0.018406394185944586,0.12222425869996574,0.1275330905497693,0.25105626788005325,0.15522476073600078,-0.1160834814206823,-0.1147032807656448,-0.23094773247057512,-0.14278861095394815,-0.12233582226330594,-0.10813059311971568,0.32617520260739985,0.10101283777861007,-0.11929332451449928,0.05595231454549801,-0.1175497453960108,-0.08013610754727506,-0.22107913841053797,-0.16365896612452088,-0.19109882141064158,-0.04610762696331949,0.052358374040752574,-0.1604236227876547,-0.05478727219118807,-0.4418777741475348,-0.2619416841316769,-0.26642494561276286,-0.07986197993449624,0.3608921897536836,0.3903609081274056,0.2641872992851963,0.23092541975790706,0.11029970754408754,0.3127859812413837,0.17170907410211253,0.07550303213827507,0.35275123716022916,0.2105571006223653,0.285046498099435,0.29082708444564864,0.01375100606427655,0.10616069934416562,-0.22790842225214958,-0.08332204416323342
#52,0.47858218648646494,0.25098614221166793,0.39318346627991296,0.2788738455163401,0.08922216289874013,0.10420355569014017,0.48636135438165895,0.45739785957334905,0.31084796276964516,0.5958514292089346,1.0,0.08074173831969336,0.17638518117125804,0.005669022782873399,0.2652869972666927,0.11675605033110471,0.372628676617074,0.30157703065607344,0.19711687877025078,-0.11645961000565787,0.12235494744559285,0.10344173592904557,0.3148323757460813,0.168445042991816,0.3349329423296066,-0.010955541920008926,0.22474001705328753,0.029304560559092828,0.17371084318147406,0.007710635991999299,-0.12437106041166955,-0.21903433767103092,-0.09527050179697025,-0.06756289395883304,-0.024816517782435113,-0.002602618556208114,0.12786937500498052,0.08886515949605145,0.29879112910294925,0.013604379666743698,0.09410705320785089,0.008198328140315087,0.1656049534222123,0.1053813481659747,0.025163958593980348,-0.09858393962817458,-0.05811186637872642,-0.0987895353377587,-0.061519336356174646,0.03796986190024624,-0.11948298257217764,-0.004231446580975225,-0.002545243009347433,0.08521543720963591,0.10686833108878069,0.19437879017284385,-0.24351935229382654,-0.20735841388488235,-0.21254611958020225,-0.12011411358764514,-0.21772107515399755,-0.15542398138482258,-0.06203093498234905,-0.020631290391986547,0.17642024400545067,0.01821992365864737,0.11703495923945526,-0.10808278016399844,0.12615448365992238,0.07724820502195412,0.27547275059965415,0.17546557865629656,-0.10001992206488218,-0.05803855317996,-0.25851668273713235,-0.20638940464901306,-0.2720429679095379,-0.2716748081505152,0.2955940361306569,0.052155965861549615,0.10355648702276693,0.1814517607120943,-0.038041581333822086,0.10336364143470743,-0.09881503558080788,-0.3103443329694236,-0.35404696826016624,0.1213397190191969,0.20320665556343584,0.048184303006638035,0.08556128425599056,-0.3433177409972189,-0.09839268780530565,-0.41088382248643307,-0.22180111404186822,0.3545059726350517,0.26056785853740166,0.19838392209675748,0.0007889137693343639,0.05736598426953757,0.151014033102503,0.15429081433432412,-0.05287794149287985,0.19191801671859685,0.16524157495876132,0.012850528731601973,0.20594633792603337,-0.19211564360222808,-0.037343512180350466,-0.29503781207914637,-0.14462303468829937
#53,0.048292679039597095,-0.07442564686944672,-0.16329240013068874,0.13049111874347552,0.7716054793647252,0.5908741005187705,0.030745324291372153,0.25554271689152036,0.19967327813593222,-0.034034855644717865,0.08074173831969336,1.0,0.6767987632382121,0.43848624182199236,-0.0007968825952872363,-0.46044354485253686,-0.08442811720549212,-0.17256333224426046,0.24007681948218568,0.08865797002127676,0.010396130338117286,-0.14004574106096948,0.028067798771207037,-0.08844281172054921,-0.095136625520962,-0.27391086071289117,0.14866322944640567,0.24819067806740033,0.16465985066420163,0.4722900015140769,-0.21885902350006772,0.41677278486560576,0.027935516260389356,0.24919315637227168,0.5342492170628501,0.557711034433297,0.3896118384878356,0.3540262493126888,-0.03671875622564528,0.0194168413167688,0.0800213564535537,0.315541601255887,0.060556702181067665,0.17239598689925012,0.20993075090246954,0.004692044721051248,0.11500450238666338,0.06712301476623449,-0.08281044553705902,-0.14735793575532516,-0.1680832582935556,-0.08006757564408036,-0.2877064922025038,-0.48167249719098887,-0.3856704571715449,-0.4978348699886046,-0.044147295778912896,0.00569452302592259,0.005767836224689017,-0.08659085656910168,-0.352137637561858,-0.37943564774601757,0.5094311055152244,0.2674592992214457,-0.2063989672401565,-0.08882531536628709,0.4503836989696308,0.15734765596984596,0.468300807242069,0.290428643148005,0.026278000462191906,0.18138641633928074,-0.050559013140593995,0.3973336308361689,0.2537465435217429,0.4002103770051558,-0.4731346970650814,-0.4126736207954482,0.08677254580082716,0.2388289013379659,0.43490345767358096,0.5690442987034721,-0.09501868689685948,0.6484074301333185,0.7821036106750392,-0.011765174636820757,-0.30670895456972325,0.2157591502044004,0.2788674704555778,0.6972244579206146,0.278390934663596,0.2325654041390082,0.22609949876084756,-0.32080102638478275,-0.29938560351903354,-0.3990756161894668,-0.4225645275681534,-0.16766728557881566,-0.1354811975551642,-0.12551538381850202,-0.2010040720700619,-0.22218999274836837,0.48172668520746836,-0.17096478575811425,-0.100968212353274,-0.10027651826056468,-0.05272812756496585,-0.2551044314641124,-0.3494330180334531,-0.3480655674999402,-0.26899728263035005
#54,-0.002725338475882348,-0.01933077799647778,-0.12430252850847484,0.18811369920869558,0.6995848241678554,0.7476591573763437,0.18504251368645858,0.19346078142307294,0.28074333208488395,0.10410314848313398,0.17638518117125804,0.6767987632382121,1.0,0.45090645395213924,0.1327781717919499,-0.35397524882659037,0.07128114814844329,-0.20622205930400275,0.2235988811768362,-0.005227549825084271,0.04994222601184167,-0.15622405151049096,0.10905816446063002,-0.00010359473738734072,-0.021705488130433742,-0.22321797129628893,0.10991561013315908,0.11733936839085497,0.28934328905322376,0.4019029556375459,0.02219955533951183,0.30278829220091,0.04040832264182518,0.13154619129963582,0.46995832304026647,0.4482815226832631,0.4049167656129222,0.2576480807082693,0.01591055789750496,-0.07195531082405629,-0.011065511718158564,0.1899353728215222,0.12192463084413774,0.22966475149216267,0.17172819928439942,0.12930695120687868,0.1903672831881679,0.12297970340029804,-0.009508403126967303,-0.12128871853309851,-0.08320251177394035,-0.05850712014598889,-0.19178732797296974,-0.38272517909936327,-0.26205802899058883,-0.33160834814206824,-0.10190694005052235,-0.006609344245312338,-0.12997155129134824,-0.08752639673596889,-0.315563913968555,-0.31901600937133934,0.41914908876475226,0.3043023691319558,-0.2562885990007092,-0.17854313923929588,0.40402266334100995,0.18940783654344207,0.3712357258405119,0.19972746615241177,0.003206655563435839,0.07555403262437345,-0.11917060459482505,0.37162301078182153,0.09755117978468232,0.24838192989026928,-0.40286080851708117,-0.2809186462558471,0.24682960259464973,0.15887926431798802,0.3116958458510308,0.5971391914829188,0.23420538852010933,0.5268318338659166,0.577786100773773,-0.11690586425901872,-0.3286949453736981,0.2594745356166676,0.1504578090509925,0.6015555148260007,0.31358445760186154,0.13635298711440844,0.31353186335057254,-0.42463323478551906,-0.17121500689303445,-0.2468678529592235,-0.3604602793870379,-0.1260477013921539,-0.0780482751476225,-0.053234944895568535,-0.10728430380352062,-0.057643299412697524,0.3850743889902701,-0.21370000557817817,-0.17246611256763542,-0.10505143877152578,-0.07294344524221247,-0.2571587947947629,-0.2794906326450924,-0.4376240148538916,-0.2322594012224179
#58,-0.1748328538756385,0.1585381985672051,-0.4475866410601726,0.07320163520308554,0.34599845404776514,0.2738391412793153,0.2595940680059607,0.05220377881726685,0.24564862258843403,-0.02410251097705775,0.005669022782873399,0.43848624182199236,0.45090645395213924,1.0,0.12181147351560695,-0.18494848154021468,-0.3999649371658074,-0.5392520459960634,0.3875925379913777,0.2635450119133948,-0.05684960434779144,-0.03276143725744886,-0.34442062650909644,-0.36944114623592506,-0.27682745101164247,-0.18225820589852498,-0.2933085768473731,0.022166086270509765,0.2564431942241949,0.4442333590992039,-0.28748655260620454,0.5452318529910988,-0.16378646733976684,0.24235749746989776,0.6718469347910973,0.7180501876658512,0.4535106662735379,0.2822510339551674,-0.3577652224497765,0.027806421279952826,-0.011543641275330906,0.36136394425009366,-0.05305803695941477,0.17414912860888204,-0.0773677374112472,-0.06569818868586091,0.15328355473388106,0.12769724836439847,-0.20441632334308185,-0.3019866283100511,-0.23738016877973367,-0.23930703089513822,-0.531077624333607,-0.5902079066691105,-0.6705990166468774,-0.3414179728900541,-0.18849142155886173,0.3003370813378065,-0.1617209476527823,-0.1086405979806995,-0.05453067599550558,-0.12660073791328325,0.7325932950298433,0.568939110200894,-0.2911633689008598,-0.08904684872777693,0.8487771836575317,0.5835443744073185,0.6656615320864777,0.5971136912398697,0.2629457562017388,0.3331288001338763,0.07530381148945325,0.27431567707129706,0.42635609495653004,0.5213333439584346,-0.09568806827690077,-0.1340515901792189,0.18657730956498178,0.2561961606196559,-0.00028847149949397954,0.385329391420762,0.15316402234458798,0.2597343193427312,0.5292973886157353,0.15588139199451745,-0.194318227095602,-9.243838105331942e-05,0.32709321135717073,0.4269728820852824,0.17184613790850195,0.15670696236323503,0.12949501549936648,-0.26769358270446014,-0.08476280789551276,-0.4255639936568145,-0.4803544533783838,-0.46096470606985473,-0.11669229972348175,-0.27978707297053923,-0.21559021109419949,-0.5297547992254301,0.07358732637920455,-0.42265377841882557,-0.21865980285124592,-0.3051757524563906,-0.1640829076652137,0.03372407143255584,-0.07526237359449832,-0.14566695088812565,-0.08657332515200536
#101,0.12188478671437337,0.09483381013475285,0.10832662623815634,0.04796436341033875,0.010071002239240092,0.10144952944082748,0.2489238100550646,0.1102518945883703,0.23954131437815265,0.24178533576648154,0.2652869972666927,-0.0007968825952872363,0.1327781717919499,0.12181147351560695,1.0,0.44402457585923866,0.3016630939763645,0.03851333583023213,0.25335128975448046,0.008980866848887154,0.497009299619887,0.22221868052179872,0.313316705049845,0.19355959486488855,0.336066109380105,-0.005995744646941166,-0.029577094406681062,-0.3276829044776833,0.20993712596323183,-0.09176262461251584,0.048962060419638374,0.022059304002741278,0.06710707711432874,-0.09461546430364415,0.269574225629338,0.028053454884491867,0.42407701073400855,0.0788164699694794,0.13936679708978475,0.0891743499430229,0.051669867478424406,-0.13165775486297604,0.08669923260206074,0.1821689550478528,-0.04643434882738726,-0.027725139255233528,-0.23283156292583412,-0.25540724685032157,-0.2911458374837635,-0.1911036027062133,-0.21854505175752456,-0.22532014758265664,-0.1383404123070548,0.08081505151845979,0.20946059017125007,0.2860250699264477,-0.3086517543370335,-0.16587111220903825,-0.4129381858170836,-0.31817609511590655,-0.3339145263728295,-0.3413446596912877,0.10824375044824645,0.36290989648495087,-0.1451904150961439,-0.2591462199874093,0.17637721234530518,0.32873319573827187,0.17174094940592402,0.09646104439432938,0.2466813824319263,0.1328467036951446,0.030949326235765684,-0.1435408681238993,-0.00642127995282455,-0.17891926782427145,-0.1710189737745938,-0.24881702778729609,0.5810644757707847,0.08523137486154164,-0.12775621767644973,0.09832415590211094,-0.08322482448660838,-0.023380535345727513,0.07284622556558742,-0.3893616173529154,-0.41478217214257823,0.06788005323175736,-0.008496362230952514,-0.008909147415311302,0.10839834567173218,-0.3239056809760218,-0.03675541282502849,-0.4560256277442644,-0.23578959111954037,0.1968586888093777,0.1763867749364486,-0.1391197634852457,0.020409757030496696,-0.11940648184303007,-0.08148124536811992,0.024531233813322284,0.00621090294766872,-0.07355704484058363,0.021963678091306806,-0.14678418028671836,-0.06163727498027716,-0.3021922240196352,-0.28956322864952305,-0.37721872036592846,-0.2342197324068245
#102,0.06082604849827475,0.12111659189251647,0.09789862059622756,-0.03581349759739898,-0.4411271107427743,-0.23193108559315956,0.2583015244364048,-0.1121309437480576,-0.05662328969072986,0.1477436269314442,0.11675605033110471,-0.46044354485253686,-0.35397524882659037,-0.18494848154021468,0.44402457585923866,1.0,0.12103849739817833,0.23764951509694077,0.13451059455410436,0.012420212130146865,0.03443967200312378,0.43313437831204327,0.04470511359561396,0.06743698650877766,0.14141319159448237,0.43073257416984756,-0.3046338722915953,-0.43974850385292735,0.08604578887392521,-0.32031970929722925,0.06345576106272263,-0.07066436101969097,0.03955725203005841,-0.005472989664432739,-0.21816414187697727,-0.1909346635960124,0.05202368335073194,0.27131142968706423,-0.09298185498330531,0.22184255193682315,-0.07364151439568409,-0.03677294424212481,0.029929316513798022,0.14029755596108026,-0.24717544964100438,-0.11776171616635721,-0.30959366956466305,-0.2467881646996948,-0.2577532692108472,-0.17177441847492608,-0.1501836814382137,-0.2708667691988939,-0.0741148626572847,0.14762568830734168,0.12507709839109404,0.591632732749484,-0.4376160460279387,-0.010107658838623306,-0.19281052522531855,-0.23797623696100853,-0.03301165839236905,-0.06599941030687949,-0.07087792555522794,0.16564639131716724,-0.023979791057383515,-0.08549115858760528,-0.11514953501900566,0.11944951350317558,0.036447816143247616,0.15937014399668498,0.22202742869892977,0.11770274685430596,0.1960968690482831,-0.1692706133605336,-0.11803106248356429,-0.2294942186167712,0.14916207795105546,-0.007509821577986915,0.3797528070189419,0.36810397724103305,-0.2725434101793783,-0.2145606387810884,0.05582959462582378,-0.2624644391141853,-0.3709121915068253,-0.2017611105355848,-0.11056905386129462,-0.1436476503916678,-0.05981400760225996,-0.2576385181171258,-0.05002988309732327,-0.33210719664671806,-0.1307732151822072,-0.039785160452310564,0.06099658137366622,0.2912478384559603,0.3925284287865869,-0.12825984747667127,0.022771717042928064,-0.09254197579070675,-0.10052673939548486,0.06741786132649077,-0.18289730573994534,-0.035375212169991,0.01048697495398003,-0.0022695216313780493,-0.13867988429264716,-0.07613575691893314,-0.04921706285013029,0.0534995099172039,0.08103658487994964
#201,0.44906406139183513,0.08837906111292623,0.7940138179442022,0.38072978508076405,-0.015438803401094917,0.2545418323518396,0.05772139390703568,0.28218409581716325,0.19781335415853182,0.5631999617496354,0.372628676617074,-0.08442811720549212,0.07128114814844329,-0.3999649371658074,0.3016630939763645,0.12103849739817833,1.0,0.6537369809305995,-0.06010566663213509,-0.29157615408521864,0.2335073193666377,-0.09987648319773047,0.3639474376240149,0.33038593024089763,0.41448732558232193,0.07160308871693934,0.19463538636852631,-0.0808708333001299,0.23098757660033947,-0.28247256731665726,0.3323861055550686,-0.26387332754265314,0.296099259696069,-0.251147112495916,-0.13736184048004207,-0.3062563252556001,0.14466766011363547,-0.19164707663619918,0.2504586059335878,-0.1591358605136705,-0.03209205587740758,-0.3273609639091873,-0.14489875606626876,-0.09632557435313055,-0.19809863812764467,-0.13190478846751508,-0.048848903091107586,-0.07712070380670816,0.01811314139087888,-0.020918168126289955,0.1458008271641339,0.0730167584409789,0.32922088788658765,0.3407422164492505,0.4128887790961758,0.173377746256644,-0.1541744694754122,-0.427648638526086,-0.21866617791200824,-0.15529010510881433,0.11392552335264446,0.1332212385149296,-0.33924248340491997,-0.20829395405174955,0.3935611886300791,-0.012912685574034377,-0.2528269410067815,-0.25849118249408315,-0.16178788579078646,-0.22673700483707734,0.2316856457538111,0.12051255488528875,-0.006446780195873742,-0.21802070300982557,-0.3297787057032887,-0.39410944385563673,0.020851229988285827,0.11438612149272048,0.3630342101698157,-0.05417686012319805,0.04921228155455857,-0.2032353433368662,-0.03793639283124417,0.004159727147399373,-0.32348014567013844,-0.11608507518587287,-0.012853716261983122,0.039525376726246925,-0.24561196598905083,-0.2506833268254588,-0.1949987648319773,-0.24598012574807354,-0.25199021428172985,-0.1212090302735698,-0.10708189562431766,0.6780578377387659,0.5216680346484552,0.5064300456613727,0.19294918279689854,0.30181290790427845,0.40095307158396354,0.5989449274438396,0.23574018439863256,0.478915283411295,0.17908661316928176,0.41056666321350876,0.3125437289324164,0.01629146777805226,0.017974483819298902,-0.18977121500689303,-0.20698387906509733
