,#10,#11,#12,#13,#17,#18,#26,#49,#50,#51,#52,#53,#54,#58,#101,#102,#201,#202,#301,#302,#401,#402,#501,#502,#601,#602,#701,#702,#801,#802,#901,#902,#1001,#1002,#1101,#1102,#1201,#1202,#1301,#1302,#1401,#1402,#1501,#1502,#1601,#1602,#1701,#1702,#1801,#1802,#1901,#1902,#2001,#2002,#2101,#2102,#2201,#2202,#2301,#2302,#2401,#2402,#2501,#2502,#2601,#2602,#2701,#2702,#2801,#2802,#2901,#2902,#3001,#3002,#3101,#3102,#3201,#3202,#3301,#3302,#3401,#3402,#3455,#3501,#3502,#3601,#3602,#3701,#3702,#3801,#3802,#3901,#3902,#4001,#4002,#4101,#4102,#4201,#4202,#4301,#4302,#4401,#4402,#4501,#4502,#4601,#4602,#4701,#4702,#4801,#4802
#10,1.0,0.6487293707018145,0.3911291029492625,0.4831977304783686,0.22819689375164356,0.25928328379379867,0.31744296312824233,0.752373514810063,0.40248786746248677,0.5099538604977328,0.5976045709185666,0.18245264525177507,0.14384527727529903,-0.0660982237486951,-0.2880188701798564,-0.18017356102925355,0.5117787216409406,0.12629473499669294,-0.34425646869446724,-0.15480878802126083,-0.06497302552414953,0.07033285786005147,-0.13398146451083362,-0.08258253711480687,0.21742144729816956,0.03210480599893218,-0.03667413080030919,0.16929451983839222,0.06198790332220354,0.12479022065679063,0.01288877909617576,0.25767676848169957,0.0685207468383683,0.04416482719600921,-0.028094892779446805,0.14048083895799632,0.008953772840647387,-0.15828319613671318,-0.13650917610308475,-0.12241710428802524,-0.12537672624692203,-0.008963335431790835,-0.14495294408274828,-0.24251368645857405,-0.24022344587971853,-0.1909776952561579,-0.06812230554072468,0.17292352317733028,-0.0858338181035788,0.052155965861549615,0.16061328084533305,0.13626214249854568,0.022457745300384895,0.10521719035134554,-0.14709018320330866,-0.058199523464208015,-0.21471842153495527,-0.21916343265146745,0.16848010582600864,-0.04999960155870236,0.0219078963096367,0.12574329224075417,-0.02557674377833914,-0.09110121205842743,0.08781327447027229,0.0339950115149535,-0.14985058451338365,-0.2572910773055806,-0.037286136633489786,-0.1521185123795711,0.20175314170963193,0.2267099108288376,0.06236403190717912,0.13137406465905377,0.09265672688442812,0.055088493812206644,-0.12373992939620206,-0.09202240833857948,-0.12106877893679924,0.004934297030018567,0.03913809178493732,-0.04975575548454446,,0.06107626963319494,0.275020121285531,0.10026536190423065,0.09668257775581923,-0.004006725689104224,-0.14873176134960037,0.029945254165703768,-0.1574831260110448,0.14636183251121612,0.04498721003434564,0.24578728016001403,0.3600809632716812,0.3969479396600499,-0.043999075616189466,0.1520260739985178,0.07430930201053479,0.1435854935492354,0.17441369363051742,0.005375769987807697,-0.023042657125325727,0.13321008215859556,-0.1418371331351752,0.13249448158802762,0.13928551506506545,0.0024496170979129645,0.027954641442676252,0.15629098964849508,0.3325470758393166
#11,0.6487293707018145,1.0,0.3339145263728295,0.38033931260907333,-0.08096327168118321,0.13815234801456702,0.45174636820757197,0.46982922805982996,0.45014782172142576,0.5783773876594761,0.5939930989967248,0.0033532819609686905,0.23144020591446263,0.03578002852839691,-0.14023061782307614,0.027054164110001673,0.2664871024551953,0.19196742343950465,-0.19830264007203818,-0.06101251902557196,-0.0512204256946824,0.06477380487532772,-0.4674098925005379,-0.23211914988564736,-0.15079249974101316,-0.1657977990102718,-0.07480655674999402,0.20490879678696938,0.09269338348381133,-0.061283459107969625,0.12038664743523336,0.02237805704085617,0.19666265569093705,0.13009108368064132,0.011322107913841055,0.18050028289332132,0.1691128306066667,-0.07890572082015157,-0.03637290917929061,-0.258274430428165,-0.1741586912000255,0.053878826032560626,-0.04096135916295452,-0.0531249750974189,-0.21201698953693152,-0.2959478520029644,-0.035046896540732654,0.21925746479771135,0.08617488385436174,0.2047462327375308,0.2521400282096439,0.2758680043669166,0.15985464861461962,0.10268947875909443,-0.15743690682051814,0.02262668441058579,-0.2502689478759094,-0.12382121142092135,0.044198296265011275,0.0076739793926160855,-0.08215381427854235,0.0222824311294217,-0.14225629338029627,0.05461195802022488,0.24595781303540548,0.1585891990533035,-0.17927148993138842,-0.15107300241455426,-0.01567468064929994,-0.08018710803337345,0.2072914757468782,0.2017053287539147,-0.2145287634772769,-0.06666879168692076,-0.18050665795408363,-0.01906780674003299,-0.1990086780514627,-0.1354126656519695,-0.17736375299827076,-0.20117141741507225,0.051206081807967235,0.007656447975519767,,-0.11099777669755914,0.0013562941771788762,-0.01339081513120672,-0.01713935085943788,-0.07346938775510205,-0.10485699941827571,-0.10019045494027365,-0.28966204209133867,0.006018057359609209,-0.12479500195236236,0.09696786172493206,0.19176820279068285,0.22342834830144476,-0.1537059025093833,0.12949023420379477,0.06223015563117086,0.1721425782339488,0.21438851214050633,0.06380957693503016,-0.04196543123301644,0.18906517702746856,0.05812939779582274,0.22651069018001577,0.22337575405015578,-0.1086469730414618,-0.15586386057742113,0.005675397843635697,0.005669022782873399
#12,0.3911291029492625,0.3339145263728295,1.0,0.6725402226489972,0.2107196646718039,0.6069089721011404,0.34182916430922233,0.16113125453226976,-0.0926583206496187,0.5216489094661684,0.4087912087912088,0.2630063192789806,0.4164014375762019,-0.1134920192208082,-0.39174110878244306,-0.21369522428260646,0.703900740303931,0.7089003817067632,-0.6188606172652583,-0.4341257002605806,-0.2685956538023253,-0.026252500219142712,0.1823761445226275,0.43332881766529335,0.30856728478193307,0.15095028249488002,0.4722900015140769,0.49410864697304147,0.13419024775079888,-0.01740710341145439,0.41109260572639833,0.4682274940433026,0.6057168357385906,0.09368629919753922,-0.23687175768394042,-0.23293515766322148,-0.3739913458550152,-0.5127556997027628,0.24659691287682586,-0.2071990373658249,-0.08668488871534556,-0.22801679828510865,-0.3003944568846672,-0.4855644717863717,0.1044266828168206,0.03933890619894971,0.42272231032202023,0.5659699256508539,0.4255608061264334,0.2652790284407398,0.4653507478743157,0.5333152706611735,0.5298695503191515,0.5990931476065631,0.09005570209341057,0.28874084581118664,-0.28228450302416946,-0.5315748790730662,-0.03971503478392528,-0.07186605997338412,0.02358931858569277,-0.02665412904716748,-0.41055550685717473,-0.35281020647228045,0.27156324458717496,0.4829188215700181,-0.35137581780076343,-0.36306130417805543,-0.47764505255440715,-0.43361569539959677,0.35061240427447826,0.41702300600052594,0.08700204798826988,0.4998207014160604,-0.09562272390408721,0.13246260628421613,-0.26822430651292145,-0.04897799807154412,0.1429607375945302,-0.09249416283498953,0.26736367331001126,0.3281020647228044,,-0.05812142896986987,0.13331048936560178,0.06368685701535592,-0.007449258500745085,0.24747667126202297,-0.23935325008566488,0.05219580999131398,0.2487421208233391,0.1604220290224641,-0.037314824406920126,-0.15987058626652537,-0.2527376901561093,0.6739857676768481,-0.07213859382097236,0.7179641243455601,0.6291643092223222,0.5246961885105468,0.6196654686864984,0.5933747181027819,0.5765445576903155,0.630614635545745,0.3242754345002351,0.5772872522691231,0.591258197929699,-0.09116974396162214,-0.05600969009235869,-0.19798707456430445,-0.18377228282957073
#13,0.4831977304783686,0.38033931260907333,0.6725402226489972,1.0,0.23945843858824278,0.5480958490385611,0.17849373251838807,0.34994461665962756,-0.21364422379650805,0.5340499964140283,0.3527241431519894,0.1533122425073114,0.23024647578672233,-0.20732175728549912,-0.289177537473404,-0.09018160954346596,0.531785256078222,0.38592545960203684,-0.38823163783279807,-0.2782984962825427,-0.19854967367657722,-0.15050402824151918,-0.02351122409135462,0.020027253384758824,0.03363641434707425,-0.09734399030990765,0.21329359545458168,0.26773820812979626,0.015738431256922918,0.1404139008199922,0.22119707703464048,0.2411557985162046,0.3156228832806063,-0.0006614125540884061,-0.15803297500179297,-0.009951469849947008,-0.26188112105443506,-0.30471356055112403,0.050297635649339784,-0.2298305030719824,0.07015913745427886,0.022599590402346024,-0.22902405788555172,-0.1458821091888532,-0.036761787885790785,0.016018933930464024,0.21868849062467627,0.3523384519758704,0.15612364430348477,0.06923794117412682,0.3157631346173768,0.29214672202344427,0.29626979257146047,0.32469300098016557,-0.03897871526587988,0.021962084326116234,-0.26867374829666346,-0.4556016862035716,0.06486146196080932,-0.067465674282208,0.10732892922885671,0.057855270183043934,-0.15242929659173313,-0.0864139486329479,0.22159870586266525,0.21101132370167902,-0.20507932966236084,-0.38679246786570937,-0.2739156420084629,-0.3886571731386815,0.19012821840958172,0.10790587222784467,0.088331248157209,0.20854417518666976,-0.04963781686044195,-0.11927419933221238,-0.14552351202097394,-0.14115181410322816,-0.08653666855262214,-0.0955988174262286,0.04104582871805497,0.2609121118185658,,-0.029506968738295787,0.23110073392887026,0.18089234913020263,0.09315876291945907,0.10154356158707138,-0.02415191769796556,-0.036903632987751914,0.11505709663795233,0.10156746806493,0.07618356987465037,0.07075520563555371,0.02189036489254038,0.3019547530062396,-0.20681972125046816,0.38509351417255694,0.2760257871207835,0.39762528986604406,0.3672656567507909,0.31556232020336444,0.3216250029883097,0.3529871144084342,0.11900644678019587,0.31424427639075936,0.3702332475356406,0.005716835738590633,-0.08682514005211613,-0.0073727577715975105,-0.013674505335128975
#17,0.22819689375164356,-0.08096327168118321,0.2107196646718039,0.23945843858824278,1.0,0.6172843834917802,-0.3241734335280383,0.2168939110200894,0.006274653555291699,-0.06054076452916192,0.05134155184916606,0.6389866840918328,0.16849444971272381,-0.4535823857071138,-0.36377849851381394,-0.2922821920646431,0.18153941779757587,0.1485548534134466,-0.3986261744057248,-0.2795846647913363,-0.22101698156810556,-0.08899106694610683,0.17109706826893195,0.22649475252811002,0.03942496951924073,0.057627361760791786,-0.04512268007554447,-0.12029580281937062,0.2852202185052076,0.44899552948864047,0.3280940958968515,0.2714803687972651,0.010981042163058117,0.048013770131246566,0.4286001163448589,0.1719608890022233,0.10301301309278105,0.003756504554184032,0.11936982524364685,0.31457577955039884,0.43430579572711553,0.22369450708827068,0.45304847436827134,0.1850026695566942,0.0663356947620907,0.4308600753850935,-0.19364565818517956,-0.08772402361960012,-0.1951039533345552,-0.09678139119763485,-0.2847102136442238,-0.01002000175314171,-0.062153654902023285,0.22301715688227652,0.05101961128067002,0.01766369960713688,-0.045741060969487365,-0.08138880698706659,-0.10354214313605177,-0.060700141048219365,0.19968602825745682,0.20644678019587373,-0.05640972515519289,-0.3015308114655468,-0.2785088732876985,-0.12887185330985185,-0.1881376056865542,-0.3477882523567803,-0.3878778219604906,-0.4312346102048785,-0.03041700866211381,-0.2355505263409542,0.31302185848958874,0.16043956043956045,0.24980516220545226,0.05089211006542406,0.06954553785590768,0.09505693726143327,-0.10047573890938648,0.1728358660918487,0.3068667373235901,0.37405987775820987,,0.47943644462861285,0.7498585533393365,0.36694052865191373,0.19970355967455314,0.380782379332053,0.2084357991537107,0.5105021157232905,0.6226681223055407,0.1941014750296839,0.44255193682314786,0.06401517264461427,0.13942417263664544,0.08132824390982477,-0.36395859398034885,0.022140586027460576,-0.04081792029580282,-0.1465435217429416,-0.09787790164875008,0.32687645929125264,0.4345209540278431,0.12307851684211366,0.032673780171967266,-0.0709687701710907,-0.029620126066826576,0.04584306194168413,-0.10289985576425026,0.06062045278869064,0.15486935109850267
#18,0.25928328379379867,0.13815234801456702,0.6069089721011404,0.5480958490385611,0.6172843834917802,1.0,-0.012109427917984843,0.09932982173736343,-0.1494712683980269,0.25757795503988395,0.25494983624062667,0.6192080580768036,0.5257735737793751,-0.36691343464367393,-0.4135183163464527,-0.19705472192781837,0.43579118488473095,0.5174445568934329,-0.5700467770083434,-0.35574114065774687,-0.33620795448206614,-0.08232753468431496,0.05434420546820837,0.3017539385922272,0.02858099116257202,0.027247009698061184,0.1641450645076461,0.1854521113404362,0.4463817545760983,0.2999051709711608,0.5950051398927396,0.2838416116153607,0.3889265194558886,0.18519551514475371,0.2986174086971766,-0.03880658862529784,-0.04485173999314681,-0.23089673198447672,0.1282582537114807,-0.00893305389316992,0.256027221509455,0.0607479540039366,0.20362900333893807,-0.07853118600036657,0.039198654862179154,0.32145925140848997,0.18445760186151774,0.27230753293117327,0.12269601319637578,0.08150196431559738,0.02821761269912104,0.28895281658153305,0.23270565547577876,0.43033253910701336,0.03537680593518157,0.15900995306361515,-0.24660328793758815,-0.34736749834646863,-0.07473643108160875,-0.03282837539545299,0.030464821617831046,-0.012659276908733036,-0.2834017324227622,-0.46007060379794246,0.023340691215963154,0.17111619345121884,-0.36189148052817377,-0.43470423702475913,-0.5352963207930576,-0.5527878937596123,0.07760839595502395,0.03145454980117779,0.22182502051972683,0.33553379180645315,0.0386838687056236,0.08340013865757158,-0.1460877048984373,0.0009929157137278965,0.002106957581939453,0.025928965885456096,0.42107913841053796,0.49318904445808,,0.37836782506833266,0.4347185809114743,0.21226242937627998,0.014401262262030935,0.26063957797097753,0.032699280415016456,0.22527392839212998,0.5124879471507463,0.14289539322171665,0.2654304361338444,-0.10879359943899465,-0.12268963813561348,0.2928830415414897,-0.29112511853628603,0.3530811465546781,0.28789455649499157,0.19109563388026043,0.280166389085896,0.6300488489030911,0.6688394998764832,0.4007124130401868,0.22570902628915682,0.2728159440269665,0.3545808795990087,-0.0873702077472926,-0.19525695479285038,-0.16949374048721402,-0.0633139159607615
#26,0.31744296312824233,0.45174636820757197,0.34182916430922233,0.17849373251838807,-0.3241734335280383,-0.012109427917984843,1.0,0.18290846209627937,0.1935627823952697,0.5909314760656312,0.6019555498888349,-0.026263656575476736,0.45926575237670236,0.5238865557937349,-0.07938703790770506,0.005814055415215676,0.3431424268262557,0.1271458056084597,-0.21822789248460026,-0.07445752217325821,0.00456454350580529,0.10581007100223924,-0.013580473188885082,0.15370430874419272,0.19209811218513176,0.12587716851676242,0.19437879017284385,0.35039883973894126,0.0167759723959869,-0.13812047271075553,-0.02490098733753556,0.1906286606794221,0.13988636454191203,0.23190558535011035,-0.22157958068037836,0.04558487198081107,-0.17245336244611081,-0.20140091960251497,0.07468702436070093,-0.21817689199850185,-0.33174541194845764,-0.22521336531488817,-0.31736168110352303,-0.35222848217772074,0.033655539529361136,-0.02940815529648017,0.14035971280351267,0.29554303564455847,0.15149853772043764,0.2835085146905306,0.3083361888292998,0.3419805720023269,0.2603845755404856,0.12186725529727706,-0.0022695216313780493,0.034959239455251055,-0.1764760257871208,-0.19642518467754147,0.1771995951836416,0.12115165472670911,-0.3747579469116815,-0.23548040067256892,-0.09726270828518835,0.05245559371737762,0.17611424108886037,0.20225199021428172,0.07267569269019596,0.33850457012168395,-0.057887145486855425,-0.010863103538955607,0.20462829411342826,0.3933316864426364,-0.02392400927571341,0.09928041501645563,-0.2999370462749723,0.0016638908589597494,-0.4304010710102081,-0.1969272207125724,0.29018320330865655,0.03710125987138315,0.009519559483301325,0.0435225398242077,,-0.17186845062116998,-0.1432922407541697,-0.4155344293125294,-0.3405876212257648,-0.19984859230689542,-0.2982763429463937,-0.18176413868944688,-0.17944999163273276,-0.02222505558256102,-0.19307190271657276,-0.14294001864705272,-0.09197459538286225,0.2925563196774219,0.10251097705775009,0.15738590633441976,0.10515503350891313,0.18363362525799073,0.2320474304520715,-0.0700507614213198,-0.11874188175856051,0.10533991027101977,-0.067390767318251,0.18906995832304027,0.15316561610977855,-0.25501199308305905,-0.1731083999394369,-0.14308983257496674,0.053701918096406856
#49,0.752373514810063,0.46982922805982996,0.16113125453226976,0.34994461665962756,0.2168939110200894,0.09932982173736343,0.18290846209627937,1.0,0.36717003083935645,0.25521918255783377,0.4383029588250763,0.1310234363171274,-0.0670592641586115,-0.24007363195180453,-0.0907218959430707,-0.08446318003968475,0.3439217780044466,-0.2040959765397764,-0.06925069129565141,-0.0003394719855923627,-0.01416060371825419,-0.03332403636972165,-0.1251743180677191,-0.16527663779295396,0.0996246682976197,-0.09961829323685742,-0.10906613328658289,0.023444285953350495,0.03060188542422045,0.25087457864832774,-0.10865653563260524,0.1285945381666919,-0.1371116193451219,0.11628429583469467,0.1761062722629075,0.20402425710620054,0.12116759237861485,-0.0012590745005538334,-0.18962777613974133,-0.09192200113157328,-0.003206655563435839,0.07014479356756369,0.027750639498282718,-0.06711345217509104,-0.24606778283355513,-0.11761827729920551,-0.22454717146522804,-0.002978747141183689,-0.23446995354174469,-0.009372933085768474,-6.37506076229789e-06,0.049985257671987186,-0.06228115611726924,-0.04124186183649563,-0.23260046697320083,-0.2428292519663078,-0.2984277506394983,-0.2787096877017109,0.09057367578034728,-0.08226697160707314,-0.03622150148618604,0.0015857963646216003,0.11426977663380854,-0.026939413016280313,0.09737108431814741,-0.17082612818653428,-0.12808612707089864,-0.16223254627895672,0.0930328554694037,-0.14936289236506786,0.239184310975464,0.046286128664663834,0.202161145598419,0.03041222736654209,0.039322968547043965,-0.1372295579692244,-0.155497294583589,-0.297308927475715,-0.1957797097753588,0.1161583883846393,-0.08297619711687877,-0.1402258365275044,,0.18553179959996494,0.331272063686857,0.0318848664026329,-0.01435663683669485,0.03244427798452454,0.019176182772992056,0.13658727059742287,-0.24410107658838623,0.043229287029142,0.1306234012542932,0.2611113324673876,0.38571189506649983,0.07032648279928919,-0.08591191259791695,-0.09274119643952856,-0.20578696140697592,-0.07489899513104735,-0.11147431248954091,-0.21763341806851597,-0.18055447090980087,-0.10999211086230666,-0.396779000549849,-0.07303907115364694,-0.06551490568894484,-0.0549291172931492,-0.2989250053789575,0.12486672138593821,0.32209197618914803
#50,0.40248786746248677,0.45014782172142576,-0.0926583206496187,-0.21364422379650805,0.006274653555291699,-0.1494712683980269,0.1935627823952697,0.36717003083935645,1.0,0.17554686068101585,0.3050833140753373,0.15412825028488553,0.13096924830064788,0.13882332315979887,0.01279952824550359,-0.18481460526420643,0.06016622970937692,-0.025949684832933563,-0.025774370661970372,-0.0326275609814406,0.07292113252954442,0.11366095833100909,-0.19878714468997283,-0.06346054235829435,-0.0854784084660807,0.029130840153320212,-0.1563834280295484,0.04882818414363012,0.033164659850664205,-0.12161065910159456,-0.06360238746025548,-0.05113276860920081,-0.1177059343846871,0.007417383196933596,0.22959621958896795,0.1856784259974978,0.31706205324769504,0.04355600889320976,-0.1619408872490816,0.002363553777621943,-0.19923499270852427,0.011667954960195714,0.1853166412992374,-0.049636223095251376,-0.1942369450708827,-0.23640159695272095,-0.33151272223063377,-0.08201834423734351,-0.11898572783271841,0.20731378845954626,-0.11455824813330252,-0.01187673820016097,-0.10476615480241296,-0.03419423216377531,-0.1279267505518412,-0.10524269059439473,-0.031333423646694135,0.07589828590553754,-0.08390217469260254,-0.02809011148387508,0.08397867542175011,0.20809473340292775,-0.014490513112703106,0.06719632796500091,0.029902222505558258,-0.03445401588983895,0.007519384169130362,0.10297316896301668,0.14580401469451507,0.09601319637577796,0.1958418666177912,0.20418044609487684,-0.07670313732677765,-0.18632549466487103,0.013924726470049168,0.14808788021260827,-0.014466606634844488,-0.016028496521607472,0.04303006638032019,-0.08165974706946426,0.0707121739754082,-0.11955310824056292,,0.04139008199921906,0.055239901505311224,0.10682211189825402,0.08897512929420108,-0.13167050498450064,-0.23507877184454415,-0.006762345703607488,-0.21866617791200824,-0.020782698085091124,-0.062419813688849225,0.09096096072165688,0.24446764258221837,0.14637936392831244,-0.08977679318506004,-0.16174326036545036,-0.19996653093099795,-0.11660623640319072,-0.09151718477316736,-0.1063057319765079,-0.14999880467610707,-0.026703535768075288,-0.047895831507144056,-0.05487333551147909,-0.09728342723266581,0.09263441417176008,0.12344189530556463,0.05269943979153551,0.11462837380168779
#51,0.5099538604977328,0.5783773876594761,0.5216489094661684,0.5340499964140283,-0.06054076452916192,0.25757795503988395,0.5909314760656312,0.25521918255783377,0.17554686068101585,1.0,0.47447983488592627,0.1830248069551913,0.48548797105722413,0.24330100646271785,0.012829809784124504,-0.14991114759062546,0.5683446357848099,0.31012279960793376,-0.32888619719656703,-0.1891687717648559,0.12979464335519447,-0.0011746049454533863,-0.06363426276406697,-0.015379834089043662,0.2013674505335129,-0.11062961693853644,0.2100327518746663,0.20080963271681182,0.08080070763174461,-0.2128106846018376,0.09508562503486362,0.152501016025309,0.25613559754241405,0.009360182964243877,-0.18138163504370902,0.000991321948537322,-0.1790419877439457,-0.3502394632198838,0.07966116552048387,-0.299758544573628,-0.19762369610085345,-0.1597924917721872,-0.3246547506155918,-0.2800325128098877,-0.050654639052028466,-0.18276024193355592,0.07558431416299437,0.24742248324554345,0.14836360159057765,0.15470838081425464,0.38589199053303475,0.2507598275546064,0.32588991863828703,0.16946824024416482,0.1425431711145997,-0.028273394480791143,-0.02712428977838695,-0.31119699734638095,0.18429663157726972,0.008639801098104216,-0.1800635912311039,-0.09216106591015946,-0.15945301978659485,-0.043387069783008866,0.04633872291595279,0.11598148044848552,0.0001625640494385962,-0.13846791352230076,-0.05716516985552519,-0.14071352867582018,0.27776936623927195,0.37185251296926425,0.05815649180406251,0.09917203898349657,-0.07425670775924582,-0.014296073759453019,-0.37231629863972143,-0.1659603630597104,0.23923053016599063,-0.27005394895170093,0.12527791280510642,0.0773486122289603,,-0.061484273521982005,0.050072914757468785,-0.15591645482871008,-0.18590155312417822,-0.10736558582823992,-0.2875646471005427,-0.1468064929993864,-0.12578951143128084,0.03258931061686682,-0.07499621480767238,-0.11643570352779925,0.028988995051359084,0.48942457107794307,-0.15790547378654704,0.3024456326849365,0.1701312465634438,0.3308959351018814,0.309047008104296,0.11023755070165513,-0.013556566711026464,0.3144482783351529,0.19045653403884005,0.27793830534947284,0.262544127373714,-0.19140004303166014,-0.09644510674242364,-0.12832997314505654,0.0393580313812366
#52,0.5976045709185666,0.5939930989967248,0.4087912087912088,0.3527241431519894,0.05134155184916606,0.25494983624062667,0.6019555498888349,0.4383029588250763,0.3050833140753373,0.47447983488592627,1.0,0.1685900756241583,0.3640430635354493,0.1538812166803465,-0.18370853222194775,0.024932862641347052,0.38824120042394156,0.1563531464909275,-0.2588561547227247,-0.12470096980611846,-0.13714986970969567,0.0771748918231877,-0.08617488385436174,-0.04560718469347911,0.07569906525671573,0.10612882404035413,-0.03398385515861948,0.1919020790666911,0.1300432707249241,0.14795400393660002,0.016189466805855493,0.16945230259225907,0.1521631378049072,0.27691510809712405,-0.07233462693941302,0.14868713592426427,0.010400911633689008,-0.0014120759588489827,0.058201117229398594,-0.019086931922319885,-0.29410864697304145,-0.09962944959319144,-0.11410243128879823,-0.18678609280494704,0.026486783702157162,0.05174318067719083,-0.011887894556494992,0.1999314680968053,-0.03588999832654655,0.10077377300002391,0.13541585318235064,0.18728175377921571,0.10766361991887735,-0.008663707575962833,-0.2181497979902621,-0.12190231813146969,-0.3133422052928942,-0.293125293850457,0.1630087099267665,0.05795248985966898,-0.08539393891098025,0.04273840735044506,0.028233550351026784,-0.0937070181450167,0.10464024735235758,0.08779096175760426,-0.05231056108503534,-0.017198320171489135,-0.047892643976762905,-0.052243622947031214,0.21049335001474231,0.25106104917562494,-0.06328363442214059,-0.07129549203515846,-0.28997123253831014,-0.16032799687622024,-0.24743523336706802,-0.19791216760034744,0.11223294472025437,0.1301675844097889,0.1778849142155886,-0.050178103260046694,,-0.007694698340093554,0.08797424475452031,-0.06984994700730741,-0.0979336834304202,-0.08386870562360048,-0.2407191068539872,-0.10068930344492345,-0.13931579660368637,0.11577588473890142,0.01967662504283244,0.1395261736088422,0.1536118703631394,0.28915681852592656,0.07690395174079002,0.10524269059439473,0.05996222776498338,0.0795591645482871,0.17159591677358174,-0.00023747101339559643,0.019757907067551737,0.08972738646415224,-0.06517224617297133,0.1227757014559045,0.14665827283666297,-0.07649594785200296,-0.08645538652790284,0.07439217780044466,0.14617217445353775
#53,0.18245264525177507,0.0033532819609686905,0.2630063192789806,0.1533122425073114,0.6389866840918328,0.6192080580768036,-0.026263656575476736,0.1310234363171274,0.15412825028488553,0.1830248069551913,0.1685900756241583,1.0,0.5494887998151232,-0.20879758385197109,-0.1133485803536565,-0.2766505430754887,0.2995688865159496,0.32298926599144145,-0.33189522587637166,-0.048590713130234525,-0.04421104638653587,-0.0754010311660783,0.10177465753970467,0.21582130704683278,-0.015826088342404513,-0.046000844695551005,-0.041112766856059094,-0.15296480169576615,0.5882236690068452,0.2107260397325662,0.4767621066388289,0.2791495668943095,0.10934344842974285,0.1970292216847692,0.443293037636765,0.10674561116910646,0.22698722597199755,0.06599781654168892,0.06918215939245671,0.22510180175154795,0.14441265768314354,-0.1285706316888333,0.31131812350086463,-0.005629178653109038,-0.06892237566639307,0.36210026376813903,-0.17651746368207571,-0.08621791551450725,-0.11185362860489764,-0.05527496433950386,-0.1904166899090757,0.06033995011514953,-0.03321087904119086,0.1155272573691718,-0.025141645881312305,-0.10121524595781303,-0.1927260556702181,-0.2103961303381173,-0.2583652750440278,-0.1801783423248253,0.06379842057869614,-0.04787670632485716,0.05937572217485198,-0.3845133836431878,-0.30723808461299396,-0.22251193331686442,-0.03025285084748464,-0.15222210711695847,-0.12725577540660934,-0.18400019125182288,0.18425519368231477,0.0862402282271753,0.5057877582895712,0.2535983233590195,0.2664217580823817,-0.02948306226043717,-0.15928408067639394,-0.13043852449218657,0.09273960267433799,0.13960904939875207,0.5072843038035206,0.268813999633434,,0.6169433177409972,0.6137143494648933,0.30738311724533623,-0.0384591478137526,0.15861151176597152,-0.14297826901162652,0.34072787256253534,0.48207093848863247,0.09390783255902908,0.3499525854855804,-0.2101522842639594,0.0016734534501031963,0.1665420873542701,-0.20117619871064396,0.04293603423407629,-0.03428348301444748,0.00087657085481596,0.028115611726924273,0.4362342516077106,0.45645594434571957,0.18711918972977712,0.18829220091003993,-0.001689391102008941,0.05746001641578146,-0.12219875845691654,-0.17750719186542246,-0.16087147080620612,0.035897967152499426
#54,0.14384527727529903,0.23144020591446263,0.4164014375762019,0.23024647578672233,0.16849444971272381,0.5257735737793751,0.45926575237670236,-0.0670592641586115,0.13096924830064788,0.48548797105722413,0.3640430635354493,0.5494887998151232,1.0,0.2786204368510387,-0.1285435376805935,-0.2897608555331543,0.36439050434699455,0.42229199372056514,-0.37693343639681565,-0.23273115571882794,-0.13412809090836647,-0.04055176150897688,0.014919235948967638,0.3693088637251074,0.03723991744296313,0.12085362063607169,0.16388687454677303,0.2082859852257967,0.40835611089418195,-0.014237104447401764,0.41842711313342207,0.3030401071010208,0.280615830869638,0.2607591103602706,0.0683151511287842,0.10696555076540573,0.05708388783080589,-0.22515917729840862,0.13901138745228667,-0.08812883997800604,-0.171943357585127,-0.20754010311660784,-0.015222051335176788,-0.2851405302456789,0.02415191769796556,0.18243511383467872,0.099544980038091,0.2171935388759174,0.15793416155997736,0.18266620978731204,0.12229916566392274,0.38370853222194773,0.2249233000502036,0.34466287881806373,0.06183171433352724,0.11103602706213293,-0.2691343464367395,-0.37053925045223085,-0.09040314290495581,-0.004591637514045056,-0.13183785032951095,-0.10030361226880444,-0.11512403477595645,-0.22918502816979974,-0.03009666185880834,0.14476169225987937,-0.020424100917211866,0.07978707297053925,-0.25134952067511895,-0.17148913450581327,0.2050267354110719,0.27661388647610546,0.14760337559467362,0.23967519065416093,-0.0817075600251815,0.020943668369339145,-0.30768752639673597,-0.18636852632501655,0.3430404258540589,0.061686681701184964,0.46981647793830533,0.2417869295316721,,0.17401365856768322,0.10831387611663174,0.0035923467395548615,-0.14136059734319342,-0.0497286614763047,-0.26824821299078005,-0.1351002876746169,0.22281156117269243,-0.03599359306393389,0.06879806198152826,-0.21366494274398554,-0.10671214210010439,0.3082294065615313,-0.06878212432962251,0.2020718947477468,0.18876395540644997,0.09177378096884986,0.2679708978476201,0.4023778976643371,0.3957111778721641,0.2665524468280088,0.20560845970563157,0.19143988716142452,0.24207540103116607,-0.17895751818884523,-0.07470614954298783,-0.12289045254962587,-0.05601447138793041
#58,-0.0660982237486951,0.03578002852839691,-0.1134920192208082,-0.20732175728549912,-0.4535823857071138,-0.36691343464367393,0.5238865557937349,-0.24007363195180453,0.13882332315979887,0.24330100646271785,0.1538812166803465,-0.20879758385197109,0.2786204368510387,1.0,0.10183681438213708,-0.11981289196662656,-0.1302058347743627,-0.0828439146060611,0.03524452342436389,0.006840440197945637,0.14493222513527082,0.04920750025898684,0.06143167927069305,0.052885910318832725,0.10242969503303079,0.13745906015666712,0.11192216050809234,0.10082636725131286,-0.15346843149598768,-0.258712715855573,-0.27564168970985503,0.14961151973479747,-0.032814031508737816,0.13855557060778237,-0.3089370383061464,0.11170700220736479,-0.09386480089888356,-0.042773470184637695,0.0507773589717027,0.04503024169449115,-0.41356134800659816,-0.17367578034728143,-0.33657770800627945,-0.25419757907067553,0.05633481819123588,-0.12797296974236785,0.1047948425758433,0.09579006924909753,0.05890715520882309,0.08456518101188151,0.12358533417271633,0.09439552470734487,0.04593390655754687,-0.07027866984357195,0.08296663452573533,0.0650001195323893,0.119897361521727,0.02589868434683518,0.11502044003856912,0.17438659962227765,-0.207254819147495,-0.07883240762138514,0.23605893743674744,0.3859143032457028,0.009618372925116943,0.060754329064698895,0.532939142076198,0.6184892699758544,0.14749181203133344,0.25157424156698993,-0.0016495469722445791,0.222962968865797,-0.08768577325502634,-0.08674226426220624,-0.01297802994684793,0.06616834941708039,-0.004937484560399716,-0.00985265640813139,0.43448429742845984,0.04198136888492218,0.00790348158005881,-0.04916128106846018,,-0.34497525679541635,-0.3940680059606818,-0.32620867167640194,-0.20537258245742654,-0.2924351935229383,-0.2852186247400171,-0.34657858457713425,-0.19817354509160165,-0.17316896301667875,-0.32933563898030904,-0.18824279418913212,-0.07219915689821418,0.13385555706077823,0.22356381834264358,0.008225422148554854,0.0713114296870642,0.09333726462080341,0.18719090916335296,-0.29767549346954714,-0.29039358031381235,-0.054393612189116175,0.0825873184103786,0.08475483906955988,0.09499956171457259,-0.04032225932153416,0.18433328817665293,0.055270183043932136,0.07630947732470575
#101,-0.2880188701798564,-0.14023061782307614,-0.39174110878244306,-0.289177537473404,-0.36377849851381394,-0.4135183163464527,-0.07938703790770506,-0.0907218959430707,0.01279952824550359,0.012829809784124504,-0.18370853222194775,-0.1133485803536565,-0.1285435376805935,0.10183681438213708,1.0,0.23317581620699823,-0.07757492688602188,-0.27648957279124065,0.5598785550924782,0.25402863996047464,0.6823641912836982,0.0481986468933532,-0.007369570241216362,-0.3197443600634319,0.019799344962506675,-0.27137039899911547,-0.11017220632884157,-0.4724477842679438,-0.08798061981528262,-0.3346173768218728,-0.2994732606045151,-0.34345639856879884,-0.4460741578943174,-0.3307349648176334,-0.06146036704412339,-0.13393524532030696,0.13962339328546725,0.10695439440907172,-0.2783734032464997,-0.1755022352556798,-0.27436667755739547,-0.15601208074014455,-0.1376774059877758,0.05356485429001745,-0.15734765596984596,-0.31860163042178996,-0.2958378822048148,-0.4978954330658464,-0.22232546278956722,-0.20263768139040075,-0.202022488026839,-0.3961606196559061,-0.26271944154467725,-0.48091227119508484,0.17546079736072484,-0.399475651252301,0.3212903122982891,-0.004827514762250078,-0.12873957079903417,-0.240019443935325,-0.10299548167568472,-0.1460749547769127,0.20283530827403198,0.14270573516403828,-0.17690156109300417,-0.376138147566719,0.2561738479069879,0.19214433137565842,0.5827586481683653,0.43490983273434325,0.16811991489293882,0.04047366701463873,0.2541306409326714,-0.2879710572241392,0.17126600737913283,-0.15993433687414832,-0.002346022360525624,-0.16971368008351329,0.26505908884444057,-0.13292479818948275,-0.0015092956354740255,-0.47781877296017977,,-0.02497270677111141,-0.21179067487986994,-0.187801321231343,-0.21389603869661883,-0.3514682561818167,-0.1454517925873981,-0.33531544597534446,-0.3599614308823881,-0.3992557116560017,-0.1440970921754098,-0.22296775016136872,0.040245758592386584,-0.1317278805313613,0.019891783343559993,-0.4455259026687598,-0.49014017164851104,-0.33280685956538025,-0.4711568344635785,-0.39006924909753043,-0.36877973368183664,-0.4586696841954275,-0.1054259735913108,-0.4788324076213851,-0.4889002223302441,-0.010091721186717561,-0.11569460271418212,-0.04029357154810382,-0.03695782100423144
#102,-0.18017356102925355,0.027054164110001673,-0.21369522428260646,-0.09018160954346596,-0.2922821920646431,-0.19705472192781837,0.005814055415215676,-0.08446318003968475,-0.18481460526420643,-0.14991114759062546,0.024932862641347052,-0.2766505430754887,-0.2897608555331543,-0.11981289196662656,0.23317581620699823,1.0,-0.31991967423439505,-0.14265951597351162,0.2355505263409542,0.5322713544613472,0.1313979711369124,0.5347576281586434,-0.20119532389293085,-0.3652001370638064,-0.3189697901808127,0.06581612730996342,-0.30652885910318833,-0.1400074906963957,-0.11619185745364136,0.16038855995346205,-0.18451816493875958,-0.3625879559164548,-0.20687231550175714,-0.00495660974268661,-0.011832112774824885,0.042277809210369034,0.1628397708165656,0.420652009339464,-0.1429224872299564,0.05507096239511033,-0.07979504179649212,0.09319063822327056,0.007763230243288256,0.18289093067918302,-0.11784618572145766,0.11946863868546247,-0.13290407924200529,-0.2368494449712724,-0.33268254588051543,-0.24274478241120737,-0.16951605319988206,-0.3071185522237009,-0.31546191299635823,-0.4527345026257282,-0.2245423901696563,-0.13188885081560933,-0.06187474599367275,0.4282319565858362,-0.09961510570647626,-0.21951884228896557,-0.23701360278590156,-0.32061296209229495,0.12139709456605759,0.15081799998406234,-0.12523328737977032,-0.18729131637035915,0.07979504179649212,0.14537847938863166,0.3720342022009897,0.38693431296767045,-0.33588282638318895,-0.3692323629959598,-0.09899034975177107,-0.2141861039613034,-0.1257528548318976,-0.18259767788411732,-0.16351552725736918,-0.26231781271665244,-0.2579827713982899,0.11882475754847038,-0.1548789136896461,-0.150029086214728,,-0.12973248651276206,-0.16032480934583906,-0.32019539561236443,-0.30831228235144115,-0.15617464478958315,0.12505000438285427,-0.1300305206033995,-0.34034058762122577,-0.3047008104295994,-0.30170771940170055,-0.12556479053940983,-0.08719648734151997,-0.34086174883854364,0.21293021699113068,-0.29959119922861766,-0.21738160316840519,-0.18111547625688307,-0.27741236283658327,-0.19387834790300346,-0.15220457569986215,-0.21763819936408768,-0.12549466487102456,-0.2531855381746607,-0.2610412067990023,-0.27030417008662116,-0.21811951645164118,-0.1622962968865797,-0.03976922280040482
#201,0.5117787216409406,0.2664871024551953,0.703900740303931,0.531785256078222,0.18153941779757587,0.43579118488473095,0.3431424268262557,0.3439217780044466,0.06016622970937692,0.5683446357848099,0.38824120042394156,0.2995688865159496,0.36439050434699455,-0.1302058347743627,-0.07757492688602188,-0.31991967423439505,1.0,0.49844209452621346,-0.4936862991975392,-0.3756265489405446,0.09322091976189148,-0.10793296623608443,0.3198176732621983,0.31156515710540367,0.5413414721609066,-0.04011188231637833,0.5743674744399908,0.3380057216170342,0.1477484082270159,-0.15797878698531345,0.2260421232139869,0.32603016997505757,0.3392663898827786,-0.004373291682936353,-0.2362055638342803,-0.2964275753253273,-0.36597948824199733,-0.5529138012096678,0.04869590163281244,-0.33441815617305104,-0.11293260763891656,-0.2864490114671405,-0.3858393962817458,-0.4920415335208664,0.02831801990612723,-0.09086374104503184,0.3159703240921515,0.4066125317756935,0.2983496561451601,0.24688219684593868,0.5140801185761302,0.34409231087983805,0.5063949828271801,0.36232976595558175,0.23725107379929716,0.04475930161209349,-0.06611575516579142,-0.5483667891209588,-0.006697001330793934,-0.15679143191833547,-0.04891105993353999,-0.050708827068507996,-0.3690315485819474,-0.39851939213795634,0.09986532684139646,0.2280136107547275,-0.33743037238323675,-0.3757652065121246,-0.2695248189084302,-0.3372088390217469,0.43297340802779527,0.4809744280375172,0.2858768497637243,0.4067256891042243,-0.07736614364605662,0.056025627744264436,-0.33751962323390894,-0.10843818980149654,0.3465913346986588,-0.22758010662289124,0.173441496864267,0.08909147415311303,,0.058849779661962406,0.1723481739435329,-0.016449250531919132,-0.06064117173616811,0.12500537895751818,-0.330137302871168,0.06946266206599781,0.09037923642709719,0.08863884483898987,-0.03938831291985752,-0.19448397867542175,-0.1605861868370933,0.6545625512993171,-0.15937333152706612,0.5517503526205484,0.3528213628286145,0.42487070579891467,0.36281745810389754,0.3447664735554511,0.32584848074333206,0.3469387755102041,0.11457418578520827,0.3240762138514133,0.2877001171417415,-0.03886874546773024,-0.039083903768457794,-0.24609965813736662,-0.07301197714540716
