,#10,#11,#12,#13,#17,#18,#26,#49,#50,#51,#52,#53,#54,#58,#101,#102,#201,#202,#301,#302,#401,#402,#501,#502,#601,#602,#701,#702,#801,#802,#901,#902,#1001,#1002,#1101,#1102,#1201,#1202,#1301,#1302,#1401,#1402,#1501,#1502,#1601,#1602,#1701,#1702,#1801,#1802,#1901,#1902,#2001,#2002,#2101,#2102,#2201,#2202,#2301,#2302,#2401,#2402,#2501,#2502,#2601,#2602,#2701,#2702,#2801,#2802,#2901,#2902,#3001,#3002,#3101,#3102,#3201,#3202,#3301,#3302,#3401,#3402,#3455,#3501,#3502,#3601,#3602,#3701,#3702,#3801,#3802,#3901,#3902,#4001,#4002,#4101,#4102,#4201,#4202,#4301,#4302,#4401,#4402,#4501,#4502,#4601,#4602,#4701,#4702,#4801,#4802
#10,1.0,0.14234713799615903,0.31346333144737787,0.689874012861685,-0.028839181123445082,-0.09071233335192726,0.022642622062491534,0.5661627712389133,0.03462136123484927,0.49863015881870126,0.3120480679581477,0.06762026950569372,-0.08808421455266996,-0.18267577237845548,-0.23762720238427273,-0.19116257201826456,0.3460574233598164,0.020575508610316443,-0.14549482424754362,0.10374773884563587,0.010644757707846902,0.12370008526643769,0.1901298121747723,0.0004494417837420013,0.27630469602913404,-0.1249735036537067,0.16256086190821506,0.34592673461418927,0.07367657722987672,-0.06821633768696858,-0.03793958036162532,-0.06853827825546462,0.10996182932368574,0.0028353082740319867,0.04015013268095211,0.0472121062403876,-0.026137749125421352,-0.18253552104168494,-0.11735211851237957,-0.17396903314234713,-0.04166739714237901,-0.09517009458996406,-0.02605487333551148,-0.2618428706898613,0.08929388233231599,-0.06584800261377491,0.12919060634796675,0.27651029173871816,0.10723170955223167,0.16300392863119476,0.13579038800213564,0.15930001832829968,0.16046824821299077,-0.0227446230346883,-0.11052442843595853,-0.11819043900262174,-0.03221636956227239,-0.07453721043278694,-0.06931284813808382,-0.19114663436635881,0.259386878531186,0.33667652144809507,-0.022025834933739212,0.13369139924614906,0.11509056570695439,0.17804429073464606,-0.0335455697312115,-0.09713042577437066,0.1767501533998996,-0.014200447848018551,-0.0022838655180932193,-0.009060555108415877,-0.0413311126871678,0.30802062332156604,0.06164524380623003,0.2996932002008144,0.16259911227278884,0.22761676322227445,0.04956450366167552,0.030888763158523853,-0.09373570591844703,-0.04874530835372025,-0.11777606005307238,-0.06866418570552,-0.044147295778912896,0.2548478352684299,0.30008526643769573,0.11090374455131526,-0.09084461586274495,0.08423367785224203,-0.07317932249041749,0.20980643721760472,0.17725218943493054,0.07773270963988875,0.23703432173337902,0.30141287284144425,0.0030329351576632215,0.22753866872793632,0.2106383826470846,0.27659794882419975,0.2415494585182765,-0.08504012303867271,-0.1956538023253034,0.04813808381611137,0.2789774402537274,0.011239232123931181,0.23168405198862052,0.31344580003028155,0.1595916773581748,0.02382041453832607,-0.060239542908143345
#11,0.14234713799615903,1.0,0.08245503589956092,-0.07549187578194105,-0.04638653587167003,0.07722589230928607,0.54495772537832,0.4160635593558001,0.5254978524014057,0.3564615225238866,0.48643466758042536,-0.02332634732924798,0.07958466479133629,0.3035612683183387,-0.1380726597550383,0.13984652041214768,0.08860696953517838,0.05003307062770442,-0.1929938082222346,0.00642127995282455,0.002357178716859645,0.0982396863470105,0.07572456549976492,-0.14964020750822782,-0.11505550287276176,-0.08618444644550519,0.060677828335551326,0.001160261058738216,0.12920813776506307,0.026845380870036416,0.23647172262110625,-0.30002789089083504,0.02215333614898517,-0.23018910023986167,-0.21669150284088645,-0.10009004773326746,-0.17393237654296392,-0.2336953836591255,-0.35192247926113046,-0.10190694005052235,-0.06494752528110033,-0.10751221222577277,-0.15372980898724192,-0.18053056443194224,-0.13881057303827427,0.022175648861653213,-0.189149646582569,-0.15449641004390824,0.05028807305819634,0.15071121771629387,-0.07082055000836726,0.25925937731594006,0.08875837722828296,0.14536572926710709,-0.08210918885320626,-0.0924766314178932,-0.0346627991298042,-0.205906493796269,-0.14156141175720582,-0.06096470606985473,-0.005308831849803569,0.0073823203627409574,-0.05925778355074947,0.02199395962992772,0.2163329056730072,0.17113531863350573,0.039573189681964153,0.21914111993879942,-0.017700356206520093,-0.12614970236435066,0.13594179569524023,0.21395660177386067,-0.18064690929085417,-0.06323741523161393,-0.25432029899034975,-0.15326442955159417,-0.20421072763349776,-0.2179426085154874,0.19096972643020504,0.09782371363227056,0.12913004327072491,-0.09331017061256365,0.02419813688849222,-0.12106081011084636,-0.28772402361960014,-0.10579094581995235,-0.055733968714389306,0.03782164173752281,-0.07953685183561905,-0.04720732494481588,-0.23685900756241582,-0.30190375252014123,-0.25940281618309174,-0.03861693056761947,-0.053529791455824816,0.39570799034178294,-0.021520611368327103,0.050508012654495615,-0.02215014861860402,0.014979799026209469,0.07913681677278486,0.1725218943493055,-0.14567332594888796,-0.11126871677995681,-0.24266350038648807,-0.07852799846998541,-0.06393707815027612,-0.03963534652439656,-0.14000589693120513,0.029591438293396236,0.04860665078214027
#12,0.31346333144737787,0.08245503589956092,1.0,0.4229167496752703,-0.09522747013682474,0.01207595884898278,0.10121046466224132,0.14370024464295675,-0.2052642064244675,0.5265927690873303,0.21931484034457202,-0.0904477683302919,-0.03129676704731092,-0.1459012343711401,-0.4688713751802947,-0.21267362079544821,0.6608403923849899,0.6910263050944704,-0.20296121572408737,-0.029916566392273428,-0.22847102136442238,-0.1564280534548845,0.09535019005649897,-0.27823315190972914,0.2837284542868299,0.2595876929451984,0.40374694196304056,0.4431990054905211,0.13216775972395986,0.03482695694443338,0.017019818470144794,-0.03357266373945127,0.37098869223597286,0.28541306409326717,-0.11298201435982437,-0.10155790547378654,-0.29315398162388734,-0.14234713799615903,-0.11994039318187251,-0.12113571707480338,-0.0014057008980866848,-0.06408529831299954,-0.29232362995959804,-0.2610619257464798,-0.13743993497438023,-0.23223071344898755,-0.04696826016622971,0.06387492130784371,0.09554303564455849,0.24361816573564216,0.2452390249344564,0.5011993083059073,0.6125254006327248,0.520968371729793,0.22324187777414753,0.14181003912693543,0.08026998382328332,-0.33596888970348,0.08744033341567786,-0.22643578321605878,0.14200288471499495,0.10277076078381372,-0.15440237789766434,-0.1785845771342508,0.5323892930854497,0.49101993003370814,-0.24309859828351488,-0.3554415128019189,0.045914781375259985,0.18475722971734573,0.5266931762943365,0.5468335870076262,-0.0890548175537298,0.17006749595582082,-0.13210560288152745,0.20573277339049637,-0.04882818414363012,0.18423606850002788,-0.1725983950784531,-0.07605128736383268,-0.06836933914526373,-0.11540772497987871,0.05389954498003809,0.045156149144546534,-0.18155854297986276,0.1480241296049853,0.10147662344906724,0.06883790611129262,-0.03363960187745539,-0.10697670712173975,-0.12709799265274246,0.012230554072468503,0.13891098024528045,-0.0615846807289882,-0.04322769326395142,0.5566942122417105,0.4463976922280041,0.577849851381396,0.6666911043995888,0.43821689550478526,0.6094239335718669,0.21112288726501924,0.18371968857828175,0.42014359824367076,0.5070452390249345,0.47860131166875186,0.3993306186199587,0.052978348699886046,-0.043884324522468106,-0.04546055829594626,-0.16886260947174653
#13,0.689874012861685,-0.07549187578194105,0.4229167496752703,1.0,0.021691144243718572,-0.09265991441480927,-0.08384001785017013,0.3901106869924854,-0.20075385093514173,0.5882794507885153,0.1152212544525815,-2.550024304919156e-05,-0.027511574719696546,-0.37493644861302583,-0.032060180573596095,-0.1144036529098168,0.5326156077425113,0.14007761636478097,-0.03785829833690602,0.09319063822327056,0.07830009004773326,0.10280422985281579,0.18443847667923086,0.0509207978388544,0.3222529464733961,0.05596984596259433,0.010182565802580305,0.2683502139629768,0.08107483524452343,0.04346516427734702,0.019743563180836567,0.07969144705910478,0.2346707679557571,0.2172317892404912,-0.004719138729291013,0.11505390910757118,0.07495955820828917,0.018082859852257965,-0.03389779183832846,-0.039469594944576816,-0.005595709584106974,0.07593494250492075,-0.055325964825602245,-0.055735562479579885,-0.038736462956912555,-0.15653164819227183,0.15132322354947444,0.3273928392129988,-0.015454741053000662,-0.013309533106487421,0.15776681621496705,0.1684530118177689,0.1486233853166413,0.0919395325486696,0.033945604794045695,0.05658663309134665,-0.15126584800261378,-0.126552924957566,-0.22399094741371753,-0.33311445624716113,0.10432149431424269,0.17907545681294776,-0.007485915100128298,0.07955597701790595,0.03682872602379492,0.12580066778761484,-0.09629369904931906,-0.19856879885886414,0.16103403485564471,0.01663412729402577,-0.01786770155153041,-0.09605144674035175,0.01664050235478807,0.11852194216226124,0.007579947246372192,0.06115277036234252,0.09096733578241918,0.13750687311238435,-0.04438317302711792,-0.02955796922439417,-0.03948553259648256,-0.044236546629585066,-0.05292416068340652,-0.23188008510706118,-0.07195212329367515,0.12060021197077035,0.11396058618683709,0.041464988963176054,0.035803935006255526,-0.04030154037405669,-0.06605837961893074,0.0798221358047319,0.043264349863334634,-0.09720852026870881,-0.015163082023125532,0.19722684856840042,0.17216329718142626,0.2485429001745173,0.384666385101483,0.1998677174891823,0.25806564718819974,-0.10299866920606587,0.05905856290192766,0.22588434046012001,0.36760194120600215,0.20372462925037255,0.3733458709528325,0.1435663683669485,0.10667707926591176,-0.1043454007921013,-0.16764975416171934
#17,-0.028839181123445082,-0.04638653587167003,-0.09522747013682474,0.021691144243718572,1.0,0.3176358087163018,-0.16550135868482496,0.379508960944784,0.3437416825379117,-0.027213540629059122,0.1850967017029381,0.7581015069049877,0.5602722150945502,0.15412187522412324,0.13800094032146243,-0.06513240204320697,0.08780371187912885,0.12599988843643667,-0.17823873008789615,-0.19680768832327933,-0.3873311605001235,-0.28509909235072395,0.10720461554399191,0.18794635386368527,-0.12532572576082365,0.022040178820454382,-0.197089784762011,-0.20350309588888268,0.26830558853764075,0.4335933826869287,0.2023651475428125,0.3540660934424531,0.15243885918287658,0.3034544860505702,0.2295197188598204,0.403636972164891,0.43731323064172956,0.3052889097849214,0.1702125285881631,0.047365107698682754,0.26099180007809447,0.4061136832710437,0.5052936910804932,0.29373411215325645,0.3765493389858872,0.030233725665197747,0.12698483532421168,0.09924375841707242,-0.02634653236538661,-0.09768824359107173,0.029652001370638063,-0.2513686458574058,-0.0658049709536294,-0.28662273187291315,-0.21197873917235774,-0.12490656551570258,-0.48923810055064587,-0.2119675828160237,-0.0469188534453219,-0.04269537569029955,-0.3939118169720055,-0.33967917506713735,0.37709600044625424,0.09874172238204146,-0.17983727657404236,-0.33984811417733823,0.34617058068834716,0.09320338834479516,0.2512379571117787,0.15789591119540358,-0.028459865008088357,-0.08333160675437688,-0.04299500354612755,0.14991433512100663,-0.2532094446525193,-0.20325446851915308,-0.4463976922280041,-0.3231757365187387,0.19117372837459856,0.19588330451274613,0.44084182677366146,0.6758074412896747,0.24441026703535768,0.2655053430978014,0.6059080875614595,-0.10222728685382783,-0.22206089776793186,0.33860657109388076,0.4661603805911275,0.6480185514268183,0.618737897345584,0.2964275753253273,0.42824151917697967,-0.2530054427081258,-0.17421766051207677,-0.12390886850640295,-0.05220537258245743,0.16869207659635507,-0.006112089505853103,0.1286120695837882,0.009196025149614708,0.3525042035556901,0.3639330937372997,0.12415271458056085,-0.11933316864426365,0.11541888133621274,-0.030665636031843427,-0.3148961263537043,-0.21411438452772752,-0.4522946234331296,-0.2096263417510698
#18,-0.09071233335192726,0.07722589230928607,0.01207595884898278,-0.09265991441480927,0.3176358087163018,1.0,-0.02638956402553212,0.009661404585262453,0.08809537090900398,0.15880435735403103,0.13347464718023094,0.3171305851508897,0.4727171305851509,0.1488353560869877,0.31198431735052473,0.09498362406266685,0.14911426499533822,0.1608220640852983,-0.15960123994931827,-0.21937062212624214,0.09937444716269953,-0.1175688705782977,0.19348468790093157,-0.21066069535975265,-0.027396823625975186,-0.17259361378288138,-0.0010375411390639818,-0.18055606467499144,0.4202950059367753,0.3296081728278973,0.35955980205436333,0.007197443600634319,0.13005602084644868,0.07295460159854648,0.11714492903760489,-0.027760202089426166,0.13385077576520651,-0.014219573030305445,-0.015300145829514937,-0.18870976738997045,0.2874196144682004,0.06300950680936178,0.12164890946616835,-0.05391548263194384,0.09775996302464758,0.11951485787598913,-0.14707902684697463,-0.0980834973583342,0.13798181513917554,0.14766393867191546,-0.021883989831778083,0.013891257401047104,0.06166755651889807,-0.037608077201985834,0.15752775143638087,-0.09414849110280582,-0.06851755930798716,-0.1977703224983863,-0.28646973041461804,-0.06220306162293109,-0.40819354684474335,-0.3436476503916678,0.1282327534684315,-0.03523336706802987,-0.22880889958482417,-0.17017427822358933,0.19271011801831237,0.07921969256269473,0.04009435089928201,-0.001804142195730303,-0.02498226936225486,0.04105698507438899,-0.017416666002597836,0.15735403103060827,-0.14916367171624603,-0.08893209763405557,-0.37809050992517274,-0.17695734287467427,0.3923977400409598,-0.03366191459012344,0.3767421845739467,0.4751141534317749,0.44592275020121286,0.3036154563348182,0.13415199738622507,-0.19338587445911593,-0.2010853540947812,0.5002542055478967,0.4414299261289834,0.44182517989624587,0.17492529225669182,0.021318203189124148,0.04976053678011619,-0.3222146961088223,-0.2825124114464216,0.13025046019969877,-0.0470877925555228,0.10630732574169847,-0.11770912191506826,0.08346867056076628,0.006489811856019253,0.5524532030695918,0.4295133437990581,0.022599590402346024,-0.3296065790627067,-0.06529018479707385,-0.0720796245089211,-0.37847460733610117,-0.22464279737666248,-0.431843428507678,-0.3360740782060579
#26,0.022642622062491534,0.54495772537832,0.10121046466224132,-0.08384001785017013,-0.16550135868482496,-0.02638956402553212,1.0,0.16069615663524292,0.2572592020017691,0.3464208018232674,0.212936592051893,-0.2577468941500849,0.1821817051693774,0.42813154937883,-0.19232442684219334,0.017861326490768114,0.13391771390321064,0.019400903664863054,-0.27622978906517703,0.05766720589055614,-0.043189442899377636,0.045422307931372474,-0.04871662058028991,-0.17311796253058037,-0.08415239582752274,-0.07742033166253616,0.16259751850759827,0.14596817250914423,0.14885607503446519,-0.0769932025914622,0.22723107204615545,-0.2366358804357354,0.05883862330562838,-0.07987951135159257,-0.22033006877096797,-0.09274279020471914,-0.13301883033572665,-0.06845380870036417,-0.2466941325534509,-0.02525002191427137,0.034986333463490824,-0.05173202432085681,-0.1630134912223382,-0.04215190176031365,-0.08768736702021691,-0.0024910549928679007,-0.15007530540525466,-0.0635258867311079,0.08866434508203906,0.21528102064722804,0.03876036943477117,0.3026289156818526,0.19369187737570623,0.15148578759891304,-0.013146969057048825,-0.056051127987313626,0.125579134426125,-0.04442461092207285,0.1416936942680235,0.13067599550558215,-0.00933946401676641,0.02868139836957821,-0.10183681438213708,0.3057001012040896,0.18468072898819818,0.2566328522818733,0.18646096470606985,0.4329160324809346,-0.01928774633633227,0.0036672537035118617,0.09348389101833626,0.08498752878738375,-0.1380344093904645,-0.03135095506379045,-0.23556965152324108,-0.0985329391420762,-0.20163998438110114,-0.16070093793081466,0.05676513479269099,0.13172469300098016,-0.14021149264078922,-0.1654551394942983,0.1360374216066747,-0.21767326219828032,-0.29577731912757294,-0.1141853070787081,-0.09092908541784539,-0.06838687056236005,-0.18465841627553012,-0.07409892500537896,-0.13252316936145797,-0.19961749635426213,-0.1584505414817235,0.0022201149104702405,0.042658719090916335,0.32186566153208646,-0.0637697328052658,0.0717178398106607,0.05988891456621696,0.032406027619950754,0.2251607710635992,0.1877439456844823,-0.07609113149359704,-0.18690721895943072,-0.07875909442261872,-0.16299914733562304,0.10967813911976348,-0.05495302377100782,-0.2361673134697065,0.10446971447696611,0.2027795264923619
#49,0.5661627712389133,0.4160635593558001,0.14370024464295675,0.3901106869924854,0.379508960944784,0.009661404585262453,0.16069615663524292,1.0,0.5101100494864091,0.39398353640558137,0.5228952338451975,0.39580839754878916,0.2661779120082238,0.15617464478958315,-0.23660241136673335,-0.27804030632166965,0.2810206472280439,0.07041413988477077,-0.22670353576807528,-0.09969001267043326,-0.27091458215461117,-0.18827785702332475,0.04048322960578218,-0.032603654503581984,-0.015609336276486386,-0.13283714110400116,0.05264206424467483,0.1423487317613496,0.18963893249607536,0.2518834320139614,0.12746296488138403,0.10234681924312092,0.14775478328777822,0.12715058690403144,0.11306329638454367,0.31226322625887526,0.17037668640279227,0.004073663827108352,-0.1501836814382137,-0.14669014814047446,0.06242778251480209,0.15941317565683047,0.14646542724860345,-0.09262963287618835,0.12087752711393031,-0.14692124409310775,0.23657850488887472,0.23195180454063702,0.10545784889512227,0.03161392632023524,0.16821075950880157,0.06927300400831946,0.1525249225031676,-0.03461817370446812,-0.2400959446644726,-0.27639075934942503,-0.31109021507861245,-0.35865773095649817,-0.11922479261130457,-0.19985496736765773,-0.020773135493947676,0.02046394504697623,0.18701081369681805,0.06136792866307007,0.1420427288447593,0.003751723258612309,0.15071759277705615,0.05574671883591391,0.10389914653874045,-0.06040210695758194,0.14004095976539777,0.03901855939564424,0.011419327590466096,0.21177154969758305,-0.1351194128569038,0.049255313214704076,-0.16765772298767223,-0.12488425280303453,0.0714739937365028,0.1198160794970077,0.21215405334332094,0.1726350516778363,-0.10715042752751237,-0.017152100980962474,0.15296002040019444,0.09167974882260596,-0.007399851779837276,0.06346691741905665,0.08139836957821005,0.30081202336459767,0.1384647259919196,0.04996772625489087,0.19155463825514588,-0.15583836033437193,0.07545840671293898,0.1956920526898772,-0.08802843277099985,0.21872674098925005,0.11384105379754401,0.30530962873239886,0.2692140346962682,0.08488234028480585,-0.06416179904214712,0.03790292376224211,0.149665707751277,0.1432412402680713,0.22006072245376088,0.00982396863470105,-0.10452230872825506,-0.1443154380065185,-0.054215110487771834
#50,0.03462136123484927,0.5254978524014057,-0.2052642064244675,-0.20075385093514173,0.3437416825379117,0.08809537090900398,0.2572592020017691,0.5101100494864091,1.0,0.18194582792117237,0.5035182366581932,0.3957175529329264,0.424139167576441,0.4486385260859518,0.05792380208623864,-0.09204153352086637,-0.05236634286670545,-0.06523599678059432,-0.19997131222656966,-0.12312154850225916,-0.23368103977241034,-0.1075982755460638,0.1534668377307971,0.22265218465363498,-0.20325606228434365,-0.04040832264182518,-0.14737865470280265,-0.1491668592466272,0.24445011116512205,0.38212911091808843,0.24201643171911483,0.08328538756385022,0.014229135621448893,0.11860481795217111,0.13495844257265577,0.3099777669755915,0.2948210600132283,0.10506897018862212,0.01917458900780148,0.05249543784714198,0.20452788690642207,0.06729673517200711,0.3819633593382687,0.0009562591143446836,0.3306935269226785,0.07446230346882994,0.015056299755357043,-0.05248746902118911,-0.09403852130465619,-0.11826534596657874,0.07990979289021348,-0.12185928647132419,-0.0942998987959104,-0.2348142068229088,-0.299642199714716,-0.24310337957908662,-0.3350397245973751,-0.20595271298679566,0.02561340037772235,-0.04706547984285475,-0.2597869135940202,-0.16022121460845173,0.35168500824773485,0.22720079050753453,-0.0902852042808533,-0.2508889225350429,0.4142992612898342,0.33360374216066746,0.1530428961901043,0.06042123213986883,-0.05632684936528301,-0.042309684514180525,-0.2555841547864753,0.005849118249408315,-0.32031811553203865,-0.17882682944321812,-0.35724724876283975,-0.39021906302544446,0.25414020352381483,0.2581867733426834,0.3621576393149997,0.2520268708811131,-0.09243359975774769,-0.02569627616763222,0.2144108248531744,-0.1323143861214927,-0.13604220290224642,0.23416554439034498,0.031365298950505625,0.34690371267601144,0.21399644590362502,0.06490449362095482,0.1879814166978779,-0.14412418618364956,-0.026078779813370097,-0.03608443767979663,-0.2624198136888492,0.0831244172796022,-0.17181426260469046,0.07454517925873981,-0.03213190000717194,0.17676449728661475,-0.03671238116488298,0.010058252117715497,-0.1731354939476767,-0.019464654272486035,-0.16229310935619856,-0.2031221860083354,-0.25888962379172675,-0.23159958243352008,-0.14029755596108026
#51,0.49863015881870126,0.3564615225238866,0.5265927690873303,0.5882794507885153,-0.027213540629059122,0.15880435735403103,0.3464208018232674,0.39398353640558137,0.18194582792117237,1.0,0.4386790874100519,0.007952888300966618,0.16471563244587176,-0.04604228259050594,-0.07772792834431703,-0.049601160261058735,0.6585103076763701,0.3245798436516348,-0.32312154850225916,-0.0004095976539776395,-0.01751388567922288,-0.04345719545139415,0.18825076301508498,-0.1558287977432285,0.24179967965319668,0.021287921650503232,0.2927141024312888,0.3298807066754855,0.13386830718230283,0.1107953685183562,0.21406816533720088,0.07728964291690905,0.44870068292838416,0.21570336842273027,-0.08238331646598507,0.010842384591478137,-0.04130879997449976,-0.1408872490815928,-0.1761875542876268,-0.1743387866665604,0.09527528309254198,-0.15309549044139326,-0.08168524731251345,-0.26625122520699024,-0.09918000780944944,-0.17055678186932718,0.05789670807799887,0.21127748248850498,0.20406569500115548,0.2817410290941836,0.378696140697591,0.3540358119038322,0.46857174732446666,0.20685478408466082,0.16446859884133272,-0.026751348723792524,-0.036672537035118614,-0.32488903409860626,-0.10465618500426332,-0.3558766106989457,-0.0894293523735148,0.002873558638605774,-0.030729386639466408,0.1358557323749492,0.2558471260429201,0.2949692801759517,-0.033269848353242114,-0.022494401899768108,0.06746408051701742,0.018734709815202925,0.1466503040107101,0.17399453338539633,-0.22752591860641172,0.13827347416905067,-0.23677453800731538,0.054073265385810705,-0.2325781542605328,-0.052745658982062175,0.00965343575930958,-0.07502171505072158,0.03935962514642718,-0.024002103770051558,-0.018937117994405884,-0.13572504362932208,-0.2582696491325933,-0.059359784522946234,-0.06772067671269992,0.15635474025611806,0.03532421168389261,0.020315724884252803,-0.13494728621632174,-0.02640868920781901,-0.03199324243559196,-0.21493517360087339,-0.13838185020200974,0.46857334108965726,0.020588258731841037,0.5071121771629385,0.4050952673142666,0.38380097060300106,0.4625409398433329,0.2339264796117588,0.1635139334921786,0.3674345958609918,0.19290615113675302,0.2469618851054674,0.3501406497780682,-0.0971973639123748,-0.15561523320769152,-0.24037007227725138,-0.3296113603582784
#52,0.3120480679581477,0.48643466758042536,0.21931484034457202,0.1152212544525815,0.1850967017029381,0.13347464718023094,0.212936592051893,0.5228952338451975,0.5035182366581932,0.4386790874100519,1.0,0.3147447186605997,0.26394823450661015,0.12368414761453195,-0.2390089968045008,-0.10887010016814223,0.25831108702754824,0.02588752799050116,-0.22398775988333638,0.06634366358804357,-0.07187084126895585,0.04705910478209246,0.2464885368438668,0.07962132139071951,0.016509813609160963,0.03313915960761501,0.07163815155113197,0.151602132457825,0.1847906987863478,0.2525416570376686,0.1396568623544693,0.1375722174851979,0.01876817888420499,0.09134027683701361,0.1663046163408745,0.14815163082023125,0.09288304154148969,0.02851724055494904,-0.11699352134450032,0.036583286184446444,0.23086645044585583,0.12039461626118624,0.24677063328259846,-0.012488744033341569,0.04424610922072851,0.20602761995075267,-0.08041661022081617,-0.036358565292575445,0.008902772354549005,0.21191339479954419,0.22919777829132434,0.1740200336284455,0.15124194152475515,0.11475587501693375,-0.04291372152140825,-0.011441640303134139,-0.18768338260724046,-0.13046402473523575,-0.13630676792388177,-0.1300496457856864,-0.1707368773358621,-0.06381435823060189,0.08791527544246906,-0.1214831578863486,0.020546820836886102,-0.036471722621106234,0.10453027755420793,-0.025793495844257264,0.1628955525982357,-0.03588999832654655,0.07540581246165003,0.17884914215588618,-0.2870753611870363,0.042574249535815886,-0.3270453984014535,-0.07434755237510858,-0.33853644542549544,-0.15888404561355976,0.17057590705161407,0.19391500450238666,0.32587557475157186,0.1873566607431727,-0.16798603861693057,0.047832080899521075,0.08525050004382854,-0.17211867175609016,-0.12557594689574386,0.29822215492991416,0.07100223924009276,0.20915936855023148,0.08881894030552479,-0.1176692777853039,0.11452637282949103,-0.22005594115818916,-0.08709289260413264,0.2650511200184877,0.03780092279004534,0.12417980858880061,-0.05440158101506905,0.2637474200925978,0.15437050259385285,0.1055072556160301,-0.09730573994533386,0.06270350389277148,-0.16152013323876993,-0.09964538724509718,-0.15283570671532962,-0.16176397931292782,-0.025514586935906733,-0.16187394911107747,-0.19359147016870004
#53,0.06762026950569372,-0.02332634732924798,-0.0904477683302919,-2.550024304919156e-05,0.7581015069049877,0.3171305851508897,-0.2577468941500849,0.39580839754878916,0.3957175529329264,0.007952888300966618,0.3147447186605997,1.0,0.6062619034337671,0.2568001976268836,0.2153527400808039,-0.11990054905210815,0.12340842623656256,0.0324904971750512,-0.22615846807289883,-0.22816661221302265,-0.25068651435583994,-0.2967272031811553,0.1371355258229805,0.08715983074213676,-0.17526157671190304,-0.23115173441496864,-0.15582720397803793,-0.21528102064722804,0.3384854449393971,0.4654097171863669,0.1761301787407661,0.2865892628039111,0.08377786100773774,0.07610069408474049,0.36565276637792954,0.3512068786905625,0.4235765684641682,0.1078851532803672,0.030334132872203937,-0.14689574385005857,0.33384918200001595,0.24478639562033325,0.5738495007530541,0.09850106383826471,0.21427535481197554,-0.008179202958028193,0.1527751436380878,0.12418299611918177,0.07809608810333973,-0.018360174995417925,0.1655619217620668,-0.22877224298544097,-0.044344922662544126,-0.38058634621361237,-0.2870259544661285,-0.31975711018495645,-0.511840878483373,-0.3057016949692802,-0.2361290631051327,-0.22047669516850082,-0.4536620739666425,-0.41533839619408874,0.5196232339089482,0.023873008789615027,-0.28921419407278726,-0.3345584075098216,0.44791017539385924,0.17087712867263266,0.29035532994923857,0.1773430340507933,0.04348747699001506,0.019032743905840352,0.04244515455537936,0.22287212424993424,-0.11123206018057359,-0.15531879288224465,-0.43502139629768344,-0.3810118815194957,0.2657667205890556,0.10255082118751445,0.6033947198559236,0.6536572926710708,0.05299428635179179,0.3221206639625784,0.5992955557857661,-0.09799105897728087,-0.2933213269688977,0.3999378431575676,0.3829897441209987,0.7461992684617775,0.3592553929029636,0.2081473276542167,0.29698379937683783,-0.3684657619392935,-0.2030520603399501,-0.13031580457251232,-0.23319972268485684,0.17145407167162063,-0.08958394759700053,0.3025906653172788,-0.00961040409916407,0.22799767310282176,0.11953876435384775,0.1287507271553682,-0.1626086748639323,0.04961869167815506,-0.11855700499645387,-0.38084294240929484,-0.22386025866809042,-0.5132545482074126,-0.3098885161249193
#54,-0.08808421455266996,0.07958466479133629,-0.03129676704731092,-0.027511574719696546,0.5602722150945502,0.4727171305851509,0.1821817051693774,0.2661779120082238,0.424139167576441,0.16471563244587176,0.26394823450661015,0.6062619034337671,1.0,0.5240204320697431,0.2516523360613281,-0.10232928782602459,0.1686570137621624,0.19427041413988477,-0.26573962658081585,-0.30198503454486053,-0.22179792651148705,-0.26881081210305285,0.2927029460749548,0.05223406035588777,-0.009269338348381133,-0.02665731657754863,-0.11563085210655914,-0.18258492776259275,0.6700443863605575,0.5951151096908892,0.40713369299301133,0.17218401612890372,0.19490632645092398,0.20070285044904335,0.17468144618253392,0.25836686880921833,0.30007092255098056,0.12306576672058905,-0.01153089115380631,0.02005434739299859,0.40971240507136086,0.24225230896731983,0.4055016774378631,0.02354309939516611,0.30030679979918556,0.04535058849779662,-0.025704244993585094,-0.005949525456414507,-0.010700539489517009,-0.07932647483046323,0.13845356963558558,-0.11583644781614325,0.05153439743722557,-0.24157974005689742,-0.2885193124496968,-0.27437464638334835,-0.4261106551171816,-0.38801488576688,-0.1319478201276606,-0.1274342771079537,-0.45927053367227405,-0.319361856417694,0.40684044019794563,0.21893711799440588,-0.2236435066021723,-0.3021587549506331,0.5384599446963478,0.3813832288088996,0.2279323287300082,0.1476798763238212,0.06762505080126545,0.03148961263537043,0.00776801153885998,0.14665189777590068,-0.399303524611719,-0.32710436771350476,-0.5325024504139805,-0.3577700037453482,0.4161161536070891,0.2635450119133948,0.5556534835722653,0.4911840878483373,0.44735235757715813,0.08760608499549762,0.326242140745404,-0.09270453984014534,-0.23452732908860538,0.3944983225621369,0.3360358278414841,0.5936042202902246,0.30798715425256395,0.17969383770689065,0.19121357250436294,-0.33579516929770736,-0.23402848058395556,0.1161950449840225,-0.08649204312728606,0.25305006813346187,0.03247296575795488,0.23673150634716988,0.10914741531130219,0.4234363171273976,0.28307182302831324,0.0282638318896477,-0.10328873447075042,0.04255353058833842,0.046318003968475324,-0.4198535329789862,-0.37499860545545827,-0.4421885583596969,-0.31247679079441226
#58,-0.18267577237845548,0.3035612683183387,-0.1459012343711401,-0.37493644861302583,0.15412187522412324,0.1488353560869877,0.42813154937883,0.15617464478958315,0.4486385260859518,-0.04604228259050594,0.12368414761453195,0.2568001976268836,0.5240204320697431,1.0,0.07175290264485333,-0.06684091832750282,-0.19919036728318817,-0.019426403907912247,-0.25607344069998167,-0.20202567555722015,-0.2313923929587454,-0.19605702491851876,-0.018699646981010287,-0.10474065455936377,-0.3328753914685749,-0.23452892285379595,-0.04886165321263218,-0.19466407414195666,0.39531592410490163,0.32566201021603486,0.1826056467100702,0.06266844105857884,-0.008172827897265896,-0.06604722326259672,0.12075640095944665,0.14791256604164507,0.03514889751292942,-0.0514515216473157,-0.22932687327176088,-0.20253089912263225,0.10778633983855158,0.0341448254428675,0.15513710365051916,-0.06585278390934664,0.07994963701997784,-0.12943445242212465,-0.06509096414825204,-0.12745499605543115,0.08330929404170884,-0.07309485293531703,0.0002550024304919156,-0.07982851086549418,0.002430491915626071,-0.21109898078716063,-0.44001625640494385,-0.3818517957749285,-0.08121030528572225,-0.21627393636095593,0.04824327231868929,0.010875853660480201,-0.1728039907880372,-0.13265067057670393,0.3445959406800596,0.39172357736534674,-0.014750296838766745,-0.1376407493883926,0.5129708580034903,0.6325622166086271,0.06136474113268892,0.24059001187355067,0.15036537066993919,0.1925698666815418,0.04306353544932225,0.21918415159894492,-0.07128274191363386,0.04826877256173848,-0.22841683334794285,-0.19891783343559993,0.3045573715624477,0.27818374518882133,0.2811768362167202,0.14995417925077098,0.21458135772856585,0.09734399030990765,0.235824653953733,-0.017066037660671454,-0.10021595518332284,0.008617488385436174,0.04026488377467348,0.4059080875614596,0.07417542573452653,0.06434826956944434,0.0650431511925348,-0.11349361298599878,0.006188590235000678,0.009905250659420347,-0.22753069990198344,0.013457753269210847,-0.17813354158531824,0.14747268684904652,0.06086908015842026,0.15348915044346517,-0.0459323127923563,-0.2642685813099156,-0.16820279068284869,-0.1407310600929165,-0.0550040242571062,-0.12651148706261106,-0.1494967686410761,-0.08772242985440955,0.05575628142705735
#101,-0.23762720238427273,-0.1380726597550383,-0.4688713751802947,-0.032060180573596095,0.13800094032146243,0.31198431735052473,-0.19232442684219334,-0.23660241136673335,0.05792380208623864,-0.07772792834431703,-0.2390089968045008,0.2153527400808039,0.2516523360613281,0.07175290264485333,1.0,0.3513566926184765,-0.14945692451131176,-0.3130234522547793,0.27408139358828265,0.0444405485739786,0.3755197666727761,0.06420323693710206,0.03462454876523042,0.058985249703161234,-0.2102702228880619,-0.21915865135589574,-0.38924049119843174,-0.5593334873973017,0.14265792220832105,0.18516045231056108,0.09116177513566927,0.14025293053574417,-0.15808397548789138,-0.10421789957685534,0.16308839818629522,0.13257257608236578,0.3430659260971081,0.2115388599797592,0.07238243989513025,-0.10051398927396027,0.2092916510610492,0.1344516252420531,0.2648503056044753,0.27513965367482407,-0.029275872785662488,-0.10300185673644702,-0.22304743842089744,-0.14457522173258214,-0.09058164460630015,-0.3090215078612468,-0.16039971630979608,-0.4073679764760258,-0.3247599391181697,-0.44507486711982724,-0.010737196088900223,-0.07642741594880827,-0.27123971025348836,-0.0635386368526325,-0.3365633641195643,-0.29130521400282094,-0.45779789463618326,-0.38574855166588307,0.3212424993425719,0.292900572958586,-0.548467196327965,-0.3585557299843014,0.328403286343823,0.34558407509821576,0.31941285690379234,0.12363474089362414,-0.21190064467801958,-0.27883081385619457,0.12897863557762035,-0.009390464502864793,0.04968084852058746,-0.2997633258691997,-0.27454199172835864,-0.35949764521193095,0.33948473571388726,0.042690594394727825,0.3490473268573341,0.3558272039780379,0.2334324124026807,-0.09935532198041262,0.1795711177872164,-0.4039891942720079,-0.3302998669206066,0.17663221477579708,0.3468272119468639,0.2195985305484943,0.0027269322410729225,-0.14475691096430762,-0.3429017682824789,-0.3068284869590163,-0.30293810612882405,-0.3404824327231869,-0.29135462072372875,-0.270375889520197,-0.36519854329861584,-0.19113866554040593,-0.3929077449019436,-0.009014335917889218,0.2468120711775534,-0.09265353935404697,-0.3724517686809202,-0.14977089625385492,-0.195366924591,-0.3658280805488927,-0.09378670640454542,-0.3626517065240778,-0.19643315350349433
#102,-0.19116257201826456,0.13984652041214768,-0.21267362079544821,-0.1144036529098168,-0.06513240204320697,0.09498362406266685,0.017861326490768114,-0.27804030632166965,-0.09204153352086637,-0.049601160261058735,-0.10887010016814223,-0.11990054905210815,-0.10232928782602459,-0.06684091832750282,0.3513566926184765,1.0,-0.26561531289595103,-0.26305253846950727,0.06397373474965934,0.28201356294177177,0.18005084110957933,0.3715927292432006,0.024285793973973815,0.12449856162691551,-0.00980962474798588,-0.057150825968810014,-0.2727155368199603,-0.23786307963247774,-0.06746408051701742,-0.16633330411430483,0.039493501422435434,-0.19668178087322394,-0.20861111332467389,-0.18650559013140594,-0.12812597120066302,-0.0909402417741794,-0.0915586226681223,0.03614021946146674,0.006959972587238722,0.08936241423551068,-0.07261831714333528,-0.050882547474280615,0.02405151049095937,0.20595271298679566,-0.1756201738797823,0.10220975543673151,-0.45541043438070267,-0.2696188510546741,-0.23281084397835666,-0.027258166054395207,-0.20538533257895114,-0.030072755380949726,-0.18239845723529552,-0.1352867582019141,0.08006279434850863,0.09997210910916494,-0.06939891145837483,0.2458956561929731,-0.18692475037652703,0.015405334332092853,-0.1143287459458598,-0.18368940703966086,0.0394393134059559,0.09632398058793998,-0.29477005952712987,-0.16457697487429176,0.031475268748655263,0.1840798795113516,0.010270222888061903,0.1803456876698356,-0.2607973607248444,-0.16751906541609224,0.08316266764417599,-0.06328522818733116,0.03738973137087713,-0.10898803879224474,0.001952362358453729,-0.025860433982261392,0.21054913179641244,0.1975025699463698,-0.0004733482616006184,0.06474033580632566,0.15106822111898255,-0.02224896206041964,0.04570440437010415,-0.2713417112256851,-0.16074237582576958,0.08365035979249177,0.09866522165289388,-0.10154993664783367,-0.03332403636972165,-0.1569157456032003,-0.281986468933532,-0.13850457012168396,-0.29785558893608205,-0.12486353385555705,0.17795025858840216,-0.3089115380630972,-0.305998135294727,-0.36054474894213834,-0.365845611965989,-0.11102487070579892,0.07903003450501637,-0.14483500545864578,-0.4316983958753357,-0.26716285889599883,-0.3022336619145901,-0.08793599438994652,-0.010880634956051925,-0.09133549554144188,0.017832638717337774
#201,0.3460574233598164,0.08860696953517838,0.6608403923849899,0.5326156077425113,0.08780371187912885,0.14911426499533822,0.13391771390321064,0.2810206472280439,-0.05236634286670545,0.6585103076763701,0.25831108702754824,0.12340842623656256,0.1686570137621624,-0.19919036728318817,-0.14945692451131176,-0.26561531289595103,1.0,0.607970419718063,-0.2911283060666672,-0.20504904812373992,-0.1897855588936082,-0.31774577851445146,0.13880579174270255,-0.23888468311963598,0.25272334626939413,0.1646614444293922,0.27718923570990284,0.31674330020958014,0.27627282072532255,0.18102303787582977,0.38529273482137877,0.033888229247185014,0.6215461116113763,0.23573540310306082,-0.004280853301883034,-0.007901887814868235,0.004964578568639483,-0.1562957709440668,-0.18457394672042968,-0.21667237765859956,0.3082421566830559,-0.0022201149104702405,-0.02156842432404434,-0.2353497119269418,-0.19709934735315446,-0.3164054219891783,0.12330323773398465,0.23426595159735117,0.12854035015021237,0.2000557817816701,0.2944305875415375,0.32846384942106477,0.5202862402282272,0.3488481062085123,0.21344022185211453,0.13587007626166436,-0.16815497772713145,-0.5155655077337455,-0.05444939397078628,-0.38312521416219747,-0.10334132872203938,-0.07493565173043056,-0.08226059654631084,0.009285276000286878,0.33834200607224535,0.364549880866052,0.01733219644749739,-0.20356684649650567,0.06842671469212441,0.01890364892540382,0.4397532851484991,0.32746774617695573,-0.15891751468256182,0.08416355218385675,-0.2573962658081585,0.023085688785471237,-0.2586664966650463,-0.015131206719314044,-0.04187299285196312,-0.13273832766218552,0.07469818071703496,0.13574416881160897,0.12744065216871597,-0.1923451457896708,-0.17718843882730756,0.0196415622086398,-0.06089298663627888,0.225948091067743,0.21896261823745508,0.16378487357457625,-0.07142139948521384,0.05228984213755787,0.005009203993975568,-0.22988947238403365,-0.16035509088445998,0.5414865047932488,0.19136976149303922,0.6947668719967487,0.5712022567715098,0.5122711950848281,0.5539369984620166,0.46411079855604875,0.34928161034034855,0.48142227605606863,0.45222927906031607,0.5055088493812206,0.5126664488520907,-0.147182621584362,-0.1948792324426842,-0.23574496569420428,-0.21315812541338286
